time,time,flux,flux_err
1354.1123294250413,1354.1123294250413,1.0001265192966118,0.00046305180394659335
1354.1198294572534,1354.1198294572534,0.9998517720769466,0.000463053169377012
1354.1267739317414,1354.1267739317414,0.9994810434395642,0.000463113838396112
1354.133718406462,1354.133718406462,1.0000348919930633,0.0004631151412348698
1354.1406628813693,1354.1406628813693,1.0009790358870725,0.00046329896312483624
1354.147607356474,1354.147607356474,0.9999837683108584,0.00046304365529979067
1354.154551831777,1354.154551831777,1.000284017454778,0.00046317565549354185
1354.161496307278,1354.161496307278,0.9998933063981298,0.0004631259507493709
1354.1684407829882,1354.1684407829882,1.0007086088477546,0.00046324061109471223
1354.1753852588968,1354.1753852588968,0.9989445792168373,0.0004629841987770403
1354.1823297349797,1354.1823297349797,1.0006728267571021,0.00046322829288133186
1354.1892742112489,1354.1892742112489,1.000040046014945,0.00046307344275605116
1354.1962186877158,1354.1962186877158,0.9997464426115205,0.00046306151944259236
1354.2031631643808,1354.2031631643808,0.9998834631272624,0.0004630236004713707
1354.2101076412087,1354.2101076412087,1.0000922634595892,0.00046299380501795353
1354.217052118246,1354.217052118246,0.9995874791668035,0.0004630017991490494
1354.2239965954582,1354.2239965954582,0.999541344592153,0.0004630145649091328
1354.2309410728335,1354.2309410728335,1.0009110845382643,0.00046331114516466875
1354.237885550383,1354.237885550383,1.0003664754821802,0.0004631607960726234
1354.2448300281426,1354.2448300281426,1.0005166125676197,0.00046315111825867545
1354.251774506053,1354.251774506053,0.9995781243918108,0.0004630347407519257
1354.258718984138,1354.258718984138,0.9997688099363667,0.0004630248514654207
1354.2656634623982,1354.2656634623982,0.9998142047147971,0.0004629201787351835
1354.272607940809,1354.272607940809,0.99996838054749,0.00046303636205803373
1354.2795524194066,1354.2795524194066,0.999741001749058,0.0004630022208717315
1354.2864968981671,1354.2864968981671,1.0001041155878596,0.0004630276876459432
1354.293441377102,1354.293441377102,0.9990920181130697,0.0004629451270462503
1354.300385856177,1354.300385856177,1.001228664843731,0.00046338447253367956
1354.3073303354263,1354.3073303354263,1.0003025589223795,0.00046303425100111694
1354.3142748148384,1354.3142748148384,1.0001314439879443,0.00046307873666676336
1354.3212192943793,1354.3212192943793,0.9999460104732197,0.00046296527277766
1354.3281637741059,1354.3281637741059,0.9990414839600646,0.00046276538275248494
1354.335108253972,1354.335108253972,0.9998825396408482,0.0004628827625898075
1354.3420527340015,1354.3420527340015,1.0003032386812958,0.0004629098906069618
1354.3489972141706,1354.3489972141706,1.000026919342881,0.00046283509140151655
1354.3559416944913,1354.3559416944913,1.0000899313176137,0.0004628286461317704
1354.3628861749628,1354.3628861749628,0.9997662871142957,0.000462697726451068
1354.3698306555857,1354.3698306555857,1.000056774545808,0.0004628244745790578
1354.3767751363491,1354.3767751363491,1.0003759546924735,0.00046292979936272597
1354.383719617251,1354.383719617251,0.9999958482488498,0.00046284863358862815
1354.3906640983166,1354.3906640983166,0.9998897208158329,0.000462845653412834
1354.3976085794868,1354.3976085794868,1.0007268588484979,0.00046296228523357637
1354.4045530608203,1354.4045530608203,1.0003665840885632,0.00046291615532406135
1354.4114975422701,1354.4114975422701,0.9993389518058746,0.0004627994216427723
1354.4184420238591,1354.4184420238591,1.000241970594103,0.0004629871960397245
1354.4253865055994,1354.4253865055994,0.9989107890781206,0.0004628426939922409
1354.4323309874685,1354.4323309874685,1.0002680551000975,0.00046299263421643633
1354.4392754694534,1354.4392754694534,0.9996002614498956,0.00046290907873111924
1354.44621995159,1354.44621995159,1.0006020060800531,0.0004630490398667087
1354.4531644338317,1354.4531644338317,1.0003412802870613,0.0004630113667947281
1354.4601089162122,1354.4601089162122,0.9994090252135084,0.0004628715109134682
1354.4670533987216,1354.4670533987216,1.0000931631589445,0.00046296380321282274
1354.4739978813584,1354.4739978813584,1.0001281918487002,0.00046292802723124475
1354.480942364112,1354.480942364112,1.0001584775858787,0.00046296999811715087
1354.4878868469937,1354.4878868469937,0.9997192499057814,0.0004628562609824341
1354.4948313299683,1354.4948313299683,0.9999512882489394,0.0004628618381107559
1354.501775813094,1354.501775813094,1.0003275203437378,0.0004628126090243011
1354.5087202963134,1354.5087202963134,0.9994723672967041,0.0004627154003566259
1354.515664779672,1354.515664779672,1.0002054702677208,0.00046287909216370676
1354.5226092631478,1354.5226092631478,0.9998691927774658,0.00046278001416759395
1354.529553746704,1354.529553746704,1.0001298803000878,0.0004628982616019131
1354.5364982304122,1354.5364982304122,0.999841121165703,0.0004628985108423332
1354.5434427142022,1354.5434427142022,1.0006426554100099,0.0004629945752539767
1354.550387198108,1354.550387198108,1.0005328825666804,0.00046295981265816015
1354.5573316821537,1354.5573316821537,0.9997309686547803,0.0004627255181686835
1354.5642761662693,1354.5642761662693,0.9992310145600658,0.00046268800906008775
1354.571220650501,1354.571220650501,0.9999278037824787,0.00046285493568172054
1354.578165134838,1354.578165134838,0.9997771223046931,0.0004627764010055195
1354.5851096192914,1354.5851096192914,1.0003152188588722,0.0004627966588842212
1354.5920541038372,1354.5920541038372,0.9996609015822887,0.00046268649646194525
1354.5989985884887,1354.5989985884887,1.0004687839817066,0.0004628797864222723
1354.605943073244,1354.605943073244,1.0002706845740323,0.00046279596480843443
1354.6128875580932,1354.6128875580932,1.0000433460259455,0.0004627234755365182
1354.619832043047,1354.619832043047,1.0000656781975472,0.0004627511087731211
1354.6267765280938,1354.6267765280938,0.9993309966978409,0.0004626165422209367
1354.6337210132574,1354.6337210132574,1.0004361859773596,0.0004628162702586789
1354.64066549849,1354.64066549849,1.0000486803242346,0.0004628338234343079
1354.6476099838278,1354.6476099838278,1.0000941246859418,0.00046280482228400617
1354.6545544692476,1354.6545544692476,1.0001133097644703,0.0004627315166925724
1354.6614989547718,1354.6614989547718,0.9997758193561269,0.0004628215432861065
1354.6684434403892,1354.6684434403892,0.9998573634088178,0.0004628241197815818
1354.675387926088,1354.675387926088,0.9998921319972343,0.00046281035996275114
1354.6823324118798,1354.6823324118798,1.000193747812538,0.00046273546205201105
1354.6892768977652,1354.6892768977652,0.9992192905673967,0.00046269559472066665
1354.696221383743,1354.696221383743,1.0000354181512259,0.0004627674776434544
1354.7031658697797,1354.7031658697797,1.0008187045053254,0.00046301500973452015
1354.7101103559442,1354.7101103559442,1.0002100016230344,0.0004628186997792789
1354.7170548421668,1354.7170548421668,0.9997771271576156,0.0004627537896201064
1354.7239993284825,1354.7239993284825,1.0001118703410672,0.00046286111632257615
1354.73094381488,1354.73094381488,1.000279981063028,0.00046279592249747587
1354.7378883013585,1354.7378883013585,0.9998250604004039,0.0004628343951822095
1354.7448327879072,1354.7448327879072,0.9998660056636727,0.00046281475597531477
1354.7517772745607,1354.7517772745607,0.9995098365519258,0.0004627934206564383
1354.7587217612722,1354.7587217612722,1.000175622098351,0.0004628409879104285
1354.7656662480654,1354.7656662480654,1.0001860589066793,0.00046289646315456924
1354.7726107349515,1354.7726107349515,1.0000182152436683,0.00046287894593009555
1354.7795552218963,1354.7795552218963,0.9997228405583259,0.0004627786042510373
1354.7864997089337,1354.7864997089337,1.0000222825794858,0.0004628554731707542
1354.793444196041,1354.793444196041,1.000400394249803,0.0004629117150126962
1354.8003886832184,1354.8003886832184,0.9994936915260105,0.00046277573149881835
1354.8073331704654,1354.8073331704654,1.000406885528286,0.0004628734799464255
1354.8142776578056,1354.8142776578056,0.9996345744664528,0.00046277591459041703
1354.8212221451927,1354.8212221451927,1.0002510431041556,0.00046280855610106124
1354.8281666326725,1354.8281666326725,0.9999738097325279,0.00046281451862925475
1354.8351111202226,1354.8351111202226,0.9996568787542826,0.0004627279869944919
1354.8420556078188,1354.8420556078188,0.9999517532972305,0.00046277243904624757
1354.8490000954966,1354.8490000954966,0.9999935046675141,0.00046281748944713476
1354.8559445832445,1354.8559445832445,1.0008390056145662,0.0004628439931469285
1354.862889071062,1354.862889071062,1.0000464852546243,0.00046268642653836514
1354.8698335589493,1354.8698335589493,1.0000735358745205,0.00046279246533393204
1354.8767780468952,1354.8767780468952,0.9999238459538351,0.00046279921020647854
1354.8837225349102,1354.8837225349102,0.9994419868341055,0.0004625958817545714
1354.8906670229958,1354.8906670229958,0.9993988611259617,0.00046258321509325503
1354.8976115111395,1354.8976115111395,1.0002729208891683,0.00046271639631134876
1354.9045559993524,1354.9045559993524,0.9998029906264072,0.00046272506818876923
1354.9115004876126,1354.9115004876126,1.0006699617142725,0.00046279245556461534
1354.918444975954,1354.918444975954,0.9998001956295237,0.0004627090991554058
1354.9253894643539,1354.9253894643539,1.0004351983427278,0.0004627424284779679
1354.933167291424,1354.933167291424,0.9995605235160904,0.00046255649420805727
1354.9406673390263,1354.9406673390263,0.9999315962279521,0.0004626341098457866
1354.947611827612,1354.947611827612,1.00007941906777,0.00046264279049136804
1354.9545563162678,1354.9545563162678,0.9999645636050186,0.0004626411100539073
1354.9615008049702,1354.9615008049702,1.0003217972362004,0.0004626152598295096
1354.9684452937306,1354.9684452937306,0.99995931690694,0.00046263136140735264
1354.9753897825494,1354.9753897825494,1.0005167772575971,0.0004627643565029668
1354.9823342714267,1354.9823342714267,0.999283445977157,0.00046254895238713906
1354.9892787603617,1354.9892787603617,1.0000189931315888,0.0004626388907375895
1354.9962232493551,1354.9962232493551,1.0001082006344932,0.00046266700498845306
1355.0031677383947,1355.0031677383947,0.9995081125608142,0.0004625672801041713
1355.0101122274816,1355.0101122274816,0.9998419122897435,0.00046262754586016703
1355.0170567166376,1355.0170567166376,1.0001603869859994,0.00046269389490213387
1355.0240012058407,1355.0240012058407,1.0009354521286045,0.00046271599792740113
1355.0309456950904,1355.0309456950904,1.0001244092061965,0.0004626112144679471
1355.0378901843978,1355.0378901843978,0.9994504831572864,0.00046256570991107
1355.044834673764,1355.044834673764,0.9996145724057497,0.0004625869468981417
1355.0517791631646,1355.0517791631646,0.999685924921678,0.00046254182686708496
1355.0587236526353,1355.0587236526353,1.000995112568991,0.00046281877397514335
1355.0656681421528,1355.0656681421528,0.9994341843613151,0.00046254573521572134
1355.0726126316927,1355.0726126316927,1.0000938987602583,0.0004626830291420326
1355.0795571213034,1355.0795571213034,1.0003269023500752,0.00046270988346721844
1355.08650161096,1355.08650161096,0.9999378129918691,0.00046269221753667493
1355.0934461006639,1355.0934461006639,0.9996285375125227,0.0004627025132590848
1355.1003905904258,1355.1003905904258,1.0003190264277735,0.00046273288145076827
1355.1073350802221,1355.1073350802221,1.00009559151427,0.00046271016384788537
1355.114279570077,1355.114279570077,1.0001701693653602,0.00046280123583467296
1355.1212240599784,1355.1212240599784,1.0000461625295614,0.000462697689495999
1355.1281685498914,1355.1281685498914,0.9993911739643829,0.00046264422045324465
1355.1351130398743,1355.1351130398743,1.0000854390531226,0.0004627069389404294
1355.142057529892,1355.142057529892,0.999536890461408,0.0004627333696493079
1355.1490020199685,1355.1490020199685,1.0003522327175258,0.00046278317670280156
1355.1559465100793,1355.1559465100793,1.0000526617263759,0.00046267699058328865
1355.1628910002485,1355.1628910002485,0.9992408042926971,0.0004624986522285465
1355.1698354904293,1355.1698354904293,1.0007740152356095,0.00046278574147932597
1355.1767799806798,1355.1767799806798,1.0001283310826927,0.00046266503222109495
1355.1837244709654,1355.1837244709654,1.0001456775666526,0.0004626786756031967
1355.190668961286,1355.190668961286,1.0002837790101324,0.0004627134230572918
1355.197613451653,1355.197613451653,0.9994353401174217,0.0004625421624723434
1355.2045579420549,1355.2045579420549,1.000400435358032,0.000462625031592184
1355.2115024325037,1355.2115024325037,1.000002115192446,0.00046258822611443593
1355.2184469229874,1355.2184469229874,1.000081904179701,0.0004626218423634
1355.2253914135172,1355.2253914135172,0.9995894800567052,0.0004625647360668144
1355.2323359040824,1355.2323359040824,0.9993960506221686,0.00046253262018657585
1355.2392803946705,1355.2392803946705,1.0000442059574455,0.00046252725505122847
1355.2462248853285,1355.2462248853285,1.0005952778493032,0.00046266216095682336
1355.2531693759981,1355.2531693759981,0.999689548680444,0.00046244717357445006
1355.2601138667264,1355.2601138667264,1.000537360010997,0.0004626804438456919
1355.267058357454,1355.267058357454,0.9998456314010316,0.00046248656332500347
1355.2740028482635,1355.2740028482635,1.0003688840884455,0.0004625576353570102
1355.2809473390848,1355.2809473390848,1.000188002381121,0.0004625026342659532
1355.2878918299525,1355.2878918299525,0.9996710460298217,0.00046245042363937184
1355.2948363208548,1355.2948363208548,0.9996037306299641,0.00046250263166661766
1355.3017808117806,1355.3017808117806,0.9998952355270679,0.0004625119917219333
1355.3087253027418,1355.3087253027418,0.9994940041645736,0.00046235530035034845
1355.3156697937488,1355.3156697937488,1.0002268923460673,0.00046260836226508445
1355.3226142847682,1355.3226142847682,1.0002857753046992,0.0004626109026869323
1355.329836555499,1355.329836555499,1.0004817810620703,0.0004626938266714375
1355.3378921651797,1355.3378921651797,1.0002310833044334,0.0004626348267997773
1355.344836656327,1355.344836656327,0.9999357894168289,0.0004625945729269429
1355.3517811474971,1355.3517811474971,0.9998300795604109,0.0004625664618672398
1355.358725638714,1355.358725638714,0.9996492777722095,0.00046250971870732494
1355.3656701299542,1355.3656701299542,0.9997844939633094,0.0004625270906817822
1355.3726146212296,1355.3726146212296,1.0005267327206835,0.0004626898483938409
1355.3795591125163,1355.3795591125163,0.9993835540513345,0.0004625241631111126
1355.3865036038612,1355.3865036038612,1.0001571399415357,0.00046258467419854735
1355.3940036545373,1355.3940036545373,1.0001324248035992,0.00046264015846241187
1355.4017814849017,1355.4017814849017,1.0002962592349713,0.0004626016901492784
1355.4087259763396,1355.4087259763396,0.9999774138078525,0.0004625439473703908
1355.4156704678012,1355.4156704678012,1.0000472092178685,0.0004626632539114603
1355.4226149592973,1355.4226149592973,0.999440953778852,0.00046253574911917585
1355.4295594508171,1355.4295594508171,1.0004203139758625,0.00046267770425792085
1355.4365039423715,1355.4365039423715,1.000286264968546,0.0004627475206691794
1355.4434484339376,1355.4434484339376,1.0000518497176225,0.00046262100714155994
1355.4503929255736,1355.4503929255736,0.9992532283062483,0.0004625724502363814
1355.4573374172098,1355.4573374172098,0.9998229340637067,0.0004626528172480807
1355.4642819088454,1355.4642819088454,1.0004721524041897,0.0004626623610665104
1355.4712264005516,1355.4712264005516,0.999560179276726,0.00046260000226721704
1355.4781708922578,1355.4781708922578,0.999542700535161,0.0004625289464277255
1355.4851153839982,1355.4851153839982,0.9997609105067976,0.0004625020692592072
1355.4920598757856,1355.4920598757856,1.0009102112676493,0.00046274226368270033
1355.499004367573,1355.499004367573,0.9995120590236029,0.00046246355075895773
1355.505948859395,1355.505948859395,0.9998309217753072,0.00046262227138731577
1355.5128933512524,1355.5128933512524,1.0004135875386173,0.0004627065362357483
1355.519837843121,1355.519837843121,1.0007143221092047,0.00046264386263317745
1355.526782335025,1355.526782335025,0.9999551004057334,0.00046272378325609476
1355.5337268269518,1355.5337268269518,0.9995857711990132,0.00046261903367827187
1355.5406713189136,1355.5406713189136,0.9999064435593565,0.000462546132448527
1355.5476158108875,1355.5476158108875,0.9991793078855384,0.00046251470339711656
1355.5545603028845,1355.5545603028845,1.0004204097692928,0.0004627394546356231
1355.5615047949163,1355.5615047949163,0.9998169949440261,0.0004626677605268699
1355.5684492869598,1355.5684492869598,0.9997390315756591,0.0004626465917551235
1355.5753937790382,1355.5753937790382,0.9992697160547603,0.00046256802685502613
1355.5823382711399,1355.5823382711399,0.9999178204675342,0.0004626187544385195
1355.5892827632647,1355.5892827632647,1.0012019532266427,0.00046283762377696374
1355.5962272554013,1355.5962272554013,0.9999817905285774,0.0004626233601561148
1355.6031717475612,1355.6031717475612,1.000396243136447,0.00046263253214536064
1355.6101162397676,1355.6101162397676,0.9991889557712357,0.00046238011429325073
1355.617060731951,1355.617060731951,0.9996584222837764,0.0004624942303540178
1355.6240052242154,1355.6240052242154,1.0002440045844936,0.0004625849517953073
1355.6309497164568,1355.6309497164568,1.0004396721901891,0.0004625774073266905
1355.6378942087333,1355.6378942087333,0.9997949297361807,0.0004624660187767022
1355.6448387010212,1355.6448387010212,0.9992099357394183,0.0004624288729997355
1355.6517831933556,1355.6517831933556,0.9998862215593199,0.0004625564913137531
1355.6587276857017,1355.6587276857017,1.00036119938721,0.000462600966193202
1355.6656721780596,1355.6656721780596,1.0005032660515376,0.00046267617183639735
1355.6726166704407,1355.6726166704407,0.9997405730671263,0.00046244066990026834
1355.6795611628565,1355.6795611628565,1.000452986918591,0.00046264663816364675
1355.6865056552608,1355.6865056552608,1.000017241152149,0.00046255976245414244
1355.6934501477122,1355.6934501477122,0.9992349848384994,0.0004624411745402502
1355.700394640186,1355.700394640186,0.9999040951180737,0.0004625348892049576
1355.7073391326487,1355.7073391326487,1.0003096533789506,0.0004626735722465509
1355.7142836251462,1355.7142836251462,1.0004320297509266,0.00046261605426611727
1355.72122811769,1355.72122811769,0.9991239476050404,0.0004624677151111381
1355.7281726102224,1355.7281726102224,1.0003369413707084,0.00046261240531401124
1355.73511710279,1355.73511710279,1.0002749803973734,0.000462620733892039
1355.7428949344815,1355.7428949344815,1.000207673874316,0.0004626408604245716
1355.7503949864847,1355.7503949864847,1.0005586054198314,0.0004627600650526136
1355.75733947911,1355.75733947911,0.9994608475562604,0.0004624956261195472
1355.7642839717475,1355.7642839717475,0.9994983543695225,0.00046257055396519586
1355.771228464408,1355.771228464408,0.9992994358414524,0.00046251207572960563
1355.7781729570797,1355.7781729570797,1.000676992062607,0.0004627333260157243
1355.7851174497634,1355.7851174497634,0.9999424226208324,0.00046259086173865464
1355.7920619424826,1355.7920619424826,1.0004314013889666,0.0004627805508123006
1355.799006435213,1355.799006435213,1.0000189408021405,0.0004626668204168579
1355.8059509279547,1355.8059509279547,1.0000700182967126,0.0004626178424781558
1355.8128954207082,1355.8128954207082,1.000113681636916,0.00046263929872355207
1355.8198399134967,1355.8198399134967,1.0002948189642056,0.0004628041962878962
1355.826784406297,1355.826784406297,0.9998633184686488,0.00046266002144446626
1355.8337288990974,1355.8337288990974,0.9998669255643724,0.0004626372789852509
1355.8406733919321,1355.8406733919321,0.9995137256860376,0.0004625055541392324
1355.8476178847675,1355.8476178847675,0.9988418939390453,0.00046255109111001445
1355.8545623776376,1355.8545623776376,1.0004196348001386,0.00046268260377692273
1355.8615068705071,1355.8615068705071,1.0004478276526818,0.0004627477402949283
1355.868451363401,1355.868451363401,1.0003052679231792,0.00046277732894956056
1355.8753958563059,1355.8753958563059,1.0009171060597084,0.00046287883685210704
1355.8823403492345,1355.8823403492345,0.9997306305655739,0.0004626030493608874
1355.8892848421503,1355.8892848421503,0.9998689645867216,0.0004626090479582008
1355.8962293351253,1355.8962293351253,0.999857315392107,0.0004626061999070748
1355.9031738280885,1355.9031738280885,0.9996703080842766,0.0004625745602705484
1355.910118321063,1355.910118321063,0.9997501875164211,0.0004625515191930105
1355.9170628140612,1355.9170628140612,1.000236783809679,0.00046268544047733896
1355.9240073070828,1355.9240073070828,0.9998143462597214,0.0004625661101269081
1355.930951800104,1355.930951800104,1.0002860084818197,0.00046276140974484717
1355.937896293137,1355.937896293137,1.0002031096208182,0.00046271352894792855
1355.944840786205,1355.944840786205,0.9995252843219079,0.000462547839664172
1355.951785279261,1355.951785279261,1.0007275281974197,0.0004627456639788619
1355.9587297723526,1355.9587297723526,1.0000029606859897,0.00046266990377199666
1355.9656742654438,1355.9656742654438,0.9998131791053865,0.00046261550423835017
1355.9726187585466,1355.9726187585466,1.0001054510185567,0.00046265000106404474
1355.9795632516846,1355.9795632516846,0.9994345569912436,0.00046252513891868117
1355.9865077448221,1355.9865077448221,0.9994423161225336,0.00046253442861123734
1355.9934522379601,1355.9934522379601,0.9999222027766287,0.0004625539677882956
1356.000396731121,1356.000396731121,1.0002036462601467,0.00046262341400889125
1356.0073412243055,1356.0073412243055,1.0004906065096701,0.00046257426012355854
1356.0142857174899,1356.0142857174899,0.9999392917277806,0.00046259783984472347
1356.0212302106972,1356.0212302106972,1.0001265200556642,0.00046250817782099196
1356.028174703905,1356.028174703905,1.0003638910945938,0.0004626626530743967
1356.0351191971245,1356.0351191971245,1.0000041938070858,0.000462612552488056
1356.0420636903668,1356.0420636903668,1.0002366487061802,0.0004626078788292961
1356.049008183621,1356.049008183621,1.0004935962094215,0.00046274242205659923
1356.0559526768754,1356.0559526768754,0.9994855139124132,0.00046262957875531526
1356.0628971701528,1356.0628971701528,0.9993161460719453,0.00046258598664948916
1356.0698416634418,1356.0698416634418,0.9997672393850788,0.0004626128970062686
1356.0767861567426,1356.0767861567426,0.9999096462272185,0.0004626292539100851
1356.0837306500432,1356.0837306500432,0.9998275684668387,0.0004627156058663852
1356.0906751433674,1356.0906751433674,0.9998854420501024,0.000462710625812834
1356.0978974164268,1356.0978974164268,1.0002326584033148,0.000462693899331671
1356.1065085881855,1356.1065085881855,1.0008011825161929,0.00046283544171266285
1356.114286420739,1356.114286420739,1.0005337927026487,0.00046275013642109637
1356.1212309141213,1356.1212309141213,0.9995716795028887,0.000462736507417719
1356.1281754075032,1356.1281754075032,0.9999062633945337,0.0004625941105101983
1356.1351199008855,1356.1351199008855,0.9998503583567835,0.00046265292501984157
1356.1420643942681,1356.1420643942681,0.9991971443509653,0.00046259225212765665
1356.1490088877088,1356.1490088877088,1.0005216879670287,0.00046278089580733547
1356.1559533811142,1356.1559533811142,1.0005908857277501,0.0004627587024713463
1356.1628978745543,1356.1628978745543,0.9993275662724914,0.0004626331682583425
1356.169842367995,1356.169842367995,1.0006681071965198,0.0004628546472022449
1356.1778979804,1356.1778979804,0.9999153081685247,0.0004626998250457363
1356.1851202536104,1356.1851202536104,1.0001932719737303,0.0004628088526495939
1356.1920647470747,1356.1920647470747,0.999593160817556,0.00046267903666085737
1356.1992870203085,1356.1992870203085,0.9994288958929616,0.00046257279272108345
1356.207898192242,1356.207898192242,1.0003557878549416,0.0004626600011178557
1356.2173427033933,1356.2173427033933,0.9992842315309481,0.0004625701987815898
1356.2253983158912,1356.2253983158912,1.0005552607010482,0.00046275975592475376
1356.2323428094132,1356.2323428094132,1.0004524812735134,0.0004627490414061719
1356.24067620167,1356.24067620167,0.9994532912175998,0.00046258581248333956
1356.2481762546972,1356.2481762546972,1.0004285823091377,0.00046270911921090526
1356.2573429861945,1356.2573429861945,0.9999902283899005,0.00046260399660674604
1356.2642874797748,1356.2642874797748,1.0000847132886181,0.00046267339955444577
1356.2712319733553,1356.2712319733553,1.0000199818726228,0.00046278189985620886
1356.2781764669353,1356.2781764669353,1.0004971941983407,0.0004627736423167423
1356.2851209605385,1356.2851209605385,0.9997261379311257,0.00046270273978241865
1356.2920654541424,1356.2920654541424,1.000015255425406,0.0004626639004449952
1356.299009947757,1356.299009947757,0.9996905266702407,0.0004626580050246756
1356.305954441384,1356.305954441384,0.999800663426376,0.00046279318961377723
1356.3128989350228,1356.3128989350228,0.9997571624390895,0.000462775382830475
1356.3212323273724,1356.3212323273724,0.9999272420176821,0.00046284489006575126
1356.3287323805275,1356.3287323805275,1.000028515317129,0.0004627458990228002
1356.3365102133953,1356.3365102133953,1.0003001863640102,0.0004628658751172259
1356.3434547070683,1356.3434547070683,0.9998285586944251,0.00046276610183134087
1356.3503992007418,1356.3503992007418,1.0004654972378968,0.0004628628540928522
1356.3573436944152,1356.3573436944152,1.000074698766087,0.0004626855869321434
1356.3642881881467,1356.3642881881467,0.9996771362137288,0.0004625952750931895
1356.3712326818197,1356.3712326818197,0.9996889344139743,0.00046263736470321376
1356.3781771755282,1356.3781771755282,1.0004563641658222,0.0004627922172193219
1356.3851216692249,1356.3851216692249,0.99986697812918,0.000462761424545589
1356.3920661629566,1356.3920661629566,0.9999995272723607,0.0004626615337160473
1356.3990106566757,1356.3990106566757,0.9992885223975561,0.00046260587243248974
1356.4059551504076,1356.4059551504076,1.0004500484719547,0.0004628491486507248
1356.412899644151,1356.412899644151,0.9993838416376886,0.00046260635728477995
1356.4198441379056,1356.4198441379056,1.0002333349736938,0.0004627758785617264
1356.4267886316488,1356.4267886316488,0.9998803004429011,0.00046270469839915966
1356.433733125415,1356.433733125415,0.9996823118795941,0.0004627053828702104
1356.44067761917,1356.44067761917,1.000089659488268,0.00046269522976691735
1356.447622112948,1356.447622112948,1.0006550420048672,0.0004628627259048174
1356.4545666067377,1356.4545666067377,1.000110537149512,0.0004627939479565801
1356.461511100516,1356.461511100516,0.9998742961718324,0.00046263403613916253
1356.4684555943056,1356.4684555943056,0.9997266002115428,0.0004626932946833675
1356.4754000881069,1356.4754000881069,1.0001796407167407,0.0004628699363992552
1356.4823445819202,1356.4823445819202,1.0001846374902297,0.00046277037285721195
1356.4892890757328,1356.4892890757328,0.9992097352833091,0.0004627249728772105
1356.4962335695577,1356.4962335695577,1.0001058528338935,0.00046280890452923726
1356.5031780633706,1356.5031780633706,1.0000590102694518,0.0004628275598477073
1356.5101225571952,1356.5101225571952,0.9998598135553802,0.0004627620906150206
1356.5170670510433,1356.5170670510433,0.9999873438694304,0.0004627824319299696
1356.5240115448796,1356.5240115448796,1.000571368419124,0.0004627877339692557
1356.5309560387275,1356.5309560387275,0.9999905973030078,0.00046270309770052873
1356.5379005325753,1356.5379005325753,0.9996374805008565,0.000462652630957166
1356.544845026435,1356.544845026435,1.0001953905495367,0.0004628478631943776
1356.5517895202945,1356.5517895202945,1.000369365343074,0.0004627681122669691
1356.5587340141656,1356.5587340141656,0.9994602759368918,0.00046261816831250324
1356.5656785080487,1356.5656785080487,1.0006160691909145,0.0004628148634278315
1356.5726230019197,1356.5726230019197,0.999079823037458,0.0004626659162873633
1356.5795674958142,1356.5795674958142,0.9999506009728929,0.00046272316451508467
1356.586511989697,1356.586511989697,1.0000100568461463,0.0004627461294796131
1356.5934564835918,1356.5934564835918,1.000118474208657,0.00046274995186537996
1356.6004009774977,1356.6004009774977,1.0003163060990992,0.0004628810287038553
1356.6073454714037,1356.6073454714037,0.9992780097138283,0.00046269100474332004
1356.6142899653219,1356.6142899653219,1.0003580408255817,0.0004628602617089778
1356.6212344592393,1356.6212344592393,1.0004631539304492,0.00046294494490788026
1356.6390123636836,1356.6390123636836,0.9998805494111649,0.0004629699807672261
1356.653179131301,1356.653179131301,0.9993891833153299,0.00046293620528125483
1356.6601236252654,1356.6601236252654,1.0002593431878974,0.00046306278537111567
1356.6670681192063,1356.6670681192063,0.999921235637957,0.00046299791709638276
1356.6740126131356,1356.6740126131356,1.0002100612657945,0.00046311074680664796
1356.6809571071,1356.6809571071,1.0010605243441018,0.0004631521725168051
1356.6879016010646,1356.6879016010646,0.9995571184995045,0.0004629090573663136
1356.694846095029,1356.694846095029,1.0001185285494747,0.00046291930464692775
1356.701790588993,1356.701790588993,0.9991795873220222,0.00046279882344380777
1356.7087350829574,1356.7087350829574,0.9997455268593753,0.0004629007715919682
1356.71567957698,1356.71567957698,1.000704522257609,0.0004629766411922799
1356.7226240709447,1356.7226240709447,0.9996310424279417,0.0004628275337931412
1356.7295685649085,1356.7295685649085,1.0007285952422456,0.00046302423151770727
1356.7365130589312,1356.7365130589312,1.000115957672891,0.00046297146072000117
1356.7434575528955,1356.7434575528955,0.9995502806289254,0.00046290592694492473
1356.7504020469182,1356.7504020469182,0.999985090051035,0.00046296314854353364
1356.7573465409064,1356.7573465409064,0.9992553472662458,0.00046276221038380854
1356.764291034905,1356.764291034905,1.0004031962856719,0.000462950370107261
1356.771235528928,1356.771235528928,1.0002616690374926,0.0004629289667172537
1356.7781800229388,1356.7781800229388,1.000182475808656,0.00046289790016398343
1356.7851245169495,1356.7851245169495,0.9994944201888076,0.00046284169318974174
1356.792069010972,1356.792069010972,1.0001557264331038,0.00046302594308337614
1356.7990135049945,1356.7990135049945,1.0006268967390786,0.0004629674061439182
1356.8059579990172,1356.8059579990172,1.0001319671810638,0.0004629031008507086
1356.8129024930518,1356.8129024930518,0.999238590909137,0.00046273356986103526
1356.8198469870854,1356.8198469870854,0.9995690458130685,0.0004627641919689411
1356.8267914811317,1356.8267914811317,0.9995383411080543,0.00046273860440677075
1356.8337359751658,1356.8337359751658,1.0003670957912314,0.00046285782756245303
1356.8406804692,1356.8406804692,1.0002519705618145,0.00046291571134765086
1356.8476249632574,1356.8476249632574,1.000557015763283,0.0004628829502710455
1356.8545694572915,1356.8545694572915,1.0001834733862123,0.00046284009222188557
1356.8615139513608,1356.8615139513608,1.0003687122547973,0.0004629394692990791
1356.8684584454181,1356.8684584454181,0.9998880156209002,0.00046278458039775134
1356.875402939464,1356.875402939464,0.9993569282433178,0.0004626725559790652
1356.8823474335215,1356.8823474335215,1.0000316006415673,0.0004627777182456056
1356.8892919276022,1356.8892919276022,0.9998985425854308,0.0004627638003004364
1356.8962364216598,1356.8962364216598,0.9999915891697112,0.0004628245600462327
1356.903180915729,1356.903180915729,0.9999758694499672,0.0004629206399599183
1356.9101254098098,1356.9101254098098,0.9998768948242288,0.00046290071250904295
1356.9170699038787,1356.9170699038787,1.0002753185280682,0.00046294445879683404
1356.924847737247,1356.924847737247,0.999885172479867,0.0004628444139489021
1356.9323477908565,1356.9323477908565,1.0001925165165355,0.0004628634198404762
1356.9392922849377,1356.9392922849377,1.0002555981989063,0.00046293909527568073
1356.9462367790297,1356.9462367790297,1.0001054282681896,0.000463044862298491
1356.9531812731107,1356.9531812731107,0.9994211669435483,0.0004628565842359284
1356.9601257672032,1356.9601257672032,0.9994252552902848,0.0004628337150604382
1356.9670702612952,1356.9670702612952,1.0007826347148627,0.00046304755715244626
1356.9740147553996,1356.9740147553996,1.0001626214873425,0.00046300546041349596
1356.980959249492,1356.980959249492,0.9999324799543186,0.0004629717322043777
1356.987903743596,1356.987903743596,0.999651730067505,0.0004629504523659827
1356.9948482377,1356.9948482377,0.9998700991997825,0.0004629213606789838
1357.0017927317926,1357.0017927317926,0.9996877830548285,0.0004628975343954382
1357.0087372258963,1357.0087372258963,1.000395565796269,0.0004630039345854215
1357.0156817200123,1357.0156817200123,1.0002754358694026,0.0004629484283473665
1357.0226262141161,1357.0226262141161,0.9992627623561704,0.0004627950775081708
1357.0295707082319,1357.0295707082319,1.000903213156676,0.0004630278217092689
1357.0365152023478,1357.0365152023478,1.0005104104277927,0.00046306018535319975
1357.0434596964747,1357.0434596964747,0.9994583226081138,0.00046287767760493976
1357.0504041905906,1357.0504041905906,0.9998422790515076,0.0004628613349387474
1357.0573486847063,1357.0573486847063,0.999812980383658,0.00046292540539212253
1357.0642931788336,1357.0642931788336,0.9997874659859611,0.0004628101853336378
1357.0712376729493,1357.0712376729493,1.0004124938970382,0.0004630271695652299
1357.0781821670885,1357.0781821670885,1.0000660735316367,0.00046293664209516225
1357.085126661204,1357.085126661204,0.9997083421900641,0.00046284204147115077
1357.0920711553315,1357.0920711553315,1.0007893957931897,0.0004630907157708992
1357.0990156494704,1357.0990156494704,0.9994620271004105,0.0004629269296880235
1357.105960143598,1357.105960143598,0.9999786168830969,0.0004629855256668456
1357.1129046377368,1357.1129046377368,0.9998008446951682,0.00046287176263891107
1357.1198491318642,1357.1198491318642,1.0001962630437133,0.00046297098932345795
1357.1267936260033,1357.1267936260033,0.9989011355606751,0.0004628132933666357
1357.1337381201422,1357.1337381201422,1.0001251382985712,0.0004629505925872664
1357.140682614281,1357.140682614281,1.0000296373683313,0.0004628877266464106
1357.14762710842,1357.14762710842,0.9998008898693126,0.0004628475609792164
1357.1545716025707,1357.1545716025707,1.000208054017636,0.0004628373736500803
1357.1615160967096,1357.1615160967096,1.0002876438196764,0.0004629128457405079
1357.1684605908488,1357.1684605908488,1.0004209499674097,0.0004628979793857119
1357.175405084999,1357.175405084999,0.9997518773951917,0.0004628372248060334
1357.18234957915,1357.18234957915,0.9996895049166195,0.00046282436380621326
1357.1892940733007,1357.1892940733007,0.9997262014983122,0.00046290243387621085
1357.1962385674392,1357.1962385674392,1.0003748149870355,0.00046294735352340343
1357.203183061602,1357.203183061602,0.9995819368672336,0.00046289483942474097
1357.2101275557409,1357.2101275557409,0.999602980710417,0.00046290571650740316
1357.217072049903,1357.217072049903,1.0002572244761911,0.0004629856668368794
1357.224016544054,1357.224016544054,0.9998630961164929,0.0004629892379869947
1357.230961038204,1357.230961038204,0.9994933994270406,0.00046289500754751476
1357.2379055323552,1357.2379055323552,1.0001567745039814,0.00046308522580911567
1357.2448500265175,1357.2448500265175,0.9995274897631357,0.0004629709687906282
1357.2517945206678,1357.2517945206678,0.9998090424205136,0.0004630107076402862
1357.2587390148306,1357.2587390148306,1.001207652341215,0.0004632373490464483
1357.2656835089924,1357.2656835089924,0.9996551603952966,0.0004628868942966177
1357.2726280031432,1357.2726280031432,0.9997872935104187,0.00046298435787134795
1357.2795724973053,1357.2795724973053,1.0001840570766674,0.0004629982526671779
1357.2865169914676,1357.2865169914676,1.0005725557268126,0.0004631181015411415
1357.2934614856185,1357.2934614856185,0.999455723950254,0.0004629276227239264
1357.3004059797925,1357.3004059797925,1.0004435974621124,0.0004630223620501731
1357.3084615930234,1357.3084615930234,0.9997865528566512,0.0004630266693514698
1357.3156838668863,1357.3156838668863,0.9999082120567746,0.00046294779361551706
1357.3226283610136,1357.3226283610136,0.9994352445156618,0.0004629446894990895
1357.3295728551877,1357.3295728551877,0.9998684978821929,0.0004629243109851442
1357.33651734935,1357.33651734935,0.9998752961875056,0.0004629615220612355
1357.3434618435006,1357.3434618435006,1.0000797870541405,0.0004630438741400412
1357.3504063376859,1357.3504063376859,1.0004044193778696,0.00046303074667092194
1357.3573508318368,1357.3573508318368,1.0005078082338887,0.00046305732777357343
1357.3642953260107,1357.3642953260107,1.0005977914987683,0.0004630783823434179
1357.371239820173,1357.371239820173,0.9999646436540903,0.00046303051716598085
1357.3781843143354,1357.3781843143354,0.999624095894465,0.00046294833654929155
1357.385128808509,1357.385128808509,0.999611338844195,0.0004628396770442243
1357.3920733026714,1357.3920733026714,0.9997247132081171,0.00046297956759665303
1357.3990177968335,1357.3990177968335,0.999454981192547,0.0004628701129747644
1357.4059622910074,1357.4059622910074,1.0000858089645792,0.00046294446227825736
1357.41290678517,1357.41290678517,0.9999828470412891,0.0004630069142743566
1357.419851279344,1357.419851279344,1.0004855572505211,0.00046308692551272313
1357.4267957735062,1357.4267957735062,0.9997631936271404,0.0004628568559333911
1357.4337402676683,1357.4337402676683,1.0005476052459752,0.000463049462507019
1357.4406847618422,1357.4406847618422,1.00026955995579,0.00046307229768815736
1357.4476292560048,1357.4476292560048,1.0002674614996612,0.00046296779887460124
1357.4545737501785,1357.4545737501785,1.0000372491039484,0.0004630150950518799
1357.461518244329,1357.461518244329,0.99963468486415,0.00046301337274446287
1357.4684627385147,1357.4684627385147,0.9997106249087244,0.00046301827501484314
1357.4754072326655,1357.4754072326655,0.9992975527662062,0.000462914286256488
1357.4823517268392,1357.4823517268392,1.0001726896847525,0.00046306174063852617
1357.4892962210015,1357.4892962210015,0.9997590321058205,0.0004630156813663201
1357.4962407151636,1357.4962407151636,1.0005354689482853,0.00046324326340721494
1357.5031852093377,1357.5031852093377,1.00093634224898,0.0004632695951519764
1357.5101297035,1357.5101297035,0.9991848036520585,0.0004629852044065152
1357.5170741976624,1357.5170741976624,1.0006545499296513,0.00046326094077897936
1357.5240186918359,1357.5240186918359,1.000346113464065,0.00046312974906437775
1357.5309631859982,1357.5309631859982,1.0004933793166046,0.00046317376567873384
1357.5379076801494,1357.5379076801494,0.9995804831262826,0.0004629396259609039
1357.544852174323,1357.544852174323,0.9995521560660501,0.00046294967462104304
1357.5517966684852,1357.5517966684852,1.0002806800480477,0.00046319484584981835
1357.559296722188,1357.559296722188,0.9990667757039613,0.00046307300003090837
1357.5684634544655,1357.5684634544655,1.0004007681843177,0.0004631033632421736
1357.5754079486276,1357.5754079486276,1.000131014769262,0.00046313749213497965
1357.5823524427901,1357.5823524427901,1.0008042446826202,0.000463269202502942
1357.5892969369522,1357.5892969369522,1.000265237096896,0.00046315230843397626
1357.5962414311264,1357.5962414311264,0.9991465260682775,0.0004630593161970913
1357.6031859252773,1357.6031859252773,1.0003655675907426,0.0004631618725448667
1357.6101304194394,1357.6101304194394,0.9995807132766853,0.0004630955773952669
1357.61707491359,1357.61707491359,0.9996680016084257,0.0004630674000490207
1357.6240194077407,1357.6240194077407,1.0008474029335137,0.00046334236998157456
1357.630963901891,1357.630963901891,0.9995988256614436,0.0004630198745635479
1357.6379083960535,1357.6379083960535,0.9997938494436834,0.0004631426959127041
1357.6448528902158,1357.6448528902158,0.9997574216090426,0.0004631126842948215
1357.651797384366,1357.651797384366,0.9997019416332054,0.000463176074511333
1357.658741878517,1357.658741878517,0.9993464930004144,0.0004630749073905903
1357.6656863726678,1357.6656863726678,1.0000172735646222,0.00046308083578725374
1357.6726308668299,1357.6726308668299,1.0008347212221693,0.00046315742022040975
1357.680408700268,1357.680408700268,1.0001940638711955,0.0004631068045854728
1357.6879087539473,1357.6879087539473,0.9999030493334702,0.00046305262159681106
1357.694853248098,1357.694853248098,1.0003693774962266,0.0004631628825709995
1357.7017977422488,1357.7017977422488,1.0001201731349674,0.0004631346077271531
1357.7087422363877,1357.7087422363877,0.9994236957592652,0.00046292040482384916
1357.7156867305268,1357.7156867305268,1.000074955902584,0.0004631256821548637
1357.7226312246778,1357.7226312246778,0.9997898078136445,0.0004630096376600348
1357.7295757188162,1357.7295757188162,1.0001702834241484,0.0004631437373197176
1357.7365202129672,1357.7365202129672,1.0002311768432104,0.00046319059343214174
1357.7434647071059,1357.7434647071059,0.9994475447035667,0.00046310447420059
1357.750409201245,1357.750409201245,1.0000472937211853,0.0004631219371192804
1357.7573536953842,1357.7573536953842,1.0003739984461304,0.00046316943301075365
1357.764298189523,1357.764298189523,1.000130317139654,0.00046312426285843676
1357.7712426836508,1357.7712426836508,1.000317702982333,0.0004631716194379813
1357.7781871777893,1357.7781871777893,0.99904482524703,0.00046306031056567
1357.7851316719284,1357.7851316719284,1.0005225070815875,0.0004631556090892391
1357.7920761660557,1357.7920761660557,0.999800262277021,0.00046315874803250267
1357.799020660183,1357.799020660183,0.999967508980238,0.00046316221735561504
1357.8059651543103,1357.8059651543103,1.000727514776551,0.00046322248156962874
1357.8129096484495,1357.8129096484495,0.9996060253019771,0.000463128696866997
1357.8198541425652,1357.8198541425652,0.9999506267222488,0.0004631830289133851
1357.826798636704,1357.826798636704,0.9998838973141023,0.0004631321654972583
1357.8337431308082,1357.8337431308082,0.9997504471756317,0.0004631133514980703
1357.8406876249471,1357.8406876249471,0.9999341310043292,0.0004631979591918139
1357.8476321190628,1357.8476321190628,1.0001082047928924,0.0004632386486948312
1357.8545766131786,1357.8545766131786,0.9997918329492463,0.0004631384122243271
1357.861521107306,1357.861521107306,1.0004027104412718,0.0004631675340893594
1357.8684656014216,1357.8684656014216,0.9996200276497131,0.00046310868411109676
1357.8754100955261,1357.8754100955261,1.0002444620949509,0.00046317080992390805
1357.8823545896416,1357.8823545896416,1.000221089759345,0.00046316988550046243
1357.8892990837455,1357.8892990837455,0.9997176818697684,0.0004630272619033575
1357.8962435778617,1357.8962435778617,1.0003651576644568,0.00046320821896664495
1357.9031880719654,1357.9031880719654,0.9996957751412907,0.0004630369772822063
1357.910132566081,1357.910132566081,1.0005420721633764,0.00046318544427293286
1357.9170770601854,1357.9170770601854,0.9997874143632194,0.0004630771719983186
1357.924021554301,1357.924021554301,0.9998172010941009,0.0004631553442584346
1357.9309660483934,1357.9309660483934,1.0002330904826766,0.00046326317855532845
1357.9379105424862,1357.9379105424862,0.9997983260066967,0.000463177560409161
1357.9448550366017,1357.9448550366017,1.000524068137726,0.00046328299358408916
1357.9517995306828,1357.9517995306828,0.9998194728134873,0.00046320528113340747
1357.9587440247865,1357.9587440247865,0.9998397214841868,0.0004631854719669277
1357.9656885188674,1357.9656885188674,0.9988647504499802,0.00046300456987813897
1357.9726330129713,1357.9726330129713,0.9998469523419915,0.000463202388108377
1357.9795775070638,1357.9795775070638,1.0000594951550994,0.00046319984868028747
1357.9865220011447,1357.9865220011447,1.0002668675760866,0.0004631433798314837
1357.9934664952254,1357.9934664952254,1.0009869567522363,0.00046332128912801454
1358.0017998881342,1358.0017998881342,1.0003103361645744,0.00046320561834927826
1358.0115221798471,1358.0115221798471,1.00031267353617,0.00046329289862756556
1358.0184666739283,1358.0184666739283,1.0000304001196654,0.0004631341291326872
1358.0265222870432,1358.0265222870432,0.9991735137429334,0.00046315519452677786
1358.033744560894,1358.033744560894,1.000083178543203,0.0004633471930652141
1358.0406890549634,1358.0406890549634,0.9998857717007459,0.00046321923699892175
1358.0476335490325,1358.0476335490325,0.9997324451185596,0.00046333018959178734
1358.0545780430898,1358.0545780430898,0.9999293198465438,0.0004632492072611607
1358.0615225371707,1358.0615225371707,1.0004009094156836,0.0004634217162648594
1358.0684670312398,1358.0684670312398,0.9993562917375544,0.0004631436718099976
1358.0754115252973,1358.0754115252973,1.0001342225849492,0.00046326580157631994
1358.0823560193553,1358.0823560193553,0.9997666567112706,0.0004632397305099871
1358.0893005134126,1358.0893005134126,1.0003314945730155,0.0004634081543656621
1358.0962450074587,1358.0962450074587,1.000349110492834,0.0004634428332561462
1358.1031895015276,1358.1031895015276,1.0008628142469518,0.00046346713712443557
1358.1101339955617,1358.1101339955617,0.9993591816033419,0.000463177516287255
1358.1170784896196,1358.1170784896196,0.9997142282262343,0.00046327123980722596
1358.124022983665,1358.124022983665,1.0001761592232001,0.00046342450024485784
1358.1309674776996,1358.1309674776996,0.9998616282105495,0.0004632601789438128
1358.1379119717567,1358.1379119717567,0.9996466738568183,0.0004632725348802568
1358.144856465791,1358.144856465791,1.0004960484629986,0.0004634559180723397
1358.1518009598256,1358.1518009598256,0.999906471035559,0.00046325970403732886
1358.1587454538715,1358.1587454538715,0.9996746709785368,0.000463306557506379
1358.1656899478942,1358.1656899478942,1.000392651232712,0.000463459043341564
1358.1726344419283,1358.1726344419283,0.9998641549866703,0.00046334680024028366
1358.1795789359508,1358.1795789359508,0.9997836701637354,0.00046334777917426647
1358.1865234299853,1358.1865234299853,1.0004031295754912,0.0004634749865099025
1358.193467924008,1358.193467924008,0.9998000777493805,0.00046335034189937173
1358.2004124180187,1358.2004124180187,0.9995964077444539,0.00046323829704325527
1358.2073569120414,1358.2073569120414,1.0002962762801075,0.0004633782415059774
1358.2143014060523,1358.2143014060523,0.9998796400010962,0.0004633438361252929
1358.2212459000632,1358.2212459000632,1.000057343217297,0.00046334698490507607
1358.228190394086,1358.228190394086,0.9998042988774765,0.00046333548614047157
1358.2351348880968,1358.2351348880968,1.0006307139690935,0.00046347453453103306
1358.242079382096,1358.242079382096,1.0001027633519683,0.00046337698168006654
1358.2490238760954,1358.2490238760954,0.9996140567131813,0.0004632721443688782
1358.2559683701063,1358.2559683701063,1.000047951648177,0.00046331524468806414
1358.2629128640826,1358.2629128640826,1.0002253830206855,0.00046329195628260443
1358.2698573581051,1358.2698573581051,0.9987458552153082,0.00046315351271507233
1358.2768018520694,1358.2768018520694,0.9996859165236222,0.00046326705904815196
1358.2837463460921,1358.2837463460921,0.9999242346388906,0.0004633778973226816
1358.2906908400564,1358.2906908400564,1.0002014417772036,0.0004634565648656116
1358.2976353340327,1358.2976353340327,1.0003939556930947,0.000463462100390464
1358.3045798280434,1358.3045798280434,1.0008902337139425,0.00046348281214585375
1358.3115243220077,1358.3115243220077,1.0002492503272398,0.0004634378089679908
1358.3184688159722,1358.3184688159722,0.999642561298586,0.00046341229311230034
1358.3254133099365,1358.3254133099365,0.9992235402785443,0.00046333099737609336
1358.3323578039126,1358.3323578039126,1.0001167708578087,0.0004634967449746912
1358.3393022979235,1358.3393022979235,0.9999377489776261,0.00046344176803322923
1358.3462467918882,1358.3462467918882,0.9993459130762734,0.0004632826504353606
1358.3531912858411,1358.3531912858411,1.0004241510886345,0.0004635214312828606
1358.3601357797586,1358.3601357797586,1.0002051356919643,0.0004634709854467533
1358.3670802737229,1358.3670802737229,0.9995889546127638,0.00046346890018346464
1358.3740247676876,1358.3740247676876,1.0003911157482626,0.00046359744204845735
1358.380969261652,1358.380969261652,1.000670473671449,0.00046354684468667505
1358.3879137556048,1358.3879137556048,0.9992554112938672,0.0004633058180638706
1358.3948582495227,1358.3948582495227,1.0003537782552219,0.00046341764550327896
1358.401802743487,1358.401802743487,0.9998310531708914,0.0004634103727630657
1358.4087472374165,1358.4087472374165,1.0000479110492229,0.0004634680857630969
1358.4156917313576,1358.4156917313576,0.999064865614392,0.0004633510774998509
1358.422636225287,1358.422636225287,1.0008079148900695,0.0004635467030165259
1358.429580719228,1358.429580719228,1.00017471704277,0.0004634840139536413
1358.4365252131342,1358.4365252131342,1.0003628399447497,0.0004634847960234196
1358.443469707075,1358.443469707075,1.0000758214947125,0.00046344787316029545
1358.4504142009932,1358.4504142009932,0.9996077972335007,0.00046336604744172594
1358.4573586949107,1358.4573586949107,1.0001589367920787,0.00046344559144231265
1358.4643031888288,1358.4643031888288,0.9994098650810919,0.0004633992931549173
1358.4712476827349,1358.4712476827349,0.9998354810693538,0.00046349055842522977
1358.4781921766528,1358.4781921766528,0.9998673598721372,0.0004633390497504388
1358.4851366705593,1358.4851366705593,1.0008189699104357,0.0004636505333116169
1358.4920811644538,1358.4920811644538,1.0000226293319074,0.0004634937831214508
1358.49902565836,1358.49902565836,0.9993852036132049,0.0004633371650401861
1358.5059701522428,1358.5059701522428,0.9998350423959017,0.0004634137383588541
1358.5129146461372,1358.5129146461372,1.0000333195263953,0.00046349465644535327
1358.519859140032,1358.519859140032,1.000444887227461,0.00046343450116672193
1358.5268036339264,1358.5268036339264,1.0000759046168854,0.0004634851770871836
1358.5337481277977,1358.5337481277977,0.9999635017606547,0.00046340077424735095
1358.5406926216924,1358.5406926216924,1.0001483957130202,0.00046347452555261853
1358.547637115552,1358.547637115552,1.0004882719353785,0.00046355252423994404
1358.5545816094466,1358.5545816094466,1.0001564905852227,0.0004635605738243263
1358.5615261033065,1358.5615261033065,0.9993091616974888,0.0004634890080802358
1358.5684705971773,1358.5684705971773,1.0001279977690771,0.0004635671484489837
1358.5754150910373,1358.5754150910373,0.9998761774293765,0.0004635961657563412
1358.5823595848967,1358.5823595848967,0.9997286552541389,0.0004635129599596721
1358.5893040787564,1358.5893040787564,0.9996456514233373,0.0004635563978913836
1358.5962485726043,1358.5962485726043,0.9996025383232793,0.000463494345604771
1358.603193066452,1358.603193066452,0.9995746183005126,0.0004634432741528075
1358.6101375603,1358.6101375603,1.0013533322307224,0.00046371534638027566
1358.6170820541483,1358.6170820541483,1.000377185205587,0.0004636178337374696
1358.6240265479846,1358.6240265479846,0.9997651006703275,0.00046351542131577953
1358.630971041821,1358.630971041821,0.999660617658874,0.00046347210484262377
1358.6379155356458,1358.6379155356458,1.0000895184305647,0.00046350384388828167
1358.6448600294934,1358.6448600294934,1.0008605284180874,0.0004636751314512109
1358.6518045233065,1358.6518045233065,0.9998441080616981,0.00046346487962652534
1358.6587490171314,1358.6587490171314,0.9993647818861515,0.00046349686397293284
1358.6656935109445,1358.6656935109445,0.9999865138590514,0.00046361152122493117
1358.6726380047694,1358.6726380047694,0.9999309595316778,0.00046354033611778706
1358.6795824985822,1358.6795824985822,0.999617059697256,0.00046356887673995855
1358.686526992384,1358.686526992384,0.9999966477953091,0.0004635998908413713
1358.6934714861968,1358.6934714861968,1.000420314993657,0.0004637209494471477
1358.7004159799865,1358.7004159799865,0.9998077756252144,0.0004635819678540218
1358.7073604737882,1358.7073604737882,1.0001264410507644,0.000463739325355926
1358.7143049675778,1358.7143049675778,1.0007747241951972,0.0004637677429845064
1358.722360580367,1358.722360580367,0.9997868919914596,0.0004636063953802629
1358.7295828539154,1358.7295828539154,0.9997370690527962,0.00046345626889154873
1358.7365273477053,1358.7365273477053,0.9997210814471107,0.00046359148164878847
1358.7443051807243,1358.7443051807243,0.9996900065819467,0.0004636204720243211
1358.7518052339963,1358.7518052339963,0.9998121384824138,0.00046357048642528455
1358.759583067015,1358.759583067015,1.0001835845543317,0.0004636968723048857
1358.7670831202868,1358.7670831202868,1.0000350452107494,0.00046368438683658367
1358.7740276140655,1358.7740276140655,1.0003062656741193,0.0004636693154831323
1358.7809721078086,1358.7809721078086,1.0006431317904074,0.000463669357807102
1358.788194381322,1358.788194381322,1.000331407028956,0.00046373829973706817
1358.7979166725693,1358.7979166725693,0.9996673816744863,0.00046359186351262877
1358.8073611840584,1358.8073611840584,0.9995296099908915,0.00046356255891261513
1358.81430567779,1358.81430567779,0.9994230503887354,0.00046358746012111797
1358.821805731027,1358.821805731027,0.9999099421050921,0.0004636024282541901
1358.8306946830107,1358.8306946830107,0.9997323866523626,0.0004636715658560524
1358.8379169564773,1358.8379169564773,1.0006393572033432,0.0004637751405469874
1358.844861450209,1358.844861450209,0.9999641967492254,0.00046370867694331115
1358.851805943929,1358.851805943929,1.0003076989864383,0.0004637451120439879
1358.859305997131,1358.859305997131,1.0000636139648593,0.00046367231926059977
1358.8670838300802,1358.8670838300802,1.0001941772141774,0.00046371010140804645
1358.8740283238003,1358.8740283238003,0.9995833781221293,0.00046362630602762
1358.8809728174851,1358.8809728174851,1.0003121163435447,0.0004637508426628081
1358.887917311205,1358.887917311205,0.9996282974387165,0.00046363011755988634
1358.89486180489,1358.89486180489,0.9998783551823504,0.00046361616896338395
1358.9018062985638,1358.9018062985638,1.0001900372184207,0.00046376540835622035
1358.9087507922486,1358.9087507922486,1.0003490051077766,0.000463630016550622
1358.9156952859685,1358.9156952859685,0.9999204387924843,0.00046365190136304956
1358.9226397796417,1358.9226397796417,0.999728123543079,0.00046366915816632525
1358.9295842733152,1358.9295842733152,0.999852791166609,0.0004637302618288743
1358.9365287669884,1358.9365287669884,1.0002128921541948,0.0004637178176772949
1358.9434732606155,1358.9434732606155,0.9994307711327439,0.0004635791956198305
1358.9504177542774,1358.9504177542774,1.0005416127608202,0.0004638095393112298
1358.9573622479506,1358.9573622479506,1.000104301639557,0.00046383170297322786
1358.9643067416123,1358.9643067416123,1.000630622670603,0.00046375035882588076
1358.9712512352392,1358.9712512352392,0.9994415280119743,0.0004636067036097132
1358.9781957289008,1358.9781957289008,0.9997820194056214,0.0004637394417157955
1358.985140222528,1358.985140222528,0.9998439844242754,0.00046368298526431966
1358.9920847161661,1358.9920847161661,0.99978690660183,0.000463727771721618
1358.9990292098046,1358.9990292098046,1.0004189363063407,0.00046376267644971823
1359.0059737034314,1359.0059737034314,1.0004251582441845,0.0004637861302791002
1359.0129181970465,1359.0129181970465,0.9993148308937275,0.0004636063504844145
1359.0198626906736,1359.0198626906736,0.9999185688259835,0.0004637323205500577
1359.0268071842886,1359.0268071842886,0.9999930969643641,0.0004637874706404246
1359.033751677892,1359.033751677892,1.0002317641867227,0.0004637081118512189
1359.0406961714957,1359.0406961714957,0.9995763673261193,0.00046370520594636355
1359.047640665099,1359.047640665099,1.0012219587466058,0.0004638960442569652
1359.0545851587026,1359.0545851587026,0.9994364795400607,0.00046380579185027775
1359.0615296522944,1359.0615296522944,1.0002995511553852,0.000463833448810905
1359.068474145875,1359.068474145875,0.9991153390344678,0.0004636164771189438
1359.0754186394668,1359.0754186394668,1.000210119041569,0.0004639012896293158
1359.0823631330468,1359.0823631330468,1.0009352612969347,0.00046403660556702635
1359.0893076266154,1359.0893076266154,0.999738566112336,0.00046378339693016826
1359.0962521201957,1359.0962521201957,0.999979889300915,0.0004639100138218166
1359.1031966137527,1359.1031966137527,0.998441772574942,0.0004636690654378016
1359.1101411073214,1359.1101411073214,0.9996771718593337,0.0004638843335008867
1359.1170856008785,1359.1170856008785,0.9994794944795113,0.0004639593694996786
1359.1240300944235,1359.1240300944235,1.0015800896461076,0.00046425440337337695
1359.1490302711704,1359.1490302711704,0.9997187386478983,0.00046398497514437835
1359.1559747647275,1359.1559747647275,0.99986606921799,0.00046406696390328007
1359.162919258238,1359.162919258238,1.0001208386676745,0.0004640168198960201
1359.1698637517484,1359.1698637517484,1.0010793823566497,0.00046417459494072335
1359.1768082452822,1359.1768082452822,1.0000025005804443,0.00046408723740180423
1359.1837527387925,1359.1837527387925,0.9991706007782314,0.0004638762338823206
1359.1906972323027,1359.1906972323027,1.000137732393515,0.00046406553231529834
1359.1976417258018,1359.1976417258018,0.9995292231480335,0.00046389029539184895
1359.2045862193004,1359.2045862193004,1.0002715071316206,0.0004639509035657571
1359.2115307127992,1359.2115307127992,0.9995828934439291,0.0004639723755938058
1359.2184752062865,1359.2184752062865,1.0006444075246783,0.00046401563811380856
1359.2254196997733,1359.2254196997733,0.9998560659035156,0.0004639737165384276
1359.2323641932605,1359.2323641932605,0.9998559370483896,0.0004640246352557157
1359.2393086867364,1359.2393086867364,1.0000019947976564,0.00046404132539190916
1359.2462531801998,1359.2462531801998,1.0002771937328174,0.00046412085375068115
1359.2531976736755,1359.2531976736755,1.0002152555268897,0.00046403064239794255
1359.2601421671275,1359.2601421671275,0.9997968988958172,0.0004640365910805066
1359.2670866605913,1359.2670866605913,0.9999292005280325,0.00046404845743206364
1359.2740311540322,1359.2740311540322,0.9996859048808867,0.0004640902732490369
1359.2809756474958,1359.2809756474958,1.000182094315866,0.00046411403372183084
1359.2879201409364,1359.2879201409364,1.0001589407194893,0.000464083159858404
1359.2948646343655,1359.2948646343655,0.9998539967397775,0.00046408765371074213
1359.3018091278057,1359.3018091278057,1.000137355126597,0.00046406771370798375
1359.3087536212347,1359.3087536212347,1.0001757776068148,0.0004640568449228778
1359.3162536741224,1359.3162536741224,0.998997433719237,0.00046386808465198587
1359.3240315067458,1359.3240315067458,1.0007166796362188,0.0004641196452378261
1359.3309760001746,1359.3309760001746,0.9998872714244724,0.00046397970509380544
1359.3379204935688,1359.3379204935688,0.9999036079120648,0.0004640241817006341
1359.3448649869624,1359.3448649869624,1.0003440192241342,0.00046407656072513663
1359.3518094803915,1359.3518094803915,0.9999722326565725,0.00046397301544143785
1359.3587539737741,1359.3587539737741,0.9997158298685909,0.00046407448149013967
1359.3656984671563,1359.3656984671563,1.0000721297604191,0.0004640328187545434
1359.3726429605388,1359.3726429605388,1.0002537660556068,0.00046397181619390606
1359.379587453921,1359.379587453921,1.0000964358192166,0.0004640873807129275
1359.3865319473036,1359.3865319473036,1.0000456683064116,0.00046400381665987747
1359.3934764406392,1359.3934764406392,0.9995283102661574,0.0004640330077794211
1359.4004209340098,1359.4004209340098,0.9999758964455225,0.00046409180963538513
1359.4073654273807,1359.4073654273807,1.0002977720363824,0.00046420549565210267
1359.4143099207163,1359.4143099207163,0.9999573567892972,0.00046400961255975946
1359.4212544140755,1359.4212544140755,0.9998548760816929,0.0004639937793889477
1359.428198907423,1359.428198907423,1.0000085011098565,0.00046404832042709447
1359.435143400747,1359.435143400747,0.9998905252774998,0.00046404870031643104
1359.442087894083,1359.442087894083,0.9999028605843627,0.0004641341042452905
1359.449032387407,1359.449032387407,1.0000399632709587,0.0004641194203490834
1359.455976880731,1359.455976880731,1.0003168091072419,0.0004641987712053629
1359.4629213740438,1359.4629213740438,1.0006966683557639,0.0004642821286728252
1359.469865867356,1359.469865867356,0.9996920719861737,0.00046420407742824905
1359.476810360657,1359.476810360657,0.9998902969882005,0.0004640943995015269
1359.483754853958,1359.483754853958,0.9997538489526487,0.0004642296614554589
1359.490699347259,1359.490699347259,0.9995658173691266,0.0004641201523198295
1359.4976438405483,1359.4976438405483,0.9998353221241733,0.0004642103185655713
1359.504588333837,1359.504588333837,1.0006360882601222,0.0004642715563255159
1359.5115328271147,1359.5115328271147,1.0003157131410183,0.00046432399033921834
1359.5184773203807,1359.5184773203807,0.9998668768530286,0.00046432221685072615
1359.5254218136583,1359.5254218136583,0.9997405924212556,0.0004641901773531254
1359.5323663069244,1359.5323663069244,1.000591297560722,0.0004644533959634739
1359.5393108001786,1359.5393108001786,0.9998281267381468,0.0004642127496508698
1359.5462552934212,1359.5462552934212,0.9999623876266686,0.0004642661952198233
1359.5531997866756,1359.5531997866756,1.0006357437588158,0.00046439120198043144
1359.5601442799298,1359.5601442799298,0.9997700136859432,0.0004641269688799679
1359.5670887731608,1359.5670887731608,0.9999065810561237,0.00046412304481715844
1359.5740332663804,1359.5740332663804,0.9999475138775313,0.0004641998667948339
1359.5809777596114,1359.5809777596114,1.0000069566688,0.0004641180374327988
1359.5879222528306,1359.5879222528306,1.0000915018905618,0.0004641480448483561
1359.5948667460502,1359.5948667460502,1.0001473792598161,0.00046421195743178237
1359.6018112392578,1359.6018112392578,0.9997993160079037,0.0004641427430852866
1359.608755732454,1359.608755732454,1.0001059985283083,0.0004640463780231165
1359.6157002256618,1359.6157002256618,1.000260643508723,0.0004642390702491084
1359.6226447188462,1359.6226447188462,0.9998626306767857,0.0004641780994916189
1359.6295892120422,1359.6295892120422,1.000497775866537,0.00046420841708483235
1359.636533705215,1359.636533705215,0.9995663233449177,0.0004641104466031193
1359.6434781983994,1359.6434781983994,1.000232782470789,0.00046427788077140956
1359.6504226915606,1359.6504226915606,0.9991528743373497,0.00046414153010078364
1359.6573671847218,1359.6573671847218,1.0001188047424967,0.00046433412893954654
1359.6643116778948,1359.6643116778948,1.0001877256185103,0.0004643008734303819
1359.6712561710442,1359.6712561710442,1.0003569877365175,0.00046434766351579606
1359.6782006641938,1359.6782006641938,1.000142156395718,0.00046433132744720543
1359.6851451573318,1359.6851451573318,0.999645586984635,0.0004642098406159751
1359.6920896504812,1359.6920896504812,0.99956885451471,0.00046434189448711074
1359.6990341436074,1359.6990341436074,0.9997132125775859,0.00046428362234716535
1359.705978636722,1359.705978636722,1.0008606081309774,0.0004644525902873899
1359.7129231298597,1359.7129231298597,1.0006535059745274,0.0004644325525592884
1359.719867622963,1359.719867622963,0.9998910269334209,0.00046439018091293884
1359.7268121160541,1359.7268121160541,0.9998356820624383,0.00046438283457753344
1359.7337566091803,1359.7337566091803,0.9995770891689519,0.00046436842499908003
1359.7407011022954,1359.7407011022954,0.9996109397986779,0.0004642794066709196
1359.7476455953863,1359.7476455953863,0.9997616520063023,0.00046439205239455044
1359.7545900884547,1359.7545900884547,1.000333686801336,0.00046438341132265916
1359.761534581511,1359.761534581511,1.0001382094863795,0.0004643649682540108
1359.768479074602,1359.768479074602,0.9999441929545435,0.000464372137461522
1359.775423567682,1359.775423567682,1.0000092110608132,0.0004644272451962108
1359.7823680607266,1359.7823680607266,0.9995523253352558,0.0004643304378931704
1359.7893125537944,1359.7893125537944,1.0010114584858074,0.00046453195847911705
1359.7962570468394,1359.7962570468394,1.0000468745698785,0.00046441329374229936
1359.8032015398842,1359.8032015398842,0.9999848022604783,0.0004643997608019733
1359.8101460329174,1359.8101460329174,0.9998459146019346,0.000464371707659037
1359.8170905259622,1359.8170905259622,0.9995788699143546,0.0004642832524821273
1359.8240350189837,1359.8240350189837,0.9999759146667655,0.0004644406665503804
1359.8309795120051,1359.8309795120051,1.0001152085610792,0.0004644512590995211
1359.8379240050149,1359.8379240050149,0.9995950179437129,0.00046435230499918223
1359.8448684980247,1359.8448684980247,1.0000266534437912,0.0004644818841016356
1359.8518129910346,1359.8518129910346,0.9998542168732598,0.00046434601093333863
1359.8587574840326,1359.8587574840326,1.000913477583486,0.00046463657089461504
1359.8657019770194,1359.8657019770194,1.0002534461772123,0.0004645018730787688
1359.872646470006,1359.872646470006,0.999618992830273,0.0004643730843561278
1359.8795909629807,1359.8795909629807,0.999338097615202,0.0004643533973326397
1359.8865354559562,1359.8865354559562,1.0000703864338312,0.0004644390600963358
1359.893479948919,1359.893479948919,1.000062106932012,0.00046443128912320423
1359.9004244418825,1359.9004244418825,1.0002729927969518,0.0004644739359971001
1359.9073689348456,1359.9073689348456,0.9999644936693513,0.0004643909554734524
1359.9143134277856,1359.9143134277856,0.9996199841677017,0.000464389335795646
1359.9212579207374,1359.9212579207374,1.0012804527498056,0.0004646881528565778
1359.9282024136537,1359.9282024136537,0.9997851699974539,0.0004644838376353824
1359.935146906594,1359.935146906594,0.99968374834178,0.0004644021115651891
1359.942091399511,1359.942091399511,0.9995945204264709,0.0004643583912356409
1359.9490358924274,1359.9490358924274,0.9997824588871087,0.0004644753944932226
1359.955980385344,1359.955980385344,1.000468608135078,0.0004646013794792624
1359.9629248782492,1359.9629248782492,0.9997718309527144,0.00046449336434723696
1359.9698693711423,1359.9698693711423,0.9997900098777619,0.00046442006602995863
1359.9768138640477,1359.9768138640477,1.000017199719386,0.00046456345294018664
1359.9837583569176,1359.9837583569176,0.9998497987158549,0.0004644718450164143
1359.990702849811,1359.990702849811,1.000104730332305,0.0004645764144092481
1359.9976473426814,1359.9976473426814,1.0004700234875326,0.0004646054990668046
1360.0045918355515,1360.0045918355515,0.9998431990347308,0.00046450181495904223
1360.0115363284099,1360.0115363284099,1.0000093716327814,0.000464462322318813
1360.0184808212568,1360.0184808212568,1.0000310513649044,0.00046443246704195126
1360.0254253141036,1360.0254253141036,0.9994824772897093,0.00046436918660269544
1360.0323698069508,1360.0323698069508,1.0006779758975484,0.0004645432022172556
1360.0393142997978,1360.0393142997978,0.9996227013626612,0.00046438030903396256
1360.0462587926093,1360.0462587926093,0.9998612498769583,0.00046444946369942263
1360.0532032854449,1360.0532032854449,0.9999862016581164,0.0004644684849158345
1360.0601477782684,1360.0601477782684,1.000627337117677,0.00046453568791018397
1360.0670922710683,1360.0670922710683,0.9997167667004841,0.00046438634606282126
1360.074036763869,1360.074036763869,1.0000490238900697,0.0004644471038041968
1360.080981256669,1360.080981256669,0.9996691257658693,0.0004643900302609324
1360.0879257494694,1360.0879257494694,1.0005710220179767,0.0004646766657374621
1360.094870242235,1360.094870242235,0.9999927700353135,0.0004645453001139074
1360.1018147350117,1360.1018147350117,0.9997728866782332,0.00046453068553304846
1360.1087592277888,1360.1087592277888,0.9998970515133825,0.000464639569451918
1360.1157037205544,1360.1157037205544,1.0006865021709834,0.0004646399232231933
1360.122648213308,1360.122648213308,0.9993535086764929,0.00046450536897138647
1360.1295927060614,1360.1295927060614,1.000094213580257,0.00046459191877347265
1360.1365371988036,1360.1365371988036,1.0000035108855183,0.00046465098446859756
1360.1434816915457,1360.1434816915457,0.9994513413048354,0.00046450654429419224
1360.150426184276,1360.150426184276,0.9997763413501259,0.00046455893123192106
1360.1573706769948,1360.1573706769948,1.0002641849156864,0.0004646862833705893
1360.164315169714,1360.164315169714,0.9999537047266223,0.00046456060705725807
1360.1712596624325,1360.1712596624325,1.0002321509618957,0.00046478185118498555
1360.1782041551398,1360.1782041551398,1.000292776353517,0.0004647037384639673
1360.1851486478238,1360.1851486478238,0.9999134992086113,0.00046464112758341417
1360.192093140519,1360.192093140519,1.0003059857506718,0.0004647065498277583
1360.199037633203,1360.199037633203,0.9999010761000143,0.0004646460606798856
1360.2059821258752,1360.2059821258752,1.0003537964534408,0.0004646806042037426
1360.212926618548,1360.212926618548,0.9999981524374437,0.00046469159055537873
1360.2198711112082,1360.2198711112082,0.9992816900413019,0.00046451804494553484
1360.2268156038572,1360.2268156038572,0.99968235788401,0.00046455280541481136
1360.233760096518,1360.233760096518,0.9995958930954199,0.0004646373316974691
1360.2407045891664,1360.2407045891664,1.0002058661171858,0.0004647115187395755
1360.2476490817921,1360.2476490817921,1.0005100568876988,0.00046471176407495525
1360.25459357443,1360.25459357443,1.0003166174614004,0.0004647364951074151
1360.2615380670554,1360.2615380670554,0.9999176654682584,0.0004646381197834566
1360.2684825596693,1360.2684825596693,1.0000985558315103,0.0004647563480240003
1360.2754270522835,1360.2754270522835,1.000214752574836,0.00046482514037014957
1360.282371544886,1360.282371544886,0.9999047176028408,0.00046472156605031873
1360.2893160374765,1360.2893160374765,1.0005476171777483,0.0004647788444599791
1360.2962605300677,1360.2962605300677,0.9992300158309562,0.00046470400243428295
1360.3032050226466,1360.3032050226466,0.9997450143928447,0.0004646997875411308
1360.310149515214,1360.310149515214,0.9997271206151899,0.0004647309014635216
1360.317094007793,1360.317094007793,1.0007941593411154,0.0004648220437000445
1360.3240385003492,1360.3240385003492,0.9991491292729633,0.0004645572410583113
1360.330982992893,1360.330982992893,1.0000515891667336,0.0004647941946477799
1360.3379274854487,1360.3379274854487,1.0001317890408292,0.00046472702385918764
1360.344871977982,1360.344871977982,0.9995960857167214,0.0004647727290178317
1360.351816470526,1360.351816470526,1.0009262143775104,0.0004648393216470392
1360.3587609630351,1360.3587609630351,1.00069812500608,0.0004648272695502961
1360.3657054555445,1360.3657054555445,0.9994882516213988,0.00046454453628437975
1360.3734832871546,1360.3734832871546,0.9996996885147647,0.0004645776348986116
1360.3809833390649,1360.3809833390649,0.9997789521144889,0.00046462820400769303
1360.387927831574,1360.387927831574,0.9996197009469862,0.0004645867067197645
1360.3948723240483,1360.3948723240483,1.0007802078331396,0.0004647187175281951
1360.4018168165344,1360.4018168165344,0.9999564503772366,0.000464670933750028
1360.4095946481098,1360.4095946481098,0.9992704897683071,0.0004645816578524607
1360.4170946999614,1360.4170946999614,1.000777121608634,0.0004648238702572202
1360.4240391924245,1360.4240391924245,1.0001618704456001,0.0004647369288329698
1360.4309836848756,1360.4309836848756,0.9996422106294375,0.00046463023004676956
1360.437928177315,1360.437928177315,0.9999167160144367,0.0004646234393148499
1360.4448726697542,1360.4448726697542,1.0003942597073663,0.0004647786658521845
1360.45181716217,1360.45181716217,0.9999154287769108,0.00046462436741365594
1360.4587616545982,1360.4587616545982,0.9991867663739378,0.0004645799058615365
1360.4657061470143,1360.4657061470143,1.0003734891184888,0.0004649315161003484
1360.472650639407,1360.472650639407,0.9998293053519021,0.00046470624414082773
1360.479595131812,1360.479595131812,1.0005573397700667,0.0004647993303037338
1360.4865396242046,1360.4865396242046,1.0003670143665953,0.00046486607798831527
1360.4934841165973,1360.4934841165973,0.9996847958770136,0.00046474523548683015
1360.5004286089554,1360.5004286089554,0.9998731294921221,0.0004646877497532998
1360.507373101325,1360.507373101325,0.9996276281635502,0.000464633516207007
1360.5143175936828,1360.5143175936828,0.9998322487590989,0.00046471945839585734
1360.5212620860525,1360.5212620860525,0.999570183087973,0.0004646649832743101
1360.5282065783867,1360.5282065783867,1.0006959955580075,0.00046482100932351676
1360.5351510707337,1360.5351510707337,1.0002781072214821,0.0004647858659920357
1360.5420955630677,1360.5420955630677,0.9998049048998057,0.00046465954146822656
1360.5490400553795,1360.5490400553795,1.0002649772085253,0.000464743640606059
1360.5559845477026,1360.5559845477026,0.999798120136625,0.00046471339877586146
1360.562929040002,1360.562929040002,0.9997616145054564,0.00046468631033865323
1360.5698735323135,1360.5698735323135,1.000384590878503,0.00046471946893208673
1360.5768180246014,1360.5768180246014,1.000264184949429,0.00046472540176800345
1360.5837625168897,1360.5837625168897,0.9992241797210599,0.00046463260892169907
1360.590707009166,1360.590707009166,1.0008195726033366,0.00046491373922728275
1360.597651501431,1360.597651501431,0.9997403530613533,0.0004647288176696538
1360.6045959936955,1360.6045959936955,1.0001378941457748,0.00046484457787155774
1360.6115404859488,1360.6115404859488,0.9992336893088941,0.0004646692645780523
1360.618484978202,1360.618484978202,0.9998924112221317,0.00046470872969929945
1360.6254294704438,1360.6254294704438,1.0001278721901175,0.00046474488255974274
1360.6323739626619,1360.6323739626619,1.0001811286530897,0.00046486293600202987
1360.6393184548801,1360.6393184548801,1.0007463909641732,0.0004648171620873518
1360.6462629470982,1360.6462629470982,0.9995178020779883,0.00046477948858972913
1360.6532074393167,1360.6532074393167,1.0001145367182147,0.0004647127133076321
1360.6601519315232,1360.6601519315232,0.9997483471198525,0.00046468943799768533
1360.667096423695,1360.667096423695,0.9999812711003276,0.0004646999293784229
1360.6740409158897,1360.6740409158897,0.9998901582137016,0.0004647940092307484
1360.680985408073,1360.680985408073,0.9998735193602537,0.00046472066840415804
1360.6879299002328,1360.6879299002328,1.0000955337386626,0.00046476413471633157
1360.694874392393,1360.694874392393,1.0002387917526725,0.0004647795345668352
1360.7018188845418,1360.7018188845418,1.000556768168553,0.0004648319423020455
1360.70876337669,1360.70876337669,1.0002374327978558,0.0004648451602988558
1360.7157078688383,1360.7157078688383,0.9997734933331055,0.0004646533506330637
1360.722652360952,1360.722652360952,0.9995393657909435,0.00046460553661510336
1360.7295968530768,1360.7295968530768,0.999300657359035,0.0004646031069877072
1360.7365413451903,1360.7365413451903,1.000262619615823,0.0004646677834287718
1360.7434858372922,1360.7434858372922,1.001043311956406,0.00046479351558677804
1360.7504303293936,1360.7504303293936,0.9996224193490407,0.0004645980228162506
1360.7573748214731,1360.7573748214731,1.0001271838299821,0.00046472189325257073
1360.7643193135746,1360.7643193135746,0.9999681936634399,0.0004647080444911573
1360.7712638056412,1360.7712638056412,0.9999047641240704,0.0004646935993082235
1360.778208297685,1360.778208297685,1.0001918159707894,0.0004647906415909533
1360.7851527897517,1360.7851527897517,1.0004894540336546,0.0004647899808281609
1360.7920972817956,1360.7920972817956,1.0005063230291544,0.0004647837093491202
1360.7990417738395,1360.7990417738395,0.9998931696976566,0.00046475520327500546
1360.8059862658708,1360.8059862658708,0.9992198274828636,0.0004646655083130367
1360.8129307578915,1360.8129307578915,1.000396515103556,0.0004647593747703518
1360.819875249912,1360.819875249912,1.0000031876664401,0.00046470011732682997
1360.8268197419088,1360.8268197419088,1.0003074364966271,0.0004648877154324139
1360.8337642339177,1360.8337642339177,1.0005597956284087,0.0004648400383647644
1360.840708725903,1360.840708725903,0.9994921570098765,0.0004647835884502488
1360.8476532178768,1360.8476532178768,0.9998724990115333,0.0004647899305995319
1360.854597709862,1360.854597709862,0.9999366675166927,0.00046478864591620046
1360.8615422018242,1360.8615422018242,0.9998307710549451,0.00046481373372703124
1360.8684866937751,1360.8684866937751,0.9996000364348369,0.00046475414455708603
1360.8754311857017,1360.8754311857017,1.0004046177260988,0.0004647727795417103
1360.8823756776872,1360.8823756776872,0.9999626952316089,0.00046473503622257136
1360.8893201696148,1360.8893201696148,0.9999179203953485,0.00046470562381340126
1360.8962646615416,1360.8962646615416,1.000324938270802,0.0004647893271834074
1360.9032091534107,1360.9032091534107,0.9998292510529911,0.0004647096502309399
1360.9101536453377,1360.9101536453377,1.0002640937864642,0.00046470076348008717
1360.9170981372304,1360.9170981372304,0.9995637687529386,0.00046454941858755744
1360.924042629123,1360.924042629123,1.0004521012071863,0.0004647767276195908
1360.9309871210032,1360.9309871210032,1.0012119225341256,0.00046480034598296875
1360.937931612872,1360.937931612872,0.9995534307266949,0.000464558737287507
1360.94487610473,1360.94487610473,0.9998162976122883,0.00046469656455365904
1360.9518205965871,1360.9518205965871,0.9992159647981935,0.00046459193138076286
1360.9587650884446,1360.9587650884446,1.0005080465978935,0.0004647884564445646
1360.9657095802668,1360.9657095802668,1.0003875882686388,0.0004647440207540714
1360.9726540721008,1360.9726540721008,1.0003082643716814,0.00046475155665311635
1360.9795985639234,1360.9795985639234,0.999038175402756,0.0004644844821127873
1360.986543055734,1360.986543055734,1.0002202782416525,0.0004647059938687489
1360.9934875475333,1360.9934875475333,1.0001842739858156,0.00046481517407228126
1361.0004320393323,1361.0004320393323,0.9998041076067524,0.00046468330425301376
1361.0073765311083,1361.0073765311083,0.9999844377848006,0.00046466598214433836
1361.0143210228957,1361.0143210228957,1.000079024894943,0.00046469652548361995
1361.022654412999,1361.022654412999,1.0000575606268058,0.000464834439624979
1361.0295989047631,1361.0295989047631,1.0004263956577881,0.0004647740591935866
1361.0365433965158,1361.0365433965158,1.0004174893266107,0.0004648316079101076
1361.0434878882452,1361.0434878882452,0.9996893472286447,0.0004646215034125019
1361.0512657189824,1361.0512657189824,0.9996906099373831,0.0004647091280642398
1361.0587657700423,1361.0587657700423,0.9996509480265784,0.00046464104721649017
1361.0657102617486,1361.0657102617486,1.000052662928124,0.000464784557598866
1361.0732103127857,1361.0732103127857,0.9997334861371984,0.00046466147660198233
1361.0809881434877,1361.0809881434877,1.0006759420524065,0.0004647911391994227
1361.0879326351705,1361.0879326351705,0.9996635455274838,0.0004646788755656685
1361.0948771268418,1361.0948771268418,1.0000040667639545,0.0004646900096647925
1361.1032105168401,1361.1032105168401,1.0002775520776002,0.0004646382792425907
1361.1115439068037,1361.1115439068037,0.9992325979086762,0.00046451622547309565
1361.1184883984397,1361.1184883984397,1.0004100458967788,0.0004647097938100428
1361.1254328900764,1361.1254328900764,0.9998602633093837,0.0004646374974128564
1361.1323773817119,1361.1323773817119,0.9997364400972117,0.0004645447677086448
1361.1393218733483,1361.1393218733483,1.0005902114039251,0.00046461769939305016
1361.1515441785582,1361.1515441785582,1.0001454119866113,0.00046454593764814366
1361.1593220091324,1361.1593220091324,1.0009577267181153,0.00046471062078700596
1361.169877636326,1361.169877636326,1.0004660954334939,0.0004646065469488454
1361.179599924512,1361.179599924512,0.9996589600293871,0.00046449195527210787
1361.1879333143709,1361.1879333143709,0.99993756893222,0.00046457830654668755
1361.1948778059134,1361.1948778059134,0.9998235980296013,0.0004646481073082855
1361.2026556364415,1361.2026556364415,0.9994593115767069,0.0004645502590121649
1361.210155687269,1361.210155687269,0.999793046193291,0.0004646357639031404
1361.2171001787885,1361.2171001787885,1.000111382454429,0.00046476222144266506
1361.2240446702738,1361.2240446702738,1.0004673287600876,0.0004646611382915558
1361.2309891617701,1361.2309891617701,0.9999997896992758,0.00046469545174550526
1361.237933653255,1361.237933653255,0.9992213685796283,0.0004644614489241844
1361.2448781447397,1361.2448781447397,1.0001472179384105,0.0004646217273920527
1361.251822636201,1361.251822636201,1.0001760000062347,0.0004645520598772983
1361.2587671276513,1361.2587671276513,0.9997207839496551,0.0004643436959938647
1361.2657116190896,1361.2657116190896,1.0005339550850874,0.0004645537838887325
1361.2726561105278,1361.2726561105278,1.0005851573752866,0.00046456443589211715
1361.2796006019662,1361.2796006019662,1.0002384568900005,0.0004644740111801775
1361.286545093381,1361.286545093381,0.9997732733154976,0.0004644862813078233
1361.2934895847843,1361.2934895847843,0.9993986141072326,0.0004644704971400502
1361.3004340761759,1361.3004340761759,1.0005588823113518,0.000464581552180535
1361.3073785675679,1361.3073785675679,0.9995055426096962,0.0004644306214574843
1361.314323058948,1361.314323058948,1.000042532354098,0.0004645257654488865
1361.3212675503162,1361.3212675503162,0.9994467830375138,0.0004643935807265253
1361.3282120416613,1361.3282120416613,1.000461550153807,0.0004645747742689852
1361.3351565330067,1361.3351565330067,0.9999088462117358,0.0004645474087808806
1361.3421010243517,1361.3421010243517,1.0000332386978392,0.000464583262862956
1361.3490455156966,1361.3490455156966,1.00012865395689,0.0004644348158620866
1361.3559900069954,1361.3559900069954,0.9998057743556993,0.00046444326993192104
1361.3629344983174,1361.3629344983174,1.0006040995546206,0.0004646392451327806
1361.3698789896157,1361.3698789896157,1.0005318194308006,0.0004647231316476652
1361.3768234809027,1361.3768234809027,1.000057546929051,0.00046453919533011344
1361.3837679721782,1361.3837679721782,0.9994322624610164,0.00046441777500317113
1361.3907124634538,1361.3907124634538,1.0004935587595134,0.0004647421839145473
1361.3976569547053,1361.3976569547053,0.9994439146591085,0.0004644963487843115
1361.4046014459575,1361.4046014459575,1.000081445632516,0.00046442069387663215
1361.411545937198,1361.411545937198,1.000019196090608,0.0004645334655193031
1361.4184904284382,1361.4184904284382,1.0001619720328365,0.0004644088601865621
1361.4254349196556,1361.4254349196556,0.9985906682570926,0.00046422711684664456
1361.4323794108607,1361.4323794108607,0.9998718128394808,0.0004643844303231279
1361.4393239020665,1361.4393239020665,1.0010014580921907,0.0004645573093575707
1361.4462683932602,1361.4462683932602,1.0000787503793584,0.0004643661092705631
1361.4532128844305,1361.4532128844305,0.9999528879358696,0.0004643805442310583
1361.4601573756013,1361.4601573756013,1.000331431000558,0.00046450035540479567
1361.4671018667602,1361.4671018667602,1.0007297580636392,0.00046458178131854235
1361.474046357907,1361.474046357907,0.9991813599372878,0.00046416946944044535
1361.4809908490547,1361.4809908490547,0.9991095296783492,0.0004642746464189536
1361.4879353401786,1361.4879353401786,1.0001448380878062,0.0004643467400125816
1361.4948798313021,1361.4948798313021,0.9999986359026535,0.0004644634644114723
1361.5018243224033,1361.5018243224033,1.0000469580610656,0.0004645028041249552
1361.5087688134922,1361.5087688134922,1.0004468443713272,0.00046449168713298325
1361.5157133046043,1361.5157133046043,0.999846902562118,0.00046432324191993514
1361.5226577956587,1361.5226577956587,0.9999789840850587,0.0004643368628899442
1361.529880066355,1361.529880066355,1.000347065038491,0.000464476736975315
1361.5379356759893,1361.5379356759893,0.9992433613810097,0.00046433608723719575
1361.5448801670318,1361.5448801670318,1.0002229881075517,0.0004643349605704503
1361.551824658086,1361.551824658086,1.0007306567514944,0.00046450534078813793
1361.560435826958,1361.560435826958,0.9998294204702549,0.0004641953167908129
1361.5684914365227,1361.5684914365227,1.0002032609145286,0.00046424030201905255
1361.5782137239173,1361.5782137239173,0.9992114912281249,0.00046424787901212415
1361.5851582149012,1361.5851582149012,0.9998178082674553,0.0004644893649543254
1361.593213824431,1361.593213824431,0.9996822192022965,0.00046418809894383103
1361.6004360950342,1361.6004360950342,0.9998846379711228,0.00046438011756110063
1361.6073805859717,1361.6073805859717,1.0008709549150763,0.0004644243182141056
1361.6143250769207,1361.6143250769207,0.9995727117488974,0.0004641374990748395
1361.6212695678473,1361.6212695678473,1.000438776118838,0.0004644532825840389
1361.6390474645614,1361.6390474645614,0.9996583533422573,0.0004642079106815956
1361.6532142259862,1361.6532142259862,0.9996352281727642,0.00046440239320652874
1361.6601587168418,1361.6601587168418,1.0002605437292469,0.00046445344308503284
1361.6671032076983,1361.6671032076983,1.0002085506901732,0.0004644904618927215
1361.6740476985547,1361.6740476985547,0.9997109879052228,0.00046436850793084744
1361.6809921893876,1361.6809921893876,1.0003206338026136,0.0004644417623024385
1361.6879366802204,1361.6879366802204,1.0001909016483859,0.0004645192586228938
1361.6948811710304,1361.6948811710304,0.9995878788315528,0.0004643480050249054
1361.701825661828,1361.701825661828,1.0003919339721696,0.0004645062389736534
1361.7087701526375,1361.7087701526375,1.0004650332030776,0.0004644873917484465
1361.7157146434124,1361.7157146434124,0.9997193442410712,0.00046434232176997294
1361.7226591341757,1361.7226591341757,0.9999389585505352,0.0004644967588014736
1361.7296036249386,1361.7296036249386,0.9996479601325902,0.00046440811813682175
1361.736548115702,1361.736548115702,1.0001663718166405,0.0004644324703504196
1361.7434926064066,1361.7434926064066,1.0002724306485506,0.00046446851765703453
1361.7504370971578,1361.7504370971578,0.9995338833690518,0.00046432102701513206
1361.7573815878632,1361.7573815878632,0.9998641179626407,0.0004644108195608602
1361.7643260785676,1361.7643260785676,0.999803879622253,0.00046435853947911335
1361.7712705692607,1361.7712705692607,0.9994390664412565,0.00046433332240191207
1361.7782150599428,1361.7782150599428,1.0013205726248264,0.00046457541770703915
1361.7851595506124,1361.7851595506124,0.9997502206332877,0.0004642900607167566
1361.7921040412707,1361.7921040412707,1.000277991794809,0.00046443289080289366
1361.7990485319176,1361.7990485319176,0.9999256561226902,0.0004642797419918167
1361.8059930225643,1361.8059930225643,1.00015211891101,0.0004642595286267817
1361.8129375131762,1361.8129375131762,0.9994739982657539,0.00046420477037720155
1361.8198820037994,1361.8198820037994,0.9996820767277036,0.00046427556953739115
1361.8268264943995,1361.8268264943995,1.000343509267451,0.00046439642726662774
1361.833770984988,1361.833770984988,0.9999814106206178,0.000464371597337918
1361.8407154755764,1361.8407154755764,1.000480757417877,0.00046445263579998305
1361.8476599661417,1361.8476599661417,0.9995602000522158,0.0004643143381408855
1361.8546044566833,1361.8546044566833,1.00017951187672,0.000464424549758655
1361.861548947237,1361.861548947237,1.0002501423814492,0.00046444663366189566
1361.8684934377675,1361.8684934377675,0.9995826981919196,0.00046430264578006217
1361.875437928286,1361.875437928286,1.000066152028192,0.00046433213122764493
1361.8823824188162,1361.8823824188162,1.0000144825925,0.0004643250972761074
1361.8893269092885,1361.8893269092885,1.00041105646126,0.00046448031956301713
1361.8962713997948,1361.8962713997948,0.9994629288809106,0.0004642374699686183
1361.9032158902905,1361.9032158902905,1.000369660738341,0.0004644021442436052
1361.9101603807162,1361.9101603807162,0.9993172242135572,0.000464290202825146
1361.9171048711762,1361.9171048711762,1.0001778594791955,0.0004644479764790568
1361.9240493616253,1361.9240493616253,1.0003738810405165,0.0004643923631517417
1361.9309938520505,1361.9309938520505,1.000164781705983,0.0004643600284816622
1361.9379383424643,1361.9379383424643,1.0003933260362712,0.0004644688781446909
1361.9448828328666,1361.9448828328666,0.9997245456396315,0.0004643538318603819
1361.951827323269,1361.951827323269,0.9997553689702812,0.00046429811755773506
1361.958771813636,1361.958771813636,0.9993816035704294,0.00046434619085717574
1361.9657163040154,1361.9657163040154,1.0005319228701048,0.00046450624053278304
1361.9726607943708,1361.9726607943708,1.0002613378035896,0.00046440097065863584
1361.9796052847148,1361.9796052847148,0.9998375538025137,0.0004644315005792015
1361.9865497750586,1361.9865497750586,1.0000517850017272,0.0004644220822131224
1361.9934942653679,1361.9934942653679,0.9994628782565897,0.0004642685157918907
1362.0004387556887,1362.0004387556887,1.000226368507338,0.00046447388577096306
1362.0073832459861,1362.0073832459861,1.000213868191964,0.0004644385144714911
1362.0143277362718,1362.0143277362718,0.999997892347691,0.00046443179770650004
1362.021272226546,1362.021272226546,0.9991931729890563,0.00046420866703751124
1362.0282167167968,1362.0282167167968,1.0004223770807759,0.0004644796373463127
1362.0351612070476,1362.0351612070476,1.000881946498568,0.0004645695064324974
1362.0421056972868,1362.0421056972868,0.9997657285783917,0.00046430653742549153
1362.0490501875142,1362.0490501875142,1.0002148120397407,0.0004644976421547802
1362.055994677707,1362.055994677707,1.0010650429077335,0.0004645674283269163
1362.0629391679463,1362.0629391679463,1.0001918218482289,0.00046441169273071824
1362.0698836581273,1362.0698836581273,0.9996847329726414,0.00046428070144153525
1362.0768281483083,1362.0768281483083,0.9993674384579068,0.0004642986634568398
1362.0837726384311,1362.0837726384311,0.9999108949186741,0.0004642453803454863
1362.0907171286124,1362.0907171286124,1.0001487229030521,0.0004642155860417957
1362.097661618735,1362.097661618735,0.9999639529403931,0.00046425682076374584
1362.1046061088696,1362.1046061088696,1.0001394158663965,0.0004642559319846507
1362.111550598969,1362.111550598969,1.000009131258155,0.0004642074824601953
1362.1184950890804,1362.1184950890804,1.0000824526246113,0.0004641642027393771
1362.1254395791682,1362.1254395791682,1.0008464961241987,0.00046434553376807213
1362.1323840692444,1362.1323840692444,1.0004942208146541,0.00046424282127244417
1362.1393285593088,1362.1393285593088,0.9998990759337033,0.0004640498409409466
1362.1462730493506,1362.1462730493506,0.9999554753869893,0.00046411516635581023
1362.1532175393797,1362.1532175393797,0.9996783241281454,0.00046407778541573735
1362.160162029421,1362.160162029421,0.9992084990414083,0.0004640042332773496
1362.1671065194278,1362.1671065194278,0.9995122315302772,0.000464101026521799
1362.174051009422,1362.174051009422,1.00007462954356,0.0004641109996966166
1362.1809954994173,1362.1809954994173,1.0000285995218399,0.0004640617894376653
1362.1879399893885,1362.1879399893885,1.0002044918943482,0.0004642510721951764
1362.1948844793599,1362.1948844793599,1.0007147742838738,0.0004641965608235113
1362.2018289692965,1362.2018289692965,1.000536137613313,0.000464112035712879
1362.2087734592449,1362.2087734592449,0.9999358687980511,0.0004640346498980839
1362.2157179491583,1362.2157179491583,0.999352617513658,0.0004640032494693558
1362.222662439083,1362.222662439083,0.9999016513095726,0.0004640443297638761
1362.2296069289728,1362.2296069289728,1.0001393023399372,0.00046404441748332085
1362.236551418863,1362.236551418863,1.0000475773570332,0.00046400488546196337
1362.2434959087182,1362.2434959087182,0.9991616759036439,0.00046388367301537103
1362.2504403985845,1362.2504403985845,1.0003586245588931,0.00046411778160425024
1362.2573848884167,1362.2573848884167,1.0002977536918045,0.000464050399798343
1362.2643293782598,1362.2643293782598,0.9999972110701204,0.0004640252410519073
1362.2712738680684,1362.2712738680684,1.0000235572773675,0.0004640162176618023
1362.278218357877,1362.278218357877,1.0004523797811862,0.0004640906241586311
1362.2851628476621,1362.2851628476621,1.0001869011939528,0.0004640524479154166
1362.2921073374478,1362.2921073374478,1.000124448506785,0.00046403778617190616
1362.299051827221,1362.299051827221,0.9997898566090265,0.0004640371532087446
1362.3059963169596,1362.3059963169596,0.9990665098201885,0.0004639167808859478
1362.31294080671,1362.31294080671,1.000647901410953,0.00046415993422701114
1362.3198852964251,1362.3198852964251,0.9993094166022839,0.0004639105081160464
1362.3268297861407,1362.3268297861407,0.999639569856899,0.0004639589686261757
1362.3337742758442,1362.3337742758442,1.0001560901820385,0.00046407351028483827
1362.3407187655248,1362.3407187655248,1.0003467950546387,0.00046413475549018533
1362.3476632551935,1362.3476632551935,1.000345767943307,0.00046405810029766773
1362.3546077448507,1362.3546077448507,1.000232271129513,0.0004640532768433456
1362.3615522344962,1362.3615522344962,1.0003628411835455,0.000464151737518418
1362.3684967241302,1362.3684967241302,1.0000387923804492,0.0004640392923627579
1362.375441213752,1362.375441213752,0.998901966931059,0.00046385057663938156
1362.3823857033512,1362.3823857033512,1.0002064469434753,0.0004641336845758225
1362.3893301929504,1362.3893301929504,0.9993933182135961,0.00046385698312619505
1362.3962746825146,1362.3962746825146,1.0006069857802782,0.0004640584776055279
1362.40321917209,1362.40321917209,1.0007943460689248,0.0004641505279016852
1362.410163661631,1362.410163661631,0.9997660029980551,0.0004639302812193437
1362.4171081511715,1362.4171081511715,0.9995506836758526,0.00046392849642545674
1362.4240526406888,1362.4240526406888,0.9998292396136186,0.0004640426859396344
1362.4309971301943,1362.4309971301943,1.0004084459027485,0.00046403281722241535
1362.4379416196891,1362.4379416196891,0.9997736667700394,0.0004639539910343142
1362.444886109171,1362.444886109171,1.0000897989417101,0.00046394746737085484
1362.4518305986307,1362.4518305986307,0.9999424127856618,0.00046402447548233027
1362.4587750880783,1362.4587750880783,0.9999139152152041,0.0004641168782454503
1362.4657195775258,1362.4657195775258,1.0001179473431543,0.00046408952245184047
1362.47266406695,1362.47266406695,1.0003924499315413,0.0004641017465513305
1362.4796085563628,1362.4796085563628,0.9997683545983016,0.0004639816294174143
1362.4865530457523,1362.4865530457523,0.9994995477122484,0.00046405271710613734
1362.4934975351418,1362.4934975351418,0.9998903696735667,0.00046404942758549215
1362.500442024496,1362.500442024496,0.9999772728717723,0.00046404647329610204
1362.5073865138625,1362.5073865138625,0.9998889203179855,0.00046413218029908027
1362.5143310031817,1362.5143310031817,1.0005678553266937,0.00046418169301265164
1362.5212754925365,1362.5212754925365,1.0002663916893317,0.0004641639433784296
1362.5282199818444,1362.5282199818444,1.0002774713706746,0.0004641735064668897
1362.5351644711172,1362.5351644711172,0.9997884431829203,0.00046419038588640363
1362.5421089604017,1362.5421089604017,1.0000126673070324,0.0004641396735530036
1362.549053449663,1362.549053449663,0.9996814608530208,0.0004642179515788838
1362.5559979389243,1362.5559979389243,0.9997986252256912,0.00046424256565589996
1362.5629424281626,1362.5629424281626,0.9999472619321379,0.0004642303738360153
1362.5698869173775,1362.5698869173775,0.9999774940616973,0.00046428073284448146
1362.5768314065922,1362.5768314065922,1.000669911026854,0.00046434370472582347
1362.5837758957837,1362.5837758957837,1.0001261412605014,0.00046423706155984104
1362.5907203849633,1362.5907203849633,1.0000445090385883,0.0004642091061011123
1362.59766487412,1362.59766487412,0.9991891692862314,0.0004641636015346688
1362.604609363277,1362.604609363277,0.9994864593834428,0.0004640421552969295
1362.6115538524098,1362.6115538524098,1.0001503363776443,0.0004641549589055766
1362.618498341532,1362.618498341532,1.000002526983597,0.00046407619138471846
1362.62544283063,1362.62544283063,1.0006610594786702,0.00046424689273887146
1362.6323873197282,1362.6323873197282,0.9998271347320943,0.0004639608434099379
1362.6393318088035,1362.6393318088035,0.9998411620624801,0.0004639943509960836
1362.646276297867,1362.646276297867,1.000654650605569,0.0004640144185312273
1362.6532207869072,1362.6532207869072,0.9998179099119968,0.0004638822710188244
1362.660165275959,1362.660165275959,1.0003973463631528,0.00046399808341506384
1362.6671097649755,1362.6671097649755,0.9996591436445534,0.00046392823802789303
1362.674054253946,1362.674054253946,0.999892560917252,0.0004639246740014799
1362.6809987429513,1362.6809987429513,0.9996576103239068,0.00046390479351449403
1362.68794323191,1362.68794323191,0.9998524399506691,0.0004638843242508725
1362.6948877208572,1362.6948877208572,1.0004871441987775,0.00046401580381381734
1362.701832209804,1362.701832209804,0.9998575441823909,0.0004638631227674138
1362.7087766987277,1362.7087766987277,1.0001595771456246,0.00046396559019617063
1362.7157211876402,1362.7157211876402,0.9996141881914781,0.0004638553047072194
1362.7226656765401,1362.7226656765401,0.9998992505299634,0.00046389257759291884
1362.7296101654179,1362.7296101654179,1.0003466889731962,0.0004640139517131525
1362.7365546542833,1362.7365546542833,1.000007661396899,0.00046400643690150937
1362.7434991431253,1362.7434991431253,1.0000386108102042,0.00046399717456592173
1362.7504436319562,1362.7504436319562,1.0005366777055396,0.00046407030561022996
1362.757388120775,1362.757388120775,0.9997935605063637,0.00046405611197648653
1362.7643326095706,1362.7643326095706,0.9998086388911803,0.00046402107234456036
1362.7712770983665,1362.7712770983665,0.9996682652608169,0.00046406452035897193
1362.7782215871503,1362.7782215871503,1.0002353508990205,0.00046412769999623236
1362.7851660758763,1362.7851660758763,0.9994776651357933,0.0004641727687448415
1362.792110564637,1362.792110564637,1.0004971449654303,0.00046430051958893856
1362.7990550533395,1362.7990550533395,0.9997954585231085,0.0004642058486386472
1362.8059995420538,1362.8059995420538,0.9997036323077179,0.000464267015672935
1362.8129440307564,1362.8129440307564,1.0001669435899472,0.00046430204741965727
1362.8198885194356,1362.8198885194356,1.0006000384901061,0.00046437547149586383
1362.8268330080916,1362.8268330080916,0.9994411360354446,0.00046426587410502984
1362.8337774967476,1362.8337774967476,1.0001042413129957,0.0004643681664877787
1362.8407219853684,1362.8407219853684,1.0008330616862344,0.00046458888154856574
1362.8476664739785,1362.8476664739785,0.9998124537554623,0.0004644028752911235
1362.8546109625643,1362.8546109625643,0.9994907696116371,0.0004643658128876549
1362.8615554511507,1362.8615554511507,1.000402783830522,0.00046445033957019123
1362.8698888374354,1362.8698888374354,0.9991970030772706,0.0004643328071133355
1362.8768333259748,1362.8768333259748,0.9998378504990939,0.0004643868244182681
1362.883777814503,1362.883777814503,0.99998428267118,0.00046445489159997207
1362.8907223030194,1362.8907223030194,1.0003399714102479,0.00046460880422406786
1362.897666791512,1362.897666791512,1.000094136411338,0.0004644889178667797
1362.9051668390687,1362.9051668390687,0.9997382202179137,0.00046448207494101
1362.9143335638487,1362.9143335638487,1.0008602830252107,0.0004645799612102831
1362.9212780522837,1362.9212780522837,0.999847180480339,0.0004645311891747177
1362.9282225407183,1362.9282225407183,0.9998484197924233,0.000464503721651856
1362.9351670291067,1362.9351670291067,1.0002280303346351,0.0004645037308302555
1362.942667076581,1362.942667076581,1.0000231728047502,0.0004644872194636532
1362.9504449035587,1362.9504449035587,0.9997064703202028,0.00046451465118157694
1362.9573893919,1362.9573893919,0.9996774061035026,0.000464499757811726
1362.9643338802534,1362.9643338802534,0.9996800601016286,0.0004645864877960432
1362.9712783685604,1362.9712783685604,1.000282864500328,0.00046468152402039315
1362.9782228568788,1362.9782228568788,1.000558687122211,0.0004646647567017767
1362.9851673451624,1362.9851673451624,0.9998990159396536,0.00046460217926296823
1362.9921118334341,1362.9921118334341,0.9997509589336362,0.00046456426628151473
1362.9990563216827,1362.9990563216827,0.9998362337097438,0.0004645627168259529
1363.0060008099313,1363.0060008099313,0.9999219067566631,0.00046457002535576803
1363.012945298145,1363.012945298145,1.0002402663593482,0.00046469015458744655
1363.0198897863465,1363.0198897863465,1.0002885015000857,0.0004646954748490414
1363.0268342745258,1363.0268342745258,1.0002072495720822,0.00046469241338663244
1363.0337787627157,1363.0337787627157,1.0003275741993103,0.0004648785996830544
1363.0407232508594,1363.0407232508594,0.9997234826618658,0.0004647081541524985
1363.0476677390034,1363.0476677390034,0.999046099190337,0.0004646960207250251
1363.054612227112,1363.054612227112,1.0002634909599053,0.00046486892071720827
1363.0615567152097,1363.0615567152097,0.9997401165684314,0.000464729514127068
1363.0685012032948,1363.0685012032948,1.0000696863628935,0.00046485385692255374
1363.075445691369,1363.075445691369,1.000112175976382,0.00046489407565357226
1363.0823901794079,1363.0823901794079,1.0002409703049007,0.00046501017413300106
1363.089334667447,1363.089334667447,1.0000749721547073,0.00046494718273141177
1363.096279155463,1363.096279155463,0.9997892001800555,0.00046491391523545867
1363.103223643467,1363.103223643467,1.0004312724852462,0.00046509359205476445
1363.1101681314358,1363.1101681314358,0.9996402655302365,0.00046488620285877337
1363.1171126193938,1363.1171126193938,1.0001812207088876,0.0004650751149952358
1363.1240571073395,1363.1240571073395,1.0006852397543344,0.00046506962661064843
1363.1310015952618,1363.1310015952618,0.9992418361790373,0.0004649136137675333
1363.1379460831845,1363.1379460831845,0.9993061648635762,0.0004650206659117119
1363.1448905710724,1363.1448905710724,1.0002976488346214,0.0004651681012818403
1363.151835058948,1363.151835058948,1.0000514752148044,0.00046518768356110035
1363.158779546801,1363.158779546801,1.0006342724361663,0.00046525628469818743
1363.1657240346535,1363.1657240346535,0.9994070814144209,0.0004651018050174048
1363.1726685224485,1363.1726685224485,1.0002943808544007,0.0004652320346925797
1363.1796130102662,1363.1796130102662,1.0005161578809119,0.00046530742392003664
1363.1865574980488,1363.1865574980488,1.0000672626098106,0.00046530142418576236
1363.1935019858088,1363.1935019858088,0.9994218531080671,0.00046514806534256716
1363.2004464735564,1363.2004464735564,0.9995501107031496,0.00046515372955747487
1363.2073909612927,1363.2073909612927,1.0001011282756433,0.0004652688584549017
1363.2143354489945,1363.2143354489945,1.0001587332817556,0.0004653494379795069
1363.2212799366955,1363.2212799366955,1.0002742259944868,0.00046534289786614584
1363.2282244243738,1363.2282244243738,1.0000149953797155,0.0004651873346770432
1363.2351689120403,1363.2351689120403,0.9991358568156443,0.000465134085377735
1363.2421133996718,1363.2421133996718,1.000421120609863,0.0004653145384842966
1363.2490578872919,1363.2490578872919,1.0004215716965867,0.0004653986290442326
1363.2560023748767,1363.2560023748767,0.9999211326429756,0.0004652708759191008
1363.2629468624968,1363.2629468624968,1.000410891673325,0.0004653685915932303
1363.2698913500583,1363.2698913500583,0.9997312948368057,0.0004651812889843156
1363.2768358375736,1363.2768358375736,0.9999448451861893,0.0004652398032787946
1363.283780325112,1363.283780325112,1.0000519990211956,0.00046523308430848544
1363.2907248126153,1363.2907248126153,0.9997658545749522,0.0004652392791425645
1363.2976693001074,1363.2976693001074,0.9999727147057236,0.0004652475942218016
1363.304613787576,1363.304613787576,0.9994236679146711,0.00046516252275925556
1363.311558275033,1363.311558275033,1.0003005967244372,0.00046540914087866926
1363.3185027624781,1363.3185027624781,1.0009359137140055,0.0004654759557162715
1363.3254472498888,1363.3254472498888,1.0002432966194186,0.0004653903199084607
1363.3323917372757,1363.3323917372757,0.9997381261487668,0.000465292677730328
1363.339336224663,1363.339336224663,0.9996902387413531,0.0004653808078626966
1363.3462807120147,1363.3462807120147,0.9998625896337734,0.0004653789450071382
1363.3532251993552,1363.3532251993552,0.9994870345127138,0.00046533878457820246
1363.3601696866729,1363.3601696866729,0.9999099640107374,0.0004654712453571414
1363.36711417399,1363.36711417399,1.0001603534067294,0.00046544190180036125
1363.3740586612723,1363.3740586612723,1.0003560184865752,0.00046557277485253303
1363.3810031485314,1363.3810031485314,0.9998090126884899,0.00046549813457633543
1363.3879476357554,1363.3879476357554,0.999803432858225,0.00046555539159654836
1363.3948921229912,1363.3948921229912,1.000458712022283,0.00046555414144290467
1363.4018366101923,1363.4018366101923,1.0000539580748833,0.00046563939817500344
1363.4087810973692,1363.4087810973692,1.000142801149501,0.0004656117684481827
1363.4157255845355,1363.4157255845355,0.9995081933275433,0.00046554359033835764
1363.42267007169,1363.42267007169,1.0005281844183445,0.0004657403706784852
1363.4296145588091,1363.4296145588091,0.9994223677919262,0.00046557930459147914
1363.436559045917,1363.436559045917,1.0003459280045477,0.0004657991781983309
1363.4435035330127,1363.4435035330127,1.0003508454747756,0.00046575184096387165
1363.4504480200626,1363.4504480200626,0.9995848648122255,0.00046575134556436915
1363.4573925071236,1363.4573925071236,0.9997021235020178,0.00046578259815982786
1363.4643369941496,1363.4643369941496,1.000504885735896,0.0004658990253640866
1363.471281481141,1363.471281481141,0.9998398023696969,0.0004659201589163824
1363.4782259681203,1363.4782259681203,0.9997218693145589,0.00046597011298589246
1363.4851704551,1363.4851704551,0.9999075830251218,0.00046601480162527755
1363.4921149420566,1363.4921149420566,1.0003211139568715,0.00046621939428994106
1363.4990594289777,1363.4990594289777,0.9996992133915802,0.00046610358286073677
1363.5060039158877,1363.5060039158877,1.000756863482146,0.0004662824880952293
1363.5129484027625,1363.5129484027625,0.9993035100014687,0.00046620031597019906
1363.5198928896375,1363.5198928896375,1.00023791060318,0.00046643557826364906
1363.5268373765007,1363.5268373765007,1.0003625352512298,0.0004664730150772198
1363.5337818633056,1363.5337818633056,0.9999826728698862,0.0004664595686050863
1363.5407263501224,1363.5407263501224,0.9998924011737753,0.0004665988056889275
1363.5476708369042,1363.5476708369042,0.9998377370933241,0.00046664391730535097
1363.5546153236623,1363.5546153236623,1.0000329112676627,0.0004667567208379546
1363.5615598104096,1363.5615598104096,0.9997120421764109,0.0004668242373364462
1363.5685042971213,1363.5685042971213,0.9999826560245602,0.0004669886328884924
1363.5754487838562,1363.5754487838562,1.0005195240561355,0.0004670933759644281
1363.582393270522,1363.582393270522,0.9999640749600092,0.0004671231515008532
1363.5893377571754,1363.5893377571754,0.999671305873971,0.0004670603637537434
1363.5962822438173,1363.5962822438173,1.0002967506372713,0.00046742711282597444
1363.6032267304363,1363.6032267304363,0.9995701043894261,0.0004672239253681136
1363.6101712170318,1363.6101712170318,0.9999260435423134,0.0004673906960093333
1363.6171157036158,1363.6171157036158,0.9996343695519283,0.0004674567838214476
1363.6240601901645,1363.6240601901645,1.0003919794696718,0.00046751332086954374
1363.631560235625,1363.631560235625,1.0002530023486071,0.00046757304832342154
1363.6404491783537,1363.6404491783537,1.0001306526990752,0.0004677211368500153
1363.6482270032125,1363.6482270032125,1.0000920636107309,0.0004676895489711023
1363.6593381815412,1363.6593381815412,0.9997987651026635,0.00046778315040389197
1363.6698938009006,1363.6698938009006,1.0003218814200783,0.00046790488955808496
1363.677116066754,1363.677116066754,0.9998955544794569,0.0004678931810030957
1363.6865605682083,1363.6865605682083,0.9994805645468924,0.00046791597018025954
1363.6946161723713,1363.6946161723713,0.99979202481279,0.0004680275617225749
1363.7018384381315,1363.7018384381315,1.0005393476132538,0.0004683764185103395
1363.7087829244358,1363.7087829244358,0.9996934025582821,0.0004682560284082173
1363.7157274107055,1363.7157274107055,0.9999760879020009,0.000468489338669657
1363.7226718969519,1363.7226718969519,1.0001580623939281,0.00046849622283418046
1363.7296163831863,1363.7296163831863,1.000681771945141,0.0004687094357225608
1363.736560869386,1363.736560869386,1.0002288980287903,0.0004687295219672794
1363.7446164733628,1363.7446164733628,0.9995166056832392,0.0004688237473606022
1363.751838738972,1363.751838738972,0.9997231152383005,0.00046901851815682027
1363.7587832251015,1363.7587832251015,0.9996999407648218,0.0004690891632811429
1363.7657277112082,1363.7657277112082,0.9998824049141039,0.0004692986565859126
1363.7726721973147,1363.7726721973147,0.9997148634569164,0.0004694183879205965
1363.7796166833746,1363.7796166833746,1.0007152715640628,0.00046977170609213
1363.7865611694228,1363.7865611694228,1.000246413179109,0.0004699233882714253
1363.7935056554481,1363.7935056554481,1.0004862866286026,0.00047018936973916803
1363.8004501414496,1363.8004501414496,0.9993812901414671,0.00047015479087600875
1363.8073946274283,1363.8073946274283,0.999781832921484,0.00047048277050476555
1363.8143391133835,1363.8143391133835,0.9998788087532761,0.0004705346150094518
1363.8212835993268,1363.8212835993268,1.0001948070882247,0.0004707545832745995
1363.8282280852359,1363.8282280852359,0.9996985027512044,0.00047085175986890217
1363.8365614682957,1363.8365614682957,0.9990714540207414,0.00047104436427129347
1363.8435059541462,1363.8435059541462,1.0003353928807956,0.0004713989799887534
1363.8504504400084,1363.8504504400084,1.000210032367851,0.00047156943167777753
1363.8573949258237,1363.8573949258237,1.0001938169766735,0.0004716185378717683
1363.8643394115927,1363.8643394115927,1.000425518603251,0.0004717529411139403
1363.8712838973738,1363.8712838973738,1.0008518618745064,0.0004719494467681655
1363.878228383119,1363.878228383119,0.9997007903705338,0.0004720195710667217
1363.8851728688412,1363.8851728688412,0.9999093779363438,0.0004719891154252773
1363.8921173545402,1363.8921173545402,1.0001418131897055,0.00047232465289949265
1363.8990618402163,1363.8990618402163,0.9994977785875893,0.00047228793288361297
1363.906006325869,1363.906006325869,0.9999984785400263,0.00047252702046584325
1363.9129508115097,1363.9129508115097,0.9999135601268592,0.00047261876162846375
1363.9198952971037,1363.9198952971037,1.000088352891281,0.00047276500710574697
1363.9268397826868,1363.9268397826868,0.9995270880014637,0.0004728332227329145
1363.9337842682344,1363.9337842682344,1.0000885722930828,0.0004730247094460164
1363.9407287537588,1363.9407287537588,1.0002500976781452,0.00047310237703453324
1363.9476732392832,1363.9476732392832,0.9996467841468265,0.00047309420360127144
1363.9546177247726,1363.9546177247726,1.0000294280477047,0.00047330788476452256
1363.9615622102392,1363.9615622102392,0.9998987536216977,0.00047346011423939565
1363.968506695682,1363.968506695682,1.0008356189618766,0.00047372341647821704
1363.9754511811016,1363.9754511811016,0.9998537665934368,0.000473697706964447
1363.9823956664866,1363.9823956664866,0.9999402604211471,0.00047392897932584577
1363.9893401518596,1363.9893401518596,0.9998059781984387,0.00047399656639459525
1363.9962846371977,1363.9962846371977,1.0004660928353837,0.00047430911049640837
1364.003229122513,1364.003229122513,0.9997626317370522,0.0004744076395660655
1364.0101736078045,1364.0101736078045,0.9994657618762082,0.00047451274706674935
1364.0171180930727,1364.0171180930727,1.0003183906477902,0.00047486237039168054
1364.0240625783063,1364.0240625783063,0.9996621794068423,0.00047494409451563277
1364.0310070635398,1364.0310070635398,0.999568253320373,0.00047510780055756073
1364.0379515487382,1364.0379515487382,1.0002151190708315,0.0004753588279143513
1364.0448960339133,1364.0448960339133,1.0008582101835661,0.0004756562644115172
1364.0546183131003,1364.0546183131003,1.0002131450255827,0.00047582465001552054
1364.0615627982174,1364.0615627982174,0.9998073016331552,0.0004758956869571602
1364.0685072833114,1364.0685072833114,1.0001344850420026,0.00047601523564793063
1364.0754517683702,1364.0754517683702,0.9997018190738629,0.0004761441877752178
1364.0823962534055,1364.0823962534055,1.000386448954395,0.0004764641528087537
1364.0893407384176,1364.0893407384176,0.9991985474084615,0.00047643244574792685
1364.096285223395,1364.096285223395,1.0006469006728573,0.00047662799495877875
1364.1032297083375,1364.1032297083375,0.9990711133662252,0.00047652090737912835
1364.1101741932796,1364.1101741932796,1.0005746282034909,0.0004770069304749089
1364.1171186782108,1364.1171186782108,0.9998570042693679,0.0004769098622157895
1364.124063163095,1364.124063163095,1.0001119102405471,0.0004769902769570243
1364.1490633084686,1364.1490633084686,1.0001165993142784,0.0004772281992714918
1364.156007793236,1364.156007793236,0.999616388369734,0.0004771400469232123
1364.1629522779808,1364.1629522779808,1.0000370867275596,0.00047713154994943207
1364.1698967626903,1364.1698967626903,1.0005177925994457,0.00047726619941661707
1364.176841247388,1364.176841247388,0.9999873428137288,0.00047727589800005766
1364.1837857320395,1364.1837857320395,0.9991347748477354,0.00047721086897957714
1364.1907302166906,1364.1907302166906,1.0004022393870884,0.0004774664726658557
1364.1976747012839,1364.1976747012839,0.9998406855273176,0.00047738634547712065
1364.2046191858653,1364.2046191858653,1.0002786313466694,0.0004775196863269723
1364.2115636704352,1364.2115636704352,0.9992953809652262,0.00047749138518371584
1364.2185081549585,1364.2185081549585,1.0012383121655826,0.0004778546835836137
1364.2254526394706,1364.2254526394706,1.0004826762922454,0.0004777562297862267
1364.2323971239352,1364.2323971239352,1.000490613048025,0.00047785645505756474
1364.2393416084008,1364.2393416084008,0.9992115290902133,0.0004778364672180918
1364.246286092819,1364.246286092819,0.9994585409812249,0.00047798270418496463
1364.253230577214,1364.253230577214,0.9997610204693569,0.00047812484889899474
1364.2601750615745,1364.2601750615745,0.9994739944094132,0.0004781583273662112
1364.267119545935,1364.267119545935,1.0005718027299781,0.000478483667603701
1364.2740640302604,1364.2740640302604,1.0003724405102523,0.00047845377869838084
1364.2810085145509,1364.2810085145509,1.0000421127485504,0.000478618893462331
1364.2879529988063,1364.2879529988063,0.9995373699007356,0.0004786150216806419
1364.2948974830388,1364.2948974830388,0.9999357084253768,0.0004786972029330175
1364.3018419672592,1364.3018419672592,0.9995806706085821,0.00047875058310324094
1364.3087864514332,1364.3087864514332,1.000488934163686,0.00047894984358263896
1364.3157309355956,1364.3157309355956,1.0003772750212447,0.00047898327608632925
1364.3226754197117,1364.3226754197117,1.0001617142405288,0.00047914133557503075
1364.3296199038275,1364.3296199038275,1.0003906905531021,0.0004792685627198985
1364.3365643879083,1364.3365643879083,0.9997318619021961,0.00047926063865637953
1364.3435088719193,1364.3435088719193,1.0003876928983264,0.0004794712214376214
1364.350453355954,1364.350453355954,0.9995380017160681,0.0004795347805400034
1364.35739783993,1364.35739783993,0.9993301329491405,0.0004795924852546426
1364.364342323894,1364.364342323894,0.9994331043234924,0.00047974117458755166
1364.3712868078355,1364.3712868078355,1.000658817402456,0.00048008501595015384
1364.3782312917303,1364.3782312917303,0.9997781422825905,0.0004801406553966088
1364.385175775602,1364.385175775602,1.0000658844567865,0.00048027796102583984
1364.3921202594497,1364.3921202594497,1.00071128319876,0.00048052957711006063
1364.3990647432515,1364.3990647432515,1.0000610161888877,0.0004806368412747511
1364.4065647857783,1364.4065647857783,1.000047377636637,0.0004807855780267838
1364.415731504319,1364.415731504319,0.9998913848437836,0.00048104699012798834
1364.4226759880391,1364.4226759880391,0.9996875492509787,0.00048112720443642886
1364.429620471736,1364.429620471736,1.0000777658295592,0.0004814571017198752
1364.4365649553977,1364.4365649553977,0.9997942585514507,0.0004815837982773409
1364.4435094390362,1364.4435094390362,0.9999888840303137,0.0004817776508571703
1364.45045392264,1364.45045392264,1.0000079027679871,0.0004820424406774392
1364.4573984062088,1364.4573984062088,0.9998803407859285,0.00048223861726621136
1364.4643428897657,1364.4643428897657,1.0005857553716289,0.0004824133867928156
1364.4712873732649,1364.4712873732649,1.0010206193570501,0.00048284110009447906
1364.4782318567518,1364.4782318567518,0.9995615217861877,0.00048278765737254966
1364.485176340239,1364.485176340239,0.9995450747866739,0.0004831113069006597
1364.4921208236563,1364.4921208236563,1.000267975051227,0.000483507777837296
1364.4990653070622,1364.4990653070622,1.0004527292413044,0.0004836822668675819
1364.5060097904445,1364.5060097904445,0.9996626959654511,0.0004838819297999939
1364.5129542737802,1364.5129542737802,0.9996170128092864,0.0004840905320307367
1364.519898757093,1364.519898757093,0.9996843944626246,0.00048430407939074215
1364.5268432403711,1364.5268432403711,1.0006933115468732,0.0004848016304534581
1364.5337877236248,1364.5337877236248,0.9992564871746985,0.0004846918924173805
1364.540732206856,1364.540732206856,1.0002822423600652,0.00048513158318898395
1364.5476766900524,1364.5476766900524,1.0003319134663227,0.0004854222132839355
1364.554621173202,1364.554621173202,1.0003180980036404,0.00048565442145753887
1364.56156565634,1364.56156565634,1.0000822140966616,0.00048586507771121283
1364.568510139443,1364.568510139443,1.00015359421643,0.00048606019427348675
1364.5754546224994,1364.5754546224994,0.999376010482701,0.0004861272536214753
1364.5823991055445,1364.5823991055445,0.9994985569018358,0.0004864088058750043
1364.5893435885541,1364.5893435885541,1.0002765786425472,0.00048683800630775983
1364.596288071541,1364.596288071541,0.9999951692881105,0.00048698834963249607
1364.6032325544923,1364.6032325544923,1.0003015260823704,0.0004872758498806709
1364.6101770374212,1364.6101770374212,1.0010225538740312,0.00048746753115919036
1364.617121520291,1364.617121520291,0.9999503024834124,0.0004876252523328327
1364.6240660031501,1364.6240660031501,0.9991492943723836,0.0004876900071792983
1364.6310104859617,1364.6310104859617,0.9995949299405777,0.00048796658610258026
1364.6379549687622,1364.6379549687622,0.9999572291880728,0.00048820776625182696
1364.6448994515274,1364.6448994515274,1.0004254665070498,0.00048842022273148
1364.6518439342465,1364.6518439342465,1.0000007898965952,0.0004884339340030011
1364.6587884169537,1364.6587884169537,0.9993695087137905,0.0004883941441875092
1364.665732899614,1364.665732899614,0.9998753529600674,0.0004886420858674168
1364.6726773822636,1364.6726773822636,1.0006450111173852,0.0004888588552740837
1364.6796218648426,1364.6796218648426,0.9996426196891225,0.0004888642252776646
1364.6865663474334,1364.6865663474334,1.0001490412887524,0.0004891283975828354
1364.6935108299779,1364.6935108299779,0.9997461676349776,0.000489162326122648
1364.7004553124868,1364.7004553124868,1.0005168265479014,0.0004896201904469162
1364.7073997949615,1364.7073997949615,1.0004891987830202,0.0004898547269025613
1364.7143442774006,1364.7143442774006,0.9999007562975348,0.0004900797480074922
1364.7212887598055,1364.7212887598055,1.0001322009591516,0.0004903481239484842
1364.7282332421987,1364.7282332421987,0.9994849688841828,0.0004907347728440316
1364.7351777245326,1364.7351777245326,0.9995123496459488,0.0004911697161715723
1364.7421222068563,1364.7421222068563,0.9998140084241662,0.0004916555358879748
1364.7490666891324,1364.7490666891324,1.000115799437924,0.0004922024789535893
1364.7560111713858,1364.7560111713858,0.9997988764482871,0.0004926386812027091
1364.7629556535926,1364.7629556535926,1.0001905756870824,0.0004933819790075634
1364.7699001357873,1364.7699001357873,0.9998850716916567,0.0004940141281020856
1364.776844617924,1364.776844617924,1.0003008392367634,0.0004946517927676786
1364.7837891000495,1364.7837891000495,1.000697949979698,0.0004953304137517341
1364.790733582128,1364.790733582128,0.9998663046655529,0.000495945106614822
1364.79767806416,1364.79767806416,0.9993607623973955,0.0004965367007602398
1364.804622546192,1364.804622546192,0.9991997570827195,0.0004971941881627048
1364.8115670281773,1364.8115670281773,1.0006409375079062,0.0004982450930262465
1364.8185115101164,1364.8185115101164,0.9997430593977942,0.0004987295659786089
1364.8254559920438,1364.8254559920438,0.9999457906373026,0.0004996575922504023
1364.8324004739247,1364.8324004739247,0.9992779446183302,0.0005001774539378044
1364.8393449557702,1364.8393449557702,1.0007116385350439,0.0005011235972869535
1364.8462894375812,1364.8462894375812,1.0001717044842473,0.0005016185551445187
1364.8532339193687,1364.8532339193687,1.0000932075656497,0.0005022121868397672
1364.8601784011094,1364.8601784011094,1.0000273683332748,0.0005027171302182016
1364.8671228828157,1364.8671228828157,1.000255318941896,0.0005030231026943264
1364.8740673644986,1364.8740673644986,0.9997988339465976,0.0005035228132760777
1364.8810118461345,1364.8810118461345,1.0000094532346808,0.000503881141982831
1364.887956327736,1364.887956327736,0.9996407059740282,0.000504035434267849
1364.8949008093257,1364.8949008093257,1.000189126233169,0.0005043260952973934
1364.9018452908454,1364.9018452908454,1.0001392190887999,0.0005046424273712777
1364.9087897723653,1364.9087897723653,0.9993874363393734,0.0005045980020015197
1364.9157342538151,1364.9157342538151,1.0002152537854267,0.0005048534449843477
1364.922678735265,1364.922678735265,0.9999588604629072,0.000504811322395181
1364.9296232166569,1364.9296232166569,1.0009310683287542,0.0005050215531771298
1364.936567698025,1364.936567698025,0.9996620194145329,0.0005048726658502949
1364.9435121793358,1364.9435121793358,1.0001308404169262,0.0005050026496551095
1364.9504566606342,1364.9504566606342,0.9997618148114,0.0005050142838672123
1364.957401141898,1364.957401141898,0.9998032758982559,0.0005048913759231811
1364.9643456231152,1364.9643456231152,1.0002355855445288,0.0005049523584073409
1364.971290104309,1364.971290104309,0.9994540145265555,0.000504870978243251
1364.9782345854562,1364.9782345854562,0.999908516235702,0.0005048570761332637
1364.985179066557,1364.985179066557,1.0004832814024625,0.0005048921011860275
1364.9921235476463,1364.9921235476463,1.0009518680663507,0.0005048833296722392
1364.9990680286653,1364.9990680286653,0.999497020523162,0.0005046971167900352
1365.0060125096845,1365.0060125096845,0.9996762858327471,0.0005047422346293892
1365.0129569906571,1365.0129569906571,1.000127823490606,0.0005048392151102059
1365.0199014715831,1365.0199014715831,1.0002633048861767,0.0005050179996846702
1365.0268459524746,1365.0268459524746,1.0000353168820115,0.0005050776389393481
1365.0337904333423,1365.0337904333423,1.0002918820673818,0.0005051367667991292
1365.040734914152,1365.040734914152,1.0000493616174535,0.000505148507662525
1365.0476793949383,1365.0476793949383,0.9997915921901658,0.0005053440258499983
1365.05462387569,1365.05462387569,1.0000787503551405,0.0005055557760915684
1365.0615683563944,1365.0615683563944,1.0000951239333407,0.0005056893677581056
1365.0685128370646,1365.0685128370646,0.9994310005509792,0.00050569658334719
1365.0754573176998,1365.0754573176998,1.0007165497798474,0.0005059733910298571
1365.0824017983116,1365.0824017983116,0.9990177594026914,0.0005058415586151734
1365.089346278853,1365.089346278853,1.0005554727398769,0.0005061088487054212
1365.096290759384,1365.096290759384,1.0007277449067746,0.0005060505522125016
1365.1032352398674,1365.1032352398674,0.9993402150430473,0.0005057770129194351
1365.1101797203162,1365.1101797203162,0.9997631522048082,0.0005058467114198246
1365.117124200707,1365.117124200707,0.999902263155455,0.000505706794831256
1365.1240686810856,1365.1240686810856,0.9999845150653617,0.0005054096603100861
1365.1310131614184,1365.1310131614184,0.9999241925524804,0.0005052740447845552
1365.137957641704,1365.137957641704,1.0001969201374545,0.000505055986240019
1365.1449021219664,1365.1449021219664,1.0000201780665112,0.000504800167058726
1365.1518466021826,1365.1518466021826,1.0003473208825155,0.0005045799678098336
1365.1587910823635,1365.1587910823635,1.0007370181758997,0.0005042373624594356
1365.1657355624982,1365.1657355624982,0.9997644414814941,0.0005038144845266859
1365.1726800425977,1365.1726800425977,1.0001202223044547,0.0005035017441753475
1365.1796245226622,1365.1796245226622,1.0003610957346107,0.0005030253659981974
1365.186569002657,1365.186569002657,1.000064216238313,0.0005026831857136196
1365.1935134826515,1365.1935134826515,0.9991291493395613,0.0005020378718610067
1365.2004579626114,1365.2004579626114,1.0000888940831358,0.0005016437591286841
1365.2074024425015,1365.2074024425015,1.0000545070577604,0.0005010733612249573
1365.21434692238,1365.21434692238,0.9994654069791992,0.0005005379657637338
1365.2212914022004,1365.2212914022004,1.0003668290226908,0.0004999770577422396
1365.2282358819855,1365.2282358819855,1.000090406341743,0.0004993683393934277
1365.2351803617355,1365.2351803617355,1.0001900638521664,0.0004987883156241134
1365.2421248414512,1365.2421248414512,1.0002871402646525,0.0004982188380948838
1365.2490693210966,1365.2490693210966,1.0000838206593614,0.0004976244974159377
1365.2560138007188,1365.2560138007188,0.9995561364186617,0.0004969169696770755
1365.262958280306,1365.262958280306,0.9998988688836052,0.0004964246364622005
1365.269902759847,1365.269902759847,1.0001374383405057,0.0004958844291306721
1365.2768472393532,1365.2768472393532,1.0003828189917903,0.0004952465313118467
1365.2846250563302,1365.2846250563302,0.9997662017648489,0.0004946313261383599
1365.2921250940956,1365.2921250940956,0.999866633233751,0.0004940616265811453
1365.2990695734852,1365.2990695734852,0.9999789864783961,0.0004934543160514496
1365.3060140528046,1365.3060140528046,0.9998844214070026,0.0004929268942345172
1365.31434742796,1365.31434742796,1.0002050695299385,0.000492229132186452
1365.3212919071982,1365.3212919071982,0.9993030068179187,0.0004916741027407487
1365.3282363863896,1365.3282363863896,0.9999670894069439,0.0004911047334921957
1365.3368475405125,1365.3368475405125,1.000796450531782,0.0004904576008773856
1365.3449031362936,1365.3449031362936,0.9998997479121646,0.0004897922009466397
1365.3518476153454,1365.3518476153454,0.9999497719553606,0.0004890632256011518
1365.3587920943735,1365.3587920943735,1.0003808550358468,0.0004885870301552716
1365.365736573344,1365.365736573344,1.000103564906604,0.0004880442451626171
1365.372681052268,1365.372681052268,0.9995408738000215,0.0004874416312587464
1365.379625531145,1365.379625531145,1.0000821756559404,0.0004869993291610728
1365.386570009976,1365.386570009976,0.9993174072694156,0.0004864407356032576
1365.3935144888062,1365.3935144888062,1.000085744043242,0.000486003958630973
1365.4004589675556,1365.4004589675556,0.9999071088349407,0.0004856228610190795
1365.4074034462815,1365.4074034462815,1.0005618426038496,0.0004852790842825561
1365.4143479249492,1365.4143479249492,1.0005340711532407,0.00048486441101535955
1365.4212924035817,1365.4212924035817,0.9999281855278964,0.000484297971200382
1365.4282368821562,1365.4282368821562,0.9997490245948806,0.0004838932708928983
1365.4351813607072,1365.4351813607072,0.9996587713362031,0.0004835024320599997
1365.4421258392122,1365.4421258392122,0.9996876692274006,0.00048299051089066065
1365.4490703176702,1365.4490703176702,0.9995289711005881,0.00048268678756891944
1365.456014796082,1365.456014796082,1.000538944537818,0.0004825971407393779
1365.4629592744584,1365.4629592744584,0.9999947529561289,0.00048212719057381704
1365.4699037527766,1365.4699037527766,1.00021183698911,0.00048187026452657276
1365.4768482310487,1365.4768482310487,1.0006130486792304,0.0004816303195710432
1365.4837927092972,1365.4837927092972,1.0002845158932974,0.0004812854976160404
1365.490737187476,1365.490737187476,0.9996104628460293,0.00048097555412214045
1365.4976816656313,1365.4976816656313,0.9997657562698816,0.0004807443922124987
1365.50462614374,1365.50462614374,1.0000488305986297,0.00048052168282145734
1365.511570621791,1365.511570621791,0.9994180959958434,0.0004803549871185366
1365.5185150998063,1365.5185150998063,1.000010924338087,0.0004801338125743519
1365.525459577799,1365.525459577799,0.999913119320811,0.00048001523598740787
1365.5324040556984,1365.5324040556984,1.000024826445806,0.0004797073253959568
1365.5393485335744,1365.5393485335744,1.0005203937615257,0.0004796488596669487
1365.546293011427,1365.546293011427,1.0000274034512902,0.0004794326077033682
1365.5532374891986,1365.5532374891986,1.000288566454047,0.00047923158501935874
1365.5601819669466,1365.5601819669466,1.0000929383068333,0.00047910501908041646
1365.5671264446246,1365.5671264446246,0.9997500415938255,0.0004788538497339454
1365.5740709222791,1365.5740709222791,1.0002794624647957,0.00047881739734910634
1365.5810153998991,1365.5810153998991,0.9994464982971326,0.00047869684652781564
1365.5879598774493,1365.5879598774493,0.9993936169613902,0.0004784657093366215
1365.5949043549645,1365.5949043549645,1.000419480062256,0.00047857040001979365
1365.601848832433,1365.601848832433,1.0001978355619943,0.0004784425421205908
1365.6087933098552,1365.6087933098552,1.000243934942408,0.000478438445100453
1365.6157377872303,1365.6157377872303,1.0002224618763782,0.0004782844349756181
1365.622682264559,1365.622682264559,1.0003263542517056,0.0004781971736121984
1365.62962674183,1365.62962674183,0.9996592670159389,0.00047803821461733336
1365.636571219066,1365.636571219066,0.9992990215786242,0.0004779950987341521
1365.6435156962439,1365.6435156962439,0.9999022901437471,0.0004779797976341563
1365.6504601733977,1365.6504601733977,0.9999350055685637,0.000477944228716007
1365.6574046504934,1365.6574046504934,1.0003253613995855,0.00047780112919245396
1365.6643491275202,1365.6643491275202,1.0000347414769948,0.0004777799399195345
1365.6712936045228,1365.6712936045228,1.0000256976784319,0.00047755030978047924
1365.6782380814675,1365.6782380814675,1.0002353806677986,0.000477573191654229
1365.6851825583658,1365.6851825583658,0.9994237213112976,0.0004772018173715307
1365.692127035217,1365.692127035217,1.0001370181097267,0.00047716223405151547
1365.6990715120107,1365.6990715120107,1.0000957544597466,0.00047706217429018097
1365.7060159887806,1365.7060159887806,1.0003358388347605,0.00047694357572894235
1365.7129604654924,1365.7129604654924,1.000486027119487,0.0004768648825914031
1365.7199049421465,1365.7199049421465,1.0000637927555713,0.0004766709325842395
1365.7268494187533,1365.7268494187533,0.999617704423091,0.0004764516977584348
1365.7337938953256,1365.7337938953256,0.9993858860280473,0.0004763286213424758
1365.7407383718396,1365.7407383718396,1.0004885818225748,0.00047645519190594386
1365.7476828483068,1365.7476828483068,0.9999584459224204,0.000476213291706399
1365.7546273247162,1365.7546273247162,0.9997744074291888,0.0004760675155559362
1365.7615718010904,1365.7615718010904,0.9998466088492733,0.0004759531484077019
1365.7685162774064,1365.7685162774064,0.999859351995903,0.00047586175302371115
1365.7754607536529,1365.7754607536529,0.9996931623279892,0.0004756620198799281
1365.7824052298643,1365.7824052298643,1.0006671651298291,0.00047577551541512335
1365.7893497060518,1365.7893497060518,0.9996670301023947,0.0004755069759521715
1365.7962941821818,1365.7962941821818,0.9991614272756614,0.0004754855907871108
1365.8032386582415,1365.8032386582415,1.000399348681841,0.0004754869893001487
1365.810183134267,1365.810183134267,1.0005698902633209,0.00047557170324508027
1365.8171276102219,1365.8171276102219,1.0007135287332538,0.0004755305816232987
1365.8240720861425,1365.8240720861425,0.9998135571275736,0.0004752599692915436
1365.831016562016,1365.831016562016,0.9996924186829957,0.0004752521853999868
1365.8379610378313,1365.8379610378313,0.9993547892910393,0.0004751970979363332
1365.8449055136002,1365.8449055136002,0.9997033978876406,0.0004753295892036428
1365.8518499893228,1365.8518499893228,1.000330641277935,0.00047535578591753386
1365.8587944649869,1365.8587944649869,0.9998010358993448,0.00047517636511567164
1365.8657389406046,1365.8657389406046,1.0000221500636306,0.00047534267241963995
1365.872683416164,1365.872683416164,0.9995255659735539,0.00047515313674640475
1365.8796278916648,1365.8796278916648,0.999845058061467,0.000475133766354563
1365.886572367131,1365.886572367131,1.0007786083579746,0.0004752853537788434
1365.8935168425392,1365.8935168425392,1.00034622050054,0.0004751520077976875
1365.900461317889,1365.900461317889,0.9997285712138415,0.0004750242824062531
1365.9074057932041,1365.9074057932041,0.9998222868111345,0.0004750267782078437
1365.9143502684606,1365.9143502684606,1.000343144824987,0.0004750916095804749
1365.9212947436595,1365.9212947436595,0.9998317865758672,0.00047501952081878786
1365.928239218811,1365.928239218811,0.9999344248228507,0.00047494661842104367
1365.9351836938934,1365.9351836938934,0.9997823298347221,0.00047485470959704424
1365.9421281689406,1365.9421281689406,1.0000920457745495,0.0004749111109040814
1365.9490726439412,1365.9490726439412,0.9999646212005253,0.0004748316209524102
1365.9562948978735,1365.9562948978735,1.000362497806521,0.00047480773031999686
1365.964350488754,1365.964350488754,0.9998316371530749,0.0004747148051399896
1365.971294963568,1365.971294963568,1.000118930242953,0.0004746796428329376
1365.9785172173376,1365.9785172173376,0.9993294041617714,0.0004745169012192428
1365.9865728079963,1365.9865728079963,0.9998650039631356,0.00047455805278759074
1365.9935172826476,1365.9935172826476,0.9997869377425126,0.00047448691462764655
1366.0004617572527,1366.0004617572527,0.9999630504861668,0.0004744936743934015
1366.0074062317992,1366.0074062317992,1.000851975640406,0.00047449070301320916
1366.014350706276,1366.014350706276,0.9993329703781482,0.00047429590348918506
1366.021295180741,1366.021295180741,1.0001971251256392,0.00047437405125008383
1366.028517434091,1366.028517434091,0.9998320298333461,0.00047428815189542425
1366.0365730243193,1366.0365730243193,1.0003728096048707,0.0004742720243670818
1366.0435174985869,1366.0435174985869,0.9993706670873701,0.0004740328615520686
1366.0504619727958,1366.0504619727958,1.0006606696926108,0.0004741468103250453
1366.0599064576375,1366.0599064576375,1.0010218766491525,0.0004743740321960793
1366.0701842792873,1366.0701842792873,1.0002869199092728,0.0004741102704693724
1366.079350984964,1366.079350984964,1.0000450237169758,0.0004740330194304762
1366.0865732378606,1366.0865732378606,0.9993899057195336,0.000473847791262112
1366.0935177117433,1366.0935177117433,1.0003795233479515,0.00047398153721775384
1366.1004621855568,1366.1004621855568,0.9996624260927671,0.0004739274596009424
1366.1074066593235,1366.1074066593235,0.9993319039354642,0.000473807645587948
1366.1143511330436,1366.1143511330436,0.9995640632037379,0.00047379652771345205
1366.1212956066934,1366.1212956066934,0.9997825845472745,0.00047374668517733055
1366.1282400803084,1366.1282400803084,1.0000945168281015,0.00047380958195762256
1366.1351845538657,1366.1351845538657,0.9989891692822617,0.0004734136069260782
1366.1421290273645,1366.1421290273645,0.9999410919478773,0.00047341514694606977
1366.1490735008051,1366.1490735008051,1.000271850666154,0.00047347339179803865
1366.1560179741875,1366.1560179741875,1.0012060213275937,0.00047344570627634185
1366.1629624474886,1366.1629624474886,1.0007315856983783,0.0004732059189454901
1366.1699069207893,1366.1699069207893,1.0002363876867884,0.000473200614355216
1366.176851394009,1366.176851394009,0.9998706166888777,0.0004729964552093116
1366.1837958671701,1366.1837958671701,0.9994759375783367,0.0004730804841206868
1366.1915736770459,1366.1915736770459,0.9998705336085983,0.0004730756291955548
1366.1990737079552,1366.1990737079552,0.999573852321712,0.00047272539301370834
1366.2060181809186,1366.2060181809186,1.0001276115806181,0.0004727864322915421
1366.2129626538585,1366.2129626538585,0.9994293747575862,0.00047293579502020674
1366.2199071267285,1366.2199071267285,0.9997395361174901,0.0004728709860675049
1366.2279627151988,1366.2279627151988,1.0001358038118826,0.00047288089604346427
1366.2351849668496,1366.2351849668496,1.0004210370629925,0.0004728169657009829
1366.2421294395456,1366.2421294395456,1.000448943172263,0.00047258080249564427
1366.2490739121827,1366.2490739121827,1.0003611471369456,0.0004726124502939717
1366.2560183847734,1366.2560183847734,1.000280994197397,0.00047270041592141027
1366.2629628572945,1366.2629628572945,0.9995550617245412,0.00047246939953460125
1366.2699073297451,1366.2699073297451,0.9996030727037027,0.0004722630797142827
1366.2768518021735,1366.2768518021735,0.9998280793786007,0.0004722768549450548
1366.283796274543,1366.283796274543,0.9997444908511257,0.00047229557189167943
1366.2907407468429,1366.2907407468429,0.9996005847124618,0.0004721325057175196
1366.2976852190845,1366.2976852190845,1.0001590950093813,0.0004723493756450238
1366.304629691291,1366.304629691291,1.0005207671873269,0.0004723987934938835
1366.311574163416,1366.311574163416,1.0000223862358704,0.00047229137761489693
1366.3185186354945,1366.3185186354945,0.9996110232446845,0.0004721218978199943
1366.3254631075033,1366.3254631075033,1.0007536568700472,0.00047222466773727144
1366.3324075794776,1366.3324075794776,1.0001266472430674,0.00047201360068401687
1366.3393520513928,1366.3393520513928,1.0005351900080375,0.00047200520870792784
1366.34629652325,1366.34629652325,0.9994458073535238,0.0004717787633464598
1366.354629889384,1366.354629889384,1.0000007852927668,0.0004719339672182854
1366.3615743611012,1366.3615743611012,0.9996722961303041,0.0004719510503967784
1366.368518832784,1366.368518832784,0.9994934590768219,0.0004717708153561594
1366.3754633043968,1366.3754633043968,1.0006070947360728,0.00047197221659857233
1366.3824077759632,1366.3824077759632,0.9999438609918168,0.000471677965937093
1366.389352247448,1366.389352247448,1.0005907593091106,0.0004719146238383769
1366.3962967188977,1366.3962967188977,0.9992977706451425,0.00047155883849392643
1366.4043523057035,1366.4043523057035,0.9996612923693856,0.0004715742767145848
1366.4115745558877,1366.4115745558877,0.9999678848084133,0.0004713965027845597
1366.4185190271514,1366.4185190271514,0.9991960044534862,0.00047125604038430883
1366.4254634983681,1366.4254634983681,1.0008997392211958,0.0004717704275169907
1366.4324079695275,1366.4324079695275,1.0001234710886486,0.0004715367793143043
1366.4393524406046,1366.4393524406046,1.0004097325855423,0.0004716415693868666
1366.4462969116582,1366.4462969116582,1.0008432864395327,0.00047167423456513223
1366.4532413826314,1366.4532413826314,0.999198435846818,0.0004714494817543729
1366.460185853581,1366.460185853581,0.9999383739288252,0.00047150823934856336
1366.4671303244484,1366.4671303244484,0.9998268323739096,0.0004715253354816923
1366.4740747952703,1366.4740747952703,0.9997370384371577,0.00047153646627528384
1366.481019266033,1366.481019266033,1.0001052466508447,0.0004714849028098587
1366.487963736738,1366.487963736738,0.9995100582654338,0.00047147694210175606
1366.4949082073965,1366.4949082073965,1.0000530795041398,0.00047152363119089513
1366.5032415721093,1366.5032415721093,1.0003466321124406,0.0004717281567726015
1366.5101860426398,1366.5101860426398,1.0002861320033785,0.0004716772846958937
1366.5171305131237,1366.5171305131237,0.999869800342249,0.0004716928978367907
1366.5240749835255,1366.5240749835255,1.0004677615380706,0.00047183833990642346
1366.5310194539045,1366.5310194539045,0.9998420753511896,0.0004716790093079083
1366.5379639242249,1366.5379639242249,1.0001925864349985,0.0004718382896307098
1366.544908394476,1366.544908394476,0.9993838332476601,0.0004716564804672539
1366.5518528646921,1366.5518528646921,0.9996149178733156,0.0004716616737491977
1366.5587973348381,1366.5587973348381,1.0002141637086477,0.00047192689677361154
1366.5657418049373,1366.5657418049373,1.0000780505741647,0.00047177311364583676
1366.5726862749673,1366.5726862749673,1.000006765813068,0.00047180489246765407
1366.5796307449732,1366.5796307449732,0.9998627778587974,0.000471982069794947
1366.5865752149098,1366.5865752149098,0.9999517399338794,0.0004720345109334269
1366.5935196847888,1366.5935196847888,0.999767361128289,0.00047209608290807345
1366.6004641546203,1366.6004641546203,1.0005663676413943,0.0004722675946665744
1366.6074086243939,1366.6074086243939,1.0004616350743962,0.0004724169787086537
1366.6143530941208,1366.6143530941208,1.0005134672837692,0.00047234478062875535
1366.6212975637895,1366.6212975637895,0.9995056249121964,0.00047221779916057196
1366.6390754058589,1366.6390754058589,0.9995833153391448,0.00047265499860851053
1366.6532421236163,1366.6532421236163,0.9996210170848508,0.0004730179915601562
1366.6601865930056,1366.6601865930056,1.000263443805728,0.00047333425068968776
1366.6671310623253,1366.6671310623253,1.0003192079800756,0.0004734417218839945
1366.6740755316212,1366.6740755316212,1.0001457585681093,0.0004734945799798903
1366.681020000848,1366.681020000848,0.9997478432767639,0.0004734863131785265
1366.6879644700396,1366.6879644700396,1.0001040892361412,0.0004736740752289922
1366.6949089391612,1366.6949089391612,0.9997004765025915,0.0004736826952790174
1366.7018534082479,1366.7018534082479,1.0004691923342546,0.0004739404848154937
1366.7087978772881,1366.7087978772881,1.0002019676459128,0.0004740822717232437
1366.7157423462813,1366.7157423462813,1.000175661558477,0.00047413213303963535
1366.722686815217,1366.722686815217,1.0005855083199218,0.0004740191157138378
1366.7296312841174,1366.7296312841174,0.9998549320920975,0.0004739480519865404
1366.7365757529712,1366.7365757529712,1.0001865601417084,0.00047402814784681024
1366.743520221767,1366.743520221767,1.0004123228678217,0.0004740743770203051
1366.7504646905277,1366.7504646905277,0.9994594853821137,0.00047401790947487526
1366.75740915923,1366.75740915923,0.9998977379507963,0.0004740806864958772
1366.7643536278981,1366.7643536278981,0.9987279043332624,0.0004739245131741211
1366.771298096519,1366.771298096519,1.0007381242497384,0.0004742138163293879
1366.7782425650935,1366.7782425650935,1.0007719461216484,0.00047428006636668536
1366.7851870336096,1366.7851870336096,1.0006854626865702,0.00047427071729434187
1366.7921315021026,1366.7921315021026,0.9996040845074419,0.0004741795091187089
1366.7990759705608,1366.7990759705608,0.9996413765134561,0.0004741742816782627
1366.806020438949,1366.806020438949,0.9998405974620251,0.0004741929123195661
1366.8129649073023,1366.8129649073023,1.0003611922650317,0.0004743417955570104
1366.819909375644,1366.819909375644,0.9991800587085541,0.00047413330192960475
1366.8268538439156,1366.8268538439156,0.9998974003146783,0.00047432102546075074
1366.833798312164,1366.833798312164,1.000672233477868,0.00047454754953074504
1366.8407427803663,1366.8407427803663,1.000265818337117,0.00047432378421320497
1366.8476872485219,1366.8476872485219,0.9996841756225263,0.00047438477712122095
1366.854631716654,1366.854631716654,0.9996023288508782,0.0004743912125106171
1366.8615761847277,1366.8615761847277,1.0003032904554185,0.00047446090203491856
1366.8685206527896,1366.8685206527896,0.9999155595570601,0.000474357821658113
1366.8754651208058,1366.8754651208058,0.9998551526505643,0.0004744445980815248
1366.8824095887746,1366.8824095887746,1.0001236411008627,0.00047444244503327585
1366.8893540567321,1366.8893540567321,1.000446960349964,0.0004745601419253516
1366.896298524643,1366.896298524643,1.0000392755237102,0.000474513896498523
1366.9032429925192,1366.9032429925192,0.9996946748376534,0.00047455550302544035
1366.9101874603718,1366.9101874603718,0.9998947754130156,0.0004745032950669666
1366.9171319281782,1366.9171319281782,1.0002329241827521,0.00047464855511184705
1366.9240763959492,1366.9240763959492,1.0000437683949825,0.0004746357926457452
1366.9310208637205,1366.9310208637205,0.9997030797579199,0.0004746807698011122
1366.9379653314452,1366.9379653314452,0.9999519438789217,0.0004746243177766531
1366.9449097991462,1366.9449097991462,0.9996358491827897,0.0004746670144420936
1366.951854266813,1366.951854266813,1.0004761802434514,0.00047478051435870917
1366.9587987344676,1366.9587987344676,1.0003682559293208,0.0004747392133474202
1366.9657432020879,1366.9657432020879,0.9999730118021967,0.0004746694565329284
1366.9726876696843,1366.9726876696843,0.9996741795347232,0.00047467560586042935
1366.9796321372573,1366.9796321372573,1.0000699050400883,0.00047471898118896266
1366.9865766048076,1366.9865766048076,0.9998784541424692,0.0004747049317199224
1366.9935210723227,1366.9935210723227,0.9997611712377641,0.0004746764526567357
1367.0004655398614,1367.0004655398614,1.0008822731722986,0.00047478409596856855
1367.0074100073412,1367.0074100073412,1.000086177286162,0.0004747751218065215
1367.0143544748214,1367.0143544748214,1.0000577347516109,0.00047473067401662217
1367.0212989422555,1367.0212989422555,0.9992455152689012,0.000474629941121264
1367.0282434097003,1367.0282434097003,1.0001461133800642,0.000474780516141252
1367.0351878771223,1367.0351878771223,0.9994517957195432,0.00047472553105793537
1367.0421323445448,1367.0421323445448,1.0004996442668639,0.0004747526792018756
1367.049076811943,1367.049076811943,0.9994155520945164,0.0004746551516832025
1367.05602127933,1367.05602127933,0.999796435684553,0.0004746700726508739
1367.0629657467055,1367.0629657467055,1.0001227422537582,0.00047474541147769127
1367.0699102140813,1367.0699102140813,1.0004519244913772,0.00047474735938768874
1367.0768546814447,1367.0768546814447,1.0008842060241954,0.00047466649835967503
1367.0837991487965,1367.0837991487965,0.999210435541646,0.0004743933071117134
1367.0907436161606,1367.0907436161606,1.0003139711240518,0.00047438437571287515
1367.0976880835126,1367.0976880835126,0.9994400343888064,0.0004741831883342582
1367.104632550853,1367.104632550853,1.0002750171126595,0.0004742530406044475
1367.1115770182055,1367.1115770182055,1.0005635586804889,0.0004740743779712687
1367.1185214855573,1367.1185214855573,0.9995558758971679,0.00047374677630291647
1367.1254659529097,1367.1254659529097,0.9998374090300235,0.0004736806277424733
1367.1324104202733,1367.1324104202733,0.9997830375265547,0.00047348864711601517
1367.1393548876372,1367.1393548876372,0.9998910268042447,0.00047322589172364764
1367.1462993550008,1367.1462993550008,0.9999020359022752,0.0004731541448151449
1368.022415222285,1368.022415222285,1.000835572121289,0.0004664586392784122
1368.6088073181404,1368.6088073181404,1.000237342885685,0.0004619042145798536
1368.6157518213017,1368.6157518213017,0.9997745780871037,0.0004617485667232005
1368.6226963246033,1368.6226963246033,0.9997049965970476,0.0004619051870489367
1368.6296408280557,1368.6296408280557,0.9998462576445817,0.00046181312906346363
1368.636585331683,1368.636585331683,0.99971795317139,0.0004618336762733069
1368.6435298354263,1368.6435298354263,0.99969043863453,0.0004618409898929479
1368.6504743393211,1368.6504743393211,0.9995726241949722,0.0004618430024397097
1368.6574188433679,1368.6574188433679,1.0005795157409474,0.000462082608679677
1368.6643633475537,1368.6643633475537,0.9999168968117985,0.0004618567183840449
1368.6713078518908,1368.6713078518908,1.000337832466739,0.0004619004577058267
1368.6782523563566,1368.6782523563566,1.0004624597657539,0.00046199870955177896
1368.6851968609615,1368.6851968609615,0.9997547720705562,0.0004617904290303734
1368.6921413656946,1368.6921413656946,0.9995486976881803,0.000461819870667309
1368.6990858705672,1368.6990858705672,1.0001603341643328,0.0004618565050444383
1368.70603037558,1368.70603037558,1.0000967035119623,0.00046186931251199724
1368.7129748807208,1368.7129748807208,1.0000469418376081,0.00046191164863671293
1368.7199193860126,1368.7199193860126,0.9995918899481507,0.00046181899223862846
1368.7268638914206,1368.7268638914206,1.000296386618929,0.0004619289076142453
1368.7338083969457,1368.7338083969457,0.9995558219926124,0.00046180351334380014
1368.740752902622,1368.740752902622,0.9996685485832444,0.0004619107516207365
1368.7476974084377,1368.7476974084377,1.0007274078488881,0.0004620902179356242
1368.7546419143466,1368.7546419143466,1.0003257559423124,0.00046196954804393923
1368.7615864203838,1368.7615864203838,0.9999685473117272,0.00046189595677621607
1368.7685309265603,1368.7685309265603,1.0002213522549113,0.00046194280982639736
1368.7754754328537,1368.7754754328537,0.9998265537821334,0.00046181026271239974
1368.782419939263,1368.782419939263,0.9998026889714244,0.0004618165247013594
1368.7893644458004,1368.7893644458004,0.9994313692099472,0.0004617726868226461
1368.796308952466,1368.796308952466,0.999984177759169,0.0004619093038456819
1368.8032534592367,1368.8032534592367,1.000441569722202,0.0004619131629167244
1368.8101979661235,1368.8101979661235,0.999362913654857,0.00046177856939042406
1368.817142473115,1368.817142473115,1.000748933254955,0.00046199811099504614
1368.824086980258,1368.824086980258,1.0002421350059891,0.0004620045443614839
1368.8310314874825,1368.8310314874825,0.9998481625583328,0.000461825656367788
1368.8379759948352,1368.8379759948352,1.000202603828925,0.0004618870144202633
1368.8449205022805,1368.8449205022805,0.9998859735328907,0.0004618330328876524
1368.8518650098774,1368.8518650098774,0.999433794822344,0.00046178819480065014
1368.8588095175444,1368.8588095175444,1.0005683658518805,0.0004619222850886391
1368.8657540253162,1368.8657540253162,1.0000725397822574,0.00046195120569761307
1368.8726985332155,1368.8726985332155,0.9998239984163501,0.0004618432218486751
1368.8796430412199,1368.8796430412199,0.9999953270269012,0.00046186890905721025
1368.8865875493295,1368.8865875493295,1.0001234895266569,0.00046195914187554073
1368.8935320575438,1368.8935320575438,1.0000225016785669,0.0004619562455510398
1368.9004765658387,1368.9004765658387,0.9997037645019553,0.00046182568842426986
1368.9074210742624,1368.9074210742624,0.9997069260704095,0.0004618811309072339
1368.9143655827788,1368.9143655827788,1.0003902530045086,0.00046201535444405595
1368.921310091389,1368.921310091389,0.999510631152142,0.0004618543540169352
1368.9282546001268,1368.9282546001268,1.0002565905179899,0.0004618793417173393
1368.935199108934,1368.935199108934,0.9998297793625852,0.00046187345025327386
1368.9421436178466,1368.9421436178466,1.0003204078802992,0.00046195421867443906
1368.9490881268525,1368.9490881268525,0.9998723283319109,0.00046182794807266426
1368.956032635951,1368.956032635951,0.9998307305138454,0.0004618870321243013
1368.9629771451425,1368.9629771451425,1.0001306121558133,0.0004618892060849058
1368.9699216544514,1368.9699216544514,0.9997037079412469,0.00046179521522307887
1368.9768661638295,1368.9768661638295,1.0009325502431339,0.0004620115440816171
1368.9838106733123,1368.9838106733123,1.0002116549957836,0.0004618612853380326
1368.9907551828887,1368.9907551828887,0.9998658167819181,0.00046183376164038865
1368.9976996925338,1368.9976996925338,0.9993447630403395,0.0004617699268297945
1369.0046442022965,1369.0046442022965,0.9997415249465653,0.0004617870599098125
1369.011588712129,1369.011588712129,1.0006729435191861,0.00046196508621138894
1369.0185332220774,1369.0185332220774,0.9994128497958836,0.0004618314878358787
1369.0254777320724,1369.0254777320724,1.0001194887704101,0.00046193992725989346
1369.0324222421607,1369.0324222421607,1.0001803909742386,0.00046185302343711675
1369.0393667523417,1369.0393667523417,0.9995343833977468,0.00046177958869104296
1369.0463112626053,1369.0463112626053,1.0001950408445262,0.0004619731738571698
1369.0532557729725,1369.0532557729725,0.9998275169988415,0.00046187619542013115
1369.0602002833864,1369.0602002833864,1.0002753877330925,0.00046191055702212477
1369.0671447939178,1369.0671447939178,1.000014578425908,0.00046189313236007917
1369.0740893045063,1369.0740893045063,1.0004054068675372,0.0004619387105262313
1369.0810338151882,1369.0810338151882,0.9999037973590822,0.0004619458608862667
1369.0879783259402,1369.0879783259402,1.0001482607356191,0.00046193648942105927
1369.094922836773,1369.094922836773,0.9998691294854927,0.0004618672371160404
1369.1018673476767,1369.1018673476767,1.0000566645772426,0.00046192393454333556
1369.1088118586727,1369.1088118586727,0.9992890834810698,0.0004617915984562084
1369.1157563697275,1369.1157563697275,0.9999129527257551,0.00046192800852349854
1369.122700880875,1369.122700880875,0.9998349211818602,0.0004618675552929827
1369.1296453920927,1369.1296453920927,1.0004013164500327,0.0004619894250704313
1369.1365899033801,1369.1365899033801,1.0007890386203866,0.00046201088994118975
1369.143534414737,1369.143534414737,0.9998000106407655,0.00046184793855852597
1369.1504789261876,1369.1504789261876,0.9999346093609678,0.00046191947625542006
1369.1574234376963,1369.1574234376963,0.9999073515946005,0.00046191682442450657
1369.1643679492743,1369.1643679492743,1.000260730509221,0.000461975535467129
1369.1713124609228,1369.1713124609228,0.9995881483270553,0.00046185259844262543
1369.1782569726524,1369.1782569726524,0.999851322705253,0.00046181123454410307
1369.1852014844403,1369.1852014844403,0.9992766311402216,0.00046171167907823674
1369.1921459962982,1369.1921459962982,1.0002180202097908,0.00046189123970197385
1369.199090508237,1369.199090508237,1.00056901394954,0.00046204527019793825
1369.2060350202466,1369.2060350202466,1.0005950521892313,0.00046200638549492455
1369.212979532279,1369.212979532279,0.9999377052939276,0.00046186937283555616
1369.219924044416,1369.219924044416,1.0002370330870494,0.000461969532287756
1369.2268685565998,1369.2268685565998,0.9999936383049259,0.00046191990504324215
1369.233813068865,1369.233813068865,0.9996145408065719,0.0004618671860234746
1369.2407575811885,1369.2407575811885,0.9998516781169812,0.0004619759069075335
1369.2477020935708,1369.2477020935708,0.999498861726708,0.0004618693665886549
1369.2546466060217,1369.2546466060217,0.9998101039934234,0.0004618190753000835
1369.2615911185312,1369.2615911185312,0.9996157738263161,0.0004618770564696507
1369.2685356311226,1369.2685356311226,1.0009055648486491,0.0004621646302126441
1369.2754801437372,1369.2754801437372,0.9999722373045895,0.00046190366572009716
1369.282424656433,1369.282424656433,0.9999329512026914,0.00046193423037519066
1369.2893691691872,1369.2893691691872,1.000717844139285,0.0004620770702515115
1369.2963136820115,1369.2963136820115,0.9996180918618405,0.00046191944841580506
1369.3032581948937,1369.3032581948937,0.9999017785353491,0.0004618909437073476
1369.310202707799,1369.310202707799,0.9999394485469173,0.00046187218328230405
1369.3171472207862,1369.3171472207862,0.9999011809406383,0.00046184089792379693
1369.3240917338426,1369.3240917338426,1.0001383871591822,0.0004619764117861706
1369.3310362469463,1369.3310362469463,0.9995348308291095,0.0004619398182253285
1369.3379807601195,1369.3379807601195,1.0004792553437092,0.0004619265575792031
1369.344925273316,1369.344925273316,1.0000444023476833,0.0004618842338048034
1369.3518697865825,1369.3518697865825,1.0004520007568343,0.000462042804114577
1369.3588142999074,1369.3588142999074,0.9989053477244939,0.00046176608523785243
1369.3657588132896,1369.3657588132896,0.9998644101330252,0.0004618330423760428
1369.3727033267428,1369.3727033267428,0.9999570635421817,0.000461784833547846
1369.379647840207,1369.379647840207,1.0005338788392926,0.00046190878981520556
1369.386592353753,1369.386592353753,1.0003689841641115,0.00046181824378261607
1369.3935368673222,1369.3935368673222,1.0002234722654015,0.00046178987809952733
1369.4004813809725,1369.4004813809725,0.9989575414587366,0.00046158367012128914
1369.4074258946582,1369.4074258946582,1.0000491351107397,0.0004617811572282328
1369.4143704084022,1369.4143704084022,1.0002616746545239,0.00046178698299408565
1369.421314922192,1369.421314922192,1.000997900684485,0.0004618862876293719
1369.4282594360288,1369.4282594360288,0.9996916461821442,0.0004616697541148985
1369.435203949924,1369.435203949924,0.9997572325623649,0.00046180324766113693
1369.4421484638656,1369.4421484638656,1.0001889643992332,0.000461853060413784
1369.4490929778538,1369.4490929778538,0.9998933384953375,0.00046182641146073796
1369.4560374918767,1369.4560374918767,1.0003790005772042,0.00046190330051811945
1369.46298200597,1369.46298200597,0.9996113390482888,0.0004618024953277262
1369.469926520098,1369.469926520098,0.999572542131288,0.0004618154722055641
1369.4768710342837,1369.4768710342837,0.9997418362547912,0.0004618692995730526
1369.483815548493,1369.483815548493,0.9999390373297814,0.00046184146716112966
1369.4907600627607,1369.4907600627607,1.0001551765087553,0.0004618795385258489
1369.4977045770752,1369.4977045770752,0.9999788716024058,0.0004618714754879274
1369.5046490914242,1369.5046490914242,1.0006747778963896,0.00046199544966523694
1369.511593605831,1369.511593605831,1.0001062883976317,0.0004618540413160167
1369.5185381202737,1369.5185381202737,0.9993877006898199,0.00046180703394411093
1369.5254826347625,1369.5254826347625,1.0000149409304808,0.0004619005138914838
1369.5324271492975,1369.5324271492975,0.9999998284773854,0.0004618660364894652
1369.5393716638562,1369.5393716638562,1.0004657341838648,0.0004619742132460793
1369.546316178485,1369.546316178485,0.9999391055999876,0.0004617656884485516
1369.553260693137,1369.553260693137,1.0000065829792482,0.0004619296098934896
1369.560205207835,1369.560205207835,0.99969414119964,0.0004618103778270298
1369.5671497225799,1369.5671497225799,1.0010436627008925,0.00046210520177175933
1369.5740942373595,1369.5740942373595,0.9993112984356008,0.00046172811946796363
1369.5810387521747,1369.5810387521747,0.9998073887234284,0.0004619071553297547
1369.5879832670357,1369.5879832670357,1.000187033962399,0.0004619075309970918
1369.5949277819316,1369.5949277819316,1.0001050449300513,0.0004619564409355108
1369.6018722968747,1369.6018722968747,1.0005818174816674,0.00046201650954267307
1369.6088168118526,1369.6088168118526,0.9999356145040622,0.0004618368943699128
1369.615761326865,1369.615761326865,0.9998187455202,0.0004618103711769734
1369.6227058419124,1369.6227058419124,1.0003260751613097,0.0004618831537134377
1369.6296503570188,1369.6296503570188,0.9997120300607968,0.00046176447211363674
1369.636594872136,1369.636594872136,0.9995761553484878,0.0004617647909498904
1369.6435393872998,1369.6435393872998,0.9999865493992273,0.0004618509406850998
1369.6504839025106,1369.6504839025106,1.0003583197157404,0.00046192037636154474
1369.6574284177443,1369.6574284177443,1.000075493635969,0.00046190907981730114
1369.6643729330249,1369.6643729330249,1.0003160037720717,0.0004619016355840717
1369.6713174483286,1369.6713174483286,0.999950377240055,0.00046195170017540474
1369.6782619636904,1369.6782619636904,1.0000154389262352,0.00046195696502138704
1369.6852064790523,1369.6852064790523,0.9997165022293188,0.00046188250648423833
1369.6921509944727,1369.6921509944727,0.9996575382471384,0.0004618595515510082
1369.6990955099157,1369.6990955099157,0.9994555720690924,0.0004618046359208941
1369.7060400254175,1369.7060400254175,1.0007200365615336,0.00046197392405267386
1369.7129845409188,1369.7129845409188,1.0000488586372889,0.000461851413834072
1369.7199290564672,1369.7199290564672,0.9999650734965722,0.0004619419385184934
1369.7268735720618,1369.7268735720618,0.9999676309307819,0.0004619452284654416
1369.7338180876682,1369.7338180876682,0.9999801698013027,0.0004619546862828802
1369.7407626033212,1369.7407626033212,1.0001057171081513,0.00046191157710102584
1369.7477071189858,1369.7477071189858,1.0001577267090949,0.0004619520018222037
1369.7546516347081,1369.7546516347081,0.9999957162093196,0.00046191295110111625
1369.7615961504546,1369.7615961504546,1.0000019528728785,0.00046197861241191864
1369.7685406662124,1369.7685406662124,1.0000184675415729,0.0004619898770819433
1369.7754851820287,1369.7754851820287,1.0003159740278416,0.0004618938978999786
1369.7824296978674,1369.7824296978674,0.9993234939988025,0.00046176405365433757
1369.7893742137298,1369.7893742137298,1.0001710042672989,0.0004618900684137085
1369.7963187296277,1369.7963187296277,1.000115356701239,0.00046190039027627517
1369.8032632455713,1369.8032632455713,1.0000346776962905,0.00046183864961068166
1369.8102077615154,1369.8102077615154,0.9992484353066915,0.0004617588966639503
1369.8171522774944,1369.8171522774944,0.9999572990959491,0.00046174111282523055
1369.8240967935083,1369.8240967935083,1.0008610890045428,0.0004620008689025519
1369.8310413095685,1369.8310413095685,0.9999578804652793,0.00046191046311861074
1369.8379858256521,1369.8379858256521,1.0001515035038655,0.00046186675714535944
1369.8449303417358,1369.8449303417358,0.9998957749044921,0.0004619090540096876
1369.8518748578547,1369.8518748578547,1.000546318802928,0.0004619378707920663
1369.8588193740081,1369.8588193740081,0.999487546868124,0.00046181381250499736
1369.8657638901961,1369.8657638901961,0.999577167253101,0.0004617970466789129
1369.8727084064085,1369.8727084064085,0.999641288686583,0.0004618256557306859
1369.8796529226315,1369.8796529226315,0.9998764215738319,0.00046181927744258527
1369.8865974389016,1369.8865974389016,1.00039833678132,0.0004619003798674138
1369.893541955183,1369.893541955183,0.9998663567257534,0.0004617811194425442
1369.9004864715114,1369.9004864715114,1.0007513764944405,0.0004619874741272266
1369.9088198911027,1369.9088198911027,1.0000302112628023,0.0004619127948014665
1369.9160421881322,1369.9160421881322,1.000701602323193,0.00046190180587954996
1369.9240978271855,1369.9240978271855,0.9993372311888724,0.00046172529500962
1369.931042343595,1369.931042343595,0.999549990628597,0.0004617895747292205
1369.9379868600513,1369.9379868600513,1.0004405973908876,0.0004618840552614317
1369.9463202798293,1369.9463202798293,0.9990072476491051,0.0004616669276333962
1369.9532647963435,1369.9532647963435,0.9999754203453275,0.00046186978479006947
1369.9602093128694,1369.9602093128694,0.9998366597414046,0.0004618889928901182
1369.9693760747286,1369.9693760747286,1.0007573037097726,0.00046200796605435246
1369.9768761526461,1369.9768761526461,1.0003731625377887,0.000461855202555331
1369.9838206692539,1369.9838206692539,1.000253925191264,0.0004618812637309681
1369.9907651858962,1369.9907651858962,0.9996421197567507,0.0004617405741014078
1369.9977097025617,1369.9977097025617,0.9997267612891919,0.00046181030020594967
1370.0046542192276,1370.0046542192276,1.0002282186797848,0.00046188203836636363
1370.0115987359284,1370.0115987359284,0.9998123893183669,0.0004618004206749523
1370.0185432526528,1370.0185432526528,1.000325821545974,0.0004618224737348328
1370.0254877693997,1370.0254877693997,0.9995180664393238,0.00046179930870274635
1370.0324322861702,1370.0324322861702,1.0000427865076265,0.0004618715377904061
1370.0393768029523,1370.0393768029523,1.0001238743613814,0.0004618429827724207
1370.0471546617928,1370.0471546617928,1.000104098557636,0.00046189293236439304
1370.0546547399777,1370.0546547399777,0.9999759586378574,0.000461804970593089
1370.0615992568419,1370.0615992568419,0.9996645329600801,0.00046179470032534434
1370.068543773717,1370.068543773717,0.9997264803557979,0.0004617249962589664
1370.0754882906156,1370.0754882906156,1.0001625091035329,0.00046183714192058953
1370.0824328075257,1370.0824328075257,1.000045941151816,0.000461761687719607
1370.089377324471,1370.089377324471,1.0000138845806892,0.00046171066061605074
1370.0963218414279,1370.0963218414279,1.000406390291152,0.0004618340527353577
1370.1032663584313,1370.1032663584313,0.9998675541837241,0.00046177799338564167
1370.1102108754226,1370.1102108754226,1.000603519239654,0.0004618850575402054
1370.1171553924382,1370.1171553924382,0.9998686859084769,0.00046172169927718244
1370.1240999094875,1370.1240999094875,1.0007730791076512,0.0004620420246097065
1370.1310444265378,1370.1310444265378,0.999309087104671,0.00046172623342954927
1370.1379889436223,1370.1379889436223,0.9993092189605622,0.00046175756385890746
1370.1449334607191,1370.1449334607191,1.0000687612482448,0.0004618379319874532
1370.1518779778276,1370.1518779778276,0.9989570386512163,0.0004616485122820929
1370.15882249497,1370.15882249497,0.9999145141581305,0.00046185595717791663
1370.1657670121247,1370.1657670121247,1.000799662500579,0.00046196728976136717
1370.172711529303,1370.172711529303,1.0000356234276855,0.00046187743071820516
1370.1796560464813,1370.1796560464813,1.0002867367075927,0.0004618766846358422
1370.1866005636823,1370.1866005636823,1.0005927723379626,0.0004618992154949838
1370.1935450809185,1370.1935450809185,0.9999587845939099,0.00046173377227516404
1370.2004895981665,1370.2004895981665,1.0000867159961973,0.00046176857954019257
1370.2074341154143,1370.2074341154143,0.9997082943538812,0.00046173459082448303
1370.214378632685,1370.214378632685,0.9992914884606611,0.00046159450212450594
1370.22132314998,1370.22132314998,1.0004569814063868,0.000461897646730434
1370.2282676672974,1370.2282676672974,0.9994866251501937,0.000461644187644793
1370.235212184615,1370.235212184615,0.9998631133088576,0.00046168186070433867
1370.2421567019678,1370.2421567019678,1.0002116371225591,0.00046184282483635006
1370.2491012193204,1370.2491012193204,1.0006306742953515,0.00046188787995391883
1370.2560457366967,1370.2560457366967,0.999918479098594,0.0004617108852913416
1370.2629902540837,1370.2629902540837,1.0002279651204429,0.00046172278286987604
1370.2699347715065,1370.2699347715065,0.9997816620568528,0.00046172187309685984
1370.2768792889171,1370.2768792889171,1.0004077605037032,0.00046189600154069547
1370.283823806363,1370.283823806363,0.9995753167685256,0.0004616612794685576
1370.2907683238204,1370.2907683238204,0.999873048349655,0.00046175161925501716
1370.2977128412892,1370.2977128412892,1.0002358695339948,0.0004618036198708148
1370.30465735877,1370.30465735877,1.0004915168170192,0.0004618236900104782
1370.3116018762857,1370.3116018762857,0.9988838420781198,0.00046166717587043103
1370.3185463937664,1370.3185463937664,1.0001244115138848,0.0004618884069331388
1370.3254909113055,1370.3254909113055,0.9999698927091594,0.0004617310822861538
1370.3324354288445,1370.3324354288445,1.0001268366149827,0.00046189188652120803
1370.3393799464297,1370.3393799464297,0.9997566126344836,0.00046177605815412817
1370.3463244639916,1370.3463244639916,0.9999970558315754,0.00046178985610559374
1370.3532689815772,1370.3532689815772,1.0004821761293587,0.0004618162930785474
1370.360213499186,1370.360213499186,0.999891412539607,0.00046166990276151523
1370.3671580167945,1370.3671580167945,1.0002519868717978,0.00046177070235278543
1370.3741025344266,1370.3741025344266,1.0000074755346682,0.00046164885840613713
1370.3810470520705,1370.3810470520705,0.9996760122837198,0.00046167649509055986
1370.3879915697257,1370.3879915697257,1.0006814360361371,0.0004618708638932358
1370.3949360873926,1370.3949360873926,0.9997922209918457,0.00046169437623766636
1370.4018806050713,1370.4018806050713,1.0000687884642698,0.000461746490319342
1370.4088251227731,1370.4088251227731,1.0003455839591768,0.000461863182587262
1370.4157696404868,1370.4157696404868,0.9991302498635373,0.00046169416981714647
1370.4227141582114,1370.4227141582114,0.9994075089332533,0.00046174637333266314
1370.429658675937,1370.429658675937,1.000018262386229,0.00046175753278239766
1370.4366031936856,1370.4366031936856,1.0002005683175295,0.00046176759677394604
1370.4435477114453,1370.4435477114453,1.000256040028369,0.00046185167710225127
1370.4504922292174,1370.4504922292174,1.0003248358401222,0.00046177684551573057
1370.4574367470007,1370.4574367470007,1.0005672945749085,0.00046181007539243145
1370.4643812648076,1370.4643812648076,0.999558651298934,0.0004615305970037135
1370.4713257825904,1370.4713257825904,1.0000964126737109,0.00046172536572621555
1370.4782703004207,1370.4782703004207,0.9998142953724146,0.00046163063899371665
1370.4852148182504,1370.4852148182504,0.9993660923049955,0.00046160275438370874
1370.492159336092,1370.492159336092,1.0006012079558237,0.0004618390923615473
1370.4991038539683,1370.4991038539683,1.0003855523374443,0.0004618298833921116
1370.5060483718219,1370.5060483718219,0.9998498626740755,0.00046168036470165636
1370.51299288971,1370.51299288971,0.9999818786266642,0.00046175859419514653
1370.5199374075978,1370.5199374075978,1.0006949051591847,0.00046187141111433646
1370.526881925498,1370.526881925498,0.9997187318252798,0.0004617456281288226
1370.5338264434092,1370.5338264434092,1.00006310712998,0.0004617732882812261
1370.5407709613326,1370.5407709613326,0.99992468111988,0.000461705033916349
1370.5477154792673,1370.5477154792673,0.9998370685161039,0.0004617866776341703
1370.5546599972135,1370.5546599972135,0.9996410941040372,0.00046173019680435833
1370.56160451516,1370.56160451516,1.0004304133819273,0.0004617748330564793
1370.5685490331296,1370.5685490331296,0.9999454973826584,0.00046173166672277476
1370.575493551099,1370.575493551099,0.9999253115395412,0.0004616741721887406
1370.5824380690922,1370.5824380690922,1.0002681714755153,0.0004617963866604925
1370.5893825870849,1370.5893825870849,0.999890770473552,0.00046164996894761
1370.5963271050896,1370.5963271050896,1.0003273889270283,0.0004617250340692344
1370.6043827459932,1370.6043827459932,0.9999296714199669,0.0004617024390587259
1370.6116050447342,1370.6116050447342,1.0003485306112014,0.0004617533265244305
1370.618549562774,1370.618549562774,0.9997824627930818,0.00046161609602849926
1370.6254940808249,1370.6254940808249,0.9995988511631838,0.0004616105351800349
1370.6327163796009,1370.6327163796009,1.000049599868105,0.0004617069914357343
1370.6407720205516,1370.6407720205516,1.0000400539462126,0.00046176181963232836
1370.647716538638,1370.647716538638,0.9998298991239629,0.0004617295876169481
1370.6552166181732,1370.6552166181732,0.9999342299858112,0.0004615987798916966
1370.6643833820465,1370.6643833820465,1.000175983800834,0.00046165967557801866
1370.6713279001676,1370.6713279001676,0.9999093939780584,0.0004616310346197301
1370.6793835411881,1370.6793835411881,1.000247699323529,0.00046179490853465426
1370.6910503316317,1370.6910503316317,0.9996222465615701,0.00046159158206821006
1370.7004948763336,1370.7004948763336,1.000093128498161,0.0004617210843886701
1370.7074393944663,1370.7074393944663,1.0013681211576095,0.0004619134702375869
1370.7143839126343,1370.7143839126343,0.9988104015962238,0.0004615560808620897
1370.7213284308013,1370.7213284308013,1.0002245608695852,0.0004617070752962165
1370.7282729489807,1370.7282729489807,0.9998639824795308,0.0004615503373779597
1370.73521746716,1370.73521746716,0.9990677233332574,0.00046149579944576694
1370.7421619853624,1370.7421619853624,1.0001682936784588,0.0004617074499156782
1370.7491065035645,1370.7491065035645,1.0002254380039792,0.00046166898333147445
1370.7560510217672,1370.7560510217672,1.0006331835833309,0.00046173917698710576
1370.7629955399818,1370.7629955399818,0.9995850557257248,0.0004616340346240957
1370.769940058219,1370.769940058219,1.0010393359553837,0.0004618953219161342
1370.776884576456,1370.776884576456,1.0003248924321533,0.0004617395349333775
1370.7838290946936,1370.7838290946936,0.9992915152684368,0.00046165510237546146
1370.7907736129428,1370.7907736129428,0.9991881608905763,0.00046151233749034965
1370.797718131203,1370.797718131203,0.9996956846664073,0.0004616793836591701
1370.8046626494756,1370.8046626494756,1.0003317296621481,0.00046177211601441633
1370.8116071677366,1370.8116071677366,1.0005099800361685,0.0004618480682563707
1370.818551686009,1370.818551686009,1.0003069429727471,0.00046181446249840606
1370.8254962042927,1370.8254962042927,0.999219931595839,0.00046158357094494464
1370.8324407225882,1370.8324407225882,1.0008328554318546,0.0004618172476863045
1370.8393852408842,1370.8393852408842,0.9994700685335556,0.00046166255959822523
1370.8463297591793,1370.8463297591793,1.0000112628080449,0.0004617916728764641
1370.8532742774983,1370.8532742774983,0.9994257875051339,0.00046154878570067346
1370.8602187958174,1370.8602187958174,1.0003604436760507,0.0004616525218477478
1370.8671633141478,1370.8671633141478,1.000620159461461,0.00046165048345896505
1370.8741078324786,1370.8741078324786,0.9996816773924365,0.0004615922972263561
1370.8810523508207,1370.8810523508207,1.000106834256081,0.0004616631971379676
1370.8879968691626,1370.8879968691626,0.9995090740567033,0.00046168674993033186
1370.8949413875166,1370.8949413875166,1.0000951925189892,0.00046177527163778913
1370.9018859058704,1370.9018859058704,1.0000936604485648,0.00046158208691881577
1370.9088304242364,1370.9088304242364,1.0006558699954444,0.0004616580629360805
1370.9157749426013,1370.9157749426013,0.9998001580726708,0.0004616224292277731
1370.9227194609782,1370.9227194609782,0.9995811937759083,0.00046162525636799466
1370.929663979356,1370.929663979356,0.9994922862040431,0.00046154418405454573
1370.9366084977444,1370.9366084977444,1.0003409481691916,0.00046158351084686866
1370.9435530161559,1370.9435530161559,1.000482399666502,0.0004616363496545776
1370.950497534534,1370.950497534534,1.000223375047009,0.00046162266449666464
1370.9574420529223,1370.9574420529223,0.9993794261351528,0.0004615616694101991
1370.964386571334,1370.964386571334,1.0005832172222946,0.00046173105880855465
1370.9713310897464,1370.9713310897464,0.9997104115022978,0.0004615242811380479
1370.9782756082047,1370.9782756082047,1.0001261482163752,0.0004617624585211514
1370.9852201266287,1370.9852201266287,1.0000837474209412,0.0004617382670438714
1370.9921646450405,1370.9921646450405,0.9996266098166908,0.00046162030486122143
1370.9991091634874,1370.9991091634874,0.9997769766886225,0.0004617194671233821
1371.006053681923,1371.006053681923,0.999555803999324,0.0004616063712800449
1371.0129982003814,1371.0129982003814,1.0004452759132656,0.0004618249998745709
1371.0199427188284,1371.0199427188284,1.0008616750890524,0.00046175013536910934
1371.0268872372756,1371.0268872372756,0.9997252964539317,0.0004616119942471767
1371.0338317557455,1371.0338317557455,0.9993040831581126,0.0004616064674067536
1371.0407762742157,1371.0407762742157,1.0003486588304678,0.00046173555644615923
1371.047998573434,1371.047998573434,1.0003940148485964,0.00046175536201362833
1371.056609776335,1371.056609776335,1.0000851096803431,0.0004616449575738251
1371.0643876370382,1371.0643876370382,0.9994617614068722,0.0004614945859236089
1371.0713321555315,1371.0713321555315,0.9995276140041792,0.00046149316025219215
1371.0782766740133,1371.0782766740133,1.000301531522544,0.00046166899854261013
1371.0852211925187,1371.0852211925187,1.0004836608519456,0.00046181852460543994
1371.092165711012,1371.092165711012,1.0001183706855854,0.00046169914576794897
1371.099110229517,1371.099110229517,0.9997656430869817,0.00046165478767688247
1371.1060547480224,1371.1060547480224,1.0008116293616234,0.0004618098000390033
1371.1129992665392,1371.1129992665392,1.000458877594448,0.0004615198737518972
1371.1271660843322,1371.1271660843322,0.999128255463867,0.0004614854926191667
1371.1449440517579,1371.1449440517579,1.0000405141666495,0.00046191404200300167
1371.1518885702985,1371.1518885702985,1.0004683026533425,0.0004619025839395346
1371.1588330888383,1371.1588330888383,0.9998684707302672,0.00046171581990540916
1371.1657776073898,1371.1657776073898,1.0000043396763796,0.0004619065217712706
1371.1727221259189,1371.1727221259189,1.0006719132877173,0.0004619720196173078
1371.179666644482,1371.179666644482,0.9988882524536041,0.00046174094495566697
1371.1866111630334,1371.1866111630334,0.9995242484564247,0.0004618078741236117
1371.1935556815974,1371.1935556815974,0.9997363764244895,0.0004618557367126543
1371.200500200149,1371.200500200149,1.001255034479408,0.00046199576968996073
1371.2074447187238,1371.2074447187238,0.9996199239167793,0.00046190288788481416
1371.2143892372987,1371.2143892372987,1.0001900797612517,0.0004619814813218678
1371.2213337558621,1371.2213337558621,1.0001120638805752,0.0004619379723830669
1371.2282782744376,1371.2282782744376,0.9995667519189378,0.00046185937787565124
1371.2352227930237,1371.2352227930237,0.9996366429423833,0.0004618932846474955
1371.2421673115991,1371.2421673115991,1.000048369762236,0.00046197882783443646
1371.249111830186,1371.249111830186,1.0003985102296096,0.0004619743924608304
1371.256056348772,1371.256056348772,0.999842519468357,0.00046194699436333237
1371.2630008673707,1371.2630008673707,1.0004738979275392,0.0004620091333229429
1371.269945385969,1371.269945385969,0.999386331817371,0.00046188144984318866
1371.2768899045554,1371.2768899045554,0.9998573474360775,0.00046194305862296383
1371.2838344231538,1371.2838344231538,1.0000486718815862,0.0004619394718457794
1371.2907789417638,1371.2907789417638,1.0006438239689708,0.0004620356237680655
1371.2977234603738,1371.2977234603738,0.9996214997740926,0.0004619144686759143
1371.304667978972,1371.304667978972,0.9998193947565971,0.00046190922701559
1371.311612497582,1371.311612497582,1.0003404886015086,0.00046208320246633305
1371.3185570162036,1371.3185570162036,1.0002289825648494,0.0004619709813354168
1371.3255015348136,1371.3255015348136,0.9998998764544247,0.00046194367620556114
1371.3324460534352,1371.3324460534352,1.0001581983441166,0.0004620233895650221
1371.3393905720568,1371.3393905720568,0.9994660108742718,0.00046181704167727296
1371.3463350906782,1371.3463350906782,1.0001584359115812,0.00046190568065760697
1371.3532796093116,1371.3532796093116,1.000119554497008,0.00046192089027371726
1371.3602241279336,1371.3602241279336,0.999936352352395,0.0004619303514545285
1371.367168646555,1371.367168646555,0.9994863900371722,0.0004618457944350491
1371.3741131651998,1371.3741131651998,1.0005708200806918,0.00046211242043000134
1371.3810576838328,1371.3810576838328,1.0001977957689134,0.0004619146904678068
1371.3880022024664,1371.3880022024664,0.9997514036744016,0.0004619121965852871
1371.394946721111,1371.394946721111,0.9996676178121146,0.00046181517049150554
1371.401891239756,1371.401891239756,0.9998574282771371,0.0004618199351356006
1371.4088357584008,1371.4088357584008,1.0001613333657624,0.0004619890026543916
1371.4157802770455,1371.4157802770455,1.000236152271492,0.0004619779365607686
1371.42272479569,1371.42272479569,1.0000522416629807,0.0004619476560318056
1371.4296693143356,1371.4296693143356,1.0005488721780644,0.0004620100929094872
1371.4366138329922,1371.4366138329922,1.0000660405346273,0.0004618783178756427
1371.4435583516483,1371.4435583516483,0.9998693102876711,0.00046190544690828916
1371.4505028703052,1371.4505028703052,0.9993594852683207,0.0004618220496203663
1371.4574473889502,1371.4574473889502,0.9995317972235414,0.0004618976939999352
1371.4643919076063,1371.4643919076063,0.9996389855906761,0.00046181086403456427
1371.4713364262745,1371.4713364262745,1.0004063599089208,0.0004620779893863499
1371.4782809449428,1371.4782809449428,1.0007170600976738,0.00046197080657759987
1371.4852254635875,1371.4852254635875,1.0001915292440273,0.0004619402147570858
1371.4921699822553,1371.4921699822553,1.0001330476662078,0.00046192868978205766
1371.4991145009355,1371.4991145009355,0.9994592974438653,0.00046181370644934503
1371.5060590195806,1371.5060590195806,1.0001198534365119,0.0004618553419161566
1371.5130035382597,1371.5130035382597,1.0001339190373204,0.00046188066684936134
1371.519948056928,1371.519948056928,0.9995095424780709,0.00046180601700444743
1371.5268925755968,1371.5268925755968,1.000367785701935,0.0004619821289822667
1371.5338370942761,1371.5338370942761,1.0002667881030924,0.00046195266102631903
1371.5407816129448,1371.5407816129448,0.9999407251064302,0.0004619717645409213
1371.5477261316244,1371.5477261316244,0.9998326201235042,0.0004618416901241018
1371.5546706502923,1371.5546706502923,1.0000145192845697,0.00046190194105347226
1371.5616151689724,1371.5616151689724,0.9995216929341544,0.000461784954416309
1371.5685596876638,1371.5685596876638,0.9997117117152324,0.00046180332515404783
1371.5755042063204,1371.5755042063204,1.0001711737598415,0.00046195721676078763
1371.5824487250234,1371.5824487250234,1.0006913093165282,0.0004619571237906844
1371.5893932436798,1371.5893932436798,1.0002105293079488,0.00046193808556778155
1371.5963377623716,1371.5963377623716,1.0001595314457719,0.00046190823789534564
1371.6032822810744,1371.6032822810744,0.9996611156474706,0.0004617477625482587
1371.6102267997192,1371.6102267997192,0.9996753245804113,0.00046186089046833636
1371.6171713184224,1371.6171713184224,0.9999322350308759,0.00046184556651068434
1371.6241158371254,1371.6241158371254,0.9999502950315515,0.00046179202028566154
1371.6310603557818,1371.6310603557818,1.0000018157218071,0.0004617971570532602
1371.6380048744732,1371.6380048744732,0.9997540163152948,0.00046181469965869606
1371.6449493931766,1371.6449493931766,1.0002007432803506,0.0004619680493171717
1371.651893911868,1371.651893911868,1.0008331773791013,0.0004620096337001604
1371.6588384305242,1371.6588384305242,1.000045179912885,0.00046197477315100424
1371.6657829492276,1371.6657829492276,0.9996474498261193,0.0004619002612296373
1371.6727274679301,1371.6727274679301,0.9997031850833903,0.00046181731458835775
1371.6796719866336,1371.6796719866336,1.0000988056641946,0.0004619694453443601
1371.6866165052784,1371.6866165052784,0.9998987623084528,0.00046186598220159924
1371.6935610239818,1371.6935610239818,0.9995426228025404,0.0004618284382312617
1371.7005055426846,1371.7005055426846,0.999655937479589,0.00046181391621966523
1371.7074500613878,1371.7074500613878,1.0006432785391641,0.0004620771125241378
1371.7143945800676,1371.7143945800676,1.0004105931771676,0.0004620249340112699
1371.7213390987358,1371.7213390987358,1.0001586896294359,0.00046196633533843407
1371.7282836174386,1371.7282836174386,0.9999387056995402,0.0004619824180816318
1371.735228136142,1371.735228136142,1.0002859324930324,0.00046199572483034335
1371.742172654845,1371.742172654845,0.9994046085830652,0.0004618091161819311
1371.7491171735362,1371.7491171735362,0.9997176143580969,0.00046180990400020107
1371.7560616921935,1371.7560616921935,0.9995001694064503,0.00046176380639683317
1371.763006210896,1371.763006210896,1.0000680385088865,0.00046185814022509444
1371.769950729599,1371.769950729599,1.0005949236440024,0.00046200655256808726
1371.7768952483025,1371.7768952483025,1.000070313665137,0.00046185256958004926
1371.7838397670052,1371.7838397670052,1.0004469512498404,0.00046197964894865155
1371.7907842856616,1371.7907842856616,0.9998095326946619,0.0004618712883798019
1371.7977288043535,1371.7977288043535,1.0004219140394306,0.0004619809016259104
1371.8046733230562,1371.8046733230562,0.9999976063804041,0.0004619419852071699
1371.8116178417597,1371.8116178417597,0.9998800994705445,0.0004619213252605072
1371.8185623604627,1371.8185623604627,0.9994385954851696,0.00046183855543241377
1371.8255068791075,1371.8255068791075,0.9992213578449831,0.0004618759184197681
1371.832451397811,1371.832451397811,1.0000505997879607,0.00046193455026522846
1371.8393959165137,1371.8393959165137,1.0003740180039986,0.0004620011975221973
1371.8463404352171,1371.8463404352171,1.0001089696540162,0.000461963326916666
1371.8532849538967,1371.8532849538967,0.9999339449968732,0.0004618135076968876
1371.8602294725647,1371.8602294725647,0.9998879043084372,0.0004618357051755403
1371.8671739912684,1371.8671739912684,1.0008447882953746,0.0004619176054579784
1371.8741185099711,1371.8741185099711,1.0002696310055583,0.00046191071703944773
1371.8810630286505,1371.8810630286505,0.9999756181938186,0.00046191419084305496
1371.8880075473191,1371.8880075473191,0.9997708578720594,0.0004618645489948603
1371.8949520660221,1371.8949520660221,0.9995405197140992,0.00046181134652406396
1371.9018965847251,1371.9018965847251,0.9999904262926649,0.000461946161093712
1371.9088411033704,1371.9088411033704,1.000243358877255,0.0004619823733977832
1371.9157856220731,1371.9157856220731,1.0002916885180149,0.00046196870974353347
1371.9227301407764,1371.9227301407764,0.9995679176436918,0.0004619040649227804
1371.9296746594212,1371.9296746594212,0.9995707440162331,0.0004618565839267145
1371.9366191781244,1371.9366191781244,1.00001493922785,0.0004619759865977318
1371.943563696816,1371.943563696816,0.9997714432824779,0.00046187271810530314
1371.9505082154724,1371.9505082154724,1.0002111587307418,0.0004620180333031286
1371.9574527341751,1371.9574527341751,1.0002148776398143,0.00046191093038424594
1371.9643972528322,1371.9643972528322,1.0002400131271587,0.00046195687075750583
1371.9713417715232,1371.9713417715232,1.000048685023975,0.00046199317551962906
1371.9782862902034,1371.9782862902034,0.9998075910015951,0.0004619262848449174
1371.9852308088716,1371.9852308088716,1.0009336971281946,0.0004620531822583712
1371.992175327551,1371.992175327551,0.9994290596348339,0.0004617966995662589
1371.9991198462196,1371.9991198462196,1.0000196948541573,0.0004618744343187394
1372.0060643648994,1372.0060643648994,0.9994603990235145,0.0004618132713890513
1372.0130088835674,1372.0130088835674,0.9999491378755959,0.0004618989640685489
1372.0199534022356,1372.0199534022356,0.9998455593465909,0.0004618517543963564
1372.0268979209154,1372.0268979209154,0.9998325713362434,0.000461826111394431
1372.033842439572,1372.033842439572,1.000481343452916,0.00046197664591493234
1372.0407869582518,1372.0407869582518,1.0004539051328372,0.0004619858059767142
1372.0477314769084,1372.0477314769084,1.000105312195633,0.00046192632950887064
1372.0546759955764,1372.0546759955764,0.9997606363963671,0.0004617817179424658
1372.0616205142446,1372.0616205142446,0.9994892409643364,0.00046177321477029726
1372.068565032901,1372.068565032901,1.0003656786110764,0.00046194952409827456
1372.075509551558,1372.075509551558,1.0002783134214186,0.00046191790556181255
1372.0824540702256,1372.0824540702256,1.000235996645733,0.000461942751157405
1372.089398588883,1372.089398588883,0.9994421541924476,0.0004617986852684927
1372.0963431075393,1372.0963431075393,0.9998977914916927,0.0004618984951348619
1372.1032876261838,1372.1032876261838,0.9997173648260544,0.00046192056017654696
1372.1102321448407,1372.1102321448407,0.9999057675990486,0.0004618909103756086
1372.1171766634973,1372.1171766634973,1.0006180851008932,0.0004619890707531516
1372.1241211821537,1372.1241211821537,1.0001276436984925,0.00046196064893957653
1372.1310657007984,1372.1310657007984,0.9998972404249418,0.00046190614285329266
1372.1380102194432,1372.1380102194432,0.9998321681678253,0.00046195695538576856
1372.1449547380882,1372.1449547380882,1.0000495457881395,0.00046192751238925976
1372.1518992567333,1372.1518992567333,1.0000755164970265,0.0004619456839509467
1372.1588437753783,1372.1588437753783,0.9999121601194185,0.00046184217446021197
1372.1657882940228,1372.1657882940228,0.9994908247788491,0.0004618237546525943
1372.1727328126558,1372.1727328126558,0.9999287552876519,0.00046183028413983334
1372.179677331301,1372.179677331301,1.0002008672148055,0.0004618911186233418
1372.186621849934,1372.186621849934,1.0002739370175855,0.00046190402773563233
1372.193566368556,1372.193566368556,1.0002145697606697,0.00046192399891575934
1372.2005108872013,1372.2005108872013,1.0003528650328364,0.0004619368761265861
1372.207455405834,1372.207455405834,0.9993739594187051,0.00046169786527090246
1372.2143999244556,1372.2143999244556,1.000150792474314,0.00046195985492626337
1372.2213444430777,1372.2213444430777,0.9996288972007857,0.00046180369691427954
1372.2282889617109,1372.2282889617109,1.0008203015860502,0.0004619175427189744
1372.2352334803322,1372.2352334803322,0.9997792496523413,0.00046187544850676877
1372.242177998954,1372.242177998954,1.000278649657469,0.0004619183036162802
1372.2491225175756,1372.2491225175756,0.9994130727849699,0.0004617506522150693
1372.2560670361854,1372.2560670361854,0.9997185661764444,0.00046187209168273177
1372.2630115548072,1372.2630115548072,1.0002503540731567,0.0004619018038506146
1372.2699560734056,1372.2699560734056,0.9997285742046319,0.0004618539069013897
1372.2769005920386,1372.2769005920386,1.000139802927432,0.00046187588988795775
1372.283845110637,1372.283845110637,0.9997426501286061,0.0004618665024730869
1372.2907896292472,1372.2907896292472,1.0001940448505562,0.00046199403452320084
1372.2977341478568,1372.2977341478568,1.000191771899409,0.0004619340918134864
1372.3046786664436,1372.3046786664436,0.9992170848121136,0.0004617365640204005
1372.3116231850424,1372.3116231850424,0.9999635028966152,0.00046180505418169806
1372.318567703652,1372.318567703652,1.0005702902716906,0.00046201882931585164
1372.3255122222386,1372.3255122222386,0.9997954575389922,0.00046188478733608513
1372.3324567408376,1372.3324567408376,0.9997572453241557,0.0004619444676914582
1372.339401259424,1372.339401259424,1.0006534625350008,0.00046203880168547306
1372.3463457780103,1372.3463457780103,0.9989160862477953,0.0004617523163351788
1372.3532902965976,1372.3532902965976,1.00047109798365,0.00046202696005114154
1372.360234815184,1372.360234815184,0.9993787827046632,0.00046190154340341983
1372.3671793337708,1372.3671793337708,1.0005626228336926,0.00046203922838336053
1372.374123852346,1372.374123852346,1.0004394742952152,0.0004619815185763411
1372.381068370921,1372.381068370921,0.9998892862702127,0.0004619689021386174
1372.388012889507,1372.388012889507,1.000076347513693,0.0004619735850692328
1372.3949574080593,1372.3949574080593,0.9999673474527467,0.0004620051023464286
1372.401901926646,1372.401901926646,1.0000929191858383,0.00046191077301297465
1372.4088464452093,1372.4088464452093,1.0006455539594001,0.0004619823587252134
1372.4157909637609,1372.4157909637609,0.9997478503346467,0.0004618471863705294
1372.4232910438095,1372.4232910438095,0.9999872254495342,0.00046186065998939644
1372.4310689045938,1372.4310689045938,0.9999350891703511,0.0004618524459050522
1372.4380134231453,1372.4380134231453,0.9998794701032709,0.00046187088842422174
1372.4449579417092,1372.4449579417092,0.9998502698231325,0.00046190695192509
1372.4519024602607,1372.4519024602607,1.0001544949469816,0.00046193691440053655
1372.4591247595606,1372.4591247595606,0.9996944234093007,0.00046182769561614763
1372.4671804010582,1372.4671804010582,1.0000877769905827,0.0004618524075140623
1372.4741249196104,1372.4741249196104,1.0004049812489042,0.0004620224695452522
1372.48106943815,1372.48106943815,1.0001787682916103,0.0004619070541153356
1372.488013956679,1372.488013956679,0.999754073239359,0.00046183226221342325
1372.4963473789248,1372.4963473789248,0.9993602614176329,0.000461726510099942
1372.503291897453,1372.503291897453,1.0001179794238733,0.00046181862525803113
1372.5102364159816,1372.5102364159816,0.9998212537329643,0.0004618860132862784
1372.51718093451,1372.51718093451,1.0005528584705623,0.00046192138014845477
1372.5241254530267,1372.5241254530267,0.999959944150231,0.00046185275866616045
1372.5310699715437,1372.5310699715437,1.0000653086318303,0.00046181507724009954
1372.5380144900605,1372.5380144900605,1.0001548631826682,0.0004618557555377191
1372.5449590085777,1372.5449590085777,0.9999461965318941,0.0004618608516518758
1372.5519035270943,1372.5519035270943,1.0000167912538225,0.00046173773539050195
1372.5588480455876,1372.5588480455876,0.9998874417665615,0.00046181683876957895
1372.5657925640933,1372.5657925640933,1.0005421951054903,0.0004619640891904891
1372.5727370825985,1372.5727370825985,0.9997097711920849,0.00046181784758649546
1372.579681601092,1372.579681601092,1.000397379017874,0.0004619496775601849
1372.5866261195856,1372.5866261195856,0.999345325594326,0.0004619282150740343
1372.593570638079,1372.593570638079,0.9990376007028654,0.00046186998551434895
1372.6005151565728,1372.6005151565728,1.0007302990337403,0.0004620598587188302
1372.6074596750545,1372.6074596750545,0.9997326928000451,0.000461849436711718
1372.6144041935363,1372.6144041935363,1.0004003113902251,0.0004618906036850092
1372.6213487120185,1372.6213487120185,1.0002198143718952,0.00046194984857155023
1372.6282932304887,1372.6282932304887,0.9992685870892636,0.00046174215509259535
1372.6352377489707,1372.6352377489707,0.9998541524552754,0.000461848352652198
1372.6421822674297,1372.6421822674297,1.00080247182555,0.00046198522636816086
1372.6491267858996,1372.6491267858996,0.9997691375870257,0.0004617552547335225
1372.6560713043582,1372.6560713043582,1.0004430490865406,0.00046194937542994594
1372.6630158228286,1372.6630158228286,0.9997867098460969,0.00046190263060944746
1372.6699603412872,1372.6699603412872,1.0001524381386782,0.0004618994133540229
1372.6769048597343,1372.6769048597343,0.9995100476714713,0.0004618317789835057
1372.6838493781813,1372.6838493781813,1.0009138505668158,0.00046201946574362393
1372.6907938966283,1372.6907938966283,0.9993040727827454,0.0004617398985926016
1372.6977384150637,1372.6977384150637,1.0002521176383947,0.0004618982659410395
1372.7046829335222,1372.7046829335222,0.9997159246420566,0.00046182250948019954
1372.7116274519462,1372.7116274519462,0.9993503295567997,0.00046174019939476923
1372.7185719703696,1372.7185719703696,1.000211040597605,0.00046187135554110896
1372.7255164888284,1372.7255164888284,0.9998371246366263,0.0004617786868824439
1372.732461007241,1372.732461007241,1.0006219009663608,0.00046191573376002694
1372.7394055256525,1372.7394055256525,0.9997013403189635,0.0004618446794908362
1372.7463500440647,1372.7463500440647,1.00011774490185,0.00046175564659081436
1372.753294562477,1372.753294562477,1.0000471613765987,0.0004617835240826636
1372.7602390808886,1372.7602390808886,1.0008713865877994,0.00046189179065173606
1372.767183599301,1372.767183599301,1.00014756369767,0.0004618003889832375
1372.7741281177132,1372.7741281177132,0.9992905784171382,0.00046165914451475846
1372.7810726361247,1372.7810726361247,0.9998265603694003,0.00046173622127226415
1372.7880171545257,1372.7880171545257,0.9995576857680746,0.0004616840362461626
1372.7949616728915,1372.7949616728915,1.000155144338039,0.0004617348228140456
1372.801906191303,1372.801906191303,0.9995865345842837,0.0004616516545452376
1372.8088507096807,1372.8088507096807,1.0006929762992753,0.00046177967396971
1372.8157952280694,1372.8157952280694,1.0000840343128978,0.0004617629196471184
1372.822739746435,1372.822739746435,0.9999113923607241,0.00046174493785971815
1372.8296842648238,1372.8296842648238,0.9998044385616665,0.00046164627114118493
1372.8366287831893,1372.8366287831893,1.0001536584529558,0.00046161755453651864
1372.8435733015547,1372.8435733015547,1.0000581799962531,0.0004617297105421694
1372.85051781992,1372.85051781992,1.0003927947874933,0.00046165775672801605
1372.8574623382742,1372.8574623382742,1.000070854515317,0.0004616661650227301
1372.8644068566277,1372.8644068566277,0.9995681417686413,0.00046167622034854687
1372.8713513749815,1372.8713513749815,0.9999048322931454,0.0004617264104611045
1372.878295893336,1372.878295893336,1.0001019838559473,0.00046183799650444254
1372.8852404116778,1372.8852404116778,1.0004482315727792,0.0004618878170232656
1372.8921849300084,1372.8921849300084,0.9995119822153986,0.00046177119838032436
1372.899129448351,1372.899129448351,0.9996296037339819,0.00046176165169083355
1372.9060739666927,1372.9060739666927,1.0005562713801446,0.00046187231144340687
1372.9130184850121,1372.9130184850121,1.000337299333126,0.00046186831211955095
1372.919963003343,1372.919963003343,0.9995799139977788,0.0004617371694977847
1372.92690752165,1372.92690752165,0.9996172058559921,0.00046171605465325234
1372.9338520399692,1372.9338520399692,0.9993331130001655,0.00046163820211491356
1372.9407965582882,1372.9407965582882,1.0004026849631884,0.0004617633643904338
1372.947741076595,1372.947741076595,1.000778544808198,0.00046188753755505246
1372.9546855948913,1372.9546855948913,0.9993139794288549,0.0004616640143540633
1372.9616301131987,1372.9616301131987,1.0003360498500378,0.00046183621784730506
1372.968574631494,1372.968574631494,1.0012296607069384,0.00046193984191126485
1372.9755191497898,1372.9755191497898,0.9993102088303626,0.00046160102006163336
1372.9824636680737,1372.9824636680737,0.9995562787495412,0.0004616922156322056
1372.989408186346,1372.989408186346,1.0000878563461222,0.0004617166335532763
1372.99635270463,1372.99635270463,0.9993318072627873,0.0004616320606145046
1373.0032972229142,1373.0032972229142,1.0003373176984787,0.00046179266157435236
1373.010241741175,1373.010241741175,1.000483797018222,0.0004618858379951141
1373.0171862594473,1373.0171862594473,0.9997431676601038,0.0004616581253228288
1373.0241307777083,1373.0241307777083,1.0004232804819648,0.00046177692436813944
1373.0310752959572,1373.0310752959572,0.9994641989258783,0.0004616925147208354
1373.0380198142182,1373.0380198142182,0.9998861332818807,0.0004617448600830102
1373.0449643324673,1373.0449643324673,1.0002190357635024,0.00046168344965714307
1373.0519088507044,1373.0519088507044,0.9996341084437017,0.00046161969934086395
1373.0588533689538,1373.0588533689538,0.9999124658822357,0.00046169910718728887
1373.06579788718,1373.06579788718,1.0004290059062395,0.00046179689970653334
1373.0727424054169,1373.0727424054169,1.000068134767437,0.0004617277112071655
1373.079686923643,1373.079686923643,1.0003995207331442,0.0004617398716412034
1373.0866314418688,1373.0866314418688,1.00049670790996,0.0004617405206236198
1373.093575960094,1373.093575960094,0.998808334456767,0.00046150169548054133
1373.1005204782973,1373.1005204782973,1.0001432973685784,0.0004616771178167737
1373.1074649965115,1373.1074649965115,0.9999924734715865,0.00046161582498499543
1373.1144095147022,1373.1144095147022,0.999920548597615,0.0004615821142387293
1373.1213540329165,1373.1213540329165,1.0000315630787282,0.00046163077423341906
1373.1282985511073,1373.1282985511073,1.0000433762273726,0.00046173697741261935
1373.1352430692982,1373.1352430692982,1.0006666344486814,0.0004618119205578048
1373.1421875874892,1373.1421875874892,1.0000485837464907,0.00046169439969285527
1373.149132105668,1373.149132105668,0.9994025021937087,0.00046167155830335107
1373.1560766238476,1373.1560766238476,1.0000986206170759,0.0004618488878098772
1373.1641322649261,1373.1641322649261,0.999640012521742,0.00046171303789746846
1373.171354563819,1373.171354563819,1.0005247163211743,0.00046189097070370997
1373.1782990819747,1373.1782990819747,1.000363501625824,0.0004619952159409586
1373.1863547230419,1373.1863547230419,0.9994771906407964,0.0004617639501735546
1373.1949659255583,1373.1949659255583,1.000052307756417,0.0004617652260118653
1373.2019104436913,1373.2019104436913,0.9998179922779815,0.00046181558939106603
1373.2088549618354,1373.2088549618354,0.9994646689399408,0.0004616270015312748
1373.2171883836158,1373.2171883836158,0.9999259033628402,0.00046171754413322903
1373.2249662439112,1373.2249662439112,1.0010482968614998,0.00046187710929928503
1373.232466323482,1373.232466323482,0.9992193923367922,0.00046159656303962685
1373.2394108416033,1373.2394108416033,1.0002234386926634,0.00046173530894394737
1373.2463553597245,1373.2463553597245,0.9998807884311278,0.0004617004681293362
1373.253299877845,1373.253299877845,1.0004172973332772,0.0004617601034886851
1373.260244395943,1373.260244395943,1.0000337393600494,0.0004615859833721196
1373.2671889140297,1373.2671889140297,1.0003100178138555,0.00046172464184861164
1373.2758001164877,1373.2758001164877,0.9996589220434903,0.0004616595876613313
1373.2838557574614,1373.2838557574614,0.9999822289493683,0.0004617146944048099
1373.2908002755478,1373.2908002755478,0.9998510921307167,0.0004617582731558916
1373.2977447936341,1373.2977447936341,1.00035222669961,0.0004618551195900935
1373.3046893117084,1373.3046893117084,1.0001788235785698,0.00046178383352318863
1373.3116338297716,1373.3116338297716,0.9996503532662505,0.0004618240002813718
1373.3185783478343,1373.3185783478343,0.999745874912249,0.0004618430238482181
1373.3255228658968,1373.3255228658968,0.999910744150673,0.0004618701829806219
1373.3324673839484,1373.3324673839484,1.0001806115974365,0.00046189160181258997
1373.3394119019995,1373.3394119019995,0.9993837291781584,0.00046173099485123035
1373.3463564200506,1373.3463564200506,1.0003363176679938,0.0004618824980723153
1373.353300938079,1373.353300938079,1.0004335582554584,0.000461836625485175
1373.360245456118,1373.360245456118,0.9999392734323915,0.0004617212431468878
1373.3677455355842,1373.3677455355842,0.999642678704447,0.0004617122736317988
1373.3755233957636,1373.3755233957636,1.0000824540721667,0.0004617460927860263
1373.3827456945164,1373.3827456945164,1.0001543718104213,0.000461741290580384
1373.3908013354085,1373.3908013354085,1.0006512329160322,0.0004619879299833125
1373.3977458534132,1373.3977458534132,0.9996789934778147,0.00046181250798148525
1373.4046903714182,1373.4046903714182,1.0001129546315248,0.0004618753429745912
1373.4116348894108,1373.4116348894108,0.9996521127578578,0.00046172002417941324
1373.4185794073924,1373.4185794073924,1.0001249369049432,0.00046186895473062365
1373.4255239253853,1373.4255239253853,1.0001966808514597,0.00046190202280223713
1373.4324684433782,1373.4324684433782,0.9995697098930287,0.00046178943501752075
1373.4408018649492,1373.4408018649492,0.9996229139686156,0.0004618293850344077
1373.4477463828957,1373.4477463828957,1.0000245650271498,0.00046187331783570704
1373.4546909008652,1373.4546909008652,0.9999932520241719,0.00046182498938883724
1373.4627465416993,1373.4627465416993,1.0006209887877051,0.00046202769959906634
1373.4699688403707,1373.4699688403707,1.0001748881395642,0.00046181155542216227
1373.4769133583172,1373.4769133583172,0.9999601537268192,0.0004617827523241551
1373.483857876252,1373.483857876252,0.9995954885078147,0.00046179989620615317
1373.4908023941873,1373.4908023941873,0.9997832962882363,0.00046186541654109106
1373.4977469121216,1373.4977469121216,1.0002824733713584,0.0004619842878260904
1373.5046914300447,1373.5046914300447,0.9997803305618339,0.000461788875720577
1373.5116359479566,1373.5116359479566,0.9995308041185323,0.0004616991110676765
1373.518580465868,1373.518580465868,1.0002074975916617,0.00046188594669808677
1373.5255249837912,1373.5255249837912,0.9992896151924195,0.0004616371205971577
1373.5324695016798,1373.5324695016798,1.0000186786087528,0.0004618706515745502
1373.539414019579,1373.539414019579,0.9993848919589572,0.0004616813991887833
1373.5463585374673,1373.5463585374673,1.000453577005171,0.0004619508069776789
1373.5538586167825,1373.5538586167825,1.001419927766626,0.00046205053555986846
1373.5616364768216,1373.5616364768216,1.0001377207040356,0.0004617708759883304
1373.5685809946867,1373.5685809946867,1.0019278332856891,0.0004621400832351924
1373.5755255125518,1373.5755255125518,0.9999117083414155,0.0004617961872821315
1373.5824700304279,1373.5824700304279,0.9997712769122253,0.000461652562902323
1373.58941454827,1373.58941454827,0.9998415124738467,0.00046161936193755526
1373.5963590661115,1373.5963590661115,0.9992198392353213,0.0004616127707920416
1373.603303583988,1373.603303583988,1.000049579558414,0.000461802576817741
1373.6102481018183,1373.6102481018183,1.0003471751795716,0.0004618710010976983
1373.617192619648,1373.617192619648,1.0000753376883273,0.0004618637074360628
1373.6421928837785,1373.6421928837785,0.999163819023426,0.00046178306070314846
1373.6491374016082,1373.6491374016082,1.0005029120351598,0.0004620546876373848
1373.6560819194033,1373.6560819194033,1.0001718584399506,0.00046196657910199483
1373.6630264372102,1373.6630264372102,1.0002662458712366,0.0004619891228600827
1373.6699709549819,1373.6699709549819,1.00023862562148,0.0004619605317108933
1373.6769154727658,1373.6769154727658,0.999923789771526,0.000461922521756318
1373.683859990549,1373.683859990549,1.0000024202870934,0.00046186995118787836
1373.6908045083208,1373.6908045083208,1.0003902700327651,0.00046205145090902187
1373.6977490260929,1373.6977490260929,0.9998568365030677,0.0004618754865262142
1373.704693543853,1373.704693543853,0.9998273761886243,0.00046187006140525986
1373.7116380616012,1373.7116380616012,1.0002100953554947,0.0004619752076888698
1373.7185825793501,1373.7185825793501,0.9994396746294869,0.0004618541513953871
1373.7255270970984,1373.7255270970984,1.0002179014844044,0.00046190394044135256
1373.7324716148355,1373.7324716148355,1.0001998650185813,0.0004620097573273136
1373.7394161325606,1373.7394161325606,0.9994593546324028,0.00046186446153843874
1373.746360650286,1373.746360650286,1.0003978043027881,0.00046201425845807386
1373.7533051679995,1373.7533051679995,0.9999349269800872,0.00046192224002958337
1373.7602496857135,1373.7602496857135,1.000075063708134,0.00046190874566562535
1373.767194203427,1373.767194203427,1.0002376110415574,0.0004618877548476656
1373.7741387211174,1373.7741387211174,0.9999131162247379,0.00046179634005502737
1373.781083238819,1373.781083238819,0.9991883642429155,0.00046172600647543545
1373.7880277565096,1373.7880277565096,1.0002392470242412,0.0004619051883889079
1373.7949722741882,1373.7949722741882,0.9997815860135078,0.00046182356560321984
1373.8019167918671,1373.8019167918671,1.0000753798418407,0.00046177818827047656
1373.8088613095338,1373.8088613095338,1.0005973987773091,0.00046180866819438965
1373.8158058271897,1373.8158058271897,1.0006058439413834,0.00046192518148499117
1373.8227503448568,1373.8227503448568,1.0000886163041294,0.0004617828010730714
1373.8296948625004,1373.8296948625004,0.999640467386833,0.0004617705767577785
1373.8366393801439,1373.8366393801439,0.9994979646157649,0.0004617142724158008
1373.843583897788,1373.843583897788,0.9998600704062675,0.0004618303223377513
1373.8505284154198,1373.8505284154198,0.9997400065315697,0.00046189241085794065
1373.8574729330408,1373.8574729330408,1.0002255885566211,0.00046190872250573555
1373.8644174506608,1373.8644174506608,1.0001430755011014,0.00046183535636880357
1373.8713619682815,1373.8713619682815,1.0000978286934423,0.00046186508342784796
1373.8783064858908,1373.8783064858908,0.9996440536781387,0.00046180367012521476
1373.8852510034878,1373.8852510034878,1.0007485082756025,0.0004619266107698908
1373.892195521073,1373.892195521073,0.9996564219018065,0.0004617571770493999
1373.8991400386592,1373.8991400386592,0.9999458237136093,0.00046185189492547785
1373.9060845562558,1373.9060845562558,0.9997025530647722,0.0004617527021963098
1373.9130290738187,1373.9130290738187,1.000769700627075,0.0004619935231718957
1373.9199735913924,1373.9199735913924,0.9995076841386756,0.00046172884581449706
1373.9269181089428,1373.9269181089428,0.9997798940277149,0.000461912790145133
1373.933862626529,1373.933862626529,1.0006497835420018,0.00046198113074696873
1373.9408071440675,1373.9408071440675,0.9994229135581044,0.00046178430694684145
1373.9477516616068,1373.9477516616068,0.9996549241207486,0.00046175659943946385
1373.9546961791457,1373.9546961791457,1.0005562701623445,0.0004619326952637141
1373.9616406966843,1373.9616406966843,0.9996386048661889,0.00046177566184399057
1373.9685852141888,1373.9685852141888,0.9999892583703558,0.00046184773072404045
1373.9777519773168,1373.9777519773168,1.000205737410467,0.00046188177234775414
1373.9852520562122,1373.9852520562122,1.0001679005617279,0.0004618984138747553
1373.992196573728,1373.992196573728,1.000267150637608,0.0004619086131143862
1373.9991410912207,1373.9991410912207,1.0003301646485998,0.00046194500876729224
1374.0060856087014,1374.0060856087014,0.9997107172154157,0.00046182769650643775
1374.0130301261822,1374.0130301261822,0.9996947880180738,0.0004618466639990602
1374.0199746436515,1374.0199746436515,1.0000574524704091,0.0004618930544634917
1374.0269191611205,1374.0269191611205,0.9992340320752412,0.0004617395115688026
1374.0338636785896,1374.0338636785896,1.000186366965901,0.0004619123551150594
1374.0408081960472,1374.0408081960472,0.9996150269654451,0.00046178471581244396
1374.047752713493,1374.047752713493,1.0005044992408607,0.00046195570264779846
1374.0546972309276,1374.0546972309276,1.0009351999132072,0.0004620349052620497
1374.0616417483616,1374.0616417483616,0.9996997250362414,0.0004618007141136386
1374.068586265796,1374.068586265796,1.0007832077882957,0.0004620278784515333
1374.0755307832071,1374.0755307832071,1.0004070789060464,0.00046193817088936186
1374.0824753006295,1374.0824753006295,0.9998633779259238,0.0004618553225172532
1374.0894198180406,1374.0894198180406,0.9994601821710166,0.00046175748375674053
1374.0963643354398,1374.0963643354398,0.9997257213882618,0.00046182841150241
1374.1033088528388,1374.1033088528388,0.9998159906803533,0.0004617529287270032
1374.1102533702153,1374.1102533702153,0.999524128158779,0.0004617859788819575
1374.1171978875914,1374.1171978875914,1.0006848047105552,0.00046197064381239556
1374.1241424049672,1374.1241424049672,0.9996325170462523,0.0004618406184036087
1374.1310869223314,1374.1310869223314,1.0002189624702338,0.00046192049273631995
1374.138031439696,1374.138031439696,1.000293479775588,0.0004619398781874486
1374.144975957037,1374.144975957037,1.0004662098900767,0.00046189548449383745
1374.1519204743784,1374.1519204743784,1.0004930810157449,0.0004619324268733815
1374.1588649917312,1374.1588649917312,0.9992997411528266,0.00046168879520787874
1374.1658095090488,1374.1658095090488,0.9995463447623336,0.0004617140677183141
1374.1727540263903,1374.1727540263903,0.9992471388469036,0.00046160028212209917
1374.179698543696,1374.179698543696,1.0001580230241842,0.0004617625576788826
1374.1866430610025,1374.1866430610025,0.9999811341425466,0.00046183106374397066
1374.1935875783088,1374.1935875783088,1.000331526073567,0.00046187701578736883
1374.2005320956032,1374.2005320956032,1.000471015459929,0.00046187929773882535
1374.207476612898,1374.207476612898,1.0011406412046537,0.0004619021419300145
1374.2144211301572,1374.2144211301572,0.9996744591458995,0.00046176004794400496
1374.2213656474637,1374.2213656474637,0.9999244607258371,0.0004617142875989067
1374.2283101647117,1374.2283101647117,0.9992148999623977,0.00046162689018781406
1374.2352546819595,1374.2352546819595,0.9998882934746796,0.0004617193337762769
1374.2421991992073,1374.2421991992073,0.9992835582243742,0.0004617373389979856
1374.2491437164558,1374.2491437164558,0.9999093495394721,0.00046184377640203536
1374.2560882337034,1374.2560882337034,1.0005388369027624,0.00046192012824115125
1374.2630327509517,1374.2630327509517,1.0006838572644774,0.000461927400190248
1374.269977268165,1374.269977268165,0.9994098219569176,0.00046185405954164634
1374.2769217853893,1374.2769217853893,1.000182245666477,0.0004619557326438424
1374.283866302591,1374.283866302591,1.0000943809619098,0.0004619911130894422
1374.2908108197921,1374.2908108197921,0.9996479866855138,0.00046181242394565763
1374.2977553369935,1374.2977553369935,1.0002166297633002,0.0004619232900922748
1374.3046998541836,1374.3046998541836,1.0001680133763058,0.00046189750295458934
1374.3116443713611,1374.3116443713611,1.0003851849797907,0.0004619394580906413
1374.318588888528,1374.318588888528,0.9997398177128012,0.00046182063094778284
1374.3255334056944,1374.3255334056944,0.9994441169605176,0.00046183320418492367
1374.3324779228492,1374.3324779228492,1.0004287055731393,0.00046194258474847714
1374.3394224400042,1374.3394224400042,1.0002736181545784,0.0004619292791164988
1374.3463669571472,1374.3463669571472,0.9995779946400551,0.0004618049918414092
1374.353311474279,1374.353311474279,0.9994233800395316,0.0004616860715669347
1374.3602559914111,1374.3602559914111,1.000216153137984,0.00046187551633989434
1374.3672005085189,1374.3672005085189,1.0003245668903875,0.00046184772015661494
1374.3741450256505,1374.3741450256505,1.0003340704407404,0.00046184258893189247
1374.381089542759,1374.381089542759,1.000425709480264,0.00046181731286956825
1374.3880340598555,1374.3880340598555,0.9997437167830479,0.00046179693699598167
1374.3949785769291,1374.3949785769291,0.9995729282321395,0.00046172893382203614
1374.4019230940255,1374.4019230940255,1.0002962166799783,0.0004617768215359341
1374.408867611099,1374.408867611099,0.9997773539266983,0.00046165799092145256
1374.415812128161,1374.415812128161,0.999347852281247,0.00046165215116152904
1374.4227566452337,1374.4227566452337,1.0002534126260794,0.00046166118867718405
1374.4297011622725,1374.4297011622725,1.0001307080534934,0.00046165945296333145
1374.4366456793227,1374.4366456793227,1.0001849734194006,0.0004617533768949871
1374.443590196349,1374.443590196349,1.0002856142081147,0.0004618068714221932
1374.450534713388,1374.450534713388,1.00055918349128,0.00046179904640981353
1374.4574792304145,1374.4574792304145,0.9999824285328828,0.00046172247377984426
1374.4644237474179,1374.4644237474179,0.9991318600470491,0.0004615009588163217
1374.4713682644335,1374.4713682644335,0.9995620660543091,0.00046163306444122344
1374.4783127814367,1374.4783127814367,1.0004610486294045,0.0004617820836377881
1374.4852572984055,1374.4852572984055,0.9995912945268015,0.00046164202028755685
1374.4922018154207,1374.4922018154207,1.0005320944792253,0.000461899881785397
1374.4991463323774,1374.4991463323774,1.0004002322082772,0.0004617748931252004
1374.506090849335,1374.506090849335,1.0004637373463046,0.0004618451341128904
1374.5130353662914,1374.5130353662914,1.0001029417958474,0.0004618279938057669
1374.5199798832484,1374.5199798832484,1.0002747590145515,0.00046183227227476205
1374.5269244002059,1374.5269244002059,0.9996895729444606,0.0004617340412893933
1374.533868917139,1374.533868917139,0.9992353208590309,0.00046161196133630766
1374.540813434061,1374.540813434061,1.0003900882409293,0.0004617372331509872
1374.5477579509834,1374.5477579509834,0.9994350376944651,0.00046171288187967185
1374.5547024678935,1374.5547024678935,1.0004485780273853,0.00046179520796523486
1374.5616469848042,1374.5616469848042,0.999879872915496,0.0004617483916651348
1374.568591501691,1374.568591501691,1.0007894957416172,0.0004618667583647765
1374.575536018578,1374.575536018578,0.9999920814653622,0.0004617023981920581
1374.5824805354655,1374.5824805354655,1.0000022660995498,0.000461710851678787
1374.5894250523288,1374.5894250523288,0.99998116109075,0.0004616558742923353
1374.596369569193,1374.596369569193,0.9999668677032219,0.0004617240838617671
1374.6033140860568,1374.6033140860568,0.9999857338801934,0.0004617754752013131
1374.610258602897,1374.610258602897,0.9996144877410605,0.0004617176490992137
1374.6172031197382,1374.6172031197382,0.9997825902165559,0.00046172727383464636
1374.6241476365665,1374.6241476365665,1.0004158204364697,0.00046183631969334203
1374.631092153396,1374.631092153396,0.9996015575813381,0.00046173570678728745
1374.6380366702247,1374.6380366702247,0.9997251235060455,0.00046169023469763617
1374.6449811870184,1374.6449811870184,1.0006962305365417,0.00046186428061827117
1374.6519257038126,1374.6519257038126,0.9995272186449962,0.00046166391274803
1374.6588702206068,1374.6588702206068,1.0003713410738881,0.00046185137823506793
1374.6658147373887,1374.6658147373887,1.0003470420667415,0.00046182280826356304
1374.6727592541715,1374.6727592541715,0.9999650630359864,0.00046174550377027675
1374.67970377093,1374.67970377093,0.9994676815143213,0.0004617093555584205
1374.6866482876896,1374.6866482876896,1.0003219023639294,0.0004618370578727807
1374.693592804437,1374.693592804437,0.9999358248255694,0.0004617348316165023
1374.7005373211841,1374.7005373211841,1.0001097358009645,0.0004618232861018947
1374.7074818379085,1374.7074818379085,0.9996943266799422,0.00046174045881691543
1374.7144263546325,1374.7144263546325,1.0001061175768897,0.00046182056257695154
1374.721370871345,1374.721370871345,1.000079123802435,0.0004618723826163777
1374.7283153880578,1374.7283153880578,1.0001613829434939,0.0004618180068286526
1374.73525990477,1374.73525990477,0.999503153010777,0.0004616540979045878
1374.7422044214477,1374.7422044214477,0.9998063937279357,0.0004616714575968801
1374.7491489381139,1374.7491489381139,0.9997555498276913,0.00046172275799453543
1374.7560934547796,1374.7560934547796,1.0007940583374437,0.00046182388790714905
1374.7630379714458,1374.7630379714458,0.9994431244483326,0.00046161254393907176
1374.7699824881113,1374.7699824881113,1.0005547616569865,0.000461780694098008
1374.7769270047772,1374.7769270047772,1.000539758503123,0.00046165100706512224
1374.78387152142,1374.78387152142,1.0000316845001016,0.00046170252507001024
1374.7908160380507,1374.7908160380507,0.9990126424739056,0.00046147931058883654
1374.7977605546591,1374.7977605546591,1.0008550190303231,0.00046175856546453695
1374.804705071278,1374.804705071278,0.999430984078806,0.0004616500719832993
1374.8116495878858,1374.8116495878858,1.0000146128933247,0.0004617732356626553
1374.8185941044935,1374.8185941044935,1.0003251323204634,0.00046184255131024996
1374.8255386210662,1374.8255386210662,0.9994720601343875,0.00046161648280986813
1374.8324831376626,1374.8324831376626,1.0004548989691802,0.00046174092047732124
1374.8394276542235,1374.8394276542235,1.0000795464310126,0.0004617860286518164
1374.846372170785,1374.846372170785,0.9990643925818073,0.00046166873415540795
1374.8533166873344,1374.8533166873344,1.0002470067318414,0.0004618552177619478
1374.8602612038837,1374.8602612038837,1.0000002418912246,0.00046179440778190104
1374.8672057204215,1374.8672057204215,1.0005862086814192,0.0004618231407411117
1374.874150236948,1374.874150236948,1.000131573360305,0.00046176451818944093
1374.8810947534741,1374.8810947534741,1.0003894828429067,0.0004618669513933267
1374.8880392699773,1374.8880392699773,0.9991522115467448,0.0004616114602582942
1374.8963726897787,1374.8963726897787,0.9994967476849073,0.00046166329218768915
1374.9033172062695,1374.9033172062695,1.0003284507684245,0.00046187033209927567
1374.9102617227495,1374.9102617227495,1.0001061661636579,0.0004617243255949343
1374.9172062392172,1374.9172062392172,1.0003946633841072,0.0004617904248736357
1374.9241507556853,1374.9241507556853,0.9996354445811774,0.00046169513868103115
1374.9310952721303,1374.9310952721303,1.0002287140928776,0.00046175559978688986
1374.9380397885864,1374.9380397885864,1.0002862170375753,0.00046175905499652335
1374.9449843050195,1374.9449843050195,0.9996618571017942,0.00046171175557013094
1374.951928821441,1374.951928821441,0.9996645912695458,0.0004616368865589905
1374.9588733378741,1374.9588733378741,1.0002942602699245,0.0004617737699605789
1374.9663734155827,1374.9663734155827,0.9999575044281347,0.0004616900841668721
1374.974151273957,1374.974151273957,1.0003651022981275,0.00046171283447373124
1374.9810957903321,1374.9810957903321,1.0000896609006922,0.0004617907575352651
1374.9880403067073,1374.9880403067073,1.0002222363525837,0.0004618007372321917
1374.9949848230817,1374.9949848230817,1.0002001122942323,0.00046176297261503566
1375.0019293394573,1375.0019293394573,1.0001460862499545,0.0004618415467510864
1375.0088738558202,1375.0088738558202,0.9998793735475642,0.00046173454133083383
1375.0158183721485,1375.0158183721485,0.9996636606889542,0.0004617083805759191
1375.0227628884888,1375.0227628884888,0.9998974587691265,0.00046172532846157257
1375.0297074048165,1375.0297074048165,1.0000407434544323,0.00046175311248102164
1375.0366519211334,1375.0366519211334,0.9998388580041736,0.0004617319981486236
1375.0435964374385,1375.0435964374385,1.000472513419996,0.000461872817861922
1375.050540953732,1375.050540953732,0.9999057127508205,0.00046173345652996496
1375.0574854700255,1375.0574854700255,1.000269586101322,0.00046171994644001856
1375.0644299863065,1375.0644299863065,0.9999069700918021,0.00046173426757733523
1375.0713745025657,1375.0713745025657,1.0000105981059424,0.0004617186297284295
1375.0783190188358,1375.0783190188358,0.99919669279443,0.0004615993041026907
1375.0852635350825,1375.0852635350825,0.999899946715036,0.0004616590138068512
1375.0922080513296,1375.0922080513296,1.0004685053790887,0.00046178671641380317
1375.0991525675531,1375.0991525675531,1.0004633442556496,0.00046180490152630615
1375.1060970837884,1375.1060970837884,0.9995498929197615,0.00046167172018411203
1375.1130415999887,1375.1130415999887,1.0003248560101354,0.00046186483176349655
1375.1199861162004,1375.1199861162004,0.9994564103185329,0.0004617394047621977
1375.1269306324011,1375.1269306324011,0.9998811183914815,0.00046178803571278216
1375.1338751485778,1375.1338751485778,1.0000375124442253,0.0004617840340796686
1375.1408196647549,1375.1408196647549,0.9995644206161238,0.000461723946924147
1375.1477641809201,1375.1477641809201,1.0000528223895546,0.00046176622187333395
1375.1547086970736,1375.1547086970736,0.9998839399708676,0.0004618617467297777
1375.1616532132277,1375.1616532132277,1.000299250648329,0.0004618939716459403
1375.1685977293696,1375.1685977293696,0.9999447520455936,0.00046180869157247265
1375.1755422454885,1375.1755422454885,1.000478355489873,0.00046197315561596897
1375.1824867615956,1375.1824867615956,0.9999379235148613,0.0004618039771583599
1375.189431277726,1375.189431277726,0.999681655744894,0.0004617839497499109
1375.1963757938215,1375.1963757938215,1.0004169464985309,0.0004618803898995782
1375.2033203099054,1375.2033203099054,0.9996624776808236,0.0004618195414337137
1375.2102648259893,1375.2102648259893,0.9996797555815707,0.0004617691537992196
1375.2172093420734,1375.2172093420734,1.0005750197010062,0.0004619972537191353
1375.2241538580988,1375.2241538580988,0.9992383634501849,0.00046177917379395216
1375.2310983741713,1375.2310983741713,0.9998636654030367,0.0004618754420558837
1375.2380428902084,1375.2380428902084,1.0005015202488061,0.00046192897680279784
1375.2449874062338,1375.2449874062338,1.0006083336007896,0.000461833091650474
1375.2519319222483,1375.2519319222483,1.0006204650143569,0.00046187502462161805
1375.2588764382622,1375.2588764382622,0.9995667338041947,0.0004617140802845806
1375.2658209542763,1375.2658209542763,1.0004842986400502,0.0004618197563317282
1375.272765470255,1375.272765470255,0.9997456709726972,0.00046172393958202735
1375.279709986246,1375.279709986246,0.999872749385229,0.00046161109991212014
1375.2866545022134,1375.2866545022134,0.9996967239561861,0.000461673611583542
1375.293599018169,1375.293599018169,0.9991342436176947,0.00046157507138451184
1375.3005435341252,1375.3005435341252,1.0005876697621297,0.00046182077118627656
1375.3074880500692,1375.3074880500692,1.0006265270981014,0.0004618138163826977
1375.31443256599,1375.31443256599,1.0000975525296962,0.0004617326542530727
1375.3213770819227,1375.3213770819227,0.9994504989788926,0.00046158494298313127
1375.3283215978201,1375.3283215978201,1.0000886527310855,0.00046170971880783816
1375.3352661137294,1375.3352661137294,1.0001933985374685,0.0004616528944249339
1375.3422106296273,1375.3422106296273,1.0006945961251443,0.0004617710121993016
1375.3491551455015,1375.3491551455015,0.9992517977364033,0.0004616072459298688
1375.3560996613762,1375.3560996613762,1.000281066637746,0.00046164919956192694
1375.3630441772382,1375.3630441772382,0.9996696467888324,0.00046160741052821375
1375.369988693078,1375.369988693078,1.0000763918870843,0.0004616844255812729
1375.3769332089173,1375.3769332089173,1.0001913591672276,0.00046178597104554734
1375.3838777247565,1375.3838777247565,0.9994934503464261,0.00046164437641467047
1375.3908222405614,1375.3908222405614,1.0001392032775396,0.0004617688959712654
1375.397766756377,1375.397766756377,1.00011449408568,0.0004616149200300418
1375.4047112722048,1375.4047112722048,0.9996044202993548,0.00046165832103777394
1375.4116557879747,1375.4116557879747,1.00096365508775,0.0004618478863880666
1375.4186003037325,1375.4186003037325,0.9995145586953477,0.0004616706035376058
1375.4255448195258,1375.4255448195258,1.000088515614201,0.0004617715362345714
1375.4324893352598,1375.4324893352598,0.9997619764290588,0.0004616156780466621
1375.439433851018,1375.439433851018,1.0000245384790072,0.00046167819504661756
1375.4463783667527,1375.4463783667527,0.9999836705232834,0.00046163853249840995
1375.453322882487,1375.453322882487,1.0005972675823844,0.0004617062027369078
1375.460267398199,1375.460267398199,0.9988919259827597,0.00046154908204100844
1375.4672119139098,1375.4672119139098,1.000503550480443,0.0004617349409439846
1375.4741564295978,1375.4741564295978,1.0003226568843269,0.0004617571705523587
1375.4811009452862,1375.4811009452862,0.9999800527657559,0.0004617196752505764
1375.4880454609506,1375.4880454609506,1.0000109452495334,0.0004617232893827423
1375.4949899766275,1375.4949899766275,1.0000161547507347,0.00046174145208527665
1375.5019344922687,1375.5019344922687,0.9994418763219064,0.0004615672126539332
1375.5088790079217,1375.5088790079217,1.001134541867404,0.00046187858275710173
1375.5158235235517,1375.5158235235517,1.0004120052491623,0.00046172599665216115
1375.52276803917,1375.52276803917,0.9995973582397703,0.00046163416223317974
1375.5297125547768,1375.5297125547768,0.9998282845986491,0.0004616579422958448
1375.5366570703832,1375.5366570703832,0.9999091335731229,0.00046170518891501674
1375.5436015859666,1375.5436015859666,0.9998301475441573,0.00046160736255908925
1375.5505461015498,1375.5505461015498,0.9997080600635437,0.00046163106775344695
1375.5577683977301,1375.5577683977301,1.0003130601472077,0.0004617301685999979
1375.5658240357818,1375.5658240357818,1.000047860290519,0.0004616165097328335
1375.572768551307,1375.572768551307,1.0004143250942843,0.00046164042060687846
1375.5797130668673,1375.5797130668673,0.9995935073887721,0.0004615899811437423
1375.5866575823688,1375.5866575823688,1.0007712114872658,0.0004616791064843754
1375.5936020978704,1375.5936020978704,0.9997674709714376,0.00046159178418293497
1375.6005466133727,1375.6005466133727,0.9994906098891176,0.000461485812071749
1375.6074911288742,1375.6074911288742,0.9998788911695133,0.0004615782918933714
1375.6147134249732,1375.6147134249732,1.0000669575937535,0.00046145432100945933
1375.6227690629203,1375.6227690629203,1.0002754487632202,0.0004616463844157799
1375.6297135783632,1375.6297135783632,0.99995250089285,0.0004615470338141732
1375.6366580938072,1375.6366580938072,0.9999415000755503,0.0004615662845270963
1375.6441581704678,1375.6441581704678,1.0005442567063771,0.00046157249644750576
1375.6519360277362,1375.6519360277362,1.000307338966504,0.0004615706356184379
1375.6588805431456,1375.6588805431456,0.999858705977944,0.00046153177178900407
1375.665825058542,1375.665825058542,0.9997587819885249,0.00046152435794156576
1375.6727695739278,1375.6727695739278,1.0009422126245013,0.00046163495286012933
1375.6797140893016,1375.6797140893016,1.0000998776171781,0.0004616541555145531
1375.686658604675,1375.686658604675,0.9995274277425026,0.0004616132493496198
1375.6936031200144,1375.6936031200144,0.9998005535613256,0.0004615621796789332
1375.7005476353643,1375.7005476353643,0.9994678972756029,0.0004614111046115527
1375.7074921506799,1375.7074921506799,0.9999754150452105,0.00046161258541924284
1375.7144366660073,1375.7144366660073,0.9994413437653978,0.0004614171994845634
1375.721381181311,1375.721381181311,1.000774721127965,0.0004616326651691996
1375.7283256966034,1375.7283256966034,0.9997120080730031,0.0004615346512309471
1375.7352702118837,1375.7352702118837,0.9997739521162415,0.00046148867333393963
1375.7422147271648,1375.7422147271648,1.0004802929184746,0.00046162564880254073
1375.749159242422,1375.749159242422,1.0001930179747274,0.0004615400650316245
1375.7561037576675,1375.7561037576675,1.0005859360077207,0.00046159022999865137
1375.7630482729135,1375.7630482729135,1.0004071030752903,0.00046157263500336737
1375.769992788124,1375.769992788124,0.9997740124985807,0.00046143247170967887
1375.776937303335,1375.776937303335,0.9995945188839652,0.0004615219691295225
1375.7838818185458,1375.7838818185458,0.9994007158941262,0.00046148163032299055
1375.7919374561786,1375.7919374561786,1.0000865008731066,0.0004616924839077243
1375.7991597519515,1375.7991597519515,0.9999147849523069,0.00046156006796300346
1375.806104267127,1375.806104267127,0.9997627879591061,0.00046163648339569454
1375.8130487822798,1375.8130487822798,0.9998600144118495,0.00046157695311919956
1375.8199932974208,1375.8199932974208,1.0005535336010047,0.0004617314215231927
1375.8277711543635,1375.8277711543635,1.0000024462245816,0.0004615432801482546
1375.8352712306983,1375.8352712306983,0.9995125598719865,0.00046147474936802035
1375.8422157457924,1375.8422157457924,1.0003205714090428,0.0004616548966438321
1375.8491602608985,1375.8491602608985,1.0004580089054782,0.00046170387154170366
1375.8561047759697,1375.8561047759697,1.000768287554584,0.0004615394846028835
1375.8636048522337,1375.8636048522337,0.9992715642502198,0.0004614405073359009
1375.8727716121261,1375.8727716121261,0.9999069002019088,0.0004615488913940893
1375.8797161271625,1375.8797161271625,0.9999093426188053,0.00046154880172764753
1375.8866606421864,1375.8866606421864,0.9992748860634404,0.00046141544634856907
1375.8936051572116,1375.8936051572116,0.9997751649045281,0.00046142617270475406
1375.9005496722123,1375.9005496722123,1.0001273548890965,0.00046149387306367387
1375.9074941872136,1375.9074941872136,1.0004426259297547,0.0004615960114190648
1375.914438702192,1375.914438702192,1.000610539175623,0.00046157240165337673
1375.9213832171579,1375.9213832171579,1.0000804268086234,0.0004615492393505062
1375.9283277321363,1375.9283277321363,0.9999289944673185,0.0004614990128940288
1375.9361055888462,1375.9361055888462,0.9998732134361795,0.0004615230961542239
1375.9436056649597,1375.9436056649597,1.0007213643923898,0.0004616386488970587
1375.9505501798794,1375.9505501798794,0.9995018353071898,0.0004614155910197971
1375.957494694799,1375.957494694799,0.9995509161194388,0.00046147361960340824
1375.9644392097189,1375.9644392097189,0.999778214998887,0.00046144560644384967
1375.9719392857737,1375.9719392857737,0.9997680806500044,0.0004616266782586466
1375.979717142426,1375.979717142426,0.9997655124865401,0.00046146097650453697
1375.988050560248,1375.988050560248,1.000923950454491,0.00046183692105024944
1375.9949950750974,1375.9949950750974,0.999916377108178,0.0004616464106655707
1376.0027729316917,1376.0027729316917,1.0011754733632405,0.00046172925916511425
1376.0102730077,1376.0102730077,1.0000057543718974,0.0004616730550028009
1376.0177730836851,1376.0177730836851,1.000114857097311,0.0004616164541838989
1376.0255509402446,1376.0255509402446,1.00028023337136,0.0004616848470892413
1376.0324954550124,1376.0324954550124,0.999518752030942,0.0004614363817303141
1376.0394399697925,1376.0394399697925,0.9996471049526893,0.0004616184906176394
1376.046384484538,1376.046384484538,0.9995244802942265,0.0004614757750419941
1376.053606779868,1376.053606779868,1.0001663058884867,0.0004615059877865834
1376.0616624169422,1376.0616624169422,0.9996121594523123,0.00046147036642064855
1376.069718053993,1376.069718053993,1.0002715175716677,0.0004615499348065358
1376.0777736910554,1376.0777736910554,1.0006581644358115,0.0004616542459876771
1376.0852737669009,1376.0852737669009,0.9995629278189654,0.00046145381332569435
1376.0922182815648,1376.0922182815648,1.0001194184352875,0.00046144967895966996
1376.0991627962044,1376.0991627962044,0.9994337634017189,0.00046119477825698935
1376.1061073108801,1376.1061073108801,1.0005609548290715,0.000461502706455893
1376.113885167264,1376.113885167264,1.000334350524744,0.0004614510346167062
1376.1322186857678,1376.1322186857678,0.9995437711230032,0.00046142166528245407
1376.146385495517,1376.146385495517,1.0001068819852117,0.00046165117679969786
1376.1533300100762,1376.1533300100762,0.9994925981836704,0.00046150240376914434
1376.1602745246114,1376.1602745246114,0.9995906514324153,0.0004615470667186028
1376.1672190391478,1376.1672190391478,1.0003159663683552,0.00046160975542533826
1376.1741635536596,1376.1741635536596,1.0012830580767957,0.00046183669982276113
1376.1811080681605,1376.1811080681605,1.0002034397041708,0.000461653296962435
1376.1880525826375,1376.1880525826375,0.9991521991485053,0.0004615430829686425
1376.1949970971264,1376.1949970971264,1.0005037688925285,0.000461725316763669
1376.2030527338982,1376.2030527338982,1.0001386806624213,0.0004617061907263395
1376.2102750289255,1376.2102750289255,1.0008077485717397,0.0004617797279797157
1376.2172195433564,1376.2172195433564,0.9992838488200654,0.0004615805051531105
1376.2241640577872,1376.2241640577872,1.0002489224563442,0.00046180579584660555
1376.231108572183,1376.231108572183,0.9994706075871557,0.00046164703201130526
1376.2380530865792,1376.2380530865792,0.999743778559355,0.0004617699106404874
1376.244997600951,1376.244997600951,1.00029048883465,0.0004617925413910037
1376.2519421153477,1376.2519421153477,1.0004407350841595,0.0004617827360840447
1376.258886629685,1376.258886629685,1.0000693311845565,0.0004617770268111721
1376.2658311440227,1376.2658311440227,1.0001039937553176,0.0004618514929904131
1376.2727756583604,1376.2727756583604,1.0002725674951372,0.00046183553053887657
1376.279720172663,1376.279720172663,0.9996737342830629,0.0004617295255910741
1376.2866646869663,1376.2866646869663,0.9995131388544432,0.00046175317084704546
1376.2936092012567,1376.2936092012567,1.0002961711900995,0.0004617984460364501
1376.3005537155248,1376.3005537155248,0.9994556117846292,0.00046170803935287314
1376.3074982297812,1376.3074982297812,1.0002527239750196,0.00046181862157055806
1376.3144427440373,1376.3144427440373,1.0002763888408557,0.00046179450495457356
1376.3213872582703,1376.3213872582703,1.0002233902768847,0.00046182456963838307
1376.328331772491,1376.328331772491,0.9994127959566736,0.0004616449610329266
1376.3352762866893,1376.3352762866893,0.999968670500975,0.0004617613104842934
1376.3422208008756,1376.3422208008756,1.0002554638737533,0.0004618362574365319
1376.3491653150625,1376.3491653150625,0.9999355504568561,0.0004616575804873743
1376.3561098292253,1376.3561098292253,1.0006506896609015,0.000461774911636889
1376.3630543433762,1376.3630543433762,0.9998655666735127,0.00046174336145932024
1376.3699988575163,1376.3699988575163,0.9995610376787163,0.00046158094151798094
1376.3769433716438,1376.3769433716438,1.0000428448999308,0.00046171892178377286
1376.3838878857496,1376.3838878857496,1.0003062806629126,0.00046177958440342165
1376.3908323998307,1376.3908323998307,0.9998144073900115,0.0004617404517237689
1376.397776913936,1376.397776913936,0.9997795605984591,0.0004616522937402229
1376.4047214279824,1376.4047214279824,1.0009611140760506,0.00046193600297878305
1376.4116659420288,1376.4116659420288,0.9992994430470341,0.0004617305403533284
1376.418610456076,1376.418610456076,0.999209343781526,0.00046162141750619385
1376.4255549701222,1376.4255549701222,1.0002724411015316,0.00046180288196726575
1376.432499484111,1376.432499484111,1.0007381916360074,0.0004618745100562355
1376.4394439981224,1376.4394439981224,0.9995211053593037,0.00046175469537180645
1376.4463885121108,1376.4463885121108,0.9995384696636871,0.00046173794544806195
1376.453333026076,1376.453333026076,1.0008723244724855,0.0004618923643355553
1376.4602775400294,1376.4602775400294,1.0003451702977908,0.00046179449302747525
1376.4672220539717,1376.4672220539717,0.9991714053640364,0.00046166855621418754
1376.4741665679016,1376.4741665679016,1.0007365474775138,0.0004618372090484179
1376.4811110818089,1376.4811110818089,1.0001366147090658,0.0004618758965014221
1376.4880555957157,1376.4880555957157,0.9991466027683649,0.000461724383336098
1376.4950001095876,1376.4950001095876,1.0001941847479774,0.00046190169910445425
1376.5019446234596,1376.5019446234596,0.9999091462659253,0.0004617013147120405
1376.5088891373202,1376.5088891373202,1.000460013325738,0.0004619544332510055
1376.5158336511574,1376.5158336511574,0.9997777114991104,0.00046180889885778467
1376.5227781649824,1376.5227781649824,1.0001365086516327,0.0004619428530093828
1376.529722678797,1376.529722678797,0.9994378515201628,0.0004618170298628857
1376.5366671925985,1376.5366671925985,1.0003429989319605,0.0004619130846710312
1376.543611706366,1376.543611706366,1.0000810384647636,0.0004619484669907706
1376.5505562201683,1376.5505562201683,1.0003957486816941,0.00046195959153710826
1376.5575007339235,1376.5575007339235,1.000101428491207,0.00046188964539544693
1376.5644452476215,1376.5644452476215,0.9991422520898382,0.0004618003270632358
1376.5713897613648,1376.5713897613648,0.9999276518734505,0.0004618675367910032
1376.5783342750744,1376.5783342750744,0.9997066420667158,0.000461821649663577
1376.5852787887598,1376.5852787887598,1.0006081589612044,0.00046195823051683267
1376.592223302446,1376.592223302446,0.9999779894771412,0.00046186420157027266
1376.599167816108,1376.599167816108,0.9998341682849923,0.0004618100902573755
1376.6061123297707,1376.6061123297707,1.0001226827780085,0.00046190031104130573
1376.6130568433982,1376.6130568433982,0.9998207976257742,0.00046176586644514306
1376.6200013570142,1376.6200013570142,1.000506663817721,0.00046196152754174384
1376.6269458706188,1376.6269458706188,0.9996676738640804,0.00046175125087010853
1376.6338903842225,1376.6338903842225,0.9995747224869213,0.00046166876781205784
1376.6408348977923,1376.6408348977923,1.0003442822175104,0.00046194173855825806
1376.6477794113498,1376.6477794113498,1.0005531773519116,0.0004619103904234834
1376.6547239248957,1376.6547239248957,0.9999518898190136,0.0004618439992016638
1376.6616684384305,1376.6616684384305,0.9994385913677611,0.0004617217609083235
1376.6686129519528,1376.6686129519528,0.9999758746640518,0.0004619136954615616
1376.6755574654412,1376.6755574654412,1.0000052450525492,0.00046185499353513116
1376.6825019789285,1376.6825019789285,1.000875949239028,0.0004619387100084693
1376.6894464924283,1376.6894464924283,0.9993658292905812,0.0004616984228620287
1376.6963910058464,1376.6963910058464,0.9996019050599383,0.0004617889108153462
1376.7033355192991,1376.7033355192991,1.0003408698234946,0.0004619056909865287
1376.7102800327175,1376.7102800327175,1.0005664622076114,0.00046196105441827836
1376.7172245461356,1376.7172245461356,0.9996794010615977,0.00046188852703813956
1376.72416905953,1376.72416905953,0.999776945627044,0.00046185481437736734
1376.7311135729014,1376.7311135729014,0.9995177453383661,0.0004617713576847707
1376.7380580862614,1376.7380580862614,1.0001347300363972,0.000461871983740738
1376.745002599609,1376.745002599609,0.9999019254313642,0.0004618842416777602
1376.7519471129576,1376.7519471129576,1.0001911132675314,0.0004618869280458923
1376.7588916262594,1376.7588916262594,1.000128836001187,0.0004619371054842117
1376.7658361395606,1376.7658361395606,1.0006281648722397,0.00046195188212545465
1376.7727806528396,1376.7727806528396,1.0000487580110549,0.0004619575605772176
1376.7797251661054,1376.7797251661054,0.9996936740008204,0.0004617890199373473
1376.786669679373,1376.786669679373,0.9999164998979957,0.0004618583862922935
1376.7936141926043,1376.7936141926043,0.9998743019532268,0.0004618806856499523
1376.8005587058244,1376.8005587058244,0.9997145186668419,0.000461827233514152
1376.8075032190445,1376.8075032190445,1.0000679814906452,0.0004619213112774598
1376.8144477322294,1376.8144477322294,0.9997034228440796,0.0004618516914555496
1376.8213922454033,1376.8213922454033,1.0007593014645306,0.0004620368951877501
1376.828336758565,1376.828336758565,0.9998669754258553,0.0004619105951332871
1376.8352812716923,1376.8352812716923,0.9998936486674509,0.000461917103296871
1376.8422257848306,1376.8422257848306,0.9996224433111138,0.000461815491994169
1376.8491702979347,1376.8491702979347,0.9999225432039338,0.00046192159123389974
1376.8561148110261,1376.8561148110261,1.0005749299221463,0.00046201739389815715
1376.863059324119,1376.863059324119,1.0004110343720785,0.0004620575792500593
1376.8700038371642,1376.8700038371642,0.9999371618409082,0.0004620176076387503
1376.8769483502213,1376.8769483502213,0.9994165643870264,0.000461912132945326
1376.8838928632554,1376.8838928632554,0.9999440346579936,0.000461949324267649
1376.8908373762656,1376.8908373762656,1.000314540917288,0.00046198311157438614
1376.897781889265,1376.897781889265,1.000022460377987,0.0004619162358567968
1376.90472640224,1376.90472640224,0.9996254029332563,0.00046182593264603594
1376.9116709152042,1376.9116709152042,1.00016325897944,0.00046198213712938965
1376.9186154281567,1376.9186154281567,0.9998330690524814,0.00046188799944438095
1376.9255599410856,1376.9255599410856,1.0003880155345009,0.0004619471319253092
1376.932504454003,1376.932504454003,0.99923803216289,0.0004616971904643696
1376.939448966909,1376.939448966909,1.000569719831693,0.00046198689946778634
1376.9463934797914,1376.9463934797914,0.9998647813614803,0.000461940965652993
1376.9533379926504,1376.9533379926504,1.0003963501891897,0.0004620367550801271
1376.9602825054983,1376.9602825054983,0.9997848523609234,0.0004618706305684206
1376.967227018334,1376.967227018334,0.9999623591096449,0.00046194060395669714
1376.9741715311468,1376.9741715311468,1.0003321108861403,0.0004620248187178166
1376.981116043948,1376.981116043948,0.9995966757938959,0.000461910885515175
1376.9880605567255,1376.9880605567255,1.000045457693858,0.00046202991027154627
1376.995005069492,1376.995005069492,1.000059556587701,0.000462055952734708
1377.0019495822576,1377.0019495822576,0.9999009764040323,0.00046203378073168594
1377.008894094978,1377.008894094978,1.0003786728347113,0.0004621398695325833
1377.0158386076969,1377.0158386076969,0.9994248660556295,0.00046199335047372145
1377.0227831203931,1377.0227831203931,1.0000813026653161,0.0004621462896512076
1377.0297276330778,1377.0297276330778,0.9999951456093141,0.00046212357170215225
1377.036672145739,1377.036672145739,0.9995833023081477,0.00046198369355811026
1377.0436166583888,1377.0436166583888,1.00088330410968,0.00046228025780746686
1377.0505611710032,1377.0505611710032,1.0003442528545696,0.00046206203388503124
1377.05889458616,1377.05889458616,0.9990778604226549,0.000462043274532457
1377.0658390987512,1377.0658390987512,1.0001916557747248,0.00046219519686209367
1377.0727836113197,1377.0727836113197,1.000318323393762,0.00046203056532654035
1377.079728123876,1377.079728123876,0.9992424730094264,0.00046201602770907304
1377.0866726364097,1377.0866726364097,1.000205669696434,0.0004621375509246381
1377.0936171489311,1377.0936171489311,0.999906494462984,0.00046212922126104126
1377.1005616614407,1377.1005616614407,1.0008805751411516,0.0004623230964654895
1377.1075061739282,1377.1075061739282,0.9996495614620609,0.0004620712112828855
1377.1144506864025,1377.1144506864025,1.0002617129780074,0.00046223668677999814
1377.1213951988548,1377.1213951988548,0.9994574774644391,0.0004620016619349631
1377.1283397112945,1377.1283397112945,1.000469919284186,0.0004623012650686833
1377.1352842237116,1377.1352842237116,0.9996517562817313,0.0004620436717991031
1377.142228736117,1377.142228736117,0.999839885820229,0.0004621603098633379
1377.1491732484872,1377.1491732484872,0.9995575275834134,0.00046204004073586183
1377.1561177608576,1377.1561177608576,1.0001769141713692,0.00046219265286402244
1377.163062273216,1377.163062273216,1.0007403096817584,0.0004623330048178582
1377.1708401270043,1377.1708401270043,0.9998336677210912,0.00046210710026880466
1377.1783402002882,1377.1783402002882,1.0002006303750708,0.0004621371008076471
1377.1852847125895,1377.1852847125895,1.0002817101604624,0.0004622012529612783
1377.1922292248778,1377.1922292248778,0.9993459254006357,0.0004620206578954647
1377.200840420072,1377.200840420072,0.9999886281096195,0.00046212694390724543
1377.2088960542594,1377.2088960542594,0.9997490753499629,0.0004620672883421605
1377.2158405664782,1377.2158405664782,1.0002163552705388,0.00046218680633787186
1377.2227850786624,1377.2227850786624,1.0001021553042455,0.0004622541107005184
1377.229729590835,1377.229729590835,0.9993863343416439,0.0004620420647600612
1377.2366741029837,1377.2366741029837,1.0004712996721659,0.00046226986832928225
1377.2436186151328,1377.2436186151328,1.0000524136156803,0.00046207832774908004
1377.2505631272586,1377.2505631272586,1.0010216570165205,0.000462357556841845
1377.2575076393614,1377.2575076393614,0.9996746161619546,0.0004621491940612588
1377.2644521514403,1377.2644521514403,0.9991890208307135,0.00046205107209531935
1377.2713966635085,1377.2713966635085,0.9997377259391541,0.00046210436940216225
1377.2783411755522,1377.2783411755522,1.0001752312555472,0.00046217672132772977
1377.2852856875622,1377.2852856875622,0.9998545381864055,0.00046217671735461756
1377.292230199571,1377.292230199571,1.0007867827736145,0.0004623345104020456
1377.2991747115807,1377.2991747115807,1.0003837224015018,0.0004622725035926025
1377.3061192235666,1377.3061192235666,0.9991768879548875,0.000462188507892828
1377.3130637355182,1377.3130637355182,1.0004330524238279,0.00046228585682653165
1377.3200082474577,1377.3200082474577,0.9996879943457817,0.0004622502685796653
1377.3269527593625,1377.3269527593625,0.9999923752439551,0.00046222958334254314
1377.333897271267,1377.333897271267,1.0003737774934298,0.0004622567637609841
1377.3408417831597,1377.3408417831597,1.000219177975418,0.0004622868476965686
1377.347786295018,1377.347786295018,0.9996839145533484,0.0004623230324011853
1377.3547308068526,1377.3547308068526,0.9989446484563557,0.000462097533787175
1377.3616753186761,1377.3616753186761,1.0004562123950684,0.0004624401534471484
1377.3686198304756,1377.3686198304756,0.9997892225151009,0.00046225553480830654
1377.3755643422642,1377.3755643422642,1.0003921208925328,0.00046236057371156847
1377.3825088540289,1377.3825088540289,0.9999498116420048,0.000462236233256533
1377.389453365782,1377.389453365782,1.0003716659925899,0.00046248581006068265
1377.396397877501,1377.396397877501,1.000343892917901,0.00046241647398054784
1377.4033423892192,1377.4033423892192,1.0001800351671604,0.0004624271007399836
1377.4102869009027,1377.4102869009027,0.9997584297586364,0.0004622908064676696
1377.4172314125742,1377.4172314125742,0.9989022832087431,0.0004623196699423699
1377.4241759242232,1377.4241759242232,1.0006784033953073,0.00046254075593691175
1377.4311204358596,1377.4311204358596,1.000156330142052,0.0004624307288357835
1377.4380649474617,1377.4380649474617,0.9989950808931731,0.00046222917752459104
1377.445009459052,1377.445009459052,0.9998994804397455,0.00046241594301780445
1377.4519539706193,1377.4519539706193,1.0004173479092553,0.00046247058477372015
1377.4588984821862,1377.4588984821862,1.0005199156635936,0.0004625352274074101
1377.4658429937178,1377.4658429937178,1.0009208680283788,0.00046263237136540933
1377.4727875052272,1377.4727875052272,0.9995099139137364,0.00046251143607650615
1377.479732016724,1377.479732016724,1.0001709779065662,0.0004624852277783428
1377.4866765282102,1377.4866765282102,0.9995023172400153,0.00046242572030417333
1377.4936210396368,1377.4936210396368,0.9995721940546142,0.0004624950902678434
1377.5005655510647,1377.5005655510647,1.0002308463332323,0.0004626543869288086
1377.5075100624915,1377.5075100624915,0.9996683570716348,0.0004625462539628789
1377.514454573896,1377.514454573896,1.0005854469018294,0.00046276226875591956
1377.5213990852649,1377.5213990852649,1.0004051273977237,0.00046274734831207857
1377.5283435966223,1377.5283435966223,0.9995475745846323,0.0004625882150989675
1377.5352881079684,1377.5352881079684,0.9996902961698826,0.00046254932118454904
1377.542232619279,1377.542232619279,0.9991047747283005,0.0004625496145768598
1377.5491771305788,1377.5491771305788,1.0004626632940778,0.00046261787788510025
1377.5561216418428,1377.5561216418428,1.0000103047743931,0.00046274281020908394
1377.563066153096,1377.563066153096,1.0007464804972084,0.0004627849217616188
1377.5700106643249,1377.5700106643249,1.0001010895650764,0.0004627230483787134
1377.5769551755432,1377.5769551755432,1.0006189538419286,0.0004628484687261899
1377.5838996867374,1377.5838996867374,1.000101654798147,0.0004628124356103523
1377.5908441979204,1377.5908441979204,0.9992194409112021,0.0004627213360233316
1377.597788709068,1377.597788709068,1.0000805477811574,0.0004628027926602028
1377.6047332202045,1377.6047332202045,0.9996272385076065,0.00046273419561302574
1377.611677731294,1377.611677731294,0.9997138281180538,0.0004627630675447583
1377.618622242396,1377.618622242396,0.9993640122938734,0.0004627638924864775
1377.6255667534622,1377.6255667534622,1.000328196471274,0.0004629825650538597
1377.6325112645168,1377.6325112645168,1.000405408981223,0.00046299307577462467
1377.639455775537,1377.639455775537,1.0009462035849526,0.00046307538226761456
1377.6464002865446,1377.6464002865446,0.9999025670263041,0.0004629286871540517
1377.6533447975303,1377.6533447975303,1.000173102546214,0.0004630319695297735
1377.6602893084914,1377.6602893084914,0.9997299691575057,0.0004628820484473296
1377.6672338194303,1377.6672338194303,0.9994394400239741,0.0004628666820588476
1377.674178330357,1377.674178330357,1.0000506877885769,0.00046298021503113406
1377.6811228412491,1377.6811228412491,0.9993211731800562,0.0004629867585477439
1377.6880673521523,1377.6880673521523,1.0002563654160228,0.0004630582587224105
1377.6950118629977,1377.6950118629977,1.000343033705199,0.0004631316832371126
1377.7019563738427,1377.7019563738427,0.9998603439076914,0.00046304175215086067
1377.708900884653,1377.708900884653,1.0005282367079458,0.0004631426141342903
1377.715845395452,1377.715845395452,1.0002533609626945,0.0004631120734480074
1377.7227899062273,1377.7227899062273,0.9999526170023524,0.00046312838562477966
1377.729734416968,1377.729734416968,0.9995795662874993,0.0004630416268180805
1377.736678927708,1377.736678927708,0.9997532829835585,0.00046311540988954494
1377.7436234384027,1377.7436234384027,1.000047231794933,0.0004631377047744401
1377.750567949096,1377.750567949096,0.9996740350036408,0.00046308490170504787
1377.7575124597668,1377.7575124597668,1.0008478955476359,0.00046339703266179915
1377.7644569704144,1377.7644569704144,0.9998972278568493,0.00046320697172130674
1377.7714014810267,1377.7714014810267,0.9997498391712231,0.000463257816505963
1377.7783459916277,1377.7783459916277,0.9997886676869745,0.0004632090703371894
1377.785290502205,1377.785290502205,1.0005102219706485,0.00046344090352645956
1377.7922350127592,1377.7922350127592,0.9999171476349208,0.0004633500592892333
1377.79917952329,1377.79917952329,0.9998544646029817,0.0004634132781823108
1377.8061240338097,1377.8061240338097,1.0000126739578579,0.0004633875015651781
1377.8130685443055,1377.8130685443055,0.9994009180649446,0.0004633345534368435
1377.8205686155993,1377.8205686155993,1.0005353798605408,0.0004635885085968335
1377.8283464673034,1377.8283464673034,0.99942447401768,0.0004633559858272259
1377.8352909777182,1377.8352909777182,1.0002996698117204,0.0004635057639387328
1377.8422354881209,1377.8422354881209,1.0002174986310022,0.0004634835494085167
1377.849179998489,1377.849179998489,0.999871262999976,0.00046342189666589496
1377.8561245088335,1377.8561245088335,1.0003325491553476,0.00046366127711178407
1377.8630690191667,1377.8630690191667,1.0002874702069149,0.00046361170058303695
1377.8700135294885,1377.8700135294885,1.0001012798776159,0.0004636153759693177
1377.8769580397513,1377.8769580397513,0.9996252164759628,0.00046357134956928354
1377.8847358912465,1377.8847358912465,0.9995306552674592,0.00046354516827459504
1377.8925137427175,1377.8925137427175,1.000238989367404,0.0004636893744985899
1377.9014027157846,1377.9014027157846,0.9995672765969636,0.0004636673764359326
1377.9102916888055,1377.9102916888055,1.0003472987263482,0.0004638618655531848
1377.9172361989517,1377.9172361989517,1.0003342115720397,0.00046374613893206595
1377.9241807090875,1377.9241807090875,1.0000012760201327,0.0004637932932327501
1377.932236340806,1377.932236340806,0.9999219629525535,0.0004636795001779196
1377.9394586312824,1377.9394586312824,1.000113954195338,0.00046363882955497825
1377.9464031413356,1377.9464031413356,0.9993201489889566,0.0004637412534912808
1377.953903212164,1377.953903212164,1.00035683921861,0.0004638259236283371
1377.9627921849867,1377.9627921849867,0.9999565499128072,0.00046392556328981357
1377.9700144753572,1377.9700144753572,0.9999330875275341,0.0004639323560490102
1377.9769589852954,1377.9769589852954,1.000464790497414,0.00046397198804281416
1377.9847368364167,1377.9847368364167,0.9993642675658355,0.0004638496460290015
1377.9925146875048,1377.9925146875048,1.000593879295584,0.00046414148913689164
1378.0005703189556,1378.0005703189556,1.0005149415728158,0.0004641500009324023
1378.0083481699962,1378.0083481699962,0.9996348219720499,0.00046409070270998776
1378.015848240592,1378.015848240592,0.9994612402246481,0.00046401501500739075
1378.0241816523371,1378.0241816523371,0.9993849568207283,0.0004641164071695936
1378.0325150640479,1378.0325150640479,1.0002872091989803,0.0004642627058110145
1378.0394595737987,1378.0394595737987,1.0003570621275506,0.00046425912079669726
1378.0464040835031,1378.0464040835031,0.9998017899455359,0.0004641840851645789
1378.0533485932194,1378.0533485932194,1.000406681297963,0.0004643759068566028
1378.060293102842,1378.060293102842,1.000073931330866,0.00046435955625249975
1378.0683487340375,1378.0683487340375,0.9998620227406336,0.00046424098655972686
1378.0755710240471,1378.0755710240471,1.0001694981859761,0.00046441890995875307
1378.0825155336242,1378.0825155336242,0.9998483703413216,0.00046435718827928863
1378.0908489451012,1378.0908489451012,0.9994982250267016,0.00046435305466057894
1378.0977934546313,1378.0977934546313,1.0001986453166438,0.0004645231915844232
1378.104737964138,1378.104737964138,1.0005949273833916,0.0004648299508934954
1378.1116824736323,1378.1116824736323,1.000204773555088,0.00046472802342419984
1378.1186269830812,1378.1186269830812,0.9998835803249081,0.0004647466798346093
1378.125571492506,1378.125571492506,0.9995196063208717,0.00046472650244027406
1378.1325160019428,1378.1325160019428,0.9998595456818652,0.00046471277209024443
1378.1394605112976,1378.1394605112976,1.0000600949711838,0.0004650109373240129
1378.1464050206766,1378.1464050206766,1.000187127770654,0.0004648854146571989
1378.1533495299966,1378.1533495299966,1.0002685298114,0.0004649159405524395
1378.1602940393173,1378.1602940393173,0.9989764539853466,0.0004648272564275781
1378.1672385486017,1378.1672385486017,0.9998944689357586,0.00046488670839379563
1378.1741830578644,1378.1741830578644,1.0009722341442255,0.00046503471044891456
1378.1811275670912,1378.1811275670912,1.0001428949072717,0.0004648916810378518
1378.1880720762954,1378.1880720762954,0.9998997073262575,0.0004650186092136785
1378.1950165854873,1378.1950165854873,0.9998840694185123,0.00046496459568960214
1378.201961094633,1378.201961094633,0.9997496552256984,0.00046500093200073947
1378.2089056037903,1378.2089056037903,1.000496878912914,0.0004650998979281242
1378.2158501128893,1378.2158501128893,0.9998855094989108,0.0004649861035714792
1378.222794621965,1378.222794621965,0.9993265130069302,0.000464935272168471
1378.2297391310178,1378.2297391310178,1.0000654981957762,0.0004651149121461172
1378.236683640047,1378.236683640047,1.000511578871056,0.0004652807476420146
1378.2436281490525,1378.2436281490525,1.000182758785063,0.0004653380910846723
1378.2505726580239,1378.2505726580239,0.999673782548264,0.00046531244571128744
1378.258628288404,1378.258628288404,1.0000727349336085,0.00046532153326011953
1378.265850577681,1378.265850577681,1.0016064736386892,0.0004657023260018375
1378.2727950865817,1378.2727950865817,0.9996660364097538,0.0004654561929795034
1378.2797395954483,1378.2797395954483,0.9996229136203464,0.0004654534807137585
1378.2866841043026,1378.2866841043026,0.9992958495669011,0.00046553987514335465
1378.293628613111,1378.293628613111,1.0001384857019193,0.0004657276558290808
1378.300573121895,1378.300573121895,1.0007836987315244,0.00046591762261594404
1378.307517630657,1378.307517630657,1.0003346155239552,0.00046579599477544135
1378.314462139395,1378.314462139395,0.9994641157789946,0.0004657721458214797
1378.3214066480984,1378.3214066480984,0.9998131601047291,0.00046589425348892105
1378.3283511567897,1378.3283511567897,1.0005624409088134,0.0004661071079175375
1378.3352956654353,1378.3352956654353,1.000417746570286,0.0004660629422182117
1378.3422401740686,1378.3422401740686,1.0005926214311391,0.00046617255061813984
1378.3491846826669,1378.3491846826669,0.999695592256354,0.00046602285947008697
1378.3561291912422,1378.3561291912422,0.9997937564783328,0.0004662978407739378
1378.363073699794,1378.363073699794,1.0003845294983549,0.00046643756496280494
1378.3700182083112,1378.3700182083112,0.9991157834776644,0.000466330709022058
1378.3769627168047,1378.3769627168047,0.9993623976980427,0.0004664060001799379
1378.3839072252638,1378.3839072252638,1.0005149686690653,0.0004666418315208861
1378.3908517337104,1378.3908517337104,1.0005131347479892,0.0004668052299703669
1378.3977962421231,1378.3977962421231,1.0000058450058824,0.00046682523519655595
1378.4047407505,1378.4047407505,1.0000335220450154,0.0004670145146151132
1378.4116852588545,1378.4116852588545,1.000043486709822,0.0004670446840466286
1378.4186297671963,1378.4186297671963,0.9990744357236296,0.00046687074725705656
1378.4255742754926,1378.4255742754926,1.0005941443174797,0.0004673459646621919
1378.432518783753,1378.432518783753,1.00067764715414,0.00046738810070337213
1378.4394632920262,1378.4394632920262,0.9998305294296082,0.00046745595826845995
1378.4464078002281,1378.4464078002281,0.9997265547734699,0.00046759440867384
1378.456130111675,1378.456130111675,0.9997716515569207,0.00046774469843169814
1378.463907960807,1378.463907960807,1.0000097882822145,0.00046775023870304774
1378.471685809903,1378.471685809903,0.9999800288352564,0.00046796697762877296
1378.4797414392713,1378.4797414392713,0.999727694144364,0.00046816083196543797
1378.4877970686034,1378.4877970686034,1.0001115152366302,0.00046834808963149054
1378.4961304782298,1378.4961304782298,1.000778546060199,0.00046883660161525873
1378.5033527665405,1378.5033527665405,1.0001471461364466,0.0004688594521889292
1378.510297274475,1378.510297274475,0.9995842854563349,0.00046901365633430364
1378.5172417824106,1378.5172417824106,0.9995046603135727,0.00046917484645853997
1378.5241862903217,1378.5241862903217,0.9997572705425102,0.00046925807462293073
1378.5311307981872,1378.5311307981872,1.000489687386068,0.00046958391016141437
1378.5394642075921,1378.5394642075921,1.0000170428547102,0.00046968798294131015
1378.5472420563285,1378.5472420563285,1.0000707592759177,0.00046988856095247437
1378.556131026287,1378.556131026287,0.9998795448975631,0.000470189414329802
1378.5630755340126,1378.5630755340126,1.0004981124244172,0.0004703682234712951
1378.5700200417264,1378.5700200417264,0.9997882168657071,0.00047041220860312633
1378.5794645721685,1378.5794645721685,0.9995633662627095,0.00047069532688557994
1378.5944647086212,1378.5944647086212,0.999710802937676,0.0004707130994947117
1378.6422429201168,1378.6422429201168,0.9997955550058439,0.00047234853770915675
1378.649187427469,1378.649187427469,1.0006943425594816,0.00047258813511408075
1378.6561319348225,1378.6561319348225,0.9995878343289594,0.0004725969499454077
1378.6630764421284,1378.6630764421284,0.9998342826627283,0.00047280289671944846
1378.6700209494115,1378.6700209494115,1.0002053369731276,0.00047296472821139747
1378.6769654566592,1378.6769654566592,1.0006543332773101,0.0004732360779390807
1378.6839099638728,1378.6839099638728,0.9995377014352245,0.0004732876361890204
1378.690854471051,1378.690854471051,0.999619211844259,0.0004734086059565585
1378.6977989782058,1378.6977989782058,0.9999461724465938,0.0004736665916747967
1378.704743485326,1378.704743485326,1.0000360911460235,0.00047392452106412655
1378.7116879924226,1378.7116879924226,1.0002801992943036,0.0004741922738042279
1378.7186324994846,1378.7186324994846,0.9989129689502567,0.00047419587224396326
1378.7255770065112,1378.7255770065112,0.9993595994853006,0.0004742575331710782
1378.7325215135152,1378.7325215135152,1.0002829648989653,0.0004745737656519737
1378.739466020472,1378.739466020472,1.0002932794052435,0.0004750175786441181
1378.7464105273943,1378.7464105273943,1.000606577101796,0.00047527630909782346
1378.7533550343046,1378.7533550343046,1.001115262962527,0.00047552891652608643
1378.7602995411803,1378.7602995411803,1.000113531812492,0.00047571566529563204
1378.7672440480208,1378.7672440480208,0.9996333204736827,0.0004759371150003919
1378.774188554815,1378.774188554815,0.999315648152481,0.00047628327722803955
1378.7811330615853,1378.7811330615853,0.9999190552490527,0.00047666839269703865
1378.7880775683566,1378.7880775683566,0.9999471382877442,0.0004769474180674134
1378.795022075057,1378.795022075057,1.0000745174198462,0.0004773510122884193
1378.8019665817471,1378.8019665817471,0.9993999929326781,0.000477635332166535
1378.808911088389,1378.808911088389,1.0000469559608371,0.000478129641847556
1378.815855595009,1378.815855595009,1.000522479778793,0.0004785647273827285
1378.8228001015932,1378.8228001015932,1.0004632641975908,0.00047871476009979244
1378.829744608143,1378.829744608143,1.0000336914274155,0.00047898318661986647
1378.8366891146457,1378.8366891146457,0.9995127975640041,0.00047917593421809436
1378.843633621126,1378.843633621126,1.0001265173827547,0.00047959022258050514
1378.8505781276049,1378.8505781276049,0.9995270524171358,0.0004797209508762593
1378.8575226340156,1378.8575226340156,0.9996732921163443,0.00047997663408887804
1378.8644671404131,1378.8644671404131,1.0008601423575312,0.00048035997607053627
1378.8714116467654,1378.8714116467654,0.9994235047371485,0.00048045982191206367
1378.8783561530934,1378.8783561530934,1.0002531888517645,0.00048074756950654545
1378.8853006593877,1378.8853006593877,1.0003830849553483,0.00048094705769155906
1378.8922451656338,1378.8922451656338,1.0000528724906252,0.0004811680536035053
1378.8991896718583,1378.8991896718583,1.0000727806476986,0.0004814811584887155
1378.9061341780462,1378.9061341780462,1.0002565201417444,0.0004816475821127716
1378.9130786842004,1378.9130786842004,0.9995292058070765,0.000481842112527378
1378.920023190319,1378.920023190319,0.9998019732307443,0.0004821642960784355
1378.926967696403,1378.926967696403,0.9994349496884141,0.000482445788134074
1378.9339122024637,1378.9339122024637,1.000259596159248,0.00048295139779717304
1378.940856708478,1378.940856708478,1.0003354630011467,0.00048327175597558835
1378.9478012144566,1378.9478012144566,1.0001878311461696,0.0004836711948487473
1378.954745720413,1378.954745720413,1.0001258467296985,0.0004840759261931802
1378.9616902263335,1378.9616902263335,1.0000133255136936,0.0004843797966638037
1378.96863473222,1378.96863473222,0.9999562858369746,0.00048482679634522777
1378.975579238059,1378.975579238059,0.9995377010028188,0.0004850402340063024
1378.9825237438754,1378.9825237438754,0.9996461657092773,0.0004855049695653801
1378.9894682496447,1378.9894682496447,1.0002814810953589,0.00048614315125303085
1378.9964127553915,1378.9964127553915,0.9996450146856283,0.00048653902777517666
1379.0033572611023,1379.0033572611023,1.0007975422280229,0.0004870750568222221
1379.0103017667793,1379.0103017667793,1.0000042542362124,0.0004874561574859794
1379.017246272409,1379.017246272409,1.0004033899657023,0.00048805686139481545
1379.024190778016,1379.024190778016,1.0000020573542752,0.0004884106095490483
1379.031135283599,1379.031135283599,0.9993988061241147,0.0004887876030811079
1379.0380797891357,1379.0380797891357,0.9999102105300359,0.0004892117129410636
1379.0450242946144,1379.0450242946144,0.9998369134011507,0.0004895324760124133
1379.0519688000813,1379.0519688000813,1.0002696911029445,0.0004900930420802267
1379.0589133055016,1379.0589133055016,0.9998422720754286,0.0004903789098708623
1379.065857810899,1379.065857810899,1.0003271739076822,0.0004908541235668516
1379.0728023162726,1379.0728023162726,0.9998194095258237,0.0004910958053588189
1379.0797468215883,1379.0797468215883,1.0005122138401623,0.0004914594128993034
1379.0866913268571,1379.0866913268571,1.0003952186123926,0.0004915881756187612
1379.0936358321028,1379.0936358321028,1.0002913028468543,0.0004918575059134902
1379.1005803373139,1379.1005803373139,0.9995252445151669,0.0004919118656772129
1379.1075248424897,1379.1075248424897,1.0002423511387133,0.0004921219567529877
1379.1144693476308,1379.1144693476308,0.9996637754875962,0.0004922242167134742
1379.1214138527369,1379.1214138527369,0.9993764435252792,0.0004923713715295046
1379.1283583578079,1379.1283583578079,1.0005113499683163,0.0004926003826255793
1379.1353028628325,1379.1353028628325,1.0000513309776193,0.0004926316513885128
1379.142247367822,1379.142247367822,0.9995953598126768,0.0004925855026009509
1379.1491918727652,1379.1491918727652,1.0003758586393503,0.0004926559881164156
1379.156136377685,1379.156136377685,1.000443853044632,0.0004927511524622832
1379.1630808825698,1379.1630808825698,0.9995981124334277,0.0004925620346672726
1379.1700253874083,1379.1700253874083,1.0005440962378584,0.0004927391959708893
1379.176969892223,1379.176969892223,0.998954290581634,0.000492524204262176
1379.1839143969914,1379.1839143969914,1.0000628119141004,0.0004926908369134252
1379.1908589017135,1379.1908589017135,1.0003668072522132,0.000492718459116981
1379.197803406412,1379.197803406412,0.9998755986520991,0.0004926773360314425
1379.204747911064,1379.204747911064,0.9992685999610306,0.000492700981532254
1379.2116924156696,1379.2116924156696,0.9999992676691356,0.000492919234845576
1379.218636920252,1379.218636920252,0.9996893138406454,0.0004929214035837442
1379.225581424799,1379.225581424799,1.0005891273923349,0.0004932394006104485
1379.2325259292998,1379.2325259292998,1.000385527476754,0.0004932414183279482
1379.2394704337771,1379.2394704337771,1.0005750911652824,0.0004933779795118417
1379.246414938185,1379.246414938185,0.9999548223839719,0.0004934035703489479
1379.253359442569,1379.253359442569,1.0001844423698008,0.0004936951014134652
1379.2603039469184,1379.2603039469184,0.9996947388194244,0.0004937759141350633
1379.267248451233,1379.267248451233,0.9998944761445354,0.0004938878516992219
1379.2741929555007,1379.2741929555007,1.000000874734948,0.0004939898228736793
1379.2811374597218,1379.2811374597218,0.9997860854330771,0.0004942815798074711
1379.2880819639317,1379.2880819639317,1.0003975654789157,0.0004946255795395042
1379.2950264680828,1379.2950264680828,0.9998010092368675,0.000494722277970826
1379.3019709721877,1379.3019709721877,0.9997833254269295,0.0004948216304051426
1379.3089154762579,1379.3089154762579,1.0007100678440612,0.0004951663100575748
1379.315859980293,1379.315859980293,0.9993506366351088,0.0004951610766768274
1379.3228044842813,1379.3228044842813,1.000456339309417,0.0004956115361302112
1379.3297489882348,1379.3297489882348,1.0001000959801352,0.000495843164741187
1379.3366934921419,1379.3366934921419,1.0003837253091716,0.0004960348371879934
1379.343637996049,1379.343637996049,0.9993933589062223,0.0004963086816499683
1379.350582499851,1379.350582499851,0.9999493609156204,0.000496519614412192
1379.3575270036538,1379.3575270036538,0.9998115711893274,0.0004969325873207659
1379.3661381883007,1379.3661381883007,1.0001219679229394,0.0004973598644138721
1379.3741938125922,1379.3741938125922,1.0001088658681958,0.0004975279659939801
1379.3811383162433,1379.3811383162433,0.9993188888482336,0.0004979030356570126
1379.3880828198708,1379.3880828198708,1.0000058654349897,0.0004983564406347267
1379.3950273234404,1379.3950273234404,1.0011661820411857,0.0004986243998334979
1379.4019718269633,1379.4019718269633,0.9998410357148686,0.0004988521778664188
1379.4089163304511,1379.4089163304511,1.0005236255815064,0.0004991905591649453
1379.4158608339153,1379.4158608339153,0.9997830166106418,0.0004992042218341232
1379.4228053373104,1379.4228053373104,0.9994306821225356,0.0004995056730573404
1379.4297498406816,1379.4297498406816,0.9992618925192087,0.0004997633364651389
1379.4366943439952,1379.4366943439952,1.0003264946434949,0.0004999907396729377
1379.4436388472732,1379.4436388472732,1.0000524950593852,0.0005002082449884128
1379.4505833505282,1379.4505833505282,0.9994234841134588,0.0005002302952750721
1379.4575278537252,1379.4575278537252,1.0006224713665957,0.0005006252530824283
1379.4644723568872,1379.4644723568872,1.000043326092233,0.0005006768536688937
1379.4714168599908,1379.4714168599908,1.0005633617540117,0.0005009207379446744
1379.47836136306,1379.47836136306,0.9996701750168342,0.0005008843032225841
1379.4853058660706,1379.4853058660706,1.0002194472484573,0.0005011673193623203
1379.4922503690577,1379.4922503690577,0.9997697093263301,0.0005012814675956166
1379.4991948720217,1379.4991948720217,1.0002694582961653,0.0005015054796375424
1379.5061393749158,1379.5061393749158,0.9994846577586841,0.0005015500057394701
1379.5130838777752,1379.5130838777752,0.999361900873873,0.0005016698970155781
1379.5200283805993,1379.5200283805993,0.9999122849637454,0.0005019985432362787
1379.526972883354,1379.526972883354,1.0007900324346475,0.0005023159952550704
1379.5339173861084,1379.5339173861084,1.0004252609305002,0.0005023917404493717
1379.5408618887693,1379.5408618887693,1.0002268581905467,0.0005025032704417813
1379.5478063914193,1379.5478063914193,0.9996993669067354,0.000502526321081476
1379.5547508940112,1379.5547508940112,1.0007071257467852,0.0005026640857261513
1379.5616953965555,1379.5616953965555,0.9993515885506007,0.0005024835948684236
1379.568639899066,1379.568639899066,0.9992138120567333,0.0005025015747218347
1379.575584401529,1379.575584401529,0.9997881690669163,0.000502506780486789
1379.5825289039344,1379.5825289039344,1.0003272191946568,0.0005025992642859439
1379.5894734063281,1379.5894734063281,0.9998489208294167,0.000502413574424871
1379.596417908652,1379.596417908652,1.0004553070041575,0.0005023715047200694
1379.6033624109289,1379.6033624109289,1.0003325130349026,0.0005019335463794159
1379.6103069131834,1379.6103069131834,1.000151524694657,0.0005016822041138379
1379.6172514153782,1379.6172514153782,1.000230349458798,0.0005015201551925917
1379.6241959175397,1379.6241959175397,0.9996921495080585,0.000501121588528352
1379.63114041963,1379.63114041963,0.9991812157229518,0.0005006103766673489
1379.6380849216864,1379.6380849216864,1.0002762613716714,0.0005004153312297194
1379.645029423707,1379.645029423707,1.0002692339800086,0.00050004862979328
1379.6519739256703,1379.6519739256703,1.0002323813330327,0.0004994935273348685
1379.658918427586,1379.658918427586,1.0010642191982277,0.0004991517254247456
1379.6658629294795,1379.6658629294795,0.9998614434893366,0.0004984873259258019
1379.6728074313023,1379.6728074313023,0.9999936158996057,0.0004980703140453339
1379.6797519330798,1379.6797519330798,0.9997043047851786,0.000497529443531941
1379.686696434809,1379.686696434809,1.0001682035981247,0.0004970977511616012
1379.6936409365162,1379.6936409365162,0.9997076469339291,0.0004966924851468608
1379.7005854381528,1379.7005854381528,1.0002640136973722,0.0004963962220851117
1379.7075299397552,1379.7075299397552,1.0004734331153258,0.0004959564891332956
1379.7144744413101,1379.7144744413101,0.9997262478907694,0.0004954827817368649
1379.7214189428078,1379.7214189428078,1.0005387505009677,0.0004951458791167608
1379.7283634442579,1379.7283634442579,0.9999641549965801,0.0004949203548728863
1379.7353079456625,1379.7353079456625,0.9993805880558483,0.0004943223535240352
1379.7422524470312,1379.7422524470312,0.9990968498991437,0.000494151546030608
1379.7491969483308,1379.7491969483308,0.9995591181249355,0.0004939241995373548
1379.7561414496297,1379.7561414496297,1.0005502802765218,0.0004938440655002911
1379.7630859508242,1379.7630859508242,1.0001791631739148,0.000493358679648119
1379.7700304519956,1379.7700304519956,0.9992376048743694,0.0004930712463150175
1379.7769749531087,1379.7769749531087,1.0005169026906404,0.0004929760933175183
1379.78503057435,1379.78503057435,0.9996983876198797,0.0004924796552517596
1379.7922528554202,1379.7922528554202,0.9995219035817732,0.0004922411831089536
1379.7991973563933,1379.7991973563933,1.000831229596453,0.0004921152613886313
1379.806141857297,1379.806141857297,0.9993416926224382,0.0004916796278052588
1379.8130863581655,1379.8130863581655,0.9999307207436697,0.0004914692949084434
1379.8200308589876,1379.8200308589876,1.0002275554495996,0.0004914463985944095
1379.8269753597629,1379.8269753597629,1.0002173476914877,0.0004911509461340823
1379.8339198604801,1379.8339198604801,1.0006058893658212,0.0004909364652748284
1379.8408643611624,1379.8408643611624,1.0001703537211493,0.0004906517310360916
1379.8478088617746,1379.8478088617746,0.9996247371932847,0.0004902261574026228
1379.854753362341,1379.854753362341,0.9991700638111501,0.0004898018024370458
1379.8616978628597,1379.8616978628597,1.00070035616212,0.0004897990774311587
1379.8686423633328,1379.8686423633328,0.9999730485585332,0.0004893706122676303
1379.8755868637586,1379.8755868637586,0.9998681585284803,0.0004890809875652636
1379.8825313641269,1379.8825313641269,1.000078139899066,0.0004887290000672026
1379.889475864448,1379.889475864448,1.0007117256710003,0.0004885645357750068
1379.8964203647233,1379.8964203647233,1.000272249404362,0.0004881213602892216
1379.9033648649395,1379.9033648649395,0.9997695720712916,0.00048779591413855485
1379.9103093651102,1379.9103093651102,0.9994010890352569,0.00048751191678927887
1379.9172538652097,1379.9172538652097,0.9995571852688189,0.0004871776251189874
1379.9241983652876,1379.9241983652876,1.0002579259384068,0.0004870402871055632
1379.9311428653057,1379.9311428653057,0.9998935882913447,0.0004867627022945477
1379.938087365278,1379.938087365278,0.9992394321237186,0.00048639793635761955
1379.94503186518,1379.94503186518,1.0008369882614672,0.0004863850738380031
1379.9519763650478,1379.9519763650478,0.9996824431461466,0.0004860190997387797
1379.9589208648565,1379.9589208648565,1.0010927864330457,0.0004859842242888062
1379.965865364608,1379.965865364608,1.000156184337349,0.0004857158692007678
1379.9728098643122,1379.9728098643122,1.0002736645445731,0.00048538324087410705
1379.9797543639584,1379.9797543639584,0.9998179128551911,0.00048515229006926877
1379.9866988635579,1379.9866988635579,0.9995380912673131,0.00048488666955957523
1379.9936433630878,1379.9936433630878,0.999703749323017,0.0004847892443558513
1380.0005878625825,1380.0005878625825,0.9994507292256095,0.0004845594066616686
1380.0075323620426,1380.0075323620426,0.9997514461264327,0.0004844810554254368
1380.0144768614093,1380.0144768614093,0.9999861183746415,0.00048426244400318427
1380.021421360753,1380.021421360753,1.0011988554174724,0.0004842084620831041
1380.0283658600385,1380.0283658600385,0.999599377926941,0.0004838881582050632
1380.035310359242,1380.035310359242,1.0005009042532476,0.0004838176005408835
1380.0422548584345,1380.0422548584345,0.99983364619768,0.00048336457449985726
1380.0491993575565,1380.0491993575565,1.0002156487551779,0.00048323178495734336
1380.0561438566212,1380.0561438566212,0.9995158839314312,0.00048300115910445763
1380.0630883556264,1380.0630883556264,0.9995774701046422,0.00048283186771082103
1380.070032854586,1380.070032854586,0.9998010444075259,0.0004826220589709181
1380.0769773534753,1380.0769773534753,1.000813692122287,0.00048264330891933927
1380.0839218523301,1380.0839218523301,1.0004013728612426,0.0004825355953046237
1380.0908663511377,1380.0908663511377,0.9999539832131644,0.0004820619427147375
1380.0989219696562,1380.0989219696562,1.0005590126629502,0.0004820035395990129
1380.1061442482685,1380.1061442482685,0.999676022514085,0.00048176706084589443
1380.1130887468912,1380.1130887468912,1.0000270659216568,0.00048167284606991735
1380.1200332454541,1380.1200332454541,1.0005998762270298,0.00048159968874531055
1380.1269777439713,1380.1269777439713,0.9992382009601661,0.0004811389244903425
1380.1339222424067,1380.1339222424067,0.9995307798169204,0.00048107146159410687
1380.140866740796,1380.140866740796,1.0002406591145179,0.00048095535442435426
1380.1478112391262,1380.1478112391262,1.0001849670992558,0.0004808365353070141
1380.154755737434,1380.154755737434,1.0003768241121624,0.0004805930963281759
1380.1617002356595,1380.1617002356595,0.9993178348658119,0.00048043533069041323
1380.1686447338277,1380.1686447338277,0.9998592998016717,0.0004802895689764817
1380.1755892319256,1380.1755892319256,0.9995765363218669,0.00048014694321538403
1380.1825337300002,1380.1825337300002,1.0010747172136845,0.0004801213607629395
1380.189478227993,1380.189478227993,1.000422537144359,0.0004797893023354741
1380.1964227259393,1380.1964227259393,0.9997257680270704,0.00047949259575117965
1380.205033903299,1380.205033903299,0.9997821064270672,0.00047941861376100584
1380.2130895207579,1380.2130895207579,0.9991946111242891,0.000479114810899734
1380.2200340185063,1380.2200340185063,1.0006155112039035,0.0004792628182198006
1380.2269785161966,1380.2269785161966,0.9996250863235545,0.00047887922176700166
1380.2339230138407,1380.2339230138407,1.00004299803827,0.00047882714110882523
1380.240867511403,1380.240867511403,1.0004057465172493,0.00047883159854911607
1380.247812008919,1380.247812008919,1.0003261493725333,0.0004786425644094386
1380.2547565063765,1380.2547565063765,0.9998475171187243,0.00047845365082096374
1380.2617010037875,1380.2617010037875,1.0003721311510094,0.0004785227230294328
1380.2692010609135,1380.2692010609135,0.9997347775540343,0.0004781670829386756
1380.2775344576417,1380.2775344576417,0.9997336875395486,0.00047804502847069425
1380.286423414038,1380.286423414038,0.9993670441509938,0.0004777741720114029
1380.2961457100128,1380.2961457100128,0.999892125077998,0.0004777085012056771
1380.3033679869616,1380.3033679869616,1.0001954233413224,0.0004775635196010589
1380.3103124839413,1380.3103124839413,0.9996621486056604,0.0004773355343023865
1380.3172569808753,1380.3172569808753,1.000247163209076,0.00047745148641269196
1380.324201477751,1380.324201477751,0.99960056185481,0.00047721604222338286
1380.331145974545,1380.331145974545,0.9998731320512111,0.0004770824059488416
1380.3380904713042,1380.3380904713042,1.0003686662887603,0.00047713825625050963
1380.3450349679938,1380.3450349679938,1.0002899114915815,0.00047700330966936246
1380.3533683639298,1380.3533683639298,1.0001159863954376,0.000476699896120067
1380.3619795396712,1380.3619795396712,1.000115048931599,0.00047666329702994404
1380.3700351555692,1380.3700351555692,1.0002020945618393,0.0004766636332733756
1380.3778129915584,1380.3778129915584,0.9999018111627047,0.00047636644293079066
1380.3853130476132,1380.3853130476132,0.9994064148732462,0.00047626577904379683
1380.3922575438835,1380.3922575438835,0.9996365190958318,0.0004761855053356575
1380.401424278874,1380.401424278874,1.0003557950704083,0.0004762998042342322
1380.40892433472,1380.40892433472,1.000448462576776,0.00047632723999068663
1380.4164243904718,1380.4164243904718,1.0001412978817825,0.0004762909032807007
1380.425035565504,1380.425035565504,1.0002219294029286,0.0004761362217281657
1380.4325356211043,1380.4325356211043,1.000131957714779,0.00047608831736904104
1380.4403134564645,1380.4403134564645,0.9999793619968094,0.0004760635472854523
1380.4478135119257,1380.4478135119257,1.0002475248408071,0.0004761405400409007
1380.454758007661,1380.454758007661,0.9999728155509207,0.0004761180966172004
1380.4617025033251,1380.4617025033251,1.0004483847995953,0.00047603416753279977
1380.4686469989208,1380.4686469989208,0.9996479630816089,0.0004761794955528491
1380.4755914944685,1380.4755914944685,1.0003776219580283,0.0004762920409432557
1380.482535989936,1380.482535989936,1.0004046332417544,0.00047635734835265017
1380.489480485356,1380.489480485356,0.9993800982872791,0.0004761585499358056
1380.496702760535,1380.496702760535,1.0000261130052073,0.00047637479580656925
1380.5047583750593,1380.5047583750593,0.9999778888507631,0.00047638803668141074
1380.5117028702825,1380.5117028702825,1.000296314231279,0.00047647496533523883
1380.518647365411,1380.518647365411,0.999768837538929,0.00047659544386861397
1380.5255918605294,1380.5255918605294,0.999709522392249,0.00047668040329543334
1380.5325363555653,1380.5325363555653,1.0001745254124994,0.00047677300671129027
1380.5394808505314,1380.5394808505314,1.000209961424988,0.0004768498367335382
1380.5464253454284,1380.5464253454284,0.9993614227150527,0.00047678191894326774
1380.5533698402664,1380.5533698402664,0.999416129361345,0.0004768754716719651
1380.5603143350459,1380.5603143350459,0.9999275335377794,0.00047715294852815327
1380.5672588297568,1380.5672588297568,1.000519683831213,0.0004774077577301784
1380.5742033243969,1380.5742033243969,1.000559263952131,0.0004773936822957549
1380.581147819014,1380.581147819014,1.0005359956233502,0.00047753488285098465
1380.588092313515,1380.588092313515,0.9995976300888281,0.0004775816748749863
1380.59503680798,1380.59503680798,0.9991639441017286,0.0004775446824024189
1380.6019813023768,1380.6019813023768,0.9999547534130006,0.0004777537261682828
1380.6089257967137,1380.6089257967137,0.9997450128866376,0.00047784388901594326
1380.6158702909938,1380.6158702909938,0.9998129018528334,0.00047798060665001183
1380.6233703447087,1380.6233703447087,0.9996574512497778,0.00047791264475812947
1380.6314259579062,1380.6314259579062,0.9999594573888959,0.0004781095248606906
1380.6394815710219,1380.6394815710219,1.0002942231185918,0.0004782397092738159
1380.6464260650228,1380.6464260650228,0.9998473947962797,0.00047832993680842786
1380.6533705589407,1380.6533705589407,1.0005279104674414,0.00047850656649572724
1380.6603150527894,1380.6603150527894,1.0002363204325635,0.00047845386228748945
1380.6672595465916,1380.6672595465916,0.9999822957544964,0.00047840504878612813
1380.6742040403358,1380.6742040403358,0.9996764265610827,0.000478601606783189
1380.681148533998,1380.681148533998,1.0008209567409263,0.00047871655814685335
1380.6880930276027,1380.6880930276027,0.9996453333730552,0.00047846482295929826
1380.6950375211486,1380.6950375211486,1.0001443112351858,0.0004787250632254582
1380.7019820146247,1380.7019820146247,0.9996133347627915,0.0004786674032640572
1380.7089265080317,1380.7089265080317,1.0003470506109688,0.0004788543328030767
1380.7158710013905,1380.7158710013905,1.0006337083010668,0.0004788627928571972
1380.7228154946697,1380.7228154946697,0.9993550452053963,0.0004787187110753111
1380.7314266662545,1380.7314266662545,1.0008306975950045,0.00047892055422463816
1380.7394822782767,1380.7394822782767,0.9993449638360339,0.0004787596283271395
1380.7464267713683,1380.7464267713683,0.9996755198920255,0.00047878795056014486
1380.7533712643794,1380.7533712643794,0.9995717884943357,0.0004788279328803318
1380.7603157573194,1380.7603157573194,1.0002157086422057,0.0004789781909780067
1380.7672602501793,1380.7672602501793,1.0001851821636798,0.00047898675221093155
1380.7742047430033,1380.7742047430033,1.0002883976154053,0.00047909842207414155
1380.781149235758,1380.781149235758,0.9996831061386107,0.00047901669793807563
1380.7880937284542,1380.7880937284542,1.0002022780098656,0.0004793063686562286
1380.7950382210688,1380.7950382210688,1.000308462978671,0.00047917649389360916
1380.8019827136022,1380.8019827136022,1.000314190183484,0.0004795061521483782
1380.808927206112,1380.808927206112,1.000783041056984,0.0004796602275826265
1380.8158716985522,1380.8158716985522,0.999129146442425,0.0004794538330513982
1380.8228161909224,1380.8228161909224,0.9999309099197653,0.00047978124073834666
1380.8297606832348,1380.8297606832348,0.9995877530504245,0.00047974983793277706
1380.8367051754528,1380.8367051754528,0.9990685660800717,0.0004797417408189073
1380.8444830067158,1380.8444830067158,0.9999542522087997,0.0004800620606116524
1380.8519830582063,1380.8519830582063,0.999689445435628,0.0004800790793358942
1380.85892755024,1380.85892755024,1.000485522353059,0.00048036839840200134
1380.8658720422256,1380.8658720422256,1.0000097427212506,0.00048041909728409543
1380.873927652839,1380.873927652839,1.0007951457177913,0.00048076280138068656
1380.8811499243504,1380.8811499243504,1.0006739038179695,0.0004808412907923571
1380.8880944161394,1380.8880944161394,0.9996710662220808,0.0004808695306008011
1380.8950389078689,1380.8950389078689,1.0005297810421654,0.000480991802927693
1380.9019833995176,1380.9019833995176,1.000167712382812,0.00048131660553573643
1380.9089278911308,1380.9089278911308,0.9993137182763008,0.00048128690758911485
1380.9158723826633,1380.9158723826633,0.9999870642735521,0.0004815519887406164
1380.922816874137,1380.922816874137,0.9994893004717355,0.0004816848495062114
1380.9297613655406,1380.9297613655406,0.9996667495554548,0.0004818596202897373
1380.9367058568987,1380.9367058568987,1.000180390428466,0.00048214008394704326
1380.9436503482088,1380.9436503482088,1.0002762926753608,0.00048226794377186105
1380.9505948394508,1380.9505948394508,1.0000919306728133,0.000482296037683119
1380.95753933061,1380.95753933061,1.0003534745244929,0.0004824325499508069
1380.9644838217464,1380.9644838217464,0.9995829738040876,0.0004825412883305281
1380.971428312801,1380.971428312801,1.0002052732217621,0.0004827597697573939
1380.9783728037858,1380.9783728037858,1.0001555139274547,0.0004827664222999682
1380.9855950743781,1380.9855950743781,0.9995178000312533,0.0004828351929187895
1380.993650683792,1380.993650683792,0.9989461076977836,0.00048263423686352637
1381.000595174591,1381.000595174591,0.9999607013899128,0.0004829697639462261
1381.0086507838766,1381.0086507838766,1.0008073574437952,0.0004833625336448662
1381.0158730541898,1381.0158730541898,1.0000292757997784,0.00048325514318271697
1381.0228175448135,1381.0228175448135,0.9997531207381861,0.00048330029937054613
1381.029762035403,1381.029762035403,0.9999741127204759,0.00048348854910205426
1381.036706525922,1381.036706525922,0.9999869647599298,0.00048352578913905527
1381.0436510163952,1381.0436510163952,1.0002178473848358,0.0004836487271307895
1381.0517066252614,1381.0517066252614,1.0000437544020477,0.0004836648503308491
1381.0589288952137,1381.0589288952137,0.9999237639105312,0.0004837516991267481
1381.0658733855114,1381.0658733855114,1.0006615531008092,0.0004838925609368527
1381.0736512145618,1381.0736512145618,1.0002114346893536,0.0004838715725371144
1381.0825401619938,1381.0825401619938,1.0000390620022608,0.0004840518957662665
1381.0936513461452,1381.0936513461452,0.9994172618246839,0.0004840055282355352
1381.1005958361757,1381.1005958361757,0.9996505402752737,0.0004842113458330087
1381.1075403261598,1381.1075403261598,1.0005096038329464,0.0004844316471018406
1381.1144848160734,1381.1144848160734,1.0001686288639813,0.0004843080688609668
1381.1322627100305,1381.1322627100305,0.9995877505165419,0.0004845415795736575
1381.1464294691395,1381.1464294691395,1.0003150190247925,0.0004847838862669554
1381.1533739588092,1381.1533739588092,0.9998772799948019,0.0004846293261323401
1381.16031844842,1381.16031844842,0.9995767830149385,0.00048476898747168055
1381.1672629379968,1381.1672629379968,1.0002662478745177,0.00048479152035388383
1381.1742074275257,1381.1742074275257,1.0004242539122492,0.00048492209848638847
1381.181151916998,1381.181151916998,0.9991936685275693,0.00048473536098629253
1381.188096406446,1381.188096406446,1.0006472880723298,0.00048497181259602546
1381.195040895836,1381.195040895836,1.000024604665055,0.00048505347694275064
1381.2019853852032,1381.2019853852032,1.0000335568215566,0.00048494566934757745
1381.208929874511,1381.208929874511,1.000849940411596,0.0004852087173309037
1381.2158743637974,1381.2158743637974,0.9988907058499852,0.00048485393376400453
1381.2228188530353,1381.2228188530353,0.9990978121293781,0.0004850329747942446
1381.2297633422397,1381.2297633422397,1.000215697246863,0.0004851556862877938
1381.236707831408,1381.236707831408,1.0005014244969446,0.00048538388917732664
1381.2436523205308,1381.2436523205308,1.0006843972206825,0.0004853561618331759
1381.2505968096298,1381.2505968096298,1.000089293081744,0.0004853776576376785
1381.257541298682,1381.257541298682,0.9990699927212358,0.00048527820183616655
1381.2644857876996,1381.2644857876996,1.000103918658988,0.0004855043148866508
1381.271430276717,1381.271430276717,1.0006300105974115,0.0004855548126450913
1381.278374765688,1381.278374765688,0.9994137287552096,0.0004853630445751835
1381.2853192546122,1381.2853192546122,0.9988450337522841,0.00048517264917942535
1381.2922637435254,1381.2922637435254,1.0003456647535178,0.0004854896590986278
1381.2992082324258,1381.2992082324258,0.999722837684834,0.00048528397298879054
1381.3061527212697,1381.3061527212697,1.0000923422015786,0.00048525350828675356
1381.3130972101003,1381.3130972101003,1.0004095448562382,0.0004851799646862682
1381.3200416989198,1381.3200416989198,0.9999372134143204,0.0004849302014562785
1381.3269861876936,1381.3269861876936,1.0006447089044639,0.0004848455440486903
1381.3339306764778,1381.3339306764778,0.9994696804028711,0.00048468806614741414
1381.3408751652048,1381.3408751652048,0.9994020892214923,0.0004845794237689935
1381.3478196539309,1381.3478196539309,1.0007839368312657,0.00048461897135472455
1381.3547641426578,1381.3547641426578,1.0004243066094425,0.0004844571712364673
1381.3617086313488,1381.3617086313488,0.9998427732771276,0.0004842276870365588
1381.3686531200292,1381.3686531200292,0.9998006468388339,0.0004841376903332254
1381.3755976086973,1381.3755976086973,1.0000078749710688,0.000484072892522638
1381.3825420973656,1381.3825420973656,1.0001941268716394,0.00048399333224808684
1381.3894865860225,1381.3894865860225,0.9997543491360681,0.0004838372712883613
1381.3964310746437,1381.3964310746437,1.000006444349329,0.0004836139196083401
1381.4033755633009,1381.4033755633009,1.0000326846315262,0.00048351144744370085
1381.4103200519216,1381.4103200519216,0.9992980208090415,0.00048337700333309
1381.417264540556,1381.417264540556,1.0001214706012245,0.0004831961782024904
1381.424209029189,1381.424209029189,1.0000007139702867,0.0004829492443319576
1381.431153517799,1381.431153517799,0.9999806990649169,0.0004828393389731381
1381.4380980064325,1381.4380980064325,1.0006988653180868,0.000482683605750507
1381.4450424950774,1381.4450424950774,0.9999815652477446,0.0004823973682452052
1381.4519869836997,1381.4519869836997,1.000115997193069,0.00048213112613454905
1381.4589314723557,1381.4589314723557,1.0000589279026975,0.00048191463031243013
1381.465875961013,1381.465875961013,1.0002844035226075,0.0004817684823869654
1381.4728204496807,1381.4728204496807,0.9994932627308705,0.00048140793269655263
1381.479764938361,1381.479764938361,0.9995497744643324,0.00048119647676193633
1381.4867094270635,1381.4867094270635,1.000495611103067,0.0004811012453658426
1381.4936539157904,1381.4936539157904,1.0002157334369801,0.00048087721183587794
1381.5005984045172,1381.5005984045172,1.0002333501070053,0.0004806251579434134
1381.5075428932548,1381.5075428932548,0.9995050659693516,0.00048024709521879655
1384.1745190280817,1384.1745190280817,1.0007286892353242,0.00047114561480946263
1385.9548179880233,1385.9548179880233,1.000027544287796,0.0004647808685857161
1385.9617625274375,1385.9617625274375,1.0001472872021133,0.0004648255611829165
1385.9687070668163,1385.9687070668163,0.99892896461905,0.00046457803886995624
1385.9756516062066,1385.9756516062066,0.999565134632644,0.0004646149702688061
1385.9825961456095,1385.9825961456095,0.9998968841078305,0.00046467896418787657
1385.9895406849766,1385.9895406849766,1.0004827265229452,0.0004648023026509769
1385.9964852243436,1385.9964852243436,0.9995298358537246,0.00046463581144800295
1386.0034297637346,1386.0034297637346,1.0001318907027665,0.00046470230176189075
1386.010374303137,1386.010374303137,1.000603897728465,0.0004647579678589563
1386.0173188425038,1386.0173188425038,1.000195844127227,0.00046464103929159413
1386.0242633818716,1386.0242633818716,0.9995129332040147,0.0004645340202321494
1386.0312079212392,1386.0312079212392,1.0000808179240013,0.0004647076120536531
1386.038152460606,1386.038152460606,0.9997051952586918,0.0004646001656590768
1386.0450969999736,1386.0450969999736,1.0001111119118127,0.00046469216844754807
1386.0520415392832,1386.0520415392832,1.0002548333052956,0.0004645896415324758
1386.0589860786497,1386.0589860786497,1.0000778018064382,0.00046475277853549125
1386.0659306180173,1386.0659306180173,1.000039460285404,0.00046479072050127824
1386.0728751573618,1386.0728751573618,0.9997988091400009,0.00046472844822121234
1386.079819696694,1386.079819696694,0.9998439606695818,0.0004647145683591107
1386.086764236061,1386.086764236061,0.9997431838276016,0.0004646880919127459
1386.0937087753705,1386.0937087753705,1.0002590708652626,0.0004647619277031928
1386.100653314726,1386.100653314726,0.9998789322944678,0.0004647229575374615
1386.1075978540462,1386.1075978540462,1.0004135969870298,0.00046475424199297926
1386.1145423933676,1386.1145423933676,1.0000349628518044,0.0004646860606729238
1386.1214869327,1386.1214869327,0.9999666466533286,0.0004647752008425887
1386.12843147202,1386.12843147202,0.9993339941088536,0.0004645872977958701
1386.1353760113416,1386.1353760113416,1.0005294490827021,0.0004647870373805974
1386.1423205506512,1386.1423205506512,0.9998158632855201,0.00046474350662996887
1386.1492650899593,1386.1492650899593,1.000319889529869,0.00046483389819424673
1386.1562096292691,1386.1562096292691,0.9999140122947751,0.00046473057089022995
1386.163154168567,1386.163154168567,0.9998610011875974,0.00046474389620316484
1386.1700987078752,1386.1700987078752,1.0006749763458918,0.0004649319750736298
1386.177043247173,1386.177043247173,0.9997008520021751,0.0004647516305152515
1386.1839877864709,1386.1839877864709,0.9989016051584958,0.0004645755547694606
1386.1909323257446,1386.1909323257446,1.0002286741902835,0.0004648251820987499
1386.197876865042,1386.197876865042,1.000281691603798,0.0004648155169656149
1386.2048214043166,1386.2048214043166,0.9999877516411704,0.0004648166416134856
1386.211765943591,1386.211765943591,1.000186590235874,0.00046480590557873466
1386.218710482876,1386.218710482876,0.9999220220867846,0.00046466702299632423
1386.2256550221512,1386.2256550221512,0.9997443536020008,0.0004646594107280882
1386.2325995614021,1386.2325995614021,0.9998879383981523,0.0004647289039158722
1386.2395441006636,1386.2395441006636,1.0007886675210953,0.0004648774737950695
1386.246488639927,1386.246488639927,1.0000018010201515,0.0004646369619148505
1386.2534331791783,1386.2534331791783,1.0002080674240412,0.00046464787080988936
1386.2603777184286,1386.2603777184286,1.0000294335130115,0.0004647171638357501
1386.2673222576796,1386.2673222576796,0.9994005700353338,0.0004646139400396519
1386.2742667969192,1386.2742667969192,0.9997341154524924,0.00046467775721367445
1386.2812113361467,1386.2812113361467,1.0005428240726741,0.00046475644257169607
1386.2881558753857,1386.2881558753857,0.9997667067418721,0.00046471065530230614
1386.2951004146253,1386.2951004146253,0.9997444135577996,0.00046468998757877983
1386.3020449538417,1386.3020449538417,1.0002379197662155,0.0004647624926714846
1386.3089894930686,1386.3089894930686,0.9996221716849936,0.00046464258976413773
1386.315934032285,1386.315934032285,1.000328913290708,0.0004647633142445658
1386.3228785714896,1386.3228785714896,0.9992015327894969,0.00046450316494096985
1386.3298231107044,1386.3298231107044,0.9999215635583243,0.00046460285336248966
1386.3367676499097,1386.3367676499097,0.9994762151927843,0.00046454190675756477
1386.3437121891027,1386.3437121891027,0.9998865086781521,0.00046453389085300225
1386.3506567283064,1386.3506567283064,1.0006833354842704,0.0004647161934281128
1386.3576012674878,1386.3576012674878,1.0005689894932874,0.0004647780768412185
1386.3653791513818,1386.3653791513818,1.0004527385723843,0.0004647759338103264
1386.3728792537,1386.3728792537,0.9995076178488207,0.00046461814291885804
1386.379823792881,1386.379823792881,1.000694863883932,0.0004647716438887535
1386.386768332051,1386.386768332051,0.9999794099854835,0.00046469516965283035
1386.3937128712205,1386.3937128712205,0.9997849533569882,0.00046466545863053916
1386.4006574103776,1386.4006574103776,0.9986721972473029,0.0004643945666251763
1386.4076019495474,1386.4076019495474,0.9997075377008067,0.00046465680370550295
1386.414546488694,1386.414546488694,0.9998625300059716,0.00046474335388744907
1386.4214910278392,1386.4214910278392,1.0000921408642909,0.00046480598148635616
1386.4284355669856,1386.4284355669856,1.0011671626156085,0.00046496274413805274
1386.435380106133,1386.435380106133,1.0001006395338536,0.00046474830351674187
1386.4423246452666,1386.4423246452666,1.0003764214239503,0.0004647364128574333
1386.4492691844011,1386.4492691844011,0.9999275021610806,0.00046470973165766886
1386.4562137235243,1386.4562137235243,0.9995845477138966,0.0004646452242832922
1386.4631582626469,1386.4631582626469,0.999689094854683,0.000464678411419931
1386.470102801758,1386.470102801758,0.9996948607045827,0.00046464240375096303
1386.4770473408812,1386.4770473408812,0.9997549579797012,0.00046466813057854256
1386.4839918799812,1386.4839918799812,1.0003252015445034,0.00046477013256083144
1386.4909364190917,1386.4909364190917,1.0008482432197425,0.00046487101382347253
1386.4978809581683,1386.4978809581683,0.9999753891490272,0.00046470041077597375
1386.504825497268,1386.504825497268,0.9993097311448407,0.0004645741941145657
1386.511770036379,1386.511770036379,1.0000779209927635,0.00046473802743846206
1386.5187145754549,1386.5187145754549,0.9999922890915182,0.0004647095921520847
1386.5256591145321,1386.5256591145321,0.9998783526061288,0.0004646930735035374
1386.532603653608,1386.532603653608,0.9999296242783127,0.00046463960633145833
1386.539548192684,1386.539548192684,1.0003934656172357,0.0004648113582826501
1386.5464927317028,1386.5464927317028,0.9999026455732407,0.0004646493951350767
1386.5534372707793,1386.5534372707793,1.000086559376261,0.0004647185034296018
1386.5609373729576,1386.5609373729576,1.0000699918242435,0.00046468940896269494
1386.5687152566886,1386.5687152566886,0.9997914099185617,0.0004646834674142346
1386.5756597957302,1386.5756597957302,1.0004909709343277,0.00046470472719445475
1386.5826043347708,1386.5826043347708,0.9996265160563892,0.0004646030601369811
1386.589548873801,1386.589548873801,0.9996106367586653,0.000464651137444757
1386.5964934128194,1386.5964934128194,1.0002009391641782,0.0004646981218058307
1386.603437951849,1386.603437951849,1.0003300206423442,0.0004647664268161944
1386.6103824908666,1386.6103824908666,0.9995220025649246,0.0004646339245201049
1386.6173270298618,1386.6173270298618,1.0003300988503974,0.0004647953242571161
1386.6242715688688,1386.6242715688688,0.9998338256956739,0.0004646695465120493
1386.6312161078745,1386.6312161078745,1.000138419823843,0.0004647300917131154
1386.63816064687,1386.63816064687,1.0003862949404647,0.0004648374534377069
1386.6451051858535,1386.6451051858535,0.999319305198382,0.0004646302412821586
1386.652049724847,1386.652049724847,1.0000386462312738,0.00046468288671785697
1386.6589942638193,1386.6589942638193,1.0007320985158514,0.00046488673075266413
1386.665938802791,1386.665938802791,0.9998094164854251,0.00046468522767822236
1386.6728833417624,1386.6728833417624,0.9995677915202907,0.0004646113114287841
1386.6798278807223,1386.6798278807223,0.9995768431685959,0.00046466908179631226
1386.6867724196707,1386.6867724196707,1.0003497255179246,0.00046481356276693837
1386.693716958619,1386.693716958619,1.0005936279911332,0.0004648272023702061
1386.7006614975783,1386.7006614975783,0.9997462259966975,0.00046470344085560393
1386.707606036515,1386.707606036515,1.0002204104075438,0.00046471810446744986
1386.7145505754406,1386.7145505754406,0.9997902774333725,0.00046469107862390365
1386.7214951143767,1386.7214951143767,0.9995563780470242,0.00046462154439564404
1386.7284396533016,1386.7284396533016,0.9992297398456472,0.00046459773160513723
1386.7353841922038,1386.7353841922038,1.0002247935487687,0.0004647283215257823
1386.7423287311287,1386.7423287311287,1.0007610498564419,0.00046480093810667754
1386.7492732700298,1386.7492732700298,1.000258832097321,0.0004647768587725514
1386.7562178089324,1386.7562178089324,0.9999895070391889,0.0004646746664186457
1386.7631623478226,1386.7631623478226,1.0003956741694247,0.0004648002486356082
1386.7706624498146,1386.7706624498146,1.000013546989258,0.0004647043789713692
1386.778440333371,1386.778440333371,0.9996134031478958,0.00046463166802987227
1386.7853848722382,1386.7853848722382,0.9992994566757419,0.00046451529546468406
1386.7923294111163,1386.7923294111163,1.0007105056260968,0.00046479369424232635
1386.7992739499828,1386.7992739499828,0.9996120453200387,0.0004646732461096345
1386.806218488838,1386.806218488838,1.0003938803799397,0.0004647281574934396
1386.813163027682,1386.813163027682,1.0000805745333272,0.00046476030815262553
1386.820107566536,1386.820107566536,1.0001550563438748,0.0004649029327060927
1386.8270521053805,1386.8270521053805,0.9996269170313399,0.0004647460276944626
1386.8339966442124,1386.8339966442124,0.9995926746042951,0.00046477734389091904
1386.840941183032,1386.840941183032,1.0000666007021999,0.0004648205401755575
1386.8478857218527,1386.8478857218527,0.9998262035947871,0.0004647766431782445
1386.8548302606846,1386.8548302606846,1.000092875809632,0.0004647678622879711
1386.8617747994815,1386.8617747994815,1.00097543367963,0.0004650156628761731
1386.8687193382666,1386.8687193382666,1.0005913782843412,0.000464864244364267
1386.8756638771104,1386.8756638771104,0.9993415930784701,0.0004646904769045647
1386.882608415896,1386.882608415896,0.999909516012608,0.00046469639811467925
1386.8895529546803,1386.8895529546803,0.9997820975033014,0.00046473059253051224
1386.8964974934656,1386.8964974934656,1.0002580541268906,0.0004648195485625367
1386.903442032205,1386.903442032205,1.000071531787278,0.00046470131544129524
1386.9103865709785,1386.9103865709785,1.0005270996268647,0.0004648293941870536
1386.9173311097634,1386.9173311097634,1.0000511975582183,0.0004647524080647823
1386.924275648491,1386.924275648491,0.999997129307776,0.00046476303200143377
1386.9312201872533,1386.9312201872533,1.000293014293121,0.0004648099792077959
1386.9381647260027,1386.9381647260027,0.9991870979963029,0.00046457827008886566
1386.9451092647303,1386.9451092647303,1.000487795070167,0.00046476920826456344
1386.9520538034578,1386.9520538034578,0.9991126944600586,0.0004645016883518301
1386.9589983421845,1386.9589983421845,1.0004262524272232,0.0004647480472439977
1386.9659428808998,1386.9659428808998,1.000001240813247,0.00046475634676375403
1386.9728874196157,1386.9728874196157,0.9993812299732359,0.0004645876034232989
1386.9809430845137,1386.9809430845137,0.9998650074651095,0.0004647179296379183
1386.9881654047563,1386.9881654047563,1.00101480343415,0.00046482106779751643
1386.995109943437,1386.995109943437,1.000270704063249,0.00046473741818216983
1387.0020544821298,1387.0020544821298,1.000220944646564,0.00046471827495540694
1387.0089990208096,1387.0089990208096,1.0001699982057084,0.0004647169525479507
1387.0159435594785,1387.0159435594785,0.9993367910605707,0.00046463059818420427
1387.022888098148,1387.022888098148,0.999491727855658,0.0004646224565484539
1387.0298326367938,1387.0298326367938,0.9999017686965861,0.00046470707829092395
1387.0367771754622,1387.0367771754622,0.9997520560494262,0.0004646651114682831
1387.0437217140964,1387.0437217140964,0.9998038349857812,0.00046467939792264575
1387.0506662527423,1387.0506662527423,1.0014367571715794,0.0004649528422763674
1387.057610791376,1387.057610791376,1.0001956087688018,0.00046483536041537347
1387.0645553299862,1387.0645553299862,0.999854820008677,0.0004647274753467141
1387.071499868609,1387.071499868609,0.9994002791397538,0.000464637116799437
1387.07844440722,1387.07844440722,0.9997525372456824,0.00046466643772861304
1387.0853889458297,1387.0853889458297,1.0001820493857616,0.00046474284056215
1387.0923334844176,1387.0923334844176,0.9996579973084927,0.0004647508005351346
1387.099278023017,1387.099278023017,1.0006503032466418,0.0004649078636407663
1387.106222561604,1387.106222561604,0.9996075105405609,0.000464742789190145
1387.1131671001797,1387.1131671001797,1.0001699796894308,0.00046480814637253447
1387.1201116387556,1387.1201116387556,1.0000740031100934,0.00046476409124858697
1387.1270561773204,1387.1270561773204,0.9995073849422497,0.00046472800464721585
1387.1340007158717,1387.1340007158717,1.0004142744545912,0.00046476488831106836
1387.1409452544247,1387.1409452544247,0.9996729168196901,0.0004647378702319011
1387.1478897929658,1387.1478897929658,0.9997377658049438,0.0004646689624536292
1387.1548343315067,1387.1548343315067,1.00032450143383,0.0004648039067966312
1387.1617788700466,1387.1617788700466,1.0002879801296019,0.000464709628160854
1387.1687234085532,1387.1687234085532,1.0001888204114326,0.0004646206480692731
1387.175667947094,1387.175667947094,0.9997640782933974,0.0004646961558409956
1387.1826124855995,1387.1826124855995,1.0002952078806167,0.0004647895241261271
1387.189557024094,1387.189557024094,0.9999865745843983,0.00046472924236298075
1387.1965015625885,1387.1965015625885,1.0003279259171023,0.0004648071264935982
1387.203446101083,1387.203446101083,0.999563278922061,0.0004646793883639797
1387.2103906395766,1387.2103906395766,1.000282769021474,0.0004647460007722046
1387.2173351780245,1387.2173351780245,0.9989760562858907,0.0004646146860896854
1387.2242797165077,1387.2242797165077,0.9995602887792197,0.00046461550764672406
1387.2312242549665,1387.2312242549665,1.0010637590358704,0.00046495023173821195
1387.2381687934258,1387.2381687934258,0.9997434230188856,0.00046467246194054816
1387.245113331874,1387.245113331874,1.000012439837781,0.000464839808506207
1387.2520578703102,1387.2520578703102,1.0006105396812017,0.00046489686934553015
1387.2590024087337,1387.2590024087337,0.9998045816814397,0.0004648010821727697
1387.2659469471587,1387.2659469471587,0.9995702172649711,0.0004646583044806061
1387.2728914855832,1387.2728914855832,1.000403869774481,0.0004648368819795797
1387.2798360239956,1387.2798360239956,1.0001839007610633,0.00046474778835577785
1387.2867805623966,1387.2867805623966,0.999041090692247,0.0004646094870554663
1387.2937251007866,1387.2937251007866,0.9998653510481794,0.0004647984473467105
1387.300669639188,1387.300669639188,1.000215078986526,0.0004647292184591766
1387.3087253037122,1387.3087253037122,1.0004246547060816,0.0004648304516076478
1387.3173365312944,1387.3173365312944,1.0000131651359474,0.0004648292481856021
1387.3242810696495,1387.3242810696495,1.0008903671001608,0.0004649000626208661
1387.3323367341509,1387.3323367341509,0.9991413368967059,0.0004645260596141958
1387.3395590540335,1387.3395590540335,0.999774510895645,0.0004646549132020929
1387.3470591554335,1387.3470591554335,0.9998439426318726,0.0004647158383763479
1387.354837038372,1387.354837038372,0.9992687375250888,0.0004646795195050334
1387.3617815766913,1387.3617815766913,1.0012372863341503,0.0004650034315201672
1387.3687261150114,1387.3687261150114,1.000329917193842,0.0004647965174501971
1387.3756706533197,1387.3756706533197,1.0003646375390742,0.00046489583956665887
1387.3826151916153,1387.3826151916153,0.9994089449641794,0.00046467073359152583
1387.3895597299118,1387.3895597299118,1.000225974424749,0.0004647969437093321
1387.3965042682084,1387.3965042682084,0.999685671121779,0.0004648113033514406
1387.403448806493,1387.403448806493,0.9998998412303056,0.00046478585481736517
1387.410393344754,1387.410393344754,0.9986679500595663,0.00046453054257889864
1387.4173378830274,1387.4173378830274,1.0003801905412681,0.0004648127580639868
1387.4242824212893,1387.4242824212893,0.9997682360574547,0.00046472450023261056
1387.431226959527,1387.431226959527,1.0001467530680226,0.0004648197145363265
1387.438171497765,1387.438171497765,1.0002161271093635,0.0004648259173714021
1387.4451160360154,1387.4451160360154,0.9999217890141521,0.0004647683029014205
1387.4520605742302,1387.4520605742302,0.999633894809631,0.0004646740006444358
1387.459005112433,1387.459005112433,1.0011044195854328,0.0004649737100617708
1387.4659496506831,1387.4659496506831,1.0001822158602969,0.00046481326100775096
1387.4728941888984,1387.4728941888984,1.0002989681865002,0.0004647895300178773
1387.4798387270432,1387.4798387270432,0.9988215990406026,0.0004645387506399865
1387.4867832652458,1387.4867832652458,0.9997347943157114,0.00046467541069720433
1387.4937278034492,1387.4937278034492,0.9999739706187365,0.0004646789669037133
1387.500672341595,1387.500672341595,1.0000765894573156,0.0004647920431158423
1387.507616879774,1387.507616879774,1.0005685492985705,0.00046480380093686855
1387.5145614179312,1387.5145614179312,1.000045617583764,0.00046474368597954773
1387.521505956088,1387.521505956088,0.9997938604322647,0.0004647253488700316
1387.5284504942215,1387.5284504942215,1.0001637006886295,0.00046485995511399313
1387.5353950323545,1387.5353950323545,0.9996076680982304,0.00046466519422214646
1387.542339570488,1387.542339570488,1.0000583939052483,0.00046470657118828927
1387.5492841086102,1387.5492841086102,0.9997673328463638,0.0004646833006004638
1387.5562286467205,1387.5562286467205,1.0006127120499022,0.00046480550399371064
1387.5631731848182,1387.5631731848182,0.9995436147864589,0.0004646232546107248
1387.5701177229053,1387.5701177229053,0.9995258176787407,0.0004646268620281388
1387.5770622610041,1387.5770622610041,1.0004283254043749,0.0004646808540000618
1387.584006799079,1387.584006799079,1.0004818495554602,0.0004648011970741446
1387.590951337142,1387.590951337142,1.0000204555152021,0.00046471897310383187
1387.597895875206,1387.597895875206,1.0004813491782698,0.0004648134886561566
1387.6048404132582,1387.6048404132582,0.9994230074344979,0.00046460261658600507
1387.6117849513212,1387.6117849513212,0.9997985437205601,0.00046473325769831527
1387.61872948935,1387.61872948935,1.000386984920307,0.00046481851977939615
1387.625674027379,1387.625674027379,0.9995884525467222,0.00046464590191162256
1387.6326185653961,1387.6326185653961,0.9995973623593868,0.0004647652043566003
1387.6395631034238,1387.6395631034238,1.000251367883658,0.00046484480942382436
1387.64650764143,1387.64650764143,1.0000717466999194,0.000464848693209746
1387.6534521794238,1387.6534521794238,1.0005367183005613,0.0004648870925696094
1387.6603967174055,1387.6603967174055,1.000332852905262,0.0004648414733098395
1387.6673412553987,1387.6673412553987,0.9988449147368748,0.00046465136368968824
1387.6742857933696,1387.6742857933696,1.0003095572200495,0.00046486069012956324
1387.6812303313286,1387.6812303313286,0.9995245056600155,0.0004647782614645785
1387.6881748692983,1387.6881748692983,0.9997655730037007,0.00046478273620268894
1387.6951194072456,1387.6951194072456,1.0004938417293292,0.00046483395202412793
1387.7020639451816,1387.7020639451816,1.000527748251137,0.00046495638373722823
1387.7090084830938,1387.7090084830938,0.9999734497924356,0.0004647740210482547
1387.7159530210636,1387.7159530210636,0.9999140805340042,0.00046477850106609606
1387.7228975589758,1387.7228975589758,0.9999655931655924,0.0004648384457691049
1387.729842096877,1387.729842096877,0.9997692391025247,0.00046476988550439233
1387.736786634743,1387.736786634743,1.0002634997860147,0.00046486281109028393
1387.7473423323454,1387.7473423323454,0.9995878404793738,0.0004647685143644914
1387.768731508987,1387.768731508987,0.9996895449925909,0.0004649014881516176
1387.775676046841,1387.775676046841,1.0008278917447222,0.0004649592576977954
1387.7826205846839,1387.7826205846839,1.0000655939408305,0.00046483311267036625
1387.7909540300857,1387.7909540300857,0.999397336135549,0.0004647506036448282
1387.7978985679154,1387.7978985679154,1.000247470167042,0.00046487808132846306
1387.8048431057348,1387.8048431057348,1.000430621800239,0.000464912992879594
1387.8120654250476,1387.8120654250476,1.0000826931844007,0.0004649032836481225
1387.820121088897,1387.820121088897,1.0001858823200327,0.0004649167956816306
1387.827065626681,1387.827065626681,1.000149197635889,0.00046493704053210985
1387.8340101644658,1387.8340101644658,0.9989901068452433,0.00046474247689992036
1387.8409547022507,1387.8409547022507,1.0005652418899706,0.0004650409942826718
1387.8478992400103,1387.8478992400103,0.9991782741453477,0.00046474244556063686
1387.8548437777483,1387.8548437777483,0.9998467278339863,0.00046486891654868716
1387.8617883155098,1387.8617883155098,1.0003742330889769,0.00046494616369325263
1387.8687328532474,1387.8687328532474,1.000495722649631,0.0004649349145205421
1387.8756773909722,1387.8756773909722,1.0002738289461104,0.00046500497832198596
1387.882621928687,1387.882621928687,0.9998057276086062,0.0004648224354561896
1387.8895664664014,1387.8895664664014,1.0000910585866065,0.0004648874376552637
1387.896511004104,1387.896511004104,0.9999120018086195,0.0004648144945091096
1387.9034555417945,1387.9034555417945,0.999506105618671,0.0004646474536026708
1387.910400079486,1387.910400079486,1.0001664114209567,0.00046487572617179014
1387.9173446171542,1387.9173446171542,0.9997222781819082,0.0004647722436396607
1387.9248447178431,1387.9248447178431,0.9998540944258669,0.00046488131056275005
1387.9326226000248,1387.9326226000248,1.0006660722500687,0.0004649243405762441
1387.9395671376467,1387.9395671376467,1.0002704542961047,0.0004648275061308328
1387.9465116753263,1387.9465116753263,0.9994832084865968,0.00046470007834678844
1387.9534562129465,1387.9534562129465,1.0000741286454868,0.0004648518595425651
1387.9604007505682,1387.9604007505682,1.0001986046762161,0.00046483417612169266
1387.9673452881896,1387.9673452881896,0.9994887219328141,0.0004647271021779358
1387.974289825753,1387.974289825753,1.0004209530284027,0.00046481051574527056
1387.981234363373,1387.981234363373,0.9995256863008807,0.000464671215258035
1387.9881789009478,1387.9881789009478,1.0002459270124253,0.0004648828279749092
1387.9951234385346,1387.9951234385346,0.9999155795137853,0.00046479235870376044
1388.0020679760976,1388.0020679760976,1.0004416957420132,0.0004648817061129594
1388.0090125136599,1388.0090125136599,1.0002412490479204,0.000464912572226956
1388.0159570512117,1388.0159570512117,0.9997949326358734,0.0004647179317339516
1388.0229015887517,1388.0229015887517,0.999589774999232,0.0004647744827650552
1388.0298461262798,1388.0298461262798,0.9998444528965372,0.0004648592290170857
1388.0367906637953,1388.0367906637953,1.0001119541539845,0.00046492597520101183
1388.043735201312,1388.043735201312,0.9999128165707152,0.0004648334223586187
1388.0506797388175,1388.0506797388175,1.000579292731167,0.00046499025592463785
1388.0576242763223,1388.0576242763223,0.9995355224752867,0.0004647732587554943
1388.0645688137913,1388.0645688137913,1.0002711876835366,0.00046487321153081086
1388.071513351273,1388.071513351273,0.9998592478057867,0.0004648536968559925
1388.0784578887433,1388.0784578887433,0.9998221028961011,0.0004648670736315559
1388.0854024262012,1388.0854024262012,0.999703872412098,0.0004647026753699207
1388.0923469636589,1388.0923469636589,1.0002126844366106,0.00046482012395472383
1388.0992915010943,1388.0992915010943,1.0002516685723966,0.0004648773525374552
1388.106236038518,1388.106236038518,0.9996712279325456,0.00046470081304969893
1388.113180575941,1388.113180575941,0.9995418970180256,0.0004646986989125323
1388.1201251133639,1388.1201251133639,1.0009257004525076,0.0004649950317258004
1388.127069650764,1388.127069650764,1.0002798040774112,0.00046480111538220096
1388.134014188153,1388.134014188153,1.0004731080551068,0.0004649430192410362
1388.140958725541,1388.140958725541,1.0000868544069164,0.0004648355486380928
1388.1479032629056,1388.1479032629056,0.9995589204623784,0.00046478040306867954
1388.1548478002946,1388.1548478002946,0.9989710330485234,0.0004646894501595886
1388.1617923376252,1388.1617923376252,0.9998986369879791,0.0004649491774469736
1388.1687368749892,1388.1687368749892,0.999933292486285,0.0004649292538296106
1388.1756814123426,1388.1756814123426,1.0004249554965134,0.00046494945519119657
1388.1826259496734,1388.1826259496734,1.0002854592338803,0.00046495917191829723
1388.1895704869453,1388.1895704869453,0.9998938921820534,0.00046485210747162256
1388.1965150242752,1388.1965150242752,1.000158336087503,0.00046486471562955795
1388.20345956157,1388.20345956157,0.9999631654998268,0.00046486353672646474
1388.2104040988656,1388.2104040988656,0.9998478430593372,0.0004648813869193499
1388.2173486361498,1388.2173486361498,0.9998736600054746,0.000464864841374629
1388.2242931734095,1388.2242931734095,1.0001995321386308,0.00046499737938977435
1388.2312377106814,1388.2312377106814,1.0006919833790608,0.00046504180259773244
1388.2381822479306,1388.2381822479306,0.9999984994784497,0.000464908624911354
1388.2451267851795,1388.2451267851795,0.9992791086298276,0.0004647052603555816
1388.252071322416,1388.252071322416,0.9990250994996537,0.0004647173274181031
1388.2590158596297,1388.2590158596297,1.000605347717552,0.0004649690417287852
1388.2659603968436,1388.2659603968436,1.000203119204226,0.00046489953663924417
1388.272904934046,1388.272904934046,1.0004472076809132,0.00046491297127318964
1388.2798494712356,1388.2798494712356,0.9996948909470704,0.00046475047198873645
1388.2867940084145,1388.2867940084145,1.000064019709256,0.00046481655367806705
1388.2937385456055,1388.2937385456055,1.0001696164396399,0.00046485404436767745
1388.3006830827612,1388.3006830827612,0.9995196083451543,0.0004647473409103182
1388.3076276199163,1388.3076276199163,0.9997601916822351,0.00046470826443025
1388.3145721570602,1388.3145721570602,1.0002022804679103,0.0004647999022113632
1388.321516694204,1388.321516694204,1.0007584027991547,0.000464837248082752
1388.3284612313137,1388.3284612313137,1.0000456142587324,0.0004648125828633696
1388.3354057684453,1388.3354057684453,1.000058226528466,0.0004648782866138078
1388.3423503055424,1388.3423503055424,0.9996113112178164,0.00046486570065218375
1388.3492948426403,1388.3492948426403,0.9989619673095405,0.0004646487689923839
1388.356239379726,1388.356239379726,0.9999318057324089,0.00046491445765847625
1388.3631839168115,1388.3631839168115,1.0005214398619104,0.0004648226607015451
1388.370128453862,1388.370128453862,0.9998047861942465,0.0004647040595708287
1388.377072990913,1388.377072990913,0.9994075891778236,0.00046479027329551705
1388.384017527999,1388.384017527999,0.9998933832412138,0.00046483786364579356
1388.3909620650143,1388.3909620650143,1.000493198806293,0.00046498056433569806
1388.3979066020183,1388.3979066020183,1.0004087052268702,0.00046479130492853266
1388.4048511390579,1388.4048511390579,0.9999119791370147,0.0004648709160087816
1388.4117956760506,1388.4117956760506,1.0003026602164808,0.00046496144396372517
1388.4187402130547,1388.4187402130547,1.0000891612939147,0.0004648811343694801
1388.4256847500467,1388.4256847500467,1.000269156268565,0.000465012004540613
1388.4326292870162,1388.4326292870162,0.9992778427168112,0.00046482337768737563
1388.4395738239864,1388.4395738239864,0.9995487241108751,0.000464835577783008
1388.4465183609432,1388.4465183609432,1.0002438889175445,0.0004648874491985494
1388.453462897889,1388.453462897889,0.9997741507021605,0.000464915572299987
1388.4604074348238,1388.4604074348238,0.9997234145737257,0.000464948686485355
1388.4673519717467,1388.4673519717467,0.9998908025161878,0.00046498255809378366
1388.4742965086575,1388.4742965086575,1.0004219287543905,0.00046500546792474696
1388.4812410455681,1388.4812410455681,1.0005190884091908,0.00046496858075401916
1388.4881855824678,1388.4881855824678,1.0006045378730362,0.00046498521376738406
1388.4951301193562,1388.4951301193562,1.0004997640027682,0.00046492520443135264
1388.5026302191604,1388.5026302191604,0.9984516237939893,0.00046465733498803383
1388.5104081004572,1388.5104081004572,0.999427052741872,0.000464832342748527
1388.5173526373105,1388.5173526373105,0.9995498288573959,0.00046483521192232515
1388.5242971741523,1388.5242971741523,1.0003746465707437,0.00046493648356718423
1388.5312417109812,1388.5312417109812,1.0004822404383122,0.00046493561850389044
1388.5381862477993,1388.5381862477993,0.9997148137847514,0.0004649122168957073
1388.5451307846174,1388.5451307846174,0.9996564212154219,0.0004648951508081812
1388.5520753214125,1388.5520753214125,1.0010846527927086,0.00046513372658397057
1388.5590198581951,1388.5590198581951,0.9992671796899693,0.0004647575703811669
1388.5659643949894,1388.5659643949894,0.9998641506644453,0.00046486275730635643
1388.5729089317376,1388.5729089317376,0.9999993553882922,0.0004649216384021904
1388.579853468486,1388.579853468486,0.9997218520209852,0.0004648752711566344
1388.586798005234,1388.586798005234,1.0004342727312348,0.0004648474547260013
1388.5937425419816,1388.5937425419816,1.000192797241809,0.00046489138786855774
1388.6006870787298,1388.6006870787298,0.9996639517396793,0.00046473764348473013
1388.607631615432,1388.607631615432,0.9999694123041865,0.00046478618976321395
1388.614576152145,1388.614576152145,1.0001519601482631,0.0004648276941010259
1388.6215206888457,1388.6215206888457,1.0002716751642597,0.00046484946714675225
1388.6284652255247,1388.6284652255247,1.0001582906249955,0.00046481974695148054
1388.635409762203,1388.635409762203,1.0002645519804192,0.000464792278007812
1388.6423542988582,1388.6423542988582,0.9993798686617259,0.0004647282218366602
1388.649298835524,1388.649298835524,0.9992526208918682,0.00046477036957417257
1388.656243372156,1388.656243372156,1.0003055589023355,0.0004649517655898552
1388.663187908788,1388.663187908788,1.0005265484648584,0.00046484468038310257
1388.6701324454084,1388.6701324454084,0.9993729079655009,0.0004647457655532395
1388.677076982016,1388.677076982016,1.0007240150812657,0.00046504860188842774
1388.6840215186126,1388.6840215186126,1.0003624178482813,0.00046491061175804273
1388.6909660552096,1388.6909660552096,0.9994974445701766,0.0004648002583004161
1388.6992994990983,1388.6992994990983,0.9997925842941028,0.0004647817076065463
1388.706244035671,1388.706244035671,0.999956146637297,0.0004648322077654655
1388.7131885722213,1388.7131885722213,0.999121361506518,0.00046469993201102576
1388.7201331087604,1388.7201331087604,1.001168637186435,0.00046502894571386066
1388.7270776452992,1388.7270776452992,0.9998298527257653,0.00046480843940590314
1388.734022181814,1388.734022181814,1.000078444383665,0.0004648810914913234
1388.740966718329,1388.740966718329,0.9996049444787076,0.0004647708470912249
1388.7479112548212,1388.7479112548212,1.00090917840429,0.00046505418945362657
1388.754855791325,1388.754855791325,0.9994519378586787,0.00046471272376914845
1388.7618003277937,1388.7618003277937,1.0002290933531124,0.00046488258199549055
1388.7687448642503,1388.7687448642503,1.0000380299094656,0.0004649049653119716
1388.7756894007075,1388.7756894007075,0.999320875285991,0.0004648159445441743
1388.7826339371647,1388.7826339371647,1.0007271457214224,0.00046505868129126035
1388.7895784735988,1388.7895784735988,0.9997430897152965,0.00046490724086393174
1388.7965230100203,1388.7965230100203,0.9999071243338327,0.0004649300228349246
1388.8034675464191,1388.8034675464191,0.9999540114283445,0.0004649338430885573
1388.8104120828298,1388.8104120828298,0.9994172980959007,0.0004648502727617386
1388.817356619206,1388.817356619206,0.99981686496928,0.000464859284277435
1388.8243011555921,1388.8243011555921,1.000550852649398,0.0004649516711399973
1388.8312456919564,1388.8312456919564,1.0003862765518345,0.0004649760198314334
1388.8381902283209,1388.8381902283209,1.0002937891983226,0.00046492996405637303
1388.8451347646617,1388.8451347646617,0.9999190843363909,0.00046486162605184503
1388.8520793009902,1388.8520793009902,0.9993301511406918,0.0004646813837225856
1388.8593016187774,1388.8593016187774,0.9997339844922358,0.00046473833631617805
1388.8673572808932,1388.8673572808932,1.001353810338614,0.00046507713669794647
1388.8743018171876,1388.8743018171876,0.9990977749174185,0.0004646418984823611
1388.8812463534814,1388.8812463534814,1.0000680298444984,0.000464872033012098
1388.8881908897517,1388.8881908897517,0.9996472161661337,0.0004647804872820486
1388.8951354260112,1388.8951354260112,1.000881594503206,0.0004649615494868844
1388.9020799622708,1388.9020799622708,0.9997680799756402,0.00046486139928597625
1388.9090244985068,1388.9090244985068,0.9996155775292361,0.00046488404051956
1388.915969034742,1388.915969034742,1.000570995616244,0.0004649904812071378
1388.9229135709545,1388.9229135709545,0.9995987628385867,0.0004647416704881991
1388.9298581071562,1388.9298581071562,0.999834553450938,0.00046485095443058366
1388.936802643369,1388.936802643369,1.00040891725808,0.00046496762480504917
1388.943747179534,1388.943747179534,0.9998698537761287,0.0004649001563454593
1388.9506917157003,1388.9506917157003,0.9998687311765412,0.0004649469617543353
1388.9576362518665,1388.9576362518665,0.9999263946131409,0.00046490790894984576
1388.964580788033,1388.964580788033,0.9996860824206187,0.00046483860553473853
1388.9715253241636,1388.9715253241636,0.9997745856219928,0.00046480400348743205
1388.9784698602944,1388.9784698602944,1.0006193458651054,0.00046495295716477856
1388.9854143964026,1388.9854143964026,1.000147875813245,0.00046484189126329046
1388.9923589325108,1388.9923589325108,0.999966371583818,0.0004648624633084796
1388.9993034686067,1388.9993034686067,0.999459325945633,0.000464750007518584
1389.0062480046795,1389.0062480046795,1.0003098376125195,0.00046484021308401306
1389.0131925407525,1389.0131925407525,1.0004301450385817,0.00046490568305442655
1389.0201370768023,1389.0201370768023,0.999928435411934,0.00046483394252122524
1389.0270816128523,1389.0270816128523,0.9997308204063172,0.00046480656857365713
1389.034026148889,1389.034026148889,1.0002087302209262,0.0004647491195185322
1389.0409706849157,1389.0409706849157,1.0001090487683841,0.00046492163321693226
1389.047915220919,1389.047915220919,0.9997474114112859,0.000464806964935083
1389.0548597569107,1389.0548597569107,0.9995440557864983,0.0004648057960949874
1389.061804292902,1389.061804292902,1.0003851559328514,0.0004649339808741021
1389.0687488288695,1389.0687488288695,1.0001551958612624,0.0004649007201742404
1389.075693364838,1389.075693364838,0.9999222118354734,0.000464896707519127
1389.082637900795,1389.082637900795,0.9998715074080533,0.0004648823216440013
1389.0895824367283,1389.0895824367283,1.0000560450146958,0.0004649250441061561
1389.0965269726607,1389.0965269726607,0.9998227717719029,0.0004648365073466919
1389.1034715085589,1389.1034715085589,0.9998460810704921,0.00046486411093275723
1389.1104160444925,1389.1104160444925,0.9998531509647025,0.0004648634695921825
1389.1173605803683,1389.1173605803683,1.000361121028258,0.00046492376495340114
1389.1243051162423,1389.1243051162423,1.0002136053023034,0.0004648142385349676
1389.1326385592924,1389.1326385592924,0.9998096767018527,0.00046484706091296234
1389.1423609094595,1389.1423609094595,1.000026935528368,0.00046484568555248926
1389.1493054453117,1389.1493054453117,1.0002790524047325,0.00046488985660320055
1389.1565277625741,1389.1565277625741,0.999327705758238,0.0004646822905590237
1389.1645834241076,1389.1645834241076,1.000390691467813,0.00046488432034207556
1389.1715279599016,1389.1715279599016,1.0001758549145634,0.00046482534217003117
1389.1784724956954,1389.1784724956954,1.0001171029667808,0.00046499223917480204
1389.1854170314534,1389.1854170314534,1.000729600459525,0.00046501932448493973
1389.1923615672233,1389.1923615672233,0.9992681316318631,0.00046477848558147607
1389.199306102982,1389.199306102982,0.999297720673664,0.0004648201255118186
1389.2062506387067,1389.2062506387067,1.0002139867456579,0.0004648806385717124
1389.2131951744418,1389.2131951744418,1.0000421100120789,0.00046491409786102096
1389.2201397101412,1389.2201397101412,1.000176860844856,0.0004649807427564973
1389.227084245842,1389.227084245842,0.9997775171838977,0.00046498761748493345
1389.234028781531,1389.234028781531,1.000190643204052,0.00046504082618704934
1389.2409733172085,1389.2409733172085,1.0005840334566005,0.0004651038139520022
1389.2479178528731,1389.2479178528731,1.0004878423339945,0.0004650763239190495
1389.2548623885152,1389.2548623885152,0.9995476455406351,0.000464932463365867
1389.2618069241578,1389.2618069241578,0.9991619185306746,0.0004648789153700604
1389.268751459777,1389.268751459777,0.9997769622825418,0.00046490646875362057
1389.2756959954077,1389.2756959954077,1.000089631915153,0.00046494572287682863
1389.2826405309904,1389.2826405309904,0.999614420249151,0.00046494495112503486
1389.2895850665748,1389.2895850665748,1.0006797021717515,0.00046503480462658776
1389.2965296021596,1389.2965296021596,1.0005194133483806,0.00046505689921084146
1389.3034741377319,1389.3034741377319,0.9997864973451825,0.00046487818945674213
1389.3104186732687,1389.3104186732687,1.0000661408111062,0.00046495306931136594
1389.3173632088062,1389.3173632088062,1.0001135445440275,0.00046488944802280073
1389.324307744332,1389.324307744332,0.9998437198429204,0.0004647340529225612
1389.3312522798465,1389.3312522798465,0.999378494651069,0.00046477700856296743
1389.3381968153492,1389.3381968153492,0.9999746616583737,0.00046480866990279674
1389.3451413508387,1389.3451413508387,1.000043575700964,0.00046493252804295305
1389.352085886307,1389.352085886307,0.9998681285709072,0.000464955203266427
1389.3590304217746,1389.3590304217746,1.0011521495819402,0.0004651627904888411
1389.3659749572307,1389.3659749572307,0.9999237903274691,0.00046492503157640364
1389.372919492663,1389.372919492663,1.0001714508802502,0.0004649958053328151
1389.379864028072,1389.379864028072,1.0000567371280886,0.0004649831498201943
1389.3868085634936,1389.3868085634936,0.9996132546461374,0.0004648825831566677
1389.3937530989028,1389.3937530989028,0.9993064930419046,0.000464823778765554
1389.4006976342775,1389.4006976342775,0.999569789689413,0.00046486050611376677
1389.4076421696511,1389.4076421696511,1.0007288344129255,0.0004650596479489867
1389.417364519155,1389.417364519155,0.9995559508770941,0.00046500416838595306
1389.4243090544946,1389.4243090544946,1.0002071906527163,0.00046499152239433205
1389.4312535898111,1389.4312535898111,0.9996342098071096,0.0004649035322110532
1389.438198125138,1389.438198125138,1.0007658020265495,0.0004650995165757993
1389.4451426604544,1389.4451426604544,1.000013130577178,0.0004649699902648452
1389.4520871957477,1389.4520871957477,1.0000753735754144,0.00046493688782732934
1389.4590317309944,1389.4590317309944,1.000134647448155,0.0004650076025944119
1389.4659762662754,1389.4659762662754,1.0000582371738982,0.0004649273210830217
1389.4729208015094,1389.4729208015094,0.9997318875298624,0.0004650092665170038
1389.4798653367561,1389.4798653367561,1.0004451944372497,0.00046509344178122654
1389.4868098719912,1389.4868098719912,0.9993325725159504,0.0004648619109629554
1389.4937544071915,1389.4937544071915,0.9994872149898141,0.0004649843306354001
1389.5006989423905,1389.5006989423905,1.000262946065175,0.00046503021370392333
1389.5076434775788,1389.5076434775788,1.0000183555002635,0.0004650116889772839
1389.5145880127554,1389.5145880127554,1.000529084859686,0.0004651044245358166
1389.521532547909,1389.521532547909,0.9996866395255323,0.0004649196708873298
1389.5293104272741,1389.5293104272741,1.0001751468854205,0.0004651037146688371
1389.5368105252032,1389.5368105252032,0.9999484621992438,0.00046498880793547227
1389.543755060322,1389.543755060322,0.9998227884441997,0.0004649064419868486
1389.550699595429,1389.550699595429,0.9999767392855073,0.00046496871279706504
1389.5576441305243,1389.5576441305243,1.0002730744640362,0.000465071618082924
1389.564588665596,1389.564588665596,0.999762634107093,0.00046490439418387936
1389.5715332006553,1389.5715332006553,1.0000806343978028,0.00046505988983846163
1389.578477735704,1389.578477735704,1.000485791010967,0.000465148046532725
1389.5854222707533,1389.5854222707533,0.9998116527037013,0.00046500570639309327
1389.5923668057553,1389.5923668057553,0.9992925334919652,0.0004649713491640865
1389.5993113407562,1389.5993113407562,1.0005417337623377,0.00046509308972351743
1389.6062558757585,1389.6062558757585,1.0003233777771114,0.00046506361171253223
1389.614311536361,1389.614311536361,0.9998799485279244,0.00046505885584227955
1389.621533852705,1389.621533852705,0.9996671182453196,0.000464955160701906
1389.62847838766,1389.62847838766,0.9999330491479761,0.0004651198785998034
1389.6354229226029,1389.6354229226029,1.0000810821193074,0.00046500667961614836
1389.6423674575235,1389.6423674575235,1.000133973244834,0.00046508510504030237
1389.6493119924446,1389.6493119924446,0.9998397960019083,0.00046499938106339125
1389.6562565273416,1389.6562565273416,0.9998926673664105,0.0004649623472162477
1389.6632010622268,1389.6632010622268,0.999840125576922,0.00046502629664913484
1389.6701455970888,1389.6701455970888,1.0004884120784876,0.00046503591675127367
1389.677090131951,1389.677090131951,0.9995678546415595,0.0004649300460032252
1389.6840346667905,1389.6840346667905,1.0003625404989347,0.00046503696189170815
1389.6909792016181,1389.6909792016181,1.0001536269434006,0.000465024640937397
1389.6993126433865,1389.6993126433865,1.000163124627213,0.00046491767426123855
1389.706257178191,1389.706257178191,0.9995927802273584,0.00046483608509066834
1389.7132017129718,1389.7132017129718,1.0007087609373801,0.00046504597783075824
1389.7201462477528,1389.7201462477528,0.999582383408774,0.000464858570267999
1389.7270907825102,1389.7270907825102,0.9992842336587365,0.00046483190680031357
1389.734035317232,1389.734035317232,0.9999700945134495,0.00046498003956332845
1389.7409798520014,1389.7409798520014,1.0000248666795266,0.00046496659436893393
1389.7479243867124,1389.7479243867124,1.0012653668147133,0.00046518237235134926
1389.7548689213886,1389.7548689213886,1.0002908869230107,0.00046502912877516143
1389.7618134560757,1389.7618134560757,0.999751577263911,0.00046497864310465347
1389.7687579907513,1389.7687579907513,1.0001603887660129,0.00046502734929532716
1389.7757025254161,1389.7757025254161,1.0001795309717596,0.00046501085609468816
1389.7826470600576,1389.7826470600576,0.9990914841231489,0.00046483089309071077
1389.789591594687,1389.789591594687,1.0004490618435247,0.00046495300337688356
1389.796536129304,1389.796536129304,0.9993819475045775,0.00046483206396387525
1389.8034806639102,1389.8034806639102,1.0004067553487503,0.0004650214253949429
1389.8104251984814,1389.8104251984814,1.0006233052580844,0.00046510838567238795
1389.8173697330762,1389.8173697330762,0.9998672933411218,0.00046496842626742724
1389.8243142676126,1389.8243142676126,0.9994204176279087,0.00046489119653382734
1389.83153658356,1389.83153658356,1.0000463962992365,0.000464917167982114
1389.8395922435918,1389.8395922435918,1.0007493211453828,0.00046503824102355667
1389.8465367781166,1389.8465367781166,0.999503136428866,0.00046494041772140424
1389.8534813126182,1389.8534813126182,1.0000460241384055,0.0004649602284228074
1389.8604258470962,1389.8604258470962,0.9997277405149612,0.00046480544919405445
1389.8673703815734,1389.8673703815734,0.9994898856678862,0.00046483209368478544
1389.8751482601592,1389.8751482601592,1.0004041516029865,0.00046497753412567277
1389.883481701498,1389.883481701498,1.0000957757107145,0.00046490156831828006
1389.8909817986719,1389.8909817986719,1.0001410530541508,0.0004649886108657071
1389.8979263330793,1389.8979263330793,1.0000886638069284,0.00046492584497060985
1389.9048708674527,1389.9048708674527,1.0002404400740597,0.0004650005823233951
1389.9118154018377,1389.9118154018377,1.0006963877994046,0.00046502179550469866
1389.9209821871907,1389.9209821871907,1.000244465773387,0.00046496320541711034
1389.9284822842826,1389.9284822842826,0.9989691243437122,0.00046484089705571666
1389.9354268186084,1389.9354268186084,1.0002558251910283,0.0004648741648552345
1389.9423713529238,1389.9423713529238,1.0006566767984992,0.00046503914786308505
1389.9501492313464,1389.9501492313464,0.9991131308931285,0.00046482038856007307
1389.957649328357,1389.957649328357,0.9995810148239774,0.00046489361687814337
1389.9654272067323,1389.9654272067323,1.0005700156429844,0.00046499586824238457
1389.9734828664614,1389.9734828664614,1.0000630350116673,0.00046493748214164064
1389.9812607448137,1389.9812607448137,1.0006742276288991,0.0004649391444682625
1389.9882052790126,1389.9882052790126,0.9998732463692768,0.0004647602564440536
1389.9951498132116,1389.9951498132116,0.9999302762065071,0.00046484359862493065
1390.0020943474092,1390.0020943474092,0.9997432488925748,0.00046489082796830853
1390.0090388815731,1390.0090388815731,1.0004316260763197,0.00046495724279344773
1390.016816759821,1390.016816759821,0.9999581541831004,0.0004647740353403304
1390.0243168566803,1390.0243168566803,0.9997882113217926,0.0004648532512997809
1390.0326502976345,1390.0326502976345,0.9999453871914007,0.00046494579891111324
1390.0407059572003,1390.0407059572003,0.9997705305295292,0.00046504466391503066
1390.047928272648,1390.047928272648,1.0001475468720475,0.0004650140162907601
1390.0548728067188,1390.0548728067188,0.9999228020637421,0.000464961836060361
1390.0618173407784,1390.0618173407784,0.9994401703815132,0.00046477481984718026
1390.0687618748132,1390.0687618748132,1.0005185353119839,0.0004649696667923077
1390.075706408837,1390.075706408837,1.0005981309207417,0.0004649376514965076
1390.08265094285,1390.08265094285,0.99906656556627,0.00046479142117186674
1390.0895954768391,1390.0895954768391,1.0000535572860894,0.0004647282411389912
1390.0965400108169,1390.0965400108169,0.9993498143535078,0.0004647154640714201
1390.1034845447937,1390.1034845447937,1.0004615068122664,0.0004648211394042339
1390.1104290787362,1390.1104290787362,1.001136602431874,0.000464955420090928
1390.117373612667,1390.117373612667,1.0003347368836486,0.0004648257991361574
1390.1243181465868,1390.1243181465868,0.9995664593823188,0.00046465893480451424
1390.131262680495,1390.131262680495,0.9994284219581976,0.0004646556394130909
1390.1382072143783,1390.1382072143783,1.000036913352028,0.00046476649721897024
1390.1451517482506,1390.1451517482506,1.0000661014908547,0.00046477797659100163
1390.1520962820887,1390.1520962820887,0.9997300722330522,0.0004646834424476329
1390.1590408159268,1390.1590408159268,0.9997391322964904,0.00046472613489519565
1390.165985349765,1390.165985349765,1.0002154040222404,0.000464831793542783
1390.172929883579,1390.172929883579,1.000483525390022,0.0004648210267842605
1390.1798744173698,1390.1798744173698,1.0001978760413546,0.00046474311609845793
1390.1868189511497,1390.1868189511497,1.0001887510344385,0.0004648753206309534
1390.1937634849062,1390.1937634849062,0.9995122482711579,0.00046470426408177855
1390.2007080186627,1390.2007080186627,0.9994618908376716,0.0004647568680164886
1390.2076525523837,1390.2076525523837,0.9999488710151352,0.0004647670827098873
1390.2145970861045,1390.2145970861045,0.9999606250799851,0.00046481128142055486
1390.2215416198146,1390.2215416198146,1.000587703891102,0.0004650136008433844
1390.228486153478,1390.228486153478,0.9997942697995787,0.00046465926175818064
1390.235430687153,1390.235430687153,0.9999778634214284,0.0004649013343783849
1390.2423752207928,1390.2423752207928,0.9998205726827054,0.00046479856071913637
1390.2673755418173,1390.2673755418173,0.999798619456322,0.0004650272366867196
1390.274320075399,1390.274320075399,1.0009756839428026,0.00046519020154274103
1390.2812646089683,1390.2812646089683,0.999466276548373,0.00046498330322302376
1390.2882091425151,1390.2882091425151,0.9996689590903733,0.0004648776043177482
1390.295153676027,1390.295153676027,1.000435484562148,0.00046502954266563454
1390.3020982095509,1390.3020982095509,0.9996700217425248,0.0004649447548815638
1390.3090427430398,1390.3090427430398,0.9993686075219774,0.0004649039356838938
1390.315987276516,1390.315987276516,1.0002847936364092,0.00046502616930234114
1390.322931809981,1390.322931809981,1.0001747720875955,0.0004649712463989788
1390.3298763434348,1390.3298763434348,1.0000629067678373,0.000464937608752987
1390.3368208768654,1390.3368208768654,1.0001462329105686,0.0004649356218318442
1390.3437654102959,1390.3437654102959,0.9995427358480686,0.0004648505276305781
1390.3507099436908,1390.3507099436908,1.000650315920854,0.00046495298674013717
1390.3576544770626,1390.3576544770626,0.9999948745983989,0.0004648806583116975
1390.3645990104237,1390.3645990104237,1.0000614492750988,0.00046481417594973387
1390.3715435437723,1390.3715435437723,0.9999701480554503,0.00046479171454753083
1390.3784880771218,1390.3784880771218,0.9998137901017614,0.00046474936351743255
1390.3854326104242,1390.3854326104242,0.9998056715760031,0.0004647795032546689
1390.392377143737,1390.392377143737,0.999378363700085,0.0004646902381303656
1390.3993216770045,1390.3993216770045,0.999967495903765,0.0004646992206524726
1390.406266210307,1390.406266210307,1.0001570709897138,0.0004647114429005454
1390.4132107435396,1390.4132107435396,1.0004465748033398,0.00046481553568150603
1390.4201552767609,1390.4201552767609,1.0003538709941144,0.00046472976474508604
1390.4270998099805,1390.4270998099805,0.9999343811725527,0.0004647026879878614
1390.4340443431897,1390.4340443431897,0.9999571401837564,0.0004646794400144495
1390.4409888763762,1390.4409888763762,1.0008252397257322,0.0004647997579145624
1390.4479334095272,1390.4479334095272,0.9996212314501655,0.000464722120878116
1390.45487794269,1390.45487794269,0.9995475281934348,0.0004646621735495988
1390.4618224758171,1390.4618224758171,0.9996626025055525,0.0004646797137115749
1390.468767008921,1390.468767008921,1.000458175274196,0.00046478208289110897
1390.4757115420375,1390.4757115420375,0.9994191889551252,0.00046462621187132256
1390.4826560751185,1390.4826560751185,0.9995128094350948,0.0004646247237163479
1390.4896006081885,1390.4896006081885,1.0006235208750696,0.0004647546358067094
1390.4965451412231,1390.4965451412231,1.0005369823063581,0.0004647457938430922
1390.5034896742566,1390.5034896742566,0.9993229354355512,0.0004645628720102121
1390.5104342072798,1390.5104342072798,1.000210209471701,0.0004646913425247895
1390.5173787402678,1390.5173787402678,1.000373563831146,0.00046456982782385625
1390.5243232732678,1390.5243232732678,0.9997789950984772,0.00046458647649940895
1390.5315455875511,1390.5315455875511,1.0001863969570604,0.0004646174780308488
1390.5396012457309,1390.5396012457309,0.999950604566801,0.00046450443857189497
1390.546545778673,1390.546545778673,0.9995027474558885,0.0004643914686311017
1390.5534903115795,1390.5534903115795,1.0005682711238406,0.0004646430104186938
1390.5604348444745,1390.5604348444745,0.9994710913098384,0.000464411065177545
1390.5673793773349,1390.5673793773349,1.0005339797526571,0.0004645157152563554
1390.5743239101935,1390.5743239101935,1.0000856971083278,0.00046440193947156047
1390.581268443042,1390.581268443042,0.9999042313709431,0.0004643660451805442
1390.5882129758559,1390.5882129758559,1.000035558972988,0.0004644130337415525
1390.5951575086576,1390.5951575086576,0.999677243763804,0.0004642862032408976
1390.6021020414478,1390.6021020414478,1.0000600899956442,0.0004642328924515116
1390.609046574214,1390.609046574214,0.9995985529998526,0.0004641294962906046
1390.6159911069687,1390.6159911069687,0.9999606749155425,0.0004642351239995124
1390.622935639701,1390.622935639701,0.9999832660439802,0.0004641431706939883
1390.6298801724097,1390.6298801724097,1.0001761886075369,0.00046408789881747365
1390.6368247051068,1390.6368247051068,1.0001109179414012,0.00046406695854084724
1390.6437692378163,1390.6437692378163,1.0002324984177298,0.0004639763528623829
1390.6507137704302,1390.6507137704302,1.0000550470450515,0.00046391881108463095
1390.6576583031042,1390.6576583031042,0.9997266601155557,0.000463886227699713
1390.6654361796293,1390.6654361796293,1.0007885412397983,0.0004640238078815242
1390.672936274847,1390.672936274847,0.9993296460483851,0.0004637711100912688
1390.6798808074277,1390.6798808074277,0.9996823455419681,0.00046383084678485495
1390.6868253400075,1390.6868253400075,1.0004517846985679,0.0004640094715154631
1390.6937698725528,1390.6937698725528,1.0000598835423062,0.00046388931487381495
1390.7007144050872,1390.7007144050872,1.0002376303286897,0.0004640066882601635
1390.7076589376097,1390.7076589376097,1.0005366960881044,0.0004640561289815045
1390.714603470097,1390.714603470097,0.9995004811589496,0.0004638934991923303
1390.721548002573,1390.721548002573,0.9990111840464255,0.00046376609920378376
1390.7284925350477,1390.7284925350477,0.9998752270129995,0.00046393040875921586
1390.7354370674773,1390.7354370674773,1.0001114140049445,0.00046399122307111667
1390.742381599918,1390.742381599918,1.0002365172077634,0.0004639510935417073
1390.7493261323011,1390.7493261323011,1.000456847125197,0.00046393487203319754
1390.7562706646843,1390.7562706646843,1.0003391166948643,0.000463959352965376
1390.763215197066,1390.763215197066,0.9996877460961523,0.00046392767289453604
1390.7701597294251,1390.7701597294251,1.0003403768522254,0.0004639325137428364
1390.77710426175,1390.77710426175,0.9994924488317803,0.00046384251187091003
1390.7840487940744,1390.7840487940744,1.00024523466326,0.00046386855463135336
1390.790993326364,1390.790993326364,0.9997135023988012,0.0004638817601593033
1390.797937858642,1390.797937858642,1.000461325948319,0.00046395503777435786
1390.804882390907,1390.804882390907,0.9997982445440741,0.0004639024293611294
1390.8118269231504,1390.8118269231504,0.9998334636220237,0.0004638122512073511
1390.8187714553585,1390.8187714553585,0.9998097208449259,0.00046386265938610756
1390.825715987555,1390.825715987555,1.0001146374184706,0.00046385991822149917
1390.832660519752,1390.832660519752,0.9994763157153873,0.0004637651602549
1390.8396050519127,1390.8396050519127,1.0009089238563396,0.0004639921536081917
1390.8465495840621,1390.8465495840621,1.000360617265728,0.00046391778087265603
1390.8534941161774,1390.8534941161774,0.9992684024680425,0.0004637277856190552
1390.8604386482923,1390.8604386482923,1.0000669151740014,0.00046379334342694573
1390.8673831803726,1390.8673831803726,1.0001716231604658,0.00046381221616686324
1390.8743277124527,1390.8743277124527,0.9995267215481105,0.00046371976112673995
1390.8812722445082,1390.8812722445082,0.9995028845785807,0.00046374161728898993
1390.8882167765419,1390.8882167765419,1.000727924666346,0.0004639301704755006
1390.8951613085521,1390.8951613085521,1.0002655129096625,0.0004638590752901292
1390.902105840551,1390.902105840551,0.9999268820476817,0.0004637886592587201
1390.909050372526,1390.909050372526,0.9997475277077654,0.000463762878553011
1390.9159949044893,1390.9159949044893,1.0000520352548812,0.0004637866225376703
1390.922939436429,1390.922939436429,0.9999704254130866,0.00046388799513782264
1390.9298839683463,1390.9298839683463,0.999729633098009,0.00046376973770742493
1390.9368285002515,1390.9368285002515,1.0002996978461498,0.00046383767007793084
1390.9437730321224,1390.9437730321224,1.000319838450848,0.0004638381290012093
1390.9507175639815,1390.9507175639815,1.000216529265986,0.0004639409665584893
1390.9576620958164,1390.9576620958164,0.9994817832376857,0.00046374685882309306
1390.9646066276632,1390.9646066276632,0.9994068863462982,0.0004637580028205631
1390.9715511594636,1390.9715511594636,1.0003955843302899,0.0004639159574658568
1390.9784956912297,1390.9784956912297,0.9991912086563397,0.0004636037400403718
1390.9854402229953,1390.9854402229953,1.0008497858631267,0.00046381248259885766
1390.992384754738,1390.992384754738,1.0005465225928465,0.0004637857429625974
1390.999329286468,1390.999329286468,1.0001842100743512,0.0004638356218387383
1391.0062738181637,1391.0062738181637,0.9993502982975813,0.0004635919681255144
1391.013218349848,1391.013218349848,0.999974774070252,0.0004637670182921808
1391.020162881532,1391.020162881532,0.9999366016107144,0.00046371207127364434
1391.0271074131585,1391.0271074131585,0.9997927204590107,0.0004636881666620996
1391.0340519447964,1391.0340519447964,1.0003976193213933,0.0004637454210181371
1391.0409964763978,1391.0409964763978,0.999780673768894,0.0004636223814988501
1391.0479410079774,1391.0479410079774,0.9997378138249801,0.00046363452815652024
1391.0548855395457,1391.0548855395457,1.0002279428563399,0.0004637908241281015
1391.06183007109,1391.06183007109,1.00038046381253,0.0004637983165262687
1391.0687746026347,1391.0687746026347,1.0004443314538258,0.0004638412920340983
1391.0757191341443,1391.0757191341443,0.9997306296264098,0.00046364537229343615
1391.0826636655943,1391.0826636655943,0.9998809617430038,0.00046371225889959135
1391.089608197081,1391.089608197081,1.0001837268390408,0.00046385495444477493
1391.096552728521,1391.096552728521,0.9999650391402379,0.00046376424456600143
1391.1034972599489,1391.1034972599489,0.9994084960728943,0.0004636629347367298
1391.110441791354,1391.110441791354,0.9993345670288957,0.00046371162649131895
1391.1173863227468,1391.1173863227468,0.9997750159372277,0.0004638369504681038
1391.124608635365,1391.124608635365,1.0014040043956771,0.00046407781619842495
1391.1326642917184,1391.1326642917184,1.0002681905162896,0.0004638584070327821
1391.13960882303,1391.13960882303,0.999720904921537,0.00046369340178923724
1391.146553354342,1391.146553354342,0.9997182449758821,0.0004637323162267089
1391.1534978856073,1391.1534978856073,0.9999972209581932,0.00046381463081845954
1391.1604424168713,1391.1604424168713,1.0000099411188939,0.00046380824430147804
1391.1673869480899,1391.1673869480899,1.0001365192751162,0.0004638972646405326
1391.1743314793084,1391.1743314793084,1.0008737617401815,0.00046387333795073284
1391.1812760105272,1391.1812760105272,0.9994878173400904,0.0004637056540872494
1391.1882205416994,1391.1882205416994,0.9999006037280067,0.00046381261170287495
1391.1951650728597,1391.1951650728597,0.9997845221349723,0.0004637199827715293
1391.2021096039844,1391.2021096039844,1.0000489132128516,0.00046385177621718074
1391.2090541350979,1391.2090541350979,1.0000643365887003,0.00046370770537577726
1391.2159986662004,1391.2159986662004,1.0008461088077005,0.0004638771214692856
1391.2229431972676,1391.2229431972676,0.9999053916424827,0.0004637438764704244
1391.2298877283115,1391.2298877283115,0.999797338381093,0.0004635615469866839
1391.2368322593443,1391.2368322593443,0.9998476414669316,0.00046360597403937766
1391.2437767903523,1391.2437767903523,1.000017580431733,0.00046367116652984024
1391.2515546650607,1391.2515546650607,0.9996717575917504,0.0004635600046451727
1391.259054758486,1391.259054758486,0.9997390550644459,0.0004636202342907008
1391.2659992894135,1391.2659992894135,1.000069103140318,0.00046364146335691695
1391.272943820341,1391.272943820341,1.0007916660811067,0.00046374000362834776
1391.279888351269,1391.279888351269,1.0006472184619324,0.0004637663610342897
1391.288221788299,1391.288221788299,0.9993569549915675,0.00046359567303135555
1391.2951663191568,1391.2951663191568,0.9997698877227938,0.00046362936068213847
1391.30211084998,1391.30211084998,1.000115647614852,0.0004636256088741358
1391.3090553808029,1391.3090553808029,1.0001851676263371,0.0004636347823083033
1391.315999911579,1391.315999911579,0.998864799063977,0.0004634263886263409
1391.3229444423555,1391.3229444423555,0.9997468283352674,0.00046361694998933923
1391.3298889730954,1391.3298889730954,1.0006068124097953,0.0004638218985341492
1391.3368335038135,1391.3368335038135,1.0006634409158777,0.00046376921147843936
1391.34377803452,1391.34377803452,0.9999461472185459,0.0004636742581626861
1391.3507225652031,1391.3507225652031,1.0006593457427204,0.00046378536929152366
1391.3576670958514,1391.3576670958514,0.9994370142201069,0.0004635991846250522
1391.364611626488,1391.364611626488,0.9998688823862226,0.0004635594184574922
1391.3715561571,1391.3715561571,0.9995919040129664,0.00046354841618906253
1391.3785006876901,1391.3785006876901,0.9994846878033149,0.0004635079659742935
1391.385445218257,1391.385445218257,0.999933442892319,0.00046362003053261743
1391.3923897488003,1391.3923897488003,1.0005403299825848,0.0004637379112033389
1391.3993342793324,1391.3993342793324,1.0006075352344557,0.0004636454036661232
1391.4062788098292,1391.4062788098292,1.0003688467273608,0.0004636362398081839
1391.4132233403136,1391.4132233403136,0.9996094227819754,0.0004635601210421214
1391.4201678707752,1391.4201678707752,0.9992766042766925,0.0004634767279459109
1391.4271124012018,1391.4271124012018,1.0001648799055707,0.00046364469643169463
1391.4340569316294,1391.4340569316294,0.9998661901916502,0.00046354990317952683
1391.4410014620214,1391.4410014620214,0.9995226047731111,0.00046355827989886427
1391.4479459923787,1391.4479459923787,1.0009379192144996,0.00046379670486373047
1391.4548905227234,1391.4548905227234,1.000444109709046,0.0004636642896436997
1391.4618350530682,1391.4618350530682,1.0006363227107684,0.0004637871192972666
1391.4687795833556,1391.4687795833556,1.0000528522730192,0.00046367750384611035
1391.4757241136315,1391.4757241136315,0.999143840143288,0.0004635526427011742
1391.4826686438953,1391.4826686438953,0.9991393234878683,0.00046350876181502736
1391.4896131741366,1391.4896131741366,0.9998567768693458,0.000463663063848147
1391.4965577043417,1391.4965577043417,0.9999693861532629,0.0004636912160921801
1391.503502234535,1391.503502234535,1.0003487278971823,0.00046382199927278946
1391.5104467646947,1391.5104467646947,1.0000708372118863,0.0004636999334167548
1391.5173912948305,1391.5173912948305,1.000546993541669,0.0004637523813059965
1391.524335824955,1391.524335824955,0.9996132565155442,0.0004635313966222628
1391.5312803550678,1391.5312803550678,1.0002807914067933,0.0004637285978026127
1391.538224885122,1391.538224885122,1.0001148879212498,0.00046352794448645946
1391.5462805399839,1391.5462805399839,0.9993963213057105,0.0004634325023376326
1391.5535028512174,1391.5535028512174,1.000020512838627,0.0004635607989980094
1391.5604473812139,1391.5604473812139,0.9997315205269972,0.00046343409788017183
1391.5673919111985,1391.5673919111985,1.000682330615968,0.0004635613034920543
1391.5743364411485,1391.5743364411485,1.0003910872321797,0.0004636221566935086
1391.581280971063,1391.581280971063,0.9990171147680325,0.00046335521806377357
1391.588225500977,1391.588225500977,1.0002005837279082,0.0004635650684178345
1391.5951700308683,1391.5951700308683,1.000133702905781,0.00046354021487384335
1391.6021145607249,1391.6021145607249,1.000082367729381,0.00046341304170129745
1391.6090590905583,1391.6090590905583,1.000430165062113,0.00046351213406337354
1391.61600362038,1391.61600362038,0.9998667848522848,0.00046344031173758125
1391.6229481501553,1391.6229481501553,0.9998338008968636,0.0004634417836399299
1391.629892679918,1391.629892679918,0.9996615175493007,0.0004635289609820346
1391.6368372096806,1391.6368372096806,0.9998598092951152,0.00046356155738089066
1391.643781739386,1391.643781739386,1.0003597710703607,0.00046369516649150263
1391.6507262690795,1391.6507262690795,1.0000558964508262,0.0004636118843995464
1391.65767079875,1391.65767079875,1.0005986826337054,0.0004637456991059834
1391.664615328397,1391.664615328397,0.9994464475599241,0.00046346991065021446
1391.6715598580206,1391.6715598580206,0.9996213972959229,0.0004635084382575195
1391.6785043876203,1391.6785043876203,0.9999591498811057,0.0004636855036214549
1391.6854489171858,1391.6854489171858,1.0006291256584254,0.0004637951578313946
1391.6923934467395,1391.6923934467395,0.9998898721496866,0.0004635036808287942
1391.6993379762705,1391.6993379762705,1.0001039793480961,0.0004636208931989759
1391.706282505766,1391.706282505766,0.9998754191097984,0.00046359503725258407
1391.7132270352618,1391.7132270352618,0.9996429223520907,0.0004636076515832905
1391.7201715646872,1391.7201715646872,0.99985016610149,0.00046355129152387257
1391.727116094124,1391.727116094124,0.9997265270069267,0.00046350733077811935
1391.7340606235382,1391.7340606235382,0.9997846849312289,0.00046352521982936213
1391.741005152906,1391.741005152906,1.000696995240384,0.00046368412406093564
1391.7479496822737,1391.7479496822737,1.0004476850416943,0.0004636522898197288
1391.7548942115948,1391.7548942115948,0.9997116410380336,0.00046352886857113266
1391.7618387409043,1391.7618387409043,0.9997461036890364,0.00046344186407556607
1391.7687832701774,1391.7687832701774,1.0008085326150735,0.0004638024051943486
1391.7757277994406,1391.7757277994406,0.9997333476407677,0.0004634522468776118
1391.7826723286566,1391.7826723286566,0.9999245147699523,0.0004634835514841661
1391.7896168578966,1391.7896168578966,0.999794147328841,0.00046349186510476496
1391.7971169493892,1391.7971169493892,0.9999647868730175,0.0004634754992813698
1391.8048948220373,1391.8048948220373,0.9998194008345687,0.0004634907158457436
1391.8123949134942,1391.8123949134942,0.999706266520284,0.0004634785405708623
1391.821561691897,1391.821561691897,1.0001518175271427,0.00046352695395089746
1391.8285062209618,1391.8285062209618,0.9993048972674,0.0004634199853452207
1391.8354507500148,1391.8354507500148,1.0004995443639142,0.0004635329820361467
1391.8423952790101,1391.8423952790101,1.0006030928857457,0.0004636118836930837
1391.849617589161,1391.849617589161,1.0004314799226726,0.0004635079645690966
1391.8576732427664,1391.8576732427664,1.0002472999703411,0.00046349537292596335
1391.8646177717026,1391.8646177717026,0.999852026842668,0.00046345430458394793
1391.8715623006049,1391.8715623006049,0.9999950689193016,0.0004634850823394404
1391.878506829495,1391.878506829495,0.999265616040329,0.00046335974400285655
1391.8854513583387,1391.8854513583387,0.9996372796348559,0.0004634366339733977
1391.8923958871712,1391.8923958871712,1.0006397719101483,0.000463593179383045
1391.8993404159687,1391.8993404159687,0.9999679669264726,0.00046348730655564453
1391.9062849447528,1391.9062849447528,0.9994399074517247,0.0004633460943274021
1391.9132294734914,1391.9132294734914,1.00001835232206,0.0004635085340288195
1391.9201740022306,1391.9201740022306,1.0002114550769043,0.00046356775126294477
1391.928507436666,1391.928507436666,1.0004464489259892,0.0004635310391531802
1391.9354519653357,1391.9354519653357,1.000017966455564,0.00046337532167804003
1391.942396493993,1391.942396493993,0.9993923619442123,0.00046331208619545
1391.9493410226037,1391.9493410226037,1.0005400350761522,0.00046360331495158677
1391.9562855512022,1391.9562855512022,0.999465872005894,0.0004632992606261069
1391.9632300797548,1391.9632300797548,1.0002556798661553,0.00046342546479817657
1391.970174608296,1391.970174608296,1.00022240257914,0.0004633977822995165
1391.9771191368022,1391.9771191368022,0.9999294447605008,0.00046343374102604903
1391.9840636652966,1391.9840636652966,1.000476956611793,0.0004635357574642498
1391.9910081937446,1391.9910081937446,0.9998503545685281,0.0004633567848398053
1391.997952722181,1391.997952722181,0.999571773340951,0.0004634373329892872
1392.0048972505813,1392.0048972505813,0.9993655984210887,0.00046331843302955926
1392.0118417789595,1392.0118417789595,1.0004910136120437,0.0004634866872167723
1392.0187863073143,1392.0187863073143,0.9997248159560431,0.0004633709843910697
1392.0257308356227,1392.0257308356227,1.0008971112163214,0.0004635285298029824
1392.032675363931,1392.032675363931,0.9997071100901176,0.0004633607672149856
1392.0396198922042,1392.0396198922042,0.9999448495350489,0.000463417096142792
1392.0465644204537,1392.0465644204537,0.9997454340017822,0.0004633340398295054
1392.0535089486566,1392.0535089486566,1.0000201179410206,0.00046332463391815775
1392.0604534768604,1392.0604534768604,1.0006166147197681,0.0004635353292979681
1392.0673980050171,1392.0673980050171,0.999655668393908,0.00046331300378116725
1392.074342533151,1392.074342533151,0.9998144275418813,0.0004633375696354401
1392.0826759668648,1392.0826759668648,1.0002068824141022,0.0004634000612266062
1392.089620494952,1392.089620494952,1.000196978176825,0.0004634581804705548
1392.0965650229682,1392.0965650229682,0.9990096076793407,0.0004631862563425241
1392.1043428943472,1392.1043428943472,0.999697909654811,0.00046335403788903465
1392.1118429845942,1392.1118429845942,0.999641881803934,0.00046322508368499117
1392.1187875125531,1392.1187875125531,0.9997933663654839,0.0004633552508048304
1392.1257320404889,1392.1257320404889,1.0005876274336312,0.00046342349097907724
1392.1326765683782,1392.1326765683782,1.000347301850448,0.0004634192585547622
1392.139621096256,1392.139621096256,0.9998857490748939,0.00046330407621941576
1392.147676748557,1392.147676748557,1.000823340497922,0.0004634018531630928
1392.1548990574736,1392.1548990574736,0.9994439346075883,0.0004631645382867402
1392.1618435852695,1392.1618435852695,0.9998442091337345,0.00046325029202562657
1392.1687881130074,1392.1687881130074,0.999380780962975,0.0004630436956621109
1392.1757326407337,1392.1757326407337,1.0003709303571662,0.00046336826050836263
1392.1826771684482,1392.1826771684482,0.999602461905108,0.0004632570142829218
1392.1896216961163,1392.1896216961163,1.000449588059693,0.0004633561191847038
1392.1965662237596,1392.1965662237596,1.0006961265729566,0.0004633815005856172
1392.203510751369,1392.203510751369,0.9999049008278018,0.0004633965923216521
1392.2104552789558,1392.2104552789558,0.9997162190711772,0.00046324362112774175
1392.2173998065073,1392.2173998065073,0.9998236880045279,0.00046329236964746874
1392.2243443340358,1392.2243443340358,0.9999830646686828,0.0004633040009111336
1392.2312888615409,1392.2312888615409,1.0002602240841811,0.00046341974105708567
1392.2382333889877,1392.2382333889877,0.9993075868001796,0.00046328980226990267
1392.2460112597144,1392.2460112597144,0.9997828947811949,0.0004632616037937122
1392.2560113791974,1392.2560113791974,1.0007259789865217,0.0004633485030998751
1392.2640670309406,1392.2640670309406,1.0002998308986055,0.00046343162217206283
1392.2774005233832,1392.2774005233832,0.9992075544958976,0.0004632098924422344
1392.286845080474,1392.286845080474,1.000074157479963,0.0004632333134035321
1392.2951785131506,1392.2951785131506,1.0001231966394057,0.0004632523852523158
1392.302123040341,1392.302123040341,0.999879671044193,0.00046321377680796775
1392.3090675675435,1392.3090675675435,0.9999146440071207,0.00046317193430994616
1392.317401000093,1392.317401000093,1.001109375226094,0.00046344397525722905
1392.3249010893621,1392.3249010893621,0.9993708672494812,0.00046302735856328033
1392.3335123029278,1392.3335123029278,1.0001796726126195,0.00046318638460011313
1392.3410123921271,1392.3410123921271,0.9990132423991293,0.0004630221935739261
1392.3479569191306,1392.3479569191306,1.000164445951543,0.0004631930905612322
1392.3549014461116,1392.3549014461116,1.000663384187138,0.00046326971485322803
1392.361845973046,1392.361845973046,1.000157237974571,0.0004632529725266136
1392.3687904999574,1392.3687904999574,0.9996593150593419,0.00046311871808536775
1392.3757350268456,1392.3757350268456,1.0003586632420025,0.0004632223344670602
1392.3826795536984,1392.3826795536984,1.0003419397487052,0.0004632864530548039
1392.3910129858755,1392.3910129858755,1.0003415659718136,0.0004633192279941636
1392.399346418005,1392.399346418005,0.9991820209521229,0.0004630650603424329
1392.406290944753,1392.406290944753,0.9998087881079192,0.00046330854287332133
1392.4132354714784,1392.4132354714784,0.999731435647892,0.0004631989423866995
1392.4201799981572,1392.4201799981572,0.9995872570176807,0.0004631590444705222
1392.4271245248237,1392.4271245248237,1.000663174633585,0.0004632963704766605
1392.434069051444,1392.434069051444,1.000571716755963,0.0004633038831325204
1392.4410135780408,1392.4410135780408,0.9996926487526874,0.00046317355019536024
1392.4479581046028,1392.4479581046028,1.0000419163189846,0.0004631300773221037
1392.4549026311288,1392.4549026311288,1.0007037948260717,0.000463275425162564
1392.4618471576327,1392.4618471576327,0.9993068856395084,0.00046305827225388146
1392.4693472462036,1392.4693472462036,1.0002700246713796,0.0004633339217426509
1392.4771251158247,1392.4771251158247,1.0002441677573826,0.0004632089733173089
1392.484069642212,1392.484069642212,0.9999072471871486,0.000463123143452323
1392.4910141685764,1392.4910141685764,1.0001812567694823,0.0004632665070333225
1392.497958694917,1392.497958694917,1.0000012934028901,0.00046319114550196893
1392.5049032212337,1392.5049032212337,1.0001834105734233,0.00046313449506362847
1392.5118477475048,1392.5118477475048,0.9991129258473247,0.00046304494831465713
1392.518792273729,1392.518792273729,1.000003924007121,0.0004630713907238135
1392.525736799942,1392.525736799942,1.0001820567476734,0.00046317287739583684
1392.53268132612,1392.53268132612,0.9996681385778577,0.00046290902179625204
1392.5396258522628,1392.5396258522628,1.0006598337609094,0.0004632329510325283
1392.5465703783711,1392.5465703783711,0.9999371958439486,0.00046305525571816136
1392.5535149044554,1392.5535149044554,1.0000425753623945,0.0004630130070173373
1392.5604594304928,1392.5604594304928,1.0005236023468531,0.00046322456500491984
1392.5674039565192,1392.5674039565192,0.9992250042779034,0.0004629034098822283
1392.5743484824993,1392.5743484824993,0.999931150307962,0.00046313814560094925
1392.5812930084444,1392.5812930084444,1.0008276478193412,0.0004631888245060317
1392.588237534366,1392.588237534366,1.0001978526652944,0.00046306204808072005
1392.5951820602415,1392.5951820602415,0.9998981057556839,0.0004632050225729289
1392.6021265860813,1392.6021265860813,0.9993081790883569,0.00046296634010594236
1392.6090711119093,1392.6090711119093,0.9999376300994278,0.0004631890703353075
1392.6160156377027,1392.6160156377027,1.0000949255551803,0.00046307975564735857
1392.62296016345,1392.62296016345,0.9998230652667047,0.00046303997350156
1392.629904689174,1392.629904689174,0.9994229204008855,0.00046304735971148457
1392.636849214863,1392.636849214863,1.0002827208125693,0.0004630931907930585
1392.643793740505,1392.643793740505,1.0002678059305015,0.0004631016927859402
1392.6507382661243,1392.6507382661243,1.0001259130951579,0.00046314189880072084
1392.6585161347798,1392.6585161347798,1.0001934700624644,0.0004629346017777948
1392.6660162223593,1392.6660162223593,1.0003433805878785,0.00046306318203284463
1392.6737940909447,1392.6737940909447,1.0000981036691698,0.000463076451892205
1392.681849740476,1392.681849740476,0.9998074104077961,0.00046289235994545323
1392.68962760898,1392.68962760898,0.9996228173090163,0.00046295070009479236
1392.6965721343663,1392.6965721343663,0.999852757776738,0.0004631037607637233
1392.7057389078334,1392.7057389078334,1.0003341935042602,0.0004630100159903424
1392.7132389951698,1392.7132389951698,0.9992964515623026,0.0004628929759374823
1392.7201835204505,1392.7201835204505,0.9997019658637619,0.00046295579931907965
1392.7271280456969,1392.7271280456969,0.9999054091109641,0.00046293696285976517
1392.7340725709084,1392.7340725709084,0.9995169269137346,0.00046280830911286507
1392.7410170960852,1392.7410170960852,1.0004721117802924,0.00046305772490358167
1392.7624062333794,1392.7624062333794,0.9996732042248949,0.0004631339916880995
1392.7729619114366,1392.7729619114366,0.9999396608301545,0.00046317389238953075
1392.7799064364146,1392.7799064364146,1.0002426763696934,0.0004631938808488948
1392.78685096137,1392.78685096137,1.000028756622569,0.0004631669307350106
1392.7937954862678,1392.7937954862678,1.0000346217952147,0.000463145729126941
1392.8007400111533,1392.8007400111533,1.0005043093458728,0.00046317302174954633
1392.8076845359806,1392.8076845359806,0.9997808512931325,0.000463095177230148
1392.8146290607967,1392.8146290607967,0.9996398749575499,0.0004630876347742327
1392.8215735855658,1392.8215735855658,1.0001914302690467,0.00046317556071458053
1392.8285181102885,1392.8285181102885,0.9998597478597308,0.00046305713432183285
1392.8354626349985,1392.8354626349985,1.000128771669166,0.0004631398503038114
1392.8424071596512,1392.8424071596512,1.0001928370400575,0.0004631700088639643
1392.8493516842693,1392.8493516842693,1.000236899350135,0.00046322729613432374
1392.8562962088638,1392.8562962088638,0.9993873597010591,0.0004631102303372794
1392.8632407334003,1392.8632407334003,1.000091854044996,0.000463198284899218
1392.8701852579252,1392.8701852579252,0.999811943486875,0.00046311996274067186
1392.8771297824148,1392.8771297824148,1.0007458328379888,0.0004632935008631489
1392.8840743068583,1392.8840743068583,0.9999105033673714,0.0004631681127791794
1392.891018831254,1392.891018831254,0.9996549223065363,0.0004631071807469969
1392.897963355627,1392.897963355627,1.0000246624329467,0.0004632140634733513
1392.904907879954,1392.904907879954,0.9999683657468079,0.00046318124083994885
1392.9118524042576,1392.9118524042576,0.9999549471035504,0.00046321486205619914
1392.9187969284917,1392.9187969284917,0.9996805678855198,0.00046308790184461363
1392.9257414527256,1392.9257414527256,1.000435841029685,0.00046334145175059926
1392.9326859769242,1392.9326859769242,0.9998542880186841,0.0004631531516292025
1392.9396305010764,1392.9396305010764,1.0003637449489788,0.0004632772068253033
1392.9465750251818,1392.9465750251818,0.9998703847686332,0.00046314328629745705
1392.9535195492513,1392.9535195492513,0.9998299973578828,0.00046318161533001666
1392.9604640732873,1392.9604640732873,0.9997130363255649,0.0004630776621063387
1392.9674085972883,1392.9674085972883,1.0001627853539983,0.0004632367169283556
1392.9743531212541,1392.9743531212541,1.0003872819972344,0.0004632739063884815
1392.9812976451622,1392.9812976451622,0.999636201737092,0.0004630820779961633
1392.9882421690468,1392.9882421690468,0.9998677852627365,0.0004630533290303228
1392.9951866928964,1392.9951866928964,1.0006084977838854,0.0004631800708449426
1393.0021312166878,1393.0021312166878,0.9996280608067083,0.00046310938105825164
1393.0090757404782,1393.0090757404782,1.000027187962255,0.0004631077923054709
1393.0160202641996,1393.0160202641996,1.000329997245773,0.0004632022840301988
1393.0229647879091,1393.0229647879091,1.0000048630927805,0.00046310872409547276
1393.029909311561,1393.029909311561,1.000060055835548,0.0004631322073083293
1393.0368538351663,1393.0368538351663,0.9997154184984629,0.0004630466332615904
1393.0437983587362,1393.0437983587362,0.9993547681989213,0.0004630928664066827
1393.0507428822832,1393.0507428822832,0.9996556592061431,0.00046297133775536974
1393.0576874057836,1393.0576874057836,0.9996447616856894,0.00046302446999875875
1393.0646319292368,1393.0646319292368,1.0008273631800741,0.0004632508110191477
1393.071576452667,1393.071576452667,1.0014342957379285,0.00046321545917293725
1393.078520976027,1393.078520976027,0.9990921362079902,0.0004628977872893599
1393.0854654993877,1393.0854654993877,1.0002186075467037,0.000463060288294608
1393.092410022679,1393.092410022679,0.999699054949249,0.00046299791804804756
1393.0993545459464,1393.0993545459464,1.0003270382812923,0.00046310324473704744
1393.1062990691673,1393.1062990691673,1.0002428007243815,0.0004631122124554396
1393.1132435923532,1393.1132435923532,0.9991326990682738,0.0004629102151552842
1393.1201881154927,1393.1201881154927,1.0001706732785496,0.0004630798350274065
1393.12713263862,1393.12713263862,0.9996074849312866,0.00046303270947467784
1393.1340771616772,1393.1340771616772,1.0003141165680458,0.0004630849037889636
1393.1410216846884,1393.1410216846884,1.0000114446360666,0.00046309073533746766
1393.1479662076767,1393.1479662076767,1.0001615970035604,0.00046307451224166646
1393.154910730618,1393.154910730618,0.9997677205561741,0.00046295530924526294
1393.161855253525,1393.161855253525,0.9998723917923783,0.0004630614589853024
1393.1687997763736,1393.1687997763736,1.0010351856585538,0.0004632307429421088
1393.1757442991868,1393.1757442991868,0.9996741475128621,0.00046308964538150754
1393.1826888219657,1393.1826888219657,1.0003440118595877,0.00046303800364944835
1393.18963334472,1393.18963334472,1.000335555365591,0.00046311206558899925
1393.1965778674164,1393.1965778674164,0.9988469137783108,0.00046289698595475715
1393.203522390067,1393.203522390067,0.9994957532434651,0.00046298643105237975
1393.2104669126825,1393.2104669126825,1.0004687099763343,0.00046317071224512486
1393.2174114352515,1393.2174114352515,1.0001138575374617,0.00046311635978897055
1393.2243559577976,1393.2243559577976,0.9994374928586005,0.00046295251236159383
1393.2313004802966,1393.2313004802966,1.000068862387127,0.00046309891567589107
1393.238245002726,1393.238245002726,1.0001790865809985,0.0004631135348135325
1393.2465784296062,1393.2465784296062,1.0005283241718437,0.0004631238816395528
1393.2535229519763,1393.2535229519763,1.0005205521197245,0.0004632520246185683
1393.2604674742774,1393.2604674742774,0.9994211120152139,0.00046318188694449876
1393.2674119965554,1393.2674119965554,1.0002745446548769,0.00046341463378400384
1393.2743565187866,1393.2743565187866,0.9994091265956866,0.0004633881046800442
1393.2813010409834,1393.2813010409834,0.999626680191651,0.00046357103322352395
1393.28824556311,1393.28824556311,1.0002887773622127,0.00046386939616744336
1393.2951900852133,1393.2951900852133,1.0001675033029607,0.00046411862539623384
1393.3021346072703,1393.3021346072703,1.0000398572693192,0.00046435607004471
1393.3090791292802,1393.3090791292802,1.0000366779852738,0.0004645341241116334
1393.3160236512667,1393.3160236512667,0.9999803049849352,0.0004647665521825488
1393.3229681731714,1393.3229681731714,0.9999943479449579,0.00046504383295366123
1393.329912695077,1393.329912695077,1.0003743428936516,0.00046537145066050215
1393.3368572169124,1393.3368572169124,0.9998150784610095,0.00046553282454593414
1393.343801738725,1393.343801738725,0.9997702040120696,0.00046581067015804027
1393.350746260479,1393.350746260479,1.0001060408781761,0.0004660951514421201
1393.3576907821866,1393.3576907821866,0.9997537331089209,0.0004664585696122503
1393.3646353038478,1393.3646353038478,1.000673095518852,0.00046695460997635654
1393.3715798254623,1393.3715798254623,0.9992888330626624,0.00046700451004956284
1393.3785243470643,1393.3785243470643,1.0004151550861915,0.00046754713294246987
1393.3854688685965,1393.3854688685965,0.9998645872158157,0.0004678971938734949
1393.3924133900828,1393.3924133900828,0.9996980025368518,0.0004683246057812186
1393.399357911534,1393.399357911534,1.0006542971053964,0.0004687812437438197
1393.406302432939,1393.406302432939,0.999590743787152,0.00046898574422489097
1393.4132469542742,1393.4132469542742,0.9995911864258673,0.0004693578612685219
1393.4201914755972,1393.4201914755972,1.000076018489639,0.0004699616552533774
1393.4271359968743,1393.4271359968743,0.9999047665719617,0.0004703514819429035
1393.434080518093,1393.434080518093,1.000863872537727,0.00047104895649688106
1393.4410250392764,1393.4410250392764,0.9996544542517185,0.0004712328653575331
1393.4479695604011,1393.4479695604011,0.9996156390860186,0.0004717770702846556
1393.4549140814913,1393.4549140814913,1.001326143766467,0.0004726593114289675
1393.461858602547,1393.461858602547,0.9995801897625318,0.0004729210009025276
1393.4688031235214,1393.4688031235214,0.9998528862593737,0.0004735115332469079
1393.475747644472,1393.475747644472,0.9997036923627792,0.0004741055255866383
1393.4826921653648,1393.4826921653648,1.000184199631223,0.0004748136129688765
1393.489636686234,1393.489636686234,0.9995028523778202,0.0004753731134889679
1393.4965812070452,1393.4965812070452,0.999880312992287,0.00047616246337646987
1393.50352572781,1393.50352572781,1.000654679889125,0.0004767932928798942
1393.5104702485276,1393.5104702485276,0.9993861742791108,0.0004771669867168265
1393.5174147691982,1393.5174147691982,1.0005435488583432,0.0004781052543587097
1393.524359289811,1393.524359289811,0.9991611059354646,0.00047861274917176554
1393.531303810401,1393.531303810401,0.9995248247846561,0.00047939136710729434
1393.5382483309334,1393.5382483309334,1.00045905715657,0.0004804212988173422
1393.5451928514417,1393.5451928514417,1.000613517682835,0.00048114034217304843
1393.5521373718568,1393.5521373718568,1.0008195211795912,0.0004820375804276508
1393.5590818922492,1393.5590818922492,0.9995268871972302,0.00048254987824835206
1393.566026412583,1393.566026412583,1.0000354556600635,0.0004836152192161932
1393.5729709328818,1393.5729709328818,0.9995190655320002,0.0004843727888750466
1393.579915453134,1393.579915453134,0.9994452544079779,0.00048511168088927783
1393.586859973327,1393.586859973327,0.9998647876259502,0.0004860097160847212
1393.593804493486,1393.593804493486,1.000175412287107,0.00048699047416655967
1393.6007490135755,1393.6007490135755,0.9999054839660524,0.00048780828125737346
1393.6093602184333,1393.6093602184333,1.0009412718747843,0.0004891031548740613
1393.6174158616202,1393.6174158616202,0.9998171181358622,0.000489885793435833
1393.6243603815578,1393.6243603815578,0.9993922803092028,0.0004907171741909552
1393.631304901473,1393.631304901473,1.0000150974446658,0.000491614604778334
1393.6382494212949,1393.6382494212949,1.0006004513692086,0.0004924680438333695
1393.645193941093,1393.645193941093,1.0001238885077917,0.0004931733420162932
1393.6521384608325,1393.6521384608325,0.9991333491882038,0.0004938145068545123
1393.659082980514,1393.659082980514,0.9995038432015445,0.0004947541213259907
1393.6660275001725,1393.6660275001725,0.9998527428110245,0.0004956443033525775
1393.6729720197495,1393.6729720197495,1.000360741411275,0.0004964942073723065
1393.6799165393033,1393.6799165393033,1.0006203709677206,0.0004973494491833668
1393.686861058799,1393.686861058799,1.0006623544275948,0.0004982270184312802
1393.6938055782364,1393.6938055782364,0.9996749426420092,0.0004989269411903809
1393.7007500976274,1393.7007500976274,1.0007797255996314,0.0004999579503898622
1393.7076946169832,1393.7076946169832,0.9992665316745752,0.00050063795404031
1393.7146391362817,1393.7146391362817,0.9995811296696602,0.0005014286876180047
1393.7215836555206,1393.7215836555206,0.9994485061919193,0.000502301194932632
1393.7285281747124,1393.7285281747124,0.99984153658379,0.0005034181056350706
1393.7354726938472,1393.7354726938472,1.000242360882479,0.0005044688324741146
1393.7424172129354,1393.7424172129354,1.0006593902591,0.0005054857575269047
1393.7493617319888,1393.7493617319888,1.000163000173531,0.0005064669217798877
1393.7563062509605,1393.7563062509605,1.0006504882813574,0.0005074414718393862
1393.7632507699088,1393.7632507699088,0.9995410340785922,0.0005083689246677774
1393.7701952887994,1393.7701952887994,1.000261399602471,0.0005095658284694119
1393.7771398076197,1393.7771398076197,1.0005825492334581,0.0005107388942795419
1393.7840843264053,1393.7840843264053,0.9994646863119525,0.0005116981487031624
1393.7913066259039,1393.7913066259039,0.9998208772825805,0.0005129186468755957
1393.799362267553,1393.799362267553,0.9993422479341498,0.0005142014501900077
1393.806584566912,1393.806584566912,1.0004642912152861,0.0005156065666404567
1393.8146402084458,1393.8146402084458,1.0005096376857474,0.0005169679405774712
1393.8215847269403,1393.8215847269403,1.0001368923440717,0.0005180193371001275
1393.8285292454116,1393.8285292454116,0.9995629659951252,0.0005190879969195118
1393.8354737637897,1393.8354737637897,0.9997442258816298,0.0005200716766770167
1393.8424182821327,1393.8424182821327,0.9997186350932761,0.0005210815303619183
1393.8493628004294,1393.8493628004294,1.0001314735100633,0.0005220965034423515
1393.856307318656,1393.856307318656,1.0001152131450497,0.0005227937302956598
1393.863251836836,1393.863251836836,0.9995039053793487,0.0005233660386946047
1393.870196354958,1393.870196354958,1.0009523985335718,0.0005242453070941739
1393.8771408730554,1393.8771408730554,1.0006521712820586,0.0005248705321869317
1393.8840853910726,1393.8840853910726,1.0002150596031032,0.0005252637189140513
1393.8910299090435,1393.8910299090435,0.999834763364704,0.0005254202141533042
1393.897974426956,1393.897974426956,1.0003120740755527,0.000526023412341283
1393.90491894481,1393.90491894481,0.9996451714563166,0.0005262437670002322
1393.9118634626293,1393.9118634626293,1.0001199771399443,0.0005265229008145464
1393.9188079803787,1393.9188079803787,0.9994383689920303,0.0005266789912455245
1393.9257524980817,1393.9257524980817,0.9996663939991576,0.0005266669044864282
1393.9326970157147,1393.9326970157147,0.9997046144971142,0.0005265791815380482
1393.9396415333244,1393.9396415333244,0.9998721448640129,0.0005264800911332129
1393.9474193929452,1393.9474193929452,1.0004854043517313,0.0005262585314930199
1393.9549194718177,1393.9549194718177,0.9996364671073767,0.0005257338067817494
1393.9618639892294,1393.9618639892294,1.0001727047134827,0.0005252659190137407
1393.9688085065713,1393.9688085065713,0.9995329480581073,0.0005245352579506644
1393.97575302389,1393.97575302389,1.0006980843246447,0.000524015937037004
1393.9826975411393,1393.9826975411393,0.9997439205874136,0.0005230041401609851
1393.9896420583182,1393.9896420583182,1.0011498129937235,0.0005223906944760655
1393.9965865754505,1393.9965865754505,1.0000534425652194,0.0005211952851381029
1394.003531092525,1394.003531092525,0.999655745100829,0.0005200857447889017
1394.0118645129442,1394.0118645129442,0.9998016794815499,0.000518535971528183
1394.0188090299018,1394.0188090299018,1.0003034069995065,0.0005173440597100081
1394.025753546801,1394.025753546801,1.0001117515067453,0.0005159224315755752
1394.0326980636532,1394.0326980636532,0.999652219911991,0.0005145160270979683
1394.0396425804247,1394.0396425804247,0.9993639354761032,0.0005130358933454111
1394.0465870971498,1394.0465870971498,1.000642566796747,0.0005118144581424944
1394.0535316138164,1394.0535316138164,0.9997476789252449,0.0005102564170435329
1394.0604761304483,1394.0604761304483,1.0005596193160522,0.000508981715448737
1394.067420646987,1394.067420646987,0.9998051258692691,0.0005077016143535826
1394.0743651634907,1394.0743651634907,1.0001562638493293,0.0005066706312838403
1394.0813096799366,1394.0813096799366,0.9993700108337047,0.0005054657559445484
1394.088254196324,1394.088254196324,1.0007801247991654,0.0005048082739982828
1394.0951987126414,1394.0951987126414,0.9998572375800079,0.0005038289140834763
1394.102143228901,1394.102143228901,0.9993540859914443,0.0005032045970650414
1394.1090877451122,1394.1090877451122,1.00042089832326,0.0005028167616311047
1394.1160322612552,1394.1160322612552,0.9994851542333377,0.0005022777501787042
1394.1229767773398,1394.1229767773398,0.9999023636845429,0.0005020741257496604
1394.1299212933895,1394.1299212933895,1.0006583067697021,0.000502128702142545
1394.1368658093577,1394.1368658093577,1.0003490593188027,0.0005018105202226544
1394.1438103252792,1394.1438103252792,1.000050410420171,0.000501754453158681
1394.1507548411432,1394.1507548411432,0.999958951406571,0.0005017274290897268
1394.1576993569483,1394.1576993569483,0.9999624124032858,0.0005017283005175948
1394.1646438726718,1394.1646438726718,0.9992920385245556,0.0005016772927665771
1394.1715883883494,1394.1715883883494,0.9995578856628289,0.0005017115194349134
1394.1785329039685,1394.1785329039685,1.0006729671154722,0.0005019012993286407
1394.185477419541,1394.185477419541,0.9993765343962444,0.000501882517919275
1394.1924219350424,1394.1924219350424,1.0006467395543552,0.0005022398766883656
1394.1993664504632,1394.1993664504632,1.0007548765614154,0.0005023284361253067
1394.2063109658611,1394.2063109658611,0.9997532347552498,0.0005023014381527376
1394.2132554811776,1394.2132554811776,1.0004263274978302,0.0005025658927530297
1394.2201999964122,1394.2201999964122,1.0015307180273196,0.0005028760758670431
1394.2271445116241,1394.2271445116241,0.9993194710348019,0.0005027362575772619
1394.2340890267774,1394.2340890267774,0.9997888362379435,0.0005030047486231876
1394.2410335418492,1394.2410335418492,0.9997913915365538,0.0005032826619942707
1394.2479780568747,1394.2479780568747,0.9994780057423158,0.0005033584344569223
1394.25492257183,1394.25492257183,1.0002305222205812,0.000503588735638999
1394.261867086716,1394.261867086716,0.9999060952727102,0.00050379540453661
1394.268811601555,1394.268811601555,1.0005876314154423,0.000504103579923929
1394.2757561163228,1394.2757561163228,1.0008664926539943,0.0005042809834802059
1394.282700631034,1394.282700631034,0.9994069539927919,0.0005041331994661605
1394.289645145675,1394.289645145675,1.0003992943891344,0.0005044601897582096
1394.2965896602811,1394.2965896602811,0.9995485415436223,0.0005043771857445985
1394.303534174806,1394.303534174806,0.9997700181453004,0.0005045721982730822
1394.3104786892723,1394.3104786892723,1.0001522058249885,0.0005047189188453793
1394.317423203669,1394.317423203669,0.9994468330636337,0.0005048145543845807
1394.3243677180076,1394.3243677180076,0.9999968430940914,0.0005048612317511214
1394.3313122322877,1394.3313122322877,1.0003177818153328,0.0005050677410919951
1394.3382567465217,1394.3382567465217,1.0003824451013,0.0005050837396986593
1394.3452012606622,1394.3452012606622,1.0003722647168678,0.00050512215188884
1394.3521457747793,1394.3521457747793,0.9996108511511348,0.0005051678466811921
1394.3590902887915,1394.3590902887915,1.0002152854304311,0.0005053177021172169
1394.3660348027565,1394.3660348027565,0.9998867176283162,0.0005053938511673745
1394.3729793166644,1394.3729793166644,0.9995518688665823,0.0005053751818584759
1394.3799238305023,1394.3799238305023,1.0002434972995426,0.0005056741543457502
1394.3868683442586,1394.3868683442586,1.0002655366995064,0.0005057903152332668
1394.3938128580035,1394.3938128580035,0.9998270156898631,0.0005057979880026437
1394.400757371655,1394.400757371655,1.0008036227435504,0.0005058698384316281
1394.4077018852367,1394.4077018852367,0.9986493315275918,0.0005057352742884835
1394.4146463987604,1394.4146463987604,1.0003041470275493,0.0005059565064442441
1394.4215909122254,1394.4215909122254,0.9999988980656047,0.0005060948844983605
1394.4285354256328,1394.4285354256328,1.0003365580880679,0.0005063620745914795
1394.43547993897,1394.43547993897,0.9994836671976014,0.0005062999890755718
1394.4424244522374,1394.4424244522374,0.9998090312668768,0.000506539600476461
1394.4493689654466,1394.4493689654466,1.0005721793837072,0.0005068760030691366
1394.4563134785963,1394.4563134785963,0.9996832221177974,0.0005069552712950541
1394.4632579916658,1394.4632579916658,1.0004445566465883,0.0005072508707252031
1394.470202504689,1394.470202504689,1.0001613383239245,0.0005075410530555781
1394.477147017642,1394.477147017642,0.9994572395486812,0.0005076000232561254
1394.484091530537,1394.484091530537,0.9996140607436758,0.0005079752276246464
1394.491036043362,1394.491036043362,1.0008645152074813,0.0005083672874154185
1394.4979805561056,1394.4979805561056,1.001715609035628,0.0005088568310082488
1394.5049250688144,1394.5049250688144,0.9989905040703452,0.0005086696586782627
1394.511869581453,1394.511869581453,0.9997043732176293,0.0005091200894004762
1394.5188140940104,1394.5188140940104,1.000244844199468,0.0005094573028855515
1394.5257586065095,1394.5257586065095,0.9994321094894201,0.0005097771596546929
1394.5327031189504,1394.5327031189504,1.0001476128982818,0.0005101570091873748
1394.5396476313333,1394.5396476313333,0.9995178183001713,0.0005103712300238833
1394.5465921436453,1394.5465921436453,0.9998491897364395,0.000510588148175207
1394.553536655876,1394.553536655876,1.000751699397291,0.0005111349230359177
1394.5604811680728,1394.5604811680728,1.000377474104115,0.0005114623889273166
1394.5674256801758,1394.5674256801758,1.0000574453561424,0.0005116796218413159
1394.5743701922208,1394.5743701922208,1.000091013108701,0.0005119916426230247
1394.5824258261296,1394.5824258261296,1.0001554167753184,0.0005124223341899356
1394.589648118515,1394.589648118515,1.00015869042998,0.0005127828439877761
1394.5965926303622,1394.5965926303622,0.9998861755254985,0.0005130179321858011
1394.6035371421399,1394.6035371421399,0.9997276944500412,0.0005134905499404292
1394.6104816538586,1394.6104816538586,0.9992702696491611,0.0005136978768697155
1394.6174261654967,1394.6174261654967,0.999574440412274,0.0005140985124438269
1394.6243706770993,1394.6243706770993,0.9999916466358536,0.0005144424893294851
1394.632148529992,1394.632148529992,1.001754037155094,0.0005151794209137163
1394.6396486023568,1394.6396486023568,0.9999185087614173,0.0005152537534922799
1394.646593113726,1394.646593113726,0.9995420234003987,0.0005157015731339866
1394.6535376250492,1394.6535376250492,1.0002878714438979,0.0005160238045975594
1394.6604821362912,1394.6604821362912,1.000331447897052,0.0005163445480238572
1394.6682599888113,1394.6682599888113,0.9991908895456987,0.0005165703586599665
1394.6757600608041,1394.6757600608041,1.0005295560195464,0.0005171765187822004
1394.682704571848,1394.682704571848,1.000213276408788,0.0005174033954789641
1394.6899268632676,1394.6899268632676,1.0001222657277906,0.0005177484809601765
1394.6993713980999,1394.6993713980999,1.0001283574035384,0.000518061400205219
1394.7063159089223,1394.7063159089223,1.0002602659153403,0.0005185206131857932
1394.7154826631115,1394.7154826631115,0.9987834475187889,0.0005186552214459844
1394.7229827346384,1394.7229827346384,1.0002722415691339,0.0005192123962672528
1394.7299272452403,1394.7299272452403,0.9990623690420639,0.0005193897519174055
1394.7374273166165,1394.7374273166165,1.0006625746660096,0.0005200100342473408
1394.7454829487774,1394.7454829487774,1.0003104764477628,0.0005202758266974981
1394.7535385808114,1394.7535385808114,1.0007131519419463,0.000520761450653859
1394.761594212799,1394.761594212799,0.9999963008951834,0.000521167458962738
1394.7690942838724,1394.7690942838724,0.9996493610145955,0.0005216717658414612
1394.7771499156738,1394.7771499156738,1.0000310930432366,0.00052206080017255
1394.7840944257864,1394.7840944257864,0.999866717889079,0.0005226962146608986
1394.791038935829,1394.791038935829,0.9994380926490798,0.0005228960715229447
1394.7979834458256,1394.7979834458256,1.000358977763352,0.0005235593707532197
1394.8049279557283,1394.8049279557283,1.0004069750506555,0.0005242142130976254
1394.8118724655847,1394.8118724655847,0.9998133179728332,0.0005247134958992044
1394.8196503165568,1394.8196503165568,1.0004265860389447,0.00052536069503111
1394.8271503870715,1394.8271503870715,0.999492175355688,0.0005260226485095624
1394.83492823788,1394.83492823788,0.9999643245474867,0.000526736807476433
1394.8424283082318,1394.8424283082318,0.9991882947206185,0.0005273075062829719
1394.849372817738,1394.849372817738,1.00015247869453,0.0005281527760601462
1394.85631732721,1394.85631732721,1.0005146334152957,0.000529098499027856
1394.864650738479,1394.864650738479,0.9991990510250973,0.0005296724933297511
1394.8715952478115,1394.8715952478115,1.0003033858199266,0.0005304602132186698
1394.8785397570741,1394.8785397570741,1.0013585040968285,0.0005313445550992268
1394.8854842662906,1394.8854842662906,0.999765222608958,0.0005318245890635146
1394.8924287754485,1394.8924287754485,1.0001799904144888,0.0005325068128544162
1394.8993732845252,1394.8993732845252,1.000183401667834,0.0005330671087470894
1394.9063177935545,1394.9063177935545,0.9991057531127334,0.0005335376006311642
1394.913262302515,1394.913262302515,0.9997570322304321,0.0005338817745621796
1394.9202068114287,1394.9202068114287,1.000120977241908,0.0005345975953377336
1394.9271513202607,1394.9271513202607,1.0010535233393076,0.0005350348646358454
1394.934651389774,1394.934651389774,0.9993385754565063,0.0005353328259354486
1394.9440959216377,1394.9440959216377,0.9995906199257336,0.0005357504083132267
1394.9521515516576,1394.9521515516576,0.9998993692514648,0.0005361823834745638
1394.9590960602561,1394.9590960602561,1.0003552134223976,0.0005365343791414875
1394.967151690136,1394.967151690136,1.00018619700012,0.0005368065247138047
1394.9743739789478,1394.9743739789478,0.9994464365808351,0.0005370076413053735
1394.9813184873492,1394.9813184873492,0.999487740962007,0.0005372290376087415
1394.9885407760332,1394.9885407760332,1.0006442165479132,0.0005378126454355464
1394.9965964056696,1394.9965964056696,1.00012269648701,0.0005379160561655786
1395.003540913896,1395.003540913896,1.0000032083354777,0.0005380218615168086
1395.0104854220758,1395.0104854220758,1.0004878230545795,0.0005381416245269449
1395.0174299301864,1395.0174299301864,1.0002302501075024,0.0005383673253387149
1395.0243744382617,1395.0243744382617,1.0003864374948834,0.0005385980578917042
1395.0313189462788,1395.0313189462788,0.999821761310311,0.0005388127816250233
1395.0382634542725,1395.0382634542725,0.9995115435002075,0.0005389329420257112
1395.0452079621732,1395.0452079621732,1.0001412416940096,0.0005391579786263676
1395.052152470039,1395.052152470039,0.9985836026894258,0.0005395618968641509
1395.059096977858,1395.059096977858,1.0006927364938707,0.0005400291044016052
1395.0660414856309,1395.0660414856309,1.0002993422407498,0.000540397892279987
1395.0729859933454,1395.0729859933454,1.000833947704205,0.0005406329874179507
1395.0799305010119,1395.0799305010119,0.999927956722404,0.0005407649557691124
1395.0868750086333,1395.0868750086333,0.9993253721869226,0.0005410554552895348
1395.0965973192194,1395.0965973192194,0.9996789537026622,0.0005414634122818796
1395.1035418267243,1395.1035418267243,0.999257855868391,0.0005417512346537177
1395.1104863342057,1395.1104863342057,0.9992503142275682,0.0005418540346922187
1395.1174308416291,1395.1174308416291,1.0005710630791524,0.0005422883795104591
1395.124375349006,1395.124375349006,1.000219662141339,0.0005425515872026145
1395.1313198563362,1395.1313198563362,1.0006324920812373,0.0005427902825999924
1395.1382643636316,1395.1382643636316,1.0005958093649223,0.000542813468150156
1395.1452088708804,1395.1452088708804,1.0006910508614542,0.0005432392840609025
1395.1521533780826,1395.1521533780826,0.9994909026889554,0.000543147058405106
1395.15909788525,1395.15909788525,0.9991291815792358,0.0005435408068277111
1395.1660423923822,1395.1660423923822,0.9995346818449491,0.0005438148978163181
1395.1729868994912,1395.1729868994912,1.0002612286747063,0.0005442514572609077
1395.1799314065424,1395.1799314065424,1.0002326838380546,0.0005445935671627142
1395.1868759135464,1395.1868759135464,0.9995677027138739,0.0005447378274881337
1395.1938204205394,1395.1938204205394,1.000046744449223,0.0005452331758339002
1395.2007649274958,1395.2007649274958,1.000010011708022,0.0005452219167496975
1395.2077094344068,1395.2077094344068,1.0006772653317995,0.0005456941610363027
1395.2157650623783,1395.2157650623783,1.0000843690750558,0.0005460215872858847
1395.222987349502,1395.222987349502,0.9990462672003698,0.0005461627732410528
1395.2299318563082,1395.2299318563082,1.0004763897038202,0.0005464634483526678
1395.2368763631262,1395.2368763631262,1.000137698952703,0.0005467083166863652
1395.2474320133492,1395.2474320133492,0.9998413553994826,0.0005470080867080427
1395.2688210939725,1395.2688210939725,0.9992880865964832,0.0005475891984000118
1395.2757656006277,1395.2757656006277,1.0005681919434792,0.0005478969521398238
1395.2827101072478,1395.2827101072478,0.9994898160317479,0.0005479435566477728
1395.2896546138445,1395.2896546138445,1.001047911635048,0.0005482399109081348
1395.2965991204298,1395.2965991204298,0.9996082538997729,0.0005480470650905835
1395.3035436269915,1395.3035436269915,0.9999116225800426,0.0005482263720733074
1395.3104881335419,1395.3104881335419,1.000898006621687,0.0005484288378974128
1395.3174326400808,1395.3174326400808,1.0006380257854106,0.0005482321728687923
1395.3243771465843,1395.3243771465843,1.0000898496659398,0.0005480281464941643
1395.3313216531228,1395.3313216531228,0.9999600767993329,0.0005478453981947048
1395.339377280639,1395.339377280639,0.9998195779699858,0.0005474339128155403
1395.3465995673787,1395.3465995673787,0.9997447516470794,0.0005470152594221494
1395.3535440738592,1395.3535440738592,1.0004709777972718,0.0005466516206638134
1395.3604885803395,1395.3604885803395,0.9993487230463824,0.0005460373954326903
1395.36743308682,1395.36743308682,1.0005303426150338,0.0005456441348276754
1395.374377593254,1395.374377593254,1.0001137923980636,0.0005451516384706272
1395.3813220997226,1395.3813220997226,1.0007923594792214,0.0005446854168386119
1395.3882666062032,1395.3882666062032,1.0002006768680238,0.0005442563661696022
1395.3952111126837,1395.3952111126837,0.9996142134217294,0.0005437003864885559
1395.4021556191058,1395.4021556191058,1.0000991508363202,0.0005434929491476114
1395.4091001255863,1395.4091001255863,1.000761946060837,0.0005433151048027995
1395.4160446320666,1395.4160446320666,0.9994548299286921,0.0005428536644049222
1395.4229891385703,1395.4229891385703,1.000696540484609,0.0005428318245347942
1395.4299336450858,1395.4299336450858,0.999867851206341,0.0005424627579612237
1395.4368781515896,1395.4368781515896,0.9995743257264238,0.0005422956515409239
1396.6402242729348,1396.6402242729348,1.0001877552084515,0.0004626798803511969
1396.6480021533002,1396.6480021533002,1.0002195623656454,0.00046299745251777367
1396.6549466895476,1396.6549466895476,0.9998268191946245,0.00046292474774855955
1396.6618912259703,1396.6618912259703,1.0004961141969144,0.0004631333501460752
1396.6688357625787,1396.6688357625787,0.9989994881183704,0.0004628872948160832
1396.6757802993975,1396.6757802993975,0.999890659099,0.0004630266111677814
1396.6827248363668,1396.6827248363668,0.9997567924254824,0.0004629728283657756
1396.6896693735227,1396.6896693735227,1.0004010528392029,0.00046302573825892344
1396.6966139108767,1396.6966139108767,1.0007165887999798,0.00046315225224490935
1396.7035584483933,1396.7035584483933,0.9997034371433855,0.0004630415970516534
1396.7105029860845,1396.7105029860845,0.9999576584523062,0.0004630233598248858
1396.7174475239508,1396.7174475239508,0.999516302721864,0.00046298844035717375
1396.7243920619912,1396.7243920619912,1.0000795358136858,0.0004629584100808985
1396.7313366002184,1396.7313366002184,0.9994792562203536,0.00046287190640969454
1396.7382811385964,1396.7382811385964,0.9998943081651624,0.0004630394558605023
1396.7452256771608,1396.7452256771608,1.0010982576213487,0.00046314837011266754
1396.7532813420944,1396.7532813420944,0.9996960219695469,0.000463020243042418
1396.7605036625596,1396.7605036625596,0.9997311551621356,0.00046306460454343876
1396.767448201636,1396.767448201636,1.0009180711009091,0.000463201018690244
1396.7743927408876,1396.7743927408876,0.9991430932109451,0.00046284009397567214
1396.7813372803134,1396.7813372803134,1.0002646521108909,0.00046304889315178276
1396.788281819891,1396.788281819891,1.0002382101066312,0.00046303341019636744
1396.7952263596078,1396.7952263596078,0.9998862717379545,0.0004630446099633566
1396.8021708994995,1396.8021708994995,0.9997803523878398,0.00046301295785802283
1396.809115439554,1396.809115439554,0.9988706810533978,0.00046291248992093287
1396.8160599797484,1396.8160599797484,1.0002943619892277,0.00046315745301178646
1396.8230045201055,1396.8230045201055,1.000654756774739,0.0004631713788308529
1396.8299490606028,1396.8299490606028,1.0006398198646917,0.00046318960466283844
1396.8368936012625,1396.8368936012625,1.0005333751737755,0.00046317814994969157
1396.843838142074,1396.843838142074,0.999575414760683,0.000462945396599985
1396.8507826830253,1396.8507826830253,0.9995550216900565,0.0004630003894805712
1396.857727224139,1396.857727224139,0.9990814894188725,0.0004629022202243515
1396.8646717654046,1396.8646717654046,1.000732225529982,0.00046308669545363536
1396.871616306786,1396.871616306786,0.9994192631344114,0.0004629604530304191
1396.8785608483308,1396.8785608483308,1.0002201841781635,0.0004631323191587967
1396.8855053900154,1396.8855053900154,1.000240352428606,0.0004630291770953918
1396.8924499318277,1396.8924499318277,0.9999493775172477,0.0004630286075959468
1396.89939447378,1396.89939447378,1.000623937274407,0.00046311094836924954
1396.9063390158835,1396.9063390158835,0.999424902511332,0.0004628919594401715
1396.9132835581381,1396.9132835581381,1.000508828824993,0.0004630698519085603
1396.920228100498,1396.920228100498,0.9997723627013061,0.0004630212053154881
1396.9271726429856,1396.9271726429856,1.0004931843850222,0.0004631149897293663
1396.934117185648,1396.934117185648,0.9998870483489398,0.0004630331726017418
1396.9410617284152,1396.9410617284152,0.999688592350183,0.00046307985870402084
1396.9480062713221,1396.9480062713221,0.9990287314781098,0.0004629424653628827
1396.9549508143568,1396.9549508143568,1.0007721961865905,0.00046320902107090215
1396.9618953575314,1396.9618953575314,1.0000499832999068,0.00046308268176084404
1396.9688399008107,1396.9688399008107,0.9998525692739125,0.0004630926097039769
1396.9757844442297,1396.9757844442297,1.0003826466878138,0.0004631382613970966
1396.9827289877535,1396.9827289877535,1.0000552676135972,0.0004630855714843815
1396.9896735314053,1396.9896735314053,0.9997089106503783,0.0004629886714038762
1396.9966180752199,1396.9966180752199,0.9996067098512651,0.00046294731295320893
1397.0035626191163,1397.0035626191163,0.9999062773140736,0.0004630131363640614
1397.010507163141,1397.010507163141,1.0002199851752276,0.0004630555975731407
1397.019673961451,1397.019673961451,0.9998707547847353,0.000463084747348205
1397.0271740693,1397.0271740693,1.0000350063717822,0.00046294624576420217
1397.0341186137316,1397.0341186137316,1.0001083043065517,0.0004630462279232004
1397.0410631582918,1397.0410631582918,1.0003815877382531,0.0004630281953309265
1397.0480077029333,1397.0480077029333,1.0004613291247695,0.0004630806854907791
1397.0549522477027,1397.0549522477027,0.9997195128296662,0.0004629014681575221
1397.0618967925884,1397.0618967925884,0.9990487406325471,0.0004627548431660698
1397.0688413375792,1397.0688413375792,1.0004838864439474,0.00046296373359368855
1397.075785882686,1397.075785882686,0.9995938831403542,0.00046285835097852155
1397.0827304279096,1397.0827304279096,1.000568995670076,0.0004630327812014073
1397.0896749732378,1397.0896749732378,1.0003468389737047,0.00046293712900258185
1397.0966195186359,1397.0966195186359,0.9997444173468579,0.0004629148561970978
1397.1035640641971,1397.1035640641971,0.9998071929565553,0.0004628897122072725
1397.1105086098391,1397.1105086098391,1.0003395028546351,0.00046305459839152965
1397.1174531555866,1397.1174531555866,1.000077087115933,0.0004630258497435785
1397.124397701416,1397.124397701416,0.9998311013961608,0.00046289794115095815
1397.1313422473727,1397.1313422473727,0.9995548343687503,0.00046290990224198675
1397.138286793434,1397.138286793434,1.000384257982593,0.000463071702076888
1397.145231339566,1397.145231339566,0.99995632908523,0.0004630052774115623
1397.1521758858137,1397.1521758858137,0.999496994960156,0.00046285717706171946
1397.1591204321546,1397.1591204321546,0.9994149522847307,0.00046291292519851107
1397.1660649786004,1397.1660649786004,1.0008058706036729,0.0004631644094697849
1397.173009525151,1397.173009525151,1.0006127302458732,0.00046311917763989824
1397.1799540717832,1397.1799540717832,1.0000321482359043,0.0004630381716104877
1397.1868986185084,1397.1868986185084,0.9999862852808225,0.0004630231100885792
1397.1938431653266,1397.1938431653266,1.0000691770331214,0.00046299557376138867
1397.2007877122383,1397.2007877122383,0.9993164985193916,0.0004628985414746772
1397.2077322592545,1397.2077322592545,1.0000399524350954,0.00046306191527452616
1397.2146768063521,1397.2146768063521,0.9997287253599643,0.00046295567969677876
1397.2216213535432,1397.2216213535432,1.0000224274406808,0.0004630860119977529
1397.2285659008155,1397.2285659008155,1.0004886678873972,0.0004630784199666831
1397.2355104481812,1397.2355104481812,1.000346237059965,0.00046301531356698406
1397.2424549956513,1397.2424549956513,1.0003056103865064,0.00046302644305031384
1397.2493995431682,1397.2493995431682,0.9990461640125806,0.0004629206947982787
1397.25634409079,1397.25634409079,0.9993455964593656,0.000462855646341148
1397.2632886385045,1397.2632886385045,0.9999134232886732,0.00046292173868263165
1397.2702331863006,1397.2702331863006,1.000136289588146,0.00046301171931438485
1397.2771777341666,1397.2771777341666,1.0010394449051927,0.0004632408198399108
1397.2841222821141,1397.2841222821141,1.0005711385393845,0.0004630893979273722
1397.2910668301438,1397.2910668301438,0.9992860098391831,0.00046299441400905197
1397.2980113782655,1397.2980113782655,1.0007319849113998,0.0004630860738077595
1397.3049559264691,1397.3049559264691,0.9996060094226895,0.0004629710634115892
1397.3119004747432,1397.3119004747432,0.9998230542834105,0.0004630181599263982
1397.3188450231096,1397.3188450231096,1.0008724949319918,0.00046324453751265095
1397.3257895715346,1397.3257895715346,0.9991150585884861,0.00046284798397923865
1397.3327341200525,1397.3327341200525,1.0000072445998527,0.0004630576894654297
1397.3396786686287,1397.3396786686287,0.9999192054713809,0.0004631272586941096
1397.3466232173098,1397.3466232173098,1.0001959058007461,0.00046310701956988064
1397.353567766014,1397.353567766014,1.0003955233218895,0.00046312082405548663
1397.3605123148348,1397.3605123148348,0.9992463556053746,0.00046289852671200853
1397.3674568637136,1397.3674568637136,1.0005112560094147,0.00046304365445265185
1397.3744014126742,1397.3744014126742,1.0003313041536672,0.0004630556212088811
1397.3816237436517,1397.3816237436517,1.0001797979462221,0.00046295002304736063
1397.3896794206105,1397.3896794206105,1.0000440478832322,0.00046285128420336735
1397.396623969792,1397.396623969792,0.9991866126878373,0.0004626982432938246
1397.4035685190552,1397.4035685190552,1.0005468638124846,0.0004629989837703037
1397.4105130683533,1397.4105130683533,0.9997780535190361,0.00046279122568882195
1397.4174576177443,1397.4174576177443,0.9999654023671702,0.00046294748702977573
1397.4244021672052,1397.4244021672052,1.0002594637677344,0.0004628959934243975
1397.4313467167244,1397.4313467167244,1.0003540514003963,0.000462987965230314
1397.4382912663134,1397.4382912663134,0.9991798980094249,0.00046282460143670136
1397.4452358159608,1397.4452358159608,1.0002858927721785,0.00046291900840313946
1397.452180365666,1397.452180365666,1.0001314476377732,0.00046285811628892415
1397.4591249154414,1397.4591249154414,0.9998860995961385,0.00046293790427507156
1397.4660694652862,1397.4660694652862,1.0001659863141152,0.0004630002239546747
1397.4730140152014,1397.4730140152014,0.9999227812225142,0.0004630128373108433
1397.479958565175,1397.479958565175,0.9999636623135736,0.0004629925369657069
1397.4869031151945,1397.4869031151945,1.0001211041928812,0.0004630105626384326
1397.4938476652958,1397.4938476652958,1.0002989135278868,0.0004629761569606556
1397.5007922154439,1397.5007922154439,0.9994743176168,0.0004629136070920507
1397.5077367656497,1397.5077367656497,1.0001832313573054,0.0004630740916110058
1397.5146813159256,1397.5146813159256,0.9993336913447166,0.0004629564154427309
1397.5216258662597,1397.5216258662597,1.000234201098954,0.00046308956045943334
1397.528570416617,1397.528570416617,1.0007383813939001,0.0004631169489629951
1397.535514967079,1397.535514967079,1.0002052076527108,0.0004630582290490611
1397.542459517588,1397.542459517588,0.9997489611569528,0.00046298635992649586
1397.549404068143,1397.549404068143,0.9989908437494268,0.0004628194721341728
1397.556348618758,1397.556348618758,1.0001757267047267,0.0004630222975743497
1397.563293169418,1397.563293169418,0.9998559918222438,0.00046298894244214267
1397.570237720148,1397.570237720148,1.0006124135386767,0.00046297570842870515
1397.5771822709246,1397.5771822709246,1.0000660409818345,0.00046296098412674494
1397.5841268217475,1397.5841268217475,1.000175294478989,0.0004629938532046326
1397.5910713726405,1397.5910713726405,0.9999156186944997,0.0004628859968777934
1397.5980159235683,1397.5980159235683,1.000138357396211,0.00046289842176053974
1397.6049604745774,1397.6049604745774,0.9995831955214998,0.00046282032407791876
1397.6119050255986,1397.6119050255986,0.9998766126576148,0.00046290867229052636
1397.6188495766892,1397.6188495766892,0.9996627722694271,0.00046288262934936545
1397.6257941278266,1397.6257941278266,1.000392934135776,0.0004629630391547541
1397.6327386790222,1397.6327386790222,1.000525054924512,0.00046299325073388236
1397.6396832302644,1397.6396832302644,1.0000750613610072,0.0004629522384657533
1397.6466277815648,1397.6466277815648,0.9991177164659291,0.0004628730486402095
1397.6535723328884,1397.6535723328884,1.0006527303492367,0.0004630889252801954
1397.6605168842816,1397.6605168842816,0.999842528206235,0.00046298620643786005
1397.6674614357103,1397.6674614357103,1.0000027445546134,0.0004629365101189402
1397.6744059871967,1397.6744059871967,1.000409633299983,0.000463060206997902
1397.6813505387183,1397.6813505387183,0.9997534383304238,0.00046294576766356946
1397.6882950902982,1397.6882950902982,0.9995158316357413,0.00046278992400459123
1397.6952396419126,1397.6952396419126,1.0001671139537902,0.0004630130417443565
1397.702184193574,1397.702184193574,1.000087738345033,0.00046295293176452863
1397.7091287452934,1397.7091287452934,0.9998740621150318,0.0004629401986520197
1397.716073297036,1397.716073297036,0.9998059099189138,0.0004629110425421773
1397.7230178488371,1397.7230178488371,0.9996016862677701,0.0004628504760795868
1397.7299624006614,1397.7299624006614,1.0008892384105428,0.0004630433146763306
1397.7369069525437,1397.7369069525437,1.0000553603119842,0.00046287417660679836
1397.7438515044962,1397.7438515044962,1.000316340731748,0.0004629375714260157
1397.7521849668478,1397.7521849668478,1.0001896020434091,0.0004628326984042464
1397.75912951887,1397.75912951887,0.9990981337182951,0.0004627197892827753
1397.7660740709389,1397.7660740709389,0.998557150215541,0.0004626433848397437
1397.7730186230306,1397.7730186230306,1.0010876736418057,0.00046308524337972925
1397.7799631751693,1397.7799631751693,0.9998273678447488,0.0004627904847304142
1397.7869077273658,1397.7869077273658,1.0000174307850334,0.0004628231475947094
1397.7938522795744,1397.7938522795744,0.9998641957887828,0.0004629152762884221
1397.8007968318411,1397.8007968318411,1.0003988353470867,0.00046298007443242115
1397.8077413841365,1397.8077413841365,1.000452717518383,0.00046292584192591743
1397.8146859364733,1397.8146859364733,0.9993875014022361,0.0004628135759518241
1397.8216304888504,1397.8216304888504,0.9998827973626639,0.00046283977174612566
1397.8285750412683,1397.8285750412683,1.0004128757232515,0.000462972683858095
1397.835519593727,1397.835519593727,0.9998828891330266,0.00046291404751304025
1397.8424641462032,1397.8424641462032,0.9992531125760774,0.00046286075432525677
1397.8494086987373,1397.8494086987373,1.0004434364181414,0.00046295113680478833
1397.8563532512894,1397.8563532512894,1.0005938265858674,0.00046304803546519114
1397.8632978038818,1397.8632978038818,1.000807329749699,0.0004629940409119555
1397.8702423565207,1397.8702423565207,0.9998697295167608,0.00046291043043241207
1397.8771869091893,1397.8771869091893,0.9999751524531106,0.0004628942860081562
1397.8841314618921,1397.8841314618921,0.9998858602513883,0.00046293557731232293
1397.8910760146364,1397.8910760146364,0.9994644571797211,0.0004628345050780175
1397.8980205673975,1397.8980205673975,0.9999442964474679,0.0004628911529235354
1397.9049651201994,1397.9049651201994,1.000406355388805,0.0004630161104314367
1397.911909673037,1397.911909673037,0.9993490305786168,0.0004627335368334412
1397.9188542259203,1397.9188542259203,1.0004370554256714,0.0004629306048530778
1397.9257987788212,1397.9257987788212,0.999973269937502,0.0004628882504494729
1397.9327433317526,1397.9327433317526,1.0000938360390255,0.00046296482877434116
1397.9396878847238,1397.9396878847238,1.0000207187324464,0.00046290604609614623
1397.9466324377238,1397.9466324377238,1.0000212096751924,0.00046302645094962216
1397.953576990747,1397.953576990747,1.000536883329887,0.0004630320735475744
1397.9605215438226,1397.9605215438226,1.0000912783076674,0.0004629489514782689
1397.96746609691,1397.96746609691,0.999590904645822,0.0004629446549206832
1397.9744106500436,1397.9744106500436,1.0001246345391859,0.0004630391088972885
1397.981355203195,1397.981355203195,0.9996941264160484,0.00046289216662111107
1397.9882997563877,1397.9882997563877,0.999580406473435,0.00046299036484555203
1397.995244309591,1397.995244309591,1.0000454640140233,0.0004630259045889214
1398.0021888628357,1398.0021888628357,0.9995614984777552,0.00046289361610970327
1398.009133416109,1398.009133416109,1.001146717595049,0.0004631338582849815
1398.0160779694174,1398.0160779694174,1.000011823729843,0.0004629423600140312
1398.0230225227378,1398.0230225227378,0.9997730012955968,0.0004629741154837598
1398.0299670760985,1398.0299670760985,1.0001079402120572,0.00046296707019622774
1398.0380227580285,1398.0380227580285,0.9998120480294233,0.00046283703111933445
1398.0452450935811,1398.0452450935811,0.9999670818338604,0.0004629588229940784
1398.052189647035,1398.052189647035,1.0001945547390856,0.000462888525196466
1398.0591342005125,1398.0591342005125,0.9997537724764222,0.00046283526366422965
1398.0660787540073,1398.0660787540073,0.99958689028915,0.0004628814300015214
1398.0730233075308,1398.0730233075308,1.0002211629815982,0.0004630126091156073
1398.0799678610842,1398.0799678610842,1.000539734004795,0.0004629963455479107
1398.0869124146661,1398.0869124146661,1.0003070153368019,0.000462957957766706
1398.093856968266,1398.093856968266,0.9998384742154209,0.00046282018825391947
1398.1013570861846,1398.1013570861846,0.9994679207738335,0.0004627704736080396
1398.1091349862838,1398.1091349862838,0.9995448750449221,0.0004628562767243089
1398.1160795399765,1398.1160795399765,1.0006126302295422,0.0004630181861686723
1398.123024093681,1398.123024093681,0.9996016124421085,0.0004628711728384176
1398.1299686474142,1398.1299686474142,1.0001453741353665,0.0004629129989396498
1398.1369132011591,1398.1369132011591,1.0004044356080595,0.0004629286378888286
1398.1438577549507,1398.1438577549507,1.0000052334273808,0.00046289960744021446
1398.150802308754,1398.150802308754,1.000222885559627,0.00046300237474145836
1398.157746862581,1398.157746862581,0.9997533434301907,0.0004628700658290428
1398.1646914164362,1398.1646914164362,0.9997319798638319,0.0004628846505560922
1398.1716359703091,1398.1716359703091,1.000049050362509,0.00046287420631274017
1398.178580524212,1398.178580524212,0.999865055788898,0.000462894579034113
1398.185525078132,1398.185525078132,0.9999101816250494,0.0004630769018779487
1398.1935807606972,1398.1935807606972,0.9994643035416475,0.00046283003489886604
1398.200803096826,1398.200803096826,1.0010943179911984,0.0004631318300744843
1398.2077476508152,1398.2077476508152,1.0003851885202386,0.000463107947361954
1398.2146922048282,1398.2146922048282,0.9998591727768844,0.00046301569685682447
1398.2216367588585,1398.2216367588585,0.9995673400135541,0.00046297435888747264
1398.2285813129004,1398.2285813129004,0.9997940807657596,0.0004629990191193882
1398.2355258669834,1398.2355258669834,0.999746897940575,0.0004629405109552341
1398.2424704210775,1398.2424704210775,1.000179593201222,0.000463060177907048
1398.249414975189,1398.249414975189,1.0001016233705387,0.000463050084830511
1398.2563595293302,1398.2563595293302,1.0000995569122177,0.0004630838707411986
1398.2633040834767,1398.2633040834767,0.9998607375138393,0.0004629379404679941
1398.2702486376525,1398.2702486376525,1.0000556061311383,0.0004629572253652692
1398.277193191852,1398.277193191852,0.9997202878855589,0.000462947315337156
1398.2841377460622,1398.2841377460622,1.000459923228938,0.0004630788840766247
1398.2910823002849,1398.2910823002849,0.9997694145671263,0.00046305046328615527
1398.298026854542,1398.298026854542,1.0002232712689305,0.00046302920370595206
1398.3049714088052,1398.3049714088052,1.0001397035705604,0.00046305285907009526
1398.3119159630917,1398.3119159630917,0.9998417761812612,0.0004629700707189167
1398.3188605173953,1398.3188605173953,0.9996255613907294,0.00046286782060411813
1398.3258050717225,1398.3258050717225,0.9997647848514271,0.0004629029488458179
1398.3327496260613,1398.3327496260613,0.9999097795041294,0.0004628995602418299
1398.3396941804176,1398.3396941804176,1.000194138469904,0.00046302636455200074
1398.3466387347974,1398.3466387347974,1.0006650242539534,0.0004630811339559267
1398.3535832891941,1398.3535832891941,0.9999735956175462,0.0004629560872410255
1398.3605278436028,1398.3605278436028,0.9998128786437048,0.0004629478513852991
1398.367472398029,1398.367472398029,1.0002089111858072,0.00046302318115100627
1398.3744169524723,1398.3744169524723,1.0002652704884079,0.0004630435863597647
1398.3813615069391,1398.3813615069391,0.9998776668858259,0.0004630063764728713
1398.3883060614066,1398.3883060614066,1.0000479632759605,0.00046293933282237935
1398.395250615909,1398.395250615909,0.9995578924026646,0.0004628984604025833
1398.402195170411,1398.402195170411,1.0000273376406255,0.0004630333087864125
1398.4091397249417,1398.4091397249417,0.9996580070826262,0.0004629613155087139
1398.416084279484,1398.416084279484,0.999868588057967,0.00046302323281790755
1398.4230288340386,1398.4230288340386,0.9997936663576436,0.00046294244978235604
1398.429973388616,1398.429973388616,1.0001865572346065,0.0004629890860526252
1398.4369179431935,1398.4369179431935,1.0001917212251121,0.0004629685224203305
1398.4438624977943,1398.4438624977943,1.0004667020446198,0.0004630596771066103
1398.4508070524182,1398.4508070524182,1.0004135830585412,0.0004629946230750797
1398.4577516070362,1398.4577516070362,0.9998031409521515,0.00046296747440135566
1398.4646961616836,1398.4646961616836,0.9996563316416329,0.00046287176168490754
1398.4716407163482,1398.4716407163482,1.0001988839613716,0.00046295417558192466
1398.4785852710247,1398.4785852710247,0.9997454897189296,0.00046285599752455295
1398.4855298257125,1398.4855298257125,1.000365559898794,0.00046298840803123034
1398.4924743804124,1398.4924743804124,0.9995748521155126,0.0004628624039905305
1398.4994189351296,1398.4994189351296,0.9996614242971077,0.0004629479065614723
1398.5063634898524,1398.5063634898524,0.999861401044658,0.0004630079391772325
1398.513308044599,1398.513308044599,1.0000252647418695,0.00046297217525052646
1398.5202525993507,1398.5202525993507,1.0007307692553338,0.00046306106186492086
1398.529419411654,1398.529419411654,0.9994978869842222,0.00046290466714793627
1398.5369195308303,1398.5369195308303,1.000358771232868,0.00046299846640743486
1398.5438640856232,1398.5438640856232,0.9997811680044759,0.00046297590205444255
1398.5508086404275,1398.5508086404275,0.9998049937380553,0.00046291387125097394
1398.5577531952495,1398.5577531952495,1.0005423987384299,0.0004630359700650747
1398.5646977500894,1398.5646977500894,0.9999740034220777,0.0004629391229314224
1398.5716423049353,1398.5716423049353,1.0004194581858359,0.00046301791624198596
1398.5785868597982,1398.5785868597982,0.9996846152013509,0.0004629431574437571
1398.5855314146663,1398.5855314146663,1.0000257257537308,0.0004629665502960739
1398.592753751744,1398.592753751744,0.9996361339601265,0.0004629625516760925
1398.600809435426,1398.600809435426,0.9992469246994358,0.00046277936278820786
1398.6077539903295,1398.6077539903295,1.0003878014288499,0.00046294663052687376
1398.6146985452444,1398.6146985452444,0.9996293792882109,0.00046292359585891235
1398.6216431001772,1398.6216431001772,1.000694695912831,0.00046298866331317203
1398.628587655115,1398.628587655115,0.9996668788843529,0.0004629013477845543
1398.635532210077,1398.635532210077,1.000253062588063,0.00046291086718595816
1398.6424767650326,1398.6424767650326,1.0010044512702856,0.0004630742265332484
1398.650810231005,1398.650810231005,0.9994701738602052,0.0004627935516772384
1398.6577547859902,1398.6577547859902,0.9998838989148524,0.0004628434714053067
1398.6646993409865,1398.6646993409865,1.0001216580303027,0.00046288574512661054
1398.6716438959888,1398.6716438959888,1.00052998152606,0.00046287102580225184
1398.6785884510089,1398.6785884510089,0.9996818865222717,0.00046284193567988093
1398.6869219170396,1398.6869219170396,1.0006155868748046,0.00046291118156567166
1398.693866472077,1398.693866472077,0.9996701612057015,0.0004627147109477277
1398.700811027126,1398.700811027126,0.9999310812394189,0.00046290846328393855
1398.7222002567269,1398.7222002567269,0.9990426082153636,0.0004628111947146838
1398.7327559804603,1398.7327559804603,1.0004681144485434,0.0004630279027809145
1398.7397005355556,1398.7397005355556,1.0002486799693509,0.000462995593480369
1398.746645090663,1398.746645090663,0.9996823786742424,0.00046288943325316557
1398.753589645776,1398.753589645776,1.000308402550321,0.0004629486183348396
1398.760534200906,1398.760534200906,0.9997114689665103,0.0004628669264697228
1398.7674787560368,1398.7674787560368,1.0005878482664101,0.00046303952629791627
1398.774423311173,1398.774423311173,0.9997493259888189,0.00046285523787195263
1398.7813678663267,1398.7813678663267,1.0002252761327224,0.0004629903131005336
1398.7883124214864,1398.7883124214864,1.000176810428962,0.00046299093366714553
1398.7952569766458,1398.7952569766458,0.9998623684830971,0.00046291320777294557
1398.802201531817,1398.802201531817,1.0000688096588037,0.0004629661750277304
1398.809146086994,1398.809146086994,0.9996743739475619,0.0004628393940044227
1398.816090642188,1398.816090642188,0.9998547830012573,0.0004629432290312541
1398.8230351973828,1398.8230351973828,1.0003467392671967,0.0004630590775698713
1398.8299797525829,1398.8299797525829,0.999632055220468,0.00046296473226069984
1398.8369243077948,1398.8369243077948,1.0006833014587295,0.0004632205236432733
1398.8438688630067,1398.8438688630067,0.9998991686677051,0.00046300633333675134
1398.8508134182362,1398.8508134182362,0.9995166362675715,0.000462987891886022
1398.8577579734658,1398.8577579734658,1.000052239359696,0.0004630074281528655
1398.864702528695,1398.864702528695,0.9998085505162464,0.000462881815910699
1398.871647083955,1398.871647083955,0.9998631491176626,0.00046291847160014716
1398.8785916392019,1398.8785916392019,0.9993697907276884,0.0004627693325589679
1398.8855361944602,1398.8855361944602,1.0003516582821765,0.0004630590744289345
1398.8924807497183,1398.8924807497183,1.0006099372660961,0.0004629415322146183
1398.8994253049943,1398.8994253049943,1.0001735554421551,0.000462889167663766
1398.9063698602702,1398.9063698602702,1.0011514312241716,0.0004630701746314009
1398.913314415552,1398.913314415552,0.9999827236181709,0.0004628244293712498
1398.9202589708452,1398.9202589708452,0.9996533609353155,0.00046274834346321834
1398.9280368727661,1398.9280368727661,0.9991339469659384,0.00046266447347951666
1398.9355369924958,1398.9355369924958,1.0001496629955764,0.0004629353376923983
1398.9424815478123,1398.9424815478123,1.0009300218459698,0.0004631532917937853
1398.949426103123,1398.949426103123,0.9997865700618798,0.00046287483040392255
1398.95637065844,1398.95637065844,1.0000899293760945,0.00046301394573328646
1398.9638707781924,1398.9638707781924,0.9993332043718942,0.0004628464160479053
1398.9716486801597,1398.9716486801597,1.0003249044012876,0.0004629708972793981
1398.978593235494,1398.978593235494,1.0002800809824237,0.000463020946832015
1398.9855377908395,1398.9855377908395,0.9999588685254832,0.0004629649573979484
1398.9924823461854,1398.9924823461854,0.9995620690611366,0.00046292113476537896
1398.9994269015376,1398.9994269015376,1.0002176653836385,0.0004630017148304714
1399.0066492391047,1399.0066492391047,1.0000649300494433,0.0004629797956837214
1399.0147049233283,1399.0147049233283,1.0001249324206327,0.00046297224015983773
1399.021649478686,1399.021649478686,0.999547261738772,0.00046287337575522824
1399.0285940340605,1399.0285940340605,1.0004194040066454,0.0004630001560080005
1399.0355385894356,1399.0355385894356,0.9997071003936246,0.0004629504590387441
1399.0424831448104,1399.0424831448104,1.0000898383028034,0.00046293139333071075
1399.0494277002144,1399.0494277002144,1.0000507440976456,0.0004629075959353534
1399.0563722555892,1399.0563722555892,0.9997622991937039,0.00046286907981278244
1399.063316810993,1399.063316810993,0.9999667555889076,0.00046283652511923835
1399.0702613663852,1399.0702613663852,1.0004478972799837,0.00046296963524731507
1399.0772059217836,1399.0772059217836,0.9992724051002806,0.0004627927059238044
1399.0841504771931,1399.0841504771931,0.9999370296633726,0.0004628634142216176
1399.0910950325974,1399.0910950325974,1.0008873993724947,0.0004629777902259052
1399.0980395880129,1399.0980395880129,1.0002664592457635,0.00046298449863379517
1399.1049841434283,1399.1049841434283,0.9996769972330656,0.0004627402987321349
1399.11192869885,1399.11192869885,0.9997378256601195,0.0004629300168184869
1399.1188732542716,1399.1188732542716,1.0001231511152318,0.0004628984379869541
1399.1258178097,1399.1258178097,1.000237431857114,0.0004629055030177376
1399.1327623651334,1399.1327623651334,0.9996572625678546,0.00046271831704530563
1399.1397069205607,1399.1397069205607,1.0002863183178348,0.0004628234257339025
1399.1466514759995,1399.1466514759995,0.9995835759433861,0.000462739840853374
1399.1535960314443,1399.1535960314443,0.9993949250096719,0.00046268860417855327
1399.1605405868831,1399.1605405868831,1.000277525722839,0.0004628376465022014
1399.167485142322,1399.167485142322,1.0002759387056706,0.00046278788023023396
1399.1744296977724,1399.1744296977724,1.0000831923147804,0.00046271627403141806
1399.1813742532347,1399.1813742532347,1.000860638663362,0.0004629161189903488
1399.1883188086795,1399.1883188086795,0.9997725682031016,0.00046271949409372275
1399.1952633641417,1399.1952633641417,0.9995202848686109,0.0004626506983133206
1399.202207919598,1399.202207919598,0.9996436135900948,0.00046263203161953857
1399.2091524750601,1399.2091524750601,1.0003164008386682,0.0004628574017698523
1399.2160970305283,1399.2160970305283,1.0001918562896632,0.00046279174489493365
1399.2230415859965,1399.2230415859965,0.9999136242805268,0.0004627514943153741
1399.2299861414645,1399.2299861414645,0.9996084782115308,0.0004627430068062567
1399.236930696938,1399.236930696938,1.0005949409281238,0.0004629484199310576
1399.2438752524133,1399.2438752524133,1.0002525188484188,0.00046282784793991074
1399.2508198078813,1399.2508198078813,0.9996547612098577,0.0004627488205443987
1399.2577643633667,1399.2577643633667,0.9998054188239933,0.00046273962174059183
1399.2647089188408,1399.2647089188408,0.999887828680885,0.00046274827509489426
1399.271653474326,1399.271653474326,1.000034331229911,0.00046289533290166756
1399.2785980298117,1399.2785980298117,0.9997564168396599,0.0004627514681108018
1399.285542585297,1399.285542585297,1.0000893150067278,0.00046279606919931194
1399.292487140753,1399.292487140753,1.000495712763069,0.0004629208181323224
1399.2994316962333,1399.2994316962333,0.999708695095823,0.0004627540610006025
1399.3063762517245,1399.3063762517245,0.9994425066895939,0.00046271235986328066
1399.3133208072154,1399.3133208072154,1.0003173764163622,0.0004628715860803263
1399.320265362707,1399.320265362707,1.0002088868824137,0.00046281540992094397
1399.327209918204,1399.327209918204,1.000005124959119,0.000462733164149318
1399.334154473701,1399.334154473701,1.0003682867309744,0.000462841536145542
1399.3410990291925,1399.3410990291925,0.9996682786031398,0.00046281115791068717
1399.34804358469,1399.34804358469,0.999682399283879,0.00046279601889850366
1399.3549881401937,1399.3549881401937,1.0004296233481849,0.0004629346035322938
1399.3619326956969,1399.3619326956969,1.000346348760893,0.0004629184912505353
1399.368877251188,1399.368877251188,0.9997143901179593,0.0004628457668442875
1399.3758218066964,1399.3758218066964,0.9997653204879018,0.00046289324644904214
1399.3827663621998,1399.3827663621998,1.0003103545000056,0.0004628631320774316
1399.3897109177026,1399.3897109177026,0.9997777941710982,0.0004627906143411815
1399.3966554732112,1399.3966554732112,1.0000495715028033,0.00046289317703476497
1399.4036000287085,1399.4036000287085,1.0000804551601647,0.0004628508252547391
1399.4105445842229,1399.4105445842229,0.9992501238214573,0.00046277537102411715
1399.4174891397145,1399.4174891397145,1.0002074283864801,0.0004629206376954899
1399.4244336952347,1399.4244336952347,0.9997309848183196,0.00046275958789668314
1399.4313782507318,1399.4313782507318,1.00045726426042,0.0004628589935022912
1399.4383228062466,1399.4383228062466,1.0006811554783615,0.0004628753397171733
1399.4452673617493,1399.4452673617493,1.00001820996096,0.00046278317235601057
1399.4522119172584,1399.4522119172584,0.9994845091900053,0.00046275141830871375
1399.4591564727743,1399.4591564727743,0.9993256375289453,0.00046255868290755316
1399.4661010282712,1399.4661010282712,1.0002997834408425,0.0004627642999533124
1399.4730455837919,1399.4730455837919,1.0002215539569401,0.0004626575228889126
1399.479990139289,1399.479990139289,1.0003217156043107,0.0004626797696922648
1399.4869346948035,1399.4869346948035,0.9995171288965767,0.00046266347396669243
1399.4938792503121,1399.4938792503121,1.0001924101533883,0.00046270261846382876
1399.500823805815,1399.500823805815,1.0006184239899125,0.0004628477509782806
1399.5077683613351,1399.5077683613351,0.9995081708595119,0.0004625831754779369
1399.5147129168267,1399.5147129168267,1.0008126337327434,0.000462822729868245
1399.5216574723468,1399.5216574723468,1.0001140704324072,0.00046271792227060534
1399.5286020278443,1399.5286020278443,0.9990478266480693,0.00046263935491907757
1399.5355465833586,1399.5355465833586,0.9997035657964808,0.00046278120528426956
1399.5424911388557,1399.5424911388557,1.000176203653843,0.00046283753150896066
1399.5494356943705,1399.5494356943705,1.000310549474428,0.0004628458554964517
1399.5563802498684,1399.5563802498684,1.0001714351441775,0.0004628370602902755
1399.5633248053837,1399.5633248053837,0.9995843412323164,0.0004626668948417437
1399.570269360875,1399.570269360875,0.9992412638660204,0.00046263136374419267
1399.5772139163837,1399.5772139163837,0.9997775190005198,0.0004627776882991385
1399.5841584718867,1399.5841584718867,1.0010472006989901,0.00046295017887786007
1399.5911030273837,1399.5911030273837,1.0002331141438119,0.00046278094486320204
1399.5980475828867,1399.5980475828867,1.000604521984993,0.00046279662593221797
1399.6049921383897,1399.6049921383897,0.9999426381495692,0.0004627689552960526
1399.6119366938806,1399.6119366938806,0.9996910584089825,0.0004626452813765303
1399.6188812493838,1399.6188812493838,0.9999877471812025,0.00046273744374571217
1399.6258258048808,1399.6258258048808,0.999433074557917,0.00046262134140942257
1399.6327703603781,1399.6327703603781,0.9995988690530417,0.0004626880188322507
1399.6397149158693,1399.6397149158693,0.9996581704176519,0.0004627045270538457
1399.6466594713606,1399.6466594713606,1.0008820080930065,0.0004628483908604887
1399.6536040268525,1399.6536040268525,0.9997138075350108,0.00046271415269586976
1399.6605485823447,1399.6605485823447,0.9998134854188665,0.00046270511299227547
1399.66749313783,1399.66749313783,1.00049889103865,0.0004628137690970757
1399.6744376933214,1399.6744376933214,1.0001593449174961,0.00046274825241298805
1399.6813822488068,1399.6813822488068,1.0001502957613115,0.0004626552179678501
1399.6883268042923,1399.6883268042923,1.0002197605538066,0.00046274955440177664
1399.695271359772,1399.695271359772,1.0000565474387095,0.0004627460501489291
1399.7022159152516,1399.7022159152516,0.9992208725569294,0.00046254492410348146
1399.7091604707311,1399.7091604707311,1.0000452220063338,0.0004626474748095969
1399.7161050262112,1399.7161050262112,0.9993786386400589,0.0004625693289038293
1399.7230495816848,1399.7230495816848,1.0001518979074664,0.0004627646281226673
1399.7299941371587,1399.7299941371587,1.0004960776618381,0.0004627842986578006
1399.7369386926268,1399.7369386926268,0.9998166316343486,0.0004626770694783911
1399.7438832481007,1399.7438832481007,1.0003182720895327,0.0004627133097262847
1399.7508278035757,1399.7508278035757,1.000387766659037,0.0004626869944702871
1399.7577723590377,1399.7577723590377,1.0001698782259347,0.00046274976724194146
1399.7647169145057,1399.7647169145057,1.0002074446872133,0.00046269843939043587
1399.771661469968,1399.771661469968,0.9991230619752921,0.00046252499607065046
1399.7786060254243,1399.7786060254243,0.9995918463211961,0.00046261215235085035
1399.7855505808807,1399.7855505808807,0.9995871865530986,0.00046264239136497074
1399.792495136343,1399.792495136343,1.000493061802306,0.0004628220504263752
1399.7994396917934,1399.7994396917934,1.0006772880208423,0.0004628188141870541
1399.8063842472384,1399.8063842472384,1.0000635533890099,0.0004626704306051789
1399.8133288026888,1399.8133288026888,0.9995554685997163,0.0004626104911837209
1399.8202733581334,1399.8202733581334,0.9996940534038362,0.0004626558577914868
1399.8272179135843,1399.8272179135843,0.9999137739279769,0.0004626820403586376
1399.8341624690288,1399.8341624690288,1.0004478189424832,0.00046274156296454273
1399.841107024463,1399.841107024463,1.0003039700689396,0.00046268955515546713
1399.8480515799022,1399.8480515799022,1.0003161861787278,0.0004627550725529582
1399.854996135335,1399.854996135335,0.99970282459823,0.0004626057308030988
1399.8619406907683,1399.8619406907683,1.0002549206212505,0.0004628389932704852
1399.8688852461955,1399.8688852461955,0.9993600814655247,0.00046268063834232435
1399.8758298016226,1399.8758298016226,1.000042595504447,0.0004627583467093099
1399.8827743570444,1399.8827743570444,1.0002759812005466,0.0004628007278519509
1399.889718912466,1399.889718912466,0.999388344357538,0.00046261318921684186
1399.8966634678814,1399.8966634678814,1.0000951434238141,0.00046273118144923246
1399.903608023297,1399.903608023297,1.0003677217141684,0.000462799619611012
1399.9105525787127,1399.9105525787127,0.9996799331625862,0.0004627795483704429
1399.9174971341167,1399.9174971341167,1.0001352775392607,0.00046278197983124473
1399.9244416895212,1399.9244416895212,1.0001022926059884,0.00046275836950488417
1399.9319418093557,1399.9319418093557,1.000363266991397,0.0004627690660249695
1399.939719711405,1399.939719711405,0.9997165776179717,0.0004627335697979764
1399.9466642667974,1399.9466642667974,1.0001044206773897,0.0004627198367943866
1399.9536088222012,1399.9536088222012,0.9996744012026854,0.00046266719904697535
1399.9605533775762,1399.9605533775762,0.9995064345844151,0.00046266008026046694
1399.9677757151953,1399.9677757151953,1.0004766032734198,0.00046276472159098537
1399.97638696386,1399.97638696386,0.9999614086865808,0.0004626893967757936
1399.9841648658798,1399.9841648658798,1.000544053641573,0.00046281433828101624
1399.9911094212548,1399.9911094212548,1.0001622868449043,0.0004627435324576888
1399.9980539766295,1399.9980539766295,0.9995138793199672,0.00046270869949180827
1400.0049985320045,1400.0049985320045,1.0000052250825706,0.0004627599173851253
1400.011943087363,1400.011943087363,1.0001398160954782,0.00046272539785843287
1400.0188876427262,1400.0188876427262,1.0002282753112623,0.0004627292876980268
1400.0258321980841,1400.0258321980841,0.9997030123635895,0.0004625941533713319
1400.032776753441,1400.032776753441,0.9993203951202869,0.00046261549402622573
1400.0397213087872,1400.0397213087872,1.0000169724712,0.0004627104143225799
1400.046665864133,1400.046665864133,0.9998293865529085,0.0004626263597204606
1400.0536104194784,1400.0536104194784,1.0001415864497833,0.00046261907363426914
1400.0605549748186,1400.0605549748186,1.0003711039395742,0.00046265820784471894
1400.0674995301529,1400.0674995301529,1.0004202932167854,0.00046261852209068246
1400.074444085481,1400.074444085481,0.9994665477639064,0.0004625384333554761
1400.0813886408093,1400.0813886408093,1.0008607641662928,0.00046270629011508117
1400.088333196138,1400.088333196138,1.000269373675477,0.00046266995627762124
1400.0952777514617,1400.0952777514617,1.0000380817405168,0.00046268821528226684
1400.104444564475,1400.104444564475,1.0004885648282529,0.0004628012151078635
1400.11194468421,1400.11194468421,0.9998432720061885,0.00046268442129605576
1400.1188892395207,1400.1188892395207,1.0000991325959394,0.00046276207032552993
1400.125833794826,1400.125833794826,0.9994176138265194,0.00046269446157783746
1400.1327783501192,1400.1327783501192,0.9995193435290763,0.00046262947866326456
1400.1397229054128,1400.1397229054128,0.9995221459943091,0.0004626746979199003
1400.1466674607002,1400.1466674607002,1.0000284437395421,0.0004628057710701263
1400.1536120159876,1400.1536120159876,1.00044688599433,0.00046279057927083565
1400.1605565712696,1400.1605565712696,1.000363910164468,0.0004628336825497796
1400.1675011265454,1400.1675011265454,1.0006967683321524,0.0004627939006043239
1400.1744456818226,1400.1744456818226,0.9999133570682485,0.0004627017162516586
1400.1813902370927,1400.1813902370927,0.9997683631750067,0.0004627235262234502
1400.188334792357,1400.188334792357,0.9996459235154302,0.0004627430609552767
1400.1952793476155,1400.1952793476155,1.0001416626490467,0.00046271336309350216
1400.202223902874,1400.202223902874,1.0001072824393433,0.0004626609082194707
1400.2091684581205,1400.2091684581205,1.000103864057382,0.0004626749664049963
1400.2161130133677,1400.2161130133677,0.9997977106291461,0.00046268013033781463
1400.2230575686146,1400.2230575686146,1.0001527060836426,0.00046275084883939087
1400.2300021238557,1400.2300021238557,0.9996657876681766,0.0004626864858243554
1400.236946679085,1400.236946679085,1.0005168135816622,0.00046280678720717695
1400.2438912343143,1400.2438912343143,0.9995733394221107,0.0004625429198170402
1400.2508357895447,1400.2508357895447,1.000478588084289,0.00046272884953470997
1400.2577803447512,1400.2577803447512,0.9998924026603178,0.0004626495844415175
1400.2647248999747,1400.2647248999747,0.9998793221193862,0.0004626932982434763
1400.2716694551748,1400.2716694551748,0.9997246880700084,0.00046259361835929304
1400.2786140103865,1400.2786140103865,0.9999113703633228,0.0004626905492458117
1400.285558565587,1400.285558565587,0.9999842683702926,0.000462701273986551
1400.2925031207815,1400.2925031207815,1.0002131514220765,0.00046278023079039784
1400.29944767597,1400.29944767597,1.0003463011214386,0.000462820534152119
1400.3063922311587,1400.3063922311587,0.9997299771628017,0.00046261962001406217
1400.313892350754,1400.313892350754,0.9993191013262003,0.0004625827603269669
1400.321670252547,1400.321670252547,1.0000711378120317,0.0004627426512889992
1400.3286148077136,1400.3286148077136,0.9996614356247113,0.00046265367893619035
1400.3355593628846,1400.3355593628846,1.0003319752405244,0.0004627081020579595
1400.3425039180443,1400.3425039180443,0.9996637839879321,0.0004626616267195604
1400.349448473198,1400.349448473198,0.9998739470193991,0.00046260383751618885
1400.3563930283458,1400.3563930283458,1.0000754479456473,0.00046271974134420553
1400.3633375834877,1400.3633375834877,1.0003247212285358,0.00046275989789652214
1400.37028213863,1400.37028213863,0.9999803051969846,0.0004626569299168362
1400.3772266937603,1400.3772266937603,1.0000432735487919,0.0004627672377320746
1400.3841712488909,1400.3841712488909,1.0004523610299905,0.0004627581153559135
1400.3911158040153,1400.3911158040153,1.0002545527602233,0.0004627348801460252
1400.3980603591347,1400.3980603591347,0.9998026967986388,0.00046272361548783025
1400.4050049142484,1400.4050049142484,0.9997130917051511,0.0004627633266416693
1400.4119494693555,1400.4119494693555,0.9998708391511724,0.00046276407401895536
1400.4188940244626,1400.4188940244626,1.0001971607254339,0.00046279448610176495
1400.4258385795524,1400.4258385795524,0.9995175207682468,0.00046266409780300864
1400.4327831346359,1400.4327831346359,0.9998716619691337,0.00046275649211255046
1400.43972768972,1400.43972768972,0.9996573026482449,0.0004627510526467965
1400.4466722448037,1400.4466722448037,0.9997943349827892,0.0004627010749713034
1400.4536167998874,1400.4536167998874,1.0003159503015646,0.0004628034571184746
1400.460561354954,1400.460561354954,1.0007785705221013,0.0004627565417282701
1400.4675059100205,1400.4675059100205,1.0003254924874594,0.00046273462403043374
1400.4744504650762,1400.4744504650762,1.000274510201367,0.0004627994843767855
1400.4813950201315,1400.4813950201315,0.9996646054607631,0.0004626194328390805
1400.48833957518,1400.48833957518,0.9991129051517944,0.00046250832674965244
1400.4952841302177,1400.4952841302177,1.0000442058826486,0.00046266558911107504
1400.502228685255,1400.502228685255,0.9996526325204311,0.0004626415295015948
1400.5091732402864,1400.5091732402864,0.9997636788011054,0.0004626597401521966
1400.5161177953119,1400.5161177953119,1.0010933068786816,0.00046279761005387084
1400.5230623503255,1400.5230623503255,1.0001154552560994,0.00046264898035216974
1400.5300069053399,1400.5300069053399,1.0001129288341275,0.0004627461015348164
1400.536951460348,1400.536951460348,1.0001968832045882,0.0004627795307189872
1400.5438960153451,1400.5438960153451,1.0000169070286489,0.0004627383628254993
1400.5508405703426,1400.5508405703426,0.9998026041239809,0.00046258802918799663
1400.5577851253333,1400.5577851253333,0.9998917007063499,0.0004626010999083803
1400.5647296803122,1400.5647296803122,0.99966578737961,0.0004625607834656956
1400.5716742352915,1400.5716742352915,0.999006885874923,0.00046240387633568323
1400.5786187902645,1400.5786187902645,1.0001675076730705,0.00046267507093793127
1400.585563345232,1400.585563345232,0.9996754733858726,0.0004624745685917831
1400.5925079001877,1400.5925079001877,1.0013585913138108,0.00046283770183701
1400.5994524551377,1400.5994524551377,1.0001846537367132,0.0004625959140279222
1400.606397010076,1400.606397010076,1.0001744412680857,0.0004626485331780417
1400.6141749116075,1400.6141749116075,1.0003358206339388,0.00046271055671539836
1400.6216750309416,1400.6216750309416,0.9998694296279732,0.00046257607146309485
1400.6286195858802,1400.6286195858802,0.9994973528663893,0.00046249197967708185
1400.635564140795,1400.635564140795,0.999920713018323,0.0004626397846255988
1400.6436198244944,1400.6436198244944,0.9996257928271287,0.000462561905778947
1400.6522310725832,1400.6522310725832,1.0000571090426842,0.00046251768940715616
1400.6619534494387,1400.6619534494387,1.0003189246476454,0.00046255304653091333
1400.6702869153064,1400.6702869153064,0.9998851475238878,0.0004625344263559031
1400.677231470192,1400.677231470192,0.999950678979652,0.0004625246532343392
1400.6869538470198,1400.6869538470198,1.0001512533591417,0.0004626031738392187
1400.696398441637,1400.696398441637,1.0001577941296946,0.00046253471988867337
1400.7122320266928,1400.7122320266928,1.0002933848288085,0.00046261742668690686
1400.7300100870902,1400.7300100870902,1.0001544640911608,0.0004626808990169309
1400.7369546419181,1400.7369546419181,1.0000915016143987,0.0004625841650405683
1400.74389919674,1400.74389919674,0.9989049215848802,0.0004624551631469412
1400.750843751557,1400.750843751557,1.000218227887461,0.00046263691345040927
1400.7577883063677,1400.7577883063677,1.0001934322296917,0.0004625965170919113
1400.7647328611604,1400.7647328611604,1.0001209605465495,0.000462553435480759
1400.7716774159533,1400.7716774159533,1.0000125638717203,0.00046260434671700193
1400.778621970746,1400.778621970746,0.999786590974957,0.00046251709693518277
1400.785566525533,1400.785566525533,0.9999456487868486,0.00046257596427073136
1400.7925110803026,1400.7925110803026,0.9999557340361853,0.0004625917927159523
1400.7994556350664,1400.7994556350664,1.0007523583029359,0.00046276682216530646
1400.8064001898242,1400.8064001898242,0.9996529811698384,0.00046253311923385147
1400.8133447445823,1400.8133447445823,0.9998356244502842,0.00046250723598705284
1400.82028929933,1400.82028929933,1.0001246038065132,0.00046249280760141625
1400.8272338540705,1400.8272338540705,1.0000918586313456,0.00046258968752758517
1400.8341784088047,1400.8341784088047,0.9996486664632492,0.00046245516885818066
1400.8411229635276,1400.8411229635276,0.9999530332932265,0.0004625325267297105
1400.8480675182448,1400.8480675182448,1.000013894433844,0.0004625557315006845
1400.855012072962,1400.855012072962,0.9998127941565649,0.00046246931590368767
1400.8619566276673,1400.8619566276673,0.999907668634167,0.000462532607662498
1400.868901182367,1400.868901182367,1.0009147676208634,0.00046262026827686043
1400.875845737055,1400.875845737055,0.9996041577470015,0.00046237545347074544
1400.8827902917444,1400.8827902917444,1.000041994636351,0.00046251089302057753
1400.8897348464152,1400.8897348464152,0.9996246841107842,0.00046241937569365467
1400.8966794010914,1400.8966794010914,0.9998445334607868,0.00046260513422202796
1400.903623955745,1400.903623955745,1.000822769537522,0.00046268201536040144
1400.9105685104153,1400.9105685104153,0.9999219028512805,0.0004625315415248209
1400.9175130650626,1400.9175130650626,0.9996816812504186,0.00046243504312406603
1400.9244576196982,1400.9244576196982,1.0001924596755125,0.00046259574609446854
1400.931402174328,1400.931402174328,0.9995550095532026,0.00046250692241596014
1400.9383467289522,1400.9383467289522,0.999826743927646,0.0004625979986587719
1400.9452912835768,1400.9452912835768,1.0002539326858908,0.0004626323608862431
1400.9522358381896,1400.9522358381896,1.0004137673339457,0.0004625834144624294
1400.9591803927904,1400.9591803927904,1.000372609236191,0.0004625890275931927
1400.966124947391,1400.966124947391,1.000032231867122,0.0004626114652783334
1400.9730695019803,1400.9730695019803,0.9987347686021465,0.0004624108191579399
1400.9800140565635,1400.9800140565635,0.9995619941216978,0.0004625049978463682
1400.986958611135,1400.986958611135,1.000718135957357,0.00046270178618020485
1400.9939031657068,1400.9939031657068,1.0000765339462139,0.00046259627981209956
1401.0008477202666,1401.0008477202666,1.0005904008666548,0.00046251243415264726
1401.0077922748217,1401.0077922748217,1.0008151897256146,0.0004626502776697933
1401.0147368293647,1401.0147368293647,0.9992193761641099,0.00046238361641305425
1401.021681383907,1401.021681383907,0.9995683592413547,0.00046240148388191184
1401.0286259384322,1401.0286259384322,0.999739842725299,0.0004625107452601929
1401.035570492963,1401.035570492963,1.0000840682979761,0.0004624284288382328
1401.0425150474646,1401.0425150474646,0.9996921973508026,0.0004624481193062699
1401.0494596019898,1401.0494596019898,1.0003883629452557,0.00046250899531378455
1401.0564041564799,1401.0564041564799,1.0004456043811925,0.00046253289534355855
1401.0633487109703,1401.0633487109703,0.9995835416009934,0.000462460368932505
1401.0702932654617,1401.0702932654617,0.9996492137056292,0.000462441669990117
1401.07723781994,1401.07723781994,1.0002953327195132,0.0004626107140202362
1401.0841823744072,1401.0841823744072,1.000666960641692,0.00046256982172034175
1401.091126928874,1401.091126928874,1.0001384200146668,0.000462520749575339
1401.0980714833233,1401.0980714833233,1.0001055760153972,0.00046251823450740886
1401.1050160377724,1401.1050160377724,0.999366591672268,0.0004624973353808687
1401.11196059221,1401.11196059221,0.9997647114683131,0.0004625088159771878
1401.1189051466422,1401.1189051466422,0.9999772903925688,0.00046251262277426764
1401.1258497010626,1401.1258497010626,1.0003263390773849,0.000462618230186272
1401.1327942554783,1401.1327942554783,0.9997661889899538,0.0004625187147961409
1401.139738809893,1401.139738809893,1.000393235763147,0.0004626951045711714
1401.146683364284,1401.146683364284,0.9994077791838499,0.0004625010981558272
1401.1536279186753,1401.1536279186753,1.0004918994155279,0.00046261209380245235
1401.1605724730607,1401.1605724730607,0.9998753237156415,0.0004625012157850266
1401.1675170274343,1401.1675170274343,0.9993476366519005,0.00046240189999416197
1401.174461581808,1401.174461581808,0.9999203999229008,0.00046253177057540787
1401.1814061361642,1401.1814061361642,0.9998473151114142,0.0004624086740177294
1401.188350690521,1401.188350690521,1.0004488365422106,0.0004625167789794662
1401.1952952448548,1401.1952952448548,1.0007704489846965,0.0004626401467223067
1401.2022397991936,1401.2022397991936,0.9996233339713975,0.00046243065536874777
1401.2091843535204,1401.2091843535204,1.0005621589427858,0.0004626319013070858
1401.216128907842,1401.216128907842,1.0001006740325065,0.00046251979095972734
1401.2230734621576,1401.2230734621576,0.9993328623795501,0.00046236368346656506
1401.2300180164555,1401.2300180164555,1.000035646911611,0.0004624559597471701
1401.236962570748,1401.236962570748,0.999943004305428,0.0004625543975794224
1401.2439071250458,1401.2439071250458,0.9998544698250249,0.00046246504994425285
1401.2508516793162,1401.2508516793162,0.9997148878793919,0.00046243336709188385
1401.2577962335909,1401.2577962335909,1.0002718530609302,0.0004626266144807308
1401.264740787848,1401.264740787848,1.0002247865256122,0.0004625243169227599
1401.2722409064481,1401.2722409064481,0.9998743015649492,0.00046237658133389597
1401.280018807199,1401.280018807199,1.0000653183479866,0.0004624890410624134
1401.286963361433,1401.286963361433,0.9996697522707774,0.00046249692436408225
1401.2939079156613,1401.2939079156613,0.9995746340650967,0.0004624073777575588
1401.3008524698719,1401.3008524698719,1.0008535212849554,0.000462683160987442
1401.3077970240836,1401.3077970240836,1.00027865027438,0.0004625430613825578
1401.314741578295,1401.314741578295,0.9999238903540404,0.00046245767685791335
1401.3216861324881,1401.3216861324881,1.0002502233069905,0.00046250413585136334
1401.3286306866758,1401.3286306866758,0.9998548093020467,0.0004625074365256091
1401.3355752408513,1401.3355752408513,0.999222616000503,0.00046240839400344904
1401.3425197950096,1401.3425197950096,0.9999402946894265,0.00046249441344615875
1401.3494643491624,1401.3494643491624,0.9995958563569565,0.00046242727494195956
1401.3564089033148,1401.3564089033148,1.000400053984165,0.0004625017389224107
1401.363353457456,1401.363353457456,1.000116090237045,0.0004625284342790987
1401.370298011598,1401.370298011598,1.0001187913076568,0.0004625300337042585
1401.3772425657212,1401.3772425657212,1.000507004307023,0.00046252073021139364
1401.384187119839,1401.384187119839,1.0004194145875183,0.000462532130605743
1401.3911316739448,1401.3911316739448,1.0003985929908512,0.0004625528561540697
1401.3980762280448,1401.3980762280448,0.9995166835725406,0.0004624436862063542
1401.4050207821335,1401.4050207821335,0.9998124512917841,0.00046247891665086356
1401.4119653362277,1401.4119653362277,0.9993435032320525,0.00046240643427308955
1401.418909890294,1401.418909890294,0.9999357922549386,0.00046245763729741725
1401.4258544443596,1401.4258544443596,0.9993386584562867,0.00046237784592488747
1401.4327989984245,1401.4327989984245,1.0002535969048651,0.0004625835844584306
1401.4397435524609,1401.4397435524609,1.000640364322932,0.0004626652659198126
1401.4466881065086,1401.4466881065086,1.0005647985018922,0.000462515131923227
1401.4536326605387,1401.4536326605387,0.9998583233533808,0.00046243438706123914
1401.4605772145574,1401.4605772145574,0.9993191436040508,0.00046235472285424526
1401.4675217685704,1401.4675217685704,0.9998544724158899,0.0004624382141066932
1401.4744663225777,1401.4744663225777,1.000221748911856,0.0004624199952020788
1401.4814108765684,1401.4814108765684,1.0003145907952782,0.0004624184578319492
1401.4883554305575,1401.4883554305575,0.9998294619069672,0.0004623425133858214
1401.495299984536,1401.495299984536,1.0008341411946036,0.0004624899101614658
1401.502244538508,1401.502244538508,1.000454144689708,0.00046243877502636233
1401.5091890924625,1401.5091890924625,0.9992997547264381,0.00046227657158939465
1401.5161336464168,1401.5161336464168,1.0006371998020622,0.00046248740098997455
1401.523078200354,1401.523078200354,0.999796624029593,0.0004623169124658531
1401.530022754292,1401.530022754292,0.9990975792716374,0.0004622040038775504
1401.536967308212,1401.536967308212,1.0003915976544413,0.00046240212779760317
1401.5439118621318,1401.5439118621318,1.0005115249763994,0.00046251140400312867
1401.5508564160345,1401.5508564160345,1.0001308177899797,0.0004625035994324289
1401.5578009699307,1401.5578009699307,0.9996560525920456,0.00046242147857392286
1401.5647455238154,1401.5647455238154,1.0000895355158257,0.0004624864571181165
1401.5716900776947,1401.5716900776947,0.9998242181608743,0.00046240886127435634
1401.5786346315676,1401.5786346315676,0.9999891598805911,0.00046249177359599405
1401.5855791854242,1401.5855791854242,1.0003210911477116,0.0004625158657115366
1401.5925237392744,1401.5925237392744,0.9993181531973241,0.00046235114571814025
1401.5994682931182,1401.5994682931182,0.9998921294108765,0.00046242220027505065
1401.6064128469563,1401.6064128469563,0.9998447185384526,0.0004624793046569617
1401.6133574007772,1401.6133574007772,1.0005221348218605,0.0004624829013730839
1401.6203019545922,1401.6203019545922,1.0002895785005337,0.00046250089439773005
1401.6272465083953,1401.6272465083953,0.9994433842116243,0.0004622959905187381
1401.6341910621873,1401.6341910621873,1.0001411426046887,0.00046242176523006516
1401.641135615986,1401.641135615986,1.000320574247048,0.0004625214096709073
1401.6480801697658,1401.6480801697658,1.0004415144978616,0.0004624527976444261
1401.6550247235227,1401.6550247235227,1.0000629435341966,0.00046238961659391276
1401.6619692772852,1401.6619692772852,0.9997443398978418,0.00046234883171092296
1401.6689138310303,1401.6689138310303,0.9997913415460868,0.00046236581141194464
1401.6758583847693,1401.6758583847693,1.0000961534579251,0.0004623988600512965
1401.6828029385026,1401.6828029385026,0.9985319752914738,0.0004621084279216225
1401.6897474922246,1401.6897474922246,0.9993040019454409,0.00046224988279880663
1401.6966920459301,1401.6966920459301,1.0003102511028261,0.00046247545975815755
1401.7036365996344,1401.7036365996344,1.0002265061200852,0.00046237615808660085
1401.7105811533274,1401.7105811533274,1.0004281599860427,0.00046241391153513443
1401.717803489159,1401.717803489159,0.999343322438231,0.0004622644443993489
1401.7258591714149,1401.7258591714149,1.0006389600479162,0.00046249160494173563
1401.7328037250788,1401.7328037250788,1.000125154054988,0.0004623878706877083
1401.7397482787364,1401.7397482787364,0.9998701262081919,0.00046233893694610123
1401.7466928323722,1401.7466928323722,1.0002442525885367,0.00046242192623832917
1401.753637386001,1401.753637386001,0.9994847896305636,0.000462283068966863
1401.7605819396294,1401.7605819396294,0.9993311351455283,0.0004622921918772898
1401.7675264932523,1401.7675264932523,1.00114283144365,0.0004625584697545237
1401.7744710468519,1401.7744710468519,0.9996991805520912,0.0004623774849419553
1401.7814156004456,1401.7814156004456,0.9996679006482581,0.00046239807230458
1401.7883601540393,1401.7883601540393,0.9999245090946923,0.0004623769089619269
1401.7953047076103,1401.7953047076103,0.9999651931342075,0.00046245458866796946
1401.8022492611756,1401.8022492611756,0.9997168480563985,0.0004623910582455329
1401.8091938147347,1401.8091938147347,1.0004936268901774,0.00046234134833226896
1401.816138368276,1401.816138368276,1.000070025754948,0.0004623661037053054
1401.8230829218114,1401.8230829218114,0.9999578217134367,0.0004623819817951054
1401.8300274753412,1401.8300274753412,1.0001427981276214,0.0004622404875606576
1401.8369720288592,1401.8369720288592,0.9997666323314822,0.0004623179715105793
1401.8439165823597,1401.8439165823597,1.000206457810664,0.000462424982213271
1401.8508611358732,1401.8508611358732,1.000133034184568,0.0004624054263623661
1401.8578056893566,1401.8578056893566,1.0001577149131833,0.00046241293817802555
1401.864750242834,1401.864750242834,0.9999367259845796,0.000462389119733983
1401.8716947962935,1401.8716947962935,0.9997002824588691,0.0004623321261296506
1401.8814171711351,1401.8814171711351,1.0006276076559915,0.0004625605988083462
1401.8883617245779,1401.8883617245779,0.9992795287540259,0.00046224549675935415
1401.8953062780085,1401.8953062780085,1.00039792742978,0.0004625032707634623
1401.9022508314404,1401.9022508314404,0.9998389451694634,0.00046245559263244476
1401.9091953848479,1401.9091953848479,1.000314124779581,0.00046250961578859584
1401.9161399382551,1401.9161399382551,1.0008780676763531,0.00046259877217886007
1401.923084491651,1401.923084491651,0.9997879096280606,0.00046239560319830396
1401.9300290450296,1401.9300290450296,1.0003071443549783,0.0004624948581604114
1401.9369735984078,1401.9369735984078,0.9989375985332785,0.00046229853213442294
1401.943918151763,1401.943918151763,1.0003894211612345,0.0004625703284436584
1401.9508627051305,1401.9508627051305,1.0004550365948077,0.00046254121903211353
1401.9578072584686,1401.9578072584686,0.9989467918289282,0.000462345584577579
1401.9647518118063,1401.9647518118063,1.0002251494135934,0.000462590114802806
1401.9716963651204,1401.9716963651204,0.9998160237542963,0.00046243567606305154
1401.979752046963,1401.979752046963,0.9999952421945425,0.00046250529246943446
1401.9869743823938,1401.9869743823938,1.0004237538769145,0.000462531363510178
1401.9939189356905,1401.9939189356905,0.9999407803819448,0.0004623695364380279
1402.0019746174873,1402.0019746174873,1.0006753943962041,0.00046256249022370323
1402.0091969528833,1402.0091969528833,1.0000142386539228,0.00046244831440593874
1402.0161415061507,1402.0161415061507,0.9994545374378079,0.0004622877667340935
1402.0230860593952,1402.0230860593952,0.999438371381915,0.0004622758067010624
1402.0314195232781,1402.0314195232781,1.0005371198089625,0.00046245214750023406
1402.038364076505,1402.038364076505,1.0002512018152039,0.0004623640288935303
1402.045308629709,1402.045308629709,1.0000188599272064,0.00046235601305044465
1402.0522531829315,1402.0522531829315,0.9996353595981502,0.00046230529993998684
1402.059197736124,1402.059197736124,1.000082366739059,0.0004624673692848861
1402.0661422892924,1402.0661422892924,1.0004102811348576,0.0004624273269512912
1402.073086842473,1402.073086842473,0.9999074381854085,0.0004623475496228933
1402.0800313956302,1402.0800313956302,0.9995723844950042,0.0004623155589222606
1402.0869759487875,1402.0869759487875,1.0003258368593102,0.0004623730712730519
1402.0939205019272,1402.0939205019272,0.9995244372570756,0.0004623513665622807
1402.1008650550507,1402.1008650550507,1.0001380805843196,0.0004624387524097837
1402.1078096081728,1402.1078096081728,1.000029562584579,0.0004623530851469518
1402.1147541612834,1402.1147541612834,0.9999313820568879,0.0004623043415700261
1402.1216987143823,1402.1216987143823,0.999754344807952,0.00046229410523869794
1402.1286432674756,1402.1286432674756,1.0001421940918487,0.00046238556656750537
1402.135587820551,1402.135587820551,1.0005757943037674,0.0004624876204699951
1402.1425323736155,1402.1425323736155,0.9993862199374874,0.0004622324344354058
1402.1494769266633,1402.1494769266633,1.0003121296183657,0.0004624358971249363
1402.1564214797097,1402.1564214797097,1.000315024474125,0.0004624054546387726
1402.1633660327566,1402.1633660327566,1.0000608778462103,0.0004623265979429549
1402.1703105857796,1402.1703105857796,0.9996965318324662,0.0004623001763285592
1402.1772551387971,1402.1772551387971,1.0002410357978946,0.00046237341663160137
1402.184199691797,1402.184199691797,0.9993415592371813,0.0004622984492435479
1402.1911442447858,1402.1911442447858,1.00005183822172,0.00046245294770406054
1402.1980887977636,1402.1980887977636,0.9997811935146255,0.00046230901139816566
1402.20503335074,1402.20503335074,1.0005567702948999,0.00046249763614354184
1402.2119779036996,1402.2119779036996,1.0000366935097733,0.00046230730865206334
1402.2189224566475,1402.2189224566475,1.0004394749151804,0.0004624280276764618
1402.225867009589,1402.225867009589,0.9999334823219531,0.0004623491809342393
1402.2328115625194,1402.2328115625194,0.9994143776575637,0.0004622057864671434
1402.2397561154266,1402.2397561154266,1.000027986247467,0.0004622747282398705
1402.2475340146766,1402.2475340146766,0.9996643368581412,0.00046221780102927086
1402.25503413181,1402.25503413181,1.0002990514590355,0.0004622560648397513
1402.2619786846933,1402.2619786846933,1.000122697848052,0.0004622311571454732
1402.2689232375653,1402.2689232375653,1.0000139100973093,0.00046226905160223254
1402.2758677904258,1402.2758677904258,1.0001445630430923,0.00046224447991393
1402.2828123432685,1402.2828123432685,1.00005177566402,0.00046230799438527574
1402.2897568961066,1402.2897568961066,1.000231487309074,0.00046230235724751666
1402.2967014489323,1402.2967014489323,1.0002584954629539,0.00046239944720468924
1402.3036460017518,1402.3036460017518,0.9995357570804897,0.00046214259850015213
1402.310590554554,1402.310590554554,0.9998249187199514,0.00046229266900280183
1402.31753510735,1402.31753510735,1.0002567191118774,0.00046235551552326005
1402.3244796601289,1402.3244796601289,0.9991518826606436,0.00046223227981651493
1402.3314242129081,1402.3314242129081,1.0006441808300632,0.00046243199907333433
1402.3383687656647,1402.3383687656647,0.9996812222875849,0.0004623052372626869
1402.34531331842,1402.34531331842,0.9998490024147735,0.00046228914284889174
1402.3522578711468,1402.3522578711468,1.0004255990275182,0.0004623033275216266
1402.3592024238787,1402.3592024238787,0.9996245441697822,0.00046221183586307106
1402.366146976588,1402.366146976588,0.999977923105156,0.0004622589292416483
1402.3730915292967,1402.3730915292967,1.0000493860138604,0.0004623148831057582
1402.380036081989,1402.380036081989,1.0002115876823545,0.0004622961288562105
1402.38698063467,1402.38698063467,1.000472737977451,0.0004623543044176677
1402.393925187344,1402.393925187344,1.0006232197979277,0.0004623104167079806
1402.4008697400004,1402.4008697400004,1.0001160704421097,0.00046228960909556257
1402.4086476389643,1402.4086476389643,0.9992825370752929,0.00046210436066358533
1402.4161477558064,1402.4161477558064,0.9990526336841367,0.00046204976290789264
1402.42309230844,1402.42309230844,0.9995955160473751,0.00046222655560265263
1402.4300368610511,1402.4300368610511,1.0002989044585369,0.0004622353777787145
1402.4369814136435,1402.4369814136435,1.0003102797217438,0.0004622409987182499
1402.4439259662304,1402.4439259662304,1.0002121220633018,0.0004621735670995022
1402.4508705188114,1402.4508705188114,1.000469486604336,0.0004623404576719558
1402.4578150713746,1402.4578150713746,0.9998520672204092,0.00046214468371430495
1402.4647596239265,1402.4647596239265,0.999376422763054,0.0004621072292456087
1402.4717041764732,1402.4717041764732,1.0007825838354893,0.0004623728574708548
1402.4786487290025,1402.4786487290025,1.000081095729541,0.00046220191546078446
1402.485593281525,1402.485593281525,1.0000084565747613,0.00046229814415228444
1402.4925378340304,1402.4925378340304,1.0000738226782127,0.0004623592630878695
1402.499482386524,1402.499482386524,0.9989412465957974,0.0004619805556979657
1402.506426939006,1402.506426939006,1.000930179961863,0.00046244543885552974
1402.5133714914762,1402.5133714914762,0.9994276774671157,0.0004622122607203127
1402.5203160439364,1402.5203160439364,1.0004517161434088,0.00046235354126743044
1402.5272605964005,1402.5272605964005,0.9994993844182719,0.00046214146184166886
1402.5342051488303,1402.5342051488303,0.9993268705439761,0.000462196522644543
1402.5411497012599,1402.5411497012599,1.0004265158700556,0.00046227898722457655
1402.5480942536778,1402.5480942536778,1.0003462668048384,0.00046236091771474045
1402.5550388060783,1402.5550388060783,1.0003284668606485,0.0004621739062688466
1402.5619833584683,1402.5619833584683,1.0002060155856358,0.00046218533106212416
1402.5689279108515,1402.5689279108515,0.999279974347553,0.00046199880841983376
1402.5758724632174,1402.5758724632174,0.9999232562928085,0.00046212069548903084
1402.582817015577,1402.582817015577,0.9997231767876757,0.0004621031761792898
1402.5897615679132,1402.5897615679132,1.0003945044724503,0.00046214181195203057
1402.5967061202614,1402.5967061202614,0.9999529018973714,0.0004620798794102626
1402.6036506725807,1402.6036506725807,1.0005398969125952,0.00046221273775432295
1402.6105952248777,1402.6105952248777,0.9996600309495906,0.0004620091770603783
1402.617539777179,1402.617539777179,1.0009316550880811,0.00046230679107856783
1402.6244843294628,1402.6244843294628,0.9997671206452236,0.0004620725259039984
1402.6314288817352,1402.6314288817352,0.9995485473232195,0.0004620469764278075
1402.638373433996,1402.638373433996,0.9997555014066715,0.0004620820536987433
1402.6453179862394,1402.6453179862394,0.9998289987491102,0.000462096254129082
1402.6522625384841,1402.6522625384841,1.0003627068519638,0.00046214516838681216
1402.65920709071,1402.65920709071,0.9996039905243777,0.0004620991281010743
1402.6661516429183,1402.6661516429183,1.0001625845558422,0.00046210227683573125
1402.673096195121,1402.673096195121,0.998789883642204,0.00046187514972759235
1402.6822630040015,1402.6822630040015,0.9999801318789876,0.00046203206349653623
1402.6897631203492,1402.6897631203492,1.000135733540672,0.0004621192256282432
1402.696707672518,1402.696707672518,1.000087662214876,0.00046213468076880635
1402.7117079051247,1402.7117079051247,1.00036997950672,0.0004622059451293294
1402.7300415227178,1402.7300415227178,0.9998251776901643,0.00046234120861675593
1402.736986074799,1402.736986074799,0.9999954589507256,0.00046233993975847387
1402.7439306268798,1402.7439306268798,1.0006167802568764,0.00046236248741052396
1402.7508751789424,1402.7508751789424,1.0002564877994762,0.0004623631627790455
1402.7578197309995,1402.7578197309995,1.0004778816624955,0.0004623810291379014
1402.7647642830393,1402.7647642830393,0.9997896105214131,0.00046232206783125617
1402.7717088350669,1402.7717088350669,0.9996206548192543,0.00046219620756570616
1402.7786533870783,1402.7786533870783,1.0001281930005048,0.00046234898238172904
1402.7855979390836,1402.7855979390836,0.9996012180984666,0.0004622952602051902
1402.7925424910766,1402.7925424910766,0.9991925163004811,0.0004622164072758007
1402.7994870430525,1402.7994870430525,1.0001561377285664,0.0004624114220531505
1402.80643159501,1402.80643159501,1.0001899237659562,0.00046240550661464004
1402.8133761469683,1402.8133761469683,0.9990437474373006,0.0004622247122458152
1402.8203206989153,1402.8203206989153,1.0009307464262902,0.0004625019916170561
1402.8272652508394,1402.8272652508394,1.0001175822892632,0.0004622788444763852
1402.8342098027565,1402.8342098027565,1.000592667611778,0.00046237621999878787
1402.8411543546565,1402.8411543546565,1.0000113576183949,0.0004623006085327433
1402.8480989065622,1402.8480989065622,1.0001744978804281,0.00046232757728157303
1402.8550434584329,1402.8550434584329,0.9994200342629569,0.0004622632544039512
1402.8619880102983,1402.8619880102983,0.9992994012082382,0.0004621207848230018
1402.8689325621467,1402.8689325621467,1.0005573056227912,0.0004623942137094158
1402.8758771139887,1402.8758771139887,1.00028105106817,0.00046236286602708025
1402.8828216658187,1402.8828216658187,1.0009100122518517,0.00046244093825863273
1402.8897662176312,1402.8897662176312,0.9994174270810541,0.00046224494779949536
1402.8967107694382,1402.8967107694382,0.9991506115747655,0.00046215976407113613
1402.9036553212275,1402.9036553212275,0.9998448960717434,0.00046227810180834923
1402.9105998730006,1402.9105998730006,0.9996927833538811,0.0004621944559524106
1402.9175444247721,1402.9175444247721,1.0003090722772607,0.00046231565815413783
1402.9244889765148,1402.9244889765148,1.00035196010814,0.00046234506871980374
1402.931433528252,1402.931433528252,0.999738374654245,0.0004622874144116166
1402.9383780799885,1402.9383780799885,1.000914596129218,0.00046251465508661096
1402.9453226316969,1402.9453226316969,1.0003845834333949,0.00046233593514075587
1402.9522671833943,1402.9522671833943,1.0000361820097303,0.00046237112900392077
1402.9592117350844,1402.9592117350844,0.9998986925766022,0.000462300734088166
1402.9661562867575,1402.9661562867575,0.9989734251528706,0.0004621787827022299
1402.9731008384183,1402.9731008384183,0.9998750073435015,0.00046227984230415254
1402.9800453900739,1402.9800453900739,0.999851046087921,0.0004623285520238345
1402.9869899417067,1402.9869899417067,1.000150616176526,0.0004624024937625026
1402.9939344933339,1402.9939344933339,0.9997355638902041,0.0004623259968966436
1403.0008790449424,1403.0008790449424,0.9999913062582895,0.00046234865194860856
1403.0078235965454,1403.0078235965454,1.0008278073774182,0.00046248295242252627
1403.0147681481194,1403.0147681481194,0.999857233752353,0.0004623690899895791
1403.0217126996934,1403.0217126996934,1.0001495315839857,0.0004623349114984991
1403.0286572512503,1403.0286572512503,1.0003086028605,0.0004624010841619065
1403.035601802796,1403.035601802796,0.9995472760164784,0.0004623157117720781
1403.0425463543238,1403.0425463543238,0.9993545357997003,0.00046220741638511515
1403.0494909058393,1403.0494909058393,1.000127803169128,0.0004623233821100787
1403.0564354573492,1403.0564354573492,1.0005928409462548,0.0004624910146281705
1403.0633800088417,1403.0633800088417,1.00036071714679,0.00046238033764613666
1403.070324560323,1403.070324560323,0.9994851864446168,0.00046228348935811145
1403.077269111793,1403.077269111793,0.9998815827168359,0.00046242008342818727
1403.0842136632386,1403.0842136632386,1.0000313643530045,0.00046231203695671697
1403.0911582146844,1403.0911582146844,1.0001020301685142,0.00046234893209209807
1403.098102766107,1403.098102766107,0.9996627390968028,0.00046221857872782155
1403.1050473175178,1403.1050473175178,1.0005200588328793,0.0004623193385282974
1403.111991868918,1403.111991868918,0.9996394836594952,0.00046222245451177444
1403.1189364203008,1403.1189364203008,0.9997653595779123,0.0004622527251272627
1403.1258809716765,1403.1258809716765,1.000481778961176,0.00046237374189462015
1403.1328255230412,1403.1328255230412,0.9994741551804035,0.0004621774903321422
1403.1397700743823,1403.1397700743823,1.0001282464521162,0.000462311689151959
1403.1467146257176,1403.1467146257176,1.0001763774995327,0.0004623119263921821
1403.1536591770305,1403.1536591770305,0.9996950850689135,0.00046225155753907947
1403.1606037283311,1403.1606037283311,1.0004953691633438,0.0004624224862175689
1403.1675482796313,1403.1675482796313,1.0001896667081576,0.0004624018303644018
1403.174492830914,1403.174492830914,1.0002253657186024,0.0004623346261558196
1403.1814373821794,1403.1814373821794,0.9995855151657078,0.0004622744737653943
1403.1883819334278,1403.1883819334278,1.0004829607992998,0.00046244914719344903
1403.1953264846654,1403.1953264846654,0.9998266395214538,0.00046229619138213633
1403.2022710358956,1403.2022710358956,1.000027923228496,0.00046235524282451566
1403.2106044973457,1403.2106044973457,0.9998247301379852,0.00046236058343696994
1403.2175490485413,1403.2175490485413,0.9991995271212006,0.00046216514352428957
1403.2244935997135,1403.2244935997135,1.0000090645797037,0.0004623626953253565
1403.2314381508982,1403.2314381508982,0.9998044074798077,0.0004622550236696877
1403.2383827020476,1403.2383827020476,1.00028732756302,0.00046232791257806293
1403.245327253179,1403.245327253179,1.0005775461770727,0.00046237508952326494
1403.2522718043108,1403.2522718043108,0.999662712957765,0.00046224464978758165
1403.2592163554189,1403.2592163554189,1.0008011509064274,0.00046241062788885485
1403.2661609065215,1403.2661609065215,0.9999795649803653,0.0004623632695221711
1403.273105457602,1403.273105457602,1.0002108414462503,0.0004623220852467139
1403.2800500086753,1403.2800500086753,0.999646673473328,0.0004621969249712559
1403.2869945597317,1403.2869945597317,0.9996125526848825,0.00046227518199626355
1403.2939391107757,1403.2939391107757,1.0001470757380688,0.0004623527470837996
1403.3008836618083,1403.3008836618083,1.0002467972343472,0.0004623200376113864
1403.3078282128176,1403.3078282128176,0.9989958473700368,0.0004621454839505817
1403.3147727638282,1403.3147727638282,0.9995852684658315,0.0004622355827104263
1403.3217173148084,1403.3217173148084,1.00070349198814,0.00046235347129095546
1403.3286618657826,1403.3286618657826,1.000138303327107,0.0004622912933731715
1403.3356064167453,1403.3356064167453,1.0000218837018686,0.0004623445989239947
1403.342550967685,1403.342550967685,1.0000129441723193,0.0004622607281945139
1403.3494955186193,1403.3494955186193,1.000276592350522,0.00046229186678742985
1403.3564400695363,1403.3564400695363,0.9999090181555207,0.0004622578524220974
1403.3633846204407,1403.3633846204407,1.0000832753620639,0.0004621656303137178
1403.3703291713277,1403.3703291713277,1.0003689115676933,0.00046231757397039423
1403.3772737222148,1403.3772737222148,1.000166224029377,0.00046224579677940473
1403.3842182730727,1403.3842182730727,0.9993760902561727,0.00046207968042505593
1403.3911628239143,1403.3911628239143,0.999238977868564,0.0004621326051070905
1403.3981073747434,1403.3981073747434,1.000531979329797,0.00046230215628170225
1403.4050519255663,1403.4050519255663,1.0000951757084884,0.000462271208261416
1403.411996476366,1403.411996476366,1.0004269875736869,0.00046233033419320506
1403.4189410271604,1403.4189410271604,0.999863201830785,0.00046214373193390735
1403.4258855779312,1403.4258855779312,0.9998583069430534,0.00046223883006687294
1403.4328301286973,1403.4328301286973,1.0004965421701146,0.00046231322480792293
1403.4397746794384,1403.4397746794384,1.0001218868192125,0.0004622671029218496
1403.4467192301859,1403.4467192301859,0.999932958222748,0.00046220152726066815
1403.4536637809047,1403.4536637809047,0.9998102405561416,0.0004621982673053835
1403.4606083315934,1403.4606083315934,1.000800124641242,0.00046245184963625703
1403.4675528822897,1403.4675528822897,0.9999478189156619,0.00046229982175071294
1403.4756085610704,1403.4756085610704,0.9994746111128381,0.0004621760341828098
1403.4828308937535,1403.4828308937535,0.9998160501462326,0.0004621919140245515
1403.489775444396,1403.489775444396,0.9997509467585791,0.0004622641179151582
1403.4967199950272,1403.4967199950272,1.000313349084832,0.00046228426503531404
1403.5036645456355,1403.5036645456355,0.999202055868105,0.0004621466827308663
1403.510609096244,1403.510609096244,1.0009952928203765,0.0004623671499750826
1403.5175536468166,1403.5175536468166,0.9998898323260409,0.00046226612963714214
1403.5244981973892,1403.5244981973892,0.9997591136799009,0.00046216222102178877
1403.5314427479505,1403.5314427479505,0.9997215097622083,0.00046221176195903533
1403.5383872984944,1403.5383872984944,1.0003224759431906,0.00046227060603652655
1403.5453318490217,1403.5453318490217,1.000456122648152,0.00046221497817968397
1403.5522763995305,1403.5522763995305,0.999718422106367,0.0004621152010126033
1403.5592209500276,1403.5592209500276,0.9999772958311617,0.00046205789902569133
1403.5661655005072,1403.5661655005072,1.0006086902504618,0.0004622540313188952
1403.5731100509752,1403.5731100509752,1.0000182034912957,0.00046223281251442876
1403.5800546014207,1403.5800546014207,0.9991488840612803,0.0004620510997988064
1403.5869991518775,1403.5869991518775,1.0004827284795412,0.00046231213248473194
1403.593943702287,1403.593943702287,1.0001177711172329,0.00046223398732604453
1403.6008882526971,1403.6008882526971,1.000297796620702,0.00046233083294116813
1403.6078328030892,1403.6078328030892,0.9997810103701548,0.00046223042145255883
1403.6150551354879,1403.6150551354879,0.999850475296873,0.00046230897375263216
1403.6231108139025,1403.6231108139025,0.9995111783695496,0.00046227998233224686
1403.6300553642482,1403.6300553642482,0.9998123118203639,0.0004622732198150411
1403.6369999145766,1403.6369999145766,0.9998254889351825,0.0004622915438166112
1403.6439444648931,1403.6439444648931,1.0007488207915212,0.00046245276646938354
1403.6508890151986,1403.6508890151986,1.000140396468033,0.00046237465745717105
1403.6578335654813,1403.6578335654813,0.9999618528648124,0.000462323033284106
1403.6647781157512,1403.6647781157512,0.9993186909548364,0.000462159149247721
1403.6720004480153,1403.6720004480153,1.0005611566652384,0.00046234502301121
1403.6800561262894,1403.6800561262894,0.9997351642868251,0.0004622449872469932
1403.6870006765134,1403.6870006765134,1.0005461972334513,0.0004623225594913525
1403.6939452267204,1403.6939452267204,0.9995031958556193,0.00046213854522878813
1403.700889776909,1403.700889776909,0.9997502976292703,0.00046215616720403667
1403.7078343270862,1403.7078343270862,1.000015910880607,0.00046216497610074146
1403.7147788772395,1403.7147788772395,1.0002183175914987,0.0004622125023102759
1403.721723427405,1403.721723427405,1.0000812364912552,0.00046222732457397713
1403.728667977519,1403.728667977519,0.9998988991402259,0.0004622007345524436
1403.7364458736483,1403.7364458736483,1.0001772487320373,0.0004622145061609825
1403.7439459877546,1403.7439459877546,0.999829439314221,0.0004621509953216975
1403.7508905378386,1403.7508905378386,1.000681123445564,0.0004623397002537331
1403.7589462159149,1403.7589462159149,1.0004610323213885,0.00046230281227120564
1403.766168547959,1403.766168547959,0.9993630378881562,0.00046212201235766527
1403.7731130979964,1403.7731130979964,0.999909581360771,0.00046216043903364183
1403.7811687760147,1403.7811687760147,0.9994453644502869,0.0004620464115091333
1403.7883911080166,1403.7883911080166,0.9999362474085517,0.0004621585454754053
1403.7953356579899,1403.7953356579899,0.9998413247156408,0.000462161221153062
1403.8022802079583,1403.8022802079583,1.0004341371676475,0.00046229858858157214
1403.8092247579143,1403.8092247579143,0.9995726297659726,0.00046221508697404464
1403.8161693078407,1403.8161693078407,1.0003570726171036,0.0004622350698305717
1403.8231138577619,1403.8231138577619,1.0002826369108742,0.0004621933437079933
1403.830058407671,1403.830058407671,1.0000352041188798,0.0004621621731340373
1403.8370029575576,1403.8370029575576,1.0001303553520136,0.0004622196647749416
1403.8439475074213,1403.8439475074213,0.9995916207403439,0.0004620591082846336
1403.8508920572954,1403.8508920572954,0.9996374401793833,0.00046202296212690075
1403.8578366071285,1403.8578366071285,1.0006752204309497,0.00046221559927316324
1403.8647811569508,1403.8647811569508,1.0003407750618958,0.00046218569118648906
1403.8717257067613,1403.8717257067613,0.9995617755792008,0.00046201000174901825
1403.8786702565549,1403.8786702565549,0.9996182908271596,0.00046203933909878304
1403.8856148063246,1403.8856148063246,0.9993663558188898,0.00046204987325167417
1403.892559356094,1403.892559356094,1.0004286666460724,0.0004622822033546421
1403.8995039058398,1403.8995039058398,1.0009586522061393,0.0004622939461412172
1403.9064484555638,1403.9064484555638,1.000057661001424,0.0004622104280408524
1403.9133930052928,1403.9133930052928,0.9997678446504604,0.0004621341958075078
1403.9203375549864,1403.9203375549864,0.9998591162782254,0.0004621784954441416
1403.9272821046632,1403.9272821046632,0.9997166310683125,0.0004621664494093616
1403.934226654328,1403.934226654328,1.0000367135999895,0.0004622488172851354
1403.9420045499398,1403.9420045499398,0.9999532344633675,0.000462185644125933
1403.9495046635348,1403.9495046635348,0.9998230150347472,0.0004621540383566875
1403.9564492131528,1403.9564492131528,0.9999200003238154,0.0004621413994521935
1403.9633937627475,1403.9633937627475,1.000398457583736,0.00046233936418578464
1403.9703383123367,1403.9703383123367,1.0004434534938196,0.00046243525026105914
1403.9772828618911,1403.9772828618911,1.0005454396982385,0.0004624093532539932
1403.984227411446,1403.984227411446,0.9998341021988895,0.00046228753816435425
1403.991171960977,1403.991171960977,0.9994939701933305,0.0004622244245890943
1403.9981165104964,1403.9981165104964,0.9994022137393397,0.00046215819568276334
1404.0050610599978,1404.0050610599978,0.9998724844638757,0.0004621858018943957
1404.0120056094827,1404.0120056094827,0.9995140448489692,0.0004621968570652093
1404.0189501589443,1404.0189501589443,0.9998110338353063,0.0004622000798858225
1404.0258947083998,1404.0258947083998,1.000053234459171,0.0004621853568920082
1404.0331170398076,1404.0331170398076,1.0002201061107978,0.00046222171233453675
1404.0411727171218,1404.0411727171218,1.0007446789227592,0.00046228813843486854
1404.0481172665313,1404.0481172665313,1.0010086906794577,0.0004622541955353154
1404.0550618159173,1404.0550618159173,0.9989410741343902,0.0004619244471030444
1404.062006365279,1404.062006365279,0.9998678370299172,0.00046201147760749394
1404.0689509146355,1404.0689509146355,1.0002248135450555,0.000462101338959876
1404.0758954639625,1404.0758954639625,1.0009038085029756,0.0004621527374454565
1404.0828400132784,1404.0828400132784,1.0002234989201035,0.0004621631133642641
1404.0897845625773,1404.0897845625773,1.0003969067243579,0.00046214368687116545
1404.0967291118695,1404.0967291118695,0.9990322346192138,0.00046200437463252435
1404.1036736611327,1404.1036736611327,1.0002995529710041,0.00046224840734542395
1404.1106182103724,1404.1106182103724,0.9996832350923336,0.00046218858947513547
1404.1175627596126,1404.1175627596126,0.9992392619462281,0.00046209664248892545
1404.1245073088244,1404.1245073088244,1.0003195710041237,0.0004622750695145681
1404.1314518580173,1404.1314518580173,1.000169626458664,0.00046222011731656147
1404.1383964072047,1404.1383964072047,1.000481755984349,0.00046231698739724534
1404.145340956369,1404.145340956369,0.9996706085415935,0.000462187866273778
1404.1522855055161,1404.1522855055161,0.9998770840976128,0.00046215508775890063
1404.1592300546577,1404.1592300546577,1.0002973436492506,0.0004622391220429942
1404.1661746037637,1404.1661746037637,1.0005024667297966,0.0004622468398846966
1404.173119152858,1404.173119152858,0.9999354512626148,0.0004620958916958115
1404.180063701941,1404.180063701941,0.9998475506484699,0.0004621583908936993
1404.1870082510065,1404.1870082510065,0.9995621656933569,0.0004620514396601885
1404.1939528000491,1404.1939528000491,0.9998769962425136,0.00046214875781193837
1404.2008973490797,1404.2008973490797,0.9996761663972469,0.00046210065712904113
1404.2078418980923,1404.2078418980923,1.0004169718954343,0.0004622247726464034
1404.214786447076,1404.214786447076,1.0000591791605775,0.0004621398540700534
1404.2217309960547,1404.2217309960547,0.9996292996231884,0.00046210741263529335
1404.2286755450211,1404.2286755450211,1.0005038145137983,0.00046223029521132267
1404.236731221794,1404.236731221794,1.000273957730101,0.00046221347763399236
1404.2453424624553,1404.2453424624553,1.0003662829973394,0.00046219631313491953
1404.252287011357,1404.252287011357,0.9996957818337563,0.00046209829255019537
1404.2592315602437,1404.2592315602437,0.999524366385008,0.0004620615144364219
1404.2661761091108,1404.2661761091108,1.0005038799052692,0.0004622225134149805
1404.273120657949,1404.273120657949,0.999626896722785,0.0004621398087017607
1404.280065206793,1404.280065206793,0.999356010986069,0.0004620922029134861
1404.2870097556024,1404.2870097556024,1.0002997854786924,0.00046215023713868096
1404.2939543044008,1404.2939543044008,0.9996917852598479,0.0004620708212787806
1404.3008988531808,1404.3008988531808,1.0004279030851913,0.00046224051081790614
1404.307843401943,1404.307843401943,1.0006706145814888,0.0004621888743952687
1404.3147879506882,1404.3147879506882,0.9995788273196295,0.00046205492593259475
1404.3217324994105,1404.3217324994105,0.9997675122768628,0.00046204751987228177
1404.328677048127,1404.328677048127,1.0006339398041257,0.0004621386830291868
1404.3356215968083,1404.3356215968083,0.9994474988266326,0.00046201580138987
1404.3425661454894,1404.3425661454894,1.000445294818948,0.00046215453135901397
1404.349510694147,1404.349510694147,0.9996085345024948,0.0004620381027369503
1404.3564552427822,1404.3564552427822,0.9997203542579376,0.0004619878510595208
1404.3633997914058,1404.3633997914058,1.0002573663157261,0.0004620969644460006
1404.3703443400052,1404.3703443400052,1.0001300946037255,0.0004619853689198773
1404.377288888593,1404.377288888593,0.999603722555268,0.00046196289193611677
1404.3842334371577,1404.3842334371577,1.000095402880898,0.0004620740054767517
1404.3911779857058,1404.3911779857058,0.9998968596320765,0.0004620486958013865
1404.3981225342416,1404.3981225342416,1.000072009568927,0.00046194380807763316
1404.405067082754,1404.405067082754,1.0004576599329926,0.0004620576181519366
1404.4120116312424,1404.4120116312424,1.0001044250456477,0.00046207414700935763
1404.4189561797257,1404.4189561797257,1.0009214252713785,0.00046224999076660095
1404.4259007281812,1404.4259007281812,0.9997389466336649,0.00046206085545352803
1404.4328452766235,1404.4328452766235,0.9988380256926399,0.0004620036278159387
1404.4397898250484,1404.4397898250484,1.0002240904401076,0.00046213594944673615
1404.4467343734384,1404.4467343734384,1.0000500571571895,0.00046205834564547996
1404.4536789218287,1404.4536789218287,0.9995230957134291,0.0004620821202311879
1404.4606234702078,1404.4606234702078,0.9996076056949865,0.0004619987900609043
1404.4675680185514,1404.4675680185514,1.0001525798960225,0.00046217184890880007
1404.4745125668887,1404.4745125668887,1.000290647958163,0.0004621971780004723
1404.482568242928,1404.482568242928,0.9998312295072955,0.00046200364741017777
1404.4897905731498,1404.4897905731498,1.0001570883355781,0.00046214054949078685
1404.4967351214239,1404.4967351214239,1.000848683896893,0.000462267394680419
1404.503679669686,1404.503679669686,1.000640527566833,0.00046223444002735576
1404.510624217913,1404.510624217913,0.9992307830114677,0.00046198640959105753
1404.517568766134,1404.517568766134,1.0005576280810513,0.0004621334298065937
1404.524513314333,1404.524513314333,0.9990083446465988,0.0004619031302731582
1404.5314578625134,1404.5314578625134,0.9996360505745019,0.00046203160823713363
1404.5384024106766,1404.5384024106766,1.0000929476402018,0.0004621428790630341
1404.5453469588163,1404.5453469588163,1.0002543014571676,0.00046217596042921245
1404.552291506939,1404.552291506939,0.9995978184310893,0.0004620616176319851
1404.559236055062,1404.559236055062,0.9997962155110468,0.00046215720179747764
1404.5664583850555,1404.5664583850555,1.000897119938438,0.0004622026994331702
1404.5745140608155,1404.5745140608155,1.0002918027858614,0.00046216773072846876
1404.5814586088622,1404.5814586088622,1.0000268788583486,0.00046216309800884727
1404.5892365026523,1404.5892365026523,1.000274708475799,0.0004621454689146086
1404.5967366144948,1404.5967366144948,0.9990498466365875,0.0004621224445836399
1404.6047922901557,1404.6047922901557,1.000106069144297,0.0004620833443611874
1404.6120146200333,1404.6120146200333,1.0002411839142158,0.0004622306081777868
1404.6203480775723,1404.6203480775723,0.9995582116606105,0.00046200122417658465
1404.630070444655,1404.630070444655,1.000231250874164,0.00046210483645251366
1404.6370149925563,1404.6370149925563,0.9997016928077924,0.0004621338949727205
1404.643959540428,1404.643959540428,1.0006879044173396,0.00046222678654205695
1404.6522929978564,1404.6522929978564,0.9993387264606832,0.0004619497582149585
1404.6592375456826,1404.6592375456826,1.0001550751378678,0.00046213525685966474
1404.6661820934903,1404.6661820934903,1.0001153108342666,0.0004620830880732488
1404.6731266412985,1404.6731266412985,1.0005226332226795,0.0004622574653236473
1404.6800711890714,1404.6800711890714,0.9992848683947895,0.00046189627826699424
1404.687015736828,1404.687015736828,1.0004658583206436,0.00046224713720854416
1404.6939602845662,1404.6939602845662,0.9998986615147881,0.0004620188228010039
1404.7009048322866,1404.7009048322866,0.99989801661765,0.0004621000981192197
1404.722294039117,1404.722294039117,0.9997848854679132,0.0004619868809650635
1404.7328497515348,1404.7328497515348,1.0000473495404187,0.0004621525140637313
1404.7397942991447,1404.7397942991447,1.000516947133392,0.0004622509071963084
1404.7467388467326,1404.7467388467326,0.9998790315502022,0.000462134860089214
1404.7536833943022,1404.7536833943022,1.0000392635061766,0.00046230401348205317
1404.760627941854,1404.760627941854,0.9994250947254152,0.0004621399154741266
1404.7675724893943,1404.7675724893943,0.9998622497996321,0.0004622676527545158
1404.7745170368994,1404.7745170368994,1.000809117759236,0.00046236874404793183
1404.7814615843886,1404.7814615843886,1.0001867346139135,0.0004623064243138426
1404.7884061318587,1404.7884061318587,0.999055675937651,0.00046216822967213927
1404.7953506793115,1404.7953506793115,1.0002785156400982,0.00046245813282086277
1404.8022952267352,1404.8022952267352,1.0000186820816381,0.0004623560164116868
1404.8092397741534,1404.8092397741534,0.99982997693895,0.000462428905601096
1404.8161843215491,1404.8161843215491,1.0005918940710472,0.00046248163593200816
1404.8231288689208,1404.8231288689208,0.9997780180976601,0.00046242554896767636
1404.8300734162683,1404.8300734162683,1.0005135150773592,0.0004624882313167673
1404.8370179635936,1404.8370179635936,0.999263371052758,0.00046231848335984637
1404.8439625109136,1404.8439625109136,1.0000097801205583,0.00046236274243804725
1404.8509070582036,1404.8509070582036,0.999896419899728,0.0004623934797755529
1404.857851605476,1404.857851605476,0.999466836776959,0.000462338563453989
1404.864796152725,1404.864796152725,1.0003589643705808,0.0004624383518212371
1404.8717406999629,1404.8717406999629,1.0000784693547202,0.0004623511079478341
1404.8786852471662,1404.8786852471662,1.000451690441496,0.0004624375882206707
1404.885629794357,1404.885629794357,0.9999696699012324,0.00046233703014324673
1404.892574341525,1404.892574341525,1.000282762519152,0.00046234910336884926
1404.899518888675,1404.899518888675,1.0002186966140159,0.00046229399070850385
1404.9064634358028,1404.9064634358028,0.9998349376145906,0.0004623668913413965
1404.913963546685,1404.913963546685,0.9997757922152275,0.0004623046976769235
1404.9217414394147,1404.9217414394147,0.9997756123592444,0.0004623059358933996
1404.9286859864835,1404.9286859864835,0.9999963864263656,0.00046240261877458576
1404.9356305335295,1404.9356305335295,0.9999973646803536,0.0004624832709669846
1404.9425750805462,1404.9425750805462,0.999345297867795,0.0004623002283838921
1404.9495196275507,1404.9495196275507,1.0003319781310571,0.00046250321801747025
1404.9564641745321,1404.9564641745321,1.0005686709288715,0.00046257017053688885
1404.9634087214904,1404.9634087214904,0.9998356131601767,0.0004623864207738594
1404.9703532684266,1404.9703532684266,1.0002203157037481,0.0004624684764220254
1404.9772978153555,1404.9772978153555,0.9996993601787129,0.00046231086150972875
1404.9842423622492,1404.9842423622492,0.9992676434226219,0.0004622714240900925
1404.9911869091204,1404.9911869091204,1.000651846774986,0.0004624746009932701
1404.9981314559802,1404.9981314559802,0.9997471185251408,0.00046230482766956025
1405.005076002822,1405.005076002822,1.0001796838627868,0.000462350198544759
1405.0120205496291,1405.0120205496291,1.0000715434406025,0.0004623588387678799
1405.018965096418,1405.018965096418,1.0002174530667276,0.0004624315477620088
1405.0259096432023,1405.0259096432023,1.0007008161109552,0.0004624447780815848
1405.0328541899514,1405.0328541899514,0.9996195121675676,0.00046226935475340294
1405.0397987366764,1405.0397987366764,0.999980734632015,0.0004624006286940103
1405.0467432833902,1405.0467432833902,0.9991233870244128,0.000462259241576758
1405.0536878300804,1405.0536878300804,0.9999813138158604,0.000462390323431156
1405.0606323767486,1405.0606323767486,1.0004367089940391,0.0004625259676864491
1405.0675769233928,1405.0675769233928,1.0000535210742711,0.00046247565882762896
1405.0745214700132,1405.0745214700132,1.0000334545256866,0.00046240527838968336
1405.0814660166106,1405.0814660166106,1.0000444618399398,0.00046238869219159575
1405.0884105632024,1405.0884105632024,1.0000290978881843,0.00046239350776915963
1405.0953551097537,1405.0953551097537,0.999801368617191,0.00046246871936581394
1405.1022996562929,1405.1022996562929,0.9996570236519418,0.0004623850329298389
1405.1092442028198,1405.1092442028198,1.0002009299543722,0.0004624259862305061
1405.1161887493067,1405.1161887493067,0.9997309100212741,0.0004623600069463615
1405.123133295777,1405.123133295777,1.0003832721566077,0.00046243246270765055
1405.1300778422342,1405.1300778422342,1.000604526598155,0.00046246547308008803
1405.137300170517,1405.137300170517,0.9993011945726158,0.00046219225899208255
1405.1453558443445,1405.1453558443445,1.0004867839813432,0.000462365690326063
1405.1523003907332,1405.1523003907332,0.9994593268799893,0.0004622350657459887
1405.1592449370862,1405.1592449370862,1.0002464265750475,0.0004624181681237667
1405.1661894834328,1405.1661894834328,1.0000662719960811,0.0004623333644379312
1405.173134029745,1405.173134029745,1.0003761272571978,0.00046235799623504286
1405.1800785760342,1405.1800785760342,0.9997226755296925,0.0004622658947157444
1405.1870231223118,1405.1870231223118,0.9996396105375768,0.0004622770085495515
1405.1939676685656,1405.1939676685656,0.9997030015701901,0.0004622980144957507
1405.200912214796,1405.200912214796,0.9998323569053225,0.00046223276635859196
1405.2078567610035,1405.2078567610035,1.0003944779603111,0.0004623232265316365
1405.2148013071828,1405.2148013071828,1.0002193232909895,0.0004622585701060532
1405.2217458533432,1405.2217458533432,1.0000616356682948,0.0004622092056163314
1405.2286903994864,1405.2286903994864,1.0001463349194297,0.00046229739974331014
1405.2356349456006,1405.2356349456006,0.9996347501629513,0.0004622034255275842
1405.2425794916926,1405.2425794916926,1.0001478955390373,0.0004622212811505553
1405.2495240377775,1405.2495240377775,1.0004153870418566,0.00046233521294737346
1405.2564685838158,1405.2564685838158,1.0000871471657518,0.0004622829803532161
1405.2634131298485,1405.2634131298485,0.9993722462014484,0.0004621558542157612
1405.270357675853,1405.270357675853,1.0006805816587927,0.00046237681789888276
1405.2773022218337,1405.2773022218337,0.9996138331671969,0.0004621918360249237
1405.284246767796,1405.284246767796,0.999448319276558,0.00046215825120930407
1405.2911913137355,1405.2911913137355,1.0000535816710792,0.0004622276955906403
1405.2981358596462,1405.2981358596462,1.0001682140934882,0.0004621752130054135
1405.3050804055401,1405.3050804055401,0.9996985866774042,0.00046219469020427115
1405.31202495141,1405.31202495141,1.00072668572605,0.00046233891787585986
1405.318969497256,1405.318969497256,0.9997437240532914,0.0004621947999110481
1405.3259140430794,1405.3259140430794,1.0001876113282282,0.0004621999034176447
1405.33285858888,1405.33285858888,0.9994725466154101,0.0004620944460960787
1405.339803134668,1405.339803134668,1.000138008587754,0.00046220235238427404
1405.3467476804096,1405.3467476804096,1.000012800228077,0.0004622689746014946
1405.3536922261394,1405.3536922261394,0.9998757816033252,0.0004621606137603008
1405.360636771859,1405.360636771859,1.0004919165000417,0.00046235136417464054
1405.3675813175366,1405.3675813175366,1.000805801054248,0.00046244140570180295
1405.3745258632025,1405.3745258632025,1.0006989133078372,0.0004623706010179117
1405.3814704088277,1405.3814704088277,1.0002168580683424,0.00046234438321810536
1405.3884149544538,1405.3884149544538,1.0001611645962885,0.0004623117339749702
1405.39535950005,1405.39535950005,0.9993119475108839,0.0004622208410717088
1405.402304045623,1405.402304045623,0.9993396671327585,0.0004621725847960284
1405.4092485911665,1405.4092485911665,1.000148076634875,0.0004623133671357296
1405.4161931366873,1405.4161931366873,0.9997903339437395,0.0004622746514511123
1405.4231376821735,1405.4231376821735,1.000487703256722,0.0004622976680313539
1405.430082227653,1405.430082227653,1.000228779433291,0.0004622918073297808
1405.4370267731153,1405.4370267731153,1.0001150415795454,0.0004622693227378292
1405.4439713185427,1405.4439713185427,0.9998825035067689,0.00046212379720160626
1405.4509158639473,1405.4509158639473,0.9996298989803287,0.0004620674880685612
1405.4578604093283,1405.4578604093283,1.0003641995504906,0.00046218629719434163
1405.464804954674,1405.464804954674,1.0004031698312807,0.00046224697044522627
1405.4717495000082,1405.4717495000082,0.9999276893589976,0.000462087985581074
1405.4786940453262,1405.4786940453262,0.999599168609619,0.00046207300644954686
1405.4856385906137,1405.4856385906137,1.000284271350544,0.00046215713719746627
1405.4925831358719,1405.4925831358719,0.9997472844332508,0.0004620689743888875
1405.499527681107,1405.499527681107,1.0002856796540036,0.0004621507169855551
1405.5064722263255,1405.5064722263255,0.9998130873847618,0.00046218331820339616
1405.5134167715205,1405.5134167715205,1.0000556979347255,0.00046217294732390395
1405.5203613166739,1405.5203613166739,0.9999019554122288,0.00046220699069501376
1405.527305861816,1405.527305861816,1.0004237361889718,0.00046230322699952807
1405.5342504069356,1405.5342504069356,0.999959469021831,0.00046223235816640097
1405.541750515629,1405.541750515629,0.9999667589942766,0.0004622684367948878
1405.5495284060949,1405.5495284060949,0.9998439452929953,0.0004621702027185216
1405.5564729511377,1405.5564729511377,0.9991991079771833,0.00046207717822043307
1405.5634174961585,1405.5634174961585,1.0001524217649822,0.0004621967699680515
1405.5703620411437,1405.5703620411437,1.000155311659887,0.0004621493567918216
1405.577306586111,1405.577306586111,0.9999909920853508,0.0004621598675715726
1405.5842511310493,1405.5842511310493,1.0000803019377786,0.00046212643247509923
1405.5920290213649,1405.5920290213649,1.0002818202724932,0.00046222848138555123
1405.5995291298368,1405.5995291298368,1.000612566592925,0.0004621445848538274
1405.6064736746935,1405.6064736746935,0.999733698356776,0.0004620437390785204
1405.613418219527,1405.613418219527,0.9997691553742264,0.0004620879196125242
1405.620362764344,1405.620362764344,0.9997692214151052,0.0004620343277835579
1405.6273073091256,1405.6273073091256,1.0000232873225054,0.00046209260291868134
1405.6342518539009,1405.6342518539009,1.000850580379855,0.00046223034981834904
1405.6411963986295,1405.6411963986295,0.9994611183054009,0.0004620424154481123
1405.6481409433418,1405.6481409433418,1.0003403541871212,0.0004621663481805486
1405.6550854880243,1405.6550854880243,0.9995004345962819,0.0004621423469529687
1405.662585596263,1405.662585596263,0.9994313827565302,0.00046218668982337763
1405.67036348624,1405.67036348624,0.9997829111262726,0.0004621117217780713
1405.6773080308474,1405.6773080308474,1.0007766815757178,0.0004622339174593426
1405.6842525754366,1405.6842525754366,1.0006583553400656,0.0004623986894059304
1405.6911971199909,1405.6911971199909,0.9999010101676878,0.00046210235373603134
1405.6981416645217,1405.6981416645217,0.9996602005007643,0.0004621497340604975
1405.7050862090243,1405.7050862090243,0.999833794285891,0.00046215784970130794
1405.712030753503,1405.712030753503,0.9992669384709622,0.0004621000619665569
1405.7189752979582,1405.7189752979582,0.9999968202714046,0.0004621167702102807
1405.7259198423842,1405.7259198423842,0.9999276242028154,0.0004620936896395096
1405.7328643867822,1405.7328643867822,1.0010596622143901,0.00046230399280965535
1405.739808931162,1405.739808931162,1.0002385903873743,0.00046224482019291467
1405.7467534755124,1405.7467534755124,1.0000179549773307,0.000462114731720556
1405.7536980198333,1405.7536980198333,0.999695801577983,0.00046208689756076064
1405.7606425641322,1405.7606425641322,0.999892904533221,0.0004621130454723971
1405.7675871084073,1405.7675871084073,1.0002125011013032,0.0004621262366455034
1405.7745316526532,1405.7745316526532,0.9995880970413531,0.000462107436844292
1405.7814761968698,1405.7814761968698,0.9999363203036387,0.00046209578674444817
1405.7884207410636,1405.7884207410636,0.9997488084902484,0.0004620567626518309
1405.795365285234,1405.795365285234,0.9998346594398873,0.00046201609627938083
1405.8023098293693,1405.8023098293693,1.0002914089764023,0.0004621661806211595
1405.8092543734924,1405.8092543734924,1.0004227063476527,0.0004622794307703322
1405.8175878263926,1405.8175878263926,0.9997993235452842,0.00046205675544224627
1405.8245323704523,1405.8245323704523,0.9998997092585512,0.0004620313243920089
1405.8314769144822,1405.8314769144822,1.0001601259512962,0.0004621247947110351
1405.8384214584835,1405.8384214584835,1.0003475490919207,0.0004621311019819307
1405.8456437842174,1405.8456437842174,1.0002344126520453,0.00046208978434311547
1405.853699455199,1405.853699455199,0.9990419363403438,0.00046189053416952704
1405.8606439991186,1405.8606439991186,0.9997115653231884,0.00046194530077657575
1405.8675885430034,1405.8675885430034,1.000376235245988,0.0004621030344255592
1405.8745330868774,1405.8745330868774,0.999791794912235,0.00046208721125462466
1405.88147763071,1405.88147763071,1.000728622359801,0.00046224619266331047
1405.8884221745247,1405.8884221745247,0.9999308061219917,0.0004619976526887744
1405.8953667183046,1405.8953667183046,0.999647663191072,0.00046201229293354963
1405.9023112620625,1405.9023112620625,1.0002762279390436,0.00046210300008121775
1405.90925580579,1405.90925580579,1.0000085608990763,0.0004620981299017125
1405.9162003495003,1405.9162003495003,1.0000712226126311,0.00046208988399429145
1405.9231448931696,1405.9231448931696,0.9998587162504657,0.00046214175031250896
1405.9300894368225,1405.9300894368225,0.9994302531938228,0.0004619645704904027
1405.93703398044,1405.93703398044,1.0002861782552366,0.0004621841144111554
1405.9439785240393,1405.9439785240393,1.0001120293232757,0.000462164243678853
1405.950923067598,1405.950923067598,1.000432445174103,0.0004622601248481053
1405.9578676111403,1405.9578676111403,1.0002507782693404,0.0004621473758986269
1405.9648121546527,1405.9648121546527,0.9996306611824464,0.00046211342640107265
1405.9717566981299,1405.9717566981299,1.000481429370911,0.00046223411366129783
1405.9787012415782,1405.9787012415782,0.9999288851888917,0.0004621557153820899
1405.9856457850158,1405.9856457850158,0.9998113003154305,0.00046215070253178
1405.9925903284118,1405.9925903284118,1.000097605327242,0.00046208698187013024
1405.9995348717841,1405.9995348717841,0.9999257850532937,0.00046208216038255413
1406.0064794151276,1406.0064794151276,0.9993800185893154,0.00046192678359605125
1406.0134239584436,1406.0134239584436,1.0003532694414567,0.00046208451698819404
1406.0203685017343,1406.0203685017343,1.0000526703742298,0.00046215042869788436
1406.0273130449962,1406.0273130449962,1.0000803503209164,0.0004620595486019492
1406.034257588223,1406.034257588223,1.0004290535024318,0.0004620971705846902
1406.041202131422,1406.041202131422,1.0005448676960609,0.000462014449420185
1406.0481466746085,1406.0481466746085,1.000285739598275,0.0004619976224157435
1406.055091217748,1406.055091217748,0.9991457437407899,0.0004618120292682066
1406.0620357608648,1406.0620357608648,0.9995862390025719,0.0004619183757698157
1406.069813649125,1406.069813649125,1.0004278518643075,0.00046209565778595015
1406.077313755624,1406.077313755624,0.9997509309063822,0.0004620532474870789
1406.0842582986468,1406.0842582986468,1.000095640914558,0.000461904929200833
1406.091202841648,1406.091202841648,0.9999779887943092,0.00046197171172740687
1406.0981473846193,1406.0981473846193,1.000169192313256,0.0004621352695987666
1406.105925272704,1406.105925272704,1.0000982982079891,0.0004620636706466004
1406.1134253790458,1406.1134253790458,1.0000621925569493,0.000462045132167236
1406.1203699219304,1406.1203699219304,0.999445689330455,0.00046194611774491416
1406.128425591625,1406.128425591625,0.99986610914735,0.0004618957283926345
1406.1356479161416,1406.1356479161416,1.0001854810646968,0.0004621182118594607
1406.1425924589264,1406.1425924589264,1.0003385121205042,0.0004620775879327154
1406.149537001683,1406.149537001683,0.9997450405934348,0.00046192719952844644
1406.1564815443976,1406.1564815443976,1.0003078033719526,0.00046203561414675495
1406.1634260871008,1406.1634260871008,0.9997302674961948,0.0004619877522007283
1406.1703706297694,1406.1703706297694,1.0002995466911273,0.00046197998712722984
1406.1773151724094,1406.1773151724094,1.000404198646116,0.00046199826830472504
1406.1842597150135,1406.1842597150135,0.9994562519448884,0.0004617781483014701
1406.191204257594,1406.191204257594,0.9996383017958325,0.00046161531835404307
1406.198148800129,1406.198148800129,0.9999750243198904,0.00046165430183853245
1406.2050933426524,1406.2050933426524,1.00118385244973,0.00046187121763445455
1407.1495496370421,1407.1495496370421,0.999896428250754,0.0004625319313118917
1410.9065411933504,1410.9065411933504,1.0003348235379552,0.00046607155637369297
1410.9134857463105,1410.9134857463105,0.999436479548535,0.00046594295062695157
1410.920430299428,1410.920430299428,0.9997260859898726,0.00046594578843576025
1410.9273748526957,1410.9273748526957,1.0013381136421782,0.0004661934889672958
1410.9343194061216,1410.9343194061216,0.9998583269185353,0.00046595090131459557
1410.9412639596806,1410.9412639596806,0.9997901673920937,0.00046593992165278145
1410.9482085133852,1410.9482085133852,0.9998320933709197,0.0004659158119403891
1410.9551530672477,1410.9551530672477,1.0004340817426611,0.00046599694806186273
1410.9634865320681,1410.9634865320681,1.0011877238683011,0.00046604795687133925
1410.9795978979605,1410.9795978979605,0.9996980017295535,0.00046541956429569774
1410.9870980168114,1410.9870980168114,1.0000166655000495,0.0004656982650678893
1410.9968203933763,1410.9968203933763,0.9999975017413061,0.0004654397681089278
1411.0065427701575,1411.0065427701575,1.0006347486041371,0.0004657607247066007
1411.0134873251777,1411.0134873251777,0.9999107623871868,0.0004656501014745883
1411.020431880326,1411.020431880326,1.0000726145150094,0.0004657326681465233
1411.0273764356086,1411.0273764356086,1.000168598034247,0.00046569216795558756
1411.0343209910125,1411.0343209910125,1.0001784477939188,0.0004656633930552389
1411.0412655465511,1411.0412655465511,0.9994434709733785,0.00046550157106827947
1411.0493212311299,1411.0493212311299,0.9996703536031897,0.0004655877206836063
1411.056543569169,1411.056543569169,0.9997757141302388,0.00046558018812149304
1411.0634881251085,1411.0634881251085,0.999560296051196,0.00046546530408456577
1411.0704326811533,1411.0704326811533,1.000338659311668,0.00046560355694594995
1411.0773772373386,1411.0773772373386,0.9997974809607054,0.00046557894829833143
1411.0843217936272,1411.0843217936272,1.0008620040049387,0.00046557621248187323
1411.0912663500444,1411.0912663500444,1.0002254487698379,0.0004656285688667201
1411.0982109065728,1411.0982109065728,0.9999382705599628,0.00046559157646735596
1411.105155463217,1411.105155463217,0.9999986810386507,0.00046551565572411965
1411.1121000199782,1411.1121000199782,0.9996962776013856,0.00046545211307948825
1411.1190445768489,1411.1190445768489,0.9999911464815604,0.00046549809039852933
1411.125989133837,1411.125989133837,1.0015397306644476,0.00046561424051500986
1411.1329336909353,1411.1329336909353,0.9999836641745471,0.0004654963672655766
1411.139878248144,1411.139878248144,1.0006490273458497,0.0004655513448171336
1411.1468228054466,1411.1468228054466,0.9993710022191038,0.00046540367696703243
1411.1537673628645,1411.1537673628645,0.9995939315011428,0.0004652399954097018
1411.1607119203884,1411.1607119203884,1.0011031346884915,0.000465593213013639
1411.1676564780223,1411.1676564780223,1.000097045291541,0.0004652342058886135
1411.1746010357547,1411.1746010357547,0.9996099887165307,0.00046527012425388176
1411.181545593587,1411.181545593587,0.9998950086727099,0.0004652839787717969
1411.1884901515173,1411.1884901515173,1.0001043731208827,0.0004653239431941057
1411.1954347095646,1411.1954347095646,0.9997720623703659,0.00046525625668072804
1411.2023792676932,1411.2023792676932,1.0003624956811694,0.0004652362328285502
1411.209323825938,1411.209323825938,1.0003649556467884,0.0004653215031403938
1411.2162683842594,1411.2162683842594,0.9998674979302399,0.0004651091858395486
1411.2232129426905,1411.2232129426905,0.999955414808446,0.0004652364190104498
1411.2301575012034,1411.2301575012034,1.0001816850439273,0.0004652486783823331
1411.237102059821,1411.237102059821,0.9995622413670724,0.0004652109163564797
1411.2440466185312,1411.2440466185312,1.0002542449371004,0.0004653516043623278
1411.2509911773243,1411.2509911773243,1.0001556961478406,0.00046538683042297873
1411.257935736215,1411.257935736215,1.0000690572367916,0.00046532174957000967
1411.264880295194,1411.264880295194,0.9997003800189317,0.0004652023824246953
1411.2718248542594,1411.2718248542594,0.9994047352540842,0.00046508394488407846
1411.278769413412,1411.278769413412,1.0000562797307047,0.00046514106062500846
1411.2857139726532,1411.2857139726532,0.9997786588029516,0.00046526918944934833
1411.2926585319863,1411.2926585319863,1.0007284498995845,0.0004654466957425182
1411.2996030913957,1411.2996030913957,1.0002852888770435,0.00046533733798537853
1411.3065476508982,1411.3065476508982,0.9995206417541234,0.00046523148344904613
1411.313492210476,1411.313492210476,1.0003288398777415,0.00046539757916784226
1411.3204367701358,1411.3204367701358,1.0008757765889063,0.00046548890986750584
1411.3273813298765,1411.3273813298765,0.999735411958859,0.0004651785175644921
1411.3343258896991,1411.3343258896991,0.9986049640788869,0.0004649662836966026
1411.3412704496031,1411.3412704496031,0.9995433011415124,0.00046523556620347813
1411.3482150095826,1411.3482150095826,1.0006761508240642,0.00046538579758700167
1411.3551595696383,1411.3551595696383,1.0009785632975956,0.00046544685636129395
1411.3621041297745,1411.3621041297745,0.999569383949806,0.0004651285646808783
1411.3690486899936,1411.3690486899936,0.9996018589643378,0.00046524309101993584
1411.3759932502637,1411.3759932502637,1.0003274771119948,0.00046540682832042047
1411.382937810639,1411.382937810639,0.9999453164895705,0.00046515279571231335
1411.3898823710674,1411.3898823710674,0.9999426101244604,0.00046522394507284785
1411.3968269315765,1411.3968269315765,1.000161912169733,0.00046505162632076307
1411.4037714921503,1411.4037714921503,1.0001808076749374,0.00046522699474809234
1411.410716052805,1411.410716052805,0.9999870780454021,0.0004651768628572489
1411.417660613512,1411.417660613512,1.001039810783079,0.0004653649183002418
1411.424605174307,1411.424605174307,0.9997088165350106,0.0004651093578388435
1411.4315497351706,1411.4315497351706,0.9991322376554249,0.0004650377977484161
1411.4384942960942,1411.4384942960942,1.0004229390352044,0.00046521127609266304
1411.4454388570803,1411.4454388570803,1.0007310969613157,0.0004652676571403027
1411.4523834181368,1411.4523834181368,0.9997793385061117,0.00046526240265124116
1411.4593279792696,1411.4593279792696,1.0005355922730303,0.0004653343176097277
1411.4662725404592,1411.4662725404592,0.9993177058196986,0.00046513937498204817
1411.4732171017085,1411.4732171017085,1.000183398189473,0.00046537163018375735
1411.4801616630266,1411.4801616630266,1.000206857366337,0.00046535259890200236
1411.4871062244033,1411.4871062244033,0.9995668370002418,0.0004653043893039687
1411.4940507858498,1411.4940507858498,0.9996424833280907,0.0004652703886281341
1411.5009953473484,1411.5009953473484,1.0007754776536335,0.0004655109047853845
1411.5079399089059,1411.5079399089059,0.99995037082745,0.0004653377623054445
1411.5148844705323,1411.5148844705323,1.0002322044909806,0.0004653129943789728
1411.5218290322182,1411.5218290322182,1.0004088199719248,0.00046537585593938916
1411.5287735939612,1411.5287735939612,1.000270506940124,0.00046541600635710193
1411.535718155757,1411.535718155757,0.9993628932097932,0.0004652065369450211
1411.542662717617,1411.542662717617,0.9999733316083856,0.0004651690109418543
1411.5496072795288,1411.5496072795288,0.9997207536773216,0.00046522467828927303
1411.5565518414996,1411.5565518414996,1.0000234096960805,0.0004652874662560689
1411.5634964035219,1411.5634964035219,1.0001763395000574,0.000465222839912957
1411.5704409656032,1411.5704409656032,1.001685131666167,0.00046553621683007127
1411.5773855277362,1411.5773855277362,0.9999327423094251,0.0004652823912513564
1411.5843300899335,1411.5843300899335,1.0000522002764083,0.00046535702746357206
1411.5912746521603,1411.5912746521603,1.0001535659242689,0.0004652842565410111
1411.598219214456,1411.598219214456,1.0003760162322846,0.0004654911760716274
1411.6051637768112,1411.6051637768112,0.9987924723076844,0.0004651117154540383
1411.612108339195,1411.612108339195,0.9995241827048027,0.00046539162227972883
1411.6190529016476,1411.6190529016476,0.9998736913913095,0.00046530232204653897
1411.625997464143,1411.625997464143,0.9999653973979298,0.00046547836345103247
1411.6329420266889,1411.6329420266889,1.0002833329141358,0.00046545669048555236
1411.6398865892884,1411.6398865892884,1.0007116578123278,0.0004654862987906591
1411.6468311519336,1411.6468311519336,1.0002971031183627,0.00046540893455458715
1411.6537757146198,1411.6537757146198,0.9993430792222071,0.0004652989860943547
1411.660720277359,1411.660720277359,1.0002128325927306,0.00046545424073762517
1411.6676648401497,1411.6676648401497,0.9995902376916834,0.000465238701555142
1411.6746094029763,1411.6746094029763,0.999901334659857,0.00046532715167724723
1411.6815539658485,1411.6815539658485,1.0000457936751745,0.00046535125027196545
1411.6884985287736,1411.6884985287736,1.0006455073506213,0.0004654625934552534
1411.6954430917453,1411.6954430917453,0.9998854825852952,0.00046530533761799276
1411.702387654757,1411.702387654757,1.0001462285672582,0.0004654319581946811
1411.709332217811,1411.709332217811,0.9998210249214221,0.000465199117540977
1411.71627678091,1411.71627678091,0.9998858449531385,0.000465339050308412
1411.7232213440564,1411.7232213440564,0.9997479761727586,0.0004652438879333487
1411.7301659072373,1411.7301659072373,0.9999280815087804,0.0004653385807796189
1411.737110470459,1411.737110470459,0.9998627036830865,0.0004653345248280068
1411.7440550337276,1411.7440550337276,1.0002654904075465,0.000465418052836026
1411.7509995970424,1411.7509995970424,0.9999165675299378,0.00046538537470804965
1411.7579441603816,1411.7579441603816,1.0002817499520174,0.00046531824986227653
1411.7648887237713,1411.7648887237713,0.9999766682740241,0.00046546005024594353
1411.7718332872032,1411.7718332872032,1.0002691492163283,0.00046536362746599496
1411.7787778506695,1411.7787778506695,1.0003273202892546,0.0004654549458124273
1411.7857224141703,1411.7857224141703,0.9994336669707735,0.00046524869372750456
1411.7926669777187,1411.7926669777187,1.0000518098791056,0.00046552339967410774
1411.7996115412948,1411.7996115412948,1.0000583735653343,0.00046537390610365
1411.806556104913,1411.806556104913,0.9997624984301303,0.00046536056718492
1411.813500668577,1411.813500668577,0.9998798293036624,0.0004654450956359686
1411.8204452322584,1411.8204452322584,0.9998503045307936,0.00046546099725305374
1411.8273897959814,1411.8273897959814,1.0006179013783574,0.00046549381598290525
1411.8343343597498,1411.8343343597498,0.999532924454685,0.0004653339680763681
1411.8412789235485,1411.8412789235485,0.9993505916787575,0.00046532375191011166
1411.8482234873813,1411.8482234873813,1.0002263163414449,0.0004654995633709454
1411.8551680512433,1411.8551680512433,1.0007218952295682,0.00046557078057091325
1411.8621126151522,1411.8621126151522,1.0002112053750385,0.00046548122238443315
1411.8690571790721,1411.8690571790721,1.0001297160028355,0.0004655071895186445
1411.8760017430454,1411.8760017430454,0.9994799435007355,0.000465356690614027
1411.8829463070467,1411.8829463070467,1.0001661678543319,0.0004654322232967488
1411.8898908710842,1411.8898908710842,1.0001186259079806,0.00046551209364152174
1411.8968354351496,1411.8968354351496,0.9993464920362973,0.0004653427626789211
1411.903779999239,1411.903779999239,1.000725676828232,0.00046554249870320395
1411.910724563369,1411.910724563369,0.9991744176700192,0.00046534383733864623
1411.9176691275275,1411.9176691275275,1.000352415164767,0.0004654704053413691
1411.9246136917163,1411.9246136917163,1.0000828874110248,0.0004654833781089317
1411.9315582559386,1411.9315582559386,1.0004426374067024,0.00046537681933492986
1411.9385028201855,1411.9385028201855,0.999777775501266,0.00046537601832355804
1411.9454473844605,1411.9454473844605,0.9995156134380551,0.0004653610669786835
1411.952391948765,1411.952391948765,1.0008505477997531,0.0004655374750896441
1411.9593365131107,1411.9593365131107,0.9998610176846714,0.00046538863173056457
1411.966281077467,1411.966281077467,0.9999707480786337,0.0004654952505450184
1411.9732256418652,1411.9732256418652,1.0001323640553594,0.0004654433160961281
1411.9801702062798,1411.9801702062798,0.9994164254287929,0.0004653859799645347
1411.9871147707304,1411.9871147707304,1.000553111065954,0.0004655677771835783
1411.9940593352035,1411.9940593352035,0.9991571349543807,0.0004652587775151089
1412.0010038997057,1412.0010038997057,0.9995480199842097,0.0004654810549383951
1412.007948464232,1412.007948464232,1.0005168606650048,0.0004655312930212467
1412.014893028792,1412.014893028792,1.000181649301253,0.0004655198524989875
1412.0218375933705,1412.0218375933705,0.9996638496972169,0.00046543189989681785
1412.0287821579718,1412.0287821579718,1.000829505682028,0.0004655662276262315
1412.035726722608,1412.035726722608,1.000312641790956,0.00046557107018481425
1412.0426712872677,1412.0426712872677,0.9999403091996969,0.0004653613874025575
1412.0496158519559,1412.0496158519559,1.000253226982262,0.00046546559931579055
1412.0565604166509,1412.0565604166509,0.9997879994094327,0.0004654049775391432
1412.063504981374,1412.063504981374,0.9988526957593988,0.0004653884335306566
1412.0704495461334,1412.0704495461334,1.0001643969402518,0.0004655654119162236
1412.0773941109032,1412.0773941109032,0.9999970888065614,0.00046557033086722387
1412.0843386757024,1412.0843386757024,0.999985124253252,0.0004654159804748836
1412.0912832405252,1412.0912832405252,0.9994668576539473,0.00046538085931112664
1412.0982278053707,1412.0982278053707,1.0003238583025236,0.00046552550783462217
1412.1051723702344,1412.1051723702344,1.0002131053295875,0.0004655234202897402
1412.1121169351204,1412.1121169351204,1.000736229662424,0.0004656904974950724
1412.1190615000364,1412.1190615000364,1.000450571674847,0.00046563222366593685
1412.1260060649697,1412.1260060649697,0.9995858669370943,0.0004653698398917212
1412.1329506299146,1412.1329506299146,1.0002551804383368,0.0004654018270632622
1412.1398951948886,1412.1398951948886,0.9994512743018504,0.0004653548178483436
1412.146839759891,1412.146839759891,1.0009509941402568,0.00046570399321464425
1412.1537843249064,1412.1537843249064,0.9995578474954971,0.000465307180355471
1412.1607288899381,1412.1607288899381,1.000027901335922,0.00046548035861584437
1412.1676734549935,1412.1676734549935,0.9996512136968196,0.00046540309510025875
1412.1746180200662,1412.1746180200662,0.9998227192354339,0.00046537717584534973
1412.1815625851625,1412.1815625851625,1.0006667908976534,0.00046557267478158785
1412.1885071502704,1412.1885071502704,1.0005701838091814,0.0004655529798055417
1412.195451715407,1412.195451715407,0.9997990334869555,0.00046541874374132015
1412.202396280562,1412.202396280562,0.9995501296056931,0.0004654273147033395
1412.2093408457274,1412.2093408457274,1.0007974085169828,0.0004656873079830717
1412.2162854109115,1412.2162854109115,0.999627897032684,0.00046547110972255826
1412.2232299761235,1412.2232299761235,1.0000399297808067,0.0004655292641230008
1412.2301745413479,1412.2301745413479,0.999702838820245,0.00046548206568413936
1412.2371191065838,1412.2371191065838,1.0008101929760491,0.00046559959742224245
1412.244063671854,1412.244063671854,0.9998408988621211,0.00046541626459105975
1412.251841584958,1412.251841584958,1.000187243438088,0.0004653741698116379
1412.2604528459167,1412.2604528459167,0.9998523610793809,0.00046493729967562867
1412.270453019977,1412.270453019977,0.9994392286064941,0.0004651765831339442
1412.2818421071374,1412.2818421071374,0.9999471801955627,0.00046515126754182275
1412.2898978029616,1412.2898978029616,0.9998651656587644,0.0004651713622667084
1412.2968423683433,1412.2968423683433,1.0005724591349245,0.0004653379649337569
1412.3037869337363,1412.3037869337363,1.0010724994214564,0.00046558658756199893
1412.3107314991526,1412.3107314991526,1.0001919088137474,0.00046532032937215913
1412.3176760645745,1412.3176760645745,0.9996941892009465,0.0004653524440019906
1412.3246206300196,1412.3246206300196,1.0001173641651468,0.00046523865671121485
1412.331565195477,1412.331565195477,0.9992029428421023,0.00046519753209574836
1412.3385097609455,1412.3385097609455,0.9993258290455591,0.0004651602710989599
1412.345454326432,1412.345454326432,1.000460308245882,0.0004651393082214434
1412.3523988919294,1412.3523988919294,1.0004677264652717,0.0004653431245472971
1412.359343457439,1412.359343457439,1.0001255232482087,0.0004651350389841084
1412.366288022966,1412.366288022966,1.0001772407990042,0.0004653170256574917
1412.3732325885103,1412.3732325885103,1.000728211334409,0.0004654495347295398
1412.380177154055,1412.380177154055,1.0000936685738622,0.00046529847866624597
1412.3871217196333,1412.3871217196333,1.0000493600514881,0.0004653435384105012
1412.394066285196,1412.394066285196,0.9998945551753702,0.0004653199096603134
1412.4010108507923,1412.4010108507923,0.9992576740637533,0.00046519905809899574
1412.4079554163952,1412.4079554163952,0.9995587193772663,0.0004651118872197351
1412.4148999820095,1412.4148999820095,0.999701980187397,0.0004651626945082265
1412.4218445476406,1412.4218445476406,1.0006494325285122,0.0004655036947989329
1412.4287891132728,1412.4287891132728,1.0003561380770456,0.0004654749818852654
1412.4357336789276,1412.4357336789276,1.0004507595755956,0.0004655436414579861
1412.4426782445887,1412.4426782445887,0.9993253389246597,0.00046523151039516854
1412.4496228102605,1412.4496228102605,0.9999738350885534,0.0004653098619330456
1412.456567375951,1412.456567375951,1.0007389055341736,0.00046538452411952117
1412.4635119416348,1412.4635119416348,0.9999689935500387,0.00046528759831528734
1412.470456507342,1412.470456507342,0.9996839785171874,0.000465180818834486
1412.4774010730728,1412.4774010730728,0.9996011079383986,0.00046498097613950786
1412.4843456387914,1412.4843456387914,1.0001863092882437,0.00046547324249024413
1412.4912902045285,1412.4912902045285,0.9996092949857645,0.00046540877562914967
1412.4982347702817,1412.4982347702817,1.0000783112658485,0.0004654027451184769
1412.5051793360365,1412.5051793360365,1.0001124487471926,0.0004654254557491705
1412.5121239018074,1412.5121239018074,0.9999793400453395,0.0004654073135989476
1412.5190684675847,1412.5190684675847,0.9994676672439429,0.0004653215222392863
1412.5260130333677,1412.5260130333677,1.0007688593484019,0.00046557361570031375
1412.532957599168,1412.532957599168,1.000025424224131,0.00046544483794908634
1412.5399021649744,1412.5399021649744,0.9999637162398075,0.0004653900434977355
1412.5468467307803,1412.5468467307803,1.000886978114832,0.0004655224791288093
1412.5537912966104,1412.5537912966104,1.0001162197515883,0.00046547043812156805
1412.5607358624338,1412.5607358624338,1.0003782951115099,0.00046542211919503704
1412.567680428287,1412.567680428287,0.9992213529228853,0.000465268602576362
1412.5746249941399,1412.5746249941399,0.9998437563336285,0.0004653973712002552
1412.5815695599927,1412.5815695599927,0.9998369317172784,0.0004653863700259489
1412.5885141258454,1412.5885141258454,0.9997342826725113,0.0004654695802699031
1412.5954586917273,1412.5954586917273,1.0002862376600046,0.0004654800853985193
1412.6024032576038,1412.6024032576038,1.0004395697457815,0.00046547804694899397
1412.6093478234966,1412.6093478234966,1.0002456398290134,0.00046547356356855054
1412.6162923893912,1412.6162923893912,1.0004870272915438,0.0004655104464539123
1412.6232369552959,1412.6232369552959,0.9992958998915544,0.00046511636202445567
1412.630181521207,1412.630181521207,0.9996786918044102,0.000465326262515445
1412.6371260871301,1412.6371260871301,0.9997015617480207,0.0004653954028664196
1412.6440706530525,1412.6440706530525,1.000427227734338,0.00046538890476096944
1412.6510152189812,1412.6510152189812,0.999738741340001,0.0004653983397918184
1412.6579597849209,1412.6579597849209,1.0001973209745831,0.00046545400525492455
1412.6649043508673,1412.6649043508673,1.0000682990000187,0.00046544829508644804
1412.6718489168188,1412.6718489168188,0.9998750442528023,0.0004653838866212691
1412.6787934827828,1412.6787934827828,1.0004793416530267,0.0004653021905304312
1412.6857380487397,1412.6857380487397,1.0002674338338131,0.0004654217874791915
1412.6926826147155,1412.6926826147155,0.9998314502446153,0.0004654016316247493
1412.6996271806847,1412.6996271806847,0.9999583421158917,0.00046535921188314367
1412.7065717466714,1412.7065717466714,0.9996795656302904,0.000465380774023997
1412.7135163126522,1412.7135163126522,0.9993720813829379,0.0004653746253971684
1412.72046087865,1412.72046087865,1.0006795245901328,0.00046551574815943393
1412.7274054446493,1412.7274054446493,0.9994622593928044,0.000465173029130653
1412.7343500106472,1412.7343500106472,1.0003584200747357,0.0004653325673816119
1412.7412945766694,1412.7412945766694,0.9997932677129631,0.0004651539104033308
1412.7482391426731,1412.7482391426731,1.0006295999787396,0.0004654954431437232
1412.7551837087008,1412.7551837087008,1.0000827951902274,0.0004654028289659184
1412.7621282747223,1412.7621282747223,1.0011702415951862,0.0004655251970882444
1412.7690728407501,1412.7690728407501,0.9990901677711348,0.000465176404764378
1412.7760174067892,1412.7760174067892,0.999693029979016,0.0004652892724491201
1412.7829619728222,1412.7829619728222,1.0002105463246191,0.0004653900273616271
1412.7899065388676,1412.7899065388676,0.9992621912731489,0.00046508967263969814
1412.7968511049119,1412.7968511049119,1.0004058405707628,0.0004653318532979487
1412.8037956709636,1412.8037956709636,1.0005774624777355,0.00046539254386994964
1412.8107402370197,1412.8107402370197,1.0010986526001333,0.0004654796496181198
1412.8176848030766,1412.8176848030766,0.9998189088354048,0.00046538743385804584
1412.8246293691445,1412.8246293691445,0.9989904021745755,0.0004650885883563991
1412.831573935201,1412.831573935201,0.9993889143629409,0.0004651393699633308
1412.8385185012696,1412.8385185012696,0.9997875037538823,0.00046532487994495954
1412.8454630673434,1412.8454630673434,1.0002938164374564,0.00046534203184504363
1412.8524076334293,1412.8524076334293,1.0005710202764921,0.00046546193406122466
1412.859352199503,1412.859352199503,0.9998872049942449,0.0004654522582137795
1412.8662967655891,1412.8662967655891,1.0009357249573394,0.00046561170178518915
1412.8732413316745,1412.8732413316745,0.9998447851164446,0.0004653950763648234
1412.8801858977604,1412.8801858977604,0.999605997398311,0.00046536218940658615
1412.887130463852,1412.887130463852,0.9998385214023878,0.00046536372186383563
1412.8940750299494,1412.8940750299494,0.9992859372546465,0.000465168475943352
1412.9010195960466,1412.9010195960466,0.999656373561697,0.00046538630280795284
1412.9079641621495,1412.9079641621495,1.0002170736215685,0.0004653608704306724
1412.9149087282472,1412.9149087282472,1.000001408001205,0.0004654094950414518
1412.9218532943557,1412.9218532943557,1.0008984439482536,0.0004655876880077861
1412.9287978604596,1412.9287978604596,1.0002275022629714,0.00046542248330498274
1412.935742426568,1412.935742426568,1.0003847110766713,0.00046540866642130995
1412.9426869926833,1412.9426869926833,0.9997113195156047,0.0004653524787871033
1412.9496315587921,1412.9496315587921,0.9994931901520354,0.0004652722165600225
1412.956576124907,1412.956576124907,0.9999808033741593,0.0004653676691844394
1412.9635206910275,1412.9635206910275,0.999835679427135,0.00046535895552415754
1412.970465257148,1412.970465257148,0.9992650638016805,0.00046527025795549935
1412.9774098232688,1412.9774098232688,1.0000057208293183,0.00046535689580094134
1412.9843543893833,1412.9843543893833,1.0005632887809104,0.0004654949032058182
1412.9912989555044,1412.9912989555044,1.0002985248702025,0.0004654645363399111
1412.998243521636,1412.998243521636,1.0003883400441043,0.00046542742618091773
1413.0051880877575,1413.0051880877575,1.0000302640860084,0.0004653334230283456
1413.0121326538833,1413.0121326538833,0.9997867867274405,0.0004654139350123679
1413.019077220016,1413.019077220016,1.0003120882102583,0.00046546110406176633
1413.0260217861364,1413.0260217861364,0.9993166121506022,0.0004651486773354684
1413.0329663522748,1413.0329663522748,0.9992701011349953,0.0004651855294984236
1413.0399109183952,1413.0399109183952,1.0006577047502392,0.0004654784775495054
1413.0468554845334,1413.0468554845334,1.00059491725191,0.0004653842750161184
1413.05380005066,1413.05380005066,0.999661333870165,0.00046535601715377823
1413.060744616792,1413.060744616792,0.9997435016711863,0.0004653508000306398
1413.0676891829364,1413.0676891829364,0.9998649095832682,0.00046530953232454324
1413.0746337490505,1413.0746337490505,0.999387803235467,0.00046525814435525146
1413.0815783151952,1413.0815783151952,1.0011267134084905,0.0004654767273195223
1413.0885228813268,1413.0885228813268,0.9997250747738802,0.0004653373534222932
1413.0954674474535,1413.0954674474535,0.999754081508204,0.0004653764617380047
1413.1024120135976,1413.1024120135976,1.000221649631024,0.0004654519872080773
1413.109356579724,1413.109356579724,1.0009169806767073,0.00046570820445275394
1413.1163011458561,1413.1163011458561,1.0000274373678033,0.00046545503559207197
1413.123245712,1413.123245712,0.9998928308077417,0.0004655343743230721
1413.130190278115,1413.130190278115,0.9992928188162338,0.00046540489757410374
1413.1371348442583,1413.1371348442583,0.9992174451005857,0.0004654755956301341
1413.1440794103855,1413.1440794103855,1.0003831391513656,0.0004656164658939278
1413.1510239765173,1413.1510239765173,0.9995382295586583,0.0004655326189947296
1413.15796854265,1413.15796854265,1.0007352592643932,0.0004656481753277342
1413.1649131087763,1413.1649131087763,1.0013561485216398,0.00046569359342816315
1413.171857674909,1413.171857674909,1.000334389035427,0.00046545995433689243
1413.1788022410349,1413.1788022410349,0.9998741142818632,0.00046547750367956014
1413.1857468071616,1413.1857468071616,0.9997921008507836,0.000465510908020598
1413.1926913732939,1413.1926913732939,1.000037911639511,0.0004654550596681229
1413.1996359394084,1413.1996359394084,1.0001818106672347,0.00046553480531410314
1413.2065805055408,1413.2065805055408,1.0003059218423593,0.0004655318002563987
1413.2135250716615,1413.2135250716615,1.000230887597337,0.00046550326330705024
1413.2204696377826,1413.2204696377826,1.0003351106461102,0.0004656410812563385
1413.2274142038968,1413.2274142038968,0.9998507517136647,0.0004655952458188724
1413.2343587700177,1413.2343587700177,0.9995021573407789,0.00046553163623123906
1413.2551924683678,1413.2551924683678,0.9998802110365463,0.00046538536062747435
1413.2663037741459,1413.2663037741459,1.0003773234558027,0.0004670681180239467
1413.2732483402547,1413.2732483402547,0.999708053266877,0.00046686167568281135
1413.280192906364,1413.280192906364,0.9998256687022609,0.00046679860730312563
1413.2871374724666,1413.2871374724666,0.9999630250364924,0.000466903749260249
1413.294082038576,1413.294082038576,1.000662242479909,0.0004669830020951897
1413.301026604673,1413.301026604673,1.0000482472193521,0.00046686137040631386
1413.307971170777,1413.307971170777,0.9995556990056873,0.0004667868535283027
1413.314915736874,1413.314915736874,1.0000350029469542,0.00046685418318199323
1413.3218603029713,1413.3218603029713,0.9998491151424291,0.00046687707164972184
1413.3288048690629,1413.3288048690629,0.999883476722767,0.0004668518083137502
1413.3357494351483,1413.3357494351483,1.000187115469238,0.00046675371222271584
1413.3426940012403,1413.3426940012403,0.9996974536948737,0.00046669935550227416
1413.3496385673259,1413.3496385673259,1.0005189599471478,0.00046683696132653285
1413.3565831334058,1413.3565831334058,1.000018596129454,0.00046690837542553954
1413.3635276994853,1413.3635276994853,0.9995246964828228,0.00046686099597691426
1413.3704722655657,1413.3704722655657,1.0002552910291962,0.0004668573523655905
1413.3774168316395,1413.3774168316395,1.0004653859132866,0.00046693252814518127
1413.3843613977085,1413.3843613977085,0.9998115081457131,0.000466848452375222
1413.3913059637816,1413.3913059637816,0.9994786430615754,0.0004668329773038503
1413.398250529845,1413.398250529845,0.999936883916645,0.00046681676369932323
1413.405195095907,1413.405195095907,0.9987708015016363,0.00046672781899357305
1413.4121396619691,1413.4121396619691,1.0001822663516196,0.0004669322439297743
1413.4190842280261,1413.4190842280261,1.000294548917741,0.00046696872293052556
1413.4260287940824,1413.4260287940824,1.000957828568012,0.0004670226565356095
1413.4329733601276,1413.4329733601276,0.9992372070220801,0.0004666510165656448
1413.4399179261723,1413.4399179261723,1.0001133638805793,0.0004668734097300159
1413.4468624922235,1413.4468624922235,1.0003675202250286,0.00046690463306181746
1413.4538070582564,1413.4538070582564,0.9998385801215507,0.00046668252791592577
1413.4607516242963,1413.4607516242963,0.9993725361845615,0.0004666719743649494
1413.467696190329,1413.467696190329,1.0001684754277105,0.000466766960940711
1413.4746407563568,1413.4746407563568,1.0001915411899496,0.0004668484513817425
1413.481585322384,1413.481585322384,1.0002391147747918,0.00046681687673196263
1413.488529888406,1413.488529888406,0.9991049290444562,0.00046670351065385325
1413.4954744544275,1413.4954744544275,0.9999829413681022,0.0004668330413399916
1413.502419020432,1413.502419020432,0.9996226323895379,0.0004667527114240286
1413.5093635864591,1413.5093635864591,1.0002636959274462,0.00046678877666875187
1413.516308152458,1413.516308152458,1.000446751578741,0.0004668143856821118
1413.5232527184562,1413.5232527184562,0.9994974873145018,0.00046673521324020335
1413.5301972844547,1413.5301972844547,1.000464833245944,0.00046694797333409095
1413.5371418504533,1413.5371418504533,0.9999959405796851,0.00046683759107602775
1413.5440864164516,1413.5440864164516,0.9997793066254941,0.00046685427912236774
1413.551030982421,1413.551030982421,0.9999091486600863,0.00046677478113785605
1413.5579755484132,1413.5579755484132,1.000723723598424,0.00046702894516996815
1413.564920114389,1413.564920114389,1.0001071117873992,0.00046687441749689214
1413.5718646803634,1413.5718646803634,0.9997924587951894,0.00046683912726543027
1413.578809246333,1413.578809246333,1.0000631019004502,0.0004669211082859134
1413.5857538122905,1413.5857538122905,0.9995238015376993,0.0004668400950125092
1413.5926983782542,1413.5926983782542,1.0005010769677773,0.0004669322475640813
1413.5996429442118,1413.5996429442118,0.9998866433035916,0.00046681248277548424
1413.6065875101642,1413.6065875101642,0.9997323116940597,0.00046675917204141873
1413.6135320761036,1413.6135320761036,1.0000797105599522,0.000466789615929546
1413.62047664205,1413.62047664205,1.0001591562908057,0.0004666755675794978
1413.6274212079902,1413.6274212079902,1.000120702460173,0.0004667711613812195
1413.6343657739126,1413.6343657739126,0.9998290367679508,0.00046673432289829004
1413.6413103398418,1413.6413103398418,1.0008535044781994,0.00046695015253852575
1413.6482549057641,1413.6482549057641,0.9998749769216264,0.00046677186097576995
1413.6551994716872,1413.6551994716872,0.9998345116546302,0.0004667337374545012
1413.6621440375977,1413.6621440375977,0.9998936478016753,0.0004666918349876444
1413.6690886035037,1413.6690886035037,0.9996958266112154,0.0004667288191801508
1413.6760331694027,1413.6760331694027,1.0001443131837149,0.0004667782062517307
1413.6829777353028,1413.6829777353028,0.9987115740738022,0.00046658459301215943
1413.68992230119,1413.68992230119,1.0004343987792776,0.00046685173497572975
1413.696866867084,1413.696866867084,1.0002877586978753,0.00046685801351884355
1413.7038114329598,1413.7038114329598,1.0009823866802843,0.0004669712900615567
1413.7107559988422,1413.7107559988422,0.999979988564472,0.00046679616698763114
1413.7177005647068,1413.7177005647068,1.0001486020646857,0.0004667759381186883
1413.724645130577,1413.724645130577,0.9996292142964643,0.0004666916487808155
1413.73158969643,1413.73158969643,1.0007324716032002,0.0004667661453276904
1413.7385342622829,1413.7385342622829,0.9992770412340338,0.0004666789250375337
1413.7454788281357,1413.7454788281357,0.9991003133620191,0.0004665989469960605
1413.752423393989,1413.752423393989,0.9997902788865434,0.00046672930285749086
1413.7593679598126,1413.7593679598126,1.0000204515747855,0.0004668645371584929
1413.766312525648,1413.766312525648,1.0004361162249742,0.0004669514794060376
1413.7732570914777,1413.7732570914777,1.000944803030651,0.0004669521718629132
1413.7802016572953,1413.7802016572953,0.9997790890759528,0.0004667434233981066
1413.7871462231137,1413.7871462231137,0.9992805015031092,0.0004666544421661185
1413.7940907889194,1413.7940907889194,0.9996706175036995,0.00046681781592259675
1413.8010353547206,1413.8010353547206,1.0002467589966046,0.00046682333677869586
1413.8079799205148,1413.8079799205148,1.0004287507835645,0.0004668343132760505
1413.8149244863102,1413.8149244863102,0.9997342751913877,0.00046671568420851356
1413.8218690520869,1413.8218690520869,1.0008866272501034,0.0004667880523392842
1413.8288136178708,1413.8288136178708,0.9996726061218381,0.00046664246429137956
1413.835758183647,1413.835758183647,1.0009816197654027,0.00046690440304994485
1413.8427027494133,1413.8427027494133,0.9985955948681244,0.0004666052425668468
1413.8496473151727,1413.8496473151727,0.9999751093113558,0.00046674208477077766
1413.8565918809268,1413.8565918809268,1.0007430045226524,0.00046693007279018843
1413.863536446669,1413.863536446669,0.9994088743811101,0.0004667128675554507
1413.870481012417,1413.870481012417,1.000059713579505,0.00046681445614811447
1413.8774255781477,1413.8774255781477,1.0009414174363571,0.0004669263786776356
1413.8843701438843,1413.8843701438843,1.000483888780699,0.00046695911196100343
1413.891314709592,1413.891314709592,0.9988480003908105,0.0004666461500336356
1413.8982592753282,1413.8982592753282,0.999616995888432,0.0004668175926902444
1413.905203841024,1413.905203841024,1.0010829231400185,0.000467004639585593
1413.9121484067284,1413.9121484067284,0.9994721160586106,0.00046672998571952487
1413.9190929724275,1413.9190929724275,0.9994572844175625,0.0004666109543342273
1413.9260375381139,1413.9260375381139,1.0000977595984715,0.00046673997256202633
1413.936593277946,1413.936593277946,1.0000208126876653,0.00046664251828115966
1413.9579825402022,1413.9579825402022,0.9996710853999525,0.0004665045071871149
1413.9649271058545,1413.9649271058545,1.0006341896976865,0.0004667128577122543
1413.9718716714979,1413.9718716714979,0.9999943292166131,0.0004666536229356617
1413.9788162371412,1413.9788162371412,1.0000492802842043,0.0004665556467264697
1413.985760802767,1413.985760802767,0.9998619181630533,0.00046653000030168
1413.992705368393,1413.992705368393,0.9999797331279557,0.00046652792487073295
1413.99964993401,1413.99964993401,1.0006945018972773,0.00046658356725046114
1414.0077056301175,1414.0077056301175,0.9995383616926578,0.0004664905727134309
1414.0149279783423,1414.0149279783423,1.0002709770285552,0.0004664764800769472
1414.0218725439365,1414.0218725439365,1.0002750823826223,0.0004666568587423134
1414.028817109524,1414.028817109524,1.0002302652264072,0.0004666828140554104
1414.035761675104,1414.035761675104,1.000336401412844,0.0004666802662847714
1414.0427062406743,1414.0427062406743,0.9995552359126206,0.00046655981147223296
1414.0496508062365,1414.0496508062365,0.9995318920017737,0.00046643861361178926
1414.0565953717978,1414.0565953717978,0.9999014507266226,0.00046660664627980213
1414.0635399373518,1414.0635399373518,1.0005261655370583,0.00046686807686932336
1414.0704845028954,1414.0704845028954,0.9997279455396004,0.0004666054089412697
1414.0774290684317,1414.0774290684317,1.0009202955796819,0.0004668406679350065
1414.084373633961,1414.084373633961,0.9998495609830377,0.0004666577378125601
1414.0913181994824,1414.0913181994824,0.9997906083063539,0.00046669927338868864
1414.0982627649946,1414.0982627649946,0.9998434729733814,0.0004667383595840639
1414.1052073305016,1414.1052073305016,1.0000634413017828,0.00046667478008882756
1414.1121518960022,1414.1121518960022,1.0002632806049365,0.00046680667451558635
1414.1190964614916,1414.1190964614916,0.9998210375006288,0.0004666726692617801
1414.1260410269745,1414.1260410269745,1.0000899423066587,0.00046672868265141605
1414.1340967229248,1414.1340967229248,0.999514092310536,0.0004666206535751433
1414.1413190710095,1414.1413190710095,1.000217382211885,0.0004668111448501236
1414.1482636364701,1414.1482636364701,0.9997440892333952,0.00046675686796870486
1414.1552082019211,1414.1552082019211,0.9999122322823514,0.00046675478340245423
1414.162152767361,1414.162152767361,1.000409700062591,0.0004668282750157563
1414.1690973327973,1414.1690973327973,1.0006076207105576,0.00046689527332833614
1414.176041898226,1414.176041898226,0.9991343821912553,0.0004667184904107814
1414.1829864636418,1414.1829864636418,1.0001357842468148,0.00046679415786960826
1414.1899310290585,1414.1899310290585,0.9996822653322941,0.00046674804853835553
1414.1971533770738,1414.1971533770738,1.0000137769548991,0.0004666138357963168
1414.205209072931,1414.205209072931,0.999846857302764,0.0004667646208136817
1414.212153638318,1414.212153638318,1.0012595286830155,0.0004669392118061046
1414.2190982036939,1414.2190982036939,0.9988900115984161,0.0004665267701115895
1414.226042769063,1414.226042769063,0.9994956802054418,0.0004666940545360457
1414.2329873344274,1414.2329873344274,0.9997379841463376,0.0004666609526719656
1414.2399318997795,1414.2399318997795,1.0006872549016965,0.0004669022919888366
1414.2468764651233,1414.2468764651233,1.0000601220032521,0.00046671607319341237
1414.253821030461,1414.253821030461,0.9995567826822963,0.00046660757907789264
1414.2607655957904,1414.2607655957904,1.0006956929835713,0.00046685585776601427
1414.2677101611105,1414.2677101611105,0.9996994621245404,0.0004666135395633173
1414.2746547264226,1414.2746547264226,0.9997851490504587,0.0004666895222982547
1414.281599291725,1414.281599291725,1.000063377514682,0.00046668460163448125
1414.2885438570192,1414.2885438570192,0.9989584960971861,0.00046650304013064073
1414.2954884223077,1414.2954884223077,1.000248082099263,0.00046676494189872486
1414.3024329875811,1414.3024329875811,1.0005417170738726,0.0004667347396895138
1414.3093775528523,1414.3093775528523,1.000479643693875,0.0004668226784713443
1414.3163221181144,1414.3163221181144,1.0001578194232352,0.0004666205628398685
1414.3232666833705,1414.3232666833705,0.9998958218525142,0.0004666074083121273
1414.3302112486124,1414.3302112486124,1.0001977927592898,0.00046669754682869937
1414.3371558138483,1414.3371558138483,1.0001987094505065,0.0004667144894940402
1414.3441003790754,1414.3441003790754,0.9995254807981715,0.0004666192222355503
1414.351044944294,1414.351044944294,0.9996075047006867,0.00046646682796794737
1414.3579895095004,1414.3579895095004,0.9997918060842785,0.0004666059032241993
1414.364934074699,1414.364934074699,1.0001228888934421,0.00046681116421630356
1414.371878639897,1414.371878639897,0.9998937700009574,0.0004667562529635733
1414.3788232050777,1414.3788232050777,1.0006557622742867,0.00046687943584311357
1414.3857677702524,1414.3857677702524,1.0004066678440988,0.0004667472955665939
1414.3927123354185,1414.3927123354185,0.9993064177660662,0.00046651659562915596
1414.3996569005756,1414.3996569005756,1.0002777599423376,0.00046663639328276994
1414.406601465722,1414.406601465722,0.9992955090473608,0.00046655677550300304
1414.413546030861,1414.413546030861,0.9995018983721756,0.0004666396344830223
1414.420490595993,1414.420490595993,1.0010167161604886,0.0004669493879684332
1414.4274351611148,1414.4274351611148,1.0008936306294878,0.00046685698103370623
1414.4343797262259,1414.4343797262259,0.999502550695295,0.00046660355253388063
1414.441602073933,1414.441602073933,0.9990073789436995,0.0004665283900793222
1414.4496577694404,1414.4496577694404,1.000891077182129,0.0004667645571818108
1414.456602334522,1414.456602334522,0.9996226263925042,0.0004665947696106015
1414.4635468995982,1414.4635468995982,0.9998003904249362,0.0004667252274837731
1414.470491464662,1414.470491464662,1.0002600666430186,0.000466755197136239
1414.477436029715,1414.477436029715,0.9998013029643598,0.00046665683904029376
1414.4843805947646,1414.4843805947646,1.00014234275467,0.0004667394714650161
1414.4913251597998,1414.4913251597998,1.000038376875576,0.00046657916211532703
1414.4982697248283,1414.4982697248283,1.000879567828964,0.00046695449864790774
1414.5052142898498,1414.5052142898498,0.9999499804148474,0.00046674804951716273
1414.512158854855,1414.512158854855,1.0004552229394126,0.00046685574505617904
1414.519103419856,1414.519103419856,0.9998853698709252,0.0004667650801389673
1414.5260479848498,1414.5260479848498,0.9999357030093672,0.00046684980611243584
1414.5329925498304,1414.5329925498304,0.9998414267974931,0.0004667981921729524
1414.5399371148008,1414.5399371148008,1.0004638590825583,0.0004669587854283292
1414.5468816797634,1414.5468816797634,0.9988711806784127,0.0004665979062556277
1414.553826244714,1414.553826244714,1.000060798368113,0.00046687257538558755
1414.5607708096593,1414.5607708096593,1.0002368071363692,0.00046684336694260715
1414.5677153745921,1414.5677153745921,1.0006669648067883,0.00046693662214397435
1414.5746599395202,1414.5746599395202,1.0001794688928825,0.000466846934859844
1414.5816045044262,1414.5816045044262,0.9995685878772097,0.00046665428967224284
1414.588549069334,1414.588549069334,0.9999299871628781,0.0004666948251073247
1414.5954936342346,1414.5954936342346,0.9999767292724282,0.00046671236524832165
1414.6024381991188,1414.6024381991188,0.9991999173895548,0.00046667151678264846
1414.6093827639938,1414.6093827639938,1.0007922296440825,0.000466807708371743
1414.6163273288635,1414.6163273288635,0.9998033391214012,0.0004666446939850525
1414.6232718937176,1414.6232718937176,1.0002688684019767,0.0004668123026225292
1414.63021645857,1414.63021645857,1.0001405918291169,0.00046677959433791846
1414.6371610234064,1414.6371610234064,1.0001895295344263,0.0004668479189309241
1414.6441055882326,1414.6441055882326,0.9997541387289106,0.0004667298545845674
1414.6510501530518,1414.6510501530518,1.0004078888058685,0.00046687984185861295
1414.6579947178575,1414.6579947178575,0.9996838293346499,0.00046668735693591575
1414.6649392826562,1414.6649392826562,0.9997123476260998,0.00046669991611803847
1414.6718838474449,1414.6718838474449,0.9997534443543525,0.0004667174528191721
1414.678828412223,1414.678828412223,0.9998768390030597,0.00046672931214044607
1414.6857729769856,1414.6857729769856,1.0001125126687733,0.00046682506994466836
1414.6927175417463,1414.6927175417463,1.0003122849383093,0.0004667782770730887
1414.6996621064998,1414.6996621064998,1.000188222387299,0.000466801417695688
1414.7066066712346,1414.7066066712346,1.0001251060523355,0.00046677834531197085
1414.7135512359614,1414.7135512359614,0.9997984881317616,0.00046680926947115535
1414.7204958006819,1414.7204958006819,1.000444353550746,0.0004667648350138671
1414.7274403653914,1414.7274403653914,0.9999632062080634,0.0004667492831033033
1414.7343849300885,1414.7343849300885,0.9994499177833097,0.0004667929943143999
1414.741329494775,1414.741329494775,0.9996220053394363,0.0004667782253392627
1414.7482740594546,1414.7482740594546,0.9996641062391914,0.00046673429831407153
1414.7552186241235,1414.7552186241235,1.0001134456552037,0.00046685501575731046
1414.7621631887828,1414.7621631887828,1.0002552020551931,0.00046694830869285325
1414.7691077534284,1414.7691077534284,1.0009200428889706,0.00046689307376904157
1414.7760523180646,1414.7760523180646,0.9998091136481007,0.0004668885843405439
1414.7829968826868,1414.7829968826868,0.9996986236251392,0.00046684847519446235
1414.789941447302,1414.789941447302,1.0007056322560268,0.00046695945019057175
1414.796886011913,1414.796886011913,0.9997733604849113,0.00046689813193744116
1414.8038305765108,1414.8038305765108,0.9998423545038237,0.00046677399569469604
1414.8107751410953,1414.8107751410953,0.9998578437125414,0.0004668058797374486
1414.8177197056702,1414.8177197056702,0.9997529857061147,0.0004668423701856556
1414.8246642702343,1414.8246642702343,0.9994422448131939,0.0004669014685568983
1414.831608834789,1414.831608834789,1.0001487338008492,0.0004669369322996944
1414.8385533993355,1414.8385533993355,1.000424659196776,0.00046698134704577736
1414.8454979638639,1414.8454979638639,0.9996295123511508,0.00046670110022421947
1414.8524425283872,1414.8524425283872,1.0005228614647628,0.0004669603334965664
1414.859387092898,1414.859387092898,1.0002480310465542,0.00046696539233534494
1414.866331657401,1414.866331657401,0.9997918343804685,0.0004668560944347894
1414.8732762218915,1414.8732762218915,0.9998343254841415,0.00046686757972018184
1414.8802207863741,1414.8802207863741,1.0004895553491289,0.00046680056656387927
1414.8871653508413,1414.8871653508413,0.9991099153480837,0.0004666041295814557
1414.8941099153005,1414.8941099153005,0.9988567541733595,0.0004666755422863312
1414.90105447975,1414.90105447975,1.0009333655221295,0.00046692644823521505
1414.9079990441867,1414.9079990441867,1.000988108966596,0.0004669251603339449
1414.9149436086157,1414.9149436086157,0.9993887912307059,0.0004667173363879089
1414.9218881730314,1414.9218881730314,1.0006239047034708,0.0004668532205494585
1414.9288327374402,1414.9288327374402,1.000035423791067,0.00046667288151722565
1414.9360550844085,1414.9360550844085,1.000825479208931,0.00046687014060543976
1414.9441107790922,1414.9441107790922,0.9991630529638513,0.00046667853168881016
1414.9510553434611,1414.9510553434611,0.9991377980407179,0.0004665031467864237
1414.9579999078205,1414.9579999078205,0.9994637266759911,0.0004663460265522929
1414.9649444721724,1414.9649444721724,0.9999135382614064,0.0004667113080947768
1414.9718890365084,1414.9718890365084,1.0002269436514786,0.0004668438480176417
1414.9788336008394,1414.9788336008394,1.0000424410921955,0.00046672993459561117
1414.985778165153,1414.985778165153,0.9995615647387167,0.0004665792697003836
1414.9927227294575,1414.9927227294575,1.000302653108847,0.00046677348814386677
1414.9996672937564,1414.9996672937564,1.0002381496387653,0.0004667517580475923
1415.0066118580348,1415.0066118580348,1.0004936159779363,0.00046680673438598806
1415.0135564223103,1415.0135564223103,1.00015742602629,0.00046673144643735395
1415.0205009865742,1415.0205009865742,1.000017159985361,0.000466700867924325
1415.0274455508236,1415.0274455508236,0.9996272036886176,0.00046661574848388027
1415.0343901150611,1415.0343901150611,1.0001957052639292,0.0004667038311845154
1415.0413346792902,1415.0413346792902,1.0005717776633445,0.0004667708398359001
1415.0482792435075,1415.0482792435075,0.9998336101500345,0.00046665453933470433
1415.0552238077132,1415.0552238077132,0.9995962138024618,0.000466573461291423
1415.0621683719073,1415.0621683719073,0.9999858643057624,0.0004667345466551763
1415.0691129360926,1415.0691129360926,1.000171548838571,0.0004667696881310002
1415.0760575002635,1415.0760575002635,1.000307448694668,0.00046671135974021345
1415.0830020644225,1415.0830020644225,0.9999022737610863,0.00046672470222230197
1415.0899466285755,1415.0899466285755,0.9997715005969783,0.0004666858248055054
1415.0968911927116,1415.0968911927116,1.000351515896726,0.00046687171567378363
1415.1038357568384,1415.1038357568384,0.9996385013423655,0.00046665475266847306
1415.1107803209513,1415.1107803209513,0.9996951227730573,0.00046662078017776
1415.117724885058,1415.117724885058,0.999384818441591,0.0004666717347496394
1415.1246694491533,1415.1246694491533,1.0012624870514113,0.00046703077397239925
1415.1316140132365,1415.1316140132365,1.00000519031861,0.000466813990147235
1415.1385585773055,1415.1385585773055,1.000093408314357,0.00046655972128298187
1415.1455031413623,1415.1455031413623,1.0003097226891773,0.00046685956855929185
1415.1524477054145,1415.1524477054145,1.0002890994096083,0.0004668315970337471
1415.1593922694506,1415.1593922694506,0.9998408699362562,0.00046681317142198344
1415.1663368334735,1415.1663368334735,0.9992658424240327,0.00046671927358652224
1415.1732813974836,1415.1732813974836,0.9992297600763997,0.0004665493820609494
1415.1802259614835,1415.1802259614835,1.000694531054641,0.0004667504455153291
1415.1871705254762,1415.1871705254762,0.9988918079645019,0.0004665213024616312
1415.1941150894552,1415.1941150894552,1.0005986367312485,0.00046688893188828626
1415.2010596534217,1415.2010596534217,1.000312072881365,0.0004667604024781627
1415.208004217378,1415.208004217378,1.0006112518854053,0.00046694452783587636
1415.214948781321,1415.214948781321,1.000140285451802,0.00046682204298928497
1415.2218933452507,1415.2218933452507,0.9999001655898863,0.00046679335795115723
1415.2288379091735,1415.2288379091735,1.0001209494567025,0.0004668369044381709
1415.2357824730798,1415.2357824730798,0.9998537492446046,0.0004667380409396937
1415.2427270369767,1415.2427270369767,0.9996999273681675,0.00046677122402178137
1415.2496716008598,1415.2496716008598,0.9997570480118998,0.00046677049818396183
1415.256616164736,1415.256616164736,0.9995455884358109,0.00046666815196115915
1415.263560728596,1415.263560728596,1.0002079838589253,0.00046693385652770444
1415.2705052924462,1415.2705052924462,1.0006077135707363,0.0004670048334605006
1415.2774498562883,1415.2774498562883,1.0005908536738437,0.00046691918479981954
1415.2843944201127,1415.2843944201127,0.9986495273965609,0.0004665988303573142
1415.2913389839282,1415.2913389839282,0.999612173572918,0.0004666466479996688
1415.2982835477299,1415.2982835477299,1.000497566909567,0.00046678409473934043
1415.305228111519,1415.305228111519,1.0005150693775753,0.0004668568200384372
1415.3121726752997,1415.3121726752997,1.000582628672523,0.000466851430583834
1415.319117239066,1415.319117239066,0.9997628658969882,0.00046664519898793357
1415.3260618028175,1415.3260618028175,0.9994107143171809,0.0004666992590209777
1415.3330063665605,1415.3330063665605,1.0007210539702691,0.0004669375026133098
1415.3399509302951,1415.3399509302951,0.9997388095421001,0.0004667788695151633
1415.3468954940115,1415.3468954940115,1.0001271972913783,0.0004667951694624723
1415.35384005772,1415.35384005772,0.9996194296703249,0.000466804104657854
1415.3607846214131,1415.3607846214131,0.9999347557682942,0.0004668005128122694
1415.367729185098,1415.367729185098,0.9995915889310705,0.0004667945328174463
1415.374673748768,1415.374673748768,0.9998734336644975,0.00046679234261925447
1415.381618312424,1415.381618312424,0.9997878219085079,0.00046678145608071604
1415.3885628760702,1415.3885628760702,1.0003273347325528,0.00046685588481690547
1415.3955074397036,1415.3955074397036,1.0008044479214298,0.00046703921236222734
1415.402452003326,1415.402452003326,1.0003283642427356,0.0004667444237302381
1415.409396566933,1415.409396566933,0.9999862787575238,0.00046677725583777813
1415.41634113053,1415.41634113053,0.9996903919797093,0.0004667621474068819
1415.4232856941192,1415.4232856941192,0.9997586553714057,0.0004666581963242591
1415.4302302576896,1415.4302302576896,1.0000045672182496,0.0004667848227235307
1415.4371748212498,1415.4371748212498,0.9994329009545811,0.000466720616094607
1415.4441193847972,1415.4441193847972,0.9995784649231721,0.00046672339573706963
1415.4510639483337,1415.4510639483337,1.000433789496953,0.0004668482975560944
1415.4580085118555,1415.4580085118555,1.0003817513173658,0.0004667805247841591
1415.464953075369,1415.464953075369,0.9998861099206421,0.0004666398147709293
1415.4718976388665,1415.4718976388665,1.0001131588293803,0.0004667200172336685
1415.478842202354,1415.478842202354,1.0005900300069075,0.00046680910953488436
1415.485786765829,1415.485786765829,0.9995055147426962,0.0004666849725668911
1415.492731329287,1415.492731329287,0.9997565006858713,0.0004666567136297958
1415.4996758927387,1415.4996758927387,1.0004824593417037,0.00046678733511043856
1415.506620456176,1415.506620456176,0.9992206569610603,0.0004665909940712783
1415.5135650196019,1415.5135650196019,1.0003186885187274,0.00046688655023691995
1415.5205095830129,1415.5205095830129,0.999740904983792,0.00046676005543521434
1415.52745414641,1415.52745414641,0.9996242669213199,0.0004667719737337163
1415.5343987097945,1415.5343987097945,0.9997573877834537,0.00046674031669093725
1415.5413432731707,1415.5413432731707,1.0001888818388338,0.0004667883803649679
1415.5482878365324,1415.5482878365324,1.0004618286713516,0.00046693766766486687
1415.55523239988,1415.55523239988,0.9994764658690943,0.00046667857853552563
1415.5621769632178,1415.5621769632178,1.0004499668461913,0.00046694863713114023
1415.5691215265422,1415.5691215265422,0.9994140769931781,0.00046672883722986803
1415.5760660898509,1415.5760660898509,0.9993602786553645,0.00046664977256563047
1415.583010653149,1415.583010653149,0.9998640561968918,0.00046673382687899566
1415.5899552164349,1415.5899552164349,1.001020019871531,0.00046685656046370667
1415.5968997797092,1415.5968997797092,1.000499600312812,0.0004667800383687853
1415.6038443429657,1415.6038443429657,1.000296189997255,0.0004668605847073533
1415.6107889062114,1415.6107889062114,0.9994419527689159,0.00046668753139747976
1415.617733469448,1415.617733469448,1.000020147670387,0.0004667939563494074
1415.6246780326703,1415.6246780326703,1.000126119545336,0.0004667677089570798
1415.6316225958774,1415.6316225958774,1.0003982631003006,0.0004668707265917546
1415.638567159073,1415.638567159073,0.9997586249240834,0.0004667688993550309
1415.6455117222577,1415.6455117222577,0.9989213961375863,0.0004665706171395478
1415.6524562854213,1415.6524562854213,0.9998083085921552,0.00046670093811163597
1415.659400848582,1415.659400848582,1.0000732197026638,0.00046680507155924067
1415.6663454117283,1415.6663454117283,1.0006096692578765,0.00046687613682474296
1415.673289974863,1415.673289974863,1.0011153453852306,0.0004669698203603054
1415.6802345379774,1415.6802345379774,0.9993625781954156,0.0004666552853487844
1415.687179101083,1415.687179101083,1.0003565312415201,0.00046685386907385236
1415.6941236641794,1415.6941236641794,0.9996226847220739,0.000466680974190999
1415.7010682272537,1415.7010682272537,0.999598010826003,0.00046662612740437474
1415.708012790324,1415.708012790324,0.9997718624535367,0.00046671953762468895
1415.7149573533775,1415.7149573533775,0.999849416710666,0.000466741605660392
1415.7219019164156,1415.7219019164156,0.9998567390485118,0.00046668583903027017
1415.728846479446,1415.728846479446,1.0007308738455245,0.0004668496774948831
1415.735791042458,1415.735791042458,1.0001941828377225,0.00046686153511097246
1415.742735605459,1415.742735605459,1.000101231883288,0.0004667616039286564
1415.7496801684451,1415.7496801684451,0.9996755207253711,0.000466656778570738
1415.756624731417,1415.756624731417,1.000001057260262,0.0004667984565402855
1415.7635692943797,1415.7635692943797,0.9993471620101119,0.00046660339217156335
1415.7705138573256,1415.7705138573256,1.001750532300894,0.00046705550791441546
1415.7774584202623,1415.7774584202623,1.0000879242953857,0.00046680123740492
1415.7844029831874,1415.7844029831874,1.0002549748811678,0.00046685745278929905
1415.791347546095,1415.791347546095,0.9998926593257238,0.00046680142512660225
1415.7982921089883,1415.7982921089883,1.0004918131363576,0.000466939299667488
1415.8052366718757,1415.8052366718757,0.9996708557570774,0.00046671585334224824
1415.8121812347424,1415.8121812347424,0.9996798732738037,0.00046678450184122443
1415.8191257975952,1415.8191257975952,1.0003936508162332,0.00046692136166943623
1415.826070360438,1415.826070360438,0.9994174992400071,0.00046669740736162275
1415.8330149232625,1415.8330149232625,1.0001501294460111,0.00046678126113155
1415.839959486079,1415.839959486079,1.0000987986126453,0.0004667289323250363
1415.846904048877,1415.846904048877,1.0001923068135627,0.00046678808767824974
1415.8538486116704,1415.8538486116704,1.0001714610993324,0.0004667738853481207
1415.8607931744446,1415.8607931744446,1.0001614365140643,0.0004667497159784674
1415.8677377372064,1415.8677377372064,1.0001738453556226,0.0004668047237455812
1415.8746822999542,1415.8746822999542,1.0001697397974978,0.0004667954276911954
1415.881626862687,1415.881626862687,1.0004200181384741,0.0004668065204166956
1415.8885714254088,1415.8885714254088,1.000256657603828,0.0004668077686968023
1415.8955159881154,1415.8955159881154,0.9995199609944292,0.0004666645356111266
1415.9024605508052,1415.9024605508052,0.9988278359033405,0.0004665996034504223
1415.9094051134887,1415.9094051134887,1.000771484976097,0.0004669196798182106
1415.9163496761544,1415.9163496761544,1.0003288007792641,0.0004669903522114988
1415.9232942388094,1415.9232942388094,0.9994164070114244,0.00046669690263220217
1415.9302388014457,1415.9302388014457,0.9999610048700902,0.0004668409504708309
1415.9371833640719,1415.9371833640719,0.9999765223956519,0.00046691205847455245
1415.9441279266819,1415.9441279266819,1.0000716865649468,0.0004668598240140826
1415.9510724892814,1415.9510724892814,1.0008298121434034,0.0004670353596087023
1415.9580170518689,1415.9580170518689,0.9992799896711719,0.00046674330380041634
1415.9649616144366,1415.9649616144366,0.999096736458642,0.0004665937845252816
1415.9719061769915,1415.9719061769915,1.000639548224828,0.00046686118124011596
1415.9788507395358,1415.9788507395358,1.0001108282891868,0.00046691885586017936
1415.9857953020648,1415.9857953020648,0.9998865855258232,0.0004668415303756966
1415.992739864574,1415.992739864574,0.9996235040892831,0.00046679317772900443
1415.9996844270802,1415.9996844270802,0.9999055998664133,0.00046680739483759076
1416.0066289895715,1416.0066289895715,0.9999411959828304,0.00046674966854192703
1416.0135735520457,1416.0135735520457,0.9995225833257828,0.00046674941295585655
1416.0205181145018,1416.0205181145018,1.0008116118432202,0.00046695937199021443
1416.027462676944,1416.027462676944,1.0006355416570991,0.00046690818358373885
1416.034407239377,1416.034407239377,0.9996413701636371,0.00046675350808383773
1416.0413518017992,1416.0413518017992,1.0000233013994149,0.0004668321102763772
1416.0482963642032,1416.0482963642032,0.9993402836424649,0.0004666667986735904
1416.0552409265963,1416.0552409265963,1.0007362199193979,0.00046685137015649476
1416.0621854889646,1416.0621854889646,0.9995632400799901,0.0004665867384294685
1416.0691300513258,1416.0691300513258,1.0001358004673242,0.00046671805789650034
1416.0760746136802,1416.0760746136802,0.9990908597119169,0.0004665408521589838
1416.083019176015,1416.083019176015,0.9997475436425101,0.00046671341211426416
1416.0899637383318,1416.0899637383318,1.0012197237779261,0.00046692982292198987
1416.0969083006369,1416.0969083006369,1.0002266602151395,0.0004667377925315806
1416.1038528629244,1416.1038528629244,1.0000416683020914,0.00046676678628404755
1416.1107974252066,1416.1107974252066,1.0001055820880675,0.0004666758182036355
1416.117741987471,1416.117741987471,0.9994973411902432,0.0004665941954864809
1416.1246865497183,1416.1246865497183,0.999801401532465,0.00046675204326653626
1416.131631111954,1416.131631111954,1.000272049176238,0.0004667537628554468
1416.1385756741743,1416.1385756741743,0.9987204295914708,0.00046647629741841
1416.1455202363811,1416.1455202363811,1.0004624821025212,0.00046695427234084085
1416.152464798572,1416.152464798572,0.9999307470568045,0.0004668284167346039
1416.1594093607496,1416.1594093607496,0.9997297731798735,0.00046678593538727875
1416.166353922915,1416.166353922915,1.000025761245044,0.00046670423696437225
1416.17329848506,1416.17329848506,1.0000527304715496,0.00046665365818964724
1416.1802430472,1416.1802430472,0.9994727225675432,0.00046671456982374826
1416.1871876093185,1416.1871876093185,0.9999474308631721,0.0004667755217974734
1416.1941321714232,1416.1941321714232,1.0007326549443174,0.0004668751265755393
1416.201076733516,1416.201076733516,1.0010411416864389,0.0004669609240076025
1416.208021295597,1416.208021295597,0.9999423648590504,0.00046679216241345513
1416.2149658576575,1416.2149658576575,1.0002990979584638,0.00046682249333081856
1416.2219104197072,1416.2219104197072,0.9996430282621119,0.00046670049168895926
1416.2288549817383,1416.2288549817383,0.999103527594049,0.0004666142253861486
1416.235799543759,1416.235799543759,0.9997374847188869,0.00046676413685192
1416.2427441057673,1416.2427441057673,0.9996751172180767,0.0004667164050983504
1416.2496886677523,1416.2496886677523,0.9997926318873078,0.00046676667339969025
1416.2566332297285,1416.2566332297285,1.000889256505102,0.0004669719720847368
1416.2635777916905,1416.2635777916905,0.9993941920287863,0.0004666355539305402
1416.2705223536375,1416.2705223536375,1.000639743585825,0.0004668823981093241
1416.2774669155647,1416.2774669155647,1.0001722983739603,0.000466871567207421
1416.2844114774857,1416.2844114774857,1.0002262020481127,0.0004668200064548945
1416.2913560393893,1416.2913560393893,0.9993636704226778,0.0004666151429554628
1416.2983006012787,1416.2983006012787,1.0003604935201733,0.0004668052379267214
1416.3052451631524,1416.3052451631524,1.0000614266865806,0.00046674474535724506
1416.31218972501,1416.31218972501,0.9994546731262848,0.00046658738640580847
1416.319134286855,1416.319134286855,0.9999018548007944,0.0004667280795427572
1416.3260788486834,1416.3260788486834,0.9998061169656355,0.0004667706189691046
1416.3330234104965,1416.3330234104965,1.000577023279725,0.00046687493675213874
1416.3399679722957,1416.3399679722957,0.9991990642742892,0.0004666091511316144
1416.3469125340769,1416.3469125340769,1.0002979867845958,0.0004668829770886596
1416.3538570958524,1416.3538570958524,0.999960690643392,0.00046666166916983353
1416.360801657608,1416.360801657608,0.9995204267476737,0.00046668425297983086
1416.367746219348,1416.367746219348,1.0008971667072768,0.00046695740502460906
1416.3746907810716,1416.3746907810716,0.9996983826445984,0.000466621360887028
1416.3816353427799,1416.3816353427799,0.999818969663832,0.00046676348046253773
1416.3885799044801,1416.3885799044801,0.9998929574361679,0.0004667890015671014
1416.3955244661593,1416.3955244661593,0.9997014121668435,0.00046677349018255565
1416.4024690278247,1416.4024690278247,0.9997152114785282,0.0004668444823977021
1416.4094135894716,1416.4094135894716,1.0003726187446689,0.000466866443011381
1416.4163581511052,1416.4163581511052,1.00040982046376,0.00046690780190585256
1416.4233027127323,1416.4233027127323,1.0002403789055503,0.0004669149373150129
1416.4302472743389,1416.4302472743389,0.999454140542236,0.0004667425978805358
1416.4371918359252,1416.4371918359252,1.0000040846423741,0.00046682898313291576
1416.4441363975056,1416.4441363975056,0.99990855094509,0.0004667622184564188
1416.451080959066,1416.451080959066,1.0000380136020048,0.00046685781176785226
1416.4580255206054,1416.4580255206054,0.9998302895125386,0.0004668242155983633
1416.4649700821399,1416.4649700821399,0.9995997199407413,0.00046680522768006213
1416.471914643653,1416.471914643653,1.0001846494304714,0.0004669891800895143
1416.478859205147,1416.478859205147,1.000508085500573,0.0004669549516743463
1416.4858037666338,1416.4858037666338,0.9996559520191702,0.00046683980304405354
1416.492748328107,1416.492748328107,0.9996995731641445,0.0004668213472406842
1416.4996928895594,1416.4996928895594,1.000206602331882,0.0004669406537696643
1416.5066374510002,1416.5066374510002,0.9999984172863849,0.0004668753082669678
1416.513582012424,1416.513582012424,1.000441933635324,0.00046697985556477925
1416.5205265738296,1416.5205265738296,0.9995855206199955,0.0004668649047691582
1416.5274711352242,1416.5274711352242,0.9996966566112352,0.0004668917080822576
1416.5344156966007,1416.5344156966007,1.000305815038574,0.0004669141966843051
1416.5413602579633,1416.5413602579633,1.0001525688768675,0.0004669705788707871
1416.5483048193078,1416.5483048193078,1.0008716234219828,0.0004671123492127973
1416.5552493806415,1416.5552493806415,0.9996767917399684,0.0004668816736982127
1416.562193941957,1416.562193941957,1.0001911376027426,0.0004668897028904594
1416.5691385032555,1416.5691385032555,0.9996539887049929,0.0004668299419344625
1416.5760830645445,1416.5760830645445,0.9997626789937705,0.000466932144557404
1416.5830276258137,1416.5830276258137,1.0000509717075021,0.0004669121026232537
1416.5899721870628,1416.5899721870628,1.0002117673038815,0.0004670048296951646
1416.5969167483051,1416.5969167483051,1.000062606840984,0.0004670578190046607
1416.6038613095284,1416.6038613095284,0.9993305194646591,0.00046686667508957503
1416.6108058707302,1416.6108058707302,1.0004743489730301,0.0004669795685826064
1416.617750431927,1416.617750431927,1.000058214566832,0.0004668496378276446
1416.6246949931033,1416.6246949931033,0.9998197488354759,0.00046679939002588106
1416.6316395542617,1416.6316395542617,0.9999593161975232,0.0004667632068769918
1416.6385841154085,1416.6385841154085,0.999720343550969,0.0004667856998529378
1416.6455286765379,1416.6455286765379,1.0002412313457523,0.00046689633749828687
1416.65247323765,1416.65247323765,1.0006240222164053,0.0004669407935633343
1416.659417798744,1416.659417798744,0.9997243911953294,0.00046674404770704085
1416.6663623598306,1416.6663623598306,1.0005580364005064,0.0004668968913038864
1416.6733069208985,1416.6733069208985,0.999875156609167,0.0004667975508946554
1416.680251481947,1416.680251481947,1.000453290818562,0.00046692447484194004
1416.6871960429798,1416.6871960429798,0.998748774476307,0.00046665606821767795
1416.6941406039991,1416.6941406039991,0.9995917153522871,0.0004667785320495686
1416.7010851650007,1416.7010851650007,1.0001555793333972,0.0004669166015773595
1416.7080297259931,1416.7080297259931,1.0000043299722103,0.0004668206465527749
1416.7149742869597,1416.7149742869597,1.0003886322688387,0.00046689529571816073
1416.721918847917,1416.721918847917,1.0004350233345738,0.00046695152547797934
1416.7288634088577,1416.7288634088577,0.9997690498839736,0.0004668761934768194
1416.7358079697774,1416.7358079697774,0.999607612991667,0.00046683210996095867
1416.742752530683,1416.742752530683,1.0004698292394436,0.00046700853866116796
1416.7496970915793,1416.7496970915793,1.0003388908154238,0.00046704912821887435
1416.7566416524533,1416.7566416524533,1.0000951495048043,0.0004669494945969588
1416.7635862133145,1416.7635862133145,0.9996901067081991,0.0004668804415758389
1416.7705307741587,1416.7705307741587,0.9994361735171153,0.00046681355856767676
1416.7774753349859,1416.7774753349859,1.00044535142707,0.0004669844547336861
1416.7844198957948,1416.7844198957948,0.9998748253209306,0.00046685119866009234
1416.7913644565901,1416.7913644565901,0.9989038529058591,0.00046678012136940853
1416.7983090173698,1416.7983090173698,1.0002460751019921,0.00046702602936368124
1416.805253578133,1416.805253578133,1.0004592188284405,0.00046696369644908133
1416.812198138878,1416.812198138878,0.9999744930387576,0.0004669200760496316
1416.8191426996118,1416.8191426996118,1.0007617270576283,0.0004670203928317903
1416.826087260322,1416.826087260322,1.0002798578383922,0.00046694177792766593
1416.833031821027,1416.833031821027,1.0004873068890834,0.00046691713221311504
1416.8399763817051,1416.8399763817051,0.9995859195391688,0.0004667750483161345
1416.8469209423688,1416.8469209423688,0.9997265227817975,0.0004667973433576088
1416.8538655030184,1416.8538655030184,1.0000046257223612,0.00046679780520482233
1416.8608100636525,1416.8608100636525,1.000093109812689,0.0004668280338369333
1416.8677546242702,1416.8677546242702,0.9998214814204072,0.00046679897411193856
1416.8746991848668,1416.8746991848668,1.0004457308893253,0.0004669591857670981
1416.8816437454523,1416.8816437454523,0.9998213906951889,0.00046683892470175757
1416.8885883060198,1416.8885883060198,0.999564410901869,0.00046681242725374165
1416.8955328665702,1416.8955328665702,1.0005171185594057,0.00046691804729801666
1416.9024774271063,1416.9024774271063,0.9999693511020589,0.0004668713580866711
1416.909421987621,1416.909421987621,0.9999079256282075,0.0004668586777183107
1416.9163665481253,1416.9163665481253,0.9998621946370065,0.000466743656605457
1416.9233111086055,1416.9233111086055,1.0000232106255162,0.0004668087365838678
1416.9302556690748,1416.9302556690748,0.99990176877259,0.00046677490350748496
1416.9516449152077,1416.9516449152077,1.0004512528117733,0.0004668149407535835
1416.9622006470186,1416.9622006470186,0.9993949461738062,0.0004665051902798166
1416.9691452073944,1416.9691452073944,0.999836097985589,0.0004666198385550217
1416.9760897677556,1416.9760897677556,0.9996135973959683,0.00046666730334949
1416.983034328096,1416.983034328096,1.0013965576644182,0.00046661744064315495
1416.9899788884227,1416.9899788884227,1.0003902877241289,0.00046659992239336
1416.9972012311414,1416.9972012311414,1.0002941846306794,0.0004666802911747531
1417.008034745187,1417.008034745187,1.0002515198148871,0.0004661673298506459
1417.0160904350955,1417.0160904350955,0.999885678348902,0.0004664007010035407
1417.0285906435233,1417.0285906435233,0.9995929646304912,0.0004662999580286822
1417.0358129861459,1417.0358129861459,0.9999597928854277,0.00046676610497348007
1417.0427575463411,1417.0427575463411,1.0009113135915304,0.0004669880125901025
1417.049702106519,1417.049702106519,0.9998497163444237,0.00046672236382582237
1417.0566466666883,1417.0566466666883,0.999942217181939,0.00046673812525630556
1417.0635912268342,1417.0635912268342,1.0003728930980482,0.00046670196921564636
1417.0716469165789,1417.0716469165789,1.0003045282065548,0.0004666891167185511
1417.0797026063094,1417.0797026063094,0.9999630523068304,0.0004664002210175557
1417.0872027312084,1417.0872027312084,0.9994386191975915,0.0004663160329873769
1417.0955362032905,1417.0955362032905,0.9997837452392353,0.0004664836167901476
1417.1024807633437,1417.1024807633437,1.0008087787429347,0.00046669671985069967
1417.1094253233782,1417.1094253233782,0.9986577435206149,0.00046640304831969915
1417.116647665792,1417.116647665792,1.0006633317374838,0.00046647050842312323
1417.1255367025897,1417.1255367025897,1.0000381066571715,0.0004662451641569831
1417.1347035217507,1417.1347035217507,1.0010059833344274,0.0004668192901654816
1417.144425905682,1417.144425905682,0.9998088237421868,0.00046640341297685015
1417.152481595203,1417.152481595203,0.9993728718596404,0.00046646927007079603
1417.1594261551134,1417.1594261551134,1.0002022811112758,0.0004665233814605438
1417.1663707150026,1417.1663707150026,0.9996177671620525,0.0004665719703681498
1417.1733152748811,1417.1733152748811,1.0003888539695822,0.00046655445416975215
1417.1827598762834,1417.1827598762834,1.000623730778755,0.0004666746976230437
1417.1899822185135,1417.1899822185135,1.000275768243771,0.0004667177333226759
1417.19692677833,1417.19692677833,0.9997749505989288,0.000466597874313042
1417.2038713381264,1417.2038713381264,1.000046804916948,0.00046669882176788154
1417.2108158979086,1417.2108158979086,1.0010107437496993,0.0004668067187279801
1417.2177604576725,1417.2177604576725,0.9989685331472099,0.0004664159868749953
1417.2247050174233,1417.2247050174233,0.999933469942403,0.00046668027180588793
1417.2316495771468,1417.2316495771468,0.9998028822259298,0.00046677972159541033
1417.2385941368618,1417.2385941368618,0.9994237306177169,0.00046669584414312784
1417.2455386965535,1417.2455386965535,0.9996015304780661,0.00046680846924255755
1417.2524832562308,1417.2524832562308,1.0007580620024872,0.00046697150380560205
1417.2594278158908,1417.2594278158908,1.000333076886508,0.0004667990260967032
1417.266372375527,1417.266372375527,1.0001073142318078,0.0004667125047687651
1417.2733169351552,1417.2733169351552,0.999697319988304,0.0004665420292232471
1417.280539277143,1417.280539277143,1.001111263825718,0.00046690071778283904
1417.2899838781784,1417.2899838781784,0.999944741485033,0.0004666818386167088
1417.2969284377425,1417.2969284377425,0.998656939056616,0.00046637517658003813
1417.3038729972855,1417.3038729972855,0.9998571454616403,0.00046679962113830827
1417.3108175568173,1417.3108175568173,0.9998427318932975,0.000466779073668183
1417.3177621163231,1417.3177621163231,1.0007531543802717,0.0004669684880826585
1417.324706675817,1417.324706675817,0.9994725579426025,0.00046678567435860856
1417.3316512352903,1417.3316512352903,1.0001617252771358,0.0004669046627792285
1417.3385957947492,1417.3385957947492,0.9993589393747475,0.00046675081981355964
1417.3460959189383,1417.3460959189383,0.9999858507768687,0.0004664856422312286
1417.3538738254872,1417.3538738254872,1.0007551636846959,0.0004668788165868937
1417.3608183848878,1417.3608183848878,1.0000047172033917,0.00046668740594350285
1417.3677629442686,1417.3677629442686,0.9996370656185214,0.0004664436898386917
1417.374707503628,1417.374707503628,0.9999253065113403,0.00046671620045983444
1417.381652062974,1417.381652062974,0.9997994841355009,0.00046663541184493616
1417.3885966222986,1417.3885966222986,1.0000617427527427,0.00046659126326926823
1417.3955411816037,1417.3955411816037,0.9996232888022927,0.00046652854506883617
1417.4024857408997,1417.4024857408997,1.000533530397211,0.00046684984747361123
1417.4094303001723,1417.4094303001723,1.0000650852147708,0.00046643694795940057
1417.4163748594278,1417.4163748594278,1.0003286485209046,0.0004666520871383544
1417.423319418662,1417.423319418662,1.0001017363795284,0.00046666310857677645
1417.4302639778798,1417.4302639778798,0.9994884189031437,0.0004666574832655034
1417.4372085370794,1417.4372085370794,0.999895893507604,0.00046668215077063377
1417.4441530962622,1417.4441530962622,1.0004887698467315,0.00046681563720380684
1417.4510976554268,1417.4510976554268,0.9996728895854735,0.00046650871238047896
1417.4580422145686,1417.4580422145686,0.9999853193325985,0.0004666934752408436
1417.464986773693,1417.464986773693,0.9998306224486265,0.0004666643763794942
1417.4719313328026,1417.4719313328026,1.0004811909353692,0.00046668710193217063
1417.4788758918921,1417.4788758918921,0.9996229105224449,0.0004666115300777416
1417.4858204509637,1417.4858204509637,0.9998509814106479,0.00046680798032724686
1417.4927650100153,1417.4927650100153,0.9998691659855803,0.00046674149223901215
1417.4997095690492,1417.4997095690492,1.000391237812242,0.00046686533692549755
1417.5066541280626,1417.5066541280626,1.0000643686143293,0.00046682383252665265
1417.513598687065,1417.513598687065,0.9997062834455406,0.00046679589698624417
1417.5205432460402,1417.5205432460402,1.0003485044858886,0.0004669036908959686
1417.5274878050022,1417.5274878050022,0.999797651793102,0.0004668360313033697
1417.534432363943,1417.534432363943,1.0005992025463344,0.0004669617290682999
1417.5413769228694,1417.5413769228694,0.9999484587037767,0.00046689181887877825
1417.5483214817723,1417.5483214817723,1.0003245880782519,0.00046689774809747836
1417.555266040658,1417.555266040658,0.9994486527266085,0.00046696730973707105
1417.5622105995262,1417.5622105995262,1.0000176058107788,0.0004670059658180653
1417.5691551583736,1417.5691551583736,0.9995633314919322,0.00046688795047930684
1417.5760997172042,1417.5760997172042,0.9997595918576124,0.00046696585344666204
1417.5830442760139,1417.5830442760139,1.0001583150660185,0.00046675659265009743
1417.5899888348035,1417.5899888348035,0.9996059058693756,0.0004668878210832693
1417.5969333935786,1417.5969333935786,1.0002048621685884,0.0004669804542012865
1417.60387795233,1417.60387795233,1.0001566633164427,0.0004669655908413212
1417.6108225110706,1417.6108225110706,1.000056469043169,0.00046699342428972463
1417.6177670697841,1417.6177670697841,1.000052160965965,0.0004669120776758967
1417.624711628484,1417.624711628484,0.9994927822418156,0.000466815336478455
1417.6316561871597,1417.6316561871597,1.000798746639983,0.0004670376811964173
1417.6386007458152,1417.6386007458152,1.000556367434876,0.0004669670386501461
1417.6455453044596,1417.6455453044596,0.9994930883792014,0.00046671409069361377
1417.6524898630828,1417.6524898630828,0.9997517771361168,0.0004668140594517911
1417.6594344216837,1417.6594344216837,1.0005054031014753,0.0004669705776991593
1417.6663789802692,1417.6663789802692,0.9994043746359133,0.0004668953011058356
1417.673323538832,1417.673323538832,0.9999038979460829,0.00046687233539340577
1417.6802680973772,1417.6802680973772,1.00073563018687,0.0004670263916240626
1417.6872126559017,1417.6872126559017,1.0001629819434803,0.0004669293225171468
1417.6941572144092,1417.6941572144092,0.9995080103286608,0.000466902020589771
1417.7011017728958,1417.7011017728958,1.0002284171867792,0.000467056446023828
1417.7080463313625,1417.7080463313625,0.9993911683951744,0.00046686751788420475
1417.714990889814,1417.714990889814,0.9998420343391926,0.0004669336529662249
1417.7219354482427,1417.7219354482427,1.0000108917524728,0.0004670619152390737
1417.7288800066513,1417.7288800066513,1.0004769957900272,0.0004668826499928569
1417.7358245650448,1417.7358245650448,0.9999544528664204,0.0004669891130003794
1417.7427691234157,1417.7427691234157,0.9998576845248509,0.0004667330587003379
1417.7497136817656,1417.7497136817656,0.9996701987287568,0.0004667905901011974
1417.7566582401014,1417.7566582401014,0.9994682365805103,0.00046675369519779184
1417.763602798416,1417.763602798416,1.0016988540109588,0.00046710826850116335
1417.7705473567107,1417.7705473567107,0.9997710650561276,0.00046676846563072007
1417.7774919149826,1417.7774919149826,0.9993713422935213,0.0004667943778842765
1417.7844364732364,1417.7844364732364,0.9997908117097823,0.00046681600111917376
1417.7913810314703,1417.7913810314703,1.0003986604268533,0.0004668862404772732
1417.7983255896838,1417.7983255896838,1.0005566228394103,0.0004669577870139441
1417.8052701478823,1417.8052701478823,0.9995522286573811,0.000466740161399635
1417.8122147060608,1417.8122147060608,0.9996342970436937,0.00046678218958765016
1417.8191592642186,1417.8191592642186,1.0000178721342965,0.0004668309241911395
1417.826103822354,1417.826103822354,1.0005195409787873,0.0004670102344972001
1417.8330483804707,1417.8330483804707,0.9999265187742952,0.00046683151926292553
1417.8399929385678,1417.8399929385678,0.9994086518383088,0.0004667044887032452
1417.8469374966412,1417.8469374966412,0.9996490511424264,0.00046683677765966625
1417.8538820547028,1417.8538820547028,1.0005387324179194,0.0004670071909359018
1417.8608266127421,1417.8608266127421,1.0000058770040314,0.0004670366798523796
1417.867771170757,1417.867771170757,1.0004292664466718,0.0004670596782278463
1417.8747157287585,1417.8747157287585,0.9998661997974091,0.00046696580639540776
1417.8816602867328,1417.8816602867328,0.9998243170517849,0.00046700030789962314
1417.8886048446898,1417.8886048446898,1.0003843049898753,0.00046708226666026295
1417.895549402633,1417.895549402633,0.9997137039407109,0.00046691411093854765
1417.902493960549,1417.902493960549,0.9996057156303605,0.0004669225845940374
1417.909438518445,1417.909438518445,0.9999113281240367,0.0004669413669126232
1417.9163830763237,1417.9163830763237,1.000278316198107,0.00046707455662350504
1417.923327634176,1417.923327634176,0.9999798681818396,0.0004669513953266441
1417.9302721920196,1417.9302721920196,1.0003510008448773,0.0004669829024639666
1417.9372167498343,1417.9372167498343,0.9994280934057963,0.00046687030203767426
1417.9441613076347,1417.9441613076347,1.0004368648630764,0.00046699504889872827
1417.9511058654111,1417.9511058654111,1.0003047619392793,0.00046682334917837594
1417.9580504231649,1417.9580504231649,0.9997692017980881,0.0004669148665606208
1417.9649949809036,1417.9649949809036,0.9999198362675552,0.00046700408542474034
1417.9719395386135,1417.9719395386135,0.9995652080242614,0.0004668324817425931
1417.9788840963145,1417.9788840963145,1.000510885330549,0.0004670434160537352
1417.985828653989,1417.985828653989,0.9997890761138155,0.0004668743823567125
1417.992773211647,1417.992773211647,0.9999132230804143,0.0004669789287911468
1417.9997177692808,1417.9997177692808,0.9997182253180583,0.00046692543269214457
1418.0066623268947,1418.0066623268947,1.0002007660316088,0.0004668657203944033
1418.0136068844884,1418.0136068844884,1.0000383994598385,0.00046686126354959285
1418.0205514420609,1418.0205514420609,1.000361007135727,0.00046693061924603965
1418.0274959996143,1418.0274959996143,0.9998760918724464,0.00046685901658594586
1418.0344405571461,1418.0344405571461,0.9999224293681486,0.0004669052092331487
1418.0413851146554,1418.0413851146554,1.0002629061724169,0.0004668577034542168
1418.0483296721468,1418.0483296721468,1.0000183260268096,0.00046689265405368285
1418.0552742296147,1418.0552742296147,1.0000755727064832,0.000466864638888464
1418.0622187870633,1418.0622187870633,0.9995848781965148,0.00046678898056847043
1418.06916334449,1418.06916334449,1.000636945418251,0.0004669492675416394
1418.0761079019003,1418.0761079019003,0.9997451839436279,0.0004668310247722939
1418.0830524592843,1418.0830524592843,0.9993374791457267,0.000466809095060328
1418.0899970166536,1418.0899970166536,1.000420256239161,0.00046695579889299247
1418.096941573997,1418.096941573997,0.9990529816632454,0.00046678113781164034
1418.1038861313223,1418.1038861313223,1.000614627938542,0.0004670443319431841
1418.110830688625,1418.110830688625,1.000966652013385,0.0004671212100941651
1418.1177752459012,1418.1177752459012,1.0000946623065077,0.000466956830733472
1418.1247198031656,1418.1247198031656,1.0004429940872077,0.00046711905184428375
1418.1316643604098,1418.1316643604098,0.9989023602417983,0.00046684089285265194
1418.1386089176274,1418.1386089176274,0.9993432561508202,0.00046690561948028173
1418.1455534748252,1418.1455534748252,0.9995585985358633,0.00046692151629643114
1418.1524980319996,1418.1524980319996,1.0003868739372406,0.00046717450888080663
1418.1594425891567,1418.1594425891567,1.000737350201652,0.0004670995361769745
1418.166387146293,1418.166387146293,0.9998428221972805,0.00046688787071196496
1418.173331703406,1418.173331703406,0.9997764825169243,0.0004668790873184251
1418.1802762604962,1418.1802762604962,1.000054689922886,0.00046695850918415703
1418.1872208175682,1418.1872208175682,0.9993113916991077,0.00046688355837170534
1418.1941653746176,1418.1941653746176,1.0006067582643898,0.0004669512111063031
1418.2011099316435,1418.2011099316435,1.0004298200750927,0.0004668924731521773
1418.2080544886517,1418.2080544886517,1.000062365953735,0.00046687128225584635
1418.2149990456371,1418.2149990456371,1.000104195466277,0.00046697853554811947
1418.2219436025985,1418.2219436025985,1.0001500675376906,0.00046700606468014856
1418.2288881595407,1418.2288881595407,0.9997219140792499,0.00046691001192995666
1418.2358327164645,1418.2358327164645,0.9996000222007471,0.00046687971184026833
1418.242777273362,1418.242777273362,1.0003141217418505,0.0004669580033634017
1418.24972183024,1418.24972183024,1.0001446848723525,0.00046703229421780044
1418.256666387097,1418.256666387097,0.9998374434614309,0.00046703848269667524
1418.2636109439336,1418.2636109439336,0.9995972384710669,0.00046696142397432104
1418.2705555007444,1418.2705555007444,0.9997677753562192,0.0004669225495255116
1418.2775000575339,1418.2775000575339,1.0002113733215752,0.00046702732864966495
1418.2844446143101,1418.2844446143101,1.0001430543760579,0.0004670246906428751
1418.29138917105,1418.29138917105,0.9997301221924337,0.00046690477017951107
1418.2983337277765,1418.2983337277765,0.999545509809197,0.00046687950488184224
1418.3052782844825,1418.3052782844825,1.0009213177504226,0.0004670978476862213
1418.3122228411646,1418.3122228411646,1.0002037606953278,0.00046700765140272215
1418.3191673978213,1418.3191673978213,1.000223913563255,0.00046709118890903196
1418.326111954463,1418.326111954463,0.9997938905985908,0.00046698422101075656
1418.3330565110784,1418.3330565110784,1.000023322322811,0.00046706275669713466
1418.3400010676705,1418.3400010676705,0.999722785087747,0.00046692138559665245
1418.3469456242424,1418.3469456242424,1.0007377634539902,0.00046715133864960517
1418.353890180797,1418.353890180797,0.9992964913122184,0.00046701597990732893
1418.3608347373195,1418.3608347373195,0.9992629186493287,0.00046696910184613127
1418.3677792938272,1418.3677792938272,1.0007705771820832,0.0004673024250011314
1418.3747238503145,1418.3747238503145,1.0003850421549783,0.0004672367663248778
1418.3816684067729,1418.3816684067729,0.9997689112078249,0.0004671382600693106
1418.3886129632112,1418.3886129632112,0.9990692146651952,0.00046703421378644917
1418.3955575196287,1418.3955575196287,1.0003725050861108,0.00046723780166446063
1418.402502076023,1418.402502076023,1.000252071965646,0.0004672088066567679
1418.4094466323938,1418.4094466323938,0.9998843109436484,0.00046709315570388904
1418.4163911887445,1418.4163911887445,0.999940508905838,0.00046703211360344716
1418.4233357450753,1418.4233357450753,1.0003110322441962,0.00046709402748525174
1418.430280301379,1418.430280301379,1.0001860253225008,0.0004671517428768639
1418.4372248576597,1418.4372248576597,0.9997310116252562,0.00046697882055907766
1418.4441694139207,1418.4441694139207,1.000334793854523,0.0004670488219482704
1418.4511139701547,1418.4511139701547,1.000127445738554,0.0004670742681352212
1418.4580585263716,1418.4580585263716,1.0000404984986975,0.000467030896260146
1418.4650030825649,1418.4650030825649,1.0001459720495958,0.00046705669097410224
1418.4719476387297,1418.4719476387297,1.0003759576338587,0.0004670740633329235
1418.4788921948825,1418.4788921948825,0.9998133121394842,0.00046701148834011295
1419.0308450604637,1419.0308450604637,0.9999190649083889,0.0004654233382941484
1421.2178228463279,1421.2178228463279,1.0004303379344142,0.00045910305216018886
1421.22476738895,1421.22476738895,0.9993606834124128,0.00045841674627172455
1421.2317119315146,1421.2317119315146,0.9998162469239187,0.00045836711620202863
1421.2386564740236,1421.2386564740236,1.0001519703021358,0.0004582932646023883
1421.245601016483,1421.245601016483,0.9996570019497104,0.00045837516758253277
1421.2525455588873,1421.2525455588873,1.0000145829019549,0.00045840192172911495
1421.2594901012394,1421.2594901012394,0.9996731659643074,0.0004584971200267423
1421.2664346435329,1421.2664346435329,0.9990716329924336,0.00045841644923509813
1421.27337918578,1421.27337918578,1.0007179043086936,0.00045858774145555146
1421.280323727969,1421.280323727969,1.000889227735583,0.0004590479190581187
1421.2872682701059,1421.2872682701059,0.9995018384564309,0.00045887774248934855
1421.2942128121836,1421.2942128121836,1.0010666998310325,0.00045958484333892145
1421.3011573542124,1421.3011573542124,0.9994142900075612,0.0004595149037198971
1421.3081018961875,1421.3081018961875,0.9999260869971783,0.00045972467250717295
1421.3150464381026,1421.3150464381026,0.998724113318009,0.00045973446419693713
1421.321990979967,1421.321990979967,0.9996546370244624,0.00046000787394340095
1421.3289355217735,1421.3289355217735,0.9999015948326418,0.00046021574317506905
1421.335880063527,1421.335880063527,1.0000583097489224,0.0004604798071119995
1421.3428246052226,1421.3428246052226,1.0002385563477691,0.0004604770698421796
1421.3497691468626,1421.3497691468626,1.0000670171262551,0.0004606765281207601
1421.356713688449,1421.356713688449,1.0007527028883716,0.00046084395879856106
1421.3636582299773,1421.3636582299773,0.9994758066652887,0.00046098238544641076
1421.3706027714502,1421.3706027714502,0.9992279757638725,0.00046117613698202646
1421.3775473128665,1421.3775473128665,0.9994302768622099,0.00046133506530495583
1421.3844918542272,1421.3844918542272,0.9990151384977579,0.00046153249158351983
1421.3914363955303,1421.3914363955303,1.0010095458468409,0.0004618841045826148
1421.3983809367792,1421.3983809367792,1.0008106401964314,0.00046197918686040785
1421.4053254779665,1421.4053254779665,0.9997411430002924,0.0004620304845761353
1421.4122700191006,1421.4122700191006,1.0000248416425408,0.00046226952082236913
1421.4192145601746,1421.4192145601746,0.9998543754839361,0.00046239968161849017
1421.4261591011916,1421.4261591011916,1.0008107773234485,0.00046276019320442484
1421.4331036421559,1421.4331036421559,0.9991486381690979,0.00046252388539242296
1421.440048183058,1421.440048183058,0.9996900965106515,0.000462713208044085
1421.4469927238993,1421.4469927238993,0.9997828017529764,0.0004628369059266691
1421.4539372646873,1421.4539372646873,1.00028464891338,0.0004629339281010972
1421.4608818054153,1421.4608818054153,1.000110855774486,0.0004631091266115532
1421.4678263460858,1421.4678263460858,1.00099903975805,0.00046334774362818027
1421.4747708866976,1421.4747708866976,0.9997455836801663,0.00046338028705259057
1421.481715427248,1421.481715427248,1.001104493475607,0.00046368200299659314
1421.4886599677416,1421.4886599677416,1.0001647221792516,0.0004634647536653741
1421.4956045081751,1421.4956045081751,1.0005773221513568,0.00046390096464182676
1421.502549048548,1421.502549048548,0.9998452669126277,0.0004637746011583901
1421.5094935888624,1421.5094935888624,0.9995008368253838,0.00046381090137895465
1421.516438129122,1421.516438129122,0.999606747709392,0.00046386982069277096
1421.523382669316,1421.523382669316,0.9998860890304184,0.00046409613590698786
1421.53032720945,1421.53032720945,0.9997247418183643,0.0004642018843949359
1421.537271749527,1421.537271749527,1.0005081511165872,0.00046434754133246257
1421.544216289541,1421.544216289541,0.9998698601967071,0.00046431304063215107
1421.551160829493,1421.551160829493,0.9998082551908272,0.0004643856534747171
1421.5581053693884,1421.5581053693884,1.0004855458027873,0.0004646163670259795
1421.5650499092187,1421.5650499092187,1.0004151902360452,0.00046463879272124354
1421.5719944489902,1421.5719944489902,0.9993855176737527,0.00046465148389829725
1421.5789389887007,1421.5789389887007,1.000935124637306,0.00046487231537142344
1421.5858835283477,1421.5858835283477,0.9991623071884902,0.00046476622604576184
1421.5928280679345,1421.5928280679345,0.9995140026562591,0.000464751106372997
1421.599772607456,1421.599772607456,1.0006303943201416,0.0004650501689355933
1421.6067171469208,1421.6067171469208,1.000172722960587,0.00046510117363585715
1421.6136616863187,1421.6136616863187,0.9996269721862472,0.0004650125408896268
1421.6206062256583,1421.6206062256583,0.999510123813903,0.00046519936670382726
1421.6275507649311,1421.6275507649311,1.0004450170380674,0.0004653431174907122
1421.634495304143,1421.634495304143,1.0003489563708938,0.0004653033352428086
1421.6414398432912,1421.6414398432912,0.9998286019604736,0.00046518252491046873
1421.6483843823762,1421.6483843823762,0.9997196927428309,0.00046539120782317924
1421.6553289213994,1421.6553289213994,1.0004454996069592,0.00046553979553977853
1421.6622734603588,1421.6622734603588,1.0000883885283856,0.00046557879324885584
1421.6692179992515,1421.6692179992515,1.0000791619909548,0.0004657330311870338
1421.6761625380823,1421.6761625380823,0.9994595583343159,0.0004656954503617427
1421.6831070768465,1421.6831070768465,1.0003933576275275,0.0004658309000744011
1421.6900516155488,1421.6900516155488,0.9996852677342115,0.00046580187441383773
1421.6969961541859,1421.6969961541859,1.000205598798126,0.0004659122714955826
1421.7039406927586,1421.7039406927586,0.9992513281681816,0.00046580579222315943
1421.7108852312656,1421.7108852312656,1.000613881957522,0.00046604901119419955
1421.7178297697076,1421.7178297697076,0.9993680484429517,0.00046596826616038055
1421.724774308085,1421.724774308085,1.0002225877444235,0.00046610075055378427
1421.7317188463946,1421.7317188463946,1.0005487891292897,0.0004662134878719316
1421.73866338464,1421.73866338464,1.0003730220562397,0.0004661979598802093
1421.74560792282,1421.74560792282,0.9998889532667349,0.0004661982249698108
1421.7525524609298,1421.7525524609298,1.0001071642217545,0.0004662028670031915
1421.7594969989768,1421.7594969989768,0.9997606238503286,0.0004662370128457087
1421.7664415369563,1421.7664415369563,0.9995288344609076,0.0004662190631914796
1421.7733860748697,1421.7733860748697,0.9994194418963558,0.0004662582671909679
1421.7803306127175,1421.7803306127175,1.0000228491483238,0.0004663746727742621
1421.7872751504947,1421.7872751504947,1.0000334629414804,0.0004664381698240805
1421.7942196882072,1421.7942196882072,1.0011298226243333,0.0004667267644302693
1421.8011642258484,1421.8011642258484,1.000360859113734,0.0004665603656314416
1421.8081087634262,1421.8081087634262,1.0000485448247298,0.00046650535710576036
1421.815053300932,1421.815053300932,1.0000037032493576,0.00046653378745070446
1421.8219978383713,1421.8219978383713,0.9995717122762505,0.0004664614106103837
1421.8289423757403,1421.8289423757403,0.998816337998918,0.00046643060006975316
1421.835886913043,1421.835886913043,1.0004213699541464,0.0004666629423647346
1421.842831450277,1421.842831450277,0.9995899453567187,0.0004665704147386834
1421.8497759874406,1421.8497759874406,1.0006421581073517,0.0004668148310233563
1421.8567205245324,1421.8567205245324,1.0004933162310743,0.0004667868128617477
1421.863665061558,1421.863665061558,1.000312339732202,0.00046681821573968705
1421.870609598514,1421.870609598514,1.0000889943917777,0.0004667524906496356
1421.877554135402,1421.877554135402,0.9991162145297169,0.0004666037740981005
1421.8844986722168,1421.8844986722168,0.9997152859506826,0.00046674990757755735
1421.8914432089587,1421.8914432089587,1.0002257042406812,0.0004668465662369445
1421.8983877456342,1421.8983877456342,1.0000342526998884,0.00046682910691035024
1421.9053322822379,1421.9053322822379,1.00006911211153,0.0004668052822855144
1421.9122768187688,1421.9122768187688,0.9998103023151076,0.0004667720837994541
1421.9192213552317,1421.9192213552317,1.0008942137686065,0.00046696952893991543
1421.9261658916216,1421.9261658916216,0.9996354855456857,0.00046682846452666125
1421.933110427939,1421.933110427939,0.9998164470688726,0.00046676379179943817
1421.9400549641846,1421.9400549641846,0.9997682480851011,0.0004668147870320394
1421.9469995003594,1421.9469995003594,0.9996511970246562,0.0004667413291710305
1421.95394403646,1421.95394403646,1.0001742722151328,0.0004669133892497944
1421.9608885724888,1421.9608885724888,1.0009193308636395,0.0004670351162327075
1421.9678331084451,1421.9678331084451,1.0001852097707784,0.00046694872110470537
1421.9747776443273,1421.9747776443273,0.9995588952359643,0.00046688846742800043
1421.981722180138,1421.981722180138,0.9999996035893908,0.00046687929762980927
1421.988666715876,1421.988666715876,1.0000092787310657,0.000466969951127469
1421.99561125154,1421.99561125154,0.9997127662783022,0.00046687254625047303
1422.0025557871263,1422.0025557871263,1.0005441316813988,0.0004670382068601298
1422.0095003226447,1422.0095003226447,0.9998903914925975,0.00046692586752015796
1422.0164448580847,1422.0164448580847,0.9998444120253571,0.0004668906924051385
1422.0233893934515,1422.0233893934515,0.9997325200470124,0.00046688650895200686
1422.0303339287411,1422.0303339287411,1.0000221706267545,0.0004669953377885007
1422.0372784639599,1422.0372784639599,1.0002976444849243,0.00046697535540610364
1422.0442229991015,1422.0442229991015,1.000579870075611,0.0004670339262391512
1422.051167534167,1422.051167534167,0.9995542410222461,0.00046681232096189236
1422.0581120691568,1422.0581120691568,0.999626716218803,0.0004667736816928232
1422.0650566040729,1422.0650566040729,1.0002398396559382,0.00046689077439426754
1422.0720011389085,1422.0720011389085,0.9997302536024263,0.00046678006371584236
1422.0789456736732,1422.0789456736732,1.0004382436934,0.00046695360135931595
1422.0858902083578,1422.0858902083578,0.9993000143470413,0.0004668170350342284
1422.0928347429679,1422.0928347429679,0.9998675378471578,0.0004669521118262691
1422.0997792775008,1422.0997792775008,1.0002279703641341,0.0004671230979227418
1422.1067238119558,1422.1067238119558,0.9998267725344601,0.00046727519580293443
1422.1136683463333,1422.1136683463333,1.0003788843549641,0.0004676473346391996
1422.120612880635,1422.120612880635,1.0003158486902504,0.0004680149136574721
1422.1275574148594,1422.1275574148594,1.001034076082397,0.0004686858854494432
1422.1345019490027,1422.1345019490027,0.9996088169504425,0.0004690912895723683
1422.1414464830686,1422.1414464830686,0.9997639213220353,0.00046983965508195596
1422.1483910170546,1422.1483910170546,0.9998868689504707,0.00047075252978056947
1422.1553355509666,1422.1553355509666,0.9997292135543617,0.00047178770178518984
1422.1622800847967,1422.1622800847967,0.999554045272404,0.00047292514782376036
1422.169224618548,1422.169224618548,1.0007104719822215,0.0004744452208744497
1422.1761691522202,1422.1761691522202,1.0000794060705072,0.0004758842374189688
1422.1831136858132,1422.1831136858132,1.0005316745890074,0.00047751903861171905
1422.1900582193248,1422.1900582193248,1.0002378877376727,0.00047906796340496254
1422.1970027527577,1422.1970027527577,0.999897675168618,0.00048060889301771706
1422.2039472861138,1422.2039472861138,0.9991812304311833,0.00048242858691867194
1422.2108918193837,1422.2108918193837,0.999106764250153,0.0004843723587921107
1422.2178363525766,1422.2178363525766,1.0006222360503974,0.0004865662009863823
1422.2247808856878,1422.2247808856878,1.000406916173927,0.0004886237575383848
1422.2317254187178,1422.2317254187178,0.9995485629593597,0.0004906979960094545
1422.2386699516676,1422.2386699516676,1.0003173799109515,0.0004929844328667393
1422.245614484535,1422.245614484535,1.0010690600542094,0.0004951552151901551
1422.2525590173202,1422.2525590173202,0.9995728354133788,0.0004971980844260865
1422.2595035500256,1422.2595035500256,0.9994183012107059,0.000499212727390571
1422.2664480826468,1422.2664480826468,0.9996890067496615,0.000501170526730129
1422.2733926151864,1422.2733926151864,1.00006034740302,0.0005030218233776778
1422.280337147646,1422.280337147646,0.9994965422344109,0.0005045785758067664
1422.287281680021,1422.287281680021,1.0000124968374429,0.0005061731415797585
1422.294226212313,1422.294226212313,1.0002602663305153,0.0005075731236254165
1422.3011707445235,1422.3011707445235,1.0008174501305527,0.0005089389028199293
1422.3081152766495,1422.3081152766495,0.9998668744175154,0.0005099900620285096
1422.315059808693,1422.315059808693,1.0008809819930216,0.0005111224303557885
1422.3220043406504,1422.3220043406504,0.999798562710852,0.0005118852687658164
1422.328948872526,1422.328948872526,0.9997232434560118,0.0005127957990717291
1422.3358934043165,1422.3358934043165,0.9994779368138035,0.0005134738862123604
1422.342837936027,1422.342837936027,1.0003520251627265,0.0005143372935422459
1422.3497824676492,1422.3497824676492,0.9991678043139192,0.0005149620325847152
1422.356726999189,1422.356726999189,0.999716163101596,0.0005156122172154629
1422.363671530642,1422.363671530642,1.0003198174100074,0.0005162520206929957
1422.3706160620115,1422.3706160620115,1.000393415528436,0.0005167966131848598
1422.3775605932963,1422.3775605932963,1.0003051386539887,0.0005173227949239656
1422.3845051244957,1422.3845051244957,1.0005318281258915,0.0005177181360456797
1422.3914496556108,1422.3914496556108,0.9998448962230061,0.0005180027815786684
1422.3983941866395,1422.3983941866395,1.0003201149594472,0.0005184401949446094
1422.4053387175816,1422.4053387175816,1.0002149246642058,0.0005188357053055434
1422.412283248439,1422.412283248439,0.9991103020045726,0.0005190740416998777
1422.4192277792074,1422.4192277792074,1.000634289854324,0.0005196631502445846
1422.4261723098944,1422.4261723098944,0.9998306092158027,0.0005200948513452407
1422.4331168404929,1422.4331168404929,1.0001364972444347,0.0005205792386662404
1422.4400613710036,1422.4400613710036,1.0011240540273567,0.0005212492590884709
1422.4470059014318,1422.4470059014318,1.0002062272198895,0.0005217435511111165
1422.4539504317695,1422.4539504317695,1.000278433751121,0.0005223354162390305
1422.4608949620228,1422.4608949620228,0.9999172747059955,0.0005229456779024009
1422.4678394921873,1422.4678394921873,0.9993127755538979,0.0005235114234495834
1422.4747840222633,1422.4747840222633,0.9990200860054523,0.0005242220466543309
1422.4817285522554,1422.4817285522554,1.0004875750155904,0.0005249716283541179
1422.4886730821606,1422.4886730821606,1.0005009996556498,0.0005257881067176732
1422.4956176119774,1422.4956176119774,1.0001752655907192,0.000526371703627955
1422.5025621417058,1422.5025621417058,1.0000124528633385,0.0005271196224077919
1422.5095066713482,1422.5095066713482,0.9992126937010599,0.0005278515482175984
1422.5164512009012,1422.5164512009012,1.0002479839869485,0.0005285519559859325
1422.5233957303674,1422.5233957303674,0.9992904462577487,0.0005291154010138602
1422.530340259742,1422.530340259742,0.9998193108756288,0.0005298914724912586
1422.5372847890337,1422.5372847890337,0.999668158883912,0.0005305458282466441
1422.5442293182348,1422.5442293182348,1.0011612390081028,0.0005314664732447305
1422.5511738473474,1422.5511738473474,0.9999886605132751,0.0005319681458802388
1422.5581183763748,1422.5581183763748,0.999776872504798,0.0005327280684668464
1422.5650629053107,1422.5650629053107,1.0002432932402634,0.0005335679628619665
1422.5720074341596,1422.5720074341596,0.9994542571796906,0.000534269823786383
1422.5789519629204,1422.5789519629204,0.9999411176819135,0.0005351830174900441
1422.5858964915935,1422.5858964915935,0.9996910375713906,0.0005359006578493886
1422.5928410201764,1422.5928410201764,0.9981749118829535,0.000536525425996585
1422.5997855486703,1422.5997855486703,1.000830757070857,0.0005375044812436932
1422.6067300770787,1422.6067300770787,1.0001904063464049,0.0005382463728391309
1422.613674605397,1422.613674605397,1.0006848158993304,0.0005389515768688376
1422.620619133626,1422.620619133626,0.9993628842887249,0.0005396056536811058
1422.6275636617695,1422.6275636617695,1.0007166062303408,0.0005404497882521979
1422.6345081898212,1422.6345081898212,1.0000232142193566,0.0005409813047368528
1422.641452717787,1422.641452717787,1.0002039742340867,0.0005417054011148021
1422.6483972456626,1422.6483972456626,1.000736635735331,0.0005423883946753999
1422.655341773451,1422.655341773451,0.9998017278145535,0.0005430538505986151
1422.6622863011503,1422.6622863011503,0.999112035170185,0.0005436529369820868
1422.6692308287627,1422.6692308287627,0.9995883628338728,0.0005444220726801442
1422.6761753562848,1422.6761753562848,0.9997973741674663,0.0005452160426958806
1422.6831198837212,1422.6831198837212,0.9994795949514916,0.0005461902382072562
1422.6900644110688,1422.6900644110688,0.999939726864638,0.0005469978188775481
1422.6970089383271,1422.6970089383271,1.000847681765261,0.000548055571660784
1422.7039534655003,1422.7039534655003,1.0010416020838622,0.00054910656955113
1422.7108979925827,1422.7108979925827,0.999363634496107,0.0005501048381720509
1422.717842519579,1422.717842519579,0.9998766736720224,0.0005512358306537785
1422.7247870464903,1422.7247870464903,1.0003925509363556,0.0005525236182306037
1422.7317315733108,1422.7317315733108,0.999727908549253,0.0005536860353740192
1422.7386761000469,1422.7386761000469,0.9993053501212008,0.000554804905345716
1422.7456206266932,1422.7456206266932,0.9996371581072939,0.0005562930659223266
1422.7525651532562,1422.7525651532562,1.0006495397430848,0.0005577244248206519
1422.7595096797306,1422.7595096797306,0.9992978126009445,0.0005590337695127129
1422.7664542061189,1422.7664542061189,0.999939891135966,0.0005606877420288022
1422.7733987324243,1422.7733987324243,1.0007114212624095,0.0005624337220472295
1422.7803432586397,1422.7803432586397,0.9995594127714383,0.0005639542967132601
1422.787287784775,1422.787287784775,1.000215411541482,0.0005657166192362837
1422.79423231082,1422.79423231082,1.0007309642236326,0.0005675354987130207
1422.8011768367821,1422.8011768367821,0.9998992893322978,0.0005694370211762895
1422.8100658298677,1422.8100658298677,0.9994290641719046,0.0005717676453582592
1422.8247882244234,1422.8247882244234,0.9999647122673316,0.0005757204241013212
1422.8317327500172,1422.8317327500172,1.0003803471759922,0.0005778157456011416
1422.8386772755282,1422.8386772755282,1.0000340006421151,0.0005795936793934479
1422.8456218009546,1422.8456218009546,0.9996821839733869,0.0005815022910767435
1422.8525663262997,1422.8525663262997,0.9995721377310833,0.0005834151257476077
1422.8595108515651,1422.8595108515651,0.9997916462579391,0.0005853440544592569
1422.8664553767455,1422.8664553767455,0.9998295320067243,0.0005875001450425073
1422.8733999018489,1422.8733999018489,0.9999256824380545,0.0005894698322768497
1422.8803444268729,1422.8803444268729,0.9996974145449335,0.0005913964665808233
1422.8872889518134,1422.8872889518134,0.9999453939915277,0.0005933209671910851
1422.8942334766766,1422.8942334766766,1.000241675086384,0.0005951974329925921
1422.901178001463,1422.901178001463,1.000413132232585,0.000597037049375206
1422.9081225261707,1422.9081225261707,0.9999681087562916,0.0005988398313442406
1422.9150670508,1422.9150670508,1.0011887949710034,0.0006005109652923775
1422.9220115753546,1422.9220115753546,0.9989387938388404,0.0006017850245108558
1422.9289560998322,1422.9289560998322,0.9990616990691713,0.0006033222100934234
1422.9484007678634,1422.9484007678634,0.9993932931329649,0.0006071632920431789
1422.966456530734,1422.966456530734,1.0006967196380536,0.0006108290118196535
1422.9734010547431,1422.9734010547431,0.9996500550472627,0.0006119471625893544
1422.9817344834623,1422.9817344834623,0.9997545160657788,0.0006136342176318516
1422.9886790073185,1422.9886790073185,0.9998426287243163,0.0006149333786322461
1422.9956235311079,1422.9956235311079,1.0005679687203513,0.0006163244109612895
1423.0025680548292,1423.0025680548292,1.0012575466839997,0.000617691928700962
1423.0095125784865,1423.0095125784865,1.0002073417417812,0.0006187253165437764
1423.0164571020764,1423.0164571020764,1.0001359466113622,0.0006198878758565268
1423.023401625603,1423.023401625603,1.0000738919084546,0.0006207840695172667
1423.0303461490664,1423.0303461490664,1.0004099948868572,0.0006220313770991515
1423.0372906724685,1423.0372906724685,1.0010955101990153,0.0006230141837334969
1423.0442351958084,1423.0442351958084,1.0003096605989275,0.0006240381985364574
1423.0511797190914,1423.0511797190914,0.9998637063914174,0.000624759821494864
1423.0581242423134,1423.0581242423134,1.0006693103913051,0.0006257093609679976
1423.0650687654813,1423.0650687654813,1.0020928556386632,0.0006266698705817624
1423.072013288593,1423.072013288593,0.9993996908896566,0.0006272511148064245
1423.078957811649,1423.078957811649,0.9987661372141232,0.0006278497907515607
1423.085902334654,1423.085902334654,0.999683902317863,0.0006283100545392858
1423.0928468576053,1423.0928468576053,0.9999082305286751,0.0006288176806213216
1423.0997913805072,1423.0997913805072,1.0014200558680935,0.0006291932426443861
1423.10673590336,1423.10673590336,1.0002957391168645,0.0006293238736396031
1423.1136804261682,1423.1136804261682,0.9995707891295377,0.0006293552717397967
1423.1206249489273,1423.1206249489273,1.0004507166065415,0.0006294317660096255
1423.1275694716464,1423.1275694716464,1.000232605275762,0.0006293479079873521
1423.134513994321,1423.134513994321,0.9992547467356699,0.0006292194102033058
1423.1414585169546,1423.1414585169546,0.9995366841452519,0.0006291595047814107
1423.1484030395486,1423.1484030395486,1.0007743991281155,0.0006293720153603394
1423.1564586857123,1423.1564586857123,0.9993504567375423,0.0006292170726543575
1423.1636809891322,1423.1636809891322,1.0003731113987515,0.0006294951764153979
1423.1706255116135,1423.1706255116135,0.9995964791590533,0.0006297211824450164
1423.1775700340656,1423.1775700340656,1.0010822117261988,0.000630005884215946
1423.18451455649,1423.18451455649,1.0004211504429468,0.0006302951954660705
1423.1914590788856,1423.1914590788856,0.9998711970525698,0.0006306498511635248
1423.1984036012548,1423.1984036012548,0.9997723084692576,0.0006310317319581606
1423.205348123604,1423.205348123604,1.0002090054023942,0.0006316435868606088
1423.2131259886091,1423.2131259886091,0.9984731486767334,0.0006320603329136836
1423.2206260726973,1423.2206260726973,0.999620286388582,0.0006329069365758355
1423.2275705949862,1423.2275705949862,1.000075776982086,0.0006334414836563982
1423.23451511726,1423.23451511726,1.0010109135343372,0.0006344099504262921
1423.2414596395256,1423.2414596395256,1.0000671035406286,0.0006347825295551859
1423.24840416178,1423.24840416178,1.0001434358144565,0.0006354645871920813
1423.2553486840297,1423.2553486840297,1.0001172276862114,0.000636037420666464
1423.2622932062725,1423.2622932062725,1.0007602467616823,0.0006366071244062209
1423.2692377285152,1423.2692377285152,0.9997947393271133,0.0006372147957233857
1423.276182250759,1423.276182250759,1.0002153024281792,0.0006377602541440192
1423.2831267730046,1423.2831267730046,0.9994536269168138,0.0006382976810883124
1423.2900712952578,1423.2900712952578,0.9995684200207606,0.0006389887302494895
1423.297015817519,1423.297015817519,1.0003281052266102,0.0006395433458726313
1423.3039603397951,1423.3039603397951,0.9999376799170021,0.0006401182478714521
1423.310904862083,1423.310904862083,0.9996624572143693,0.0006405047215528582
1423.3178493843893,1423.3178493843893,0.999974864171729,0.0006408596398176008
1423.324793906715,1423.324793906715,0.9994923785392323,0.0006413880500639711
1423.3317384290638,1423.3317384290638,0.9991755078337954,0.000641633995728733
1423.3386829514407,1423.3386829514407,0.9990507033470932,0.0006419250606426138
1423.345627473846,1423.345627473846,1.0005201529912189,0.0006424106439259892
1423.3525719962836,1423.3525719962836,1.0005998445054314,0.0006427174260929003
1423.3595165187548,1423.3595165187548,1.0007630528888314,0.0006430733204746665
1423.3664610412657,1423.3664610412657,1.0000380800911493,0.0006432563738959688
1423.3734055638195,1423.3734055638195,0.9998731326671223,0.000643453434356572
1423.380350086417,1423.380350086417,0.9999987098873259,0.000643841022890797
1423.3872946090626,1423.3872946090626,0.998712480249407,0.0006440339701320819
1423.3942391317596,1423.3942391317596,1.0000423078508645,0.0006445247525218567
1423.4011836545142,1423.4011836545142,1.0005137419521493,0.0006451849943589426
1423.4081281773247,1423.4081281773247,0.999939328767607,0.0006457877009891104
1423.4150727001988,1423.4150727001988,0.9980741110458041,0.0006462016325442159
1423.4220172231358,1423.4220172231358,1.0006264207723372,0.0006472536757869716
1423.4289617461436,1423.4289617461436,1.0007537023270057,0.0006481917950361669
1423.4359062692226,1423.4359062692226,1.0006003416293534,0.0006488550790894715
1423.4428507923794,1423.4428507923794,0.9998912556051612,0.0006496240131210463
1423.4497953156128,1423.4497953156128,0.9986015277902487,0.0006501475123666143
1423.4567398389324,1423.4567398389324,0.9988631497511846,0.0006505615521042853
1423.4636843623346,1423.4636843623346,0.9984962302934981,0.0006505009888956852
1423.470628885832,1423.470628885832,1.0008838235545188,0.000650710709412341
1423.4775734094208,1423.4775734094208,1.0000944213490337,0.0006501315378394576
1423.4845179331082,1423.4845179331082,0.9991322605485056,0.0006492537147985526
1423.4914624568962,1423.4914624568962,0.9991629108461308,0.0006483995965435873
1423.498406980792,1423.498406980792,1.0003217757423721,0.0006472202545051145
1423.5053515047941,1423.5053515047941,0.999007256753879,0.0006453734315811502
1424.3478632050906,1424.3478632050906,1.000930113424791,0.00050735919553239
1424.5636995536681,1424.5636995536681,0.9999371101001083,0.0004664967604898698
1424.570644111722,1424.570644111722,0.9994950214166692,0.0004664505402156039
1424.577588669925,1424.577588669925,1.0000506918350696,0.00046655119573776893
1424.5845332282765,1424.5845332282765,1.0003224756991487,0.00046653353990956875
1424.5914777867783,1424.5914777867783,0.9996534571666722,0.0004663536675843
1424.598422345424,1424.598422345424,0.9997945916389845,0.00046646070054056634
1424.605366904214,1424.605366904214,0.9993130411778697,0.000466318005018154
1424.612311463148,1424.612311463148,0.9999938366241331,0.0004664866058593078
1424.6192560222244,1424.6192560222244,0.9996644081135384,0.0004663515256499693
1424.6262005814392,1424.6262005814392,1.0007413473259181,0.0004664932517245061
1424.6331451407937,1424.6331451407937,1.0009644518270704,0.0004665962414007162
1424.6400897002845,1424.6400897002845,0.9991104865813305,0.00046625313513059933
1424.6470342599125,1424.6470342599125,1.0000784774086675,0.00046644391768478264
1424.6539788196706,1424.6539788196706,0.9995308626652564,0.0004664113150467669
1424.6609233795662,1424.6609233795662,1.0003754328531866,0.00046647474071387677
1424.667867939588,1424.667867939588,0.9997914515661304,0.0004665505086806084
1424.6748124997416,1424.6748124997416,1.0007643523816665,0.0004666170974998222
1424.6817570600233,1424.6817570600233,1.0002951837210567,0.00046650758552301154
1424.688701620431,1424.688701620431,0.9989172667077135,0.0004663476248756945
1424.695646180964,1424.695646180964,0.9999385134780819,0.0004665068166960727
1424.7025907416214,1424.7025907416214,0.9996688939821032,0.0004664282337356355
1424.7095353023997,1424.7095353023997,1.0000302879645024,0.0004665148229282312
1424.7164798632998,1424.7164798632998,1.000379613136864,0.0004666367025563373
1424.7234244243205,1424.7234244243205,0.9997108059075515,0.00046649068059821837
1424.730368985459,1424.730368985459,1.000718922052594,0.0004666651709315504
1424.737313546715,1424.737313546715,0.9998985824174202,0.0004665187072206238
1424.7442581080873,1424.7442581080873,0.9994537123370193,0.00046635917298879046
1424.7512026695745,1424.7512026695745,0.9999783859121454,0.0004665005373215902
1424.7581472311713,1424.7581472311713,0.9999492159811199,0.0004664719783251183
1424.765091792883,1424.765091792883,1.0005470353745434,0.00046660943761294116
1424.7720363547041,1424.7720363547041,0.9998142743579571,0.00046636965142481514
1424.778980916633,1424.778980916633,0.9998124994551075,0.0004663597970699829
1424.7859254786736,1424.7859254786736,1.0002505861064113,0.00046652172245979843
1424.7928700408206,1424.7928700408206,1.0003003925620748,0.00046649946813876977
1424.7998146030704,1424.7998146030704,1.0000454442428084,0.00046645712619935493
1424.8067591654276,1424.8067591654276,1.0002442372533913,0.0004664574125527044
1424.813703727886,1424.813703727886,0.999073772778952,0.00046631489980001933
1424.820648290446,1424.820648290446,1.0005763917113661,0.0004665345604626967
1424.827592853108,1424.827592853108,0.9996483459412797,0.0004664468584831214
1424.8345374158703,1424.8345374158703,1.0000194774041158,0.00046645176355634933
1424.8414819787304,1424.8414819787304,0.9995935289744121,0.0004663424447342027
1424.8484265416894,1424.8484265416894,0.9997101593949189,0.00046649977993623137
1424.8553711047425,1424.8553711047425,1.0011096036333174,0.0004667088888812789
1424.8623156678925,1424.8623156678925,0.9998283779293352,0.00046650406281826737
1424.8692602311369,1424.8692602311369,1.0001510913923966,0.0004665203619189205
1424.8762047944751,1424.8762047944751,0.9998448782837391,0.0004664108687671384
1424.883149357903,1424.883149357903,1.000053587045479,0.00046637807300609486
1424.8912050515962,1424.8912050515962,1.0000782276587308,0.0004663478862463459
1424.8998163104995,1424.8998163104995,0.9994043625231651,0.0004663303847279304
1424.9067608742346,1424.9067608742346,0.9997485110825266,0.0004663219821145409
1424.9145387857259,1424.9145387857259,0.9997361701256834,0.0004660519889083326
1424.922038914759,1424.922038914759,1.0007316848251828,0.00046630246608504245
1424.9289834787673,1424.9289834787673,1.000123020051579,0.0004664449112068052
1424.9359280428641,1424.9359280428641,0.9999078304496027,0.00046618938875926663
1424.9428726070396,1424.9428726070396,1.0008610847091521,0.0004665134806009917
1424.9498171713014,1424.9498171713014,1.0001684570314187,0.0004664696209981256
1424.9567617356424,1424.9567617356424,0.9990602420666834,0.00046615443185277596
1424.963706300064,1424.963706300064,1.0000424212074968,0.00046637656702644485
1424.9706508645652,1424.9706508645652,0.9993528386313606,0.0004662619727703908
1424.9775954291465,1424.9775954291465,0.9998918967234129,0.00046637771172824505
1424.984539993804,1424.984539993804,1.000192134630103,0.0004665356888310482
1424.9914845585395,1424.9914845585395,1.0003604375229789,0.00046642805372050196
1424.9984291233527,1424.9984291233527,1.000411439593844,0.0004665085380294562
1425.0053736882385,1425.0053736882385,0.999793755360763,0.00046630954307233405
1425.0123182531968,1425.0123182531968,0.9992508586005464,0.0004662773095088806
1425.0192628182278,1425.0192628182278,1.0004659870344752,0.000466355461630455
1425.0262073833346,1425.0262073833346,1.0001460674856535,0.0004663156068574699
1425.0331519485126,1425.0331519485126,0.9998380006082446,0.00046629346352877743
1425.0400965137608,1425.0400965137608,1.0002368869982097,0.0004663767398892033
1425.047041079077,1425.047041079077,1.0003741485880346,0.00046635717675815714
1425.0539856444643,1425.0539856444643,0.99970934477655,0.00046631334743903153
1425.0609302099192,1425.0609302099192,1.0007520169111426,0.0004665302523041478
1425.067874775444,1425.067874775444,1.000534252344215,0.0004664144060395558
1425.0748193410338,1425.0748193410338,0.9994054618437925,0.000466304341234335
1425.0817639066877,1425.0817639066877,1.0002672612275365,0.0004664255726772989
1425.0887084724086,1425.0887084724086,1.0000660548344746,0.00046636528733593797
1425.0956530381966,1425.0956530381966,1.0004606944418977,0.00046647446375303037
1425.1048198651315,1425.1048198651315,1.0000966934980111,0.00046633416249429113
1425.1123199963374,1425.1123199963374,1.0006009127986044,0.0004665966294893417
1425.1192645623364,1425.1192645623364,1.0003213406464715,0.0004666283074172211
1425.1262091283963,1425.1262091283963,0.9999133465317698,0.0004665061069491364
1425.1331536945158,1425.1331536945158,0.9997328687530652,0.00046647913752123453
1425.1400982606967,1425.1400982606967,1.0003732389874218,0.000466515421338733
1425.148153957542,1425.148153957542,1.00002541807781,0.0004663203315402197
1425.1553763065012,1425.1553763065012,0.9991763933904124,0.00046601635264455053
1425.1623208728681,1425.1623208728681,1.0003106386992846,0.0004664697944151017
1425.1692654392918,1425.1692654392918,0.9999571207747262,0.00046649673809855737
1425.1762100057695,1425.1762100057695,1.0008272636096005,0.0004666490888648023
1425.1831545723082,1425.1831545723082,0.9996683577953137,0.00046641991780418886
1425.1900991388948,1425.1900991388948,1.0003633459541583,0.00046647672684658087
1425.1970437055431,1425.1970437055431,0.9992506488389921,0.0004662949236502212
1425.2039882722386,1425.2039882722386,1.000130107770945,0.00046648446195456437
1425.2109328389884,1425.2109328389884,1.0010664226044745,0.00046659657365902084
1425.217877405792,1425.217877405792,0.9998360775808715,0.0004663740334743103
1425.2248219726491,1425.2248219726491,0.9996565128879761,0.00046634980654086607
1425.2317665395533,1425.2317665395533,1.0001363993649837,0.0004664777003031263
1425.2387111065113,1425.2387111065113,0.9998560854946449,0.00046647388807519944
1425.2456556735171,1425.2456556735171,0.9997193609844931,0.0004664384852263072
1425.252600240574,1425.252600240574,1.0010094745159315,0.0004667029216394925
1425.2595448076772,1425.2595448076772,0.9996250294765641,0.0004664103398123621
1425.2664893748297,1425.2664893748297,1.000124352767714,0.00046650938335964355
1425.273433942031,1425.273433942031,0.9993494039043848,0.00046634485880226513
1425.2803785092783,1425.2803785092783,1.0001360985676928,0.0004665730455872868
1425.2873230765722,1425.2873230765722,1.0000379815305809,0.00046656506358638524
1425.2942676439113,1425.2942676439113,0.9993331439462164,0.00046650702977066305
1425.3012122112968,1425.3012122112968,1.0002484208211944,0.0004666417057353024
1425.3081567787278,1425.3081567787278,0.9998630727222781,0.0004665173647384123
1425.3151013462007,1425.3151013462007,1.0007324931250152,0.0004666530281772781
1425.3220459137185,1425.3220459137185,0.999996681534164,0.00046654810420226873
1425.3289904812807,1425.3289904812807,0.9999470828234784,0.000466504775604598
1425.3359350488845,1425.3359350488845,0.9997333087042076,0.00046651114380186697
1425.3428796165308,1425.3428796165308,0.9996706088191589,0.0004664617521224055
1425.3498241842162,1425.3498241842162,1.000018974003856,0.0004665675050887266
1425.3567687519467,1425.3567687519467,1.0003391909775963,0.00046660237687594353
1425.363713319716,1425.363713319716,0.9997738608067064,0.000466549786488796
1425.3706578875256,1425.3706578875256,1.0005366867897565,0.0004666666853516587
1425.3776024553754,1425.3776024553754,1.0002110253163867,0.0004666146836891941
1425.3845470232661,1425.3845470232661,1.000277275611769,0.0004666463239682207
1425.391491591193,1425.391491591193,0.9993559015543486,0.0004664553733407263
1425.3984361591579,1425.3984361591579,0.9996586654361254,0.0004665189775777699
1425.4053807271623,1425.4053807271623,1.000300819846235,0.0004665729358488229
1425.4123252952043,1425.4123252952043,0.9997209841487333,0.00046656334334969327
1425.4192698632808,1425.4192698632808,0.9998666350026812,0.0004665575887063016
1425.4262144313939,1425.4262144313939,1.0001971255047064,0.00046654678627755834
1425.433158999545,1425.433158999545,1.0001322929327259,0.0004664210643118202
1425.4401035677315,1425.4401035677315,0.9999799308551058,0.0004664647777794267
1425.4470481359535,1425.4470481359535,0.999782756891749,0.0004662983155528505
1425.4539927042094,1425.4539927042094,0.9995498968937124,0.00046632769328280963
1425.4609372724985,1425.4609372724985,1.000796206905548,0.0004665539043920676
1425.4678818408215,1425.4678818408215,0.9991447996112626,0.0004662088294006937
1425.4748264091809,1425.4748264091809,1.00073108962982,0.00046644753951022316
1425.4817709775705,1425.4817709775705,1.0008292163287313,0.00046653370266526537
1425.4887155459935,1425.4887155459935,1.0002887693244031,0.00046643505175088755
1425.4956601144472,1425.4956601144472,1.000139515859853,0.00046639144431144617
1425.5026046829348,1425.5026046829348,1.0000800958183156,0.00046628051787870294
1425.5095492514542,1425.5095492514542,1.0000872282506656,0.0004664510396063481
1425.516493820004,1425.516493820004,0.9994907447319491,0.00046635129228571873
1425.523438388584,1425.523438388584,0.9991428005873931,0.0004664159711116601
1425.5303829571951,1425.5303829571951,1.0007134346790092,0.00046666784127100125
1425.537327525834,1425.537327525834,0.999703164518977,0.00046650757855044476
1425.5442720945043,1425.5442720945043,0.9999884298323553,0.00046662181125354624
1425.551216663204,1425.551216663204,0.99971910583261,0.00046642197081529617
1425.5581612319315,1425.5581612319315,0.999880627846688,0.0004665278735481326
1425.565105800686,1425.565105800686,0.999810089119715,0.0004664009601361151
1425.5720503694706,1425.5720503694706,1.0003457070410193,0.00046656236171725333
1425.5789949382806,1425.5789949382806,1.0007441871326812,0.000466656549577497
1425.5859395071207,1425.5859395071207,1.0003314095175129,0.00046650619422033203
1425.5928840759875,1425.5928840759875,1.0002051950074424,0.00046653205176959406
1425.5998286448798,1425.5998286448798,0.9993835896054385,0.0004664301505272358
1425.6067732137992,1425.6067732137992,1.0000944150628341,0.00046659598042740906
1425.613717782744,1425.613717782744,1.0000896684048266,0.0004664936537661377
1425.6206623517141,1425.6206623517141,0.999089647186955,0.0004664254737350609
1425.6276069207102,1425.6276069207102,1.0001589831611053,0.0004665296882207878
1425.6345514897307,1425.6345514897307,0.9994720006626674,0.00046643031767438305
1425.6414960587767,1425.6414960587767,1.0008690516186651,0.0004667021353857607
1425.6484406278455,1425.6484406278455,0.9997787145030934,0.00046650040135435026
1425.655385196939,1425.655385196939,1.000664636192875,0.0004665374204250116
1425.6623297660572,1425.6623297660572,0.9996294950921933,0.000466409691681516
1425.6692743351982,1425.6692743351982,0.9997819982494688,0.00046645544261167285
1425.6762189043625,1425.6762189043625,0.9992132081330991,0.0004663824392759956
1425.683163473547,1425.683163473547,1.0001449776398361,0.00046646415583064026
1425.6901080427574,1425.6901080427574,0.9999696819540891,0.00046653927125190654
1425.6970526119885,1425.6970526119885,0.999330651428326,0.0004663995542628648
1425.7039971812414,1425.7039971812414,1.0005726805850952,0.0004665657912287364
1425.7109417505155,1425.7109417505155,0.9997338094117065,0.00046643344777771805
1425.717886319811,1425.717886319811,1.000227947850449,0.00046652178398915573
1425.724830889128,1425.724830889128,0.9998982896082795,0.00046642335776292165
1425.7317754584658,1425.7317754584658,1.0002126602664332,0.00046649491608119546
1425.738720027823,1425.738720027823,0.9988446237195234,0.0004662332721459251
1425.745664597202,1425.745664597202,0.9999128564088631,0.0004663830992408727
1425.7526091665993,1425.7526091665993,1.0001200271176485,0.00046647552320861743
1425.7595537360173,1425.7595537360173,1.0013938582976696,0.0004665747661075274
1425.7664983054538,1425.7664983054538,0.9993844901822933,0.00046621369091580926
1425.7734428749097,1425.7734428749097,1.0003331085882354,0.00046644191833560884
1425.7803874443835,1425.7803874443835,1.0004334232571068,0.00046621883623334154
1425.787332013877,1425.787332013877,1.000217061248939,0.000466247094169252
1425.794276583388,1425.794276583388,1.0002894812515621,0.000466389170294092
1425.8012211529178,1425.8012211529178,0.9997969264323551,0.0004662360220917812
1425.8081657224648,1425.8081657224648,0.9998976196099573,0.0004662752592748772
1425.8151102920297,1425.8151102920297,0.999828202758291,0.0004663367540450341
1425.822054861611,1425.822054861611,0.9999372698566994,0.00046640203398349634
1425.8289994312097,1425.8289994312097,0.999816425606471,0.0004664269717510875
1425.8359440008248,1425.8359440008248,0.9994677865247539,0.0004663907253252629
1425.8428885704575,1425.8428885704575,0.9998832812975781,0.00046652741720817626
1425.8498331401054,1425.8498331401054,1.0002948728166505,0.0004665330765612419
1425.8567777097692,1425.8567777097692,1.0009824287907756,0.0004666691459361349
1425.8637222794496,1425.8637222794496,0.9995202274431007,0.00046646424015667394
1425.8706668491445,1425.8706668491445,1.0001636316376006,0.0004666206976296673
1425.8776114188556,1425.8776114188556,0.9996380893165803,0.000466537596828153
1425.8845559885824,1425.8845559885824,0.9996100560226001,0.00046638075517133076
1425.8915005583228,1425.8915005583228,0.999796893750365,0.000466533884171929
1425.8984451280776,1425.8984451280776,1.0006439591809797,0.00046660103812168775
1425.9053896978482,1425.9053896978482,1.0002479249318053,0.00046656822387541457
1425.912334267632,1425.912334267632,0.9997722823796901,0.0004664950771487277
1425.9192788374294,1425.9192788374294,1.0000327665200712,0.00046643152184865165
1425.926223407242,1425.926223407242,1.0005123100938316,0.00046662185276025707
1425.9331679770664,1425.9331679770664,1.0005681959033585,0.00046656421310920713
1425.940112546905,1425.940112546905,1.0000374541684216,0.00046648760336577306
1425.9470571167574,1425.9470571167574,0.9996011771346701,0.0004663816391714825
1425.9540016866226,1425.9540016866226,0.999118711716531,0.0004663142104751997
1425.960946256499,1425.960946256499,1.0007846025250076,0.00046655317391545287
1425.967890826388,1425.967890826388,1.000064127026725,0.00046645313657127087
1425.9748353962907,1425.9748353962907,0.9996787284105046,0.0004662622070433826
1425.981779966205,1425.981779966205,0.9996579690978459,0.00046633130062604343
1425.988724536132,1425.988724536132,1.0003139820798892,0.0004663418621242847
1425.9956691060695,1425.9956691060695,1.0008084180359593,0.00046648661988402476
1426.002613676018,1426.002613676018,0.9996214561030307,0.00046627726086218994
1426.0095582459774,1426.0095582459774,0.9997783170150942,0.00046632209111671375
1426.01650281595,1426.01650281595,1.0002299249290076,0.0004665056952332938
1426.0234473859323,1426.0234473859323,0.9995985799685985,0.00046640729908545145
1426.0303919559256,1426.0303919559256,1.0005193865348747,0.0004665512254162168
1426.0373365259297,1426.0373365259297,1.000174929930857,0.00046653295508385757
1426.0442810959435,1426.0442810959435,1.0001914515677073,0.00046651501245747616
1426.0512256659676,1426.0512256659676,0.9997100535395163,0.00046640996695570223
1426.0581702360032,1426.0581702360032,0.9999502280472962,0.00046653467147748375
1426.065114806046,1426.065114806046,0.9994671356204767,0.0004664688120709197
1426.0720593760996,1426.0720593760996,1.0000013201224398,0.00046657357772544324
1426.079003946163,1426.079003946163,0.9997347547882918,0.0004665497108561112
1426.085948516236,1426.085948516236,1.0003783749461506,0.0004666251088238118
1426.0928930863172,1426.0928930863172,1.0001716768541444,0.00046658121583917
1426.099837656408,1426.099837656408,1.0004975261712516,0.00046661998896559115
1426.106782226508,1426.106782226508,0.9995717806112397,0.000466418875863724
1426.1137267966146,1426.1137267966146,0.9999286623096794,0.00046656647467573797
1426.1206713667311,1426.1206713667311,0.9998932557161231,0.0004665049743731783
1426.1276159368554,1426.1276159368554,1.0002448031768973,0.00046652494230640246
1426.1345605069885,1426.1345605069885,1.0003972078182737,0.0004665232973754021
1426.1415050771288,1426.1415050771288,0.999700791445715,0.00046645726605075823
1426.1484496472772,1426.1484496472772,1.0002158863965132,0.00046659263978739135
1426.1553942174328,1426.1553942174328,0.9993211807727814,0.0004664832572246811
1426.1623387875964,1426.1623387875964,0.9998014278446202,0.0004665090700758214
1426.1692833577667,1426.1692833577667,1.0002205075033264,0.00046657169246014016
1426.1762279279453,1426.1762279279453,1.0007205481131731,0.0004665355057616817
1426.1831724981305,1426.1831724981305,0.9998680846769827,0.0004664065485005522
1426.190117068321,1426.190117068321,1.0000534001912953,0.00046647377441786096
1426.1970616385197,1426.1970616385197,0.9993782476363193,0.00046642769092958264
1426.2040062087244,1426.2040062087244,1.000092113287574,0.00046646963815879334
1426.210950778936,1426.210950778936,1.0002125530400963,0.0004666417538961948
1426.2178953491543,1426.2178953491543,0.9999209924834395,0.00046650492791823646
1426.2248399193754,1426.2248399193754,0.9997123849103398,0.000466482902280489
1426.2317844896038,1426.2317844896038,0.9999872587130451,0.00046654887938591576
1426.2387290598404,1426.2387290598404,0.9998726337901921,0.00046646104226228475
1426.2456736300796,1426.2456736300796,1.0007972564026333,0.0004667341824107976
1426.2526182003269,1426.2526182003269,0.9999828692694395,0.00046641400966708653
1426.2595627705773,1426.2595627705773,0.9997056527199744,0.0004664399756164536
1426.2665073408348,1426.2665073408348,0.999750919895396,0.00046636467613816155
1426.2734519110977,1426.2734519110977,0.9999594910376777,0.00046640841499184126
1426.2803964813636,1426.2803964813636,1.0002004092068477,0.0004664171451514121
1426.2873410516345,1426.2873410516345,1.0000471069588996,0.0004664508514169451
1426.2942856219129,1426.2942856219129,1.0003297090147165,0.0004665532426925059
1426.3012301921935,1426.3012301921935,0.9996700505551809,0.000466433996902659
1426.308174762479,1426.308174762479,1.000172585051072,0.00046648695822690294
1426.315119332769,1426.315119332769,0.9997582695990236,0.0004664702527651272
1426.3220639030621,1426.3220639030621,1.0001877108998396,0.0004666025483082337
1426.3290084733605,1426.3290084733605,0.9999238842097518,0.0004664934675721333
1426.3359530436617,1426.3359530436617,0.9999381136435929,0.0004665445694322405
1426.3428976139671,1426.3428976139671,1.000122753404517,0.00046653836610314797
1426.3498421842755,1426.3498421842755,0.9998203871154226,0.00046629045614473235
1426.356786754589,1426.356786754589,1.0001500742253944,0.0004664595672145526
1426.363731324905,1426.363731324905,0.9990724160270942,0.0004662728430508696
1426.3706758952244,1426.3706758952244,0.999955743094317,0.0004664805139438088
1426.3776204655467,1426.3776204655467,1.0009571922497607,0.0004667070849225588
1426.3845650358721,1426.3845650358721,1.0002585782980806,0.0004665999367604467
1426.3915096061999,1426.3915096061999,1.0000904945885705,0.00046658790608943246
1426.3984541765321,1426.3984541765321,1.0002690990744951,0.0004665074973385248
1426.4053987468662,1426.4053987468662,0.9996515098123421,0.0004664779028822405
1426.4123433172022,1426.4123433172022,0.9995563473648786,0.0004664116025688064
1426.4192878875413,1426.4192878875413,0.9995605338654159,0.0004665211448692254
1426.4262324578826,1426.4262324578826,1.000383811086253,0.00046660980251499856
1426.4331770282265,1426.4331770282265,0.999225670178487,0.0004663377907263958
1426.4401215985713,1426.4401215985713,1.0008952990847155,0.00046674225010088935
1426.447066168919,1426.447066168919,0.9997654939490694,0.00046650576076746306
1426.4540107392677,1426.4540107392677,1.000554276510719,0.00046668257220293385
1426.460955309619,1426.460955309619,0.9998827656232105,0.00046651116699698267
1426.4678998799718,1426.4678998799718,1.0000555447029849,0.00046652301672472484
1426.4748444503252,1426.4748444503252,0.9999927072356801,0.00046651525025544975
1426.4817890206818,1426.4817890206818,0.9998081045485098,0.00046647449403093056
1426.4887335910385,1426.4887335910385,1.0005660483129393,0.0004666828362276004
1426.4956781613964,1426.4956781613964,0.9997478125317942,0.0004664488141258875
1426.5026227317562,1426.5026227317562,0.9996382748417532,0.00046649288178183005
1426.5095673021162,1426.5095673021162,0.9998770315614556,0.00046662637169930744
1426.5165118724774,1426.5165118724774,1.0000280765814018,0.00046660291795908607
1426.5234564428404,1426.5234564428404,0.9999895991617096,0.0004665748188273278
1426.530401013202,1426.530401013202,1.000066884552604,0.0004666718896132108
1426.5373455835665,1426.5373455835665,0.9997559560862952,0.00046663117453400835
1426.5442901539307,1426.5442901539307,1.0003879774734739,0.00046678799131926585
1426.5512347242952,1426.5512347242952,0.9997821108274731,0.00046677843235880533
1426.55817929466,1426.55817929466,0.9997698382122465,0.00046664069676040365
1426.5651238650248,1426.5651238650248,0.9998043761638427,0.0004667281932600639
1426.5720684353887,1426.5720684353887,1.0005143762457411,0.0004667665483092608
1426.579013005753,1426.579013005753,1.0007754600720236,0.00046679070768402994
1426.585957576118,1426.585957576118,0.999568381809105,0.0004665456209701742
1426.5929021464822,1426.5929021464822,0.99908808899016,0.0004664184707393406
1426.5998467168467,1426.5998467168467,1.0004911019707492,0.00046667781057595236
1426.6067912872113,1426.6067912872113,0.999887703598295,0.0004664763489254164
1426.6137358575734,1426.6137358575734,1.000178258297818,0.00046659103219796026
1426.6206804279366,1426.6206804279366,0.9998497803239417,0.000466541915859034
1426.6276249982989,1426.6276249982989,1.0001069316197277,0.00046661639306286583
1426.6345695686603,1426.6345695686603,1.000210861801762,0.00046663810486988574
1426.6415141390214,1426.6415141390214,0.9995926152586483,0.0004664658811258697
1426.6484587093812,1426.6484587093812,1.0005572589064275,0.0004666507785351805
1426.655403279739,1426.655403279739,0.999774371987975,0.00046643797964954475
1426.6623478500974,1426.6623478500974,1.0002559592037048,0.00046663696164859516
1426.669292420454,1426.669292420454,0.9997219605198501,0.0004665757161348605
1426.6762369908095,1426.6762369908095,0.9993460152195073,0.00046650197321726326
1426.683181561163,1426.683181561163,1.0003314468235238,0.0004665572629826031
1426.6901261315154,1426.6901261315154,0.999784970051174,0.00046650180147601774
1426.6970707018659,1426.6970707018659,1.0005226898418376,0.00046664534018064886
1426.7040152722159,1426.7040152722159,1.0006435947734174,0.00046667588762202335
1426.710959842562,1426.710959842562,0.9995146311701987,0.0004664075875029976
1426.7179044129084,1426.7179044129084,0.9997986270740631,0.0004665236658664351
1426.724848983252,1426.724848983252,1.000432052994265,0.00046661782084802937
1426.7317935535948,1426.7317935535948,0.9991293032986297,0.0004663431340472088
1426.7387381239346,1426.7387381239346,1.0003310153917753,0.0004664896375360195
1426.745682694272,1426.745682694272,1.0004485693715657,0.00046653290355682325
1426.7526272646087,1426.7526272646087,0.9995824660716861,0.0004663962579607922
1426.7595718349417,1426.7595718349417,1.000298331916795,0.000466586839088738
1426.7665164052735,1426.7665164052735,0.9994885835357236,0.00046642244802089065
1426.7734609756021,1426.7734609756021,0.9991018023352319,0.00046636484226851365
1426.7804055459274,1426.7804055459274,0.9998517240371584,0.00046642604017540693
1426.787350116251,1426.787350116251,1.0001406010368403,0.00046646330896893287
1426.7942946865728,1426.7942946865728,1.000108003805168,0.00046639388261578705
1426.8012392568908,1426.8012392568908,1.0006705841403745,0.0004665956152596593
1426.8081838272058,1426.8081838272058,1.000259648442487,0.00046645017529251074
1426.815128397519,1426.815128397519,1.0000218377915426,0.00046641171971007974
1426.8220729678283,1426.8220729678283,0.9997768217205906,0.00046638597697558955
1426.8290175381348,1426.8290175381348,1.0000463260931292,0.0004664295950598349
1426.835962108438,1426.835962108438,1.0002432775092367,0.0004665083396831971
1426.8429066787376,1426.8429066787376,0.9998046482459243,0.00046643990521107675
1426.8498512490355,1426.8498512490355,0.9997797297398142,0.0004665031930199635
1426.8567958193285,1426.8567958193285,0.9995732937830816,0.0004663381134360869
1426.8637403896187,1426.8637403896187,0.9996767027898261,0.0004664243894076644
1426.8706849599062,1426.8706849599062,0.9997469363343783,0.00046641347508382427
1426.877629530189,1426.877629530189,1.0003237055523044,0.00046645677219875624
1426.8845741004689,1426.8845741004689,1.0004114756842408,0.0004663759675181948
1426.891518670744,1426.891518670744,1.0002178015250975,0.0004664129270448851
1426.898463241017,1426.898463241017,0.9996734662954789,0.0004663544816095138
1426.9054078112856,1426.9054078112856,1.0003236277441556,0.0004664182629424284
1426.9123523815504,1426.9123523815504,1.0000137850867028,0.0004663047458141353
1426.9192969518117,1426.9192969518117,1.0001493738739036,0.0004664198319171392
1426.9262415220676,1426.9262415220676,1.0002100303375925,0.0004664400231774041
1426.9331860923205,1426.9331860923205,1.0010317020393673,0.000466481461507391
1426.9401306625682,1426.9401306625682,0.9994160117182694,0.00046626750616416074
1426.9470752328132,1426.9470752328132,0.9997766074099902,0.0004663698543290925
1426.9540198030525,1426.9540198030525,1.0003565218330503,0.00046656114523591086
1426.9609643732888,1426.9609643732888,1.000184247175446,0.000466576214391746
1426.9679089435201,1426.9679089435201,0.9999961017521395,0.00046642092332039046
1426.9748535137471,1426.9748535137471,1.000010741090217,0.00046639493422860975
1426.9817980839684,1426.9817980839684,0.9995188216709693,0.0004663228252606647
1426.9887426541866,1426.9887426541866,0.9999501565585127,0.00046633079466214933
1426.9956872244,1426.9956872244,0.9996955691184736,0.00046630899875955316
1427.0026317946085,1427.0026317946085,0.9997078897537783,0.0004662510760423845
1427.0095763648114,1427.0095763648114,1.0002566587527935,0.00046639433188716
1427.0165209350112,1427.0165209350112,1.0005903013452027,0.00046633966239291853
1427.0234655052052,1427.0234655052052,1.0008232241570636,0.000466508512420033
1427.0304100753935,1427.0304100753935,1.000336679734727,0.0004664609408144729
1427.0373546455787,1427.0373546455787,0.9988945033408394,0.0004661132041144108
1427.044299215756,1427.044299215756,0.999933252047882,0.0004663011812618613
1427.0512437859295,1427.0512437859295,0.9993370777393935,0.00046617368889953546
1427.0581883560967,1427.0581883560967,1.0005515059646268,0.0004664189137078949
1427.0651329262607,1427.0651329262607,1.0003672406957933,0.0004664282300650098
1427.0720774964193,1427.0720774964193,0.9991901134187197,0.00046622703800148135
1427.0790220665713,1427.0790220665713,1.0009294130203457,0.0004665295813019579
1427.0859666367182,1427.0859666367182,1.0001770153184668,0.0004664081654419458
1427.0929112068602,1427.0929112068602,0.9999670200275215,0.00046628745728784124
1427.0998557769956,1427.0998557769956,0.9999105689593494,0.0004663726175163953
1427.1068003471278,1427.1068003471278,0.9993602288989676,0.00046625172639475564
1427.1137449172509,1427.1137449172509,1.00002543465302,0.0004663770232092479
1427.1206894873708,1427.1206894873708,0.9999411945599764,0.0004663763242643334
1427.1276340574827,1427.1276340574827,1.0000799359796142,0.00046637074918040925
1427.134578627591,1427.134578627591,1.0004150990832603,0.00046643181576739657
1427.141523197693,1427.141523197693,0.999988892147155,0.00046637873449753835
1427.1484677677875,1427.1484677677875,0.9996887565913273,0.0004663341976244565
1427.1554123378778,1427.1554123378778,1.0003570395207493,0.0004663591140230025
1427.1623569079613,1427.1623569079613,1.0001473989649388,0.0004663786665805139
1427.1693014780399,1427.1693014780399,0.9998428752167605,0.0004663316432121636
1427.176246048111,1427.176246048111,0.9993892465929264,0.000466250797664456
1427.1831906181756,1427.1831906181756,0.9994397460193285,0.00046629133828521513
1427.1901351882348,1427.1901351882348,1.0005059645458398,0.0004664962225321105
1427.1970797582878,1427.1970797582878,1.0004743282320727,0.0004664564125279643
1427.2040243283327,1427.2040243283327,1.0006425054317662,0.0004664265776824539
1427.2109688983744,1427.2109688983744,1.000293014937824,0.00046638435851190996
1427.217913468407,1427.217913468407,0.9991278535297363,0.0004662519895794342
1427.224858038434,1427.224858038434,0.99932358474248,0.00046618169500066143
1427.2318026084536,1427.2318026084536,0.9998080853411896,0.00046622524281654775
1427.2387471784682,1427.2387471784682,1.000888865791846,0.00046642777221824134
1427.2456917484753,1427.2456917484753,0.9995986096468009,0.0004662153782999304
1427.252636318476,1427.252636318476,0.999969950898771,0.0004662913792939389
1427.259580888469,1427.259580888469,1.0002354988047275,0.00046643093794144586
1427.2665254584565,1427.2665254584565,0.9997649242382145,0.00046626057157681525
1427.2734700284366,1427.2734700284366,1.0002781516722816,0.0004663111191664557
1427.2804145984096,1427.2804145984096,1.0000311700213491,0.000466233851830247
1427.2873591683754,1427.2873591683754,0.9997144869883684,0.0004661296332278663
1427.2943037383345,1427.2943037383345,1.0002795155317943,0.0004662906411418719
1427.301248308287,1427.301248308287,0.9996585484283879,0.0004661140116051659
1427.3081928782317,1427.3081928782317,1.0005619669358592,0.00046633167227974154
1427.3151374481695,1427.3151374481695,1.0001931869743754,0.0004662339757052055
1427.3220820181007,1427.3220820181007,0.9993365921578533,0.0004661609116005616
1427.3290265880235,1427.3290265880235,1.0000266021930766,0.00046623154248197726
1427.33597115794,1427.33597115794,1.0001842167209591,0.00046636605854166675
1427.3429157278492,1427.3429157278492,0.99967482884854,0.00046617859316650635
1427.3498602977506,1427.3498602977506,1.0004275598139112,0.0004663023559443393
1427.3568048676448,1427.3568048676448,0.9994001603682865,0.0004661971288163808
1427.363749437532,1427.363749437532,1.0004496590830685,0.00046643051170334554
1427.370694007411,1427.370694007411,1.0005553834198246,0.00046641216560348354
1427.3776385772824,1427.3776385772824,1.0003010729302058,0.00046638178892322447
1427.3845831471467,1427.3845831471467,0.9995740519955605,0.0004662381033388365
1427.391527717003,1427.391527717003,0.9995057130744615,0.00046624572692734206
1427.3984722868518,1427.3984722868518,1.0003591036061084,0.0004663749151223036
1427.4054168566922,1427.4054168566922,0.9995734846745565,0.0004662430817643058
1427.4123614265259,1427.4123614265259,0.99991426548027,0.0004663876387959643
1427.4193059963513,1427.4193059963513,0.999729925934832,0.00046629004641970007
1427.4262505661688,1427.4262505661688,0.9997056162931368,0.0004662623035976509
1427.4331951359788,1427.4331951359788,1.0005331899814394,0.00046640065748178425
1427.4401397057804,1427.4401397057804,1.0004638378295607,0.0004664358534215967
1427.447084275574,1427.447084275574,0.9998676146623824,0.0004661821944002364
1427.4540288453602,1427.4540288453602,0.999746271252804,0.00046622461404386675
1427.4609734151375,1427.4609734151375,1.000341414063903,0.00046629649550848477
1427.4679179849072,1427.4679179849072,1.000013385226341,0.0004662059781527413
1427.4748625546688,1427.4748625546688,1.000148330097904,0.0004662855916480523
1427.4818071244222,1427.4818071244222,0.9998360592333435,0.0004662289702428256
1427.4887516941676,1427.4887516941676,0.9996065621044717,0.00046614020951358403
1427.4956962639044,1427.4956962639044,1.00017245648791,0.00046629110647790654
1427.5026408336325,1427.5026408336325,1.0004437306748268,0.0004662950698999538
1427.5095854033527,1427.5095854033527,0.9998137774861398,0.00046631513337877745
1427.5165299730647,1427.5165299730647,1.000064973972955,0.00046630617477303523
1427.5234745427679,1427.5234745427679,1.0000233588374292,0.00046631097652603587
1427.5304191124628,1427.5304191124628,0.9994229136458646,0.0004662323254950128
1427.5373636821491,1427.5373636821491,1.0003842318220921,0.00046646194404895494
1427.5443082518275,1427.5443082518275,0.9994265683719386,0.00046627871857259936
1427.551252821496,1427.551252821496,0.9999853462840381,0.0004663058313391313
1427.5581973911571,1427.5581973911571,1.0004263571404597,0.0004664476807392951
1427.5651419608093,1427.5651419608093,1.0001291205567593,0.00046631626825484936
1427.5720865304522,1427.5720865304522,0.9997387983384179,0.00046626874974924407
1427.582642276287,1427.582642276287,1.0003406264744812,0.000466223230762887
1427.6040315506991,1427.6040315506991,1.0001189903981613,0.00046628827090677334
1427.6109761202933,1427.6109761202933,0.999569517349206,0.00046607836486608177
1427.6179206898773,1427.6179206898773,1.0006872755965142,0.00046624092692993876
1427.624865259454,1427.624865259454,0.9995352640652768,0.00046609349192817327
1427.6329209601504,1427.6329209601504,0.9999792281075839,0.00046613882353265966
1427.640143312489,1427.640143312489,0.9999423812873891,0.0004661201694139584
1427.6470878820362,1427.6470878820362,0.9999248882635401,0.00046611500813065703
1427.6540324515745,1427.6540324515745,1.000045293391845,0.00046615918080828843
1427.6609770211035,1427.6609770211035,0.9994910191821837,0.00046612017990071785
1427.667921590623,1427.667921590623,0.9995788158960899,0.00046612495429296095
1427.6748661601334,1427.6748661601334,1.0000468749339473,0.0004661230083910224
1427.6818107296344,1427.6818107296344,1.0002229002482228,0.00046620509740176626
1427.6887552991266,1427.6887552991266,1.0009033102755567,0.000466366635776693
1427.6956998686092,1427.6956998686092,0.9998722118132782,0.0004661400332827267
1427.7026444380824,1427.7026444380824,1.0005427965734885,0.00046626072856814106
1427.7095890075457,1427.7095890075457,0.9994141608981583,0.0004660457905155908
1427.716533577,1427.716533577,0.9993000386187946,0.00046610471085069326
1427.723478146445,1427.723478146445,1.0001872563364018,0.0004662081307469096
1427.7304227158797,1427.7304227158797,1.0003385545031942,0.00046620318122333635
1427.7373672853053,1427.7373672853053,0.9993340653087079,0.00046608347724048157
1427.7443118547221,1427.7443118547221,1.0001934154627352,0.0004661916173009861
1427.7512564241285,1427.7512564241285,1.0013253785646612,0.00046640831828146534
1427.7582009935252,1427.7582009935252,1.0002551936473556,0.00046614254244968804
1427.7651455629123,1427.7651455629123,0.9997995391879657,0.0004661321610249701
1427.7720901322893,1427.7720901322893,0.9994282976324571,0.00046605697395543855
1427.7790347016576,1427.7790347016576,1.0003009615205742,0.00046619663074040695
1427.785979271016,1427.785979271016,0.9996406489735523,0.000466145295715542
1427.7929238403635,1427.7929238403635,0.9997144228254344,0.00046609072688465756
1427.7998684097024,1427.7998684097024,1.000337998568251,0.0004662573182759442
1427.806812979031,1427.806812979031,0.9997736180709937,0.00046609488742897255
1427.8137575483493,1427.8137575483493,1.0007091496317655,0.00046632858522676674
1427.8207021176574,1427.8207021176574,1.0008205385040139,0.00046618852929383926
1427.8276466869563,1427.8276466869563,0.998839175652186,0.00046593545355981026
1427.8345912562447,1427.8345912562447,0.9992959743989328,0.0004660073499743963
1427.8415358255238,1427.8415358255238,1.000342436826252,0.00046615156284457074
1427.848480394792,1427.848480394792,1.0003641293564294,0.00046619341091919814
1427.8554249640506,1427.8554249640506,1.0002926012137938,0.0004661287816413724
1427.862369533299,1427.862369533299,1.000047467182468,0.0004661773900078629
1427.869314102537,1427.869314102537,0.9999764406290808,0.00046614361141939507
1427.8762586717653,1427.8762586717653,0.9995974448905265,0.00046615052050126213
1427.8832032409832,1427.8832032409832,0.9997860841566147,0.0004660965891449049
1427.8901478101902,1427.8901478101902,1.00004899452269,0.0004660971232569159
1427.8970923793877,1427.8970923793877,0.9999690676347666,0.00046605397932430917
1427.9040369485742,1427.9040369485742,1.0001910708012471,0.00046614896530919846
1427.9109815177508,1427.9109815177508,0.9996060317954536,0.0004660928544166716
1427.9179260869173,1427.9179260869173,1.0002679469467186,0.00046612158961111384
1427.9248706560734,1427.9248706560734,1.0005568683669614,0.0004662290696764209
1427.9318152252188,1427.9318152252188,0.999778640220707,0.0004661016306191621
1427.9387597943537,1427.9387597943537,1.0004276121382731,0.00046619240697223194
1427.9457043634782,1427.9457043634782,0.9996966495993066,0.0004660612349666825
1427.952648932592,1427.952648932592,1.0000040920947142,0.00046613376634577
1427.9595935016955,1427.9595935016955,0.9996344445422819,0.00046606084531225066
1427.9665380707888,1427.9665380707888,1.0000187149769075,0.00046615140231919374
1427.9734826398708,1427.9734826398708,0.9997174604524236,0.00046600097636545056
1427.9804272089425,1427.9804272089425,1.000204883953381,0.00046616208540218825
1427.9873717780029,1427.9873717780029,1.0001283936620038,0.0004661607093701015
1427.9943163470532,1427.9943163470532,0.9999987066074606,0.0004661366423890135
1428.001260916093,1428.001260916093,0.9998934831706905,0.000466178673910427
1428.0082054851218,1428.0082054851218,1.001060717930129,0.0004663658306676555
1428.0151500541397,1428.0151500541397,0.9992990921750717,0.0004659928845229014
1428.0220946231468,1428.0220946231468,0.9995799109943846,0.00046602100431399047
1428.029039192143,1428.029039192143,0.9999059407155452,0.00046617403317796577
1428.0359837611288,1428.0359837611288,0.9996985740040557,0.00046605232995620624
1428.042928330103,1428.042928330103,1.000524462987833,0.0004662011148663475
1428.0498728990672,1428.0498728990672,1.000429057735639,0.00046617918530507147
1428.0568174680197,1428.0568174680197,1.0003484238046612,0.0004662395009523999
1428.0637620369616,1428.0637620369616,0.9998263608205459,0.0004661291185392379
1428.0707066058924,1428.0707066058924,0.9997595588812839,0.00046608465704762493
1428.0776511748122,1428.0776511748122,0.9997094368115785,0.00046607255893370774
1428.0845957437207,1428.0845957437207,0.9995155044260379,0.0004660536060576932
1428.0915403126185,1428.0915403126185,1.0003258983176733,0.0004661505108886954
1428.0984848815046,1428.0984848815046,0.9998649006090972,0.0004661076131260816
1428.10542945038,1428.10542945038,1.0000307340887251,0.000466111093825757
1428.1123740192447,1428.1123740192447,1.0006793200647097,0.00046624257514942446
1428.1193185880977,1428.1193185880977,0.9999658529954694,0.0004662055218557907
1428.1262631569396,1428.1262631569396,1.0003888097700224,0.0004662453179755553
1428.1332077257698,1428.1332077257698,0.9992761442843706,0.0004660339386793936
1428.1401522945894,1428.1401522945894,1.0004088850871178,0.00046621323564667117
1428.147096863397,1428.147096863397,0.9995187157136531,0.00046598942676745437
1428.1540414321942,1428.1540414321942,1.0001992238779926,0.0004661041062726546
1428.1609860009794,1428.1609860009794,1.000055254421588,0.00046606335287482464
1428.167930569754,1428.167930569754,1.0001467931306252,0.00046614636375937843
1428.1748751385162,1428.1748751385162,1.0008096518085976,0.00046622625294232505
1428.181819707267,1428.181819707267,1.00001087609528,0.0004660954327564479
1428.1887642760066,1428.1887642760066,1.0003053620469577,0.0004661451192158231
1428.195708844735,1428.195708844735,0.9996185294039692,0.0004660568173726334
1428.202653413452,1428.202653413452,0.9992294984210547,0.0004659937637446233
1428.2095979821574,1428.2095979821574,1.0002625617865921,0.00046600038234769864
1428.2165425508508,1428.2165425508508,0.9999971276970732,0.0004660173523389101
1428.223487119533,1428.223487119533,1.000330802942663,0.00046605298462676115
1428.2304316882032,1428.2304316882032,0.9996020771263467,0.00046601662039295785
1428.237376256862,1428.237376256862,1.0004807630103687,0.00046612953713088813
1428.2443208255092,1428.2443208255092,0.999926492128747,0.00046603187880807893
1428.2512653941449,1428.2512653941449,0.9996893405778675,0.00046609743414847277
1428.258209962769,1428.258209962769,0.9999516133633242,0.00046599088165941865
1428.2651545313813,1428.2651545313813,1.0004402450844458,0.0004662123035088452
1428.2720990999817,1428.2720990999817,1.000156854773333,0.00046604988007163006
1428.27904366857,1428.27904366857,0.9996680941892121,0.00046602345850641007
1428.2859882371467,1428.2859882371467,1.000132526086082,0.0004661917433258037
1428.2929328057112,1428.2929328057112,0.9997455099275318,0.00046600024710625543
1428.2998773742652,1428.2998773742652,0.9999959639756041,0.0004660293608016937
1428.3068219428062,1428.3068219428062,0.9999890718084863,0.00046606878706989703
1428.3137665113359,1428.3137665113359,0.999554380391779,0.00046596833950303537
1428.3207110798528,1428.3207110798528,0.9997828930229744,0.0004659155878271613
1428.3276556483584,1428.3276556483584,1.0007062935422566,0.0004661730953279291
1428.334600216852,1428.334600216852,1.0001272806703985,0.00046602871753308303
1428.3415447853336,1428.3415447853336,0.9997343971530969,0.0004659998708851222
1428.3484893538025,1428.3484893538025,1.000221567297729,0.0004660497587806422
1428.3554339222605,1428.3554339222605,1.0001617881336557,0.00046612468524455934
1428.3623784907059,1428.3623784907059,1.0003116873582645,0.00046611813018359184
1428.3693230591393,1428.3693230591393,0.999818408664942,0.00046604987195238937
1428.3762676275605,1428.3762676275605,0.9996572687168206,0.0004660639703674145
1428.38321219597,1428.38321219597,0.9998737734600951,0.0004660036398350902
1428.3901567643666,1428.3901567643666,0.9995877885428024,0.00046602493004384944
1428.3971013327512,1428.3971013327512,1.0002397808307308,0.0004660786615625021
1428.4040459011237,1428.4040459011237,1.0000292207580448,0.0004660509946865907
1428.4109904694844,1428.4109904694844,1.0003069603733643,0.0004661138928595965
1428.417935037832,1428.417935037832,1.000336085172215,0.0004661132744871747
1428.4248796061681,1428.4248796061681,0.9993214380602954,0.00046599049254034884
1428.4318241744913,1428.4318241744913,0.9996729874520847,0.00046601810231783087
1428.438768742802,1428.438768742802,1.0005681894799623,0.00046619406776347486
1428.4457133111014,1428.4457133111014,1.0007119374209625,0.0004661567219584182
1428.452657879388,1428.452657879388,0.9991963421570184,0.0004658893303290133
1428.4596024476618,1428.4596024476618,1.0000542999895843,0.00046615230286793045
1428.4665470159239,1428.4665470159239,0.9999062268113542,0.0004660212179936387
1428.4734915841723,1428.4734915841723,1.0004264194472632,0.000466105852266799
1428.4804361524095,1428.4804361524095,0.99954115037549,0.0004659833399539645
1428.4873807206336,1428.4873807206336,0.9999173510922876,0.00046598247125035735
1428.4943252888456,1428.4943252888456,0.9998934670136661,0.0004660655481933169
1428.5012698570451,1428.5012698570451,1.0003824927256442,0.0004660459295260917
1428.5082144252315,1428.5082144252315,1.0001514405274528,0.00046603396987599964
1428.515158993406,1428.515158993406,1.0001013736887232,0.00046597756234397034
1428.5221035615673,1428.5221035615673,0.999552288158123,0.0004658938468289485
1428.5290481297163,1428.5290481297163,0.9998091550718492,0.0004658883305045035
1428.5359926978529,1428.5359926978529,1.0002398043807221,0.00046593486551292206
1428.5429372659764,1428.5429372659764,1.0005211609194702,0.0004659664701089938
1428.549881834087,1428.549881834087,0.9997768100709514,0.00046591293327913385
1428.5568264021856,1428.5568264021856,0.9996494551943682,0.00046585054558764176
1428.5637709702712,1428.5637709702712,0.9997070459525685,0.0004659671086527866
1428.5707155383438,1428.5707155383438,1.0007667917553897,0.0004661902366603854
1428.5776601064042,1428.5776601064042,0.999549791838,0.00046583568797690835
1428.5846046744514,1428.5846046744514,1.0005340509956144,0.00046614975001828236
1428.5915492424858,1428.5915492424858,0.9999536883260381,0.000466030567913009
1428.5984938105073,1428.5984938105073,0.9998975631781084,0.00046596616071289227
1428.6054383785163,1428.6054383785163,0.9999405046896607,0.00046602469206136015
1428.6123829465125,1428.6123829465125,0.9993662896237507,0.0004659134177412861
1428.6193275144954,1428.6193275144954,1.0001862838970288,0.0004660225889890065
1428.6262720824648,1428.6262720824648,0.9996398159378167,0.0004659318483027968
1428.6332166504224,1428.6332166504224,1.0005856402451272,0.0004659834726552581
1428.6401612183668,1428.6401612183668,1.000336240299785,0.00046613357573381347
1428.6471057862982,1428.6471057862982,0.9998973318035734,0.0004660985777562106
1428.654050354216,1428.654050354216,1.0002826897559725,0.0004661266066517776
1428.6609949221213,1428.6609949221213,1.0000455666208317,0.00046607592531354105
1428.6679394900136,1428.6679394900136,0.9999090062325566,0.00046597329232123797
1428.6748840578928,1428.6748840578928,0.9995860860200543,0.00046599469247511166
1428.6818286257585,1428.6818286257585,0.9998028165094593,0.0004661295897662051
1428.6887731936117,1428.6887731936117,0.9999473314462378,0.0004660576552244848
1428.6957177614513,1428.6957177614513,1.000063932048007,0.00046616582843777394
1428.7026623292782,1428.7026623292782,0.9998896811300959,0.00046611211636487924
1428.7096068970918,1428.7096068970918,1.0001265838081976,0.0004661015712662364
1428.7165514648918,1428.7165514648918,1.0005078202297026,0.00046602327769958645
1428.723496032679,1428.723496032679,0.9995703132429481,0.0004659535806471844
1428.7304406004528,1428.7304406004528,1.0003122320771676,0.00046606553370542105
1428.7373851682132,1428.7373851682132,0.9997681453368159,0.0004659452707477448
1428.7443297359607,1428.7443297359607,0.999633095276707,0.0004659069560991539
1428.7512743036946,1428.7512743036946,1.0000250251592198,0.0004659894219710679
1428.7582188714155,1428.7582188714155,1.0003104727348175,0.00046599495393084183
1428.765163439123,1428.765163439123,0.9997205821769259,0.0004659675900791385
1428.7721080068172,1428.7721080068172,1.0009395106436396,0.00046619388480145666
1428.7790525744979,1428.7790525744979,1.0000813198299907,0.0004660044409164122
1428.7859971421651,1428.7859971421651,0.9992924959505007,0.0004659228683453616
1428.792941709819,1428.792941709819,1.0001584819802503,0.00046605590853047145
1428.7998862774593,1428.7998862774593,0.9997536490312984,0.0004660537596591968
1428.806830845086,1428.806830845086,1.0001169777698888,0.00046602210027036673
1428.8137754126997,1428.8137754126997,1.0007868136712037,0.00046608889348836275
1428.8207199803,1428.8207199803,0.9998975705889087,0.0004659868129246088
1428.8276645478866,1428.8276645478866,0.9994344865740545,0.00046600636540283547
1428.8346091154594,1428.8346091154594,0.9996343298355008,0.0004658579114687842
1428.8415536830187,1428.8415536830187,1.0013240114918807,0.00046631033359982414
1428.8484982505645,1428.8484982505645,0.9999798283536976,0.00046602269974225905
1428.8554428180967,1428.8554428180967,0.9999055677761559,0.0004659358012091967
1428.8623873856154,1428.8623873856154,0.9998963322704458,0.0004659003311241293
1428.8693319531205,1428.8693319531205,1.0001552125619604,0.0004660534836327584
1428.876276520612,1428.876276520612,0.9994318676569257,0.000465879866563424
1428.8832210880896,1428.8832210880896,1.0005971906530664,0.00046610055427270976
1428.8901656555538,1428.8901656555538,0.9996597070005547,0.0004658576880324212
1428.897110223004,1428.897110223004,0.9997654696983304,0.0004658827504371078
1428.9040547904403,1428.9040547904403,1.000051180177746,0.0004659935933108513
1428.9109993578634,1428.9109993578634,1.00041694183396,0.00046604377674274106
1428.9179439252723,1428.9179439252723,1.0003436566339325,0.00046604135180223843
1428.9248884926674,1428.9248884926674,1.000014730125095,0.0004659194529008048
1428.931833060049,1428.931833060049,0.9997824982390708,0.00046588942256861707
1428.9387776274166,1428.9387776274166,0.999490756883507,0.00046590358302162576
1428.9457221947705,1428.9457221947705,1.0003006476551213,0.0004660160596276085
1428.9526667621103,1428.9526667621103,0.999303788415312,0.0004658508141385046
1428.959611329436,1428.959611329436,0.9995854576999316,0.0004658992114424259
1428.966555896748,1428.966555896748,1.0004505657816414,0.0004660971774114361
1428.9735004640463,1428.9735004640463,1.000766039235233,0.0004659720872041511
1428.9804450313302,1428.9804450313302,1.000367828237269,0.00046594283881309397
1428.9873895986007,1428.9873895986007,0.9994974467850264,0.00046584202054322554
1428.994334165857,1428.994334165857,1.0002900449065597,0.00046600963100194224
1429.0012787330995,1429.0012787330995,0.9995391615396667,0.0004658519461976561
1429.0082233003275,1429.0082233003275,1.0004658957348707,0.00046601408663029593
1429.0151678675418,1429.0151678675418,0.9998196036480719,0.0004659681733444664
1429.0221124347422,1429.0221124347422,1.0001943324633662,0.00046605263434462956
1429.0290570019279,1429.0290570019279,1.0000343147155095,0.00046595528745111173
1429.0360015690999,1429.0360015690999,0.9994128992978301,0.0004658946521516605
1429.0429461362576,1429.0429461362576,0.9994268448090787,0.000465938859300715
1429.0498907034012,1429.0498907034012,1.0001039091637594,0.0004660312797926757
1429.0568352705309,1429.0568352705309,1.0002484290034988,0.0004659996378341065
1429.0637798376465,1429.0637798376465,1.0001680213448725,0.0004659471701301654
1429.0707244047474,1429.0707244047474,1.0002929172672546,0.00046602749426054204
1429.0776689718346,1429.0776689718346,0.9998904806138207,0.00046601861364067
1429.0846135389068,1429.0846135389068,0.9995518008883583,0.000465849678167174
1429.0915581059658,1429.0915581059658,1.000222157578873,0.00046596825254351137
1429.0985026730098,1429.0985026730098,0.999975157640373,0.0004660015281728839
1429.1054472400397,1429.1054472400397,1.0000193089914897,0.00046602422994656417
1429.112391807055,1429.112391807055,1.0001711225416927,0.0004660467362189026
1429.1193363740565,1429.1193363740565,0.9996200995286653,0.00046595486312853835
1429.1262809410432,1429.1262809410432,0.9994253434208227,0.00046588693276031196
1429.1332255080158,1429.1332255080158,0.9999673684164829,0.00046596593592639806
1429.1401700749743,1429.1401700749743,1.0002015659564107,0.0004660041686447983
1429.1471146419178,1429.1471146419178,1.0000747718984084,0.00046600460143449813
1429.154059208847,1429.154059208847,0.9994152044548628,0.0004658351777067942
1429.161003775762,1429.161003775762,0.9998925113856332,0.00046592828853639367
1429.1679483426626,1429.1679483426626,0.9998087794669296,0.00046583679188425193
1429.1748929095486,1429.1748929095486,1.0013153630070732,0.0004661846893493489
1429.1818374764198,1429.1818374764198,0.9992525203371685,0.000465848399163013
1429.1887820432771,1429.1887820432771,1.0005323168035383,0.00046597381249668024
1429.1957266101194,1429.1957266101194,1.000455598091292,0.0004659956524082416
1429.202671176947,1429.202671176947,0.9999898791110647,0.0004659713560371358
1429.2096157437604,1429.2096157437604,1.0003060619585276,0.00046590241186440556
1429.216560310559,1429.216560310559,0.9991532882650427,0.0004658398696616095
1429.2235048773434,1429.2235048773434,0.9997361096443985,0.0004659153928264684
1429.2304494441128,1429.2304494441128,0.999719439052134,0.00046593928032352585
1429.2373940108675,1429.2373940108675,1.0002388096456658,0.0004660594021294518
1429.2443385776078,1429.2443385776078,1.0003535588107948,0.00046618301791635775
1429.251283144333,1429.251283144333,0.9993610786676808,0.0004659352672859424
1429.2582277110437,1429.2582277110437,1.00067222827204,0.0004661515680651011
1429.2651722777398,1429.2651722777398,1.0001617038865755,0.00046602053882166636
1429.272116844421,1429.272116844421,0.9997810746674428,0.00046595260851669065
1429.2790614110877,1429.2790614110877,1.0004743128777027,0.00046621167188265467
1429.28600597774,1429.28600597774,0.9993515119555252,0.00046592342928877004
1429.2929505443765,1429.2929505443765,1.0002697846052628,0.00046601483401060423
1429.2998951109985,1429.2998951109985,0.9998464561650497,0.000465997825742852
1429.3068396776061,1429.3068396776061,1.0001920613734256,0.00046607602285582753
1429.3137842441986,1429.3137842441986,0.999724741772364,0.0004661057042033313
1429.3207288107758,1429.3207288107758,0.9998784455102949,0.00046599977352051563
1429.327673377339,1429.327673377339,1.0002755045523994,0.00046606333457027693
1429.3346179438868,1429.3346179438868,0.9996047768737103,0.0004659116412757655
1429.3415625104196,1429.3415625104196,1.0005738015990977,0.00046608623610371015
1429.3485070769377,1429.3485070769377,0.9996063320028901,0.00046591189862485005
1429.355451643441,1429.355451643441,1.0004497967126675,0.0004660787311262943
1429.3623962099286,1429.3623962099286,1.0000804329799535,0.0004659875110071676
1429.3693407764017,1429.3693407764017,0.9995338591641973,0.0004658391261714165
1429.3762853428598,1429.3762853428598,1.0000447537048678,0.00046594574238301796
1429.3832299093028,1429.3832299093028,0.9999216984220931,0.0004658793783215952
1429.3901744757309,1429.3901744757309,1.0001046006912016,0.0004658946115359263
1429.3971190421435,1429.3971190421435,1.000297012910091,0.00046594377820751034
1429.4040636085415,1429.4040636085415,1.0000506408094123,0.0004659270047885029
1429.4110081749236,1429.4110081749236,0.9992069778957606,0.00046584098424229755
1429.417952741292,1429.417952741292,1.000625702214061,0.0004660388046285563
1429.4248973076442,1429.4248973076442,0.9995392258644336,0.0004658721648141802
1429.4318418739813,1429.4318418739813,1.000551450796008,0.0004659666574213988
1429.4387864403034,1429.4387864403034,0.999988621191205,0.00046585497525106125
1429.44573100661,1429.44573100661,0.9997849709825894,0.0004659178233820103
1429.452675572902,1429.452675572902,1.0001489234959635,0.00046602577803446195
1429.4596201391782,1429.4596201391782,0.9998140386414642,0.0004658977838699802
1429.4665647054396,1429.4665647054396,1.0003836741577108,0.00046597457205177305
1429.4735092716855,1429.4735092716855,0.9998139762974162,0.0004659563609370297
1429.4804538379165,1429.4804538379165,0.9996841260861051,0.00046592029486251606
1429.4873984041317,1429.4873984041317,1.0002051365806217,0.0004660718931067498
1429.494342970332,1429.494342970332,0.9996350229935974,0.00046591367423413563
1429.5012875365162,1429.5012875365162,1.0000429605223853,0.00046594542353263783
1429.5082321026853,1429.5082321026853,1.0004528643055035,0.0004660270298016163
1429.51517666884,1429.51517666884,1.0005190880224712,0.000466043247595716
1429.522121234978,1429.522121234978,0.9995458530358065,0.0004659320464195676
1429.5290658011013,1429.5290658011013,1.0000765911767318,0.0004660821262715326
1429.5360103672087,1429.5360103672087,0.9992250274434358,0.0004658726585024627
1429.5429549333012,1429.5429549333012,1.0000089819480809,0.0004660545016908314
1429.549899499378,1429.549899499378,1.0000887327863865,0.0004660107329722809
1429.5568440654392,1429.5568440654392,1.000006588601395,0.00046594967546644846
1429.5637886314846,1429.5637886314846,1.0000934947936608,0.00046594876537209154
1429.570733197515,1429.570733197515,1.0001293146045165,0.0004658587780591573
1429.57767776353,1429.57767776353,1.0001523991665067,0.0004659526010870961
1429.5846223295289,1429.5846223295289,1.0000021449293865,0.00046583532331437495
1429.5915668955126,1429.5915668955126,0.9995474522313093,0.0004657577294100121
1429.598511461481,1429.598511461481,1.0001644570257542,0.0004659331793297885
1429.6054560274329,1429.6054560274329,1.0008714098793061,0.0004660270808885843
1429.6124005933693,1429.6124005933693,0.99923011388895,0.000465745220974001
1429.6193451592906,1429.6193451592906,1.0003994868941446,0.00046603930769951454
1429.6262897251963,1429.6262897251963,0.9999615844400227,0.00046592418885326093
1429.633234291086,1429.633234291086,1.0002545544489203,0.00046593942955899846
1429.64017885696,1429.64017885696,0.999903519380412,0.0004659103362892124
1429.6471234228181,1429.6471234228181,0.9997079652325642,0.00046590631803997167
1429.654067988661,1429.654067988661,1.0002397378046723,0.0004660814091071534
1429.661012554488,1429.661012554488,0.9985929950985637,0.00046577820158303864
1429.667957120299,1429.667957120299,1.0007347130866195,0.0004661464092399848
1429.674901686094,1429.674901686094,0.9999154225183057,0.000466068019019696
1429.6818462518736,1429.6818462518736,1.0003683811282316,0.00046611962174518466
1429.688790817637,1429.688790817637,1.0003976049416765,0.0004660150653936817
1429.6957353833845,1429.6957353833845,0.9995581559192466,0.0004658751333731742
1429.7026799491164,1429.7026799491164,0.9998475775169057,0.0004660240103346795
1429.7096245148325,1429.7096245148325,1.0000167638880497,0.0004659671039166301
1429.7165690805327,1429.7165690805327,1.0005091678443832,0.00046604014973298787
1429.7235136462173,1429.7235136462173,0.9998487112754676,0.0004659176489457379
1429.730458211885,1429.730458211885,0.9999307038186884,0.00046593490277756515
1429.7374027775375,1429.7374027775375,1.0006874139029047,0.00046600962080353
1429.7443473431736,1429.7443473431736,0.9995672320470895,0.00046586662239534257
1429.7512919087942,1429.7512919087942,0.9989696230739499,0.00046580543637730985
1429.758236474398,1429.758236474398,1.0004252167549017,0.00046599233142968186
1429.7651810399866,1429.7651810399866,0.999712548877814,0.0004658522128941953
1429.7721256055588,1429.7721256055588,1.0000967950980386,0.000465831924920717
1429.7790701711149,1429.7790701711149,1.0006982302990202,0.00046599336052204846
1429.7860147366546,1429.7860147366546,1.0004117878119863,0.00046597696427119176
1429.7929593021793,1429.7929593021793,0.9999724183919774,0.0004658992861118538
1429.799903867687,1429.799903867687,1.0001217059815144,0.0004658861452383728
1429.8068484331789,1429.8068484331789,1.0003202301738046,0.0004659621347377813
1429.8137929986538,1429.8137929986538,0.9997188011610373,0.0004658675044014242
1429.820737564113,1429.820737564113,0.9996683930872537,0.00046588240309097806
1429.8276821295567,1429.8276821295567,0.9996657090733525,0.0004659030731523541
1429.834626694983,1429.834626694983,1.0002177965147099,0.0004659912878345331
1429.8415712603937,1429.8415712603937,0.9998227720417674,0.0004659664926979322
1429.8485158257888,1429.8485158257888,1.000231009653588,0.0004661009219295616
1429.8554603911664,1429.8554603911664,1.0006644964121143,0.0004660833930885698
1429.8624049565283,1429.8624049565283,0.9999062358107083,0.00046593409244256574
1429.8693495218743,1429.8693495218743,0.9999437696229112,0.00046600074445998785
1429.8762940872036,1429.8762940872036,0.9997591848869478,0.0004658791667483176
1429.8832386525162,1429.8832386525162,0.9999799460018254,0.00046590704960005485
1429.890183217813,1429.890183217813,1.0004042683962002,0.0004660031855984314
1429.897127783093,1429.897127783093,0.9999424520935551,0.00046592811090715835
1429.9040723483574,1429.9040723483574,0.9996375453062228,0.0004658608487308363
1429.9110169136045,1429.9110169136045,1.0000478185877333,0.0004659628329667341
1429.9179614788359,1429.9179614788359,0.9991563800407045,0.00046589431009130345
1429.92490604405,1429.92490604405,1.0003075606345806,0.0004660539662875887
1429.9318506092482,1429.9318506092482,1.0009477712874977,0.0004660819977879142
1429.9387951744297,1429.9387951744297,1.0004614248076669,0.0004660413854796506
1429.9457397395945,1429.9457397395945,0.9993455781609379,0.0004657522816982313
1429.9526843047436,1429.9526843047436,0.999628533400091,0.0004658961792098488
1429.959628869876,1429.959628869876,0.9999081829546981,0.00046594800850748984
1429.9665734349908,1429.9665734349908,0.9999151454164579,0.0004659072958458113
1429.9735180000894,1429.9735180000894,0.9999627816445462,0.00046587084434176194
1429.9804625651723,1429.9804625651723,1.0003089225972637,0.0004660219268203667
1429.987407130237,1429.987407130237,1.000297381073781,0.00046606874377405036
1429.9943516952865,1429.9943516952865,1.0000166557524546,0.00046606577129214364
1430.0012962603187,1430.0012962603187,0.9999680172079873,0.0004659835263944137
1430.0082408253347,1430.0082408253347,1.000189259716788,0.0004659809759617283
1430.015185390334,1430.015185390334,1.0000321055303503,0.000465940699315651
1430.0221299553161,1430.0221299553161,0.9991544459126376,0.00046575652174811265
1430.0290745202815,1430.0290745202815,1.0002741659321832,0.0004659242556331507
1430.0360190852305,1430.0360190852305,0.9999690699226166,0.00046590150982487677
1430.0429636501626,1430.0429636501626,0.9998601330134111,0.00046585501573234044
1430.0499082150775,1430.0499082150775,0.999889612202067,0.0004659570274525033
1430.0568527799765,1430.0568527799765,1.000148023316599,0.0004659324264523368
1430.0637973448581,1430.0637973448581,1.0005546948647257,0.0004659682531619615
1430.0707419097228,1430.0707419097228,0.9997178012204649,0.0004657670172410567
1430.077686474571,1430.077686474571,1.0004684740452963,0.00046595703130931373
1430.0846310394022,1430.0846310394022,0.999515014891885,0.0004657325828618188
1430.091575604216,1430.091575604216,1.0004332881686815,0.0004659370552099141
1430.0985201690132,1430.0985201690132,0.9996939262445264,0.00046575349240576076
1430.1054647337937,1430.1054647337937,0.9998976404439779,0.0004657962518549096
1430.1124092985567,1430.1124092985567,1.000070223414443,0.00046583083123149214
1430.1193538633033,1430.1193538633033,0.9993711665652658,0.0004657351204704695
1430.126298428033,1430.126298428033,1.0003566925058274,0.00046585870974082415
1430.133242992745,1430.133242992745,1.0005574143610434,0.0004659269258862742
1430.1401875574413,1430.1401875574413,1.000067392235925,0.0004659732972063873
1430.1471321221195,1430.1471321221195,0.9997033800465985,0.00046590139301359005
1430.1540766867806,1430.1540766867806,1.0002690766850526,0.00046598096083470196
1430.1610212514254,1430.1610212514254,1.0006483847398566,0.00046602415126012036
1430.167965816052,1430.167965816052,0.9989818566693979,0.000465592150050065
1430.174910380662,1430.174910380662,1.0002363745153446,0.0004658898980680789
1430.181854945255,1430.181854945255,0.999257073125037,0.0004657117431255092
1430.188799509831,1430.188799509831,0.9999835001595491,0.0004658483952387161
1430.1957440743893,1430.1957440743893,0.999646985611756,0.0004657910934619407
1430.202688638931,1430.202688638931,1.00054374523179,0.0004659343008633091
1430.2096332034546,1430.2096332034546,1.0003739203909725,0.0004657518860804894
1430.2165777679618,1430.2165777679618,0.9998364021030335,0.00046572225652040085
1430.2235223324515,1430.2235223324515,1.0000654265561735,0.00046581937208056777
1430.230466896924,1430.230466896924,1.000647196030376,0.0004659046801595253
1430.2374114613792,1430.2374114613792,1.000261245373339,0.00046580170059526947
1430.2443560258166,1430.2443560258166,1.0005235363464133,0.00046580094531715213
1430.251300590237,1430.251300590237,0.9998501134788483,0.00046573463733024336
1430.258245154641,1430.258245154641,0.999414778355875,0.00046567796293636027
1430.2651897190262,1430.2651897190262,1.00012348529007,0.0004658754533882527
1430.2721342833943,1430.2721342833943,1.000125921884242,0.00046588465440468394
1430.2790788477455,1430.2790788477455,0.9996929504818542,0.0004657529717573868
1430.2860234120794,1430.2860234120794,0.9995773582503877,0.00046574030065223767
1430.2929679763954,1430.2929679763954,1.000215985536379,0.000465846925252068
1430.2999125406945,1430.2999125406945,0.9999571931924998,0.00046578297367088175
1430.3068571049753,1430.3068571049753,0.9999934694800071,0.0004658168971935561
1430.3138016692387,1430.3138016692387,1.0001004550642438,0.00046587446677416844
1430.320746233485,1430.320746233485,0.9997832862054118,0.0004657700122877351
1430.3276907977138,1430.3276907977138,1.000051567228063,0.00046576618431212036
1430.3346353619252,1430.3346353619252,1.0002323032500509,0.0004657719272196916
1430.341579926118,1430.341579926118,1.000379094473881,0.00046579293379063957
1430.3485244902945,1430.3485244902945,1.0003970386136718,0.00046589397058888085
1430.355469054453,1430.355469054453,1.0000889381146119,0.0004658815812377942
1430.3624136185933,1430.3624136185933,1.000013526961174,0.00046580934653840244
1430.369358182716,1430.369358182716,0.9990490383921007,0.0004655710611547937
1430.3763027468217,1430.3763027468217,0.99954158745313,0.00046567502565030743
1430.3832473109092,1430.3832473109092,1.0002811362373316,0.00046587054235211944
1430.390191874979,1430.390191874979,1.0000887949863009,0.000465843394749271
1430.397136439031,1430.397136439031,1.0002957159809602,0.0004658422050629196
1430.404081003066,1430.404081003066,0.9999225808329631,0.00046576252333316895
1430.4110255670826,1430.4110255670826,1.0003713339593665,0.00046599057710678787
1430.4179701310818,1430.4179701310818,1.0000481444723799,0.00046589160841600607
1430.4249146950624,1430.4249146950624,1.0004714062679632,0.0004658501705670123
1430.4318592590257,1430.4318592590257,0.9994807468217111,0.0004657237569698156
1430.438803822971,1430.438803822971,0.9993535036174166,0.0004658059362223295
1430.4457483868987,1430.4457483868987,0.9996476667706686,0.0004658063901840821
1430.452692950809,1430.452692950809,1.000479176059423,0.0004658222172874068
1430.4596375147005,1430.4596375147005,1.0003018291827213,0.00046584551431252876
1430.466582078574,1430.466582078574,0.9995775666915137,0.00046575209675473963
1430.4735266424307,1430.4735266424307,1.0001530540889854,0.00046573379259514026
1430.4804712062685,1430.4804712062685,1.0003249649959431,0.00046583336780126327
1430.4874157700883,1430.4874157700883,1.0009940601932492,0.0004659453331052072
1430.49436033389,1430.49436033389,0.9997494746673599,0.0004657729155229425
1430.5013048976734,1430.5013048976734,0.9998561614379133,0.0004657405126966659
1430.5082494614398,1430.5082494614398,0.9993907096322834,0.0004656404423623455
1430.5151940251878,1430.5151940251878,0.9995830870890721,0.0004656692084011674
1430.5221385889172,1430.5221385889172,0.9996527559995527,0.0004656565534246587
1430.5290831526295,1430.5290831526295,0.9999630936069298,0.00046567484198315953
1430.5360277163222,1430.5360277163222,1.000265416586504,0.00046575345271411013
1430.542972279998,1430.542972279998,1.0007881879927116,0.0004659398414279544
1430.5499168436559,1430.5499168436559,0.999588723886818,0.00046566545866627606
1430.556861407294,1430.556861407294,0.9995539402559489,0.00046562410035809015
1430.5638059709152,1430.5638059709152,0.999805049773491,0.00046565715139209744
1430.5707505345174,1430.5707505345174,1.0002474009251154,0.0004658141637360966
1430.5776950981026,1430.5776950981026,1.000182254861023,0.0004657200720634701
1430.602695526854,1430.602695526854,1.0000324262329765,0.0004659410645659551
1430.6096400903546,1430.6096400903546,0.9996835424314854,0.00046577570624820893
1430.6165846538363,1430.6165846538363,1.0000344230820197,0.0004658885383328936
1430.6235292172992,1430.6235292172992,1.000287593120071,0.0004658823061847242
1430.6304737807445,1430.6304737807445,0.9997139486539449,0.00046581641149680736
1430.6374183441708,1430.6374183441708,1.0004088894988947,0.00046594386832448525
1430.6443629075793,1430.6443629075793,0.999761766629387,0.0004658348916569585
1430.6513074709692,1430.6513074709692,1.000676533864723,0.0004659929131752374
1430.6582520343406,1430.6582520343406,0.9997828507323157,0.00046582736586957073
1430.6651965976926,1430.6651965976926,0.9996218276289305,0.0004657836591254427
1430.672141161028,1430.672141161028,1.0003171641986945,0.0004659390056316032
1430.679085724342,1430.679085724342,0.9997177527014843,0.00046581030268376747
1430.68603028764,1430.68603028764,0.9997136353400308,0.0004657878109733379
1430.6929748509187,1430.6929748509187,1.0000645206562866,0.0004659563857716756
1430.6999194141786,1430.6999194141786,0.9999136548769327,0.0004658430980355471
1430.7068639774202,1430.7068639774202,1.0001639007298437,0.0004660197481609248
1430.7138085406432,1430.7138085406432,0.9999047740383838,0.0004658819354445416
1430.720753103848,1430.720753103848,1.0014001446482397,0.00046623002579455826
1430.7276976670316,1430.7276976670316,0.99917423927256,0.0004657536474587905
1430.7346422301998,1430.7346422301998,0.9991112773501177,0.00046571355004482217
1430.741586793347,1430.741586793347,1.0001266830619782,0.00046602375999870067
1430.7485313564762,1430.7485313564762,0.999635451515109,0.0004658539068609963
1430.755475919586,1430.755475919586,1.000603431392155,0.00046603204119859685
1430.7624204826777,1430.7624204826777,0.9998992941662926,0.00046587101686020456
1430.7693650457509,1430.7693650457509,1.0005716275457606,0.00046598821576174156
1430.7763096088045,1430.7763096088045,1.0002005981776616,0.00046601817756140325
1430.7832541718394,1430.7832541718394,0.9997576622476301,0.00046588367045627296
1430.790198734856,1430.790198734856,1.0003905619784224,0.00046607045198925393
1430.7971432978527,1430.7971432978527,0.9995153688386725,0.0004657859526912664
1430.804087860831,1430.804087860831,0.9988711805822736,0.0004656952740115441
1430.811032423791,1430.811032423791,0.9999596106111976,0.00046586459169506504
1430.817976986731,1430.817976986731,1.0004572916494496,0.0004659877046349115
1430.8249215496533,1430.8249215496533,0.9998868482454739,0.00046581573190609103
1430.8318661125538,1430.8318661125538,1.0006898781422797,0.00046594071451756694
1430.838810675439,1430.838810675439,1.0003429824489882,0.00046584439220109043
1430.845755238303,1430.845755238303,0.9997912174790938,0.0004657754663619898
1430.8526998011478,1430.8526998011478,0.9997288911480139,0.0004657224257871782
1430.8596443639747,1430.8596443639747,0.9998270247927099,0.0004657424634778036
1430.8665889267818,1430.8665889267818,1.00021378728171,0.00046581203336830873
1430.8735334895696,1430.8735334895696,0.9996600931475488,0.0004656629801182418
1430.8804780523383,1430.8804780523383,1.0002768845856689,0.00046584839926634193
1430.8874226150879,1430.8874226150879,1.000355052514487,0.0004658951998913573
1430.8943671778195,1430.8943671778195,0.9998715664342462,0.0004657895121707014
1430.9013117405304,1430.9013117405304,1.0004472035001508,0.0004658363241505575
1430.9082563032218,1430.9082563032218,0.9994876116864108,0.0004657554885859435
1430.9152008658953,1430.9152008658953,0.999128690841404,0.00046562569102716317
1430.9221454285478,1430.9221454285478,1.0003084602723784,0.00046583284835565407
1430.9290899911825,1430.9290899911825,1.0006191758689504,0.0004658545214117504
1430.9360345537975,1430.9360345537975,0.9999441894485998,0.00046579859216299926
1430.9429791163925,1430.9429791163925,1.0002750064764805,0.0004657359840905311
1430.9499236789677,1430.9499236789677,0.9998456857647537,0.0004656444128155298
1430.9568682415254,1430.9568682415254,0.9992964564416171,0.0004655415534292084
1430.9638128040622,1430.9638128040622,1.0002864783603371,0.00046569356319762725
1430.9707573665808,1430.9707573665808,0.9997977060770203,0.00046566167974397365
1430.9777019290789,1430.9777019290789,0.9999227997024432,0.00046569333077791655
1430.9846464915581,1430.9846464915581,1.0004015105755724,0.0004658222027291519
1430.9915910540183,1430.9915910540183,1.0009099842617208,0.00046600523916922806
1430.9985356164568,1430.9985356164568,1.0001427466085355,0.0004658577274985193
1431.0054801788779,1431.0054801788779,0.999938762483087,0.0004657502161015597
1431.0124247412793,1431.0124247412793,0.9999471729502158,0.000465781057035582
1431.0193693036595,1431.0193693036595,0.9991882901657376,0.000465708585055245
1431.0263138660216,1431.0263138660216,0.999547423428408,0.0004657460986260198
1431.033258428363,1431.033258428363,0.999650487529242,0.0004658325400816048
1431.0402029906857,1431.0402029906857,0.9998083282138032,0.0004658186197993333
1431.0471475529869,1431.0471475529869,1.000528014229847,0.0004659812477281496
1431.0540921152717,1431.0540921152717,1.0011013105595414,0.0004660650683936656
1431.0610366775345,1431.0610366775345,1.000126208926675,0.00046590422129566815
1431.067981239777,1431.067981239777,0.9992736213125125,0.0004657560250339107
1431.0749258020016,1431.0749258020016,0.9996677971143011,0.0004657954424151998
1431.0818703642058,1431.0818703642058,1.0003968896716995,0.00046590362690172697
1431.0888149263887,1431.0888149263887,0.9998571331475624,0.000465771651063858
1431.0957594885533,1431.0957594885533,0.9997802257909731,0.000465709110981529
1431.1027040506985,1431.1027040506985,1.0002380529627435,0.0004657933926416405
1431.1096486128215,1431.1096486128215,0.9999672397534825,0.0004657866287737608
1431.1165931749265,1431.1165931749265,0.9995903902540535,0.0004656579831051758
1431.1235377370117,1431.1235377370117,1.0005768092735658,0.00046586043632259645
1431.130482299075,1431.130482299075,0.9998590937793264,0.00046566070261716194
1431.1374268611198,1431.1374268611198,0.9998390139762202,0.0004657274456809317
1431.1443714231448,1431.1443714231448,1.0001665736970218,0.0004658202614244362
1431.1513159851495,1431.1513159851495,0.999906741223598,0.0004657394900476797
1431.1582605471335,1431.1582605471335,1.0001785921782103,0.000465828210589103
1431.165205109098,1431.165205109098,1.0004644388785302,0.00046585810299481676
1431.1721496710434,1431.1721496710434,0.9999177046930274,0.0004658255478370352
1431.1790942329667,1431.1790942329667,0.9999517980357936,0.0004658482667776096
1431.186038794871,1431.186038794871,0.9997365554435342,0.00046577978348432564
1431.1929833567551,1431.1929833567551,0.9992942875386162,0.00046572335966770407
1431.1999279186189,1431.1999279186189,1.0005735842245767,0.0004660010990682001
1431.206872480462,1431.206872480462,1.0001799241786666,0.0004658829782881528
1431.2138170422859,1431.2138170422859,0.9993050472764159,0.0004657083710810304
1431.2207616040882,1431.2207616040882,1.0002784121194206,0.00046584204850738913
1431.2277061658713,1431.2277061658713,0.9998512101832683,0.0004657643252360907
1431.2346507276325,1431.2346507276325,1.0000204474470613,0.00046573945238809623
1431.241595289375,1431.241595289375,1.00047245301286,0.00046579313339969287
1431.2485398510976,1431.2485398510976,1.0000532730483491,0.00046576271343690855
1431.2554844127994,1431.2554844127994,0.9998786684527499,0.00046569327594894
1431.2624289744792,1431.2624289744792,0.999806126053835,0.00046559804497614614
1431.2693735361408,1431.2693735361408,1.0003257002803791,0.0004657470319016817
1431.2763180977804,1431.2763180977804,0.999828733713079,0.0004656271810854729
1431.2832626593995,1431.2832626593995,0.9997823524663809,0.0004656321859460983
1431.2902072209988,1431.2902072209988,0.9998187902696479,0.0004656103068165757
1431.2971517825777,1431.2971517825777,0.9991815935021574,0.00046556306474604777
1431.3040963441356,1431.3040963441356,1.0003945292994454,0.0004657085737841052
1431.3110409056724,1431.3110409056724,1.0009504784327035,0.00046581893479735633
1431.3179854671891,1431.3179854671891,0.9994756262886606,0.0004656142311951551
1431.3249300286843,1431.3249300286843,0.9998191667509759,0.0004656872101084765
1431.3318745901609,1431.3318745901609,1.0004119219745289,0.0004657851272642852
1431.3388191516165,1431.3388191516165,0.9998639544410353,0.00046576311821306044
1431.345763713051,1431.345763713051,0.9990722141424999,0.0004655643913362902
1431.352708274464,1431.352708274464,1.0003656151123144,0.000465768501053718
1431.3596528358562,1431.3596528358562,0.9998261273279543,0.00046582646563133104
1431.3665973972281,1431.3665973972281,0.999961262595566,0.0004657468056024275
1431.3735419585794,1431.3735419585794,0.9993035513971311,0.0004655612484737973
1431.3804865199104,1431.3804865199104,1.0011662249698803,0.00046591874283618076
1431.3874310812191,1431.3874310812191,1.0008548164022213,0.00046586267483150973
1431.3943756425074,1431.3943756425074,0.99948040016636,0.0004656180128939198
1431.4013202037745,1431.4013202037745,1.0003373591218625,0.0004657049427283963
1431.4082647650225,1431.4082647650225,0.999468352717062,0.00046553504373405316
1431.4152093262478,1431.4152093262478,0.9999112099954832,0.0004657287166105327
1431.4221538874529,1431.4221538874529,0.9999738634353635,0.00046571582830975727
1431.4290984486365,1431.4290984486365,0.9998934985177949,0.0004656840340062033
1431.4360430097986,1431.4360430097986,0.999993009131769,0.0004657606755249787
1431.4429875709409,1431.4429875709409,1.0002155393501457,0.0004658015058668837
1431.4499321320616,1431.4499321320616,0.999946108339093,0.00046578001638245193
1431.4568766931611,1431.4568766931611,1.000135190349626,0.00046579844860544377
1431.46382125424,1431.46382125424,1.0003071185802888,0.00046581426680150585
1431.4707658152968,1431.4707658152968,0.999213962389397,0.00046560845242032376
1431.4777103763327,1431.4777103763327,0.9998667014260721,0.00046571036588478307
1431.4846549373476,1431.4846549373476,1.0000939005064116,0.0004657809461464735
1431.4915994983417,1431.4915994983417,1.0005694929836415,0.0004658145905460598
1431.4985440593136,1431.4985440593136,0.9998613994388981,0.0004656682776910531
1431.505488620265,1431.505488620265,0.9998109512118278,0.00046574587902111533
1431.5124331811942,1431.5124331811942,1.0004569850504104,0.0004657656197688353
1431.5193777421032,1431.5193777421032,0.9995810357285038,0.00046564309390346884
1431.5263223029906,1431.5263223029906,0.9999170923935262,0.0004657077771824676
1431.533266863857,1431.533266863857,1.0000999176610912,0.0004656025471864384
1431.5402114247004,1431.5402114247004,0.9992646943032109,0.00046559837892815265
1431.547155985523,1431.547155985523,1.0001241827747624,0.00046563893930518256
1431.5541005463256,1431.5541005463256,1.000700123646136,0.00046577971584883733
1431.5610451071047,1431.5610451071047,1.0003124337822176,0.0004657115854512036
1431.5679896678625,1431.5679896678625,0.9996996572590024,0.00046561811459362333
1431.5749342286013,1431.5749342286013,1.000072047748046,0.0004656384072709126
1431.5818787893154,1431.5818787893154,1.0005576080078478,0.00046575838714911125
1431.5888233500093,1431.5888233500093,0.9992362007013865,0.00046553623372378665
1431.595767910681,1431.595767910681,0.9997745505856959,0.0004655618534702418
1431.6027124713323,1431.6027124713323,1.000211403731044,0.0004657314649104252
1431.6096570319603,1431.6096570319603,0.9994891131909099,0.0004656293017489876
1431.6166015925676,1431.6166015925676,1.0005520583681884,0.00046581500244556915
1431.6235461531528,1431.6235461531528,1.0006221827610284,0.0004658037319760268
1431.630490713716,1431.630490713716,0.9992744845335271,0.0004655220209227231
1431.637435274258,1431.637435274258,1.000587183367472,0.0004657321293719273
1431.644379834779,1431.644379834779,0.9999035578916367,0.0004656163375051542
1431.6513243952768,1431.6513243952768,0.9993075207986702,0.0004655098682194201
1431.6582689557533,1431.6582689557533,1.0000124253337455,0.00046568449034395344
1431.6652135162076,1431.6652135162076,0.9999119916577606,0.0004657283769795564
1431.67215807664,1431.67215807664,1.000485821858281,0.0004657432041741646
1431.6791026370495,1431.6791026370495,0.9999553591207853,0.00046567422423820555
1431.686047197439,1431.686047197439,1.0007265211994985,0.0004658089118438698
1431.6929917578054,1431.6929917578054,0.9991754181772808,0.0004656197790651183
1431.6999363181496,1431.6999363181496,0.9995134558356756,0.0004656114820315041
1431.706880878472,1431.706880878472,1.000185743335954,0.0004656673285975073
1431.7138254387723,1431.7138254387723,0.9999454509856971,0.00046563820637233837
1431.7207699990508,1431.7207699990508,1.000163971337883,0.0004657008972973305
1431.727714559306,1431.727714559306,1.000155684334246,0.000465651895694235
1431.7346591195403,1431.7346591195403,1.0003653661095826,0.00046573552917876526
1431.7416036797522,1431.7416036797522,1.0002082379832462,0.0004656917192001984
1431.7485482399413,1431.7485482399413,0.9996958718715965,0.0004655567422847488
1431.7554928001089,1431.7554928001089,0.9995857807786536,0.0004655245435706363
1431.7624373602534,1431.7624373602534,1.0001090026195028,0.0004657473393204174
1431.769381920375,1431.769381920375,1.0001544055623328,0.00046562013515204226
1431.7763264804773,1431.7763264804773,0.9995521476967145,0.0004655709943266516
1431.7832710405532,1431.7832710405532,1.0005117611952943,0.0004657501002690768
1431.7902156006098,1431.7902156006098,1.000017958534158,0.0004656299677277459
1431.7971601606434,1431.7971601606434,1.0001578951854186,0.0004657261176252837
1431.8041047206527,1431.8041047206527,1.0002085764067377,0.00046577396564719475
1431.8110492806409,1431.8110492806409,0.9992372988688765,0.00046554660338263206
1431.8179938406076,1431.8179938406076,0.9997618125200198,0.0004656249003506043
1431.8249384005492,1431.8249384005492,1.0005236955654992,0.0004656354989619212
1431.8318829604707,1431.8318829604707,0.9998800191186575,0.0004656427617624183
1431.8388275203686,1431.8388275203686,0.9996603845488838,0.0004656015774279561
1431.845772080244,1431.845772080244,1.0007134212726148,0.0004657822935034553
1431.8527166400968,1431.8527166400968,1.000079810924853,0.00046573187428285205
1431.8596611999249,1431.8596611999249,0.9992248039510736,0.0004655622636869741
1431.8666057597325,1431.8666057597325,1.0006662392168888,0.00046570669676797885
1431.8735503195173,1431.8735503195173,1.0001093289387186,0.0004656096455529068
1431.8804948792788,1431.8804948792788,0.9995216759106634,0.0004655873676725638
1431.8874394390184,1431.8874394390184,0.9999483024843461,0.0004656492162353874
1431.8943839987328,1431.8943839987328,0.9997482647111745,0.00046570896546239537
1431.9013285584263,1431.9013285584263,1.000461409245797,0.00046570961967628703
1431.9082731180977,1431.9082731180977,1.0002348298475539,0.0004656760322956031
1431.9152176777447,1431.9152176777447,0.9996160139665813,0.0004656619115520396
1431.9221622373684,1431.9221622373684,0.9999825044334211,0.00046555463338666286
1431.9291067969698,1431.9291067969698,0.999941109032649,0.0004656018982627997
1431.936051356548,1431.936051356548,0.9999825366203499,0.00046562245613523923
1431.9429959161027,1431.9429959161027,0.9995912295669644,0.0004655520807001552
1431.9499404756364,1431.9499404756364,0.9999792710266963,0.0004655974660881687
1431.9568850351448,1431.9568850351448,0.9993167724822843,0.0004654712083827084
1431.963829594631,1431.963829594631,1.0000413755624673,0.00046561487291902086
1431.9707741540935,1431.9707741540935,0.9999685298440515,0.0004656076736697039
1431.977718713533,1431.977718713533,0.999999920746664,0.0004656483257492021
1431.9846632729495,1431.9846632729495,1.0000594273009389,0.0004656051015182824
1431.9916078323429,1431.9916078323429,0.9997230482671224,0.00046555975126799106
1431.9985523917117,1431.9985523917117,1.0002867821684909,0.0004657130559709664
1432.005496951058,1432.005496951058,0.9995540681795523,0.00046551158759291724
1432.0124415103814,1432.0124415103814,0.9998642663479707,0.00046555787867540616
1432.0193860696816,1432.0193860696816,1.0011773985428756,0.00046584341529504555
1432.026330628958,1432.026330628958,1.0002114406058018,0.00046570220438777636
1432.0332751882102,1432.0332751882102,1.0005254266950663,0.0004658320075982208
1432.0402197474396,1432.0402197474396,0.9998317276291674,0.0004656134802005859
1432.0471643066448,1432.0471643066448,1.0003277892563693,0.000465796340832423
1432.0541088658279,1432.0541088658279,0.9998691122113732,0.00046572670986905554
1432.0610534249852,1432.0610534249852,0.9998743419765421,0.0004657178217024885
1432.0679979841202,1432.0679979841202,0.9997360949623285,0.0004657344714894627
1432.074942543232,1432.074942543232,0.9999979845648624,0.00046575417402805393
1432.0818871023205,1432.0818871023205,0.9998005053895029,0.0004657487967159382
1432.0888316613841,1432.0888316613841,0.9996445493382418,0.0004657018792850186
1432.0957762204237,1432.0957762204237,1.0005205755483435,0.00046588831862401776
1432.102720779441,1432.102720779441,1.0001732278954274,0.00046574499312636064
1432.109665338434,1432.109665338434,1.0000117523755845,0.0004657254099044692
1432.1166098974031,1432.1166098974031,0.9992717424528198,0.0004656995475136607
1432.1235544563478,1432.1235544563478,1.0010075325706682,0.00046581578729426804
1432.130499015269,1432.130499015269,0.9992813032899501,0.00046559259885975754
1432.1374435741668,1432.1374435741668,0.9996455482359483,0.00046558036560001125
1432.1443881330392,1432.1443881330392,0.9998329300893534,0.00046560186179717383
1432.1513326918887,1432.1513326918887,1.0010559500664877,0.00046582122947530795
1432.158277250714,1432.158277250714,1.0000808016608265,0.0004657330282681572
1432.1652218095157,1432.1652218095157,1.0001185116216627,0.0004656875501342432
1432.1721663682918,1432.1721663682918,1.0002623639944783,0.00046570227060344316
1432.1791109270448,1432.1791109270448,1.0000193487793394,0.00046565548647438854
1432.1860554857735,1432.1860554857735,0.9994180806251629,0.0004655659686469741
1432.1930000444786,1432.1930000444786,0.9999106868533654,0.0004655805277266204
1432.1999446031582,1432.1999446031582,0.9995591293277482,0.0004656500462464517
1432.2068891618146,1432.2068891618146,1.0001139266076229,0.00046572761866356887
1432.2138337204456,1432.2138337204456,0.9991487774563957,0.00046559020405707743
1432.2207782790533,1432.2207782790533,1.000895869611368,0.0004658654066350337
1432.227722837637,1432.227722837637,1.0004425130881514,0.0004657621033321051
1432.2346673961954,1432.2346673961954,1.0004268250904675,0.00046586133998786726
1432.2416119547302,1432.2416119547302,0.9995080207114782,0.00046562077068570257
1432.24855651324,1432.24855651324,0.9996345813495104,0.0004656441759546625
1432.2555010717247,1432.2555010717247,1.000305929538151,0.0004657887367961183
1432.262445630185,1432.262445630185,0.9997438260743456,0.00046571977524347344
1432.2693901886207,1432.2693901886207,1.0010445467451043,0.00046596454395070243
1432.276334747033,1432.276334747033,0.9992547872991017,0.0004655918933805089
1432.2832793054195,1432.2832793054195,0.9995809138839824,0.00046564843195156716
1432.2902238637816,1432.2902238637816,0.9997817282881869,0.00046567802216283236
1432.2971684221197,1432.2971684221197,0.9995087851835512,0.00046559489024056513
1432.3041129804328,1432.3041129804328,1.0002248030148981,0.000465641808486161
1432.3110575387202,1432.3110575387202,1.00024081548093,0.0004656746473061378
1432.3180020969826,1432.3180020969826,1.0000831575824112,0.000465734421161926
1432.3249466552204,1432.3249466552204,1.0007269350756847,0.0004657564325713742
1432.3318912134346,1432.3318912134346,1.0009783784115829,0.00046572618078670626
1432.3388357716235,1432.3388357716235,0.9994684214886096,0.00046547825376804365
1432.345780329787,1432.345780329787,0.9992477988303239,0.00046547174814948997
1432.352724887926,1432.352724887926,1.0001516441095801,0.00046568291071057697
1432.3596694460387,1432.3596694460387,0.999760252540636,0.0004655941806434285
1432.3666140041273,1432.3666140041273,1.0003696351565288,0.0004657642571177876
1432.3735585621907,1432.3735585621907,1.0000029577009575,0.00046575191202991175
1432.3805031202287,1432.3805031202287,0.9995579935485608,0.00046565617099164435
1432.387447678242,1432.387447678242,1.0004799064936314,0.0004658629708471973
1432.3943922362294,1432.3943922362294,1.0002823165099162,0.000465833401041082
1432.4013367941923,1432.4013367941923,0.9988420029193646,0.00046547611875997217
1432.4082813521302,1432.4082813521302,0.999965330278892,0.0004657392822374418
1432.4152259100424,1432.4152259100424,1.0005294103878908,0.0004658286195463793
1432.4221704679287,1432.4221704679287,0.9996137332252116,0.0004656274415075167
1432.4291150257898,1432.4291150257898,1.0003219841519806,0.00046578995052866374
1432.4360595836242,1432.4360595836242,1.0000129445586405,0.00046564513413263847
1432.4430041414362,1432.4430041414362,1.00000414317418,0.00046570688451175597
1432.4499486992206,1432.4499486992206,1.0002544903548305,0.00046569349015709903
1432.4568932569794,1432.4568932569794,1.000265916326222,0.0004657463409948888
1432.4638378147124,1432.4638378147124,1.0002425144962297,0.00046580334071740935
1432.4707823724227,1432.4707823724227,0.9996602916843248,0.00046572527954815926
1432.4777269301012,1432.4777269301012,0.9999912104287786,0.00046575221485513384
1432.4846714877608,1432.4846714877608,0.9999955669159935,0.0004658020927822727
1432.4916160453906,1432.4916160453906,0.9998060744221311,0.0004657836961017295
1432.4985606029963,1432.4985606029963,1.0000917837521563,0.0004658591764283215
1432.505505160576,1432.505505160576,0.9995729369002955,0.00046577568088342547
1432.5124497181303,1432.5124497181303,1.000028265909645,0.0004658150560924946
1432.5193942756573,1432.5193942756573,1.0000869062705775,0.0004657288493511194
1432.5263388331598,1432.5263388331598,1.00016566311032,0.0004658075695595047
1432.5332833906355,1432.5332833906355,0.9999522357378726,0.0004657156826371434
1432.5402279480854,1432.5402279480854,0.999803791047104,0.0004656268200481176
1432.5471725055093,1432.5471725055093,0.9997415282626434,0.00046567499369379675
1432.554117062907,1432.554117062907,1.0002458600146187,0.0004656752738854433
1432.5610616202796,1432.5610616202796,1.0000760573218586,0.00046563777813069554
1432.5680061776227,1432.5680061776227,1.0008105863650911,0.00046569834537984903
1432.5749507349433,1432.5749507349433,0.9992963890821116,0.00046550576995021183
1432.5818952922345,1432.5818952922345,1.000166706236872,0.0004656769137805617
1432.5888398495026,1432.5888398495026,0.9990680913934364,0.00046545631721556626
1432.5957844067416,1432.5957844067416,1.0004604335081737,0.00046568471522009486
1432.602728963957,1432.602728963957,0.9996761293085529,0.0004656349112693651
1432.6096735211436,1432.6096735211436,1.0000929972032604,0.0004656131099129562
1432.6166180783034,1432.6166180783034,1.0001255558373694,0.0004656352450886191
1432.6235626354405,1432.6235626354405,0.9992113673591749,0.0004655615185624728
1432.6305071925485,1432.6305071925485,1.0003823333680621,0.00046571037891568153
1432.6374517496301,1432.6374517496301,1.000208524262892,0.0004657458490038301
1432.6443963066843,1432.6443963066843,0.9996892940816421,0.00046559473253529225
1432.6513408637134,1432.6513408637134,0.9999935757692858,0.0004657144350650744
1432.6582854207168,1432.6582854207168,1.0003154820918165,0.0004657233417952
1432.665229977691,1432.665229977691,1.000193341859802,0.0004657526142162069
1432.6721745346372,1432.6721745346372,0.9999996465010517,0.00046570616361058784
1432.6791190915617,1432.6791190915617,0.9998300882986133,0.0004656492106729315
1432.6860636484544,1432.6860636484544,0.999934590435377,0.00046573938521922095
1432.693008205322,1432.693008205322,0.999697798503098,0.0004656965038533459
1432.6999527621651,1432.6999527621651,1.0004630579500906,0.00046581666992173666
1432.706897318976,1432.706897318976,1.0000863817773793,0.0004657399113930574
1432.7138418757654,1432.7138418757654,0.9999251577554682,0.0004657440960428146
1432.7207864325242,1432.7207864325242,0.999438122906616,0.0004656946561292723
1432.727730989258,1432.727730989258,1.000052622647134,0.00046579050188181426
1432.734675545964,1432.734675545964,1.0007268355109111,0.0004659010383182202
1432.7416201026413,1432.7416201026413,0.9995157493253789,0.0004656315325422937
1432.7485646592922,1432.7485646592922,0.9997185204211292,0.00046571326073940254
1432.7555092159157,1432.7555092159157,1.0002174205183896,0.00046574518082549005
1432.7624537725128,1432.7624537725128,0.9998963129472898,0.0004656006741607793
1432.7693983290837,1432.7693983290837,1.0005112387369846,0.00046576412431723985
1432.7763428856256,1432.7763428856256,0.9998948027785068,0.0004656023618977723
1432.783287442141,1432.783287442141,0.999809978770049,0.00046552762278607117
1432.7902319986247,1432.7902319986247,0.9994258672351553,0.0004655605066890921
1432.7971765550865,1432.7971765550865,1.0004910642676443,0.0004658086167290573
1432.8041211115178,1432.8041211115178,1.000852492847751,0.00046586428939498077
1432.8110656679228,1432.8110656679228,0.9994951597115932,0.000465645782445708
1432.8180102242986,1432.8180102242986,1.0001507553378979,0.00046570370708104403
1432.824954780647,1432.824954780647,0.9994680675733827,0.0004656452524981917
1432.8318993369694,1432.8318993369694,1.0001073886137966,0.0004657939291496096
1432.8388438932636,1432.8388438932636,0.9997735558610676,0.00046572316768159195
1432.8457884495288,1432.8457884495288,0.9997104810520945,0.0004656909862981358
1432.8527330057682,1432.8527330057682,0.9996860161999566,0.00046576254952963744
1432.8596775619767,1432.8596775619767,1.0007150957221234,0.0004658015992106074
1432.866622118159,1432.866622118159,1.000100958609733,0.0004657311632990325
1432.8735666743123,1432.8735666743123,1.0009153250671,0.00046586836983077314
1432.8805112304392,1432.8805112304392,0.9996696873609929,0.00046561303317108006
1432.8874557865358,1432.8874557865358,0.999957666443048,0.0004657049928786019
1432.8944003426063,1432.8944003426063,0.9998487028447013,0.00046559692941473466
1432.9013448986489,1432.9013448986489,0.9998275669242161,0.0004657175724125338
1432.90828945466,1432.90828945466,0.9998233860650604,0.00046564069528156986
1432.9152340106443,1432.9152340106443,0.9998895650331902,0.0004656695972137189
1432.9221785666025,1432.9221785666025,1.0002509722780897,0.0004657375964206443
1432.9291231225318,1432.9291231225318,1.0000136514053075,0.0004657849516054149
1432.9360676784286,1432.9360676784286,0.9995477935615339,0.00046563315654052806
1432.9430122343028,1432.9430122343028,0.9998162879591241,0.00046559326962850294
1432.9499567901446,1432.9499567901446,1.0001220570511915,0.00046578550134018305
1432.9569013459586,1432.9569013459586,1.0008995747774403,0.000465828727687746
1432.9638459017442,1432.9638459017442,0.9992888306398834,0.00046552097006762007
1432.9707904575014,1432.9707904575014,1.0001692236545385,0.00046570710147341614
1432.97773501323,1432.97773501323,0.9998930409247949,0.0004656102768451585
1432.984679568929,1432.984679568929,1.0008072471489284,0.00046575836738545017
1432.9916241246005,1432.9916241246005,0.9998489414703394,0.00046558789638444936
1432.9985686802404,1432.9985686802404,0.9995648390299776,0.00046552939147782613
1433.0055132358564,1433.0055132358564,1.0000566028304236,0.0004656210963965358
1433.012457791441,1433.012457791441,0.9995701879464314,0.0004655616934711086
1433.0194023469965,1433.0194023469965,0.9998868993865562,0.0004655860438400234
1433.0263469025208,1433.0263469025208,0.9997937448414855,0.0004655672033010858
1433.0332914580165,1433.0332914580165,1.0002200745455818,0.00046553645716647976
1433.0402360134856,1433.0402360134856,0.9996877580143174,0.00046549517434888354
1433.047180568926,1433.047180568926,1.0009472551398158,0.0004657988696610864
1433.0541251243358,1433.0541251243358,1.000858844220358,0.0004657323586401481
1433.0610696797148,1433.0610696797148,0.999725017774271,0.0004655148439652344
1433.0680142350707,1433.0680142350707,0.9994906245288793,0.0004654521850948197
1433.0749587903945,1433.0749587903945,1.000881578064217,0.0004656436296879221
1433.081903345685,1433.081903345685,0.9993126193087845,0.0004654894335171148
1433.0888479009495,1433.0888479009495,1.000124448040761,0.00046564714156562844
1433.0957924561815,1433.0957924561815,1.000124729481276,0.0004655169517049773
1433.1027370113857,1433.1027370113857,1.0000804652773652,0.0004656267857043219
1433.1096815665583,1433.1096815665583,0.9993890254816374,0.0004654707552146914
1433.1166261217045,1433.1166261217045,1.0006685592302014,0.00046570891310179297
1433.1235706768173,1433.1235706768173,0.9993073171828731,0.0004656185626358886
1433.1305152319028,1433.1305152319028,1.0000937114289958,0.0004656977423872677
1433.1374597869558,1433.1374597869558,1.000702989865945,0.00046571603753477783
1433.144404341984,1433.144404341984,0.9995596822855148,0.0004654839582421506
1433.1513488969792,1433.1513488969792,1.0002316786276733,0.0004655327512637082
1433.1582934519424,1433.1582934519424,0.9999297860476629,0.00046547299907676606
1433.1652380068792,1433.1652380068792,1.0001164350623297,0.0004654360660745835
1433.1721825617838,1433.1721825617838,0.9994911567834045,0.00046538219300439764
1433.1791271166592,1433.1791271166592,1.0000865356739705,0.0004654657213923661
1433.1860716715044,1433.1860716715044,0.9994863002313832,0.0004653745102600615
1433.1930162263193,1433.1930162263193,1.0007723005134586,0.00046571218748012915
1433.1999607811017,1433.1999607811017,1.000675679133616,0.0004657461662686933
1433.206905335855,1433.206905335855,1.0000118803674218,0.00046560214921435026
1433.2138498905792,1433.2138498905792,1.0003588244125137,0.0004656891089767381
1433.2207944452718,1433.2207944452718,1.000324632295367,0.0004656858464763866
1433.2277389999363,1433.2277389999363,0.998946219293322,0.00046545809620255984
1433.2346835545673,1433.2346835545673,0.9995340389539468,0.0004655332306208497
1433.2416281091664,1433.2416281091664,0.9993229802083835,0.0004655789025231153
1433.2485726637378,1433.2485726637378,0.9998965387507802,0.000465596418063616
1433.2555172182776,1433.2555172182776,1.0000401499661584,0.0004656403433279102
1433.2624617727852,1433.2624617727852,1.000088636304301,0.00046561168118975494
1433.2694063272663,1433.2694063272663,1.0005412871783539,0.0004656417964079075
1433.276350881713,1433.276350881713,1.000388157919884,0.00046568232084576297
1433.2832954361286,1433.2832954361286,1.0006553756602579,0.0004656687960709736
1433.2902399905138,1433.2902399905138,0.9993851277991178,0.00046539121400717895
1433.2971845448687,1433.2971845448687,1.0000628253244939,0.00046549227263817383
1433.304129099191,1433.304129099191,0.9996999986178137,0.0004654283985333817
1433.311073653485,1433.311073653485,0.9999530980146044,0.00046540462543437816
1433.3180182077463,1433.3180182077463,1.000032549151328,0.0004655155742338957
1433.324962761976,1433.324962761976,0.9997849596815765,0.00046546231098019514
1433.3319073161722,1433.3319073161722,1.0003526704501022,0.000465532910887712
1433.3388518703402,1433.3388518703402,1.0009030028009829,0.00046555999953148736
1433.345796424475,1433.345796424475,0.9996786769220662,0.000465455069072412
1433.3527409785797,1433.3527409785797,1.0004944958475266,0.0004655117317760327
1433.359685532652,1433.359685532652,1.0004658764431178,0.00046566451672361666
1433.366630086694,1433.366630086694,0.9998267248948199,0.000465443851575059
1433.3735746407037,1433.3735746407037,0.999600506220373,0.0004654032367570579
1433.3805191946801,1433.3805191946801,0.9995388242569311,0.00046535363652192626
1433.3874637486247,1433.3874637486247,0.9997295784245178,0.0004655457190007194
1433.394408302538,1433.394408302538,1.0004006564472914,0.00046564404156668095
1433.4013528564199,1433.4013528564199,1.000284081818545,0.00046564502053566
1433.4082974102698,1433.4082974102698,1.00016670338736,0.000465630482494455
1433.4152419640886,1433.4152419640886,0.9999682790979285,0.0004655721782275572
1433.422186517873,1433.422186517873,0.9999408062248767,0.00046558876433186875
1433.4291310716283,1433.4291310716283,0.9998893028132689,0.00046549518401566204
1433.4360756253486,1433.4360756253486,0.999809414183291,0.0004655739974102416
1433.4430201790383,1433.4430201790383,0.9994945080723084,0.00046546335825783057
1433.4499647326943,1433.4499647326943,0.999970884518928,0.0004654964182067821
1433.4569092863185,1433.4569092863185,1.0005412228788502,0.0004656777713028637
1433.4638538399108,1433.4638538399108,1.0006686708681225,0.00046570024720000004
1433.4707983934695,1433.4707983934695,1.0004097838101766,0.00046567326906516923
1433.477742946996,1433.477742946996,1.0005285468300102,0.00046561076157464664
1433.484687500491,1433.484687500491,0.9998140664092927,0.00046557254877926545
1433.491632053952,1433.491632053952,1.0000935906152137,0.00046553949322349395
1433.4985766073828,1433.4985766073828,0.9993525452753133,0.000465551808194189
1433.5055211607782,1433.5055211607782,1.0005976966968697,0.0004656942758270037
1433.5124657141391,1433.5124657141391,0.9998060722831402,0.0004656089092261429
1433.5194102674695,1433.5194102674695,0.9998919139238925,0.00046557637266041494
1433.5263548207677,1433.5263548207677,0.9995349252507186,0.00046542385311010786
1433.5332993740296,1433.5332993740296,1.000856011881357,0.0004656224016544891
1433.5402439272607,1433.5402439272607,0.9994792541577674,0.00046536730438961383
1433.54718848046,1433.54718848046,0.9995099028486447,0.0004652699076822344
1433.554133033626,1433.554133033626,0.9999488070393643,0.00046541951001324085
1433.5610775867553,1433.5610775867553,0.9999645887230375,0.00046534550541798436
1433.568022139854,1433.568022139854,1.0009679369866025,0.0004654665453246649
1433.5749666929182,1433.5749666929182,0.9995462226431451,0.0004652424016239838
1433.5927447485724,1433.5927447485724,0.9999988848556803,0.00046544477790618903
1433.606911636581,1433.606911636581,1.0005211426638954,0.00046556249057389356
1433.6138561894554,1433.6138561894554,1.0002702030588777,0.00046555822286309617
1433.6208007422986,1433.6208007422986,1.0003836985050207,0.0004655410640156987
1433.6277452951076,1433.6277452951076,0.9999647694106291,0.00046564956104863805
1433.634689847879,1433.634689847879,0.9994983853322752,0.0004655822819925719
1433.6416344006213,1433.6416344006213,0.9996886955831819,0.0004654782021082885
1433.6485789533258,1433.6485789533258,1.0002911922217543,0.00046571264110469945
1433.6555235059968,1433.6555235059968,0.9994959894618777,0.00046551819650752086
1433.662468058636,1433.662468058636,0.9993975214027353,0.00046548604306277083
1433.6694126112384,1433.6694126112384,1.000833937719089,0.00046577948429958865
1433.6763571638062,1433.6763571638062,1.000305615637019,0.0004656826092885039
1433.683301716342,1433.683301716342,0.9997776540187131,0.00046554131764266134
1433.6902462688395,1433.6902462688395,0.9998438493699426,0.0004655452418110328
1433.6971908213043,1433.6971908213043,0.9997664625673839,0.0004654884905606393
1433.704135373735,1433.704135373735,1.000181513473867,0.00046550795480633544
1433.7110799261327,1433.7110799261327,1.0005279839325412,0.00046550357585503014
1433.7180244784925,1433.7180244784925,0.9998496599346499,0.0004653917594801861
1433.7249690308186,1433.7249690308186,0.9994861120155315,0.0004652960869210024
1433.7319135831083,1433.7319135831083,1.0002170810311466,0.0004655035083139885
1433.7388581353657,1433.7388581353657,1.000023155182588,0.00046542923204458814
1433.7458026875859,1433.7458026875859,1.0001916485180093,0.0004654144382651806
1433.7527472397699,1433.7527472397699,1.0003908714531518,0.00046547889880202534
1433.7596917919211,1433.7596917919211,0.9998412297782739,0.0004654413459716275
1433.7666363440362,1433.7666363440362,0.999739234237263,0.00046550155193924816
1433.7735808961152,1433.7735808961152,0.9996351319785333,0.0004654675821165317
1433.7805254481605,1433.7805254481605,0.9997958627975401,0.0004655006450613438
1433.7874700001696,1433.7874700001696,1.0004103006492726,0.00046550515145511414
1433.794414552142,1433.794414552142,1.0004059326588712,0.00046555060127020394
1433.8013591040765,1433.8013591040765,0.9998994143455933,0.00046551182477586734
1433.8083036559797,1433.8083036559797,0.9997186499938893,0.00046547401509582185
1433.815248207844,1433.815248207844,0.9992583149639591,0.0004654659431802601
1433.822192759677,1433.822192759677,1.0005711617893407,0.00046560523397386774
1433.8291373114691,1433.8291373114691,1.0000476071323656,0.0004655363783251525
1433.836081863226,1433.836081863226,1.0007368857256929,0.0004655709926913357
1433.8430264149483,1433.8430264149483,1.000303803421568,0.0004655536200043967
1433.8499709666344,1433.8499709666344,0.9994899723400816,0.0004653716373259443
1433.8569155182824,1433.8569155182824,0.9987622201709581,0.00046530422000924996
1433.8638600698953,1433.8638600698953,1.0006925545954064,0.0004656320571541902
1433.8708046214722,1433.8708046214722,1.0001593122291916,0.00046558270203076997
1433.877749173013,1433.877749173013,1.000209029394524,0.00046560649869964606
1433.8846937245137,1433.8846937245137,1.0001020373319298,0.0004655995375482323
1433.8916382759828,1433.8916382759828,1.0000965940495068,0.0004654891045041804
1433.8985828274128,1433.8985828274128,0.9990854755826648,0.0004654361157170276
1433.9055273788044,1433.9055273788044,1.000189393336207,0.0004656259546012472
1433.9124719301615,1433.9124719301615,1.0005882838117413,0.0004656416072983986
1433.919416481481,1433.919416481481,0.9995140607067198,0.0004654368237626778
1433.9263610327607,1433.9263610327607,1.0007203800231161,0.00046573092524703744
1433.9333055840084,1433.9333055840084,1.0007531472738243,0.00046569856116435843
1433.9402501352174,1433.9402501352174,0.9999730943332233,0.00046554804471176
1433.9471946863878,1433.9471946863878,0.9995526642547519,0.0004654585363421277
1433.9541392375208,1433.9541392375208,0.9996585642096869,0.00046545876103367496
1433.9610837886146,1433.9610837886146,1.0000135099431122,0.00046550298652306866
1433.9680283396744,1433.9680283396744,0.999821997684218,0.00046554261328269643
1433.9749728906925,1433.9749728906925,1.0008783526170344,0.00046571025635922805
1433.98191744168,1433.98191744168,0.9997404898620399,0.00046550957069689677
1433.9888619926237,1433.9888619926237,1.0006671872738326,0.0004656952001494875
1433.9958065435305,1433.9958065435305,1.0004921909072046,0.0004655106064358032
1434.0027510943994,1434.0027510943994,1.000269286167228,0.0004655784304183243
1434.0096956452321,1434.0096956452321,0.9991280775702439,0.00046542294567790383
1434.0166401960246,1434.0166401960246,0.9997828962024415,0.0004654733672391561
1434.0235847467807,1434.0235847467807,1.0006441045219998,0.0004656668117768882
1434.0305292974958,1434.0305292974958,0.9994443029675935,0.0004653719324148775
1434.0374738481762,1434.0374738481762,1.000737587670477,0.0004655913734627478
1434.044418398816,1434.044418398816,0.9987177645346914,0.0004652030367124285
1434.051362949416,1434.051362949416,1.000102087989411,0.0004655520564514234
1434.0583074999818,1434.0583074999818,0.9999642240129047,0.00046543076143134194
1434.065252050506,1434.065252050506,1.0002721329130786,0.0004655004016706109
1434.072196600992,1434.072196600992,1.0006280248733737,0.0004654364757310599
1434.0791411514379,1434.0791411514379,1.0002428081970725,0.00046536852217256037
1434.0860857018445,1434.0860857018445,0.9996694143484495,0.00046531479597295073
1434.0930302522133,1434.0930302522133,0.9999322908419062,0.00046539184154352297
1434.0999748025458,1434.0999748025458,1.000028057910155,0.0004653998352312654
1434.1069193528365,1434.1069193528365,0.9994996312401119,0.0004652940062835861
1434.1138639030876,1434.1138639030876,1.0000652104086099,0.0004654276526674833
1434.1208084532977,1434.1208084532977,1.0005902960523245,0.0004655152297469747
1434.1277530034715,1434.1277530034715,0.9999680981708989,0.0004654331780233875
1434.134697553605,1434.134697553605,0.9999017283958805,0.00046533933394434467
1434.1416421036988,1434.1416421036988,0.9997126703543164,0.00046536745971409693
1434.1485866537503,1434.1485866537503,1.0001597947355823,0.00046548221288064164
1434.1555312037644,1434.1555312037644,0.9999630303127176,0.0004653731344422173
1434.162475753736,1434.162475753736,1.0000293435939176,0.000465366270994787
1434.16942030367,1434.16942030367,1.000027145006797,0.00046543794271083975
1434.1763648535657,1434.1763648535657,0.9998131557866545,0.00046539244713493635
1434.183309403418,1434.183309403418,0.9996816420857609,0.0004654004650592607
1434.190253953233,1434.190253953233,0.9997571042001583,0.0004653184514765953
1434.197198503005,1434.197198503005,1.0004206612546227,0.0004654523306841343
1434.2041430527383,1434.2041430527383,1.0003461098702986,0.00046545951832570407
1434.2110876024276,1434.2110876024276,1.000403279683872,0.0004655189656650921
1434.2180321520786,1434.2180321520786,1.0004066522442674,0.0004655403168972896
1434.224976701691,1434.224976701691,0.998701590533785,0.0004651225446868721
1434.2319212512612,1434.2319212512612,1.0000552586896647,0.00046544397291681147
1434.2388658007876,1434.2388658007876,1.0000098559612607,0.00046541304855250996
1434.2458103502763,1434.2458103502763,1.0009002237622622,0.00046561527564201004
1434.2527548997227,1434.2527548997227,0.9996415269307013,0.00046550258202079356
1434.2596994491284,1434.2596994491284,0.9996643599254341,0.0004654961466506796
1434.2666439984937,1434.2666439984937,0.9994510452055902,0.00046543879269532115
1434.2735885478173,1434.2735885478173,1.0008070933106574,0.0004656774403063859
1434.2805330970964,1434.2805330970964,1.0000251166848118,0.0004655091622663819
1434.2874776463377,1434.2874776463377,1.0000999861909556,0.0004655339405493248
1434.2944221955336,1434.2944221955336,0.9996958659410238,0.00046548982786661904
1434.3013667446903,1434.3013667446903,0.9996048328217235,0.00046547554684515734
1434.3083112938034,1434.3083112938034,1.0003603044541132,0.0004655856652421832
1434.3152558428787,1434.3152558428787,1.0004189903313363,0.00046553893449592307
1434.3222003919063,1434.3222003919063,1.0000667862589512,0.0004654242020044316
1434.3291449408957,1434.3291449408957,0.9991576189293783,0.00046527890570761607
1434.3360894898415,1434.3360894898415,0.999272507371146,0.00046533555493364276
1434.3430340387433,1434.3430340387433,1.0005391060273479,0.000465478871472539
1434.3499785876047,1434.3499785876047,1.0001276570788182,0.00046543608012968333
1434.356923136421,1434.356923136421,1.0008310344082436,0.0004656068073045143
1434.363867685198,1434.363867685198,1.0003764412129754,0.00046542862513107965
1434.3708122339312,1434.3708122339312,0.9998856536938824,0.0004654112068932204
1434.3777567826196,1434.3777567826196,0.9994445697005105,0.00046531848770982353
1434.3847013312657,1434.3847013312657,1.0004467843967677,0.00046545493762776646
1434.3916458798697,1434.3916458798697,0.9995612145360342,0.0004653014879213651
1434.3985904284295,1434.3985904284295,0.999215550966041,0.00046523361091776175
1434.4055349769474,1434.4055349769474,0.9998422550395141,0.0004653060475895214
1434.4124795254202,1434.4124795254202,1.000116831049157,0.000465355727428489
1434.4194240738523,1434.4194240738523,1.0008200951310302,0.00046544846982264745
1434.4263686222391,1434.4263686222391,1.0009860983754375,0.00046542766819465794
1434.4333131705798,1434.4333131705798,0.9999049555576767,0.00046526911300947567
1434.440257718878,1434.440257718878,0.9982802847112209,0.0004650068892754728
1434.4472022671343,1434.4472022671343,1.0002045001232,0.00046534020296976037
1434.4541468153452,1434.4541468153452,0.9995206212593389,0.00046526550050779425
1434.4610913635122,1434.4610913635122,1.0002623582805517,0.0004653830218325306
1434.4680359116344,1434.4680359116344,1.0002639794955115,0.0004653619555897718
1434.4749804597102,1434.4749804597102,0.9998789618701668,0.00046535597548931956
1434.4819250077448,1434.4819250077448,1.000423922846123,0.00046542535821475007
1434.4888695557331,1434.4888695557331,1.0000816670896508,0.00046538996587632984
1434.495814103675,1434.495814103675,0.9991052568414933,0.0004652855439508588
1434.502758651576,1434.502758651576,0.9998728515949485,0.00046537802262083453
1434.5097031994287,1434.5097031994287,1.0002067150064702,0.0004654398872306545
1434.516647747238,1434.516647747238,1.0002129087179619,0.0004654647536277789
1434.5235922950021,1434.5235922950021,1.0000447858408823,0.00046545100355700075
1434.5305368427196,1434.5305368427196,1.0003328890999044,0.0004655540184504832
1434.5374813903934,1434.5374813903934,0.9997345830052872,0.0004654115177021194
1434.5444259380213,1434.5444259380213,1.0005270533784327,0.00046556654025766195
1434.5513704856019,1434.5513704856019,0.9991778390981061,0.0004653447743727503
1434.558315033139,1434.558315033139,1.0000152257326456,0.0004654978425183352
1434.5652595806282,1434.5652595806282,1.0004715861838431,0.00046552774879121087
1434.5722041280737,1434.5722041280737,0.9999862534448818,0.0004655164225736838
1434.5791486754715,1434.5791486754715,0.9999128576035332,0.00046539119376095233
1434.586093222822,1434.586093222822,1.000312171573111,0.00046559489819071717
1434.5930377701263,1434.5930377701263,0.999322120976427,0.0004653486384771314
1434.5999823173856,1434.5999823173856,0.9999579113165675,0.00046558300702730977
1434.6069268645995,1434.6069268645995,1.0006513331315996,0.0004656383304574895
1434.613871411766,1434.613871411766,1.0000518661776776,0.00046547997590827615
1434.6208159588837,1434.6208159588837,0.9993406257160287,0.00046535420930647056
1434.6277605059568,1434.6277605059568,1.0001737056244926,0.0004654129325399511
1434.6347050529819,1434.6347050529819,0.9996649720745037,0.00046540765538996196
1434.6416495999586,1434.6416495999586,1.0001433680691898,0.00046538622969326216
1434.6485941468886,1434.6485941468886,0.9994033001331761,0.00046521063427809394
1434.6555386937712,1434.6555386937712,1.0008003191506054,0.0004654300965950568
1434.662483240607,1434.662483240607,0.9995612229698772,0.00046525351942963917
1434.6694277873949,1434.6694277873949,1.0004686859203806,0.0004653804923188826
1434.6763723341348,1434.6763723341348,1.000382896457404,0.0004653404776663159
1434.6833168808262,1434.6833168808262,1.0004882883174826,0.00046534421671410724
1434.6902614274684,1434.6902614274684,0.999877386774509,0.00046531747093130126
1434.6972059740642,1434.6972059740642,0.9995103204026405,0.00046524293117793304
1434.7041505206118,1434.7041505206118,1.0000112422982732,0.0004652307114320923
1434.7110950671115,1434.7110950671115,0.9995939181348653,0.00046529922576103906
1434.71803961356,1434.71803961356,1.0001797855120853,0.0004654447378929807
1434.7249841599607,1434.7249841599607,1.0006634550941471,0.0004654943881292499
1434.7319287063133,1434.7319287063133,0.999777580538097,0.0004653695156754286
1434.7388732526165,1434.7388732526165,0.9991548352360858,0.00046526550448333865
1434.7458177988717,1434.7458177988717,0.9996379727207593,0.00046522683800229316
1434.7527623450758,1434.7527623450758,0.9997971351363866,0.0004653737424319683
1434.7597068912323,1434.7597068912323,1.0008505759894846,0.0004654341828855756
1434.7666514373373,1434.7666514373373,1.0000662337924444,0.00046544766975584054
1434.7735959833929,1434.7735959833929,0.9999261649877156,0.000465307002995043
1434.7805405294007,1434.7805405294007,1.0003781676385264,0.00046534698234702637
1434.7874850753565,1434.7874850753565,1.000211735022058,0.0004652631678026438
1434.794429621262,1434.794429621262,0.9991052675572796,0.00046517807763317605
1434.8013741671186,1434.8013741671186,1.0002897997446714,0.00046531055027664665
1434.8083187129255,1434.8083187129255,1.0003291559834335,0.00046532742308091093
1434.8152632586814,1434.8152632586814,0.999744736364169,0.0004651661525175513
1434.8222078043866,1434.8222078043866,1.0001760949518936,0.0004653873934703315
1434.829152350039,1434.829152350039,1.0000286576884925,0.00046533831506372515
1434.8360968956426,1434.8360968956426,0.9996292788004398,0.00046512337563310406
1434.8430414411964,1434.8430414411964,0.9996396661933481,0.0004653073766299184
1434.8499859866945,1434.8499859866945,1.0007292547098154,0.00046546080945239547
1434.8569305321453,1434.8569305321453,0.9999576163329318,0.0004653031963501383
1434.8638750775444,1434.8638750775444,1.0001543774440322,0.0004653546849515003
1434.8708196228888,1434.8708196228888,1.0001309004292407,0.0004653023892079856
1434.877764168185,1434.877764168185,0.9999539017405568,0.0004654023750176002
1434.8847087134272,1434.8847087134272,0.9992943452733367,0.00046514436884264866
1434.8916532586186,1434.8916532586186,1.0004922271432755,0.00046542964817363017
1434.8985978037574,1434.8985978037574,0.9987068154917255,0.0004651313808638029
1434.905542348843,1434.905542348843,1.0005400259512833,0.0004654606594291377
1434.9124868938773,1434.9124868938773,1.0008283844075758,0.0004654260243976082
1434.9194314388576,1434.9194314388576,0.9993120496316585,0.0004652824708066427
1434.926375983784,1434.926375983784,1.0000852326093932,0.00046519308983038524
1434.9333205286598,1434.9333205286598,0.9995667200459242,0.0004652958812895798
1434.9402650734828,1434.9402650734828,1.0000066178245952,0.00046533830001395425
1434.9472096182521,1434.9472096182521,1.0002620627099827,0.00046536750302357527
1434.9541541629678,1434.9541541629678,0.9994956650172119,0.00046521587388485017
1434.9610987076294,1434.9610987076294,1.0002298760600898,0.00046531517689220835
1434.9680432522373,1434.9680432522373,1.0007121143979167,0.00046549182487880475
1434.974987796793,1434.974987796793,0.9996824466498089,0.00046521787438088554
1434.9819323412917,1434.9819323412917,0.9995926328842748,0.00046527605579240675
1434.988876885738,1434.988876885738,1.0006845385776175,0.0004654498906958328
1434.9958214301307,1434.9958214301307,0.9994760117551624,0.00046526730516470666
1435.0027659744678,1435.0027659744678,0.9996953593567988,0.0004652810991012106
1435.0097105187497,1435.0097105187497,1.0001173061121134,0.0004653977284315336
1435.016655062979,1435.016655062979,1.0001258623967653,0.0004654407527981438
1435.0235996071503,1435.0235996071503,1.0008426798884142,0.00046550468650151676
1435.0305441512696,1435.0305441512696,1.000239330821628,0.00046534730320717125
1435.0374886953318,1435.0374886953318,0.99934711973219,0.0004652624863524581
1435.0444332393372,1435.0444332393372,0.9992388525364669,0.00046523824596083826
1435.05137778329,1435.05137778329,0.999861391425477,0.00046526550009639287
1435.0583223271835,1435.0583223271835,1.0007023945624716,0.00046539824794939306
1435.0652668710231,1435.0652668710231,0.9990759705004283,0.00046513022973611003
1435.0722114148057,1435.0722114148057,0.9998753509685752,0.0004653036936008999
1435.0791559585332,1435.0791559585332,1.0003741679685825,0.00046533293967765513
1435.0861005022039,1435.0861005022039,1.000870353728939,0.0004654001356253131
1435.0930450458181,1435.0930450458181,0.9999883986401341,0.00046526243317605994
1435.0999895893754,1435.0999895893754,1.0001683947582616,0.0004653790128970681
1435.1069341328773,1435.1069341328773,1.0010045891616641,0.0004655803350145786
1435.1138786763197,1435.1138786763197,0.9994839245616902,0.0004652227596758147
1435.1208232197037,1435.1208232197037,0.9990922010416299,0.00046518614672913126
1435.1277677630321,1435.1277677630321,1.0000305959183327,0.0004654268716977974
1435.1347123063028,1435.1347123063028,0.9996803435523522,0.0004653849345358562
1435.1416568495154,1435.1416568495154,0.9999061167153365,0.00046548829442924695
1435.1486013926722,1435.1486013926722,1.0004661590757506,0.0004656047872171517
1435.1555459357667,1435.1555459357667,1.0001427487260002,0.00046550856111272356
1435.162490478806,1435.162490478806,0.9992871228469046,0.0004653172310701767
1435.1694350217854,1435.1694350217854,1.0002139063664364,0.000465501419309137
1435.1763795647068,1435.1763795647068,0.9996582859603953,0.00046531983564678057
1435.183324107568,1435.183324107568,1.00043777543181,0.0004654484027314108
1435.190268650372,1435.190268650372,0.9995212198458683,0.00046519211365987536
1435.1972131931138,1435.1972131931138,1.000363241386123,0.0004653558733110654
1435.2041577357984,1435.2041577357984,1.0007739927519148,0.0004654280637028034
1435.2111022784227,1435.2111022784227,0.9996501323461704,0.00046518364451572707
1435.2180468209876,1435.2180468209876,0.9994507870471991,0.00046523360585875635
1435.2249913634928,1435.2249913634928,1.0002151635839598,0.0004653566466193474
1435.2319359059366,1435.2319359059366,0.9997227351008174,0.0004652309593845487
1435.238880448321,1435.238880448321,1.0000731556929965,0.0004653243666310209
1435.2458249906456,1435.2458249906456,0.9997668951155279,0.0004652252925285858
1435.2527695329063,1435.2527695329063,0.9999174648784328,0.0004653510940329215
1435.2597140751088,1435.2597140751088,0.9995106199099586,0.00046529746942289426
1435.2666586172486,1435.2666586172486,1.0003595167764427,0.0004654683662707195
1435.2736031593286,1435.2736031593286,0.9993201263227165,0.0004652359608737348
1435.2805477013467,1435.2805477013467,0.9996866488495968,0.0004652560074962465
1435.287492243303,1435.287492243303,1.000496591502396,0.00046547378979848485
1435.2944367851967,1435.2944367851967,1.0001508794880576,0.00046539773619890066
1435.30138132703,1435.30138132703,0.9997897262581091,0.0004652902785295965
1435.3083258687989,1435.3083258687989,0.9998646620665443,0.0004653298540656323
1435.3152704105064,1435.3152704105064,1.0003071937982866,0.0004653774674376077
1435.3222149521498,1435.3222149521498,1.0000495065259725,0.00046535082254074754
1435.329159493731,1435.329159493731,0.9993072909693451,0.0004651612102651866
1435.336104035248,1435.336104035248,0.9997365191350831,0.00046536835628618303
1435.343048576704,1435.343048576704,1.0003955205324735,0.0004653704295447903
1435.3499931180977,1435.3499931180977,1.0003079666821946,0.0004654573319245859
1435.3569376594255,1435.3569376594255,1.000440726500052,0.0004653430010768394
1435.3638822006892,1435.3638822006892,1.0000190327596201,0.00046532957611279636
1435.3708267418888,1435.3708267418888,0.999569960262469,0.0004652336324822043
1435.3777712830247,1435.3777712830247,1.0000344514261832,0.00046532875695705036
1435.384715824095,1435.384715824095,1.0002855406131006,0.0004654734644438806
1435.3916603651014,1435.3916603651014,0.9998473103268388,0.00046534173268783844
1435.3986049060436,1435.3986049060436,1.000102171557176,0.0004653999545290397
1435.405549446916,1435.405549446916,0.999246317781003,0.000465153133915955
1435.4124939877288,1435.4124939877288,1.0001912775051345,0.00046541925008521
1435.419438528473,1435.419438528473,1.0006629649061622,0.00046558661773841097
1435.426383069152,1435.426383069152,1.0006352349906877,0.0004655969180540922
1435.4333276097655,1435.4333276097655,0.9998615237499155,0.00046531081971171287
1435.4402721503131,1435.4402721503131,1.0000014672629898,0.0004653763526169429
1435.447216690793,1435.447216690793,1.0000363064212716,0.0004654772074569407
1435.4541612312069,1435.4541612312069,0.9995579682977465,0.00046536474808455753
1435.4611057715551,1435.4611057715551,1.0006922984867586,0.000465518531116764
1435.4680503118338,1435.4680503118338,0.9998946462482268,0.00046547175925992405
1435.4749948520475,1435.4749948520475,0.9997906852284293,0.00046535176809814354
1435.4819393921907,1435.4819393921907,0.9999911775824792,0.00046537499787282783
1435.4888839322687,1435.4888839322687,1.0002128855924295,0.0004655036846400098
1435.495828472278,1435.495828472278,1.0004534196483519,0.00046557429636044786
1435.5027730122176,1435.5027730122176,0.9994318652459615,0.0004654059765774497
1435.509717552089,1435.509717552089,0.9991501766608479,0.0004652857051393
1435.516662091893,1435.516662091893,1.000667494192199,0.00046544621462733094
1435.523606631628,1435.523606631628,0.9997279582197525,0.0004653322844466238
1435.5305511712952,1435.5305511712952,1.000126590835227,0.0004654176231951736
1435.53749571089,1435.53749571089,1.0000960584555092,0.0004653980298772539
1435.5444402504163,1435.5444402504163,0.9997718391196158,0.0004652891630445016
1435.5513847898726,1435.5513847898726,0.9999589989013332,0.00046542977513320936
1435.558329329257,1435.558329329257,1.0001198809483998,0.00046534221740289207
1435.5652738685749,1435.5652738685749,1.0002468640516748,0.0004653741247322934
1435.5722184078202,1435.5722184078202,1.0003806150035879,0.00046532440086586067
1435.579162946993,1435.579162946993,0.9997941496049938,0.0004653019402486573
1435.586107486096,1435.586107486096,1.0003267875976822,0.000465460874019331
1435.5930520251304,1435.5930520251304,0.9995366157341842,0.0004651504418930295
1435.5999965640908,1435.5999965640908,1.0001779382740437,0.0004653876160007604
1435.6069411029785,1435.6069411029785,0.9998969971338333,0.00046530302529368634
1435.6138856417977,1435.6138856417977,1.0001900594934847,0.0004653618052499462
1435.620830180541,1435.620830180541,0.9995646780271444,0.0004652150920164077
1435.6277747192116,1435.6277747192116,0.9999739165499412,0.00046538919377308067
1435.6347192578096,1435.6347192578096,0.9993386434587231,0.0004651036248685777
1435.641663796338,1435.641663796338,1.0002817526289984,0.0004653148104232249
1435.64860833479,1435.64860833479,0.9998440073290065,0.00046518501033311345
1435.6555528731699,1435.6555528731699,1.0006379677967456,0.00046538261572968325
1435.6624974114736,1435.6624974114736,1.000025119881864,0.0004652934849815
1435.6694419497082,1435.6694419497082,1.0002685380572602,0.000465407120560297
1435.6763864878635,1435.6763864878635,1.0001636295638199,0.0004652881857393703
1435.6833310259476,1435.6833310259476,0.9999678136735042,0.00046518810125562385
1435.6902755639562,1435.6902755639562,0.9998221523100149,0.0004652911883177836
1435.697220101885,1435.697220101885,1.0003135880913272,0.00046537478812230126
1435.7041646397452,1435.7041646397452,0.9994042721342856,0.00046524416866319937
1435.7111091775269,1435.7111091775269,0.9995540888807867,0.00046520398418151084
1435.7180537152326,1435.7180537152326,1.0003330494908114,0.000465389492768708
1435.7249982528629,1435.7249982528629,1.0003083806464832,0.0004654444019090647
1435.7319427904163,1435.7319427904163,0.999972201714699,0.00046541297852445125
1435.7388873278935,1435.7388873278935,1.0003320522318664,0.00046545508542099513
1435.7458318652925,1435.7458318652925,0.999319547531244,0.0004652673942947526
1435.752776402617,1435.752776402617,1.0005316198848768,0.0004654319879386696
1435.7597209398616,1435.7597209398616,1.0002057636983215,0.0004654215803695038
1435.7666654770305,1435.7666654770305,1.0006434284640238,0.0004654769553380936
1435.7736100141185,1435.7736100141185,0.9993931748976281,0.0004652999946917739
1435.7805545511303,1435.7805545511303,1.00033875785519,0.00046550789940449217
1435.7874990880646,1435.7874990880646,1.0000000265313618,0.0004653137547548897
1435.7944436249177,1435.7944436249177,0.9997548714903035,0.00046532753011328755
1435.8013881616937,1435.8013881616937,1.0002187911657459,0.00046527510107988385
1435.8083326983883,1435.8083326983883,0.9998195877843663,0.000465397443888103
1435.8152772350059,1435.8152772350059,0.999681487628927,0.0004652783127738327
1435.82222177154,1435.82222177154,0.999521065696096,0.00046530106980107724
1435.8291663079976,1435.8291663079976,1.000675577649478,0.00046540949889494555
1435.8361108443737,1435.8361108443737,0.9997182452806751,0.0004651972106681667
1435.843055380668,1435.843055380668,1.0011983382220924,0.00046542683762166497
1435.8499999168823,1435.8499999168823,0.9989793249587535,0.00046507992742108337
1435.8569444530137,1435.8569444530137,1.000692455379537,0.00046537177943301717
1435.863888989065,1435.863888989065,0.999892120599152,0.00046516916575258004
1435.8708335250335,1435.8708335250335,0.9998728110821027,0.0004651731172573251
1435.8777780609205,1435.8777780609205,1.0000793577535723,0.00046518567999057926
1435.884722596726,1435.884722596726,0.9992612613462464,0.00046516245750514415
1435.8916671324484,1435.8916671324484,1.000620758920371,0.00046538812375820254
1435.8986116680867,1435.8986116680867,1.0000849317728835,0.00046524555464022295
1435.9055562036403,1435.9055562036403,1.0000278908036557,0.0004652725001201661
1435.912500739114,1435.912500739114,0.9998182634645059,0.0004652869557479693
1435.9194452745032,1435.9194452745032,0.9997573857780921,0.0004651928734105817
1435.9263898098066,1435.9263898098066,1.0004530188783831,0.0004653409840547582
1435.9333343450242,1435.9333343450242,0.9994049107326815,0.00046523461500984803
1435.9402788801601,1435.9402788801601,0.9998971160747692,0.0004653148855667792
1435.9472234152108,1435.9472234152108,1.0008930445675612,0.0004654299483511473
1435.9541679501733,1435.9541679501733,0.9996612319287287,0.0004651797320194428
1435.9611124850503,1435.9611124850503,0.9999731790860846,0.00046536446056591886
1435.9680570198448,1435.9680570198448,1.0001568082663748,0.00046530508793778846
1435.9750015545499,1435.9750015545499,1.0000750181503295,0.0004652194829896696
1435.9819460891692,1435.9819460891692,0.999548990906467,0.0004652399376059098
1435.9888906237024,1435.9888906237024,1.0000334529057373,0.0004652891009025918
1435.9958351581477,1435.9958351581477,0.9998427676100873,0.00046526869535124345
1436.0027796925056,1436.0027796925056,0.9999800380039,0.00046528741762845514
1436.009724226777,1436.009724226777,1.0003361622323876,0.00046540920374248796
1436.0166687609594,1436.0166687609594,0.9999867009936516,0.00046523326123190537
1436.023613295054,1436.023613295054,0.9994958723448978,0.0004651669186958732
1436.030557829058,1436.030557829058,0.9998560826035868,0.0004651783529843012
1436.037502362976,1436.037502362976,1.0004525446296824,0.00046533342522477836
1436.044446896801,1436.044446896801,1.0004756114544728,0.0004653060625566264
1436.0513914305386,1436.0513914305386,0.9998819643661172,0.0004653085217847283
1436.0583359641876,1436.0583359641876,0.9998352307046176,0.0004652875704108203
1436.0652804977444,1436.0652804977444,1.0005406008015933,0.0004653412759797938
1436.0722250312112,1436.0722250312112,1.0001244875288724,0.00046535364593631903
1436.079169564587,1436.079169564587,0.9990250184961903,0.0004650375929876982
1436.0861140978723,1436.0861140978723,1.0000632420562012,0.0004652255229987197
1436.0930586310656,1436.0930586310656,0.9998504634490539,0.00046528565239587605
1436.1000031641684,1436.1000031641684,1.0001270875220802,0.0004653028084518313
1436.1069476971797,1436.1069476971797,1.0001961181891814,0.0004653843813902729
1436.1138922300956,1436.1138922300956,0.9994908358676666,0.0004653702082579986
1436.1208367629206,1436.1208367629206,1.0006764946695497,0.0004658792409838847
1436.127781295654,1436.127781295654,1.0001616750482378,0.0004660192978537604
1436.1347258282933,1436.1347258282933,0.9998139172379752,0.0004665437925149043
1436.1416703608377,1436.1416703608377,1.0010762243252582,0.0004672551592515538
1436.1486148932886,1436.1486148932886,0.9997448986913458,0.0004678479632598107
1436.1555594256454,1436.1555594256454,1.0001889794326684,0.0004689896592847146
1436.1625039579103,1436.1625039579103,0.9994290639023481,0.00047003631430784907
1436.1694484900763,1436.1694484900763,0.9998252848249928,0.00047141771833760415
1436.1763930221505,1436.1763930221505,0.9992262726040068,0.0004727475784662145
1436.183337554129,1436.183337554129,1.0006521755238373,0.00047465244597514196
1436.1902820860098,1436.1902820860098,1.0004157688058275,0.00047622263272892784
1436.1972266177988,1436.1972266177988,1.0006634574309223,0.0004779975505418806
1436.2041711494876,1436.2041711494876,0.9995961453209056,0.00047963530589249835
1436.2111156810818,1436.2111156810818,0.9999441375296676,0.0004815743256577654
1436.2180602125754,1436.2180602125754,0.9998381931246513,0.0004835728820599936
1436.2250047439775,1436.2250047439775,0.9998845988795605,0.00048565514531719674
1436.2319492752792,1436.2319492752792,0.9995647665387949,0.00048757873223210385
1436.238893806483,1436.238893806483,1.0004127984164841,0.0004897332972431674
1436.2458383375883,1436.2458383375883,1.0003486163664346,0.000491767710631978
1436.2527828685966,1436.2527828685966,1.000630530222743,0.0004938297450873767
1436.2597273995066,1436.2597273995066,0.9990313052101758,0.0004955928713036757
1436.266671930316,1436.266671930316,0.9996111204883921,0.0004975176129310683
1436.273616461027,1436.273616461027,0.9992641080424592,0.0004992730910851605
1436.280560991639,1436.280560991639,1.0001322221257365,0.0005010046586758478
1436.2875055221502,1436.2875055221502,0.9996997481598774,0.0005025449254780218
1436.2944500525628,1436.2944500525628,1.0000853788516832,0.0005041864668969141
1436.3013945828736,1436.3013945828736,1.0003671961422775,0.0005058341823129499
1436.3083391130854,1436.3083391130854,1.0002776595322902,0.0005071630263965665
1436.315283643195,1436.315283643195,1.0006543093031097,0.0005086569454428438
1436.3222281732044,1436.3222281732044,0.9996022576496969,0.0005099624452721496
1436.3291727031135,1436.3291727031135,0.9990884047914236,0.0005112006572873477
1436.336117232918,1436.336117232918,1.0003237987933005,0.0005127969181617456
1436.343061762623,1436.343061762623,1.0006325708785737,0.0005140239918505163
1436.3500062922249,1436.3500062922249,0.9997120497101267,0.0005150355965391334
1436.3569508217238,1436.3569508217238,0.9994473354418565,0.0005163037194652247
1436.363895351122,1436.363895351122,1.0008275177071027,0.0005176813481106026
1436.370839880414,1436.370839880414,1.0007076713117242,0.0005188329347284658
1436.3777844096044,1436.3777844096044,0.9997659052348556,0.0005199553115451084
1436.384728938694,1436.384728938694,0.999776548628246,0.0005211318189819793
1436.3916734676761,1436.3916734676761,0.9995862078381679,0.0005220897718784851
1436.3986179965561,1436.3986179965561,1.0006408416250188,0.0005235058675885075
1436.4055625253316,1436.4055625253316,1.0006081952932775,0.0005245084884243358
1436.4125070540035,1436.4125070540035,1.0007137407585607,0.0005256293291967264
1436.4194515825711,1436.4194515825711,0.9995144817793603,0.0005265547431785003
1436.4263961110319,1436.4263961110319,1.000675192974833,0.000527946580803087
1436.4333406393898,1436.4333406393898,1.0003714203663223,0.0005290872590960885
1436.4402851676418,1436.4402851676418,0.9994389036670895,0.00053025619943958
1436.4472296957897,1436.4472296957897,0.9998272482782529,0.0005315109385568666
1436.4541742238303,1436.4541742238303,1.0002437843505956,0.0005330007720546778
1436.4611187517662,1436.4611187517662,0.9999767321319186,0.0005342097397959901
1436.4680632795958,1436.4680632795958,1.001085980547672,0.0005355302429925613
1436.475007807319,1436.475007807319,1.0002537943618757,0.0005367821342555509
1436.4819523349365,1436.4819523349365,0.9995487032807933,0.0005376791734368198
1436.4888968624468,1436.4888968624468,1.0005588126966862,0.0005390393944342012
1436.4958413898516,1436.4958413898516,0.9993873345569655,0.0005401108589192011
1436.50278591715,1436.50278591715,0.999820777140658,0.0005413617644349174
1436.5097304443439,1436.5097304443439,1.00020881353496,0.0005425278840914211
1436.516674971427,1436.516674971427,1.0011863592277759,0.0005436707606585016
1436.523619498405,1436.523619498405,0.9997665358632695,0.0005445221002254206
1436.530564025277,1436.530564025277,0.9996809332797705,0.0005455655931887372
1436.5375085520373,1436.5375085520373,0.9997349296775665,0.0005464804079969
1436.544453078695,1436.544453078695,0.999462435612414,0.0005473607251237135
1436.551397605244,1436.551397605244,1.0002411535132494,0.0005483803983022595
1436.5583421316855,1436.5583421316855,1.0004031989659796,0.0005491694967193916
1436.565286658019,1436.565286658019,0.999673136089655,0.0005497873820486894
1436.5722311842435,1436.5722311842435,0.9999422075853743,0.0005505073986195993
1436.5827868638255,1436.5827868638255,1.0007872813813588,0.000551375714186574
1436.6041760035052,1436.6041760035052,1.0003231329576197,0.0005529402415096812
1436.6111205291288,1436.6111205291288,1.0010264910169824,0.000553481728431565
1436.6180650546476,1436.6180650546476,1.0002645039006015,0.0005539466275021929
1436.6250095800585,1436.6250095800585,0.9996903418368301,0.0005544629371669584
1436.631954105362,1436.631954105362,1.0009480727171869,0.0005551745533592181
1436.6388986305606,1436.6388986305606,0.9998668961948777,0.0005556952282997086
1436.6458431556487,1436.6458431556487,0.9999172688128564,0.0005563480015856297
1436.6527876806317,1436.6527876806317,1.0003002579749993,0.0005572934105027956
1436.65973220551,1436.65973220551,0.999321387429649,0.0005579648967499252
1436.6666767302777,1436.6666767302777,0.9994093846284168,0.0005589676292286733
1436.6736212549442,1436.6736212549442,0.9991733434015027,0.0005600948841275074
1436.6805657794991,1436.6805657794991,0.9996199655231122,0.0005613461105920124
1436.6875103039524,1436.6875103039524,0.998781668894396,0.0005626242324216592
1436.694454828299,1436.694454828299,0.9992564439243032,0.0005641309728954271
1436.7013993525368,1436.7013993525368,0.9998563760856829,0.0005657963611260975
1436.7083438766729,1436.7083438766729,0.9988637090664397,0.000567488446306776
1436.7152884007016,1436.7152884007016,0.9995015517458914,0.0005693861492427194
1436.7341775054635,1436.7341775054635,1.0004333501350158,0.0005746521750336882
1436.7513999239923,1436.7513999239923,1.0003712600926504,0.000579055569814675
1436.7583444473835,1436.7583444473835,1.0008534262723008,0.0005809859714518069
1436.7652889706728,1436.7652889706728,0.998436243241623,0.00058263699187715
1436.772233493863,1436.772233493863,1.0004682343920182,0.0005850438612577285
1436.7791780169514,1436.7791780169514,0.9996638732776992,0.0005870385783808054
1436.7861225399386,1436.7861225399386,0.9996750044065685,0.0005892049158807437
1436.793067062826,1436.793067062826,1.0000806232192727,0.0005915556206994597
1436.8000115856148,1436.8000115856148,0.9998585131028523,0.0005940944662122476
1436.8069561083107,1436.8069561083107,0.998694011107055,0.000596620725823146
1436.8139006309043,1436.8139006309043,0.9998051099032128,0.0005991411688405057
1436.820845153402,1436.820845153402,0.9997536254527681,0.0006018654454219235
1436.82778967581,1436.82778967581,0.9996405503449399,0.0006047388769708932
1436.8347341981123,1436.8347341981123,1.000371212421863,0.0006074311169256922
1436.841678720331,1436.841678720331,0.9998700136803242,0.0006100274371913182
1437.9944696563823,1437.9944696563823,1.0001837436101577,0.0008154171444332368
1438.001414204407,1438.001414204407,1.0005962681975882,0.0008148810112786296
1438.0083587527026,1438.0083587527026,0.9997889684702169,0.0008134908029541431
1438.0153033012687,1438.0153033012687,1.000025813940894,0.0008119899562803541
1438.0222478500993,1438.0222478500993,0.999516320486476,0.000810369392080915
1438.0291923991954,1438.0291923991954,1.0003275067852404,0.0008099517246761866
1438.0361369485558,1438.0361369485558,0.9993019237164742,0.000808627664434117
1438.043081498178,1438.043081498178,0.9990144749060287,0.0008075697677423421
1438.0500260480544,1438.0500260480544,0.9994923041098783,0.000806237011560146
1438.056970598183,1438.056970598183,0.9997969693956822,0.0008050838587586911
1438.0639151485682,1438.0639151485682,1.0001541161423417,0.0008051390488135596
1438.0708596992035,1438.0708596992035,0.9998554740590684,0.0008027295459311588
1438.0778042500806,1438.0778042500806,1.0002019800430213,0.0008022193032211397
1438.0847488012048,1438.0847488012048,1.0003529972861531,0.0008011202436727288
1438.0916933525652,1438.0916933525652,1.0005643165201987,0.0007996938681649416
1438.0986379041722,1438.0986379041722,0.9996735355634533,0.0007988987661253988
1438.1055824560099,1438.1055824560099,1.000033735867163,0.0007974000881058487
1438.112527008083,1438.112527008083,1.000574249215027,0.0007966006011553655
1438.11947156038,1438.11947156038,0.9994864145165044,0.0007957205295842202
1438.1264161129159,1438.1264161129159,0.9998223331637586,0.0007942787006623377
1438.1333606656729,1438.1333606656729,0.9994633440764051,0.0007952250606803309
1438.140305218648,1438.140305218648,0.9994595149311412,0.0007932015197028318
1438.147249771851,1438.147249771851,1.0002916176378684,0.0007928982213013674
1438.1541943252682,1438.1541943252682,0.9994579067457836,0.0007912697515350592
1438.1611388788983,1438.1611388788983,1.0007121057410764,0.0007905565738392474
1438.168083432747,1438.168083432747,0.9998355397322459,0.0007909885624982127
1438.1750279868018,1438.1750279868018,1.0000234898200193,0.0007888060934938045
1438.181972541061,1438.181972541061,1.000091603785671,0.0007886981474342268
1438.1889170955262,1438.1889170955262,1.0004621547851305,0.0007877547063185623
1438.1958616501984,1438.1958616501984,1.000163582805898,0.0007867469906549061
1438.2028062050715,1438.2028062050715,1.0001164284829425,0.0007858254430074896
1438.2097507601388,1438.2097507601388,0.9993316564468259,0.0007863250252405427
1438.216695315399,1438.216695315399,0.9994127844983025,0.0007850299934004967
1438.223639870857,1438.223639870857,0.9997633285570616,0.0007847277852125261
1438.2305844265038,1438.2305844265038,1.00133009053932,0.0007840953106404005
1438.2375289823376,1438.2375289823376,0.9996321177448863,0.0007832848146196681
1438.2444735383626,1438.2444735383626,1.0003058562743745,0.0007834515078804151
1438.251418094566,1438.251418094566,0.9998685605975061,0.0007830333987910558
1438.258362650949,1438.258362650949,0.9997389948721083,0.000781633368976495
1438.2653072075127,1438.2653072075127,0.9996579570949053,0.0007804376792589465
1438.2722517642544,1438.2722517642544,1.0001379994081265,0.0007808979613645713
1438.27919632117,1438.27919632117,0.9996488976865712,0.0007799217790733668
1438.286140878258,1438.286140878258,0.9998219464206037,0.0007794946555295809
1438.293085435515,1438.293085435515,1.0007671663567703,0.0007788096757525195
1438.3000299929397,1438.3000299929397,0.9997502823388299,0.0007789758248519772
1438.3069745505313,1438.3069745505313,1.0002491136476137,0.0007781229686248739
1438.313919108282,1438.313919108282,1.0010255097968201,0.0007780623489832283
1438.3208636661993,1438.3208636661993,1.0000447452780084,0.0007784543537779283
1438.327808224271,1438.327808224271,1.000047197431516,0.0007784076742985013
1438.3347527825022,1438.3347527825022,1.0000318859529478,0.0007783507730642215
1438.3416973408907,1438.3416973408907,1.000046256446863,0.0007771287823454968
1438.3486418994253,1438.3486418994253,1.0001025400807801,0.0007767064607459447
1438.3555864581194,1438.3555864581194,0.999192909064065,0.0007764593439061383
1438.3625310169596,1438.3625310169596,0.999658609305847,0.0007759311450085575
1438.3694755759443,1438.3694755759443,0.9999492569756443,0.0007765272537609598
1438.3764201350753,1438.3764201350753,1.0001011859574453,0.0007770009102117886
1438.3833646943515,1438.3833646943515,0.9998496024821787,0.0007752990164560167
1438.390309253773,1438.390309253773,1.0003925676726866,0.0007753649965859631
1438.3972538133262,1438.3972538133262,1.0006646032505249,0.000775645456724438
1438.4041983730183,1438.4041983730183,1.0004715832506346,0.0007758526439132299
1438.411142932848,1438.411142932848,0.9990786558532758,0.0007756419020353503
1438.418087492811,1438.418087492811,0.9992316705955364,0.0007754348936442275
1438.425032052914,1438.425032052914,1.000469291654016,0.0007752011681768827
1438.4319766131362,1438.4319766131362,1.00020362205038,0.0007756506966453081
1438.438921173492,1438.438921173492,1.000025888437572,0.0007754844987050716
1438.4458657339762,1438.4458657339762,1.00029079147564,0.0007758537513469498
1438.4528102945824,1438.4528102945824,1.0003174236056556,0.0007750137526786005
1438.4597548553115,1438.4597548553115,1.0000363318117294,0.0007749307626534272
1438.4666994161676,1438.4666994161676,0.9994081161443414,0.0007750463706841386
1438.4736439771407,1438.4736439771407,0.9993036367580158,0.000774969773962497
1438.4805885382334,1438.4805885382334,1.0002498170069596,0.0007753679610090997
1438.4875330994419,1438.4875330994419,0.9999375337711391,0.0007752258935225863
1438.494477660767,1438.494477660767,0.9999688016319815,0.0007753931662656714
1438.5014222222062,1438.5014222222062,1.0005626327956219,0.0007754186224657665
1438.5083667837582,1438.5083667837582,1.0001892477298766,0.0007752334215786629
1438.515311345421,1438.515311345421,1.0010881525229791,0.0007754856834489396
1438.5222559071917,1438.5222559071917,0.9986123201181533,0.0007758313362629589
1438.529200469073,1438.529200469073,1.000072604384626,0.00077542526307315
1438.5361450310552,1438.5361450310552,0.9990975006193006,0.000774864111029661
1438.543089593152,1438.543089593152,1.0000157994130012,0.0007752612204011751
1438.5500341553445,1438.5500341553445,1.000837088517511,0.0007751432930950422
1438.5569787176387,1438.5569787176387,1.00028490130312,0.0007748732140949056
1438.5639232800438,1438.5639232800438,1.0007295868915023,0.0007751375480131688
1438.5708678425394,1438.5708678425394,0.9987458265074804,0.0007758253511580113
1438.5778124051305,1438.5778124051305,0.9996649735596905,0.00077473537028903
1438.5847569678265,1438.5847569678265,1.0014007163935332,0.0007756449387025502
1438.5917015306154,1438.5917015306154,0.9993041459159123,0.0007749006203940503
1438.598646093495,1438.598646093495,1.0001958390337788,0.0007745848593701694
1438.6055906564702,1438.6055906564702,0.999692245630496,0.0007749360452148415
1438.6125352195418,1438.6125352195418,1.000803057053122,0.0007748847740759935
1438.6194797826945,1438.6194797826945,1.0003569831708026,0.000775321112335282
1438.6264243459407,1438.6264243459407,1.0003088485118359,0.000775979431271272
1438.6333689092744,1438.6333689092744,0.9999860934260569,0.000775424331214611
1438.6403134726977,1438.6403134726977,0.999918889272144,0.0007766324056762407
1438.6472580362029,1438.6472580362029,0.9999758886758269,0.0007751171238730201
1438.6542025997956,1438.6542025997956,0.99975038826594,0.0007755575506678768
1438.6611471634692,1438.6611471634692,0.9995172105262846,0.0007744168828930913
1438.6680917272247,1438.6680917272247,0.9998610524164337,0.000774578412849717
1438.6750362910618,1438.6750362910618,1.000638663930912,0.000775354729415693
1438.6819808549767,1438.6819808549767,0.9999145946919104,0.0007747574730956735
1438.6889254189741,1438.6889254189741,1.0010625762472758,0.0007752451572565128
1438.6958699830464,1438.6958699830464,0.9995344817524074,0.0007749331645341057
1438.702814547192,1438.702814547192,0.9998994124495768,0.0007764278455657192
1438.709759111419,1438.709759111419,0.9999519156878464,0.000775209876134701
1438.7167036757244,1438.7167036757244,1.0002548900325066,0.0007760410718270236
1438.7236482400936,1438.7236482400936,0.9995691905175997,0.0007743046304320095
1438.7305928045391,1438.7305928045391,0.9992529610156581,0.0007752223468010692
1438.7375373690538,1438.7375373690538,1.0000847966468436,0.0007746380083417521
1438.7444819336417,1438.7444819336417,1.0007817642039762,0.0007754653812504901
1438.7514264982992,1438.7514264982992,1.0002035996776015,0.0007744826349450984
1438.7583710630238,1438.7583710630238,0.9998467679329943,0.000775215243159002
1438.7653156278186,1438.7653156278186,0.999975595302061,0.0007755992387606028
1438.7722601926766,1438.7722601926766,0.9998329892314946,0.0007741187668922389
1438.7792047576022,1438.7792047576022,1.000003547076463,0.0007755562391213884
1438.7861493225914,1438.7861493225914,0.999911840860771,0.0007747568712610441
1438.793093887648,1438.793093887648,0.9996152334988556,0.0007751252380096806
1438.8000384527625,1438.8000384527625,0.9995678816850695,0.0007752044492410492
1438.8069830179438,1438.8069830179438,1.0007793310748672,0.0007753749537315828
1438.8139275831836,1438.8139275831836,1.0000410307878078,0.0007749364689965089
1438.8208721484873,1438.8208721484873,0.9996431883088114,0.0007745810980076748
1438.8278167138437,1438.8278167138437,0.9995792914104126,0.0007753670588023106
1438.8347612792663,1438.8347612792663,0.9999480232522501,0.0007747799323832276
1438.8417058447392,1438.8417058447392,1.0003988854034813,0.0007746754543676493
1438.8486504102725,1438.8486504102725,1.0001537949141868,0.0007742840850810169
1438.8555949758647,1438.8555949758647,0.9996992328397519,0.0007757651122986759
1438.8625395415088,1438.8625395415088,1.000401209915541,0.0007750654954712106
1438.8694841072113,1438.8694841072113,1.0010187612572063,0.0007745922965909446
1438.8764286729634,1438.8764286729634,1.000158681715455,0.000774721587936416
1438.8833732387734,1438.8833732387734,0.9995714507538465,0.0007754773744371509
1438.890317804633,1438.890317804633,0.9990535039440711,0.0007744477119596622
1438.897262370548,1438.897262370548,0.9995191061337841,0.0007750348101403552
1438.9042069365064,1438.9042069365064,1.0000542983601637,0.0007748472935156425
1438.9111515025202,1438.9111515025202,1.0008259613254498,0.0007755144213850147
1438.9180960685808,1438.9180960685808,0.9999372767524297,0.0007748563852036369
1438.9250406346935,1438.9250406346935,1.0002387940273263,0.0007755478995401278
1438.9319852008532,1438.9319852008532,0.9999290367001139,0.0007754779662518639
1438.9389297670562,1438.9389297670562,1.0005140977675522,0.0007749234469001008
1438.9458743333144,1438.9458743333144,1.0007797070411457,0.0007751909210592183
1438.9528188996107,1438.9528188996107,1.0000185926695484,0.0007751341190408693
1438.959763465953,1438.959763465953,1.0000411532822109,0.000774808084403609
1438.9667080323457,1438.9667080323457,0.9992078530540247,0.0007742426663920888
1438.9736525987812,1438.9736525987812,1.0007468943278839,0.0007748177715304193
1438.980597165258,1438.980597165258,0.9996772269642997,0.0007752816825879535
1438.987541731775,1438.987541731775,0.999607832661329,0.0007752426617305033
1438.9944862983361,1438.9944862983361,0.9997775844475362,0.0007748531140616569
1439.0014308649438,1439.0014308649438,1.0000067212449548,0.0007755729633450041
1439.0083754315865,1439.0083754315865,1.0005010996946402,0.0007750632843648979
1439.0153199982726,1439.0153199982726,1.0005542998405472,0.0007751383862943453
1439.0222645649997,1439.0222645649997,0.9999891274674086,0.0007750207176634848
1439.0292091317613,1439.0292091317613,0.9998950451211621,0.0007749862049898056
1439.0361536985667,1439.0361536985667,0.9999374309117661,0.0007753024342406552
1439.0430982654045,1439.0430982654045,1.0000214065327566,0.0007765141385705892
1439.0500428322853,1439.0500428322853,0.9996055571842591,0.0007752104356246827
1439.0569873992015,1439.0569873992015,0.9997583330305737,0.0007754478219121521
1439.0639319661498,1439.0639319661498,1.0001005278901123,0.0007741406289412775
1439.0708765331383,1439.0708765331383,1.0000552796443891,0.0007748577012040554
1439.0778211001652,1439.0778211001652,1.00001898503513,0.0007750994185760081
1439.0847656672208,1439.0847656672208,0.9994372585548105,0.0007747155609451181
1439.0917102343114,1439.0917102343114,1.0002544817757626,0.0007752927594849693
1439.0986548014403,1439.0986548014403,1.0004080418035848,0.0007751921646928868
1439.1055993686007,1439.1055993686007,1.0003133028803162,0.0007754164666706985
1439.1125439357904,1439.1125439357904,1.0003358079610822,0.000774583084642284
1439.1194885030152,1439.1194885030152,1.0000617380828694,0.0007751611825793522
1439.1264330702745,1439.1264330702745,0.9997106585764117,0.000775765700613023
1439.1333776375607,1439.1333776375607,0.9994355302212321,0.0007748801548657662
1439.140322204878,1439.140322204878,1.0003182059194204,0.0007760515426372049
1439.1472667722278,1439.1472667722278,0.9987701330008862,0.000774774600193504
1439.1542113396067,1439.1542113396067,1.0004229695321363,0.0007744675592426633
1439.1611559070145,1439.1611559070145,0.9999713222206121,0.0007749517205134404
1439.1681004744544,1439.1681004744544,1.0001686291871246,0.0007747178197943241
1439.175045041915,1439.175045041915,1.000243640231968,0.0007748009455629457
1439.1819896094098,1439.1819896094098,0.9999570741506411,0.0007747594273737071
1439.1889341769343,1439.1889341769343,0.999716277974786,0.0007746324072246383
1439.1958787444794,1439.1958787444794,0.9999077238220542,0.000775806610159596
1439.2028233120557,1439.2028233120557,0.9997865797792702,0.0007752070612325327
1439.2097678796558,1439.2097678796558,1.0008893459290535,0.0007755884602022085
1439.2167124472876,1439.2167124472876,0.9994781675949692,0.0007744880771939424
1439.2236570149348,1439.2236570149348,0.9998717661951311,0.0007756908315037175
1439.2306015826161,1439.2306015826161,0.9991797449661914,0.0007757724645174248
1439.237546150321,1439.237546150321,0.9997596118372787,0.0007752563264816304
1439.2444907180432,1439.2444907180432,1.0006222918120855,0.0007745081687921833
1439.2514352857947,1439.2514352857947,1.0004666786790415,0.0007750622863893779
1439.258379853572,1439.258379853572,0.9996817720747266,0.0007750873509496205
1439.2653244213675,1439.2653244213675,1.0005224387249902,0.0007747051755521205
1439.2722689891882,1439.2722689891882,0.999960494429563,0.0007752524743632257
1439.2792135570328,1439.2792135570328,1.000023123526868,0.0007745095987105547
1439.2861581248976,1439.2861581248976,0.9998636763036733,0.0007747954629340405
1439.293102692783,1439.293102692783,0.999758597301762,0.0007753105707377064
1439.3000472606886,1439.3000472606886,1.000311827483344,0.0007745997817769762
1439.3069918286171,1439.3069918286171,0.9997897057275622,0.000774657474748103
1439.3139363965724,1439.3139363965724,0.9999231779848919,0.000774871737984133
1439.3208809645366,1439.3208809645366,1.0006045248157576,0.0007755427770926502
1439.3278255325263,1439.3278255325263,1.0001326223137532,0.0007750943950896857
1439.334770100534,1439.334770100534,0.9990889382488938,0.0007746654736800196
1439.3417146685588,1439.3417146685588,1.0005440883537502,0.0007749999185660152
1439.348659236607,1439.348659236607,0.9999022848759825,0.0007748712209204876
1439.355603804673,1439.355603804673,0.9999955108742021,0.0007749908043113286
1439.362548372759,1439.362548372759,0.9996300493217408,0.0007749293604992102
1439.369492940851,1439.369492940851,1.0000098596645384,0.0007746038852005289
1439.3764375089777,1439.3764375089777,0.9997891991252217,0.0007753976554479603
1439.3833820771101,1439.3833820771101,1.0000944909871934,0.0007750307967351532
1439.39032664526,1439.39032664526,1.0000008040462907,0.0007752179162674637
1439.397271213434,1439.397271213434,0.9998316341949757,0.0007748392189468027
1439.404215781616,1439.404215781616,1.0001967045192632,0.0007750884676181746
1439.4111603498184,1439.4111603498184,1.0004610858304717,0.0007756373546322114
1439.4181049180352,1439.4181049180352,1.0010944772033,0.0007753777730643649
1439.425049486267,1439.425049486267,1.0006618593191736,0.0007746979177915223
1439.4319940545188,1439.4319940545188,0.9995943190611459,0.0007742669292438632
1439.4389386227765,1439.4389386227765,0.9994302079040803,0.0007745704758705655
1439.4458831910517,1439.4458831910517,0.9994000145989885,0.0007751009569835497
1439.4528277593417,1439.4528277593417,0.99989917673617,0.0007750084120191922
1439.459772327646,1439.459772327646,1.000018396064504,0.0007747159644678179
1439.4667168959681,1439.4667168959681,1.0001698684235065,0.000776234951358277
1439.4736614642954,1439.4736614642954,0.9998333658718692,0.000775781177132793
1439.4806060326437,1439.4806060326437,1.000379583861577,0.0007748087296367539
1439.4875506009976,1439.4875506009976,1.000198180571438,0.0007748946717612427
1439.4944951693687,1439.4944951693687,0.9998442907301465,0.0007746605629542615
1439.5014397377513,1439.5014397377513,0.9998687932759462,0.0007753581432290728
1439.5083843061434,1439.5083843061434,1.000308028477716,0.0007748647356871312
1439.515328874552,1439.515328874552,0.9997508817909839,0.0007745478790364341
1439.5222734429676,1439.5222734429676,1.0003928288780888,0.0007750757629284364
1439.5292180113968,1439.5292180113968,0.9999393719964905,0.0007747737838811983
1439.5361625798348,1439.5361625798348,1.000233436066144,0.0007752022875086506
1439.5431071482878,1439.5431071482878,0.9991445026390972,0.0007751096988727192
1439.5500517167463,1439.5500517167463,0.9999851039879089,0.0007747754607823827
1439.5569962852164,1439.5569962852164,1.00018126853569,0.0007753655100448349
1439.5639408537015,1439.5639408537015,1.0003511091039317,0.0007743944837421017
1439.5708854221923,1439.5708854221923,0.9996357215813877,0.0007746773640344807
1439.5778299906917,1439.5778299906917,0.9998589089105583,0.0007745276993432139
1439.5847745592023,1439.5847745592023,1.0000632975399593,0.0007746565625993682
1439.5917191277194,1439.5917191277194,1.0000404868459156,0.0007746662268842685
1439.598663696248,1439.598663696248,1.0000876957829183,0.0007752003033031871
1439.6056082647879,1439.6056082647879,1.0007762212952658,0.000774822318705023
1439.6125528333307,1439.6125528333307,0.9996868936901293,0.0007747031878925586
1439.6194974018827,1439.6194974018827,1.00011368156785,0.0007751682183977061
1439.626441970446,1439.626441970446,0.9997220658773616,0.0007754194973427162
1439.6333865390125,1439.6333865390125,0.9997483853343863,0.000774756906731726
1439.64033110759,1439.64033110759,0.9994592068144946,0.0007748461365729082
1439.6472756761736,1439.6472756761736,1.0001162726054535,0.0007755806096118229
1439.6542202447636,1439.6542202447636,1.000464564498413,0.0007749866346930471
1439.6611648133646,1439.6611648133646,1.0004859574590932,0.000776089874698241
1439.6681093819661,1439.6681093819661,0.9999361382021956,0.0007755210409169072
1439.6750539505788,1439.6750539505788,0.9997716399106306,0.0007753292965555255
1439.6819985191917,1439.6819985191917,0.9998316114729136,0.0007746581476825538
1439.6889430878223,1439.6889430878223,0.9995944283770145,0.0007753497765101295
1439.6958876564463,1439.6958876564463,1.001056364723309,0.0007748859862628676
1439.7028322250824,1439.7028322250824,0.999934544261369,0.0007744942243888129
1439.7097767937248,1439.7097767937248,0.9997926874744166,0.0007753386380613791
1439.7167213623695,1439.7167213623695,1.0003380776714412,0.0007758401205754703
1439.7236659310204,1439.7236659310204,1.0004308093735808,0.0007747154414059415
1439.7306104996767,1439.7306104996767,0.9994557997096976,0.0007746162722206538
1439.737555068339,1439.737555068339,1.0000682418663007,0.000774178039630838
1439.7444996370043,1439.7444996370043,0.9996314833950531,0.0007738674589378993
1439.7514442056756,1439.7514442056756,1.0004531544621333,0.000775457775669451
1439.758388774349,1439.758388774349,1.0004613679089576,0.0007755049952223772
1439.7653333430262,1439.7653333430262,0.9997614576841445,0.0007756519492495517
1439.7722779117116,1439.7722779117116,1.0004645902027884,0.00077564347027381
1439.7792224803918,1439.7792224803918,0.9996958220391491,0.0007749712511607141
1439.7861670490802,1439.7861670490802,1.0000922245863115,0.0007755563814806161
1439.7931116177717,1439.7931116177717,0.9991156701187789,0.0007752837875630958
1439.8000561864778,1439.8000561864778,0.9996226043742243,0.0007755220286666541
1439.8070007551692,1439.8070007551692,1.0008976829093967,0.0007749264943937754
1439.8139453238748,1439.8139453238748,1.0003705070591282,0.0007749410802863267
1439.8208898925782,1439.8208898925782,1.000386488057122,0.0007752816057939356
1439.827834461284,1439.827834461284,1.0000952206858464,0.0007746798756539503
1439.834779029996,1439.834779029996,1.000287339893997,0.0007743122004247418
1439.8417235987076,1439.8417235987076,0.9999703020210997,0.0007756691047107974
1439.8486681674196,1439.8486681674196,0.9988846818182623,0.0007745300922995551
1439.8556127361344,1439.8556127361344,1.0003526571078987,0.0007747282112498878
1439.862557304855,1439.862557304855,0.9995519819176246,0.000774185787658132
1439.8695018735725,1439.8695018735725,0.9998386587314435,0.000775345282872001
1439.876446442293,1439.876446442293,0.9997402015149905,0.0007744988255682546
1439.8833910110166,1439.8833910110166,0.9998114446965782,0.0007752262817193703
1439.89033557974,1439.89033557974,1.0000223319401613,0.0007748121036160753
1439.8972801484638,1439.8972801484638,0.9999743535225489,0.000774900514008741
1439.904224717187,1439.904224717187,1.0007624658706962,0.0007752294502510483
1439.9111692859165,1439.9111692859165,0.9999320283400278,0.0007744739524087902
1439.9181138546396,1439.9181138546396,1.000486214058037,0.0007743905050685756
1439.925058423363,1439.925058423363,1.0002250717194134,0.0007755923355840863
1439.9320029920923,1439.9320029920923,0.9994750053054281,0.0007749812036920591
1439.9389475608186,1439.9389475608186,0.9997906329496293,0.0007745210861393936
1439.9458921295477,1439.9458921295477,1.000028570089691,0.0007746256393727323
1439.9528366982745,1439.9528366982745,0.9998430998833511,0.0007750389094954774
1439.9597812670006,1439.9597812670006,0.9993756274274096,0.0007745923722469916
1439.9667258357244,1439.9667258357244,1.0002138467483266,0.0007762188116972105
1439.9736704044506,1439.9736704044506,1.0003420182449188,0.0007755597623924427
1439.980614973177,1439.980614973177,0.9995557740609655,0.0007744300526690161
1439.9875595419005,1439.9875595419005,1.0006377076510566,0.0007751164517373378
1439.9945041106237,1439.9945041106237,1.0002957315799221,0.0007743963876595892
1440.0014486793473,1440.0014486793473,0.9994859204643284,0.0007747676174118857
1440.008393248068,1440.008393248068,1.0003605050427524,0.0007761960152437296
1440.0153378167859,1440.0153378167859,1.0004374886816965,0.0007748546783804204
1440.0222823855063,1440.0222823855063,1.0001713030922823,0.0007748890477063876
1440.029226954221,1440.029226954221,0.9989912861195549,0.0007754128485290032
1440.0361715229387,1440.0361715229387,0.9998712983363636,0.0007747229321390734
1440.0431160916446,1440.0431160916446,0.9998069604690751,0.0007752449160988403
1440.0500606603562,1440.0500606603562,1.0003952182715117,0.0007754665601950449
1440.0570052290652,1440.0570052290652,1.0002121733530083,0.0007752667520875059
1440.0639497977713,1440.0639497977713,0.9996917257969411,0.0007759291383505686
1440.070894366477,1440.070894366477,0.9998905122759538,0.0007753596293072397
1440.0778389351806,1440.0778389351806,0.9999921206911303,0.0007745030730283186
1440.0847835038744,1440.0847835038744,1.0007914730866996,0.0007757639372421483
1440.0917280725805,1440.0917280725805,1.000230363266919,0.0007747151760676673
1440.0986726412723,1440.0986726412723,0.9999672932205005,0.0007744449596347495
1440.1056172099636,1440.1056172099636,0.9996869003903589,0.0007746184646835895
1440.1125617786552,1440.1125617786552,0.9990445758433276,0.000775288774055676
1440.119506347332,1440.119506347332,1.0010012144445242,0.0007744772794846997
1440.1264509160205,1440.1264509160205,0.9995547363736792,0.0007742841293777444
1440.1333954846973,1440.1333954846973,1.0000745637665895,0.0007743631127177181
1440.140340053374,1440.140340053374,1.0004580792451414,0.0007752739443303565
1440.1472846220454,1440.1472846220454,1.000582122765777,0.0007750755435590576
1440.1542291907165,1440.1542291907165,0.9993991506290894,0.0007756407762566668
1440.1611737593787,1440.1611737593787,1.0005977051252173,0.0007756143311028159
1440.1681183280384,1440.1681183280384,0.9996441706158435,0.0007754419101164363
1440.1750628967006,1440.1750628967006,1.000108980219884,0.0007749681120054505
1440.1820074653515,1440.1820074653515,1.000099595903929,0.00077464605206802
1440.1889520339996,1440.1889520339996,0.9997763138711772,0.000775204051428588
1440.195896602641,1440.195896602641,1.0000252778367824,0.0007743972541513298
1440.202841171286,1440.202841171286,0.9999794321523844,0.0007755582657773462
1440.2097857399222,1440.2097857399222,1.0003805648174338,0.0007747754323810059
1440.2167303085528,1440.2167303085528,0.999689195522406,0.0007749062859701357
1440.2236748771797,1440.2236748771797,0.9997110962340271,0.0007743155444038206
1440.2306194457985,1440.2306194457985,0.9993208820142844,0.0007750324728698365
1440.237564014417,1440.237564014417,1.0005314613217657,0.0007757651432732896
1440.2445085830332,1440.2445085830332,1.0004125132950752,0.0007743423857312249
1440.2514531516372,1440.2514531516372,1.0002584139035526,0.0007755634588533203
1440.2583977202387,1440.2583977202387,0.9994393411694708,0.0007751875803512205
1440.2653422888397,1440.2653422888397,0.9999764521259404,0.0007757044941323502
1440.2722868574292,1440.2722868574292,1.0000754113554873,0.0007749917762379394
1440.2792314260162,1440.2792314260162,1.000341870222366,0.0007745936215019483
1440.2861759946,1440.2861759946,0.9998777809934433,0.0007747771711111716
1440.2931205631717,1440.2931205631717,1.0004715772230879,0.0007748045062065868
1440.300065131744,1440.300065131744,0.9999233380009114,0.0007749492824400975
1440.3070097003076,1440.3070097003076,0.9993225676345115,0.000774928952157822
1440.3139542688652,1440.3139542688652,1.000320850615463,0.0007755631234408739
1440.3208988374197,1440.3208988374197,0.9999761256875865,0.000774440529625976
1440.3278434059655,1440.3278434059655,0.9996629163533488,0.0007754237520849274
1440.3347879745056,1440.3347879745056,0.9996880311510044,0.0007747635719596069
1440.34173254304,1440.34173254304,0.9997547187111987,0.0007742920369291043
1440.3486771115683,1440.3486771115683,1.0003250801776178,0.0007752068817077244
1440.3556216800912,1440.3556216800912,1.0011421423983047,0.0007752934561103111
1440.3625662486052,1440.3625662486052,1.0001686821093863,0.0007743908986949297
1440.369510817113,1440.369510817113,0.9995915543499476,0.0007750064085602331
1440.3764553856186,1440.3764553856186,0.999712134150695,0.0007746014931502858
1440.3833999541118,1440.3833999541118,0.9998475176672352,0.0007765189604634715
1440.3903445226024,1440.3903445226024,0.9996000156767593,0.0007756623957974344
1440.3972890910845,1440.3972890910845,1.0003413569719992,0.0007751160653906304
1440.4042336595635,1440.4042336595635,1.0004289198896434,0.0007750704351481041
1440.4111782280254,1440.4111782280254,0.9997443058050655,0.000774869996056911
1440.4181227964896,1440.4181227964896,0.9999769577152098,0.0007746805998068515
1440.425067364945,1440.425067364945,1.0000154819572629,0.0007760844058439484
1440.4320119333897,1440.4320119333897,1.0002133914685465,0.0007752810443755496
1440.4389565018305,1440.4389565018305,0.9999807226547166,0.0007748776245533653
1440.445901070263,1440.445901070263,0.9999000977205386,0.0007743295831520152
1440.4528456386868,1440.4528456386868,0.999220498961226,0.0007744211672611494
1440.4597902071043,1440.4597902071043,1.0005566705470044,0.0007756606892287681
1440.4667347755167,1440.4667347755167,0.9998309444320368,0.0007750970840053977
1440.473679343917,1440.473679343917,0.9999971989701362,0.000775530171882813
1440.4806239123143,1440.4806239123143,1.0000174562206552,0.000774737333098993
1440.4875684807005,1440.4875684807005,1.0012259190249502,0.0007757426029234052
1440.4945130490805,1440.4945130490805,0.9997607227978651,0.0007746752857751321
1440.5014576174485,1440.5014576174485,0.9993537237569559,0.0007747664796703098
1440.5084021858142,1440.5084021858142,0.999808027704406,0.0007747545728369009
1440.5153467541684,1440.5153467541684,0.9997258839261896,0.0007752880165620811
1440.5222913225164,1440.5222913225164,0.9998262812859494,0.0007753436702518247
1440.5292358908587,1440.5292358908587,0.9999605060442149,0.0007754676267179395
1440.5361804591857,1440.5361804591857,1.0004445698789097,0.0007747287022089378
1440.543125027511,1440.543125027511,0.9995135478411372,0.000775202654355576
1440.550069595821,1440.550069595821,1.0005997641851447,0.0007752136043083003
1440.5570141641285,1440.5570141641285,1.000194016031418,0.0007744305957240111
1440.563958732427,1440.563958732427,0.9998091991816056,0.000775066766519066
1440.5709033007138,1440.5709033007138,1.0001919296858253,0.0007760287788393906
1440.5778478689922,1440.5778478689922,0.9998445942851774,0.0007744621191214984
1440.5847924372645,1440.5847924372645,0.9997951744717319,0.0007751249544979687
1440.5917370055308,1440.5917370055308,0.99999019545808,0.0007746365198087884
1440.5986815737833,1440.5986815737833,1.0001055402557975,0.0007752645690965554
1440.605626142026,1440.605626142026,1.0006153157781814,0.0007756064396842295
1440.6125707102608,1440.6125707102608,0.9996354190134108,0.0007751318753992501
1440.6195152784899,1440.6195152784899,0.9996045202044535,0.0007750984536998522
1440.6264598467064,1440.6264598467064,0.9998734658999954,0.0007752894475506985
1440.6334044149148,1440.6334044149148,1.0005112435760597,0.0007750152118659051
1440.6403489831114,1440.6403489831114,1.0000203178916827,0.000774997036772543
1440.6472935513084,1440.6472935513084,0.9997973490007783,0.0007742831066354045
1440.6542381194877,1440.6542381194877,0.9993791047322829,0.0007748435355588826
1440.6611826876551,1440.6611826876551,1.000524965227265,0.000774638885198164
1440.6681272558199,1440.6681272558199,0.9999673145733702,0.0007748784175952869
1440.6750718239668,1440.6750718239668,0.9999968711312526,0.0007746510685311452
1440.6820163921143,1440.6820163921143,1.0007976714106068,0.0007752400111153412
1440.6889609602472,1440.6889609602472,0.9992749774225059,0.0007749906334002115
1440.6959055283708,1440.6959055283708,0.9998268030229769,0.000774946654836429
1440.702850096489,1440.702850096489,1.000102159383541,0.0007754413542747127
1440.7097946645868,1440.7097946645868,1.0006144945147764,0.0007751931740997255
1440.7167392326846,1440.7167392326846,0.9998780945288693,0.0007744191445143207
1440.723683800768,1440.723683800768,1.0002188861016847,0.000775633939337107
1440.7306283688422,1440.7306283688422,0.999314336200254,0.0007746523947378964
1440.737572936905,1440.737572936905,1.0002374884847707,0.0007752036426552764
1440.744517504962,1440.744517504962,0.9996759555076503,0.0007744488465790066
1440.7514620730076,1440.7514620730076,1.0000268675067545,0.0007754202089052258
1440.7584066410411,1440.7584066410411,0.999337506372169,0.0007755385096034223
1440.7653512090633,1440.7653512090633,1.0010927113831243,0.0007750024013080496
1440.7722957770766,1440.7722957770766,1.000129470483326,0.0007743850841610983
1440.7792403450812,1440.7792403450812,0.9999951717210809,0.0007752691534520282
1440.786184913074,1440.786184913074,0.9992214060376439,0.0007745110404629511
1440.7931294810555,1440.7931294810555,1.0002811722564635,0.0007747979685892863
1440.800074049031,1440.800074049031,0.9997411274499759,0.0007749102189321808
1440.807018616992,1440.807018616992,1.0000098788819385,0.0007747737405920207
1440.8139631849413,1440.8139631849413,1.0000759613191534,0.0007750087683739946
1440.820907752882,1440.820907752882,1.0003104914823198,0.0007752485963686066
1440.8278523208107,1440.8278523208107,0.9997508046417881,0.0007762895153042616
1440.834796888728,1440.834796888728,1.0004841031450886,0.0007753403159238092
1440.8417414566397,1440.8417414566397,1.000408527848108,0.0007766121220391851
1440.8486860245307,1440.8486860245307,1.000089549377741,0.0007743907292542644
1440.8556305924217,1440.8556305924217,1.000216768230941,0.0007748169336939532
1440.8625751602983,1440.8625751602983,0.9995170016378573,0.0007749280059237672
1440.8695197281636,1440.8695197281636,0.9996933196749055,0.0007740486172109283
1440.8764642960166,1440.8764642960166,0.99955482575724,0.000776175372782216
1440.883408863861,1440.883408863861,1.0001211726884691,0.0007745950446267842
1440.8903534316883,1440.8903534316883,1.0003062364272155,0.0007755452469984981
1440.8972979995065,1440.8972979995065,0.99989941289199,0.0007753189617246647
1440.9042425673222,1440.9042425673222,1.000345733821588,0.0007761729387180088
1440.9111871351204,1440.9111871351204,1.0000850402862316,0.0007748816998690692
1440.9181317029065,1440.9181317029065,0.9999659839383103,0.0007755318617731388
1440.925076270681,1440.925076270681,0.999879970439485,0.0007749727993496796
1440.932020838444,1440.932020838444,0.9999724243740147,0.0007762925946541373
1440.9389654061986,1440.9389654061986,1.000412201529882,0.0007748841305040066
1440.945909973938,1440.945909973938,0.9998799313425086,0.0007756328802171244
1440.9528545416695,1440.9528545416695,0.9999303766209788,0.0007746994184586048
1440.9597991093858,1440.9597991093858,1.0002585287422299,0.0007752790328058418
1440.9667436770937,1440.9667436770937,0.9999412140506759,0.0007746839285014403
1440.973688244787,1440.973688244787,1.000936527727657,0.0007744542155634561
1440.9806328124682,1440.9806328124682,0.9993859191605224,0.0007740173535298919
1440.987577380141,1440.987577380141,0.9994399230398539,0.000775885021535949
1440.9945219477995,1440.9945219477995,0.9997475896625104,0.0007748470237801603
1441.0014665154463,1441.0014665154463,0.9997693377666328,0.0007747932124815335
1441.0084110830844,1441.0084110830844,1.0006534161424188,0.0007765616787261094
1441.0153556507078,1441.0153556507078,0.9996864797061837,0.0007742628722017744
1441.0261891761722,1441.0261891761722,0.9997624961090648,0.0007754083572349273
1441.038967180536,1441.038967180536,0.9996481740220735,0.0007741197677638079
1441.04591174811,1441.04591174811,1.0003499171810089,0.0007746845882199014
1441.052856315669,1441.052856315669,1.0000947763817707,0.0007748099674691181
1441.0598008832142,1441.0598008832142,1.0005800945512402,0.0007753224889838334
1441.0667454507534,1441.0667454507534,1.0003870523274798,0.000775917129610048
1441.0736900182717,1441.0736900182717,1.0002710458183373,0.0007754419626726787
1441.0806345857848,1441.0806345857848,0.9994397175375596,0.0007749956616902277
1441.0875791532799,1441.0875791532799,1.0004773439886774,0.000774789452839435
1441.0950792861624,1441.0950792861624,1.0004596514448199,0.0007751647942587025
1441.1028572017324,1441.1028572017324,0.9998068639332031,0.0007757366721473878
1441.1098017691897,1441.1098017691897,0.9990459566952682,0.0007745861232758024
1441.1167463366355,1441.1167463366355,1.0004468972803418,0.0007743019428443065
1441.1236909040667,1441.1236909040667,0.999940974648651,0.0007750256564106493
1441.1306354714864,1441.1306354714864,1.0002958936324826,0.0007749952113770575
1441.1375800388946,1441.1375800388946,1.000423947743044,0.0007746764166751232
1441.1445246062879,1441.1445246062879,0.9996959300967573,0.0007745768891857911
1441.1514691736695,1441.1514691736695,1.0000534383956856,0.0007745820651676372
1441.1584137410432,1441.1584137410432,0.9996448391529752,0.0007744509326753821
1441.1653583083987,1441.1653583083987,1.0007793368816074,0.0007740506956738283
1441.1723028757424,1441.1723028757424,1.0005568708096373,0.0007744647537327077
1441.1792474430747,1441.1792474430747,0.9990604262262128,0.000774840575777172
1441.1861920103897,1441.1861920103897,0.9992793621883148,0.0007746066723478723
1441.1931365776986,1441.1931365776986,1.000045700387298,0.0007747075107805516
1441.2000811449902,1441.2000811449902,1.0000514869646353,0.0007745435041464071
1441.20702571227,1441.20702571227,1.0003564364707862,0.0007754661897933946
1441.2139702795387,1441.2139702795387,1.0003186398478625,0.0007760059847625167
1441.2209148467894,1441.2209148467894,1.0001265723958646,0.0007757876222556409
1441.2278594140255,1441.2278594140255,0.9987273886934057,0.0007754424521885233
1441.2348039812591,1441.2348039812591,1.000278804980161,0.0007756168907097727
1441.2417485484723,1441.2417485484723,0.9995437155207249,0.0007752890484494584
1441.2486931156734,1441.2486931156734,1.0005601733114626,0.0007745971882778152
1441.2556376828632,1441.2556376828632,1.0002019844726713,0.000775642461589911
1441.2625822500327,1441.2625822500327,1.0000547435495903,0.0007742626887343067
1441.269526817196,1441.269526817196,1.0003744118921671,0.0007749375774553609
1441.276471384345,1441.276471384345,0.9998196486759225,0.0007749058498914805
1441.2834159514825,1441.2834159514825,1.0000885552258154,0.0007750428610647115
1441.2903605186025,1441.2903605186025,1.0000388011348558,0.000775638628469566
1441.2973050857106,1441.2973050857106,0.9995460602948407,0.0007741585642357539
1441.3042496528074,1441.3042496528074,0.9993492379719427,0.0007746497204856746
1441.3111942198832,1441.3111942198832,1.0003555962894248,0.0007755603588906702
1441.3181387869506,1441.3181387869506,0.9998266679712673,0.0007744659464909932
1441.3250833540067,1441.3250833540067,1.000753407895606,0.0007753676676371827
1441.332027921048,1441.332027921048,1.0003491791490382,0.0007755262013643264
1441.338972488075,1441.338972488075,0.999839133326325,0.0007752349177802813
1441.3459170550864,1441.3459170550864,0.9997015530135445,0.0007742134620895168
1441.3528616220874,1441.3528616220874,0.9999615340104079,0.0007747842302591795
1441.3598061890739,1441.3598061890739,0.9992452137088763,0.0007745549925291496
1441.366750756042,1441.366750756042,0.9997992911212507,0.0007749982105877253
1441.3736953230048,1441.3736953230048,1.0003223463428066,0.0007754723084687315
1441.3806398899474,1441.3806398899474,1.0005080447150634,0.0007753547011546013
1441.3875844568747,1441.3875844568747,1.0000542718346792,0.0007758816431723226
1441.394529023794,1441.394529023794,1.0003381955265644,0.0007746874700576526
1441.4014735906926,1441.4014735906926,1.00020385132717,0.0007751508108696035
1441.408418157585,1441.408418157585,0.999770112735928,0.0007758462279946069
1441.4153627244584,1441.4153627244584,0.9998838604958831,0.0007745989222131272
1441.4223072913217,1441.4223072913217,1.000008946549796,0.0007753327827803528
1441.429251858168,1441.429251858168,0.9997879525151759,0.0007751281475477823
1441.436196424997,1441.436196424997,0.9999951760382426,0.0007750575880310126
1441.4431409918172,1441.4431409918172,0.9998661176303395,0.0007752379878393606
1441.4500855586166,1441.4500855586166,1.0005380555599839,0.0007748032946040423
1441.4570301254137,1441.4570301254137,1.0002808355821915,0.0007745626400524089
1441.4639746921898,1441.4639746921898,1.0000846113618844,0.0007750775883102511
1441.470919258952,1441.470919258952,0.9999039932337791,0.0007756987301382409
1441.4778638256994,1441.4778638256994,1.0003287233375782,0.0007754926537476067
1441.4848083924294,1441.4848083924294,0.9998468314400206,0.0007743379851513794
1441.4917529591535,1441.4917529591535,1.000137264419391,0.000774859655857136
1441.4986975258573,1441.4986975258573,0.9991816567179782,0.0007748845732529343
1441.505642092549,1441.505642092549,1.000021191306359,0.0007750889467464737
1441.5125866592236,1441.5125866592236,1.000345807934716,0.0007747061981902608
1441.5195312258863,1441.5195312258863,1.0006070285867952,0.0007747181261618903
1441.5264757925352,1441.5264757925352,0.9999141313882633,0.0007747792833504396
1441.5334203591658,1441.5334203591658,0.9998948570549284,0.0007743994812559542
1441.5403649257853,1441.5403649257853,0.9999383337299005,0.0007751188000943334
1441.5473094923902,1441.5473094923902,0.9993629582546596,0.0007753821814404512
1441.5542540589827,1441.5542540589827,1.000174822581477,0.0007755232789833114
1441.5611986255528,1441.5611986255528,1.0004695347089618,0.0007744234501275948
1441.5681431921143,1441.5681431921143,0.9996757163732066,0.0007754820718102203
1441.5750877586604,1441.5750877586604,0.9999663835122551,0.0007745862215109655
1441.582865673171,1441.582865673171,1.000243899940791,0.0007745899514995135
1441.590365805003,1441.590365805003,1.0004632288553865,0.0007759317374661995
1441.5978659368266,1441.5978659368266,0.9995424988015225,0.0007743341267134201
1441.6056438512874,1441.6056438512874,1.0001582805578653,0.0007753582180032927
1441.6125884177522,1441.6125884177522,0.9998711331575822,0.0007747904446178481
1441.6195329842055,1441.6195329842055,0.999399291589425,0.0007744337523172191
1441.6264775506447,1441.6264775506447,1.000187709342438,0.0007756375355295226
1441.6334221170632,1441.6334221170632,0.9998332138160478,0.0007741066295079917
1441.64036668347,1441.64036668347,1.0001346680152905,0.0007746644237816083
1441.6473112498625,1441.6473112498625,1.000461931745073,0.0007747914589239645
1441.654255816243,1441.654255816243,1.0004016793305286,0.0007754393201364143
1441.6612003826035,1441.6612003826035,1.0002051474187108,0.0007744826468254051
1441.6681449489486,1441.6681449489486,0.999649637990027,0.0007747840658892753
1441.675089515277,1441.675089515277,0.9999044432000763,0.0007746473880892043
1441.6820340815993,1441.6820340815993,1.0002937719978073,0.0007753772783435594
1441.6889786478991,1441.6889786478991,0.9997662640729587,0.0007755359510803628
1441.695923214189,1441.695923214189,0.9991416849070018,0.0007746870763675935
1441.7028677804594,1441.7028677804594,0.9998084341225697,0.0007748666107985448
1441.7098123467147,1441.7098123467147,1.0007506464528038,0.0007753881298074392
1441.7167569129558,1441.7167569129558,0.9996931022438865,0.0007746904506617857
1441.7237014791883,1441.7237014791883,1.0000072647252451,0.0007753533694807598
1441.730646045394,1441.730646045394,0.9999658536938281,0.0007751521578198728
1441.7375906115913,1441.7375906115913,1.0004284344861396,0.0007746739202818098
1441.744535177771,1441.744535177771,1.0004370513295622,0.0007746355548358729
1441.7514797439394,1441.7514797439394,0.9995781340025001,0.0007747580885749557
1441.75842431009,1441.75842431009,1.0001329675666362,0.0007740886106165697
1441.7653688762234,1441.7653688762234,0.9997004730269395,0.0007746088150934838
1441.7723134423393,1441.7723134423393,0.9995117767432842,0.0007753913945679877
1441.7792580084463,1441.7792580084463,0.9997660147011885,0.0007751041435033203
1441.7862025745358,1441.7862025745358,1.000379148886177,0.0007749851969830928
1441.793147140611,1441.793147140611,1.0000363990116086,0.0007745664782385954
1441.8000917066654,1441.8000917066654,1.0005279289118831,0.0007749202682143118
1441.8070362727085,1441.8070362727085,1.0002318837378887,0.000774778851054119
1441.8139808387343,1441.8139808387343,0.9999904294125029,0.0007748920731031909
1441.820925404748,1441.820925404748,1.0000325077644598,0.0007745181016836843
1441.8278699707419,1441.8278699707419,0.9996780940112373,0.0007745925272807809
1441.834814536724,1441.834814536724,1.0002175832976161,0.0007750111652638489
1441.8417591026882,1441.8417591026882,0.9998891242499053,0.000775641064075729
1441.8487036686354,1441.8487036686354,1.00044197849423,0.00077451013505902
1441.8556482345764,1441.8556482345764,0.9999356985291197,0.0007758716286960565
1441.8625928004856,1441.8625928004856,1.0001030762918983,0.0007754411740656582
1441.8695373663888,1441.8695373663888,1.000636593881106,0.0007750906325035533
1441.8764819322776,1441.8764819322776,0.9995999358819297,0.0007743254998950212
1441.8834264981492,1441.8834264981492,0.9993556736704537,0.0007749916037926528
1441.8903710640031,1441.8903710640031,1.0001642103260173,0.0007759490347146118
1441.8973156298393,1441.8973156298393,0.9997911038086127,0.0007756796687831297
1441.9042601956673,1441.9042601956673,0.9998463360989771,0.0007751532131369898
1441.9112047614715,1441.9112047614715,1.0001626021296144,0.0007756368756841106
1441.9181493272613,1441.9181493272613,1.0002319920910738,0.000774422132696729
1441.9250938930395,1441.9250938930395,1.0005151075602658,0.0007751830622469616
1441.9320384587977,1441.9320384587977,1.0006372967183002,0.00077512627204403
1441.9389830245404,1441.9389830245404,0.9991906648912101,0.0007751191934957175
1441.9459275902693,1441.9459275902693,0.9993889935151671,0.0007745371038342766
1441.9528721559777,1441.9528721559777,0.9997396704612941,0.0007749134137896871
1441.9598167216802,1441.9598167216802,1.0001577429663233,0.0007760715795437384
1441.9667612873627,1441.9667612873627,1.0011739094493444,0.0007757262218821478
1441.973705853024,1441.973705853024,1.0005522456540334,0.0007757976245352428
1441.9806504186658,1441.9806504186658,0.999895680335962,0.0007748996799748138
1441.9875949843013,1441.9875949843013,0.9996644925336206,0.0007746835478104392
1441.9945395499167,1441.9945395499167,1.000038685922454,0.0007745060016862281
1442.0014841155175,1442.0014841155175,1.0002657723319608,0.0007753706945032698
1442.0084286811032,1442.0084286811032,0.9996142407650559,0.0007749430324222201
1442.0153732466692,1442.0153732466692,1.0005426202723435,0.0007754577848735342
1442.022317812223,1442.022317812223,1.000006385096324,0.0007753360425017648
1442.0292623777539,1442.0292623777539,0.9996922999156752,0.0007758088467885399
1442.0362069432763,1442.0362069432763,1.0002448815352332,0.000775207966663463
1442.043151508775,1442.043151508775,1.0001071745518486,0.0007751557492247108
1442.0500960742652,1442.0500960742652,0.9998036626665205,0.0007754744199174332
1442.0570406397349,1442.0570406397349,0.9997792595270664,0.0007755401088915013
1442.0639852051868,1442.0639852051868,1.0003819807912184,0.0007754722251014426
1442.0709297706248,1442.0709297706248,0.9997830788473635,0.000774751311029228
1442.077874336051,1442.077874336051,0.9996214007921885,0.0007752341963282329
1442.0848189014505,1442.0848189014505,1.0001237133823917,0.0007745620796661255
1442.091763466839,1442.091763466839,1.0006341766225346,0.0007753813766407467
1442.0987080322095,1442.0987080322095,0.9996272152403132,0.0007748302726411999
1442.105652597566,1442.105652597566,0.9997778101494618,0.0007756662663362178
1442.1125971629049,1442.1125971629049,0.9997914538555062,0.0007747197274666518
1442.1195417282293,1442.1195417282293,1.0007563791072769,0.0007751747377253914
1442.1264862935357,1442.1264862935357,1.000174766243677,0.0007752576107708208
1442.1334308588218,1442.1334308588218,0.9998728204803733,0.0007745722799491143
1442.1403754240937,1442.1403754240937,1.0000495210401965,0.0007747050596021074
1442.1473199893512,1442.1473199893512,0.9995972106410382,0.0007744833561094935
1442.1542645545937,1442.1542645545937,0.9999149655263663,0.0007751370328619929
1442.161209119816,1442.161209119816,0.9998313342372995,0.0007754116236049262
1442.1681536850208,1442.1681536850208,0.9991993006358666,0.0007743625422526761
1442.175098250214,1442.175098250214,0.9998930923151903,0.000774733691185999
1442.1820428153871,1442.1820428153871,1.0008003784341155,0.0007752874300800595
1442.1889873805426,1442.1889873805426,0.9995680096806921,0.0007747358138196572
1442.1959319456862,1442.1959319456862,1.0005602974868533,0.000774758823987131
1442.2028765108068,1442.2028765108068,0.9996590472049236,0.0007749126304325217
1442.2098210759123,1442.2098210759123,1.000686271492836,0.0007749858831463123
1442.2167656410008,1442.2167656410008,0.999868056517864,0.0007749367070552476
1442.223710206075,1442.223710206075,0.9996539550605062,0.0007754066133697855
1442.2306547711287,1442.2306547711287,0.9994451495560612,0.0007747357980545858
1442.2375993361734,1442.2375993361734,1.0000033925786158,0.0007742636263422363
1442.244543901195,1442.244543901195,0.9999857486698975,0.0007745604786955513
1442.251488466199,1442.251488466199,0.9994908799318555,0.000775198187327415
1442.2584330311824,1442.2584330311824,1.000451975091993,0.0007749689036824316
1442.2653775961603,1442.2653775961603,0.9999598124651765,0.000775378297481276
1442.2723221611182,1442.2723221611182,1.000361219349055,0.0007746507825100231
1442.2792667260524,1442.2792667260524,1.0000900499377738,0.000775800285315866
1442.2862112909747,1442.2862112909747,1.0000499760105455,0.0007762772536848122
1442.2931558558798,1442.2931558558798,1.0005455482628747,0.0007752444057884631
1442.3001004207647,1442.3001004207647,0.9996717941588393,0.000775709484564485
1442.3070449856348,1442.3070449856348,0.9994098683621647,0.0007765602022757974
1442.3139895504903,1442.3139895504903,1.0002953948934077,0.0007755787677722212
1442.3209341153256,1442.3209341153256,1.00002326404129,0.0007751733555130888
1442.3278786801407,1442.3278786801407,0.9992804187232787,0.0007745602334333351
1442.3348232449468,1442.3348232449468,0.9999775939176427,0.0007751051309951202
1442.3417678097296,1442.3417678097296,1.0000132674101052,0.0007759183159695798
1442.3487123744922,1442.3487123744922,1.0002906434106442,0.0007746521525550619
1442.3556569392488,1442.3556569392488,1.0000490779273237,0.000776028262886101
1442.3626015039822,1442.3626015039822,0.9998181424321186,0.0007750422634624841
1442.3695460686981,1442.3695460686981,1.0006454960226976,0.0007754083916946434
1442.3764906333965,1442.3764906333965,1.0002206195431835,0.0007757664477377891
1442.3834351980806,1442.3834351980806,1.0007807241630609,0.0007750775618846636
1442.390379762744,1442.390379762744,0.9997361056222831,0.0007748006642379249
1442.39732432739,1442.39732432739,0.9990697766227413,0.0007753641029302714
1442.4042688920247,1442.4042688920247,1.0002087928477763,0.0007745873132919655
1442.4112134566326,1442.4112134566326,0.9997991580595252,0.0007748548873029948
1442.4181580212266,1442.4181580212266,0.999404781426288,0.0007758631112334684
1442.4251025858055,1442.4251025858055,0.9999802076061395,0.0007748784693771872
1442.432047150361,1442.432047150361,1.0002866068599372,0.0007750820958638952
1442.4389917149056,1442.4389917149056,1.0014828513510288,0.0007757818614872369
1442.4459362794355,1442.4459362794355,0.9997227569229226,0.0007762597858754895
1442.4528808439445,1442.4528808439445,0.9997782270141136,0.000775710225959344
1442.4598254084337,1442.4598254084337,0.9998309360549765,0.0007748251571177962
1442.466769972908,1442.466769972908,1.0003045071587053,0.0007757019391942566
1442.473714537365,1442.473714537365,0.9999565463161038,0.0007755554702111641
1442.4806591018016,1442.4806591018016,0.999307578146205,0.0007751436242820103
1442.4876036662204,1442.4876036662204,1.0000556258989413,0.0007749413518241576
1442.494548230628,1442.494548230628,1.0007221565601783,0.000775207184241
1442.501492795012,1442.501492795012,0.9994874797762012,0.0007745147771748943
1442.5084373593816,1442.5084373593816,1.0002181209478374,0.0007751891842156961
1442.515381923731,1442.515381923731,1.0005962080794317,0.0007753914506338578
1442.5223264880688,1442.5223264880688,1.0007051215230691,0.0007748543171815238
1442.5292710523772,1442.5292710523772,0.9999193781082223,0.0007754477057521175
1442.5362156166798,1442.5362156166798,1.0010555732812116,0.0007758811973055665
1442.5431601809562,1442.5431601809562,0.9993696554217693,0.0007746691221686498
1442.5501047452267,1442.5501047452267,0.9997341843688563,0.0007746250898861765
1442.5570493094656,1442.5570493094656,1.000416352739155,0.0007760895114061509
1442.563993873692,1442.563993873692,1.0003466534128518,0.0007745584292224197
1442.5709384379054,1442.5709384379054,1.000427346761039,0.0007749564158520442
1442.577883002094,1442.577883002094,1.0000028928974682,0.0007759866084387531
1442.5848275662686,1442.5848275662686,0.9992061342689997,0.0007756393718528753
1442.591772130423,1442.591772130423,0.9997034868455836,0.0007756818119795366
1442.5987166945627,1442.5987166945627,0.9997711555192559,0.0007757622012465172
1442.605661258685,1442.605661258685,1.0006722545998696,0.0007750702898138882
1442.612605822787,1442.612605822787,0.9996299796543594,0.0007747337708048553
1442.619550386871,1442.619550386871,1.0006634056063026,0.0007747654859435697
1442.626494950938,1442.626494950938,1.000599038683245,0.0007758839115980051
1442.6334395149847,1442.6334395149847,0.9993331794496341,0.0007749911441287491
1442.6403840790167,1442.6403840790167,0.9992033059268264,0.0007759828583547486
1442.6473286430314,1442.6473286430314,0.9995332766659756,0.0007752830622218402
1442.6542732070252,1442.6542732070252,1.0004808765325308,0.0007762868301682123
1442.6612177710047,1442.6612177710047,1.0004148507843467,0.0007746116569538056
1442.668162334964,1442.668162334964,0.9998240032388935,0.0007753358224829961
1442.6751068989058,1442.6751068989058,1.0002526943053214,0.0007749214451339299
1442.6820514628278,1442.6820514628278,0.9999269228943453,0.0007758038585819069
1442.688996026734,1442.688996026734,1.0001710045554386,0.0007749816882784268
1442.6959405906205,1442.6959405906205,1.000411610256433,0.0007754609632121309
1442.7028851544896,1442.7028851544896,0.999954176068224,0.0007749925922100494
1442.7098297183416,1442.7098297183416,1.0000262487979643,0.0007752677098043118
1442.7167742821725,1442.7167742821725,0.9997708417116588,0.0007752167870885823
1442.7237188459862,1442.7237188459862,1.0004767915558264,0.0007764106286121005
1442.7306634097852,1442.7306634097852,0.9994119140445534,0.0007748202128748164
1442.737607973564,1442.737607973564,0.9996057223072995,0.0007748466933570144
1442.7445525373255,1442.7445525373255,0.9986922187998939,0.0007749393162050839
1442.7514971010637,1442.7514971010637,1.0001038416334993,0.0007743907409666788
1442.75844166479,1442.75844166479,1.001020521653818,0.0007757600648498097
1442.765386228496,1442.765386228496,1.0001049740831072,0.0007746117433895659
1442.7723307921817,1442.7723307921817,0.9999978898349984,0.000775362669787072
1442.7792753558497,1442.7792753558497,1.0003329523200406,0.0007750363818795459
1442.7862199195035,1442.7862199195035,1.0003993677533338,0.0007754486501379828
1442.7931644831372,1442.7931644831372,0.9992845482454585,0.0007744607666625063
1442.8001090467437,1442.8001090467437,0.999607497319935,0.0007745546671281127
1442.8070536103423,1442.8070536103423,0.9998825611106206,0.0007749490889120221
1442.8139981739234,1442.8139981739234,0.999536918007839,0.0007753094583142858
1442.820942737481,1442.820942737481,1.0003729699803956,0.0007751164141416102
1442.8278873010208,1442.8278873010208,1.0011136615905736,0.000774767615406206
1442.8348318645437,1442.8348318645437,0.9992075675099708,0.0007749361539462981
1442.8417764280457,1442.8417764280457,0.9997245001684331,0.0007758366876622506
1442.8487209915338,1442.8487209915338,1.000466880480061,0.0007745516235130566
1442.8556655550042,1442.8556655550042,0.9987134697054557,0.000774252977280141
1442.862610118448,1442.862610118448,1.0002380083105593,0.0007751739629256754
1442.869554681881,1442.869554681881,1.0006942261988485,0.000774548700308481
1442.8764992452896,1442.8764992452896,0.9996953544371324,0.0007743350275498643
1442.8834438086874,1442.8834438086874,0.9999743001850281,0.0007746593566782456
1442.8903883720589,1442.8903883720589,1.0009124945851682,0.0007744578967070782
1442.8973329354153,1442.8973329354153,1.000036259324939,0.0007756848331623702
1442.904277498752,1442.904277498752,0.9995138708078409,0.0007757632195694011
1442.9112220620739,1442.9112220620739,1.00091042118655,0.000774566777187816
1442.9181666253694,1442.9181666253694,0.9997263503326105,0.0007741900999685381
1442.925111188651,1442.925111188651,0.9995698839140857,0.0007747171516825672
1442.9320557519145,1442.9320557519145,0.9989398160590854,0.0007748056844210663
1442.9390003151602,1442.9390003151602,1.0003687364060994,0.00077508677994573
1442.9459448783862,1442.9459448783862,1.0000277985590071,0.0007747672660668567
1442.952889441589,1442.952889441589,1.0001047866063977,0.0007750843812895132
1442.95983400478,1442.95983400478,1.0003534667964584,0.0007756292946876789
1442.9667785679535,1442.9667785679535,1.000253181491786,0.0007757493610291724
1442.9737231310974,1442.9737231310974,0.9999218110545607,0.0007759086175384013
1442.9806676942303,1442.9806676942303,1.0000327780971427,0.0007748270806888981
1442.9876122573428,1442.9876122573428,0.9997441861197591,0.0007745714396223543
1442.9945568204407,1442.9945568204407,0.9998543254950724,0.0007752444006960591
1443.0015013835123,1443.0015013835123,1.0001897246215141,0.000774644830169561
1443.0084459465688,1443.0084459465688,0.9994002532521084,0.0007754773797140002
1443.0153905096056,1443.0153905096056,0.9995404301054741,0.0007751708209971341
1443.022335072622,1443.022335072622,1.000579708727983,0.0007753600382127746
1443.0292796356237,1443.0292796356237,1.0003168983393798,0.000776379273579688
1443.0362241986054,1443.0362241986054,1.0004741796996564,0.0007751344490140566
1443.0431687615687,1443.0431687615687,1.0006534255680763,0.0007763293337856762
1443.0501133245125,1443.0501133245125,0.9992217922835879,0.0007745591879853465
1443.0570578874358,1443.0570578874358,0.9996815943236783,0.0007747225878860238
1443.0640024503386,1443.0640024503386,1.0001717608142409,0.0007751312979683971
1443.0709470132272,1443.0709470132272,0.9997332303751097,0.0007748746806403462
1443.0778915760914,1443.0778915760914,0.999419576422863,0.0007749085621441578
1443.084836138942,1443.084836138942,0.9998101016409136,0.0007747329380658953
1443.0917807017693,1443.0917807017693,1.0003958664160426,0.0007743011582218692
1443.0987252645787,1443.0987252645787,1.0007377622690776,0.0007763564814433657
1443.105669827371,1443.105669827371,0.999841564414685,0.0007753346218649757
1443.1126143901427,1443.1126143901427,0.9998987095723638,0.0007750961466328934
1443.1195589528943,1443.1195589528943,1.0003365642636992,0.0007749122955316465
1443.1265035156255,1443.1265035156255,1.0001434511604415,0.0007747987106300947
1443.1334480783419,1443.1334480783419,0.9995055322013998,0.0007742767099481582
1443.1403926410353,1443.1403926410353,1.000280891920682,0.000774790451093585
1443.1473372037103,1443.1473372037103,0.999481040894095,0.0007743804154162806
1443.1542817663662,1443.1542817663662,1.0001297101314977,0.0007747402499769389
1443.1612263290044,1443.1612263290044,0.9999659673123045,0.0007746646445607236
1443.1681708916217,1443.1681708916217,1.001085686617739,0.0007746117355774413
1443.1751154542221,1443.1751154542221,0.9991573547900364,0.0007749571673491332
1443.1820600168019,1443.1820600168019,1.0003453329836987,0.0007759548349306781
1443.1890045793607,1443.1890045793607,0.9995272709116676,0.0007753124101585469
1443.1959491419032,1443.1959491419032,0.9993617656441774,0.0007747197929280841
1443.2028937044245,1443.2028937044245,0.9999556426986235,0.0007751493443425193
1443.2098382669258,1443.2098382669258,1.0003255870879113,0.0007745621129657046
1443.2167828294125,1443.2167828294125,1.000111772157228,0.0007740897993090745
1443.2237273918695,1443.2237273918695,1.0008654688685525,0.0007751312020832877
1443.2306719543215,1443.2306719543215,1.0005917345338822,0.0007752182652057177
1443.2376165167411,1443.2376165167411,0.9989252563032316,0.0007748721124045996
1443.244561079149,1443.244561079149,1.0003087707324905,0.0007752712373276144
1443.2515056415339,1443.2515056415339,0.9998152644586993,0.000775166878093028
1443.258450203898,1443.258450203898,0.9996343821750244,0.0007754609835513117
1443.265394766245,1443.265394766245,0.9997652307925975,0.0007747982703896784
1443.2723393285714,1443.2723393285714,1.000310991884545,0.00077522199309396
1443.2792838908808,1443.2792838908808,1.0001389917695833,0.000775592559358994
1443.2862284531698,1443.2862284531698,0.9997285699717949,0.0007747856729254851
1443.2931730154382,1443.2931730154382,0.9992511699486165,0.0007743351015643252
1443.3001175776856,1443.3001175776856,1.0014527038891259,0.0007751816548971684
1443.307062139919,1443.307062139919,0.9997825906367922,0.0007747280437772015
1443.314006702126,1443.314006702126,0.9998821605549691,0.0007745452458079667
1443.320951264316,1443.320951264316,0.9996364297753819,0.0007747207123792734
1443.3278958264887,1443.3278958264887,1.0005555578117582,0.0007750181448305041
1443.334840388637,1443.334840388637,0.9993842726235369,0.0007749593022746429
1443.341784950769,1443.341784950769,0.9993489577780611,0.0007746818306762491
1443.34872951288,1443.34872951288,1.0004416798146964,0.000774908986283283
1443.3556740749707,1443.3556740749707,1.0004904200256848,0.0007751815619357309
1443.3626186370443,1443.3626186370443,0.9990539343488946,0.0007756538305860189
1443.3695631990945,1443.3695631990945,0.9998121020173023,0.0007749182570315145
1443.3765077611267,1443.3765077611267,1.0001476849822448,0.0007747499992399544
1443.3834523231449,1443.3834523231449,1.000425328768963,0.0007749952616193283
1443.3903968851334,1443.3903968851334,1.0000015397297424,0.0007747101970125718
1443.3973414471081,1443.3973414471081,1.0002453856268463,0.0007756137562524443
1443.4042860090594,1443.4042860090594,0.9999958509190753,0.0007746694498120803
1443.41123057099,1443.41123057099,0.9995447505575361,0.000774424740576037
1443.418175132906,1443.418175132906,0.9999409741692358,0.0007746288987464481
1443.4251196947987,1443.4251196947987,1.0005560138905878,0.0007746293326617039
1443.4320642566745,1443.4320642566745,0.999491724903586,0.0007744294456022073
1443.4390088185296,1443.4390088185296,0.9997833364751865,0.0007742851184537725
1443.4459533803615,1443.4459533803615,1.0009088717126065,0.0007754260565602362
1443.4528979421757,1443.4528979421757,0.9998654790907375,0.0007753543533001252
1443.4598425039699,1443.4598425039699,0.999866858027587,0.0007745060936095701
1443.4667870657431,1443.4667870657431,0.9995215967505597,0.0007746770720903889
1443.4737316274964,1443.4737316274964,0.9996244855025095,0.000774338969754603
1443.4806761892291,1443.4806761892291,1.0002553015137814,0.0007741842393428156
1443.4876207509415,1443.4876207509415,1.0000621463577986,0.0007748627400488578
1443.4945653126397,1443.4945653126397,0.9996097676416198,0.0007745169919522621
1443.501509874311,1443.501509874311,1.0007068923113704,0.000774673339879349
1443.5084544359656,1443.5084544359656,1.0000799514602474,0.0007750780957800506
1443.5153989975965,1443.5153989975965,1.0007567898106642,0.0007746452053039616
1443.52234355921,1443.52234355921,0.9994780344277052,0.0007749243325963778
1443.529288120803,1443.529288120803,1.0000802872777759,0.0007744947719544958
1443.536232682379,1443.536232682379,0.9992395387068111,0.0007745986823706543
1443.543177243931,1443.543177243931,0.9995735909669973,0.0007750209949404002
1443.5501218054603,1443.5501218054603,1.000668538623569,0.0007746393001570784
1443.5570663669714,1443.5570663669714,1.000062032123394,0.0007743788221554165
1443.5640109284632,1443.5640109284632,0.9994235907745471,0.0007753878260065921
1443.5709554899372,1443.5709554899372,1.00057652679301,0.0007745623863198654
1443.5779000513905,1443.5779000513905,0.9999725073699862,0.0007741506837643646
1443.5848446128207,1443.5848446128207,1.0002409235055674,0.0007739554449554725
1443.59178917423,1443.59178917423,0.9992107552946349,0.0007745248843549327
1443.5987337356166,1443.5987337356166,1.000226003257443,0.000774310524625296
1443.6056782969915,1443.6056782969915,1.0008108931110753,0.0007754061307631065
1443.612622858343,1443.612622858343,0.9999607681261538,0.0007760105715029543
1443.6195674196686,1443.6195674196686,1.000856224854014,0.0007746599696496453
1443.6265119809798,1443.6265119809798,0.9989693372161794,0.0007750072976431406
1443.633456542267,1443.633456542267,0.9995546762933729,0.0007746390905306973
1443.6404011035343,1443.6404011035343,0.9995001231387128,0.0007749412890719324
1443.6473456647836,1443.6473456647836,1.000331291655927,0.0007755794250723988
1443.654290226007,1443.654290226007,0.999708695582094,0.0007748441598884259
1443.6612347872192,1443.6612347872192,1.0010925810165945,0.0007745794076278305
1443.668179348399,1443.668179348399,1.0002181737648574,0.000774451728147042
1443.6751239095647,1443.6751239095647,1.000459182895178,0.0007749914576396801
1443.682068470709,1443.682068470709,0.9999526892649296,0.0007748204412607054
1443.6890130318338,1443.6890130318338,0.9996299865006477,0.0007745268768301226
1443.695957592938,1443.695957592938,1.0005518248530483,0.0007745438529256559
1443.7029021540218,1443.7029021540218,0.9999998913119981,0.0007747852111809717
1443.7098467150852,1443.7098467150852,0.9993844480745961,0.0007748066703050976
1443.7167912761256,1443.7167912761256,0.9999460429688259,0.0007753943559164212
1443.7237358371451,1443.7237358371451,1.0001709489255401,0.0007747827763597486
1443.730680398145,1443.730680398145,0.9998203097125579,0.0007746776919683229
1443.7376249591239,1443.7376249591239,0.9996842482182903,0.0007747572671040475
1443.7445695200854,1443.7445695200854,1.0004553536180307,0.0007751987991427901
1443.7515140810237,1443.7515140810237,1.0001853440916793,0.0007747971551677746
1443.7584586419446,1443.7584586419446,1.0001406322569417,0.0007765520828786802
1443.7654032028363,1443.7654032028363,0.9997762307501429,0.0007749441256372986
1443.7723477637135,1443.7723477637135,0.9997608271658809,0.0007752020909690913
1443.7792923245702,1443.7792923245702,1.0004293439827916,0.0007748549760448799
1443.7862368854035,1443.7862368854035,0.9993131464982303,0.0007746165885764834
1443.793181446217,1443.793181446217,1.000069473059402,0.0007746990939674649
1443.8001260070098,1443.8001260070098,0.99990742561445,0.0007748798853861442
1443.8070705677794,1443.8070705677794,1.0008104313507902,0.0007757380439962309
1443.814015128531,1443.814015128531,1.000160786282232,0.000775954159034653
1443.82095968926,1443.82095968926,0.9997253115626886,0.0007748327692544036
1443.8279042499685,1443.8279042499685,1.0005633397091123,0.0007745282962477904
1443.834848810656,1443.834848810656,0.9994342647786606,0.0007747560826396516
1443.841793371324,1443.841793371324,0.9997694047588996,0.0007753819733622672
1443.8487379319681,1443.8487379319681,0.9994724707047482,0.0007761369939864851
1443.855682492595,1443.855682492595,1.0001767190013722,0.0007747624265410394
1443.862627053196,1443.862627053196,1.0002180853994431,0.000774869447733217
1443.8695716137793,1443.8695716137793,0.9990470000492524,0.0007746732952583636
1443.876516174339,1443.876516174339,1.0012558128614601,0.000774459795790829
1443.8834607348813,1443.8834607348813,1.0005469240018465,0.0007747642369897616
1443.8904052953974,1443.8904052953974,0.9997297942769319,0.0007744882494816615
1443.8973498559,1443.8973498559,0.9997691317152905,0.0007745115284221937
1443.904294416378,1443.904294416378,0.9995316201733818,0.0007745902666510781
1443.9112389768302,1443.9112389768302,1.0000855462119722,0.0007753948344400702
1443.918183537268,1443.918183537268,1.0001251328298992,0.0007747141125551693
1443.9251280976798,1443.9251280976798,1.0001643880950641,0.0007749824107255276
1443.9320726580706,1443.9320726580706,1.0003382649650674,0.0007742869902051154
1443.9390172184412,1443.9390172184412,1.0001937025957872,0.0007757685065757898
1443.9459617787945,1443.9459617787945,1.0001009337946445,0.0007747979302893551
1443.9529063391278,1443.9529063391278,1.000024257503126,0.0007753592613247904
1443.9598508994227,1443.9598508994227,1.0006383855996908,0.0007745221460259195
1443.9667954597062,1443.9667954597062,0.9995571905898505,0.000774896590140832
1443.973740019978,1443.973740019978,0.9993024276446585,0.0007742998623129014
1443.980684580221,1443.980684580221,0.9994857687723616,0.000774765014745638
1443.9876291404405,1443.9876291404405,1.0006789093914037,0.0007750750465670911
1443.9945737006365,1443.9945737006365,0.9999324829494324,0.0007755777576944298
1444.001518260815,1444.001518260815,1.0001750820612982,0.0007745438819647593
1444.0084628209765,1444.0084628209765,0.9998340483950315,0.000774952436179866
1444.0154073811143,1444.0154073811143,1.0000498377752924,0.0007751102981082447
1444.0262408948765,1444.0262408948765,1.0002770313652678,0.0007738787348011675
1444.0390188854137,1444.0390188854137,1.0002257162620465,0.000774028254640083
1444.0467967926681,1444.0467967926681,1.0000274646863685,0.0007737488268877667
1444.0542969174744,1444.0542969174744,1.0006307282835027,0.0007747607785950014
1444.061241477467,1444.061241477467,0.999359435569372,0.0007741351659326593
1444.0687416022447,1444.0687416022447,1.0000579220058794,0.0007752727922573084
1444.0765195093772,1444.0765195093772,0.9996915472337138,0.0007754906269437697
1444.0834640693058,1444.0834640693058,0.999791445453836,0.0007742740682037867
1444.090408629211,1444.090408629211,1.0007193698547194,0.0007751805981610789
1444.0973531890927,1444.0973531890927,0.9996588566699842,0.0007746497515028163
1444.1042977489456,1444.1042977489456,1.000566524979586,0.0007748304463690499
1444.1112423087861,1444.1112423087861,0.9998401663624229,0.0007745469433358175
1444.118186868604,1444.118186868604,0.9997128147659275,0.0007750234290722635
1444.1251314283986,1444.1251314283986,1.0004952474127642,0.0007748836934153875
1444.1320759881642,1444.1320759881642,0.9993537409706426,0.0007746525531429905
1444.1390205479295,1444.1390205479295,0.9996817894686307,0.0007754808224141933
1444.1459651076425,1444.1459651076425,1.0000642700849147,0.0007745690591494484
1444.152909667356,1444.152909667356,1.0001035912251977,0.0007750298126865036
1444.1598542270337,1444.1598542270337,1.000544340732612,0.0007754516727262222
1444.1667987867004,1444.1667987867004,1.0003321624308872,0.0007742922109615642
1444.1737433463436,1444.1737433463436,1.0001948139855863,0.0007748512217660497
1444.180687905963,1444.180687905963,0.9997767096772296,0.0007753636298933381
1444.1876324655598,1444.1876324655598,0.9999498704755319,0.0007748437691258806
1444.194577025133,1444.194577025133,0.9994355287144977,0.0007742827335037094
1444.201521584689,1444.201521584689,0.9998336661456901,0.0007746509469698659
1444.2084661442218,1444.2084661442218,1.0001992189166722,0.0007751617541423956
1444.2154107037254,1444.2154107037254,0.9995798371154144,0.0007745734791733454
1444.2223552632113,1444.2223552632113,1.0002984431370012,0.0007753993807966427
1444.2292998226858,1444.2292998226858,1.0000237171947632,0.0007750509138277423
1444.2362443821194,1444.2362443821194,1.000294867551459,0.0007766690521770509
1444.2431889415413,1444.2431889415413,1.0000761721759273,0.0007757773415808921
1444.25013350094,1444.25013350094,1.0006185695949874,0.0007744569379743826
1444.2570780603153,1444.2570780603153,0.9994255763655119,0.0007748288804777195
1444.2640226196677,1444.2640226196677,1.0001986232066484,0.000775004359048404
1444.2709671790078,1444.2709671790078,0.9996322042432656,0.0007747558556803443
1444.2779117383193,1444.2779117383193,1.0002265641038408,0.0007748142788906295
1444.284856297602,1444.284856297602,0.9999438410580513,0.0007753733736610566
1444.2918008568608,1444.2918008568608,0.9995814322582955,0.0007747544627711793
1444.2987454161143,1444.2987454161143,0.9999830685804124,0.0007747138906663617
1444.305689975327,1444.305689975327,1.0003762828231006,0.0007750900180444266
1444.3126345345272,1444.3126345345272,0.9996160662004995,0.0007745634106575092
1444.3195790937107,1444.3195790937107,1.0003190062871408,0.0007747687656596107
1444.326523652853,1444.326523652853,0.999530603804932,0.0007745211597699149
1444.3334682119898,1444.3334682119898,1.0002958329545824,0.0007750542828442088
1444.3404127710978,1444.3404127710978,1.0004804701572274,0.0007749288155257008
1444.3473573301821,1444.3473573301821,1.0002488648254821,0.0007751831792507076
1444.3543018892433,1444.3543018892433,1.0000560398370113,0.0007749206073461066
1444.3612464482928,1444.3612464482928,0.9996137005984472,0.0007746565904887907
1444.368191007313,1444.368191007313,0.9993459083310929,0.0007744716194386001
1444.3751355663048,1444.3751355663048,0.999972487460781,0.0007757419513757804
1444.3820801252725,1444.3820801252725,0.9998486412341689,0.0007750054507785703
1444.3890246842345,1444.3890246842345,1.000459175432331,0.0007758170285921894
1444.3959692431558,1444.3959692431558,1.0002902551305641,0.0007747227313158648
1444.4029138020658,1444.4029138020658,1.000032495246482,0.0007750240848967457
1444.4098583609348,1444.4098583609348,1.0001760665141917,0.0007752304827352403
1444.4168029198038,1444.4168029198038,0.9993128078463952,0.000774482384647908
1444.4237474786437,1444.4237474786437,1.0001168689218498,0.0007760380354902986
1444.4306920374606,1444.4306920374606,1.0000827243817259,0.000775256765738509
1444.437636596254,1444.437636596254,0.9997394672143785,0.000775237970464006
1444.4445811550297,1444.4445811550297,1.000092366814245,0.0007745899125261191
1444.4515257137707,1444.4515257137707,1.000483742382984,0.0007762730641639781
1444.4584702724944,1444.4584702724944,1.0001148381839633,0.0007748782516479202
1444.4654148312002,1444.4654148312002,1.0002164431202687,0.0007742193590625339
1444.4723593898773,1444.4723593898773,0.9996123363382348,0.0007754983198533054
1444.4793039485362,1444.4793039485362,1.0001617566741392,0.000775439888082211
1444.486248507167,1444.486248507167,1.00038560397914,0.0007745117897712138
1444.49319306578,1444.49319306578,1.0002826879870228,0.0007753579342684899
1444.5001376243695,1444.5001376243695,0.9993918721516838,0.0007753042779593006
1444.5070821829302,1444.5070821829302,0.9997676087112263,0.0007748044152757103
1444.5140267414674,1444.5140267414674,1.0002604793360204,0.000776131516534545
1444.520971299993,1444.520971299993,1.0003041487809268,0.000775884774145885
1444.5279158584838,1444.5279158584838,0.9999976986192907,0.0007756310687007465
1444.534860416957,1444.534860416957,1.0000881529335148,0.0007750496090238779
1444.5418049754012,1444.5418049754012,0.9997850526628038,0.0007750314132617872
1444.5487495338336,1444.5487495338336,1.0002061843395995,0.0007773132233976109
1444.5556940922313,1444.5556940922313,1.000627125318357,0.0007748844743614435
1444.562638650617,1444.562638650617,0.9996953575926911,0.0007748201917415169
1444.5695832089737,1444.5695832089737,0.9996708483170842,0.0007753158990716376
1444.5765277673072,1444.5765277673072,1.0001502535035818,0.0007752859524402821
1444.5834723256175,1444.5834723256175,0.9996282831522706,0.0007757767114835796
1444.5904168839047,1444.5904168839047,0.9996286052059524,0.0007748889483536178
1444.5973614421682,1444.5973614421682,0.9999907572984039,0.0007753683141456374
1444.6043060004088,1444.6043060004088,1.0003143694155603,0.0007753130893946125
1444.6112505586257,1444.6112505586257,0.999829625053642,0.0007743015179225157
1444.6181951168196,1444.6181951168196,1.000557005082035,0.0007736939632986574
1444.62513967499,1444.62513967499,0.9998178802704422,0.000774197209793721
1444.6320842331315,1444.6320842331315,1.000156501685708,0.0007740155203362952
1444.6390287912673,1444.6390287912673,0.9998642567314956,0.0007748551720490802
1444.645973349368,1444.645973349368,0.9999694521685829,0.0007755434184781253
1444.6529179074455,1444.6529179074455,1.0004586725550015,0.0007743065883630759
1444.6598624654932,1444.6598624654932,1.0003241988150766,0.0007750443253316668
1444.66680702353,1444.66680702353,1.0002710385666547,0.0007746384886148568
1444.6737515815435,1444.6737515815435,0.999555653505405,0.0007740989684489178
1444.680696139516,1444.680696139516,0.9995090562065727,0.0007743760278805609
1444.687640697477,1444.687640697477,0.9993197966060782,0.0007742896845058616
1444.6945852554209,1444.6945852554209,0.9999787953333594,0.0007748921778587491
1444.7015298133297,1444.7015298133297,1.000645709822193,0.0007751997573626912
1444.7084743712207,1444.7084743712207,0.9999617150404113,0.0007743865413294876
1444.7154189290827,1444.7154189290827,0.9998829596055415,0.0007760311339332734
1444.7223634869272,1444.7223634869272,0.9998715349347187,0.0007760532160678215
1444.729308044743,1444.729308044743,1.0000687094459348,0.000775077273474769
1444.7362526025408,1444.7362526025408,1.0003736470512767,0.0007751613753112362
1444.7431971603096,1444.7431971603096,1.0007530803876887,0.0007761797817118923
1444.7501417180615,1444.7501417180615,0.9997050909540931,0.0007754077296303253
1444.7570862757777,1444.7570862757777,0.9999652956350825,0.000774585240483137
1444.7640308334824,1444.7640308334824,1.0000755448814607,0.0007742249074973977
1444.7709753911581,1444.7709753911581,1.0002310622852582,0.0007748519275151209
1444.7779199488107,1444.7779199488107,1.0001248485113359,0.000774885519317092
1444.78486450644,1444.78486450644,1.000280739837451,0.0007751217121038355
1444.7918090640462,1444.7918090640462,0.9991622869352474,0.0007751947885563283
1444.7987536216283,1444.7987536216283,0.9996200303745184,0.0007744832658268923
1444.805698179188,1444.805698179188,1.0008600036866322,0.0007756096412680107
1444.8126427367124,1444.8126427367124,0.999515621519385,0.0007750331360617022
1444.8195872942256,1444.8195872942256,0.9999875838679925,0.0007749513235353015
1444.826531851709,1444.826531851709,0.9998434898932123,0.0007751692479572897
1444.8334764091694,1444.8334764091694,1.0002261512301842,0.000774657935136024
1444.8404209666064,1444.8404209666064,1.0006631054019561,0.0007748627675826029
1444.8473655240205,1444.8473655240205,0.9995833342330928,0.0007746874799415152
1444.8543100814052,1444.8543100814052,1.0000778305691702,0.0007761446327578739
1444.8612546387667,1444.8612546387667,0.9995651108028021,0.0007746971891199025
1444.8681991961105,1444.8681991961105,1.0006731067323504,0.0007755030938627428
1444.875143753426,1444.875143753426,1.0002135577231541,0.0007751761788624458
1444.8820883107114,1444.8820883107114,0.999760233143361,0.0007751474817848435
1444.8890328679797,1444.8890328679797,0.9999948006353743,0.0007753650167932428
1444.8959774252305,1444.8959774252305,0.9987734550703122,0.0007755934667335558
1444.9029219824465,1444.9029219824465,1.000412573150422,0.0007749206460823469
1444.909866539639,1444.909866539639,1.0001810028334073,0.0007752746269123537
1444.9168110968085,1444.9168110968085,1.000189410585086,0.0007746823679049001
1444.9237556539426,1444.9237556539426,0.9992384336531543,0.0007740849531347988
1444.9307002110659,1444.9307002110659,1.0002110213902202,0.0007746665276419795
1444.9376447681711,1444.9376447681711,1.0002499965175313,0.0007745920860861718
1444.9445893252473,1444.9445893252473,1.0005013852853022,0.000776085835166949
1444.9515338822948,1444.9515338822948,1.0000757679419654,0.0007742834829999901
1444.9584784393185,1444.9584784393185,0.9998248438256534,0.0007743679691285763
1444.9654229963191,1444.9654229963191,1.000031917129079,0.0007743709352770278
1444.9723675532903,1444.9723675532903,1.0001100379531507,0.0007756792546363453
1444.9793121102443,1444.9793121102443,1.0003935928868644,0.0007754095087627079
1444.9862566671698,1444.9862566671698,1.000105895921806,0.0007746761805975485
1444.993201224071,1444.993201224071,0.9998387570003873,0.0007747486586425681
1445.0001457809435,1445.0001457809435,0.9997486286782342,0.0007744404318901222
1445.007090337787,1445.007090337787,0.9989480865874374,0.0007747428908672951
1445.014034894619,1445.014034894619,1.0005019031941222,0.0007743937934793022
1445.0209794514335,1445.0209794514335,1.0005035444114836,0.0007746830333724339
1445.0279240082011,1445.0279240082011,0.9996358724389607,0.0007753885747095267
1445.034868564957,1445.034868564957,1.000137875663352,0.0007746294269099384
1445.0418131216843,1445.0418131216843,0.9996592818374808,0.0007748728148624137
1445.0487576783994,1445.0487576783994,1.0002457694170117,0.0007751573648869641
1445.0557022350683,1445.0557022350683,1.0003573837076538,0.0007747570410322109
1445.0626467917252,1445.0626467917252,0.999516261321515,0.0007744950155242098
1445.0695913483473,1445.0695913483473,1.0001279991638814,0.0007754210433693671
1445.0765359049578,1445.0765359049578,1.0003263190699427,0.0007753199542954503
1445.0834804615338,1445.0834804615338,0.9999154021285216,0.0007747492759321813
1445.0904250180804,1445.0904250180804,0.9996701592895636,0.0007755853651117393
1445.0973695746152,1445.0973695746152,0.99993174787258,0.0007750078456647648
1445.1043141311209,1445.1043141311209,1.0004020789677983,0.0007754415751151592
1445.111258687592,1445.111258687592,0.9999104986486996,0.0007745576221568429
1445.1182032440572,1445.1182032440572,1.0003809729008601,0.0007752138386977066
1445.1251478004813,1445.1251478004813,0.9993910028473796,0.0007752175923557005
1445.1320923568883,1445.1320923568883,1.0002247851818666,0.0007745700022630171
1445.1390369132662,1445.1390369132662,1.000090167908447,0.0007753778498841427
1445.1459814696204,1445.1459814696204,0.9999773846608535,0.0007763124822929028
1445.1529260259458,1445.1529260259458,1.0001401374914987,0.0007749836206324971
1445.159870582248,1445.159870582248,0.9997410953938383,0.0007746703038472873
1445.166815138521,1445.166815138521,1.0002465285754603,0.0007749299721454266
1445.173759694777,1445.173759694777,0.9998860316271486,0.0007751980137226847
1445.1807042510031,1445.1807042510031,0.9999348184809845,0.0007753017814295517
1445.1876488072062,1445.1876488072062,1.0002141146400771,0.0007754234890043057
1445.1945933633863,1445.1945933633863,0.9997758474264871,0.0007753927229273948
1445.201537919531,1445.201537919531,0.9993317268330347,0.000774488625406976
1445.2084824756644,1445.2084824756644,1.0003666490177454,0.0007751754687869017
1445.2154270317628,1445.2154270317628,1.000663828432454,0.0007746162239433468
1445.2223715878322,1445.2223715878322,0.9998827248394534,0.0007757716473499499
1445.229316143884,1445.229316143884,1.0002238211129977,0.0007751381112919075
1445.2362606999063,1445.2362606999063,0.9998966413912532,0.0007748469775010837
1445.2432052559002,1445.2432052559002,0.9997168512481414,0.000774743760571985
1445.2501498118822,1445.2501498118822,1.0001320219566974,0.0007746199572387074
1445.2570943678231,1445.2570943678231,0.9993179673922196,0.0007754379125239118
1445.264038923741,1445.264038923741,0.9994245751942467,0.0007742791631414279
1445.2709834796358,1445.2709834796358,1.0005991727383932,0.0007743734611886959
1445.2779280355012,1445.2779280355012,1.0010222088375962,0.0007750018822615622
1445.2848725913555,1445.2848725913555,1.0006086213297636,0.000774705571885107
1445.2918171471683,1445.2918171471683,1.0001928392356543,0.0007749266077758902
1445.2987617029582,1445.2987617029582,0.9994029470940582,0.000774577695812001
1445.305706258725,1445.305706258725,1.000441005620859,0.0007747763230172436
1445.3126508144683,1445.3126508144683,1.0009607754188774,0.0007750937401861961
1445.3195953701766,1445.3195953701766,0.9995600684011535,0.0007740079211039587
1445.3265399258557,1445.3265399258557,0.9991742142705162,0.0007753278960034739
1445.3334844815236,1445.3334844815236,1.0001151508311885,0.0007741682965044299
1445.340429037174,1445.340429037174,0.9996076530311953,0.0007742445013363789
1445.3473735927773,1445.3473735927773,1.0005141838261147,0.00077425699302546
1445.3543181483635,1445.3543181483635,1.00110104489292,0.0007747148965896471
1445.3612627039204,1445.3612627039204,0.9995997072126688,0.0007741370970349374
1445.368207259454,1445.368207259454,0.999648373106582,0.0007751248952667401
1445.3751518149586,1445.3751518149586,1.0002094560343817,0.0007742731592678009
1445.3820963704397,1445.3820963704397,0.9999299718631809,0.0007745871651192468
1445.3890409258922,1445.3890409258922,1.0002430585006352,0.00077438530347108
1445.3959854813213,1445.3959854813213,0.9999658359806451,0.000775476126061088
1445.4029300367154,1445.4029300367154,0.9998942810869185,0.0007744855407911971
1445.409874592092,1445.409874592092,0.9991550059927208,0.0007752965002135595
1445.416819147445,1445.416819147445,0.9999275747099758,0.0007751971627861628
1445.4237637027636,1445.4237637027636,1.0004790643306791,0.0007752848418072832
1445.430708258065,1445.430708258065,0.9997676820610778,0.0007740723947280987
1445.437652813336,1445.437652813336,1.0006608295150061,0.0007749937721379739
1445.4445973685674,1445.4445973685674,0.9996519755240888,0.0007745987415844651
1445.451541923793,1445.451541923793,1.0002550250120068,0.0007739950992173784
1445.4584864789829,1445.4584864789829,0.9999237938365393,0.0007742451324092814
1445.4654310341498,1445.4654310341498,1.000191915967325,0.0007745184551219487
1445.4723755892824,1445.4723755892824,0.9992489341572675,0.0007744448920394491
1445.4793201444027,1445.4793201444027,1.0001903752555212,0.0007747069580707923
1445.4862646994823,1445.4862646994823,1.0002765459688634,0.0007757358792806608
1445.4932092545332,1445.4932092545332,1.0001002664150402,0.0007751975022544039
1445.5001538095664,1445.5001538095664,1.0001672688152872,0.0007754820299436888
1445.5070983645703,1445.5070983645703,0.9997851661386912,0.0007742349206053534
1445.5140429195453,1445.5140429195453,0.9996763753589164,0.0007747299703169867
1445.5209874745087,1445.5209874745087,1.0004671819273034,0.0007750931487650345
1445.5279320294194,1445.5279320294194,0.9999737872493561,0.0007742728059964642
1445.5348765843191,1445.5348765843191,0.9996078040920675,0.0007747400520311664
1445.541821139189,1445.541821139189,1.0004730081189748,0.0007744471066653266
1445.54876569403,1445.54876569403,0.9999670391947539,0.0007748831324806414
1445.555710248848,1445.555710248848,0.9998412362876884,0.0007746674759062
1445.562654803631,1445.562654803631,0.9999436504210089,0.0007749232210260614
1445.569599358402,1445.569599358402,0.9998617022968876,0.00077485910997337
1445.5765439131326,1445.5765439131326,0.9998843224446388,0.000775188213336635
1445.5834884678457,1445.5834884678457,0.9994690963385979,0.0007747619074027493
1445.590433022518,1445.590433022518,1.000326291372653,0.000774496298536375
1445.5973775771727,1445.5973775771727,1.0005608540056785,0.0007743011559190111
1445.6043221317984,1445.6043221317984,1.0008247596163298,0.0007755137289980364
1445.611266686401,1445.611266686401,0.9993270744318856,0.000775008870487756
1445.6182112409745,1445.6182112409745,0.9998520472538933,0.0007746347767095485
1445.6251557955184,1445.6251557955184,0.9999390174507518,0.000774565063314176
1445.6321003500275,1445.6321003500275,0.99993385749004,0.0007749618568570532
1445.6390449045255,1445.6390449045255,1.0006509417917302,0.0007752929308764303
1445.6459894589887,1445.6459894589887,0.9996510123575314,0.0007746335000420586
1445.652934013428,1445.652934013428,0.9993065496130347,0.0007742407525339471
1445.6598785678325,1445.6598785678325,1.0003141811084428,0.0007751271509621616
1445.6668231222138,1445.6668231222138,1.0003159234345675,0.0007757233271414518
1445.673767676566,1445.673767676566,0.9997907007232325,0.0007743988161575823
1445.6807122308949,1445.6807122308949,0.999123796998534,0.0007745657225321161
1445.687656785189,1445.687656785189,1.0004875393080344,0.0007757923684462975
1445.6946013394595,1445.6946013394595,1.0003139778455725,0.0007746875991489939
1445.7015458936953,1445.7015458936953,1.0002690350422891,0.0007751620817743447
1445.7084904479075,1445.7084904479075,1.0000971468234656,0.0007747429666934366
1445.7154350021024,1445.7154350021024,1.000090143386257,0.0007745607456166491
1445.7223795562684,1445.7223795562684,1.000010327112395,0.0007742553876230498
1445.7293241103994,1445.7293241103994,1.00032775517517,0.0007745277355163495
1445.7362686644956,1445.7362686644956,0.9992417515789989,0.0007745412846598127
1445.7432132185743,1445.7432132185743,0.9996226328689183,0.0007749668576375446
1445.7501577726239,1445.7501577726239,1.000744397072422,0.0007752791650386993
1445.757102326644,1445.757102326644,0.9988810857316468,0.0007748801566948621
1445.7640468806353,1445.7640468806353,1.0000918045066958,0.0007742438569036259
1445.7709914346028,1445.7709914346028,1.0002514875479798,0.0007749957707366402
1445.777935988548,1445.777935988548,0.9998924384395448,0.0007741841781170554
1445.784880542446,1445.784880542446,1.001204584395302,0.000775535235536474
1445.7918250963266,1445.7918250963266,0.9997171567708346,0.0007748614857283843
1445.798769650184,1445.798769650184,0.999621853455469,0.0007742625835897677
1445.8057142040066,1445.8057142040066,1.0002653230051257,0.0007744057265942002
1445.8126587578058,1445.8126587578058,0.9999781420266647,0.0007754877243235527
1445.8196033115696,1445.8196033115696,1.000222839895084,0.0007751498166583289
1445.8265478653107,1445.8265478653107,0.99947518469399,0.0007741301134928725
1445.8334924190226,1445.8334924190226,1.0002421306889868,0.0007757016615149715
1445.8404369726995,1445.8404369726995,0.9995668386134746,0.0007743453822098817
1445.8473815263649,1445.8473815263649,1.000185843394166,0.0007748819479807152
1445.8543260799838,1445.8543260799838,0.9991317477357022,0.0007751457954678372
1445.8612706335794,1445.8612706335794,1.0006175512487414,0.0007747530586203707
1445.8682151871458,1445.8682151871458,0.9998160385573648,0.0007746187025250538
1445.8751597406942,1445.8751597406942,1.0007615089411028,0.0007747297764605641
1445.8821042941968,1445.8821042941968,0.9999695749093446,0.0007744597612682487
1445.8890488476816,1445.8890488476816,1.0007062566432423,0.0007746499878016751
1445.895993401137,1445.895993401137,0.9995259561365419,0.0007745284907695333
1445.9029379545698,1445.9029379545698,0.9996440627292852,0.0007743653423335763
1445.9098825079616,1445.9098825079616,0.9999004848008409,0.0007745584502773016
1445.91682706133,1445.91682706133,1.0000371025381383,0.0007745829169056789
1445.9237716146695,1445.9237716146695,0.9998184117161971,0.0007753952612483371
1445.9307161679853,1445.9307161679853,0.999503537845014,0.0007737081420472205
1445.9376607212662,1445.9376607212662,0.9999348381167265,0.0007743131647032064
1445.9446052745247,1445.9446052745247,1.000463305106525,0.0007747557432534876
1445.9515498277415,1445.9515498277415,1.0005888540282997,0.0007752734348000971
1445.9584943809411,1445.9584943809411,0.9994188285135313,0.000774589115948446
1445.965438934112,1445.965438934112,1.000224194995785,0.0007744333610732233
1445.9723834872475,1445.9723834872475,1.0004887548615042,0.0007747901487514672
1445.9793280403542,1445.9793280403542,1.0005671425142872,0.0007747880602242107
1445.986272593437,1445.986272593437,0.9999483051889474,0.0007744141664612024
1445.9932171464911,1445.9932171464911,0.9998484889101794,0.0007748432829642741
1446.0001616995046,1446.0001616995046,0.9996438201620677,0.0007745503423164629
1446.0071062524946,1446.0071062524946,1.0000159434729312,0.0007742613267119873
1446.0140508054617,1446.0140508054617,0.9994051627194842,0.000774392932101405
1446.0209953583937,1446.0209953583937,1.0011572504364281,0.0007752141677061974
1446.0279399112965,1446.0279399112965,0.9998282289308786,0.0007746385980505102
1446.03488446417,1446.03488446417,1.0000694024238654,0.0007743047783014753
1446.0418290170205,1446.0418290170205,0.9995063033157627,0.0007750645852774788
1446.04877356983,1446.04877356983,1.000171655534626,0.0007749844009112673
1446.0557181226163,1446.0557181226163,1.000092602299112,0.0007745539106229066
1446.0626626753733,1446.0626626753733,0.9995693574175094,0.0007763262459532859
1446.0696072281019,1446.0696072281019,0.9996241473658507,0.0007746603630284768
1446.0765517808009,1446.0765517808009,1.00039037525366,0.0007745739531109035
1446.083496333465,1446.083496333465,0.9999363643421365,0.0007754649630853031
1446.090440886112,1446.090440886112,1.0002363022953615,0.0007754501142188499
1446.097385438718,1446.097385438718,1.0003749178890158,0.0007749500331228575
1446.1043299912944,1446.1043299912944,1.0002098135028048,0.0007752191340152667
1446.1112745438363,1446.1112745438363,1.000546425124625,0.0007746240760647814
1446.118219096361,1446.118219096361,0.9994039509929034,0.0007747612734898561
1446.1251636488505,1446.1251636488505,0.9995321284121935,0.0007746850769855942
1446.1321082013105,1446.1321082013105,0.9995292704845655,0.0007752917949078902
1446.1390527537421,1446.1390527537421,1.0013308803737349,0.0007751666420353707
1446.1459973061387,1446.1459973061387,0.9998669312398695,0.0007749084339347464
1446.1529418585062,1446.1529418585062,0.9996203225834079,0.000775118782982256
1446.1598864108323,1446.1598864108323,0.99910395839152,0.0007744612581268987
1446.166830963153,1446.166830963153,0.9998931790079212,0.0007748477186284568
1446.1737755154331,1446.1737755154331,0.9998061215449556,0.0007760914280018384
1446.180720067684,1446.180720067684,0.9999029976945412,0.0007741459577991419
1446.1876646198998,1446.1876646198998,1.0008386822110034,0.0007739945329771966
1446.1946091720863,1446.1946091720863,1.000000987852156,0.0007753188088840449
1446.2015537242446,1446.2015537242446,1.0001506515828251,0.0007743578531452312
1446.2084982763731,1446.2084982763731,1.0000370449056313,0.0007745324645987057
1446.2154428284666,1446.2154428284666,1.000284777159456,0.0007751113606789752
1446.2223873805312,1446.2223873805312,1.0000104200283164,0.0007746080904747969
1446.2293319325668,1446.2293319325668,0.9995114702371165,0.0007752765888138366
1446.2362764845734,1446.2362764845734,0.9991299893213291,0.0007752671416194725
1446.243221036551,1446.243221036551,0.9995556676015237,0.0007745777333988881
1446.2501655884873,1446.2501655884873,0.9998447417276697,0.000774750890500581
1446.2571101404126,1446.2571101404126,1.0008620553884078,0.0007762760040927425
1446.2640546922908,1446.2640546922908,0.9999783493242201,0.0007750852330105047
1446.2709992441398,1446.2709992441398,1.0000945582837653,0.0007749489198823627
1446.277943795954,1446.277943795954,1.00084609201899,0.0007747016008729627
1446.284888347751,1446.284888347751,0.9998658029646201,0.0007746405336570035
1446.2918328995129,1446.2918328995129,1.0007748328186712,0.0007748639112973388
1446.298777451234,1446.298777451234,1.0000651673652767,0.0007747077267432329
1446.3057220029318,1446.3057220029318,0.9997299682293885,0.0007746860754215736
1446.3126665546008,1446.3126665546008,0.9994680558059971,0.0007748879082163546
1446.3196111062286,1446.3196111062286,1.000261380878799,0.0007749318558213811
1446.3265556578276,1446.3265556578276,1.0003098886163992,0.0007748859344702867
1446.3335002094088,1446.3335002094088,1.0000574545843153,0.0007744812757379961
1446.3404447609498,1446.3404447609498,1.000105206998804,0.0007745910656404424
1446.3473893124556,1446.3473893124556,1.0000889240460817,0.0007754924868240844
1446.354333863938,1446.354333863938,0.9997087354715299,0.0007743446045998911
1446.3612784153859,1446.3612784153859,1.000618741002807,0.0007750442011343486
1446.3682229667932,1446.3682229667932,0.9993960912716628,0.0007741750597944837
1446.3751675181823,1446.3751675181823,1.0001548985848694,0.0007744413028463311
1446.3821120695368,1446.3821120695368,0.9993810030866319,0.0007740367229336532
1446.3890566208563,1446.3890566208563,1.0001294740704996,0.0007751826889757327
1446.3960011721465,1446.3960011721465,1.0002910261786742,0.0007750419390352664
1446.4029457234021,1446.4029457234021,0.9994938817971628,0.0007755279732047419
1446.4098902746287,1446.4098902746287,1.0006846793505715,0.0007742984134725422
1446.4168348258258,1446.4168348258258,1.000136927672876,0.0007750022882379843
1446.4237793769885,1446.4237793769885,0.9998791126860322,0.0007742774377990393
1446.4307239281156,1446.4307239281156,0.9998664564421036,0.0007742929462933425
1446.4376684792196,1446.4376684792196,1.000162214686005,0.0007742811310684617
1446.4446130302774,1446.4446130302774,0.9997759266273576,0.0007744641880416335
1446.4515575813234,1446.4515575813234,1.0001319117209126,0.000774947531930792
1446.458502132323,1446.458502132323,0.9998391337401336,0.0007741253587473345
1446.4654466832933,1446.4654466832933,1.0005229340586668,0.0007745744936931856
1446.4723912342288,1446.4723912342288,0.9996894525858133,0.0007753837216478466
1446.4793357851352,1446.4793357851352,1.0003641667183971,0.0007758206264760022
1446.4862803360004,1446.4862803360004,0.9993085039464231,0.0007745936557520513
1446.4932248868543,1446.4932248868543,0.9996702627819261,0.0007748524227628596
1446.5001694376674,1446.5001694376674,1.000222377983865,0.0007746634396054574
1446.5071139884396,1446.5071139884396,1.000133213398027,0.0007743696049763541
1446.5140585391773,1446.5140585391773,0.9993074758607495,0.0007741525757469496
1446.5210030898918,1446.5210030898918,1.0011532706070159,0.0007744477280785636
1446.5279476405708,1446.5279476405708,1.0002072889734435,0.0007745924384067283
1446.534892191221,1446.534892191221,0.9997823874696092,0.0007748128786954999
1446.5418367418424,1446.5418367418424,0.9998615598469721,0.0007739776062661837
1446.5487812924225,1446.5487812924225,0.9997481051182293,0.0007739673264631445
1446.555725842968,1446.555725842968,0.9997486052517346,0.0007746836859474926
1446.56267039349,1446.56267039349,1.000182096769292,0.0007751066083200444
1446.5696149439657,1446.5696149439657,0.9997408248822339,0.0007742555811841312
1446.5765594944294,1446.5765594944294,1.0001650723314435,0.000775249573927365
1446.5835040448349,1446.5835040448349,1.0007791979839937,0.0007751949875789452
1446.5904485952235,1446.5904485952235,0.9998856284332053,0.0007746606934428979
1446.5973931455767,1446.5973931455767,1.000498317978607,0.000775156335751465
1446.6043376958892,1446.6043376958892,0.9997308188811903,0.0007751947023276657
1446.6112822461787,1446.6112822461787,0.9993980312076417,0.0007753728630261755
1446.6182267964327,1446.6182267964327,1.0000502714000195,0.0007746556090972085
1446.6251713466525,1446.6251713466525,0.9996318407489257,0.0007746656693458882
1446.6321158968367,1446.6321158968367,0.9996321198416596,0.0007747081654790331
1446.639060446981,1446.639060446981,1.0004953754668016,0.0007750099183857438
1446.6460049971072,1446.6460049971072,0.9994978079165995,0.0007741405710103542
1446.6529495471925,1446.6529495471925,1.0008169304157042,0.0007747814646267376
1446.659894097243,1446.659894097243,0.9998474844151805,0.0007746573812851258
1446.6668386472707,1446.6668386472707,1.000797925531335,0.0007740872237445471
1446.6737831972514,1446.6737831972514,0.9994833360963755,0.0007749973264040878
1446.6807277472026,1446.6807277472026,0.9999252183506508,0.000775595382712382
1446.6876722971197,1446.6876722971197,0.9997374971704878,0.0007749830181109347
1446.6946168470072,1446.6946168470072,1.000488194353877,0.0007745262845486374
1446.7015613968547,1446.7015613968547,0.9996884775617042,0.0007744812163120256
1446.7085059466722,1446.7085059466722,1.000498092313282,0.0007751517934312733
1446.7154504964549,1446.7154504964549,1.000177823231946,0.0007739431012606283
1446.722395046203,1446.722395046203,0.9999112150853762,0.0007743615115794082
1446.7293395959218,1446.7293395959218,1.0000563643055866,0.0007755313441085959
1446.7362841455938,1446.7362841455938,0.9999497540116863,0.0007747664230897523
1446.743228695243,1446.743228695243,0.9997507038882493,0.0007751519165144497
1446.750173244851,1446.750173244851,0.9999523826213563,0.0007748742018845875
1446.7571177944362,1446.7571177944362,1.000027421524519,0.0007747229120562037
1446.7640623439743,1446.7640623439743,1.000615619417336,0.0007747107324936605
1446.7710068934837,1446.7710068934837,0.9993441952636182,0.0007754118981193065
1446.7779514429585,1446.7779514429585,0.9998686682171503,0.0007750745989216487
1446.7848959923977,1446.7848959923977,1.0004374048415896,0.0007745000429656005
1446.7918405418025,1446.7918405418025,0.999994425523794,0.0007752236125682826
1446.7987850911782,1446.7987850911782,1.0006552436482186,0.000775342607010923
1446.8057296405125,1446.8057296405125,0.9995952593703198,0.0007753820377893907
1446.8126741898063,1446.8126741898063,0.9996817064498256,0.0007745231055633368
1446.8196187390713,1446.8196187390713,1.0000897198196408,0.0007750961350887031
1446.826563288307,1446.826563288307,0.9999728287925462,0.0007753579015864745
1446.8335078375078,1446.8335078375078,0.9999008192227075,0.0007747199878450708
1446.840452386668,1446.840452386668,1.0002726815580414,0.0007740076212385203
1446.8473969357988,1446.8473969357988,0.9997685229277037,0.0007759345165269764
1446.8543414848891,1446.8543414848891,1.0001787962838702,0.0007746272473150602
1446.8612860339383,1446.8612860339383,0.999597001049078,0.0007759808727948842
1446.8682305829648,1446.8682305829648,0.9996960899014471,0.0007744181635799613
1446.875175131956,1446.875175131956,1.0013081099116248,0.0007742727964520464
1446.8821196809004,1446.8821196809004,1.000021333834044,0.0007747490022296455
1446.8890642298222,1446.8890642298222,0.999931020540345,0.0007750474300757678
1446.8960087787025,1446.8960087787025,1.000452612985249,0.0007745183920695204
1446.902953327543,1446.902953327543,1.0000998267978107,0.0007755125681654119
1446.9098978763534,1446.9098978763534,1.0001168330764283,0.0007756416703547828
1446.9168424251354,1446.9168424251354,0.9993442099109624,0.0007745955902836003
1446.9237869738704,1446.9237869738704,0.9998465621031196,0.0007747139855273402
1446.9307315225647,1446.9307315225647,1.0003424929303417,0.0007751991819485813
1446.9376760712357,1446.9376760712357,0.9999353336250332,0.0007742906865988288
1446.9446206198663,1446.9446206198663,1.0000610862330628,0.0007744703988242672
1446.951565168462,1446.951565168462,0.9996745115005072,0.0007748904686266737
1446.9585097170277,1446.9585097170277,0.9998009504156643,0.0007758734344284751
1446.9654542655421,1446.9654542655421,1.0007529830188946,0.0007747911090941414
1446.972398814027,1446.972398814027,1.0003612577850247,0.0007740047992431648
1446.979343362483,1446.979343362483,0.999941641430625,0.0007751945880167699
1446.9862879108919,1446.9862879108919,1.0004342015235104,0.0007744773536270587
1446.9932324592717,1446.9932324592717,1.0004104392517021,0.0007742715809551856
1447.0001770076112,1447.0001770076112,1.0004033315667107,0.0007744950911815192
1447.0071215559155,1447.0071215559155,0.9992150114313146,0.0007748079361171655
1447.0140661041964,1447.0140661041964,0.9990021990321545,0.0007750630927655536
1447.0229551259051,1447.0229551259051,1.0005634971850959,0.0007748792416083042
1447.03767756803,1447.03767756803,1.0001122764920916,0.0007748171265802594
1447.044622116131,1447.044622116131,1.000027259974189,0.0007746969812078583
1447.0515666642082,1447.0515666642082,1.0002471024269601,0.0007748336697701049
1447.058511212239,1447.058511212239,0.9997360922366113,0.0007741351899499408
1447.065455760235,1447.065455760235,0.9997333345203648,0.0007749151528557315
1447.0724003081955,1447.0724003081955,1.000558091916319,0.0007746182089765503
1447.0793448561217,1447.0793448561217,0.9996413035748788,0.0007735967005830595
1447.0862894040079,1447.0862894040079,1.0006175463626332,0.0007739096104741363
1447.093233951846,1447.093233951846,1.0000085542597792,0.0007745429820543143
1447.1001784996558,1447.1001784996558,0.999531345116012,0.0007743538553864219
1447.1071230474363,1447.1071230474363,0.9999299655508249,0.0007738506471324077
1447.114067595176,1447.114067595176,0.9998563241187364,0.0007739970042869272
1447.121012142875,1447.121012142875,1.0003401912159555,0.000775148484041668
1447.1279566905391,1447.1279566905391,1.0001972552936993,0.0007751986661316103
1447.1349012381572,1447.1349012381572,0.9997883740771794,0.0007745068756564342
1447.1418457857455,1447.1418457857455,1.0003223151933418,0.0007745655710612144
1447.1487903332986,1447.1487903332986,0.9997178496387118,0.0007742810335097559
1447.1557348808,1447.1557348808,0.9998844028051233,0.0007751804574593361
1447.162679428278,1447.162679428278,1.0001430872892036,0.0007748093029313894
1447.1696239757089,1447.1696239757089,0.9999254614329592,0.0007746006078410977
1447.1765685231112,1447.1765685231112,0.999715343310138,0.0007751862155834178
1447.183513070461,1447.183513070461,1.0001952888326922,0.000774257669652938
1447.190457617782,1447.190457617782,1.0002258162616244,0.0007749866848435633
1447.1974021650676,1447.1974021650676,1.0002116667021599,0.0007751958567643765
1447.2043467123185,1447.2043467123185,0.9993966257909991,0.0007750707612217078
1447.2112912595117,1447.2112912595117,0.999593888472792,0.0007744092560913612
1447.2182358066807,1447.2182358066807,1.0000644011409001,0.0007755571180657644
1447.225180353809,1447.225180353809,1.0006701862001637,0.0007754770364968301
1447.2321249009026,1447.2321249009026,1.000191353146801,0.0007748389605209622
1447.2390694479498,1447.2390694479498,0.9996240765397373,0.000774435452621087
1447.2460139949624,1447.2460139949624,1.0002117706638205,0.0007744123270842029
1447.2529585419281,1447.2529585419281,1.0003861277419461,0.0007743888553051017
1447.2599030888643,1447.2599030888643,1.000076314104016,0.0007754308622972725
1447.2668476357603,1447.2668476357603,0.9999423100013347,0.0007748132134821194
1447.2737921826151,1447.2737921826151,0.999144278885107,0.0007744572874213225
1447.2807367294354,1447.2807367294354,0.9996832523301865,0.0007746346266292983
1447.2876812762147,1447.2876812762147,1.0001322868021991,0.0007739736063644027
1447.2946258229535,1447.2946258229535,0.9995339548208616,0.0007746449497194513
1447.3015703696515,1447.3015703696515,1.0007145429656368,0.0007754593684753854
1447.3085149163085,1447.3085149163085,1.000453562958851,0.0007747301466758225
1447.3154594629245,1447.3154594629245,1.0000911953775848,0.0007748528205261594
1447.322404009506,1447.322404009506,1.0000338904874708,0.0007753341789065114
1447.3293485560412,1447.3293485560412,1.0002212720276173,0.0007744389781204508
1447.336293102541,1447.336293102541,1.0001206037444164,0.0007753862348085043
1447.3432376490123,1447.3432376490123,0.9997158037896036,0.0007738825032069619
1447.3501821954364,1447.3501821954364,0.9998369190952301,0.0007751766963891992
1447.3571267418085,1447.3571267418085,0.9997960014716082,0.0007753127312270416
1447.364071288157,1447.364071288157,0.9989315218233304,0.0007735710890327869
1447.371015834453,1447.371015834453,1.0002877292890466,0.0007750716939833961
1447.3779603807147,1447.3779603807147,1.0003188441231092,0.0007759190533987145
1447.384904926935,1447.384904926935,1.000669214103652,0.0007746585100646407
1447.3918494731151,1447.3918494731151,0.9995433290004744,0.0007746875711893225
1447.3987940192542,1447.3987940192542,1.0014276460511782,0.000774420715987663
1447.4057385653584,1447.4057385653584,0.9996359600010443,0.0007756017039250269
1447.412683111416,1447.412683111416,1.0001984022543373,0.0007749837939491683
1447.4196276574328,1447.4196276574328,0.9996323919130532,0.0007741975523277076
1447.4265722034088,1447.4265722034088,0.9997126414852099,0.0007745990564443162
1447.4335167493502,1447.4335167493502,1.0003834942251262,0.0007746634888457058
1447.440461295239,1447.440461295239,0.9999847259054937,0.0007749505207115359
1447.4474058410929,1447.4474058410929,0.9998816609295161,0.0007742744742810844
1447.4543503869004,1447.4543503869004,1.00033321898166,0.0007745693196953703
1447.4612949326724,1447.4612949326724,0.9995819335470955,0.0007743585064230233
1447.46823947841,1447.46823947841,1.0004135711006756,0.0007745937073588324
1447.4751840240947,1447.4751840240947,0.9997464223195184,0.0007744710011713178
1447.4821285697567,1447.4821285697567,0.999695595243773,0.0007755901623580192
1447.489073115349,1447.489073115349,1.000576530529059,0.0007751242539241683
1447.4960176609172,1447.4960176609172,1.000065566260994,0.000774262364444277
1447.502962206434,1447.502962206434,1.000184382226929,0.0007756717778464073
1447.509906751915,1447.509906751915,0.9993017683687475,0.0007743383392186482
1447.5168512973555,1447.5168512973555,1.0001447371503933,0.0007749118410433708
1447.5237958427556,1447.5237958427556,0.9999185597270355,0.0007744524786953208
1447.5307403880975,1447.5307403880975,1.0002500309777216,0.0007754443542611696
1447.5376849334214,1447.5376849334214,0.9998878345377555,0.0007748018503251771
1447.5446294786932,1447.5446294786932,0.9997996164962497,0.0007754184922153051
1447.5515740239243,1447.5515740239243,0.9999970260592772,0.0007746378599324061
1447.5585185691086,1447.5585185691086,0.9997598531586018,0.0007748540969133648
1447.5654631142525,1447.5654631142525,1.0015005898160008,0.0007755500890215896
1447.57240765935,1447.57240765935,0.9997431769509845,0.0007752118342751197
1447.5793522044005,1447.5793522044005,0.9992731588811615,0.0007747439757241029
1447.5862967494277,1447.5862967494277,1.0006776807677638,0.0007750960740970467
1447.5932412944026,1447.5932412944026,0.9996968566851555,0.0007762170145539172
1447.6001858393313,1447.6001858393313,0.9996239556679838,0.0007741675354014427
1447.6071303842186,1447.6071303842186,1.0003674190862937,0.0007754430136859343
1447.6140749290596,1447.6140749290596,0.9998421398849274,0.0007738895380741751
1447.6210194738546,1447.6210194738546,1.0004993462367124,0.0007750484033413594
1447.627964018608,1447.627964018608,0.9997456133780777,0.000774261177688279
1447.634908563327,1447.634908563327,1.0005425248731266,0.0007750223399373254
1447.641853107993,1447.641853107993,1.000315221413567,0.0007745518556821829
1447.6487976526303,1447.6487976526303,0.9999446313525283,0.0007752637744506789
1447.655742197204,1447.655742197204,0.9999729658978642,0.0007745263573051762
1447.6626867417422,1447.6626867417422,0.9997241542543509,0.000774133042923963
1447.6696312862284,1447.6696312862284,0.999068579618698,0.0007745538150090373
1447.6765758306854,1447.6765758306854,0.9999906736988544,0.0007761256549256419
1447.6835203751011,1447.6835203751011,1.0000285593597853,0.0007756256602620274
1447.6904649194591,1447.6904649194591,1.0000999346337998,0.0007747462356146414
1447.6974094637826,1447.6974094637826,0.999722008695502,0.0007740194588251778
1447.7043540080529,1447.7043540080529,1.0010456357692543,0.0007746054126372465
1447.7112985522829,1447.7112985522829,1.0002286529727087,0.000774175225247125
1447.718243096472,1447.718243096472,1.0003899731118038,0.0007743402750830248
1447.7251876406087,1447.7251876406087,1.0002120596212627,0.0007748024647810205
1447.7321321846987,1447.7321321846987,1.0001221697806322,0.0007744179176925817
1447.7390767287602,1447.7390767287602,0.9997443641300123,0.0007739319812016187
1447.7460212727576,1447.7460212727576,1.0001786725318667,0.0007747788191666725
1447.7529658167134,1447.7529658167134,0.999428155039315,0.0007744047192353367
1447.7599103606349,1447.7599103606349,1.0005257011152644,0.0007740630339661081
1447.7668549045043,1447.7668549045043,0.9999464346033455,0.0007740135985092719
1447.7737994483261,1447.7737994483261,1.000997388020934,0.0007752609405049841
1447.7807439921023,1447.7807439921023,0.9997460423796438,0.000774903508497751
1447.7876885358378,1447.7876885358378,0.9995283568016429,0.0007744615749716707
1447.794633079526,1447.794633079526,1.0008007752642236,0.0007747824232264367
1447.8015776231734,1447.8015776231734,0.9996135272347342,0.0007749776273344537
1447.808522166769,1447.808522166769,0.9994267916681217,0.0007745058131278996
1447.815466710318,1447.815466710318,0.9997772662992543,0.0007744680302933197
1447.82241125382,1447.82241125382,0.9999757977057175,0.0007755061408904025
1447.8293557972818,1447.8293557972818,0.9995261325256063,0.0007756224923775927
1447.8363003406912,1447.8363003406912,0.9997297428289196,0.0007746050518218922
1447.8432448840535,1447.8432448840535,1.0007883423758588,0.0007747973055161748
1447.8501894273816,1447.8501894273816,1.0003616614295512,0.0007751511479022169
1447.857133970645,1447.857133970645,1.0005967910604798,0.0007739495086156608
1447.864078513868,1447.864078513868,0.9997935822497428,0.0007752708362580905
1447.87102305705,1447.87102305705,0.9998863553124115,0.0007749883765414274
1447.8779676001855,1447.8779676001855,0.9999205750285597,0.0007743143136839539
1447.8849121432686,1447.8849121432686,0.9999718135424462,0.000774671294104342
1447.8918566863051,1447.8918566863051,1.000034342171285,0.0007743949004173417
1447.8988012292957,1447.8988012292957,1.000234560309978,0.0007738789879933445
1447.9057457722333,1447.9057457722333,1.000221945016109,0.0007745907798993458
1447.912690315124,1447.912690315124,0.9991295446426071,0.0007740622009772706
1447.9196348579744,1447.9196348579744,1.0005460417420373,0.0007746305121010271
1447.9265794007788,1447.9265794007788,0.9997004390394058,0.0007751949721783566
1447.9335239435356,1447.9335239435356,0.9996006430294164,0.0007744482626041984
1447.940468486235,1447.940468486235,1.0001486895460292,0.000775987470491123
1447.9474130288875,1447.9474130288875,0.9999205454226766,0.000775044491418772
1447.954357571499,1447.954357571499,1.0005543833613666,0.0007757489541218782
1447.9613021140467,1447.9613021140467,0.9998969053803526,0.0007748234550586602
1447.9682466565655,1447.9682466565655,0.9999028364236786,0.0007757339836862682
1447.97519119902,1447.97519119902,0.9993715147518161,0.0007745125021015424
1447.9821357414396,1447.9821357414396,1.0004453121728063,0.0007746633522181616
1447.9890802838065,1447.9890802838065,1.0000555875757176,0.0007755862916310069
1447.9960248261214,1447.9960248261214,1.0003430576313235,0.0007747801998099909
1448.00296936839,1448.00296936839,1.0001532028304265,0.0007741488688772843
1448.0099139106,1448.0099139106,0.9994275293917738,0.0007744263953110448
1448.0168584527812,1448.0168584527812,0.9992887342459245,0.0007745992610272463
1448.0238029948866,1448.0238029948866,1.0008911281929957,0.0007747111691342931
1448.0307475369566,1448.0307475369566,0.9997688636004292,0.0007739705233107847
1448.0376920789865,1448.0376920789865,1.000228061153355,0.0007749329625307142
1448.0446366209521,1448.0446366209521,0.999839390942768,0.0007743789954941994
1448.0515811628654,1448.0515811628654,1.0003064590275197,0.0007744988116843805
1448.0585257047496,1448.0585257047496,1.0003116111783812,0.0007742679825902653
1448.0654702465636,1448.0654702465636,1.000049745790939,0.0007744580499198142
1448.0724147883316,1448.0724147883316,0.9999198093804228,0.0007742476358569387
1448.079359330047,1448.079359330047,1.0000704599812118,0.0007742972676639773
1448.0863038717212,1448.0863038717212,0.9994018349061298,0.0007741839122133826
1448.093248413338,1448.093248413338,0.9995688522264665,0.0007751690098346761
1448.1001929549077,1448.1001929549077,1.0002590023373028,0.000774239893078636
1448.1071374964192,1448.1071374964192,1.0000851305016105,0.0007749536057529212
1448.1140820378846,1448.1140820378846,1.000432575791163,0.0007752412432684452
1448.121026579303,1448.121026579303,1.0000950637172599,0.0007752195897398415
1448.1279711206573,1448.1279711206573,0.999660181288941,0.0007752541908570842
1448.1349156619708,1448.1349156619708,0.9996568242791364,0.0007740718539157246
1448.1418602032322,1448.1418602032322,1.0003286582871163,0.0007748961096849951
1448.1488047444413,1448.1488047444413,1.0002319832726294,0.0007743786815859793
1448.1557492856034,1448.1557492856034,0.9996705268736769,0.0007744157404909872
1448.1626938267077,1448.1626938267077,0.9998855266025902,0.0007741416493704216
1448.1696383677593,1448.1696383677593,1.0001163365316594,0.0007744599275043623
1448.1765829087526,1448.1765829087526,1.0004063532081227,0.0007746425357617092
1448.1835274497062,1448.1835274497062,1.0003633170554864,0.0007743463530508781
1448.1904719905947,1448.1904719905947,0.9993311539155325,0.0007745598221423297
1448.197416531431,1448.197416531431,1.0002611334729683,0.0007750000077849483
1448.2043610722321,1448.2043610722321,1.0001709242904402,0.0007762689543881387
1448.21130561297,1448.21130561297,1.0000378885814283,0.0007748680972116666
1448.218250153655,1448.218250153655,0.9993465518507507,0.0007749023718842739
1448.2251946942877,1448.2251946942877,0.9998233680053978,0.0007749213096108069
1448.232139234856,1448.232139234856,0.9998680227547008,0.0007753219359709458
1448.2390837753842,1448.2390837753842,1.0003350195114706,0.0007748508887267083
1448.2460283158543,1448.2460283158543,1.0003643190512932,0.0007741544549823781
1448.252972856283,1448.252972856283,0.999837156875359,0.0007753569050428964
1448.2599173966305,1448.2599173966305,0.9998345739047627,0.0007746446357639868
1448.2668619369367,1448.2668619369367,1.0001925575935378,0.0007748626916732238
1448.2738064771972,1448.2738064771972,1.0000845009418662,0.0007747163044298914
1448.280751017399,1448.280751017399,1.000151275474024,0.0007748162919041928
1448.2876955575487,1448.2876955575487,1.0004221342754007,0.0007745889464351498
1448.2946400976343,1448.2946400976343,0.9994546971147962,0.0007743114011948307
1448.3015846376675,1448.3015846376675,0.9993273563258841,0.0007744281795511502
1448.3085291776422,1448.3085291776422,1.0006700232517698,0.0007743321749037935
1448.3154737175823,1448.3154737175823,0.9996883564420409,0.0007753665021827886
1448.3224182574468,1448.3224182574468,0.9995548333637101,0.0007748486850447072
1448.3293627972644,1448.3293627972644,1.000511534727241,0.0007743802172210654
1448.336307337018,1448.336307337018,1.000274234620479,0.000775042120855621
1448.3432518767313,1448.3432518767313,0.9997663528588587,0.0007753491896231857
1448.3501964163802,1448.3501964163802,0.9996976817954959,0.0007745323787932233
1448.3571409559709,1448.3571409559709,1.0004756168357931,0.0007747103997187125
1448.3640854955088,1448.3640854955088,0.9998577973134806,0.0007749587566134754
1448.3710300349837,1448.3710300349837,0.9995337955836827,0.0007741203091556816
1448.3779745744112,1448.3779745744112,0.9999105558419839,0.0007741642004047021
1448.384919113775,1448.384919113775,1.0003157262744304,0.0007744928128289596
1448.3918636530807,1448.3918636530807,1.0003569043359177,0.0007745964541589312
1448.3988081923278,1448.3988081923278,1.000423046985335,0.000774838580225677
1448.405752731535,1448.405752731535,1.0001506488701712,0.0007753873990289105
1448.4126972706774,1448.4126972706774,1.0000153778273746,0.0007746275239039129
1448.4196418097556,1448.4196418097556,0.9999614897729279,0.0007745809254150259
1448.4265863487758,1448.4265863487758,0.999340927993708,0.0007749989965355593
1448.4335308877496,1448.4335308877496,0.9996536392614995,0.0007741792049406587
1448.4404754266536,1448.4404754266536,0.9994219957541561,0.000774500485932385
1448.4474199654996,1448.4474199654996,1.0005638664955046,0.00077527206754143
1448.4543645042868,1448.4543645042868,0.9999111999470193,0.0007747561643422003
1448.4613090430223,1448.4613090430223,1.00050240606957,0.0007747903565169857
1448.4682535816933,1448.4682535816933,0.9997987425185629,0.000774643225504757
1448.4751981203176,1448.4751981203176,1.0011773160021513,0.0007753577985000596
1448.4821426588726,1448.4821426588726,0.9992815517664528,0.000775134368970626
1448.489087197369,1448.489087197369,0.9994496532165418,0.0007748096537369182
1448.496031735807,1448.496031735807,1.0002490324223534,0.0007746380202175755
1448.502976274199,1448.502976274199,1.0000604621379625,0.0007744620223048178
1448.5099208125089,1448.5099208125089,0.9995201075823031,0.0007754121083964231
1448.5168653507667,1448.5168653507667,1.0001994128073484,0.0007744880213059857
1448.5238098889665,1448.5238098889665,1.0000888316885057,0.0007747124879618772
1448.530754427102,1448.530754427102,0.9997954288487932,0.0007751649574775731
1448.5376989651909,1448.5376989651909,0.999985760437629,0.0007744891251464331
1448.544643503204,1448.544643503204,0.9997542295573186,0.0007749212657453769
1448.5515880411651,1448.5515880411651,1.00097499518842,0.0007750585913326136
1448.5585325790564,1448.5585325790564,1.0004273832031143,0.0007739147247453513
1448.565477116895,1448.565477116895,0.9994335664343283,0.00077429789043547
1448.57242165467,1448.57242165467,1.000190245305874,0.0007757626514240882
1448.5793661923803,1448.5793661923803,0.9995887775686967,0.0007744318730762602
1448.5863107300327,1448.5863107300327,1.0000127235038536,0.0007748674747640089
1448.5932552676154,1448.5932552676154,0.9998551803048776,0.0007750847660947767
1448.6001998051456,1448.6001998051456,0.9998881742435042,0.0007757212395882848
1448.6071443426117,1448.6071443426117,1.0001592335868668,0.0007750208875185465
1448.6140888800142,1448.6140888800142,1.000024914166064,0.0007753307425500481
1448.6210334173581,1448.6210334173581,1.0000468644831773,0.0007748043453545434
1448.627977954638,1448.627977954638,0.9995508500714824,0.0007751627560820489
1448.634922491848,1448.634922491848,1.0007146116491608,0.0007750455022491977
1448.641867029,1448.641867029,0.9996002215223354,0.0007750930279170124
1448.6488115660936,1448.6488115660936,0.9998427551468941,0.0007754011519207104
1448.6557561031173,1448.6557561031173,1.0006146142780337,0.0007750650005506954
1448.662700640077,1448.662700640077,0.9996589638089567,0.0007744841790451142
1448.6696451769726,1448.6696451769726,0.9997443549028044,0.0007746026222576885
1448.6765897138107,1448.6765897138107,1.0002076438628649,0.0007748105360871055
1448.6835342505724,1448.6835342505724,1.0001794510139166,0.000774975929945606
1448.6904787872759,1448.6904787872759,1.0006444736930467,0.0007753081980263023
1448.697423323927,1448.697423323927,0.9997786026953042,0.0007746580958204331
1448.7043678604914,1448.7043678604914,1.0000975578506175,0.0007746339034021509
1448.7113123969968,1448.7113123969968,0.9992368136800645,0.0007745172898565129
1448.7182569334443,1448.7182569334443,0.9992672923968291,0.0007750269191073519
1448.7252014698224,1448.7252014698224,1.0002747927304696,0.0007743721121136605
1448.7321460061303,1448.7321460061303,1.000294112619444,0.0007750447384863092
1448.73909054238,1448.73909054238,1.0003350744955637,0.0007755079239658184
1448.7460350785595,1448.7460350785595,0.9996261843120996,0.0007751977210490409
1448.7529796146755,1448.7529796146755,1.000959715358642,0.0007746593583451652
1448.7599241507212,1448.7599241507212,1.0001146338918852,0.0007749981841274563
1448.766868686709,1448.766868686709,0.9997920706007312,0.0007747318599538878
1448.773813222621,1448.773813222621,0.9997856626193486,0.0007748954655754141
1448.780757758463,1448.780757758463,0.9998157604909446,0.000774561686527533
1448.787702294247,1448.787702294247,1.0000808965919448,0.000775607241442003
1448.79464682995,1448.79464682995,0.9992167986924196,0.0007744552631911215
1448.8015913655997,1448.8015913655997,1.0002972430249033,0.0007755305108989282
1448.8085359011743,1448.8085359011743,0.9992501334326054,0.0007741761430456349
1448.815480436679,1448.815480436679,1.000865630312728,0.0007745038339619153
1448.8224249721193,1448.8224249721193,0.9995318335846509,0.0007748108431214843
1448.829369507484,1448.829369507484,1.0001683762606433,0.0007755307763394917
1448.8363140427914,1448.8363140427914,1.000676649896239,0.000774613500017823
1448.8432585780163,1448.8432585780163,0.9994922844244115,0.0007754846325407408
1448.8502031131834,1448.8502031131834,1.0009169336426271,0.0007751263510624936
1448.8571476482743,1448.8571476482743,0.9997243377587595,0.0007753564877611936
1448.8640921832903,1448.8640921832903,0.9998487300826927,0.0007761560702045881
1448.8710367182418,1448.8710367182418,1.0001695522235443,0.0007752641081791811
1448.8779812531236,1448.8779812531236,0.9994830132125756,0.0007748598276751366
1448.8849257879415,1448.8849257879415,0.9999572707508811,0.0007748013515053823
1448.8918703226723,1448.8918703226723,0.9998984926726096,0.0007758412102843145
1448.898814857344,1448.898814857344,1.000521328095472,0.0007752789940656704
1448.9057593919467,1448.9057593919467,0.9992731722987788,0.0007753465045887162
1448.9127039264672,1448.9127039264672,0.9996804828712305,0.0007744728900948966
1448.91964846093,1448.91964846093,1.0001534384171724,0.0007742791291916244
1448.9265929953058,1448.9265929953058,1.0008843301710273,0.0007751980216153491
1448.9335375296046,1448.9335375296046,1.0001407996425475,0.0007746821815025725
1448.9404820638524,1448.9404820638524,0.9997389833970634,0.0007746301816138204
1448.9474265980127,1448.9474265980127,1.0004580715523927,0.0007749554651692405
1448.9543711321085,1448.9543711321085,0.9997019318934182,0.0007746833734992008
1448.9613156661287,1448.9613156661287,1.000306411237181,0.0007745542986314658
1448.9682602000619,1448.9682602000619,0.999479424129426,0.0007743804954594915
1448.9752047339366,1448.9752047339366,0.9994327010296329,0.0007753141628561646
1448.9821492677356,1448.9821492677356,0.9995436191605978,0.000774471022429546
1448.989093801459,1448.989093801459,1.0007544816951337,0.0007751243047266084
1448.9960383351013,1448.9960383351013,1.0003432032881556,0.0007749529416588355
1449.0029828686731,1449.0029828686731,1.000064859211759,0.0007744762942742008
1449.0099274021693,1449.0099274021693,0.9995979136226142,0.0007750070696547151
1449.0168719355904,1449.0168719355904,1.0003839593018689,0.0007746379411304461
1449.0238164689354,1449.0238164689354,0.9995741993765114,0.0007746780979769046
1449.0307610022105,1449.0307610022105,1.000331532574574,0.0007751459201807765
1449.0377055353986,1449.0377055353986,1.0002498071445702,0.0007747704509660405
1449.0446500685223,1449.0446500685223,0.9995644845354885,0.0007753665223292094
1449.0515946015591,1449.0515946015591,1.0002158673840984,0.0007743635500938118
1449.0585391345198,1449.0585391345198,1.0005650375186244,0.0007746732471601898
1449.0654836674053,1449.0654836674053,0.999910063392303,0.0007759701527628808
1449.0724282002209,1449.0724282002209,0.9989822121086277,0.0007749692388613245
1449.0793727329547,1449.0793727329547,0.9997972980551626,0.0007749993025447934
1449.0863172656013,1449.0863172656013,0.9999201430164584,0.0007755419015295448
1449.093261798172,1449.093261798172,1.0003519364527835,0.0007749703536168101
1449.1002063306792,1449.1002063306792,1.0005073616033964,0.0007748695047617736
1449.107150863087,1449.107150863087,0.9999414013100972,0.0007753699384597907
1449.1140953954305,1449.1140953954305,1.000299829343081,0.0007752318329018119
1449.1210399276817,1449.1210399276817,1.0007172774258268,0.0007749674746593716
1449.127984459863,1449.127984459863,1.0003175507874225,0.0007751420431842978
1449.1349289919679,1449.1349289919679,0.9994258299415156,0.0007764620286422835
1449.14187352398,1449.14187352398,1.0001906223171724,0.0007748005854536197
1449.1488180559168,1449.1488180559168,0.9997256639161906,0.0007753960847062572
1449.1557625877715,1449.1557625877715,0.999923832471794,0.0007747276099098751
1449.162707119551,1449.162707119551,1.0002215545995012,0.0007754737211736661
1449.169651651237,1449.169651651237,1.0006956080284923,0.0007741294796911925
1449.1765961828535,1449.1765961828535,0.9993919728330027,0.0007749684031518683
1449.1835407143885,1449.1835407143885,1.0005094099808745,0.0007748296621742321
1449.190485245836,1449.190485245836,0.9999555216904813,0.0007747382394848416
1449.197429777196,1449.197429777196,1.000207153040289,0.0007747795580916517
1449.2043743084691,1449.2043743084691,0.9995621095111495,0.0007755910374133084
1449.211318839678,1449.211318839678,0.9998628333370551,0.0007746896462572751
1449.2182633707935,1449.2182633707935,0.9998902252344056,0.0007748507627891004
1449.2252079018165,1449.2252079018165,1.0006076398595514,0.0007766583210364771
1449.232152432763,1449.232152432763,0.9994195154710501,0.0007759521403459589
1449.2390969636285,1449.2390969636285,1.0004768777947501,0.0007755736489958772
1449.2460414944067,1449.2460414944067,0.9997738480007394,0.0007751445723957449
1449.2529860250918,1449.2529860250918,0.9998913652267678,0.000775051246661838
1449.259930555707,1449.259930555707,0.9998413103752066,0.0007749125970215785
1449.2668750862229,1449.2668750862229,1.000193274857016,0.0007747822725509659
1449.2738196166522,1449.2738196166522,0.9999844989630808,0.0007749800318786352
1449.2807641469994,1449.2807641469994,1.000122755440982,0.0007742356375814927
1449.2877086772648,1449.2877086772648,1.000249612918623,0.0007747116370293544
1449.294653207444,1449.294653207444,0.9993595010472591,0.0007751422053162246
1449.3015977375237,1449.3015977375237,1.0002988747512742,0.0007744488525352725
1449.3085422675217,1449.3085422675217,0.9997514523271958,0.0007746914959414659
1449.3154867974324,1449.3154867974324,1.0002040811854478,0.000774713117095177
1449.3224313272563,1449.3224313272563,1.000425530083542,0.0007747819584570173
1449.3293758569864,1449.3293758569864,1.0001679222810953,0.0007742923924094854
1449.3363203866352,1449.3363203866352,0.9999571025744689,0.0007745505740059977
1449.3432649161914,1449.3432649161914,1.000051378248521,0.0007745262319610001
1449.350209445654,1449.350209445654,0.9996385552206171,0.0007747161580311856
1449.3571539750349,1449.3571539750349,0.99983772802182,0.0007749641504573974
1449.3640985043112,1449.3640985043112,0.9998042548354539,0.0007747612857955863
1449.3710430335063,1449.3710430335063,0.9999102922779717,0.0007750905216200212
1449.3779875626083,1449.3779875626083,0.9999916930351592,0.0007747795820942385
1449.3849320916167,1449.3849320916167,1.000268441927594,0.000774959234917779
1449.3918766205384,1449.3918766205384,0.9998138779783302,0.0007757241153981139
1449.3988211493663,1449.3988211493663,1.0006444944620312,0.0007759744472570125
1449.4057656781017,1449.4057656781017,0.9998054436943182,0.0007754257319776481
1449.4127102067491,1449.4127102067491,0.9994972046103315,0.0007743952105194471
1449.419654735292,1449.419654735292,1.000372304331734,0.000776635439157717
1449.426599263748,1449.426599263748,0.999179730357526,0.0007754575958846919
1449.4335437921097,1449.4335437921097,1.0005733702551711,0.0007753846756161529
1449.4404883203738,1449.4404883203738,1.0002264881132128,0.0007745618629317134
1449.4474328485503,1449.4474328485503,1.0004140208845271,0.0007747584921560265
1449.4543773766159,1449.4543773766159,0.9999189520888334,0.0007742307845021764
1449.4613219046119,1449.4613219046119,0.9996545739882358,0.0007743564889154828
1449.4682664324969,1449.4682664324969,1.00039406567874,0.0007749311695507751
1449.475210960289,1449.475210960289,0.9999117728482609,0.0007749346369232686
1449.4821554879763,1449.4821554879763,0.9996734294011521,0.0007749395154859381
1449.4891000155706,1449.4891000155706,0.999517558342518,0.0007747627262328985
1449.4960445430715,1449.4960445430715,1.000368651141955,0.0007761520687707124
1449.5029890704795,1449.5029890704795,0.999921181763581,0.0007750712180868931
1449.5099335977886,1449.5099335977886,1.0000178801272925,0.0007746372295941347
1449.5168781249986,1449.5168781249986,0.9999618102943051,0.0007750991045328365
1449.5238226520978,1449.5238226520978,1.0002443615497758,0.0007747661680306589
1449.5307671791102,1449.5307671791102,1.0006364842524487,0.0007743647972663816
1449.5377117060175,1449.5377117060175,0.9993825338824689,0.0007742481505733835
1449.5446562328254,1449.5446562328254,0.9998432048794234,0.0007746096037406856
1449.5516007595352,1449.5516007595352,0.9998742039301002,0.0007748109729792734
1449.5585452861515,1449.5585452861515,1.000076283000566,0.0007749145587728748
1449.565489812657,1449.565489812657,1.000013219534884,0.0007747682064730596
1449.572434339064,1449.572434339064,1.000195596597212,0.0007745578867817438
1449.5793788653777,1449.5793788653777,0.9999811974856294,0.0007749083901763987
1449.5863233915748,1449.5863233915748,0.9998842880865519,0.0007749468070927421
1449.593267917679,1449.593267917679,1.000056521547679,0.0007745896085021503
1449.6002124436782,1449.6002124436782,1.0001487694696551,0.0007756768821438602
1449.6071569695785,1449.6071569695785,0.9997229631143256,0.0007749807475350705
1449.6141014953741,1449.6141014953741,0.9998292353440859,0.0007742339395112319
1449.6210460210593,1449.6210460210593,1.000022943111649,0.0007745969359989344
1449.6279905466454,1449.6279905466454,1.0004614531792295,0.0007743738129676108
1449.6349350721266,1449.6349350721266,1.0001389290732354,0.0007745257447478278
1449.641879597503,1449.641879597503,0.9994753519079909,0.0007750765675389852
1449.6488241227748,1449.6488241227748,1.0003773936173224,0.0007742933330999234
1449.6557686479296,1449.6557686479296,1.0000108294862335,0.0007748956878603672
1449.6627131729979,1449.6627131729979,0.9995297734831924,0.000775327445341887
1449.669657697949,1449.669657697949,1.000176351313008,0.0007749897181444278
1449.6766022227905,1449.6766022227905,1.000287669924639,0.00077460639441136
1449.6835467475328,1449.6835467475328,0.999559453418061,0.0007756392231664546
1449.6904912721639,1449.6904912721639,1.0000345128597181,0.0007746582246575496
1449.6974357966847,1449.6974357966847,1.0003241635023685,0.0007743485812458283
1449.704380321101,1449.704380321101,0.9998708092152964,0.0007748026673711608
1449.711324845412,1449.711324845412,1.0001538670377565,0.0007741718865804921
1449.718269369607,1449.718269369607,0.999960857917476,0.0007743641657553951
1449.725213893697,1449.725213893697,1.000626053947868,0.0007756986826813664
1449.7321584176648,1449.7321584176648,0.999936792247188,0.0007743614365942656
1449.7391029415455,1449.7391029415455,0.9997954269472473,0.0007750385750678524
1449.746047465298,1449.746047465298,0.9990847255808667,0.0007743939007630046
1449.7529919889514,1449.7529919889514,0.999919027758906,0.0007751855992785223
1449.759936512477,1449.759936512477,1.000123823262196,0.000774989838800752
1449.7668810359035,1449.7668810359035,1.00032111999463,0.0007751018242136179
1449.7738255592253,1449.7738255592253,1.0005712111482916,0.0007750005215852947
1449.780770082419,1449.780770082419,0.9997037942634265,0.0007747599839066435
1449.7877146055137,1449.7877146055137,0.9993060383699476,0.00077445712873276
1449.7946591284806,1449.7946591284806,1.0000798588238706,0.0007749930488963822
1449.8016036513422,1449.8016036513422,1.0005095311765035,0.000774366707592451
1449.8085481740877,1449.8085481740877,1.0004596257817053,0.000775672231403683
1449.8154926967227,1449.8154926967227,0.999972238745036,0.0007746591667426542
1449.822437219247,1449.822437219247,0.9992023798339156,0.0007748313083045222
1449.8293817416547,1449.8293817416547,0.9997382877398856,0.0007745888204973431
1449.8363262639348,1449.8363262639348,1.000202631227134,0.0007754509003699371
1449.8432707861155,1449.8432707861155,1.0005632696188684,0.0007748449816635543
1449.8502153081802,1449.8502153081802,0.999795273703579,0.0007751868343340598
1449.8571598301223,1449.8571598301223,0.9998886138173366,0.0007748864939054169
1449.8641043519478,1449.8641043519478,1.0005593467242897,0.0007748647073362118
1449.8710488736633,1449.8710488736633,0.9998258026789113,0.0007748340712473813
1449.8779933952505,1449.8779933952505,0.9998110057933136,0.0007746228437499307
1449.884937916727,1449.884937916727,1.0001407265903246,0.0007756914986924675
1449.8918824380871,1449.8918824380871,1.0001457291700224,0.0007753843836553274
1449.8988269593308,1449.8988269593308,0.9989835800333934,0.0007751009419408137
1449.9057714804585,1449.9057714804585,1.0007724731548382,0.0007748977871432739
1449.9127160014637,1449.9127160014637,0.9997344827914205,0.000774537623139657
1449.9196605223522,1449.9196605223522,0.9997214735333969,0.0007753933516941225
1449.9266050431186,1449.9266050431186,1.0008734404738522,0.0007745427255330122
1449.9335495637745,1449.9335495637745,0.9993369696285148,0.000775422767081428
1449.940494084308,1449.940494084308,0.9996592480386763,0.0007751455237954075
1449.9474386047136,1449.9474386047136,1.0002272846807445,0.0007747246098680951
1449.954383125009,1449.954383125009,1.0002867786900012,0.0007750434046517377
1449.9613276451814,1449.9613276451814,1.0004570961570038,0.0007760255006497403
1449.9682721652375,1449.9682721652375,0.9996767570074953,0.0007768158848030403
1449.9752166851656,1449.9752166851656,0.9999642893112485,0.0007760440268803667
1449.9821612049836,1449.9821612049836,0.9998958056118793,0.0007777128018695164
1449.9891057246732,1449.9891057246732,1.000380500318099,0.0007784918260597872
1449.9960502442405,1449.9960502442405,1.0002621242420624,0.0007794250523053841
1450.002994763691,1450.002994763691,1.0003242039000932,0.0007809436556183015
1450.0099392830143,1450.0099392830143,1.000122488417545,0.0007835521880458883
1450.0168838022269,1450.0168838022269,0.9996146125320802,0.0007868910280612092
1450.029661717204,1450.029661717204,0.9990428075042843,0.0007932052048668164
1450.0404951666237,1450.0404951666237,1.0000872299737684,0.0008010593640453877
1450.047439685301,1450.047439685301,1.000082848095995,0.0008045916738755072
1450.0543842038496,1450.0543842038496,1.000333804544426,0.0008092079445889326
1450.0613287222882,1450.0613287222882,0.9999107166421842,0.0008140951991798472
1450.0682732406035,1450.0682732406035,1.000366875490768,0.0008189526074749611
1450.0752177587915,1450.0752177587915,1.0007995352620598,0.0008242287324546609
1450.0821622768515,1450.0821622768515,0.9994068876012756,0.0008292110768721927
1450.0891067947946,1450.0891067947946,0.9995417331649874,0.0008337699115032283
1450.0960513126215,1450.0960513126215,1.0000942923770162,0.0008381664751176551
1450.1029958303209,1450.1029958303209,1.0004511813972745,0.0008425152625685191
1450.1099403479147,1450.1099403479147,1.0007755358567005,0.0008458212733134316
1450.1168848653747,1450.1168848653747,0.9998521206197845,0.0008496080891080739
1450.1238293827132,1450.1238293827132,1.0000889294735382,0.0008533915431319427
1450.1307738999346,1450.1307738999346,0.999154015147066,0.0008565724394547387
1450.1377184170337,1450.1377184170337,0.9996507792594859,0.0008569877100410436
1450.1446629340169,1450.1446629340169,0.9997322358139382,0.0008593119396777028
1450.1516074508777,1450.1516074508777,1.0001489442848315,0.0008613615717937463
1450.1585519676157,1450.1585519676157,1.0002833873138657,0.0008638108224770128
1450.1654964842382,1450.1654964842382,0.9995750885276833,0.0008646440564929715
1450.1727187813985,1450.1727187813985,1.0021421817049532,0.0008663302117727144
1450.1807744203911,1450.1807744203911,0.9996898018083525,0.0008676303897267188
1451.0085616287847,1451.0085616287847,0.9996605559088765,0.0008201313651548111
1451.562734632026,1451.562734632026,0.9998732581387291,0.0007857893755912825
1451.5696791804007,1451.5696791804007,0.9999475289168984,0.0007856287301838931
1451.5766237289906,1451.5766237289906,0.9998409167642185,0.0007838750430288359
1451.5835682777665,1451.5835682777665,0.9998762818829876,0.0007832485799239656
1451.5905128267405,1451.5905128267405,1.0010258804852743,0.0007827319670084536
1451.5974573759122,1451.5974573759122,0.9996722439461576,0.0007819979758213189
1451.6044019252645,1451.6044019252645,0.9999894400090167,0.0007811838453411674
1451.6113464748146,1451.6113464748146,1.0001739807023475,0.0007812729656853062
1451.6182910245452,1451.6182910245452,0.9992161520009499,0.0007807129204452887
1451.6252355744505,1451.6252355744505,1.0004943631622418,0.000779784335483493
1451.6321801245365,1451.6321801245365,1.0002161820275426,0.0007799621685944245
1451.6391246748021,1451.6391246748021,1.0000287432360164,0.0007789368335386179
1451.646069225249,1451.646069225249,0.9994403755026369,0.0007787741768126906
1451.6530137758587,1451.6530137758587,1.0002941454933525,0.0007779081579836992
1451.6599583266482,1451.6599583266482,1.0003784546887828,0.0007766964173752738
1451.6669028775898,1451.6669028775898,1.0003830486311378,0.0007771690405417619
1451.6738474287054,1451.6738474287054,0.9995940865882742,0.0007761219472387709
1451.680791979979,1451.680791979979,0.9994744729325153,0.0007768120009993099
1451.6877365314092,1451.6877365314092,1.000200893582173,0.0007757594178632314
1451.6946810830025,1451.6946810830025,0.9995548910461537,0.000775676420010162
1451.701625634741,1451.701625634741,0.9999536621664833,0.0007749119945224015
1451.7085701866374,1451.7085701866374,1.000089975982456,0.0007750576999888031
1451.7155147386843,1451.7155147386843,1.0007386277653276,0.0007749592833007717
1451.722459290883,1451.722459290883,0.9999956197085476,0.0007747798109014805
1451.729403843227,1451.729403843227,1.0005928119753695,0.0007759540634409573
1451.736348395711,1451.736348395711,0.9991617861411403,0.0007751031456194322
1451.7432929483407,1451.7432929483407,0.9993259129566253,0.0007748538097890961
1451.7502375011093,1451.7502375011093,0.9997314160790912,0.0007741515300133574
1451.7571820540124,1451.7571820540124,1.000778215693781,0.000775263050132043
1451.764126607055,1451.764126607055,1.000153071615269,0.0007749692202302295
1451.7710711602256,1451.7710711602256,1.0002144796328623,0.0007749342696889588
1451.7780157135303,1451.7780157135303,0.9999702427048704,0.0007747045823203768
1451.7849602669687,1451.7849602669687,1.0009810345417594,0.0007761619744127028
1451.7919048205408,1451.7919048205408,1.0003223687701366,0.0007748037804021904
1451.798849374224,1451.798849374224,0.9994657637150821,0.0007743723054933259
1451.8057939280347,1451.8057939280347,0.9998149044953966,0.0007750685896881091
1451.8127384819738,1451.8127384819738,0.9995722487670861,0.0007751750835334546
1451.8196830360296,1451.8196830360296,1.0008282769425345,0.0007749835478803578
1451.826627590201,1451.826627590201,1.0002476552948523,0.0007751723219450323
1451.833572144484,1451.833572144484,1.0002220628663976,0.0007751674148862402
1451.8405166989,1451.8405166989,1.0003549998419277,0.0007748160668713318
1451.8474612534153,1451.8474612534153,0.999704711782924,0.000774618218888365
1451.854405808053,1451.854405808053,0.9997127163195334,0.0007746391707333418
1451.8613503627835,1451.8613503627835,1.0001721662690808,0.0007758372480478736
1451.8682949176364,1451.8682949176364,0.9999749309662341,0.0007753824771360592
1451.8752394725884,1451.8752394725884,1.0002084360448331,0.0007742250360273379
1451.8821840276446,1451.8821840276446,0.9996786566618379,0.0007746358775766926
1451.8891285828124,1451.8891285828124,1.0007226932161886,0.0007750429134679356
1451.8960731380785,1451.8960731380785,1.0001298443319244,0.0007740406462491599
1451.9030176934493,1451.9030176934493,0.9997950569415002,0.0007746944729092512
1451.9099622489077,1451.9099622489077,0.9996165886698227,0.0007747519202865522
1451.9169068044707,1451.9169068044707,0.9994592118920806,0.0007748227595105577
1451.9238513601324,1451.9238513601324,1.000105430784881,0.0007767303424457774
1451.930795915882,1451.930795915882,1.000506351856512,0.0007746828522692598
1451.9377404717184,1451.9377404717184,1.0004616220211522,0.000774889976700443
1451.94468502766,1451.94468502766,0.9998755706688168,0.0007751955353684085
1451.951629583683,1451.951629583683,0.999083392342639,0.0007744889527190534
1451.9585741398046,1451.9585741398046,1.0006029113402042,0.0007742867332667395
1451.9655186960022,1451.9655186960022,0.9997606264023773,0.0007745431159177783
1451.9724632522987,1451.9724632522987,0.9996602663917036,0.000774981520804309
1451.9794078086704,1451.9794078086704,0.999784278455637,0.0007747743399190781
1451.9863523651304,1451.9863523651304,1.0002075616408383,0.0007744295066527218
1451.993296921671,1451.993296921671,1.0003601638442192,0.0007742136778681462
1452.0002414782934,1452.0002414782934,0.9998414183705224,0.0007754939482848974
1452.0071860349917,1452.0071860349917,1.0005578930863286,0.0007751166152285556
1452.0141305917768,1452.0141305917768,1.0003267965150193,0.0007743879690641313
1452.0210751486266,1452.0210751486266,1.0002740789877993,0.0007748743757619414
1452.028019705563,1452.028019705563,0.998890533660336,0.0007745595811006832
1452.0349642625695,1452.0349642625695,1.0003217365821295,0.0007745466613750995
1452.0419088196636,1452.0419088196636,0.999559901526539,0.000774633862817933
1452.04885337681,1452.04885337681,1.000085404995895,0.0007744654977945864
1452.055797934026,1452.055797934026,1.0010335884111814,0.0007755822416637734
1452.0627424913296,1452.0627424913296,0.9993643140697296,0.0007751169622136015
1452.0696870487027,1452.0696870487027,0.9999756983426163,0.0007752121628380082
1452.0766316061345,1452.0766316061345,1.0000651115278039,0.0007743205452486782
1452.08357616363,1452.08357616363,1.0002860333109829,0.0007745504013179567
1452.0905207212008,1452.0905207212008,1.0004202179180803,0.0007742858417582666
1452.0974652788361,1452.0974652788361,0.9987070463233494,0.0007745807799878696
1452.1044098365358,1452.1044098365358,1.0001091357622507,0.0007740436972443141
1452.111354394293,1452.111354394293,1.0005155462882853,0.0007745114690436547
1452.1182989521205,1452.1182989521205,1.0001364469998497,0.0007753865977790889
1452.1252435100057,1452.1252435100057,1.0000308023446802,0.000774188718129169
1452.1321880679495,1452.1321880679495,1.000388285057916,0.0007745818089822257
1452.1391326259516,1452.1391326259516,0.9998918432077657,0.0007748222785079003
1452.1460771840173,1452.1460771840173,0.9999278264834548,0.0007756854521353946
1452.15302174213,1452.15302174213,0.9990942403090413,0.0007745631354593973
1452.1599663003126,1452.1599663003126,0.999684737026486,0.000776363459287867
1452.166910858547,1452.166910858547,0.9994843536450944,0.0007747259025685997
1452.1738554168346,1452.1738554168346,1.0004140638897625,0.0007745566200025905
1452.1807999751738,1452.1807999751738,1.0002068094401666,0.000775060596934796
1452.1877445335658,1452.1877445335658,1.0006492735314445,0.0007745183676197399
1452.194689092016,1452.194689092016,1.0000311668986757,0.0007753106334058783
1452.2016336505183,1452.2016336505183,1.0010174796591151,0.0007750039620523102
1452.2085782090676,1452.2085782090676,0.9991254190061815,0.0007737706579689308
1452.2155227676635,1452.2155227676635,0.9999913905062261,0.0007747260220848406
1452.2224673263229,1452.2224673263229,0.9997987978841092,0.000774630264658265
1452.2294118850061,1452.2294118850061,0.9994540183761034,0.0007750615527267378
1452.2363564437587,1452.2363564437587,1.0003212198827323,0.0007744818565425281
1452.2433010025522,1452.2433010025522,0.9995314293634168,0.0007742684046061868
1452.2502455613806,1452.2502455613806,1.0008875093964924,0.0007754940443564773
1452.257190120267,1452.257190120267,0.999939604496787,0.0007752623120091263
1452.2641346792007,1452.2641346792007,0.9999128669972708,0.0007740154837320224
1452.271079238163,1452.271079238163,0.9995530105916244,0.000774697535828831
1452.2780237971776,1452.2780237971776,1.0001388495643755,0.0007746190713431804
1452.2849683562335,1452.2849683562335,1.0001755193468136,0.0007747976582018764
1452.2919129153354,1452.2919129153354,1.0000742847071125,0.0007742255207390311
1452.2988574744836,1452.2988574744836,1.0004780729927156,0.0007749408050462623
1452.3058020336562,1452.3058020336562,0.9992404274142386,0.0007747580565823336
1452.3127465928685,1452.3127465928685,0.999935667543534,0.0007748624088288139
1452.3196911521277,1452.3196911521277,0.999913482502679,0.0007753159258708615
1452.326635711422,1452.326635711422,0.9991511868424622,0.0007753952474112204
1452.3335802707627,1452.3335802707627,1.0003035335272845,0.0007748002715137428
1452.3405248301324,1452.3405248301324,0.9992590913587076,0.0007745788545174006
1452.3474693895373,1452.3474693895373,1.0004585307503207,0.0007745096766635889
1452.3544139489886,1452.3544139489886,1.0003853192655263,0.0007745584833494729
1452.3613585084572,1452.3613585084572,1.001330514167168,0.0007741480914405945
1452.3683030679726,1452.3683030679726,0.9994388632695443,0.0007743375141435387
1452.3752476275229,1452.3752476275229,0.999619488881436,0.0007754020448076932
1452.382192187114,1452.382192187114,1.0003536804034785,0.0007743849033640825
1452.3891367467222,1452.3891367467222,0.9990936953407271,0.000774502050491639
1452.396081306366,1452.396081306366,0.9997137294880355,0.0007747935975294676
1452.4030258660441,1452.4030258660441,1.0001481292879733,0.0007753278978990723
1452.4099704257633,1452.4099704257633,1.0003432472838507,0.0007742188173644863
1452.4169149855,1452.4169149855,1.0001131935022245,0.0007739839276979826
1452.4238595452653,1452.4238595452653,1.0001775322867197,0.0007752438759240786
1452.4308041050715,1452.4308041050715,0.9999377433092054,0.0007745944397271889
1452.437748664896,1452.437748664896,0.9999622993561079,0.0007736827797980388
1452.4446932247542,1452.4446932247542,0.9999679803735436,0.0007746440085672194
1452.4516377846362,1452.4516377846362,0.9996948434009081,0.0007745089623669607
1452.4585823445534,1452.4585823445534,1.0002034860633056,0.000774526611091379
1452.4655269044938,1452.4655269044938,0.9998349065900538,0.0007744405665433217
1452.4724714644628,1452.4724714644628,1.0007496460484517,0.0007747778854291343
1452.4794160244555,1452.4794160244555,0.9994512327416281,0.0007752867273212463
1452.4863605844716,1452.4863605844716,1.0001943994017855,0.0007744784700784056
1452.4933051445166,1452.4933051445166,1.0004082079732866,0.0007743554388019856
1452.5002497045848,1452.5002497045848,0.9993801892067953,0.0007742948332032312
1452.5071942646828,1452.5071942646828,0.9997590131548785,0.0007739199174891711
1452.514138824797,1452.514138824797,0.9999691040052132,0.0007755066630417499
1452.5210833849355,1452.5210833849355,1.0002851196020355,0.000773915892387255
1452.5280279451083,1452.5280279451083,0.9995887835860682,0.0007743200264944035
1452.5349725052872,1452.5349725052872,0.9999685500202198,0.0007742911782728548
1452.5419170654955,1452.5419170654955,0.9996190936235856,0.0007746999622829787
1452.5488616257267,1452.5488616257267,1.000781648485525,0.0007752278975993933
1452.5558061859754,1452.5558061859754,1.0002739392650857,0.000774450170477399
1452.5627507462475,1452.5627507462475,0.9998261954342109,0.0007744681012858268
1452.569695306537,1452.569695306537,1.0002833541220015,0.0007749411835894141
1452.5766398668557,1452.5766398668557,0.9998222095835227,0.0007756797818190213
1452.58358442718,1452.58358442718,0.9995522372070477,0.0007744400968322154
1452.5905289875277,1452.5905289875277,1.0005252433443084,0.000774617291216751
1452.5974735478987,1452.5974735478987,0.9998936278863118,0.0007745995447626002
1452.604418108293,1452.604418108293,1.0000484884755367,0.0007741281281372871
1452.6113626686933,1452.6113626686933,1.000407986595817,0.0007746595386816662
1452.6183072291165,1452.6183072291165,0.9996594378775436,0.0007735794880946282
1452.6252517895634,1452.6252517895634,0.9990899277645798,0.0007741938970929999
1452.63219635001,1452.63219635001,1.000367723895397,0.0007743585914435698
1452.6391409104915,1452.6391409104915,0.9998674158975032,0.0007741161850772396
1452.646085470979,1452.646085470979,0.9999172490126071,0.0007746307566520335
1452.653030031484,1452.653030031484,1.0009255998484863,0.000774706544118958
1452.6599745920062,1452.6599745920062,1.0000269376645656,0.0007746055886843906
1452.666919152552,1452.666919152552,0.999473359854145,0.0007741795657889997
1452.6738637130973,1452.6738637130973,1.0005102130749517,0.0007740839507561132
1452.6808082736607,1452.6808082736607,0.9999930484724174,0.0007748261646745795
1452.687752834241,1452.687752834241,0.9997330593352679,0.0007743317235996061
1452.6946973948448,1452.6946973948448,0.9997224961097793,0.0007751073427821366
1452.7016419554311,1452.7016419554311,1.0000156684700638,0.0007749915618063842
1452.7085865160702,1452.7085865160702,0.9996063099994077,0.0007744658026581347
1452.715531076697,1452.715531076697,1.0003679378440582,0.0007758319062939304
1452.7224756373419,1452.7224756373419,1.0002915654436306,0.0007742129696301921
1452.729420197998,1452.729420197998,0.9998769063421781,0.0007748928553590842
1452.7363647586717,1452.7363647586717,1.0000160037609782,0.0007742918993262758
1452.743309319351,1452.743309319351,1.000445295331087,0.0007755027697613011
1452.7502538800422,1452.7502538800422,0.9999289994524212,0.0007740510434792842
1452.757198440751,1452.757198440751,1.0001058897330035,0.000775030885297789
1452.7641430014653,1452.7641430014653,0.9995335300659832,0.0007747884252077886
1452.7710875621856,1452.7710875621856,0.9998231136546407,0.0007742356929257575
1452.7780321229295,1452.7780321229295,0.99926150731036,0.0007743033508633497
1452.7849766836612,1452.7849766836612,1.0009413676412922,0.0007742895381543703
1452.7919212444222,1452.7919212444222,0.9997224701022462,0.0007740990580383991
1452.7988658051831,1452.7988658051831,1.000399320134042,0.0007740747415688047
1452.8058103659612,1452.8058103659612,1.0001449728955234,0.0007742855554831458
1452.81275492674,1452.81275492674,0.9992791979127512,0.0007741945698114148
1452.81969948753,1452.81969948753,1.0002462798026286,0.0007745652634970391
1452.8266440483258,1452.8266440483258,1.000560868593552,0.0007744065736226836
1452.8335886091338,1452.8335886091338,0.9997610016342915,0.0007740823414532645
1452.8405331699469,1452.8405331699469,0.9999868022359731,0.0007743229324717149
1452.8474777307663,1452.8474777307663,0.9998478473787265,0.0007739464092120673
1452.854422291597,1452.854422291597,0.9998766524509539,0.0007742285599364392
1452.8613668524335,1452.8613668524335,0.999643679007168,0.0007742394082192231
1452.8683114132764,1452.8683114132764,0.999872663513513,0.0007761304598166167
1452.8752559741242,1452.8752559741242,0.9999123151804561,0.0007740089468236738
1452.8822005349843,1452.8822005349843,1.0006799752423083,0.0007748788170050994
1452.8891450958445,1452.8891450958445,1.000095523630791,0.0007739160523499223
1452.8960896567044,1452.8960896567044,1.0008224580346057,0.0007746210638326031
1452.9030342175818,1452.9030342175818,0.9992809745324323,0.000774094693021699
1452.9099787784592,1452.9099787784592,1.0011038804300818,0.0007747377148138606
1452.916923339342,1452.916923339342,0.9999401532794122,0.0007744800795733772
1452.9238679002199,1452.9238679002199,1.0002988429568846,0.0007747720092817821
1452.930812461126,1452.930812461126,0.9997233672557518,0.0007750317898234785
1452.9377570220097,1452.9377570220097,0.9991495994534514,0.000774342224869696
1452.9447015829103,1452.9447015829103,1.0004738621621183,0.0007742656075004979
1452.9516461438166,1452.9516461438166,1.0004362508823346,0.0007747880247061973
1452.9585907047233,1452.9585907047233,0.9990223579807251,0.0007751640265616795
1452.9655352656296,1452.9655352656296,0.9998992450469053,0.0007747802360906903
1452.9724798265652,1452.9724798265652,1.0011458698673208,0.0007744298623919189
1452.979424387472,1452.979424387472,0.9999512425556878,0.0007745295645035194
1452.986368948396,1452.986368948396,1.000103042210378,0.0007753290927964352
1452.993313509314,1452.993313509314,0.9999318205202217,0.0007751315324035391
1453.0002580702496,1453.0002580702496,1.0006660634675937,0.0007742173936511566
1453.0072026311736,1453.0072026311736,1.0001227324013973,0.0007758661392580819
1453.0141471921038,1453.0141471921038,1.000236737376453,0.000774070006494863
1453.021091753033,1453.021091753033,0.9996587001688223,0.000774796521064288
1453.0280363139689,1453.0280363139689,0.9993994133959265,0.0007747735391999554
1453.0349808749047,1453.0349808749047,0.9997014175167094,0.0007744726719574474
1453.0419254358458,1453.0419254358458,1.0004442505182753,0.0007752120539033774
1453.0488699967816,1453.0488699967816,0.9996891767250109,0.0007746799977701649
1453.055814557723,1453.055814557723,1.000041645929569,0.0007744295874849196
1453.062759118659,1453.062759118659,1.0000380535840176,0.0007742802491944411
1453.0697036796003,1453.0697036796003,1.0006099379383226,0.0007748475933237448
1453.0766482405475,1453.0766482405475,0.99995691788071,0.0007743597127762755
1453.083592801489,1453.083592801489,1.0000145255494466,0.0007738865320021072
1453.0905373624305,1453.0905373624305,1.0001121178420793,0.0007746080787431684
1453.0974819233656,1453.0974819233656,0.9994670803951866,0.0007746012028496592
1453.1044264843072,1453.1044264843072,1.0001841531078839,0.0007742189566691133
1453.1113710452546,1453.1113710452546,1.000100833663076,0.0007745467792288987
1453.1183156061961,1453.1183156061961,0.999592460434602,0.0007747107472431947
1453.125260167132,1453.125260167132,0.9994347696627937,0.0007749104611898086
1453.1322047280732,1453.1322047280732,1.0003018343779777,0.0007742083772840629
1453.1391492890089,1453.1391492890089,1.0007209192546784,0.0007749219723760259
1453.1460938499445,1453.1460938499445,1.0004794179954917,0.0007743436646307754
1453.1530384108798,1453.1530384108798,0.9998929140291546,0.0007743276516624846
1453.1599829718157,1453.1599829718157,0.9996807197071764,0.0007742932680885725
1453.1669275327454,1453.1669275327454,1.0000248739440742,0.0007747984486025015
1453.173872093675,1453.173872093675,0.9997356664095867,0.0007749020008193076
1453.1808166546052,1453.1808166546052,0.9996026566953583,0.0007756900996637574
1453.1877612155354,1453.1877612155354,0.9994686977827489,0.0007750101958736754
1453.194705776447,1453.194705776447,1.000233187645067,0.0007738199019329102
1453.201650337383,1453.201650337383,1.0004127190824064,0.0007742690690580635
1453.2085948982897,1453.2085948982897,1.0008328256076806,0.0007747947708019918
1453.2155394592132,1453.2155394592132,0.9993020358694521,0.0007750517153762607
1453.2224840201313,1453.2224840201313,0.9998539126876421,0.0007739207040894829
1453.229428581038,1453.229428581038,0.9998554074201568,0.000775110474916092
1453.236373141945,1453.236373141945,1.0003580110733268,0.0007745230039135147
1453.2433177028513,1453.2433177028513,0.9998350726905458,0.0007740533298225302
1453.250262263752,1453.250262263752,1.0004549272641872,0.0007742165792247414
1453.257206824635,1453.257206824635,1.0003162275104152,0.0007748181817202708
1453.264151385542,1453.264151385542,0.999699187223745,0.0007741666184629215
1453.271095946419,1453.271095946419,1.0002866207367458,0.0007744254449958705
1453.278040507308,1453.278040507308,1.000019877192727,0.0007749645140007057
1453.2849850681916,1453.2849850681916,0.9989735842595081,0.0007744615254600913
1453.2919296290693,1453.2919296290693,0.9996126739414335,0.0007745468060148814
1453.2988741899403,1453.2988741899403,1.0006456307838192,0.0007737444002991616
1453.305818750806,1453.305818750806,1.0001778648246888,0.0007748869773701974
1453.3127633116721,1453.3127633116721,1.0001926729728523,0.0007746683542421792
1453.3197078725323,1453.3197078725323,1.0002563941571956,0.0007746156628768207
1453.32665243338,1453.32665243338,0.9994653033077645,0.0007750027526196962
1453.3335969942345,1453.3335969942345,0.9999569463847463,0.0007737831925105744
1453.340541555071,1453.340541555071,1.0010575979817198,0.0007745277004637052
1453.3474861159198,1453.3474861159198,0.9999529043161521,0.0007741163394882599
1453.3544306767503,1453.3544306767503,0.9996130988238198,0.0007741990294306051
1453.3613752375695,1453.3613752375695,0.9993333069800633,0.0007743436266082608
1453.3683197983946,1453.3683197983946,0.9998008388875389,0.0007744693144370504
1453.3752643592138,1453.3752643592138,0.9999716254379163,0.0007751419041756637
1453.3822089200214,1453.3822089200214,0.9997536709191298,0.0007753735782651877
1453.3891534808292,1453.3891534808292,1.0000134896028343,0.0007753517564932477
1453.396098041625,1453.396098041625,1.0003955698979632,0.0007748347022540448
1453.4030426024208,1453.4030426024208,1.0000786252270382,0.0007739219093249235
1453.409987163205,1453.409987163205,0.9995185359206975,0.0007746154570605642
1453.4169317239835,1453.4169317239835,1.0005510940131228,0.0007746867353413399
1453.4238762847622,1453.4238762847622,1.000081850674173,0.0007745080725827288
1453.430820845523,1453.430820845523,0.9995135118237167,0.0007740602816127007
1453.4377654062841,1453.4377654062841,0.9998740224166613,0.0007745626531960353
1453.4447099670451,1453.4447099670451,1.000541136809279,0.0007748102051228268
1453.451654527777,1453.451654527777,0.9993142914093308,0.0007737491470828732
1453.4585990885266,1453.4585990885266,1.000496876669563,0.0007753123815437058
1453.4655436492583,1453.4655436492583,1.0003345505105077,0.0007745782036272149
1453.472488209984,1453.472488209984,0.9995887049824752,0.0007751310284360276
1453.479432770693,1453.479432770693,1.0001171180337418,0.0007744991307102634
1453.4863773314073,1453.4863773314073,1.0001465762887751,0.0007748605328875046
1453.4933218921103,1453.4933218921103,0.9998297227971269,0.0007744892760989375
1453.5002664528074,1453.5002664528074,1.0004546775107346,0.0007743897864295128
1453.5072110134925,1453.5072110134925,0.9998674746889351,0.0007753440369028295
1453.5141555741723,1453.5141555741723,0.9997080879955682,0.0007743338419039618
1453.5211001348457,1453.5211001348457,1.0000080916327878,0.0007743012104707035
1453.5280446955078,1453.5280446955078,0.9996605019420202,0.0007741237168022413
1453.5349892561642,1453.5349892561642,1.00074130947772,0.0007749813689279586
1453.5419338168144,1453.5419338168144,1.0000704878738413,0.0007746408215897334
1453.5488783774533,1453.5488783774533,0.9998450923648121,0.0007751541611604469
1453.5558229380863,1453.5558229380863,0.9998627173614894,0.0007747651481776871
1453.562767498702,1453.562767498702,0.9998878741790149,0.0007745794763951268
1453.5697120593172,1453.5697120593172,0.9997244330103351,0.000774401898149217
1453.5766566199327,1453.5766566199327,1.0002361339970796,0.0007747826132477166
1453.583601180519,1453.583601180519,0.9999262794249099,0.0007745572947033705
1453.5905457411113,1453.5905457411113,1.0001122913987275,0.0007750479382744965
1453.5974903016863,1453.5974903016863,1.000105164401973,0.0007747420956352905
1453.6044348622606,1453.6044348622606,1.0002573586786305,0.0007753864957252267
1453.611379422824,1453.611379422824,1.0004435932785865,0.0007749613293166165
1453.6183239833697,1453.6183239833697,0.9997135346289363,0.0007746983708332758
1453.6252685439154,1453.6252685439154,0.9997256754925348,0.000775010652061326
1453.6322131044494,1453.6322131044494,0.9998617122337696,0.0007749857387729028
1453.6391576649771,1453.6391576649771,0.9996142299942778,0.0007745381896013652
1453.6461022254884,1453.6461022254884,0.9999027607946263,0.0007752123832799087
1453.6530467859934,1453.6530467859934,1.0003363395299698,0.0007743089264187265
1453.6599913464863,1453.6599913464863,1.0003945184723437,0.0007743981964976034
1453.666935906974,1453.666935906974,1.0001242406241364,0.000774711507706813
1453.6738804674437,1453.6738804674437,0.9995446739705145,0.0007741198987659653
1453.6808250279141,1453.6808250279141,0.9999543225934027,0.0007739605569993498
1453.6877695883722,1453.6877695883722,0.9995876408595212,0.0007744880675362804
1453.6947141488185,1453.6947141488185,1.0005315118174898,0.0007743535217795413
1453.7016587092542,1453.7016587092542,0.9996696160291606,0.0007745699726473445
1453.7086032696773,1453.7086032696773,0.9997974310418811,0.0007738124724122177
1453.715547830095,1453.715547830095,1.0002464484566262,0.0007748577286200855
1453.722492390501,1453.722492390501,1.0007963679985146,0.0007749719678061481
1453.729436950895,1453.729436950895,0.9997593784348954,0.0007746815560909332
1453.736381511278,1453.736381511278,0.9998729549245905,0.0007745549761440131
1453.7433260716546,1453.7433260716546,0.999939218858844,0.0007746226618779845
1453.7502706320197,1453.7502706320197,0.9999571006963659,0.000775425060806512
1453.7572151923678,1453.7572151923678,1.000024893124022,0.0007739431026745781
1453.7641597527095,1453.7641597527095,1.0006379939478187,0.0007752167709033196
1453.7711043130341,1453.7711043130341,0.9997845122551249,0.0007738982253920782
1453.7780488733583,1453.7780488733583,1.0000365412250105,0.0007741723568180827
1453.7849934336714,1453.7849934336714,1.0003627467041654,0.0007739727245479039
1453.7919379939729,1453.7919379939729,0.9998332858978326,0.0007743753070116462
1453.7988825542561,1453.7988825542561,1.0002661074730994,0.000774831211462628
1453.805827114534,1453.805827114534,0.9998707686586329,0.0007742473754605574
1453.8127716748002,1453.8127716748002,1.0001790698874025,0.0007746808610637987
1453.819716235049,1453.819716235049,0.9995708466187929,0.000774099688316674
1453.8266607952924,1453.8266607952924,0.9991524802428915,0.0007758572831248375
1453.8336053555292,1453.8336053555292,1.0006025348219876,0.000774533050132722
1453.8405499157434,1453.8405499157434,0.9999195741298689,0.0007737651099761606
1453.8474944759514,1453.8474944759514,1.0005653832434036,0.0007749895111796887
1453.8544390361415,1453.8544390361415,1.0005298250498798,0.0007743828887226833
1453.8613835963206,1453.8613835963206,0.9995669929556514,0.0007743983388007874
1453.8683281564997,1453.8683281564997,0.9995272564959983,0.0007750596093569931
1453.875272716667,1453.875272716667,0.9997886368002936,0.0007742654160157092
1453.8822172768166,1453.8822172768166,1.0006080074749073,0.0007747824615053129
1453.8891618369494,1453.8891618369494,1.0005541538892833,0.0007743228664833424
1453.8961063970758,1453.8961063970758,0.9999531484932442,0.0007748444317466687
1453.9030509571846,1453.9030509571846,0.9992748214012204,0.0007742464578274714
1453.9099955172883,1453.9099955172883,1.0001836778753117,0.0007741173615728148
1453.9169400773735,1453.9169400773735,0.9996182618439139,0.0007742110585197195
1453.9238846374542,1453.9238846374542,0.999384727257492,0.000774603214904896
1453.9308291975224,1453.9308291975224,1.0003207252353585,0.0007753766156960173
1453.9377737575614,1453.9377737575614,0.9999789273406682,0.0007748767047722957
1453.9447183176242,1453.9447183176242,1.0011351053606474,0.000774541914741447
1453.9516628776285,1453.9516628776285,1.0001686536118313,0.0007739988241632658
1453.958607437656,1453.958607437656,0.9999127689269176,0.0007741058816533814
1453.9655519976545,1453.9655519976545,0.9995024856649849,0.0007749445778481191
1453.9724965576413,1453.9724965576413,0.9994535645352313,0.000774241713844095
1453.9794411176226,1453.9794411176226,0.9990839221375593,0.0007747611324288816
1453.986385677586,1453.986385677586,1.0003702684846647,0.000774507074844925
1453.993330237538,1453.993330237538,1.0007466614318623,0.0007744980953307207
1454.0002747974727,1454.0002747974727,1.0002517887838411,0.0007745633139690718
1454.007219357395,1454.007219357395,1.000736856055922,0.0007758365190176862
1454.0141639173182,1454.0141639173182,0.9999232813779203,0.0007743922443006351
1454.021108477206,1454.021108477206,0.9999088296478924,0.0007742113504987638
1454.028053037094,1454.028053037094,0.9991091070472621,0.0007745465735389597
1454.0349975969702,1454.0349975969702,0.9998101385405415,0.0007758543698981205
1454.041942156829,1454.041942156829,0.9997815701365035,0.0007740507207536013
1454.0488867166819,1454.0488867166819,1.0009020790818146,0.0007743854343604754
1454.0558312765115,1454.0558312765115,1.0006923286650011,0.0007742873865643379
1454.0627758363357,1454.0627758363357,0.9993803703858168,0.0007747707489198075
1454.069720396142,1454.069720396142,1.0002941730070218,0.0007746768349974236
1454.076664955931,1454.076664955931,0.9991493327059302,0.000774568255002638
1454.0836095157138,1454.0836095157138,0.9996505591275241,0.0007743782784209001
1454.0905540754738,1454.0905540754738,0.9997691925731591,0.000774845205927493
1454.0974986352453,1454.0974986352453,1.000330252940407,0.0007742387752264847
1454.1044431949763,1454.1044431949763,1.0000993666649811,0.0007749264445907065
1454.1113877547011,1454.1113877547011,1.0007574750623793,0.0007739766425645028
1454.1183323144087,1454.1183323144087,0.9997219287980968,0.0007749495276023352
1454.12527687411,1454.12527687411,1.000178021610084,0.0007747448944690476
1454.1322214337886,1454.1322214337886,0.9996719320562363,0.0007738257019602537
1454.139165993461,1454.139165993461,1.0000744313898815,0.0007744876676187699
1454.146110553122,1454.146110553122,1.0002592852724723,0.0007744214453005639
1454.1530551127657,1454.1530551127657,1.000380706328031,0.00077471563558388
1454.1599996723974,1454.1599996723974,0.9995902302673778,0.0007764536593577767
1454.1669442320003,1454.1669442320003,0.9997328111130555,0.0007749568421058482
1454.173888791614,1454.173888791614,0.9994954573280965,0.0007739059173021303
1454.180833351194,1454.180833351194,1.0000868688438271,0.000774466499849663
1454.1877779107733,1454.1877779107733,1.0003571266516011,0.0007738875170910632
1454.1947224703292,1454.1947224703292,1.0000646760604854,0.0007742941245874177
1454.201667029874,1454.201667029874,0.9998868995127564,0.0007753300140545287
1454.208611589401,1454.208611589401,0.9999517185427169,0.0007749038284435762
1454.2155561489221,1454.2155561489221,1.0003692801456434,0.0007749522728716979
1454.22250070842,1454.22250070842,1.0000548088026378,0.0007741937129652615
1454.2294452679062,1454.2294452679062,0.9997960653082609,0.0007741457598480502
1454.2363898273866,1454.2363898273866,0.9998412071619132,0.0007750266810895866
1454.2433343868381,1454.2433343868381,0.9998623650593622,0.0007743006435615449
1454.2502789462837,1454.2502789462837,1.0002509570160254,0.0007745759210299708
1454.2572235057119,1454.2572235057119,1.000081355373819,0.0007743322736861837
1454.2641680651222,1454.2641680651222,0.9994037622916695,0.0007743115001682826
1454.2711126245272,1454.2711126245272,1.0009567960596724,0.0007746772340030987
1454.2780571839144,1454.2780571839144,0.9999576395027869,0.0007739823916356801
1454.2850017432786,1454.2850017432786,1.000051522395302,0.0007750177198679561
1454.2919463026367,1454.2919463026367,0.9998772209115737,0.0007754779646737549
1454.2988908619777,1454.2988908619777,0.9999353811541587,0.000775079017551867
1454.305835421295,1454.305835421295,0.9992808965450906,0.0007759336261923854
1454.312779980624,1454.312779980624,0.9999314740115114,0.0007744363669577318
1454.319724539901,1454.319724539901,1.0003419151222424,0.0007741421640717217
1454.326669099189,1454.326669099189,0.9999848707071527,0.0007743643386301884
1454.3336136584542,1454.3336136584542,0.9997180927152088,0.0007746181568137048
1454.340558217708,1454.340558217708,1.000209683432614,0.0007740489281890156
1454.347502776944,1454.347502776944,1.0010398800203226,0.0007744573198658507
1454.3544473361562,1454.3544473361562,0.9993205491746057,0.0007745813000620972
1454.3613918953693,1454.3613918953693,1.0001810532456599,0.0007745803978461479
1454.368336454553,1454.368336454553,0.9997731878678515,0.0007745508171572398
1454.3752810137364,1454.3752810137364,0.9997837181961504,0.0007738477495749473
1454.3822255728967,1454.3822255728967,0.999978290256817,0.0007743799033337574
1454.389170132034,1454.389170132034,1.0003991428766235,0.0007743359719715353
1454.396114691165,1454.396114691165,1.0003294867352923,0.00077508999636549
1454.403059250279,1454.403059250279,0.999628204524825,0.000773884316397877
1454.4100038093693,1454.4100038093693,0.9996867673152925,0.0007738894953783306
1454.4169483684595,1454.4169483684595,1.0002871255255277,0.0007759189563812816
1454.423892927527,1454.423892927527,0.9994003853733787,0.0007746079765739709
1454.4308374865766,1454.4308374865766,1.000514817180547,0.000774189514152516
1454.437782045615,1454.437782045615,1.00020186810033,0.0007751857179476753
1454.444726604641,1454.444726604641,0.9997834922542586,0.0007744514206002647
1454.4516711636384,1454.4516711636384,0.9997875291256803,0.0007748582189515523
1454.45861572263,1454.45861572263,1.0002510222492327,0.0007752236004333384
1454.465560281598,1454.465560281598,0.9998668507981272,0.0007748099482519843
1454.4725048405608,1454.4725048405608,0.999194033398694,0.0007746562462811128
1454.4794493995,1454.4794493995,0.9994324582375228,0.0007735191806431688
1454.486393958427,1454.486393958427,1.0006314411731903,0.0007742193973352587
1454.4933385173317,1454.4933385173317,1.0004619006905373,0.0007742676138186901
1454.5002830762355,1454.5002830762355,1.0000727400773761,0.0007740272788691865
1454.507227635105,1454.507227635105,1.0003136856386035,0.0007747945992507032
1454.5141721939742,1454.5141721939742,0.9996928553491573,0.0007745641813378544
1454.5211167528205,1454.5211167528205,0.9993167967632701,0.0007747527696246955
1454.5280613116427,1454.5280613116427,0.9996039707204976,0.0007739044085367877
1454.53500587046,1454.53500587046,1.000009225815763,0.0007745005939350584
1454.541950429259,1454.541950429259,0.9999179333455338,0.0007739816781508889
1454.5488949880469,1454.5488949880469,1.0010015940618608,0.0007743141376755898
1454.5558395468058,1454.5558395468058,0.9998358666506565,0.0007743140245430418
1454.5627841055643,1454.5627841055643,0.9997966678593313,0.0007749340766545267
1454.569728664288,1454.569728664288,1.000312403844418,0.0007744528298467001
1454.5766732230122,1454.5766732230122,1.0001736611376293,0.0007747482973885816
1454.5855622581375,1454.5855622581375,0.999784024153465,0.0007742999572992459
1454.6002847225334,1454.6002847225334,0.9996226707896472,0.0007743274301403503
1454.6072292811755,1454.6072292811755,0.9998646816890814,0.0007736423849313417
1454.614173839806,1454.614173839806,1.000346852113898,0.0007745568376427884
1454.6211183984194,1454.6211183984194,1.0001335187514373,0.0007743821401264646
1454.628062957015,1454.628062957015,1.000234508348903,0.0007743356810872783
1454.635007515593,1454.635007515593,1.00054770284695,0.0007746013997289912
1454.64195207416,1454.64195207416,0.999317798718425,0.0007743860286481589
1454.6488966327036,1454.6488966327036,0.9999849657440356,0.0007742116266505332
1454.6558411912347,1454.6558411912347,1.0002456895540512,0.0007743803488695245
1454.662785749755,1454.662785749755,0.9998071385316909,0.0007740355703521973
1454.6697303082462,1454.6697303082462,0.9996832728791908,0.0007745913635076742
1454.6766748667249,1454.6766748667249,0.999620151407808,0.0007741351869299553
1454.683619425193,1454.683619425193,1.0006191069824264,0.0007745947642257248
1454.6905639836373,1454.6905639836373,0.9997557295727599,0.0007748428895333852
1454.6975085420697,1454.6975085420697,1.000107351602472,0.0007749091893648901
1454.7044531004794,1454.7044531004794,0.9993626770666724,0.000774736627322126
1454.711397658877,1454.711397658877,1.0007829046642507,0.0007761607842672804
1454.7183422172577,1454.7183422172577,0.9997659246982046,0.0007758145239370123
1454.7252867756204,1454.7252867756204,1.000998764735407,0.000775043465134792
1454.7322313339719,1454.7322313339719,1.000101901777253,0.0007743101230417236
1454.7391758922993,1454.7391758922993,0.9996524647156793,0.0007737236762950172
1454.7461204506042,1454.7461204506042,0.9997062198394747,0.0007744410476259245
1454.7530650088916,1454.7530650088916,0.9993606141658811,0.0007742952068473936
1454.7600095671787,1454.7600095671787,1.000405916946732,0.0007755500922975736
1454.7669541254425,1454.7669541254425,0.9996424478567253,0.0007744188515200231
1454.773898683683,1454.773898683683,0.999902954005232,0.0007742869054600096
1454.780843241918,1454.780843241918,1.00048815865401,0.0007743359665890661
1454.7877878001236,1454.7877878001236,0.9998879069774885,0.0007749561300936109
1454.794732358318,1454.794732358318,1.0001033291699888,0.0007747063355241473
1454.8016769164947,1454.8016769164947,1.0002219675474102,0.0007746321049779172
1454.8086214746595,1454.8086214746595,0.9994628671887409,0.0007742917533774365
1454.8155660328016,1454.8155660328016,0.99992926608679,0.000774784076918842
1454.8225105909198,1454.8225105909198,0.9999876989445509,0.0007739529306448505
1454.8294551490205,1454.8294551490205,1.0007505866797162,0.000775052528397956
1454.8363997071158,1454.8363997071158,0.9998128063409595,0.0007741893980062527
1454.8433442651935,1454.8433442651935,1.0000384974508774,0.0007741433400388834
1454.850288823242,1454.850288823242,1.0002512365301361,0.0007740966585593294
1454.8572333812785,1454.8572333812785,0.9992633359483044,0.0007744000391531044
1454.8641779393042,1454.8641779393042,0.9993810417032364,0.0007747738591211398
1454.8711224973006,1454.8711224973006,1.00096513463643,0.0007752409712434565
1454.8780670552903,1454.8780670552903,0.999873457966198,0.0007740114336660765
1454.8850116132576,1454.8850116132576,1.0000904293561823,0.0007741872716394386
1454.8919561712073,1454.8919561712073,0.9997185623637673,0.0007751404160822106
1454.8989007291452,1454.8989007291452,1.000304633001647,0.0007741116449814283
1454.905845287054,1454.905845287054,0.9996138076634746,0.0007745528799370111
1454.9127898449512,1454.9127898449512,1.0007042894616855,0.000775256478229989
1454.919734402837,1454.919734402837,1.0001667095806572,0.0007746632749404764
1454.9266789606877,1454.9266789606877,0.9997093010071882,0.0007749490187701584
1454.9336235185383,1454.9336235185383,1.0000562836484428,0.000773967302341289
1454.9405680763716,1454.9405680763716,1.0000066886092922,0.0007746590567665504
1454.9475126341817,1454.9475126341817,0.9996647331135258,0.000774749059017441
1454.954457191968,1454.954457191968,0.9989043018818554,0.000775031333676166
1454.961401749743,1454.961401749743,0.9997286455807902,0.0007744868072960128
1454.9683463075005,1454.9683463075005,1.0005879373557096,0.0007745432639784681
1454.9752908652406,1454.9752908652406,1.0004543417339136,0.0007740307475325796
1454.9822354229693,1454.9822354229693,1.0008728944305283,0.0007742068194846327
1454.9891799806742,1454.9891799806742,0.9999665082405323,0.0007741389026173749
1454.9961245383504,1454.9961245383504,0.9999458453803065,0.0007736994799515177
1455.0030690960148,1455.0030690960148,0.999965785990292,0.0007746631240817092
1455.0100136536673,1455.0100136536673,1.0000755074573457,0.0007751877517264453
1455.0169582112972,1455.0169582112972,0.9995880965183984,0.0007753786430891233
1455.023902768915,1455.023902768915,1.0000869951710363,0.0007740001253997994
1455.0308473265095,1455.0308473265095,1.0001832956179195,0.0007755921603510257
1455.0377918840863,1455.0377918840863,0.9997279596521539,0.0007743319463401359
1455.0447364416461,1455.0447364416461,0.9997416419875774,0.0007745326836462623
1455.0516809991884,1455.0516809991884,0.9994167165989705,0.0007745458135082087
1455.0586255567189,1455.0586255567189,0.9999136290988877,0.0007742047785285187
1455.0655701142143,1455.0655701142143,1.0005995606755969,0.000773977138960023
1455.0725146717043,1455.0725146717043,1.000146006194074,0.0007746410174239271
1455.0794592291707,1455.0794592291707,1.000350591864884,0.0007740915401231802
1455.0864037866254,1455.0864037866254,0.9991700445821508,0.0007752565694544182
1455.0933483440688,1455.0933483440688,1.000295496010083,0.0007751738704418017
1455.1002929014826,1455.1002929014826,1.0012217115186175,0.0007748117354266059
1455.1072374588737,1455.1072374588737,1.0001441732610576,0.0007743069290454169
1455.1141820162527,1455.1141820162527,0.9993566410752747,0.0007740473420955942
1455.1211265736142,1455.1211265736142,0.9993622600553362,0.0007746864236955352
1455.128071130953,1455.128071130953,0.9999798661072944,0.0007743299880827489
1455.13501568828,1455.13501568828,0.9996224379052426,0.0007744516923283503
1455.1419602455833,1455.1419602455833,0.9996715289650506,0.0007740923133916352
1455.1489048028695,1455.1489048028695,1.0000544464624315,0.0007746912726958912
1455.155849360138,1455.155849360138,1.0008027434167297,0.0007742007136167403
1455.1627939173893,1455.1627939173893,1.000229566713982,0.0007750808444319517
1455.1697384746228,1455.1697384746228,0.9999197488602837,0.0007740638815728593
1455.1766830318388,1455.1766830318388,1.000225241909694,0.0007753690626886755
1455.183627589032,1455.183627589032,1.000088901885955,0.0007757552989597746
1455.1905721462074,1455.1905721462074,1.0005074233810196,0.0007751206645672081
1455.1975167033656,1455.1975167033656,0.999384830657174,0.0007741873283505153
1455.2044612605118,1455.2044612605118,0.9993642235215748,0.0007740548577313193
1455.2114058176346,1455.2114058176346,1.0001887839166346,0.000774272415258974
1455.2183503747287,1455.2183503747287,0.9993490709566253,0.0007755512573051312
1455.225294931811,1455.225294931811,1.000495090451458,0.0007744779396852339
1455.2322394888818,1455.2322394888818,1.0001001306122275,0.000774483878167933
1455.239184045929,1455.239184045929,1.000719491118201,0.0007741946174572886
1455.2461286029534,1455.2461286029534,0.9995582264483944,0.0007744361574844921
1455.2530731599659,1455.2530731599659,1.0001991888885773,0.0007744039992027219
1455.2600177169606,1455.2600177169606,0.9994589492176219,0.0007751625921399716
1455.2669622739209,1455.2669622739209,1.0009093034694063,0.0007746736202902659
1455.2739068308867,1455.2739068308867,0.9996013484451531,0.0007746088541057785
1455.2808513878176,1455.2808513878176,0.9990532189929034,0.0007741730481646373
1455.287795944731,1455.287795944731,1.0007158480698668,0.0007745880978916413
1455.2947405016334,1455.2947405016334,0.9997225852437213,0.0007744512274353386
1455.3016850585116,1455.3016850585116,1.0002908775585049,0.0007744692940705354
1455.3086296153729,1455.3086296153729,0.999419328572535,0.0007750217052084011
1455.3155741722107,1455.3155741722107,0.9999595549078558,0.000774621407101213
1455.3225187290368,1455.3225187290368,1.0004331703746314,0.0007749383682960769
1455.3294632858401,1455.3294632858401,1.000926802688204,0.0007744274853754758
1455.3364078426255,1455.3364078426255,0.9996051655506552,0.0007743536904791843
1455.3433523993876,1455.3433523993876,0.9998964985528509,0.0007739497421304892
1455.3502969561382,1455.3502969561382,1.0000485000417558,0.0007744049048723522
1455.3572415128654,1455.3572415128654,0.9987251411785751,0.000774006503188604
1455.3641860695693,1455.3641860695693,1.0002467361204945,0.0007741439899575733
1455.371130626256,1455.371130626256,0.9994499972205189,0.000774183033837963
1455.3780751829368,1455.3780751829368,1.000256904284846,0.0007745038213617673
1455.3850197395882,1455.3850197395882,1.0003319095371819,0.0007740152647819312
1455.3919642962223,1455.3919642962223,1.0006824284109421,0.0007744094981224916
1455.3989088528328,1455.3989088528328,0.9997570945324907,0.0007744041176284878
1455.4058534094268,1455.4058534094268,1.0002734899971117,0.0007742558438337813
1455.4127979660084,1455.4127979660084,0.999789536518574,0.0007746705848582025
1455.4197425225666,1455.4197425225666,0.9999418806663215,0.0007741814213625589
1455.4266870791078,1455.4266870791078,0.9989873821934265,0.0007748685560514296
1455.4336316356196,1455.4336316356196,0.9999417329172576,0.0007746224329370609
1455.4405761921203,1455.4405761921203,1.0001680937307074,0.0007747265407255608
1455.4475207485968,1455.4475207485968,1.0002931206794976,0.0007744897564920731
1455.4544653050623,1455.4544653050623,0.9999333282083329,0.0007747784062784165
1455.4614098615045,1455.4614098615045,0.9998640725015416,0.000774542049991732
1455.468354417923,1455.468354417923,0.9997721235497288,0.000774499457970434
1455.4752989743417,1455.4752989743417,1.0001795760697394,0.0007744233117602489
1455.4822435307083,1455.4822435307083,1.0005281942843598,0.000773747797953673
1455.4891880870805,1455.4891880870805,1.0003420719602487,0.0007745641332264463
1455.4961326434236,1455.4961326434236,1.0007256597807246,0.0007738319984284785
1455.503077199755,1455.503077199755,0.9992734122833232,0.0007740783815292921
1455.510021756057,1455.510021756057,0.9999670090099027,0.0007743583852394716
1455.5169663123484,1455.5169663123484,1.0000150691123042,0.0007755753068950113
1455.5239108686153,1455.5239108686153,0.9997545480648562,0.000775079479566696
1455.5308554248654,1455.5308554248654,0.9989668123233674,0.0007742483168787254
1455.5377999810921,1455.5377999810921,1.0003047878261253,0.0007741123590641798
1455.5447445372952,1455.5447445372952,1.0002335513112661,0.0007738193793296745
1455.5516890934932,1455.5516890934932,1.0002724819888273,0.0007740904015965055
1455.5586336496617,1455.5586336496617,1.0004840415488654,0.0007739983420674738
1455.5655782058125,1455.5655782058125,0.9997867101567388,0.0007738611741778629
1455.572522761952,1455.572522761952,0.9997417054638748,0.0007755183915620037
1455.5794673180621,1455.5794673180621,1.0003318922982367,0.0007748744613010441
1455.5864118741551,1455.5864118741551,0.9997856123541542,0.0007741787537267638
1455.5933564302302,1455.5933564302302,0.9993259499659075,0.0007742511164749398
1455.6003009862823,1455.6003009862823,0.9999553618829677,0.0007736928654250016
1455.6072455423114,1455.6072455423114,1.0000836416602528,0.0007751444131161641
1455.6141900983341,1455.6141900983341,1.0005066140739236,0.0007739288337950247
1455.6211346543282,1455.6211346543282,0.9997857074815556,0.0007745622409494045
1455.6280792102987,1455.6280792102987,1.0000132659154788,0.0007738296163748779
1455.6350237662577,1455.6350237662577,1.0000431883069427,0.0007738694544902351
1455.6419683221989,1455.6419683221989,0.9996550544524103,0.0007740377687849079
1455.648912878111,1455.648912878111,1.000231961921627,0.0007742065370882743
1455.655857434012,1455.655857434012,0.9996919543744255,0.0007757341659283361
1455.6628019898897,1455.6628019898897,0.9996323181987229,0.0007741410553321062
1455.6697465457437,1455.6697465457437,1.0000716223602653,0.0007746222962946143
1455.6766911015743,1455.6766911015743,0.9996743285584226,0.000773369201306054
1455.6836356573883,1455.6836356573883,1.0003973788331104,0.0007739380705715402
1455.6905802132012,1455.6905802132012,1.000063940315933,0.0007739318739998184
1455.697524768974,1455.697524768974,1.0004012590951512,0.0007741202993523165
1455.7044693247349,1455.7044693247349,0.9999978990709917,0.0007747418610462853
1455.711413880473,1455.711413880473,1.0000255812157461,0.0007742725567482678
1455.718358436193,1455.718358436193,0.9996870144086534,0.0007747518836647203
1455.7253029918897,1455.7253029918897,0.999753354045047,0.0007739831369434231
1455.7322475475817,1455.7322475475817,0.9999232338587818,0.0007753238370534394
1455.739192103226,1455.739192103226,0.9992232545696004,0.0007740006630053629
1455.7461366588764,1455.7461366588764,1.000386635881123,0.0007750098490862522
1455.7530812144919,1455.7530812144919,0.9999967429104737,0.000774734694646471
1455.76002577009,1455.76002577009,1.0006811035490573,0.0007739260500217496
1455.7669703256763,1455.7669703256763,1.0003928535490185,0.0007745824569471349
1455.7739148812336,1455.7739148812336,1.0004056775548646,0.0007750493242600907
1455.7808594367677,1455.7808594367677,0.9999807883377396,0.0007741107612649913
1455.78780399229,1455.78780399229,0.998987923645473,0.0007744011930116916
1455.7947485477894,1455.7947485477894,1.0007692055158115,0.0007745451440208277
1455.8016931032648,1455.8016931032648,0.9997072312403794,0.0007738235673881295
1455.8086376587348,1455.8086376587348,1.0003794352151103,0.0007759354253391499
1455.8155822141644,1455.8155822141644,1.0002629913354821,0.0007738790493124218
1455.8225267695875,1455.8225267695875,0.9997205421495494,0.0007755686462697253
1455.829471324988,1455.829471324988,1.0002910345271536,0.0007751348374280575
1455.8364158803647,1455.8364158803647,0.9995099079018569,0.0007741747143397724
1455.84336043573,1455.84336043573,0.9999640788503493,0.0007748862915325928
1455.850304991066,1455.850304991066,1.0004013766261872,0.0007752475996039701
1455.8572495463845,1455.8572495463845,0.9998556062538441,0.0007744693872100397
1455.864194101686,1455.864194101686,0.9997690016158668,0.0007747761309669625
1455.8711386569635,1455.8711386569635,1.00054792477686,0.0007750031274376743
1455.8780832122181,1455.8780832122181,0.9998945138804265,0.0007749495556961665
1455.8850277674496,1455.8850277674496,0.9995748428417484,0.0007747726550445708
1455.8919723226754,1455.8919723226754,0.9997801609131276,0.0007740059251397332
1455.8989168778714,1455.8989168778714,0.999939668513673,0.0007746905322360634
1455.9058614330504,1455.9058614330504,1.0002381158551779,0.0007744883294146384
1455.912805988206,1455.912805988206,0.9999571149741436,0.0007737932188232099
1455.9197505433383,1455.9197505433383,0.9996097426660056,0.0007740935181513663
1455.926695098459,1455.926695098459,1.0008060083943224,0.0007744340195455009
1455.9336396535448,1455.9336396535448,0.999799878815893,0.00077474085957763
1455.9405842086312,1455.9405842086312,1.000375900181897,0.0007746406530053909
1455.947528763682,1455.947528763682,1.0003836261554906,0.0007740222848107275
1455.9544733187208,1455.9544733187208,0.9994364509811005,0.0007743063286199761
1455.961417873737,1455.961417873737,0.9999397648003647,0.0007737072323734855
1455.96836242873,1455.96836242873,0.9994083672407232,0.0007739997358112254
1455.975306983705,1455.975306983705,0.9996925160338032,0.0007744344729338951
1455.9822515386509,1455.9822515386509,1.0008011326255646,0.0007750492873654991
1455.9891960935913,1455.9891960935913,1.000370725998055,0.0007740971839251514
1455.996140648497,1455.996140648497,0.9998235038595972,0.0007745403339115879
1456.0030852033906,1456.0030852033906,1.0003334197398464,0.0007739449112779475
1456.0100297582608,1456.0100297582608,0.9995132651718123,0.0007738027654666951
1456.016974313108,1456.016974313108,1.0003977394581376,0.0007743498163235694
1456.0239188679438,1456.0239188679438,0.9991314017882358,0.0007741482604381348
1456.030863422738,1456.030863422738,0.9995162698231079,0.0007745023724863926
1456.0378079775332,1456.0378079775332,1.0007879919741645,0.0007742539936638367
1456.0447525323102,1456.0447525323102,1.0001140859716964,0.0007741780494095257
1456.051697087053,1456.051697087053,1.0001843735100429,0.0007745183228905548
1456.0586416417777,1456.0586416417777,1.0006217771818424,0.0007746981956184198
1456.0655861964913,1456.0655861964913,0.9998568153068774,0.0007735836596489805
1456.0725307511755,1456.0725307511755,0.9998396071448031,0.000773473448757661
1456.0794753058365,1456.0794753058365,0.9994873356587399,0.0007751492142708192
1456.0864198604859,1456.0864198604859,0.9993554171199894,0.0007741559726495408
1456.0933644151,1456.0933644151,1.0005649161655135,0.0007739494036476076
1456.1003089697085,1456.1003089697085,0.9996565705990352,0.0007742087703087627
1456.1072535242938,1456.1072535242938,1.0004041956870395,0.0007741719532700958
1456.11419807885,1456.11419807885,0.9998000441965624,0.0007754847773300983
1456.1211426333944,1456.1211426333944,1.0005041554349108,0.0007738197361049811
1456.1280871879158,1456.1280871879158,1.0004876644335094,0.0007740900835109252
1456.1350317424135,1456.1350317424135,0.9996891958433898,0.000774258296986383
1456.1419762968878,1456.1419762968878,0.9995407932448316,0.0007735972734585761
1456.1489208513453,1456.1489208513453,1.0005335629439205,0.0007743654284906843
1456.1558654057792,1456.1558654057792,0.9992393866117946,0.0007739301298718604
1456.1628099602015,1456.1628099602015,1.0000602736270565,0.0007740553056228966
1456.1697545145885,1456.1697545145885,1.0000205735520993,0.0007741450662665358
1456.1766990689764,1456.1766990689764,0.9998984684092924,0.0007744351817378676
1456.183643623323,1456.183643623323,1.0008138866763525,0.000774510338181509
1456.1905881776518,1456.1905881776518,0.9994074953352644,0.000774593815040751
1456.1975327319637,1456.1975327319637,0.9997666105951591,0.0007748071603874793
1456.2044772862578,1456.2044772862578,1.000847240584337,0.0007745163404971256
1456.2114218405227,1456.2114218405227,0.9997244626756825,0.0007748379755759198
1456.2183663947703,1456.2183663947703,1.0000183159191889,0.0007743942407638095
1456.225310948989,1456.225310948989,1.0000145706288641,0.0007737874628193154
1456.2322555032017,1456.2322555032017,0.9995985604268129,0.0007744146426078935
1456.239200057391,1456.239200057391,0.999399467290802,0.0007747164919090106
1456.2461446115515,1456.2461446115515,0.9998903408663171,0.0007740723226239615
1456.253089165694,1456.253089165694,1.0009430727273068,0.0007748692041183815
1456.2600337198141,1456.2600337198141,0.9998419809260376,0.0007738747410692881
1456.2669782739158,1456.2669782739158,1.0002463855373247,0.0007739799359774371
1456.2739228279952,1456.2739228279952,0.999408259625787,0.0007745962363793676
1456.2808673820505,1456.2808673820505,1.0001904629602245,0.0007753902726865548
1456.2878119360944,1456.2878119360944,1.0004348448784457,0.0007750405849938748
1456.2947564901092,1456.2947564901092,1.0006149155695268,0.0007749711493112442
1456.3017010441065,1456.3017010441065,0.9992128724366751,0.0007746429377055639
1456.308645598075,1456.308645598075,1.000284666518302,0.0007744938517330093
1456.3155901520313,1456.3155901520313,0.9994495573296203,0.0007741862469556577
1456.3225347059588,1456.3225347059588,0.9999794649127718,0.000775007879173138
1456.329479259875,1456.329479259875,1.0003161462778531,0.0007746001646392177
1456.3364238137615,1456.3364238137615,0.9992237103916229,0.0007745220497555178
1456.3433683676308,1456.3433683676308,1.0005780664471302,0.0007748843117917912
1456.3503129214769,1456.3503129214769,1.0002370395818443,0.0007742926269394907
1456.3572574752995,1456.3572574752995,0.9997747253339245,0.0007743587426746036
1456.3642020291104,1456.3642020291104,1.0009470835960845,0.0007749720724741498
1456.371146582887,1456.371146582887,0.9998452868546494,0.0007746825345155581
1456.378091136651,1456.378091136651,0.9998297626522303,0.0007739449449516479
1456.3850356903927,1456.3850356903927,0.9998940990886908,0.000773896388613267
1456.3919802441046,1456.3919802441046,1.0002366931650029,0.0007742454566101625
1456.3989247978047,1456.3989247978047,1.0002904400167238,0.0007742463775537885
1456.4058693514821,1456.4058693514821,0.9996060159118774,0.000774273154822208
1456.412813905136,1456.412813905136,1.0004143871655795,0.0007744381948746719
1456.4197584587669,1456.4197584587669,1.000200536428069,0.0007740762816159846
1456.4267030123804,1456.4267030123804,0.9998861333481456,0.0007742424239171125
1456.43364756597,1456.43364756597,0.9990923333397947,0.0007736678296630981
1456.4405921195364,1456.4405921195364,1.0002607381536355,0.0007741033057203338
1456.4475366730858,1456.4475366730858,0.9995198838674207,0.0007738614652453826
1456.4544812266115,1456.4544812266115,1.0007341420032012,0.0007744435894887884
1456.4614257801143,1456.4614257801143,1.0001594481808445,0.000774656313661836
1456.468370333599,1456.468370333599,0.9998578659601035,0.0007744996882218742
1456.475314887061,1456.475314887061,1.0012242795319313,0.0007748357829762417
1456.4822594404995,1456.4822594404995,1.0000395387150018,0.0007739026758415567
1456.489203993915,1456.489203993915,1.0001545874826832,0.000774140994098879
1456.4961485473073,1456.4961485473073,0.9995778799586741,0.0007737291459105725
1456.5030931006872,1456.5030931006872,0.9994057757800938,0.0007743462908748843
1456.5100376540443,1456.5100376540443,1.0000569937024142,0.0007751889625902597
1456.5169822073724,1456.5169822073724,0.9997082554568337,0.0007743863575309867
1456.5239267606828,1456.5239267606828,1.0004425877351593,0.0007740999740013786
1456.5308713139698,1456.5308713139698,0.9995426142073354,0.0007738376768736255
1456.537815867234,1456.537815867234,1.0007808037484818,0.0007744291765121053
1456.5447604204746,1456.5447604204746,1.0002052895268105,0.000775202985524513
1456.5517049737039,1456.5517049737039,0.9990601614467638,0.0007742689358108295
1456.5586495268976,1456.5586495268976,1.000303796850247,0.0007748764404618076
1456.5655940800857,1456.5655940800857,1.0008463692427387,0.0007744100721439724
1456.5725386332392,1456.5725386332392,1.000040664957115,0.0007733311059364864
1456.579483186369,1456.579483186369,0.9997739552995986,0.0007738844680319469
1456.5864277394878,1456.5864277394878,0.9996204003753958,0.0007739222256602053
1456.593372292583,1456.593372292583,0.9997629730205991,0.0007739763855528728
1456.6003168456548,1456.6003168456548,1.0001873048055838,0.0007744874222683234
1456.6072613987035,1456.6072613987035,1.0002242889326722,0.0007739482900340856
1456.614205951729,1456.614205951729,1.0000831271435575,0.0007740576147274049
1456.6211505047308,1456.6211505047308,0.9989439530540615,0.0007748204447582194
1456.6280950577093,1456.6280950577093,1.0002294601953154,0.0007737206791614249
1456.6350396106766,1456.6350396106766,1.0005616838161677,0.0007743416817894982
1456.6419841636202,1456.6419841636202,1.000051034168899,0.0007752247044641263
1456.648928716529,1456.648928716529,1.000735595647026,0.000773786842064861
1456.655873269432,1456.655873269432,0.9999341871435252,0.0007743671280447101
1456.6628178223004,1456.6628178223004,0.9996734747889358,0.0007742531160786681
1456.6697623751566,1456.6697623751566,0.9995505815907888,0.0007737213052878688
1456.6767069279838,1456.6767069279838,1.0000867223877696,0.0007739298259876196
1456.6836514807942,1456.6836514807942,0.999239925896864,0.0007758574432803163
1456.690596033569,1456.690596033569,1.000027581096467,0.0007739576829403517
1456.6975405863438,1456.6975405863438,1.000248069899999,0.0007748759952602323
1456.7044851390842,1456.7044851390842,0.999962488481666,0.0007742308231654808
1456.7114296918007,1456.7114296918007,1.0009825863408768,0.0007739107050772749
1456.7183742445004,1456.7183742445004,1.000173223767853,0.0007745218061539344
1456.7253187971705,1456.7253187971705,1.0000892231745877,0.0007748661770482922
1456.732263349823,1456.732263349823,0.999259105313158,0.0007740499109765541
1456.7392079024644,1456.7392079024644,1.0001073642995457,0.0007740311332677224
1456.7461524550706,1456.7461524550706,0.9995101587312039,0.0007737785750856553
1456.7530970076534,1456.7530970076534,1.0004851192903803,0.0007744970238434371
1456.760041560219,1456.760041560219,0.9995706942841867,0.0007737932439496261
1456.766986112761,1456.766986112761,0.9996734725670351,0.0007741050857504861
1456.7739306652802,1456.7739306652802,1.0007457167507787,0.0007750599300082005
1456.7808752177814,1456.7808752177814,1.000085049077303,0.0007739918945974018
1456.7878197702535,1456.7878197702535,1.000069070075276,0.0007740610990755278
1456.7947643227083,1456.7947643227083,1.0001522986312101,0.0007743779299818203
1456.8017088751399,1456.8017088751399,0.9996258162212148,0.0007736866788323634
1456.8086534275426,1456.8086534275426,1.000091207886133,0.00077426737686237
1456.8155979799333,1456.8155979799333,1.0005964308291604,0.0007742349498124343
1456.822542532295,1456.822542532295,0.9995430653982504,0.0007746578634893974
1456.829487084645,1456.829487084645,0.9995272966828399,0.0007738200679163264
1456.8364316369605,1456.8364316369605,0.9997461577745801,0.0007763257108462575
1456.843376189252,1456.843376189252,1.0005263855117288,0.0007738899362151234
1456.8503207415265,1456.8503207415265,0.9998798200437948,0.0007741797218110759
1456.8572652937771,1456.8572652937771,0.9997706618675675,0.0007740405406025114
1456.8642098460116,1456.8642098460116,1.0005534838244503,0.0007741544098794446
1456.871154398222,1456.871154398222,0.999846564966678,0.0007738813598961644
1456.878098950397,1456.878098950397,1.0002019999671226,0.0007741334516422665
1456.8850435025668,1456.8850435025668,1.0001129110221119,0.0007735081816548906
1456.8919880547073,1456.8919880547073,0.9997406584502849,0.0007740550432190261
1456.8989326068302,1456.8989326068302,0.9989112535856167,0.0007733703490429341
1456.9058771589182,1456.9058771589182,0.9996944227474444,0.0007749996045990289
1456.912821710995,1456.912821710995,0.9997378280755994,0.0007747024856915939
1456.9197662630427,1456.9197662630427,1.0000040409542597,0.0007736613930666916
1456.9267108150723,1456.9267108150723,1.0007202365995689,0.000773804110742304
1456.933655367079,1456.933655367079,1.0010160073538392,0.000773983604551777
1456.9405999190567,1456.9405999190567,0.9997321839629478,0.0007740194042519283
1456.9475444710165,1456.9475444710165,1.0002484461276577,0.0007748554772260575
1456.9544890229533,1456.9544890229533,0.9996225160878242,0.0007738995165750488
1456.9614335748731,1456.9614335748731,0.9998158140716283,0.0007755721547297584
1456.9683781267572,1456.9683781267572,0.9997282173018401,0.0007738224263349734
1456.9753226786302,1456.9753226786302,1.000246941944798,0.0007740499510637119
1456.9822672304797,1456.9822672304797,1.0000430109918554,0.0007741562853193005
1456.9892117822997,1456.9892117822997,0.9999024430921922,0.0007740685464454562
1456.9961563341026,1456.9961563341026,1.0000208409651266,0.0007745334117957684
1457.0031008858828,1457.0031008858828,1.0002775893964402,0.0007747705430400562
1457.0100454376272,1457.0100454376272,1.000420452309605,0.0007742989002974758
1457.0169899893658,1457.0169899893658,1.0003206780202147,0.000773431788589191
1457.023934541082,1457.023934541082,1.0010789158396025,0.0007739159066080983
1457.0308790927625,1457.0308790927625,0.9995110004179555,0.0007737187698278554
1457.0378236444315,1457.0378236444315,0.9989664887375982,0.0007742766749779752
1457.0447681960718,1457.0447681960718,0.9999772752113939,0.0007740297113334278
1457.0517127476883,1457.0517127476883,1.0002261226686888,0.0007740012193157453
1457.0586572992875,1457.0586572992875,0.9996619514997581,0.0007750471514332772
1457.0656018508632,1457.0656018508632,1.0007207223919017,0.0007747128767621912
1457.0725464024101,1457.0725464024101,1.000544201509023,0.0007737631951242731
1457.0794909539393,1457.0794909539393,0.9994019416388014,0.0007735885111574529
1457.0864355054455,1457.0864355054455,1.0002444932968229,0.0007739702122596915
1457.0933800569226,1457.0933800569226,0.9995796541841535,0.0007733580852713245
1457.1003246083878,1457.1003246083878,0.9999693113454103,0.0007737321584823507
1457.1072691598179,1457.1072691598179,1.0000246392651992,0.000773584032211594
1457.1142137112313,1457.1142137112313,1.0003137369788564,0.0007737337952178731
1457.1211582626208,1457.1211582626208,0.9995635216242654,0.0007734173437625821
1457.1281028139872,1457.1281028139872,0.9996750475782079,0.000773941857984377
1457.135047365336,1457.135047365336,1.000304727091745,0.0007739623200613101
1457.1419919166503,1457.1419919166503,1.00039299181221,0.0007741879569152765
1457.1489364679524,1457.1489364679524,1.0001585962540485,0.0007736987895271428
1457.1558810192257,1457.1558810192257,1.0004720545611767,0.0007740722213871062
1457.1628255704757,1457.1628255704757,0.999654868723191,0.0007740871245125109
1457.1697701217079,1457.1697701217079,1.0002416412053745,0.00077397796355943
1457.1767146729114,1457.1767146729114,0.9991364874810117,0.0007741249097559143
1457.1836592240859,1457.1836592240859,0.9996863184625173,0.0007747732986957325
1457.1906037752426,1457.1906037752426,0.9996716705582582,0.0007740817055888031
1457.197548326388,1457.197548326388,0.9998039881759266,0.0007741683823911724
1457.2044928775038,1457.2044928775038,1.0008846794362518,0.0007748031763130448
1457.211437428591,1457.211437428591,1.0005530397874285,0.0007735197920217135
1457.2183819796546,1457.2183819796546,0.9998720991473908,0.0007740620364647411
1457.2253265307004,1457.2253265307004,1.0005096626435037,0.0007747383985214538
1457.2322710817182,1457.2322710817182,1.0002097189086239,0.0007739222449736074
1457.2392156327176,1457.2392156327176,0.9997886975995289,0.0007738656974985232
1457.2461601836942,1457.2461601836942,1.000240594365149,0.0007738121357142474
1457.2531047346415,1457.2531047346415,0.9993166737678884,0.0007736388587465972
1457.2600492855709,1457.2600492855709,0.9998603696997584,0.000774534816069044
1457.2669938364718,1457.2669938364718,0.9997474595729354,0.0007741732860748116
1457.2739383873493,1457.2739383873493,1.0006827753610232,0.0007739506383476867
1457.280882938209,1457.280882938209,0.9994778536078686,0.0007736238976633207
1457.2878274890402,1457.2878274890402,1.0000663454450192,0.0007733720833313425
1457.2947720398536,1457.2947720398536,1.0002803709054922,0.0007740480059590229
1457.3017165906376,1457.3017165906376,1.0002468708762156,0.0007733356280747363
1457.3086611413987,1457.3086611413987,1.0006880208002524,0.0007740233723382788
1457.3156056921366,1457.3156056921366,0.9996809143719048,0.0007747041091537823
1457.322550242857,1457.322550242857,1.0002383577271163,0.000774022469399742
1457.3294947935424,1457.3294947935424,1.0000858292892603,0.000774219711213259
1457.3364393442157,1457.3364393442157,0.9992131172071701,0.0007741165193204804
1457.3433838948606,1457.3433838948606,1.0001136643113238,0.0007743501350599332
1457.3503284454819,1457.3503284454819,1.0001351022455693,0.0007741224380437114
1457.35727299608,1457.35727299608,0.9992204982855275,0.0007748527864897207
1457.3642175466548,1457.3642175466548,1.0000310118170481,0.0007744698182969446
1457.3711620972058,1457.3711620972058,0.9998495810954953,0.0007743591367097034
1457.3781066477343,1457.3781066477343,1.000065813116312,0.0007737412004488718
1457.3850511982394,1457.3850511982394,1.0007190468942666,0.0007750600778733072
1457.3919957487149,1457.3919957487149,1.000600085793784,0.0007747676589519619
1457.3989402991792,1457.3989402991792,0.9996506228601458,0.0007738617575365483
1457.4058848496086,1457.4058848496086,0.9998870327586491,0.000774373530976125
1457.4128294000143,1457.4128294000143,1.0000203669561425,0.0007736343087086259
1457.4197739503973,1457.4197739503973,0.9994264321119685,0.0007740939917021879
1457.4267185007566,1457.4267185007566,0.9998883645856855,0.0007740313784878925
1457.4336630511043,1457.4336630511043,0.9999711414912861,0.0007735375963501741
1457.440607601411,1457.440607601411,1.0000619919604128,0.00077427528536725
1457.4475521517122,1457.4475521517122,1.0006730844981722,0.0007746826694027585
1457.4544967019729,1457.4544967019729,1.0005855359236553,0.0007736294694197552
1457.4614412522158,1457.4614412522158,0.9996942855407915,0.0007738228883890468
1457.4683858024296,1457.4683858024296,1.0005811651383731,0.0007742514029614674
1457.4753303526318,1457.4753303526318,0.9998540246760775,0.0007736944712363446
1457.4822749027992,1457.4822749027992,0.9996843326356057,0.0007733271581352799
1457.4892194529552,1457.4892194529552,0.999480529981386,0.0007737562758147418
1457.4961640030701,1457.4961640030701,1.0008576824242514,0.0007741013173651003
1457.503108553173,1457.503108553173,0.9996926896552845,0.0007742776055932624
1457.5100531032474,1457.5100531032474,1.0000921525638862,0.0007746777048656545
1457.5169976532925,1457.5169976532925,0.9999293291679582,0.0007739194988296502
1457.523942203326,1457.523942203326,1.0002475513773637,0.0007737569277215986
1457.5308867533186,1457.5308867533186,0.9995631350533618,0.00077389761142533
1457.5378313033111,1457.5378313033111,1.0002091988331248,0.0007744881651071021
1457.5447758532632,1457.5447758532632,0.9993852505678836,0.0007746217939127761
1457.5517204031978,1457.5517204031978,1.0006840143832423,0.0007743429954613436
1457.5586649531026,1457.5586649531026,1.0001618275731523,0.0007739648288367495
1457.5656095029851,1457.5656095029851,0.999731324573798,0.0007737747072620162
1457.5725540528379,1457.5725540528379,1.000105750514614,0.0007739922576828711
1457.579498602685,1457.579498602685,0.9996596544789822,0.0007749605822646561
1457.592276574305,1457.592276574305,1.0000964148288787,0.0007743317517394646
1457.6031100719442,1457.6031100719442,1.0001252176014561,0.0007738503860578447
1457.6100546216635,1457.6100546216635,0.9998849442081216,0.0007748253684414081
1457.616999171365,1457.616999171365,1.00003391663538,0.0007745372442282602
1457.623943721055,1457.623943721055,1.0002808387745126,0.0007739209680027332
1457.63088827071,1457.63088827071,0.9999038106718949,0.0007737229104293694
1457.637832820342,1457.637832820342,0.9997355291034239,0.0007740043059111588
1457.6447773699506,1457.6447773699506,0.9999115718986653,0.000773748456458508
1457.65172191953,1457.65172191953,0.9999238486808262,0.0007743442800387439
1457.6586664690917,1457.6586664690917,1.000189660751994,0.0007740231642855556
1457.6656110186307,1457.6656110186307,1.0000958282847978,0.0007749629266060275
1457.67255556814,1457.67255556814,1.0004999803991246,0.0007745271520582437
1457.6795001176265,1457.6795001176265,0.9996392220863124,0.0007747116722141404
1457.6864446670895,1457.6864446670895,1.000332808061705,0.0007738629080603703
1457.6933892165232,1457.6933892165232,1.0001095631937875,0.0007737394837471229
1457.70033376594,1457.70033376594,0.9990829563957204,0.000774825664037188
1457.7072783153212,1457.7072783153212,1.0008511167513512,0.0007738197719753544
1457.714222864691,1457.714222864691,0.9994040687573621,0.0007747275022280361
1457.721167414026,1457.721167414026,0.9999859350984593,0.0007745459506069443
1457.7281119633437,1457.7281119633437,1.000106746131787,0.0007745143434797677
1457.7350565126262,1457.7350565126262,0.999570045876807,0.0007736888143708826
1457.7420010618912,1457.7420010618912,1.0001478491570324,0.0007743221630297758
1457.7489456111387,1457.7489456111387,1.000167331690525,0.0007745750675786834
1457.7558901603575,1457.7558901603575,1.0006372046597884,0.0007738361116755177
1457.7628347095467,1457.7628347095467,0.9997362226984852,0.000773927943996548
1457.7697792587128,1457.7697792587128,1.0001767946580529,0.0007742615673618166
1457.7767238078675,1457.7767238078675,0.9999162056004822,0.0007737391425371669
1457.783668356981,1457.783668356981,0.999820390236296,0.0007734102681635685
1457.790612906066,1457.790612906066,0.9997850651601162,0.0007739767212046782
1457.7975574551388,1457.7975574551388,0.999930611893211,0.0007746238175348926
1457.8045020041827,1457.8045020041827,1.0001648818041635,0.0007744625787005024
1457.8114465531976,1457.8114465531976,0.9999195196431975,0.0007738268382399603
1457.8183911022006,1457.8183911022006,1.0000472569871972,0.0007746362794830641
1457.8253356511689,1457.8253356511689,0.9996266889111534,0.0007744538802201958
1457.8322802001142,1457.8322802001142,1.0002834157823204,0.0007735144892316284
1457.8392247490353,1457.8392247490353,1.0000689023212215,0.0007741594952770211
1457.8461692979286,1457.8461692979286,1.0001264646236967,0.0007739185005898868
1457.8531138467974,1457.8531138467974,1.000002183383866,0.0007746321640444083
1457.8600583956434,1457.8600583956434,1.0004072788067415,0.0007738001680327659
1457.8670029444663,1457.8670029444663,0.9998517345845928,0.0007736830449286732
1457.8739474932597,1457.8739474932597,0.9999648623384578,0.0007746299507002655
1457.8808920420356,1457.8808920420356,1.0000226929546987,0.0007746695836608668
1457.8878365907713,1457.8878365907713,0.9995415542720796,0.0007748849447022639
1457.8947811394949,1457.8947811394949,0.999948757727271,0.0007749409466633189
1457.9017256881955,1457.9017256881955,0.9997969309445068,0.0007737657559505572
1457.908670236861,1457.908670236861,0.9997167842251281,0.0007740919677529008
1457.9156147855033,1457.9156147855033,1.000080665139864,0.0007745123469349703
1457.9225593341341,1457.9225593341341,1.0010476231902876,0.0007746627332001438
1457.929503882724,1457.929503882724,0.9999252409049717,0.0007740053494659219
1457.936448431302,1457.936448431302,1.0012513585749105,0.0007747793727958584
1457.9433929798397,1457.9433929798397,1.0001115942035368,0.0007744953731257363
1457.9503375283655,1457.9503375283655,0.9991747596650098,0.000773961404086435
1457.9572820768565,1457.9572820768565,0.9998125362972052,0.0007739264061915763
1457.96422662533,1457.96422662533,0.9997698004896804,0.0007750669580016898
1457.971171173774,1457.971171173774,1.0003030838041673,0.0007739843729731694
1457.9781157221953,1457.9781157221953,0.9996703262953803,0.0007740720134151388
1457.9850602705933,1457.9850602705933,1.0003167932720314,0.0007743057267959084
1457.9920048189558,1457.9920048189558,1.0000809762155474,0.0007745966935682318
1457.9989493673015,1457.9989493673015,1.0001965118829568,0.0007746498744747982
1458.005893915618,1458.005893915618,1.0000868147459478,0.0007743156991608317
1458.012838463917,1458.012838463917,0.9997164636327014,0.0007747875867522234
1458.0197830121806,1458.0197830121806,0.9998456830850172,0.0007747399826741293
1458.026727560427,1458.026727560427,0.999909614244953,0.0007743661272064042
1458.033672108639,1458.033672108639,1.0001481007962856,0.0007735831185145587
1458.0406166568384,1458.0406166568384,1.0002373781684963,0.0007746860102194469
1458.0475612050031,1458.0475612050031,0.9995185969945318,0.0007742890511752981
1458.0545057531453,1458.0545057531453,1.0009643615164383,0.0007741002928945888
1458.0614503012519,1458.0614503012519,0.9999169690271476,0.0007741115135191716
1458.068394849353,1458.068394849353,0.9997809183858413,0.0007751542852290494
1458.075339397413,1458.075339397413,1.0005115293388258,0.0007739682032150693
1458.08228394545,1458.08228394545,1.000051957299566,0.0007752858514110281
1458.0892284934698,1458.0892284934698,0.9996706394616657,0.0007741292485293807
1458.0961730414597,1458.0961730414597,1.0001634935994697,0.0007741799559366042
1458.103117589421,1458.103117589421,0.999805399095262,0.0007747308808904322
1458.110062137353,1458.110062137353,1.0002584943850894,0.0007741901540289212
1458.1170066852621,1458.1170066852621,0.9999992007323739,0.0007737855051558856
1458.1239512331474,1458.1239512331474,0.9999630959741083,0.0007743313722466747
1458.1308957810156,1458.1308957810156,0.9996735245170261,0.0007740498938193335
1458.1378403288488,1458.1378403288488,0.9997517589866295,0.0007746411612135703
1458.144784876659,1458.144784876659,0.999597479341664,0.000774188740185132
1458.1517294244336,1458.1517294244336,1.0006563892252474,0.0007740545807398814
1458.1586739721974,1458.1586739721974,0.9996567516630351,0.000773903278943175
1458.1656185199258,1458.1656185199258,1.001332388052785,0.0007744545972890451
1458.1725630676308,1458.1725630676308,0.9999762348519958,0.0007740245766094244
1458.1795076153007,1458.1795076153007,1.000314665348275,0.0007750045960867502
1458.1864521629655,1458.1864521629655,0.9998336905160947,0.000774015348691809
1458.193396710595,1458.193396710595,0.999153221858425,0.0007736112996447458
1458.200341258201,1458.200341258201,1.0006689848319525,0.0007742949948223266
1458.2072858057722,1458.2072858057722,0.9995718605394591,0.0007748655282039547
1458.214230353326,1458.214230353326,1.0006128310300981,0.000774310040645342
1458.2211749008507,1458.2211749008507,1.0002321176422835,0.0007744396430150581
1458.2281194483523,1458.2281194483523,1.0004670371043036,0.0007751368897371143
1458.235063995819,1458.235063995819,0.9990033788296648,0.0007750279967273726
1458.2420085432677,1458.2420085432677,0.9996091312156121,0.0007738778364354512
1458.2489530906876,1458.2489530906876,0.9999095570957623,0.0007742272652650363
1458.2558976380901,1458.2558976380901,1.0001571664512228,0.000774221005708856
1458.262842185452,1458.262842185452,0.9997849572576112,0.0007740867516184873
1458.2697867327959,1458.2697867327959,0.9998647286170819,0.0007746794330018806
1458.2767312801057,1458.2767312801057,1.000602722846435,0.0007751010327703713
1458.283675827403,1458.283675827403,1.0006731210695357,0.000775024103829222
1458.2906203746657,1458.2906203746657,1.0002763561313133,0.0007743684161706706
1458.2975649218995,1458.2975649218995,1.0002732896515945,0.0007738983772141509
1458.3045094691156,1458.3045094691156,0.9990871526356246,0.0007739392505206122
1458.311454016303,1458.311454016303,1.0007509805254695,0.0007737302187294596
1458.3183985634607,1458.3183985634607,0.9993923834024582,0.0007738358007072944
1458.3253431105954,1458.3253431105954,0.999995102131833,0.0007742087864228671
1458.3322876576894,1458.3322876576894,1.000192182339417,0.0007742496052726924
1458.3392322047719,1458.3392322047719,0.9996207437232144,0.0007747088223175562
1458.3461767518365,1458.3461767518365,1.0005674750384146,0.0007752850280838495
1458.353121298855,1458.353121298855,1.0005234625020685,0.0007743443073044665
1458.3600658458615,1458.3600658458615,1.0005423673825102,0.000773887378841102
1458.3670103928391,1458.3670103928391,0.999221560222564,0.0007744793633605387
1458.373954939776,1458.373954939776,0.9995152390481661,0.0007735916442458503
1458.3808994867072,1458.3808994867072,1.0000586254346717,0.000773942035400938
1458.387844033603,1458.387844033603,0.9993444292977227,0.0007750012691382595
1458.394788580476,1458.394788580476,1.0000148191353244,0.000773656710505755
1458.4017331273135,1458.4017331273135,1.0001567021064954,0.0007732448799664643
1458.408677674134,1458.408677674134,1.0007070459373004,0.0007743815121986649
1458.415622220925,1458.415622220925,1.000085968007363,0.0007739491701034028
1458.4225667676817,1458.4225667676817,1.000533392097866,0.0007746218358095642
1458.4295113144203,1458.4295113144203,0.9996277499780334,0.0007738073189966943
1458.4364558611298,1458.4364558611298,0.9995210303016121,0.0007748048997645198
1458.4434004078112,1458.4434004078112,1.0000933509480465,0.0007745310851265542
1458.4503449544798,1458.4503449544798,0.9995595936845942,0.0007740756998234313
1458.4572895010965,1458.4572895010965,0.9998259678213103,0.0007739230896407362
1458.4642340477017,1458.4642340477017,1.0004898733227086,0.0007734430004639286
1458.4711785942777,1458.4711785942777,1.0000133304047423,0.0007739497015158951
1458.4781231408244,1458.4781231408244,1.000096492598137,0.0007736487751738071
1458.4850676873539,1458.4850676873539,1.0000581770687973,0.0007743410602783274
1458.4920122338422,1458.4920122338422,1.0000712771076719,0.0007739494119074198
1458.4989567803132,1458.4989567803132,1.0004311437756914,0.000773284087402215
1458.5059013267492,1458.5059013267492,0.9999381775507008,0.0007736749389557104
1458.5128458731683,1458.5128458731683,1.000019627202818,0.0007741359803104008
1458.5197904195581,1458.5197904195581,0.9994428156593667,0.0007743461694191993
1458.5267349659248,1458.5267349659248,0.9995401912907085,0.0007739047429607458
1458.533679512256,1458.533679512256,1.0003967941720902,0.000774171090595394
1458.540624058558,1458.540624058558,0.9999319887129599,0.0007738783132289768
1458.547568604843,1458.547568604843,1.0003037093777383,0.0007749843184306741
1458.554513151093,1458.554513151093,0.9997550493251325,0.0007740270083629694
1458.5614576973198,1458.5614576973198,0.999957929058722,0.0007738172127875208
1458.5684022435173,1458.5684022435173,1.00020385582321,0.0007736314432881084
1458.5753467896916,1458.5753467896916,0.9996938974783557,0.0007740731950683995
1458.5822913358365,1458.5822913358365,1.0003179150718133,0.0007734815545386285
1458.589235881947,1458.589235881947,1.0001480248769923,0.000774769314156044
1458.5961804280455,1458.5961804280455,0.9993198571111972,0.0007737050203319342
1458.6031249741093,1458.6031249741093,1.0004347755882532,0.0007744555873973667
1458.610069520138,1458.610069520138,0.9998976585325291,0.0007740866145807336
1458.6170140661495,1458.6170140661495,1.0005255529298254,0.0007738862549157348
1458.6239586121314,1458.6239586121314,1.0002140603977505,0.0007737576551761279
1458.6309031580847,1458.6309031580847,0.9993778803556641,0.0007745506280465414
1458.6378477040203,1458.6378477040203,0.9996738267657351,0.0007742370731705809
1458.6447922499094,1458.6447922499094,1.0005260895522372,0.0007750527806922301
1458.6517367957808,1458.6517367957808,0.9997203816316318,0.0007735648989762332
1458.6586813416295,1458.6586813416295,1.0005887304225343,0.0007738103023383499
1458.6656258874427,1458.6656258874427,0.9993304427685551,0.0007741713396598976
1458.6725704332325,1458.6725704332325,1.0002617902293305,0.0007745592065608973
1458.6795149789937,1458.6795149789937,0.9997025890758084,0.0007740351110870638
1458.6864595247316,1458.6864595247316,1.0004743930631732,0.0007739395044909031
1458.6934040704405,1458.6934040704405,0.9993332158661727,0.0007739171974514619
1458.700348616114,1458.700348616114,1.00007221939964,0.0007748083132406283
1458.707293161776,1458.707293161776,0.9999953101396117,0.0007737111165937836
1458.7142377073912,1458.7142377073912,1.0005857141413865,0.0007743740678052005
1458.7211822529896,1458.7211822529896,1.0000045705620513,0.0007754933160373163
1458.7281267985582,1458.7281267985582,0.9999989462879881,0.0007745498742378943
1458.735071344098,1458.735071344098,1.000021619385792,0.0007739267622063265
1458.7420158896148,1458.7420158896148,0.9994549697846752,0.0007735669580461363
1458.7489604351022,1458.7489604351022,1.000665824532491,0.0007740598375426353
1458.755904980549,1458.755904980549,0.999321215115636,0.0007745557953636424
1458.762849525984,1458.762849525984,0.9998096392837359,0.0007738015167162588
1458.76979407139,1458.76979407139,0.999923191803993,0.0007742865822761108
1458.776738616761,1458.776738616761,1.0001306459175194,0.0007736593288335976
1458.7836831621028,1458.7836831621028,1.0002505444984373,0.0007750369729960839
1458.7906277074276,1458.7906277074276,1.0000919086042905,0.0007743918279621931
1458.7975722527167,1458.7975722527167,0.9996311965663545,0.0007737807696026288
1458.8045167979774,1458.8045167979774,1.000041439808237,0.0007748757796522137
1458.8114613432142,1458.8114613432142,0.9994720297501803,0.0007741056055011932
1458.8184058884226,1458.8184058884226,0.9995707065188313,0.0007748528372782512
1458.8253504335953,1458.8253504335953,1.0002365687153947,0.0007748297433780125
1458.8322949787457,1458.8322949787457,1.0005944786621563,0.0007740145544621792
1458.839239523866,1458.839239523866,0.9994191970196941,0.0007742332463218106
1458.8461840689633,1458.8461840689633,1.000876805127271,0.0007743236988010997
1458.8531286140378,1458.8531286140378,1.0000510859543688,0.0007744167895357612
1458.860073159071,1458.860073159071,1.0005674027872955,0.0007741439888909742
1458.8670177040815,1458.8670177040815,0.9995244709223835,0.0007739117613079557
1458.8739622490623,1458.8739622490623,0.9996185571902945,0.0007739582739393526
1458.8809067940085,1458.8809067940085,0.9994338780583185,0.0007746440142023029
1458.887851338943,1458.887851338943,1.0007733546842563,0.0007737607881898002
1458.8947958838367,1458.8947958838367,0.9993931570239072,0.0007734744935535644
1458.9017404287013,1458.9017404287013,0.9996697451506664,0.000773856984602237
1458.9086849735486,1458.9086849735486,1.0007327602599794,0.0007742807801718834
1458.9156295183548,1458.9156295183548,1.000325240500051,0.0007740271615348524
1458.922574063138,1458.922574063138,0.9990138725442668,0.0007735290039066925
1458.9295186078919,1458.9295186078919,1.0007219109753027,0.0007748072238190979
1458.9364631526169,1458.9364631526169,0.999950290550316,0.0007742745567741142
1458.9434076973187,1458.9434076973187,1.0003489345231509,0.0007744501657068469
1458.9503522419795,1458.9503522419795,0.9998863826871253,0.0007735761977095678
1458.957296786623,1458.957296786623,0.999632046885948,0.0007742921137245146
1458.9642413312372,1458.9642413312372,1.0000607398408459,0.0007741219496415697
1458.9711858758164,1458.9711858758164,1.0000165517402946,0.0007737398879565112
1458.9781304203727,1458.9781304203727,0.9998472828222591,0.0007754293569800434
1458.9850749648997,1458.9850749648997,0.9996630052886861,0.0007741082099210966
1458.9920195093916,1458.9920195093916,1.000129039001731,0.0007738295800495911
1458.9989640538663,1458.9989640538663,1.0004142206487425,0.0007740418203623491
1459.0059085983,1459.0059085983,1.0000692021178637,0.0007750760233629148
1459.0128531427108,1459.0128531427108,1.0001221502855926,0.0007741290607561896
1459.0197976870925,1459.0197976870925,0.9998375607383785,0.0007737149749344641
1459.0267422314448,1459.0267422314448,0.9997060933993718,0.000773803548244895
1459.033686775774,1459.033686775774,0.9999270743573743,0.0007742353991025896
1459.0406313200624,1459.0406313200624,1.000517092680574,0.0007736702576408348
1459.0475758643329,1459.0475758643329,1.0002785637662575,0.0007739066170963316
1459.0545204085693,1459.0545204085693,0.9991235720764772,0.0007739472975023231
1459.061464952776,1459.061464952776,1.0003184694176759,0.0007744673745247192
1459.0684094969597,1459.0684094969597,0.9996202300358126,0.000774258911482549
1459.0753540410965,1459.0753540410965,1.0000433627830785,0.0007744090259964272
1459.0822985852221,1459.0822985852221,0.9997491969497012,0.0007740846245569546
1459.0892431293182,1459.0892431293182,1.0008852611154215,0.0007746308601976066
1459.0961876733797,1459.0961876733797,0.9999672868294773,0.0007746464690790313
1459.103132217412,1459.103132217412,1.0000426487356269,0.000774186261063331
1459.1100767614148,1459.1100767614148,0.9997103342323145,0.0007736582992851569
1459.1170213053833,1459.1170213053833,0.9997199817053424,0.0007737260806113819
1459.123965849334,1459.123965849334,1.0007469085973122,0.0007744020949325905
1459.1309103932556,1459.1309103932556,0.9993666907302444,0.0007738282433185177
1459.1378549371366,1459.1378549371366,1.0000928977814803,0.0007736322690606838
1459.1447994809944,1459.1447994809944,0.9997181337772885,0.000773438297666049
1459.1517440248167,1459.1517440248167,1.000405047619829,0.0007738618840076179
1459.1586885686218,1459.1586885686218,1.0002484445446302,0.0007740983291849457
1459.1656331123927,1459.1656331123927,0.9999824547801668,0.0007741691567408411
1459.1725776561334,1459.1725776561334,0.9999458266993347,0.0007738775202226855
1459.1795221998343,1459.1795221998343,0.9992927710858638,0.0007732804585879697
1459.186466743523,1459.186466743523,1.0005466204376618,0.0007734989219330639
1459.1934112871652,1459.1934112871652,0.9991314087594476,0.0007737732314375703
1459.2003558307838,1459.2003558307838,1.0004147993015766,0.0007734463272362022
1459.2073003743742,1459.2073003743742,1.0000347547316994,0.0007740550192976313
1459.2142449179464,1459.2142449179464,1.0008053330818698,0.0007735736926217881
1459.221189461472,1459.221189461472,0.9995904214017989,0.000774159238217148
1459.2281340049808,1459.2281340049808,1.0002811518258903,0.0007742644014570721
1459.2350785484427,1459.2350785484427,1.0003399742468446,0.0007746279471516821
1459.242023091887,1459.242023091887,0.9993249142323011,0.0007735175792424572
1459.2489676353023,1459.2489676353023,0.9998651556570028,0.0007737479555565134
1459.2559121786826,1459.2559121786826,0.9999811361072706,0.0007741047306365407
1459.2628567220393,1459.2628567220393,0.9998048203776371,0.0007738892108535695
1459.2698012653675,1459.2698012653675,1.0008331915208877,0.0007750497550498122
1459.2767458086546,1459.2767458086546,1.0002040826879648,0.0007740293162861899
1459.2836903519183,1459.2836903519183,0.9990250629929541,0.0007745069738658563
1459.2906348951474,1459.2906348951474,1.0008241633691317,0.000775273523026997
1459.2975794383533,1459.2975794383533,0.9995934907314462,0.0007746802538863763
1459.3045239815183,1459.3045239815183,1.0001278490537495,0.0007745720331860952
1459.3114685246655,1459.3114685246655,0.9999788565752393,0.0007752657867277445
1459.3184130677787,1459.3184130677787,1.000012845084388,0.0007744666350372639
1459.3253576108618,1459.3253576108618,1.0008261397351146,0.0007747207482965781
1459.3323021539104,1459.3323021539104,1.0001349395141736,0.0007744241465095053
1459.3392466969356,1459.3392466969356,0.9989766933605331,0.0007744159140789107
1459.346191239926,1459.346191239926,1.0008986072567005,0.0007754127317882726
1459.353135782887,1459.353135782887,0.999876955447782,0.0007747047650958531
1459.3600803258134,1459.3600803258134,0.9997144411723718,0.000774140571066178
1459.3670248687108,1459.3670248687108,1.0000268260923613,0.0007743683165315435
1459.3739694115902,1459.3739694115902,1.0006406526027594,0.0007739420981174494
1459.3809139544178,1459.3809139544178,0.9993240191225683,0.0007747831314400524
1459.3878584972276,1459.3878584972276,0.9998531497275817,0.0007738628176064174
1459.3948030400084,1459.3948030400084,0.9996921068322079,0.0007751790398400403
1459.4017475827543,1459.4017475827543,1.0005639993202748,0.0007742167816778603
1459.4086921254714,1459.4086921254714,0.9998961005346743,0.0007750117911413182
1459.4156366681527,1459.4156366681527,1.0002767326913324,0.0007750140463078028
1459.4225812108116,1459.4225812108116,0.9999090963039382,0.0007745434144000622
1459.4295257534352,1459.4295257534352,0.9996406574333008,0.0007745735050166775
1459.436470296018,1459.436470296018,0.999886280144265,0.0007739474987962728
1459.4434148385892,1459.4434148385892,1.0000934014030336,0.0007740989432806248
1459.4503593811196,1459.4503593811196,0.9998073393773381,0.0007731649207978738
1459.457303923621,1459.457303923621,1.0004999813918707,0.000773723557063354
1459.4642484660933,1459.4642484660933,0.9998331064973695,0.0007736828268264419
1459.471193008525,1459.471193008525,1.000642686664343,0.0007745226955492718
1459.4781375509392,1459.4781375509392,1.0001488336744295,0.0007737329488187033
1459.4850820933123,1459.4850820933123,0.9998687134245277,0.0007752517672950538
1459.4920266356621,1459.4920266356621,0.9994143296156872,0.000773538821821247
1459.498971177972,1459.498971177972,0.9999482981492654,0.0007745424078594066
1459.5059157202577,1459.5059157202577,0.9997872824424252,0.0007738535951817421
1459.5128602625148,1459.5128602625148,0.9994620806265768,0.0007738792671877124
1459.519804804725,1459.519804804725,1.000322629160042,0.0007740343794047377
1459.526749346924,1459.526749346924,0.9997987689017347,0.0007746839030695339
1459.5336938890757,1459.5336938890757,1.0006651675945237,0.0007744003619950817
1459.5406384312105,1459.5406384312105,1.000771668416641,0.0007742528931262469
1459.5475829733045,1459.5475829733045,0.9999744269508699,0.0007740605014192871
1459.5545275153693,1459.5545275153693,0.9997804305778715,0.0007754655758226117
1459.5614720573992,1459.5614720573992,0.9997823359743787,0.000774633149592378
1459.5684165994003,1459.5684165994003,0.9994539245791243,0.0007740927171102223
1459.5753611413718,1459.5753611413718,1.0000302765918647,0.0007745769350904351
1459.5823056833146,1459.5823056833146,1.0000647696409477,0.0007737867928295108
1459.5892502252166,1459.5892502252166,0.9999458503841965,0.0007745613314614885
1459.5961947670949,1459.5961947670949,1.0007423527706085,0.0007745255440494316
1459.6031393089386,1459.6031393089386,1.0000604721407524,0.0007759506347818909
1459.6100838507414,1459.6100838507414,1.0004189527302443,0.0007746778530916332
1459.617028392527,1459.617028392527,1.0001877259812229,0.0007742423507972234
1459.6239729342774,1459.6239729342774,1.0000022675485523,0.0007747004936133585
1459.6309174759929,1459.6309174759929,0.9999778183266432,0.0007742837477157279
1459.6378620176797,1459.6378620176797,0.9998084788026838,0.0007746980416089448
1459.644806559331,1459.644806559331,0.9994846660219003,0.0007746596910649325
1459.6517511009474,1459.6517511009474,0.9998638427679953,0.0007742743999113271
1459.658695642541,1459.658695642541,0.9998693906986011,0.0007736385060107496
1459.6656401840996,1459.6656401840996,1.0010112549704604,0.0007741035632167476
1459.6725847256173,1459.6725847256173,0.9999315422910324,0.0007739369341996604
1459.6795292671118,1459.6795292671118,0.9997160288425114,0.0007745049411893954
1459.6864738085708,1459.6864738085708,1.0006394782544263,0.0007743822824764307
1459.693418349996,1459.693418349996,0.9996772009758242,0.000774142656910387
1459.7003628913967,1459.7003628913967,0.9997314704693885,0.0007748231349053198
1459.7073074327577,1459.7073074327577,0.9995190073018382,0.0007740323185540239
1459.7142519740887,1459.7142519740887,1.000675185106333,0.0007735687483426734
1459.7211965153915,1459.7211965153915,0.9997936028509876,0.0007748275266191031
1459.7281410566525,1459.7281410566525,1.000153147732086,0.0007737813752853216
1459.7350855978912,1459.7350855978912,1.0003894528922603,0.0007738080424087737
1459.7420301390944,1459.7420301390944,0.9994225232858664,0.0007736748411228863
1459.7489746802573,1459.7489746802573,1.000350874410092,0.0007755506300411101
1459.755919221408,1459.755919221408,1.0000799220115897,0.0007736911331279434
1459.7628637625007,1459.7628637625007,0.999181486318806,0.000773505194550194
1459.7698083035707,1459.7698083035707,1.0002353130222523,0.0007739843501203792
1459.7767528446104,1459.7767528446104,1.0005021859964833,0.0007745790299052414
1459.7836973856106,1459.7836973856106,1.0000436031637814,0.0007740259123668414
1459.7906419265807,1459.7906419265807,0.9999001379754884,0.0007738865144806125
1459.7975864675338,1459.7975864675338,1.0005236005590443,0.0007740341527619642
1459.8045310084406,1459.8045310084406,0.9993380467337406,0.0007736586833240051
1459.811475549312,1459.811475549312,0.999752486409393,0.0007733541790110532
1459.8184200901428,1459.8184200901428,0.9997146444865376,0.0007736213309101714
1459.8253646309624,1459.8253646309624,0.9998976374230424,0.0007738331044443506
1459.8323091717407,1459.8323091717407,1.0003106181651222,0.0007742223470336276
1459.8392537124842,1459.8392537124842,0.9999397216617474,0.0007744921531480284
1459.8461982531871,1459.8461982531871,1.0003546629175235,0.0007737509748743317
1459.8531427938608,1459.8531427938608,1.000635719311286,0.0007744458524309608
1459.8600873345106,1459.8600873345106,0.999834418940184,0.0007746382146256082
1459.8670318751206,1459.8670318751206,0.9996371576201047,0.0007738778751519547
1459.873976415695,1459.873976415695,0.9994237819450221,0.0007741269104450472
1459.8809209562355,1459.8809209562355,0.9998759280087682,0.0007735247419975875
1459.8878654967516,1459.8878654967516,0.9999175018950283,0.0007739649990859915
1459.8948100372334,1459.8948100372334,1.0004501586470842,0.0007744727972397996
1459.901754577674,1459.901754577674,1.0004372041670404,0.0007746068213225081
1459.9086991180743,1459.9086991180743,1.0002469744546771,0.0007750311768092949
1459.9156436584567,1459.9156436584567,0.9998075827417967,0.0007742397912136486
1459.922588198799,1459.922588198799,1.0003618488854595,0.0007737751750941089
1459.9295327391114,1459.9295327391114,0.9993802966309466,0.0007741526883413682
1459.93647727939,1459.93647727939,0.9996765204667746,0.0007742182772424657
1459.9434218196266,1459.9434218196266,1.0001326293892796,0.0007737710899987997
1459.9503663598348,1459.9503663598348,1.0001498233288966,0.0007737329781674935
1459.957310900008,1459.957310900008,0.9996291346850843,0.0007746233855871422
1459.9642554401514,1459.9642554401514,0.9993178160693074,0.0007739758569551486
1459.971199980261,1459.971199980261,1.0006269404377615,0.0007749176459395675
1459.9781445203232,1459.9781445203232,1.0008834611071975,0.0007736514131879929
1459.9850890603625,1459.9850890603625,0.9999749046455877,0.0007739080623934554
1459.992033600367,1459.992033600367,0.9998911715204247,0.0007739775317117408
1459.9989781403303,1459.9989781403303,1.0001890029595524,0.0007734379432288573
1460.0059226802764,1460.0059226802764,0.9996189688222568,0.0007743189368158634
1460.012867220182,1460.012867220182,0.9994792535124318,0.0007739382247060994
1460.0198117600462,1460.0198117600462,1.0001420603773794,0.0007740545378967416
1460.026756299876,1460.026756299876,0.9998339044581341,0.000773861782854836
1460.0337008396768,1460.0337008396768,1.0003915485803248,0.0007744928412072177
1460.0406453794421,1460.0406453794421,1.0005231660056686,0.0007738251530258693
1460.0475899191674,1460.0475899191674,1.0001522063957122,0.0007737348646727189
1460.0545344588688,1460.0545344588688,0.9995158716007033,0.0007741339995413794
1460.0614789985298,1460.0614789985298,0.9989926680970482,0.0007733747644469514
1460.068423538156,1460.068423538156,1.0001120087657864,0.0007752627212465073
1460.0753680777525,1460.0753680777525,1.0004663937673217,0.0007743623803376872
1460.0823126173086,1460.0823126173086,1.0000901904179158,0.0007747222573056317
1460.0892571568243,1460.0892571568243,1.0004288415716063,0.0007744253627922452
1460.0962016963217,1460.0962016963217,0.9998532745745446,0.0007739097261631916
1460.1031462357732,1460.1031462357732,1.0002929845037642,0.0007739825407895732
1460.1100907751893,1460.1100907751893,1.0002034793442922,0.0007737896410927555
1460.117035314565,1460.117035314565,0.9996204444507348,0.0007745160916069297
1460.1239798539234,1460.1239798539234,1.0000361171926588,0.0007742688780087218
1460.130924393235,1460.130924393235,0.9994353589912531,0.0007749582085106911
1460.137868932512,1460.137868932512,0.9993842501772464,0.0007736911885953017
1460.1448134717652,1460.1448134717652,1.0006394300595463,0.0007740937990317736
1460.1517580109605,1460.1517580109605,1.0003409705065043,0.0007743435686891977
1460.1587025501324,1460.1587025501324,0.9998590820337625,0.0007740287400487486
1460.1656470892808,1460.1656470892808,0.9998721059441309,0.0007740034891769741
1460.17259162836,1460.17259162836,1.0003124621455692,0.0007734884179497524
1460.1795361674388,1460.1795361674388,1.0004607258674298,0.00077445078941451
1460.1864807064826,1460.1864807064826,0.9997908604551989,0.0007740845512888607
1460.1934252454798,1460.1934252454798,0.9998707865352479,0.0007742601226808437
1460.2003697844307,1460.2003697844307,1.000053195826934,0.0007742550373372948
1460.2073143233579,1460.2073143233579,0.9997588765108384,0.00077424163803375
1460.2142588622391,1460.2142588622391,0.9997532132364316,0.0007742934010971052
1460.2212034010965,1460.2212034010965,0.9999302405414825,0.0007738032362541288
1460.228147939931,1460.228147939931,1.0007180295119387,0.0007738258411839874
1460.2350924786952,1460.2350924786952,0.9992824247752757,0.0007739336994801466
1460.2420370174482,1460.2420370174482,0.9999474384795526,0.0007735692369294397
1460.2489815561548,1460.2489815561548,0.9996700548596262,0.0007740757031377756
1460.2559260948376,1460.2559260948376,1.0004396434592218,0.0007736835262552366
1460.262870633474,1460.262870633474,1.0004516180884813,0.0007737750641774969
1460.2698151720638,1460.2698151720638,1.0002771701137168,0.0007732892441536527
1460.2767597106417,1460.2767597106417,0.9996606359373637,0.0007746761124444647
1460.2837042491735,1460.2837042491735,1.0005906369483353,0.0007735462935992167
1460.2906487876587,1460.2906487876587,0.9990288316884388,0.0007739541874810075
1460.2975933261205,1460.2975933261205,1.0002577070640493,0.0007731651132557046
1460.3045378645477,1460.3045378645477,0.999526982775266,0.0007738064788251276
1460.3114824029278,1460.3114824029278,1.0007001745781101,0.0007739323853450488
1460.3184269412732,1460.3184269412732,0.9996956176696941,0.0007733969895605309
1460.3253714795835,1460.3253714795835,1.000257084337458,0.0007744874938300399
1460.332316017859,1460.332316017859,0.9995010360196043,0.0007737407690731422
1460.3392605561228,1460.3392605561228,1.0003425734296194,0.0007735634607105764
1460.3462050943174,1460.3462050943174,0.9992403484067574,0.0007733686423616449
1460.3531496324645,1460.3531496324645,1.0005754640620197,0.0007735694013700633
1460.3600941706004,1460.3600941706004,0.9994456956312531,0.0007736298677878731
1460.367038708701,1460.367038708701,1.0005904420141782,0.0007735918685487689
1460.373983246744,1460.373983246744,1.0000103398347444,0.0007733362669013605
1460.3809277847636,1460.3809277847636,1.0012107583354868,0.0007739815230428704
1460.3878723227476,1460.3878723227476,1.000356968491267,0.0007734201640217182
1460.3948168606858,1460.3948168606858,0.9999450364830704,0.0007736199692097451
1460.4017613985773,1460.4017613985773,0.9995879333428646,0.0007740602970142498
1460.4087059364686,1460.4087059364686,0.9993696136758551,0.000773975224089721
1460.4156504743019,1460.4156504743019,1.0001482764594523,0.0007734047813005366
1460.4225950121,1460.4225950121,1.0000609294759317,0.0007736431025233006
1460.4295395498516,1460.4295395498516,1.0005912026296568,0.0007743626326521792
1460.43648408758,1460.43648408758,0.9996265837164874,0.0007737029272656048
1460.4434286252501,1460.4434286252501,1.0007290852433728,0.0007742561546313488
1460.450373162897,1460.450373162897,1.000467227048195,0.0007742562781861103
1460.4573177004972,1460.4573177004972,1.0001827509098977,0.0007752858908653854
1460.464262238086,1460.464262238086,0.99947891576042,0.0007739502411628115
1460.4712067756052,1460.4712067756052,0.9999298801869088,0.0007740830981345524
1460.4781513131122,1460.4781513131122,1.0010688049438103,0.0007741363039071474
1460.4850958505613,1460.4850958505613,0.9996062811273939,0.0007738150558995498
1460.492040387987,1460.492040387987,1.000216990806708,0.0007735128135532758
1460.498984925366,1460.498984925366,1.0006549898680634,0.000774403498166216
1460.5059294626985,1460.5059294626985,0.9992453568033712,0.0007736079635881202
1460.5128740000196,1460.5128740000196,0.9993955673147112,0.0007737938731036978
1460.5198185372822,1460.5198185372822,1.00030492034722,0.0007739367923507315
1460.5267630745102,1460.5267630745102,1.0002750426903666,0.0007749002823220123
1460.5337076116914,1460.5337076116914,0.9995984654815734,0.0007736552153298843
1460.5406521488608,1460.5406521488608,0.9995511916811861,0.0007749998332836291
1460.5475966859726,1460.5475966859726,1.0004295545392927,0.0007745728302370501
1460.5545412230372,1460.5545412230372,1.0005113083818746,0.0007747933045211705
1460.5614857600788,1460.5614857600788,0.9993106676588116,0.0007742412463827902
1460.5684302970737,1460.5684302970737,1.000034619652967,0.0007737424587849936
1460.5753748340335,1460.5753748340335,0.9996619681043853,0.0007735884517231929
1460.5823193709589,1460.5823193709589,1.0004754148466533,0.0007737782327088689
1460.5989862594045,1460.5989862594045,1.0001759713183227,0.0007737699642363677
1460.6059307962132,1460.6059307962132,1.0003530392590105,0.0007743187209806632
1460.6128753329635,1460.6128753329635,0.9990437997991201,0.0007737789690926282
1460.6198198696559,1460.6198198696559,1.0001415735258412,0.0007745348863773875
1460.626764406325,1460.626764406325,1.0000518149795523,0.0007741832532253023
1460.6337089429708,1460.6337089429708,1.0005526729555025,0.0007736708730234334
1460.6406534795583,1460.6406534795583,0.9999464698179403,0.0007747865513399883
1460.6475980161108,1460.6475980161108,0.9998909840793295,0.0007744052333084784
1460.6545425526285,1460.6545425526285,0.9993510371747355,0.0007733730027874263
1460.6614870891112,1460.6614870891112,1.000378987538763,0.0007749719596403354
1460.6684316255362,1460.6684316255362,0.9999431240884717,0.0007745271978585254
1460.675376161937,1460.675376161937,0.9997165491299315,0.00077368134797003
1460.6823206982922,1460.6823206982922,1.0006495572034937,0.000774275455205521
1460.6892652346116,1460.6892652346116,1.0004174177280107,0.0007740477689629401
1460.6962097708733,1460.6962097708733,0.999952047777694,0.000774118979083928
1460.7031543071112,1460.7031543071112,1.000283725159997,0.0007748919111275627
1460.7100988433265,1460.7100988433265,0.9997260413054821,0.0007742120231400467
1460.71704337946,1460.71704337946,0.9986888521326442,0.0007741278414990346
1460.7239879155936,1460.7239879155936,1.000115546515993,0.0007741593511106351
1460.7309324516684,1460.7309324516684,1.0001916866985492,0.000774575272259246
1460.7378769877091,1460.7378769877091,1.0004424830744398,0.0007740281818786514
1460.744821523691,1460.744821523691,0.9999182970764494,0.0007741985586075283
1460.75176605965,1460.75176605965,1.0001896438848448,0.0007742872262605352
1460.7587105955856,1460.7587105955856,1.0001115333186636,0.0007740660539624686
1460.7656551314517,1460.7656551314517,0.9994669141780974,0.0007740352557310554
1460.7725996672705,1460.7725996672705,0.9997964375283337,0.0007741503834942392
1460.7795442030667,1460.7795442030667,1.0005915073436946,0.0007736954437598618
1460.7864887388157,1460.7864887388157,1.0000000144764676,0.000773823577391331
1460.7934332745303,1460.7934332745303,1.0001375646072,0.0007739793234088994
1460.800377810198,1460.800377810198,1.000407891405909,0.0007745079920142728
1460.8073223458425,1460.8073223458425,1.0003844957735588,0.0007744654295702719
1460.814266881441,1460.814266881441,0.9986544275657148,0.0007753979256647184
1460.8212114169687,1460.8212114169687,1.0006738706692182,0.0007739336514853472
1460.8281559524737,1460.8281559524737,0.999096704804324,0.0007740925166743354
1460.8351004879555,1460.8351004879555,1.0003164785216536,0.0007738005317958655
1460.8420450233668,1460.8420450233668,0.9998553011788625,0.0007738755940072409
1460.8489895587554,1460.8489895587554,1.0002545287991595,0.0007743535288496398
1460.8559340940856,1460.8559340940856,0.999679825830561,0.0007752233155982584
1460.8628786293807,1460.8628786293807,0.9999653520820193,0.0007742316951597551
1460.869823164653,1460.869823164653,1.0008663273870027,0.0007737551301684475
1460.8767676998784,1460.8767676998784,1.0004331395068207,0.0007745399666877646
1460.8837122350456,1460.8837122350456,1.0000255388126627,0.0007744719303663589
1460.890656770178,1460.890656770178,0.9996604833246628,0.0007740047872576704
1460.8976013052638,1460.8976013052638,1.0000377407769574,0.0007735666124514624
1460.9045458403264,1460.9045458403264,0.9991556120956021,0.0007743445047451462
1460.9114903753423,1460.9114903753423,0.999934877793643,0.0007739217772859114
1460.9184349102882,1460.9184349102882,0.9994199960376318,0.0007739161390806304
1460.9253794452115,1460.9253794452115,0.9999778826050936,0.0007747100692370628
1460.9323239800756,1460.9323239800756,0.999869125008433,0.0007738958189496892
1460.9392685149285,1460.9392685149285,1.0019413895703793,0.0007736043074527911
1460.9462130497232,1460.9462130497232,0.9997635226077936,0.0007751659554037277
1460.9531575844946,1460.9531575844946,1.0001986997975783,0.000773668302788497
1460.960102119196,1460.960102119196,1.0001326365709622,0.000773215999933479
1460.9670466538514,1460.9670466538514,0.999412955281658,0.0007748416292960667
1460.9739911884828,1460.9739911884828,0.9998546248398297,0.0007741457554983407
1460.9809357230686,1460.9809357230686,0.9999299622199697,0.0007743657902511832
1460.9878802575954,1460.9878802575954,1.0001288499376177,0.0007744229417609661
1460.9948247920875,1460.9948247920875,0.9994857344284401,0.0007735748480493659
1461.0017693265563,1461.0017693265563,1.000138435654065,0.0007745258065960102
1461.008713860955,1461.008713860955,0.9999286011266946,0.0007746895294298194
1461.015658395319,1461.015658395319,0.9996398088356597,0.0007741987607245876
1461.0226029296366,1461.0226029296366,1.0005855992356758,0.0007748461241859044
1461.0295474639188,1461.0295474639188,1.000279099140129,0.0007742084076070769
1461.0364919981664,1461.0364919981664,1.00002270116637,0.0007751742631127717
1461.0434365323326,1461.0434365323326,1.0002164202741324,0.0007735725882651397
1461.0503810665105,1461.0503810665105,0.9997714549905444,0.0007744583504363154
1461.0573256005948,1461.0573256005948,0.9996488212269034,0.0007740884738227462
1461.0642701346562,1461.0642701346562,0.9995306004785764,0.0007748201759119582
1461.0712146686712,1461.0712146686712,0.9999774448351861,0.0007736520722521276
1461.078159202651,1461.078159202651,1.0003402642883614,0.0007753912230532424
1461.0851037365724,1461.0851037365724,1.0005572107939886,0.0007735354203772555
1461.0920482704362,1461.0920482704362,1.0000760821464934,0.0007750769794353104
1461.098992804276,1461.098992804276,1.000104840301009,0.0007736628139877791
1461.105937338093,1461.105937338093,0.9998427844064007,0.000773571588657375
1461.11288187184,1461.11288187184,0.9991337315061994,0.0007739082257829207
1461.1198264055517,1461.1198264055517,0.9999705350460152,0.000773903041029044
1461.1267709392062,1461.1267709392062,1.0000714549874445,0.0007742023536084655
1461.133715472825,1461.133715472825,1.0002404201842219,0.0007748047858535888
1461.1406600063851,1461.1406600063851,0.9998374122590826,0.0007739518645193857
1461.1476045399231,1461.1476045399231,1.0015065621976424,0.0007742506212089564
1461.154549073402,1461.154549073402,1.0000930143989657,0.0007735205656344876
1461.1614936068465,1461.1614936068465,0.9993303292660352,0.0007745826393892143
1461.1684381402324,1461.1684381402324,1.0001216763605125,0.0007742406904126434
1461.1753826735721,1461.1753826735721,1.0003039976047656,0.0007740336321726621
1461.182327206865,1461.182327206865,0.9995458795876487,0.0007734296780421118
1461.1892717401233,1461.1892717401233,0.9992569562496968,0.000773436431334937
1461.1962162733344,1461.1962162733344,0.9999808443707618,0.0007747081012952451
1461.2031608065,1461.2031608065,1.000230145899796,0.0007739898844240225
1461.210105339618,1461.210105339618,1.0009591165981375,0.0007740686877007338
1461.217049872678,1461.217049872678,1.0001374645571195,0.0007743365241229571
1461.223994405715,1461.223994405715,1.0000945631126275,0.0007739073975457957
1461.2309389386821,1461.2309389386821,1.0005520996917023,0.0007738731643094629
1461.237883471614,1461.237883471614,0.9989793385642157,0.0007738235600693549
1461.2448280044996,1461.2448280044996,1.000027174599896,0.0007748073607285315
1461.2517725373386,1461.2517725373386,0.9999442977471442,0.0007738443511396488
1461.258717070131,1461.258717070131,0.9996269303583232,0.0007741154655877886
1461.265661602877,1461.265661602877,0.9997853389339492,0.0007744271961006581
1461.2726061355643,1461.2726061355643,0.9999734325252355,0.0007736461731842517
1461.279550668229,1461.279550668229,1.000430674663732,0.000773266707704066
1461.2864952008345,1461.2864952008345,0.9996079813050166,0.0007740696891178442
1461.2934397333947,1461.2934397333947,1.0005771231678726,0.0007733963955014426
1461.3003842659073,1461.3003842659073,0.9997630870759033,0.0007743729337735281
1461.3073287983739,1461.3073287983739,0.9995481893778629,0.0007740523371955579
1461.3142733307936,1461.3142733307936,1.0004588811821074,0.0007744305990393528
1461.321217863167,1461.321217863167,1.00065185135402,0.0007739959539423354
1461.3281623954822,1461.3281623954822,0.9998323153600615,0.0007745032508819085
1461.3351069277621,1461.3351069277621,1.000034681960506,0.0007734468540653217
1461.3420514599843,1461.3420514599843,0.9996454924708111,0.0007740437588637342
1461.3489959921596,1461.3489959921596,1.000164086723886,0.0007736914413629361
1461.3559405242886,1461.3559405242886,0.9997794066782747,0.0007738979563878363
1461.3628850563825,1461.3628850563825,1.0002930160063983,0.0007743988395148495
1461.3698295884067,1461.3698295884067,0.9996865995941446,0.0007738521440899937
1461.3767741203956,1461.3767741203956,0.9994112325896877,0.0007745718398559468
1461.3837186523265,1461.3837186523265,1.0007756525816067,0.000773869889888355
1461.3906631842224,1461.3906631842224,1.0004479369483428,0.0007742166327475905
1461.3976077160369,1461.3976077160369,0.999566033488297,0.0007735187956583775
1461.40455224784,1461.40455224784,1.0000358437045282,0.0007741014876118806
1461.4114967795963,1461.4114967795963,0.999997231467864,0.0007737644204085408
1461.418441311283,1461.418441311283,0.9998714863370148,0.0007742224425932235
1461.4253858429342,1461.4253858429342,1.0000750345727432,0.0007741221932350227
1461.4323303745273,1461.4323303745273,0.9994767167309704,0.0007745629771678623
1461.4392749060858,1461.4392749060858,0.9998273396692753,0.0007730104634518926
1461.4462194375633,1461.4462194375633,1.0001539859180004,0.0007738242903642105
1461.4531639690274,1461.4531639690274,1.0001889089323934,0.0007745124190257261
1461.460108500412,1461.460108500412,1.000166961065381,0.0007738431593926574
1461.4670530317603,1461.4670530317603,1.000560289451847,0.000773913887396427
1461.473997563063,1461.473997563063,0.9998483474534365,0.0007743761968757642
1461.4809420942952,1461.4809420942952,0.9999715962423548,0.0007759168420786573
1461.4878866255044,1461.4878866255044,0.9995216331381529,0.000774085216681393
1461.4948311566552,1461.4948311566552,0.9998610588128563,0.0007731448556879618
1461.5017756877364,1461.5017756877364,1.0000188993757702,0.0007742871336248325
1461.5087202187942,1461.5087202187942,0.9995605163618144,0.0007736659925240153
1461.5156647497938,1461.5156647497938,1.0007608887403694,0.0007747022486975467
1461.5226092807472,1461.5226092807472,0.999727011012659,0.0007730925345571794
1461.5295538116302,1461.5295538116302,1.0004428612367087,0.0007738128878786833
1461.5364983424668,1461.5364983424668,0.9995966685385762,0.0007736895286883679
1461.5434428732565,1461.5434428732565,1.0003659753645557,0.0007749277145439163
1461.550387404012,1461.550387404012,0.999823134398938,0.0007752297221944218
1461.5573319346968,1461.5573319346968,1.0006630783301995,0.000775601992890316
1461.564276465336,1461.564276465336,0.9998544526287343,0.0007738629889409894
1461.5712209959165,1461.5712209959165,0.9997394770432104,0.0007736543466896776
1461.5781655264504,1461.5781655264504,0.9999858720294978,0.000773562213839332
1461.5851100569375,1461.5851100569375,0.9997247849368662,0.0007735779614967637
1461.5920545873669,1461.5920545873669,1.000112784934755,0.0007748571054974837
1461.598999117761,1461.598999117761,0.9997853686369946,0.0007739864645631353
1461.6059436480623,1461.6059436480623,0.9998618635952392,0.0007748081214561604
1461.612888178352,1461.612888178352,1.0001007298450666,0.0007743054212597931
1461.6198327085715,1461.6198327085715,1.0004136435185336,0.0007742982860876683
1461.6267772387328,1461.6267772387328,0.9996787273638951,0.0007744987450774727
1461.6337217688592,1461.6337217688592,0.999841380554415,0.0007738962486240801
1461.6406662989277,1461.6406662989277,0.9999989543271768,0.0007742853026337477
1461.6476108289376,1461.6476108289376,1.0001703626765033,0.0007735831579576711
1461.6545553588778,1461.6545553588778,0.9997969593547049,0.0007746230791757598
1461.661499888783,1461.661499888783,1.000036527265722,0.0007748247923529719
1461.6684444186412,1461.6684444186412,1.000580986858742,0.0007738041934438665
1461.6753889484542,1461.6753889484542,1.0001898861875023,0.0007743655921869318
1461.6823334781845,1461.6823334781845,0.9999256350504615,0.0007737273298047058
1461.6892780078688,1461.6892780078688,0.9995136519117576,0.0007743053396380101
1461.6962225375062,1461.6962225375062,0.9996023074175205,0.0007736887620385513
1461.7031670670858,1461.7031670670858,0.9991086139416391,0.0007748143913662637
1461.71011159663,1461.71011159663,1.0000745809380558,0.0007743310651071746
1461.717056126093,1461.717056126093,1.0000073469340687,0.0007735583705299954
1461.7240006555098,1461.7240006555098,1.0006671306049102,0.0007744181168476014
1461.7309451848791,1461.7309451848791,0.9994760515990946,0.0007739750433826562
1461.7378897141793,1461.7378897141793,1.0015539374522917,0.0007746927754742814
1461.7448342434323,1461.7448342434323,1.0000907649146402,0.0007744418221603425
1461.7517787726163,1461.7517787726163,0.9997877873494133,0.0007740284234884762
1461.758723301776,1461.758723301776,1.0000564944914863,0.0007737020757859173
1461.7656678308667,1461.7656678308667,0.9998777538850959,0.0007737277097299111
1461.7726123598986,1461.7726123598986,0.9996471515327012,0.0007734886735652179
1461.7795568888728,1461.7795568888728,1.000063815260673,0.0007730621622407561
1461.786501417777,1461.786501417777,0.9998635500376117,0.0007742314409009768
1461.7934459466694,1461.7934459466694,0.9994490563086039,0.0007733173631359394
1461.80039047548,1461.80039047548,1.0002400064545085,0.0007736851376050064
1461.8073350042332,1461.8073350042332,1.0009331707575166,0.000774553996100565
1461.8142795329277,1461.8142795329277,0.9998024124356192,0.0007736427946814706
1461.8212240615408,1461.8212240615408,1.0001215647131447,0.0007730262651471232
1461.8281685901425,1461.8281685901425,0.999784788161335,0.0007743637920461553
1461.8351131186623,1461.8351131186623,1.000746840490255,0.0007737618833987231
1461.8420576471472,1461.8420576471472,0.9994730482628296,0.0007733218589647953
1461.8490021755629,1461.8490021755629,0.9997314851780045,0.0007736496804849781
1461.8559467039074,1461.8559467039074,0.9997169072474315,0.0007737317998254453
1461.8628912322067,1461.8628912322067,1.000081479681647,0.0007737650323941961
1461.869835760447,1461.869835760447,0.9998028253972724,0.0007740035372353027
1461.8767802886177,1461.8767802886177,0.9997207554980985,0.0007738022877815851
1461.8837248167536,1461.8837248167536,1.000318965810594,0.0007742412845973838
1461.8906693448196,1461.8906693448196,1.0003798248398772,0.000773693270677286
1461.8976138728274,1461.8976138728274,0.9998658356786354,0.0007740126417629513
1461.9045584007768,1461.9045584007768,1.0000450717607052,0.0007743198476906152
1461.9115029286565,1461.9115029286565,1.0001420021271297,0.0007746532211567737
1461.9184474565013,1461.9184474565013,1.0005900217293573,0.000774623822588062
1461.9253919842763,1461.9253919842763,0.9997471581661337,0.0007734875960714587
1461.9323365119928,1461.9323365119928,1.0002169245964423,0.0007742041691898645
1461.9392810396398,1461.9392810396398,0.9994150913763808,0.0007740345374078329
1461.9462255672402,1461.9462255672402,0.9999306416446153,0.0007743830571779493
1461.9531700947705,1461.9531700947705,1.0001588724937822,0.0007735228328823075
1461.9601146222194,1461.9601146222194,0.9993899473129314,0.0007731406927253922
1461.9670591496567,1461.9670591496567,1.0000501021230592,0.000774174141870951
1461.9740036770127,1461.9740036770127,0.9997116720074166,0.0007736815639900303
1461.9809482043102,1461.9809482043102,1.0001377591775178,0.0007746208367999535
1461.9878927315494,1461.9878927315494,0.9997967086209611,0.0007738677524817518
1461.9948372587073,1461.9948372587073,1.0003373831420213,0.0007734089365333682
1462.0017817858302,1462.0017817858302,1.0002538764321547,0.0007748048041237885
1462.008726312884,1462.008726312884,1.0003026510118824,0.0007737043489157966
1462.0156708398783,1462.0156708398783,1.0001053266473132,0.0007736257311107741
1462.0226153668036,1462.0226153668036,1.0003135249114796,0.0007737364972576548
1462.029559893682,1462.029559893682,0.9993683989225188,0.0007736435921496166
1462.0365044204677,1462.0365044204677,1.0004349681229514,0.0007738794796854161
1462.0434489472295,1462.0434489472295,0.9999943611680298,0.0007737779320806849
1462.0503934738986,1462.0503934738986,1.0001183168375252,0.0007744842365916391
1462.0573380005208,1462.0573380005208,1.0001790035741276,0.0007744262314154205
1462.064282527085,1462.064282527085,0.9993718474274165,0.0007744156895040605
1462.071227053568,1462.071227053568,0.9996305398524395,0.0007747090240502162
1462.0781715800035,1462.0781715800035,1.0006268578103892,0.000774311181938309
1462.0851161063704,1462.0851161063704,0.9997967386499166,0.0007744524909768176
1462.0920606327013,1462.0920606327013,1.0002406183543957,0.0007748979010896822
1462.0990051589165,1462.0990051589165,0.9998494349193014,0.0007741013596110211
1462.105949685108,1462.105949685108,0.999706521315003,0.0007743836038650759
1462.1128942112066,1462.1128942112066,1.0003543997414486,0.0007753775711063167
1462.1198387372704,1462.1198387372704,0.999992303969095,0.0007738888303125768
1462.1267832632523,1462.1267832632523,1.0000398934046646,0.0007742303289380138
1462.1337277891762,1462.1337277891762,1.0007173641193976,0.0007732778337253119
1462.1406723150303,1462.1406723150303,1.0000826879947833,0.0007735863993158056
1462.1476168408262,1462.1476168408262,0.9996044070573606,0.0007742483752302315
1462.1545613665403,1462.1545613665403,1.0002875665706417,0.0007740418698717383
1462.1615058922082,1462.1615058922082,0.9998831382443896,0.0007739199913172638
1462.1684504178181,1462.1684504178181,1.0002746382697083,0.0007739907596707506
1462.1753949433464,1462.1753949433464,0.9999021505932972,0.0007746149292083564
1462.1823394688042,1462.1823394688042,0.9997907546439233,0.0007741979855973117
1462.189283994204,1462.189283994204,0.9997406258195871,0.0007740550552997041
1462.1962285195461,1462.1962285195461,0.9998361468896011,0.0007733419106882815
1462.2031730448064,1462.2031730448064,0.999947770854982,0.0007747654876249153
1462.2101175700086,1462.2101175700086,1.000291918390485,0.0007736612919659236
1462.2170620951413,1462.2170620951413,0.999217415476106,0.0007746724109172109
1462.2240066202032,1462.2240066202032,0.9999877410435877,0.0007751299137176325
1462.230951145196,1462.230951145196,1.0007166820764082,0.0007736710160765868
1462.2378956701418,1462.2378956701418,1.0005613890571858,0.0007747151033936907
1462.2448401949946,1462.2448401949946,1.0002480080111216,0.0007751160646147972
1462.2517847197896,1462.2517847197896,1.00005042451686,0.0007736445809240773
1462.2587292445255,1462.2587292445255,0.9992952161052553,0.0007737331701192083
1462.265673769181,1462.265673769181,0.999264398828634,0.0007734885760696979
1462.2726182937663,1462.2726182937663,1.0000420780985366,0.0007735937463574031
1462.2795628182928,1462.2795628182928,1.0004307858911925,0.0007746636255637743
1462.2865073427383,1462.2865073427383,1.0003190595920426,0.0007751220312277945
1462.2934518671257,1462.2934518671257,0.999899010849604,0.0007737049223245963
1462.300396391443,1462.300396391443,0.9991961230003129,0.0007741509126574376
1462.3073409156789,1462.3073409156789,1.0012637002826692,0.0007747721040186
1462.3142854398568,1462.3142854398568,1.0008084930354644,0.0007745985842479836
1462.3212299639642,1462.3212299639642,0.9987564331985352,0.0007740848239903245
1462.328174487991,1462.328174487991,0.9996491085066749,0.0007738098070240106
1462.3351190119588,1462.3351190119588,0.9995549141597394,0.000774787956842666
1462.3420635358457,1462.3420635358457,1.0000054391423145,0.0007739400917338647
1462.3490080596507,1462.3490080596507,1.0011273738874222,0.0007734492391714996
1462.3559525834091,1462.3559525834091,0.9998108926494194,0.0007740802923738788
1462.3628971070984,1462.3628971070984,0.9999465033522794,0.0007735987482165636
1462.3698416306936,1462.3698416306936,1.0001113161788253,0.0007745651840482886
1462.3767861542312,1462.3767861542312,0.9998072508161018,0.0007731751797006392
1462.383730677687,1462.383730677687,1.0000305797463107,0.000774202459421774
1462.390675201096,1462.390675201096,0.999664536636909,0.0007735449073897266
1462.3976197243892,1462.3976197243892,1.0000600713596532,0.0007737932364531478
1462.4045642476353,1462.4045642476353,0.9998896142441213,0.0007741539157024827
1462.4115087708003,1462.4115087708003,0.9995576923220651,0.000773716961540971
1462.4184532939073,1462.4184532939073,1.000692201266855,0.0007738510129021539
1462.425397816909,1462.425397816909,1.000662337408553,0.0007736315360042313
1462.4323423398644,1462.4323423398644,0.9998959992884726,0.0007738558421580154
1462.4392868627378,1462.4392868627378,1.0003836599048577,0.0007739914654183382
1462.446231385542,1462.446231385542,1.0005859799784367,0.0007738382148166504
1462.4531759082524,1462.4531759082524,0.9995932354099768,0.0007737076312067408
1462.460120430894,1462.460120430894,0.9994669205584813,0.0007739228128185651
1462.467064953477,1462.467064953477,1.0003206824547517,0.0007734233088665366
1462.4740094759782,1462.4740094759782,1.000447574018429,0.0007742047607700522
1462.4809539983864,1462.4809539983864,0.9988469659916976,0.0007734534721894009
1462.487898520736,1462.487898520736,1.000346124542009,0.0007736913876336787
1462.4948430429815,1462.4948430429815,0.999757228544798,0.0007734712227769776
1462.5017875651797,1462.5017875651797,1.0003914986492346,0.0007735802820531383
1462.508732087309,1462.508732087309,0.9999126515386761,0.0007740139790146825
1462.5156766093328,1462.5156766093328,1.0001660663346006,0.0007748296866763892
1462.5226211313102,1462.5226211313102,1.0002062177470679,0.0007738140645228649
1462.529565653183,1462.529565653183,1.000115435409837,0.000774035399901869
1462.536510174974,1462.536510174974,1.000433397646751,0.0007742201570865472
1462.543454696707,1462.543454696707,1.0005004016301906,0.0007735324040430155
1462.5503992183585,1462.5503992183585,1.000246651169568,0.0007742992036809746
1462.5573437399053,1462.5573437399053,0.9996258656379367,0.0007738577757347077
1462.5642882613936,1462.5642882613936,0.9990290199392609,0.0007730987472740875
1462.5712327828003,1462.5712327828003,0.9997671612625816,0.0007732808115075878
1462.5781773041258,1462.5781773041258,1.0007662046606582,0.0007738258879591842
1462.5851218253702,1462.5851218253702,1.0002343636208928,0.0007743762519816682
1462.5920663465326,1462.5920663465326,0.9993286007908291,0.000773413498165698
1462.599010867637,1462.599010867637,1.0003445451218973,0.0007749319789029377
1462.6059553886248,1462.6059553886248,1.0000238581128653,0.0007744459933916923
1462.612899909543,1462.612899909543,1.000144354301936,0.0007741308222615125
1462.6198444303795,1462.6198444303795,0.9999518558563093,0.000773664073332978
1462.6267889511346,1462.6267889511346,0.9998723561288833,0.0007741488723905534
1462.6337334718196,1462.6337334718196,0.9997787799403584,0.0007742123490663018
1462.6406779924116,1462.6406779924116,1.0006041074999188,0.0007746509428983996
1462.6476225128993,1462.6476225128993,0.9999691155898038,0.0007737430600154514
1462.6545670333403,1462.6545670333403,1.0008029244221277,0.000774713449626691
1462.6615115536758,1462.6615115536758,0.999298718776896,0.000774105709999361
1462.6684560739418,1462.6684560739418,0.9996486550418708,0.0007741345528649283
1462.675400594115,1462.675400594115,0.9999554896903433,0.0007737726819986549
1462.6823451142068,1462.6823451142068,0.9991539735556607,0.0007737967950157245
1462.6892896342047,1462.6892896342047,1.0004281102779164,0.0007740519192755471
1462.6962341541453,1462.6962341541453,0.9999778754604408,0.0007734376162217191
1462.7031786739458,1462.7031786739458,1.0003969397998587,0.0007743854100625792
1462.7101231936992,1462.7101231936992,1.0003225431239158,0.0007733084937833887
1462.7170677133486,1462.7170677133486,0.9998325336790016,0.0007735537147710804
1462.7240122329276,1462.7240122329276,1.0000821725304712,0.0007743083562927586
1462.7309567524142,1462.7309567524142,0.999848681466626,0.0007733991616364722
1462.7379012718186,1462.7379012718186,1.0000959154898446,0.0007732579549887503
1462.744845791142,1462.744845791142,0.999903380859225,0.0007740739635117825
1462.751790310349,1462.751790310349,1.0001901813870853,0.0007738229210501402
1462.7587348294855,1462.7587348294855,0.9998922722456642,0.0007731878581099609
1462.7656793485407,1462.7656793485407,0.9998694223685446,0.0007743000030404006
1462.77262386748,1462.77262386748,1.000327653148119,0.0007734088942657562
1462.7795683863606,1462.7795683863606,0.9998777569831752,0.0007736776292308143
1462.7865129051256,1462.7865129051256,1.000506232249842,0.0007740327361135107
1462.7934574238195,1462.7934574238195,0.9994192042676209,0.0007748287945054542
1462.8004019424095,1462.8004019424095,0.9997394174212797,0.0007738428756179175
1462.8073464609176,1462.8073464609176,1.0002801749161212,0.0007746313313988129
1462.8142909793326,1462.8142909793326,0.9997811499197933,0.0007739932546186005
1462.8212354976547,1462.8212354976547,0.9993034532294496,0.000773701147557501
1462.8281800158838,1462.8281800158838,0.9999305566178649,0.0007743681629134423
1462.8351245340311,1462.8351245340311,1.001453216538001,0.0007733815627417609
1462.8420690520736,1462.8420690520736,0.9997896014945364,0.0007747886954314437
1462.849013570023,1462.849013570023,0.9997863883346689,0.0007740835343004595
1462.8559580878796,1462.8559580878796,0.9998310022579057,0.0007746265947247324
1462.8629026056426,1462.8629026056426,0.9998866267162448,0.000773791924070561
1462.869847123301,1462.869847123301,0.9998476652457928,0.0007738563917905947
1462.8767916408897,1462.8767916408897,1.0002786846415979,0.0007744682963345452
1462.8837361583735,1462.8837361583735,0.9999359186413243,0.0007738197677215764
1462.890680675741,1462.890680675741,1.0001192281039792,0.0007736122440344162
1462.897625193015,1462.897625193015,0.9997040148916098,0.0007738719120003868
1462.9045697102313,1462.9045697102313,1.0003158816849476,0.0007738599129181109
1462.911514227319,1462.911514227319,0.9993133371691026,0.0007737728191191819
1462.9184587443026,1462.9184587443026,1.0004499780615663,0.0007738263739940468
1462.9254032612157,1462.9254032612157,1.000307019092876,0.0007740143107936066
1462.9323477780242,1462.9323477780242,1.0001446937338176,0.0007736526037569098
1462.9392922947168,1462.9392922947168,0.9996092630580691,0.0007743931920137919
1462.9462368113273,1462.9462368113273,1.000206151613178,0.0007739999502256099
1462.953181327845,1462.953181327845,0.999575869232039,0.0007732713821177563
1462.9601258442576,1462.9601258442576,1.0000634236113712,0.0007735592412585434
1462.9670703605539,1462.9670703605539,1.0002072983540313,0.0007732192443849831
1462.9740148767573,1462.9740148767573,0.9997795501321349,0.0007751423468961456
1462.9809593928671,1462.9809593928671,1.0004936705746463,0.0007738784697845199
1462.9879039088496,1462.9879039088496,0.9995613692096658,0.0007740889699191457
1462.9948484247616,1462.9948484247616,1.0000410054925988,0.0007742948585825754
1463.0017929405572,1463.0017929405572,1.0000570177125965,0.0007739071733486205
1463.0087374562602,1463.0087374562602,1.0004047892204497,0.0007734824858956665
1463.0156819718457,1463.0156819718457,1.0004747095217739,0.0007735447537384817
1463.0226264873393,1463.0226264873393,0.9997179567965613,0.0007739463912172053
1463.029571002728,1463.029571002728,0.9996661868525191,0.0007738189460137757
1463.0365155180111,1463.0365155180111,0.9994465108975339,0.0007739523154958146
1463.04346003319,1463.04346003319,0.9998800406054411,0.0007745604301785972
1463.0504045482521,1463.0504045482521,1.0001426465466416,0.0007736596027645931
1463.0573490632332,1463.0573490632332,0.999806673558566,0.0007740066112607935
1463.0642935780863,1463.0642935780863,0.9999206224054257,0.0007734342199556847
1463.071238092834,1463.071238092834,1.0003532246596663,0.0007736593201930042
1463.0781826074774,1463.0781826074774,1.001077718898181,0.0007740728237058817
1463.0851271220158,1463.0851271220158,0.9992252995132705,0.0007733911391650452
1463.0920716364494,1463.0920716364494,0.9999656708517038,0.0007737947244523725
1463.099016150767,1463.099016150767,1.0001337060400566,0.0007739853822229587
1463.1059606649792,1463.1059606649792,1.000348206686679,0.0007736904015651304
1463.1129051790758,1463.1129051790758,1.0000264775858478,0.0007738465594253156
1463.119849693067,1463.119849693067,0.9999533123510872,0.0007740718902483965
1463.1267942069535,1463.1267942069535,0.9987982344565939,0.0007735212293570098
1463.1337387207236,1463.1337387207236,1.0004064585053598,0.0007734136298184023
1463.140683234389,1463.140683234389,1.000135322771712,0.0007734079767455111
1463.1476277479264,1463.1476277479264,1.0005537621293843,0.0007743565666371705
1463.1545722613705,1463.1545722613705,0.999804181979483,0.0007738973908813949
1463.161516774687,1463.161516774687,0.9997909472711836,0.0007733690041001083
1463.1684612879096,1463.1684612879096,1.000247267467549,0.0007742049256977715
1463.175405800993,1463.175405800993,1.0000078505248997,0.0007738064370043429
1463.1823503139717,1463.1823503139717,0.9995980132865949,0.000774499458661828
1463.1892948268455,1463.1892948268455,1.0000923462669067,0.0007745221945265209
1463.196239339591,1463.196239339591,1.000862348499994,0.0007752184389794341
1463.203183852232,1463.203183852232,0.9996576472730707,0.0007739582565629851
1463.2101283647448,1463.2101283647448,1.0002071230798177,0.000773847774157521
1463.21707287713,1463.21707287713,0.9998660949793668,0.000773299724510883
1463.2240173894213,1463.2240173894213,0.9990428072511115,0.0007739552024985227
1463.2309619015966,1463.2309619015966,0.9997066435291566,0.000774612265218858
1463.2379064136323,1463.2379064136323,0.9999722379522021,0.0007743363600088248
1463.2448509255744,1463.2448509255744,1.0007980775727272,0.0007741691381638207
1463.2517954373661,1463.2517954373661,0.9993851910931584,0.0007737353723576481
1463.2587399490637,1463.2587399490637,1.000420650226615,0.0007745042262316202
1463.2656844606452,1463.2656844606452,1.0001332435108574,0.0007734104419817631
1463.2726289720988,1463.2726289720988,1.0006379925341968,0.0007742382958355664
1463.2795734834126,1463.2795734834126,0.9995115060410958,0.0007739890807555317
1463.2865179946336,1463.2865179946336,1.0004957588906975,0.0007734723722148737
1463.2934625057146,1463.2934625057146,0.9999760185092059,0.0007749369298348887
1463.300407016667,1463.300407016667,0.9995875466276261,0.0007730927933580586
1463.3073515275037,1463.3073515275037,1.0000338033998513,0.0007740383047137781
1463.3142960382236,1463.3142960382236,0.9996066754678333,0.0007732989147367513
1463.3212405488157,1463.3212405488157,0.9997498445997547,0.0007750014001083356
1463.3281850592684,1463.3281850592684,1.0000416744377925,0.000773067343146565
1463.3351295696039,1463.3351295696039,1.0000508257348997,0.0007735954379183209
1463.342074079824,1463.342074079824,1.0007182018351042,0.0007741378102241876
1463.349018589915,1463.349018589915,0.9996983997869279,0.0007740243647198881
1463.3559630998782,1463.3559630998782,1.0004123869149466,0.0007750545260000373
1463.3629076096906,1463.3629076096906,0.999808944900378,0.000773735567334241
1463.3698521193976,1463.3698521193976,0.9998609535793028,0.0007737938397871791
1463.3767966289768,1463.3767966289768,0.9994475011751707,0.0007740291518442807
1463.3837411384168,1463.3837411384168,1.0001238379077564,0.00077378312887105
1463.3906856477392,1463.3906856477392,1.0001204432291324,0.0007735583220543879
1463.3976301569114,1463.3976301569114,1.000458780963342,0.0007737609839216567
1463.40457466599,1463.40457466599,1.000147095331847,0.0007748019040594659
1463.411519174917,1463.411519174917,1.0000484501846352,0.0007748143337796335
1463.4184636837167,1463.4184636837167,0.9991927067345273,0.000773700259376628
1463.425408192364,1463.425408192364,1.000294555988956,0.0007741490992908752
1463.432352700896,1463.432352700896,1.0011550369989115,0.0007746740252180745
1463.4392972092878,1463.4392972092878,0.9995492226845657,0.000773609344025155
1463.4462417175514,1463.4462417175514,1.0008818570071267,0.0007735746800616708
1463.4531862256874,1463.4531862256874,1.000044892591444,0.0007737212031739208
1463.460130733706,1463.460130733706,0.999501533000639,0.0007732434411197179
1463.467075241539,1463.467075241539,1.0000265454325716,0.0007733662526868189
1463.4740197492908,1463.4740197492908,1.000517891163637,0.0007741102173442354
1463.4809642568675,1463.4809642568675,1.0004598136488174,0.0007748006654835502
1463.487908764328,1463.487908764328,0.9997462079165285,0.0007733507783846936
1463.4948532716487,1463.4948532716487,0.999774917169232,0.0007737507493470804
1463.501797778818,1463.501797778818,0.9999797775785148,0.0007734713486004279
1463.5087422858717,1463.5087422858717,0.999770856928888,0.0007745271750929662
1463.5156867927728,1463.5156867927728,0.9999900533779613,0.0007734090723433132
1463.5226312995467,1463.5226312995467,1.000455697172315,0.0007748810426310263
1463.5295758061807,1463.5295758061807,0.9997190056896781,0.000773896000784086
1463.5365203126744,1463.5365203126744,1.0002054648321272,0.0007742314985778108
1463.543464819029,1463.543464819029,0.9996386755527753,0.0007742285617922261
1463.550409325244,1463.550409325244,0.9999181229791271,0.0007745184147771292
1463.557353831307,1463.557353831307,1.0001420869712911,0.0007744292814450611
1463.5642983372313,1463.5642983372313,0.999702747466524,0.0007756884952041649
1463.5712428430502,1463.5712428430502,1.000203596076979,0.0007758563264201058
1463.5781873486826,1463.5781873486826,0.9998441639503886,0.0007762706466330975
1463.589020777178,1463.589020777178,1.0008874610610716,0.0007790124798953706
1463.601798666859,1463.601798666859,0.9998082796362111,0.0007819083991206441
1463.608743171886,1463.608743171886,1.000497189147017,0.0007852584540933624
1463.6156876767855,1463.6156876767855,0.9990508201799573,0.0007880051683333899
1463.6226321815334,1463.6226321815334,0.9994694900794066,0.000792949477272698
1463.6295766861301,1463.6295766861301,1.000565414772107,0.0007963915394706269
1463.6365211905988,1463.6365211905988,0.9997136370671239,0.0007999205709673608
1463.6434656949161,1463.6434656949161,0.9998354531324685,0.0008049611945199205
1463.6504101990934,1463.6504101990934,0.9999356296431104,0.0008099114683142377
1463.6573547031196,1463.6573547031196,1.0001940055744538,0.0008140747459634307
1463.664299207006,1463.664299207006,1.000194544733521,0.0008195428648990283
1463.6712437107647,1463.6712437107647,0.9996157119619884,0.0008243094022696762
1463.6781882143716,1463.6781882143716,1.0002454148053146,0.0008288951712613155
1463.6851327178392,1463.6851327178392,0.9995684461762269,0.000833909292727963
1463.692077221167,1463.692077221167,0.9992859805865264,0.0008376906645183137
1463.6990217243315,1463.6990217243315,1.0005961308353453,0.0008423303294250887
1463.70596622738,1463.70596622738,0.9999558772698276,0.0008444593049116904
1463.712910730265,1463.712910730265,1.0001705149462699,0.0008481128166071617
1463.7198552330224,1463.7198552330224,0.9996076351457658,0.0008504777439173392
1463.7267997356169,1463.7267997356169,0.999795129073321,0.0008529734131588841
1463.7337442380715,1463.7337442380715,1.0002590945137497,0.0008562841694711874
1463.740688740433,1463.740688740433,1.0005055230062414,0.000858708789717476
1463.7476332425965,1463.7476332425965,0.9998621479954035,0.0008612917062592327
1463.7545777446671,1463.7545777446671,1.000351098811222,0.0008639926497458318
1463.7615222465395,1463.7615222465395,0.9998322781524921,0.000866509830540954
1463.7684667483188,1463.7684667483188,0.9997391710351551,0.000868655449834117
1463.7754112499586,1463.7754112499586,0.9990537514504781,0.0008718823185283404
1463.7823557514466,1463.7823557514466,0.9996144603527671,0.0008743308026599852
1463.7893002527956,1463.7893002527956,1.0002752075938708,0.0008763577860586656
1463.7962447540162,1463.7962447540162,0.9988676147556144,0.0008793238497919548
1463.8031892550969,1463.8031892550969,1.0003022836391722,0.0008825733128788148
1463.8101337560379,1463.8101337560379,1.001182000166548,0.0008843328869543983
1463.8170782568627,1463.8170782568627,0.998867646723639,0.0008870633266546341
1463.8240227575366,1463.8240227575366,1.0008004857253912,0.0008900483772224714
1463.8309672580817,1463.8309672580817,0.9996083223391544,0.0008937375054539447
1463.837911758476,1463.837911758476,0.9996662215460388,0.000895518254807923
1463.8448562587769,1463.8448562587769,1.0000282462376888,0.000898333764165596
1463.8518007589262,1463.8518007589262,0.9998391101702456,0.0009008135998459799
1463.8587452589595,1463.8587452589595,0.9989137399166648,0.0009022874064606275
1463.8656897588648,1463.8656897588648,0.9999524890224745,0.0009035428978403949
1463.872634258653,1463.872634258653,1.0010807509044293,0.0009053237652170337
1463.8795787583026,1463.8795787583026,0.9989161582764462,0.0009060374571148681
1463.8865232578469,1463.8865232578469,1.0000867603328973,0.0009087571641098649
1463.8934677572622,1463.8934677572622,1.0004636621776455,0.0009089050009286842
1463.9004122565625,1463.9004122565625,1.0003022168699685,0.0009101931013179214
1463.9073567557462,1463.9073567557462,1.0001418303740055,0.0009107407787305548
1463.9143012548127,1463.9143012548127,1.000208827510699,0.0009119303775064643
1463.9212457537865,1463.9212457537865,1.0007611575316027,0.0009130684536405882
1463.9281902526207,1463.9281902526207,0.9995164566840771,0.0009134813545493257
1463.9351347513732,1463.9351347513732,0.9990101441542928,0.0009152215489275064
1463.9431903697894,1463.9431903697894,1.0002677730329868,0.0009158790846481113
1463.9504126482543,1463.9504126482543,1.0000944864230312,0.0009166153847617658
1463.9573571466808,1463.9573571466808,1.0001908787766292,0.0009175745041196338
1463.9643016450143,1463.9643016450143,1.0011546902715662,0.000919114299133441
1463.9712461432548,1463.9712461432548,0.9999026903900334,0.0009203504304182725
1463.9781906413905,1463.9781906413905,1.0006102656803242,0.000921774744227521
1463.985135139444,1463.985135139444,0.9998518889012317,0.0009236786137292553
1463.9920796374522,1463.9920796374522,1.0002593923081666,0.0009256039476519126
1463.9990241353548,1463.9990241353548,0.9997956963499549,0.0009283869128778081
1464.0059686331874,1464.0059686331874,1.0006976893649338,0.0009311220483980281
1464.0129131309507,1464.0129131309507,1.000189338868858,0.0009343864878487588
1464.019857628644,1464.019857628644,1.0007350984303285,0.0009381326575866568
1464.0268021262787,1464.0268021262787,1.0006717327438224,0.0009416864554598021
1464.0337466238557,1464.0337466238557,0.9989814367800054,0.0009467057837468512
1464.0406911213745,1464.0406911213745,0.9997358574782911,0.0009499125635903287
1464.0476356188578,1464.0476356188578,1.000919363309683,0.0009552087915698398
1464.0545801162837,1464.0545801162837,1.0011085833127948,0.0009598165753043149
1464.0615246136854,1464.0615246136854,1.0009914809400933,0.000964848507669852
1464.0684691110412,1464.0684691110412,1.0009406836560502,0.0009701788487184355
1464.075413608362,1464.075413608362,0.9995903595583707,0.0009764834736235474
1464.0823581056823,1464.0823581056823,0.9995321168756247,0.0009814497083208197
1464.0893026029685,1464.0893026029685,0.9996177421654607,0.0009876685348817137
1464.0962471002538,1464.0962471002538,1.0003539163239021,0.0009940290742650594
1464.1031915975395,1464.1031915975395,1.0006813563673722,0.0009998781659503438
1464.110136094814,1464.110136094814,0.9995024927870537,0.0010061411931109377
1464.1170805921115,1464.1170805921115,1.001130569437472,0.0010131077070113174
1464.1240250894205,1464.1240250894205,0.9989563881465691,0.0010196508921013483
1464.130969586741,1464.130969586741,0.9989849724142186,0.0010261929216049573
1464.1379140840968,1464.1379140840968,0.9998337976936128,0.0010333100031381247
1464.144858581499,1464.144858581499,0.9996851712321982,0.0010403982521809605
1464.1518030789014,1464.1518030789014,0.9999291890303104,0.0010474049867080092
1464.1587475764195,1464.1587475764195,0.9983779005933741,0.0010546301953420962
1464.1656920739617,1464.1656920739617,0.9998636037291504,0.0010618892932647082
1464.1726365715733,1464.1726365715733,1.0010259719666577,0.0010682420651914747
1464.1795810692668,1464.1795810692668,1.000322198909607,0.001075249613422308
1464.1865255670295,1464.1865255670295,1.0005269273517041,0.0010819327251525277
1464.1934700648858,1464.1934700648858,0.9994262313366808,0.0010878543709508493
1464.20041456287,1464.20041456287,0.9993236722445147,0.0010934483842231168
1464.2073590609243,1464.2073590609243,1.000364114161162,0.0010990983794659484
1464.214303559095,1464.214303559095,1.0001649006868731,0.001104254869685246
1464.2212480574049,1464.2212480574049,0.9997829051039313,0.0011090861093121791
1464.228192555855,1464.228192555855,1.001310990405902,0.0011132167434520991
1464.235137054433,1464.235137054433,0.9979500572040916,0.0011169537230827273
1464.2420815531855,1464.2420815531855,1.001930951930066,0.001119972634248533
1464.2490260520894,1464.2490260520894,1.0003417391729994,0.0011217880533554829
1464.2559705511678,1464.2559705511678,0.9998558667979909,0.0011236552378481907
1464.262915050421,1464.262915050421,0.9990517772808813,0.001124352316536697
1464.2698595498723,1464.2698595498723,1.0008294191640443,0.001125059950974356
1464.276804049498,1464.276804049498,0.9999349443534624,0.0011252275938519393
1464.2837485493565,1464.2837485493565,0.9993195433242305,0.0011255608399610667
1467.4774040805505,1467.4774040805505,0.9994958159344366,0.0007406441444104953
1468.2810263774427,1468.2810263774427,0.9998568895078769,0.0006071256924204038
1468.2879709208405,1468.2879709208405,1.0004035129418087,0.0006079211779669458
1468.2949154642388,1468.2949154642388,0.9993195993669094,0.000607429140923972
1468.3018600076134,1468.3018600076134,0.9997900903076553,0.0006076137757723853
1468.3088045509649,1468.3088045509649,1.0002546332111224,0.0006074388008561609
1468.3157490942926,1468.3157490942926,1.0003905917546139,0.0006072549508753737
1468.3226936375972,1468.3226936375972,0.9987703773916413,0.0006073666541146208
1468.3296381808675,1468.3296381808675,1.000358109987911,0.0006070706323339672
1468.3365827241378,1468.3365827241378,1.0005060480453605,0.000607319539143855
1468.343527267372,1468.343527267372,0.9996569925436167,0.0006066764349671654
1468.3504718105955,1468.3504718105955,0.9993148433210693,0.0006066476376269933
1468.357416353784,1468.357416353784,0.9996423787285791,0.0006069452559753383
1468.3643608969724,1468.3643608969724,0.99992103056719,0.0006071577716075048
1468.3713054401262,1468.3713054401262,1.000747664709973,0.0006071987033505288
1468.384083399435,1468.384083399435,0.9995941310492134,0.0006069747993060506
1468.3949168866498,1468.3949168866498,1.0003274180905637,0.0006069175569213454
1468.4018614297104,1468.4018614297104,1.0002258683357887,0.00060770298805366
1468.4088059727355,1468.4088059727355,0.9994218041939129,0.000607031787204513
1468.4157505157375,1468.4157505157375,1.0000953458612891,0.0006070377783519005
1468.4226950587279,1468.4226950587279,1.000424897571828,0.0006066957716805202
1468.429639601684,1468.429639601684,0.999900503355261,0.0006065331068713614
1468.4365841446277,1468.4365841446277,0.9996798969433668,0.0006071080563003119
1468.4435286875482,1468.4435286875482,1.0002191899745558,0.0006069112770997175
1468.4504732304456,1468.4504732304456,0.9997418619098694,0.00060764730933905
1468.4574177733077,1468.4574177733077,1.0000132350773916,0.0006065110366680412
1468.4643623161705,1468.4643623161705,1.0008075694649923,0.0006082591375081876
1468.4713068589983,1468.4713068589983,0.9995702557280524,0.0006076531269252776
1468.4782514018018,1468.4782514018018,1.000654402159301,0.0006077770885446268
1468.485195944583,1468.485195944583,0.9993739139546038,0.0006076859267279904
1468.4921404873526,1468.4921404873526,0.9993795744066196,0.0006067614004964816
1468.499085030087,1468.499085030087,1.0005177099616436,0.0006080617542215555
1468.5060295728094,1468.5060295728094,0.9997946120859258,0.0006061599786793515
1468.5129741154974,1468.5129741154974,1.0000108236681122,0.0006070220396273242
1468.5199186581617,1468.5199186581617,0.9997540300616994,0.000606994522740891
1468.5268632008147,1468.5268632008147,1.0001429590130433,0.00060745007477338
1468.5338077434444,1468.5338077434444,1.0002535407006232,0.0006074724880875251
1468.5407522860273,1468.5407522860273,1.0000500132831256,0.0006075015697111347
1468.5476968285986,1468.5476968285986,0.9998976703921292,0.0006068332460367717
1468.5546413711702,1468.5546413711702,1.0002960790277893,0.0006081659362036827
1468.5615859137188,1468.5615859137188,0.9997146710086051,0.0006071217111560817
1468.5685304562317,1468.5685304562317,1.0005880849176212,0.0006078179842627124
1468.5754749987095,1468.5754749987095,1.000169920740328,0.0006076283125692386
1468.582419541188,1468.582419541188,1.0000880143470823,0.0006066477083217899
1468.5893640836314,1468.5893640836314,0.9994066416997848,0.0006071694393758185
1468.5963086260515,1468.5963086260515,0.999509100996135,0.0006072624774805529
1468.6032531684484,1468.6032531684484,0.9993546169437222,0.0006081463557622413
1468.610197710833,1468.610197710833,1.0002645800460108,0.0006070971817714627
1468.617142253172,1468.617142253172,1.0003846190082253,0.0006067822474862307
1468.624086795499,1468.624086795499,1.000401234186818,0.000606839510229778
1468.631031337826,1468.631031337826,1.0000657111946532,0.0006068802018401662
1468.637975880106,1468.637975880106,1.0002787941502336,0.0006072967987572986
1468.6449204223632,1468.6449204223632,0.999990582941302,0.0006072978449147774
1468.651864964597,1468.651864964597,1.0002186242575202,0.0006071191200213799
1468.6588095068075,1468.6588095068075,0.9995639421992488,0.0006069355751677297
1468.6657540490182,1468.6657540490182,1.0003636031044443,0.0006073475025981251
1468.6726985911705,1468.6726985911705,0.9998209705919099,0.0006074958843231376
1468.679643133334,1468.679643133334,0.9998149312457831,0.0006073691513143701
1468.68658767544,1468.68658767544,0.9991291873839317,0.0006067045708577667
1468.6935322175575,1468.6935322175575,1.000257037651912,0.0006080135762572486
1468.7004767596281,1468.7004767596281,1.00036787081775,0.0006066532018080817
1468.7074213016872,1468.7074213016872,0.9994345077865351,0.0006066960376756115
1468.7143658437228,1468.7143658437228,1.0001075456639197,0.0006067218588624113
1468.7213103857243,1468.7213103857243,1.0002659312619677,0.0006082164474457664
1468.7282549277138,1468.7282549277138,1.0005675274446169,0.0006074908111676217
1468.7351994696678,1468.7351994696678,1.000574608452411,0.0006069382391093102
1468.7421440116104,1468.7421440116104,0.9994280426498454,0.0006075148965046535
1468.7490885535299,1468.7490885535299,1.0002357206379409,0.0006076179107744521
1468.7560330954148,1468.7560330954148,0.9999529714453553,0.0006063870917494604
1468.7629776372994,1468.7629776372994,0.9993352274110123,0.0006074256500962973
1468.7699221791372,1468.7699221791372,0.9996372442587764,0.0006072032476473084
1468.7768667209634,1468.7768667209634,0.9994535312269676,0.000606468162788547
1468.7838112627664,1468.7838112627664,1.0009548756949265,0.000607866322126321
1468.7907558045463,1468.7907558045463,1.001029657489637,0.0006074857680651434
1468.7977003462915,1468.7977003462915,0.9997192882303414,0.0006077622924597456
1468.8046448880243,1468.8046448880243,0.9996525309057114,0.0006069523952868894
1468.8115894297225,1468.8115894297225,0.9999935193477242,0.0006073617816081817
1468.8185339714207,1468.8185339714207,0.9999231509560953,0.0006064644466788342
1468.8254785130844,1468.8254785130844,1.000009646116137,0.0006080760653992184
1468.8324230547246,1468.8324230547246,0.9996125647992928,0.0006068298257901091
1468.839367596341,1468.839367596341,0.9994531502833786,0.000606943170341659
1468.8463121379227,1468.8463121379227,0.9994561847537394,0.0006074122844629158
1468.8532566794934,1468.8532566794934,0.9999839795408139,0.0006077734398012967
1468.8602012210404,1468.8602012210404,1.0007357241772805,0.0006079203588223944
1468.8671457625642,1468.8671457625642,1.0007337106345326,0.0006073967839527564
1468.8740903040525,1468.8740903040525,1.000469048020254,0.0006074989977360779
1468.8810348455295,1468.8810348455295,1.0006864298138693,0.0006074866176880116
1468.887979386995,1468.887979386995,1.0001574259681463,0.0006070772311808882
1468.894923928414,1468.894923928414,0.9992433231958169,0.0006069038876629977
1468.9018684698215,1468.9018684698215,0.9999753429538922,0.0006066986066158153
1468.908813011205,1468.908813011205,0.9996205915855114,0.0006076764963477149
1468.9157575525542,1468.9157575525542,1.0002657925847251,0.0006074584830502197
1468.9227020938918,1468.9227020938918,0.9991787192163144,0.0006065263932607419
1468.9296466351943,1468.9296466351943,1.000321130034124,0.0006070064124934479
1468.9365911764967,1468.9365911764967,1.000383009210638,0.0006077320016654008
1468.9435357177524,1468.9435357177524,0.9998684397052621,0.0006073056685286361
1468.9504802589968,1468.9504802589968,1.0011722003053072,0.0006087029044332733
1468.9582581451516,1468.9582581451516,0.9992575213805338,0.0006072919146127865
1468.9657582496388,1468.9657582496388,1.0005929038773897,0.0006073204878683052
1468.9727027908016,1468.9727027908016,0.999611120529118,0.0006072765965791509
1468.9796473319523,1468.9796473319523,0.9998075904633754,0.0006072780116573677
1468.9865918730688,1468.9865918730688,0.9997213758886321,0.0006069324314353569
1468.993536414162,1468.993536414162,0.999664447237216,0.0006067878448311466
1469.0004809552315,1469.0004809552315,0.9999205403027054,0.0006068074069521728
1469.0074254962778,1469.0074254962778,1.0002251929150243,0.0006081067364809465
1469.0143700373003,1469.0143700373003,1.0009066759803498,0.0006075176780057453
1469.0213145783007,1469.0213145783007,0.9994439049087566,0.0006076242218879825
1469.0282591192772,1469.0282591192772,0.9998481229295617,0.0006073399002169353
1469.0352036602305,1469.0352036602305,1.0003514384229761,0.0006073095248272399
1469.0421482011602,1469.0421482011602,0.9996123619978181,0.0006081510794956642
1469.049092742055,1469.049092742055,1.0002849927630624,0.0006065401421216176
1469.0560372829505,1469.0560372829505,0.9995294108439035,0.0006063997788768956
1469.0629818237871,1469.0629818237871,0.9996474948219831,0.00060782109946466
1469.0699263646475,1469.0699263646475,0.9992214442437228,0.0006081833640515831
1469.0768709054264,1469.0768709054264,1.0001206278956019,0.0006077617034885706
1469.0838154462278,1469.0838154462278,1.000317825035554,0.0006080360316672014
1469.0907599869947,1469.0907599869947,1.00061209436797,0.0006070143230081032
1469.0977045277268,1469.0977045277268,1.0003810945057725,0.0006072815305951873
1469.104649068447,1469.104649068447,1.0001686403473395,0.0006074440681245212
1469.111593609133,1469.111593609133,0.9992505216621913,0.0006068801897653944
1469.1185381498065,1469.1185381498065,0.9994584555789057,0.0006066525067890278
1469.1254826904456,1469.1254826904456,1.0005762534416704,0.0006075347279802126
1469.1324272310612,1469.1324272310612,0.9995627083486373,0.0006076665586449714
1469.1393717716533,1469.1393717716533,1.0008752329292263,0.0006074842061484735
1469.1463163122226,1469.1463163122226,0.9995173289788017,0.0006081430422991027
1469.1532608527566,1469.1532608527566,0.9997383929313279,0.0006070457555116908
1469.1602053932907,1469.1602053932907,1.0004759746829834,0.0006083881118812915
1469.1671499338015,1469.1671499338015,0.9997427033781625,0.0006082565270503585
1469.1740944742776,1469.1740944742776,1.0000586808182033,0.0006070372727950594
1469.1810390147189,1469.1810390147189,0.9998329783129059,0.0006081937058237029
1469.1879835551479,1469.1879835551479,1.0001081964037213,0.0006073389532264834
1469.1949280955655,1469.1949280955655,0.9998410774569855,0.0006077057576136864
1469.201872635937,1469.201872635937,1.0004717775158554,0.0006071718637956811
1469.2088171762964,1469.2088171762964,1.0000359314280076,0.000607039297351303
1469.2157617166208,1469.2157617166208,0.9995636052799288,0.0006071405579617055
1469.2227062569339,1469.2227062569339,1.0002771187093569,0.0006079770076707248
1469.2296507972235,1469.2296507972235,0.9999393035218505,0.0006073960073652647
1469.236595337478,1469.236595337478,0.9995228617010538,0.0006070433853892168
1469.2435398777216,1469.2435398777216,0.9999020813660104,0.0006077488997061081
1469.250484417918,1469.250484417918,1.0006453220957858,0.0006071575359711471
1469.2574289581141,1469.2574289581141,0.9998579631847144,0.0006069411422606542
1469.2643734982757,1469.2643734982757,1.000757782928186,0.0006070465735198844
1469.271318038414,1469.271318038414,0.9993725315024659,0.0006072852844587129
1469.2782625785178,1469.2782625785178,0.9995955061091972,0.0006070001707044234
1469.2852071186098,1469.2852071186098,0.9996592100659649,0.000607494888190086
1469.2921516586896,1469.2921516586896,1.0010076544153912,0.0006075153034880239
1469.299096198723,1469.299096198723,0.9996962138585592,0.0006069468324307278
1469.306040738745,1469.306040738745,0.999532128137395,0.0006069286119977227
1469.3129852787436,1469.3129852787436,1.0002703385180431,0.0006074864209979463
1469.3199298187076,1469.3199298187076,0.9998943288367264,0.0006073728926766816
1469.3268743586596,1469.3268743586596,1.000528356353062,0.0006078757695636448
1469.3338188985647,1469.3338188985647,0.9986610873138678,0.0006074341818323495
1469.3407634384705,1469.3407634384705,0.9998460448457877,0.0006080730944836893
1469.347707978341,1469.347707978341,1.000017091498297,0.0006076303518387155
1469.3546525181885,1469.3546525181885,1.0009766607122308,0.0006074417924249802
1469.3615970580008,1469.3615970580008,1.0002859929696684,0.0006077686004058652
1469.3685415978011,1469.3685415978011,0.999874183260161,0.0006072890606934035
1469.3754861375905,1469.3754861375905,1.0000365579619506,0.0006075481196593133
1469.382430677333,1469.382430677333,0.9993501404507906,0.0006069276952328829
1469.3893752170638,1469.3893752170638,1.0000743163204961,0.000607634793491619
1469.3963197567602,1469.3963197567602,0.9999632876753941,0.0006082555995199089
1469.4032642964437,1469.4032642964437,0.9997709546023235,0.0006070857639895095
1469.4102088361053,1469.4102088361053,1.0002637713250582,0.0006076693623295442
1469.4171533757078,1469.4171533757078,0.9998263040951658,0.000607210565034061
1469.4240979153224,1469.4240979153224,1.0001108354444952,0.0006080769613215353
1469.4310424548908,1469.4310424548908,0.9999244598118885,0.0006074932187066475
1469.437986994458,1469.437986994458,0.9997365818323957,0.0006072772186859693
1469.4449315339912,1469.4449315339912,0.9994915125071613,0.0006069119234467003
1469.4518760734893,1469.4518760734893,1.0004557507124967,0.0006064974409763535
1469.4588206129756,1469.4588206129756,1.0004562501949585,0.0006070473500257706
1469.4657651524274,1469.4657651524274,1.0000167496647303,0.0006067659209003601
1469.4727096918668,1469.4727096918668,0.9996754964015,0.0006073998444632142
1469.47965423126,1469.47965423126,1.0003293097168275,0.0006076575717308437
1469.48659877063,1469.48659877063,0.999951737531806,0.0006073823220047931
1469.4935433100002,1469.4935433100002,1.0001182691242747,0.0006067499920786768
1469.500487849347,1469.500487849347,1.000423108488171,0.0006078639267096388
1469.5074323886588,1469.5074323886588,1.000206929917346,0.0006070396651446216
1469.5143769279355,1469.5143769279355,0.9990557830009263,0.0006073446377476358
1469.5213214672003,1469.5213214672003,0.9995887430430388,0.0006073357738855924
1469.5282660064308,1469.5282660064308,1.0004524361985943,0.0006072299838315824
1469.5352105456495,1469.5352105456495,0.9991451094981398,0.0006069564719582953
1469.5421550848337,1469.5421550848337,0.9999314105292416,0.0006068275123064249
1469.5490996240053,1469.5490996240053,1.0005722087993436,0.0006088779556038016
1469.5560441631424,1469.5560441631424,0.9992183697309736,0.0006074828300836084
1469.5629887022446,1469.5629887022446,1.000533490930802,0.0006078637865207923
1469.5699332413237,1469.5699332413237,0.9995788286339643,0.0006085274753897646
1469.576877780403,1469.576877780403,1.0006212288614365,0.000607668575754061
1469.5838223194355,1469.5838223194355,0.9999272176739797,0.0006075303041320035
1469.5907668584555,1469.5907668584555,1.0002535780837678,0.0006076435080530582
1469.5977113974418,1469.5977113974418,0.9994625657472943,0.0006070956326616739
1469.6046559364045,1469.6046559364045,1.000302285710601,0.0006071780224154853
1469.6116004753435,1469.6116004753435,0.9999732585184795,0.0006069676815070798
1469.6185450142596,1469.6185450142596,1.0004425238719352,0.000607550479773692
1469.6254895531406,1469.6254895531406,0.9993984275724307,0.0006073808691211864
1469.63243409201,1469.63243409201,1.0004858959776808,0.0006071859740396977
1469.6393786308442,1469.6393786308442,0.999774989738887,0.0006066537851047334
1469.6463231696787,1469.6463231696787,0.9993621029780719,0.0006069757640549134
1469.653267708467,1469.653267708467,1.000191563286889,0.0006083212053248883
1469.66021224722,1469.66021224722,0.9998341347260226,0.0006077078508326798
1469.6671567859607,1469.6671567859607,1.000864253138993,0.0006076727919303311
1469.674101324679,1469.674101324679,0.9991821761924324,0.0006076655589179953
1469.6810458633622,1469.6810458633622,1.0005335235738453,0.0006074166050623216
1469.6879904020457,1469.6879904020457,1.0000030462363776,0.0006074091636128075
1469.6949349406823,1469.6949349406823,0.9999971134017794,0.0006084084550901207
1469.7018794792834,1469.7018794792834,1.000162489655028,0.0006079537598329506
1469.708824017874,1469.708824017874,1.000233736862897,0.0006077998066354293
1469.7157685564518,1469.7157685564518,1.0002079076640633,0.0006079292963568459
1469.7227130949955,1469.7227130949955,1.0001341246793396,0.0006081144516797805
1469.729657633504,1469.729657633504,1.0005818346217938,0.0006074216664697523
1469.7366021720006,1469.7366021720006,0.9994804761018969,0.0006069740411138358
1469.7435467104629,1469.7435467104629,0.9993947200172292,0.0006087673909179259
1469.7504912489014,1469.7504912489014,0.9997176282186844,0.0006072532626999328
1469.7574357873168,1469.7574357873168,1.0002573734805305,0.0006071864427167052
1469.7643803257088,1469.7643803257088,1.0002099469045216,0.0006076823194451993
1469.7713248640662,1469.7713248640662,1.0007871424841221,0.0006069077734797172
1469.7782694024118,1469.7782694024118,0.999628620613408,0.0006080312333672295
1469.7852139407219,1469.7852139407219,0.9996169384284022,0.0006076697210432409
1469.792158479021,1469.792158479021,1.0001898325226832,0.0006071987304616435
1469.7991030172855,1469.7991030172855,0.9999931558960636,0.0006079137339038948
1469.8060475555144,1469.8060475555144,1.0001205911828213,0.0006078202492834281
1469.8129920937204,1469.8129920937204,0.9996190718031043,0.0006080082383035888
1469.8199366319259,1469.8199366319259,0.9996789309392927,0.0006071371488112054
1469.826881170085,1469.826881170085,1.0011157409108227,0.0006079315131997585
1469.833825708233,1469.833825708233,0.9999179164189858,0.0006066027723207773
1469.8407702463458,1469.8407702463458,0.9993912977750903,0.0006076019471790704
1469.8477147844355,1469.8477147844355,0.9999203102943923,0.0006068847635691746
1469.8546593225014,1469.8546593225014,1.0001921380939123,0.0006077206562630403
1469.8616038605323,1469.8616038605323,0.9996295261965574,0.0006070141089552103
1469.8685483985403,1469.8685483985403,1.000106679997456,0.0006079251086306009
1469.8754929365252,1469.8754929365252,1.0003721823664005,0.000607786494857472
1469.8824374744981,1469.8824374744981,1.0000514629437394,0.0006078944230976619
1469.8893820124129,1469.8893820124129,1.000568501197956,0.0006082039205593354
1469.8963265503276,1469.8963265503276,0.9996593735600164,0.0006077973337997426
1469.9032710882307,1469.9032710882307,0.9997379816710469,0.0006073772083164652
1469.9102156260874,1469.9102156260874,0.9994724514425902,0.0006071387721928766
1469.9171601639207,1469.9171601639207,0.9990342983773433,0.00060711775913731
1469.9241047017308,1469.9241047017308,1.0001614789335351,0.0006076942048026128
1469.9310492395061,1469.9310492395061,1.000301253248401,0.0006079816749715171
1469.937993777281,1469.937993777281,1.000031089427928,0.0006072840700620653
1469.9449383150095,1469.9449383150095,1.0002302002354928,0.0006069914779904744
1469.9518828527262,1469.9518828527262,1.0006382529852986,0.000608127820503336
1469.9588273903967,1469.9588273903967,1.0005487213671103,0.0006082817405436458
1469.9657719280674,1469.9657719280674,0.9996201418486997,0.0006077676732767222
1469.9727164657027,1469.9727164657027,0.9995009204571673,0.0006073129972603482
1469.979661003291,1469.979661003291,0.9996163111327766,0.0006067393548256616
1469.98660554088,1469.98660554088,0.9997306348055426,0.0006074552657477854
1469.993550078434,1469.993550078434,0.999107829838312,0.0006072795721529089
1470.0004946159647,1470.0004946159647,0.9998022875131326,0.000607487783523702
1470.0074391534606,1470.0074391534606,1.000349093189279,0.0006076682613921753
1470.0143836909326,1470.0143836909326,1.0009366934307486,0.0006077811643236643
1470.0213282283935,1470.0213282283935,0.9991794856376695,0.0006074741497188182
1470.028272765831,1470.028272765831,1.0002317039074407,0.0006070928520185056
1470.035217303222,1470.035217303222,0.9995392473778102,0.0006071357669593354
1470.0421618406012,1470.0421618406012,1.0003330902856524,0.0006070516215065231
1470.049106377934,1470.049106377934,0.9996524299660645,0.000608395928788821
1470.056050915267,1470.056050915267,1.0005904817015838,0.0006073782868714461
1470.0629954525762,1470.0629954525762,1.0008568511550744,0.0006072295806626741
1470.0699399898506,1470.0699399898506,0.9998755663812069,0.0006066847362028808
1470.076884527102,1470.076884527102,0.9995446348956177,0.0006073140304393453
1470.0838290643183,1470.0838290643183,0.9992527182579337,0.0006076884938062777
1470.0907736015113,1470.0907736015113,1.0003017474178506,0.0006075414255767351
1470.097718138693,1470.097718138693,1.0000891961350944,0.0006082674035092106
1470.1046626758389,1470.1046626758389,1.0000962795556243,0.0006070410898408178
1470.1116072129505,1470.1116072129505,0.9998886297774602,0.0006069285386943677
1470.1185517500392,1470.1185517500392,1.0001188269506887,0.00060712565821062
1470.1254962871274,1470.1254962871274,1.0000000430991378,0.0006080599949404743
1470.1324408241694,1470.1324408241694,1.0001794539443454,0.0006069940900636447
1470.1393853611637,1470.1393853611637,1.000057351960525,0.0006081600902607652
1470.1463298981587,1470.1463298981587,0.9992197878677747,0.0006071548752503843
1470.153274435131,1470.153274435131,0.9997921365611706,0.0006075675384570692
1470.160218972068,1470.160218972068,1.0003944011204817,0.0006080396601194867
1470.1671635089701,1470.1671635089701,1.0002869974569963,0.0006086105558580972
1470.1741080458605,1470.1741080458605,0.9999565002066723,0.0006065142814040043
1470.1810525827386,1470.1810525827386,0.9997665432623426,0.0006078403050540019
1470.1879971195594,1470.1879971195594,1.0004438601279424,0.0006075522692556463
1470.1949416563682,1470.1949416563682,0.9999939016273544,0.0006067316160413039
1470.2018861931422,1470.2018861931422,1.0000693241584333,0.0006073786692816225
1470.2088307298934,1470.2088307298934,0.9997555008459378,0.0006066758770388662
1470.2157752666437,1470.2157752666437,1.0000836372212851,0.0006071437555858604
1470.2227198033477,1470.2227198033477,1.000184288092753,0.00060888435766823
1470.2296643400282,1470.2296643400282,0.9993694106240071,0.0006074128916949337
1470.2366088766858,1470.2366088766858,1.000521412444742,0.0006074053232506926
1470.2435534133087,1470.2435534133087,0.9998175574831297,0.0006074362659250411
1470.250497949908,1470.250497949908,0.9997953274058371,0.0006082197190966569
1470.2574424864838,1470.2574424864838,1.0000512992453567,0.000607741356692505
1470.2643870230363,1470.2643870230363,1.0002662078618398,0.0006070785564575626
1470.2713315595543,1470.2713315595543,1.0001089853564618,0.000606893301405629
1470.2782760960606,1470.2782760960606,1.0001188017368612,0.0006074549701087868
1470.2852206325201,1470.2852206325201,0.9994974631147979,0.0006073757960560469
1470.2921651689799,1470.2921651689799,1.0001645949491704,0.000607586934201594
1470.2991097053816,1470.2991097053816,1.0000526894144355,0.0006067214805140725
1470.3060542417709,1470.3060542417709,0.9997145211405842,0.0006068184634733608
1470.312998778149,1470.312998778149,0.999940146922286,0.000606566735138151
1470.3199433144807,1470.3199433144807,1.0006939848886565,0.0006072133769076243
1470.3268878508006,1470.3268878508006,1.0002485836902715,0.000608093442114841
1470.333832387086,1470.333832387086,0.9999747753285911,0.0006069407769910459
1470.3407769233474,1470.3407769233474,1.0001954635100458,0.0006074614267247394
1470.3477214595855,1470.3477214595855,0.9998608681567818,0.0006072129816912018
1470.3546659957774,1470.3546659957774,0.9999910989779105,0.0006073112718602753
1470.3616105319811,1470.3616105319811,0.9995290686361107,0.000607145995309659
1470.3685550681148,1470.3685550681148,0.9994802068479365,0.0006075528899132389
1470.37549960426,1470.37549960426,1.000549841199097,0.0006071676549358247
1470.3824441403704,1470.3824441403704,1.000715440375998,0.0006073340160982367
1470.3893886764458,1470.3893886764458,1.0005285909972457,0.0006077599543175615
1470.3963332124863,1470.3963332124863,1.0000285996128717,0.0006069872398068579
1470.4032777485152,1470.4032777485152,0.9997514229902336,0.0006071797182163367
1470.4102222845208,1470.4102222845208,0.9999437086301747,0.0006076251496081304
1470.4171668204915,1470.4171668204915,0.9996461810644242,0.0006076044737647018
1470.424111356439,1470.424111356439,0.9998684731376937,0.0006075946364339007
1470.4310558923514,1470.4310558923514,1.0001488968963528,0.0006071913632166941
1470.4380004282289,1470.4380004282289,0.9992197381509953,0.0006075788318027753
1470.4449449641063,1470.4449449641063,1.0005548413336718,0.0006071166060285917
1470.4518894999487,1470.4518894999487,0.9995248315321408,0.0006082635740010834
1470.4588340357684,1470.4588340357684,0.9998284514193786,0.000607699107131387
1470.4657785715528,1470.4657785715528,1.0001861499271265,0.0006079586712056617
1470.472723107314,1470.472723107314,1.0002946950709224,0.0006069810942322274
1470.4796676430396,1470.4796676430396,1.0001752940137436,0.0006076379310160612
1470.4866121787547,1470.4866121787547,1.000584454833969,0.0006077062574962082
1470.4935567144344,1470.4935567144344,0.9995557662238135,0.0006088756459484104
1470.5005012500906,1470.5005012500906,1.000135531160383,0.0006080911872029569
1470.507445785724,1470.507445785724,0.9998133451319067,0.0006067348812185735
1470.5143903213104,1470.5143903213104,0.9990313313198007,0.0006072262436144706
1470.5213348568966,1470.5213348568966,1.0000844627611154,0.0006071084387885323
1470.5282793924366,1470.5282793924366,0.999832499500329,0.0006072885535574315
1470.535223927965,1470.535223927965,1.0003370207449707,0.0006076815789350452
1470.5421684634584,1470.5421684634584,0.9993739460353346,0.0006074593437720754
1470.5491129989284,1470.5491129989284,1.000306872403502,0.0006071218875355412
1470.5560575343754,1470.5560575343754,1.0004841729723437,0.0006067670927806265
1470.563002069787,1470.563002069787,0.9997385795245839,0.0006075715686594439
1470.569946605164,1470.569946605164,1.0004574778623714,0.000607377184653544
1470.5768911405412,1470.5768911405412,1.0003149393854742,0.0006065447393291841
1470.5838356758716,1470.5838356758716,0.999647906069239,0.0006075422271065521
1470.5907802111901,1470.5907802111901,0.999354455089866,0.0006067970646624454
1470.5977247464625,1470.5977247464625,0.9998195180553108,0.000607586695233389
1470.6046692817113,1470.6046692817113,0.9999399215083026,0.0006073958862340616
1470.6116138169368,1470.6116138169368,0.9999696957348547,0.0006067483327100852
1470.6185583521394,1470.6185583521394,1.000379705276723,0.0006073077568420134
1470.6255028873063,1470.6255028873063,1.0002740458276478,0.0006077000497100676
1470.6324474224507,1470.6324474224507,1.0000618275934863,0.000606822909223492
1470.6393919575833,1470.6393919575833,1.0002403056807811,0.0006072189294379876
1470.6463364926692,1470.6463364926692,0.9999070248705169,0.0006079460793601177
1470.6532810277433,1470.6532810277433,1.0001564465670287,0.0006078318145480355
1470.6602255627708,1470.6602255627708,0.9998026030893922,0.0006076967695811459
1470.6671700978104,1470.6671700978104,0.9996000645469797,0.0006075745533252265
1470.674114632757,1470.674114632757,0.9996077960122716,0.0006066410911471335
1470.6810591677379,1470.6810591677379,0.9996348185747417,0.0006067203933879781
1470.6880037026726,1470.6880037026726,0.9997893284926367,0.0006071370768564055
1470.6949482375724,1470.6949482375724,1.0010391675649886,0.0006078567025673685
1470.7018927724366,1470.7018927724366,0.9999321285157567,0.0006080025826302311
1470.7088373072897,1470.7088373072897,1.0007467098412304,0.0006071543126186365
1470.7157818421197,1470.7157818421197,0.9993645101733287,0.0006066769944692488
1470.722726376903,1470.722726376903,1.0000036455186934,0.0006064620225059957
1470.729670911686,1470.729670911686,1.0005851599322557,0.0006077885329041036
1470.7366154463994,1470.7366154463994,0.9995510632124353,0.0006070365978818127
1470.743559981113,1470.743559981113,0.9997157049923638,0.0006071911903882773
1470.7505045158257,1470.7505045158257,1.0005717163201304,0.0006073575682605736
1470.7574490504928,1470.7574490504928,0.9996540226960299,0.0006069365246156325
1470.7643935851133,1470.7643935851133,0.9995334173330181,0.0006076267303882081
1470.771338119722,1470.771338119722,1.0004962582805013,0.0006077678095229221
1470.778282654319,1470.778282654319,0.9994218354396199,0.000607365924061587
1470.7852271888578,1470.7852271888578,0.9998520565052342,0.0006077742432755718
1470.7921717233846,1470.7921717233846,1.0002816347152528,0.0006082265859172683
1470.799116257877,1470.799116257877,1.0002096683776398,0.0006075204546304862
1470.8060607923576,1470.8060607923576,1.0001205180392025,0.0006070837426747952
1470.8130053267917,1470.8130053267917,1.000120326031436,0.0006077391721451337
1470.8199498612141,1470.8199498612141,1.0005351189200038,0.0006077559801909852
1470.8268943955898,1470.8268943955898,0.9997105287401918,0.0006066040315578316
1470.8338389299538,1470.8338389299538,0.9996825937369798,0.0006073818251781844
1470.8407834642826,1470.8407834642826,0.9999821864811309,0.0006066601168238852
1470.8477279986005,1470.8477279986005,0.9989098730448511,0.0006070796960297953
1470.854672532872,1470.854672532872,1.00034145902173,0.0006077356709467162
1470.861617067131,1470.861617067131,1.0004622932402496,0.0006073735621801862
1470.8685616013438,1470.8685616013438,1.0003063660723222,0.0006073183381375176
1470.8755061355453,1470.8755061355453,1.0003297323700222,0.0006071040033117866
1470.8824506697226,1470.8824506697226,1.0000341539891162,0.000607304793654279
1470.8893952038657,1470.8893952038657,0.9995232113923717,0.0006074265618437906
1470.8963397379737,1470.8963397379737,1.0001796875872058,0.0006078287504190213
1470.9032842720585,1470.9032842720585,1.0000451290332388,0.0006074668194583531
1470.91022880612,1470.91022880612,0.9996876009435731,0.0006077788543587815
1470.9171733401467,1470.9171733401467,1.0002264502088516,0.0006072918423865069
1470.9241178741618,1470.9241178741618,1.0002069222604923,0.0006077091305153927
1470.9310624081295,1470.9310624081295,0.9994056408626278,0.0006068545763994725
1470.9380069420633,1470.9380069420633,1.0001799859983591,0.0006073642018172144
1470.944951475997,1470.944951475997,0.99986793372038,0.0006072154819976292
1470.9518960098835,1470.9518960098835,0.9998300564324992,0.0006076234946327314
1470.9588405437703,1470.9588405437703,1.0009498697909058,0.0006081747127662889
1470.9657850775995,1470.9657850775995,0.9998574186696849,0.0006079989170612187
1470.9727296114042,1470.9727296114042,0.9992119122224941,0.000607631649139174
1470.979674145198,1470.979674145198,1.000080255516415,0.0006072460773301161
1470.9866186789452,1470.9866186789452,0.9995317217817827,0.0006065947268092469
1470.993563212669,1470.993563212669,1.00030593627629,0.0006070940856678643
1471.0005077463697,1471.0005077463697,1.000470399805463,0.0006067576025552415
1471.0074522800467,1471.0074522800467,1.0003552141380667,0.0006071049535254192
1471.0143968136895,1471.0143968136895,1.000293672325006,0.0006074970624238627
1471.0213413472966,1471.0213413472966,0.9998120198043126,0.0006078272510890568
1471.0282858809037,1471.0282858809037,0.9995469647207326,0.0006068372197339022
1471.0352304144535,1471.0352304144535,0.9999920585402778,0.0006069813921101587
1471.0421749480024,1471.0421749480024,0.999852663631183,0.0006069084541420072
1471.0491194814936,1471.0491194814936,0.9997755655881537,0.0006069573689196795
1471.0560640149615,1471.0560640149615,1.0002479248475962,0.0006074155921609542
1471.0630085484177,1471.0630085484177,1.000563504362804,0.0006074245649651484
1471.0699530818388,1471.0699530818388,0.9992778390350331,0.0006076208837587826
1471.0768976152362,1471.0768976152362,1.0000252318065137,0.0006073453434561193
1471.0838421485992,1471.0838421485992,0.9999686339618519,0.0006074472708005391
1471.0907866819393,1471.0907866819393,1.0006064975243671,0.000608005069397936
1471.0977312152324,1471.0977312152324,1.000363780083052,0.0006069684728826776
1471.1046757485487,1471.1046757485487,0.9998575553996567,0.0006071728711622936
1471.1116202817957,1471.1116202817957,0.9993174053403695,0.0006070220568095851
1471.1185648150065,1471.1185648150065,1.0002576243458956,0.000607616355362584
1471.1255093481955,1471.1255093481955,0.9999870712683274,0.0006082266440708853
1471.132453881372,1471.132453881372,0.9996003571252281,0.0006075147578436463
1471.1393984145136,1471.1393984145136,0.9997650697163534,0.0006067877112276998
1471.1463429476325,1471.1463429476325,1.0006482196955333,0.0006078662077193524
1471.153287480716,1471.153287480716,0.9999210986926534,0.0006078603754019137
1471.1602320137763,1471.1602320137763,0.9997598293353741,0.0006073968668075181
1471.1671765468013,1471.1671765468013,1.0005916746889365,0.000607228623193469
1471.1741210797918,1471.1741210797918,1.0001503091270485,0.0006070366395749374
1471.1810656127593,1471.1810656127593,0.9996933364332138,0.0006069604016081889
1471.1880101457261,1471.1880101457261,0.9996314308768264,0.0006074212571141095
1471.1949546786234,1471.1949546786234,1.0000314050015837,0.0006074839334583136
1471.2018992115213,1471.2018992115213,0.9999415997634937,0.0006073860266849538
1471.2088437443836,1471.2088437443836,1.0002243706488496,0.0006072019929558298
1471.2157882771992,1471.2157882771992,0.9997407474640095,0.0006078287673565878
1471.2227328100148,1471.2227328100148,1.0001688660378445,0.0006078003374523704
1471.2296773427959,1471.2296773427959,1.000090933059402,0.0006068499924058471
1471.2366218755303,1471.2366218755303,1.000077676607213,0.0006071682534137866
1471.2435664082411,1471.2435664082411,0.9999125051197858,0.0006069264165214465
1471.2505109409174,1471.2505109409174,0.999757340704803,0.0006075296302319457
1471.2574554735938,1471.2574554735938,0.9997618912850893,0.0006071227518197333
1471.2644000062346,1471.2644000062346,1.0005679650277544,0.0006077679569816961
1471.271344538841,1471.271344538841,0.9991962782195325,0.0006067569592914779
1471.2782890714125,1471.2782890714125,1.0009364952544832,0.0006074821409136957
1471.2852336039603,1471.2852336039603,1.000489428373094,0.0006073755213577261
1471.2921781364853,1471.2921781364853,0.9999662344289447,0.0006075247138630599
1471.2991226689753,1471.2991226689753,1.0005764695681998,0.0006072320365940241
1471.30606720143,1471.30606720143,0.9997218675380477,0.0006076031122298399
1471.3130117338617,1471.3130117338617,0.9996376379021215,0.0006074960195299949
1471.3199562662815,1471.3199562662815,0.9996575867042721,0.0006074110734757162
1471.326900798655,1471.326900798655,1.0004209441593872,0.0006076360988068425
1471.3338453309937,1471.3338453309937,0.9997182145985504,0.0006072176057999711
1471.340789863309,1471.340789863309,1.0002180362537956,0.0006077529908534119
1471.3477343956013,1471.3477343956013,1.000199440805962,0.0006072090455423419
1471.3546789278694,1471.3546789278694,0.9999642182031397,0.0006076675243401645
1471.3616234600918,1471.3616234600918,0.9999875814986936,0.0006075009692790292
1471.3685679923021,1471.3685679923021,0.9998694248062563,0.0006072962138686952
1471.3755125244659,1471.3755125244659,1.000421413903626,0.0006073571273096923
1471.3824570566183,1471.3824570566183,1.0004849896517984,0.0006069110362767514
1471.3894015887358,1471.3894015887358,1.000103745493295,0.0006071430876780935
1471.3963461208298,1471.3963461208298,1.000251191621696,0.0006068036787025281
1471.4032906528773,1471.4032906528773,0.9990278532579232,0.0006068841138903152
1471.4102351849133,1471.4102351849133,0.9999817900773458,0.0006083518204930611
1471.417179716914,1471.417179716914,1.000029458704461,0.0006074144613620174
1471.4241242488915,1471.4241242488915,1.0002988043361314,0.0006074526013523429
1471.4310687808343,1471.4310687808343,1.000401012920012,0.0006070775708286665
1471.4380133127538,1471.4380133127538,0.9995958137264086,0.000606488383336703
1471.4449578446383,1471.4449578446383,1.0007455794848898,0.0006077411180517186
1471.4519023764765,1471.4519023764765,1.0000816167510018,0.0006068652306441492
1471.4588469083378,1471.4588469083378,0.99972934271073,0.0006078891759485245
1471.4657914401287,1471.4657914401287,0.9993385587923402,0.0006072149690434166
1471.4727359718847,1471.4727359718847,0.9997368960502321,0.000606080138610966
1471.4796805036185,1471.4796805036185,0.9993567176720365,0.0006075077394985911
1471.4866250353398,1471.4866250353398,1.000342222037793,0.0006074979081193117
1471.493569567015,1471.493569567015,1.0003380907567858,0.0006080344851897927
1471.502458567525,1471.502458567525,1.000341596411324,0.0006073931614598938
1471.5171809745282,1471.5171809745282,0.9992209119411444,0.0006074648857299469
1471.5249588498561,1471.5249588498561,1.0007973749536183,0.0006069981385128256
1471.5335700689543,1471.5335700689543,1.000275687076328,0.0006068740757415632
1471.5407923816922,1471.5407923816922,0.9991872377346207,0.0006073919177663388
1471.5477369131575,1471.5477369131575,1.0003216174863683,0.0006073235807193421
1471.5546814445765,1471.5546814445765,1.000024540973325,0.0006075953805855169
1471.5616259759722,1471.5616259759722,1.0002636107770946,0.0006065576543117693
1471.5685705073445,1471.5685705073445,0.9999776134627627,0.0006076498467761994
1471.57551503867,1471.57551503867,1.0003110117292173,0.0006073701092209978
1471.5824595699837,1471.5824595699837,0.9999478635328914,0.0006077260793134379
1471.589404101263,1471.589404101263,1.0000395401624635,0.0006067947735550875
1471.5963486325074,1471.5963486325074,0.9995620719382524,0.0006078439933391596
1471.6046820699726,1471.6046820699726,1.0005089075258113,0.0006070532544872871
1471.6116266011586,1471.6116266011586,0.9989484910767755,0.0006072042253551699
1471.6185711323214,1471.6185711323214,1.0000774952176719,0.0006069027386562263
1471.6255156634375,1471.6255156634375,1.0001637531838647,0.0006072697529890703
1471.6324601945416,1471.6324601945416,1.0004504226477235,0.0006066782688898285
1471.6405158505718,1471.6405158505718,1.0001256274336767,0.0006064665736984584
1471.647738162844,1471.647738162844,0.9999629324036743,0.0006063756397693852
1471.6552382563295,1471.6552382563295,1.0001494231181094,0.000606811365292908
1471.6630161310059,1471.6630161310059,0.9999260355946105,0.0006078013600224614
1471.6699606619363,1471.6699606619363,0.9999682247591444,0.0006080832095119507
1471.676905192866,1471.676905192866,1.0001582306043386,0.0006073602714856483
1471.684127504963,1471.684127504963,0.9995508951473079,0.0006070409615734525
1471.6921831607488,1471.6921831607488,1.0001365079487048,0.0006068636384396034
1471.6991276915621,1471.6991276915621,1.0000007522460086,0.0006071064856890457
1471.7060722223407,1471.7060722223407,0.9998010295464802,0.0006073531501987491
1471.7130167530963,1471.7130167530963,1.000611303294807,0.0006073304644245324
1471.7199612838049,1471.7199612838049,0.9996650611445548,0.0006061036769591248
1471.7269058145134,1471.7269058145134,1.000127770610708,0.0006082912834338365
1471.7338503451522,1471.7338503451522,0.9998594412116806,0.0006073349723375184
1471.740794875791,1471.740794875791,0.9998453415052145,0.0006074150324828706
1471.7477394064067,1471.7477394064067,1.0000566451362614,0.0006075125584285865
1471.7546839369757,1471.7546839369757,1.0000397507937064,0.0006082087273514118
1471.7616284675212,1471.7616284675212,1.000415047742571,0.0006071187519515139
1471.7685729980444,1471.7685729980444,0.999245643945879,0.0006079418736408245
1471.7755175285197,1471.7755175285197,0.9997011990595629,0.0006078386254195886
1471.7824620589606,1471.7824620589606,1.001115351680271,0.0006081251594197609
1471.78940658939,1471.78940658939,0.9995480232265119,0.000607094702602354
1471.7977400258656,1471.7977400258656,1.0000577454348085,0.0006071425613113602
1471.8046845562135,1471.8046845562135,0.9995942392376908,0.000607250282797171
1471.8116290865498,1471.8116290865498,1.000566281787118,0.0006070616519243917
1471.8185736168393,1471.8185736168393,0.999966662361353,0.0006080240736006609
1471.8255181471056,1471.8255181471056,0.9994771409869017,0.0006070669138196593
1471.8324626773488,1471.8324626773488,0.9999414415026676,0.0006074427563250704
1471.8394072075566,1471.8394072075566,1.0003615218644515,0.0006080452995221075
1471.84635173773,1471.84635173773,1.0003424364661995,0.0006072503337890896
1471.8532962678682,1471.8532962678682,1.0002415054966038,0.0006077219210612306
1471.860240797995,1471.860240797995,0.9994322152620331,0.0006064310902374267
1471.8671853280634,1471.8671853280634,1.0000342316048618,0.0006073283015490523
1471.87412985812,1471.87412985812,1.0001005929809743,0.0006072935177490637
1471.881074388154,1471.881074388154,0.9997870934140254,0.0006071470576739636
1471.8880189181523,1471.8880189181523,0.9996332496833654,0.0006073371758814302
1471.8949634481155,1471.8949634481155,1.0002206397337132,0.000606632740514456
1471.9019079780444,1471.9019079780444,1.0000090928134342,0.0006076238042703204
1471.90885250795,1471.90885250795,1.0004335793033212,0.0006074717856183356
1471.9157970378205,1471.9157970378205,0.9999705440802117,0.0006068824745784609
1471.9227415676564,1471.9227415676564,1.0001565542142217,0.0006071953836494252
1471.9296860974687,1471.9296860974687,0.9995753030311046,0.0006070532114473272
1471.9366306272343,1471.9366306272343,1.0000213545966534,0.0006072104784520249
1471.9435751570002,1471.9435751570002,0.9997673296040649,0.0006067802870971911
1471.950519686719,1471.950519686719,1.0005419003492633,0.0006072586093749421
1471.9574642164032,1471.9574642164032,0.9997526727237173,0.0006074865758744785
1471.9644087460642,1471.9644087460642,1.0001860013339363,0.0006071617092000685
1471.971353275702,1471.971353275702,0.9997702188679247,0.0006071410036367024
1471.9782978052817,1471.9782978052817,1.0008230143757975,0.0006074360076099698
1471.985242334861,1471.985242334861,0.9994116633455702,0.000606425245805251
1471.9921868643828,1471.9921868643828,0.9998612333869638,0.000607317522800022
1471.9994091750827,1471.9994091750827,1.0000204997147644,0.0006067621270752718
1472.0074648292732,1472.0074648292732,0.999423723897286,0.0006070823054376401
1472.0144093586896,1472.0144093586896,0.9997527363342202,0.0006070282338495139
1472.0213538880946,1472.0213538880946,1.0001440227379839,0.000606377599764234
1472.0282984174762,1472.0282984174762,1.0003683090554343,0.0006071649983706523
1472.0352429468116,1472.0352429468116,1.0003834663921913,0.0006073586594360451
1472.0421874761346,1472.0421874761346,0.9999649937460215,0.0006071263834991446
1472.0491320054116,1472.0491320054116,1.0008049367002902,0.000607088975609194
1472.056076534665,1472.056076534665,0.9999832212099676,0.0006070610217418855
1472.0630210638953,1472.0630210638953,1.0002012243547036,0.000607584458494993
1472.0699655930905,1472.0699655930905,0.9989703002710743,0.0006081073234163001
1472.0769101222158,1472.0769101222158,0.9998953886631533,0.0006076009306863491
1472.0838546513646,1472.0838546513646,0.9992967192712781,0.0006067655209295976
1472.0907991804438,1472.0907991804438,1.0005860854704545,0.0006077358804226211
1472.0977437095225,1472.0977437095225,0.9998481681776786,0.0006075029866365905
1472.1046882385551,1472.1046882385551,1.0000431967044874,0.000606852324709196
1472.1116327675525,1472.1116327675525,1.000432324277926,0.0006073471082281119
1472.1185772965268,1472.1185772965268,0.9992776988391462,0.0006068906499481315
1472.125521825454,1472.125521825454,1.0006339357998466,0.0006068572092826334
1472.1332996978138,1472.1332996978138,0.999998438943203,0.0006077125692616133
1472.1419109136407,1472.1419109136407,0.9997983988448869,0.0006061613236636181
1472.149133223619,1472.149133223619,1.0005256455094278,0.0006066699484948609
1472.1560777524187,1472.1560777524187,0.9996124608915322,0.0006069439629813099
1472.1630222811946,1472.1630222811946,1.0001129233056438,0.0006074628582689557
1472.1699668099366,1472.1699668099366,0.9998239133774625,0.0006069642135686772
1472.1769113386429,1472.1769113386429,1.000298781834312,0.0006074844529205294
1472.183855867314,1472.183855867314,1.0011286607040488,0.0006073945603240087
1472.1908003959388,1472.1908003959388,0.9997631009861128,0.0006072895576249559
1472.1977449245403,1472.1977449245403,0.9998121534088164,0.0006069093050147494
1472.2046894531418,1472.2046894531418,1.0000496599206348,0.0006075378398748349
1472.211633981697,1472.211633981697,1.0000382173227504,0.0006068369691750646
1472.2185785102058,1472.2185785102058,0.9995269967278627,0.0006071776054926423
1472.225523038703,1472.225523038703,0.9999076724698484,0.0006069052043064237
1472.232467567153,1472.232467567153,1.0002684897526888,0.0006072435368814777
1472.2394120955796,1472.2394120955796,1.000037678748444,0.0006077457675049281
1472.2463566239717,1472.2463566239717,0.999915193502693,0.0006073602940941407
1472.2533011523287,1472.2533011523287,1.0001070593277057,0.0006072204819948714
1472.2602456806744,1472.2602456806744,1.0001575558529319,0.0006071096130252678
1472.26719020895,1472.26719020895,0.9995958889792231,0.000606888109512305
1472.2741347372134,1472.2741347372134,1.0006916620539898,0.0006076314958904635
1472.281079265455,1472.281079265455,0.9997157816523276,0.0006070520057109375
1472.2880237936374,1472.2880237936374,0.999352976141145,0.0006065752702704919
1472.2949683218083,1472.2949683218083,0.9998034507808125,0.0006071112631831576
1472.3019128499557,1472.3019128499557,1.0002357330803116,0.0006074384240833676
1472.3088573780565,1472.3088573780565,1.00010445304352,0.0006075505906509236
1472.3158019061111,1472.3158019061111,1.0003817053494455,0.0006078369195914813
1472.322746434189,1472.322746434189,0.9992566019731225,0.0006066927534022596
1472.3296909621617,1472.3296909621617,1.0004367380360777,0.0006072339019990325
1472.3366354901468,1472.3366354901468,0.9997898239554711,0.0006069755233282466
1472.3435800180964,1472.3435800180964,0.9998271768930348,0.0006077304458469967
1472.3505245459994,1472.3505245459994,1.0003936561973084,0.0006080140449574384
1472.3574690738792,1472.3574690738792,0.9997534786624183,0.0006075118026105305
1472.3644136017235,1472.3644136017235,0.9999612579106818,0.0006066499232654388
1472.3713581295456,1472.3713581295456,0.9996248838424991,0.0006069036333685912
1472.3783026573208,1472.3783026573208,1.0005562914942232,0.0006067013180705728
1472.3852471850837,1472.3852471850837,0.9999271957455507,0.0006075057153788578
1472.3921917127893,1472.3921917127893,0.9994483764245518,0.0006069819252603651
1472.3991362404713,1472.3991362404713,1.0006933656696748,0.0006075729310687894
1472.4060807681299,1472.4060807681299,0.9995582619618556,0.0006078525436848915
1472.413025295742,1472.413025295742,1.0001604580250496,0.0006071197918709431
1472.419969823331,1472.419969823331,1.0002959244478395,0.0006071519445958027
1472.426914350896,1472.426914350896,0.9994363706449525,0.0006069003919623847
1472.4338588784035,1472.4338588784035,0.9999371705584889,0.0006076989020627308
1472.440803405899,1472.440803405899,1.0002728610149858,0.0006074666971838562
1472.44774793336,1472.44774793336,0.9998516854776419,0.0006078741661506949
1472.4546924607857,1472.4546924607857,0.9998612305308381,0.0006068744415164498
1472.4616369881649,1472.4616369881649,0.9996769116247183,0.000606811153022215
1472.4685815155326,1472.4685815155326,1.0000346897190509,0.0006063043644654468
1472.4755260428537,1472.4755260428537,1.0003595282589592,0.0006073384463379838
1472.4824705701517,1472.4824705701517,0.999909682833467,0.0006070801193607119
1472.4894150974028,1472.4894150974028,0.9998540877093479,0.0006077188631279768
1472.496359624642,1472.496359624642,1.0002894492037253,0.0006070342324953828
1472.5033041518232,1472.5033041518232,1.000871249045669,0.000606825231353098
1472.5102486790163,1472.5102486790163,1.0003409641800804,0.0006070359897517616
1472.5171932061162,1472.5171932061162,0.9994411797369516,0.0006073226291530606
1472.524137733216,1472.524137733216,0.9994567431649124,0.0006068046785814511
1472.531082260281,1472.531082260281,0.9988842030132374,0.0006074404100302009
1472.538026787311,1472.538026787311,1.000730515048315,0.0006071628988819906
1472.5449713143064,1472.5449713143064,1.0000847579700616,0.0006067702952580027
1472.5519158412776,1472.5519158412776,1.0001148826546769,0.0006069796657280956
1472.558860368203,1472.558860368203,1.0008550176485038,0.0006072038053256441
1472.5658048950816,1472.5658048950816,1.0003038552839594,0.0006072235797178876
1472.5727494219718,1472.5727494219718,0.9996047776295043,0.0006069043383068804
1472.5796939487923,1472.5796939487923,0.9994383241715308,0.0006072272441791291
1472.5866384756014,1472.5866384756014,0.999903358521548,0.0006067183561075248
1472.5935830023636,1472.5935830023636,0.9996425399944459,0.0006071609232674611
1472.6005275290795,1472.6005275290795,0.9995393908177623,0.0006071461989902889
1472.6074720557833,1472.6074720557833,0.9999105048064794,0.0006067991221313486
1472.6144165824523,1472.6144165824523,1.0005646398390953,0.0006068930584257222
1472.6213611090866,1472.6213611090866,1.001598707441456,0.0006076555553403226
1472.628305635674,1472.628305635674,1.0001219198728941,0.0006067846505510661
1472.6352501622387,1472.6352501622387,0.9990571655803423,0.0006072176295928637
1472.6421946887795,1472.6421946887795,0.999408772564192,0.0006068629087928205
1472.649139215274,1472.649139215274,0.9998195900365137,0.000607548029672004
1472.6560837417337,1472.6560837417337,1.0006262337937357,0.0006072806654000325
1472.6630282681585,1472.6630282681585,0.9994228318486845,0.0006067252607694434
1472.6699727945602,1472.6699727945602,1.000238459719128,0.0006072461880977924
1472.6769173209148,1472.6769173209148,0.9998756978227565,0.0006068248119657291
1472.683861847257,1472.683861847257,0.999663611551114,0.0006065064092609102
1472.6908063735307,1472.6908063735307,1.000316613419996,0.0006069384061616824
1472.6977508998039,1472.6977508998039,0.9997787980520906,0.0006064652632049894
1472.7046954260309,1472.7046954260309,1.0001651074411275,0.0006065425601916927
1472.7116399522342,1472.7116399522342,1.0003493497317393,0.0006070506964014875
1472.7185844783799,1472.7185844783799,1.0004015776563455,0.0006071412008549738
1472.7255290045014,1472.7255290045014,0.9996208964238809,0.0006066689751293337
1472.732473530612,1472.732473530612,0.9998942719157435,0.0006067642379938797
1472.739418056664,1472.739418056664,1.0001801944079045,0.0006065114031627817
1472.7463625826695,1472.7463625826695,1.0000528767629988,0.0006076328982442388
1472.7533071086516,1472.7533071086516,1.0002029641875398,0.000607447553171927
1472.7602516346337,1472.7602516346337,0.9999007428899273,0.0006074054380340361
1472.7671961605463,1472.7671961605463,1.0001772136264186,0.000608269300305887
1472.7741406864357,1472.7741406864357,1.0003222488631263,0.0006069441339662832
1472.7810852122784,1472.7810852122784,0.9991548989049616,0.0006072972519979322
1472.7880297380975,1472.7880297380975,0.9991845314715029,0.0006068930735440556
1472.7949742638823,1472.7949742638823,0.9999978145768672,0.0006076448311999014
1472.801918789643,1472.801918789643,1.00059148930883,0.0006070809706938384
1472.808863315346,1472.808863315346,0.9999858963916358,0.0006072535434532086
1472.8158078410365,1472.8158078410365,1.000669298475016,0.0006068845050339597
1472.8227523666815,1472.8227523666815,1.0002746647846197,0.0006072588549169667
1472.8296968922798,1472.8296968922798,0.9995359202208828,0.0006076715446048856
1472.836641417866,1472.836641417866,0.9996211769422814,0.0006069201812136678
1472.843585943406,1472.843585943406,1.000246597344961,0.0006080838900622368
1472.8505304689108,1472.8505304689108,1.0002143730298219,0.0006069301727947617
1472.857474994393,1472.857474994393,0.999700323781379,0.0006083155981839383
1472.864419519828,1472.864419519828,0.9996408892673857,0.0006068542975846866
1472.8713640452283,1472.8713640452283,1.000058674069472,0.0006072393629802617
1472.878308570605,1472.878308570605,0.9997663868402723,0.0006077958389053888
1472.8852530959352,1472.8852530959352,1.0006325425174942,0.0006068403972832508
1472.8921976212307,1472.8921976212307,1.000250068942074,0.0006063492815791858
1472.8991421464912,1472.8991421464912,1.0002496790354296,0.0006076555869789716
1472.9060866717286,1472.9060866717286,0.9997309514616088,0.0006063032308083299
1472.913031196919,1472.913031196919,0.9994815084115857,0.0006070509319312295
1472.9199757220863,1472.9199757220863,1.0001482903653496,0.000607079188140775
1472.9269202472074,1472.9269202472074,0.9994851679332507,0.000606475225003153
1472.9338647722932,1472.9338647722932,1.0003920421314905,0.0006065893598502118
1472.940809297344,1472.940809297344,1.0001876223122224,0.000607108524015434
1472.94775382236,1472.94775382236,1.0003795545645766,0.0006079071192173575
1472.954698347341,1472.954698347341,0.9996051792779419,0.0006070126455885304
1472.9616428722984,1472.9616428722984,0.9997012390093764,0.0006070852311783016
1472.96858739721,1472.96858739721,1.0004921639159314,0.0006079498838972173
1472.9755319220862,1472.9755319220862,0.9999860913272425,0.0006085190637818895
1472.9824764469163,1472.9824764469163,1.0001451363868548,0.0006065921352822355
1472.9894209717345,1472.9894209717345,0.9998476975132433,0.0006073642480875028
1472.996365496506,1472.996365496506,0.9993398960018822,0.000607099417517448
1473.0033100212308,1473.0033100212308,0.9999897113505094,0.0006068902870430074
1473.0102545459445,1473.0102545459445,1.000598165892997,0.0006077110532701818
1473.0171990706112,1473.0171990706112,1.0000929494409008,0.0006076856851131534
1473.0241435952307,1473.0241435952307,0.9997533603754704,0.0006074880974195605
1473.031088119828,1473.031088119828,0.9996840084007083,0.0006073005545946138
1473.0380326444015,1473.0380326444015,1.0005058012735961,0.0006071583504564634
1473.0449771689168,1473.0449771689168,1.0001019214276627,0.0006070543438541468
1473.0519216933976,1473.0519216933976,1.000027822245413,0.0006072676785030928
1473.058866217855,1473.058866217855,1.0005346776230775,0.000606927266109803
1473.0658107422653,1473.0658107422653,0.9997628246707333,0.0006075565466516222
1473.0727552666413,1473.0727552666413,1.0001880697032337,0.0006068057017750268
1473.0796997909824,1473.0796997909824,0.9997116833021596,0.0006071178898448288
1473.0866443152877,1473.0866443152877,1.0004759919065005,0.0006068405796101327
1473.093588839582,1473.093588839582,0.9998585368246756,0.0006068754927219796
1473.1005333638063,1473.1005333638063,0.9994809485224996,0.0006070102861494718
1473.107477887996,1473.107477887996,1.0002129611915667,0.0006075603881151994
1473.1144224121504,1473.1144224121504,0.9999551215070295,0.0006065460801518042
1473.121366936282,1473.121366936282,1.0000322976730174,0.0006075009337512359
1473.1283114603666,1473.1283114603666,0.9996271843127215,0.0006070777515197153
1473.1352559844397,1473.1352559844397,1.0006322650229322,0.0006077068750424665
1473.1422005084428,1473.1422005084428,1.000713419612437,0.0006070402310253641
1473.149145032423,1473.149145032423,1.0002295306829967,0.000607544825543485
1473.1560895563678,1473.1560895563678,0.9992288210489418,0.0006070392615529672
1473.163034080278,1473.163034080278,0.9995677107607159,0.0006073582255280587
1473.1699786041413,1473.1699786041413,0.9995450393334812,0.0006077015966973933
1473.1769231279814,1473.1769231279814,1.0000857202614375,0.0006065935818654725
1473.1838676517866,1473.1838676517866,1.0000495140210275,0.0006073916244137165
1473.1908121755455,1473.1908121755455,1.000601603614364,0.0006066210283225771
1473.1977566992693,1473.1977566992693,0.9994668646050782,0.0006065253162183392
1473.2047012229348,1473.2047012229348,1.0003676544409568,0.0006069377164459645
1473.2116457465893,1473.2116457465893,1.0006577525579703,0.0006070367730092836
1473.21859027022,1473.21859027022,1.0001960462976942,0.0006074452446593076
1473.2255347938037,1473.2255347938037,1.0000325081862722,0.0006073020079045488
1473.2324793173298,1473.2324793173298,0.9999084517556694,0.0006067133828915904
1473.2394238408438,1473.2394238408438,0.9992228432975949,0.0006070813487717506
1473.2463683643114,1473.2463683643114,0.9997195372577569,0.000606798486610845
1473.2533128877444,1473.2533128877444,1.0007282718158652,0.0006075046140616433
1473.2602574111188,1473.2602574111188,0.9987289653408672,0.0006065619501300694
1473.2672019344816,1473.2672019344816,1.0002540760578706,0.0006069585520122887
1473.2741464578098,1473.2741464578098,1.0005123706146235,0.0006072604597682893
1473.2810909810917,1473.2810909810917,1.0000447870534719,0.000606920433356918
1473.2880355043258,1473.2880355043258,1.0001444222662386,0.0006071498897691313
1473.2949800275378,1473.2949800275378,1.000157079473215,0.0006077970183776695
1473.3019245507028,1473.3019245507028,1.0004333754374153,0.0006068805752548605
1473.3088690738446,1473.3088690738446,0.9997303980822225,0.0006076748910595742
1473.3158135969163,1473.3158135969163,0.999665097977573,0.0006068628840948454
1473.3227581199878,1473.3227581199878,1.0001533525593682,0.0006077945413171189
1473.3297026430134,1473.3297026430134,0.9998444102466882,0.0006066963912077165
1473.336647165992,1473.336647165992,0.9993219747866803,0.0006066527827260886
1473.3435916889243,1473.3435916889243,1.000349477524476,0.0006071760755400326
1473.3505362118333,1473.3505362118333,1.0003050210910243,0.0006069421161711362
1473.3574807346959,1473.3574807346959,0.9997692512227042,0.0006076723110255526
1473.3644252575464,1473.3644252575464,1.0003805268515993,0.0006063331965297685
1473.3713697803273,1473.3713697803273,0.9996253506410688,0.0006079870340855644
1473.3783143030848,1473.3783143030848,1.0000412767589728,0.0006067056330456395
1473.3852588257964,1473.3852588257964,0.999841058698081,0.0006071300601155256
1473.3922033484716,1473.3922033484716,0.9998405261460064,0.00060687435669551
1473.3991478711127,1473.3991478711127,1.000437111297503,0.0006076752359190414
1473.406092393731,1473.406092393731,1.0002167912756046,0.0006069127466884742
1473.4130369162788,1473.4130369162788,1.0003183281649068,0.000607560177601801
1473.4199814388035,1473.4199814388035,0.9993813899597906,0.0006071021023736994
1473.4269259612934,1473.4269259612934,0.9997927829916783,0.0006067972319280862
1473.4338704837483,1473.4338704837483,0.9999905144414367,0.0006079533675493964
1473.4408150061568,1473.4408150061568,0.9997330369637598,0.0006080155385180749
1473.4477595285184,1473.4477595285184,1.0005099880323898,0.0006065706764893908
1473.454704050857,1473.454704050857,1.0004023766311754,0.0006070787246495021
1473.4616485731494,1473.4616485731494,1.0004636319393907,0.0006073634779488127
1473.4685930954172,1473.4685930954172,0.9999309389041008,0.000607281904046863
1473.4755376176163,1473.4755376176163,0.9998059231154809,0.0006069660936335551
1473.4824821398147,1473.4824821398147,0.9996861714512985,0.0006080514821862746
1473.4894266619435,1473.4894266619435,0.9997925754922564,0.0006072036513099518
1473.4963711840496,1473.4963711840496,0.9995882224856392,0.0006076257609598022
1473.5033157061087,1473.5033157061087,1.0002854478875054,0.0006081040088697098
1473.5102602281324,1473.5102602281324,1.0006507501761481,0.0006069699569801899
1473.517204750122,1473.517204750122,0.9999434083011934,0.0006076552142219381
1473.5241492720763,1473.5241492720763,1.000249571104303,0.0006077021994182068
1473.5310937939842,1473.5310937939842,0.9998779060668929,0.0006073003491403817
1473.5391494393273,1473.5391494393273,1.0002740207444645,0.0006076867205875343
1473.5463717420296,1473.5463717420296,1.0000425945156146,0.0006084706412499178
1473.5533162638092,1473.5533162638092,0.9996872497792537,0.0006081194272296054
1473.5602607855537,1473.5602607855537,0.9996612734729258,0.0006075834629711975
1473.5672053072522,1473.5672053072522,1.0003135857768337,0.0006073509946594728
1473.5741498289274,1473.5741498289274,1.0001428568338304,0.0006078773833436871
1473.5810943505555,1473.5810943505555,0.9999315514846311,0.000606332177177137
1473.5880388721257,1473.5880388721257,1.0005342999245788,0.000608133873548464
1473.5949833936725,1473.5949833936725,0.9997104549148654,0.0006078211352815751
1473.6019279151728,1473.6019279151728,1.0002807868252686,0.0006073700326921072
1473.6088724366384,1473.6088724366384,0.9998408943650572,0.000607590495992078
1473.615816958069,1473.615816958069,0.9998985498727222,0.000607149607552306
1473.6227614794411,1473.6227614794411,0.9990964058527009,0.0006071419073840426
1473.6297060007778,1473.6297060007778,1.0003207741101083,0.0006071616005465595
1473.6366505220917,1473.6366505220917,1.0003704351966696,0.000607982462077591
1473.643595043371,1473.643595043371,1.0000719140053325,0.0006062889146427792
1473.650539564592,1473.650539564592,0.9999116670945508,0.000607211298093229
1473.657484085778,1473.657484085778,1.0001943738297103,0.0006076047847929634
1473.6644286069175,1473.6644286069175,1.0005579780820721,0.0006069833066015629
1473.671373128022,1473.671373128022,0.9997280031188657,0.0006070026957580436
1473.6783176491147,1473.6783176491147,0.9994337284204724,0.0006075133525135716
1473.6852621701148,1473.6852621701148,1.0004519686161264,0.0006070449247450555
1473.6922066911025,1473.6922066911025,0.9991829955087305,0.0006063306257062596
1473.699151212044,1473.699151212044,1.0004127604282405,0.0006080298584561891
1473.7060957329509,1473.7060957329509,1.0003514984313557,0.0006078964419765071
1473.713040253799,1473.713040253799,1.0001700455996418,0.0006067658484630275
1473.7199847746238,1473.7199847746238,1.000056432175751,0.0006075741579015616
1473.7269292954256,1473.7269292954256,0.9995675202281765,0.0006070754038836126
1473.7338738161575,1473.7338738161575,0.9999663125200282,0.0006073094620310551
1473.740818336843,1473.740818336843,1.0005750129143791,0.0006079022941490952
1473.747762857505,1473.747762857505,0.9991343407148048,0.0006064305169403302
1473.7547073781204,1473.7547073781204,1.0000926189504877,0.0006076688583420136
1473.7616518987013,1473.7616518987013,0.9997069835625554,0.0006068002775165907
1473.7685964192356,1473.7685964192356,0.9995745520796936,0.0006069985122166069
1473.7755409397464,1473.7755409397464,1.0009980672732708,0.0006071589759041514
1473.782485460199,1473.782485460199,1.00010645890425,0.0006067698408694288
1473.7894299805932,1473.7894299805932,1.000107897041002,0.0006076810469242155
1473.7963745009642,1473.7963745009642,1.0002900921371471,0.000606953873326153
1473.8033190212884,1473.8033190212884,0.9999433778282173,0.000606808231502681
1473.8102635415894,1473.8102635415894,0.9999991524734133,0.000607308581147235
1473.817208061821,1473.817208061821,0.9992067023212469,0.0006064762636558937
1473.8241525820524,1473.8241525820524,0.9990935174960465,0.0006066395149175415
1473.831097102214,1473.831097102214,1.000690820546967,0.0006073429262877766
1473.8380416223172,1473.8380416223172,0.9999372826939881,0.0006071261288796081
1473.8449861423971,1473.8449861423971,1.0003341473171228,0.0006069746142729527
1473.851930662431,1473.851930662431,1.0000902021693598,0.0006067941629192406
1473.8588751824293,1473.8588751824293,1.0001841359002814,0.0006065977176291338
1473.865819702381,1473.865819702381,1.0004274708021312,0.0006070410058167392
1473.8727642223103,1473.8727642223103,0.999450165576144,0.0006072214731291557
1473.8797087421804,1473.8797087421804,1.0000663709626143,0.0006066255250196383
1473.8866532619927,1473.8866532619927,1.000666815903623,0.0006074435653044239
1473.8935977817814,1473.8935977817814,1.0003351541945864,0.0006075694747409454
1473.9005423015121,1473.9005423015121,0.9998088009996493,0.0006072478007805183
1473.90748682122,1473.90748682122,0.9991558009777293,0.0006066919171844081
1473.9144313408806,1473.9144313408806,0.999188744952208,0.0006071016875692577
1473.9213758604715,1473.9213758604715,1.0002710217472266,0.0006073500072077126
1473.9283203800514,1473.9283203800514,1.0005753146695857,0.000607681634492424
1473.935264899596,1473.935264899596,0.9998522896247856,0.0006073563626066267
1473.942209419082,1473.942209419082,0.999793566276512,0.0006073175591822025
1473.9491539385338,1473.9491539385338,1.0001100598167612,0.0006070164582712775
1473.9560984579264,1473.9560984579264,0.9997096219739401,0.0006067952968214877
1473.963042977285,1473.963042977285,0.9998278718210478,0.0006069029035632648
1473.9699874965966,1473.9699874965966,1.0000721084620303,0.0006072768287714878
1473.9769320158844,1473.9769320158844,1.0012489091028791,0.0006074004624272023
1473.9838765351035,1473.9838765351035,1.000407030899622,0.0006068396171735757
1473.9908210542985,1473.9908210542985,0.9995881109433812,0.0006075754436699528
1473.9977655734356,1473.9977655734356,0.9991349301526649,0.0006073125904316549
1474.0047100925378,1474.0047100925378,1.0002336308150148,0.0006072440705916996
1474.011654611582,1474.011654611582,1.0001292392149774,0.0006080047970605205
1474.0185991306262,1474.0185991306262,0.9995457645386132,0.0006069981668712294
1474.025543649565,1474.025543649565,1.0005678937780798,0.0006064719570922992
1474.0324881684924,1474.0324881684924,0.9998174383617984,0.0006070734368204588
1474.0394326873736,1474.0394326873736,1.0001336459366272,0.0006075209945617263
1474.0463772062199,1474.0463772062199,1.0001299283274796,0.0006078881731931327
1474.0533217250072,1474.0533217250072,0.9999120571939212,0.0006075745463372536
1474.0602662437366,1474.0602662437366,0.9997253732798764,0.0006068187055715014
1474.0672107624425,1474.0672107624425,1.000833131326776,0.0006066499467529254
1474.0741552811262,1474.0741552811262,0.9995414639733227,0.0006064311421583187
1474.0810997997391,1474.0810997997391,1.0001150494895055,0.0006069389094957305
1474.0880443183173,1474.0880443183173,0.9999282002965941,0.0006068586817460203
1474.0949888368377,1474.0949888368377,0.9999439516398889,0.0006070705703391817
1474.1019333553345,1474.1019333553345,1.0011121581895357,0.0006070502854094481
1474.1088778737496,1474.1088778737496,0.9997605846385117,0.0006068252567140106
1474.1158223921648,1474.1158223921648,0.9996874954287696,0.0006066319624248678
1474.1227669105106,1474.1227669105106,0.9999115062146366,0.0006076164750472874
1474.1297114288325,1474.1297114288325,1.0004043387247064,0.0006070933138866909
1474.1366559470848,1474.1366559470848,1.000088370408263,0.0006067785258682989
1474.1436004652908,1474.1436004652908,0.9997139044052312,0.000607897082906
1474.150544983485,1474.150544983485,0.9999603442051832,0.0006068150915035167
1474.1574895016088,1474.1574895016088,0.9998925504034382,0.0006071344744052562
1474.1644340196863,1474.1644340196863,1.0001747773804015,0.0006083005552969663
1474.1713785377178,1474.1713785377178,0.9991487126986167,0.0006078491062233056
1474.178323055702,1474.178323055702,1.0007969895310032,0.0006073174301080976
1474.1852675736634,1474.1852675736634,0.9997421617394899,0.0006070842362532828
1474.192212091555,1474.192212091555,0.9997097719520187,0.0006074347503133381
1474.199156609423,1474.199156609423,1.0006170488825814,0.0006074624186470463
1474.2061011272096,1474.2061011272096,0.9999273219707551,0.0006079607175591244
1474.213045644973,1474.213045644973,1.0002596633957628,0.0006070811172051775
1474.2199901627016,1474.2199901627016,0.9996381744686389,0.0006067003321179278
1474.2269346803719,1474.2269346803719,0.9997104145218098,0.000606633147408516
1474.2338791979957,1474.2338791979957,1.000310796185825,0.0006067674432802248
1474.2408237155494,1474.2408237155494,0.9994989324681279,0.0006069380004840266
1474.2477682330914,1474.2477682330914,1.000030164125472,0.0006073130999924874
1474.2547127505982,1474.2547127505982,1.0008640741046768,0.0006076688501441276
1474.2616572680358,1474.2616572680358,0.9999926686964112,0.0006068114814088792
1474.2686017854269,1474.2686017854269,0.9997372816410379,0.0006068059025179614
1474.2755463027709,1474.2755463027709,0.9998472457888827,0.0006065805256347871
1474.2824908200805,1474.2824908200805,0.9996614246599334,0.0006070452038194488
1474.289435337343,1474.289435337343,1.000358889386232,0.0006073592311994846
1474.2963798545363,1474.2963798545363,1.000045377265353,0.0006073482245838491
1474.303324371706,1474.303324371706,1.0002100542552337,0.0006076307028795477
1474.310268888817,1474.310268888817,0.9998601892938478,0.0006074395735192336
1474.3172134058823,1474.3172134058823,1.000559173938362,0.0006073339087864593
1474.3241579229118,1474.3241579229118,0.9995764814170787,0.0006069825106509388
1474.3311024398722,1474.3311024398722,0.9998426002381834,0.0006069591599519801
1474.338046956809,1474.338046956809,1.0003872104291247,0.000606759160445442
1474.3449914736873,1474.3449914736873,1.0002973574119454,0.0006070616549139849
1474.3519359905076,1474.3519359905076,0.9996314525215435,0.0006070126111098001
1474.3588805073045,1474.3588805073045,0.9997440767000094,0.0006071017267495491
1474.365825024032,1474.365825024032,1.0000685674482905,0.0006078091069981849
1474.372769540701,1474.372769540701,1.0000039553514934,0.0006074101188955507
1474.3797140573704,1474.3797140573704,0.9999307247904461,0.0006080295783272478
1474.386658573958,1474.386658573958,1.0000795680596701,0.0006072368106177362
1474.3936030904993,1474.3936030904993,0.9995832956602724,0.0006070980910739185
1474.4005476070047,1474.4005476070047,0.9992203375069231,0.0006068244437097486
1474.4074921234528,1474.4074921234528,1.0006742625873328,0.0006076046166742174
1474.4144366398427,1474.4144366398427,1.0000585187092224,0.0006070207143317166
1474.4213811562088,1474.4213811562088,0.9995727387688655,0.000607247777225236
1474.4283256725055,1474.4283256725055,0.9999361836568758,0.0006070938418945192
1474.4352701887558,1474.4352701887558,1.0007688361496088,0.0006071906204977585
1474.4422147049706,1474.4422147049706,1.000984864080846,0.0006071348385554525
1474.4491592211275,1474.4491592211275,0.9999981196466422,0.0006065100512662651
1474.4561037372373,1474.4561037372373,0.9998369877727677,0.0006067598732895125
1474.463048253301,1474.463048253301,0.9987590390215079,0.0006072496487998069
1474.4699927693066,1474.4699927693066,0.9997218126754996,0.000607435741891368
1474.476937285277,1474.476937285277,0.9998188028737397,0.0006068260424623841
1474.4838818011779,1474.4838818011779,1.0003813511836925,0.0006074250884689734
1474.490826317032,1474.490826317032,1.0003619891449425,0.0006069813273374094
1474.497770832863,1474.497770832863,1.000303505477635,0.0006075826033002109
1474.5047153486241,1474.5047153486241,0.9999979214877872,0.0006070052973006837
1474.5116598643385,1474.5116598643385,1.0004761223769596,0.0006070788577432188
1474.5186043799947,1474.5186043799947,0.9999416121001403,0.0006070427945996472
1474.5255488956277,1474.5255488956277,0.9995617932655373,0.0006076500844310597
1474.5324934111675,1474.5324934111675,0.9995381697792078,0.0006070796051009719
1474.5394379266727,1474.5394379266727,0.9995098184619895,0.0006067302476832297
1474.5463824421659,1474.5463824421659,1.0000513437840384,0.0006074197744925867
1474.5533269575776,1474.5533269575776,1.0005172386369015,0.0006076803141110228
1474.5602714729423,1474.5602714729423,0.9999780160690397,0.0006081631853557896
1474.5672159882608,1474.5672159882608,1.0008329680833288,0.0006072978434962113
1474.5741605034982,1474.5741605034982,0.9999185392463621,0.0006071253549626294
1474.5811050187122,1474.5811050187122,0.9992182599251109,0.0006080299662314171
1474.588049533891,1474.588049533891,0.9998958726586341,0.0006075270148650888
1474.5949940490002,1474.5949940490002,1.0008651247288765,0.0006067188686389006
1474.6019385640625,1474.6019385640625,1.0006454590513651,0.0006067591282184335
1474.6088830790789,1474.6088830790789,1.000274462882032,0.0006077830373561039
1474.6158275940247,1474.6158275940247,0.9995538193419833,0.000607056924997393
1474.6227721089358,1474.6227721089358,0.9997984785439197,0.0006068506789446848
1474.6374944803513,1474.6374944803513,1.0001640348187997,0.0006074650684874946
1474.6463834592316,1474.6463834592316,0.9999347575119202,0.0006070150401253497
1474.6533279739099,1474.6533279739099,1.0010226965337323,0.0006072920110990764
1474.6602724885415,1474.6602724885415,0.9998122348642445,0.0006075269002038735
1474.6672170031034,1474.6672170031034,0.9993925245965262,0.0006072797078304142
1474.6741615176418,1474.6741615176418,0.9999146412345571,0.0006068279394707464
1474.6811060321106,1474.6811060321106,0.9997289608847477,0.0006068981012042596
1474.689439449401,1474.689439449401,1.0001567191629008,0.0006068502409113568
1474.6963839637533,1474.6963839637533,1.0004394744567722,0.0006081440249824857
1474.7047173809158,1474.7047173809158,1.000502909267468,0.000606624711152299
1474.7116618951518,1474.7116618951518,1.0004025148416846,0.0006074826826525743
1474.7186064093298,1474.7186064093298,1.0002391412898686,0.0006069446330376196
1474.7255509234724,1474.7255509234724,1.0000630636409529,0.0006060457952293753
1474.7324954375686,1474.7324954375686,0.9994524367081574,0.0006075305020101817
1474.7394399515838,1474.7394399515838,0.9995113721769104,0.0006060056488260527
1474.7463844655517,1474.7463844655517,0.9999620780537818,0.0006071159673696737
1474.7533289794735,1474.7533289794735,0.9998953392278993,0.0006070304684855077
1474.760273493337,1474.760273493337,0.9997731293493779,0.0006068303919884664
1474.7672180071656,1474.7672180071656,0.9998176468731227,0.0006072494629687868
1474.7741625209242,1474.7741625209242,1.000790082207847,0.0006070574673705134
1474.7811070346127,1474.7811070346127,1.0010876695538486,0.000606538628645782
1474.7880515482664,1474.7880515482664,0.9996537191586036,0.000607456919984199
1474.7949960618625,1474.7949960618625,0.9998872876551896,0.0006074370163778834
1474.8019405753998,1474.8019405753998,0.9998124863025091,0.0006068864089499523
1474.808885088914,1474.808885088914,0.9996763897372709,0.0006067055474459931
1474.8158296023237,1474.8158296023237,0.9995628439020277,0.0006075054974625059
1474.8227741157093,1474.8227741157093,0.9992784086300348,0.0006076251082017826
1474.829718629026,1474.829718629026,1.00052416429476,0.0006077171305594216
1474.8366631422957,1474.8366631422957,1.0007938918988726,0.0006067632740978378
1474.8436076554956,1474.8436076554956,1.0005304030167272,0.0006065450638482198
1474.8505521686725,1474.8505521686725,1.0004338331686604,0.0006074519577265848
1474.8574966817675,1474.8574966817675,0.9995507540168346,0.0006066211166301327
1474.8644411948044,1474.8644411948044,0.9996071315442684,0.0006057829854904034
1474.8713857078178,1474.8713857078178,1.000573342901386,0.0006072393090687054
1474.8783302207385,1474.8783302207385,0.9998336395217937,0.000607217278236936
1474.8852747336239,1474.8852747336239,0.9997488311616156,0.0006072183400018235
1474.8922192464395,1474.8922192464395,0.9998571377183774,0.0006069909783540581
1474.8991637592085,1474.8991637592085,0.9998817599687504,0.0006070934652226867
1474.9061082719197,1474.9061082719197,0.9999101641076052,0.0006074069515460702
1474.913052784584,1474.913052784584,1.0005768269116602,0.000606103356933566
1474.9199972971783,1474.9199972971783,0.9998631706240676,0.0006064487085447707
1474.926941809715,1474.926941809715,1.000200392221726,0.0006070242896743415
1474.9338863222047,1474.9338863222047,1.0000997513838188,0.0006069406126632711
1474.940830834636,1474.940830834636,1.0005372394339522,0.0006076662460875752
1474.9477753469978,1474.9477753469978,1.0004719290684698,0.0006070387461255306
1474.9547198593248,1474.9547198593248,0.9988398342974547,0.0006062624151916583
1474.9616643715585,1474.9616643715585,0.9993112892236287,0.0006064504173149837
1474.968608883757,1474.968608883757,1.000109627704591,0.0006070932214188792
1474.9755533958978,1474.9755533958978,0.9990311570704536,0.0006078293931568359
1474.98249790798,1474.98249790798,1.000976152447762,0.0006070411582153254
1474.9894424200154,1474.9894424200154,1.0004990380899348,0.0006067941373989272
1474.9963869319702,1474.9963869319702,1.0004339501912458,0.0006071803400704083
1475.0033314438776,1475.0033314438776,1.0001689306056303,0.0006066078118336934
1475.010275955727,1475.010275955727,0.9997276381655965,0.0006073323757302607
1475.0172204675066,1475.0172204675066,1.0002692416288625,0.0006069261108068404
1475.0241649792508,1475.0241649792508,0.9995459447704393,0.0006071960232268503
1475.031109490926,1475.031109490926,0.9992702973787443,0.0006070164383605267
1475.0380540025424,1475.0380540025424,1.0002825971596188,0.000607504612910647
1475.0449985140892,1475.0449985140892,0.9999348319386636,0.0006069381500087659
1475.0519430255897,1475.0519430255897,0.9999886154316728,0.0006081013395171972
1475.05888753702,1475.05888753702,0.9999021436286387,0.0006068742643857647
1475.0658320483922,1475.0658320483922,1.0006772543192228,0.0006070942896457907
1475.073054340175,1475.073054340175,1.0000661827403379,0.0006068475440385184
1475.0811099732132,1475.0811099732132,1.0001854467328541,0.0006068919351741812
1475.0880544843872,1475.0880544843872,1.000253392641458,0.0006066293669932555
1475.0949989955266,1475.0949989955266,0.9996738235477153,0.0006073508922589531
1475.1019435065846,1475.1019435065846,0.9989855267891699,0.0006063573054353222
1475.1088880175844,1475.1088880175844,0.999793247222426,0.0006079703807592567
1475.1158325285257,1475.1158325285257,0.9999393174622819,0.0006071198914338304
1475.1227770393857,1475.1227770393857,1.0006126383381344,0.0006065437236373724
1475.1297215502223,1475.1297215502223,1.0007502943992561,0.0006078991079516748
1475.1366660609774,1475.1366660609774,0.9998096490035927,0.0006071540056712742
1475.1436105716741,1475.1436105716741,0.999632084014614,0.0006069751061153941
1475.1505550823128,1475.1505550823128,0.9998374799925817,0.0006074372803922531
1475.15749959287,1475.15749959287,1.0005624124666035,0.0006074127729111037
1475.1644441033925,1475.1644441033925,1.0002833317449027,0.0006065119622628405
1475.171388613845,1475.171388613845,0.9992695930904756,0.0006071429310349755
1475.1783331242277,1475.1783331242277,1.0002631342688209,0.0006071980984875483
1475.185277634564,1475.185277634564,0.9996986880627414,0.0006079425660332993
1475.1922221448185,1475.1922221448185,0.9995425307162584,0.0006072837694536151
1475.199166655015,1475.199166655015,0.9997747597551647,0.0006069685446464072
1475.2061111651528,1475.2061111651528,1.000804594573157,0.0006076959014863747
1475.2130556752213,1475.2130556752213,1.0002690017950733,0.0006074504451822119
1475.2200001852084,1475.2200001852084,1.0002310010064117,0.0006074235288415923
1475.2269446951718,1475.2269446951718,1.0000678746395042,0.0006076229942531873
1475.2338892050534,1475.2338892050534,0.9995051106058911,0.0006072279226715828
1475.240833714866,1475.240833714866,0.999850420216972,0.0006073728324501
1475.2477782246199,1475.2477782246199,1.0001902053727325,0.0006081735721648437
1475.2547227343155,1475.2547227343155,0.9996516531550288,0.0006070032586925256
1475.2616672439303,1475.2616672439303,1.000136218651867,0.0006064894977459295
1475.2686117534972,1475.2686117534972,0.9994315580085231,0.0006069851878022021
1475.2755562629839,1475.2755562629839,1.000146004207203,0.0006071569045488184
1475.2825007724234,1475.2825007724234,1.000630236121777,0.0006068505701332268
1475.2894452817814,1475.2894452817814,0.9996818264694791,0.0006073358227916688
1475.2963897910818,1475.2963897910818,1.0007793029011307,0.000607603243144949
1475.3033343003115,1475.3033343003115,0.9999881999719487,0.0006068949477005884
1475.3102788094718,1475.3102788094718,1.0001845574059418,0.0006069703006869563
1475.3172233185737,1475.3172233185737,0.9994633608899821,0.000606759790280501
1475.3241678276179,1475.3241678276179,0.9998344051257074,0.0006067200994289959
1475.3311123365802,1475.3311123365802,1.0000788787441042,0.0006062798686434737
1475.3380568454843,1475.3380568454843,0.9999553778028958,0.0006075795386180332
1475.3450013543302,1475.3450013543302,0.9990859419914445,0.0006067270325112736
1475.3519458630835,1475.3519458630835,0.9996073840072339,0.0006073211084080759
1475.3588903717894,1475.3588903717894,1.0010163618423094,0.0006071694551378241
1475.3658348804142,1475.3658348804142,0.9994707064243128,0.000607418263794491
1475.3727793890043,1475.3727793890043,1.000748840552466,0.0006069877100872698
1475.3797238974894,1475.3797238974894,1.0005821830094201,0.0006072197050479085
1475.3866684059162,1475.3866684059162,0.9996228128493083,0.0006076625501964558
1475.393612914273,1475.393612914273,1.000619436380805,0.0006071944130003704
1475.4005574225605,1475.4005574225605,0.9996521756666048,0.000607739523537586
1475.4075019307888,1475.4075019307888,0.999732615085802,0.0006075415733665649
1475.4144464389599,1475.4144464389599,0.9995700606478449,0.0006069286512512092
1475.421390947037,1475.421390947037,0.9998753777779747,0.0006068093045300626
1475.4283354550566,1475.4283354550566,1.0000267392252702,0.0006078058317167838
1475.4352799630065,1475.4352799630065,0.9995474865297161,0.0006070631288848255
1475.442224470886,1475.442224470886,1.000811123921875,0.0006078192764959277
1475.449168978696,1475.449168978696,0.9998523739232723,0.0006077539984741562
1475.456113486436,1475.456113486436,0.9998413193767005,0.000606885909273003
1475.463057994118,1475.463057994118,1.0003071778948782,0.0006070462377932779
1475.4700025016946,1475.4700025016946,1.0003258059619642,0.0006064635471313925
1475.4769470092253,1475.4769470092253,1.000504767870505,0.0006072377898767073
1475.483891516686,1475.483891516686,0.9994174060119974,0.0006074432386076534
1475.4908360240647,1475.4908360240647,0.9998820420358039,0.0006073251229702
1475.4977805313858,1475.4977805313858,0.9997817456853516,0.0006078933287923155
1475.5047250386137,1475.5047250386137,0.9994066341065929,0.0006071978420732774
1475.5116695457953,1475.5116695457953,0.9997672667184183,0.0006079113907943659
1475.5186140529065,1475.5186140529065,1.0002809448928862,0.0006065994371351106
1475.525558559913,1475.525558559913,1.0006545102680413,0.0006075232767012358
1475.5325030668732,1475.5325030668732,1.0005555759418079,0.0006081582002331349
1475.53944757374,1475.53944757374,0.9996850975342648,0.0006075670879732743
1475.54639208056,1475.54639208056,0.9992674638327056,0.0006072603403446709
1475.553336587287,1475.553336587287,1.0022197002634048,0.0006071130699258157
1475.560281093944,1475.560281093944,0.9999140546271501,0.000606857225861004
1475.567225600532,1475.567225600532,1.00059290241633,0.000607865367820823
1475.5741701070383,1475.5741701070383,1.0002009759359693,0.0006072421000892354
1475.5811146134856,1475.5811146134856,0.9999319758120147,0.0006068691316620184
1475.5880591198406,1475.5880591198406,0.9993272699935382,0.0006068937261239173
1475.595003626137,1475.595003626137,0.9998184643571744,0.000608019986462208
1475.6019481323285,1475.6019481323285,1.0001807682572768,0.000607140894792672
1475.608892638485,1475.608892638485,1.0001548602719899,0.0006076123860018844
1475.615837144549,1475.615837144549,1.0001028794317262,0.0006075290651564181
1475.622781650543,1475.622781650543,0.9997719272945981,0.0006071229627243068
1475.6297261564553,1475.6297261564553,1.000250336080669,0.0006065769673063336
1475.6366706622744,1475.6366706622744,0.9998463347040267,0.0006066194145634108
1475.6436151680355,1475.6436151680355,1.0000047755404062,0.0006073855587483681
1475.6505596737145,1475.6505596737145,0.9999894684144277,0.0006077908356816858
1475.6575041793244,1475.6575041793244,0.9998350050590362,0.0006079858455767913
1475.6644486848522,1475.6644486848522,1.0005076036141332,0.0006073573145383926
1475.6713931902875,1475.6713931902875,0.9992825922875147,0.0006075409320913168
1475.6783376956646,1475.6783376956646,1.0006914700001015,0.0006070719918202203
1475.6852822009596,1475.6852822009596,0.9995660230965011,0.0006069317133888427
1475.6922267061734,1475.6922267061734,0.9999390535850875,0.0006068105533338023
1475.699171211306,1475.699171211306,1.0000944042521163,0.0006079149903000446
1475.706115716356,1475.706115716356,1.0004678672436165,0.00060715909047161
1475.7130602213488,1475.7130602213488,0.9998550736437671,0.0006073001561839204
1475.7200047262365,1475.7200047262365,0.9996219343161219,0.0006074123473203891
1475.7269492310547,1475.7269492310547,0.9999986678140058,0.0006078309043530376
1475.7338937357913,1475.7338937357913,0.9999112931558576,0.0006074913947623772
1475.7408382404578,1475.7408382404578,0.9999497963311509,0.0006069861096294829
1475.7477827450314,1475.7477827450314,1.0002058180294229,0.0006077908280550852
1475.7547272495117,1475.7547272495117,0.9993667247453638,0.0006073332416906065
1475.7616717539338,1475.7616717539338,1.0009853207178394,0.0006071523143267954
1475.7686162582747,1475.7686162582747,0.9998399401324282,0.0006077219023645447
1475.7755607625224,1475.7755607625224,1.000369554444751,0.0006073848307308555
1475.7825052667,1475.7825052667,0.9993293671947011,0.0006071675112748443
1475.789449770773,1475.789449770773,1.0000789040896663,0.000606853821525907
1475.796394274776,1475.796394274776,1.0001520493197174,0.0006078110328594002
1475.803338778709,1475.803338778709,1.0001289255190315,0.0006073071399560141
1475.8102832825377,1475.8102832825377,0.9997088534702174,0.0006076169591472411
1475.817227786285,1475.817227786285,1.000186399180182,0.000607806967996205
1475.8241722899504,1475.8241722899504,0.9998820810989969,0.0006074011972856955
1475.8311167935226,1475.8311167935226,1.0004439124440323,0.0006073187619658534
1475.8380612970366,1475.8380612970366,0.9994084137099272,0.0006070928377695578
1475.8450058004578,1475.8450058004578,1.000553228778657,0.000607585429781747
1475.851950303774,1475.851950303774,0.9996037733329874,0.0006078940211993015
1475.858894807032,1475.858894807032,0.9997328670469665,0.0006083493975819059
1475.8658393101966,1475.8658393101966,0.9996751902220542,0.0006073638008167179
1475.872783813268,1475.872783813268,1.0004352947215394,0.0006082992780755505
1475.8797283162469,1475.8797283162469,1.000236044287531,0.0006078129598110326
1475.8866728191442,1475.8866728191442,1.000702480153506,0.0006077436222736267
1475.8936173219597,1475.8936173219597,0.9995537378535555,0.0006075408260838598
1475.900561824694,1475.900561824694,0.9997865564940422,0.0006074357907039996
1475.9075063273233,1475.9075063273233,0.9996738162660493,0.0006067643181257781
1475.9144508298596,1475.9144508298596,0.9996141241567351,0.0006078071961922581
1475.9213953323374,1475.9213953323374,1.000248919152213,0.000607564889045942
1475.9283398346877,1475.9283398346877,1.000812887256582,0.0006073018524356073
1475.9352843369795,1475.9352843369795,0.9995412183702017,0.000607808945144717
1475.9422288391547,1475.9422288391547,1.000595833039416,0.0006077840277810309
1475.9491733412601,1475.9491733412601,0.9997268784867078,0.0006082851725644696
1475.9561178432846,1475.9561178432846,0.9995853465451218,0.0006073493405975747
1475.9630623452038,1475.9630623452038,0.9999863386919451,0.0006082068662745154
1475.9700068470295,1475.9700068470295,0.9998760839100965,0.0006072813609364961
1475.9769513487627,1475.9769513487627,0.9997978193248904,0.0006084293838310334
1475.9838958504258,1475.9838958504258,1.0003434357767333,0.0006069811372872967
1475.9908403519844,1475.9908403519844,1.0000024220499326,0.0006079466709933168
1475.9977848534263,1475.9977848534263,1.0005255050427029,0.0006071766097530079
1476.00472935481,1476.00472935481,0.999985072031269,0.0006071821909100096
1476.0116738560773,1476.0116738560773,1.000068181485593,0.000607204369128702
1476.018618357263,1476.018618357263,1.00037180008407,0.0006069821265551581
1476.0255628583557,1476.0255628583557,0.999588859641394,0.0006080311096459568
1476.0325073593438,1476.0325073593438,0.9995791242292164,0.0006079147197957091
1476.0394518602384,1476.0394518602384,0.9992276707910982,0.0006078852247440613
1476.0463963610516,1476.0463963610516,0.9994654481353639,0.000607731883622227
1476.0533408617368,1476.0533408617368,1.000545855979648,0.0006074240289219758
1476.0602853623755,1476.0602853623755,1.0013446717594114,0.0006076856052148686
1476.0672298628863,1476.0672298628863,1.0003889596681583,0.000608126808139435
1476.0741743633153,1476.0741743633153,1.0004029868072162,0.000607792780809524
1476.0811188636278,1476.0811188636278,0.9998103788538145,0.0006076752667502983
1476.0880633638594,1476.0880633638594,1.0000052450723664,0.0006080137378929467
1476.095007863974,1476.095007863974,0.9992396737811202,0.000607573217103308
1476.1019523640189,1476.1019523640189,1.0001229241219591,0.0006077151372404128
1476.1088968639474,1476.1088968639474,1.0007138368562565,0.0006081620365834077
1476.1158413637945,1476.1158413637945,1.0002035564637748,0.0006071329866719543
1476.1227858635139,1476.1227858635139,0.9992139178010777,0.0006076784491938537
1476.1297303631513,1476.1297303631513,0.9992256054740585,0.0006080379308640119
1476.1366748626958,1476.1366748626958,1.0002738858503233,0.0006081826366253642
1476.143619362112,1476.143619362112,1.0003754822591415,0.000608456063660216
1476.1505638614467,1476.1505638614467,0.9991904194834593,0.0006077122887726734
1476.1575083606654,1476.1575083606654,1.0002685261577389,0.0006075522892801304
1476.1644528598022,1476.1644528598022,1.0001726692066943,0.0006075230486932482
1476.1713973588344,1476.1713973588344,1.000833477901042,0.0006070825510042957
1476.1783418577502,1476.1783418577502,0.999964985711495,0.000607517412714636
1476.1852863565723,1476.1852863565723,1.0000395538328735,0.0006081913810439628
1476.1922308552905,1476.1922308552905,1.0001454265837904,0.0006074710144971897
1476.1991753539037,1476.1991753539037,0.9999922390527723,0.0006076013039088527
1476.2061198524118,1476.2061198524118,0.9996506554926603,0.0006078700686945964
1476.213064350815,1476.213064350815,0.999966031760428,0.0006084030420749494
1476.2200088491022,1476.2200088491022,1.0002946739263283,0.0006076378436715058
1476.2269533472966,1476.2269533472966,0.9999304406985543,0.0006077917291960335
1476.2338978453627,1476.2338978453627,1.000424756016139,0.0006078714276997357
1476.2408423433585,1476.2408423433585,0.9998041172786725,0.000606502848640521
1476.2477868412261,1476.2477868412261,0.9997953962216325,0.0006077841893921864
1476.2547313389891,1476.2547313389891,1.0003747686817033,0.0006077273705644438
1476.2616758366244,1476.2616758366244,0.9997127225255165,0.000607666680800684
1476.2686203341782,1476.2686203341782,1.0002557744336542,0.0006078521735895467
1476.2755648316154,1476.2755648316154,0.999611178511859,0.0006078505724415187
1476.2825093289362,1476.2825093289362,1.0004931569275997,0.0006076849246455568
1476.2894538261523,1476.2894538261523,1.0006351094072767,0.0006082516029204674
1476.2963983232635,1476.2963983232635,0.9994469713609361,0.0006077528446366805
1476.3033428202468,1476.3033428202468,1.0000382102786634,0.0006083272501243162
1476.310287317137,1476.310287317137,0.9998581291994231,0.0006072600523661272
1476.3172318139107,1476.3172318139107,0.9997744038433705,0.0006078342608141183
1476.3241763105564,1476.3241763105564,1.0001411712658144,0.0006077825217772994
1476.3311208071086,1476.3311208071086,1.0003184853644669,0.0006073929685457679
1476.338065303545,1476.338065303545,1.000023676289486,0.0006083200761576227
1476.3450097998766,1476.3450097998766,0.9991701548175568,0.000607420438682762
1476.351954296068,1476.351954296068,1.001211531254458,0.0006073454898405865
1476.358898792143,1476.358898792143,1.0004032005255472,0.0006073586810179199
1476.365843288137,1476.365843288137,1.0004236649353857,0.0006083561321753369
1476.3727877840026,1476.3727877840026,0.9998167154383749,0.0006085524364514856
1476.3797322797404,1476.3797322797404,1.0002723413092023,0.0006079073027910514
1476.3866767753614,1476.3866767753614,0.9990974100430687,0.0006084616042211739
1476.3936212708777,1476.3936212708777,1.0007854347921452,0.0006081439813123479
1476.4005657662663,1476.4005657662663,1.0000955224327748,0.0006082136246475273
1476.4075102615382,1476.4075102615382,0.9995997155407693,0.0006080166048126998
1476.4144547566934,1476.4144547566934,1.0011336579000059,0.0006082357111972316
1476.4213992517211,1476.4213992517211,0.9997853115790054,0.000607915959296575
1476.4283437466318,1476.4283437466318,0.9992494874397261,0.0006077898650569734
1476.4352882414266,1476.4352882414266,0.9997066346740127,0.0006088538544801124
1476.442232736105,1476.442232736105,1.000267283884444,0.0006073959136944612
1476.449177230655,1476.449177230655,0.9998249049581135,0.0006073485481403787
1476.4561217250773,1476.4561217250773,1.0001936351866494,0.0006073557673825144
1476.463066219406,1476.463066219406,1.0001376379132045,0.0006086176865138316
1476.4700107135718,1476.4700107135718,0.999903573111516,0.0006074909428739544
1476.476955207645,1476.476955207645,1.0000717821187701,0.0006093052453720432
1476.4838997015781,1476.4838997015781,0.9999478275211006,0.000608436248495347
1476.490844195383,1476.490844195383,0.9996001700136002,0.000607966260025496
1476.497788689072,1476.497788689072,1.0001850287075509,0.0006083140619987374
1476.5047331826204,1476.5047331826204,0.9998222169190628,0.0006076229662804163
1476.5116776760765,1476.5116776760765,0.9998984625152779,0.0006072646880162212
1476.5186221693696,1476.5186221693696,0.999212245336965,0.0006082258046801349
1476.525566662569,1476.525566662569,1.0001640086523693,0.0006079451758891684
1476.532511155606,1476.532511155606,1.0001495855869482,0.000607202277318681
1476.5394556485267,1476.5394556485267,1.0004156321224094,0.0006078160980254186
1476.5464001413188,1476.5464001413188,1.0004611195513058,0.0006078198997212598
1476.5533446339946,1476.5533446339946,0.9999374731540946,0.0006078837942957253
1476.5602891265305,1476.5602891265305,1.000094027973519,0.0006081218945936738
1476.5672336189389,1476.5672336189389,0.999478350969269,0.0006075329701733027
1476.5741781112072,1476.5741781112072,0.9995449771663232,0.0006084030012807606
1476.5811226033825,1476.5811226033825,0.9997405933062691,0.0006077230724192805
1476.588067095395,1476.588067095395,1.000262809698588,0.000607870491648316
1476.5950115872674,1476.5950115872674,0.9999728093365441,0.0006077162635809259
1476.601956079024,1476.601956079024,1.0003853283854414,0.0006082841461652227
1476.6089005706401,1476.6089005706401,1.000987548263233,0.0006078020197920717
1476.6158450621285,1476.6158450621285,1.0003173287983191,0.000608193093164399
1476.6227895534776,1476.6227895534776,0.9995247145206567,0.0006077721759753911
1476.6297340446865,1476.6297340446865,0.9999398398993125,0.0006077878680344441
1476.6366785357673,1476.6366785357673,0.9997307111225495,0.0006079647877927496
1476.6436230267093,1476.6436230267093,0.9995824218834715,0.0006077908625370551
1476.6505675174988,1476.6505675174988,0.9999135228828975,0.0006087038673207808
1476.6575120081839,1476.6575120081839,1.0001346619333096,0.0006087141619724277
1476.6644564987412,1476.6644564987412,1.000579732397438,0.0006076394051776922
1476.6714009891118,1476.6714009891118,1.0003052525628147,0.0006083650881621341
1476.6783454794015,1476.6783454794015,1.0002046993181783,0.0006076627934539051
1476.6852899695045,1476.6852899695045,1.0003622516475912,0.0006078291115169693
1476.6922344594793,1476.6922344594793,0.999575984570243,0.0006077590265609135
1476.6991789493266,1476.6991789493266,0.9994786511593079,0.0006082404183578225
1476.7061234390337,1476.7061234390337,1.0002733784070144,0.0006084853960420316
1476.7130679285892,1476.7130679285892,0.9993653185461593,0.0006080712320452551
1476.7200124180056,1476.7200124180056,1.00065548453543,0.000608841114256608
1476.7269569072937,1476.7269569072937,0.99909983798858,0.0006077743569426373
1476.7339013964424,1476.7339013964424,1.0001649203291274,0.0006079437323358078
1476.7408458854509,1476.7408458854509,1.0002448291473356,0.0006088015140220263
1476.7477903743081,1476.7477903743081,1.000305630659436,0.000608049548706009
1476.7547348630264,1476.7547348630264,0.9993383515475935,0.000607140565715882
1476.7616793515929,1476.7616793515929,1.0000588364393048,0.0006087542619607031
1476.7686238400308,1476.7686238400308,1.000563978347626,0.0006085527545806517
1476.775568328318,1476.775568328318,1.0000339176168793,0.0006078396739108957
1476.7825128164654,1476.7825128164654,1.0005013715951712,0.0006077984174103219
1476.7894573044614,1476.7894573044614,0.9997773425427943,0.0006076294954227115
1476.796401792329,1476.796401792329,0.9996149063612234,0.0006081318786215694
1476.8033462800456,1476.8033462800456,0.9999458074262826,0.0006082013781885751
1476.8102907676114,1476.8102907676114,0.9998982061885282,0.000608954090957179
1476.817235255025,1476.817235255025,1.0005601322341708,0.0006079378731033767
1476.8241797423111,1476.8241797423111,0.9989249054959422,0.0006079340123402271
1476.8311242294571,1476.8311242294571,1.0006571525091756,0.0006085976706486726
1476.8380687164404,1476.8380687164404,0.9999659560128205,0.0006078833969180664
1476.8450132032954,1476.8450132032954,1.0003468154083064,0.0006082919892651656
1476.8519576899994,1476.8519576899994,1.0002810178142458,0.0006084343876120537
1476.8589021765633,1476.8589021765633,1.0000454249816633,0.0006077915746884521
1476.865846662976,1476.865846662976,0.9999755446909461,0.0006083005199216122
1476.872791149249,1476.872791149249,0.9996977100037437,0.000607531690975277
1476.8797356353593,1476.8797356353593,0.9989807348494679,0.0006086946116782081
1476.8866801213528,1476.8866801213528,0.9994364765584972,0.0006080422477897833
1476.893624607183,1476.893624607183,1.001095336160902,0.0006081603209435497
1476.9005690928745,1476.9005690928745,1.0006220132865769,0.0006079820126084888
1476.907513578414,1476.907513578414,0.9999572973576981,0.0006081966527796242
1476.914458063814,1476.914458063814,1.000235104437877,0.0006076707198404399
1476.9214025490742,1476.9214025490742,1.0004206172620298,0.0006087947045957968
1476.9283470341948,1476.9283470341948,0.9992326900297573,0.0006083601344591356
1476.9352915191755,1476.9352915191755,0.999156822433601,0.0006079175777641795
1476.9422360040048,1476.9422360040048,0.9994393588876782,0.0006078441717716011
1476.9491804886832,1476.9491804886832,1.0001978413839723,0.0006089611639549062
1476.9561249732337,1476.9561249732337,1.000149784288549,0.0006087449820001745
1476.9630694576438,1476.9630694576438,1.0009642641872651,0.0006093238101886046
1476.9700139419026,1476.9700139419026,1.000123332189064,0.00061050647707814
1476.9769584260223,1476.9769584260223,0.9999038367812082,0.0006110661687393347
1476.9839029100253,1476.9839029100253,1.0001096244990475,0.0006133823405637191
1476.9908473938765,1476.9908473938765,1.0007329924674664,0.0006147212754616085
1476.9977918776003,1476.9977918776003,0.9993566659678393,0.0006172550236803788
1477.004736361184,1477.004736361184,0.9999649247484639,0.0006188830192268696
1477.0116808446164,1477.0116808446164,1.0005124369516463,0.0006217545183263094
1477.018625327932,1477.018625327932,0.9993708272945934,0.0006250885346786064
1478.1227997483693,1478.1227997483693,0.999969838753076,0.0006652771330204894
1478.1297442670636,1478.1297442670636,1.000417193143221,0.0006628490999806577
1478.13668878598,1478.13668878598,0.9998648244819099,0.0006591648275283297
1478.1436333051286,1478.1436333051286,0.9995385195008482,0.000657310820399469
1478.15057782451,1478.15057782451,1.0000036111054795,0.0006543773299952045
1478.1575223441127,1478.1575223441127,1.0001429705195253,0.0006516487576153961
1478.1644668639135,1478.1644668639135,0.9999886072854398,0.0006494290403623112
1478.1714113839469,1478.1714113839469,0.9992299243595515,0.0006476697221481863
1478.1783559042017,1478.1783559042017,1.0007606957803703,0.0006460600083719503
1478.185300424631,1478.185300424631,0.9998086834217691,0.0006429954652345504
1478.1922449452934,1478.1922449452934,1.0003849799552555,0.0006412430434048729
1478.1991894661296,1478.1991894661296,0.9999813835214848,0.0006394374046239194
1478.2061339871761,1478.2061339871761,1.0008124116987915,0.0006376007018517518
1478.2130785083968,1478.2130785083968,0.9994316097303606,0.0006359772124625385
1478.2200230298274,1478.2200230298274,0.999591620841532,0.000634687213920751
1478.2269675514328,1478.2269675514328,0.9997421962144483,0.0006337749347922427
1478.2339120732124,1478.2339120732124,1.0001764658476935,0.0006330466218813353
1478.24085659519,1478.24085659519,0.999587259357418,0.0006316772403121279
1478.2478011173193,1478.2478011173193,1.0004523650152886,0.0006306415483838675
1478.254745639634,1478.254745639634,0.9999386530416139,0.0006301200119027529
1478.2616901621125,1478.2616901621125,1.000289499908654,0.0006289226043253474
1478.268634684742,1478.268634684742,1.0004050291355813,0.000628504018836525
1478.2755792075575,1478.2755792075575,0.9998008220301193,0.0006280121734258798
1478.2825237305135,1478.2825237305135,0.9994881551577329,0.0006263352515082146
1478.289468253632,1478.289468253632,0.9996036818766161,0.0006263471352175742
1478.2964127768896,1478.2964127768896,1.0000791021059576,0.0006254219936614814
1478.3033573003227,1478.3033573003227,1.0002749513789178,0.0006245392474066211
1478.310301823895,1478.310301823895,0.9999828932253514,0.0006233086623699341
1478.317246347596,1478.317246347596,1.0003306003454857,0.0006221929692859544
1478.324190871436,1478.324190871436,1.0002117905817571,0.0006212413002627501
1478.3311353954277,1478.3311353954277,0.9997417439693137,0.0006208425584162318
1478.338079919559,1478.338079919559,0.9996958184722559,0.0006199490963910758
1478.3450244438184,1478.3450244438184,1.000145026534733,0.000619258794279242
1478.3519689682175,1478.3519689682175,1.0002468198292551,0.0006198641954116961
1478.3589134927329,1478.3589134927329,0.9993446966183507,0.0006172917615626056
1478.3658580173765,1478.3658580173765,1.00019128667077,0.0006172541025620795
1478.3728025421365,1478.3728025421365,1.000600097588428,0.0006159046675765974
1478.3797470670245,1478.3797470670245,0.9999256190603744,0.0006156674331672674
1478.386691592029,1478.386691592029,0.9998771579319092,0.0006151050285055904
1478.3936361171613,1478.3936361171613,0.9998992784534371,0.0006136255015984616
1478.4005806423986,1478.4005806423986,1.0000714675482185,0.0006128881307378589
1478.4075251677405,1478.4075251677405,0.9997795062557838,0.0006121501286463933
1478.4144696932224,1478.4144696932224,1.00022509639823,0.000611940144880779
1478.4214142187855,1478.4214142187855,1.000119197813206,0.0006115998449198726
1478.4283587444652,1478.4283587444652,0.9993850738484238,0.0006095151187865517
1478.4353032702265,1478.4353032702265,0.9999137398848529,0.000609839570778512
1478.4428033581826,1478.4428033581826,1.0007853211281754,0.0006095364788585641
1478.4505812272942,1478.4505812272942,1.0002018303264921,0.000608264134803664
1478.4586368775967,1478.4586368775967,0.9999308153204982,0.000607523261019458
1478.4658591848279,1478.4658591848279,0.9996186349917865,0.0006072009596035752
1478.472803711136,1478.472803711136,1.0001250401550321,0.0006071214095156315
1478.4797482375375,1478.4797482375375,1.0005245385110333,0.0006079433044581495
1478.4866927640205,1478.4866927640205,0.99957091687327,0.0006069381673195964
1478.4936372905966,1478.4936372905966,0.9993150835710685,0.000606846371621753
1478.500581817254,1478.500581817254,1.000358426222121,0.0006076850374886988
1478.5075263440044,1478.5075263440044,1.0002988626297844,0.0006080628867218237
1478.514470870837,1478.514470870837,0.9999232281216874,0.0006069173204955058
1478.521415397727,1478.521415397727,0.9997190909856271,0.0006073002310184354
1478.5283599247223,1478.5283599247223,0.9999456906132572,0.0006068951674946413
1478.5353044517874,1478.5353044517874,1.0000811208283136,0.0006077520829736752
1478.542248978922,1478.542248978922,0.9999991968180215,0.0006073489448507739
1478.5491935061386,1478.5491935061386,1.0003332677404446,0.0006079121259692812
1478.5561380334361,1478.5561380334361,0.9997185767802588,0.0006072811642119662
1478.5639159040961,1478.5639159040961,1.000541861097824,0.0006071780843899578
1478.5714159937288,1478.5714159937288,0.9998824625389414,0.0006079526473782581
1478.5794716456496,1478.5794716456496,0.9998977870722996,0.0006079938721482191
1478.58808285987,1478.58808285987,0.9998556674666276,0.0006074059037274929
1478.59502738754,1478.59502738754,0.999601572605744,0.0006069398755622289
1478.6019719152805,1478.6019719152805,0.9998212089809625,0.0006070422374455869
1478.6089164430784,1478.6089164430784,1.0005342121114504,0.0006072629877150854
1478.6158609709469,1478.6158609709469,1.0002284381793867,0.0006069766321917739
1478.6228054988735,1478.6228054988735,0.9997374578988518,0.000606902123620982
1478.6297500268347,1478.6297500268347,0.9997147423259133,0.0006075105970994992
1478.6366945549012,1478.6366945549012,1.0006865693673792,0.0006069957426651496
1478.643639082979,1478.643639082979,0.9997187040733125,0.0006069512800469766
1478.650583611138,1478.650583611138,0.9995405070735842,0.0006071786392743727
1478.6575281393439,1478.6575281393439,0.9999020968138504,0.0006069326775220527
1478.6644726676193,1478.6644726676193,1.0006330596317552,0.0006075386216295132
1478.6714171959302,1478.6714171959302,0.999827191718388,0.000606818537637679
1478.6783617242759,1478.6783617242759,0.9998870286405687,0.0006061658899786193
1478.6853062526911,1478.6853062526911,0.9998160144592969,0.000607064916944969
1478.692250781153,1478.692250781153,1.000099568412544,0.0006070927650859504
1478.6991953096615,1478.6991953096615,1.0004275352853724,0.0006067653891686406
1478.7061398382168,1478.7061398382168,1.0001341123147536,0.000607961590114595
1478.7130843668067,1478.7130843668067,0.9999006246713709,0.0006074598958807105
1478.7200288954548,1478.7200288954548,0.9994530209499963,0.000606927665196917
1478.72697342415,1478.72697342415,1.000295532717822,0.0006063391444529091
1478.7339179528794,1478.7339179528794,1.0002431308961786,0.0006076471870175097
1478.7408624816555,1478.7408624816555,0.9996286924039385,0.0006072692304730467
1478.7478070104673,1478.7478070104673,1.0000372882381385,0.0006071772686314983
1478.7547515393246,1478.7547515393246,0.9995784805872365,0.0006071306083590858
1478.7616960682176,1478.7616960682176,1.0003520421120435,0.0006077977468069054
1478.768640597145,1478.768640597145,0.9998993849942146,0.0006078230411174705
1478.775585126119,1478.775585126119,0.9999177389798817,0.0006075454877449109
1478.7825296551287,1478.7825296551287,1.000360678857962,0.0006077888796794405
1478.7894741841726,1478.7894741841726,0.9997001041850193,0.0006074537055996129
1478.7964187132395,1478.7964187132395,1.0006317688119761,0.000607234005594325
1478.8033632423535,1478.8033632423535,0.9998868234693689,0.000606931496738924
1478.8103077715139,1478.8103077715139,1.0000025125393042,0.0006071694043900189
1478.8172523006974,1478.8172523006974,0.9998298465139399,0.0006068744010761719
1478.8241968298814,1478.8241968298814,1.0000503754932928,0.000606884946182559
1478.8311413591234,1478.8311413591234,0.9997563886468008,0.0006067319564405539
1478.8380858883888,1478.8380858883888,0.9995068499947427,0.0006073250347508213
1478.8450304176888,1478.8450304176888,1.0001357795669008,0.0006076426841177333
1478.8519749470124,1478.8519749470124,0.9998540592173087,0.0006074869932243927
1478.8589194763706,1478.8589194763706,1.0006289149345153,0.0006069262426276425
1478.8658640057522,1478.8658640057522,1.000244861709604,0.0006073774294735602
1478.8728085351572,1478.8728085351572,1.0006750006062162,0.0006075314530256911
1478.8797530645854,1478.8797530645854,0.9995581758713386,0.0006073593663570978
1478.8866975940484,1478.8866975940484,0.9998144423745738,0.0006067911356888909
1478.8936421235235,1478.8936421235235,0.9993651536349508,0.0006065119118317287
1478.9005866530558,1478.9005866530558,0.9997185848211171,0.0006073020127651081
1478.9075311825775,1478.9075311825775,1.0002296646654858,0.0006069094643089323
1478.9144757121453,1478.9144757121453,1.0002723286074,0.0006068683424356027
1478.9214202417131,1478.9214202417131,0.9997009259066962,0.000606521900699851
1478.9283647713162,1478.9283647713162,0.9998811853408928,0.0006075015456262934
1478.9353093009424,1478.9353093009424,1.0004188695511507,0.0006074319644533607
1478.9422538305685,1478.9422538305685,1.0007539287486442,0.0006080617208134116
1478.9491983602297,1478.9491983602297,1.000257282945184,0.000607376411614434
1478.9561428899137,1478.9561428899137,0.999836918664986,0.0006069473863348964
1478.963087419598,1478.963087419598,1.0000807031856656,0.0006067858605788527
1478.9700319493172,1478.9700319493172,0.9991205728538997,0.0006077204403096804
1478.9769764790483,1478.9769764790483,1.000555819626729,0.0006076019367306815
1478.9839210087907,1478.9839210087907,1.000351150028882,0.0006080437339102328
1478.9908655385566,1478.9908655385566,0.9998343495640925,0.0006070087130587874
1478.997810068334,1478.997810068334,0.9998670406881921,0.0006080072136309073
1479.0047545981463,1479.0047545981463,1.0004017413675808,0.0006076349928459507
1479.0116991279588,1479.0116991279588,0.9999049291162876,0.0006076038641882556
1479.0186436577826,1479.0186436577826,0.9992796721340081,0.0006081321827710328
1479.0255881876185,1479.0255881876185,0.9999344739573957,0.0006068709528689379
1479.0325327174774,1479.0325327174774,1.0002063243315367,0.0006067976471342043
1479.0394772473478,1479.0394772473478,1.0004206112449618,0.0006072735453322914
1479.0464217772183,1479.0464217772183,0.9994110607694868,0.0006070345608095929
1479.0533663071008,1479.0533663071008,1.0003095331042164,0.0006076576362120474
1479.0603108370178,1479.0603108370178,1.0007305840991232,0.0006071373136339879
1479.0672553669233,1479.0672553669233,0.9999303638805511,0.0006078581852055168
1479.0741998968404,1479.0741998968404,0.9999757449992469,0.0006070850170885429
1479.0811444267813,1479.0811444267813,0.9995872655038743,0.000607025404689558
1479.0880889567215,1479.0880889567215,0.999843854774397,0.0006081580119295169
1479.0950334866734,1479.0950334866734,0.9999989768052548,0.0006075669560485814
1479.1019780166375,1479.1019780166375,0.9997571897797236,0.0006073596918795319
1479.1089225466123,1479.1089225466123,0.9995942004969718,0.0006067403032213372
1479.1158670765878,1479.1158670765878,1.0009117697415817,0.0006065855902063286
1479.122811606575,1479.122811606575,0.9997809232260032,0.0006068415831106879
1479.1297561365616,1479.1297561365616,1.0001586282988189,0.0006066556517381761
1479.1367006665605,1479.1367006665605,1.0002593707371805,0.0006072349195152796
1479.143645196571,1479.143645196571,0.9998835685092983,0.0006067902335174767
1479.150589726593,1479.150589726593,1.0005159721388295,0.0006072360870704038
1479.157534256603,1479.157534256603,1.0001026633820644,0.0006072883144647474
1479.1644787866364,1479.1644787866364,0.9995932709051176,0.0006072202369824534
1479.1714233166585,1479.1714233166585,0.9993802253380408,0.0006065034694646279
1479.1783678467152,1479.1783678467152,0.999778502099691,0.0006070938892190515
1479.1853123767137,1479.1853123767137,0.9996511804037491,0.0006084030519766928
1479.1922569067708,1479.1922569067708,1.0006455123254967,0.000607167874004302
1479.1992014368275,1479.1992014368275,0.9999478302243971,0.0006077414927094167
1479.2061459668846,1479.2061459668846,1.000117651557613,0.0006073964266237193
1479.2130904969413,1479.2130904969413,1.0000047995332324,0.0006069859786784977
1479.2200350269982,1479.2200350269982,1.0001796460109358,0.0006069645559842196
1479.226979557055,1479.226979557055,1.0005414517595201,0.0006071871776750568
1479.233924087112,1479.233924087112,1.0005996459675628,0.0006077327190095593
1479.2408686171686,1479.2408686171686,1.0001748205768213,0.0006068119890870685
1479.247813147226,1479.247813147226,1.0000773714357334,0.0006071684920757536
1479.2547576772824,1479.2547576772824,0.9996476038096592,0.0006070822019802498
1479.261702207339,1479.261702207339,0.9996890870299346,0.0006071065673958572
1479.2686467373962,1479.2686467373962,0.9997527915960303,0.0006070910297523659
1479.2755912675111,1479.2755912675111,0.9997322769871625,0.0006073541838270304
1479.2825357975682,1479.2825357975682,0.9996894553090081,0.0006075710193688979
1479.289480327625,1479.289480327625,1.0002148154465251,0.0006068965994622996
1479.2964248576816,1479.2964248576816,1.0005879822312305,0.0006068303587732463
1479.3033693877387,1479.3033693877387,0.999983514394079,0.0006073433097915253
1479.3103139177954,1479.3103139177954,0.9994243108872574,0.0006072125883080319
1479.317258447852,1479.317258447852,1.0002803615441027,0.0006070159389421321
1479.324202977909,1479.324202977909,1.0002336767267235,0.0006077521653574287
1479.3311475079659,1479.3311475079659,1.0002005553507578,0.0006068664848073125
1479.338092038023,1479.338092038023,0.999850754851931,0.0006072637488042538
1479.3450365680796,1479.3450365680796,0.999667678821979,0.0006069155898631017
1479.3519810981365,1479.3519810981365,1.0004337571676036,0.0006075414586736682
1479.3589256281932,1479.3589256281932,0.999740997031274,0.0006084222000519181
1479.3658701582501,1479.3658701582501,0.9998467544496332,0.0006072542711248802
1479.3728146882954,1479.3728146882954,1.0003411623815548,0.0006061733695040837
1479.3797592183062,1479.3797592183062,0.9998867507527812,0.0006077876017653682
1479.3867037483626,1479.3867037483626,1.0003548717082344,0.0006068307299705988
1479.3936482783852,1479.3936482783852,0.9998159909036138,0.0006078667003443542
1479.4005928084184,1479.4005928084184,1.0003890840716054,0.0006065956853697173
1479.4075373384285,1479.4075373384285,0.9993908041680013,0.0006071567381660463
1479.4144818684508,1479.4144818684508,0.9995434336135581,0.0006069086088517926
1479.4214263984609,1479.4214263984609,1.0003602056933267,0.0006082099972785041
1479.4283709284596,1479.4283709284596,1.0002395477777988,0.0006076221091274126
1479.435315458458,1479.435315458458,0.9994390528991245,0.0006071101185300999
1479.442259988457,1479.442259988457,1.0003625489783095,0.0006067869448089787
1479.4492045184438,1479.4492045184438,1.0002956048907259,0.000607318084698551
1479.4561490484307,1479.4561490484307,0.9992962710723718,0.0006072247699566343
1479.4630935784062,1479.4630935784062,1.0007485158723068,0.0006072405969719212
1479.47003810837,1479.47003810837,0.9997611924559644,0.0006070269819492457
1479.4769826383217,1479.4769826383217,0.9997438745742373,0.0006076430001004119
1479.4839271682856,1479.4839271682856,1.0003315700465039,0.0006072798826662967
1479.4908716982377,1479.4908716982377,1.0008229340968386,0.0006077452984913893
1479.4978162281782,1479.4978162281782,0.9990822352718004,0.0006072416614450405
1479.5047607581187,1479.5047607581187,1.0002772424260424,0.0006071472935345055
1479.5117052880357,1479.5117052880357,0.9996675895446311,0.0006071990969271283
1479.5186498179414,1479.5186498179414,1.0000346148140105,0.0006070501007973613
1479.5255943478587,1479.5255943478587,0.9996838593973821,0.0006067756671898571
1479.5325388777637,1479.5325388777637,1.0000796457737686,0.0006071314468743215
1479.5394834076578,1479.5394834076578,0.999526015060711,0.0006067199860819665
1479.5464279375517,1479.5464279375517,0.9998262510416958,0.000607412345733491
1479.553372467422,1479.553372467422,1.0005156941062427,0.0006077436695169009
1479.5603169972815,1479.5603169972815,0.9998220162769444,0.0006072716136915994
1479.5672615271403,1479.5672615271403,1.0005209388583336,0.0006070356438737572
1479.5742060569992,1479.5742060569992,1.0006638505890069,0.0006066826991521746
1479.5811505868346,1479.5811505868346,1.0002145676968741,0.0006077027146010512
1479.5880951166703,1479.5880951166703,1.0002558301347528,0.0006065658688524506
1479.5950396464827,1479.5950396464827,0.998887284580338,0.0006058599400699427
1479.6019841762834,1479.6019841762834,0.9998016222772611,0.0006074768812414732
1479.6089287061075,1479.6089287061075,0.9997048552573325,0.0006070463693815265
1479.6158732358736,1479.6158732358736,1.0002968102330414,0.0006075290481390835
1479.6228177656508,1479.6228177656508,0.9997101724170985,0.0006072141028981246
1479.6297622954517,1479.6297622954517,1.0006146932130617,0.0006076650527516235
1479.6367068251707,1479.6367068251707,0.9995867275518406,0.0006069370482214925
1479.6436513549365,1479.6436513549365,0.9998704325971461,0.0006072398868455066
1479.650595884679,1479.650595884679,1.000023710966037,0.0006077507986778257
1479.65754041441,1479.65754041441,1.0003764933086274,0.0006073195221293324
1479.6644849441177,1479.6644849441177,0.9996606580118346,0.0006064614412462562
1479.6714294738135,1479.6714294738135,1.0006682340377329,0.0006077210616512267
1479.6783740035094,1479.6783740035094,0.9995930470173843,0.0006069057519936221
1479.685318533182,1479.685318533182,1.0005114318839743,0.0006071001343982243
1479.6922630628549,1479.6922630628549,0.9991625242923151,0.0006065864218323411
1479.699207592516,1479.699207592516,1.0009974364197358,0.0006068737591832804
1479.7061521221535,1479.7061521221535,0.9994579781818054,0.0006071224371457021
1479.7130966517916,1479.7130966517916,1.0001168337254778,0.0006068410224102162
1479.7200411814176,1479.7200411814176,0.9999822836257808,0.0006067906726014512
1479.7269857110089,1479.7269857110089,0.9997348179347894,0.0006068705102647896
1479.7339302406115,1479.7339302406115,1.000042309238474,0.0006072417563920363
1479.7408747701793,1479.7408747701793,0.9994949524885787,0.0006072374653384953
1479.747819299759,1479.747819299759,0.9998818515475996,0.000608318579840482
1479.7547638293036,1479.7547638293036,1.0002160862765874,0.0006069780690142402
1479.7617083588482,1479.7617083588482,1.0002967405983814,0.0006068915086308583
1479.7686528883812,1479.7686528883812,1.0006350793004566,0.0006066284195506323
1479.7755974179024,1479.7755974179024,1.000188249730582,0.0006069685048475218
1479.7825419474004,1479.7825419474004,0.9991740037898212,0.0006065895642949063
1479.7894864768753,1479.7894864768753,1.0001451759079092,0.0006081006327929301
1479.79643100635,1479.79643100635,1.0001131784493815,0.0006073462200265971
1479.8033755358251,1479.8033755358251,1.0000593618018687,0.0006070931644684511
1479.8103200652652,1479.8103200652652,0.9999391369724482,0.0006070175382710091
1479.817264594705,1479.817264594705,1.0001269844534124,0.0006075297169372775
1479.8242091241216,1479.8242091241216,1.000359167038781,0.0006070183203943362
1479.8311536535268,1479.8311536535268,0.9999413850926713,0.0006069556911964315
1479.8380981829082,1479.8380981829082,0.9995666207141708,0.0006066626274574088
1479.8450427122898,1479.8450427122898,0.9995066968970105,0.0006072602013641029
1479.851987241648,1479.851987241648,0.9992776654414893,0.000606826808663517
1479.8589317709952,1479.8589317709952,0.9999529206034563,0.0006066143135545052
1479.86587630033,1479.86587630033,1.000687028446611,0.0006071244606250748
1479.8728208296532,1479.8728208296532,1.0014064896160702,0.0006074874419362956
1479.8797653589536,1479.8797653589536,1.0001030100019777,0.000607261047741529
1479.886709888242,1479.886709888242,0.9996280388161477,0.0006080682743606922
1479.8936544175072,1479.8936544175072,1.000046727299821,0.0006078589838030471
1479.900598946761,1479.900598946761,0.999735294293736,0.00060690611793755
1479.907543476003,1479.907543476003,0.9995099309232686,0.00060656205985746
1479.9144880052215,1479.9144880052215,0.9993070770216669,0.0006066703783484037
1479.9214325344515,1479.9214325344515,1.0000440971317743,0.000607052932200618
1479.9283770636353,1479.9283770636353,1.0009916004605115,0.0006069775721206954
1479.935321592819,1479.935321592819,0.9996676307420408,0.0006079138166382482
1479.9422661219794,1479.9422661219794,1.000896515982443,0.0006067357776015759
1479.9492106511284,1479.9492106511284,1.0003748581458436,0.0006073212445403661
1479.956155180254,1479.956155180254,0.9994653449384142,0.0006073718965280004
1479.963099709368,1479.963099709368,1.000339301405432,0.0006071370432460456
1479.9700442384699,1479.9700442384699,0.9993482131056435,0.0006078477521113207
1479.976988767549,1479.976988767549,1.0004171547601295,0.0006076429741176074
1479.9839332966162,1479.9839332966162,0.9996214845917768,0.0006066304809626462
1479.9908778256602,1479.9908778256602,1.0006512009915944,0.0006072319869532784
1479.9978223547043,1479.9978223547043,1.0005079047067238,0.000607218668566907
1480.0047668837137,1480.0047668837137,0.9991880526039306,0.0006067861524643
1480.011711412711,1480.011711412711,0.9996330874715605,0.0006068615570180644
1480.0186559416968,1480.0186559416968,1.0000017790984195,0.0006075559106220385
1480.0256004706596,1480.0256004706596,1.0000947256569732,0.0006078318216483425
1480.0325449995987,1480.0325449995987,1.0003602363090942,0.0006069565593942265
1480.0394895285376,1480.0394895285376,1.0001002829468004,0.0006077671329387765
1480.0464340574306,1480.0464340574306,0.9993249609060697,0.0006067171273347099
1480.0533785863233,1480.0533785863233,1.0000182883123905,0.0006070638653894513
1480.0603231152159,1480.0603231152159,1.0002853369396292,0.0006069706556915023
1480.0672676440968,1480.0672676440968,1.0004533904224204,0.0006070064690654556
1480.0742121729313,1480.0742121729313,1.0000787774151418,0.0006074209962702227
1480.0811567017658,1480.0811567017658,0.9994479589970933,0.0006070088322369323
1480.0881012305772,1480.0881012305772,0.9997620138904759,0.0006069444418472535
1480.0950457593651,1480.0950457593651,1.0000249636735499,0.0006067887859525802
1480.1019902881412,1480.1019902881412,1.0006327905850163,0.0006076366987882658
1480.1089348168946,1480.1089348168946,1.0003144369626447,0.0006071650338548871
1480.1158793456475,1480.1158793456475,0.9994295436749742,0.0006079910556676481
1480.1228238743654,1480.1228238743654,0.9992478048153293,0.000607011040470349
1480.129768403072,1480.129768403072,1.0010345986799791,0.0006067153178904892
1480.1367129317666,1480.1367129317666,0.9997028225756844,0.000608387780376091
1480.143657460427,1480.143657460427,0.9994328499457558,0.0006065839782300282
1480.150601989075,1480.150601989075,0.9996102147978785,0.0006064717876014155
1480.1575465177004,1480.1575465177004,1.0001757133022249,0.00060675579829443
1480.164491046337,1480.164491046337,1.0002284567673716,0.0006071800177162495
1480.1714355749148,1480.1714355749148,0.9999649750804377,0.0006072516039426145
1480.178380103482,1480.178380103482,1.000142926100867,0.0006072702204153928
1480.1853246320368,1480.1853246320368,0.9996940631112748,0.0006070439912796134
1480.19226916058,1480.19226916058,1.0002727774692137,0.0006071586498524599
1480.1992136891001,1480.1992136891001,0.9997692620031138,0.0006073358429413188
1480.206158217597,1480.206158217597,0.9995511939308989,0.0006069536692427615
1480.2131027460825,1480.2131027460825,0.9990562717326764,0.0006073734982999697
1480.2200472745565,1480.2200472745565,1.0004622370387755,0.0006077429919493882
1480.226991802995,1480.226991802995,1.0004046242850495,0.0006069663775092469
1480.2339363314215,1480.2339363314215,1.0002053862232096,0.0006073562384248312
1480.2408808598257,1480.2408808598257,0.9996706955266352,0.0006075451348457204
1480.2478253882061,1480.2478253882061,1.0004441770147356,0.000606427149605184
1480.2547699165866,1480.2547699165866,0.9994427940648452,0.0006059969438809486
1480.2617144449323,1480.2617144449323,0.9999816593474792,0.0006081482259162989
1480.2686589732662,1480.2686589732662,0.999826831520819,0.0006066249867881532
1480.2756035015766,1480.2756035015766,0.9998871795016964,0.0006068881771357012
1480.2825480298757,1480.2825480298757,1.000452375067787,0.0006071470091558447
1480.2894925581395,1480.2894925581395,1.000134930061223,0.0006069230474233791
1480.2964370863804,1480.2964370863804,0.9997503918294293,0.0006067122897250733
1480.303381614621,1480.303381614621,0.9998309678526036,0.0006074760684646253
1480.3103261428387,1480.3103261428387,0.9998574285391923,0.0006071586718239435
1480.317270671021,1480.317270671021,1.0004101786216761,0.0006075656644976488
1480.3242151992156,1480.3242151992156,1.0000223858577049,0.0006070573435698605
1480.3311597273514,1480.3311597273514,0.9999645855638306,0.0006067531292893526
1480.3381042554988,1480.3381042554988,0.9999637665279042,0.0006068814707866013
1480.3450487836117,1480.3450487836117,0.9998180174659803,0.0006080364087916476
1480.351993311701,1480.351993311701,1.0005690807409207,0.000607658391579523
1480.3589378397787,1480.3589378397787,0.9999835698055678,0.0006072561228221276
1480.365882367822,1480.365882367822,0.999890109186152,0.000607737682731135
1480.372826895888,1480.372826895888,1.0001453627495258,0.0006066067808594338
1480.3797714238958,1480.3797714238958,0.9995224077285408,0.0006076899874117895
1480.386715951869,1480.386715951869,1.0004320383289946,0.0006066218898660851
1480.3936604798535,1480.3936604798535,0.9996375869943863,0.0006071766793434576
1480.4006050078146,1480.4006050078146,0.9994840364386821,0.0006068212539447921
1480.4075495357297,1480.4075495357297,0.9998126705644033,0.000606440018769329
1480.4144940636565,1480.4144940636565,1.000239450852999,0.0006074623068879161
1480.421438591548,1480.421438591548,1.0007397828253086,0.0006070379313569086
1480.4283831194164,1480.4283831194164,0.9998101689268466,0.0006069577391905658
1480.435327647273,1480.435327647273,0.999903302665019,0.0006064947460761689
1480.442272175118,1480.442272175118,0.9998839969638823,0.0006074705222637053
1480.4492167029161,1480.4492167029161,1.0002924574611582,0.0006065172517616842
1480.4561612307145,1480.4561612307145,1.0004526158573595,0.0006071480932893608
1480.4631057584782,1480.4631057584782,1.0000669857019808,0.0006069998362515732
1480.4700502862415,1480.4700502862415,0.9996581287334783,0.0006065135877761836
1480.4769948139701,1480.4769948139701,1.0002757326485896,0.0006079119087648333
1480.483939341664,1480.483939341664,0.9996109266888858,0.000606401668221476
1480.4908838693575,1480.4908838693575,0.9997460612350922,0.0006073894507027135
1480.4978283970163,1480.4978283970163,0.9995232884329412,0.000606814626610248
1480.5047729246749,1480.5047729246749,0.9997388896560008,0.0006080576814605076
1480.5117174522868,1480.5117174522868,1.00019291574472,0.0006073700454305474
1480.5186619798874,1480.5186619798874,0.9999157308688759,0.0006065799912554562
1480.5256065074761,1480.5256065074761,1.0005136262754126,0.0006067812065791748
1480.5325510350417,1480.5325510350417,1.0003567057835299,0.0006073885624605489
1480.5394955625725,1480.5394955625725,1.0005528343004468,0.0006060981798807837
1480.546440090103,1480.546440090103,0.999687111368887,0.0006069785523054931
1480.5533846175986,1480.5533846175986,0.9997572205873044,0.0006063474784410254
1480.560329145083,1480.560329145083,1.0001847064680356,0.0006072937699199315
1480.5672736725203,1480.5672736725203,0.9998839419893963,0.000606843636720127
1480.5742181999578,1480.5742181999578,0.9992621785514159,0.0006068958130782865
1480.5811627273838,1480.5811627273838,1.0000044936082941,0.0006066540219237829
1480.588107254775,1480.588107254775,1.000488007952368,0.0006066487330353015
1480.5950517821425,1480.5950517821425,1.0003592760361502,0.0006068775767782295
1480.6019963094982,1480.6019963094982,0.9999739547890826,0.0006072077090033973
1480.6089408368196,1480.6089408368196,0.9993580193815552,0.0006075352864578261
1480.6158853641286,1480.6158853641286,1.0008900997036048,0.0006071698869431891
1480.6228298914032,1480.6228298914032,0.9995991715166757,0.0006075240518698474
1480.6297744186663,1480.6297744186663,1.0002068577359768,0.0006076882003430807
1480.6367189459174,1480.6367189459174,1.0008681754471527,0.0006083609944033677
1480.6436634731338,1480.6436634731338,0.9993637617509729,0.0006066420448909803
1480.6506080003269,1480.6506080003269,1.0004129722962716,0.000606779391042618
1480.6575525275196,1480.6575525275196,0.9995147620703086,0.0006074857016941602
1480.6644970546663,1480.6644970546663,0.9997351662060263,0.0006073276031491388
1480.6714415818012,1480.6714415818012,1.0001437576608143,0.0006072023588100872
1480.6783861089011,1480.6783861089011,1.0002100804962804,0.000607348087375763
1480.6853306360015,1480.6853306360015,1.0006806899608989,0.0006078536337819735
1480.6922751630548,1480.6922751630548,0.9993471821716344,0.0006070483265843948
1480.6992196901083,1480.6992196901083,1.0003741184506427,0.0006072905324681955
1480.7061642171266,1480.7061642171266,0.9997847717065218,0.0006073016145993176
1480.7131087441214,1480.7131087441214,1.0002957552711123,0.0006073527209026132
1480.7200532711054,1480.7200532711054,0.9998075963797701,0.0006077616144314502
1480.726997798077,1480.726997798077,0.9996376218847848,0.0006068153051609841
1480.7339423250023,1480.7339423250023,0.9996952444384855,0.0006069813731745251
1480.7408868519155,1480.7408868519155,1.0001303387874232,0.0006079922697396656
1480.7478313787947,1480.7478313787947,1.0006783823045173,0.0006064849580832524
1480.75477590565,1480.75477590565,1.0002705730296786,0.0006077889710953371
1480.7617204325054,1480.7617204325054,1.0001684643513564,0.0006076997340449799
1480.768664959349,1480.768664959349,0.9991705602585131,0.0006069169980312555
1480.7756094861465,1480.7756094861465,1.0001366775350131,0.0006068410427958781
1480.7825540129204,1480.7825540129204,1.0000133488454688,0.0006068130993809876
1480.7894985396827,1480.7894985396827,0.9995570415999268,0.0006073486456664874
1480.796443066422,1480.796443066422,1.0002531703346658,0.0006078998971873722
1480.803387593126,1480.803387593126,1.00048031616378,0.00060713542563375
1480.810332119818,1480.810332119818,0.9999929466424898,0.0006063743313400157
1480.817276646499,1480.817276646499,0.9996581950107443,0.0006072151337334566
1480.8242211731333,1480.8242211731333,1.000432286618605,0.000606658929419148
1480.8311656997557,1480.8311656997557,0.999635398894221,0.0006066301657626104
1480.8381102263436,1480.8381102263436,0.9999160416224242,0.0006073797880682965
1480.8450547529076,1480.8450547529076,0.9995540043762283,0.0006066842697238529
1480.8519992794725,1480.8519992794725,0.9999615346789579,0.0006073699640492983
1480.8589438060249,1480.8589438060249,1.0000538751669912,0.0006072809952466748
1480.865888332531,1480.865888332531,1.0006514705561775,0.0006075234665160649
1480.8728328590141,1480.8728328590141,1.000798338924531,0.0006076980716864533
1480.8797773854737,1480.8797773854737,0.9996617678171527,0.0006067721977910436
1480.8867219119334,1480.8867219119334,0.9995438541750834,0.0006067279027892685
1480.8936664383466,1480.8936664383466,1.000324999015366,0.000608521240351004
1480.9006109647362,1480.9006109647362,0.9996163759510006,0.0006071843930953168
1480.9075554911026,1480.9075554911026,1.0000780349457825,0.0006066643823871744
1480.9145000174576,1480.9145000174576,0.9995484220377863,0.0006072328648518595
1480.9214445437779,1480.9214445437779,0.9999760264281408,0.000607416129083338
1480.9283890701095,1480.9283890701095,0.9997201077049865,0.0006072777927311372
1480.9353335963829,1480.9353335963829,1.0001430239209057,0.0006070717938663785
1480.9422781226444,1480.9422781226444,1.000263732356565,0.0006078126753546092
1480.9492226488712,1480.9492226488712,1.0001699566699973,0.0006067032840244235
1480.9561671750746,1480.9561671750746,1.0004040944601111,0.0006067677592329842
1480.9631117012666,1480.9631117012666,1.0005735988856146,0.0006075007770174099
1480.9700562274352,1480.9700562274352,0.9989840649255214,0.0006072550485190913
1480.9770007535687,1480.9770007535687,0.9992637219683536,0.0006067728385930358
1480.9839452797023,1480.9839452797023,1.0002778338883314,0.0006074002176731295
1480.9908898057897,1480.9908898057897,0.9996193545430625,0.000606745140128402
1480.9978343318767,1480.9978343318767,0.9998160676708141,0.0006069104221767907
1481.0047788579286,1481.0047788579286,1.0006758286283617,0.0006073211229154056
1481.011723383946,1481.011723383946,1.0001701204632485,0.0006064719723827092
1481.0186679099752,1481.0186679099752,0.9997239483244629,0.0006079722819070969
1481.0256124359573,1481.0256124359573,0.9999504036192974,0.0006070656483589023
1481.0325569618813,1481.0325569618813,0.9989480359510046,0.0006065032055903351
1481.039501487829,1481.039501487829,1.0004802864026865,0.0006077519458122243
1481.0464460137525,1481.0464460137525,1.0001395540326434,0.0006068642439206444
1481.0533905396303,1481.0533905396303,1.0002867650009724,0.0006075292335426197
1481.0603350654962,1481.0603350654962,1.000777589434965,0.0006071196079755346
1481.0672795913385,1481.0672795913385,0.999821619367083,0.0006075955108709458
1481.074224117158,1481.074224117158,1.0003190194107008,0.0006075125838204459
1481.0811686429429,1481.0811686429429,0.999155882294912,0.0006069572854288505
1481.088113168727,1481.088113168727,0.9995896629838213,0.0006071341985382343
1481.0950576944647,1481.0950576944647,0.999751317429048,0.000607719844085269
1481.1020022201908,1481.1020022201908,0.9994204681126899,0.0006069203450750867
1481.1089467458823,1481.1089467458823,1.0002140499011645,0.0006065890316903421
1481.1158912715734,1481.1158912715734,1.0008291595416545,0.0006067730328623984
1481.1228357972182,1481.1228357972182,1.000506968944618,0.0006070058222806884
1481.129780322863,1481.129780322863,1.00032879065765,0.000606211562080725
1481.1367248484498,1481.1367248484498,0.9997385666434306,0.0006066322266511542
1481.1436693740482,1481.1436693740482,0.9999511863672644,0.0006070164355678635
1481.1506138996115,1481.1506138996115,0.9997833203473532,0.0006068271932251898
1481.1575584251395,1481.1575584251395,0.9997694235235539,0.0006070518199152069
1481.1645029506562,1481.1645029506562,0.9990334928472716,0.0006065645006471789
1481.171447476138,1481.171447476138,1.0005511124039574,0.0006082251909553221
1481.1783920016078,1481.1783920016078,1.0005178181673153,0.0006075753036120059
1481.1853365270315,1481.1853365270315,1.0003908408379165,0.0006069440638746956
1481.1922810524782,1481.1922810524782,0.9998312448741176,0.0006068574698464557
1481.1992255778553,1481.1992255778553,1.0001592398762613,0.00060709928402587
1481.2061701032321,1481.2061701032321,0.999542289806547,0.0006065972479775412
1481.2131146285628,1481.2131146285628,1.000235522825783,0.0006070988883761873
1481.2200591538926,1481.2200591538926,0.999602905895237,0.0006067767353423103
1481.2270036791883,1481.2270036791883,0.9999267303598455,0.0006068202005447182
1481.2339482044722,1481.2339482044722,0.9999608871801605,0.0006068066415739406
1481.2408927297215,1481.2408927297215,1.000299052242071,0.0006070097147413804
1481.2478372549467,1481.2478372549467,0.9997801272894253,0.0006068616277287021
1481.2547817801376,1481.2547817801376,0.9997775944975686,0.0006070575214089252
1481.2617263053282,1481.2617263053282,1.0003477182519678,0.0006075790434675724
1481.2686708304839,1481.2686708304839,0.9999380518472567,0.0006068447825046149
1481.283393223727,1481.283393223727,0.999861242970608,0.0006072422754209072
1481.2922822158203,1481.2922822158203,1.0007133106622337,0.0006066551061609622
1481.299226740883,1481.299226740883,0.9997757111653651,0.0006063901121872637
1481.3061712658873,1481.3061712658873,0.999804374473811,0.0006067065495778039
1481.3131157909033,1481.3131157909033,0.9999483722227268,0.0006069156784989984
1481.3200603158843,1481.3200603158843,1.000396953895186,0.0006066566120837496
1481.3270048408308,1481.3270048408308,1.0009507629276357,0.0006077382159969946
1481.3339493657654,1481.3339493657654,1.0003410319052972,0.0006071372057726454
1481.3408938906655,1481.3408938906655,0.9997407763331815,0.0006067373309179497
1481.347838415542,1481.347838415542,0.9989783902931346,0.000607305781978587
1481.3547829403947,1481.3547829403947,1.0001109509809314,0.0006063140392523444
1481.3617274652129,1481.3617274652129,1.000204285828617,0.0006087466618259992
1481.3686719900313,1481.3686719900313,1.000684116727435,0.0006065968684445423
1481.3756165148263,1481.3756165148263,1.000086155422661,0.0006074427941118947
1481.3825610395745,1481.3825610395745,0.9993441995066021,0.0006071705836343303
1481.3895055643109,1481.3895055643109,0.9992858987737216,0.0006073224700780678
1481.3964500890247,1481.3964500890247,1.0004043840116696,0.000607365687392394
1481.403394613703,1481.403394613703,1.000371974470943,0.0006070428827168651
1481.4103391383694,1481.4103391383694,0.9995879571869069,0.0006065548085160743
1481.4172836630016,1481.4172836630016,0.9999899400388751,0.0006071110333261724
1481.4242281876218,1481.4242281876218,1.0001257831732455,0.0006070637645448774
1481.4311727122072,1481.4311727122072,1.0005954373986126,0.000606632631248484
1481.4381172367575,1481.4381172367575,0.9996583724207044,0.0006065997407929427
1481.4450617613313,1481.4450617613313,1.0001648686620455,0.0006073695321419273
1481.4520062858119,1481.4520062858119,1.0001835418231941,0.0006066496156147234
1481.4589508103272,1481.4589508103272,0.9998968669287767,0.0006080912405591769
1481.4658953347848,1481.4658953347848,0.9994927582847227,0.0006072590041925933
1481.4728398592301,1481.4728398592301,1.0007480574742647,0.0006066860020191532
1481.4797843836407,1481.4797843836407,0.9993919252365778,0.0006067605935768404
1481.4867289080516,1481.4867289080516,0.9996579126740521,0.0006070967895446318
1481.4936734324042,1481.4936734324042,0.999813847932654,0.0006075222317427099
1481.500617956745,1481.500617956745,1.0006740024117393,0.0006074828700150328
1481.5075624810738,1481.5075624810738,0.9998288927031821,0.0006067444537270961
1481.5145070053684,1481.5145070053684,1.0005151045188563,0.0006065485193179016
1481.521451529628,1481.521451529628,0.9995976128338461,0.0006074969800045888
1481.5283960538643,1481.5283960538643,0.9999099037613883,0.0006075323801346561
1481.5353405781004,1481.5353405781004,1.000474281871935,0.0006071044410220923
1481.5422851023018,1481.5422851023018,1.000091250829083,0.0006071874852978032
1481.5492296264795,1481.5492296264795,0.9991415204789599,0.0006075077294416673
1481.556174150611,1481.556174150611,0.9995388935700162,0.0006074361953831096
1481.563118674742,1481.563118674742,1.0005088394078552,0.0006067607872012142
1481.5700631988268,1481.5700631988268,1.0004428022698222,0.0006064383205885087
1481.5770077229115,1481.5770077229115,1.0000604581958177,0.0006076017756099806
1481.5839522469614,1481.5839522469614,1.0000207019813339,0.0006067133545310918
1481.5908967709763,1481.5908967709763,1.0002519750980874,0.0006066254323340273
1481.5978412949796,1481.5978412949796,1.000343614168751,0.0006066556470488459
1481.6047858189474,1481.6047858189474,0.9992309121999527,0.0006075108703244414
1481.6117303428928,1481.6117303428928,0.9997810228272737,0.0006063025851950502
1481.618674866838,1481.618674866838,0.9997926683256682,0.0006062115466317563
1481.6256193907245,1481.6256193907245,0.9999835533524362,0.000606492439787879
1481.6325639146,1481.6325639146,0.9995259869151061,0.0006071951365714573
1481.6395084384521,1481.6395084384521,1.0006716885876537,0.0006064309985013835
1481.6464529622804,1481.6464529622804,1.000154492891825,0.0006078305827838212
1481.653397486086,1481.653397486086,1.000307735964497,0.0006062804571322579
1481.6603420098447,1481.6603420098447,0.9998707107156364,0.0006074227295804096
1481.6672865336034,1481.6672865336034,1.0005186975959532,0.0006075016242132411
1481.6742310573272,1481.6742310573272,0.9992551947298415,0.000607374180439738
1481.681175581028,1481.681175581028,1.000114862099516,0.0006081441274757132
1481.6881201047167,1481.6881201047167,1.0002544823954138,0.0006064817488645018
1481.6950646283708,1481.6950646283708,1.0002482789171787,0.000607671231544678
1481.7020091519666,1481.7020091519666,0.9997269038911709,0.0006064427998368983
1481.7089536755861,1481.7089536755861,1.0000627413170229,0.0006065746989968859
1481.7158981991586,1481.7158981991586,0.9994781230945033,0.000607336425478795
1481.7228427227078,1481.7228427227078,1.0004301131537303,0.0006066435429608197
1481.7297872462223,1481.7297872462223,0.999339199114595,0.0006068963630851162
1481.7367317697249,1481.7367317697249,0.999924171146839,0.000607135594778228
1481.7436762932157,1481.7436762932157,1.0003385540715377,0.0006075425632657799
1481.7506208166487,1481.7506208166487,1.0002476971939867,0.000606886867072113
1481.7575653400816,1481.7575653400816,0.9998967420445698,0.0006066698731866576
1481.7645098634794,1481.7645098634794,0.9999935810031712,0.0006079314725040459
1481.7714543868774,1481.7714543868774,1.0001695391043988,0.0006071085325586275
1481.7783989102052,1481.7783989102052,0.9998067303317605,0.0006062498076333544
1481.7853434335334,1481.7853434335334,1.0001703098089414,0.0006068829125467975
1481.7922879568264,1481.7922879568264,1.0000818887190832,0.000606304673548439
1481.7992324801078,1481.7992324801078,0.9997049913769775,0.000606996532396518
1481.8061770033546,1481.8061770033546,0.999831453126576,0.0006064255411826643
1481.8131215265778,1481.8131215265778,1.0006451390225077,0.0006075394744088255
1481.8200660497778,1481.8200660497778,1.0001098796780237,0.0006062071921604297
1481.8270105729428,1481.8270105729428,0.9995145555309289,0.0006067815405116888
1481.8339550960961,1481.8339550960961,0.9996584066481727,0.0006074942881743188
1481.840899619226,1481.840899619226,1.000223372555888,0.0006072718576252579
1481.8478441422983,1481.8478441422983,0.9996157908825813,0.0006072959225577471
1481.8547886653705,1481.8547886653705,1.0011032300627032,0.0006072798712835747
1481.861733188442,1481.861733188442,0.9997446470827596,0.0006068152105853486
1481.8686777114558,1481.8686777114558,1.000177928508783,0.0006063804025648567
1481.8756222344466,1481.8756222344466,0.9999927335742977,0.0006074405660000455
1481.8825667574256,1481.8825667574256,0.99937506632643,0.0006063978619892244
1481.8895112803693,1481.8895112803693,1.0000395695646025,0.0006060601164168273
1481.89645580329,1481.89645580329,0.9991541528620663,0.0006066972849589022
1481.903400326199,1481.903400326199,1.0013133391704137,0.000607361126115294
1481.9103448490612,1481.9103448490612,0.9996086819651925,0.0006061955539789498
1481.917289371912,1481.917289371912,1.0000585858862057,0.0006072517546467227
1481.9242338947279,1481.9242338947279,0.999660671542075,0.0006067793095110805
1481.9311784175322,1481.9311784175322,1.0006098368504064,0.0006065000682097162
1481.9381229402898,1481.9381229402898,0.9998433683482274,0.0006066051789865469
1481.945067463024,1481.945067463024,1.0000187766372275,0.0006067604456741417
1481.9520119857466,1481.9520119857466,0.9989202744368878,0.0006062879442115934
1481.958956508446,1481.958956508446,1.0009322307092359,0.0006069001677957619
1481.965901031099,1481.965901031099,0.9993442597107384,0.0006059603438622704
1481.9728455537402,1481.9728455537402,1.001328747958251,0.0006070548854953602
1481.979790076358,1481.979790076358,0.9996247488989765,0.0006068764365918886
1481.9867345989412,1481.9867345989412,0.9998133959473844,0.0006065012798391442
1481.993679121512,1481.993679121512,0.9997746460433067,0.000606821345547687
1482.0006236440604,1482.0006236440604,0.999824492919851,0.0006065772590920964
1482.0075681665503,1482.0075681665503,0.9997251492034784,0.0006068668134560828
1482.01451268904,1482.01451268904,1.000277236306102,0.0006062270995643111
1482.021457211518,1482.021457211518,1.000281577253833,0.0006066985465695374
1482.0284017339497,1482.0284017339497,1.0000277841477347,0.0006070727723394695
1482.0353462563585,1482.0353462563585,1.000030810359274,0.0006064779214460863
1482.0422907787438,1482.0422907787438,1.0004169051752023,0.0006068720249204319
1482.0492353010936,1482.0492353010936,1.0012710676166798,0.0006082588904703015
1482.0561798234442,1482.0561798234442,0.999256099296313,0.0006070885217953784
1482.0631243457478,1482.0631243457478,1.000017117226838,0.000607320973081133
1482.0700688680395,1482.0700688680395,0.999483813687872,0.000607189682005161
1482.077013390285,1482.077013390285,0.9999095780620433,0.0006074040685349814
1482.0839579125302,1482.0839579125302,0.9996388719870278,0.0006065915546490521
1482.0909024347407,1482.0909024347407,1.001230375137503,0.0006064598153697246
1482.097846956905,1482.097846956905,1.0000209860553022,0.0006064748931717246
1482.104791479057,1482.104791479057,0.9999769418349771,0.0006067772238470261
1482.111736001186,1482.111736001186,1.0006011163056887,0.0006073609111498679
1482.118680523292,1482.118680523292,0.9997163291853312,0.0006072202578070299
1482.125625045374,1482.125625045374,0.9998067330976538,0.0006060503452850137
1482.1325695674216,1482.1325695674216,1.000690655182884,0.000607145663428245
1482.1395140894458,1482.1395140894458,0.9997373271605252,0.0006062094252612649
1482.1464586114348,1482.1464586114348,0.9997375675920928,0.0006080785988375726
1482.1534031334127,1482.1534031334127,0.9990610353037394,0.0006074336889655288
1482.160347655367,1482.160347655367,0.9999234533629352,0.0006074441420640055
1482.1672921772981,1482.1672921772981,1.0007098927308171,0.000606293739968098
1482.1742366991941,1482.1742366991941,1.0007401797695281,0.0006069800314444134
1482.181181221055,1482.181181221055,0.9995913933331577,0.0006073996227194396
1482.1881257428934,1482.1881257428934,0.9998432505964377,0.0006065741272147715
1482.1950702647196,1482.1950702647196,1.0003739586696545,0.0006064431322041111
1482.2020147864991,1482.2020147864991,0.9998818652838724,0.0006067340185447966
1482.2089593082676,1482.2089593082676,0.9998208247536887,0.0006074838655535802
1482.2159038300124,1482.2159038300124,0.9997995217276818,0.0006069820946225907
1482.2228483517224,1482.2228483517224,1.0006890622165638,0.000606784822503621
1482.2297928734208,1482.2297928734208,0.9996640370316268,0.0006070064886866745
1482.2367373950951,1482.2367373950951,0.9998159020983041,0.0006072896440786916
1482.2436819167121,1482.2436819167121,0.9995412652151595,0.0006070729996194916
1482.2506264383294,1482.2506264383294,1.0002401150682938,0.0006069106229414538
1482.2575709599223,1482.2575709599223,0.999788020417952,0.0006071363663963446
1482.264515481481,1482.264515481481,1.0000913204005613,0.0006080665329455532
1482.2714600030047,1482.2714600030047,0.9999088190135309,0.0006063587899731624
1482.2784045245166,1482.2784045245166,1.0006933630962378,0.0006069926428694145
1482.2853490459934,1482.2853490459934,1.0002552097863306,0.0006064492973237955
1482.2922935674474,1482.2922935674474,1.0002727431609408,0.000606582884448376
1482.299238088878,1482.299238088878,0.9995958712239235,0.0006068592890461833
1482.306182610285,1482.306182610285,0.9995683784619951,0.000606796135450873
1482.3131271316572,1482.3131271316572,1.000101070069648,0.0006070672752673397
1482.3200716530184,1482.3200716530184,1.0000142081744015,0.0006063842368175069
1482.327016174332,1482.327016174332,1.0002203654494275,0.0006063235116292773
1482.3339606956342,1482.3339606956342,0.9995078348875619,0.0006063139150034342
1482.3409052169136,1482.3409052169136,0.9996971173430467,0.0006069913924199989
1482.3478497381461,1482.3478497381461,1.0000859066597727,0.0006070419389522937
1482.3547942593789,1482.3547942593789,1.0000237941528585,0.0006068612207962891
1482.3617387805764,1482.3617387805764,0.9999182333639819,0.0006070122959912594
1482.3686833017389,1482.3686833017389,1.0009715715017637,0.0006068311128100784
1482.375627822867,1482.375627822867,1.000350008077655,0.0006064477043492117
1482.3825723439952,1482.3825723439952,0.9999855956565794,0.000607366154758746
1482.3895168650763,1482.3895168650763,0.99959036878431,0.000606245469350442
1482.3964613861576,1482.3964613861576,0.9995835201286065,0.0006070846664128763
1482.4034059072042,1482.4034059072042,0.999105968301372,0.0006068457343227232
1482.4103504281804,1482.4103504281804,1.0002020949893642,0.0006068532193200519
1482.41729494918,1482.41729494918,1.000183924258949,0.0006069848748244454
1482.424239470133,1482.424239470133,1.0001431736033037,0.0006065768486220993
1482.431183991063,1482.431183991063,1.0007926598661698,0.0006073722152229403
1482.4381285119812,1482.4381285119812,1.000306612155401,0.0006065361076661789
1482.445073032853,1482.445073032853,1.0004448563435084,0.0006067166516252324
1482.4520175537132,1482.4520175537132,0.9994366008116788,0.0006072034707942137
1482.4589620745264,1482.4589620745264,0.9993443637676596,0.000607375828795375
1482.4659065953401,1482.4659065953401,0.9997017840376191,0.0006075552383373458
1482.4728511160952,1482.4728511160952,1.0000032996385826,0.000607775907818489
1482.4797956368388,1482.4797956368388,1.0000704485849266,0.0006069140204813795
1482.4867401575825,1482.4867401575825,1.000323874632398,0.0006067356095729641
1482.493684678268,1482.493684678268,0.9992718410349276,0.0006078018328176698
1482.5006291989298,1482.5006291989298,0.9999065740110147,0.0006068752168907647
1482.5075737195807,1482.5075737195807,1.00039899385024,0.0006072878622915349
1482.5145182401961,1482.5145182401961,1.000330746606262,0.0006068185527448699
1482.5214627607882,1482.5214627607882,1.0004866366655978,0.0006073817130463743
1482.5284072813458,1482.5284072813458,1.0004068864143307,0.0006075872523347873
1482.5353518018806,1482.5353518018806,1.0000084178856876,0.0006066387898835707
1482.5422963223907,1482.5422963223907,0.9999897123015085,0.0006069901726658046
1482.5492408428781,1482.5492408428781,0.999987683352875,0.0006065336257899654
1482.556185363331,1482.556185363331,0.9992183854184942,0.0006063581087754165
1482.563129883772,1482.563129883772,0.9996836292425529,0.0006072974861589492
1482.5700744041665,1482.5700744041665,0.9993288637886728,0.0006070609296253864
1482.577018924549,1482.577018924549,0.999503694565273,0.0006073673675171065
1482.5839634448969,1482.5839634448969,1.0006383676796446,0.000607445211569439
1482.590907965233,1482.590907965233,0.9994083480936924,0.0006070766971541069
1482.5978524855225,1482.5978524855225,1.000931398622304,0.0006065967902047519
1482.6047970057887,1482.6047970057887,1.000325260373619,0.0006064667881816451
1482.6117415260437,1482.6117415260437,1.0007289234645809,0.0006069197307632254
1482.6186860462517,1482.6186860462517,0.9992478429902786,0.0006059661298885385
1482.6256305664597,1482.6256305664597,0.9998881617242951,0.0006069753715122154
1482.6325750866213,1482.6325750866213,0.9996741349198139,0.0006069559527606064
1482.6395196067479,1482.6395196067479,1.0004386944529435,0.0006065002512222037
1482.6464641268626,1482.6464641268626,1.000200515463569,0.0006063649586073268
1482.6534086469546,1482.6534086469546,0.9998297971622817,0.0006064601470754056
1482.6603531670112,1482.6603531670112,1.0001307088013704,0.0006064199565200526
1482.6672976870336,1482.6672976870336,1.0007081776332054,0.0006070695147078254
1482.6742422070433,1482.6742422070433,0.9998648111384186,0.0006062646166148315
1482.6811867270192,1482.6811867270192,0.9994903404584058,0.0006063185601777697
1482.6881312469711,1482.6881312469711,1.0001480200899338,0.0006065495916734805
1482.6950757669001,1482.6950757669001,0.9998317118858713,0.0006073777092896206
1482.7020202867823,1482.7020202867823,0.9995944788087684,0.0006068918201963825
1482.7089648066526,1482.7089648066526,1.0004935065893372,0.000608087493187412
1482.715909326523,1482.715909326523,1.0000101553960974,0.0006073345711162048
1482.7228538463355,1482.7228538463355,0.9997992620654935,0.0006064552461333701
1482.7297983661247,1482.7297983661247,0.999921686080383,0.0006060978176741296
1482.73674288589,1482.73674288589,0.999753695897005,0.0006063470184731784
1482.7436874056443,1482.7436874056443,1.000592541206371,0.0006072199196624219
1482.7506319253403,1482.7506319253403,1.0007002477215396,0.0006067850707070604
1482.7575764450244,1482.7575764450244,0.9993125148961463,0.0006071402433180226
1482.7645209646737,1482.7645209646737,1.0005328837221341,0.0006070386601191573
1482.771465484323,1482.771465484323,1.000658708503713,0.0006073764077906077
1482.7784100039025,1482.7784100039025,0.9998802940917828,0.0006070902982556083
1482.7853545234818,1482.7853545234818,0.999867547482426,0.0006069315284951013
1482.79229904305,1482.79229904305,0.999466470005444,0.0006066729206139539
1482.799243562571,1482.799243562571,0.9997463692546905,0.0006067853913339349
1482.8061880820687,1482.8061880820687,1.0006521135998496,0.0006075799082499009
1482.8131326015323,1482.8131326015323,0.9995780802107628,0.0006064995759907627
1482.8200771209836,1482.8200771209836,0.9997478850913796,0.0006074719052619797
1482.8270216403885,1482.8270216403885,1.000205954302232,0.000607405010351372
1482.833966159782,1482.833966159782,0.9999133899138638,0.0006070835751374073
1482.84091067914,1482.84091067914,1.0004335438998255,0.0006074853609307166
1482.8478551984751,1482.8478551984751,0.9996873530424899,0.0006064770687849344
1482.8547997177636,1482.8547997177636,0.9999189168631052,0.0006072797002182146
1482.861744237052,1482.861744237052,1.0002974058636083,0.0006063389626187717
1482.868688756329,1482.868688756329,1.0002358111759242,0.00060735321214121
1482.8756332755474,1482.8756332755474,0.9987694784232394,0.0006057054571556973
1482.882577794743,1482.882577794743,1.0006562349268868,0.0006064751210149283
1482.8895223139266,1482.8895223139266,1.0004685568890237,0.000607159363948371
1482.896466833075,1482.896466833075,1.0001883252730117,0.0006070414141808509
1482.9034113521889,1482.9034113521889,1.0005327691025858,0.0006073794575096253
1482.9103558712795,1482.9103558712795,1.0010634294928489,0.0006074018601147329
1482.9173003903468,1482.9173003903468,0.9994049756848462,0.0006070965318115673
1482.9242449093676,1482.9242449093676,0.9994070689815743,0.0006059079123506945
1482.9311894283996,1482.9311894283996,1.0000796525469178,0.0006070481122976665
1482.938133947362,1482.938133947362,0.999780279037395,0.0006061961181520914
1482.9450784663363,1482.9450784663363,1.0002753613490323,0.0006065033356180534
1482.9520229852637,1482.9520229852637,1.000077018700666,0.0006075443188627733
1482.9589675041682,1482.9589675041682,1.0005864009735534,0.0006070514431357867
1482.9659120230494,1482.9659120230494,1.0001813113341314,0.0006063812533970548
1482.9728565418955,1482.9728565418955,1.0000947737192707,0.0006077898053258932
1482.979801060707,1482.979801060707,1.0002929344194875,0.00060746730140791
1482.986745579506,1482.986745579506,0.9995779606209781,0.0006071166140897568
1482.9936900982707,1482.9936900982707,0.9994735656710091,0.0006068102331194906
1483.0006346170005,1483.0006346170005,0.9990135281499126,0.0006066008113531742
1483.007579135707,1483.007579135707,1.0000011716198465,0.0006064405697937473
1483.0145236544133,1483.0145236544133,1.0006751647533818,0.0006066860441162039
1483.021468173073,1483.021468173073,1.0002517053836795,0.000606643667077767
1483.0284126916977,1483.0284126916977,1.000053589600266,0.000607586553679376
1483.0353572102995,1483.0353572102995,0.9999837728517571,0.0006069477224783254
1483.0423017288776,1483.0423017288776,1.0008164761343405,0.0006068361179110992
1483.0492462474326,1483.0492462474326,1.0005376915081068,0.0006068329394000704
1483.056190765953,1483.056190765953,0.9994095933979882,0.0006069294753173614
1483.063135284438,1483.063135284438,0.999533927483726,0.0006070139401375366
1483.0700798028997,1483.0700798028997,0.9994608232566708,0.000606353572327401
1483.0770243213617,1483.0770243213617,0.9997002379379513,0.0006072160451609735
1483.0839688397655,1483.0839688397655,1.0004904344695769,0.0006070049775963057
1483.090913358134,1483.090913358134,0.9994675148040807,0.0006064212931425009
1483.0978578764912,1483.0978578764912,1.000343567925721,0.0006062476326110162
1483.104802394825,1483.104802394825,1.0006735055948697,0.0006077820063563352
1483.1117469131245,1483.1117469131245,1.0003573285581875,0.0006070223919034518
1483.1186914313998,1483.1186914313998,0.9999421667329992,0.0006078126263729256
1483.1256359496524,1483.1256359496524,0.9994315433060773,0.0006072317663634739
1483.1325804678695,1483.1325804678695,0.999819892069589,0.0006073947877235086
1483.1395249860639,1483.1395249860639,0.9997902606203917,0.0006068945905791103
1483.1464695042348,1483.1464695042348,1.0000805153133192,0.0006071285201759277
1483.1534140223707,1483.1534140223707,0.9998279714699094,0.0006074089275509549
1483.1603585404832,1483.1603585404832,1.0005392589621318,0.0006068815755924812
1483.1673030585614,1483.1673030585614,1.0000942500495968,0.0006060019224217686
1483.1742475766155,1483.1742475766155,0.999589288809452,0.0006066428700245562
1483.1811920946463,1483.1811920946463,1.0008983130010087,0.0006075446059019804
1483.1881366126545,1483.1881366126545,0.999460392326113,0.0006063230733939035
1483.1950811306156,1483.1950811306156,1.0007864802522382,0.0006066729947529248
1483.2020256485655,1483.2020256485655,0.9998495787542578,0.000607476217885757
1483.2089701664802,1483.2089701664802,0.9997282492133717,0.0006072829363956169
1483.215914684383,1483.215914684383,0.9999137554835617,0.0006068920959247334
1483.2228592022166,1483.2228592022166,1.0001323051311217,0.0006068562220773332
1483.2298037200496,1483.2298037200496,0.9996345227488392,0.0006071296462019863
1483.2367482378827,1483.2367482378827,1.0008992656802664,0.0006068420254947245
1483.2436927556578,1483.2436927556578,0.9998064060428062,0.0006075013353175518
1483.2506372734097,1483.2506372734097,0.999575824574995,0.0006071131643593017
1483.2575817911388,1483.2575817911388,0.9997053292524486,0.000606144619221491
1483.2645263088202,1483.2645263088202,1.0000479116714736,0.000606694560923506
1483.271470826502,1483.271470826502,0.9999093409483836,0.0006069771979137601
1483.2784153441494,1483.2784153441494,1.0004487940082165,0.0006066538205877069
1483.2853598617614,1483.2853598617614,0.9997323498813898,0.0006066722421745385
1483.29230437935,1483.29230437935,0.9995519463878552,0.0006068873525221046
1483.2992488969273,1483.2992488969273,1.0009998962317306,0.0006065521683136261
1483.3061934144457,1483.3061934144457,1.000161081011933,0.0006065708675595932
1483.313137931942,1483.313137931942,0.9997209819070554,0.0006069769675668496
1483.3200824494143,1483.3200824494143,0.9997111326005452,0.00060674277371059
1483.327026966863,1483.327026966863,0.9997025493766151,0.0006068849706012039
1483.3339714842891,1483.3339714842891,1.000316135574772,0.0006066872443257975
1483.34091600168,1483.34091600168,1.0001928792526473,0.0006064602427383774
1483.3478605190473,1483.3478605190473,1.000222034027948,0.000606912169673302
1483.35480503638,1483.35480503638,0.9999250805091258,0.000606776528031709
1483.3617495537012,1483.3617495537012,1.0002861453997174,0.0006072460592265165
1483.3686940709522,1483.3686940709522,0.9992427606125964,0.0006068153835042169
1483.3756385882034,1483.3756385882034,0.9997210368320744,0.0006067049036637987
1483.3825831054546,1483.3825831054546,1.0000031747124898,0.0006069442402776291
1483.3895276226594,1483.3895276226594,0.9994487392566171,0.0006062747533835007
1483.3964721398177,1483.3964721398177,1.0005601771465031,0.0006072301740908995
1483.403416656964,1483.403416656964,0.9997945301744846,0.0006065632573787861
1483.410361174064,1483.410361174064,0.9996219090053643,0.0006063965469522853
1483.4173056911636,1483.4173056911636,1.0003792500995887,0.0006063187031043036
1483.4242502082288,1483.4242502082288,1.000367268647673,0.0006069002390049554
1483.4311947252586,1483.4311947252586,0.9997706647873207,0.0006065344084251963
1483.438139242242,1483.438139242242,0.9998173755327338,0.0006072486223237654
1483.4450837592371,1483.4450837592371,1.0002357996357485,0.0006065763469256857
1483.4520282761625,1483.4520282761625,0.9996125458455062,0.0006070486032706122
1483.458972793099,1483.458972793099,1.0006571669972781,0.0006068231782315259
1483.4659173099894,1483.4659173099894,1.0001836984836683,0.0006073913639975328
1483.4728618268448,1483.4728618268448,0.9994326606762799,0.0006072328693542196
1483.4798063436888,1483.4798063436888,1.0010015077408976,0.0006066423600883882
1483.4867508604857,1483.4867508604857,1.000012690810384,0.000606904067257893
1483.493695377259,1483.493695377259,0.9989647625250857,0.0006065708767805839
1483.5006398940218,1483.5006398940218,0.999844631780616,0.0006066376655298855
1483.5075844107373,1483.5075844107373,1.0002797709733122,0.0006066320800727985
1483.5145289274412,1483.5145289274412,1.000336546651035,0.0006075056248157219
1483.5214734440995,1483.5214734440995,1.0005561064560926,0.0006073987473086096
1483.528417960745,1483.528417960745,1.000287471063568,0.0006063778941934317
1483.5353624773445,1483.5353624773445,0.9992864839162368,0.0006071166386254365
1483.542306993932,1483.542306993932,1.0005750985679933,0.0006077049766034517
1483.5492515104845,1483.5492515104845,0.999303855615673,0.0006066570871059262
1483.5561960270138,1483.5561960270138,1.0001285441759005,0.0006075212739174375
1483.5631405435083,1483.5631405435083,0.9994524378213241,0.000607680022264413
1483.5700850599796,1483.5700850599796,1.0006417226496822,0.0006069195997907814
1483.5770295764275,1483.5770295764275,0.9998520269663231,0.0006065125207134037
1483.5839740928172,1483.5839740928172,1.0003460250000966,0.0006066237334583348
1483.5909186091951,1483.5909186091951,0.9993816548747576,0.000607058687157477
1483.5978631255732,1483.5978631255732,0.9999369913782046,0.0006064082985782468
1483.6048076419045,1483.6048076419045,1.0000340023518937,0.0006077855409182106
1483.6117521581896,1483.6117521581896,1.0010205817524458,0.0006071766792388878
1483.6186966744747,1483.6186966744747,0.9998307559670001,0.0006083616464664574
1483.6256411907245,1483.6256411907245,1.0004240359028744,0.0006084298125315782
1483.6325857069278,1483.6325857069278,0.9993585822643152,0.0006067677076886253
1483.63953022312,1483.63953022312,0.999462703513179,0.0006062615960640855
1483.6464747392765,1483.6464747392765,1.0005537581913493,0.0006068844400576321
1483.6534192554107,1483.6534192554107,0.999275390502327,0.0006067584193230186
1483.660363771521,1483.660363771521,0.9995636276575344,0.0006066772245655633
1483.6673082875845,1483.6673082875845,1.0003204235924374,0.0006066941526451262
1483.6742528036252,1483.6742528036252,1.0006356005467532,0.0006063866179061336
1483.6811973196423,1483.6811973196423,0.9998085392996282,0.000606915240363624
1483.6881418356363,1483.6881418356363,1.0004728305388668,0.0006076217686185341
1483.6950863515951,1483.6950863515951,1.0002583366011186,0.0006066050480085147
1483.7020308675192,1483.7020308675192,1.000141597771271,0.0006069067865356476
1483.7089753834198,1483.7089753834198,0.999909106926913,0.000607724711991205
1483.7159198992972,1483.7159198992972,0.9988095359990916,0.0006067125119286617
1483.7228644151396,1483.7228644151396,1.0001813473140175,0.000606955033219966
1483.7298089309359,1483.7298089309359,1.0012300356722283,0.0006067248721933064
1483.736753446732,1483.736753446732,1.0001269656535794,0.0006070308553624856
1483.743697962516,1483.743697962516,0.9997903658750863,0.0006062459181229876
1483.750642478242,1483.750642478242,1.0001697346777751,0.0006072750603085165
1483.7575869939453,1483.7575869939453,1.000216067049427,0.0006074040015818067
1483.764531509613,1483.764531509613,0.9997288090406629,0.0006060821382118333
1483.7714760252572,1483.7714760252572,0.9998866785427545,0.0006076685188723119
1483.778420540891,1483.778420540891,1.0003476821181798,0.0006062678932350701
1483.785365056466,1483.785365056466,1.0000778194876834,0.0006073737102344623
1483.7923095720405,1483.7923095720405,0.9998143775071572,0.0006060548368291586
1483.799254087557,1483.799254087557,1.0004428805994898,0.0006063352403724674
1483.806198603062,1483.806198603062,1.0007002514666332,0.0006067368788531033
1483.813143118544,1483.813143118544,0.9997727113359591,0.0006062268617887603
1483.8200876339906,1483.8200876339906,0.9999082771675063,0.0006063818127851947
1483.8270321494024,1483.8270321494024,0.9995721728761952,0.0006063847368980641
1483.8339766647907,1483.8339766647907,0.99962197163869,0.0006065218074549646
1483.8409211801559,1483.8409211801559,1.0007667137545202,0.000607338701553041
1483.8478656954865,1483.8478656954865,0.9997776265711529,0.0006069876768473387
1483.8548102107934,1483.8548102107934,1.0001325818439246,0.0006068304161216365
1483.861754726054,1483.861754726054,1.000367259604637,0.0006072749922104673
1483.8686992413145,1483.8686992413145,1.000026584022928,0.000606208250480683
1483.875643756528,1483.875643756528,1.000072491062219,0.0006067248329935889
1483.8825882716956,1483.8825882716956,0.9998744507249671,0.0006072560762617835
1483.889532786863,1483.889532786863,0.9992640416916636,0.0006060734718638528
1483.8964773019836,1483.8964773019836,1.0000041271613662,0.0006076230996000843
1483.9034218170927,1483.9034218170927,0.9998855903022242,0.0006077574993193594
1483.9103663321555,1483.9103663321555,1.0009627534913503,0.0006070611751990208
1483.9173108472066,1483.9173108472066,1.0001439919072597,0.0006064297748001906
1483.924255362211,1483.924255362211,0.9997224861241634,0.0006066630799864454
1483.9311998772037,1483.9311998772037,0.9997178138395615,0.0006067999452833851
1483.9381443921732,1483.9381443921732,0.9996273240490755,0.000606899708973684
1483.945088907108,1483.945088907108,1.0003038188116355,0.0006063384901919386
1483.952033421972,1483.952033421972,0.999846298053507,0.0006072498320341429
1483.9589779368603,1483.9589779368603,1.0000883461221268,0.000607302056263517
1483.9659224517013,1483.9659224517013,0.9998639298603541,0.000606520308024048
1483.9728669665078,1483.9728669665078,1.0004422439171323,0.0006067941697732738
1483.9798114812913,1483.9798114812913,1.0002361326189253,0.0006062775003035358
1483.9867559960394,1483.9867559960394,0.9999575950730868,0.0006078710823353586
1483.993700510776,1483.993700510776,0.9996545552427918,0.0006076878684143171
1484.0006450254664,1484.0006450254664,1.0002194309992487,0.0006073229314445718
1484.0075895401326,1484.0075895401326,0.9999696271069336,0.0006071338901742826
1484.0145340547647,1484.0145340547647,0.9998855400954844,0.0006066866980615434
1484.0214785693731,1484.0214785693731,0.9998044285609143,0.0006064244927389726
1484.0284230839466,1484.0284230839466,0.9995484493195924,0.000607195835865868
1484.0353675985093,1484.0353675985093,1.000174310264621,0.0006064880182973712
1484.042312113013,1484.042312113013,1.0004130414734071,0.0006065940816224765
1484.0492566275047,1484.0492566275047,0.9998301844360787,0.0006066171712387204
1484.056201141974,1484.056201141974,1.0006682112422602,0.0006067621379297068
1484.0631456564076,1484.0631456564076,1.0002593035343854,0.0006064654422919622
1484.0700901708183,1484.0700901708183,0.9993930190315439,0.0006073054105928623
1484.077034685171,1484.077034685171,0.9997911043180604,0.0006079167690200159
1484.0839791995118,1484.0839791995118,1.0004215566354513,0.0006064686995692356
1484.0909237138524,1484.0909237138524,0.9989319134944248,0.0006059905466370383
1484.0978682281352,1484.0978682281352,1.0002416170063568,0.0006063414506450463
1484.1048127423942,1484.1048127423942,1.0001144430476265,0.0006064033344412686
1484.1117572566304,1484.1117572566304,1.0002016286300415,0.0006060597401255656
1484.1187017708194,1484.1187017708194,1.0010620425685848,0.0006070357819747058
1484.1256462849974,1484.1256462849974,0.9991453258767186,0.0006064230616787752
1484.132590799129,1484.132590799129,0.9999201162696801,0.0006073410424346397
1484.139535313248,1484.139535313248,0.9997073237059702,0.0006067608685889627
1484.1464798273214,1484.1464798273214,1.000279848062753,0.0006064910909834982
1484.1534243413828,1484.1534243413828,0.9999019658068675,0.0006061142621199523
1484.1603688553978,1484.1603688553978,1.0008842020985012,0.0006078590395208355
1484.1673133694012,1484.1673133694012,0.9991466004207303,0.0006064777439058391
1484.1742578833578,1484.1742578833578,0.999703405404653,0.0006072717631913883
1484.1812023972911,1484.1812023972911,1.0004334456537556,0.0006067654673891402
1484.1881469112009,1484.1881469112009,1.000233687216273,0.0006062185347405173
1484.1950914250763,1484.1950914250763,0.9994949896580512,0.0006061865814223797
1484.2020359389164,1484.2020359389164,1.000173210209972,0.0006069523442770164
1484.208980452745,1484.208980452745,1.0001641093177416,0.0006069087923052904
1484.215924966515,1484.215924966515,0.9996608908896085,0.0006061877154046869
1484.2228694802743,1484.2228694802743,1.0001400246750292,0.0006066824200247879
1484.2298139940096,1484.2298139940096,1.0003871563440803,0.0006067201397154204
1484.23675850771,1484.23675850771,0.9997192814045398,0.000607781411307719
1484.2437030213757,1484.2437030213757,0.9996599602535952,0.000606364840175425
1484.2506475350176,1484.2506475350176,1.0002717516900632,0.0006071789145555298
1484.2575920486252,1484.2575920486252,1.0006483277031224,0.0006065640973553206
1484.2645365622093,1484.2645365622093,1.0002448792163217,0.0006073110695506221
1484.2714810757584,1484.2714810757584,0.9991815754108314,0.000606280704801443
1484.2784255892843,1484.2784255892843,0.999415163175936,0.0006059641198922908
1484.285370102764,1484.285370102764,1.0001325328298756,0.0006063255424493125
1484.2923146162318,1484.2923146162318,0.9993979114588779,0.0006064557921945373
1484.2992591296645,1484.2992591296645,1.0005710887527224,0.0006074010017856213
1484.3062036430738,1484.3062036430738,1.000333910064165,0.0006068118526330917
1484.3131481564371,1484.3131481564371,1.0007996675904474,0.0006071186268176349
1484.320092669765,1484.320092669765,0.999646736264243,0.0006072579036491566
1484.3270371830924,1484.3270371830924,1.0002033338271987,0.0006069740286758845
1484.333981696374,1484.333981696374,0.9994905703826127,0.000606407125045171
1484.3409262096206,1484.3409262096206,1.000142337066718,0.0006080888901462826
1484.3478707228555,1484.3478707228555,1.0007323982726652,0.0006077474826877712
1484.3548152360438,1484.3548152360438,1.000003289557544,0.0006067886155534371
1484.3617597492203,1484.3617597492203,1.0000805770491368,0.0006065521948294035
1484.368704262339,1484.368704262339,0.9999039263987795,0.000606549955589717
1484.3756487754454,1484.3756487754454,0.9999471956819346,0.00060684838359637
1484.382593288517,1484.382593288517,1.0004668338667102,0.0006063271646127438
1484.3895378015663,1484.3895378015663,0.9998214554356958,0.0006062680967341557
1484.3984267782107,1484.3984267782107,0.9998343196225015,0.0006068717704820773
1484.4131491456803,1484.4131491456803,0.9995425305367739,0.0006063749718404464
1484.420093658624,1484.420093658624,1.0001452143120098,0.0006064333589265799
1484.4270381714862,1484.4270381714862,1.0008226195531873,0.0006066050704023075
1484.433982684337,1484.433982684337,0.9998523489933084,0.0006067729168894259
1484.4409271971524,1484.4409271971524,0.9995508269065094,0.0006062841965525252
1484.447871709945,1484.447871709945,1.0000180679426545,0.0006067822506433094
1484.4548162227143,1484.4548162227143,0.9999318320373154,0.0006066430550991519
1484.4617607354485,1484.4617607354485,0.9999794779160673,0.0006073424033649524
1484.4687052481481,1484.4687052481481,1.0004749900428926,0.0006068704197610665
1484.4756497608123,1484.4756497608123,0.9992579577675962,0.0006059888093779398
1484.4825942734535,1484.4825942734535,1.000206613610525,0.00060661287893707
1484.4895387860827,1484.4895387860827,1.0002754361305477,0.0006076770952005383
1484.4964832986539,1484.4964832986539,0.99996639201728,0.0006067185290749659
1484.503427811202,1484.503427811202,1.0003515062817894,0.0006068668508862566
1484.510372323715,1484.510372323715,0.9997971017818245,0.0006074097125808719
1484.5173168362048,1484.5173168362048,1.0000940086022956,0.0006064723134084318
1484.5242613486603,1484.5242613486603,0.9991597291496097,0.00060685816947052
1484.531205861103,1484.531205861103,1.0002827566050854,0.0006069049459765155
1484.5381503734998,1484.5381503734998,1.0002771202079703,0.0006062258170552497
1484.545094885862,1484.545094885862,0.9999647454452436,0.0006065543486644452
1484.5520393982117,1484.5520393982117,0.9996276657532135,0.0006064003071597155
1484.5589839105153,1484.5589839105153,1.0002021592252894,0.0006068543735890484
1484.5659284227954,1484.5659284227954,1.000149759550277,0.0006062310351224313
1484.5728729350408,1484.5728729350408,0.9996754804291245,0.0006065932595952425
1484.579817447251,1484.579817447251,1.000374537317115,0.0006073603906323079
1484.5867619594499,1484.5867619594499,0.9999434728318919,0.0006068950934776691
1484.5937064716022,1484.5937064716022,1.0000482396614285,0.0006060421804518055
1484.600650983731,1484.600650983731,0.9996860851845177,0.0006065611940494253
1484.607595495813,1484.607595495813,1.00025568583971,0.0006059610899254561
1484.6145400078956,1484.6145400078956,1.0001015960380237,0.0006071841523547454
1484.6214845199077,1484.6214845199077,0.9999011084383372,0.0006065808476134937
1484.6284290319204,1484.6284290319204,1.000394911635642,0.0006059077589785787
1484.6353735438984,1484.6353735438984,0.9998197746846719,0.0006064490963365715
1484.6423180558409,1484.6423180558409,0.9998073150223836,0.0006069382436990824
1484.6492625677488,1484.6492625677488,1.0002073563802205,0.000606253457731717
1484.6562070796335,1484.6562070796335,0.9999341507386734,0.000606581766221472
1484.6631515914828,1484.6631515914828,1.0001984848127614,0.0006062157190308414
1484.6700961033089,1484.6700961033089,0.9998369021377732,0.0006080217797417768
1484.6770406150886,1484.6770406150886,1.000079655184158,0.0006067173392108485
1484.6839851268567,1484.6839851268567,0.9998246884426653,0.0006069282160353586
1484.690929638578,1484.690929638578,0.9998611176997269,0.00060682244536441
1484.6978741502764,1484.6978741502764,0.9996600103887818,0.000606720327791578
1484.704818661939,1484.704818661939,0.9998479673975899,0.0006066165373601208
1484.7117631735791,1484.7117631735791,1.0003781138837688,0.0006070093341001075
1484.7187076851844,1484.7187076851844,1.0001738631001444,0.0006072648716538259
1484.725652196766,1484.725652196766,1.0001162078027943,0.0006070376142422347
1484.7325967083011,1484.7325967083011,1.0003943197360532,0.0006065655306335103
1484.7395412198134,1484.7395412198134,0.9995038372425131,0.0006060316366691158
1484.7464857313018,1484.7464857313018,0.9999685085060189,0.000607244349228836
1484.753430242732,1484.753430242732,0.9998400427784805,0.0006066710474946206
1484.760374754163,1484.760374754163,0.9998880756947015,0.0006074249956656717
1484.7673192655586,1484.7673192655586,1.0004074558016385,0.0006071536279169063
1484.7742637769074,1484.7742637769074,1.0001874176865724,0.0006066714101822481
1484.7812082882328,1484.7812082882328,1.0000298090929287,0.0006074734669998784
1484.7881527995355,1484.7881527995355,0.9994726246327975,0.0006075194146742472
1484.795097310803,1484.795097310803,1.0002020828687963,0.0006073023571847201
1484.8020418220349,1484.8020418220349,1.000260051990916,0.0006071238497514517
1484.8089863332445,1484.8089863332445,0.9997307444592158,0.0006065418138967332
1484.8159308443953,1484.8159308443953,0.9997342184860185,0.0006065012362570699
1484.8228753555463,1484.8228753555463,0.9991309481860716,0.0006069775761810269
1484.8298198666625,1484.8298198666625,0.9997189681557318,0.0006069754866003961
1484.8367643777317,1484.8367643777317,1.0004619622946322,0.0006074662156231566
1484.84370888879,1484.84370888879,1.0003092493840762,0.0006066726481165946
1484.8506533998013,1484.8506533998013,1.0000707570385126,0.0006063373244445359
1484.8575979107893,1484.8575979107893,1.000183848691732,0.0006064123457072035
1484.8645424217418,1484.8645424217418,1.0003207626907857,0.0006065936662281967
1484.8714869326604,1484.8714869326604,1.0000947837139562,0.0006060465826199353
1484.8784314435438,1484.8784314435438,0.9995044185102884,0.0006065701960780423
1484.8853759544388,1484.8853759544388,0.9993304124428395,0.0006059600737374867
1484.8923204652292,1484.8923204652292,0.9997005328388895,0.0006064121578837104
1484.8992649760426,1484.8992649760426,1.0000738848214028,0.0006074480131339928
1484.9062094868095,1484.9062094868095,1.0010054191174493,0.0006064435720088998
1484.913153997541,1484.913153997541,0.9998069843814161,0.0006069250757072279
1484.9200985082498,1484.9200985082498,0.9999546453000148,0.0006061498662301682
1484.9270430189238,1484.9270430189238,0.9998139372878787,0.000606902561492537
1484.9339875295504,1484.9339875295504,1.0004125740957321,0.0006062966500582852
1484.9409320401778,1484.9409320401778,1.0000732511001487,0.0006068425488400419
1484.9478765507351,1484.9478765507351,0.9991889793044629,0.0006064159713351882
1484.9548210612923,1484.9548210612923,1.0004494215215338,0.0006067183451901945
1484.9617655718032,1484.9617655718032,0.9998477854336855,0.0006065677894269532
1484.9687100822907,1484.9687100822907,0.9998223620194393,0.0006067098825492267
1484.975654592743,1484.975654592743,1.0003321229161923,0.0006073748331635106
1484.9825991031605,1484.9825991031605,0.9990777855538824,0.0006071280879889624
1484.9895436135546,1484.9895436135546,1.0014987205350088,0.0006065856971838818
1484.996488123903,1484.996488123903,0.9996120200287585,0.0006072361206617876
1485.0034326342275,1485.0034326342275,0.9993339619491776,0.0006067588748733802
1485.0103771445288,1485.0103771445288,1.0006024422349253,0.0006073924124157723
1485.017321654795,1485.017321654795,1.000271088535807,0.0006070748285156164
1485.0242661650148,1485.0242661650148,0.9993680746727163,0.0006063800864313368
1485.031210675211,1485.031210675211,1.000759870328701,0.0006066327757192155
1485.0381551853845,1485.0381551853845,0.9999600053343919,0.0006070455159188404
1485.0450996955221,1485.0450996955221,1.0001701350905072,0.000606658888296254
1485.0520442056254,1485.0520442056254,0.9998523395145403,0.0006066823592210728
1485.058988715694,1485.058988715694,0.998651303540554,0.0006071371433061664
1485.0659332257273,1485.0659332257273,0.9996630767723971,0.0006062809022443882
1485.0728777357606,1485.0728777357606,1.0005096234315463,0.0006069052492585445
1485.0798222457358,1485.0798222457358,1.0003000054071263,0.0006068668264023892
1485.086766755653,1485.086766755653,0.9997403833966049,0.0006065112001056284
1485.0937112655697,1485.0937112655697,1.0012647643635308,0.0006066873842014449
1485.100655775452,1485.100655775452,0.9995140844055628,0.0006059321958045204
1485.1076002852992,1485.1076002852992,0.9997753255491748,0.0006064565067860166
1485.1145447951235,1485.1145447951235,1.0001853621272467,0.0006068755260159116
1485.1214893049123,1485.1214893049123,1.0002645138202981,0.0006062394030223662
1485.128433814655,1485.128433814655,0.999759050326913,0.0006072737707908108
1485.1353783243737,1485.1353783243737,0.9998516590943931,0.0006068917411626368
1485.1423228340577,1485.1423228340577,0.9998493705013471,0.0006061503109096198
1485.1492673437192,1485.1492673437192,1.0009124262940863,0.0006068315003808809
1485.156211853345,1485.156211853345,1.0002530115717143,0.0006066315321701895
1485.1631563629358,1485.1631563629358,0.9994988626277023,0.0006068620301799835
1485.1701008724922,1485.1701008724922,1.0000627542549154,0.0006073910467076872
1485.1770453820245,1485.1770453820245,0.9994265998718553,0.0006064385460186327
1485.1839898915111,1485.1839898915111,1.0001215908380778,0.0006067577483894459
1485.1909344009741,1485.1909344009741,1.0002250007392952,0.0006068250804572402
1485.1978789104253,1485.1978789104253,1.0007909430982642,0.000607411466917412
1485.2048234198187,1485.2048234198187,0.9999505195033018,0.0006066195966062118
1485.2117679291769,1485.2117679291769,0.999871812290835,0.0006070600972507014
1485.2187124385116,1485.2187124385116,0.9998819090136728,0.000606696864578598
1485.2256569478004,1485.2256569478004,0.9992533589727144,0.0006072229123672965
1485.2326014570885,1485.2326014570885,1.0010467267699006,0.0006065831487192702
1485.2395459663192,1485.2395459663192,0.9994711820274539,0.0006064382824098704
1485.2464904755143,1485.2464904755143,1.0000165876215552,0.0006068655817027933
1485.2534349846976,1485.2534349846976,0.99969009027342,0.0006069017672656573
1485.2603794938345,1485.2603794938345,1.0011642837535943,0.0006080020735291904
1485.26732400296,1485.26732400296,0.9995502701153883,0.0006062710456196127
1485.274268512004,1485.274268512004,0.9994325241616187,0.0006070360406238409
1485.2812130210596,1485.2812130210596,1.0000101755058606,0.0006074525577671317
1485.2881575300685,1485.2881575300685,1.0001212691596977,0.0006066568253629076
1485.2951020390312,1485.2951020390312,1.0000298832798993,0.0006069495608946844
1485.3020465479815,1485.3020465479815,0.999835138082451,0.0006063645828124754
1485.3089910568974,1485.3089910568974,1.0002664599293776,0.0006069903601721085
1485.3159355657785,1485.3159355657785,0.9994936756309871,0.0006068836021560203
1485.3228800746128,1485.3228800746128,0.9992278374530443,0.0006066609527258202
1485.3298245834235,1485.3298245834235,1.0003201282871248,0.0006068023342514133
1485.3367690922119,1485.3367690922119,1.0003371545713449,0.0006060474080822342
1485.3437136009647,1485.3437136009647,0.9999817756211081,0.0006069633218289389
1485.350658109683,1485.350658109683,1.0000262009467835,0.0006061253768152944
1485.3576026183655,1485.3576026183655,0.9998139901607072,0.0006064013582527705
1485.3645471270138,1485.3645471270138,0.9998581376537536,0.0006066039335103429
1485.371491635627,1485.371491635627,1.0001120049719205,0.0006062462361646431
1485.3784361442051,1485.3784361442051,1.0002863335988397,0.0006066313330694152
1485.3853806527482,1485.3853806527482,1.0001556830374247,0.0006062719092419236
1485.3923251612682,1485.3923251612682,0.9994221816034183,0.0006063041382627982
1485.3992696697653,1485.3992696697653,1.0001276394807435,0.0006064002181079801
1485.4062141782156,1485.4062141782156,0.9996141040151564,0.0006063303742260675
1485.4131586866308,1485.4131586866308,1.0000469839488226,0.0006071518310268713
1485.4201031950106,1485.4201031950106,1.000339184067938,0.0006068009242619886
1485.427047703368,1485.427047703368,0.9991866144200644,0.0006062830257851656
1485.4339922116785,1485.4339922116785,0.9998151137664856,0.0006074421423151808
1485.4409367199773,1485.4409367199773,0.9998943511543266,0.0006071145743695679
1485.4478812282064,1485.4478812282064,0.9997911847712473,0.0006067253018445072
1485.4548257364356,1485.4548257364356,1.000996706500521,0.0006063609701342314
1485.4617702446299,1485.4617702446299,1.0002780436219199,0.0006074773779784433
1485.4687147527889,1485.4687147527889,1.0001427365082953,0.0006062481153941127
1485.4756592609015,1485.4756592609015,0.9998591803041071,0.0006066747336117711
1485.4826037689909,1485.4826037689909,0.9997862154384528,0.0006070404778670168
1485.4895482770448,1485.4895482770448,0.9997408986380452,0.000606996316622807
1485.4964927850644,1485.4964927850644,0.9994371635252166,0.0006072165023144914
1485.503437293049,1485.503437293049,1.000394956884572,0.0006064744286648787
1485.5103818009866,1485.5103818009866,0.999533955559382,0.0006066850071014509
1485.517326308925,1485.517326308925,0.9999574427568385,0.0006067654801501676
1485.5242708168164,1485.5242708168164,0.9998555157634119,0.000606681508101808
1485.531215324661,1485.531215324661,1.0006767307582407,0.0006064288910812177
1485.538159832494,1485.538159832494,0.9994813356173132,0.0006067730564277093
1485.5451043402688,1485.5451043402688,1.0003496976692798,0.0006070169865245987
1485.5520488480208,1485.5520488480208,1.0001383410306293,0.0006065031434800503
1485.5589933557376,1485.5589933557376,0.9991572145617237,0.0006068168250761269
1485.565937863443,1485.565937863443,0.9999043965089844,0.0006072468846744408
1485.5728823710901,1485.5728823710901,1.0001591198800313,0.0006068458358094598
1485.579826878702,1485.579826878702,1.0001377236197402,0.000606112406787017
1485.5867713862906,1485.5867713862906,1.0007519930594406,0.0006070825487302858
1485.5937158938332,1485.5937158938332,0.9996616456774833,0.0006076433937679635
1485.6006604013398,1485.6006604013398,0.9993613411309494,0.0006072774458052201
1485.6076049088356,1485.6076049088356,1.0002418480115574,0.0006074336959201349
1485.6145494162847,1485.6145494162847,1.0003495368865496,0.0006076808757895407
1485.621493923687,1485.621493923687,1.000381271951521,0.000606541294299326
1485.628438431101,1485.628438431101,0.9997534733738396,0.0006064861070513032
1485.6353829384336,1485.6353829384336,0.9991155510420647,0.0006065578358747062
1485.642327445743,1485.642327445743,0.9997459719569051,0.0006061511570787097
1485.6492719530172,1485.6492719530172,1.000554322682259,0.0006075041679424301
1485.6562164602683,1485.6562164602683,1.0002343988974178,0.00060647666582361
1485.6631609674846,1485.6631609674846,1.0008405448327273,0.0006068666923934364
1485.670105474654,1485.670105474654,0.9988152007822757,0.000608105831720532
1485.6770499818006,1485.6770499818006,0.999895895699321,0.0006071157373849337
1485.683994488901,1485.683994488901,0.9996377350414635,0.0006069264241915945
1485.6909389959653,1485.6909389959653,1.0000271282763635,0.0006070455250841199
1485.69788350303,1485.69788350303,1.0001697476709492,0.0006069759648577623
1485.7048280100255,1485.7048280100255,1.0000857652162236,0.0006069850723190574
1485.7117725170087,1485.7117725170087,1.000387070647219,0.0006075471275203018
1485.7187170239454,1485.7187170239454,0.9997019638338231,0.000607625271923502
1485.7256615308474,1485.7256615308474,1.000047806824313,0.0006072611371301149
1485.7326060377138,1485.7326060377138,0.999576892932405,0.0006071928048488884
1485.739550544546,1485.739550544546,1.0000071647933617,0.0006061889584776445
1485.7464950513663,1485.7464950513663,0.9998448264113069,0.000606285157120334
1485.7534395581167,1485.7534395581167,1.0003848376152589,0.0006067729390197976
1485.7603840648558,1485.7603840648558,0.9997516592670662,0.0006068223297199769
1485.7673285715482,1485.7673285715482,1.0005057825061565,0.0006070408970348575
1485.774273078217,1485.774273078217,0.9999982331148527,0.0006063980526382244
1485.781217584851,1485.781217584851,0.9998396175823743,0.0006066634937676706
1485.7881620914388,1485.7881620914388,0.9996617599256601,0.0006067725699251569
1485.7951065980037,1485.7951065980037,0.9995158227304722,0.0006066346702880497
1485.802051104521,1485.802051104521,1.0003567606668122,0.0006063842599650972
1485.8089956110036,1485.8089956110036,1.0000990798599299,0.0006065283514522957
1485.8159401174748,1485.8159401174748,0.999964089459926,0.0006056270931764782
1485.8228846238876,1485.8228846238876,1.0004245039971131,0.0006068921578461094
1485.8298291302774,1485.8298291302774,1.0000954353442786,0.0006060857215252945
1485.8367736366322,1485.8367736366322,0.9999948618158566,0.0006072957792771468
1485.8437181429517,1485.8437181429517,1.0000631244465368,0.0006073447257133378
1485.8506626492253,1485.8506626492253,0.9998815182089021,0.0006063253632410352
1485.8576071554749,1485.8576071554749,0.9996616716654476,0.0006060791343820764
1485.8645516617012,1485.8645516617012,1.000533603312605,0.0006070074579381118
1485.8714961678702,1485.8714961678702,0.9994804816060567,0.0006069177423739105
1485.8784406740037,1485.8784406740037,1.0003066188105072,0.0006077264688348732
1485.8853851801136,1485.8853851801136,1.0004197941203992,0.0006077994707456384
1485.892329686189,1485.892329686189,0.9998657806767696,0.0006066436264183022
1485.8992741922182,1485.8992741922182,0.9996481561823483,0.0006066982058235967
1485.9062186982355,1485.9062186982355,0.9994265249716842,0.0006067095837984101
1485.913163204194,1485.913163204194,1.000191660644031,0.0006069798380743557
1485.9201077101297,1485.9201077101297,0.9998580753188981,0.0006061888868356265
1485.9270522160305,1485.9270522160305,1.0005896248317017,0.0006071453415179039
1485.9339967218727,1485.9339967218727,0.9999870284303924,0.0006065966870258822
1485.9409412277034,1485.9409412277034,0.9996388816188005,0.000607312482031134
1485.9478857334993,1485.9478857334993,0.9999074049418175,0.0006064228451288362
1485.954830239249,1485.954830239249,1.0002279136265095,0.0006068956899881126
1485.9617747449752,1485.9617747449752,1.0004102475414576,0.0006074711734371009
1485.9687192506547,1485.9687192506547,0.9997810328227574,0.000606683755123546
1485.975663756287,1485.975663756287,1.0001028365541889,0.0006067486029017463
1485.982608261897,1485.982608261897,0.9999775976206013,0.0006070114696967093
1485.9895527675067,1485.9895527675067,0.9998553667650867,0.0006065931664799146
1485.996497273035,1485.996497273035,1.0000122053755498,0.0006070645611555546
1486.0034417785514,1486.0034417785514,1.0002864178630846,0.0006070893773292629
1486.0103862840217,1486.0103862840217,1.0004100285052533,0.0006060982106116216
1486.0173307894568,1486.0173307894568,0.9997334220420016,0.000605981722475669
1486.0242752948566,1486.0242752948566,0.9997152555727797,0.0006060594597883072
1486.0312198002334,1486.0312198002334,1.0000650649490606,0.0006063598566901866
1486.0381643055523,1486.0381643055523,1.0002113864205382,0.000606666514723668
1486.045108810847,1486.045108810847,1.0000928495359893,0.0006076607131509457
1486.0520533160961,1486.0520533160961,0.999831226650927,0.0006069143246060145
1486.0589978213216,1486.0589978213216,0.9999918525204048,0.0006078856207772716
1486.065942326512,1486.065942326512,1.0014099946254382,0.0006064508333671341
1486.0728868316562,1486.0728868316562,0.9997474125804808,0.0006062656097983625
1486.079831336777,1486.079831336777,0.9990978962016402,0.0006071446044905125
1486.086775841851,1486.086775841851,1.0006843556362903,0.0006069901653925984
1486.0937203468784,1486.0937203468784,0.9996287779470141,0.0006072932203995296
1486.1006648519058,1486.1006648519058,0.9997676662057637,0.0006077751339063218
1486.1076093568638,1486.1076093568638,0.9995777206240571,0.0006065267521059866
1486.1145538617982,1486.1145538617982,0.9997661830790889,0.0006067372352335123
1486.1214983666864,1486.1214983666864,0.9996948488325899,0.000606335911436705
1486.1284428715512,1486.1284428715512,0.999775879161463,0.0006073381061655093
1486.1353873763808,1486.1353873763808,1.0008793689683333,0.0006066035210895316
1486.1423318811753,1486.1423318811753,1.0005254709111775,0.0006073621658802778
1486.1492763859353,1486.1492763859353,1.000049172619993,0.0006069737243080931
1486.1562208906366,1486.1562208906366,1.0003545059739007,0.0006064701480179487
1486.163165395315,1486.163165395315,0.9996945802360994,0.0006070021665322135
1486.1701098999588,1486.1701098999588,0.999880939746706,0.0006070004081303708
1486.1770544045787,1486.1770544045787,0.9997959058367988,0.0006067961865203827
1486.1839989091288,1486.1839989091288,0.9997326310666808,0.0006071652503718884
1486.1909434136792,1486.1909434136792,1.0004035124971016,0.0006067688984184198
1486.1978879181595,1486.1978879181595,0.9995151075866401,0.0006074889985735502
1486.2048324226048,1486.2048324226048,1.0001981729335858,0.0006077108996579505
1486.2117769270503,1486.2117769270503,0.9997953299438593,0.0006066088607924264
1486.2187214314376,1486.2187214314376,1.000019580531905,0.0006069800653151988
1486.2256659357904,1486.2256659357904,1.0002173421228702,0.0006066104382062821
1486.232610440108,1486.232610440108,0.9999007050797,0.0006063994622764869
1486.239554944379,1486.239554944379,1.0002157222287853,0.0006073125257982559
1486.2464994486147,1486.2464994486147,1.0002130629222825,0.0006065856663651828
1486.2534439528272,1486.2534439528272,0.9998313210116031,0.0006069014389877833
1486.2603884570053,1486.2603884570053,1.0000134540944843,0.00060641046018655
1486.267332961113,1486.267332961113,1.0005250915611363,0.0006069945060591826
1486.2742774652093,1486.2742774652093,1.0000137803673588,0.0006069753370171159
1486.2812219692707,1486.2812219692707,0.9990788627704632,0.0006071548883438463
1486.288166473285,1486.288166473285,0.9993449462008253,0.0006064674627548558
1486.295110977265,1486.295110977265,1.0002761678987189,0.0006065900506065731
1486.30205548121,1486.30205548121,1.000055372600034,0.000607083336757755
1486.3089999850965,1486.3089999850965,0.9998942768665519,0.0006061882128359251
1486.3159444889602,1486.3159444889602,1.000854240378235,0.0006069751843724894
1486.3228889928118,1486.3228889928118,1.0000150131972425,0.0006059552768947607
1486.3298334966053,1486.3298334966053,0.9997685859340167,0.000606821141148639
1486.3367780003641,1486.3367780003641,1.0002362112390981,0.0006074725150814582
1486.3437225040764,1486.3437225040764,1.0001594059739976,0.000607022164158358
1486.3506670077772,1486.3506670077772,1.0002916226769352,0.0006069360722166642
1486.3576115114192,1486.3576115114192,1.0002207655194104,0.0006067696097825459
1486.3645560150146,1486.3645560150146,0.9994387689169134,0.0006062323884680322
1486.371500518587,1486.371500518587,0.999972852813338,0.0006079904656386821
1486.3784450221244,1486.3784450221244,0.9995885755777205,0.0006067809975079066
1486.3853895256154,1486.3853895256154,0.9995563465398585,0.0006067792720118686
1486.392334029083,1486.392334029083,1.0001666125262456,0.0006064860529716878
1486.3992785324922,1486.3992785324922,0.9997697782862398,0.0006066507469261251
1486.4062230358786,1486.4062230358786,1.0001512525105762,0.0006065013243863277
1486.4131675392061,1486.4131675392061,1.0002457320350469,0.0006070014635833549
1486.4201120425455,1486.4201120425455,1.0007085693552766,0.0006070788932729597
1486.4270565457925,1486.4270565457925,0.9998580196196013,0.0006073534288445147
1486.4340010490273,1486.4340010490273,0.9995680046052238,0.0006058017391424458
1486.440945552215,1486.440945552215,1.0006118646579805,0.0006064649374528024
1486.447890055369,1486.447890055369,1.0000575777341827,0.0006067284062182224
1486.4548345584874,1486.4548345584874,0.9993072346393251,0.000606457748876624
1486.4617790615594,1486.4617790615594,1.0002538445918212,0.00060721502838445
1486.468723564584,1486.468723564584,0.9999754394361007,0.0006067307963386787
1486.4756680675862,1486.4756680675862,0.9992590994567422,0.0006067565851681764
1486.482612570565,1486.482612570565,1.0003839216933268,0.0006077948332774297
1486.4895570734852,1486.4895570734852,1.0003730619037259,0.0006074054389818787
1486.4965015763823,1486.4965015763823,1.000409581378155,0.0006066047883424885
1486.5034460792212,1486.5034460792212,0.999658303301375,0.0006066277089932099
1486.5103905820372,1486.5103905820372,1.0004232758671443,0.0006067622335907809
1486.5173350848065,1486.5173350848065,0.9995663316039552,0.0006068348527676222
1486.5242795875172,1486.5242795875172,0.9998118900952246,0.0006072310353892501
1486.531224090216,1486.531224090216,1.0010117322082355,0.0006072269165613229
1486.5381685928924,1486.5381685928924,0.9993981232728816,0.0006065777490478521
1486.5451130954984,1486.5451130954984,0.9994143195671802,0.0006062014725693909
1486.552057598081,1486.552057598081,1.0007295465870334,0.0006064203723305405
1486.5590021006178,1486.5590021006178,1.0009135800482611,0.0006062377249052436
1486.5659466031193,1486.5659466031193,1.0000393899484852,0.0006065076874237195
1486.5728911055858,1486.5728911055858,0.9995726594063878,0.0006066451237240795
1486.5798356080054,1486.5798356080054,0.9997385793412917,0.0006069241084673216
1486.5867801103905,1486.5867801103905,0.9993716983154707,0.0006059041903526843
1486.5937246127291,1486.5937246127291,1.0005782008096664,0.0006069177155208603
1486.6006691150437,1486.6006691150437,1.0005684408862172,0.0006068263287907303
1486.6076136173008,1486.6076136173008,0.9998519624122728,0.0006073512758725232
1486.6145581195344,1486.6145581195344,0.9999747160644225,0.0006076903178987612
1486.621502621721,1486.621502621721,0.9995339278274266,0.000606847941105233
1486.6284471238737,1486.6284471238737,1.0000851195475806,0.0006067010508501137
1486.635391625991,1486.635391625991,1.0004852321012176,0.000607877005542605
1486.6423361280497,1486.6423361280497,0.9998083885895077,0.0006071782816031775
1486.6492806300853,1486.6492806300853,0.9999263825449283,0.0006060573002782761
1486.6562251320624,1486.6562251320624,0.9989627351650772,0.0006074508855598538
1486.6631696340287,1486.6631696340287,1.0004147073689462,0.0006077240665296144
1486.6701141359367,1486.6701141359367,1.0005531160766328,0.0006063394071238052
1486.6770586378211,1486.6770586378211,0.9998814837964811,0.0006063871232776382
1486.684003139647,1486.684003139647,1.0007898920648934,0.0006064930157445352
1486.6909476414385,1486.6909476414385,1.0001193016112,0.0006072397115060074
1486.6978921432062,1486.6978921432062,0.9998226756360038,0.0006065149236787585
1486.7048366449044,1486.7048366449044,1.000107343758281,0.0006072778548835684
1486.7117811465791,1486.7117811465791,0.9986296368354427,0.0006063483268190131
1486.7187256482189,1486.7187256482189,0.9996021885953491,0.000607005064622991
1486.7256701498125,1486.7256701498125,1.0002195399026435,0.0006061815068837014
1486.732614651382,1486.732614651382,1.0001435953351998,0.0006066705334905177
1486.7395591528825,1486.7395591528825,1.0004321934155604,0.0006068254907592394
1486.7465036543595,1486.7465036543595,1.000240236924475,0.0006070316367859945
1486.7534481557898,1486.7534481557898,1.000633449117359,0.0006068030719507262
1486.760392657185,1486.760392657185,0.9993480078118537,0.0006062075493070507
1486.7673371585338,1486.7673371585338,1.0000089766641438,0.0006067082525985398
1486.77428165986,1486.77428165986,1.000757683227518,0.000607027416029718
1486.781226161139,1486.781226161139,0.9993903962281376,0.0006056261295637086
1486.7881706623714,1486.7881706623714,1.000470570620331,0.0006067628695517501
1486.7951151635573,1486.7951151635573,1.00012009660064,0.0006067256136474996
1486.802059664708,1486.802059664708,1.0002426891401726,0.000607087162048715
1486.8090041658122,1486.8090041658122,0.9995935271794203,0.0006066104448632522
1486.8159486668937,1486.8159486668937,1.0003328236073028,0.000607045414295212
1486.8228931679282,1486.8228931679282,0.9999428311875989,0.0006058977957020541
1486.8298376689158,1486.8298376689158,0.999975921826282,0.0006063806310949176
1486.8367821698691,1486.8367821698691,0.999508608596118,0.0006066697312081751
1486.8437266707751,1486.8437266707751,0.9997923370761297,0.0006071189917818139
1486.850671171635,1486.850671171635,1.0000843505218924,0.0006068421906335944
1486.8576156724487,1486.8576156724487,0.9998667362099057,0.0006065581908121648
1486.86456017325,1486.86456017325,1.0003948236785445,0.0006061038125906775
1486.8715046739937,1486.8715046739937,1.000443493244109,0.0006072653772365723
1486.8784491747142,1486.8784491747142,0.9999476791863773,0.000608395042736719
1486.8853936753767,1486.8853936753767,0.9998791659568221,0.0006072038139393285
1486.89233817598,1486.89233817598,0.9999147685633591,0.0006063916581971611
1486.8992826765605,1486.8992826765605,0.9997712248819735,0.0006065639707527827
1486.9062271771065,1486.9062271771065,1.0007206488502411,0.0006083923174417873
1486.9131716775933,1486.9131716775933,1.0000618904856062,0.0006072579050091543
1486.9201161780575,1486.9201161780575,0.9991600602347775,0.0006066950802332165
1486.927060678475,1486.927060678475,1.00048888112536,0.0006071218597819107
1486.9340051788458,1486.9340051788458,0.9993668194446738,0.000606272174686732
1486.9409496791704,1486.9409496791704,1.0001530766635003,0.0006069506330729598
1486.9478941794716,1486.9478941794716,1.0001280858980093,0.0006060674163827299
1486.9548386797144,1486.9548386797144,0.9998265027170208,0.0006060389596348741
1486.9617831799221,1486.9617831799221,1.0001414641969288,0.0006066011217595304
1486.9687276800837,1486.9687276800837,0.999448505841723,0.0006059781722025576
1486.9756721801982,1486.9756721801982,1.0002450777329988,0.0006065001167741722
1486.9826166802784,1486.9826166802784,0.9995693663894242,0.000605949175035383
1486.9895611803238,1486.9895611803238,1.0004919885959793,0.0006064098836235014
1486.9965056803226,1486.9965056803226,1.0006163372087122,0.0006061608645615202
1487.003450180274,1487.003450180274,0.9999610628648373,0.0006068553595509991
1487.0103946801912,1487.0103946801912,0.9999360745570405,0.0006070435459617825
1487.0173391800618,1487.0173391800618,0.9993615271920724,0.0006061508522700891
1487.024283679885,1487.024283679885,0.9997947532536898,0.0006068535172416571
1487.0312281796741,1487.0312281796741,0.9995743835114231,0.0006059654546166852
1487.0381726794164,1487.0381726794164,0.9998913955711106,0.0006064441645771889
1487.045117179112,1487.045117179112,1.0000908101759651,0.0006063602638666679
1487.0520616787728,1487.0520616787728,1.0005828820005034,0.0006065245542540204
1487.0590061783987,1487.0590061783987,1.0003688285929355,0.0006068485034271467
1487.0659506779666,1487.0659506779666,0.9996827352851201,0.0006074848588661271
1487.0728951774759,1487.0728951774759,0.999955453036617,0.0006061245150977633
1487.079839676974,1487.079839676974,1.000063778469783,0.0006065550352477452
1487.0867841764364,1487.0867841764364,0.999613934573064,0.0006071406701579103
1487.0937286758297,1487.0937286758297,1.0000560894145738,0.0006062386011081577
1487.1006731751881,1487.1006731751881,1.0003284241563013,0.0006064205830168232
1487.1076176744998,1487.1076176744998,1.0003455961868697,0.000607349935734959
1487.1145621737644,1487.1145621737644,0.9997516385903141,0.0006065705366504674
1487.1215066730297,1487.1215066730297,0.9996192901084575,0.0006078775007782104
1487.1284511721901,1487.1284511721901,1.0005156263000126,0.0006075988222114111
1487.1353956713383,1487.1353956713383,0.9999482186012937,0.0006066950230311274
1487.1423401704292,1487.1423401704292,0.9995830159880047,0.0006063043964985923
1487.149284669496,1487.149284669496,0.9997726769657816,0.0006065238939907347
1487.1562291685048,1487.1562291685048,1.0006886902328926,0.0006068307651339934
1487.163173667467,1487.163173667467,1.000325487631219,0.0006072031024391969
1487.1701181664062,1487.1701181664062,0.9998255498729435,0.0006061413892202161
1487.1770626652753,1487.1770626652753,0.9998653231719038,0.0006064323867085624
1487.1840071641213,1487.1840071641213,0.9996264937288937,0.0006069879784472083
1487.190951662909,1487.190951662909,1.0005284048129124,0.0006066237806154975
1487.197896161662,1487.197896161662,1.000094630135285,0.000606136597505921
1487.2048406603685,1487.2048406603685,1.000022984552557,0.0006073656151034932
1487.2117851590513,1487.2117851590513,1.0005983624602053,0.0006077059729972587
1487.2187296576644,1487.2187296576644,0.9995979580669738,0.0006071161275903268
1487.2256741562192,1487.2256741562192,1.0004088540033735,0.0006068922990285656
1487.2326186547627,1487.2326186547627,1.0000389766019568,0.0006063137655998873
1487.2395631532477,1487.2395631532477,0.9994769990639896,0.0006063886898733638
1487.246507651686,1487.246507651686,0.9999042264639764,0.0006066227292899823
1487.2534521500897,1487.2534521500897,0.9994446823224141,0.0006067082448728596
1487.260396648435,1487.260396648435,1.0002058081203982,0.0006069392468114195
1487.267341146745,1487.267341146745,1.000104431784851,0.0006060452594149814
1487.274285645009,1487.274285645009,0.9997214016543687,0.0006073152720568503
1487.2812301432145,1487.2812301432145,1.0006344271407188,0.000606538338520486
1487.2881746413968,1487.2881746413968,1.0002162066830642,0.0006066116079880811
1487.2951191395211,1487.2951191395211,1.0002031313850885,0.0006066331966813494
1487.3020636376216,1487.3020636376216,0.9999977080958203,0.0006059898667959876
1487.3090081356647,1487.3090081356647,0.9999962060407201,0.0006066792036144077
1487.3159526336376,1487.3159526336376,0.9995779529983192,0.0006061577025800463
1487.3228971315873,1487.3228971315873,0.999878908653421,0.000606344830318354
1487.3298416294904,1487.3298416294904,0.999895785010214,0.0006071736372164239
1487.3367861273466,1487.3367861273466,0.9997385883943404,0.0006060765759800175
1487.3437306251683,1487.3437306251683,1.0004461536868792,0.0006067363386819743
1487.3506751229313,1487.3506751229313,0.9993907024110873,0.0006069534084562778
1487.3576196206595,1487.3576196206595,1.000380770456557,0.0006065962718898966
1487.3645641183414,1487.3645641183414,0.9998222112896243,0.0006067145546023252
1487.371508615965,1487.371508615965,1.0011356591891738,0.0006066305001407975
1487.3784531135536,1487.3784531135536,1.000014206772502,0.0006073657614530516
1487.385397611084,1487.385397611084,0.9995261744129531,0.0006064758480846945
1487.3923421085678,1487.3923421085678,0.9995389040022891,0.0006064290958716753
1487.3992866060282,1487.3992866060282,1.0001373942571916,0.0006065573200933176
1487.406231103419,1487.406231103419,0.9991907023857666,0.0006063189263672277
1487.4131756007862,1487.4131756007862,1.0001394537532498,0.000606504476071733
1487.4201200980963,1487.4201200980963,1.000247776860236,0.0006066793571777099
1487.4270645953584,1487.4270645953584,1.0004326851314265,0.0006069063657434716
1487.4340090925748,1487.4340090925748,1.0000131808492547,0.0006067292895080351
1487.4409535897444,1487.4409535897444,1.0009294792205936,0.0006074251341574792
1487.447898086867,1487.447898086867,0.9995499632486642,0.0006063454579293994
1487.4548425839437,1487.4548425839437,0.9998936015245411,0.0006064349925383604
1487.4617870809736,1487.4617870809736,1.0000153887729444,0.0006066371658436707
1487.4687315779452,1487.4687315779452,0.9993639060696321,0.000606199984781546
1487.4756760748933,1487.4756760748933,1.0001125416426442,0.0006068414351304626
1487.4826205717716,1487.4826205717716,0.9999531762679792,0.000606159164059673
1487.4895650686271,1487.4895650686271,0.999715598362917,0.0006060856726611844
1487.4965095654127,1487.4965095654127,0.9996972512646132,0.0006066248181884864
1487.503454062163,1487.503454062163,0.999632982776,0.0006062779344830364
1487.5103985588669,1487.5103985588669,1.000411843366068,0.0006072858955568375
1487.517343055524,1487.517343055524,0.9998567892719746,0.0006064103760913017
1487.5301209292106,1487.5301209292106,1.000202903596038,0.000606585887813825
1487.5409543437822,1487.5409543437822,1.0005668078620906,0.0006068537375603829
1487.5478988402297,1487.5478988402297,0.9997793789971168,0.0006061017363638237
1487.5548433366196,1487.5548433366196,1.0007140841919007,0.0006081286676043442
1487.5617878329856,1487.5617878329856,0.9998912623640075,0.000606665513896294
1487.5687323292818,1487.5687323292818,1.0003443339045912,0.0006068716985124856
1487.575676825532,1487.575676825532,1.0004358775486304,0.0006062550331789064
1487.5826213217351,1487.5826213217351,0.999973464869585,0.000606288586577379
1487.589565817892,1487.589565817892,0.9988887041082961,0.0006069375003150944
1487.5965103139902,1487.5965103139902,0.9998500181303143,0.000607000321266353
1487.6034548100656,1487.6034548100656,1.0002260571952473,0.0006071349973317924
1487.610399306071,1487.610399306071,1.0003152160998312,0.0006063593554999765
1487.6173438020414,1487.6173438020414,0.9999243719198214,0.0006071921034025833
1487.6242882979418,1487.6242882979418,1.0001085122322846,0.0006069698016336995
1487.631232793808,1487.631232793808,1.0003999722917238,0.0006069130242134771
1487.638177289627,1487.638177289627,1.000623699089514,0.0006067064660683914
1487.6451217853996,1487.6451217853996,0.9992968850793396,0.0006078849115982837
1487.652066281114,1487.652066281114,0.9994024571405781,0.0006070682237011562
1487.6590107767934,1487.6590107767934,1.000097925939924,0.0006068167655672962
1487.6659552724027,1487.6659552724027,0.9999689120797747,0.0006062744857726263
1487.6728997679775,1487.6728997679775,1.0000939928026487,0.0006071113153663047
1487.679844263494,1487.679844263494,0.9998264185085812,0.0006072310728205538
1487.6867887589756,1487.6867887589756,1.000300002181669,0.0006062956522916123
1487.693733254399,1487.693733254399,0.9997724913264798,0.0006071063974581927
1487.700677749764,1487.700677749764,1.0003425271949715,0.0006067073518749895
1487.7076222450942,1487.7076222450942,1.0000885620637043,0.0006067949183699592
1487.714566740366,1487.714566740366,1.0002571776406084,0.0006071664610196034
1487.72151123558,1487.72151123558,0.9992679098996256,0.0006060220393065345
1487.72845573077,1487.72845573077,1.000375583652582,0.0006070062066894536
1487.7354002258905,1487.7354002258905,1.000273797996978,0.0006059004461894078
1487.7423447209535,1487.7423447209535,0.9994732229252975,0.0006070376113890576
1487.7492892159812,1487.7492892159812,0.9998370968292223,0.0006064668758686392
1487.7562337109503,1487.7562337109503,0.9999464775167819,0.0006057735681276028
1487.7631782058731,1487.7631782058731,1.0003914622395083,0.0006059569470351408
1487.7701227007492,1487.7701227007492,1.0000628382623717,0.0006070190364786157
1487.7770671955554,1487.7770671955554,1.000070870165398,0.0006068752281866779
1487.784011690327,1487.784011690327,0.9998511368460029,0.0006063535127339591
1487.7909561850518,1487.7909561850518,1.0003363087435087,0.0006061723146806224
1487.7979006797068,1487.7979006797068,0.9994403669284259,0.0006066379536139651
1487.804845174315,1487.804845174315,1.001197114424834,0.0006059242369603394
1487.8117896688887,1487.8117896688887,0.9994267482041332,0.0006067068880293487
1487.8187341634036,1487.8187341634036,0.9993999079009639,0.0006070288108630151
1487.8256786578606,1487.8256786578606,1.000455288252939,0.0006065001194967056
1487.8326231522715,1487.8326231522715,0.999127686090619,0.000606515250220574
1487.8395676466353,1487.8395676466353,0.9998547701976481,0.000606538613937126
1487.8465121409413,1487.8465121409413,1.000386634128131,0.0006065937713676683
1487.8534566351889,1487.8534566351889,1.0002412612699476,0.0006067507083972921
1487.8604011294015,1487.8604011294015,0.9997871338342887,0.0006059177242485125
1487.8673456235556,1487.8673456235556,1.0005287034507755,0.0006061087518708505
1487.8742901176404,1487.8742901176404,1.0004016724056857,0.0006063906244330372
1487.8812346116897,1487.8812346116897,0.9995138473678719,0.0006067146558421031
1487.8881791057163,1487.8881791057163,1.0001811085669807,0.000607229178308656
1487.895123599626,1487.895123599626,1.0001977339139603,0.0006059767489944332
1487.902068093513,1487.902068093513,0.9995542758733323,0.0006068055021780448
1487.909012587353,1487.909012587353,0.9999739463059691,0.000606850769485637
1487.9159570811462,1487.9159570811462,0.999529901204044,0.0006064720232382924
1487.9229015748583,1487.9229015748583,1.0002313530713038,0.0006063251401549223
1487.9298460685354,1487.9298460685354,1.000184945895651,0.0006069035772476191
1487.9367905621773,1487.9367905621773,0.9990584189685909,0.0006059743059416043
1487.9437350557266,1487.9437350557266,1.0005957936108951,0.0006074014406794658
1487.9506795492518,1487.9506795492518,1.0001134753210321,0.0006065331126779509
1487.95762404272,1487.95762404272,1.000181575547349,0.0006069224279336491
1487.964568536106,1487.964568536106,0.9993133640618183,0.0006074919799817735
1487.9715130294803,1487.9715130294803,0.9997386928492092,0.0006073504653759553
1487.978457522785,1487.978457522785,0.999943660968159,0.0006063682021433682
1487.9854020160426,1487.9854020160426,1.0003761608478754,0.0006062641951629164
1487.992346509231,1487.992346509231,1.0003224678781704,0.0006070480715966748
1487.9992910023846,1487.9992910023846,0.999387602817578,0.0006069947384195391
1488.006235495456,1488.006235495456,1.0002906374329394,0.0006063398353035121
1488.0131799884925,1488.0131799884925,1.0002150004960249,0.0006065256204218602
1488.0201244814598,1488.0201244814598,1.0005859986338836,0.0006067810187169782
1488.0270689743918,1488.0270689743918,1.0002196831823715,0.0006067923353356957
1488.034013467242,1488.034013467242,0.9996908205488921,0.0006066631624163293
1488.0409579600696,1488.0409579600696,0.9993878710943391,0.0006063386368961389
1488.0479024528152,1488.0479024528152,0.9992202344425467,0.0006071065915471261
1488.0548469455146,1488.0548469455146,1.0001035964843223,0.000607677483467736
1488.0617914381673,1488.0617914381673,1.000221955592951,0.0006060565179255361
1488.0687359307617,1488.0687359307617,1.0006115222868484,0.0006069753856056068
1488.075680423298,1488.075680423298,0.99982845803457,0.0006065665142196902
1488.082624915776,1488.082624915776,1.0000353637586794,0.0006063428157296087
1488.089569408196,1488.089569408196,1.0004457460463065,0.0006076196018209168
1488.0965139005573,1488.0965139005573,0.9994855895790238,0.0006062362396466039
1488.1034583928722,1488.1034583928722,0.9997706825096222,0.000606762160824141
1488.110402885106,1488.110402885106,1.0000673373458266,0.0006064830375812703
1488.1173473773276,1488.1173473773276,1.0004602689975735,0.0006068630262698117
1488.124291869468,1488.124291869468,1.0000033313412784,0.0006066838090794059
1488.1312363615502,1488.1312363615502,0.9995857573643143,0.0006072026078726754
1488.138180853574,1488.138180853574,1.0000474477625092,0.0006070817165475627
1488.1451253455748,1488.1451253455748,1.00051441678449,0.0006063353520838889
1488.1520698374707,1488.1520698374707,1.000019818974809,0.0006064920918934662
1488.1590143293317,1488.1590143293317,0.9996757195633797,0.0006076068454983041
1488.165958821123,1488.165958821123,1.0000716953334492,0.0006058123735071177
1488.1729033128674,1488.1729033128674,0.9993688165782029,0.0006067889891311336
1488.1798478045657,1488.1798478045657,0.9998409206550546,0.0006058774481249834
1488.1867922961824,1488.1867922961824,1.0003240810682814,0.000606571829040914
1488.1937367877522,1488.1937367877522,1.0004766810018915,0.0006067704554630194
1488.200681279264,1488.200681279264,1.0004144960881942,0.0006059549353501749
1488.2076257707176,1488.2076257707176,0.9995948746428113,0.0006076430669081924
1488.2145702621244,1488.2145702621244,0.9998114628830643,0.0006066777799934691
1488.2215147534498,1488.2215147534498,1.000011264415785,0.000607550217610214
1488.2284592447288,1488.2284592447288,0.9998649622299531,0.0006064639652563558
1488.2354037359496,1488.2354037359496,0.9999398377481947,0.0006059948337253445
1488.242348227112,1488.242348227112,1.000067449099393,0.0006067748146878803
1488.2492927181931,1488.2492927181931,1.000152675361317,0.0006072126986630774
1488.2562372092511,1488.2562372092511,1.0003282223256988,0.0006068066388508137
1488.2631817002505,1488.2631817002505,1.0001344070705227,0.0006069647733434226
1488.2701261911684,1488.2701261911684,0.9991501246633614,0.0006073130257635681
1488.27707068204,1488.27707068204,0.9998627488606715,0.0006069911125803024
1488.284015172842,1488.284015172842,1.0002707022363426,0.0006063930063951453
1488.290959663585,1488.290959663585,1.0003991439428621,0.0006065844954462788
1488.2979041542708,1488.2979041542708,0.9999090830327659,0.0006061497876406876
1488.3048486448974,1488.3048486448974,0.9995674442381871,0.0006066072362380037
1488.3117931354543,1488.3117931354543,1.000045443290938,0.000607475611939558
1488.3187376259768,1488.3187376259768,1.0004095832404434,0.0006062686262246271
1488.3256821164057,1488.3256821164057,0.9995885163048268,0.0006054710347787018
1488.3326266067884,1488.3326266067884,1.0003481157734289,0.0006063564656539836
1488.3395710971126,1488.3395710971126,0.9999512865511526,0.0006067020757466679
1488.346515587367,1488.346515587367,1.0001816934219765,0.0006066817293616429
1488.3534600775752,1488.3534600775752,1.0000268047303504,0.0006063632440875758
1488.3604045677014,1488.3604045677014,0.9994560781090229,0.0006071906097877371
1488.3673490577814,1488.3673490577814,1.001153322289607,0.0006070000467089256
1488.3742935478026,1488.3742935478026,1.000183283941009,0.0006068537230429904
1488.3812380377544,1488.3812380377544,0.9996429365576673,0.0006067559635647102
1488.3881825276487,1488.3881825276487,1.0002898328592766,0.000607495135032508
1488.3951270174607,1488.3951270174607,1.000079825559199,0.0006067206884994039
1488.4020715072377,1488.4020715072377,1.0000000765517951,0.0006072949043410749
1488.409015996945,1488.409015996945,0.9996420952803758,0.0006064235067601493
1488.4159604865824,1488.4159604865824,0.9994721712248482,0.0006063529322855929
1488.4229049761616,1488.4229049761616,1.0004243816236977,0.0006077142129658744
1488.4298494656712,1488.4298494656712,1.0001510252210017,0.0006059469711592453
1488.4367939551223,1488.4367939551223,1.0003538805532048,0.0006065288610666086
1488.4437384445155,1488.4437384445155,1.0002091390030183,0.0006067709095521566
1488.4506829338384,1488.4506829338384,0.9994835844453883,0.0006068785888383966
1488.457627423092,1488.457627423092,1.0000260145539073,0.0006073325942568285
1488.4645719122987,1488.4645719122987,1.0001971673160936,0.0006063086852975282
1488.4715164014235,1488.4715164014235,0.9996713366013703,0.0006064706856275717
1488.4784608905024,1488.4784608905024,1.0002793687097735,0.0006066221984644816
1488.4854053794995,1488.4854053794995,0.9998637445240475,0.0006070319484504756
1488.4923498684384,1488.4923498684384,1.000316746819146,0.000606281448417418
1488.4992943573081,1488.4992943573081,1.0002334770318881,0.0006067655632835799
1488.5062388461188,1488.5062388461188,0.9997349675764248,0.0006057671079850102
1488.5131833348482,1488.5131833348482,0.9996162944860447,0.0006068775582959758
1488.520127823543,1488.520127823543,0.9986781558205232,0.000606974411904579
1488.5270723121441,1488.5270723121441,0.9998199111325246,0.000606423383631466
1488.5340168007103,1488.5340168007103,0.9996050082239746,0.0006073176734928567
1488.5409612891835,1488.5409612891835,1.00049531285459,0.0006061313124756947
1488.5479057775988,1488.5479057775988,1.0007493684796136,0.0006064900702861901
1488.5548502659558,1488.5548502659558,1.0004623991607775,0.0006070505887959849
1488.5617947542312,1488.5617947542312,0.9997404777725194,0.0006064421772681544
1488.56873924246,1488.56873924246,1.0000414061434804,0.0006061862787245354
1488.5756837306076,1488.5756837306076,0.9998153045914581,0.0006059887673800888
1488.5826282186845,1488.5826282186845,0.9998699095599658,0.0006061736990939017
1488.5895727066923,1488.5895727066923,0.9998251612579676,0.0006068395110585672
1488.596517194642,1488.596517194642,0.9993001812015845,0.0006069587335434085
1488.6034616825098,1488.6034616825098,0.999757475698769,0.0006066042296145404
1488.6104061703318,1488.6104061703318,1.0002528807296838,0.000606192052626782
1488.6173506580715,1488.6173506580715,0.9998273405849545,0.0006062963887888164
1488.624295145753,1488.624295145753,1.000164536454296,0.0006061854174026253
1488.6312396333535,1488.6312396333535,1.0000199506656677,0.0006066195230490581
1488.6381841208954,1488.6381841208954,1.0002189359162756,0.0006063493077902221
1488.6451286083677,1488.6451286083677,1.0001530856427439,0.0006064124294033338
1488.652073095758,1488.652073095758,0.9999589855812927,0.0006071741808044788
1488.6590175830904,1488.6590175830904,0.9994972015789324,0.0006069337039038964
1488.6659620703533,1488.6659620703533,1.0002284833763837,0.0006072132773462694
1488.672906557546,1488.672906557546,0.999698334791548,0.0006061403411571185
1488.6798510446565,1488.6798510446565,1.000802613314264,0.000607855494232394
1488.6867955317218,1488.6867955317218,0.9999502433755888,0.0006063614403889034
1488.6937400187048,1488.6937400187048,0.9998589966692476,0.0006068601039471008
1488.7006845056064,1488.7006845056064,0.9999235070076578,0.0006066273262933338
1488.70762899245,1488.70762899245,0.9999576353591255,0.0006064520559201727
1488.7145734792236,1488.7145734792236,1.0000113506771329,0.000606577351967815
1488.7215179659165,1488.7215179659165,0.9998806065886594,0.0006063923505785851
1488.7284624525387,1488.7284624525387,0.9996203615590457,0.0006063600991942373
1488.7354069390908,1488.7354069390908,1.0003164826781366,0.0006062805803765619
1488.7423514255736,1488.7423514255736,1.0002036966204066,0.0006060929184123346
1488.7492959119863,1488.7492959119863,1.0002301105559983,0.0006069001279450191
1488.7562403983293,1488.7562403983293,0.9995366191002661,0.0006068202096106478
1488.7631848845908,1488.7631848845908,1.000058287632673,0.0006058333854990045
1488.7701293707821,1488.7701293707821,0.9996316574787663,0.0006060616887806141
1488.7770738569038,1488.7770738569038,1.0001227526439973,0.0006066728526677087
1488.784018342944,1488.784018342944,0.9997272694588206,0.0006066342708911044
1488.7909628289144,1488.7909628289144,0.9998144811652085,0.0006061102423483139
1488.797907314815,1488.797907314815,0.9997750860960398,0.0006066215780469278
1488.8048518006458,1488.8048518006458,1.0001143132080001,0.0006066299424237333
1488.8117962863832,1488.8117962863832,1.000437102187703,0.0006063927845320048
1488.8187407720627,1488.8187407720627,0.9995778875840353,0.0006058492223092464
1488.825685257649,1488.825685257649,1.000178002478155,0.0006066692405198968
1488.8326297431772,1488.8326297431772,1.0008254672777022,0.0006070549043929206
1488.8395742286236,1488.8395742286236,0.9993714316992961,0.0006060785912846677
1488.8465187140002,1488.8465187140002,0.9999140155153141,0.0006069647411165515
1488.8534631992957,1488.8534631992957,0.9999242331353468,0.0006064127667548877
1488.8604076845209,1488.8604076845209,1.0000085236137912,0.0006064203131061791
1488.8673521696644,1488.8673521696644,1.0008005475511357,0.0006065479109082007
1488.8742966547502,1488.8742966547502,0.9993494480136244,0.0006062138035704938
1488.8812411397194,1488.8812411397194,0.9996602328423277,0.0006066628061571074
1488.8881856246537,1488.8881856246537,1.0003274097892096,0.0006060669754343313
1488.8951301094833,1488.8951301094833,0.9994464418765835,0.0006065620945152506
1488.9020745942546,1488.9020745942546,1.0006877431601233,0.0006071773206766304
1488.9090190789211,1488.9090190789211,0.9997976437649886,0.0006067773127702223
1488.915963563541,1488.915963563541,1.0000634658191152,0.0006061585765169422
1488.922908048068,1488.922908048068,1.000405575932666,0.0006061337932637616
1488.929852532513,1488.929852532513,0.9996483040038846,0.0006071509345053245
1488.936797016889,1488.936797016889,1.000196734445947,0.0006063691335979725
1488.9437415011714,1488.9437415011714,0.9995908555917635,0.0006061743891022377
1488.9506859853723,1488.9506859853723,0.9993784332986264,0.0006063610258450378
1488.9576304695263,1488.9576304695263,1.0003888303063175,0.0006066462268554017
1488.9645749535644,1488.9645749535644,1.0001040101899723,0.0006068505411000575
1488.9715194375208,1488.9715194375208,1.0004094736643652,0.000606135490821453
1488.9784639214188,1488.9784639214188,1.0001647959610156,0.0006072060356291954
1488.9854084052356,1488.9854084052356,1.0000476184268243,0.0006062347983002782
1488.9923528889474,1488.9923528889474,1.0005023068870642,0.0006059106475674447
1488.9992973726014,1488.9992973726014,0.9990749489198514,0.0006066100445658294
1489.0062418561618,1489.0062418561618,0.9999951272763848,0.0006070301280985857
1489.0131863396412,1489.0131863396412,0.9997333855140635,0.0006069083091836951
1489.0201308230385,1489.0201308230385,1.000325387748262,0.0006060330223204089
1489.0270753063428,1489.0270753063428,0.9997208803214956,0.0006062952473422716
1489.0340197896007,1489.0340197896007,1.000279534951763,0.0006074728128086426
1489.0409642727304,1489.0409642727304,0.9998007181373666,0.0006064613926018197
1489.0479087558022,1489.0479087558022,1.0004622455656194,0.0006064751563640602
1489.054853238793,1489.054853238793,0.9998188519451962,0.0006065907811858463
1489.0617977216782,1489.0617977216782,0.9997162896400928,0.0006064489192103795
1489.0687422044937,1489.0687422044937,0.9997926466303451,0.0006063973068162076
1489.0756866872161,1489.0756866872161,1.0005362152860573,0.0006070486713488757
1489.082631169857,1489.082631169857,0.9997325844960641,0.0006062162039653801
1489.0895756524162,1489.0895756524162,0.9998409638413921,0.0006060811165398819
1489.096520134894,1489.096520134894,1.0000128916559512,0.0006063597168262725
1489.1034646172907,1489.1034646172907,1.0000401362062006,0.0006062950126115316
1489.1104090995707,1489.1104090995707,1.000930596309374,0.0006064785276615268
1489.1173535817925,1489.1173535817925,0.9994339351785859,0.0006060848864650834
1489.1242980639095,1489.1242980639095,1.0002201409851912,0.0006062087391781985
1489.1312425459569,1489.1312425459569,0.9998371828194793,0.0006068210229912715
1489.1381870278988,1489.1381870278988,0.9993859967346103,0.0006079994347811486
1489.1451315097597,1489.1451315097597,1.000050526846588,0.000606967553011561
1489.1520759915395,1489.1520759915395,1.000236925170249,0.0006072364440999531
1489.1590204732142,1489.1590204732142,0.9999485754030222,0.0006061719436522157
1489.1659649548074,1489.1659649548074,0.9997123771761054,0.0006065583868409725
1489.1729094363193,1489.1729094363193,1.0006361503065722,0.0006059550596407142
1489.1798539177375,1489.1798539177375,1.0002373858830733,0.0006068103812268775
1489.1867983990512,1489.1867983990512,0.9997976217411205,0.0006061310825987789
1489.1937428802723,1489.1937428802723,1.0001542379253205,0.0006065957027611276
1489.2006873614232,1489.2006873614232,1.000002389130687,0.0006060444279372453
1489.2076318424683,1489.2076318424683,0.9995644504490915,0.0006066108636553378
1489.2145763234334,1489.2145763234334,0.9997550036139262,0.0006064706101119282
1489.2215208043049,1489.2215208043049,1.0004456234241776,0.0006064404670004682
1489.2284652850828,1489.2284652850828,0.9996851110304339,0.0006064594657835219
1489.235409765756,1489.235409765756,1.0004435110721261,0.0006067967717421009
1489.2423542463487,1489.2423542463487,1.0006458006051495,0.0006071135251500682
1489.249298726847,1489.249298726847,0.9990518159354176,0.0006066138315196489
1489.2562432072295,1489.2562432072295,0.9991377304302947,0.0006071351100312461
1489.2631876875307,1489.2631876875307,1.0003603667985534,0.0006073383736045682
1489.270132167762,1489.270132167762,0.999975034651597,0.0006062062531089285
1489.277076647865,1489.277076647865,0.999952107561098,0.0006067103546172443
1489.2840211278751,1489.2840211278751,1.0007598308491654,0.0006065520702105857
1489.2909656078268,1489.2909656078268,0.9999784954432215,0.0006067292027255079
1489.2979100876503,1489.2979100876503,0.9995256102732686,0.0006068727363301423
1489.3048545673926,1489.3048545673926,1.000630575161714,0.0006063470785807671
1489.3117990470068,1489.3117990470068,1.0005669728379503,0.0006064993619224684
1489.3187435265509,1489.3187435265509,0.9996245159354149,0.0006064847310668241
1489.3256880059903,1489.3256880059903,0.9995284283014115,0.0006060444026984172
1489.3326324853365,1489.3326324853365,0.9998406755841904,0.0006064599797019952
1489.3395769645663,1489.3395769645663,0.9996406015226977,0.0006065700614343309
1489.3465214437151,1489.3465214437151,1.0003509499259438,0.0006071368578124372
1489.353465922747,1489.353465922747,1.0000153396926283,0.0006068718610764145
1489.3604104016858,1489.3604104016858,1.0008025034924544,0.0006069092150976183
1489.3673548805202,1489.3673548805202,0.9996683016816259,0.0006079003895715924
1489.3742993592846,1489.3742993592846,1.0001137566983496,0.0006063171524701622
1489.381243837909,1489.381243837909,0.9996650625990945,0.0006074423372957176
1489.3881883164406,1489.3881883164406,0.9997736978818537,0.0006067091637110909
1489.3951327948791,1489.3951327948791,1.0000513207144994,0.0006070969942759202
1489.4020772732242,1489.4020772732242,1.0000003193881288,0.0006067227642252467
1489.4090217514529,1489.4090217514529,0.9991743011571679,0.0006061225766899119
1489.4159662295654,1489.4159662295654,0.9999328471813659,0.0006070171869218785
1489.4229107075844,1489.4229107075844,1.0007126931309196,0.0006075515430188495
1489.4298551855104,1489.4298551855104,1.000351525758873,0.0006061880673051097
1489.4367996633086,1489.4367996633086,1.0003175715292878,0.0006066633798913379
1489.4437441410016,1489.4437441410016,1.0004015194115385,0.0006065814590513893
1489.450688618625,1489.450688618625,1.0000110424109416,0.0006071539559174194
1489.457633096109,1489.457633096109,0.9991960287958797,0.0006059114803755425
1489.4645775734875,1489.4645775734875,0.9994851453142793,0.0006056648483270061
1489.4715220507617,1489.4715220507617,0.9999853456328193,0.0006066902224662559
1489.4784665279544,1489.4784665279544,0.9996103935059238,0.0006063467039049792
1489.4854110050076,1489.4854110050076,1.000428762203975,0.0006060298940829657
1489.4923554819557,1489.4923554819557,1.000512008571313,0.0006070413232915127
1489.499299958811,1489.499299958811,1.0005210211494258,0.0006063535778378021
1489.5062444355262,1489.5062444355262,0.9999798921105706,0.0006068063425412609
1489.5131889121603,1489.5131889121603,1.0000981473196597,0.0006059144830599948
1489.520133388666,1489.520133388666,0.999912303253583,0.0006062366081208872
1489.527077865067,1489.527077865067,0.9991439755887563,0.0006065419150935961
1489.53402234134,1489.53402234134,1.000057515081823,0.0006062614399887686
1489.5409668175314,1489.5409668175314,1.0000575060229515,0.0006059887541547673
1489.5479112935834,1489.5479112935834,1.0004030268788768,0.00060675113549813
1489.554855769542,1489.554855769542,0.9996233021598782,0.0006063262368669818
1489.5618002453725,1489.5618002453725,0.9996079507954532,0.0006073497699942816
1489.568744721099,1489.568744721099,1.000877123761634,0.000606199786207845
1489.5756891966962,1489.5756891966962,0.9998427479525542,0.0006056376751396571
1489.5826336722007,1489.5826336722007,1.0001294272001469,0.0006066980319954826
1489.5895781475658,1489.5895781475658,0.9997896026194699,0.0006059502380376936
1489.596522622814,1489.596522622814,0.9993001640611643,0.000606544570857304
1489.6034670979582,1489.6034670979582,1.000734420848295,0.0006061820263897065
1489.6104115729856,1489.6104115729856,1.0005167525146474,0.0006072854087973872
1489.6173560478849,1489.6173560478849,1.0005522928754653,0.0006064254904937708
1489.6243005226795,1489.6243005226795,1.0003148199478797,0.0006069960954691614
1489.6312449973343,1489.6312449973343,1.000283429450487,0.000606304074459452
1489.638189471873,1489.638189471873,0.9989637480578544,0.0006069057867957745
1489.6451339463063,1489.6451339463063,0.9998924737817679,0.0006061301400921412
1489.6520784206118,1489.6520784206118,0.9994792518390494,0.0006064283532487527
1489.6590228947894,1489.6590228947894,0.9997047787407578,0.0006070578755413699
1489.6659673688503,1489.6659673688503,1.0002044641911507,0.0006063451818907296
1489.6729118427597,1489.6729118427597,1.0009895048202602,0.0006066417620924896
1489.6798563166,1489.6798563166,0.9997201077327625,0.0006066643855664446
1489.6868007902885,1489.6868007902885,1.0004425861658564,0.0006060511564062006
1489.693745263849,1489.693745263849,0.9995388622884752,0.0006072633396326766
1489.7006897372933,1489.7006897372933,0.9999344717207347,0.0006061711032722829
1489.707634210597,1489.707634210597,0.9997265202098816,0.0006059988589312663
1489.7145786837857,1489.7145786837857,0.9999878353379648,0.0006067579565819308
1489.7215231568223,1489.7215231568223,1.0008851644756567,0.0006065112255637962
1489.728467629766,1489.728467629766,1.0001571702793495,0.0006059907873913518
1489.7354121025583,1489.7354121025583,0.9999099801522806,0.0006069373414077274
1489.7423565752572,1489.7423565752572,1.0002377310624422,0.0006066591743287155
1489.7493010477933,1489.7493010477933,0.9992776132966334,0.0006062333082476996
1489.7562455202012,1489.7562455202012,1.0004428600384974,0.0006068520807923878
1489.7631899924925,1489.7631899924925,1.0003496906688087,0.0006063780421302958
1489.7701344646448,1489.7701344646448,1.0004302113696364,0.0006063410201949337
1489.7770789366568,1489.7770789366568,1.0000530080057437,0.0006071371931803803
1489.7840234085293,1489.7840234085293,0.999906583148684,0.0006070570205875426
1489.7909678803085,1489.7909678803085,1.0002551568484288,0.0006068050032451381
1489.7979123519367,1489.7979123519367,1.0001633019038079,0.0006061501008985199
1489.8048568234015,1489.8048568234015,0.9993842253250431,0.0006069748724220564
1489.811801294762,1489.811801294762,1.0000207917878694,0.0006062860902178128
1489.8187457659822,1489.8187457659822,0.999788250100708,0.0006063396005282722
1489.8256902370636,1489.8256902370636,0.9995773424940145,0.0006065724450523355
1489.8326347079928,1489.8326347079928,1.0009873004906364,0.0006064933757230986
1489.8395791788066,1489.8395791788066,0.9999400083586799,0.0006065579003089415
1489.846523649468,1489.846523649468,0.9996934759728994,0.0006061784785516242
1489.8534681200017,1489.8534681200017,1.000003401936396,0.000606528848823038
1489.8604125903842,1489.8604125903842,1.0002118992543811,0.000606874591600489
1489.8673570606268,1489.8673570606268,0.9999348885289254,0.0006058439365297075
1489.8743015307414,1489.8743015307414,1.000558143828279,0.0006073051767871942
1489.8812460007048,1489.8812460007048,0.9993877615741587,0.0006063139539811307
1489.888190470528,1489.888190470528,1.0007212105976109,0.000606710358260101
1489.8951349402118,1489.8951349402118,0.9997051733966476,0.0006058321413303713
1489.9020794097446,1489.9020794097446,0.9996446055046901,0.0006061886632504926
1489.909023879149,1489.909023879149,0.9995869743355013,0.000606140550169047
1489.9159683483906,1489.9159683483906,1.0004219005256618,0.0006063226480301639
1489.9229128174925,1489.9229128174925,0.9994534412353533,0.0006072072761796117
1489.9298572864543,1489.9298572864543,1.0003012851175952,0.0006074340358418539
1489.9368017552654,1489.9368017552654,1.0002777090417982,0.00060663782383044
1489.9437462239246,1489.9437462239246,1.0004231077441441,0.0006061065352393788
1489.9506906924441,1489.9506906924441,0.9994571217625283,0.0006066579853970932
1489.9576351608132,1489.9576351608132,1.0003063189418628,0.0006067397692097145
1489.964579629042,1489.964579629042,0.9996830849170812,0.0006067610487808941
1489.9715240971077,1489.9715240971077,0.999483396403288,0.0006068610943992162
1489.9784685650452,1489.9784685650452,1.0001228397919026,0.0006066805923641003
1489.9854130328197,1489.9854130328197,1.0003140413014746,0.000606185856735553
1489.9923575004316,1489.9923575004316,1.0003993473884387,0.0006068135700365946
1489.9993019679034,1489.9993019679034,1.0004228921959946,0.0006063183380275
1490.0062464352238,1490.0062464352238,1.0001817010611878,0.0006058912770587593
1490.0131909023935,1490.0131909023935,0.9994339583648888,0.000606086114124314
1490.0201353693878,1490.0201353693878,0.9995022137685521,0.0006063615746171149
1490.027079836266,1490.027079836266,0.9995957248457682,0.0006059394913337767
1490.0340243029582,1490.0340243029582,0.9995728402664344,0.0006064281356458485
1490.0409687695224,1490.0409687695224,1.0010642618774122,0.0006061611901060994
1491.3167904907136,1491.3167904907136,0.9998076241910713,0.0005537792287626172
1491.6409543051188,1491.6409543051188,1.0001061917491418,0.0005387649038720895
1491.6478988097085,1491.6478988097085,0.9993117923664752,0.0005379597483006414
1491.6548433143914,1491.6548433143914,1.0005658860247888,0.0005373988638484136
1491.6617878191792,1491.6617878191792,1.0002574358684027,0.0005365053736152648
1491.6687323240485,1491.6687323240485,0.9999396113173047,0.0005357329744904957
1491.6756768289758,1491.6756768289758,1.0002430549565926,0.000535282934680922
1491.6826213340082,1491.6826213340082,0.9996036879427415,0.0005344134919703407
1491.6895658391222,1491.6895658391222,1.0001789288434397,0.0005341479932686015
1491.6965103442938,1491.6965103442938,1.0000735335466964,0.0005338653099867158
1491.7034548495353,1491.7034548495353,0.9993435200187897,0.0005330075179301078
1491.7103993548822,1491.7103993548822,1.0004221788661614,0.0005323437432026325
1491.7173438602754,1491.7173438602754,1.0001791521468382,0.0005320436563705962
1491.7242883657614,1491.7242883657614,0.9994925876635335,0.0005314090488735454
1491.7312328712715,1491.7312328712715,1.0003320608744612,0.0005308606797313443
1491.7381773768968,1491.7381773768968,1.0006642128748122,0.0005303457170266638
1491.7451218825695,1491.7451218825695,0.9995092661503231,0.0005303422301825585
1491.7520663883004,1491.7520663883004,1.0001192562100618,0.0005291914717506264
1491.7590108941124,1491.7590108941124,1.000078509173155,0.0005288940884384875
1491.7659553999827,1491.7659553999827,0.999932718266308,0.0005289276294778325
1491.7728999058768,1491.7728999058768,0.9990655792309671,0.0005279604278290769
1491.7798444118514,1491.7798444118514,0.9999032697945178,0.000527733450488728
1491.786788917885,1491.786788917885,0.9998583508591888,0.000528328269677008
1491.7937334239648,1491.7937334239648,1.000546372109611,0.0005271450358250511
1491.8006779300915,1491.8006779300915,1.000844997810111,0.0005263944765436081
1491.8076224362992,1491.8076224362992,1.0000920392323183,0.0005266488399623716
1491.8145669425423,1491.8145669425423,1.0006906554376727,0.0005254489671605752
1491.8215114488316,1491.8215114488316,0.9999872261859079,0.0005255911215012391
1491.8284559551678,1491.8284559551678,0.9999804379773078,0.0005255765787809036
1491.8354004615503,1491.8354004615503,1.0000346726412572,0.0005245224650899914
1491.842344967991,1491.842344967991,0.999602398178076,0.0005239632614037704
1491.8492894744672,1491.8492894744672,0.9991785873304568,0.0005236037710738808
1491.8562339809894,1491.8562339809894,1.0000098171409055,0.0005237218618027119
1491.863178487547,1491.863178487547,1.0003228498829175,0.0005230900359312745
1491.8701229941503,1491.8701229941503,1.000111240323937,0.0005232354549086504
1491.8770675008006,1491.8770675008006,0.9997622723925165,0.0005225711495062993
1491.884012007475,1491.884012007475,1.0008649237587404,0.0005226062204895577
1491.8909565142064,1491.8909565142064,0.9997412930473978,0.0005221574716258587
1491.89790102095,1491.89790102095,0.9996926383453495,0.0005217138907468134
1491.9048455277518,1491.9048455277518,0.9997316623071744,0.0005216070607967795
1491.9117900345768,1491.9117900345768,1.00044118897886,0.0005218042363052565
1491.9187345414364,1491.9187345414364,0.9999920392935181,0.0005213624562176967
1491.9256790483319,1491.9256790483319,1.0003097895781643,0.0005216522031435799
1491.9326235552726,1491.9326235552726,0.9997043524636643,0.0005210720032722862
1491.9395680622142,1491.9395680622142,1.000592293692766,0.0005214656750275028
1491.9465125692022,1491.9465125692022,0.9996704273921522,0.0005209142370697524
1491.9534570762366,1491.9534570762366,0.9995202346024218,0.0005208129958330773
1491.960401583271,1491.960401583271,0.9997236684042481,0.0005207616302879554
1491.9673460903407,1491.9673460903407,0.9998627979246247,0.0005210366456977097
1491.9742905974338,1491.9742905974338,1.0002666958534976,0.0005212613320028914
1491.9812351045725,1491.9812351045725,1.0001247437492413,0.0005208936888470765
1491.988179611712,1491.988179611712,1.0005335695680195,0.000521300164577526
1491.9951241188985,1491.9951241188985,0.9997997786016061,0.000520784237395994
1492.0020686260839,1492.0020686260839,0.9998078144304966,0.0005206305641059027
1492.009013133305,1492.009013133305,1.000275310299621,0.0005209473176986823
1492.0159576405492,1492.0159576405492,0.999539248762779,0.0005206153325409707
1492.0229021478162,1492.0229021478162,0.9996074940842563,0.0005210214702708523
1492.0298466550953,1492.0298466550953,1.0002135714011768,0.0005211946917309454
1492.0367911623978,1492.0367911623978,1.00065881061054,0.0005208253354374319
1492.0437356697232,1492.0437356697232,1.0008604237721308,0.0005212585834224878
1492.0506801770487,1492.0506801770487,0.9998111646518948,0.0005210699483933769
1492.057624684433,1492.057624684433,0.9999039787284776,0.0005206095734050657
1492.064569191793,1492.064569191793,0.9990619581046569,0.0005205849158160953
1492.0715136991769,1492.0715136991769,1.0007137273369193,0.0005211891136479472
1492.0784582065958,1492.0784582065958,1.0009345888943126,0.0005208809181066097
1492.0854027140144,1492.0854027140144,1.0000030663250432,0.0005209035627171196
1492.0923472214563,1492.0923472214563,0.9997193544592319,0.0005211821537019805
1492.0992917288986,1492.0992917288986,1.0001885751689386,0.0005209506680801283
1492.1062362363637,1492.1062362363637,0.9997820909403039,0.000521202989074073
1492.1131807438403,1492.1131807438403,1.0002724189855354,0.0005208670156186578
1492.120125251329,1492.120125251329,0.9997836322096646,0.0005208278187225729
1492.1270697588175,1492.1270697588175,1.0002072951904506,0.0005207489375712824
1492.1340142663296,1492.1340142663296,0.9998660329771157,0.0005213803461586261
1492.1409587738533,1492.1409587738533,1.0000781512627823,0.0005207224076948039
1492.1479032813768,1492.1479032813768,0.9997865657279646,0.0005207387511531667
1492.1548477889235,1492.1548477889235,0.9998772260289414,0.000521093990045675
1492.1617922964585,1492.1617922964585,0.9995747009027387,0.000521023721901785
1492.1687368040173,1492.1687368040173,0.9997641727670088,0.0005209175248129739
1492.1756813115874,1492.1756813115874,1.0003445341924277,0.0005210526884802687
1492.1826258191454,1492.1826258191454,1.0010739485587448,0.000520960286989537
1492.1895703267273,1492.1895703267273,1.0004182240373054,0.0005208168408042526
1492.1965148343202,1492.1965148343202,1.0003296620277227,0.0005209437803545939
1492.2034593418903,1492.2034593418903,0.9994372272546755,0.0005211440799609993
1492.2104038494958,1492.2104038494958,0.9995656254014211,0.0005207682414203459
1492.217348357112,1492.217348357112,1.000127809238692,0.0005208652915507483
1492.2242928646822,1492.2242928646822,0.9996960177377112,0.000520951241393183
1492.2312373722873,1492.2312373722873,1.0002554872659586,0.0005209820746306118
1492.2381818799038,1492.2381818799038,0.9999887401605756,0.0005209716212661984
1492.2451263875203,1492.2451263875203,1.000720707257124,0.000521420627578849
1492.252070895137,1492.252070895137,1.000195155373558,0.000520992548460881
1492.2590154027534,1492.2590154027534,0.999543182792095,0.0005211492118563044
1492.2659599103702,1492.2659599103702,0.9990925756276277,0.0005210369289124804
1492.2729044179869,1492.2729044179869,1.000727388512138,0.000521382042182486
1492.2798489256033,1492.2798489256033,0.9999042642277682,0.0005209212461042418
1492.2867934332203,1492.2867934332203,0.9999034062315598,0.000520952671075981
1492.293737940837,1492.293737940837,0.9997808350395789,0.0005212591459868842
1492.3006824484887,1492.3006824484887,1.0005412313392654,0.0005210643923177098
1492.3076269561286,1492.3076269561286,0.9998561239570524,0.0005209513412714405
1492.3145714637453,1492.3145714637453,1.0000123226243438,0.0005212174190698995
1492.3215159713618,1492.3215159713618,1.000059909345429,0.0005208815152753964
1492.328460478978,1492.328460478978,0.9995658159857557,0.0005212119389028276
1492.335404986595,1492.335404986595,0.9998109578546455,0.0005212086245574118
1492.3423494942117,1492.3423494942117,1.0001030668479622,0.000520754613779214
1492.3492940018045,1492.3492940018045,1.00035249241698,0.0005209299411541278
1492.3562385093862,1492.3562385093862,0.9999745329012489,0.0005210839123546208
1492.3631830170032,1492.3631830170032,1.0000884875259772,0.0005209387399068772
1492.3701275246196,1492.3701275246196,1.0001629974493884,0.0005215158010006568
1492.3770720322013,1492.3770720322013,1.0001476218781256,0.0005212392507300955
1492.384016539795,1492.384016539795,1.0000516524406984,0.0005207114007577746
1492.390961047388,1492.390961047388,0.9994027911148986,0.0005206504184624885
1492.3979055549696,1492.3979055549696,1.0004752166384727,0.0005209294991294019
1492.4048500625397,1492.4048500625397,1.000160438075306,0.0005207994604184352
1492.4117945701214,1492.4117945701214,0.9995056096592654,0.0005206444130274243
1492.41873907768,1492.41873907768,0.999775548315268,0.00052069229145386
1492.4256835852386,1492.4256835852386,0.9998292440057657,0.0005210167080494422
1492.4326280927967,1492.4326280927967,0.9996061890006714,0.0005208560880786005
1492.4395726003436,1492.4395726003436,1.0016366876286515,0.0005211425636189562
1492.446517107879,1492.446517107879,1.000519663657776,0.00052077758631925
1492.4534616154142,1492.4534616154142,1.0000565007679543,0.0005210035787101443
1492.4604061229372,1492.4604061229372,0.9998036977803787,0.0005208555075311973
1492.4673506304612,1492.4673506304612,0.9996369970725439,0.0005208252165119638
1492.4742951379612,1492.4742951379612,1.0002160046884772,0.0005211850830444757
1492.4812396454613,1492.4812396454613,1.0005572498180026,0.0005214881140753019
1492.4881841529495,1492.4881841529495,0.9991858242263485,0.0005209050077502148
1492.4951286604387,1492.4951286604387,0.9999833222777657,0.0005212475469022721
1492.502073167927,1492.502073167927,0.9998711953622423,0.000521229087381863
1492.5090176753806,1492.5090176753806,1.0002051064826536,0.000521181803995806
1492.5159621828345,1492.5159621828345,0.99930483679241,0.0005207699147092642
1492.522906690276,1492.522906690276,1.00080797390959,0.0005210658754514001
1492.529851197718,1492.529851197718,0.9997074008505216,0.0005215269628100793
1492.536795705149,1492.536795705149,0.9996947721676847,0.0005211299187361864
1492.5437402125558,1492.5437402125558,1.0003734907835393,0.000521500435362405
1492.5506847199626,1492.5506847199626,1.000612109081941,0.0005209520257749205
1492.5576292273583,1492.5576292273583,1.0007335330859248,0.0005211507159272734
1492.564573734742,1492.564573734742,0.9993036548847817,0.0005208724248423254
1492.5715182421256,1492.5715182421256,0.9996990208963954,0.0005210531819492545
1492.578462749463,1492.578462749463,0.999668796789213,0.0005207859993959722
1492.585407256835,1492.585407256835,0.9998424055951689,0.0005218213010220675
1492.5923517641609,1492.5923517641609,0.9999857830912575,0.0005209302029352057
1492.5992962714868,1492.5992962714868,0.999981208066963,0.0005209122053343761
1492.6062407788122,1492.6062407788122,1.0003220574310365,0.0005212636219851675
1492.6131852860908,1492.6131852860908,0.9995748566387626,0.0005210460191147877
1492.6201297933935,1492.6201297933935,1.0003854902166118,0.000521147164100694
1492.6270743006612,1492.6270743006612,1.0006596467514375,0.0005209748856709834
1492.634018807928,1492.634018807928,0.9999896174415908,0.0005210318796286212
1492.6409633151725,1492.6409633151725,0.9997266764591519,0.000520794269439943
1492.6479078224163,1492.6479078224163,0.999611193292181,0.0005211766664102149
1492.6548523296253,1492.6548523296253,1.0001945160176668,0.0005208306482089438
1492.661796836846,1492.661796836846,0.9999837119252474,0.0005210390731454452
1492.6687413440325,1492.6687413440325,0.9997454159392813,0.0005210383138206265
1492.6756858512063,1492.6756858512063,0.9994945776296321,0.0005211620933369577
1492.6826303583805,1492.6826303583805,1.0004157623502707,0.0005212428392530812
1492.6895748655318,1492.6895748655318,1.0007928450773886,0.000521259984617884
1492.6965193726708,1492.6965193726708,0.9994678198010062,0.0005212898188857159
1492.7034638797868,1492.7034638797868,0.999565898927133,0.0005209849192705427
1492.7104083869033,1492.7104083869033,0.9999972035696818,0.0005212330851110845
1492.7173528939954,1492.7173528939954,1.0002951251890488,0.0005209823623164675
1492.7242974010767,1492.7242974010767,1.0003555741644896,0.0005208330840305108
1492.731241908123,1492.731241908123,1.0000880417868312,0.00052137528225794
1492.7381864152042,1492.7381864152042,1.000312584359159,0.0005212362462463113
1492.7451309222267,1492.7451309222267,1.0000366187131675,0.0005216832999923187
1492.752075429215,1492.752075429215,0.9996181891453635,0.0005209017511401346
1492.7590199362269,1492.7590199362269,0.9999369496107697,0.0005216971558880777
1492.7659644432144,1492.7659644432144,0.9994083995194283,0.0005209657656733682
1492.772908950179,1492.772908950179,1.000371786067437,0.000521105182874639
1492.7798534571325,1492.7798534571325,1.0000742114797136,0.0005212816669269863
1492.7867979640619,1492.7867979640619,1.0001014431196396,0.0005208484302506119
1492.7937424709803,1492.7937424709803,1.0005263886915217,0.0005208557622500953
1492.8006869778867,1492.8006869778867,0.9999240668251421,0.0005211622298620251
1492.80763148477,1492.80763148477,1.0000835310312002,0.0005216248231814833
1492.8145759916292,1492.8145759916292,1.0000155166885467,0.0005210595870055806
1492.8215204984897,1492.8215204984897,1.0002904947064708,0.0005209909662826442
1492.828465005326,1492.828465005326,0.9999973081992527,0.000520944421803769
1492.8354095121394,1492.8354095121394,0.9998305411242511,0.0005212631176992441
1492.8423540189299,1492.8423540189299,0.9996381654032126,0.0005211502502617748
1492.8492985257194,1492.8492985257194,1.0002278665023296,0.0005210161823107895
1492.856243032463,1492.856243032463,0.9995509691102178,0.0005208507237857488
1492.863187539207,1492.863187539207,1.0004176605775068,0.0005210582652150169
1492.87013204595,1492.87013204595,1.000041778731253,0.0005213113686083011
1492.8770765526588,1492.8770765526588,1.000512297066369,0.0005212933359998237
1492.884021059344,1492.884021059344,0.9997644331849067,0.0005208577997060572
1492.8909655660293,1492.8909655660293,0.9993201596155119,0.0005208797762720434
1492.8979100726679,1492.8979100726679,0.9998788479316352,0.0005210292445374943
1492.9048545793066,1492.9048545793066,1.0000241256804252,0.0005208874646759167
1492.9117990859336,1492.9117990859336,1.0005378165922483,0.0005214164581318428
1492.9187435925262,1492.9187435925262,1.0000255623048049,0.0005210000431340269
1492.925688099107,1492.925688099107,0.9996997358165816,0.0005207483184611555
1492.9326326056757,1492.9326326056757,0.9994988829453557,0.0005208323049866449
1492.9395771121976,1492.9395771121976,1.0005022155590269,0.0005216598363018693
1492.946521618732,1492.946521618732,1.0007091914720685,0.0005208897279404272
1492.953466125243,1492.953466125243,1.000390534308181,0.000521383969707532
1492.9604106316951,1492.9604106316951,1.0004133211874913,0.0005208189093320283
1492.9673551382061,1492.9673551382061,0.9991524681615707,0.0005207810474623383
1492.9742996446116,1492.9742996446116,0.9994893722448668,0.0005208089030078721
1492.9812441510524,1492.9812441510524,0.9993685846172736,0.0005208452099541962
1492.9881886574465,1492.9881886574465,0.9989860211945917,0.000520781419398992
1492.9951331638297,1492.9951331638297,1.0004849580346467,0.0005210026598179956
1493.0020776702,1493.0020776702,1.0002374097413276,0.0005210541559688646
1493.009022176548,1493.009022176548,1.000576209466719,0.0005210391960942805
1493.0159666828608,1493.0159666828608,1.0016239329213565,0.000521072188845164
1493.0229111891736,1493.0229111891736,1.000202343827906,0.0005213564433208753
1493.0298556954629,1493.0298556954629,1.0007682818035355,0.0005209335658724059
1493.0368002017178,1493.0368002017178,1.0001423033766925,0.0005213464214037439
1493.0437447079719,1493.0437447079719,0.9986303733255163,0.0005208157750322877
1493.0506892141916,1493.0506892141916,0.9999605175277606,0.0005207150000946107
1493.0576337203997,1493.0576337203997,0.9991776311423524,0.0005207793165031888
1493.0645782265613,1493.0645782265613,1.000042941862161,0.0005208331734242489
1493.0715227327223,1493.0715227327223,1.000609084925079,0.0005210831597169096
1493.078467238884,1493.078467238884,0.9997234007715541,0.0005211885642567624
1493.0854117449987,1493.0854117449987,0.999606124692269,0.0005207871303270853
1493.092356251102,1493.092356251102,0.9999016209162708,0.0005211264493284737
1493.0993007571706,1493.0993007571706,1.0019439647658253,0.0005210893214978451
1493.106245263239,1493.106245263239,1.000900963850961,0.0005213308262379708
1493.1131897692721,1493.1131897692721,0.9998755969251135,0.0005209128895792086
1493.1201342752822,1493.1201342752822,0.9992356364304416,0.0005206926786331138
1493.127078781281,1493.127078781281,1.0007317826007829,0.0005209965013238804
1493.134023287244,1493.134023287244,1.000083969403643,0.0005208510423545608
1493.1409677931958,1493.1409677931958,0.9989325062257812,0.0005209977151326725
1493.147912299125,1493.147912299125,1.0001645520142128,0.000521065541826799
1493.15485680503,1493.15485680503,0.9994204536977864,0.0005210484871730362
1493.1618013109005,1493.1618013109005,1.0002029912377024,0.0005214397516417667
1493.1687458167712,1493.1687458167712,0.9999651947409625,0.0005212678994663845
1493.1756903226176,1493.1756903226176,1.0005752845793545,0.0005209106196725331
1493.1826348284299,1493.1826348284299,0.9997869252512819,0.0005211697790822713
1493.189579334231,1493.189579334231,0.9996130182031161,0.0005209056274009468
1493.196523839996,1493.196523839996,1.0011524508891787,0.000521169516714541
1493.2034683457618,1493.2034683457618,0.9993075374688593,0.0005208953965357114
1493.210412851481,1493.210412851481,0.9998138982362971,0.0005209417017945053
1493.2173573572,1493.2173573572,0.9996603737996832,0.0005210055186520046
1493.2243018628837,1493.2243018628837,1.000083758265174,0.0005208832542328611
1493.2312463685448,1493.2312463685448,0.9998826396007894,0.0005214373821318522
1493.2381908741822,1493.2381908741822,0.9992277220242354,0.0005208778659913718
1493.2451353797965,1493.2451353797965,1.0002681026622215,0.0005211149108074044
1493.2520798854107,1493.2520798854107,1.000178115474165,0.0005209638444827116
1493.2590243909785,1493.2590243909785,1.0007070371775826,0.0005215317531369254
1493.2659688965111,1493.2659688965111,1.0006338881976629,0.000521003215402886
1493.2729134020442,1493.2729134020442,0.9997498703936027,0.0005208370731246061
1493.2798579075543,1493.2798579075543,0.9993792878556264,0.0005206792690877741
1493.2868024130285,1493.2868024130285,1.0001171684344805,0.00052104874245042
1493.293746918492,1493.293746918492,1.000527076236171,0.0005208928121092305
1493.3006914239313,1493.3006914239313,0.9996659571710775,0.0005207855662856357
1493.307635929336,1493.307635929336,0.999422457170702,0.0005208021905472153
1493.314580434729,1493.314580434729,0.9998665608676729,0.0005210764934614795
1493.3215249400876,1493.3215249400876,1.0007814838223033,0.000520865869026961
1493.328469445445,1493.328469445445,0.9993821617783724,0.0005208657262114783
1493.3354139507335,1493.3354139507335,1.0003027098058992,0.0005210343714798594
1493.3423584560455,1493.3423584560455,0.9999608922823224,0.0005208133635968222
1493.3493029613103,1493.3493029613103,0.9994568345096575,0.0005210768586495409
1493.3562474665753,1493.3562474665753,1.000170700202436,0.0005215656334854244
1493.363191971794,1493.363191971794,1.0001597923060201,0.0005211081871533787
1493.3701364770004,1493.3701364770004,1.000848010277481,0.0005210374811394606
1493.377080982184,1493.377080982184,1.0000058640907799,0.000521149434411544
1493.3840254873326,1493.3840254873326,0.9994161655054394,0.0005209388628709069
1493.3909699924695,1493.3909699924695,1.0000370641039398,0.000520758111268145
1493.3979144975715,1493.3979144975715,0.9996462852464673,0.000521178944920768
1493.404859002662,1493.404859002662,0.9999188095218438,0.0005210121720497644
1493.4118035077177,1493.4118035077177,1.0000735731061818,0.0005208663918877173
1493.418748012738,1493.418748012738,1.0002437905876203,0.0005208847271830728
1493.4256925177935,1493.4256925177935,1.0006622869696362,0.0005209946470278437
1493.432637022744,1493.432637022744,1.0000323198137997,0.0005215515844137357
1493.4395815277298,1493.4395815277298,1.0006683407761234,0.0005212488836642013
1493.4465260326574,1493.4465260326574,0.9993136288614316,0.0005208482793358682
1493.4534705375731,1493.4534705375731,0.9998994665702448,0.0005209362578807088
1493.4604150424655,1493.4604150424655,0.9995042654754988,0.000520992244593094
1493.4673595473232,1493.4673595473232,0.9999960142048586,0.0005211829290551924
1493.4743040521812,1493.4743040521812,1.0001033311574077,0.0005211192199094525
1493.481248556992,1493.481248556992,0.9998280044348782,0.0005207945613554045
1493.488193061803,1493.488193061803,1.0006295751326033,0.0005213769125173158
1493.4951375665676,1493.4951375665676,1.0008971570439105,0.0005210293066609435
1493.5020820713085,1493.5020820713085,0.9996813238231065,0.0005207899554375425
1493.5090265760148,1493.5090265760148,1.0002794332038982,0.0005213531971179028
1493.515971080721,1493.515971080721,0.9994726245243684,0.0005210181673783742
1493.5229155854154,1493.5229155854154,1.0003030961213077,0.0005211365152911042
1493.529860090052,1493.529860090052,1.000158438605013,0.0005211114909787001
1493.5368045946884,1493.5368045946884,0.9996688261622226,0.0005206399256734462
1493.5437490992783,1493.5437490992783,1.0001303199099532,0.0005209012696925843
1493.5506936038562,1493.5506936038562,0.9995560306982252,0.0005206659095287642
1493.5576381084113,1493.5576381084113,0.9994928862295376,0.0005206793260373692
1493.5645826129312,1493.5645826129312,1.000282930941046,0.0005211274435048184
1493.5715271174279,1493.5715271174279,0.9996110117488275,0.0005210526421284374
1493.5784716219127,1493.5784716219127,1.000346375267299,0.0005208671329482957
1493.5854161263628,1493.5854161263628,1.0003084140664211,0.0005213091806127531
1493.5923606308013,1493.5923606308013,0.9999485950039577,0.0005211850850598412
1493.5993051351936,1493.5993051351936,0.9998017301626201,0.0005208527804147964
1493.606249639562,1493.606249639562,1.0008974792973728,0.000521188713979048
1493.6131941439075,1493.6131941439075,0.9995284495072554,0.0005210697860896032
1493.6201386482526,1493.6201386482526,0.9995349540968416,0.000521301237570408
1493.6270831525399,1493.6270831525399,1.000319094003676,0.0005215837112715463
1493.6340276568153,1493.6340276568153,0.9995988116122134,0.0005208930866175269
1493.6409721610676,1493.6409721610676,0.9997197594354447,0.0005206632886931603
1493.6479166652964,1493.6479166652964,1.0005976806915642,0.0005213320268664558
1493.6548611695018,1493.6548611695018,1.0003841933081243,0.0005212323031581745
1493.661805673673,1493.661805673673,1.00033555064694,0.0005214278258591379
1493.6687501778322,1493.6687501778322,0.9996174302525274,0.0005213668556821838
1493.6756946819564,1493.6756946819564,1.000142599983198,0.0005213409345272406
1493.6826391860457,1493.6826391860457,0.9990505165957927,0.0005213220224375405
1493.6895836901235,1493.6895836901235,1.0008838699956706,0.0005211492241590273
1493.6965281941775,1493.6965281941775,0.9995173880624811,0.0005209949506003429
1493.703472698197,1493.703472698197,0.999522928726296,0.00052104970821941
1493.7104172022048,1493.7104172022048,1.0004067164330634,0.0005209014741892949
1493.7173617061776,1493.7173617061776,0.9999980010037552,0.0005207074500453258
1493.7243062101154,1493.7243062101154,1.000392329464757,0.0005209141245698097
1493.73125071403,1493.73125071403,0.9996978784584668,0.0005210593215895392
1493.738195217933,1493.738195217933,1.0002499512658765,0.0005209458009842584
1493.7451397218242,1493.7451397218242,1.0001314265402885,0.0005209375116054204
1493.7520842256574,1493.7520842256574,0.9993510096222484,0.0005206861083756394
1493.7590287294902,1493.7590287294902,1.000406759061089,0.0005208855668128483
1493.7659732332654,1493.7659732332654,0.9998592615522612,0.0005211002183503369
1493.7729177370288,1493.7729177370288,0.9994051726686546,0.0005207114120866725
1493.77986224078,1493.77986224078,1.0007631896194134,0.0005216069166444801
1493.7868067444851,1493.7868067444851,1.0003567175406933,0.0005209297312294746
1493.7937512481785,1493.7937512481785,1.0009282501483627,0.000521102880005131
1493.8006957518487,1493.8006957518487,0.9997715284626864,0.0005206964393215326
1493.807640255484,1493.807640255484,0.9996177655632934,0.0005214474571105675
1493.8145847591077,1493.8145847591077,1.000436856918445,0.0005208233284990651
1493.8215292627078,1493.8215292627078,1.000688702581547,0.000521310256528789
1493.8284737662495,1493.8284737662495,0.999456729320001,0.0005208246570528501
1493.835418269792,1493.835418269792,0.9995567419483328,0.0005212223694092738
1493.842362773299,1493.842362773299,0.9994564746719684,0.0005207084302349914
1493.849307276783,1493.849307276783,0.9999991905209236,0.000521271131124228
1493.8562517802434,1493.8562517802434,1.0003612599446197,0.000521221112040389
1493.863196283681,1493.863196283681,1.000443582382718,0.0005207064334535371
1493.8701407870838,1493.8701407870838,0.9998685440241312,0.0005209547570721008
1493.8770852904627,1493.8770852904627,1.0005350576836658,0.0005212180282138939
1493.8840297938186,1493.8840297938186,0.9999892135521083,0.000520960607360328
1493.8909742971512,1493.8909742971512,1.0005712343621174,0.0005208322986689815
1493.8979188004487,1493.8979188004487,0.9994775794239954,0.0005209048090882538
1493.9048633037114,1493.9048633037114,0.9996748470336634,0.0005206851567983917
1493.9118078069507,1493.9118078069507,1.0002707510465625,0.0005211320381188842
1493.9187523102016,1493.9187523102016,0.9996745547248507,0.0005208424901552869
1493.9256968133948,1493.9256968133948,0.9996664912973161,0.0005209880418336056
1493.9326413165643,1493.9326413165643,0.999986970893499,0.0005210591232553584
1493.9395858197106,1493.9395858197106,1.0001710233618197,0.0005212198346299038
1493.9465303228449,1493.9465303228449,1.0002506055712388,0.0005211074685371285
1493.9534748259216,1493.9534748259216,1.0001604293862099,0.0005211364055017359
1493.9604193289863,1493.9604193289863,0.9997581921583869,0.0005208372876039704
1493.9673638320278,1493.9673638320278,0.9999105619764499,0.0005207761240022907
1493.9743083350459,1493.9743083350459,0.999817759169423,0.0005209221381242571
1493.9812528380057,1493.9812528380057,1.0002227593135804,0.0005212911907661852
1493.988197340966,1493.988197340966,1.000061001933241,0.0005215050585576076
1493.9951418439257,1493.9951418439257,0.9998032799551465,0.0005206228679735267
1494.0020863468276,1494.0020863468276,1.0002802124235939,0.0005207575405932841
1494.009030849706,1494.009030849706,0.9999561149195463,0.0005210269426623094
1494.0159753525616,1494.0159753525616,1.0003592383198858,0.0005214642013515067
1494.0229198554048,1494.0229198554048,0.9996141641993684,0.0005211564968250813
1494.0298643581903,1494.0298643581903,0.9999482625092708,0.0005214366416553121
1494.036808860964,1494.036808860964,1.000163498572834,0.0005208893384610984
1494.0437533637146,1494.0437533637146,1.0002772733512555,0.0005209809163303949
1494.0506978664416,1494.0506978664416,0.9995180398337002,0.0005207507027736905
1494.0576423691105,1494.0576423691105,1.0001261090398001,0.0005214050292944889
1494.0645868717797,1494.0645868717797,0.9994070318211058,0.0005211761351358531
1494.0715313744483,1494.0715313744483,0.9997651901850635,0.000520778861685051
1494.0784758770476,1494.0784758770476,1.0007885193769623,0.0005211032072316278
1494.0854203796468,1494.0854203796468,1.0002600431766024,0.0005210241579521812
1494.092364882211,1494.092364882211,1.000262977568226,0.0005212469984708895
1494.0993093847292,1494.0993093847292,1.0001968591737849,0.0005214089425216058
1494.1062538872463,1494.1062538872463,0.9994150421918653,0.0005208944165168018
1494.1131983897292,1494.1131983897292,1.0000881756461122,0.0005210729619206436
1494.1201428921886,1494.1201428921886,0.9995122400054951,0.0005208664163186606
1494.1270873946132,1494.1270873946132,1.0003125456380773,0.0005209711697070327
1494.1340318970144,1494.1340318970144,0.9996088398922103,0.0005210961683069259
1494.1409763993925,1494.1409763993925,0.9999229131305917,0.0005210594179131859
1494.1479209017352,1494.1479209017352,1.0005859163376427,0.0005209798467347025
1494.154865404055,1494.154865404055,0.9997223218946301,0.0005209650571995205
1494.1618099063514,1494.1618099063514,0.9995226602292584,0.0005206362120878593
1494.168754408613,1494.168754408613,0.999719067808947,0.0005210300499931084
1494.1756989108626,1494.1756989108626,1.000636287512139,0.0005209383971026473
1494.182643413066,1494.182643413066,0.9999962302620535,0.0005208198296702299
1494.1895879152578,1494.1895879152578,0.9997561186112431,0.000520801448852493
1494.1965324174146,1494.1965324174146,0.9999371481904309,0.0005209946354802319
1494.2034769195477,1494.2034769195477,1.0002392958393729,0.0005208980782105656
1494.2104214216583,1494.2104214216583,0.9992450196056065,0.0005208789804056707
1494.217365923745,1494.217365923745,1.0003121571162887,0.0005211066171279157
1494.2243104257736,1494.2243104257736,0.999400574012674,0.0005205444409416315
1494.2312549277908,1494.2312549277908,1.0002049456176552,0.0005211792675554729
1494.2381994297962,1494.2381994297962,1.000858394494817,0.0005213233013518809
1494.2451439317545,1494.2451439317545,1.0000291565307393,0.0005214758933184877
1494.252088433702,1494.252088433702,0.9992442268241822,0.0005205615219303986
1494.2590329356262,1494.2590329356262,1.0003720601576491,0.0005211260407620555
1494.2659774375147,1494.2659774375147,1.0000855833212172,0.0005208944407195051
1494.2729219393805,1494.2729219393805,0.9999361680499981,0.0005206688679512614
1494.2798664411882,1494.2798664411882,1.0000771740071175,0.0005210483051973344
1494.2868109430424,1494.2868109430424,1.000244632299227,0.0005214287536479056
1494.2937554447797,1494.2937554447797,0.9996887951905749,0.0005210086631980374
1494.3006999465522,1494.3006999465522,1.0001820493115239,0.0005207795557039153
1494.307644448278,1494.307644448278,1.0003327293818614,0.0005214184535200316
1494.3145889499694,1494.3145889499694,0.9995842858470274,0.0005210421143755006
1494.3215334516258,1494.3215334516258,0.9990553891970135,0.0005205653180768093
1494.328477953282,1494.328477953282,1.0008886040297444,0.0005211855550587445
1494.3354224548916,1494.3354224548916,1.000145511796528,0.0005207513723885187
1494.3423669564897,1494.3423669564897,0.9999993351584948,0.0005211302983902661
1494.349311458041,1494.349311458041,0.9998396554172647,0.0005215711191775122
1494.356255959604,1494.356255959604,0.9995425180355589,0.0005212569686970712
1494.3632004611086,1494.3632004611086,1.0005180239773903,0.0005211165314590796
1494.370144962567,1494.370144962567,1.0003425526800205,0.0005212923859500121
1494.3770894640252,1494.3770894640252,0.9996974928659984,0.0005209554695494866
1494.3840339654485,1494.3840339654485,0.9999062977931565,0.0005213345987552666
1494.390978466849,1494.390978466849,1.0003324319395177,0.0005206199036896946
1494.3979229682136,1494.3979229682136,1.000058497087799,0.0005211717324807131
1494.4048674695555,1494.4048674695555,0.9997338553716771,0.0005215136094370578
1494.4118119708626,1494.4118119708626,0.9996820049750557,0.0005212928859192334
1494.4187564721578,1494.4187564721578,0.9999458881010573,0.0005207469676028928
1494.4257009734297,1494.4257009734297,0.9995666228276793,0.0005209404423410061
1494.4326454746436,1494.4326454746436,1.0003727264343176,0.0005212383877059198
1494.4395899758572,1494.4395899758572,1.0002738544289442,0.0005207540057062394
1494.4465344770356,1494.4465344770356,1.0004270241018818,0.0005208663636840784
1494.4534789781915,1494.4534789781915,0.9999734375681246,0.000521277675823581
1494.4604234793005,1494.4604234793005,0.9996033355905407,0.0005213949082761471
1494.4673679804096,1494.4673679804096,0.9996302746981156,0.0005205751250326144
1494.4743124814718,1494.4743124814718,0.9996663345348958,0.0005209211620553327
1494.481256982523,1494.481256982523,0.9994974722597334,0.0005206362581046061
1494.4882014835266,1494.4882014835266,1.0003583082971133,0.0005210596250829726
1494.4951459845079,1494.4951459845079,0.9999162292252869,0.0005207476915163399
1494.5020904854655,1494.5020904854655,1.0004998030454852,0.0005209374110414314
1494.5090349864115,1494.5090349864115,0.9999611231340145,0.000520969555101745
1494.5159794872877,1494.5159794872877,0.9996024282663715,0.000520935619212521
1494.5229239881755,1494.5229239881755,1.000041175114287,0.0005208947475329031
1494.5298684890165,1494.5298684890165,1.0001305292669287,0.0005208004562923571
1494.5368129898347,1494.5368129898347,0.9999699505119931,0.0005209682624086797
1494.5437574906414,1494.5437574906414,1.0004450352642826,0.0005208141962536944
1494.550701991389,1494.550701991389,0.9999064249526171,0.0005210594686173819
1494.5576464921255,1494.5576464921255,0.9999265506507875,0.0005209526063269381
1494.5645909928385,1494.5645909928385,0.9991507400965564,0.0005205347541424975
1494.571535493505,1494.571535493505,0.9998824581012089,0.0005206436746698601
1494.5784799941953,1494.5784799941953,1.0002970337841768,0.0005209340568267015
1494.585424494804,1494.585424494804,1.0011142342485564,0.0005209185640511245
1494.5923689954004,1494.5923689954004,1.0005585914608022,0.0005209021439807738
1494.5993134959622,1494.5993134959622,0.9995648147690319,0.0005205454562982537
1494.6062579965132,1494.6062579965132,0.9992052053746274,0.0005209164622278111
1494.6132024970168,1494.6132024970168,1.0002189372637966,0.0005208434215606381
1494.6201469975085,1494.6201469975085,1.0001945468766087,0.0005211120644982021
1494.6270914979655,1494.6270914979655,0.9993836170869965,0.0005211244836878759
1494.6340359983992,1494.6340359983992,0.9997944275579244,0.0005209279155173858
1494.6409804987984,1494.6409804987984,1.0001944399039857,0.0005209799928473296
1494.6479249991737,1494.6479249991737,1.00000386179554,0.000521314671611716
1494.6548694995142,1494.6548694995142,1.000797839692731,0.0005210979951617508
1494.661813999855,1494.661813999855,1.0001927727185953,0.0005215259323621383
1494.6687585001378,1494.6687585001378,0.9993750771056409,0.0005208310889369688
1494.6757030003969,1494.6757030003969,0.9994757409821196,0.0005211476628464789
1494.6826475006324,1494.6826475006324,1.000449104537954,0.000520992032850038
1494.6895920008567,1494.6895920008567,0.9997520688268711,0.0005209470812576231
1494.6965365010228,1494.6965365010228,1.0006926798472864,0.0005212753395392153
1494.7034810011771,1494.7034810011771,0.9990899702567348,0.0005208842590203881
1494.7104255012969,1494.7104255012969,1.0000831605301737,0.0005213125979148228
1494.7173700014046,1494.7173700014046,1.0001422757312681,0.0005210894645719795
1494.7243145014656,1494.7243145014656,1.0003163896293716,0.0005209902342168875
1494.7312590015154,1494.7312590015154,1.000549821413192,0.0005208463986028655
1494.738203501507,1494.738203501507,1.000369790755593,0.0005208532814276946
1494.7451480014981,1494.7451480014981,0.9995032389997363,0.0005210132258799675
1494.7520925014546,1494.7520925014546,0.9995902097162647,0.0005209203892001037
1494.7590370013763,1494.7590370013763,0.9999145619484147,0.0005210219753285644
1494.765981501286,1494.765981501286,1.000610299297075,0.0005208983621636241
1494.7729260011492,1494.7729260011492,1.0001120796550282,0.0005208737617903708
1494.7798705010014,1494.7798705010014,1.000093314570607,0.0005207152120183869
1494.7868150008064,1494.7868150008064,1.0004567151678905,0.0005208477561698239
1494.797648420476,1494.797648420476,0.9996057512592784,0.0005207450083210098
1494.8104262999855,1494.8104262999855,0.99983272699387,0.0005205835342978769
1494.8173707996743,1494.8173707996743,1.0002025843030886,0.0005208159409055462
1494.8248708593087,1494.8248708593087,0.9992018753904734,0.0005206875283888865
1494.83264869891,1494.83264869891,0.9999617079212182,0.000521756952513981
1494.8395931985058,1494.8395931985058,1.0005535078562007,0.0005209078850875602
1494.8465376980669,1494.8465376980669,1.0007737572800255,0.0005212864239573849
1494.853482197627,1494.853482197627,1.000097168400098,0.000521048413103782
1494.860426697141,1494.860426697141,0.9999054133689169,0.0005208621108334283
1494.867371196609,1494.867371196609,0.9998741146415966,0.0005210449184823764
1494.8743156960763,1494.8743156960763,0.999801698580091,0.000520811650422087
1494.8812601955321,1494.8812601955321,0.9995609034070062,0.0005209826600022474
1494.88820469493,1494.88820469493,1.0004141631306842,0.0005206883698662898
1494.895149194304,1494.895149194304,0.9996619498334374,0.0005206692515856912
1494.9020936936672,1494.9020936936672,0.99994008859594,0.0005209730513365594
1494.9090381929832,1494.9090381929832,1.0004913779589004,0.0005212243624930636
1494.9159826922764,1494.9159826922764,0.9999772404572704,0.0005213117925495895
1494.922927191546,1494.922927191546,0.9994612908101932,0.0005208333187481682
1494.9298716907692,1494.9298716907692,0.9996891233519865,0.0005205198185968266
1494.9368161899924,1494.9368161899924,1.0002332474923574,0.0005211045747768598
1494.9437606891802,1494.9437606891802,0.999850335131556,0.0005213052242801759
1494.9507051882986,1494.9507051882986,1.0004539895736984,0.0005212160416757351
1494.9576496874404,1494.9576496874404,1.0003968463216903,0.0005210966094177824
1494.9645941865351,1494.9645941865351,0.9999638382293703,0.000520915651673996
1494.9715386855955,1494.9715386855955,1.0000661887047877,0.0005210269553062193
1494.9784831846441,1494.9784831846441,0.999713595738493,0.0005206484853983901
1494.9854276836338,1494.9854276836338,1.0001243053156572,0.0005207324888822399
1494.9923721826242,1494.9923721826242,0.9997430703053706,0.0005210345989485512
1494.9993166815798,1494.9993166815798,0.9997056541258253,0.0005209687581805469
1495.0062611804883,1495.0062611804883,1.0002312335236412,0.0005207444244900745
1495.0132056793739,1495.0132056793739,1.000063493121366,0.0005209517900241191
1495.0201501782594,1495.0201501782594,1.0002644447849887,0.0005208923992698736
1495.0270946771095,1495.0270946771095,0.9988842975215089,0.0005206176360963554
1495.0340391759137,1495.0340391759137,1.000759419647023,0.000521065520408689
1495.0409836746944,1495.0409836746944,1.0002765378392289,0.0005216617028314827
1495.0479281734636,1495.0479281734636,0.9996830856349923,0.0005211619493166599
1495.0548726721743,1495.0548726721743,1.000822300956866,0.0005209739640694375
1495.0618171708734,1495.0618171708734,0.9995529723563195,0.0005207064564010817
1495.0687616695493,1495.0687616695493,0.9996368855279243,0.0005211512353887917
1495.0757061681786,1495.0757061681786,1.0001531724342656,0.0005212643924258155
1495.0826506667734,1495.0826506667734,1.0007834814702092,0.0005208607987112465
1495.0895951653674,1495.0895951653674,0.9995608388029064,0.0005207471206365737
1495.096539663939,1495.096539663939,0.9995033287102004,0.000520802734988604
1495.1034841624632,1495.1034841624632,1.0004579543338301,0.0005210179699423648
1495.1104286609648,1495.1104286609648,0.9991920807770137,0.0005208044229741884
1495.1173731594426,1495.1173731594426,0.9996505302296796,0.0005206238861264549
1495.1243176578741,1495.1243176578741,1.0009514724256194,0.0005214045443691744
1495.1312621562938,1495.1312621562938,0.999777645648962,0.0005210257245803491
1495.1382066546785,1495.1382066546785,1.000516608195947,0.0005212135355529152
1495.1451511530172,1495.1451511530172,0.9991354559306809,0.0005209753486286061
1495.1520956513784,1495.1520956513784,1.0002929369168587,0.0005209021385881817
1495.1590401496583,1495.1590401496583,1.000395607639281,0.0005208718432989755
1495.165984647927,1495.165984647927,0.9997601093277702,0.000521326490013702
1495.1729291461609,1495.1729291461609,0.9998934251327102,0.0005207131412451604
1495.1798736443825,1495.1798736443825,1.0002823077667025,0.0005211812227232294
1495.1868181425577,1495.1868181425577,0.9998252626214501,0.0005212202447427567
1495.1937626407214,1495.1937626407214,1.0007261367646643,0.0005209950853621892
1495.2007071388387,1495.2007071388387,0.9991837925949634,0.0005207440160433828
1495.207651636944,1495.207651636944,0.9997209367450857,0.0005212902912087017
1495.214596135003,1495.214596135003,1.0003192283274251,0.0005210849202509999
1495.2215406330736,1495.2215406330736,1.0005127814549746,0.0005210446137619485
1495.2284851310858,1495.2284851310858,1.0001269158361805,0.0005216543036803227
1495.23542962904,1495.23542962904,0.9994918472024221,0.0005209712956058035
1495.242374127006,1495.242374127006,0.9994862406676637,0.0005207563321265314
1495.2493186249253,1495.2493186249253,1.0001611327082904,0.0005214078986166339
1495.2562631228327,1495.2562631228327,0.9996107406725117,0.000520803621305688
1495.2632076206937,1495.2632076206937,1.0008377773706396,0.0005208773310199188
1495.2701521185431,1495.2701521185431,0.9999201675013533,0.0005206976471326603
1495.2770966163457,1495.2770966163457,1.0002641049426635,0.0005214366998108643
1495.2840411141374,1495.2840411141374,0.9996014126494277,0.000520693742948782
1495.290985611905,1495.290985611905,1.0001825139052198,0.0005208633348130148
1495.2979301096384,1495.2979301096384,1.0005128736657347,0.0005211415931610941
1495.3048746073014,1495.3048746073014,0.9995811044488827,0.0005205443005632126
1495.3118191049875,1495.3118191049875,0.9999364148071443,0.0005207786867258631
1495.3187636026275,1495.3187636026275,1.000458044422175,0.0005211656649137465
1495.3257081002325,1495.3257081002325,0.9992951563597753,0.0005209892763115792
1495.3326525978255,1495.3326525978255,1.000310600077897,0.0005214922677074361
1495.3395970953607,1495.3395970953607,0.9995874884668554,0.0005209862863177476
1495.3465415928958,1495.3465415928958,0.999641268603883,0.0005210867774221895
1495.3534860903958,1495.3534860903958,1.0004379026244514,0.000521055392271226
1495.3604305878494,1495.3604305878494,1.000690192001279,0.000521089400093958
1495.36737508528,1495.36737508528,1.000036286137788,0.0005209117490918922
1495.3743195827099,1495.3743195827099,0.9990854583190589,0.0005207969847928048
1495.381264080082,1495.381264080082,0.9995612948099405,0.0005209186217927066
1495.3882085774308,1495.3882085774308,1.0001573320005974,0.0005210486949537329
1495.3951530747563,1495.3951530747563,1.0009724630043535,0.0005211081559915078
1495.4020975720582,1495.4020975720582,1.0002648553206814,0.0005208612561713288
1495.4090420693142,1495.4090420693142,0.9995605678642425,0.0005209263348701648
1495.415986566558,1495.415986566558,1.0007921390829064,0.0005212899273831671
1495.422931063767,1495.422931063767,0.9992341258866144,0.0005210558003026017
1495.4298755609295,1495.4298755609295,0.9992518808402888,0.0005206412435599013
1495.436820058069,1495.436820058069,0.999512966519483,0.0005208927944804044
1495.443764555208,1495.443764555208,0.9996847331194509,0.0005207020880829109
1495.4507090523007,1495.4507090523007,1.0008981056480013,0.0005210871551663617
1495.4576535493702,1495.4576535493702,1.0001512483059818,0.0005210076961988418
1495.4645980464047,1495.4645980464047,0.9995480127559595,0.0005211141123899115
1495.4715425434042,1495.4715425434042,0.9997976914279653,0.0005209265621279386
1495.4784870403807,1495.4784870403807,0.9998963400843432,0.0005212424257710504
1495.4854315373216,1495.4854315373216,1.0003783323625393,0.0005208758998695096
1495.4923760342397,1495.4923760342397,0.9997938988359,0.0005209856006044972
1495.4993205311462,1495.4993205311462,1.000138885622783,0.0005211605202579305
1495.506265028006,1495.506265028006,0.9999779148414432,0.0005209284402454569
1495.5132095248307,1495.5132095248307,1.0000996658195695,0.0005213598504313507
1495.5201540216324,1495.5201540216324,0.9998875724630878,0.0005207043160050459
1495.5270985183993,1495.5270985183993,0.9999162579453686,0.000521046422733479
1495.5340430151425,1495.5340430151425,1.0004068342072252,0.0005207501649028013
1495.5409875118512,1495.5409875118512,1.0000012461375456,0.0005216871451994715
1495.547932008548,1495.547932008548,0.9998437305092962,0.0005216599435991466
1495.5548765052097,1495.5548765052097,0.9999571737615398,0.0005208138530411224
1495.561821001837,1495.561821001837,1.0002370707896961,0.0005210473066600838
1495.5687654984174,1495.5687654984174,1.0003087367703858,0.0005209583414468903
1495.5757099949744,1495.5757099949744,0.9994390465813392,0.0005206382492666163
1495.5826544915315,1495.5826544915315,0.9995020894431252,0.0005207767335309962
1495.5895989880541,1495.5895989880541,0.9995864263115454,0.0005206858258721099
1495.5965434845293,1495.5965434845293,1.0003293214772058,0.0005211243607967382
1495.6034879809936,1495.6034879809936,1.000779248997656,0.0005213822212731276
1495.6104324774228,1495.6104324774228,1.0001506266225477,0.000521170822606145
1495.6173769738048,1495.6173769738048,1.0000919879738626,0.0005211383224900056
1495.624321470176,1495.624321470176,0.9995806662598566,0.0005207360257234489
1495.631265966512,1495.631265966512,0.9998050000892432,0.0005212716394639052
1495.6382104628246,1495.6382104628246,0.9997721487305167,0.000520978498206045
1495.6451549590904,1495.6451549590904,1.0008068844877602,0.0005209050354504912
1495.652099455357,1495.652099455357,1.000625947568949,0.0005206860275750385
1495.6590439515646,1495.6590439515646,0.998911960163932,0.0005207251032981587
1495.6659884477608,1495.6659884477608,0.9996572537281118,0.0005213223535060335
1495.6729329439227,1495.6729329439227,0.9998334015112753,0.0005210660537771685
1495.67987744006,1495.67987744006,1.0004277654595632,0.0005213644766722481
1495.6868219361634,1495.6868219361634,0.9999485103738417,0.0005205416017592004
1495.693766432232,1495.693766432232,0.999844208522951,0.0005211232593891962
1495.7007109282763,1495.7007109282763,1.0003137696566775,0.000521123912960299
1495.7076554242983,1495.7076554242983,1.0004953369328944,0.0005210073611665344
1495.7145999202967,1495.7145999202967,0.9996587477128346,0.0005205697034041522
1495.7215444162487,1495.7215444162487,1.0001833392417327,0.0005206519328882912
1495.7284889121652,1495.7284889121652,0.9999081196651881,0.0005210008127841529
1495.7354334080705,1495.7354334080705,0.9999779411129394,0.000520869919776293
1495.7423779039407,1495.7423779039407,0.9992507749172193,0.0005204791414086076
1495.7493223997762,1495.7493223997762,1.0006950819853409,0.0005210265330983004
1495.7562668955884,1495.7562668955884,1.0003958572242,0.0005217669298570681
1495.7632113913774,1495.7632113913774,0.9994114473043598,0.0005210226640870536
1495.7701558871308,1495.7701558871308,1.000088194721309,0.0005208586620794556
1495.77710038285,1495.77710038285,1.0005065299676583,0.0005211741254600023
1495.7840448785344,1495.7840448785344,0.9995212598802597,0.0005207008282719772
1495.790989374218,1495.790989374218,0.9993573810249661,0.00052092018271506
1495.7979338698437,1495.7979338698437,1.0000201209351567,0.0005207703053775188
1495.8048783654463,1495.8048783654463,1.0004765963842115,0.000521078837254812
1495.8118228610256,1495.8118228610256,1.000035063721506,0.0005208633052579512
1495.8187673565585,1495.8187673565585,0.9998426063434638,0.0005211285511331606
1495.825711852092,1495.825711852092,1.0002179009234173,0.0005208794768451634
1495.832656347589,1495.832656347589,0.9999024587486872,0.0005207877421624183
1495.8396008430404,1495.8396008430404,1.0003223151700982,0.00052095328725128
1495.8465453384686,1495.8465453384686,0.9996681065641324,0.0005209388095897118
1495.8534898338614,1495.8534898338614,0.9999386189806867,0.0005211760682605605
1495.8604343292543,1495.8604343292543,1.000140264753675,0.0005208778625513395
1495.867378824578,1495.867378824578,1.0001662639572004,0.0005209925455391554
1495.8743233199007,1495.8743233199007,1.0000926314145584,0.0005206660509040784
1495.8812678151774,1495.8812678151774,0.9996387351160074,0.0005207182278044926
1495.8882123104306,1495.8882123104306,1.000471578870663,0.0005205988784962375
1495.8951568056607,1495.8951568056607,0.9991995790352914,0.000520462167226062
1495.902101300844,1495.902101300844,1.0006613199472294,0.0005208660725909149
1495.909045796016,1495.909045796016,0.9996335418423673,0.0005206556030873935
1495.9159902911645,1495.9159902911645,0.9999270374945006,0.0005207525676499514
1495.922934786278,1495.922934786278,1.0003815415695194,0.000520853571072874
1495.9298792813217,1495.9298792813217,1.0000403414823347,0.0005210498457898867
1495.936823776377,1495.936823776377,1.0001581380241036,0.000520694571800794
1495.9437682713858,1495.9437682713858,0.9996659786058413,0.0005207120522450245
1495.9507127663833,1495.9507127663833,0.9996600799298132,0.000520602937900345
1495.957657261334,1495.957657261334,1.0003530834599004,0.0005208268634964025
1495.9646017562725,1495.9646017562725,1.0001028483244134,0.0005206565733022432
1495.971546251165,1495.971546251165,1.000045006478142,0.0005206047346495029
1495.9784907460457,1495.9784907460457,1.0005451170708068,0.0005208812405099819
1495.985435240857,1495.985435240857,0.9998949867344245,0.0005214296521280115
1495.992379735668,1495.992379735668,0.9996591979772745,0.0005205588940848463
1495.9993242304786,1495.9993242304786,0.9997953312850368,0.0005211940667572396
1496.0062687252198,1496.0062687252198,0.9994827941132035,0.000520836056559728
1496.0132132199492,1496.0132132199492,0.9996668494208276,0.0005207880760870289
1496.0201577146322,1496.0201577146322,1.000701667405612,0.0005211174804222605
1496.0271022093034,1496.0271022093034,1.000060164483159,0.0005210481540126009
1496.0340467039282,1496.0340467039282,0.9995358833580145,0.000520772088439099
1496.040991198541,1496.040991198541,1.0006509229737273,0.0005210900397513257
1496.0479356931075,1496.0479356931075,1.000254480976894,0.0005216797839821994
1496.0548801876273,1496.0548801876273,1.0008800765557733,0.000521020046160234
1496.0618246821473,1496.0618246821473,0.9988257133824259,0.0005209662959505504
1496.0687691766552,1496.0687691766552,1.000316673697767,0.0005206898869137958
1496.0757136711054,1496.0757136711054,0.9988242205004066,0.0005205300068261403
1496.0826581655322,1496.0826581655322,1.0001892837230324,0.0005206380996192917
1496.0896026599241,1496.0896026599241,0.9996502679461974,0.0005211532530931504
1496.0965471542925,1496.0965471542925,1.000216933803302,0.000520878562813303
1496.103491648626,1496.103491648626,1.0008795863927067,0.0005208606048025226
1496.1104361429366,1496.1104361429366,1.0008035934361224,0.0005210132190736154
1496.1173806372003,1496.1173806372003,1.0004821028730932,0.0005208494770614762
1496.1243251314525,1496.1243251314525,0.9996718820062365,0.0005207768034341506
1496.131269625658,1496.131269625658,0.9992066422043113,0.0005204261215522387
1496.1382141198633,1496.1382141198633,1.0009065435013402,0.0005208859814222722
1496.1451586140224,1496.1451586140224,0.9994600050431659,0.0005210760615602824
1496.152103108147,1496.152103108147,1.0001536025155027,0.0005209082463228218
1496.1590476022357,1496.1590476022357,0.9998592798767556,0.0005209506876976388
1496.1659920963132,1496.1659920963132,0.9994129026159856,0.0005209904643680336
1496.1729365903561,1496.1729365903561,1.0000672798480565,0.0005208901015537541
1496.1798810843636,1496.1798810843636,0.9998615910368713,0.0005207207055116334
1496.1868255783245,1496.1868255783245,1.0008111045831094,0.0005212057618983552
1496.1937700722624,1496.1937700722624,1.0000554020053847,0.0005208807275010612
1496.2007145662,1496.2007145662,0.9999897672329178,0.0005208317262191234
1496.2076590600914,1496.2076590600914,1.0003341161258372,0.0005208456213231137
1496.2146035539593,1496.2146035539593,0.9983689277571847,0.0005204622310443399
1496.2215480477805,1496.2215480477805,1.0003284404996466,0.0005209668728906105
1496.2284925415902,1496.2284925415902,1.0001019103578745,0.0005206321141031982
1496.235437035342,1496.235437035342,0.9996154543560433,0.0005203157068705866
1496.2423815290938,1496.2423815290938,0.9995348743188949,0.0005210209045472798
1496.2493260227984,1496.2493260227984,1.0000406753537168,0.0005203927321511226
1496.25627051648,1496.25627051648,1.000127016220814,0.0005205786259765115
1496.263215010127,1496.263215010127,1.0006818750418103,0.0005207345393366324
1496.2701595037504,1496.2701595037504,1.0005137220028193,0.0005206028429314772
1496.277103997339,1496.277103997339,1.0001247744230086,0.0005207278889294758
1496.2840484908927,1496.2840484908927,0.999495909011924,0.0005211336493734092
1496.2909929844345,1496.2909929844345,1.0000364867709575,0.0005214308115292553
1496.2979374779302,1496.2979374779302,0.9999251788938863,0.0005209442239697683
1496.3048819713908,1496.3048819713908,0.9994519150980915,0.000520722931733945
1496.3118264648278,1496.3118264648278,1.0004687234207927,0.0005208555093258786
1496.3187709582533,1496.3187709582533,0.999748707313038,0.0005207532636108782
1496.3257154516093,1496.3257154516093,0.9998990644091561,0.0005210240006055693
1496.3326599449647,1496.3326599449647,0.999920648664731,0.0005207564998367835
1496.339604438297,1496.339604438297,1.0004794433999968,0.0005213117778550133
1496.3465489315834,1496.3465489315834,0.9991820710093311,0.000520631914174047
1496.3534934248341,1496.3534934248341,1.0007849119153827,0.0005212555467556236
1496.3604379180852,1496.3604379180852,0.9992227765074416,0.0005206225597109786
1496.3673824112661,1496.3673824112661,1.000505484046665,0.0005209438892701016
1496.3743269044357,1496.3743269044357,1.0005889033334812,0.0005211117101176996
1496.3812713975815,1496.3812713975815,1.000164178294003,0.0005208158260727282
1496.3882158906931,1496.3882158906931,0.999762952081175,0.0005206455818330777
1496.3951603837693,1496.3951603837693,0.999312288356144,0.0005203139469059975
1496.4021048768222,1496.4021048768222,1.0003529621770795,0.00052090846818625
1496.409049369829,1496.409049369829,0.9992836389335309,0.0005208639930441865
1496.4159938628238,1496.4159938628238,0.9995811711898506,0.0005210917668060524
1496.4229383557836,1496.4229383557836,1.0011235838115145,0.0005206922142976999
1496.4298828486974,1496.4298828486974,1.0002564308204505,0.0005211760371065211
1496.436827341599,1496.436827341599,1.0000055821215939,0.0005209714723027418
1496.4437718344773,1496.4437718344773,1.0004658552589074,0.0005214380618533954
1496.4507163272974,1496.4507163272974,0.9992617235931853,0.0005205117806043893
1496.4576608201291,1496.4576608201291,1.0000568563032592,0.000520904940070075
1496.464605312903,1496.464605312903,0.9996422435787551,0.0005209209909255348
1496.4715498056298,1496.4715498056298,1.0001782422044312,0.0005216754851953322
1496.4784942983574,1496.4784942983574,0.9993465648891636,0.0005205316215264463
1496.4854387910375,1496.4854387910375,1.0003661187518982,0.0005215939237866861
1496.4923832836946,1496.4923832836946,1.0001481227912121,0.000520579177328707
1496.4993277763172,1496.4993277763172,0.9999961317163673,0.00052078058524183
1496.5062722689163,1496.5062722689163,1.0000030329725025,0.0005208796454525289
1496.5132167614804,1496.5132167614804,1.0001549994804875,0.0005210460018176407
1496.5201612540216,1496.5201612540216,1.0000369327390752,0.0005207511884912625
1496.5271057465275,1496.5271057465275,1.0000878846712313,0.0005205706818531687
1496.5340502390095,1496.5340502390095,0.9994419248815689,0.0005205677687470103
1496.540994731434,1496.540994731434,1.0005333983509064,0.0005211999009049556
1496.5479392238472,1496.5479392238472,0.9990329998712684,0.000520670458377255
1496.5548837162364,1496.5548837162364,1.0002671595968413,0.0005206125629574868
1496.5618282085793,1496.5618282085793,0.9999478282626676,0.0005208255871149856
1496.5687727009104,1496.5687727009104,0.9996605962314696,0.0005210453704871824
1496.575717193195,1496.575717193195,1.0003492862938228,0.0005210996474029657
1496.5826616854563,1496.5826616854563,1.0003482669256738,0.000521161095990028
1496.5896061776948,1496.5896061776948,1.000262988026774,0.0005208982630616479
1496.596550669898,1496.596550669898,0.999702517669756,0.0005209082083200887
1496.6034951620545,1496.6034951620545,0.9994833602342936,0.0005208394580581581
1496.6104396541998,1496.6104396541998,0.9995130082134217,0.0005206649706870937
1496.617384146298,1496.617384146298,1.0009285233554683,0.0005210837797495747
1496.6243286383847,1496.6243286383847,0.9997170915413591,0.0005206410600355982
1496.631273130437,1496.631273130437,1.0001778196894846,0.0005207715084702448
1496.6382176224422,1496.6382176224422,0.9997346252900723,0.0005205134127583462
1496.6451621144358,1496.6451621144358,1.0001288185998523,0.0005208097609793739
1496.6521066063829,1496.6521066063829,1.000032641796724,0.0005210209909390041
1496.65905109833,1496.65905109833,0.9998082837519858,0.0005208733611371823
1496.665995590207,1496.665995590207,1.0004323320729767,0.0005210657199718489
1496.672940082073,1496.672940082073,1.0001522639103135,0.00052049031232854
1496.6798845739036,1496.6798845739036,0.9991717067005487,0.00052052382372637
1496.6868290657108,1496.6868290657108,1.0006983492501695,0.000520822258349585
1496.6937735574836,1496.6937735574836,1.0001317899134285,0.0005208030684537409
1496.7007180492328,1496.7007180492328,0.9995165693640662,0.0005207962451737558
1496.707662540935,1496.707662540935,0.999899198212,0.00052060868173276
1496.7146070326148,1496.7146070326148,0.9999275151852831,0.0005206561552211095
1496.7215515242826,1496.7215515242826,0.9994929941358814,0.0005214122648829171
1496.7284960158918,1496.7284960158918,1.0005436870604694,0.0005208253991453459
1496.735440507478,1496.735440507478,1.0002520779656008,0.0005215681981189887
1496.7423849990294,1496.7423849990294,1.0005643250710101,0.0005208727976876902
1496.7493294905685,1496.7493294905685,0.9995371960976851,0.0005208836234571138
1496.75627398205,1496.75627398205,1.000389118653251,0.0005209234266709952
1496.7632184735205,1496.7632184735205,0.9999539094575693,0.0005212189510289048
1496.7701629649669,1496.7701629649669,0.9995776086757011,0.0005205870605245668
1496.7771074563666,1496.7771074563666,0.9993540079158254,0.0005209333275038285
1496.7840519477318,1496.7840519477318,1.0001923238016674,0.0005206126705726477
1496.7909964390967,1496.7909964390967,1.000653089867206,0.0005206798964705625
1496.7979409304035,1496.7979409304035,1.0000804620344454,0.0005213760232213445
1496.8048854216754,1496.8048854216754,0.9997613617521978,0.000520690388898061
1496.811829912924,1496.811829912924,0.999822474517203,0.0005214975306646355
1496.8187744041493,1496.8187744041493,0.9997734629528615,0.0005212489737191186
1496.825718895328,1496.825718895328,0.9998025534737611,0.0005209854683561208
1496.8326633864954,1496.8326633864954,1.0007583105725133,0.0005207658140975957
1496.8396078776157,1496.8396078776157,0.9998028489008524,0.0005204882578035711
1496.8465523687132,1496.8465523687132,0.9995383105699169,0.0005205730823029037
1496.853496859799,1496.853496859799,1.0003881118830797,0.0005209784816582587
1496.860441350826,1496.860441350826,1.0001418225791967,0.0005212462200924504
1496.8673858418183,1496.8673858418183,0.9998873240961821,0.000520637125039212
1496.875441451352,1496.875441451352,1.0002780884202866,0.0005205340313188445
1496.8826637219158,1496.8826637219158,0.999441958208158,0.0005204820642663216
1496.8896082128385,1496.8896082128385,1.0001086103852679,0.0005212189162995555
1496.8965527037033,1496.8965527037033,1.0003952696181548,0.0005207269445059212
1496.9034971945323,1496.9034971945323,0.9999950857914357,0.0005207781149540765
1496.9104416853504,1496.9104416853504,0.999219910972197,0.0005209943728039394
1496.9173861761456,1496.9173861761456,1.0008164723963084,0.0005207498397539736
1496.9243306668814,1496.9243306668814,0.9999967571811114,0.0005207947195307465
1496.9312751576178,1496.9312751576178,0.9994339958054201,0.0005203879990416609
1496.9382196482961,1496.9382196482961,1.000466077797095,0.0005211694570179195
1496.9451641389508,1496.9451641389508,1.0002529546118093,0.0005209293942326547
1496.9521086295824,1496.9521086295824,0.999438588634187,0.0005204439252141097
1496.9590531201677,1496.9590531201677,0.9998029295637142,0.0005205137561449713
1496.9659976107407,1496.9659976107407,0.9997448351844291,0.0005207152405536127
1496.9729421012678,1496.9729421012678,1.0007392157071495,0.0005206384996646631
1496.9798865917714,1496.9798865917714,0.9996834796732488,0.000520511442490416
1496.9868310822283,1496.9868310822283,1.0001921610734232,0.0005210162886422923
1496.9937755726737,1496.9937755726737,1.0006686609595343,0.0005209595115225175
1497.000720063096,1497.000720063096,0.9996229476948428,0.0005208962601328742
1497.0076645534712,1497.0076645534712,0.9998667635866199,0.0005211357108059141
1497.0146090438116,1497.0146090438116,0.9996543235408097,0.0005208380624911158
1497.0215535341176,1497.0215535341176,0.9998651554797735,0.000520443803517359
1497.0284980244112,1497.0284980244112,0.999719104094668,0.0005207789588386366
1497.0354425146706,1497.0354425146706,1.0003610518692725,0.0005208392927690995
1497.0423870048833,1497.0423870048833,1.000219587351977,0.0005207354361171431
1497.0493314950722,1497.0493314950722,1.0003994789173807,0.0005211038085836599
1497.0562759852266,1497.0562759852266,0.9997481913308208,0.000521398149394537
1497.0632204753692,1497.0632204753692,0.9997913235435085,0.0005211210508379674
1497.0701649654536,1497.0701649654536,1.0003909491798457,0.0005208036353877365
1497.0771094555146,1497.0771094555146,1.000110233261749,0.0005205774289016812
1497.0840539455646,1497.0840539455646,0.99939105470473,0.0005208466985248338
1497.0909984355558,1497.0909984355558,0.9998071170779879,0.0005209319045509714
1497.0979429255353,1497.0979429255353,1.0000967424284497,0.0005206315079643696
1497.1048874154687,1497.1048874154687,0.9998004724278022,0.0005206330817610942
1497.111831905367,1497.111831905367,1.000345303272411,0.0005210191369811861
1497.1187763952764,1497.1187763952764,1.000125634844887,0.00052067995123149
1497.1257208850934,1497.1257208850934,0.9999309255676956,0.0005206576353171893
1497.13266537491,1497.13266537491,1.0004358319972408,0.0005211103404887225
1497.1396098646917,1497.1396098646917,1.00003401009632,0.0005207706933760597
1497.1465543544502,1497.1465543544502,0.9996724345763062,0.0005206290318666348
1497.153498844174,1497.153498844174,1.000045348320437,0.0005210315431900633
1497.160443333851,1497.160443333851,0.9999115058479673,0.0005207227048352754
1497.1673878235165,1497.1673878235165,1.0002437099014068,0.0005210698260213677
1497.1743323131352,1497.1743323131352,0.9995530254808977,0.0005213891185761519
1497.1812768027073,1497.1812768027073,1.0003140960339034,0.0005214728090394549
1497.1882212922792,1497.1882212922792,0.9998246799583915,0.0005207685764583901
1497.1951657818286,1497.1951657818286,1.0006154746582392,0.0005209259630293412
1497.2021102713304,1497.2021102713304,0.9998020014938817,0.0005207816821460891
1497.209054760798,1497.209054760798,0.9999792823920031,0.0005210664882980422
1497.2159992502304,1497.2159992502304,1.0002719635232389,0.0005209868277018994
1497.2229437396395,1497.2229437396395,1.000295223875215,0.0005209479024774474
1497.229888229002,1497.229888229002,0.9996393873133697,0.0005207517217831114
1497.2368327183533,1497.2368327183533,1.000585364526502,0.0005205594612998574
1497.243777207658,1497.243777207658,0.9996050906594209,0.0005208993460859305
1497.2507216969389,1497.2507216969389,0.9998459145180144,0.0005208112142214641
1497.2576661861854,1497.2576661861854,0.9996777569930917,0.0005210729538274955
1497.2646106753966,1497.2646106753966,1.0002412066824053,0.0005209176295825701
1497.2715551645845,1497.2715551645845,0.999644026871945,0.0005207112882821637
1497.2784996537375,1497.2784996537375,1.0001758770883018,0.0005206829061029637
1497.2854441428562,1497.2854441428562,1.0007284824599527,0.0005209410558329002
1497.292388631939,1497.292388631939,1.000117325894204,0.0005205357189688796
1497.2993331210107,1497.2993331210107,0.9997145183739947,0.0005208796521226663
1497.3062776100362,1497.3062776100362,0.9998294903487166,0.0005209864849614429
1497.3132220990378,1497.3132220990378,1.0002366763934822,0.0005215576706227891
1497.3201665879812,1497.3201665879812,0.9998043429844248,0.0005208292107564625
1497.3271110769138,1497.3271110769138,0.9997770435496154,0.0005212764979821976
1497.33405556581,1497.33405556581,0.999829193420472,0.0005211983306770319
1497.3410000546723,1497.3410000546723,0.9999924586163808,0.0005206945175278737
1497.3479445435112,1497.3479445435112,0.999752519078935,0.000520974590816205
1497.3548890323152,1497.3548890323152,1.0004322058023796,0.0005213710750359868
1497.361833521084,1497.361833521084,1.0002605051849582,0.0005213299272365694
1497.3687780098066,1497.3687780098066,1.0002071561757302,0.0005214254083145814
1497.3757224985288,1497.3757224985288,0.9997177848889545,0.0005206039065535763
1497.3826669872046,1497.3826669872046,1.0001670114280692,0.0005206986536951293
1497.3896114758572,1497.3896114758572,0.9995969263339143,0.0005211225278665642
1497.3965559644632,1497.3965559644632,0.9999981045162272,0.0005207163403024814
1497.4035004530458,1497.4035004530458,1.0001436234368386,0.0005208694988001476
1497.410444941594,1497.410444941594,1.0004565520000785,0.0005210080627316828
1497.4173894300952,1497.4173894300952,0.9996294953960574,0.0005204713694201024
1497.4243339185844,1497.4243339185844,1.000116774917104,0.0005206971310024218
1497.431278407051,1497.431278407051,0.9997278013432467,0.0005208025002120405
1497.438222895459,1497.438222895459,0.9995920252054182,0.0005208546936749758
1497.4451673838553,1497.4451673838553,1.0005154609363252,0.0005210025311155391
1497.4521118722055,1497.4521118722055,1.0000824168695057,0.0005207043530164681
1497.4590563605316,1497.4590563605316,0.9993742740569992,0.0005206448575905862
1497.4660008488117,1497.4660008488117,1.000683699856912,0.0005211854287055756
1497.47294533708,1497.47294533708,1.0007273029385129,0.0005209518722585728
1497.479889825302,1497.479889825302,0.9992677529717445,0.0005208895113152862
1497.486834313489,1497.486834313489,0.9997523673933862,0.0005206484509202287
1497.4937788016643,1497.4937788016643,0.9997618600517066,0.0005208632833201967
1497.5007232897929,1497.5007232897929,1.0000538755056376,0.0005209941417642445
1497.5076677778866,1497.5076677778866,0.9995315670629502,0.0005205519546011268
1497.514612265957,1497.514612265957,1.0009149637923773,0.0005215674284462752
1497.5215567539926,1497.5215567539926,1.0001310909651797,0.0005208694472466562
1497.5285012419813,1497.5285012419813,1.0007151721119771,0.0005205671075991296
1497.5354457299588,1497.5354457299588,1.0005576954555666,0.0005210513289598656
1497.5423902178895,1497.5423902178895,0.9993663596001635,0.0005208249473172475
1497.5493347057973,1497.5493347057973,0.9991483514825102,0.0005210712320114712
1497.5562791936813,1497.5562791936813,1.0001583555968474,0.0005207231770762396
1497.5632236815077,1497.5632236815077,0.9998898456845329,0.0005210016840974158
1497.5701681693336,1497.5701681693336,1.0002280966718888,0.0005208976264965903
1497.5771126570896,1497.5771126570896,0.9994924185829144,0.0005206180074138571
1497.5840571448457,1497.5840571448457,1.0000862194817095,0.0005207471574551466
1497.5910016325554,1497.5910016325554,1.0006408098308703,0.0005207684886634466
1497.5979461202296,1497.5979461202296,1.000145940915445,0.000520782433705965
1497.6048906078813,1497.6048906078813,1.0006069129779012,0.0005210887511786207
1497.6118350954864,1497.6118350954864,1.0007261027299237,0.0005212477301012774
1497.6187795830676,1497.6187795830676,0.9993083910329592,0.0005208053724120984
1497.6257240706025,1497.6257240706025,0.999695882064121,0.0005213206244834129
1497.6326685581378,1497.6326685581378,0.9989884210102382,0.0005204017244968075
1497.6396130456262,1497.6396130456262,1.0001098581428134,0.0005210000249140504
1497.6465575330678,1497.6465575330678,0.9999990996218315,0.0005213904016680281
1497.6535020204979,1497.6535020204979,1.001001091340243,0.0005208044582472044
1497.6604465078815,1497.6604465078815,1.000822202061466,0.0005210819117641224
1497.6673909952303,1497.6673909952303,0.9998535896282768,0.0005208859046637558
1497.6743354825562,1497.6743354825562,0.9999570216381379,0.0005209074609589885
1497.6812799698348,1497.6812799698348,0.9996710416809262,0.0005207490664027218
1497.6882244570784,1497.6882244570784,1.0001082113015443,0.0005209314978378546
1497.6951689443226,1497.6951689443226,0.9994997325812192,0.0005207522994828879
1497.702113431508,1497.702113431508,1.000114269636362,0.0005207586206876551
1497.70905791867,1497.70905791867,0.9997633597301727,0.0005205648077788851
1497.7160024057978,1497.7160024057978,1.0005141178620438,0.0005211932903218904
1497.7229468928901,1497.7229468928901,1.000573230159981,0.0005212400197628132
1497.7298913799361,1497.7298913799361,1.0001546531714909,0.0005208054030779128
1497.736835866971,1497.736835866971,1.0001926784984012,0.0005211169666086907
1497.7437803539817,1497.7437803539817,0.9996718350103636,0.0005208068887938443
1497.7507248409345,1497.7507248409345,0.9997892759429732,0.0005206242336533308
1497.757669327864,1497.757669327864,0.9997005382981626,0.0005207006418944862
1497.764613814759,1497.764613814759,1.0000350504726527,0.0005206024347405441
1497.7715583016184,1497.7715583016184,1.000636982057026,0.000521124525248571
1497.7785027884433,1497.7785027884433,0.9994527490407377,0.0005208094989826998
1497.785447275245,1497.785447275245,0.999407473490764,0.0005206031655338637
1497.7923917620114,1497.7923917620114,1.0005711853850463,0.0005207131780722116
1497.7993362487432,1497.7993362487432,1.0001343534951403,0.0005206441810100572
1497.806280735452,1497.806280735452,1.0005648432905232,0.0005207765423421149
1497.8132252221135,1497.8132252221135,0.9998399054941718,0.0005206289120426046
1497.8201697087407,1497.8201697087407,0.9999606199316571,0.0005206480703618083
1497.8271141953442,1497.8271141953442,0.9999090949449639,0.0005204155913149224
1497.8340586819013,1497.8340586819013,1.0004058947037813,0.0005213017535131015
1497.8410031684584,1497.8410031684584,1.0000395414902623,0.0005205888172950704
1497.8479476549455,1497.8479476549455,0.999986980391488,0.0005208083412877366
1497.8548921414094,1497.8548921414094,0.9999895528913829,0.0005205801918275265
1497.8618366278502,1497.8618366278502,1.0000145149397643,0.0005212211224340443
1497.868781114244,1497.868781114244,0.9995894624004042,0.0005205117284346873
1497.875725600615,1497.875725600615,0.9994715772259732,0.0005205552480113313
1497.8826700869508,1497.8826700869508,0.9994518906228207,0.0005205907064609758
1497.8896145732635,1497.8896145732635,1.000080451651869,0.0005208605226517512
1497.8965590595296,1497.8965590595296,1.0001270623730056,0.0005210816170819134
1497.9035035457607,1497.9035035457607,1.0000975015908642,0.0005209557850736221
1497.9104480319684,1497.9104480319684,1.0002067556356373,0.000520752432461484
1497.9193369742438,1497.9193369742438,1.000025300443104,0.0005208775555034839
1497.934059284791,1497.934059284791,0.9997641241756539,0.0005201967960299544
1497.941003770871,1497.941003770871,0.9997477194971737,0.0005205264050814817
1497.9479482568804,1497.9479482568804,1.000737114081348,0.0005207962808273855
1497.954892742879,1497.954892742879,0.9996450795098717,0.0005208115213417753
1497.9618372288312,1497.9618372288312,1.0005111887936808,0.0005207279419171889
1497.9687817147592,1497.9687817147592,1.0004607520744055,0.0005207603984944329
1497.9757262006528,1497.9757262006528,1.000172120345931,0.0005209083874511039
1497.9826706865113,1497.9826706865113,0.9993932552626458,0.0005208380754018734
1497.989615172323,1497.989615172323,0.9998716057603703,0.0005207980293669542
1497.996559658112,1497.996559658112,1.0001787713172292,0.0005208313556354985
1498.0035041438775,1498.0035041438775,0.9994399754838243,0.000520602948693518
1498.0104486296077,1498.0104486296077,1.000237581752502,0.0005208892551687561
1498.017393115292,1498.017393115292,1.0004834176086974,0.0005207772358366728
1498.0243376009525,1498.0243376009525,0.9997918354542188,0.0005204876042379273
1498.0312820865668,1498.0312820865668,0.9992512987919561,0.0005205972481830138
1498.0382265721687,1498.0382265721687,1.0000831398919878,0.0005205770048816273
1498.045171057713,1498.045171057713,1.0004708900767858,0.0005209352192157956
1498.0521155432568,1498.0521155432568,0.9999199193534622,0.0005205468221739101
1498.0590600287317,1498.0590600287317,1.000580468592911,0.0005209835957189195
1498.0660045141826,1498.0660045141826,0.9999517138571636,0.0005204317014870251
1498.072948999599,1498.072948999599,1.0004697169744292,0.0005205427847451442
1498.0798934849922,1498.0798934849922,0.9996475098078272,0.0005205750859397808
1498.0868379703502,1498.0868379703502,0.9996033482827793,0.0005209000803858146
1498.0937824556615,1498.0937824556615,1.0000527000021844,0.0005211841959265357
1498.1007269409497,1498.1007269409497,0.9993888839372473,0.0005203514039392855
1498.1076714261912,1498.1076714261912,1.0001987918652149,0.0005210559225837369
1498.1146159113978,1498.1146159113978,0.9997013578643174,0.0005207704969900905
1498.1215603966043,1498.1215603966043,1.0004554410258182,0.0005209042784006317
1498.1285048817647,1498.1285048817647,0.9998992653034096,0.0005208461220078972
1498.135449366878,1498.135449366878,1.0005576291953209,0.0005206952001632909
1498.142393851945,1498.142393851945,0.9994604420614843,0.0005206568711059841
1498.1493383370116,1498.1493383370116,1.0001014991473611,0.0005204260378082349
1498.1562828220208,1498.1562828220208,1.00039671053765,0.0005210588989266521
1498.163227307006,1498.163227307006,1.0002887405012908,0.0005204414192713946
1498.170171791945,1498.170171791945,0.9999769526779986,0.0005204528372456292
1498.1771162768607,1498.1771162768607,0.9993346079729155,0.000520821185690281
1498.1840607617528,1498.1840607617528,0.9994330046674336,0.0005206219141301546
1498.1910052465987,1498.1910052465987,0.9996394826625739,0.0005206358918974402
1498.1979497314096,1498.1979497314096,1.0002591771587135,0.0005208158206267733
1498.2048942161857,1498.2048942161857,1.000226557766885,0.0005210417457527552
1498.2118387009266,1498.2118387009266,1.0010884260940005,0.0005204953953914631
1498.218783185633,1498.218783185633,0.9997476672939308,0.0005208807400099052
1498.2257276703156,1498.2257276703156,1.000550461174162,0.0005210110056073425
1498.232672154963,1498.232672154963,1.0001290328034482,0.0005205797923404297
1498.2396166395645,1498.2396166395645,1.0007305140026959,0.0005210196940128142
1498.246561124131,1498.246561124131,0.9992535190620042,0.000521023231708071
1498.253505608674,1498.253505608674,0.9988996047928808,0.0005210692047616336
1498.2604500931823,1498.2604500931823,1.000205309726327,0.0005209094285818552
1498.2673945776555,1498.2673945776555,1.0000589806684839,0.0005207456308271301
1498.2743390620933,1498.2743390620933,0.9999454757141748,0.0005210109862108445
1498.2812835464854,1498.2812835464854,1.0005442874893198,0.0005215691560861926
1498.2882280308543,1498.2882280308543,1.0007808184102147,0.0005212998295922235
1498.2951725151875,1498.2951725151875,0.9990901632117544,0.0005206497723345561
1498.3021169994863,1498.3021169994863,1.000095788604623,0.0005209521533483612
1498.3090614837613,1498.3090614837613,0.9999614450383685,0.0005210391042511463
1498.316005967978,1498.316005967978,1.0001688655397247,0.0005205655591891333
1498.3229504521837,1498.3229504521837,0.9994325292019098,0.0005205411233183213
1498.329894936331,1498.329894936331,1.0002130777284768,0.0005210798785679482
1498.3368394204667,1498.3368394204667,1.000757509537949,0.0005205505781330008
1498.3437839045555,1498.3437839045555,0.9998249146675754,0.0005205954789844751
1498.3507283886331,1498.3507283886331,0.9993132123660766,0.0005204320934318715
1498.3576728726289,1498.3576728726289,1.0004084280974477,0.0005207237360234586
1498.3646173566249,1498.3646173566249,1.0001723889393657,0.0005210500056898986
1498.3715618405859,1498.3715618405859,1.0000641155557823,0.0005208371455184509
1498.3785063245,1498.3785063245,0.9996854221538694,0.0005207215157829725
1498.3854508083916,1498.3854508083916,1.0003408201215562,0.0005205525136539799
1498.392395292236,1498.392395292236,0.9996058060693531,0.0005206494934939019
1498.3993397760573,1498.3993397760573,0.9994060065689204,0.0005204692082484795
1498.4062842598087,1498.4062842598087,1.0005499341821398,0.0005208661016606768
1498.4132287435605,1498.4132287435605,0.9997046041014933,0.0005205801281353224
1498.4201732272886,1498.4201732272886,1.0007439785922925,0.0005209311447073744
1498.42711771097,1498.42711771097,0.9997670577402282,0.0005205287137779895
1498.434062194605,1498.434062194605,0.9999465731200438,0.0005206140246019637
1498.441006678217,1498.441006678217,1.000413998989587,0.0005213162997900223
1498.4479511617822,1498.4479511617822,0.9999208806865976,0.0005205161728085879
1498.454895645324,1498.454895645324,0.9997699105422887,0.0005209653113846104
1498.4618401288312,1498.4618401288312,0.9998853104930667,0.0005203150973145788
1498.4687846122913,1498.4687846122913,0.9996011330848047,0.0005208885779298034
1498.4757290957284,1498.4757290957284,1.0005845620846405,0.000521096867681325
1498.4826735791194,1498.4826735791194,0.9996703662872786,0.0005206323967539014
1498.4896180624867,1498.4896180624867,0.9999736268036035,0.0005205783953962667
1498.496562545819,1498.496562545819,0.9999474232221421,0.000520842506832742
1498.5035070291046,1498.5035070291046,1.0002545430403083,0.0005207574673830194
1498.5104515123671,1498.5104515123671,1.0000903428985373,0.000520874147981025
1498.5173959955832,1498.5173959955832,1.0000660781533317,0.0005209433123328051
1498.5243404787525,1498.5243404787525,1.000012328724205,0.0005205527403578747
1498.5312849619218,1498.5312849619218,0.999893161395781,0.0005206686551381738
1498.5382294450446,1498.5382294450446,0.999179805143758,0.0005209075710860026
1498.5451739281204,1498.5451739281204,1.001263421258,0.0005210220945822739
1498.5521184111617,1498.5521184111617,0.9999676528609391,0.000520812394637961
1498.5590628941795,1498.5590628941795,0.9998733965948725,0.0005209445523906961
1498.5660073771514,1498.5660073771514,1.000699206087242,0.0005208463701183637
1498.5729518600995,1498.5729518600995,1.0000054605564135,0.000520478204247549
1498.579896343001,1498.579896343001,0.9992558921701375,0.0005203316460710051
1498.5868408258798,1498.5868408258798,1.0004043093960377,0.0005206011447515127
1498.5937853086996,1498.5937853086996,1.0004228980016945,0.0005204977477995564
1498.6007297914962,1498.6007297914962,0.9988654166187697,0.0005201435720100062
1498.6076742742703,1498.6076742742703,1.0009718894570363,0.0005212374130300222
1498.6146187569973,1498.6146187569973,0.9996740472077507,0.0005207355469248403
1498.6215632396893,1498.6215632396893,1.0002680964724167,0.0005207335527495454
1498.628507722335,1498.628507722335,1.0000955534740226,0.0005208232211191776
1498.6354522049803,1498.6354522049803,0.9999995928586708,0.0005206548352633879
1498.6423966875675,1498.6423966875675,0.9995906256503009,0.0005208397734293963
1498.6493411700967,1498.6493411700967,0.9996920197048651,0.0005206158954744516
1498.6562856526143,1498.6562856526143,1.0011400070136776,0.00052098241920599
1498.6632301350967,1498.6632301350967,1.000142395228705,0.0005205472097887066
1498.6701746175445,1498.6701746175445,0.9998708737320875,0.0005204499769468673
1498.6771190999455,1498.6771190999455,0.9999872461014967,0.0005208446876549448
1498.6840635823232,1498.6840635823232,0.9998464131470989,0.0005207603248483504
1498.6910080646426,1498.6910080646426,0.9996247008824733,0.0005207302800660636
1498.697952546951,1498.697952546951,0.9999257739929387,0.0005206402717367899
1498.704897029224,1498.704897029224,1.0004330655703315,0.0005209110778022164
1498.7118415114383,1498.7118415114383,0.9998024679474062,0.0005206961728413808
1498.7187859936414,1498.7187859936414,1.000387232321057,0.0005213420753015274
1498.7257304757982,1498.7257304757982,1.00042941392745,0.000520491547098989
1498.7326749579197,1498.7326749579197,0.9995657558073505,0.0005204128506928982
1498.7396194399948,1498.7396194399948,1.0001724685770963,0.0005211680337755158
1498.7465639220584,1498.7465639220584,0.9994554038324128,0.0005207105168269553
1498.7535084040744,1498.7535084040744,0.9999029625617443,0.0005204718128002202
1498.7604528860452,1498.7604528860452,1.000302709522873,0.0005210786129943001
1498.7673973679923,1498.7673973679923,1.0002873302924007,0.000520620030841874
1498.7743418498926,1498.7743418498926,0.9993594085645023,0.000521085762034552
1498.7812863317579,1498.7812863317579,1.0003193531881434,0.0005210860577686213
1498.7882308135888,1498.7882308135888,0.9997042699070382,0.0005206110278642175
1498.7951752953843,1498.7951752953843,1.000761084961287,0.0005210841728163922
1498.8021197771454,1498.8021197771454,0.999720428179713,0.0005206088717390141
1498.8090642588827,1498.8090642588827,1.000001506084066,0.0005208943835063747
1498.8160087405502,1498.8160087405502,1.0000138326341925,0.0005205184802262745
1498.8229532222063,1498.8229532222063,0.9993099062724884,0.0005213525946699626
1498.8298977038157,1498.8298977038157,1.0009356546409112,0.0005211238989614715
1498.8368421854018,1498.8368421854018,0.9993370845587307,0.0005207931201905491
1498.843786666941,1498.843786666941,0.9999696485959954,0.0005212402598540786
1498.850731148446,1498.850731148446,1.0002481272032555,0.0005210192830629493
1498.857675629904,1498.857675629904,0.9999507433205735,0.0005206916024215215
1498.8646201113272,1498.8646201113272,1.000081960893093,0.0005206744665474292
1498.8715645927505,1498.8715645927505,1.0000218776619714,0.0005206510955076519
1498.8785090741037,1498.8785090741037,0.9999820935858452,0.0005206031042636596
1498.8854535554335,1498.8854535554335,1.000100645565444,0.0005208269613659683
1498.8923980367174,1498.8923980367174,1.0001753118709589,0.0005212150728130472
1498.8993425179774,1498.8993425179774,0.9999051470161294,0.0005206949892190412
1498.906286999179,1498.906286999179,0.9998319123820327,0.0005207669541793736
1498.913231480358,1498.913231480358,1.0003190891573002,0.0005207330447045103
1498.9201759614903,1498.9201759614903,0.9999425382668209,0.0005204367326283765
1498.9271204425988,1498.9271204425988,1.0002631179598604,0.0005209909471127437
1498.9340649236724,1498.9340649236724,0.9993206241764225,0.0005205031844720599
1498.9410094046998,1498.9410094046998,0.9995728923198183,0.0005203318187233738
1498.9479538856806,1498.9479538856806,1.0000688848991506,0.0005208238096242108
1498.9548983666496,1498.9548983666496,0.9995577393627052,0.0005204164877509293
1498.9618428475605,1498.9618428475605,1.0000767237347847,0.0005212175878200177
1498.968787328437,1498.968787328437,1.0009159039984399,0.0005210103710027272
1498.9757318092893,1498.9757318092893,1.0000816291245402,0.0005209241363491818
1498.982676290107,1498.982676290107,1.0005191647271494,0.0005205076225339486
1498.9896207708666,1498.9896207708666,0.9994916722511785,0.0005205226479202227
1498.9965652516025,1498.9965652516025,1.0006031135585494,0.0005205010475031941
1499.0035097322925,1499.0035097322925,0.9996397958870544,0.0005205190227343382
1499.010454212971,1499.010454212971,1.0000271802054592,0.0005205696668032781
1499.0173986935906,1499.0173986935906,0.9997345843719156,0.0005205127778884209
1499.0243431741642,1499.0243431741642,1.0000246293379205,0.0005207620179644795
1499.0312876547146,1499.0312876547146,0.9996215151622903,0.0005205201632164624
1499.038232135229,1499.038232135229,0.9997362197453741,0.0005207480136141466
1499.0451766156978,1499.0451766156978,1.0000969362880427,0.0005211130117565145
1499.0521210961433,1499.0521210961433,0.9999046159227543,0.0005208130454014622
1499.0590655765416,1499.0590655765416,1.0003211664335045,0.0005210781845297
1499.0660100569057,1499.0660100569057,0.9999279736009195,0.0005209837803585245
1499.0729545372228,1499.0729545372228,1.000397452114227,0.0005208699110980527
1499.0798990175167,1499.0798990175167,1.000030787770549,0.0005209890742704239
1499.0868434977756,1499.0868434977756,0.99994297921039,0.0005215428374517482
1499.093787977965,1499.093787977965,1.0000687377371134,0.000520766455036033
1499.100732458154,1499.100732458154,0.9992819894399826,0.0005202572872547715
1499.107676938273,1499.107676938273,1.0001557575052962,0.0005205815392525533
1499.1146214183805,1499.1146214183805,1.0007244976103968,0.0005213522009160272
1499.1215658984415,1499.1215658984415,0.9995810446964789,0.000520440829195647
1499.1285103784562,1499.1285103784562,1.0001824537319441,0.0005204123114511603
1499.135454858459,1499.135454858459,1.0002468101780333,0.0005204073457895295
1499.1423993383921,1499.1423993383921,1.0003192744779092,0.0005206385760076506
1499.1493438183138,1499.1493438183138,0.9991995828969309,0.0005205463105490422
1499.1562882981884,1499.1562882981884,0.9994048858129592,0.0005203002810734733
1499.1632327780167,1499.1632327780167,1.0000233955408655,0.0005202896368991741
1499.1701772578213,1499.1701772578213,0.9999566519303051,0.0005205809366566282
1499.1771217375685,1499.1771217375685,1.0000212061369813,0.0005207199498506959
1499.184066217292,1499.184066217292,1.001081983851036,0.0005207597330533149
1499.1910106969922,1499.1910106969922,1.000164103144196,0.0005204558809670221
1499.1979551766224,1499.1979551766224,1.0000449689686364,0.000520567292500563
1499.2048996562298,1499.2048996562298,1.0006336828286462,0.0005206092459059134
1499.2118441358016,1499.2118441358016,0.9989200633399726,0.0005202893833965459
1499.2187886153274,1499.2187886153274,0.999916818550432,0.000521270471484904
1499.2257330948296,1499.2257330948296,0.9994319018917045,0.000520935802537509
1499.2326775742736,1499.2326775742736,0.9999230257728755,0.0005208578163396364
1499.2396220536946,1499.2396220536946,0.9999217759584695,0.0005208529100008059
1499.2465665330803,1499.2465665330803,1.0005528331005449,0.000520928412395594
1499.2535110123963,1499.2535110123963,1.0007281893561895,0.00052104020634852
1499.2604554917123,1499.2604554917123,1.000201273819901,0.000520758523741929
1499.2673999709584,1499.2673999709584,0.9999879733551935,0.0005205574666537813
1499.2743444501925,1499.2743444501925,1.0002449739161405,0.0005208658553613463
1499.2812889293805,1499.2812889293805,1.0001277298308828,0.0005204453447325092
1499.2882334085223,1499.2882334085223,0.9996625008566855,0.0005212943311928539
1499.295177887617,1499.295177887617,0.9994333271357346,0.0005208845447148011
1499.3021223667117,1499.3021223667117,1.0005507904828923,0.0005206269795747298
1499.3090668457257,1499.3090668457257,1.0003204022311274,0.0005213786507324483
1499.3160113247268,1499.3160113247268,0.9996147626974077,0.0005203875769929809
1499.3229558036821,1499.3229558036821,1.000381146434686,0.0005210637085509028
1499.3299002826022,1499.3299002826022,1.0000417833395612,0.0005204582250272468
1499.3368447614762,1499.3368447614762,0.9995271224210672,0.0005205208004012243
1499.3437892402912,1499.3437892402912,0.9999350858789485,0.0005210615918648829
1499.3507337190954,1499.3507337190954,1.0011608335536855,0.0005206079001286452
1499.357678197864,1499.357678197864,0.9999190826262939,0.0005205447103023849
1499.3646226765864,1499.3646226765864,1.0000629296171852,0.000520458285105705
1499.3715671552623,1499.3715671552623,1.000163857672535,0.0005204756061176702
1499.3785116339145,1499.3785116339145,0.999376938085342,0.0005204457541730278
1499.3854561125204,1499.3854561125204,0.9994495428112584,0.0005206757346201362
1499.3924005910917,1499.3924005910917,0.9999392430687368,0.0005202861447664243
1499.3993450696162,1499.3993450696162,0.9998965150230722,0.0005206003886310057
1499.4062895480936,1499.4062895480936,1.0004585516460938,0.0005213025283388141
1499.4132340265478,1499.4132340265478,1.0004190866192408,0.0005204972756762625
1499.4201785049445,1499.4201785049445,1.0005357899281935,0.0005205406962621513
1499.4271229833175,1499.4271229833175,0.9997631346762352,0.0005203254629666655
1499.434067461644,1499.434067461644,0.9999819835299941,0.0005205212701602457
1499.4410119399356,1499.4410119399356,0.999514355892049,0.0005206658918618409
1499.4479564181922,1499.4479564181922,1.0002843879512742,0.0005209520019720771
1499.454900896379,1499.454900896379,0.9996767929933139,0.0005206158608075364
1499.4618453745657,1499.4618453745657,0.99940331393659,0.0005202930520542575
1499.4687898527059,1499.4687898527059,0.9998814686575994,0.000520586169087226
1499.4757343307997,1499.4757343307997,1.0003519757107193,0.0005207120755423418
1499.482678808835,1499.482678808835,1.0001465715674658,0.0005208949686948424
1499.4896232868591,1499.4896232868591,1.0007121547914253,0.0005207580652169671
1499.4965677648358,1499.4965677648358,1.0001330659110395,0.0005205982490602764
1499.5035122427669,1499.5035122427669,0.9994368211079255,0.0005205250617089837
1499.5104567206627,1499.5104567206627,1.000385885743492,0.0005206156082326311
1499.5174011985118,1499.5174011985118,0.9996463745912021,0.0005208192756988269
1499.5243456763378,1499.5243456763378,1.000110054321973,0.0005207520502514902
1499.5312901541056,1499.5312901541056,1.0001832798470525,0.0005207966052050885
1499.5382346318265,1499.5382346318265,0.9994117947621668,0.000520498702215023
1499.5451791095363,1499.5451791095363,0.9999063886174436,0.0005210273561243388
1499.552123587176,1499.552123587176,1.0003202895592054,0.0005208497080240779
1499.5590680648033,1499.5590680648033,0.9992221090253374,0.0005205937775142052
1499.5660125423733,1499.5660125423733,1.000330782301958,0.0005210693316077492
1499.5729570199082,1499.5729570199082,0.9999359339960664,0.0005208244048410024
1499.5799014973963,1499.5799014973963,1.0007837943845976,0.0005208358375605415
1499.58684597485,1499.58684597485,1.0007245207390218,0.0005213452976975166
1499.5937904522568,1499.5937904522568,1.0001187639867595,0.0005205746476860538
1499.6007349296635,1499.6007349296635,0.9994638746075563,0.0005205630533635634
1499.6076794069656,1499.6076794069656,0.9995050916443743,0.0005206792588144277
1499.6146238842678,1499.6146238842678,0.9995428053804976,0.0005206564131375212
1499.6215683615114,1499.6215683615114,0.99963551600401,0.0005203360888471032
1499.6285128387203,1499.6285128387203,0.9999080475878304,0.0005209240418617815
1499.6354573159065,1499.6354573159065,1.0005761107266804,0.000520822411096111
1499.6424017930335,1499.6424017930335,1.0007868226172623,0.0005207527897323912
1499.6493462701142,1499.6493462701142,0.9999985767875372,0.0005209961879200065
1499.6562907471719,1499.6562907471719,0.9998068764579303,0.0005207232548917498
1499.6632352241716,1499.6632352241716,0.9997671600728765,0.000520630399772443
1499.6701797011474,1499.6701797011474,0.9999053543422811,0.0005209810210742626
1499.6771241780652,1499.6771241780652,0.9992239345931591,0.0005207478119090704
1499.6840686549604,1499.6840686549604,1.0003527096325606,0.0005212378189286108
1499.691013131796,1499.691013131796,1.0006792512337177,0.0005206957238727305
1499.6979576085857,1499.6979576085857,1.0001275010555242,0.0005205315636134624
1499.7049020853524,1499.7049020853524,0.9999186435771286,0.0005208017979831435
1499.7118465620838,1499.7118465620838,0.999517617241892,0.0005207217345481743
1499.7187910387688,1499.7187910387688,0.9999340450268998,0.0005210521618812733
1499.7257355154075,1499.7257355154075,1.0003011983805659,0.0005206123849168879
1499.7326799919877,1499.7326799919877,0.9998439904292769,0.000520585976464797
1499.7396244685565,1499.7396244685565,1.0001952365643825,0.0005205403030353994
1499.7465689450787,1499.7465689450787,0.9995916249942015,0.0005205651932365157
1499.7535134215539,1499.7535134215539,1.0004175276562541,0.0005207095918176998
1499.7604578979829,1499.7604578979829,1.0002529709097434,0.0005207044996596997
1499.7674023743652,1499.7674023743652,1.000020116444874,0.000521148171039685
1499.7743468507124,1499.7743468507124,0.9992697611676661,0.0005207573153231946
1499.781291327025,1499.781291327025,1.0008445346411912,0.0005205872771778883
1499.7882358032912,1499.7882358032912,0.9999628568190054,0.0005206502833174577
1499.7951802795337,1499.7951802795337,0.9991024669056984,0.0005205232153536996
1499.8021247557067,1499.8021247557067,0.9998098333239664,0.000520679524931477
1499.8090692318328,1499.8090692318328,1.0013191009957336,0.0005209167782684181
1499.8160137079358,1499.8160137079358,1.0000548379164553,0.0005206893417966013
1499.8229581839917,1499.8229581839917,0.9988514991246309,0.0005202718372556866
1499.8299026600134,1499.8299026600134,0.999955700819443,0.0005208472117944133
1499.8368471359881,1499.8368471359881,1.000417494411525,0.0005209176943829008
1499.843791611905,1499.843791611905,0.9999052573446203,0.0005204559993610069
1499.8507360877868,1499.8507360877868,0.9998557475728992,0.0005203983977295275
1499.8576805636571,1499.8576805636571,1.0000723861987946,0.0005206717706346253
1499.8646250394572,1499.8646250394572,1.0000997737368564,0.0005206143257352394
1499.8715695152227,1499.8715695152227,1.0002147543240671,0.0005207253532261435
1499.8785139909414,1499.8785139909414,0.9995934560791879,0.0005208770071127431
1499.8854584666137,1499.8854584666137,0.9999167568508861,0.0005205774296552146
1499.8924029422742,1499.8924029422742,1.0004833697763706,0.0005205077523934648
1499.8993474178533,1499.8993474178533,1.000266446700798,0.0005207132501601942
1499.9062918933973,1499.9062918933973,0.9995174587095939,0.0005204224851667563
1499.9132363689182,1499.9132363689182,1.0000661788036618,0.0005204149764820927
1499.9201808443809,1499.9201808443809,0.9998889491366253,0.0005205009149161921
1499.9271253197971,1499.9271253197971,0.999756691123784,0.000520847182151146
1499.9340697951898,1499.9340697951898,0.9992070573304469,0.0005203001419358337
1499.9410142705012,1499.9410142705012,0.9998591784214245,0.0005204073686798264
1499.9479587458122,1499.9479587458122,1.0006968387920636,0.0005207541895914846
1499.9549032210653,1499.9549032210653,1.0003252939270035,0.0005205874856548832
1499.9618476962721,1499.9618476962721,0.9994791657217139,0.0005202819955600836
1499.9687921714435,1499.9687921714435,0.9999257562964561,0.0005206441197630362
1499.9757366465685,1499.9757366465685,1.0000309014306785,0.0005203641237489586
1499.982681121659,1499.982681121659,1.0003417703668527,0.0005205955104026795
1499.989625596691,1499.989625596691,0.9999763120281722,0.0005206536147607058
1499.9965700716878,1499.9965700716878,1.0000378897811217,0.0005205994281703755
1500.0035145466386,1500.0035145466386,0.9999049659005479,0.0005206456206472661
1500.0104590215308,1500.0104590215308,1.0002988303985085,0.0005206528269129887
1500.0174034963995,1500.0174034963995,0.9997717420086255,0.0005204948704362834
1500.024347971234,1500.024347971234,0.9999890548962321,0.0005206966497871752
1500.031292445998,1500.031292445998,0.9999770164241302,0.0005208924481824773
1500.038236920727,1500.038236920727,1.0000287295354942,0.0005210221498990758
1500.0451813954332,1500.0451813954332,0.9990231819899659,0.0005208771530180393
1500.0521258700694,1500.0521258700694,1.00003802837503,0.0005206531865163058
1500.0590703446705,1500.0590703446705,1.0003390383363633,0.0005204912667019941
1500.0660148192362,1500.0660148192362,0.9997466497429949,0.0005208920124571077
1500.0729592937562,1500.0729592937562,1.0000250818735228,0.0005207397036283261
1500.0799037682295,1500.0799037682295,0.9999789257545869,0.0005204867722125418
1500.0868482426558,1500.0868482426558,1.000332564009771,0.0005207170765375085
1500.0937927170357,1500.0937927170357,0.9994224699600371,0.000520271973571474
1500.1007371913809,1500.1007371913809,1.000326008362469,0.0005207781322490184
1500.1076816656794,1500.1076816656794,1.0001025157740726,0.0005204116941396992
1500.11462613992,1500.11462613992,1.0003665138002609,0.0005205891889378709
1500.121570614137,1500.121570614137,0.9998254812654128,0.0005206006709503387
1500.1285150883075,1500.1285150883075,0.9996841873382841,0.0005209349946692275
1500.1354595624082,1500.1354595624082,1.000124562550527,0.0005204453002575802
1500.1424040364739,1500.1424040364739,1.0001161303286241,0.0005203351882240158
1500.1493485105043,1500.1493485105043,0.9998844989607367,0.0005209702688188778
1500.1562929844888,1500.1562929844888,1.0002489042292408,0.0005206023911277176
1500.163237458438,1500.163237458438,0.9998097161485902,0.0005203903797748077
1500.1701819323175,1500.1701819323175,0.9999771140713257,0.0005206896207642154
1500.177126406173,1500.177126406173,0.9998974036940617,0.0005206828349110994
1500.1840708799944,1500.1840708799944,0.9998212435502005,0.0005203284743866977
1500.1910153537458,1500.1910153537458,0.9995181847138047,0.0005202715168207865
1500.1979598274625,1500.1979598274625,1.0003200099507645,0.0005204924262673398
1500.2049043011439,1500.2049043011439,1.0009827224482482,0.0005207634075202626
1500.2118487747553,1500.2118487747553,0.9997828088712838,0.0005208911000094071
1500.218793248344,1500.218793248344,0.9992385725020663,0.0005204331307981944
1500.225737721886,1500.225737721886,1.0008912991717736,0.0005209223188134829
1500.2326821953695,1500.2326821953695,0.9999182423221603,0.0005203339499316075
1500.2396266688297,1500.2396266688297,0.9995321450275773,0.0005207176312917484
1500.246571142232,1500.246571142232,0.9996934633464463,0.0005206883588455035
1500.2535156155757,1500.2535156155757,0.9998492815971541,0.0005203127905079463
1500.2604600888967,1500.2604600888967,0.999453613095328,0.0005202172966564031
1500.2674045621588,1500.2674045621588,1.000905103154571,0.0005208129459992476
1500.2743490353748,1500.2743490353748,1.0001338057481672,0.0005204389823969606
1500.2812935085437,1500.2812935085437,1.0005004622688163,0.0005208743998500914
1500.288237981678,1500.288237981678,0.9999003206467524,0.0005207837038423525
1500.2951824547542,1500.2951824547542,0.9999125998702523,0.0005207240525204907
1500.3021269277838,1500.3021269277838,1.0001199165532024,0.000520604626495276
1500.3090714007667,1500.3090714007667,0.9994519534224597,0.0005207340314489946
1500.3160158737267,1500.3160158737267,0.9994807421235254,0.0005206979037900378
1500.3229603466166,1500.3229603466166,0.9997652982020704,0.000520765750985656
1500.3299048194717,1500.3299048194717,1.0007310737798154,0.0005205062579828645
1500.33684929228,1500.33684929228,1.0005794867313218,0.0005207623516696291
1500.3437937650417,1500.3437937650417,1.0002652217595687,0.0005208445921947427
1500.3507382377338,1500.3507382377338,0.9996555856957585,0.0005204681853088977
1500.357682710426,1500.357682710426,0.9998752149270305,0.0005203613905438078
1500.3646271830362,1500.3646271830362,0.9996961493971346,0.0005206023997182016
1500.3715716556235,1500.3715716556235,0.9999574235170756,0.0005204943519839059
1500.3785161281296,1500.3785161281296,1.0002364684994687,0.0005212364472762326
1500.3854606006116,1500.3854606006116,0.9998238325315392,0.000520804113085651
1500.3924050730707,1500.3924050730707,0.9996369426248091,0.0005205881059194379
1500.3993495454367,1500.3993495454367,1.000672579270206,0.0005206636159774327
1500.4062940177794,1500.4062940177794,1.0004362145546408,0.0005208858193077525
1500.4132384900756,1500.4132384900756,0.9997878294771952,0.0005206360712992174
1500.4201829623137,1500.4201829623137,0.9999547471149096,0.0005204566681834892
1500.4271274345167,1500.4271274345167,1.00009396141419,0.0005204287358366911
1500.4340719066615,1500.4340719066615,1.0004269193113022,0.0005209531800039175
1500.4410163787713,1500.4410163787713,1.0002990240648928,0.0005208840074254394
1500.4479608508232,1500.4479608508232,0.9996908902833541,0.0005205891377045176
1500.4549053228284,1500.4549053228284,0.999314048164577,0.0005202051733391101
1500.4618497947981,1500.4618497947981,0.9996866050858187,0.0005205264343637456
1500.4687942667103,1500.4687942667103,1.0004942026244112,0.0005204551589939831
1500.4757387385641,1500.4757387385641,0.9999684869386669,0.0005205392350903452
1500.4826832103831,1500.4826832103831,0.9998590673773897,0.0005202978990641086
1500.489627682167,1500.489627682167,1.0000411375118297,0.0005210110116958793
1500.4965721538924,1500.4965721538924,1.0009590375089412,0.0005206157989350442
1500.5035166255598,1500.5035166255598,0.9998818649960434,0.0005208578081678652
1500.5104610971812,1500.5104610971812,1.0000069729485879,0.0005205442927824068
1500.5174055687783,1500.5174055687783,0.9991090601256382,0.000520589027055991
1500.5243500403064,1500.5243500403064,1.000085910584612,0.0005214284721647784
1500.5312945117882,1500.5312945117882,0.9999148504073381,0.0005208267251854908
1500.5382389832225,1500.5382389832225,0.9997908711826403,0.0005206639918929626
1500.5451834546107,1500.5451834546107,1.0006516475540919,0.0005209937238020172
1500.552127925941,1500.552127925941,0.9996426792377651,0.0005209068842534914
1500.5590723972355,1500.5590723972355,1.0002910349480807,0.0005206745230242242
1500.5660168684842,1500.5660168684842,1.0005729065429618,0.0005209479533820093
1500.5729613396513,1500.5729613396513,1.0001399783886813,0.0005210048797049221
1500.5799058107948,1500.5799058107948,1.000866521558899,0.0005207751425134334
1500.586850281892,1500.586850281892,0.9998599270523506,0.000520354229621732
1500.5937947529421,1500.5937947529421,0.9992327513453253,0.0005205407489087471
1500.6007392239344,1500.6007392239344,1.000432055023168,0.0005210073610466364
1500.60768369488,1500.60768369488,1.0000930703031654,0.0005208001982042388
1500.6146281657795,1500.6146281657795,0.9995783520847088,0.0005214729856039403
1500.6215726366204,1500.6215726366204,1.00018585680804,0.0005207605776556369
1500.6285171074264,1500.6285171074264,1.0005580777518053,0.0005208932013693825
1500.6354615781627,1500.6354615781627,1.00021465434321,0.0005203517409951923
1500.6424060488873,1500.6424060488873,0.9991866492201161,0.0005206472633983222
1500.6493505195303,1500.6493505195303,1.0000385660219613,0.0005214982499518797
1500.6562949901156,1500.6562949901156,1.0002858537776231,0.0005205197365585909
1500.6632394606654,1500.6632394606654,0.9997797856249081,0.000521046723640753
1500.6701839311686,1500.6701839311686,1.000406327493553,0.000521089592199395
1500.6771284016254,1500.6771284016254,1.0003747372076566,0.0005209943894056364
1500.684072872001,1500.684072872001,0.9994495095433511,0.0005207649651541463
1500.691017342364,1500.691017342364,1.0001835007474824,0.0005209563912805815
1500.6979618126697,1500.6979618126697,0.9999097137690176,0.0005204825560138883
1500.7049062829287,1500.7049062829287,0.999854549304861,0.0005205113924860511
1500.7118507531172,1500.7118507531172,0.999967911059621,0.0005206667953110117
1500.7187952232719,1500.7187952232719,0.9996259413954232,0.0005203761798072574
1500.7257396933678,1500.7257396933678,1.0003662535528717,0.0005205064017139744
1500.7326841634172,1500.7326841634172,0.999861342631114,0.0005206535934303647
1500.739628633408,1500.739628633408,1.0002397152251779,0.0005209453085353213
1500.746573103353,1500.746573103353,0.9999856125294432,0.0005208451119606246
1500.7535175732392,1500.7535175732392,0.9998957709532987,0.0005204541322899528
1500.760462043091,1500.760462043091,1.0003426332272596,0.0005206448806715735
1500.7674065128726,1500.7674065128726,1.0002708594576655,0.0005211685038316081
1500.7743509826191,1500.7743509826191,0.9995259163563045,0.0005201566645406696
1500.7812954523074,1500.7812954523074,1.0001867745450805,0.0005206666735934078
1500.7882399219493,1500.7882399219493,0.9996929483345751,0.0005203424900155692
1500.7951843915332,1500.7951843915332,0.9999501586605637,0.0005204585340409806
1500.8021288610814,1500.8021288610814,0.9998332068334573,0.0005203318877093826
1500.8090733305605,1500.8090733305605,1.000062021822048,0.0005208502436373848
1500.8160177999812,1500.8160177999812,1.00058145849965,0.0005204513322773829
1500.8229622693673,1500.8229622693673,0.9999329928836674,0.0005210714899235814
1500.8299067386947,1500.8299067386947,0.9999164600058226,0.0005203795134871728
1500.836851207964,1500.836851207964,0.9998121014995835,0.0005205736424172497
1500.8437956772102,1500.8437956772102,0.9999066939291825,0.0005206118699655168
1500.8507401463517,1500.8507401463517,0.9999670579772942,0.0005205372929869926
1500.8576846154697,1500.8576846154697,1.000123264931937,0.0005212649993260401
1500.8646290845295,1500.8646290845295,1.0006477897434585,0.0005209037890652418
1500.8715735535657,1500.8715735535657,0.9998395827357316,0.000520692407232776
1500.878518022509,1500.878518022509,0.9990609689033766,0.0005207455588888817
1500.8854624914172,1500.8854624914172,1.0001560765939188,0.000520624541355771
1500.8924069602795,1500.8924069602795,1.0001721361903615,0.0005204185398623142
1500.8993514290717,1500.8993514290717,0.9997901166505493,0.0005207016393134439
1500.9062958978284,1500.9062958978284,1.0005684377134414,0.0005209580257299996
1500.9132403665276,1500.9132403665276,0.9996555119550827,0.0005203774325533976
1500.9201848351452,1500.9201848351452,1.0004600506748371,0.0005209948837243054
1500.9271293037511,1500.9271293037511,1.0001083913540665,0.0005207252698584371
1500.934073772287,1500.934073772287,1.0000821436427345,0.0005208339177306075
1500.9410182407767,1500.9410182407767,0.9996647382834553,0.0005209307055140214
1500.9479627091962,1500.9479627091962,0.9994609277093076,0.0005204891646010134
1500.9549071775807,1500.9549071775807,1.0001817572721705,0.0005210329170969481
1500.9618516458954,1500.9618516458954,0.9995281325139365,0.0005203414676129872
1500.9687961141633,1500.9687961141633,1.0002798198008787,0.0005207290345905417
1500.9757405823734,1500.9757405823734,0.9994470117190035,0.0005205226773953822
1500.982685050525,1500.982685050525,1.000710492788746,0.0005206336866115108
1500.9896295186304,1500.9896295186304,1.0001365030820342,0.0005205115729578604
1500.9965739866773,1500.9965739866773,1.0013049180556153,0.0005213008352265736
1501.0035184546778,1501.0035184546778,0.9993504266314943,0.0005203312198509952
1501.0104629226084,1501.0104629226084,1.0004806753920736,0.0005208793048334646
1501.0174073904923,1501.0174073904923,1.000346582648523,0.0005204756746986944
1501.02435185833,1501.02435185833,0.9995720780309689,0.0005204989336196434
1501.0312963260974,1501.0312963260974,0.9999297496242401,0.0005204594000227933
1501.0382407938184,1501.0382407938184,0.9997575182431439,0.0005205326552616419
1501.0510186142583,1501.0510186142583,1.0001854701543411,0.0005204413513760912
1501.0618519836485,1501.0618519836485,1.0006553454679772,0.0005203651183165619
1501.0687964511017,1501.0687964511017,1.0004479099745582,0.0005204957616767626
1501.0757409185435,1501.0757409185435,1.000130897422404,0.000520247354139819
1501.0826853859035,1501.0826853859035,0.9992504794959707,0.000520599427861571
1501.0896298532175,1501.0896298532175,0.9992581081814421,0.0005205155449859433
1501.0965743204729,1501.0965743204729,0.999987228948552,0.000520572152792998
1501.10351878767,1501.10351878767,1.0008108996401863,0.0005212200906815699
1501.1104632548088,1501.1104632548088,0.9995410127695736,0.0005203890418534917
1501.1174077218898,1501.1174077218898,0.9989020181202275,0.000520159737056116
1501.1243521889123,1501.1243521889123,1.0003013026782512,0.0005206035729729146
1501.1312966558885,1501.1312966558885,1.0005733388661648,0.0005207588460553905
1501.1382411227821,1501.1382411227821,1.0006383085191153,0.0005205372265738551
1501.1451855896537,1501.1451855896537,1.0000952887143977,0.0005203496606494246
1501.152130056443,1501.152130056443,0.9992371900472234,0.0005206301752707295
1501.1590745231747,1501.1590745231747,0.9993514338486722,0.0005206206630531718
1501.1660189898714,1501.1660189898714,1.0006522882300546,0.0005204964921133489
1501.172963456498,1501.172963456498,1.0000297398504787,0.000520950872907547
1501.1799079230668,1501.1799079230668,1.000620077268049,0.0005209126687525812
1501.186852389577,1501.186852389577,0.9997703793685646,0.0005207256442928519
1501.1937968560173,1501.1937968560173,0.9993425280123706,0.0005202462002096431
1501.2007413224349,1501.2007413224349,0.9998909011496433,0.0005202638955513715
1501.2076857887594,1501.2076857887594,1.0004055656631305,0.0005203461073368997
1501.2146302550482,1501.2146302550482,0.9997395370364786,0.0005203823769478602
1501.2215747212556,1501.2215747212556,0.9999201812963385,0.0005206557975842149
1501.2285191874282,1501.2285191874282,1.0002759034519149,0.0005204604539085461
1501.2354636535306,1501.2354636535306,1.0003282935466575,0.0005204737869247348
1501.242408119564,1501.242408119564,0.9995946786660873,0.0005203703548716344
1501.249352585562,1501.249352585562,0.9993187805666954,0.0005208202844438647
1501.2562970514787,1501.2562970514787,1.0001062522472648,0.0005207559020357818
1501.263241517337,1501.263241517337,1.0002129111329763,0.0005203714601505494
1501.270185983161,1501.270185983161,0.9998601453772062,0.0005212548572518587
1501.2771304489147,1501.2771304489147,1.0000828707148517,0.0005202608181944788
1501.2840749145985,1501.2840749145985,0.9995101885636595,0.0005206984530972533
1501.291019380224,1501.291019380224,0.9998472135557279,0.000520624841028439
1501.297963845791,1501.297963845791,1.0003338071010213,0.0005204220376690323
1501.3049083113115,1501.3049083113115,1.0000724810962074,0.0005208408397477989
1501.3118527767508,1501.3118527767508,0.9998242371940613,0.0005200686330187033
1501.3187972421438,1501.3187972421438,1.0003973772294121,0.000520140473614841
1501.3257417074778,1501.3257417074778,1.000168869246919,0.0005202732786811204
1501.332686172743,1501.332686172743,1.0002192516423762,0.0005203290803639072
1501.3396306379498,1501.3396306379498,0.9994439221527198,0.0005205259201396389
1501.3465751030744,1501.3465751030744,0.9997609100241263,0.0005202602846896509
1501.3535195681761,1501.3535195681761,1.000104305178724,0.0005202156477514799
1501.3604640332082,1501.3604640332082,1.0003258146477032,0.0005206376543015792
1501.3674084981699,1501.3674084981699,0.9996103769726077,0.0005203408534029372
1501.3743529630738,1501.3743529630738,1.0003166518512088,0.0005204298754353778
1501.3812974279194,1501.3812974279194,0.9999999134758054,0.0005207070370933195
1501.3882418926946,1501.3882418926946,1.000128075355687,0.0005206607475880102
1501.3951863574007,1501.3951863574007,1.0001448291344581,0.0005207488736775273
1501.4021308220601,1501.4021308220601,1.000359971157414,0.0005204753793220722
1501.4090752866382,1501.4090752866382,0.9993512244876952,0.0005206288404089296
1501.416019751181,1501.416019751181,1.000052098594922,0.000520502724305417
1501.4229642156422,1501.4229642156422,0.9995171480146505,0.0005210441971150898
1501.429908680057,1501.429908680057,0.999900356048871,0.0005203115187652191
1501.4368531444022,1501.4368531444022,1.0001290588466905,0.0005203040333993563
1501.4437976086542,1501.4437976086542,1.000302617903826,0.0005206500994549395
1501.4507420728946,1501.4507420728946,1.0001143358209115,0.0005203299871603532
1501.4576865370532,1501.4576865370532,1.0005801472975855,0.0005204043466195982
1501.4646310011417,1501.4646310011417,0.999516435323628,0.0005203065680057953
1501.4715754651727,1501.4715754651727,0.9993683751412675,0.0005207575030521979
1501.478519929133,1501.478519929133,1.0003104219132086,0.0005204701121899871
1501.4854643930244,1501.4854643930244,1.0004363297065642,0.0005209612245934543
1501.492408856857,1501.492408856857,0.9997295130006332,0.0005207203886608159
1501.49935332062,1501.49935332062,1.0004869069887499,0.0005205154083061422
1501.5062977843597,1501.5062977843597,0.9991835345309417,0.0005203435146236877
1501.5132422479714,1501.5132422479714,0.9996834502616139,0.0005205544259250992
1501.5201867115595,1501.5201867115595,1.0000939658342745,0.000520809769065466
1501.5271311750548,1501.5271311750548,1.000161100207248,0.0005204487002691066
1501.5340756385153,1501.5340756385153,1.0011425117850372,0.000520395355784575
1501.5410201018935,1501.5410201018935,0.9998539276329399,0.0005205653831539625
1501.5479645652024,1501.5479645652024,0.9995027011114826,0.0005204269043284523
1501.5549090284646,1501.5549090284646,1.0001767704934479,0.0005206739341813754
1501.5618534916453,1501.5618534916453,0.9999255200536548,0.0005206930475265807
1501.5687979547681,1501.5687979547681,0.9995816209041622,0.0005206575193598625
1501.5757424178214,1501.5757424178214,1.000369597640645,0.0005204263931826685
1501.582686880804,1501.582686880804,0.999521776593701,0.000520473235505208
1501.589631343717,1501.589631343717,0.9998455455646829,0.0005204211083250436
1501.5965758065836,1501.5965758065836,1.000856332041448,0.0005206686982721992
1501.6035202693572,1501.6035202693572,0.9997040922652823,0.0005204266571369934
1501.6104647320724,1501.6104647320724,0.9997411164022312,0.0005203471085341417
1501.6174091947291,1501.6174091947291,1.0003559534076218,0.0005207625889352039
1501.624353657316,1501.624353657316,1.0000829015558064,0.0005205321379849694
1501.6312981198214,1501.6312981198214,1.0001479973866787,0.0005205662278316899
1501.6382425822926,1501.6382425822926,0.9993632208081926,0.0005202839785522402
1501.6451870446701,1501.6451870446701,0.9995682612974607,0.0005207003615745724
1501.6521315069779,1501.6521315069779,0.9999787741297324,0.0005202101415772507
1501.6590759692044,1501.6590759692044,1.0007772679660791,0.0005205885904615797
1501.6660204313955,1501.6660204313955,0.9994984599875298,0.0005205949019921436
1501.6729648935052,1501.6729648935052,1.0005595724570742,0.0005207010643965961
1501.6799093555455,1501.6799093555455,1.0002830629066706,0.0005206026397798309
1501.6868538175272,1501.6868538175272,1.0006686391897193,0.0005210883878705005
1501.6937982794152,1501.6937982794152,0.9993301622633428,0.0005204722417403049
1501.700742741246,1501.700742741246,0.9997549617758186,0.0005204507386103934
1501.7076872030066,1501.7076872030066,1.0002132693894967,0.0005202822915027727
1501.714631664709,1501.714631664709,0.9997960548448723,0.0005209383120791954
1501.7215761263296,1501.7215761263296,0.9992573100436862,0.0005205389769939226
1501.7285205878693,1501.7285205878693,0.9998880615268121,0.0005205542919457243
1501.7354650493503,1501.7354650493503,1.000215529450575,0.0005204953790293211
1501.7424095107735,1501.7424095107735,0.9999649072330407,0.0005209711559239717
1501.749353972103,1501.749353972103,1.000501198253046,0.0005209545214132711
1501.7562984333747,1501.7562984333747,1.0001735597466226,0.0005208197765387485
1501.7632428945647,1501.7632428945647,0.9999667096523952,0.0005206229638127911
1501.7701873556848,1501.7701873556848,1.0000790953839658,0.000521229635159207
1501.7771318167472,1501.7771318167472,1.0000783155928505,0.0005207010395799928
1501.7840762777275,1501.7840762777275,1.0000222612357053,0.0005207296281814226
1501.7910207386385,1501.7910207386385,0.9996996255449222,0.0005205821778412226
1501.797965199468,1501.797965199468,0.9996186600256645,0.0005205230373106432
1501.804909660227,1501.804909660227,1.0001915581607324,0.0005204580089043893
1501.8118541209285,1501.8118541209285,0.9998549181354873,0.0005201743956462467
1501.8187985815482,1501.8187985815482,0.9996498470572004,0.0005207798995432721
1501.825743042098,1501.825743042098,0.9998625090882095,0.0005201674280431591
1501.8326875025664,1501.8326875025664,1.0004916601787888,0.0005204934594067113
1501.8396319629762,1501.8396319629762,0.9998583596948748,0.0005207132167928993
1501.8465764232928,1501.8465764232928,1.0008808279608536,0.0005203086971274172
1501.8535208835522,1501.8535208835522,0.9998879011261448,0.0005207371566049206
1501.8604653437294,1501.8604653437294,0.9999885079079647,0.0005205115108874913
1501.8674098038252,1501.8674098038252,1.000512581908659,0.0005208874508369989
1501.8743542638397,1501.8743542638397,0.9994583088022864,0.0005204060636428199
1501.8812987238075,1501.8812987238075,0.9995468887452944,0.0005214233757714534
1501.888243183682,1501.888243183682,1.000237671616222,0.0005203338821000724
1501.8951876434755,1501.8951876434755,0.9996576127840008,0.0005202893885275285
1501.90213210321,1501.90213210321,0.999822022585305,0.0005205894040175375
1501.9090765628632,1501.9090765628632,1.0007710698228374,0.0005210734842600693
1501.9160210224238,1501.9160210224238,0.999774156426442,0.0005204888996556361
1501.9229654819144,1501.9229654819144,0.9997603365740776,0.0005203390210403347
1501.929909941347,1501.929909941347,0.9999686946708154,0.0005206747560398994
1501.936854400686,1501.936854400686,0.9999379278351818,0.0005206144887586011
1501.9437988599552,1501.9437988599552,0.999574639771225,0.0005205266826205703
1501.950743319143,1501.950743319143,1.000718215417655,0.0005203473931354353
1501.9576877782492,1501.9576877782492,1.0000482229878518,0.0005203251342759897
1501.9646322372973,1501.9646322372973,1.0001435211250664,0.0005203537167695847
1501.9715766962527,1501.9715766962527,1.0001893098284376,0.0005203996949985267
1501.9785211551255,1501.9785211551255,0.9999412452366071,0.0005205531088091884
1501.9854656139175,1501.9854656139175,0.9990481776744229,0.0005199060253628833
1501.9924100726398,1501.9924100726398,1.0000868254935888,0.0005204310858346314
1501.9993545312802,1501.9993545312802,1.0001687115333933,0.0005202779462488035
1502.0062989898393,1502.0062989898393,0.999610007244249,0.0005200943434511566
1502.013243448317,1502.013243448317,1.0005648288532663,0.0005207297331119449
1502.020187906725,1502.020187906725,1.000762665875975,0.0005206998210215996
1502.02713236504,1502.02713236504,0.9995084317739569,0.000519952799291175
1502.0340768232845,1502.0340768232845,1.0005106874285474,0.0005203213100455866
1502.0410212814477,1502.0410212814477,0.9995733651955181,0.000520395900682959
1502.0479657395176,1502.0479657395176,0.9995447504981503,0.0005203754823519018
1502.0549101975064,1502.0549101975064,0.9994624984527972,0.0005203028138020929
1502.0618546554138,1502.0618546554138,1.0004787084347826,0.00052079490519854
1502.0687991132513,1502.0687991132513,1.0002241532993472,0.0005205702025807694
1502.075743571007,1502.075743571007,0.9994796809262022,0.0005202154900865576
1502.0826880286816,1502.0826880286816,0.9998090258394653,0.0005201966341699981
1502.0896324862742,1502.0896324862742,0.9995871980311029,0.000520532499206276
1502.0965769437628,1502.0965769437628,0.999825801559358,0.0005204490149903823
1502.103521401181,1502.103521401181,1.0005673139329117,0.0005207402021638709
1502.1104658585177,1502.1104658585177,1.0001896026945862,0.0005204454606845923
1502.1174103157614,1502.1174103157614,1.000071785500694,0.0005207446277318837
1502.1243547729232,1502.1243547729232,0.9999611858961014,0.0005205405833252623
1502.131299230027,1502.131299230027,0.9995499470362998,0.0005205574577284626
1502.1382436870267,1502.1382436870267,1.0005399766297514,0.0005207788308678801
1502.1451881439323,1502.1451881439323,0.9994140155133495,0.0005203866035722686
1502.1521326007573,1502.1521326007573,1.000635268955677,0.0005205232781815227
1502.1590770575003,1502.1590770575003,0.9994668727171655,0.0005208183356029249
1502.166021514162,1502.166021514162,1.0000629086730857,0.0005205537344095376
1502.1729659707303,1502.1729659707303,1.000214993438202,0.0005203733177758035
1502.1799104272054,1502.1799104272054,0.9994614002631866,0.0005205771235355217
1502.1868548835994,1502.1868548835994,1.0004084254482182,0.0005202181230424632
1502.1937993399115,1502.1937993399115,1.0004634758596531,0.0005202752672980881
1502.2007437961306,1502.2007437961306,0.9996340836223908,0.0005208052915752868
1502.207688252257,1502.207688252257,0.9995653199658202,0.0005202730821839214
1502.214632708313,1502.214632708313,1.000194135325768,0.0005202910276568531
1502.2215771642648,1502.2215771642648,1.0005850453008505,0.0005201714757513337
1502.2285216201465,1502.2285216201465,0.9997507038648973,0.0005206428895517017
1502.2354660759115,1502.2354660759115,1.0002810428377626,0.0005207118098142318
1502.2424105316068,1502.2424105316068,0.9996892055063569,0.0005201455789807959
1502.2493549871856,1502.2493549871856,1.000453193722502,0.000520186357210711
1502.256299442706,1502.256299442706,0.9994073013674909,0.0005202068940188114
1502.263243898122,1502.263243898122,0.9997825658664425,0.0005206762059165981
1502.270188353457,1502.270188353457,0.9998947618445062,0.0005202265786679229
1502.2771328086862,1502.2771328086862,0.9999560638572673,0.0005207232982165366
1502.284077263846,1502.284077263846,1.0001669587965172,0.0005200700026514956
1502.2910217188896,1502.2910217188896,1.0001796415118474,0.000520786353224634
1502.2979661738514,1502.2979661738514,0.9996762848239026,0.0005199540503888687
1502.3049106287203,1502.3049106287203,1.0004665184343366,0.0005202920089739078
1502.3118550834843,1502.3118550834843,1.0001252796886626,0.0005206462156634571
1502.31879953819,1502.31879953819,1.0001442464801351,0.0005202915809773196
1502.3257439927675,1502.3257439927675,0.9999650363113373,0.0005203660321319098
1502.3326884472638,1502.3326884472638,0.9997083089453127,0.0005208503382802419
1502.339632901679,1502.339632901679,0.9995077761664506,0.0005201429488210606
1502.3465773559656,1502.3465773559656,1.0007163381831274,0.0005204411038182918
1502.3535218101824,1502.3535218101824,0.9998065276674912,0.0005200671332016985
1502.3604662642833,1502.3604662642833,0.9999574410003284,0.000520281999527905
1502.3674107183133,1502.3674107183133,1.0000723024119984,0.0005207563448441051
1502.374355172239,1502.374355172239,0.9996475019046904,0.000520555557853311
1502.3812996260717,1502.3812996260717,1.0005281497310672,0.0005210783399484025
1502.388244079788,1502.388244079788,0.9992715633069309,0.0005212285902948149
1502.3951885334225,1502.3951885334225,1.000311490341522,0.0005202977405601656
1502.402132986953,1502.402132986953,1.0005514457753921,0.0005204688737488717
1502.4090774403896,1502.4090774403896,0.9994381318710776,0.0005202494186111988
1502.4160218937336,1502.4160218937336,1.0000675291626053,0.0005203550033961708
1502.4229663469728,1502.4229663469728,0.9996734428229953,0.0005204227165110888
1502.4299108001067,1502.4299108001067,1.0010365499711875,0.0005209932923957972
1502.4368552531473,1502.4368552531473,0.9992265621102936,0.0005209479555436849
1502.4437997060838,1502.4437997060838,1.0001721718540415,0.0005205727538444782
1502.450744158927,1502.450744158927,0.999811757884752,0.000520416738960364
1502.457688611677,1502.457688611677,1.0002342952705756,0.0005206363376247696
1502.4646330643104,1502.4646330643104,0.9998500970177215,0.0005203380301863686
1502.471577516828,1502.471577516828,0.9998157194350732,0.0005205654559192368
1502.4785219692753,1502.4785219692753,0.9998765583633835,0.0005202377773485768
1502.4854664216061,1502.4854664216061,1.0000313799532936,0.0005207413465655675
1502.492410873844,1502.492410873844,1.0003507192278807,0.0005203775653460203
1502.4993553259646,1502.4993553259646,1.0007323528295355,0.000520410674545823
1502.5062997779817,1502.5062997779817,0.9997695162411837,0.0005202016275854601
1502.513244229894,1502.513244229894,0.9997452248445295,0.0005204523440389332
1502.5201886817122,1502.5201886817122,0.9998149994089214,0.000520445629562359
1502.5271331334263,1502.5271331334263,1.0003924549861172,0.0005204767878889832
1502.5340775850239,1502.5340775850239,0.9997698001429441,0.0005203661467472144
1502.5410220365163,1502.5410220365163,0.9996592393342393,0.0005204955290485824
1502.5479664879044,1502.5479664879044,0.99956373717876,0.0005203293971811351
1502.5549109391995,1502.5549109391995,1.0003100296786724,0.0005203426698422639
1502.5618553903773,1502.5618553903773,0.9999061811667378,0.000520799737968637
1502.5687998414394,1502.5687998414394,1.0000283875799059,0.0005201241535097423
1502.5757442923966,1502.5757442923966,1.000323410879627,0.0005201422310300226
1502.5826887432493,1502.5826887432493,0.9995053948136079,0.000520528039514981
1502.589633193997,1502.589633193997,1.0004972004861696,0.0005205284217841696
1502.5965776446283,1502.5965776446283,0.9998196441824886,0.0005201602527909822
1502.6035220951428,1502.6035220951428,1.0000380403588272,0.0005205258606088153
1502.6104665455532,1502.6104665455532,1.000344325631684,0.0005201421947791266
1502.6174109958467,1502.6174109958467,1.000211717080359,0.0005202945226828103
1502.6243554460589,1502.6243554460589,1.0000143519618212,0.0005207042305964371
1502.6312998961196,1502.6312998961196,0.9994072097087038,0.0005203916208641932
1502.6382443460989,1502.6382443460989,1.0004119148553086,0.0005203326246101019
1502.6451887959622,1502.6451887959622,0.9994977308428512,0.0005202736668477434
1502.652133245685,1502.652133245685,0.9995095943241099,0.0005206672869921205
1502.659077695327,1502.659077695327,0.9998870965167341,0.0005203476795744815
1502.6660221448408,1502.6660221448408,0.9998639860712869,0.000520341461170376
1502.6729665942378,1502.6729665942378,1.0008544108359865,0.0005205477227641522
1502.6799110435306,1502.6799110435306,1.0006801430456138,0.0005205373429571011
1502.6868554926714,1502.6868554926714,1.0000026245843663,0.0005210764960435862
1502.6937999417428,1502.6937999417428,0.9994296982676396,0.0005202557387101756
1502.7007443906743,1502.7007443906743,0.9998650223907353,0.0005206067811549764
1502.7076888394895,1502.7076888394895,1.0003985527937995,0.0005204452739643397
1502.7146332881882,1502.7146332881882,1.000033582738096,0.0005202639694040263
1502.7215777367942,1502.7215777367942,0.9998221677325418,0.0005204751499388373
1502.728522185248,1502.728522185248,1.0001495068287736,0.0005202385726044915
1502.7354666335862,1502.7354666335862,1.0002368051979968,0.0005206472465348732
1502.7424110818188,1502.7424110818188,1.0000050818531738,0.0005208699131266562
1502.7493555299357,1502.7493555299357,1.000412453244942,0.0005204080851509113
1502.7562999779125,1502.7562999779125,1.000727149251829,0.0005205807643756347
1502.7632444257965,1502.7632444257965,0.9997725473058212,0.0005208353358565974
1502.770188873529,1502.770188873529,0.9999659510561243,0.0005204369866657866
1502.7771333211572,1502.7771333211572,0.9999539000604937,0.0005205547763839264
1502.7840777686565,1502.7840777686565,1.0002360589652284,0.0005204832787816606
1502.79102221604,1502.79102221604,0.9996588949840227,0.0005206008348990318
1502.7979666632832,1502.7979666632832,1.0006802814635947,0.0005207945287924077
1502.8049111104333,1502.8049111104333,0.9995586790001936,0.0005205595619410799
1502.8118555574213,1502.8118555574213,1.0000517449398403,0.0005207604560572796
1502.8188000043153,1502.8188000043153,0.9993240002340347,0.0005201280485728216
1502.8257444510698,1502.8257444510698,1.0004988687372791,0.0005204005972302822
1502.832688897697,1502.832688897697,1.0001412366248057,0.0005203920668094027
1502.8396333442072,1502.8396333442072,0.9998877155903406,0.00052020272824003
1502.8465777905774,1502.8465777905774,0.999324475376782,0.0005212138954618021
1502.8535222368196,1502.8535222368196,1.0010435025162148,0.0005209650300288718
1502.8604666829456,1502.8604666829456,1.000390003303195,0.0005203364476191539
1502.8674111289317,1502.8674111289317,0.9997694805908409,0.0005206386412486617
1502.874355574825,1502.874355574825,0.9997290714093326,0.000520154724720665
1502.8813000205555,1502.8813000205555,0.9998779940058125,0.0005209341884608739
1502.8882444661456,1502.8882444661456,0.9989023074699996,0.0005205329720918944
1502.8951889116431,1502.8951889116431,1.000657342185276,0.0005209958453773754
1502.9021333569892,1502.9021333569892,0.9998469516004874,0.0005208659391540936
1502.9090778021955,1502.9090778021955,0.9995264064556771,0.0005205486204432762
1502.9160222472617,1502.9160222472617,0.9999978226543671,0.0005205818718538931
1502.9229666922354,1502.9229666922354,1.0004395534605082,0.0005209750388939363
1502.9299111370574,1502.9299111370574,1.0003119272976844,0.0005208347924711564
1502.93685558174,1502.93685558174,0.9997363049953527,0.0005204751403398266
1502.9438000262712,1502.9438000262712,0.9998310990282008,0.0005206942718378758
1502.9507444707092,1502.9507444707092,0.9997447947516355,0.0005205399875353753
1502.9576889149957,1502.9576889149957,1.00037058353269,0.0005205883188571205
1502.9646333591431,1502.9646333591431,0.9997629457659825,0.0005205860787195425
1502.9715778031616,1502.9715778031616,1.0006047671300962,0.0005208024863354551
1502.9785222470405,1502.9785222470405,0.9992670315245176,0.0005203615227624912
1502.9854666907681,1502.9854666907681,1.000141922167657,0.0005207806233462389
1502.9924111343912,1502.9924111343912,1.0002045778152882,0.000520626971221087
1502.9993555778515,1502.9993555778515,0.9997884845082737,0.0005205738291661379
1503.0063000211837,1503.0063000211837,1.0001717021963854,0.0005206943657770016
1503.0132444643762,1503.0132444643762,0.9997626102746887,0.0005206901680586287
1503.0201889074283,1503.0201889074283,1.0004955027881801,0.0005209984266169476
1503.0271333503529,1503.0271333503529,0.9995067829804528,0.000520564835876758
1503.0340777931494,1503.0340777931494,1.0000423672738603,0.0005205332892185857
1504.374357030394,1504.374357030394,1.0006294135259957,0.0005424044116551377
1504.714635205691,1504.714635205691,0.9994567834700364,0.0005462343254129547
1504.7215796861826,1504.7215796861826,1.0006875062577087,0.000545440913511204
1504.7285241667676,1504.7285241667676,0.9992913030424461,0.0005448695690016651
1504.7354686474453,1504.7354686474453,1.0007633074908076,0.0005442229777335097
1504.7424131281816,1504.7424131281816,0.9999286016081935,0.0005431350974985835
1504.749357609011,1504.749357609011,0.999742222464153,0.0005422873623701651
1504.756302089887,1504.756302089887,0.9995594730521506,0.0005419739842806351
1504.763246570868,1504.763246570868,0.9992882482130285,0.0005406844682215115
1504.7701910518947,1504.7701910518947,1.0002215244141426,0.000540478556450865
1504.7771355330267,1504.7771355330267,1.0000408201637057,0.0005394320539097853
1504.784080014182,1504.784080014182,0.999763965682811,0.000538795193532851
1504.791024495419,1504.791024495419,0.999463265524775,0.0005377221936173139
1504.7979689767376,1504.7979689767376,1.0002076423646857,0.0005376510637935719
1504.8049134581024,1504.8049134581024,1.0006598578884582,0.0005367353245692376
1504.8118579395486,1504.8118579395486,0.9999908647962881,0.000535987227204953
1504.8188024210413,1504.8188024210413,1.0003058897653139,0.0005349211318660253
1504.8257469025925,1504.8257469025925,0.9999316479347767,0.0005342333167959184
1504.832691384202,1504.832691384202,1.0004094570700968,0.0005337916441360168
1504.839635865893,1504.839635865893,0.999625763364817,0.0005329582619993568
1504.846580347607,1504.846580347607,0.9997936942255767,0.0005322012784637975
1504.8535248293674,1504.8535248293674,1.0003330032292368,0.0005321542430866863
1504.860469311198,1504.860469311198,0.9998829717019021,0.000530969807021543
1504.8674137930752,1504.8674137930752,0.9997012644050294,0.0005307914026237211
1504.874358274999,1504.874358274999,0.9998200013946684,0.0005297385171941619
1504.8813027569927,1504.8813027569927,0.9999579165744951,0.0005291198955886114
1504.8882472389982,1504.8882472389982,1.0002320076320275,0.0005283717917518398
1504.895191721084,1504.895191721084,1.000123119681324,0.0005280368675845287
1504.902136203194,1504.902136203194,1.000299885108332,0.0005274521833237694
1504.9090806853505,1504.9090806853505,0.9994788705433034,0.0005269996324994514
1504.9160251675535,1504.9160251675535,1.0002461204354496,0.0005265591762168341
1504.9229696497805,1504.9229696497805,0.9993979392120244,0.0005260981311207718
1504.9299141320766,1504.9299141320766,1.0008030130515793,0.0005255913123721216
1504.936858614384,1504.936858614384,0.9999249030001159,0.0005251932652902011
1504.94380309675,1504.94380309675,0.9997594785754144,0.0005249341299243548
1504.9507475791395,1504.9507475791395,0.9999753760186113,0.0005247824619564002
1504.9576920615639,1504.9576920615639,0.9998716977561234,0.0005242673330837144
1504.964636544023,1504.964636544023,1.0000147636171928,0.0005236828884026027
1504.971581026529,1504.971581026529,1.0002663526059834,0.0005231727903606038
1504.9785255090571,1504.9785255090571,0.9996320907471905,0.0005229616252978387
1504.9854699916098,1504.9854699916098,0.9995264819689776,0.0005226567148554418
1504.9924144741976,1504.9924144741976,1.000831847748844,0.0005226564017381615
1504.9993589568426,1504.9993589568426,1.000091409374719,0.000522201039029678
1505.0063034395,1505.0063034395,1.000288778360223,0.0005218649957185908
1505.0132479221686,1505.0132479221686,0.998967010013484,0.0005213516048126577
1505.0201924048838,1505.0201924048838,1.0010595437351062,0.0005214736707682287
1505.0271368876106,1505.0271368876106,0.9997218321538117,0.0005212875992662092
1505.0340813703842,1505.0340813703842,0.9998699742523656,0.0005214100677589772
1505.0410258531579,1505.0410258531579,0.9997240125260181,0.0005213336072046824
1505.0479703359663,1505.0479703359663,0.9996943526315072,0.0005209785895958108
1505.0549148188093,1505.0549148188093,1.0005673705417029,0.0005210055250465714
1505.0618593016413,1505.0618593016413,1.0001024918429846,0.0005210551934998
1505.068803784519,1505.068803784519,1.0001309529595688,0.000520936113551152
1505.0757482674328,1505.0757482674328,0.9996114552693083,0.0005209145765614491
1505.0826927503463,1505.0826927503463,1.0002183972329455,0.0005208368341176342
1505.0896372332822,1505.0896372332822,1.0002772014815993,0.0005208106559041009
1505.0965817162419,1505.0965817162419,0.9990935767731906,0.0005206271488747136
1505.1035261992133,1505.1035261992133,1.000343751740696,0.0005208095570620329
1505.110470682208,1505.110470682208,0.9998103724478234,0.0005210386654051425
1505.1174151652028,1505.1174151652028,0.9999775571310533,0.0005209341513354923
1505.1243596482327,1505.1243596482327,1.0007047218760488,0.0005210335153668611
1505.1313041312737,1505.1313041312737,1.0002741059290776,0.000521331533033335
1505.1382486143264,1505.1382486143264,0.9999578796056035,0.00052103803060374
1505.1451930973794,1505.1451930973794,0.9995471098873997,0.0005208799824832452
1505.1521375804791,1505.1521375804791,0.9994363434881166,0.0005209458374737022
1505.159082063567,1505.159082063567,0.9996971249077431,0.0005216887592580299
1505.1660265466783,1505.1660265466783,1.0010123200254084,0.0005210706014434961
1505.1729710297886,1505.1729710297886,0.9997605312603991,0.0005209025654668573
1505.1799155129115,1505.1799155129115,1.0003029142204258,0.0005210340164956498
1505.1868599960694,1505.1868599960694,0.9997409753081371,0.0005209767318109232
1505.1938044791923,1505.1938044791923,0.9999390542838704,0.0005208106592333648
1505.2007489623497,1505.2007489623497,1.0000968154456773,0.0005208870152019383
1505.2076934455195,1505.2076934455195,0.9994792323937183,0.0005208654502902252
1505.2146379286885,1505.2146379286885,0.9995044100591004,0.0005209747320406395
1505.2215824118807,1505.2215824118807,1.0002151054436859,0.0005211371105459785
1505.228526895085,1505.228526895085,1.001082895673948,0.0005209976952860915
1505.235471378266,1505.235471378266,1.000060648171917,0.0005215062131930162
1505.242415861482,1505.242415861482,0.9998655244096046,0.0005209289999858753
1505.249360344686,1505.249360344686,0.9996573662585387,0.0005206767621762816
1505.2563048278905,1505.2563048278905,0.9997772906124437,0.0005209988910857958
1505.2632493111062,1505.2632493111062,0.9995664015449588,0.0005209254082444639
1505.2701937943339,1505.2701937943339,1.0005724612149716,0.00052089991260732
1505.2771382775616,1505.2771382775616,1.0010408682180143,0.0005212435180335275
1505.2840827608006,1505.2840827608006,0.9997851711794189,0.0005212449836344446
1505.291027244028,1505.291027244028,0.9999759299594775,0.0005208094760277475
1505.2979717272672,1505.2979717272672,1.0006016547004695,0.0005210653358631981
1505.3049162104944,1505.3049162104944,0.9990229639864637,0.0005205105994537252
1505.3118606937337,1505.3118606937337,1.0003891898230246,0.0005210788425613086
1505.318805176973,1505.318805176973,0.9990980271520634,0.0005206335340260163
1505.3257496602237,1505.3257496602237,1.0000907647360315,0.000520773606417296
1505.332694143463,1505.332694143463,1.0009709304740022,0.0005209217302681847
1505.339638626702,1505.339638626702,1.0004488305040067,0.00052138392153886
1505.3465831099413,1505.3465831099413,0.9994243417762286,0.0005210012551593353
1505.3535275931804,1505.3535275931804,1.000461761413845,0.0005208104768664084
1505.3604720764197,1505.3604720764197,0.9990813626946456,0.0005205629573745731
1505.3674165596585,1505.3674165596585,1.0000583215335428,0.0005205736654179591
1505.374361042886,1505.374361042886,1.0004229959184991,0.0005210861351485503
1505.3813055261253,1505.3813055261253,0.9998551108235724,0.0005204858985538796
1505.3882500093528,1505.3882500093528,1.0001360871021239,0.0005208501382954745
1505.3951944925805,1505.3951944925805,0.9999654848645514,0.0005205803346560496
1505.4021389758077,1505.4021389758077,1.0001009213045038,0.000520744480874113
1505.4090834590238,1505.4090834590238,0.9998833229989428,0.0005208534298209464
1505.41602794224,1505.41602794224,1.0002507887386982,0.0005207216801165705
1505.4229724254553,1505.4229724254553,0.999510162268946,0.0005205556366640851
1505.4299169086717,1505.4299169086717,0.9998989785369167,0.0005212428784200583
1505.436861391852,1505.436861391852,0.9999353921683596,0.0005206318393984207
1505.4438058750795,1505.4438058750795,0.9999265152717751,0.0005208892850398813
1505.4507503582493,1505.4507503582493,0.999637973858093,0.0005210051465634733
1505.4576948414185,1505.4576948414185,1.0006959496824401,0.0005206035887667922
1505.4646393246462,1505.4646393246462,1.0004992180785341,0.0005207128513329779
1505.4715838078153,1505.4715838078153,1.0001245256104112,0.0005206032918716835
1505.4785282909845,1505.4785282909845,0.9997094771277265,0.0005212567429627899
1505.4854727740956,1505.4854727740956,1.0002401036240505,0.0005203927303948558
1505.4924172572653,1505.4924172572653,0.9995314460499491,0.000520665602350967
1505.4993617404227,1505.4993617404227,0.9997059888825449,0.0005210485996087406
1505.5063062235452,1505.5063062235452,1.000335428492788,0.0005207811599158129
1505.5132507066796,1505.5132507066796,1.0002976518245785,0.0005209662098285437
1505.5201951898023,1505.5201951898023,0.999546554525138,0.0005206603241994495
1505.5271396729136,1505.5271396729136,1.0002992146094691,0.0005207863852682499
1505.5340841560133,1505.5340841560133,0.9997478140228392,0.0005206604143158559
1505.5410286391011,1505.5410286391011,1.0003171590135784,0.0005209433576585026
1505.5479731221883,1505.5479731221883,0.9992260222340649,0.0005206413138527376
1505.5549176052646,1505.5549176052646,1.000624964286043,0.00052092712657852
1505.5618620883295,1505.5618620883295,0.999875731976798,0.0005208029597339557
1505.568806571382,1505.568806571382,0.99988301228303,0.0005204832908906015
1505.5757510544238,1505.5757510544238,1.000620001188033,0.0005212046409084801
1505.5826955374646,1505.5826955374646,1.0001580963061971,0.0005206072582055216
1505.5896400204824,1505.5896400204824,1.0004716805337386,0.0005205762601444159
1505.596584503477,1505.596584503477,1.0000547845995935,0.0005205821587306325
1505.6035289864838,1505.6035289864838,1.0000137378282536,0.000520272045941081
1505.6104734694784,1505.6104734694784,0.9999893062223325,0.0005208802895380714
1505.6174179524496,1505.6174179524496,0.99892159438836,0.0005202955339058048
1505.6243624354095,1505.6243624354095,1.000575540869732,0.0005206754977749038
1505.6313069183575,1505.6313069183575,0.9995850458448888,0.0005208518809442905
1505.6382514012942,1505.6382514012942,1.0003887726858633,0.0005208905394557858
1505.6451958842308,1505.6451958842308,1.0004409146014908,0.0005207128604729188
1505.6521403671318,1505.6521403671318,0.9998604363437131,0.0005209884303940224
1505.6590848500334,1505.6590848500334,1.000000509788707,0.0005206405921919834
1505.6660293329467,1505.6660293329467,1.000602052674636,0.0005210805688991312
1505.6729738158137,1505.6729738158137,0.9995728323318757,0.0005203599757760953
1505.6799182986451,1505.6799182986451,0.9994537860676905,0.0005207556641350587
1505.6868627815118,1505.6868627815118,0.9990846993877224,0.000520556478743813
1505.693807264332,1505.693807264332,1.0002725363837306,0.0005205466102343858
1505.7007517471516,1505.7007517471516,1.0003376254250234,0.000521096894559559
1505.7076962299604,1505.7076962299604,1.0009357830116818,0.0005208328880734853
1505.7146407127454,1505.7146407127454,1.000021590371577,0.0005204939576709543
1505.7215851955189,1505.7215851955189,1.000224124183681,0.0005205267654111161
1505.7285296782807,1505.7285296782807,0.9999736506568763,0.0005203387366295116
1505.7354741610193,1505.7354741610193,0.999522516342912,0.0005204287293181433
1505.7424186437459,1505.7424186437459,0.9993858171683412,0.000520782762200816
1505.749363126473,1505.749363126473,1.0002109138264716,0.0005204428775352057
1505.756307609165,1505.756307609165,0.9996841786735906,0.0005202791348192979
1505.7632520918455,1505.7632520918455,1.0001757224387702,0.0005211131775686605
1505.770196574514,1505.770196574514,1.000098859869802,0.0005207793602227971
1505.7771410571595,1505.7771410571595,1.0007084972077513,0.0005208492605675398
1505.7840855397933,1505.7840855397933,0.9997461356524102,0.0005206671814166777
1505.7910300224273,1505.7910300224273,0.9995946248378835,0.0005206021809835652
1505.7979745050143,1505.7979745050143,0.9994205595500846,0.0005207733500727314
1505.8049189876015,1505.8049189876015,1.0011143325553136,0.0005207483240540153
1505.8118634701773,1505.8118634701773,0.9999765032225654,0.000520295957877936
1505.818807952718,1505.818807952718,0.9997884914099224,0.0005206728153457518
1505.825752435259,1505.825752435259,0.9994074273092857,0.0005203532751546819
1505.8326969177638,1505.8326969177638,1.000654945094053,0.0005208528573816888
1505.8396414002698,1505.8396414002698,1.0000035010730752,0.0005208228588143265
1505.8465858827524,1505.8465858827524,1.0006149473973305,0.0005206580174467523
1505.8535303652232,1505.8535303652232,1.000417515517102,0.0005208859350265161
1505.8604748476707,1505.8604748476707,0.9995103672009507,0.0005201509152629616
1505.8674193300833,1505.8674193300833,0.9996958532649476,0.0005208659289073557
1505.8743638125075,1505.8743638125075,1.000251637315716,0.0005202429009806356
1505.881308294897,1505.881308294897,0.9999948039589981,0.0005207752289146133
1505.8882527772748,1505.8882527772748,0.9998131776608487,0.0005204441301887287
1505.8951972596174,1505.8951972596174,1.000191400972143,0.0005203164809237841
1505.90214174196,1505.90214174196,1.0003601078447908,0.0005206468617730781
1505.9090862242563,1505.9090862242563,1.0004400692358164,0.0005213104475827203
1505.916030706552,1505.916030706552,0.9994029613193887,0.0005203802468072128
1505.9229751888486,1505.9229751888486,0.9999595106752361,0.0005213476741953948
1505.9299196711213,1505.9299196711213,0.9998798750127955,0.000521058063240404
1505.9368641533592,1505.9368641533592,0.9996580541338925,0.0005206589076711412
1505.9438086355856,1505.9438086355856,1.0003945128281995,0.0005203746590520427
1505.9507531177771,1505.9507531177771,0.9993647563644442,0.000520105332197405
1505.957697599969,1505.957697599969,0.9995086436643387,0.0005202335929268177
1505.9646420821482,1505.9646420821482,1.0003253678074933,0.0005205085921466833
1505.9715865642816,1505.9715865642816,1.0005604571617304,0.0005207066909760472
1505.9785310464028,1505.9785310464028,0.9993495189653874,0.0005202187573712949
1505.9854755285012,1505.9854755285012,1.0000409618818482,0.0005205276882431767
1505.9924200106,1505.9924200106,1.0003372048985095,0.0005202894770263643
1505.999364492663,1505.999364492663,0.9999411720698721,0.0005207964296291042
1506.0063089747143,1506.0063089747143,0.9996342746217255,0.000520336843330389
1506.0132534567197,1506.0132534567197,1.0000557787776978,0.0005203164879522
1506.0201979387252,1506.0201979387252,1.0006559116180107,0.0005205351837628459
1506.0271424207303,1506.0271424207303,0.9994779271020026,0.0005208123871961053
1506.034086902677,1506.034086902677,1.0001646138807863,0.0005208718484406548
1506.041031384624,1506.041031384624,0.999694072549634,0.0005202107558813821
1506.0479758665472,1506.0479758665472,1.0005850504709521,0.0005203871807574052
1506.054920348448,1506.054920348448,1.00005127195156,0.0005205168765816294
1506.0618648303373,1506.0618648303373,0.9999495972321413,0.0005204150926464667
1506.0688093121903,1506.0688093121903,1.0002070748703755,0.000520432762867927
1506.075753794021,1506.075753794021,0.9994165959211221,0.0005205107114769596
1506.0826982758397,1506.0826982758397,0.9998905512990222,0.000520557368035
1506.0896427576356,1506.0896427576356,0.9994018810213012,0.0005206148923122167
1506.096587239408,1506.096587239408,1.0003421510782828,0.0005207596891654727
1506.103531721157,1506.103531721157,0.9999587029795437,0.0005204889375087812
1506.1104762028708,1506.1104762028708,0.9998625942678636,0.0005205121538552104
1506.117420684585,1506.117420684585,1.0005279526760718,0.0005206783593960518
1506.1243651662876,1506.1243651662876,1.000377059049544,0.0005210834008025011
1506.1313096479435,1506.1313096479435,1.0000848838357315,0.0005206023341947885
1506.1382541295873,1506.1382541295873,0.999471444458151,0.0005206323686302424
1506.1451986112088,1506.1451986112088,1.0008839634153466,0.0005207535453954383
1506.1521430928065,1506.1521430928065,0.9993698363498792,0.000520751415802096
1506.1590875743923,1506.1590875743923,0.999966900484188,0.0005205587518042189
1506.1660320559322,1506.1660320559322,0.9996670280507705,0.0005202047989076868
1506.1729765374596,1506.1729765374596,1.0003457451990398,0.0005207965446432938
1506.1799210189758,1506.1799210189758,1.0002970424216489,0.000520625114738324
1506.186865500457,1506.186865500457,0.9997131698096187,0.0005206057476395118
1506.193809981927,1506.193809981927,0.9996850155038921,0.0005208603546583573
1506.20075446335,1506.20075446335,0.9999397681908277,0.0005204779581709616
1506.2076989447726,1506.2076989447726,1.0007185016482718,0.0005213378582651302
1506.2146434261842,1506.2146434261842,1.0001426065038526,0.0005208972371962501
1506.2215879075488,1506.2215879075488,1.0002475999237521,0.0005211645661235571
1506.2285323889025,1506.2285323889025,0.999986192973956,0.0005205326177214609
1506.2354768702323,1506.2354768702323,1.0001178272831088,0.0005204704148718749
1506.2424213515385,1506.2424213515385,0.9994301328896753,0.0005202473956991909
1506.2493658328224,1506.2493658328224,1.0005796105688558,0.0005203426141954727
1506.2563103140708,1506.2563103140708,0.9999865012348206,0.0005208904500732768
1506.2632547953078,1506.2632547953078,0.9999503978751989,0.0005205938475282004
1506.270199276521,1506.270199276521,1.0005620817633774,0.0005207770588611502
1506.2771437577112,1506.2771437577112,0.9998049582396862,0.0005208213579386383
1506.2840882388552,1506.2840882388552,1.000387018880474,0.0005205972450700122
1506.2910327199868,1506.2910327199868,1.0002827643426564,0.0005202470194028551
1506.2979772011192,1506.2979772011192,0.9995462876068968,0.0005205648746294393
1506.3049216822276,1506.3049216822276,0.9994328357477125,0.0005203714603732304
1506.3118661632898,1506.3118661632898,0.9997917510747758,0.0005203053242320195
1506.3188106443406,1506.3188106443406,1.0002347693608946,0.0005204307510568316
1506.3257551253678,1506.3257551253678,1.0005248304376537,0.0005208279969573144
1506.33269960636,1506.33269960636,1.0002041426187986,0.0005202827881225802
1506.3396440873405,1506.3396440873405,0.9997194348221704,0.0005203241769387446
1506.3465885682867,1506.3465885682867,0.9997436200982752,0.0005202839008625702
1506.353533049209,1506.353533049209,0.9997862269257667,0.0005202089869989934
1506.360477530108,1506.360477530108,1.0006075397872205,0.0005208838435762998
1506.367422010984,1506.367422010984,1.0001673872446641,0.0005206379497490151
1506.3743664918245,1506.3743664918245,1.0005947572309828,0.0005203303199954343
1506.381310972666,1506.381310972666,0.9993120960122394,0.0005205147515583032
1506.3882554534841,1506.3882554534841,0.9998776884824665,0.0005205690226003114
1506.3951999342667,1506.3951999342667,1.0005302592989067,0.0005209509391914048
1506.4021444150144,1506.4021444150144,0.9991931292541679,0.0005207308830631599
1506.4090888957503,1506.4090888957503,0.9998600796924887,0.0005204410919316378
1506.4160333764519,1506.4160333764519,0.9995519594355706,0.0005202690862286347
1506.4229778571414,1506.4229778571414,0.9998786955372442,0.0005206830699769126
1506.4299223377964,1506.4299223377964,1.0006797391684266,0.0005203790748141765
1506.4368668184275,1506.4368668184275,0.9997743550028699,0.000520439082754505
1506.4438112990356,1506.4438112990356,1.0008220966514518,0.0005207303599115184
1506.4507557796205,1506.4507557796205,1.000094163084387,0.0005208566868003426
1506.4577002601707,1506.4577002601707,0.9996662547612042,0.0005202061510790966
1506.4646447407206,1506.4646447407206,0.9999285022102417,0.0005206235585689856
1506.4715892212241,1506.4715892212241,1.0003795916585587,0.0005205643344344861
1506.4785337017156,1506.4785337017156,0.9997458239424579,0.0005202673217339356
1506.4854781821725,1506.4854781821725,0.9994383533279281,0.0005202192651831736
1506.492422662606,1506.492422662606,1.0003989471099903,0.0005208684103405909
1506.4993671430161,1506.4993671430161,1.0002320835860037,0.0005201660818016944
1506.5063116234028,1506.5063116234028,1.0004982665431725,0.0005206350787623942
1506.5132561037553,1506.5132561037553,0.999971963324499,0.0005205560013546598
1506.5202005840958,1506.5202005840958,0.999676881856163,0.0005201956328304647
1506.5271450643893,1506.5271450643893,0.9998424811037545,0.0005205826535047065
1506.5340895446946,1506.5340895446946,1.0001678829897522,0.0005208252350737006
1506.541034024954,1506.541034024954,1.0001754157594138,0.0005202676285714417
1506.5479785051662,1506.5479785051662,0.9999445909505523,0.0005207112881288795
1506.5549229853787,1506.5549229853787,1.0004800809785417,0.0005203340685633964
1506.5618674655557,1506.5618674655557,0.9998065695135032,0.0005207672114949547
1506.5688119457213,1506.5688119457213,0.9995641804173607,0.0005203391156941809
1506.5757564258406,1506.5757564258406,1.0004034912164972,0.0005202272824169297
1506.5827009059487,1506.5827009059487,0.9997122208044305,0.0005203781487089331
1506.5896453860328,1506.5896453860328,0.9995637363887765,0.000520136967420864
1506.596589866082,1506.596589866082,1.0003920289407613,0.0005204635528723792
1506.60353434612,1506.60353434612,1.0001137249283691,0.0005206707878092044
1506.6104788260996,1506.6104788260996,0.999805819298696,0.000520990549019618
1506.6174233060672,1506.6174233060672,1.0001151810957611,0.0005202316142914026
1506.6243677860352,1506.6243677860352,0.9999076276620776,0.0005202396564534144
1506.6313122659676,1506.6313122659676,0.9996959159486778,0.000521025110778013
1506.638256745866,1506.638256745866,1.0000204818517315,0.000520242392038548
1506.645201225741,1506.645201225741,0.9992147350471241,0.0005203691689624429
1506.652145705569,1506.652145705569,1.000379787007002,0.0005204925104601896
1506.659090185397,1506.659090185397,1.0000461195028738,0.000520330875255021
1506.666034665202,1506.666034665202,1.0003409199026418,0.0005205548749458889
1506.672979144972,1506.672979144972,1.0002319516181117,0.0005202457105626355
1506.6799236247073,1506.6799236247073,0.9999279485229138,0.0005204026956949738
1506.6868681044068,1506.6868681044068,1.0003183086336227,0.0005204981883044928
1506.693812584142,1506.693812584142,0.9994209450302975,0.0005200782394277677
1506.7007570637604,1506.7007570637604,1.0001507803152427,0.0005206415173889412
1506.7077015434143,1506.7077015434143,0.9994046122714986,0.0005201417943587484
1506.714646023033,1506.714646023033,0.9999520584860656,0.0005202599941294057
1506.7215905026164,1506.7215905026164,1.0000936416945991,0.0005206205524547369
1506.7285349821652,1506.7285349821652,1.0006998402072107,0.0005204712031864587
1506.7354794616908,1506.7354794616908,0.9997382507566682,0.0005203625926126583
1506.7424239412048,1506.7424239412048,0.9999983148974925,0.000520355614132011
1506.749368420695,1506.749368420695,0.9997651562966527,0.0005204070380763269
1506.7563129001394,1506.7563129001394,1.000175915416506,0.0005201519087992669
1506.7632573795718,1506.7632573795718,1.0003429862458666,0.0005201565846691663
1506.7702018589573,1506.7702018589573,0.9998318711754361,0.0005202446724069727
1506.777146338343,1506.777146338343,1.000115582850426,0.0005206698030454785
1506.7840908176822,1506.7840908176822,0.9995372496322051,0.0005200306012155458
1506.7910352970098,1506.7910352970098,0.9999509284169731,0.0005202606793943971
1506.797979776303,1506.797979776303,0.9999184583754024,0.0005202224782895924
1506.8049242555721,1506.8049242555721,1.0004902158171753,0.0005200662244069785
1506.8118687348178,1506.8118687348178,0.999363677025473,0.000520042799716838
1506.8188132140174,1506.8188132140174,1.000807963788571,0.0005204117799409731
1506.8257576932053,1506.8257576932053,1.0002315911772128,0.000520439151324889
1506.83270217237,1506.83270217237,1.0001035207100764,0.0005200179389707592
1506.8396466514996,1506.8396466514996,1.000547628414444,0.0005204400151773725
1506.8465911306293,1506.8465911306293,0.9993327317708666,0.000519778687336585
1506.8535356096772,1506.8535356096772,0.9998127115351487,0.0005200844763134026
1506.8604800887374,1506.8604800887374,1.000682044340675,0.0005200807634196853
1506.8674245677626,1506.8674245677626,0.999677721996685,0.0005201750226418442
1506.8743690467636,1506.8743690467636,0.9997010357582854,0.000520351800741453
1506.8813135257424,1506.8813135257424,1.0012997085009059,0.000520539623944006
1506.8882580046857,1506.8882580046857,0.9995854267716036,0.0005201209872098497
1506.8952024835942,1506.8952024835942,0.9994963152124526,0.0005201149183414423
1506.9021469624906,1506.9021469624906,0.999430853347134,0.0005206685943592846
1506.909091441353,1506.909091441353,0.9998312294929736,0.0005206005462059173
1506.91603592018,1506.91603592018,1.0005104736431907,0.0005206224372991564
1506.9229803989838,1506.9229803989838,0.9999258842756802,0.000520475971290293
1506.9299248777875,1506.9299248777875,1.0000575075521732,0.0005206220987152262
1506.9368693565327,1506.9368693565327,1.0000696460938328,0.0005201979497024609
1506.9438138352548,1506.9438138352548,0.9994850169847795,0.0005202860539020183
1506.9507583139657,1506.9507583139657,1.0002485460329735,0.0005203176656091045
1506.9577027926412,1506.9577027926412,1.0004000755989282,0.000520381988664319
1506.964647271282,1506.964647271282,0.9998589556366777,0.0005208028907437415
1506.9715917498993,1506.9715917498993,0.9999412769256057,0.0005202845982649661
1506.9785362284936,1506.9785362284936,0.9998114954840422,0.0005201332679849822
1506.9854807070528,1506.9854807070528,1.0006513157386951,0.0005206775850942357
1506.9924251856119,1506.9924251856119,1.0003876674339696,0.0005202009268726584
1506.9993696641134,1506.9993696641134,0.999850285161233,0.0005201450653717015
1507.0063141425908,1507.0063141425908,0.9992632574445084,0.0005202639174184292
1507.0132586210336,1507.0132586210336,0.9995446163597101,0.0005201844763319088
1507.0202030994765,1507.0202030994765,1.000127010580235,0.0005204068778762282
1507.0271475778723,1507.0271475778723,0.9997163703759233,0.0005199638084101969
1507.0340920562455,1507.0340920562455,1.000460337575396,0.0005205873809137008
1507.0410365345838,1507.0410365345838,1.0002385507492662,0.0005201987679269923
1507.0479810128986,1507.0479810128986,1.000127561679309,0.0005201983745770943
1507.0549254911898,1507.0549254911898,1.0002035596506773,0.0005203149215849099
1507.0618699694696,1507.0618699694696,0.9999675275880616,0.0005198643232159143
1507.0688144476915,1507.0688144476915,1.0001650681305612,0.0005201970017305533
1507.075758925913,1507.075758925913,1.0002060006048628,0.0005200592265436655
1507.0827034040767,1507.0827034040767,1.0000562576143224,0.0005201853563231685
1507.089647882228,1507.089647882228,0.9991466743082273,0.0005202955459741725
1507.0965923603567,1507.0965923603567,1.0000431583481098,0.0005212330829211934
1507.103536838462,1507.103536838462,0.999302244997077,0.0005200828351954618
1507.1104813165205,1507.1104813165205,1.0007460004982078,0.000520861873505528
1507.1174257945672,1507.1174257945672,0.9997468129168748,0.0005204664766581812
1507.1243702725799,1507.1243702725799,1.0010190938274646,0.0005204766233818387
1507.1313147505687,1507.1313147505687,0.9994689949801829,0.0005206918741748636
1507.1382592285106,1507.1382592285106,1.000061409096468,0.000520483715318667
1507.145203706441,1507.145203706441,0.9994569971701424,0.0005201476826207664
1507.1521481843602,1507.1521481843602,1.0005132050115644,0.0005200823495902976
1507.1590926622325,1507.1590926622325,1.0001831953556666,0.0005202875766019499
1507.1660371400817,1507.1660371400817,0.9996696817039696,0.0005202881137216624
1507.172981617884,1507.172981617884,1.0001386716435765,0.0005207431480088084
1507.1799260956866,1507.1799260956866,0.9994501639113512,0.0005202389196447613
1507.1868705734428,1507.1868705734428,1.0008349235064853,0.0005206540681490276
1507.1938150511755,1507.1938150511755,0.9995900595228511,0.0005202461419691348
1507.2007595288965,1507.2007595288965,1.0004549938553995,0.0005204045054618138
1507.2077040065826,1507.2077040065826,0.999803812736889,0.0005202563936348671
1507.214648484234,1507.214648484234,1.0005564387911634,0.0005202150887163955
1507.22159296185,1507.22159296185,1.0000739772742697,0.0005204760002468711
1507.2285374394428,1507.2285374394428,0.9999263900281704,0.0005203871870511835
1507.2354819170127,1507.2354819170127,1.0003284630314664,0.0005201005964903986
1507.2424263945472,1507.2424263945472,0.9997775417037171,0.0005202832014336923
1507.2493708720708,1507.2493708720708,1.0000771957975079,0.0005202650988100011
1507.2563153495353,1507.2563153495353,0.9996753551136439,0.0005203354214506266
1507.2632598269888,1507.2632598269888,0.9997769755569005,0.00052019335827633
1507.270204304419,1507.270204304419,1.0000598101226486,0.0005204887588979235
1507.2771487818259,1507.2771487818259,1.0007550757094923,0.0005205703210413247
1507.284093259174,1507.284093259174,1.000237751477971,0.0005202203397164309
1507.2910377365224,1507.2910377365224,0.9998396617002241,0.0005202521723686173
1507.297982213848,1507.297982213848,0.9996153713926172,0.000520164627880439
1507.3049266911382,1507.3049266911382,0.9999977234933715,0.0005200212166308838
1507.311871168393,1507.311871168393,0.9999315634371626,0.0005199072759173201
1507.3188156456254,1507.3188156456254,0.999784456580336,0.0005199414185134436
1507.3257601228229,1507.3257601228229,0.9997672829563843,0.0005204888215152506
1507.3327045999968,1507.3327045999968,0.9997792919248292,0.0005202312214626361
1507.3396490771356,1507.3396490771356,1.0004746194466452,0.0005204566705706438
1507.3465935542627,1507.3465935542627,1.0006046188822713,0.000520203210081314
1507.3535380313554,1507.3535380313554,1.0001266434722749,0.0005201095410640046
1507.3604825084244,1507.3604825084244,0.9996864375881443,0.0005206939714771985
1507.3674269854355,1507.3674269854355,0.9999656111062303,0.0005206846159251128
1507.3743714624459,1507.3743714624459,0.9999423858140609,0.0005201430837698977
1507.3813159394106,1507.3813159394106,0.9995817027842492,0.0005205167050494747
1507.3882604163637,1507.3882604163637,1.000366210137662,0.0005203008480624771
1507.3952048932929,1507.3952048932929,0.9995471917567904,0.0005201148943618529
1507.4021493701755,1507.4021493701755,0.9999445033844527,0.0005203626299263929
1507.4090938470467,1507.4090938470467,0.999933441208572,0.0005199808305227123
1507.4160383238714,1507.4160383238714,1.0005391356136208,0.0005202078853138673
1507.4229828006726,1507.4229828006726,0.9999493339786895,0.0005200463708588709
1507.429927277439,1507.429927277439,0.9998841896212557,0.0005199514521930145
1507.4368717542054,1507.4368717542054,1.000274827791185,0.000520329778684887
1507.4438162309254,1507.4438162309254,0.9998954099487187,0.0005202307878530019
1507.4507607076107,1507.4507607076107,0.9998015428967598,0.0005200894381299013
1507.4577051842837,1507.4577051842837,0.9997921314289737,0.0005202162363563162
1507.4646496609103,1507.4646496609103,1.0001034378878724,0.0005202504031960433
1507.4715941375257,1507.4715941375257,1.0006307742580873,0.0005202476295159672
1507.4785386140943,1507.4785386140943,1.0003560071523052,0.0005202185305430275
1507.4854830906509,1507.4854830906509,0.9991799227916929,0.0005200815336122956
1507.4924275671729,1507.4924275671729,1.0004315679585032,0.0005203325709831269
1507.4993720436485,1507.4993720436485,0.9993346754445687,0.0005204168681868925
1507.5063165201238,1507.5063165201238,0.9998720385822961,0.0005203670292452566
1507.5132609965522,1507.5132609965522,1.0003174631903469,0.0005201903017116403
1507.520205472958,1507.520205472958,1.0003497092558205,0.0005207310738942491
1507.5271499493401,1507.5271499493401,0.9997758520761583,0.000520333553729325
1507.534094425688,1507.534094425688,1.0007261837988468,0.0005206211643185709
1507.5410389020115,1507.5410389020115,0.9996809454684159,0.000520470769328516
1507.5479833783006,1507.5479833783006,0.9998025594859057,0.0005204132700167241
1507.5549278545668,1507.5549278545668,0.9992851001765782,0.0005206132067850392
1507.5618723307975,1507.5618723307975,0.99999740272918,0.0005204211674425649
1507.568816807005,1507.568816807005,0.9995609241648967,0.0005201166974593436
1507.5757612831894,1507.5757612831894,0.9994301798500235,0.0005202729967326795
1507.5827057593274,1507.5827057593274,1.000270342075431,0.0005203187358144921
1507.589650235454,1507.589650235454,1.0004066503333606,0.0005203509767770729
1507.5965947115449,1507.5965947115449,1.0003993049565352,0.0005201049710447614
1507.6035391875896,1507.6035391875896,1.0007959889595581,0.0005203004485616595
1507.610483663634,1507.610483663634,0.9993327808566244,0.0005203044081665303
1507.6174281396322,1507.6174281396322,1.000039756569611,0.0005204799468276006
1507.6243726156185,1507.6243726156185,0.9995149244048376,0.0005201500655358739
1507.6313170915585,1507.6313170915585,1.0001229022408205,0.0005203617987900473
1507.6382615674868,1507.6382615674868,1.0006291714236428,0.0005205263949689906
1507.6452060433567,1507.6452060433567,0.9999095771927387,0.0005201575063947916
1507.6521505192386,1507.6521505192386,0.9990436161414916,0.0005199504884248584
1507.6590949950617,1507.6590949950617,0.9997801218013154,0.0005204511671043848
1507.6660394708738,1507.6660394708738,1.0000286598090815,0.0005201220941191978
1507.6729839466389,1507.6729839466389,0.9998578584311433,0.0005199424774573418
1507.6799284223925,1507.6799284223925,1.0012579709468086,0.0005203324071846677
1507.6868728980996,1507.6868728980996,1.0011144087503105,0.0005205836844538655
1507.6938173737951,1507.6938173737951,0.9999361054749599,0.0005201256980317804
1507.700761849444,1507.700761849444,0.9994438556246351,0.0005201502066859785
1507.707706325081,1507.707706325081,1.000174675975286,0.0005202574424966117
1507.714650800683,1507.714650800683,0.9995073008410523,0.0005200947749870765
1507.721595276251,1507.721595276251,0.9996811835125297,0.0005200508000954945
1507.7285397517833,1507.7285397517833,0.9997295820317573,0.0005200115914988906
1507.735484227304,1507.735484227304,1.0002045820509788,0.0005204997414029039
1507.7424287027895,1507.7424287027895,0.9998403554583863,0.0005202388114890395
1507.7493731782406,1507.7493731782406,1.000681241749822,0.0005201860606992892
1507.75631765368,1507.75631765368,0.9999410202850345,0.0005205648852553017
1507.7632621290727,1507.7632621290727,1.0002053210254487,0.0005206136755324384
1507.7702066044421,1507.7702066044421,1.000465037790581,0.0005201688775140509
1507.7771510797884,1507.7771510797884,1.000135469809051,0.0005201137749420566
1507.7840955550996,1507.7840955550996,0.999933819114808,0.0005204992590862473
1507.7910400303758,1507.7910400303758,0.998748913051761,0.0005200394663839468
1507.7979845056293,1507.7979845056293,0.999624443575709,0.0005200220795855251
1507.8049289808591,1507.8049289808591,0.9999514775201621,0.0005204117279234941
1507.8118734560417,1507.8118734560417,1.000389131070558,0.0005200748707551333
1507.8188179312133,1507.8188179312133,1.0000102614068564,0.0005203185529766253
1507.8257624063503,1507.8257624063503,1.0007708709969405,0.0005208872595604579
1507.8327068814515,1507.8327068814515,0.9999050138728022,0.0005205281715004161
1507.8396513565417,1507.8396513565417,0.9993181528637332,0.0005201729472515798
1507.846595831585,1507.846595831585,1.00037641539381,0.0005208394991372549
1507.8535403066055,1507.8535403066055,0.9999696463322418,0.0005203307337162903
1507.8702070465374,1507.8702070465374,0.9999679082270566,0.0005203330207678261
1507.8771515214528,1507.8771515214528,0.999890466862017,0.0005203605698222325
1507.8840959963568,1507.8840959963568,1.0009282526451604,0.0005203970350237968
1507.891040471214,1507.891040471214,0.9999361695777307,0.0005205131350008031
1507.8979849460477,1507.8979849460477,0.999743055521988,0.0005202911950473714
1507.9049294208585,1507.9049294208585,0.9994812903591409,0.0005203792132811256
1507.9118738956463,1507.9118738956463,0.9999501718679797,0.0005201503254866791
1507.918818370375,1507.918818370375,0.9997547122421132,0.0005201925870384952
1507.925762845104,1507.925762845104,0.9998145847447111,0.0005202736602121147
1507.9327073197753,1507.9327073197753,1.0002459877533247,0.0005200884794936367
1507.9396517944347,1507.9396517944347,1.000284069990259,0.0005206033161798964
1507.9465962690701,1507.9465962690701,0.9997536393809657,0.0005201160904528012
1507.9535407436829,1507.9535407436829,0.9995525372100076,0.0005203963536431076
1507.9604852182376,1507.9604852182376,0.9998810328529608,0.0005200717359039826
1507.9674296927808,1507.9674296927808,1.000348386959746,0.0005206781079778193
1507.9743741673003,1507.9743741673003,1.0001903714122244,0.0005205520941876722
1507.9813186417734,1507.9813186417734,0.9997418615792976,0.0005205220717487757
1507.9882631162113,1507.9882631162113,1.0013112297529585,0.0005209830921525579
1507.99520759065,1507.99520759065,0.999638134968927,0.0005205530774500073
1508.0021520650528,1508.0021520650528,0.9987019859607422,0.0005198933068692349
1508.0090965394324,1508.0090965394324,0.9999663840813217,0.0005204479441542816
1508.0160410137546,1508.0160410137546,1.000396235511468,0.0005204897098733394
1508.0229854880645,1508.0229854880645,1.0002043960454492,0.000520858538511053
1508.0299299623507,1508.0299299623507,0.9998128376809319,0.0005203619784807471
1508.0368744366028,1508.0368744366028,1.0002962031498388,0.0005204598594848265
1508.0438189108086,1508.0438189108086,1.0012267990283574,0.0005206048198732342
1508.0507633849902,1508.0507633849902,0.9998760507058885,0.0005200288339049354
1508.0577078591373,1508.0577078591373,0.9992731999898329,0.0005201382280284577
1508.0646523332846,1508.0646523332846,1.000023231258894,0.0005204645145982259
1508.0715968073969,1508.0715968073969,0.99964101686107,0.0005211015514367899
1508.078541281462,1508.078541281462,1.000179427523992,0.0005204274989704462
1508.0854857555162,1508.0854857555162,0.999847001571853,0.000520711793212325
1508.0924302295348,1508.0924302295348,1.0006309495898962,0.0005206329931563178
1508.0993747035077,1508.0993747035077,0.9997820797756308,0.0005205122986613981
1508.1063191774683,1508.1063191774683,1.0003443693092546,0.000520860983420935
1508.1132636513944,1508.1132636513944,0.9998592435573626,0.0005205000283399538
1508.120208125297,1508.120208125297,0.9997580136120512,0.0005199981865079968
1508.127152599153,1508.127152599153,0.9995251766701976,0.0005207056630732877
1508.1340970729973,1508.1340970729973,1.0003108469518474,0.0005201033947237089
1508.1410415467951,1508.1410415467951,1.000395156212195,0.0005200779289527802
1508.1479860205814,1508.1479860205814,0.9997214441540081,0.0005200307961090108
1508.1549304943208,1508.1549304943208,1.0000330586251212,0.0005199831759020725
1508.1618749680372,1508.1618749680372,1.0006666804829476,0.0005206686123533534
1508.1688194417304,1508.1688194417304,0.9997374984214176,0.0005202050076141837
1508.1757639154007,1508.1757639154007,0.9999743160129253,0.00052030673875667
1508.182708389023,1508.182708389023,0.9996555694942888,0.0005202722016271775
1508.1896528626348,1508.1896528626348,0.9998874722117057,0.0005203163296717283
1508.1965973362003,1508.1965973362003,1.000118197472977,0.0005205433521100931
1508.2035418097416,1508.2035418097416,0.9999859969588396,0.0005204814836972805
1508.2104862832482,1508.2104862832482,1.0000956111706765,0.0005203664792211287
1508.2174307567436,1508.2174307567436,1.0004906498151513,0.0005203082238504224
1508.2243752301806,1508.2243752301806,0.9987233100173816,0.0005205176261432433
1508.231319703606,1508.231319703606,1.000567211754372,0.0005203821199575585
1508.2382641770077,1508.2382641770077,1.0003126402400684,0.0005202948178785187
1508.2452086503752,1508.2452086503752,1.0006519751486405,0.0005202752818800638
1508.252153123707,1508.252153123707,0.9996777921253868,0.0005200315306905753
1508.2590975970045,1508.2590975970045,0.9997761793047554,0.000520304254651263
1508.2660420702782,1508.2660420702782,0.999701728067859,0.0005206751680293294
1508.2729865435406,1508.2729865435406,1.0002136391780252,0.0005204570738784719
1508.2799310167452,1508.2799310167452,0.999727098091415,0.0005200844221146113
1508.2868754899368,1508.2868754899368,0.999720984713883,0.0005200779899416335
1508.2938199630948,1508.2938199630948,1.0005076376885995,0.0005202695817749954
1508.3007644362292,1508.3007644362292,1.0002401184363587,0.0005201755678233089
1508.3077089093167,1508.3077089093167,1.000159316101281,0.0005203871614423895
1508.3146533823924,1508.3146533823924,0.9997531507169937,0.0005200020390140731
1508.3215978554222,1508.3215978554222,0.9995497836306899,0.0005199869554955723
1508.3285423284403,1508.3285423284403,1.0001387830605943,0.0005203077060651283
1508.3354868014112,1508.3354868014112,0.9999151677262421,0.000520146817507639
1508.342431274371,1508.342431274371,1.0000172616095493,0.0005202399521420824
1508.349375747284,1508.349375747284,1.000287972413409,0.0005202892947634815
1508.3563202201738,1508.3563202201738,0.9997443319234547,0.0005205288920622018
1508.3632646930403,1508.3632646930403,1.0005064737931242,0.0005204637652210175
1508.3702091658604,1508.3702091658604,0.9994404032795883,0.0005201837076028822
1508.377153638669,1508.377153638669,1.000089439803452,0.0005202078663248983
1508.3840981114301,1508.3840981114301,1.0004158464671096,0.0005204788736667969
1508.3910425841802,1508.3910425841802,0.9992537106874029,0.0005201249528265102
1508.3979870568958,1508.3979870568958,1.0006188832059564,0.0005205368620614432
1508.404931529576,1508.404931529576,1.0003896274755464,0.0005202084916477147
1508.411876002221,1508.411876002221,1.0002386683287086,0.000520979360145207
1508.418820474843,1508.418820474843,0.9995795795876669,0.0005201354254785203
1508.4257649474305,1508.4257649474305,0.9992112239803312,0.000520262594949085
1508.4327094199941,1508.4327094199941,1.0010075822871198,0.0005205677458892833
1508.4396538925344,1508.4396538925344,0.9996317532326963,0.0005202462611236683
1508.4465983650284,1508.4465983650284,0.9999833274912554,0.0005207109161631327
1508.4535428374998,1508.4535428374998,1.0001512636425571,0.0005200798347322873
1508.4604873099586,1508.4604873099586,0.9997673800882552,0.000520904321311946
1508.467431782359,1508.467431782359,1.0009358385795217,0.0005203210249121136
1508.4743762547603,1508.4743762547603,1.000319452579285,0.0005202989555601132
1508.481320727103,1508.481320727103,0.9991640012109976,0.0005201321150505179
1508.488265199422,1508.488265199422,1.0002948935675233,0.0005203265027134947
1508.4952096717182,1508.4952096717182,0.9999970756482316,0.0005203791191973476
1508.5021541439678,1508.5021541439678,0.9997494726226833,0.0005203651850068479
1508.509098616217,1508.509098616217,1.0006351821948747,0.0005203280113906606
1508.5160430884198,1508.5160430884198,0.9997916748901048,0.0005206319266711867
1508.522987560588,1508.522987560588,0.9996649588945429,0.0005204353045112373
1508.5299320327442,1508.5299320327442,1.0001056671422988,0.0005203001625885437
1508.5368765048543,1508.5368765048543,0.999571568392011,0.000520395037592057
1508.5438209769407,1508.5438209769407,0.9999587540945765,0.0005203765156000068
1508.5507654489923,1508.5507654489923,1.0004425579761438,0.0005201703014406766
1508.5577099210088,1508.5577099210088,1.0001070045059712,0.0005200450882232124
1508.5646543930138,1508.5646543930138,0.9999524270687294,0.0005205716609994744
1508.5715988649843,1508.5715988649843,1.0000179644080638,0.0005199614391299156
1508.5785433369078,1508.5785433369078,0.9995941118985261,0.0005201382418215202
1508.5854878088196,1508.5854878088196,0.9997736994163446,0.0005207202442174272
1508.5924322806848,1508.5924322806848,1.0001154137172144,0.0005204367023747812
1508.599376752539,1508.599376752539,0.9999341867016909,0.0005205228731173393
1508.6063212243457,1508.6063212243457,1.0004921297464073,0.0005201642424328191
1508.613265696141,1508.613265696141,1.0003103083574185,0.0005198522182060511
1508.6202101678903,1508.6202101678903,0.9995467679727115,0.0005200888887233965
1508.627154639616,1508.627154639616,1.0000465389221136,0.0005209436823478106
1508.6340991113063,1508.6340991113063,1.0002922183784284,0.0005200007612236726
1508.6410435829737,1508.6410435829737,1.0001307488433386,0.0005201467322429109
1508.647988054618,1508.647988054618,1.000347047372936,0.0005206348744178232
1508.6549325262158,1508.6549325262158,0.9994645748945106,0.0005205386622529505
1508.6618769977779,1508.6618769977779,0.9994152122825991,0.0005200178407580561
1508.6688214693527,1508.6688214693527,1.0004862789099298,0.0005205982919042506
1508.6757659408336,1508.6757659408336,0.9992769563397319,0.0005206787129106482
1508.6827104123263,1508.6827104123263,1.0001812407587287,0.0005206277018213625
1508.6896548837844,1508.6896548837844,0.9998722711117143,0.0005202033477183778
1508.6965993552074,1508.6965993552074,1.000515044136657,0.0005200470684362968
1508.7035438265953,1508.7035438265953,1.0000749213953515,0.0005204635950101942
1508.7104882979602,1508.7104882979602,1.0002177047626981,0.0005201694144320631
1508.7174327693015,1508.7174327693015,1.000252779627123,0.0005204606509368254
1508.7243772405968,1508.7243772405968,1.0007823059311396,0.0005204596483935165
1508.7313217118794,1508.7313217118794,1.000010329266119,0.0005203894432777823
1508.7382661831164,1508.7382661831164,0.9993500907496985,0.0005203010908939089
1508.74521065433,1508.74521065433,1.0004905185613076,0.0005202104785428527
1508.7521551255081,1508.7521551255081,0.9995649311485879,0.0005205517514216114
1508.7590995966752,1508.7590995966752,1.0000924666521274,0.0005202338591373098
1508.766044067784,1508.766044067784,1.000079108088709,0.000520036542166624
1508.772988538881,1508.772988538881,0.9997981768442348,0.0005203140139105302
1508.7799330099313,1508.7799330099313,0.9997035252027487,0.0005205281120785469
1508.7868774809817,1508.7868774809817,0.9996068937834302,0.0005203744775206509
1508.7938219519624,1508.7938219519624,1.0010170981511126,0.0005205329540972643
1508.8007664229658,1508.8007664229658,0.9996436266324263,0.0005203485519739948
1508.8077108939,1508.8077108939,1.000214288887105,0.0005205825327195348
1508.8146553647991,1508.8146553647991,0.9998782249566011,0.0005203138777940861
1508.821599835675,1508.821599835675,1.00045234658329,0.000520396260266835
1508.8285443065274,1508.8285443065274,0.9998598376766955,0.0005208104668044699
1508.8354887773562,1508.8354887773562,0.9997692580897729,0.0005204954289988931
1508.8424332481395,1508.8424332481395,0.9998458187842111,0.0005203296954441015
1508.8493777189105,1508.8493777189105,0.9995737665172854,0.000520137320781246
1508.8563221896231,1508.8563221896231,1.000279501614312,0.000520128128439496
1508.8632666603128,1508.8632666603128,0.9997675741148179,0.0005203464181829942
1508.8702111309674,1508.8702111309674,1.0001264928187976,0.0005205901015046412
1508.8771556016213,1508.8771556016213,1.000696630077034,0.0005207739995978656
1508.8841000722412,1508.8841000722412,1.0000183772850346,0.00051994327388245
1508.8910445428148,1508.8910445428148,0.9999045538888562,0.0005202815820223785
1508.8979890133646,1508.8979890133646,0.9999579545701757,0.0005203887084476559
1508.9049334838794,1508.9049334838794,0.9999572146833604,0.0005202757761619311
1508.911877954371,1508.911877954371,1.000289699337976,0.0005206409422647822
1508.9188224248278,1508.9188224248278,1.0002855663798722,0.0005202305695007007
1508.9257668952494,1508.9257668952494,0.9994402186995952,0.0005203030482766251
1508.9327113656364,1508.9327113656364,0.9995661820826232,0.0005205517362519127
1508.9396558360002,1508.9396558360002,0.9998353011456397,0.0005204214645159995
1508.9466003063517,1508.9466003063517,0.9997394027077284,0.0005206752063563971
1508.9535447766455,1508.9535447766455,1.0007506084156703,0.0005203220114976162
1508.9604892469276,1508.9604892469276,0.9997946645839093,0.0005209637964229531
1508.9674337171748,1508.9674337171748,0.9997906998735404,0.0005209761851238988
1508.974378187387,1508.974378187387,1.0005244430408902,0.0005201492807031166
1508.9813226575648,1508.9813226575648,0.9997624224893642,0.000520086159570404
1508.9882671277185,1508.9882671277185,0.9999436820053915,0.000520308244889046
1508.995211597849,1508.995211597849,1.0000769146389228,0.0005205282710390995
1509.0021560679334,1509.0021560679334,0.9998961535706845,0.0005203669615432072
1509.009100538006,1509.009100538006,1.0005348525412177,0.0005206857819536081
1509.0160450080198,1509.0160450080198,0.9999280245685147,0.0005203190792035351
1509.0229894780114,1509.0229894780114,0.9998982561835532,0.0005202750954462429
1509.0299339479905,1509.0299339479905,1.000404792400666,0.0005202372392868555
1509.036878417935,1509.036878417935,0.9998685803185754,0.0005203899815568502
1509.0438228878327,1509.0438228878327,0.9990204776719409,0.0005199808479852435
1509.050767357719,1509.050767357719,0.9997982090253708,0.000520059798977506
1509.057711827559,1509.057711827559,1.0000322302310114,0.0005202026831965227
1509.0646562973636,1509.0646562973636,1.0002405590854448,0.0005206618629005359
1509.071600767145,1509.071600767145,1.0001712094231494,0.0005206295714935747
1509.0785452369266,1509.0785452369266,1.000801250250817,0.0005210896054919517
1509.0854897066383,1509.0854897066383,0.9999253966267881,0.0005204549284788622
1509.0924341763382,1509.0924341763382,0.9997360862294714,0.0005205151681365164
1509.0993786459917,1509.0993786459917,0.9999531274161526,0.0005200601571699508
1509.1063231156336,1509.1063231156336,1.0002771664585453,0.0005204936860476598
1509.1132675852289,1509.1132675852289,0.998798088808831,0.0005202003823716139
1509.1202120548123,1509.1202120548123,1.0005156623450189,0.0005209543955701431
1509.1271565243494,1509.1271565243494,0.9996746617482476,0.0005202424630323854
1509.1341009938399,1509.1341009938399,0.9992919446411402,0.0005200601285212526
1509.14104546333,1509.14104546333,1.0007272184141898,0.0005202264163299687
1509.1479899327976,1509.1479899327976,0.999921899167101,0.0005208889748784211
1509.1549344022183,1509.1549344022183,1.0000743847605156,0.0005200048674283036
1509.1618788716034,1509.1618788716034,0.9997547146204473,0.0005202922632664734
1509.1688233409545,1509.1688233409545,1.000355901464173,0.0005204372674981168
1509.175767810282,1509.175767810282,0.9995671357229773,0.0005204548681223872
1509.182712279586,1509.182712279586,0.9998225398206225,0.0005203037289255685
1509.1896567488436,1509.1896567488436,1.0001513194580343,0.0005200606979031494
1509.1966012180899,1509.1966012180899,1.0001674353879189,0.0005203630632405408
1509.2035456872886,1509.2035456872886,1.0003309913813883,0.0005205368449150837
1509.2104901564649,1509.2104901564649,1.00002006179812,0.0005202395858379017
1509.2174346256068,1509.2174346256068,1.0001475724554378,0.0005203653718544481
1509.2243790947125,1509.2243790947125,1.0004281322179849,0.0005209312260568559
1509.2313235637957,1509.2313235637957,0.9991037299974739,0.0005209056497023876
1509.2382680328437,1509.2382680328437,0.9996267917782522,0.0005200597136413174
1509.2452125018685,1509.2452125018685,0.9998358333259022,0.0005204716490189183
1509.2521569708579,1509.2521569708579,0.9996030328387387,0.0005202859109292103
1509.259101439825,1509.259101439825,1.0008855955657785,0.0005206035745057564
1509.2660459087451,1509.2660459087451,1.0010505338877684,0.0005205187254213874
1509.272990377653,1509.272990377653,0.9989729377700822,0.0005200131473160615
1509.2799348465037,1509.2799348465037,0.9996699376102816,0.0005201028527282831
1509.2868793153305,1509.2868793153305,1.0001625389555477,0.000520628256722607
1509.2938237841456,1509.2938237841456,1.000446072845516,0.0005203153604732379
1509.3007682529258,1509.3007682529258,1.0002211115969843,0.0005209844868060822
1509.3077127216598,1509.3077127216598,1.0001059255330427,0.0005203068283009865
1509.31465719037,1509.31465719037,0.9996471219907705,0.0005208476666785588
1509.3216016590573,1509.3216016590573,0.999837132012469,0.0005202323792350434
1509.328546127698,1509.328546127698,0.9994599348310759,0.0005199897666489893
1509.3354905963151,1509.3354905963151,1.0004967836475118,0.0005200521105482378
1509.3424350649093,1509.3424350649093,0.999816929579703,0.0005203502919518039
1509.3493795334687,1509.3493795334687,0.9998703527529473,0.0005201775881338831
1509.3563240019926,1509.3563240019926,0.9997848370490152,0.0005204660023522642
1509.363268470482,1509.363268470482,1.000917118043653,0.0005206819407666705
1509.3702129389476,1509.3702129389476,0.9997719968939311,0.0005203119401826111
1509.3771574073792,1509.3771574073792,0.9998188379816211,0.0005200789523943765
1509.3841018757867,1509.3841018757867,1.0001674359783568,0.0005202480890003825
1509.3910463441482,1509.3910463441482,1.0001123814930002,0.0005204009169805636
1509.3979908124743,1509.3979908124743,0.9994647502498536,0.00052034700581297
1509.4049352808004,1509.4049352808004,1.0004082120982227,0.0005204886673881765
1509.411879749092,1509.411879749092,0.9998428226587665,0.0005201786455335207
1509.4188242173368,1509.4188242173368,1.0000479132808189,0.0005208667135719185
1509.425768685558,1509.425768685558,1.0002598178718567,0.0005207343256638161
1509.4327131537448,1509.4327131537448,0.9997210923228433,0.0005203019512963231
1509.4396576218853,1509.4396576218853,1.0001609395362356,0.0005200856970607325
1509.446602090025,1509.446602090025,1.000570092619056,0.0005204859577327447
1509.4535465581066,1509.4535465581066,0.9993235292061066,0.0005207081400854223
1509.4604910261885,1509.4604910261885,0.9998045545596355,0.0005206284790073474
1509.4674354942122,1509.4674354942122,0.9997245365302675,0.0005203857646941974
1509.4743799622006,1509.4743799622006,1.0005080202129282,0.0005202259857550583
1509.4813244301665,1509.4813244301665,1.0000194050220015,0.0005204278704022259
1509.4882688981083,1509.4882688981083,0.9997087682961368,0.0005201949191438319
1509.4952133660154,1509.4952133660154,0.9997920593117007,0.0005200349428089453
1509.502157833888,1509.502157833888,1.000189897351277,0.0005201118787505742
1509.509102301737,1509.509102301737,0.9994814264987888,0.0005204046300269391
1509.5160467695393,1509.5160467695393,1.0007916976503022,0.0005204549650750891
1509.5229912373416,1509.5229912373416,0.999134939321553,0.0005201543426942939
1509.5299357050858,1509.5299357050858,1.0005134023362083,0.0005203760994173477
1509.536880172795,1509.536880172795,0.9996187922266466,0.0005202491768383392
1509.5438246404929,1509.5438246404929,0.9996598002283852,0.0005204481818671198
1509.5507691081439,1509.5507691081439,1.0000781933016172,0.0005207366500546196
1509.5577135757717,1509.5577135757717,1.0001851763894252,0.000520552398633524
1509.5646580433645,1509.5646580433645,0.999895883732958,0.0005200770918637463
1509.5716025109343,1509.5716025109343,1.0003089309513282,0.0005210145206974539
1509.5785469784573,1509.5785469784573,1.0000215144382696,0.000520300537211947
1509.5854914459685,1509.5854914459685,1.0005410541300352,0.000520527682546614
1509.5924359134447,1509.5924359134447,0.9999124122034143,0.0005200539164961069
1509.599380380875,1509.599380380875,0.999299087765196,0.0005201989248734915
1509.6063248482815,1509.6063248482815,0.999877067520881,0.0005201650840843644
1509.6132693156533,1509.6132693156533,0.9999379273912588,0.0005206296099047625
1509.6202137830016,1509.6202137830016,0.9998585773542621,0.0005205522318679941
1509.6271582503152,1509.6271582503152,1.0002419874400705,0.0005204829511111287
1509.6341027175938,1509.6341027175938,0.9995455915511094,0.0005201160377594191
1509.641047184849,1509.641047184849,1.0007001243561675,0.000520227380786978
1509.6479916520693,1509.6479916520693,0.9999383142562067,0.0005201617928227908
1509.6549361192428,1509.6549361192428,1.000517378755746,0.0005204127956318636
1509.6618805864052,1509.6618805864052,0.9998815912337934,0.000520717728368505
1509.6688250535324,1509.6688250535324,1.0001272923258973,0.0005205783448565792
1509.6757695206365,1509.6757695206365,0.99921671678854,0.000520718216736558
1509.6827139876937,1509.6827139876937,1.0000997887907974,0.0005204991996886068
1509.6896584547162,1509.6896584547162,0.9994876894354927,0.000520066607863968
1509.6966029217267,1509.6966029217267,1.0003606772604416,0.00052042466669622
1509.7035473887029,1509.7035473887029,1.0001273175715018,0.0005202462010940426
1509.710491855632,1509.710491855632,1.0004909054078404,0.0005200960820942027
1509.717436322538,1509.717436322538,1.000208759300929,0.0005205608728021157
1509.7243807894092,1509.7243807894092,1.000501109026745,0.0005203668564743244
1509.7313252562567,1509.7313252562567,0.9996478506626854,0.0005201348182015048
1509.7382697230698,1509.7382697230698,0.9999502331918236,0.0005201263412291222
1509.7452141898477,1509.7452141898477,1.0003816268210852,0.0005201548076970792
1509.7521586565908,1509.7521586565908,0.9996873004041145,0.0005205684300602079
1509.7591031233103,1509.7591031233103,1.0003639564832774,0.0005201653621595321
1509.7660475899954,1509.7660475899954,0.9995384129965735,0.0005207042881241707
1509.7729920566571,1509.7729920566571,0.999719205429253,0.0005204107593371984
1509.779936523272,1509.779936523272,0.9996815198475169,0.0005203561411661699
1509.7868809898523,1509.7868809898523,1.0001420328102806,0.000520721558013395
1509.7938254564322,1509.7938254564322,1.0008766721841875,0.0005202770956871743
1509.8007699229543,1509.8007699229543,1.000051905094539,0.0005203962211530068
1509.8077143894527,1509.8077143894527,1.0002450983032891,0.0005204780927777064
1509.8146588559164,1509.8146588559164,0.9994546652458898,0.0005202346922884881
1509.8216033223566,1509.8216033223566,0.9994642104599405,0.0005204593676250351
1509.8285477887505,1509.8285477887505,0.9998667963584567,0.0005203536838632595
1509.835492255121,1509.835492255121,1.000423967205148,0.0005205057398694588
1509.8424367214448,1509.8424367214448,1.0006196765848183,0.0005205494375511749
1509.849381187792,1509.849381187792,0.9997072547265475,0.0005206089903267129
1509.8563256540342,1509.8563256540342,1.0001963872596762,0.0005203862478823292
1509.8632701202885,1509.8632701202885,0.9992437909445885,0.0005199566674147949
1509.8702145865077,1509.8702145865077,0.9996011662796669,0.0005201154420139697
1509.8771590526685,1509.8771590526685,1.000208844722642,0.0005199916169401717
1509.884103518818,1509.884103518818,1.0003963710514554,0.0005201316003976921
1509.8910479849442,1509.8910479849442,0.999116224767497,0.0005201078754284107
1509.8979924510354,1509.8979924510354,1.0011989892482047,0.0005201967920732388
1509.9049369170796,1509.9049369170796,1.0001977727038027,0.0005201662227461384
1509.9118813831126,1509.9118813831126,0.9998196726976103,0.0005203181920966672
1509.9188258491108,1509.9188258491108,0.9995482976413029,0.0005201774481671331
1509.9257703150506,1509.9257703150506,0.9995006176234741,0.0005203992124972499
1509.9327147809781,1509.9327147809781,1.0000079787566718,0.0005201968000985484
1509.9396592468718,1509.9396592468718,1.0000947013572996,0.0005201834365577851
1509.9466037127415,1509.9466037127415,0.9996103981265391,0.0005201387729899226
1509.9535481785647,1509.9535481785647,0.9998054584268804,0.0005201236391564228
1509.960492644365,1509.960492644365,1.0002402912977768,0.0005204098306121148
1509.9674371101416,1509.9674371101416,1.0000902964072442,0.0005201469752244521
1509.9743815758716,1509.9743815758716,1.0000202751932716,0.0005204538612001951
1509.981326041579,1509.981326041579,1.000087729706895,0.0005200381770871669
1509.988270507251,1509.988270507251,1.000812082023326,0.0005204175039240975
1509.995214972888,1509.995214972888,0.9998060104964301,0.0005203256985711047
1510.002159438502,1510.002159438502,0.9996235168991291,0.0005206002859873635
1510.0091039040694,1510.0091039040694,1.0001487997757077,0.0005203117902610306
1510.0160483696131,1510.0160483696131,0.9998637100710175,0.0005203202678682585
1510.022992835134,1510.022992835134,1.00074834193673,0.0005207565202934152
1510.0299373006078,1510.0299373006078,1.0004831411733561,0.000520164435476536
1510.03688176607,1510.03688176607,0.9998927064224647,0.0005205723932822133
1510.0438262314863,1510.0438262314863,0.9989857046657932,0.0005202684170126612
1510.0507706968558,1510.0507706968558,1.0004171779433757,0.0005204775831286419
1510.057715162213,1510.057715162213,0.9994530160611618,0.0005204183268999422
1510.064659627536,1510.064659627536,0.9998734501307747,0.0005202596243867984
1510.0716040928123,1510.0716040928123,1.0004134132212035,0.0005206119639432182
1510.0785485580766,1510.0785485580766,0.9999468820203395,0.0005200633475560809
1510.0854930233065,1510.0854930233065,1.0006955388203973,0.0005210695176390717
1510.0924374885012,1510.0924374885012,0.9995715122387594,0.0005202757828129277
1510.099381953649,1510.099381953649,1.0004367353712689,0.0005202427131138489
1510.106326418774,1510.106326418774,1.000065464956939,0.000520201388899832
1510.1132708838875,1510.1132708838875,0.9993676446909875,0.0005201353950013186
1510.1202153489419,1510.1202153489419,1.0003625304985164,0.0005202475202660426
1510.1271598139742,1510.1271598139742,0.9995380425284358,0.000520009231924059
1510.1341042789827,1510.1341042789827,1.0002118052878426,0.0005203941054583055
1510.1410487439439,1510.1410487439439,1.0008828244624035,0.0005206467709803113
1510.147993208883,1510.147993208883,0.9996229869529042,0.0005201771896947974
1510.1549376737867,1510.1549376737867,0.9995546720669998,0.0005199805300989721
1510.161882138667,1510.161882138667,0.9996339433788014,0.0005200496125271083
1510.1688266035007,1510.1688266035007,1.0002455971122612,0.0005202507506196941
1510.1757710683116,1510.1757710683116,1.0004176196045929,0.0005203603167027353
1510.1827155330868,1510.1827155330868,0.999879350440699,0.0005201662036398528
1510.1896599978274,1510.1896599978274,1.0007619698080013,0.0005201536868807887
1510.1966044625337,1510.1966044625337,1.0001770787340225,0.0005201228004561107
1510.203548927216,1510.203548927216,0.9996344303418241,0.0005200468936437296
1510.2104933918636,1510.2104933918636,1.0004179456335824,0.0005205339738873092
1510.217437856476,1510.217437856476,0.9997383678732721,0.0005201871362472991
1510.2243823210654,1510.2243823210654,1.000121780914312,0.0005200028473994475
1510.231326785608,1510.231326785608,1.0000364608311536,0.0005203154530349029
1510.2382712501278,1510.2382712501278,0.9995060403460883,0.0005200713939463919
1510.2452157146124,1510.2452157146124,0.9996770556315375,0.0005203309296119465
1510.2521601790618,1510.2521601790618,1.0002064728518594,0.0005202139466445866
1510.2591046434766,1510.2591046434766,1.0000976777179853,0.0005205939294807941
1510.2660491078677,1510.2660491078677,0.9997369557941067,0.0005203930524287094
1510.2729935722243,1510.2729935722243,1.0004531170433826,0.000520263812896594
1510.2799380365461,1510.2799380365461,1.000089063174334,0.0005201377356976167
1510.2868825008447,1510.2868825008447,1.0006561500279527,0.000520566642970901
1510.2938269650963,1510.2938269650963,0.9997531636522314,0.0005201366165224167
1510.3007714293249,1510.3007714293249,0.9998001300074499,0.0005205575445225176
1510.3077158935182,1510.3077158935182,0.9998667336469358,0.0005199120994402058
1510.314660357677,1510.314660357677,0.9995214977001524,0.0005201816546423787
1510.3216048218005,1510.3216048218005,0.9996126309610238,0.0005201020156799792
1510.3285492859009,1510.3285492859009,1.0001360299112512,0.0005202800911390255
1510.3354937499666,1510.3354937499666,1.0000270819161887,0.0005200413296388513
1510.342438213997,1510.342438213997,1.0001584422442806,0.0005206530738964615
1510.3493826780043,1510.3493826780043,1.0003343769731887,0.0005202647036455957
1510.356327141965,1510.356327141965,1.0005693860987923,0.0005204583706408726
1510.3632716059024,1510.3632716059024,0.9997944979242694,0.0005202334578471467
1510.3702160697933,1510.3702160697933,0.9997939586182929,0.0005202769006749925
1510.3771605336728,1510.3771605336728,0.9998774868714231,0.0005203728103017398
1510.3841049975051,1510.3841049975051,1.0001871933176545,0.0005210382004355514
1510.3910494613028,1510.3910494613028,0.9999298237748974,0.0005202321042812205
1510.397993925066,1510.397993925066,0.9999657376186052,0.0005205833939900839
1510.4049383888164,1510.4049383888164,0.9998357626484878,0.0005205501732770952
1510.4118828525213,1510.4118828525213,0.999872809983866,0.0005201926071936865
1510.4188273162029,1510.4188273162029,0.9997548730183825,0.0005200975588765828
1510.4257717798257,1510.4257717798257,1.0000887609754632,0.0005202632742937357
1510.432716243437,1510.432716243437,1.000231644038656,0.0005203231695981962
1510.4396607070141,1510.4396607070141,1.000031969095365,0.0005204714885607584
1510.4466051705551,1510.4466051705551,1.0004928492074032,0.000520490025535886
1510.453549634062,1510.453549634062,0.9993080625271171,0.0005199857783503624
1510.4604940975455,1510.4604940975455,1.000800319280712,0.0005203760965071819
1510.467438560982,1510.467438560982,0.999444925408655,0.0005200284431129222
1510.4743830244074,1510.4743830244074,1.0001311876947174,0.0005205471043649226
1510.4813274877863,1510.4813274877863,0.9998431174164459,0.0005200906702881924
1510.4882719511181,1510.4882719511181,1.0001858824596366,0.0005202438238547608
1510.495216414427,1510.495216414427,1.000086831816828,0.0005200565177969649
1510.5021608777129,1510.5021608777129,0.9997356785827906,0.000520546119511987
1510.5091053409628,1510.5091053409628,0.9998340225460268,0.0005199576236358209
1510.5160498041669,1510.5160498041669,0.9998917918932241,0.0005202624094984972
1510.5229942673477,1510.5229942673477,1.0002751791224493,0.000520238283288292
1510.5299387305051,1510.5299387305051,0.99989561911805,0.0005200917094312562
1510.536883193593,1510.536883193593,0.9997513526913826,0.000520237890613419
1510.5438276566804,1510.5438276566804,1.000018802277285,0.0005201288305465485
1510.5507721197448,1510.5507721197448,1.0006785299939338,0.0005206026611683427
1510.5577165827622,1510.5577165827622,1.000214576063644,0.0005202379750227552
1510.5646610457452,1510.5646610457452,1.0002272499771936,0.0005201294628854622
1510.571605508693,1510.571605508693,0.9993161761470889,0.0005199700466742087
1510.5785499716176,1510.5785499716176,0.9999880483838007,0.0005203681732082801
1510.5854944344956,1510.5854944344956,0.9996514064543813,0.0005201777264910473
1510.5924388973624,1510.5924388973624,1.0002023356339076,0.0005203881168785138
1510.5993833601585,1510.5993833601585,0.9997463511071494,0.0005205549590876301
1510.606327822955,1510.606327822955,1.0001492351119752,0.0005202207867789574
1510.6132722857053,1510.6132722857053,1.0004342182178978,0.0005201770863771752
1510.6202167484316,1510.6202167484316,1.0000591702225217,0.0005210090901859264
1510.6271612111118,1510.6271612111118,1.000365567758755,0.000520560471736019
1510.6341056737688,1510.6341056737688,0.9995400866166859,0.0005203193269962658
1510.641050136391,1510.641050136391,0.9999881942587988,0.0005200459513484983
1510.647994598966,1510.647994598966,0.9998279841604442,0.000520128100730629
1510.6549390615296,1510.6549390615296,0.9997153520677241,0.0005208932502770418
1510.6618835240467,1510.6618835240467,1.000165863468379,0.0005203337397323387
1510.6688279865407,1510.6688279865407,0.9998127252001824,0.0005203668886295152
1510.6757724489883,1510.6757724489883,0.999563203800415,0.0005200609379295794
1510.6827169114124,1510.6827169114124,1.00083258081781,0.000520277440089763
1510.6896613737895,1510.6896613737895,0.9997832086385211,0.0005202009560165276
1510.6966058361559,1510.6966058361559,1.0002393963027,0.0005202476529275097
1510.703550298475,1510.703550298475,0.9998636947449582,0.000520075353010909
1510.710494760759,1510.710494760759,0.9998412069156377,0.0005202801706857659
1510.7174392230086,1510.7174392230086,1.0002885255587624,0.0005204638157155709
1510.7243836852458,1510.7243836852458,0.9999468098697715,0.0005201815419314129
1510.731328147414,1510.731328147414,0.9998701588018772,0.0005200892200491661
1510.7382726095825,1510.7382726095825,1.0003210101733944,0.0005206044862649641
1510.7452170716915,1510.7452170716915,0.9999968334182702,0.0005203614437402574
1510.752161533778,1510.752161533778,0.999394844918732,0.0005200554360652718
1510.759105995841,1510.759105995841,0.9998843274229827,0.0005204224235628973
1510.7660504578575,1510.7660504578575,1.000614165886312,0.0005205163345444536
1510.7729949198394,1510.7729949198394,1.0004417312733467,0.0005201574300347067
1510.779939381809,1510.779939381809,0.999615380982114,0.0005204401350795299
1510.7868838437328,1510.7868838437328,0.9996849553332167,0.0005203802167571102
1510.793828305598,1510.793828305598,1.000538978465944,0.0005202048038900997
1510.8007727674517,1510.8007727674517,1.0005151630119633,0.0005200989863403105
1510.807717229282,1510.807717229282,1.0001725906149648,0.0005206100444302212
1510.8146616910658,1510.8146616910658,1.000077867343333,0.0005202678127601969
1510.8216061528142,1510.8216061528142,0.9993452159830125,0.0005200740979050974
1510.8285506145398,1510.8285506145398,0.999853976653682,0.000520159541307748
1510.8354950762073,1510.8354950762073,0.9995968073487397,0.0005201073071196758
1510.8424395378977,1510.8424395378977,1.000348639881923,0.0005207127760314637
1510.8493839994837,1510.8493839994837,1.0001697219542856,0.000520234749043747
1510.8563284610811,1510.8563284610811,1.000136564650967,0.0005203590395886171
1510.8632729226201,1510.8632729226201,1.0007569516809114,0.0005211283381539127
1510.870217384148,1510.870217384148,0.9999150196319515,0.0005201803609653689
1510.877161845629,1510.877161845629,0.9995795558830889,0.0005200781731889532
1510.8841063070747,1510.8841063070747,0.9998210986268561,0.0005201789609624713
1510.8910507684982,1510.8910507684982,0.9994122214055509,0.0005203547138107679
1510.8979952298625,1510.8979952298625,1.0008771176193982,0.0005206587221446608
1510.9049396912274,1510.9049396912274,0.9992762005403103,0.0005197113509590388
1510.9118841525337,1510.9118841525337,1.000125281090777,0.0005204978683287084
1510.9188286138167,1510.9188286138167,1.0006186924826428,0.0005200175584667131
1510.9257730750646,1510.9257730750646,0.9996458797207672,0.0005197116932268511
1510.9327175362782,1510.9327175362782,1.0006659192281817,0.0005202210282305905
1510.9396619974568,1510.9396619974568,0.9991640758711504,0.000519937961543686
1510.9466064586,1510.9466064586,0.9999994993811189,0.0005202810587858823
1510.9535509197085,1510.9535509197085,1.0001661395187234,0.0005200739222237262
1510.9604953808052,1510.9604953808052,1.0002844544153382,0.0005207079035981998
1510.9674398418326,1510.9674398418326,1.0001379714842629,0.0005199807471288791
1510.9743843028477,1510.9743843028477,0.9997645635574319,0.0005200626937519676
1510.9852176619352,1510.9852176619352,1.0000498903942119,0.0005202933292465235
1510.997995470023,1510.997995470023,0.9997834880586467,0.0005203418138799074
1511.004939930876,1511.004939930876,0.9993385814839858,0.0005199494899411558
1511.0118843917164,1511.0118843917164,1.0002991075713932,0.0005200190345068436
1511.0188288524987,1511.0188288524987,1.0003695397545014,0.0005199742681671478
1511.025773313258,1511.025773313258,1.0000667621989838,0.0005205277022633647
1511.0327177739823,1511.0327177739823,0.9996360441650035,0.000520043212415198
1511.0396622346718,1511.0396622346718,1.000454420074804,0.0005204825180549704
1511.0466066953265,1511.0466066953265,1.0001447323784025,0.0005201434517407815
1511.0535511559574,1511.0535511559574,1.0001904382504632,0.0005200369170709092
1511.060495616542,1511.060495616542,1.0004233874029815,0.0005203272716644179
1511.0674400770802,1511.0674400770802,0.9999028360735085,0.0005198938490655947
1511.0743845376185,1511.0743845376185,0.9995012388096353,0.0005201144237689618
1511.0813289980867,1511.0813289980867,0.9999999387133045,0.0005203500754796615
1511.0882734585552,1511.0882734585552,1.0002518713675523,0.0005206972955076135
1511.0952179189535,1511.0952179189535,0.9996827194932996,0.0005204604148187507
1511.1021623793401,1511.1021623793401,0.9998378908970104,0.0005200749983177574
1511.10910683968,1511.10910683968,0.9995283227680254,0.0005207079948153852
1511.1160512999973,1511.1160512999973,1.0006411600221556,0.0005205414907631804
1511.1229957602789,1511.1229957602789,1.0001877537012678,0.0005207211561596987
1511.1299402205264,1511.1299402205264,0.999847385223843,0.0005201755054968074
1511.1368846807268,1511.1368846807268,0.9993947465218186,0.0005206761040515296
1511.1438291409036,1511.1438291409036,1.0010089758157867,0.0005210177041576102
1511.1507736010574,1511.1507736010574,0.999685242886801,0.0005202051562887557
1511.1577180611653,1511.1577180611653,0.9997552676428331,0.0005201377997836226
1511.1646625212256,1511.1646625212256,0.9993343376592001,0.0005199542199941439
1511.1716069812749,1511.1716069812749,1.0008726857246733,0.0005205005001611975
1511.1785514412657,1511.1785514412657,1.000150941502696,0.0005206287267017804
1511.1854959012448,1511.1854959012448,1.000214584568282,0.0005201481937601872
1511.1924403611545,1511.1924403611545,1.0016230515180495,0.0005205111439262938
1511.1993848210873,1511.1993848210873,0.9991756771580897,0.0005200444901228666
1511.2063292809266,1511.2063292809266,0.9995842355458688,0.0005199487415878886
1511.2132737407667,1511.2132737407667,1.0001535672446538,0.000519936713160445
1511.2202182005592,1511.2202182005592,1.000433406700212,0.0005200985550690209
1511.2271626603174,1511.2271626603174,0.999856587436285,0.0005200703351264198
1511.2341071200522,1511.2341071200522,0.9996926521890848,0.0005200195439098883
1511.2410515797405,1511.2410515797405,0.9997930099986071,0.0005197924547710919
1511.247996039394,1511.247996039394,1.0000477348875574,0.0005200102837456475
1511.254940499024,1511.254940499024,0.9997324202592353,0.0005199152683176345
1511.261884958619,1511.261884958619,1.0001180360911788,0.0005204076521979348
1511.2688294181564,1511.2688294181564,0.9997435984556308,0.0005200282647755547
1511.2757738776695,1511.2757738776695,1.0009303073365499,0.0005202035006967713
1511.2827183371603,1511.2827183371603,1.0002924359724872,0.0005203756072726442
1511.2896627966038,1511.2896627966038,0.9995469671326385,0.0005201837614882365
1511.2966072560125,1511.2966072560125,0.9997056754105674,0.0005203021268747317
1511.303551715398,1511.303551715398,1.0003605562559585,0.0005200939945062719
1511.3104961747372,1511.3104961747372,0.9994657340991381,0.0005199297228594363
1511.3174406340408,1511.3174406340408,0.999290275670188,0.0005201816453025636
1511.3243850933222,1511.3243850933222,1.0002146446666043,0.0005201192422863753
1511.3313295525677,1511.3313295525677,1.0007681615234676,0.0005201883952862551
1511.3382740117672,1511.3382740117672,1.000447571306379,0.0005201246164180043
1511.34521847092,1511.34521847092,1.0007751175826443,0.0005201519960793579
1511.3521629300726,1511.3521629300726,0.9997698724255214,0.0005199816029228701
1511.3591073891557,1511.3591073891557,1.0000996415158419,0.0005204878549759352
1511.3660518482386,1511.3660518482386,1.0002802964179613,0.000520256484100614
1511.3729963072517,1511.3729963072517,0.9997176872914431,0.0005209343280530481
1511.379940766253,1511.379940766253,0.999566304096151,0.0005201913619695289
1511.3868852252076,1511.3868852252076,0.9997423925189928,0.0005199737859493843
1511.3938296841275,1511.3938296841275,0.9998816819520069,0.0005199646631901732
1511.4007741430244,1511.4007741430244,0.9996940287046927,0.0005203056196708279
1511.4077186018624,1511.4077186018624,1.0000705985609961,0.0005205036365197193
1511.4146630606779,1511.4146630606779,1.0003434070346482,0.0005204209934245621
1511.4216075194697,1511.4216075194697,1.0000462633648894,0.0005205750966888247
1511.4285519781913,1511.4285519781913,1.0000962420869384,0.0005201928688688829
1511.4354964369138,1511.4354964369138,1.0007177243860252,0.0005202526775942915
1511.4424408956006,1511.4424408956006,0.9996907203586296,0.0005204292245575917
1511.4493853542413,1511.4493853542413,0.9997993993339787,0.000520239093970066
1511.456329812835,1511.456329812835,1.0003565889101154,0.0005202365843036787
1511.463274271406,1511.463274271406,0.9991956773821284,0.0005201219806783283
1511.4702187299415,1511.4702187299415,1.0000796511458643,0.0005200528266032248
1511.477163188442,1511.477163188442,0.9995640337261437,0.0005201938997278562
1511.48410764692,1511.48410764692,1.0006315474796952,0.0005206614014433526
1511.491052105351,1511.491052105351,1.0001295588052703,0.0005206511614404707
1511.4979965637235,1511.4979965637235,1.0001166676019353,0.0005200031291552052
1511.5049410220734,1511.5049410220734,0.9999419019680087,0.000520264350915463
1511.511885480399,1511.511885480399,0.9999635372923041,0.0005202051722864343
1511.5188299386787,1511.5188299386787,1.0002143629777267,0.0005204898456164751
1511.525774396947,1511.525774396947,1.0002189498223795,0.0005204259334811509
1511.5327188551564,1511.5327188551564,0.9989682030538024,0.0005202945691295939
1511.5396633133198,1511.5396633133198,0.9996943006840437,0.0005201956059417071
1511.5466077714598,1511.5466077714598,1.0011671038160712,0.0005203261799662307
1511.553552229588,1511.553552229588,0.9993402201770281,0.0005205882656892844
1511.5604966876576,1511.5604966876576,1.0002394448860712,0.0005204410596981715
1511.567441145693,1511.567441145693,1.000781970528085,0.0005208564297722402
1511.5743856036818,1511.5743856036818,0.9999384718625904,0.000520646816747686
1511.5813300616587,1511.5813300616587,0.9996273697989093,0.0005199022284704283
1511.5882745195772,1511.5882745195772,0.9996433192665932,0.0005203759747622178
1511.5952189774612,1511.5952189774612,0.9995611565832269,0.0005202412827742423
1511.602163435333,1511.602163435333,1.0001201792798968,0.0005203033753538054
1511.6091078931472,1511.6091078931472,1.0001412490771293,0.0005205741485364057
1511.6160523509268,1511.6160523509268,1.0000668701441984,0.0005205914225614668
1511.6229968086818,1511.6229968086818,1.000509709119402,0.0005206646048224657
1511.6299412663914,1511.6299412663914,1.00015253133162,0.000520341499177935
1511.6368857240773,1511.6368857240773,0.9994640037108177,0.000520245298412931
1511.643830181716,1511.643830181716,0.9998351081450515,0.0005207771275708557
1511.6507746393095,1511.6507746393095,1.0000228307658432,0.0005200343515440358
1511.6577190968671,1511.6577190968671,0.9999380009234754,0.0005204445979638233
1511.6646635544132,1511.6646635544132,0.999870742484761,0.0005202492521853923
1511.6716080119015,1511.6716080119015,1.0005453657166208,0.0005202301837776799
1511.6785524693657,1511.6785524693657,0.9999039741099987,0.0005201433672119588
1511.6854969267958,1511.6854969267958,1.0003017504336256,0.0005208687901805661
1511.6924413841675,1511.6924413841675,0.9997586050673382,0.0005200092909889083
1511.6993858415274,1511.6993858415274,0.9998686595722226,0.0005199851325946532
1511.7063302988408,1511.7063302988408,1.0010680933329654,0.0005203930343894024
1511.713274756107,1511.713274756107,0.9997279450232142,0.0005202259846498273
1511.7202192133743,1511.7202192133743,0.9991312444027699,0.0005199521458076634
1511.7271636705711,1511.7271636705711,1.0001902235331923,0.0005202581142989438
1511.7341081277448,1511.7341081277448,1.0006466374366794,0.0005200902797597854
1511.741052584872,1511.741052584872,1.0005862678335518,0.000520206181649648
1511.7479970419759,1511.7479970419759,1.0001510859072884,0.0005202265379281448
1511.7549414990326,1511.7549414990326,1.0004541809866794,0.0005203862674840521
1511.7618859560437,1511.7618859560437,1.001050800151726,0.0005206674521888716
1511.7688304130193,1511.7688304130193,0.9992152179884135,0.0005203136308387806
1511.775774869995,1511.775774869995,1.0003148711498924,0.0005203900241570364
1511.7827193269009,1511.7827193269009,0.9998154328203201,0.0005201870298140904
1511.789663783784,1511.789663783784,0.99952141567731,0.000519831061930205
1511.7966082406197,1511.7966082406197,1.0001316704671233,0.0005204960995070687
1511.8035526974322,1511.8035526974322,1.0003703340451446,0.0005203396129071217
1511.810497154199,1511.810497154199,1.00006771946501,0.0005201901658996718
1511.8174416109182,1511.8174416109182,0.9995888441241373,0.0005201529030601872
1511.8243860676032,1511.8243860676032,0.9999357708937632,0.0005202108385260441
1511.8313305242762,1511.8313305242762,1.000018698372293,0.0005198946871234585
1511.838274980891,1511.838274980891,0.9998614980006341,0.0005201515162997674
1511.8452194374827,1511.8452194374827,1.000890965311728,0.0005203362657176632
1511.8521638940394,1511.8521638940394,0.9998677924323138,0.0005206256672759492
1511.8591083505378,1511.8591083505378,1.0006525602032839,0.0005203341494835836
1511.866052807013,1511.866052807013,0.9994296325170329,0.0005203999700560553
1511.8729972634649,1511.8729972634649,0.9991407589721689,0.0005200094193987687
1511.8799417198588,1511.8799417198588,1.0001657690679255,0.0005199004930238856
1511.8868861762057,1511.8868861762057,0.9999258726276402,0.0005200487996428918
1511.8938306325294,1511.8938306325294,0.9997132302015876,0.0005199621177146859
1511.9007750888181,1511.9007750888181,1.0001349948924185,0.0005200457887445559
1511.9077195450723,1511.9077195450723,1.0005037228007,0.0005204923827417095
1511.91466400128,1511.91466400128,1.000720097028779,0.0005202448633595721
1511.9216084574637,1511.9216084574637,1.000290948482955,0.0005204694610670763
1511.9285529136132,1511.9285529136132,1.000267511142606,0.0005204022140594601
1511.935497369716,1511.935497369716,0.9996806480514986,0.000520025726262332
1511.9424418257722,1511.9424418257722,0.9993383741905228,0.0005205159529491621
1511.949386281793,1511.949386281793,1.0004214139998868,0.0005203578025932375
1511.9563307377907,1511.9563307377907,1.0000686766554172,0.0005201045059285736
1511.963275193742,1511.963275193742,0.9994902303171038,0.0005197162798609673
1511.9702196496585,1511.9702196496585,0.9998934528642497,0.0005199208612089365
1511.9771641055281,1511.9771641055281,0.9999991502542451,0.0005202749690496424
1511.9841085613984,1511.9841085613984,1.0007410293515888,0.0005200322853458869
1511.9910530171865,1511.9910530171865,0.9997900800527036,0.0005202609831016709
1511.9979974729513,1511.9979974729513,1.0004212766778142,0.0005199223723300868
1512.0049419286818,1512.0049419286818,0.999865047413443,0.0005197299642289604
1512.011886384365,1512.011886384365,1.0000379944409898,0.0005198448614252021
1512.0188308400254,1512.0188308400254,1.0007129020824133,0.0005200305921728224
1512.0257752956388,1512.0257752956388,0.9990616342355663,0.0005199519802456207
1512.0327197512063,1512.0327197512063,0.9996884018689196,0.0005198378273361643
1512.0396642067735,1512.0396642067735,0.9988286684355938,0.0005202841071350042
1512.0466086622473,1512.0466086622473,1.0002277877678092,0.0005201532521236298
1512.0535531177331,1512.0535531177331,0.9999875620682441,0.0005202701328430637
1512.0604975731487,1512.0604975731487,1.000372412009584,0.0005200628243147484
1512.06744202853,1512.06744202853,0.9997506554233746,0.0005198915736617016
1512.0743864838994,1512.0743864838994,1.0007107387875591,0.0005202634713201347
1512.08133093921,1512.08133093921,0.9998168089787349,0.0005199183438732417
1512.0882753944977,1512.0882753944977,0.9999531645339765,0.0005198453817131081
1512.0952198497268,1512.0952198497268,1.0003052241952368,0.0005204868859365189
1512.1021643049332,1512.1021643049332,1.0001639063005023,0.0005204798358648436
1512.1091087600932,1512.1091087600932,0.9996709564383821,0.0005204395000897814
1512.1160532152178,1512.1160532152178,0.9995194411728111,0.000519971086711394
1512.1229976703078,1512.1229976703078,0.9995770226816759,0.000520377447832394
1512.1299421253507,1512.1299421253507,1.0004530877163396,0.0005204298747442682
1512.1368865803593,1512.1368865803593,1.0004821624143818,0.0005202491587486419
1512.1438310353444,1512.1438310353444,1.0005087597496962,0.0005202243239455456
1512.1507754902827,1512.1507754902827,0.999314155265085,0.0005199897056835796
1512.1577199451633,1512.1577199451633,0.9993932118659913,0.0005199754016469994
1512.1646644000202,1512.1646644000202,1.000044158151649,0.0005212507154240029
1512.1716088548421,1512.1716088548421,1.0002989420758195,0.0005204887419972934
1512.1785533096177,1512.1785533096177,1.0004385169666432,0.0005202476271916639
1512.1854977643695,1512.1854977643695,0.9997566796097249,0.0005204684155051562
1512.192442219064,1512.192442219064,0.9999003871069467,0.0005202786735276614
1512.1993866737462,1512.1993866737462,1.0004590994160254,0.0005203615597078924
1512.206331128359,1512.206331128359,1.0000308572679573,0.0005207411250139936
1512.2132755829477,1512.2132755829477,0.9999264677821458,0.0005201039922026131
1512.2202200375023,1512.2202200375023,0.9999374513184364,0.0005201302136031233
1512.2271644920102,1512.2271644920102,0.9998110685003878,0.0005204660628535609
1512.2341089464942,1512.2341089464942,1.0004419557712947,0.0005202728875907104
1512.241053400921,1512.241053400921,0.9998608124369314,0.000520136488144674
1512.2479978553233,1512.2479978553233,1.0008138210482227,0.0005204184875389524
1512.2549423096916,1512.2549423096916,1.0000542260674545,0.0005203301873946494
1512.2618867640017,1512.2618867640017,0.9997176583311514,0.0005203965677809632
1512.2688312182768,1512.2688312182768,1.000316776850976,0.0005204873134625924
1512.2757756725282,1512.2757756725282,0.9989095170186358,0.0005200245677518288
1512.2827201267216,1512.2827201267216,0.9999379337666419,0.000520074708308633
1512.2896645808803,1512.2896645808803,0.9997401102578397,0.0005203779969174296
1512.2966090350153,1512.2966090350153,1.0002504004606068,0.0005205153629547116
1512.303553489092,1512.303553489092,1.0001380603489607,0.0005205992158936344
1512.3104979431464,1512.3104979431464,1.000670069799917,0.000520558113016899
1512.317442397153,1512.317442397153,0.9998725242221408,0.0005201371825865113
1512.3243868511258,1512.3243868511258,1.0002526295590413,0.000520286402583822
1512.3313313050512,1512.3313313050512,0.9999434788383305,0.0005209927375940389
1512.338275758942,1512.338275758942,0.9997111043466228,0.000520191516328661
1512.345220212798,1512.345220212798,0.9998640796455576,0.0005202185161372983
1512.3521646666184,1512.3521646666184,0.9997559452137035,0.0005202061301255265
1512.3591091203932,1512.3591091203932,1.0000636604990967,0.0005202429779982969
1512.3660535741205,1512.3660535741205,0.9995969491764611,0.0005199909353917836
1512.372998027802,1512.372998027802,1.0003800441693393,0.000520117396451536
1512.3799424814715,1512.3799424814715,1.000377049004967,0.0005200541181171901
1512.3868869350827,1512.3868869350827,1.0005427261886326,0.0005203679788461034
1512.3938313886592,1512.3938313886592,0.9994023826934333,0.000520060992832953
1512.4007758422008,1512.4007758422008,1.0000620819627715,0.0005199195234179977
1512.4077202957071,1512.4077202957071,0.9992665960662093,0.0005199261689176727
1512.4146647491557,1512.4146647491557,1.0000041013659817,0.0005200141523161651
1512.4216092025808,1512.4216092025808,1.0005493858262586,0.0005201126379240253
1512.4285536559594,1512.4285536559594,0.999841332907863,0.0005203477384460259
1512.4354981093027,1512.4354981093027,1.0007532170030147,0.000520436840931223
1512.4424425626,1512.4424425626,0.9998772343246936,0.0005200923922471322
1512.44938701585,1512.44938701585,1.000364338195731,0.0005203252815082635
1512.456331469101,1512.456331469101,0.9996483174053085,0.0005202682155011035
1512.4632759222582,1512.4632759222582,0.9995489443650236,0.0005203100884654157
1512.4702203754036,1512.4702203754036,0.9999186393256242,0.0005203214171988279
1512.4771648285032,1512.4771648285032,0.9997729984976864,0.0005201421846039793
1512.4841092815673,1512.4841092815673,1.0001374840008581,0.0005206764233022899
1512.4910537345734,1512.4910537345734,1.0005352616093415,0.0005203148860940163
1512.4979981875672,1512.4979981875672,0.9994601009797804,0.000520026804579099
1512.5049426405153,1512.5049426405153,0.999429689103844,0.0005202827453937649
1512.5118870934161,1512.5118870934161,1.0003634850523568,0.0005203153669472367
1512.518831546271,1512.518831546271,1.0003953410800888,0.0005202061644652146
1512.5257759990793,1512.5257759990793,0.9998484102014172,0.0005204627748897538
1512.5327204518758,1512.5327204518758,0.9998928316366584,0.000520554351771256
1512.5396649046136,1512.5396649046136,0.9999996263786125,0.0005201226850319892
1512.546609357317,1512.546609357317,1.0005378177938122,0.0005201082710211222
1512.5535538099743,1512.5535538099743,0.9999936261612925,0.0005200380376718567
1512.5604982626191,1512.5604982626191,0.9996984166864662,0.0005199855195156027
1512.567442715171,1512.567442715171,1.000496438033831,0.0005202960005465224
1512.5743871677114,1512.5743871677114,0.9990536643202323,0.0005197386706241964
1512.5813316202164,1512.5813316202164,1.0006644689376496,0.0005202559559038646
1512.5882760726754,1512.5882760726754,1.0000789152864356,0.0005203914526519264
1512.595220525088,1512.595220525088,0.9999575077184979,0.0005199729214580776
1512.602164977465,1512.602164977465,0.9994720498593525,0.000519965803705242
1512.6091094297844,1512.6091094297844,1.0000484680903683,0.0005201558408279811
1512.6160538821032,1512.6160538821032,1.000027709362979,0.0005200048455532347
1512.6229983343526,1512.6229983343526,0.9999852297654787,0.0005200063168038451
1512.6299427865783,1512.6299427865783,1.0000408397199294,0.0005198226384358548
1512.6368872387466,1512.6368872387466,1.0005549173978159,0.0005202831356850109
1512.6438316908793,1512.6438316908793,0.9996065012025147,0.0005202009348396525
1512.6507761429657,1512.6507761429657,1.000103843878843,0.0005212137637373947
1512.6577205950284,1512.6577205950284,1.000380331711637,0.0005200747143487806
1512.6646650470334,1512.6646650470334,0.9999356252325565,0.0005202362570403334
1512.6716094990034,1512.6716094990034,0.9996202336210759,0.0005200664563534315
1512.6785539509267,1512.6785539509267,0.9997351434425117,0.0005198627495238167
1512.6854984028034,1512.6854984028034,0.9996533139952135,0.0005201527135226707
1512.6924428546686,1512.6924428546686,1.0007448444211018,0.0005203480422754092
1512.6993873064634,1512.6993873064634,1.000421703146261,0.0005202588152109634
1512.7063317582356,1512.7063317582356,0.9997412522937659,0.0005202458727846243
1512.713276209961,1512.713276209961,1.0003099389384436,0.0005202875303479773
1512.7202206616282,1512.7202206616282,1.0001658732172627,0.000520212859481683
1512.7271651132723,1512.7271651132723,1.000361515755237,0.0005201315903519725
1512.7341095648694,1512.7341095648694,1.0000055459772719,0.0005206141256550248
1512.7410540164317,1512.7410540164317,0.9991641031224454,0.0005198433702628506
1512.747998467948,1512.747998467948,0.9997614389162391,0.0005201412519775666
1512.754942919406,1512.754942919406,1.0000811231582025,0.0005199145613570837
1512.7618873708514,1512.7618873708514,1.0007392713406829,0.000520295037111347
1512.768831822228,1512.768831822228,0.9999229139651907,0.0005198394959375892
1512.7757762735805,1512.7757762735805,0.9998984757175979,0.0005199221846243581
1512.782720724887,1512.782720724887,1.0000367269540216,0.0005201323090383979
1512.7896651761469,1512.7896651761469,1.0002069089624268,0.0005201478411466042
1512.796609627383,1512.796609627383,0.9992775940323833,0.0005201097043974494
1512.8035540785381,1512.8035540785381,1.0003019693052386,0.0005201282579620993
1512.810498529693,1512.810498529693,1.0001761740961832,0.0005205240090809521
1512.8174429808018,1512.8174429808018,0.9995531121576613,0.0005200268770311669
1512.8243874318516,1512.8243874318516,1.00047733296001,0.0005205926542503991
1512.8313318828673,1512.8313318828673,0.9996017044637092,0.0005201506172349102
1512.8382763338354,1512.8382763338354,1.0004701828155063,0.0005203294757128187
1512.8452207847695,1512.8452207847695,0.9997984307596897,0.0005200840539139695
1512.8521652356337,1512.8521652356337,1.0004022588446493,0.0005202784910298703
1512.8591096864973,1512.8591096864973,0.9993041443817056,0.0005201817036263506
1512.8660541372915,1512.8660541372915,0.9998564601372877,0.0005200916678500983
1512.872998588062,1512.872998588062,1.0003962757193208,0.0005204574541538752
1512.879943038775,1512.879943038775,0.99984175452049,0.0005201830199949725
1512.8868874894526,1512.8868874894526,1.0002922129129144,0.0005203084105834605
1512.8938319400836,1512.8938319400836,1.0002284509286545,0.0005202143559254917
1512.9007763906916,1512.9007763906916,0.9996253088497529,0.0005198867898944953
1512.9077208412177,1512.9077208412177,1.0002314132921901,0.0005201313024236204
1512.9146652917211,1512.9146652917211,0.9996699346784965,0.0005203479493693566
1512.9216097421888,1512.9216097421888,0.9997207222020561,0.0005203704902506996
1512.9285541926106,1512.9285541926106,1.0004959789081822,0.0005199988388824803
1512.9354986429855,1512.9354986429855,0.9996005908195539,0.0005201291803626694
1512.942443093314,1512.942443093314,1.000330406780265,0.0005202442301782131
1512.949387543596,1512.949387543596,1.000224890206003,0.0005201167824459271
1512.9563319938545,1512.9563319938545,0.999899122086245,0.0005203288086962128
1512.9632764440667,1512.9632764440667,0.9998109167097642,0.0005199970667574984
1512.9702208942203,1512.9702208942203,0.9995984378090522,0.0005199080754045152
1512.977165344339,1512.977165344339,1.0006140045765548,0.0005202903524965352
1512.9841097944113,1512.9841097944113,0.9999329496568858,0.0005201082113915353
1512.9910542444604,1512.9910542444604,0.9997210302129949,0.0005199664449226652
1512.9979986944395,1512.9979986944395,1.0000402396667183,0.0005200897751092453
1513.004943144384,1513.004943144384,1.0000825559071718,0.0005200216028083769
1513.011887594282,1513.011887594282,1.0001616184413784,0.0005200254532500672
1513.0188320441441,1513.0188320441441,1.000413522263488,0.0005200198369332127
1513.0257764939606,1513.0257764939606,1.000386600933173,0.0005204805539440595
1513.03272094373,1513.03272094373,0.9992023762672222,0.0005204224130703871
1513.0396653934763,1513.0396653934763,0.9994537661448867,0.0005202883732091702
1513.0466098431416,1513.0466098431416,1.00015862502804,0.0005200559379469757
1513.0535542927832,1513.0535542927832,0.9999790558650954,0.0005203224215384771
1513.0604987423778,1513.0604987423778,1.0001641099443321,0.0005203078546356767
1513.0674431919379,1513.0674431919379,0.9996405553416023,0.0005198944518095332
1513.0743876414404,1513.0743876414404,0.99990868381529,0.0005200114222406899
1513.0813320909185,1513.0813320909185,1.0004282712880577,0.0005202040355899645
1513.0882765403276,1513.0882765403276,1.0000233816581958,0.0005200126847372487
1513.095220989701,1513.095220989701,1.0009697390805237,0.0005205609266379339
1513.1021654390283,1513.1021654390283,1.0000803827872606,0.0005207433683252782
1513.1091098883317,1513.1091098883317,1.0002941930055655,0.0005203631492802451
1513.1160543375781,1513.1160543375781,1.0003796369699909,0.0005203210496128802
1513.1229987867657,1513.1229987867657,0.999683649370167,0.0005197972207579331
1513.1299432359067,1513.1299432359067,0.9996183080095195,0.0005205049396467003
1513.136887685024,1513.136887685024,0.9997098853159606,0.0005202833321543818
1513.143832134107,1513.143832134107,0.9997143909275122,0.0005204241068738176
1513.1507765831316,1513.1507765831316,0.9999868606170151,0.0005202948564993494
1513.1577210320982,1513.1577210320982,1.0000313595175827,0.0005207020904757749
1513.164665481041,1513.164665481041,0.9997734521650277,0.0005201121617692289
1513.1716099299144,1513.1716099299144,1.0002237573001174,0.0005201803381072744
1513.1785543787876,1513.1785543787876,1.0003128989168169,0.0005202613589347261
1513.1854988275675,1513.1854988275675,1.0000156700974465,0.0005199592409311194
1513.1924432763126,1513.1924432763126,1.0001920879017259,0.0005202648547757202
1513.1993877250347,1513.1993877250347,0.9999347715892007,0.0005200254526012571
1513.2063321736982,1513.2063321736982,0.9999912944511848,0.000520090275498507
1513.2132766223153,1513.2132766223153,1.0002735218338814,0.0005200284814539531
1513.2202210708858,1513.2202210708858,0.999655413901382,0.0005202281519814014
1513.2271655194218,1513.2271655194218,1.000142664217743,0.0005204408880798662
1513.2341099679106,1513.2341099679106,1.0005143661425298,0.0005202280208590108
1513.2410544163415,1513.2410544163415,0.9992620508737037,0.0005199650732187635
1513.2479988647378,1513.2479988647378,0.9993925317350858,0.0005197920157344327
1513.254943313075,1513.254943313075,0.9999914980214214,0.0005200944818175496
1513.2618877613895,1513.2618877613895,1.0006278044774226,0.0005201043273740753
1513.2688322096458,1513.2688322096458,0.9998505327840956,0.0005200887442589791
1513.2757766578557,1513.2757766578557,1.0001280415923033,0.0005202212719792365
1513.2827211060182,1513.2827211060182,1.000271283201518,0.000520357555347407
1513.2896655541356,1513.2896655541356,0.9997610760536227,0.0005197390673480423
1513.2966100022163,1513.2966100022163,1.0007531321498586,0.0005203779222918582
1513.3035544502402,1513.3035544502402,1.0000039649454915,0.0005202073603809945
1513.3104988982402,1513.3104988982402,0.9996474475598353,0.0005202566563567251
1513.317443346159,1513.317443346159,0.9992435138908246,0.0005199021663736092
1513.3243877940542,1513.3243877940542,1.0001807888368073,0.0005204198027321625
1513.3313322418799,1513.3313322418799,1.000261384227682,0.0005202738050311276
1513.3382766896823,1513.3382766896823,0.999568525406629,0.0005198178392922073
1513.345221137449,1513.345221137449,0.9994580375587423,0.0005199119219564018
1513.3521655851466,1513.3521655851466,1.0009409002995566,0.0005202061231436124
1513.3591100328092,1513.3591100328092,1.0000744995717503,0.0005200184281435518
1513.366054480425,1513.366054480425,1.0004544181630246,0.0005203433779824626
1513.372998927983,1513.372998927983,0.999961147531734,0.0005201849824022635
1513.3799433755055,1513.3799433755055,0.9994767845971542,0.00052021056479284
1513.38688782297,1513.38688782297,1.0001689402857699,0.0005199818243249061
1513.3938322704114,1513.3938322704114,1.0000675748553998,0.0005204273382233628
1513.4007767177948,1513.4007767177948,0.9999280149800734,0.0005197329853114463
1513.407721165108,1513.407721165108,0.9990800423495895,0.0005200303727738836
1513.414665612398,1513.414665612398,1.0004759096271718,0.0005207619826600833
1513.4216100596295,1513.4216100596295,1.0002965094436669,0.0005204338594053802
1513.4285545068265,1513.4285545068265,0.9998734976568793,0.000520692256126995
1513.4354989539647,1513.4354989539647,1.0004067891453141,0.0005202304086758959
1513.4424434010805,1513.4424434010805,0.9998487757619557,0.0005202460229465197
1513.4493878481142,1513.4493878481142,0.9995752476236455,0.000520127449809437
1513.4563322951133,1513.4563322951133,1.000243704393125,0.0005199276701291036
1513.4632767420774,1513.4632767420774,1.0002811515354608,0.0005202983737509902
1513.470221188983,1513.470221188983,0.9994743100975331,0.0005200916168192256
1513.477443413714,1513.477443413714,1.0002760923795369,0.0005199087643840392
1513.4854989720013,1513.4854989720013,1.0007411743247214,0.0005202944546403145
1513.4924434187672,1513.4924434187672,1.0005569601465445,0.0005202060263527072
1513.4993878654636,1513.4993878654636,1.0003225568554233,0.0005199906846846793
1513.506332312125,1513.506332312125,0.9993224548380566,0.0005200525707841114
1513.5132767587397,1513.5132767587397,0.9993841352625108,0.0005198111579689047
1513.520221205308,1513.520221205308,1.0001197004658855,0.0005202292564251396
1513.5271656518062,1513.5271656518062,0.9991320204110992,0.0005200756946586641
1513.5341100982816,1513.5341100982816,0.9999698606029858,0.0005200709693631534
1513.5410545447094,1513.5410545447094,1.0007759075623495,0.0005199943888149479
1513.54799899108,1513.54799899108,1.000217581677862,0.0005201542373791647
1513.5549434373922,1513.5549434373922,1.0001296382986078,0.0005201801931475399
1513.5618878836574,1513.5618878836574,1.0004186746694768,0.0005203558639433922
1513.5688323298884,1513.5688323298884,1.000116902286225,0.000519952953624366
1513.5757767760722,1513.5757767760722,0.9994179270024794,0.0005204868202602083
1513.582721222198,1513.582721222198,1.0002452136830948,0.0005202454983326934
1513.5896656682653,1513.5896656682653,0.9992997748988346,0.0005195869002223853
1513.5966101143101,1513.5966101143101,0.9997243283566354,0.0005198862596390452
1513.6035545602845,1513.6035545602845,1.0000815875385085,0.0005201162613376633
1513.610499006236,1513.610499006236,1.0002216086859332,0.0005203971106358734
1513.6174434520938,1513.6174434520938,0.9999109426893973,0.0005205168577855653
1513.6243878979287,1513.6243878979287,1.0002532176401142,0.0005209152826818812
1513.6313323437048,1513.6313323437048,1.0001065811225267,0.0005201491083991821
1513.6382767894586,1513.6382767894586,1.0004730675021105,0.0005201402109456493
1513.64522123513,1513.64522123513,1.0007088681295122,0.0005199663630777241
1513.6521656807788,1513.6521656807788,0.9992024034499367,0.0005200153206428677
1513.6591101263573,1513.6591101263573,0.9995995585412771,0.0005206366691363377
1513.6660545719012,1513.6660545719012,0.9997019630056994,0.0005202860069872543
1513.6729990173867,1513.6729990173867,0.9997640536679819,0.0005201363326296915
1513.6799434628142,1513.6799434628142,1.0000809750949176,0.0005201111228253384
1513.686887908218,1513.686887908218,1.0005147429931407,0.0005201256143143833
1513.6938323535524,1513.6938323535524,0.9996078809666178,0.000520500936456192
1513.7007767988282,1513.7007767988282,1.0005383859258976,0.0005205599902096903
1513.7077212440695,1513.7077212440695,1.0001973981734136,0.0005200683080505116
1513.7146656892521,1513.7146656892521,0.9994681562534451,0.0005200297293788492
1513.7216101344002,1513.7216101344002,1.0001433251941652,0.0005204959096970477
1513.7285545794784,1513.7285545794784,0.9996786857676572,0.0005200531837272509
1513.7354990245212,1513.7354990245212,0.9997679850041112,0.0005197897604470893
1513.742443469495,1513.742443469495,1.0006563566054039,0.0005202271863345352
1513.7493879144329,1513.7493879144329,0.999911001576591,0.000520357760559867
1513.756332359313,1513.756332359313,1.0001271003551668,0.0005202974276284305
1513.7632768041467,1513.7632768041467,0.9997495351099761,0.0005201263178833085
1513.7702212489223,1513.7702212489223,1.0000079018214558,0.0005201073590068132
1513.7771656936625,1513.7771656936625,1.0006963551486086,0.0005200534221563776
1513.7841101383449,1513.7841101383449,0.9999370168977194,0.0005206253863901181
1513.7910545829577,1513.7910545829577,0.9996410679050205,0.0005198872509300866
1513.7979990275464,1513.7979990275464,0.9996109885569189,0.0005201172820397386
1513.8049434720774,1513.8049434720774,0.9995418945745325,0.000520057809497176
1513.811887916562,1513.811887916562,1.00047689900095,0.000520069332451947
1513.8188323609647,1513.8188323609647,1.000240694122451,0.0005200601596084929
1513.825776805344,1513.825776805344,0.9997255142320913,0.0005201207805754719
1513.832721249654,1513.832721249654,1.0002455563679624,0.0005203492213311467
1513.839665693917,1513.839665693917,1.000269700151819,0.000520068010980227
1513.8466101381453,1513.8466101381453,0.9996539509277401,0.0005201616671055836
1513.853554582292,1513.853554582292,0.9996697889346805,0.0005200822124477786
1513.8604990264157,1513.8604990264157,0.9998299896941564,0.0005203670972684308
1513.8674434704574,1513.8674434704574,0.9994612941649763,0.0005203607184837392
1513.8743879144763,1513.8743879144763,0.9999938493621331,0.0005200848615101748
1513.8813323584366,1513.8813323584366,0.9999676782391017,0.00052018953392826
1513.8882768023157,1513.8882768023157,0.999818626326347,0.0005203797956170799
1513.8952212461832,1513.8952212461832,1.0006801187291763,0.0005204877418470457
1513.9021656899808,1513.9021656899808,0.9997678099472266,0.0005201001820264844
1513.9091101337197,1513.9091101337197,1.0005784616702424,0.0005202203640531563
1513.9160545774125,1513.9160545774125,1.0003682011649,0.0005203181286976639
1513.922999021059,1513.922999021059,0.9994655368083846,0.0005198314189413155
1513.9299434646352,1513.9299434646352,0.9993721107047058,0.0005199157249805831
1513.9368879081649,1513.9368879081649,0.999877688196938,0.0005197859607127392
1513.9438323516483,1513.9438323516483,0.9997693686452788,0.000519882117419375
1513.9507767950731,1513.9507767950731,1.0001958939090796,0.0005203671531719723
1513.957721238428,1513.957721238428,1.0004071770530065,0.0005202684978741181
1513.964665681772,1513.964665681772,1.000532182730364,0.0005201125944140974
1513.97161012501,1513.97161012501,0.999944741516584,0.0005202924979870892
1513.978554568226,1513.978554568226,1.0000867453298903,0.0005201657597617207
1513.9854990113831,1513.9854990113831,0.9998667019349312,0.0005201944983913148
1513.9924434544823,1513.9924434544823,1.0000294768865725,0.0005203592074113154
1513.999387897511,1513.999387897511,0.9997435853976665,0.0005201347166868959
1514.0063323405175,1514.0063323405175,0.9996806350693438,0.0005200575460085479
1514.0132767834643,1514.0132767834643,0.9994568015117024,0.000520239443821305
1514.0202212263425,1514.0202212263425,1.0006846777714153,0.0005205500333722627
1514.0271656691737,1514.0271656691737,0.9995345720325062,0.0005201680966153103
1514.0341101119589,1514.0341101119589,1.0028580926884434,0.0005204824883589295
1514.0410545546729,1514.0410545546729,0.999658489294881,0.0005199771749705073
1514.0479989973417,1514.0479989973417,1.0007343081895486,0.0005203003969778708
1514.0549434399404,1514.0549434399404,1.0001428817817095,0.0005205744933574304
1514.061887882504,1514.061887882504,0.9997785246067264,0.0005198721232869487
1514.0688323250088,1514.0688323250088,1.000687636115207,0.0005200388996605176
1514.075776767433,1514.075776767433,0.9993506955820634,0.0005209484740545708
1514.0827212098447,1514.0827212098447,1.0000927070664383,0.0005204693343342459
1514.0896656521757,1514.0896656521757,0.9997357105522111,0.0005199330406819794
1514.0966100944481,1514.0966100944481,1.0002060932666221,0.0005199787515588451
1514.1035545366738,1514.1035545366738,0.9999274421198608,0.0005199977331238184
1514.1202211977693,1514.1202211977693,1.0001895184686027,0.0005202419162011536
1514.127165639809,1514.127165639809,1.0004168620368312,0.0005203061664687654
1514.1341100817904,1514.1341100817904,0.999225324833161,0.0005199273613395258
1514.1410545237134,1514.1410545237134,0.9997283263408375,0.0005200044905745193
1514.147998965555,1514.147998965555,1.0006243485460957,0.0005202088530339121
1514.1549434073736,1514.1549434073736,0.9994679183267452,0.0005205842025654912
1514.161887849134,1514.161887849134,1.0005058328645051,0.0005204138539747358
1514.1688322908244,1514.1688322908244,0.9994320698525417,0.0005198571908061734
1514.1757767324564,1514.1757767324564,1.0002112258686258,0.0005201314118951321
1514.1827211740424,1514.1827211740424,0.9998282800792062,0.0005198688329569448
1514.189665615558,1514.189665615558,1.0002403817714065,0.0005202725767744632
1514.1966100570273,1514.1966100570273,1.0002713825511331,0.0005206513610372554
1514.2035544984265,1514.2035544984265,1.0000708823807125,0.0005205483923223246
1514.2104989397792,1514.2104989397792,1.000029149208545,0.0005204961034876147
1514.2174433810621,1514.2174433810621,1.0002127814175539,0.0005201746374128029
1514.2243878222985,1514.2243878222985,0.9997312847385913,0.0005202624429704007
1514.2313322634768,1514.2313322634768,0.9997795022260718,0.0005200317954652612
1514.2382767045965,1514.2382767045965,1.0000912936690418,0.0005199498311987628
1514.2452211456582,1514.2452211456582,0.9992384099684969,0.0005198978714628483
1514.252165586662,1514.252165586662,1.0005540488536404,0.0005201874821298524
1514.2591100275954,1514.2591100275954,0.9993085073914939,0.0005202723660518679
1514.266054468483,1514.266054468483,1.0005621932837965,0.0005203614890217391
1514.2729989092998,1514.2729989092998,0.9999502475533326,0.0005202757468719864
1514.2799433500707,1514.2799433500707,1.0006934280203883,0.0005201528979546396
1514.28688779076,1514.28688779076,1.0001178948854745,0.0005200625134041943
1514.2938322314262,1514.2938322314262,0.9998186170297461,0.0005202259987198598
1514.30077667201,1514.30077667201,1.0002630037148992,0.000520375711154799
1514.307721112548,1514.307721112548,0.9999519545502574,0.0005202139364347078
1514.3146655530043,1514.3146655530043,0.9994673725639774,0.0005201228890507723
1514.3216099934377,1514.3216099934377,0.9996923703653972,0.0005201827724357713
1514.3285544337657,1514.3285544337657,1.00027889182299,0.0005206016277697937
1514.3354988740593,1514.3354988740593,0.9997767760100414,0.0005203672367431248
1514.3424433142825,1514.3424433142825,0.9996774342954373,0.0005200125088636508
1514.3493877544597,1514.3493877544597,1.0004647151826425,0.0005205365701748798
1514.3563321945553,1514.3563321945553,1.0001733893904503,0.0005201363622038269
1514.3632766346159,1514.3632766346159,1.000039950217292,0.0005201798226756895
1514.3702210746064,1514.3702210746064,0.9999094563068347,0.0005206010794596029
1514.3771655145276,1514.3771655145276,0.9999209087552406,0.00052066134413331
1514.3841099544131,1514.3841099544131,1.0002319591812991,0.0005209048532562183
1514.3910543942177,1514.3910543942177,1.000343508746515,0.0005203687195830401
1514.397998833941,1514.397998833941,0.9997457990972034,0.0005205048522208621
1514.4049432736406,1514.4049432736406,0.9998019582779826,0.0005206899572875504
1514.4118877132587,1514.4118877132587,1.0000106176775834,0.000520210135295905
1514.4188321527956,1514.4188321527956,0.9995022801642126,0.0005198138824078034
1514.425776592309,1514.425776592309,0.9997343908289207,0.0005200456602538782
1514.4327210317406,1514.4327210317406,1.0007882460382422,0.0005202712312164034
1514.4396654711145,1514.4396654711145,1.0002714458615176,0.0005199646496031109
1514.4466099104302,1514.4466099104302,0.9998708058361689,0.0005202069433514428
1514.453554349664,1514.453554349664,1.000518291580934,0.0005200604114456619
1514.4604987888633,1514.4604987888633,1.0002844852977262,0.000519712206855307
1514.4674432279924,1514.4674432279924,1.0000082317242172,0.0005200939708471053
1514.4743876670516,1514.4743876670516,0.9995732957707381,0.0005200177722830982
1514.4813321060415,1514.4813321060415,1.0000936734141128,0.0005202645956448274
1514.4882765449843,1514.4882765449843,0.9999931459142684,0.0005204000491590656
1514.4952209838575,1514.4952209838575,1.000119529719789,0.0005206317293410508
1514.5021654226607,1514.5021654226607,1.0005184019754698,0.0005203857870552699
1514.5091098614175,1514.5091098614175,1.0000796837946075,0.0005203650001488989
1514.5160543001043,1514.5160543001043,0.9992378691749227,0.000520362033443015
1514.5229987387097,1514.5229987387097,0.9992505589751897,0.0005202805244225834
1514.5299431772569,1514.5299431772569,1.0000661813378784,0.0005201438237180385
1514.5368876157459,1514.5368876157459,1.0001565149224372,0.0005203367424288306
1514.5438320541764,1514.5438320541764,0.9990416153153465,0.00052010067885842
1514.5507764925374,1514.5507764925374,1.000469628741185,0.0005202080757204534
1514.557720930817,1514.557720930817,1.0002584516293562,0.0005204530070600877
1514.5646653690612,1514.5646653690612,1.0001600318793487,0.000519801650653224
1514.5716098072241,1514.5716098072241,1.0005937267774094,0.000520406036682439
1514.5785542453057,1514.5785542453057,0.9997765289083533,0.0005200050435278569
1514.5854986833524,1514.5854986833524,1.0001974932502837,0.0005201336087200733
1514.5924431213175,1514.5924431213175,0.9995775211957987,0.0005197694052540822
1514.5993875592244,1514.5993875592244,0.9996328661195151,0.0005198331254443596
1514.6063319970613,1514.6063319970613,1.0000993613860487,0.0005202477224513344
1514.6132764348288,1514.6132764348288,0.9996382563065012,0.0005200382459167214
1514.6202208725258,1514.6202208725258,0.9999768053127264,0.0005200633287597984
1514.6271653101533,1514.6271653101533,1.000495077340109,0.0005203633576195884
1514.634109747734,1514.634109747734,1.0003774582004883,0.0005201254032804356
1514.6410541852338,1514.6410541852338,0.9994807103017026,0.0005196458891912654
1514.647998622675,1514.647998622675,1.0003663773547609,0.0005201174587626106
1514.6549430600348,1514.6549430600348,0.9994967439970042,0.0005201763448400172
1514.661887497336,1514.661887497336,1.0005351328604832,0.0005202554572792937
1514.6688319345913,1514.6688319345913,0.9995833055994353,0.0005198080557795717
1514.6757763717526,1514.6757763717526,0.9999103460568373,0.0005200936540972164
1514.682720808845,1514.682720808845,1.0002641506143288,0.0005206295862752017
1514.6896652458786,1514.6896652458786,0.9996153925361208,0.0005199070712081894
1514.6966096828426,1514.6966096828426,1.000741167622852,0.0005203760358469487
1514.7035541197363,1514.7035541197363,0.9994050701978875,0.0005202523202782295
1514.7104985565609,1514.7104985565609,0.9992780331661588,0.0005203445478971354
1514.7174429933148,1514.7174429933148,1.0002093112997243,0.0005199759687286493
1514.7243874299998,1514.7243874299998,1.0001437996948765,0.0005201404395398021
1514.731331866626,1514.731331866626,1.000822533549862,0.0005201618742732598
1514.738276303159,1514.738276303159,1.0006481039653587,0.0005198422877426353
1514.745220739646,1514.745220739646,0.9998654425618941,0.0005203771040858436
1514.7521651760508,1514.7521651760508,0.9998031308871627,0.0005203192868474405
1514.7591096124092,1514.7591096124092,0.9995269301156853,0.0005203244597621001
1514.7660540486518,1514.7660540486518,0.9998238109081441,0.0005197407018650592
1514.7729984848472,1514.7729984848472,0.9999797963208461,0.0005195857233034714
1514.7799429209845,1514.7799429209845,0.9991800177820739,0.0005202191950171057
1514.786887357017,1514.786887357017,1.0008194426964452,0.0005198343208660222
1514.7938317930266,1514.7938317930266,0.999720328490891,0.0005199030879188152
1514.800776228931,1514.800776228931,1.0004563622451712,0.000519989728868075
1514.8077206647774,1514.8077206647774,1.000466782925296,0.000520189945776647
1514.8146651005654,1514.8146651005654,1.0001769105212819,0.0005201061592672987
1514.8216095362372,1514.8216095362372,0.9994386474695226,0.0005201825865639606
1514.8285539718738,1514.8285539718738,1.0004443666958374,0.0005201115990564681
1514.8354984074292,1514.8354984074292,0.9993373007367063,0.000520131588214662
1514.8424428429146,1514.8424428429146,1.000000458357912,0.0005207065113678476
1514.8493872783188,1514.8493872783188,0.9993308668310845,0.000519940581250608
1514.8563317136643,1514.8563317136643,1.0001391834341957,0.0005199216363029877
1514.8632761489173,1514.8632761489173,1.0011042711720388,0.0005201149183102036
1514.870220584088,1514.870220584088,0.9999186747022366,0.0005199911221421162
1514.877165019224,1514.877165019224,0.999756942673152,0.000520360075398262
1514.8841094542556,1514.8841094542556,1.0000215329742885,0.0005198790446408491
1514.8910538892287,1514.8910538892287,0.999478399987968,0.0005196509125470261
1514.897998324109,1514.897998324109,1.0009932368306724,0.0005202166157388665
1514.9049427589428,1514.9049427589428,0.9990997611776571,0.0005198111138146639
1514.9118871936826,1514.9118871936826,0.9998288181589814,0.0005201008103698169
1514.9188316283532,1514.9188316283532,1.0001022737402476,0.0005199576753935407
1514.9257760629425,1514.9257760629425,0.9999827148707533,0.000520063485759621
1514.9327204974732,1514.9327204974732,1.0002869601482778,0.0005206551682545396
1514.939664931911,1514.939664931911,0.9999564056204967,0.0005198658087377791
1514.9466093662788,1514.9466093662788,0.9999715135461777,0.000520306189447444
1514.953553800565,1514.953553800565,1.0000691613269086,0.0005203373200945228
1514.9604982347814,1514.9604982347814,1.0001366987490972,0.0005201857315576352
1514.9674426689169,1514.9674426689169,1.0002109764885618,0.0005198669031640798
1514.9743871029818,1514.9743871029818,0.999625269324895,0.0005201276664922098
1514.9813315369656,1514.9813315369656,1.0003292470456475,0.0005202987838807524
1514.9882759708678,1514.9882759708678,0.9993469376201627,0.0005199696354512889
1514.9952204047,1514.9952204047,1.0000297531288571,0.0005201844243743432
1515.0021648384507,1515.0021648384507,1.000136751884369,0.0005201799918342304
1515.00910927212,1515.00910927212,1.0003248852593265,0.0005198398585634352
1515.016053705708,1515.016053705708,0.9998188862955271,0.0005197857888198487
1515.0229981392258,1515.0229981392258,1.0003237610317017,0.0005201465800020668
1515.0299425726394,1515.0299425726394,0.9997516639379883,0.0005201157034559769
1515.0368870060174,1515.0368870060174,0.9992319290155715,0.0005200926918639519
1515.0438314393025,1515.0438314393025,1.0001032733553696,0.0005199576092150385
1515.0507758724948,1515.0507758724948,1.000525753466271,0.0005204584553641755
1515.0577203056057,1515.0577203056057,1.0011592372745681,0.0005203667874024577
1515.0646647386461,1515.0646647386461,0.9998257181944952,0.0005197696588089001
1515.0716091716054,1515.0716091716054,0.9996394513126102,0.0005197214444273267
1515.0785536044716,1515.0785536044716,0.9990956103856122,0.0005200221269982131
1515.0854980372792,1515.0854980372792,1.0000225328218684,0.000519888728774676
1515.0924424699822,1515.0924424699822,0.9998689423158582,0.0005200836228799866
1515.0993869026158,1515.0993869026158,0.9998804955557221,0.0005201137258408683
1515.1063313351674,1515.1063313351674,1.0002298712081017,0.000520350799196323
1515.1132757676378,1515.1132757676378,1.0007319529215288,0.0005202172223072494
1515.1202202000263,1515.1202202000263,0.9997841181597014,0.0005202245037005018
1515.127164632334,1515.127164632334,1.0002597824994752,0.0005202105187832329
1515.1341090645478,1515.1341090645478,0.9995685543448107,0.0005200742172534443
1515.1410534966928,1515.1410534966928,0.9996712082070379,0.0005203100226429206
1515.147997928743,1515.147997928743,0.9997820479805481,0.0005197397748924359
1515.1549423607134,1515.1549423607134,1.000350974097341,0.0005207137661562435
1515.1618867925783,1515.1618867925783,1.000702194241533,0.0005204841604361463
1515.168831224385,1515.168831224385,0.9990953997261327,0.0005204868006086249
1515.1757756560867,1515.1757756560867,0.9998809662838521,0.0005203989416777362
1515.1827200877303,1515.1827200877303,1.000656294289409,0.0005203110511552869
1515.1896645192815,1515.1896645192815,1.000508371675454,0.0005202449692748202
1515.1966089507382,1515.1966089507382,0.9996289989169126,0.0005199532165907616
1515.2035533821145,1515.2035533821145,0.9998590483283509,0.0005200415770504222
1515.2104978133973,1515.2104978133973,1.0001845224733854,0.000519970790759285
1515.2174422445983,1515.2174422445983,0.9995770898190047,0.0005200795150753334
1515.224386675695,1515.224386675695,1.0001120400042522,0.0005199339946501051
1515.2313311067453,1515.2313311067453,0.9993030999097045,0.0005199473829121824
1515.2382755376786,1515.2382755376786,1.0005374803249492,0.0005201625029093484
1515.2452199685076,1515.2452199685076,1.0000101636168996,0.0005199566203792477
1515.2521643992782,1515.2521643992782,0.9999400918702996,0.0005202576632502841
1515.2591088299673,1515.2591088299673,1.0006635958446863,0.000520487895326345
1515.2660532605516,1515.2660532605516,1.000119121411651,0.0005202661329488647
1515.2729976910432,1515.2729976910432,0.999544748754795,0.0005200368393113552
1515.2799421214406,1515.2799421214406,0.9998231068534782,0.0005200758271589406
1515.2868865517692,1515.2868865517692,1.0002006748518693,0.0005202068801835808
1515.2938309820042,1515.2938309820042,0.9996211929527489,0.0005199295880998197
1515.3007754121231,1515.3007754121231,1.0004395392352825,0.0005201675369331588
1515.307719842172,1515.307719842172,0.9999865179870966,0.0005200525739546306
1515.314664272139,1515.314664272139,1.0001676418562866,0.0005204659387174752
1515.32160870199,1515.32160870199,0.9996355213637604,0.0005204527233791133
1515.3285531317592,1515.3285531317592,1.0002920892905824,0.0005202526347823602
1515.3354975614475,1515.3354975614475,0.9992888438829161,0.0005198192371887069
1515.3424419910189,1515.3424419910189,0.9993758827093352,0.0005198174380342763
1515.3493864205207,1515.3493864205207,1.0005757659068009,0.0005199620631409753
1515.3563308499058,1515.3563308499058,1.0005619294142334,0.0005205216844407729
1515.3632752792214,1515.3632752792214,1.0001713889287511,0.00052038288883409
1515.3702197084317,1515.3702197084317,0.9996597757773598,0.0005199867748142431
1515.3771641375379,1515.3771641375379,1.0003639967325657,0.0005203019455951575
1515.384108566574,1515.384108566574,1.0001081002600007,0.0005199658481155608
1515.391052995505,1515.391052995505,0.9996117264911349,0.0005198432128905422
1515.3979974243432,1515.3979974243432,0.9998508750226026,0.0005196834817312856
1515.4049418530765,1515.4049418530765,1.0000710572797986,0.0005202837927787331
1515.4118862817168,1515.4118862817168,0.999908259893636,0.0005202275060438972
1515.4188307102406,1515.4188307102406,1.0003563796258532,0.0005202243811783764
1515.425775138695,1515.425775138695,1.0002508564614003,0.0005203982572147537
1515.4327195670433,1515.4327195670433,0.9994994003331387,0.0005199424859417399
1515.4396639952997,1515.4396639952997,0.999690688332364,0.0005203463648109179
1515.4466084234512,1515.4466084234512,1.0003397294823708,0.0005201448711081225
1515.4535528515094,1515.4535528515094,0.9999238115979703,0.0005196149074353973
1515.4604972794507,1515.4604972794507,1.0000043520355892,0.0005196866242769187
1515.4674417073113,1515.4674417073113,0.9994592391932986,0.0005201798100382275
1515.4743861350664,1515.4743861350664,0.9997039011561689,0.0005196875467171249
1515.4813305627172,1515.4813305627172,1.0011706837616423,0.0005202776872279197
1515.4882749902747,1515.4882749902747,1.0000893004840694,0.000520436908707694
1515.495219417739,1515.495219417739,1.0002248793891466,0.0005197351169108299
1515.5021638450985,1515.5021638450985,0.9999747612900807,0.0005201895344157678
1515.5091082723302,1515.5091082723302,0.999290568951223,0.0005197639516105444
1515.516052699492,1515.516052699492,1.0003274734966074,0.0005201005201908795
1515.522997126514,1515.522997126514,1.0000077170119872,0.0005200272138977686
1515.5299415534778,1515.5299415534778,0.9997047374440683,0.0005196109345620016
1515.5368859803134,1515.5368859803134,1.0000316573761807,0.0005201559603242766
1515.5443859611812,1515.5443859611812,1.0001058960290545,0.000520246236024151
1515.552163718989,1515.552163718989,0.9999980652838609,0.0005200241106436953
1515.559108145499,1515.559108145499,0.999795821160801,0.000519779036213847
1515.5660525719038,1515.5660525719038,1.0004680649733186,0.0005200842691388193
1515.5729969981926,1515.5729969981926,0.9998162583270258,0.0005199952300036966
1515.5799414243768,1515.5799414243768,0.9996852632162184,0.0005201072137610549
1515.5868858504552,1515.5868858504552,1.000766117116056,0.000519721705797288
1515.5938302764298,1515.5938302764298,1.0000098350204425,0.0005201044539472458
1515.600774702311,1515.600774702311,0.9998389659922255,0.0005200574783578548
1515.6077191280524,1515.6077191280524,0.9992984724903027,0.0005198716452714508
1515.6146635537004,1515.6146635537004,0.9994999481131467,0.0005199538158419037
1515.6216079792443,1515.6216079792443,1.0003343304261834,0.0005198436590032025
1515.6285524046828,1515.6285524046828,1.0004045739185186,0.0005198773384943379
1515.6354968299818,1515.6354968299818,0.9999891576839733,0.0005197384373413109
1515.642441255211,1515.642441255211,1.000452527366998,0.0005202315660259963
1515.6493856803124,1515.6493856803124,1.0001600861639275,0.0005199731624493918
1515.6563301053088,1515.6563301053088,1.0000147008429665,0.0005195758992535743
1515.663274530189,1515.663274530189,0.9995357352184246,0.0005200745938635573
1515.6702189549524,1515.6702189549524,1.0007189059117436,0.0005204574725468936
1515.6771633795993,1515.6771633795993,0.9994277502443427,0.0005201223686712269
1515.6841078041302,1515.6841078041302,0.9993770747947718,0.0005198471307192495
1515.6910522285677,1515.6910522285677,1.0004264555980615,0.0005203126514101965
1515.6979966528775,1515.6979966528775,1.000061567786801,0.0005200759912806837
1515.7049410770705,1515.7049410770705,1.0001507629533615,0.0005199819376689163
1515.7118855011595,1515.7118855011595,0.9999445184925234,0.0005202045629767513
1515.718829925119,1515.718829925119,0.9990388731117592,0.0005197683057441952
1515.7257743489513,1515.7257743489513,1.0004253621592376,0.0005201576073966859
1515.7327187727024,1515.7327187727024,1.0001523570719437,0.0005198751038655619
1515.7396631963134,1515.7396631963134,1.0002653638591772,0.0005203858153122095
1515.7466076198082,1515.7466076198082,1.0003785651085635,0.0005199924121355489
1515.7535520431863,1515.7535520431863,1.0001435955706668,0.0005199822965220525
1515.760496466471,1515.760496466471,0.99981143553855,0.000520160066562233
1515.7674408895932,1515.7674408895932,0.9994944119720965,0.0005197676227318202
1515.7743853126224,1515.7743853126224,0.9995771202135707,0.0005194456599431498
1515.7813297355233,1515.7813297355233,0.9995947235798708,0.0005203460652735398
1515.7882741582962,1515.7882741582962,1.0005370799810884,0.0005199765423372576
1515.7952185809643,1515.7952185809643,1.0003652613759744,0.00052033957250607
1515.8021630035041,1515.8021630035041,1.000466853966874,0.0005199728764147116
1515.8091074259046,1515.8091074259046,1.0003111080923388,0.0005205213943675132
1515.8160518482116,1515.8160518482116,1.0004456497088183,0.0005200263774712544
1515.8229962703795,1515.8229962703795,0.9991383922071968,0.0005199563150144468
1515.8299406924302,1515.8299406924302,1.000191229964378,0.0005199545080435855
1515.8368851143418,1515.8368851143418,0.999873528560147,0.0005204095545804211
1515.8438295361486,1515.8438295361486,0.999730099324001,0.0005201154455348239
1515.8507739578154,1515.8507739578154,0.9994665327795793,0.0005201152985765866
1515.8577183793775,1515.8577183793775,0.9993126332148753,0.0005203457260873072
1515.8646628007766,1515.8646628007766,1.0010889653691135,0.0005204494133324174
1515.8716072220711,1515.8716072220711,1.0003092745327493,0.0005199371653443521
1515.8785516432372,1515.8785516432372,1.0004672015884335,0.0005199591039600997
1515.8854960642643,1515.8854960642643,0.9997362171828177,0.0005203687314526452
1515.892440485162,1515.892440485162,0.9998338420220696,0.0005199864037691547
1515.8993849059566,1515.8993849059566,1.0006101225424455,0.0005197901858940041
1515.9063293265872,1515.9063293265872,1.0003905128273285,0.0005199620066467438
1515.9132737471364,1515.9132737471364,0.9998396241636749,0.0005197283733945322
1515.9202181674877,1515.9202181674877,0.9993538444989237,0.0005198166833374053
1515.9271625877695,1515.9271625877695,1.000014105720079,0.0005196850902918047
1515.9341070078997,1515.9341070078997,1.000216001819125,0.0005199593054291836
1515.9410514278788,1515.9410514278788,0.9999764990384807,0.0005198846271378215
1515.9479958477527,1515.9479958477527,1.000135066008838,0.0005200207035458048
1515.9549402674754,1515.9549402674754,1.000063196740662,0.0005195517485752628
1515.9618846870703,1515.9618846870703,0.9994762454314895,0.0005197866788769931
1515.9688291065254,1515.9688291065254,1.0002508211202572,0.0005201225846523698
1515.9757735258406,1515.9757735258406,1.0006278982815684,0.0005203233139563597
1515.9827179450397,1515.9827179450397,0.9993854974509018,0.0005196208765104813
1515.989662364087,1515.989662364087,0.9996958732585552,0.0005200605343102959
1515.9966067829835,1515.9966067829835,1.000070531619148,0.0005200392854398187
1516.0035512017862,1516.0035512017862,1.0006180649138572,0.0005197114123736864
1516.010495620415,1516.010495620415,1.0002824257264833,0.0005201991829725617
1516.017440038927,1516.017440038927,0.9999446199871898,0.0005197874928356155
1516.024384457276,1516.024384457276,0.9996306317583569,0.0005194607127129265
1516.0313288755203,1516.0313288755203,1.0002240790871728,0.0005199578359057572
1516.0382732935784,1516.0382732935784,0.9995883923323587,0.0005196428262426257
1516.045217711532,1516.045217711532,1.0007116968025294,0.0005200966733601203
1516.052162129345,1516.052162129345,1.0004407263313564,0.0005197389440485779
1516.0591065470194,1516.0591065470194,1.0001803694257312,0.0005203355256877082
1516.0660509645415,1516.0660509645415,1.0000230289656198,0.0005197244080604095
1516.072995381925,1516.072995381925,1.0006706953919857,0.0005202396628570438
1516.079939799156,1516.079939799156,0.9990659454979323,0.0005196499513443302
1516.595215816543,1516.595215816543,1.000196284683247,0.0006237668372938807
1517.3663243227434,1517.3663243227434,0.999579256087265,0.0007420571703328765
1517.3743798822172,1517.3743798822172,0.9996404225749185,0.0007291826632113865
1517.3813243302895,1517.3813243302895,0.9984651896366312,0.0007181830033828544
1517.388268778653,1517.388268778653,0.9986799149010673,0.0007077524662783261
1517.3957687831537,1517.3957687831537,0.9988730145150445,0.000696931756811761
1517.4035465658858,1517.4035465658858,0.9992232986893462,0.0006862318122710767
1517.4104910150293,1517.4104910150293,1.0001618349682666,0.000677824242261257
1517.4174354643937,1517.4174354643937,1.0007106520710183,0.0006696359381639582
1517.424379913991,1517.424379913991,0.9995289067773285,0.000661908814927405
1517.431324363821,1517.431324363821,0.999814720941167,0.0006547556074696004
1517.4382688138728,1517.4382688138728,1.000232229983132,0.0006482389570559479
1517.4452132641338,1517.4452132641338,0.9992740529130467,0.0006419101409056132
1517.4521577146038,1517.4521577146038,1.0002751793306484,0.0006364565178809763
1517.4591021652843,1517.4591021652843,0.9997230478492879,0.0006310107710203877
1517.4660466161504,1517.4660466161504,0.9999059394772285,0.0006263751566826967
1517.4729910672147,1517.4729910672147,0.9998280148466595,0.0006217728641232198
1517.4799355184766,1517.4799355184766,0.9994998911753873,0.0006175049846129752
1517.4868799699252,1517.4868799699252,0.9997420689865736,0.0006131624468122639
1517.493824421583,1517.493824421583,1.0002472128362332,0.0006095906123829865
1517.5007688733806,1517.5007688733806,1.00106277083882,0.0006056573949274232
1517.5077133253762,1517.5077133253762,1.0004723157274,0.0006019472866504762
1517.5146577775233,1517.5146577775233,0.9998688555897666,0.0005984718975020036
1517.5216022298443,1517.5216022298443,0.998774934925694,0.0005951574927689963
1517.528546682329,1517.528546682329,1.0001129852055775,0.0005918342648457026
1517.5354911349882,1517.5354911349882,0.9998011088515891,0.0005889951823773551
1517.5424355877867,1517.5424355877867,1.0000149026125773,0.0005860641240779409
1517.549380040737,1517.549380040737,0.9999489191792044,0.0005835769715940752
1517.5563244938385,1517.5563244938385,1.0003904645900303,0.0005806472243410737
1517.56326894708,1517.56326894708,0.9999967321501876,0.0005782538134145312
1517.570213400472,1517.570213400472,1.000240138994637,0.0005758604709380827
1517.5771578540043,1517.5771578540043,0.999139590906162,0.0005733806106548812
1517.5841023076532,1517.5841023076532,1.0002532698806221,0.0005711681559477447
1517.5910467614528,1517.5910467614528,0.9998634680407701,0.0005690819278720399
1517.5979912153807,1517.5979912153807,0.9998492068466932,0.0005673144233488976
1517.6049356694252,1517.6049356694252,1.0002973094462826,0.0005651757947470812
1517.6118801235864,1517.6118801235864,1.0004578857255828,0.0005635897782070626
1517.618824577852,1517.618824577852,1.0004277833627704,0.0005617635597884122
1517.6257690322689,1517.6257690322689,1.0000859816590582,0.0005598698783169253
1517.6327134867904,1517.6327134867904,0.9993450824334292,0.0005584052095065998
1517.6396579414172,1517.6396579414172,1.0002062961511586,0.0005568183263780226
1517.6466023961716,1517.6466023961716,0.9995538171306177,0.000554953027243592
1517.6535468509962,1517.6535468509962,0.999563328014647,0.0005536087392199677
1517.6604913059368,1517.6604913059368,1.000247971751826,0.0005518976590010681
1517.667435760994,1517.667435760994,0.9999595738042755,0.0005503040910823841
1517.6743802161443,1517.6743802161443,0.999268056886596,0.0005486047211684857
1517.6813246713764,1517.6813246713764,1.0006513466065372,0.0005472900084226145
1517.6882691267247,1517.6882691267247,1.000543760794106,0.0005456645499373658
1517.6952135821311,1517.6952135821311,0.9997449737266454,0.0005439727955720774
1517.702158037654,1517.702158037654,1.0006429204474123,0.0005423419619814971
1517.7091024932467,1517.7091024932467,1.0001557422372014,0.0005409468673060309
1517.7160469489327,1517.7160469489327,0.9997246732662385,0.00053962265202831
1517.7229914047,1517.7229914047,0.9997043929085458,0.0005376683497670988
1517.7299358605492,1517.7299358605492,0.9996942841828945,0.0005361567498339071
1517.7368803164795,1517.7368803164795,0.9999780175759316,0.0005346024669040058
1517.7438247724797,1517.7438247724797,0.9998571141638459,0.0005330494168510314
1517.7507692285612,1517.7507692285612,1.000029594028415,0.0005318074059236274
1517.757713684701,1517.757713684701,0.9999374230001441,0.0005302173682370593
1517.7646581409226,1517.7646581409226,1.0007516209509286,0.0005288857870997521
1517.7716025972138,1517.7716025972138,0.9999492833993306,0.0005275124190074129
1517.7785470535869,1517.7785470535869,0.999730040907458,0.0005255780855970106
1517.7854915099826,1517.7854915099826,1.000162999604569,0.000524138894162018
1517.7924359664598,1517.7924359664598,0.9997047072268399,0.0005226614474882179
1517.799380423019,1517.799380423019,0.9998451627098373,0.0005213850301951071
1517.806324879613,1517.806324879613,1.000612780209656,0.0005200027029581794
1517.8132693362768,1517.8132693362768,0.9999648084461971,0.0005186461942574422
1517.8202137930105,1517.8202137930105,0.9997192032327888,0.0005172928054508558
1517.827158249779,1517.827158249779,0.9996674849595661,0.0005160994695150423
1517.8341027066058,1517.8341027066058,1.0002986534314409,0.000515227681310323
1517.841047163502,1517.841047163502,0.9998694954001472,0.000513924810938227
1517.8479916203987,1517.8479916203987,1.0000487855146267,0.0005131576256553207
1517.8549360774123,1517.8549360774123,0.9997921573095521,0.0005118062481123462
1517.8618805344363,1517.8618805344363,1.000511582460107,0.0005113240510146784
1517.8688249915078,1517.8688249915078,1.000055887081399,0.0005101428108382622
1517.8757694486255,1517.8757694486255,1.0000831206376426,0.0005091780957487514
1517.8827139058017,1517.8827139058017,0.9995629390247232,0.0005083332731260949
1517.8896583630005,1517.8896583630005,1.000450089014712,0.0005078861516081966
1517.896602820247,1517.896602820247,0.9994137272820737,0.0005068515332942138
1517.9035472775508,1517.9035472775508,1.0010074129686426,0.0005066062020240837
1517.9104917348782,1517.9104917348782,0.9990617873400238,0.0005058730242068987
1517.9174361922403,1517.9174361922403,0.9998356756804346,0.0005050449073487056
1517.9243806496493,1517.9243806496493,0.9996212771740824,0.0005046409285433521
1517.931325107093,1517.931325107093,1.000602340404146,0.0005044462123345435
1517.9385473428615,1517.9385473428615,1.0005988922821916,0.0005035531440544568
1517.9466029135808,1517.9466029135808,0.9998389024927347,0.0005029301538343915
1517.953547371118,1517.953547371118,0.9992932947919293,0.0005026326087239178
1517.9604918287014,1517.9604918287014,0.9998619178595465,0.0005021159524582104
1517.967436286308,1517.967436286308,1.000819792283718,0.0005018081849969455
1517.9743807439495,1517.9743807439495,1.0001948629735418,0.0005012497276500927
1517.981325201603,1517.981325201603,0.9993369375135235,0.0005007600534343306
1517.988269659303,1517.988269659303,1.0002105114641155,0.0005006137050895609
1517.9952141170143,1517.9952141170143,0.9998116008153837,0.0004999305202611463
1518.0021585747609,1518.0021585747609,1.0004679046200455,0.0004996491377898457
1518.0091030325189,1518.0091030325189,1.0001705464037944,0.0004990349723060155
1518.0160474903118,1518.0160474903118,0.9994586552446204,0.0004985389053970068
1518.0229919481167,1518.0229919481167,0.9998658802897502,0.0004983971893665776
1518.0299364059447,1518.0299364059447,0.9997206173167392,0.0004978950482990845
1518.036880863831,1518.036880863831,1.0005424127761713,0.0004976052488810718
1518.0438253216932,1518.0438253216932,0.9998150957912968,0.0004970780690398402
1518.0507697795797,1518.0507697795797,1.0001485389114784,0.0004967197923550213
1518.0577142375007,1518.0577142375007,0.99951249964195,0.0004962435613081264
1518.064658695433,1518.064658695433,1.000164397679053,0.00049570472349987
1518.0716031533777,1518.0716031533777,1.000572975628257,0.0004954928050991856
1518.0785476113338,1518.0785476113338,0.9996968064305571,0.0004946349399223616
1518.0854920693125,1518.0854920693125,1.0004507717631514,0.0004946867499715486
1518.0924365273036,1518.0924365273036,0.9999170116224072,0.0004940819060172184
1518.0993809853067,1518.0993809853067,0.9993899933699272,0.0004938344864737174
1518.1063254433318,1518.1063254433318,1.0001103245059464,0.0004932267412902248
1518.1132699013697,1518.1132699013697,1.0002802510412243,0.0004928904229970477
1518.120214359407,1518.120214359407,0.9991590862646389,0.000492463253351796
1518.1271588174677,1518.1271588174677,1.0002580332277178,0.000492027352264332
1518.1341032755286,1518.1341032755286,1.0013111167565998,0.0004918396853908309
1518.141047733601,1518.141047733601,1.0005613413986452,0.0004916100496123078
1518.1479921916964,1518.1479921916964,0.9996049091812823,0.0004908323183546203
1518.154936649769,1518.154936649769,0.9995700690817774,0.000490350225881696
1518.1618811078763,1518.1618811078763,0.9994771990089873,0.0004899273835990835
1518.1688255659951,1518.1688255659951,1.0001206256181459,0.0004899193537918444
1518.1757700241146,1518.1757700241146,1.0002112661832165,0.0004893884690236866
1518.1827144822332,1518.1827144822332,1.0006597337449288,0.0004889329758732197
1518.1896589403523,1518.1896589403523,0.9996569973456051,0.0004884212202093812
1518.1966033984713,1518.1966033984713,0.9995337294557338,0.0004881293171561865
1518.2035478566017,1518.2035478566017,1.0005806492332676,0.00048822324942264517
1518.2104923147672,1518.2104923147672,0.9993705521937214,0.00048763588819172117
1518.2174367728862,1518.2174367728862,0.9997179792067582,0.00048764698398200915
1518.2243812310514,1518.2243812310514,0.9999141546802424,0.0004875059968467259
1518.2313256891825,1518.2313256891825,1.0009030566053334,0.0004873550984653684
1518.2382701473598,1518.2382701473598,1.0002415149450719,0.0004872260085256442
1518.2452146054898,1518.2452146054898,1.0003717160353984,0.0004870158164572855
1518.2521590636559,1518.2521590636559,0.9997235857657844,0.0004868846693368888
1518.2591035218095,1518.2591035218095,1.000278137613549,0.00048669750601956877
1518.266881314926,1518.266881314926,0.9996797865127348,0.0004863871889037737
1518.2743813297525,1518.2743813297525,0.9995296799210254,0.00048690789033499287
1518.2813257878947,1518.2813257878947,0.9996572867961628,0.0004860549213540984
1518.2882702460488,1518.2882702460488,0.9997698976956031,0.00048628906896166043
1518.2952147042029,1518.2952147042029,1.0000325182402665,0.000485929910183682
1518.3021591623449,1518.3021591623449,1.000428941953675,0.0004857654564319236
1518.3096591771368,1518.3096591771368,0.999974267591312,0.00048533627538179837
1518.3174369702647,1518.3174369702647,1.0003767299393602,0.0004854003992370615
1518.3243814283837,1518.3243814283837,1.0003481145615516,0.00048502415636019
1518.331325886526,1518.331325886526,0.9996998860573143,0.00048479331696255946
1518.3382703446798,1518.3382703446798,0.9996256766096622,0.00048452362046594885
1518.3452148027989,1518.3452148027989,0.999528928876568,0.0004843232394308016
1518.3521592609181,1518.3521592609181,1.0003033270665904,0.00048425018579044047
1518.3591037190365,1518.3591037190365,1.0005732391979572,0.0004838051161674242
1518.3660481771326,1518.3660481771326,1.0004370218581804,0.00048360455600801296
1518.3729926352166,1518.3729926352166,0.9992570189904105,0.0004830788327020882
1518.3799370933352,1518.3799370933352,0.9997209178631239,0.0004834061659136253
1518.3868815514081,1518.3868815514081,1.00041338286471,0.0004829027844837308
1518.3938260095033,1518.3938260095033,0.9995875628059924,0.0004827667567929057
1518.4007704675755,1518.4007704675755,0.9994008234891968,0.0004825604251559931
1518.4077149256366,1518.4077149256366,1.0005883458114688,0.0004823233071529009
1518.4160482753098,1518.4160482753098,1.0005831889400938,0.00048222633616256414
1518.4229927333586,1518.4229927333586,1.0006622068323487,0.000482136191727749
1518.4299371913962,1518.4299371913962,1.0000573821699046,0.00048177570612973383
1518.436881649422,1518.436881649422,0.9989777727407884,0.00048144696661947783
1518.4438261074479,1518.4438261074479,1.0000475081594644,0.00048174435048791857
1518.45077056545,1518.45077056545,1.00053606141229,0.00048154234938000545
1518.4582705800908,1518.4582705800908,0.9994137422060791,0.0004811380709659996
1518.4660483730327,1518.4660483730327,0.9997838981487787,0.0004814503258439316
1518.4729928310119,1518.4729928310119,0.9999125682169874,0.0004812735050069718
1518.4799372889795,1518.4799372889795,1.0001944480729001,0.00048125850521254685
1518.4868817469473,1518.4868817469473,0.9999952333392523,0.0004811874611062313
1518.4938262048913,1518.4938262048913,0.9996590516231766,0.00048108285504058827
1518.5007706628244,1518.5007706628244,1.0001928561446414,0.00048096584001209826
1518.5077151207454,1518.5077151207454,1.0004157752852216,0.00048114097551954494
1518.5146595786543,1518.5146595786543,1.0000250563715416,0.0004807050095569283
1518.5216040365526,1518.5216040365526,0.9998071754374924,0.0004809811515967061
1518.5285484944266,1518.5285484944266,1.0000962029906164,0.00048088302217694153
1518.5354929522894,1518.5354929522894,0.9999828470711656,0.0004808245954970776
1518.5424374101758,1518.5424374101758,1.0005267181745003,0.00048114827497744124
1518.5493818680038,1518.5493818680038,0.9999271456976928,0.0004809605128898769
1518.5563263258314,1518.5563263258314,0.999616638785799,0.00048066088237590563
1518.5632707836596,1518.5632707836596,0.9992571958224763,0.00048088522165883236
1518.570215241441,1518.570215241441,1.000129949528749,0.0004808580117185491
1518.5771596992338,1518.5771596992338,0.9997394286322491,0.0004808112132007364
1518.5841041570036,1518.5841041570036,1.001201724542419,0.00048073934748042594
1518.5910486147618,1518.5910486147618,1.0002054860656595,0.0004808843223775775
1518.5979930725082,1518.5979930725082,0.9997769542221457,0.00048078643536340145
1518.6049375302425,1518.6049375302425,0.9995480784382919,0.0004807338394839363
1518.6118819879425,1518.6118819879425,1.0000685360096888,0.0004808813651111969
1518.6188264456543,1518.6188264456543,0.9995021371260051,0.00048074061026196207
1518.6257709033305,1518.6257709033305,1.0000156480372744,0.00048080033046080453
1518.632715360996,1518.632715360996,0.9999621935856849,0.0004809635137811471
1518.6396598186373,1518.6396598186373,1.0004224085860325,0.00048110182630023917
1518.6466042762788,1518.6466042762788,0.9997419777490902,0.00048091265594344323
1518.6535487338856,1518.6535487338856,1.000772915972265,0.0004808731645087129
1518.6604931914926,1518.6604931914926,1.00003221328626,0.0004810203112011847
1518.6674376490641,1518.6674376490641,1.0001590107997866,0.0004809698103124632
1518.674382106636,1518.674382106636,0.9996141343197328,0.0004807729841251618
1518.6813265641727,1518.6813265641727,1.0003403698461348,0.0004806948286228224
1518.6882710217096,1518.6882710217096,0.9995378415179154,0.00048072270911389363
1518.6952154792232,1518.6952154792232,0.999404224330075,0.000481020922905371
1518.7021599367133,1518.7021599367133,0.9999502871063731,0.00048065432447302544
1518.7091043941923,1518.7091043941923,1.0000309533927858,0.00048068550854765316
1518.7160488516477,1518.7160488516477,1.0011756969372478,0.00048075851249819
1518.7229933090916,1518.7229933090916,0.9995369428279386,0.00048064197184421
1518.7299377665117,1518.7299377665117,1.0007167796579397,0.0004808944583386784
1518.736882223921,1518.736882223921,1.0003063307372062,0.00048086517648930247
1518.7438266812946,1518.7438266812946,1.0006068442486922,0.000480855504194985
1518.7507711386684,1518.7507711386684,1.0000995921167133,0.0004808196314838295
1518.7577155960075,1518.7577155960075,0.9998264874657362,0.0004806237679324606
1518.7646600533465,1518.7646600533465,1.0001409732945705,0.00048094653085496
1518.7716045106386,1518.7716045106386,0.999325715291647,0.00048075120764139135
1518.778548967943,1518.778548967943,0.9995523681181707,0.0004806703392845273
1518.7854934251886,1518.7854934251886,0.9999524378253964,0.00048084718902911393
1518.7924378824343,1518.7924378824343,0.999665687899458,0.00048082885659340416
1518.7993823396803,1518.7993823396803,1.0001114746442066,0.00048062054428888254
1518.8063267968796,1518.8063267968796,1.0001141221781933,0.00048103852033348353
1518.8132712540787,1518.8132712540787,1.0001018410843265,0.00048083734721065554
1518.820215711243,1518.820215711243,1.000246604728693,0.0004808910260824642
1518.8271601683841,1518.8271601683841,1.0000284036526494,0.0004808229366629075
1518.8341046255139,1518.8341046255139,1.0003084320042923,0.00048069706828831135
1518.8410490826197,1518.8410490826197,1.0004436996418058,0.00048091781268770975
1518.8479935397024,1518.8479935397024,1.000278513394597,0.00048073909680935046
1518.854937996774,1518.854937996774,1.0000360293001507,0.0004808058936692569
1518.8618824538103,1518.8618824538103,0.9993726505474587,0.0004808556259392587
1518.8688269108345,1518.8688269108345,0.9993683636315186,0.0004808355298303997
1518.8757713678242,1518.8757713678242,0.9995231319563809,0.00048089018112830434
1518.882715824826,1518.882715824826,1.000056664440085,0.0004811280082377326
1518.8896602817804,1518.8896602817804,0.9999957329700795,0.0004809327085079279
1518.8966047387005,1518.8966047387005,1.000337757556944,0.000480800183490961
1518.9035491956204,1518.9035491956204,1.0005118600625857,0.0004808491212691909
1518.910493652505,1518.910493652505,0.9994273060479617,0.00048064836615115456
1518.9174381093903,1518.9174381093903,1.0004558534344246,0.0004809525972211178
1518.9243825662284,1518.9243825662284,0.9999236786041058,0.000480798378640737
1518.931327023055,1518.931327023055,1.0001697124934905,0.0004809171792876001
1518.9382714798587,1518.9382714798587,0.9999288481770975,0.00048092249197004245
1518.9452159366388,1518.9452159366388,1.0006422734131397,0.00048072881331686826
1518.9521603933958,1518.9521603933958,0.9995524976151773,0.00048080932441572113
1518.9591048501295,1518.9591048501295,0.999935784670248,0.00048065448086629807
1518.9660493068282,1518.9660493068282,0.999914098119995,0.0004807921765186822
1518.9729937635498,1518.9729937635498,0.9996832159687138,0.0004809013485225251
1518.9799382202139,1518.9799382202139,1.0004580928609819,0.0004811071549065978
1518.9868826768425,1518.9868826768425,0.99929202835824,0.0004807100388084818
1518.99382713346,1518.99382713346,0.999682399322363,0.0004807022882176106
1519.0007715900651,1519.0007715900651,0.9998630052760458,0.00048059864716300683
1519.0077160466358,1519.0077160466358,1.0012047974944889,0.0004809883825700878
1519.0146605031837,1519.0146605031837,1.0002381614027682,0.00048103527877059574
1519.0216049597188,1519.0216049597188,0.999805944147225,0.00048074196660815324
1519.0285494162194,1519.0285494162194,1.0002434936295184,0.0004807077053888543
1519.0354938726973,1519.0354938726973,0.9994189298702185,0.00048079389576488303
1519.0424383291631,1519.0424383291631,1.000053933119624,0.0004807809013402395
1519.049382785582,1519.049382785582,0.999736698529032,0.00048068222613940474
1519.0563272420015,1519.0563272420015,0.9999114863179145,0.0004807012636559225
1519.0632716983741,1519.0632716983741,1.0003138225778017,0.00048110486614610335
1519.0702161547467,1519.0702161547467,0.9997850359373122,0.00048082090150564907
1519.0771606110732,1519.0771606110732,1.000685174916344,0.00048094209427967233
1519.0841050673994,1519.0841050673994,0.9993599280189803,0.0004805476563407668
1519.091049523679,1519.091049523679,0.9991966757387365,0.00048071625468473403
1519.0979939799465,1519.0979939799465,0.9998942281575051,0.0004808363457740936
1519.1049384361913,1519.1049384361913,1.0003574394013814,0.000480915655253409
1519.1118828924014,1519.1118828924014,0.999873759633663,0.0004807793992405023
1519.1188273485873,1519.1188273485873,1.0005535271097206,0.00048104009496679703
1519.1257718047623,1519.1257718047623,0.9995704979625796,0.0004808244233556723
1519.1327162608907,1519.1327162608907,1.000315961861314,0.00048100671114014555
1519.1396607170186,1519.1396607170186,0.9998364920206357,0.00048068620370581884
1519.1466051731006,1519.1466051731006,1.0003003675362128,0.0004810086690338231
1519.1535496291824,1519.1535496291824,0.9995709158823691,0.000480899591346337
1519.1604940852055,1519.1604940852055,0.9996845953608193,0.0004810943115671814
1519.1674385412175,1519.1674385412175,0.9999212421890953,0.0004812407482749554
1519.174382997218,1519.174382997218,1.0005431434145973,0.00048102177919767534
1519.1813274531828,1519.1813274531828,0.9999429827817682,0.0004809583706554675
1519.188271909125,1519.188271909125,0.9999873638654911,0.0004811313196227355
1519.1952163650437,1519.1952163650437,0.999882029130913,0.00048088283714733655
1519.2021608209275,1519.2021608209275,1.0003659159159461,0.0004810007010559251
1519.2091052767996,1519.2091052767996,0.999419051240162,0.0004808445249172199
1519.2160497326367,1519.2160497326367,1.0000262786906047,0.00048077903736335495
1519.2229941884275,1519.2229941884275,1.0000235878366401,0.000480922957883459
1519.229938644218,1519.229938644218,1.0002386232178342,0.0004810183335743555
1519.2368831000088,1519.2368831000088,1.0003177707680868,0.00048071070049777635
1519.2438275557292,1519.2438275557292,0.9999538553768834,0.00048081015319283214
1519.2507720114504,1519.2507720114504,0.9995795714202445,0.0004807221209084236
1519.2577164671243,1519.2577164671243,0.9999953802156147,0.0004808254458619359
1519.2646609227752,1519.2646609227752,0.9997027111628757,0.0004808137874803391
1519.2716053784266,1519.2716053784266,0.9997278415600916,0.0004807489800854714
1519.2785498340304,1519.2785498340304,1.0007557608718318,0.00048105966964954067
1519.2854942896,1519.2854942896,0.9999599437866635,0.00048104986117846496
1519.2924387451696,1519.2924387451696,1.0001158817360847,0.00048083559502368276
1519.2993832006691,1519.2993832006691,1.0006090038915936,0.00048114223199624724
1519.3063276561802,1519.3063276561802,0.9997175259301084,0.00048082550879659247
1519.3132721116683,1519.3132721116683,1.0003078845308004,0.0004810895208109626
1519.3202165671214,1519.3202165671214,0.9991705923819847,0.0004808490422609257
1519.3271610225393,1519.3271610225393,0.9997789241894347,0.00048077931232614663
1519.334105477946,1519.334105477946,0.9998625354062189,0.0004810366735046367
1519.3410499333054,1519.3410499333054,0.9992990500319557,0.000480649800766603
1519.3479943886541,1519.3479943886541,1.0011899509761775,0.0004811704867478523
1519.3549388439671,1519.3549388439671,1.000354862511188,0.00048086978710662053
1519.3618832992686,1519.3618832992686,1.0003750987369697,0.00048098190099750795
1519.3688277545243,1519.3688277545243,0.9996131789315583,0.00048081910118714385
1519.3757722097673,1519.3757722097673,0.9997625510642878,0.00048089625880709736
1519.3827166649758,1519.3827166649758,0.9995991400205713,0.00048096099223579657
1519.3896611201615,1519.3896611201615,1.0001787284453152,0.00048095295744063165
1519.3966055753117,1519.3966055753117,1.000167361370638,0.00048076111774508507
1519.4035500304503,1519.4035500304503,0.9999895050337493,0.00048104074361678275
1519.4104944855542,1519.4104944855542,0.9995052547395901,0.00048091086724528126
1519.417438940623,1519.417438940623,1.0001274456317395,0.00048091109152514737
1519.4243833956687,1519.4243833956687,0.9998152030859574,0.0004807982794880281
1519.4313278507027,1519.4313278507027,1.000760122676332,0.00048123180807939576
1519.4382723056897,1519.4382723056897,1.0000659933607707,0.00048080374160420976
1519.4452167606541,1519.4452167606541,0.999802446153591,0.00048085505791266807
1519.4521612156063,1519.4521612156063,0.9998914866574538,0.0004810554981306622
1519.459105670524,1519.459105670524,1.0005200891762205,0.00048111812183510244
1519.4660501253952,1519.4660501253952,0.999955929238503,0.0004808474263749907
1519.472994580254,1519.472994580254,0.9990991851130797,0.00048055429209610594
1519.4799390350786,1519.4799390350786,0.99961855559499,0.0004808511447496096
1519.4868834898912,1519.4868834898912,1.0000916021030477,0.00048082716005313386
1519.4938279446574,1519.4938279446574,1.0003408019884648,0.00048100358642960814
1519.5007723994122,1519.5007723994122,1.000692538773055,0.00048127676377408477
1519.5077168541434,1519.5077168541434,1.0004736716488185,0.0004810399756205436
1519.5146613088277,1519.5146613088277,0.9997833437568305,0.0004810560629027615
1519.5216057635012,1519.5216057635012,1.0002887723189793,0.00048118796782397894
1519.5285502181273,1519.5285502181273,0.9991729775593822,0.00048078198152375697
1519.5354946727537,1519.5354946727537,1.000162445923948,0.00048089386282370255
1519.542439127334,1519.542439127334,0.9985635447789312,0.00048068870686227813
1519.5493835818902,1519.5493835818902,0.9995760496033206,0.0004809515615189006
1519.5563280364236,1519.5563280364236,1.0002670475200293,0.00048091902730652456
1519.5632724909224,1519.5632724909224,0.9999027713748599,0.0004808963624330029
1519.5702169453975,1519.5702169453975,1.0003357423407713,0.00048096045235894577
1519.5771613998377,1519.5771613998377,1.0006603564990255,0.0004810496938094016
1519.5841058542542,1519.5841058542542,0.9998390815871028,0.0004808329852168416
1519.5910503086482,1519.5910503086482,1.0001996187597109,0.0004807868756573663
1519.5979947629953,1519.5979947629953,0.9997634097523754,0.0004809711049974347
1519.6049392173304,1519.6049392173304,0.9998974784378882,0.00048083818580245684
1519.6118836716428,1519.6118836716428,1.0003483532138568,0.0004810541727818923
1519.6188281259197,1519.6188281259197,0.9995117258078483,0.00048083960527858793
1519.625772580162,1519.625772580162,1.0002640818791027,0.000480841736921815
1519.6327170343925,1519.6327170343925,0.9992450027900548,0.00048077966099744084
1519.6396614885882,1519.6396614885882,1.0002600270061057,0.0004808951672924546
1519.6466059427494,1519.6466059427494,1.000270538226032,0.0004810224289257847
1519.6535503968867,1519.6535503968867,1.0000732552531069,0.00048077738599044625
1519.6604948510007,1519.6604948510007,0.9996367414017368,0.00048091273087126987
1519.6674393050687,1519.6674393050687,1.000571873420267,0.0004809156320503439
1519.674383759113,1519.674383759113,0.9999071654706473,0.00048076488742639843
1519.6813282131575,1519.6813282131575,0.9996966541225543,0.0004806665123147421
1519.6882726671552,1519.6882726671552,0.9994789293903761,0.0004810584752312364
1519.6952171211065,1519.6952171211065,1.0008290138253824,0.0004810401576245204
1519.7021615750577,1519.7021615750577,0.9999315902208151,0.0004808858509754264
1519.7091060289742,1519.7091060289742,1.0005837309655652,0.0004809848865725802
1519.7160504828555,1519.7160504828555,0.9998582854199605,0.0004810165482226845
1519.7229949367022,1519.7229949367022,0.999480966448502,0.0004809127514238549
1519.7299393905253,1519.7299393905253,1.0003040248504977,0.0004810113738007036
1519.7368838443367,1519.7368838443367,0.9995822636529162,0.0004809631137642884
1519.743828298102,1519.743828298102,0.9996199778056344,0.0004810649327681493
1519.7507727518434,1519.7507727518434,1.0002557394349383,0.0004810960507650224
1519.7577172055503,1519.7577172055503,1.0002645150486067,0.0004812098462399935
1519.7646616592224,1519.7646616592224,1.0002196878326362,0.0004809431554108529
1519.7716061128824,1519.7716061128824,0.9999067362973317,0.0004807666096524779
1519.7785505665076,1519.7785505665076,1.0001367021511245,0.00048084249262633435
1519.7854950201097,1519.7854950201097,0.9997297999827574,0.0004811555042382473
1519.7924394736767,1519.7924394736767,0.9993848069031918,0.0004808031563039173
1519.7993839272208,1519.7993839272208,1.0005410270836141,0.0004809815935862529
1519.806328380718,1519.806328380718,0.999676936216663,0.0004809314973024092
1519.8132728342266,1519.8132728342266,1.000307559286007,0.00048098783722415995
1519.820217287654,1519.820217287654,1.000405710355482,0.0004809767743815872
1519.827161741093,1519.827161741093,0.9995417027114447,0.0004809084997132006
1519.8341061944855,1519.8341061944855,1.000463495395261,0.00048085582423653057
1519.8410506478547,1519.8410506478547,1.0002361324460336,0.00048100890368031927
1519.847995101189,1519.847995101189,0.9994846097418091,0.00048070745757559875
1519.8549395545,1519.8549395545,1.000243489758319,0.00048107734898680495
1519.8618840077759,1519.8618840077759,0.9994335867311944,0.00048073590960178586
1519.8688284610403,1519.8688284610403,1.0000471136436277,0.0004808211458309774
1519.8757729142585,1519.8757729142585,0.9999622053875529,0.0004809758030154418
1519.8827173674642,1519.8827173674642,1.0008642406914654,0.00048114130879045624
1519.8896618206359,1519.8896618206359,1.0001868249827937,0.00048080667950752
1519.8966062737488,1519.8966062737488,0.998984867481419,0.00048065329931834067
1519.903550726862,1519.903550726862,0.9997381747778785,0.00048098107504555165
1519.91049517994,1519.91049517994,1.000242876707,0.0004812740491409997
1519.9174396329831,1519.9174396329831,1.0002301888168748,0.0004811281809709288
1519.9249396422567,1519.9249396422567,1.0005303345030772,0.00048105318343795586
1519.932717429599,1519.932717429599,0.9998455786635908,0.0004809556993632393
1519.9396618825492,1519.9396618825492,0.9996018258498532,0.00048089256918065656
1519.9466063354757,1519.9466063354757,1.0000100961580818,0.00048087768518651234
1519.953550788356,1519.953550788356,1.000095058735014,0.0004808172505287202
1519.9604952412367,1519.9604952412367,0.9998196517790514,0.0004808990823282821
1519.9674396940934,1519.9674396940934,0.9995920235139417,0.0004805669999366936
1519.9743841469037,1519.9743841469037,0.9997161869324728,0.00048086728491465063
1519.9813285996793,1519.9813285996793,1.0002125521013454,0.0004807468326211119
1519.9882730524198,1519.9882730524198,1.001497734307289,0.0004812309318487501
1519.9952175051603,1519.9952175051603,0.9997630711445977,0.0004811350146273605
1520.0021619578542,1520.0021619578542,1.0005888291585792,0.0004808681047533081
1520.0091064105131,1520.0091064105131,1.000221682335059,0.000481003029708993
1520.016050863161,1520.016050863161,0.9993604316345476,0.0004807856299109066
1520.0229953157616,1520.0229953157616,1.0000619645299111,0.00048097950967110136
1520.0299397683507,1520.0299397683507,1.0003209174542902,0.0004809766145552942
1520.036884220882,1520.036884220882,0.9997298677282295,0.00048114217357594316
1520.0438286734009,1520.0438286734009,1.0002219948104392,0.0004809118119168776
1520.0507731258854,1520.0507731258854,0.9995307464463498,0.00048096960526385703
1520.0577175783467,1520.0577175783467,0.9992038527572502,0.0004809638812481029
1520.0646620307843,1520.0646620307843,1.0005715545119716,0.0004811752176125961
1520.0716064831756,1520.0716064831756,0.9995116757319729,0.0004809976927526628
1520.0785509355553,1520.0785509355553,1.000127753938902,0.0004810216083951128
1520.0854953879,1520.0854953879,1.0000345352938058,0.0004812728035440064
1520.0924398401983,1520.0924398401983,1.0009663008322447,0.00048126520202943364
1520.0993842924966,1520.0993842924966,1.000405795075332,0.000481152768818675
1520.1063287447478,1520.1063287447478,0.9996711355171393,0.00048110096813350456
1520.1132731969649,1520.1132731969649,0.9995717642048463,0.00048088924989350966
1520.1202176491697,1520.1202176491697,0.9997687626845286,0.0004809579442396943
1520.127162101328,1520.127162101328,1.0000518893540775,0.00048113851420325917
1520.1341065534634,1520.1341065534634,0.9999034273139292,0.00048096935264163576
1520.1410510055634,1520.1410510055634,0.9993271037212337,0.00048083922531769305
1520.147995457652,1520.147995457652,1.0005947361085814,0.00048120598030582367
1520.154939909706,1520.154939909706,0.9996723410016359,0.00048097798917840775
1520.1618843617243,1520.1618843617243,1.0009961521227484,0.0004811659205051667
1520.1688288137088,1520.1688288137088,1.0003462139729717,0.0004809626537065759
1520.1757732656572,1520.1757732656572,1.0000121028998699,0.000480896217093135
1520.1827177175944,1520.1827177175944,0.9990539621191458,0.0004807479968408188
1520.1896621694968,1520.1896621694968,0.9990424539214254,0.0004810327444810385
1520.1966066213643,1520.1966066213643,1.0003401552655837,0.0004810942333464066
1520.2035510731969,1520.2035510731969,1.000772168409312,0.00048119914864605697
1520.2104955250059,1520.2104955250059,1.0006534301285188,0.0004811119293380387
1520.2174399767919,1520.2174399767919,1.0002964435338266,0.00048103144081722775
1520.2243844285545,1520.2243844285545,0.9994045766414252,0.00048090925125806574
1520.231328880282,1520.231328880282,0.9995875825341223,0.0004811425382793157
1520.2382733319519,1520.2382733319519,1.0000246339845662,0.0004808794445794387
1520.2452177836212,1520.2452177836212,0.9996531691843703,0.0004809861498871589
1520.2521622352558,1520.2521622352558,0.9997261324428595,0.0004809575364839827
1520.2591066868556,1520.2591066868556,1.000830671154237,0.00048130614524959103
1520.2660511384324,1520.2660511384324,1.000149005065944,0.0004809918269780271
1520.272995589973,1520.272995589973,0.9993258156703657,0.0004810650018314962
1520.2799400414915,1520.2799400414915,1.0001269188850108,0.0004808440987774705
1520.286884492963,1520.286884492963,1.0001326292926351,0.00048111871831041646
1520.2938289444346,1520.2938289444346,1.0001691970149487,0.0004809875365267617
1520.3007733958598,1520.3007733958598,0.9998540844345991,0.0004810460747622314
1520.307717847238,1520.307717847238,1.0000330660504027,0.0004810887292043326
1520.314662298605,1520.314662298605,1.000805256349182,0.0004812112385609286
1520.3216067499368,1520.3216067499368,0.9998076849593938,0.00048104946631836304
1520.328551201234,1520.328551201234,0.9996801517697727,0.000481024342842543
1520.3354956525193,1520.3354956525193,0.9995544874199641,0.00048084593380672886
1520.3424401037578,1520.3424401037578,0.9999659223416335,0.00048122121243077164
1520.3493845549851,1520.3493845549851,0.9999690645143764,0.00048125844715658035
1520.3563290061657,1520.3563290061657,1.000317091591146,0.0004811591521645407
1520.3632734572998,1520.3632734572998,0.9998082940023117,0.00048103873831306274
1520.370217908434,1520.370217908434,1.0011817078244118,0.00048123975146362646
1520.3771623595442,1520.3771623595442,0.9992497447386391,0.0004812062840556357
1520.3841068106087,1520.3841068106087,0.9996171295059806,0.00048098305209551273
1520.3910512616492,1520.3910512616492,1.000534528623103,0.00048105426854645376
1520.397995712667,1520.397995712667,0.9997734652955799,0.00048110415183168925
1520.4049401636262,1520.4049401636262,0.9997057352243962,0.00048094504028876563
1520.4118846145739,1520.4118846145739,0.9993944064272107,0.0004810813410111521
1520.4188290654868,1520.4188290654868,1.0004587670726288,0.00048109140098502763
1520.4257735163878,1520.4257735163878,0.9996208285570679,0.0004809347041933762
1520.4327179672423,1520.4327179672423,1.000642092075454,0.0004815192519087402
1520.4396624180622,1520.4396624180622,1.0002117221580353,0.00048097191635769086
1520.4466068688585,1520.4466068688585,1.0002320128477227,0.0004813065232421612
1520.4535513196201,1520.4535513196201,1.000003087509057,0.00048109228955701185
1520.4604957703582,1520.4604957703582,0.9993943094692153,0.00048096758571135263
1520.4674402210617,1520.4674402210617,0.9996933169495325,0.000481016232166024
1520.4743846717413,1520.4743846717413,1.0003568783093713,0.0004811324238038735
1520.4813291223863,1520.4813291223863,1.000071286548339,0.00048108010133080155
1520.4882735729966,1520.4882735729966,1.0000123877934795,0.00048102040780038805
1520.4952180236066,1520.4952180236066,1.0001505857328545,0.0004811873123344667
1520.5060513664441,1520.5060513664441,0.9999483791020456,0.000480986456823784
1520.5188291553552,1520.5188291553552,0.9995594331762302,0.0004810021615565295
1520.5257736058143,1520.5257736058143,1.0002922732001824,0.0004811577742097416
1520.532718056226,1520.532718056226,1.0003109303865099,0.00048129637334998605
1520.5396625066264,1520.5396625066264,0.9997712229597789,0.0004808613633663033
1520.5466069569925,1520.5466069569925,0.9998624974729692,0.00048086403951116865
1520.553551407323,1520.553551407323,1.000132431720644,0.00048107634916658425
1520.5604958576303,1520.5604958576303,0.9999431249975984,0.0004810690176770144
1520.5674403078915,1520.5674403078915,0.9997465783145305,0.00048084091909644306
1520.574384758152,1520.574384758152,0.9998366753569868,0.0004808548838169307
1520.5813292083546,1520.5813292083546,1.0001748277208333,0.00048092450317539955
1520.5882736585343,1520.5882736585343,0.9994974215529234,0.0004808974286961436
1520.5952181086902,1520.5952181086902,1.0002046987265256,0.0004812033374309684
1520.6021625588232,1520.6021625588232,1.0004633907937175,0.00048102789420583554
1520.6091070089096,1520.6091070089096,1.0011492884425566,0.0004813692297628481
1520.6160514589724,1520.6160514589724,0.9995868842077427,0.00048126661895497917
1520.6229959090006,1520.6229959090006,0.9999287730262543,0.00048110022048119313
1520.629940359017,1520.629940359017,0.9998082644643624,0.000481076617895809
1520.6368848089865,1520.6368848089865,0.9999084759772817,0.0004809875002791845
1520.64382925891,1520.64382925891,0.9997292143732883,0.00048090203875916765
1520.6507737088334,1520.6507737088334,1.0000094676952682,0.00048099879579843236
1520.6577181586981,1520.6577181586981,0.9997948130955896,0.0004808951666734013
1520.6646626085635,1520.6646626085635,1.0002594252270358,0.0004814686542837893
1520.6716070583818,1520.6716070583818,0.9995037414751982,0.000480772747491723
1520.6785515081651,1520.6785515081651,1.0003796564790064,0.0004809699045615081
1520.6854959579257,1520.6854959579257,1.000400383745279,0.00048085933444379475
1520.6924404076394,1520.6924404076394,0.999885116807002,0.00048078210556893474
1520.6993848573766,1520.6993848573766,1.0006357954793519,0.00048107903891781296
1520.70632930702,1520.70632930702,0.9999449175925088,0.00048072414094720245
1520.713273756664,1520.713273756664,1.0003680489205191,0.00048073494579651204
1520.7202182062736,1520.7202182062736,0.9999513157885851,0.00048084402549846236
1520.727162655847,1520.727162655847,0.9990854057152212,0.0004806210335366901
1520.7341071053975,1520.7341071053975,0.9995313564755964,0.0004807167555370094
1520.7410515549138,1520.7410515549138,0.9995067907415883,0.00048083406969721054
1520.7479960043945,1520.7479960043945,1.0000260703198398,0.0004811122762773301
1520.7549404538522,1520.7549404538522,1.000859754184226,0.0004809762915814359
1520.7618849032633,1520.7618849032633,1.0004886182663661,0.0004810457134452964
1520.768829352651,1520.768829352651,0.9999530903243687,0.0004809264371732568
1520.7757738020384,1520.7757738020384,1.0000671894883584,0.0004808981187741165
1520.7827182513797,1520.7827182513797,1.0001894499675463,0.00048084793427145063
1520.7896627006746,1520.7896627006746,0.9996599940256333,0.00048070200573401467
1520.7966071499573,1520.7966071499573,0.9995357000832812,0.000480878671220888
1520.803551599194,1520.803551599194,0.9996546583881736,0.0004808028291126967
1520.8104960484186,1520.8104960484186,1.0003396530823827,0.0004809279811388089
1520.8174404975969,1520.8174404975969,1.0002202013094377,0.00048091340061599065
1520.8243849467517,1520.8243849467517,1.000480045322823,0.00048126045316632213
1520.83132939586,1520.83132939586,0.9997213647147098,0.00048104138251183723
1520.8382738449568,1520.8382738449568,0.9995560597207908,0.0004808635153834643
1520.8452182940187,1520.8452182940187,0.9992432681660057,0.00048069787939042277
1520.852162743057,1520.852162743057,1.0000621769041464,0.00048121422302503864
1520.8591071920491,1520.8591071920491,1.0000859761538066,0.0004810371869383493
1520.8660516410177,1520.8660516410177,1.0002211902584346,0.000480905498782088
1520.872996089963,1520.872996089963,0.9998385196575548,0.0004808018849549962
1520.8799405388738,1520.8799405388738,1.0004571100466966,0.00048120829805407844
1520.8868849877492,1520.8868849877492,0.9999983180463692,0.00048124209685125173
1520.8938294366012,1520.8938294366012,0.9997567667403761,0.0004807516301720856
1520.9007738854302,1520.9007738854302,0.9998078453842325,0.000481015072387227
1520.907718334201,1520.907718334201,0.9999196790622982,0.00048129736618965455
1520.9146627829602,1520.9146627829602,1.000538594064691,0.0004811107360730216
1520.9216072316963,1520.9216072316963,0.9994248245285506,0.0004807949661181351
1520.9285516803734,1520.9285516803734,1.0006434694283342,0.0004814570322313227
1520.9354961290398,1520.9354961290398,0.9996267278773466,0.0004809471866581291
1520.9424405776822,1520.9424405776822,0.9998366995933523,0.00048088060581400887
1520.94938502629,1520.94938502629,1.0001474238094152,0.0004809994766290345
1520.9563294748632,1520.9563294748632,1.0000699935959718,0.00048117483327858536
1520.9632739234007,1520.9632739234007,0.9996269681341658,0.00048088685871848616
1520.9702183719155,1520.9702183719155,1.0000178219451354,0.00048106243120461594
1520.977162820395,1520.977162820395,1.000182774063974,0.0004812025534993313
1520.9841072688514,1520.9841072688514,0.9997214071753493,0.00048100652719796597
1520.9910517172616,1520.9910517172616,1.000237900364577,0.00048090471827784117
1520.997996165671,1520.997996165671,1.0002698745582381,0.0004810518188822716
1521.0049406140229,1521.0049406140229,0.9996158215067421,0.0004808799994607263
1521.01188506234,1521.01188506234,1.0004039196391954,0.00048104475622229314
1521.0188295106445,1521.0188295106445,0.9996881992308116,0.00048082761740540737
1521.0257739589265,1521.0257739589265,0.9995159524504252,0.00048081468376221236
1521.0327184071502,1521.0327184071502,1.0004980583395382,0.0004813927331858479
1521.0396628553622,1521.0396628553622,1.0009492299760259,0.0004814030300662943
1521.0466073035275,1521.0466073035275,1.0000888118452909,0.0004811471953651938
1521.0535517516812,1521.0535517516812,0.9998816715682024,0.00048104722910878453
1521.0604961998001,1521.0604961998001,0.9997719940209919,0.0004809742063633703
1521.067440647872,1521.067440647872,0.999089577733265,0.0004809262045838658
1521.074385095933,1521.074385095933,0.9997359698893765,0.00048084051583976544
1521.081329543947,1521.081329543947,0.9993603649547469,0.0004809037456043346
1521.088273991949,1521.088273991949,0.9997564288733226,0.0004811040947672398
1521.095218439917,1521.095218439917,1.0007515016101358,0.0004811428547673269
1521.1021628878375,1521.1021628878375,1.0010613456496238,0.000481051717406807
1521.109107335747,1521.109107335747,1.0004380702769797,0.0004810552048841138
1521.11605178361,1521.11605178361,0.9998464792872144,0.00048103099232167163
1521.1229962314487,1521.1229962314487,0.9994751555164543,0.0004808540438863555
1521.1299406792655,1521.1299406792655,0.9998918119829057,0.00048100180600494204
1521.1368851270347,1521.1368851270347,0.9997378327742037,0.00048124842962888275
1521.1438295747926,1521.1438295747926,1.0005546286465452,0.00048085374030836897
1521.1507740225045,1521.1507740225045,0.9999278925471738,0.0004809024133216373
1521.1577184701687,1521.1577184701687,1.0001046566361154,0.0004810566452395349
1521.1646629178686,1521.1646629178686,0.9994925572396358,0.0004810036926217198
1521.171607365452,1521.171607365452,0.9997573446983363,0.0004811328856842226
1521.1785518130584,1521.1785518130584,0.9998088288222821,0.0004810008627388751
1521.1854962606187,1521.1854962606187,0.9998560731872986,0.0004809637762007542
1521.1924407081551,1521.1924407081551,0.999706748099183,0.0004809540309097113
1521.199385155657,1521.199385155657,1.000313936955632,0.00048120409648576116
1521.2063296031356,1521.2063296031356,1.00004609292414,0.0004810890883183806
1521.2132740505679,1521.2132740505679,1.000532046786069,0.00048114146402899094
1521.2202184979762,1521.2202184979762,0.9994929615246498,0.0004807739527026314
1521.2271629453614,1521.2271629453614,0.9996570344517194,0.00048090813039048205
1521.2341073927123,1521.2341073927123,1.0002098789659706,0.0004811465513404045
1521.241051840016,1521.241051840016,1.0000307589416035,0.00048083549219408674
1521.247996287308,1521.247996287308,1.0004449299610119,0.00048099828064949307
1521.2549407345657,1521.2549407345657,0.9996011014856215,0.00048102047805089864
1521.2618851817763,1521.2618851817763,0.9995732439117251,0.0004808554287226953
1521.2688296289755,1521.2688296289755,1.0000919911765578,0.00048091209149901367
1521.2757740761397,1521.2757740761397,1.0006947616899058,0.00048104887402566074
1521.2827185232807,1521.2827185232807,1.000161752607014,0.00048090436714269796
1521.289662970375,1521.289662970375,0.9993097894959252,0.0004808535264898892
1521.2966074174694,1521.2966074174694,1.0003197466689246,0.0004810129148029977
1521.3035518644706,1521.3035518644706,1.0006962857523407,0.000481184554161483
1521.310496311495,1521.310496311495,0.9989906482209227,0.000480850216765764
1521.3174407584731,1521.3174407584731,0.9997307577849105,0.00048080369679939403
1521.3243852054275,1521.3243852054275,1.0002037505540762,0.0004810457790360187
1521.3313296523474,1521.3313296523474,1.0001534347746541,0.0004810016369356597
1521.3382740992206,1521.3382740992206,1.0000668195611602,0.0004810056108255962
1521.345218546082,1521.345218546082,1.0002552142097219,0.0004812266728964237
1521.3521629928973,1521.3521629928973,0.9999297074567259,0.00048105177309219614
1521.3591074397002,1521.3591074397002,1.0001723672634588,0.0004811602540294094
1521.3660518864453,1521.3660518864453,0.9997878779460327,0.0004814119826752718
1521.372996333191,1521.372996333191,1.0003494238707589,0.0004810319193412768
1521.3799407798892,1521.3799407798892,0.9992678377064068,0.00048084576422302415
1521.3868852265646,1521.3868852265646,0.9994605691816222,0.00048113599944523734
1521.3938296732047,1521.3938296732047,1.0001308900945256,0.0004809835521353406
1521.4007741198104,1521.4007741198104,1.0003126850246704,0.0004811293650429312
1521.407718566381,1521.407718566381,1.0010925921457712,0.00048132904672836376
1521.4146630129278,1521.4146630129278,0.9995806292162778,0.0004807024304287244
1521.42160745944,1521.42160745944,0.9995958456776137,0.000480845450556902
1521.4285519059408,1521.4285519059408,0.9997738934779333,0.0004809021539222305
1521.4354963523715,1521.4354963523715,1.000504790112186,0.00048123822294917013
1521.4424407988026,1521.4424407988026,1.0001628061197732,0.00048098545572359646
1521.4493852451867,1521.4493852451867,0.9997650541036229,0.00048076223380343617
1521.4563296915592,1521.4563296915592,0.9998364376516807,0.0004810323375161304
1521.463274137885,1521.463274137885,1.0006351496377275,0.0004808933933421039
1521.4702185841766,1521.4702185841766,0.999809041397947,0.00048096010337438344
1521.4771630304556,1521.4771630304556,0.9995714895498846,0.0004809490956603819
1521.4841074766887,1521.4841074766887,0.9992940313656185,0.00048081893132827523
1521.49105192291,1521.49105192291,1.0000849288474996,0.00048090955620953217
1521.497996369073,1521.497996369073,1.0009297696968433,0.00048106983421804565
1521.5049408152124,1521.5049408152124,0.9998919091827798,0.0004808825250278774
1521.511885261329,1521.511885261329,0.9995197139628562,0.0004807127461107333
1521.5188297074105,1521.5188297074105,1.0001334678437206,0.00048100957207693293
1521.5257741534456,1521.5257741534456,1.000378859157345,0.0004808495876307146
1521.5327185994809,1521.5327185994809,0.9999654201166199,0.000480961162405524
1521.5396630454686,1521.5396630454686,1.0006699981941793,0.00048093186758324665
1521.5466074914227,1521.5466074914227,0.9995776720972733,0.00048093594290011334
1521.5535519373645,1521.5535519373645,0.9997498270523113,0.00048083803812670224
1521.5604963832593,1521.5604963832593,1.0001013872441749,0.0004809705039768686
1521.5674408291084,1521.5674408291084,0.9991213826424789,0.00048072560501523164
1521.5743852749451,1521.5743852749451,0.9996595517864162,0.000480955025375991
1521.5813297207474,1521.5813297207474,1.0003693165523675,0.0004810323801704121
1521.5882741665264,1521.5882741665264,1.000866093255155,0.00048124980031238423
1521.5952186122583,1521.5952186122583,0.9997971534610575,0.0004809695918805056
1521.6021630579676,1521.6021630579676,1.0002045555549197,0.0004809990338569984
1521.6091075036418,1521.6091075036418,1.0000628456342142,0.0004808075251826065
1521.616051949304,1521.616051949304,0.9999922769680276,0.0004810077157867347
1521.6229963949204,1521.6229963949204,0.9993426733761854,0.0004807856729076859
1521.629940840501,1521.629940840501,1.0002134025087348,0.00048091226683677707
1521.636885286047,1521.636885286047,1.0000659079724998,0.00048092573196901664
1521.6438297315815,1521.6438297315815,1.0000886915758371,0.00048087151402157635
1521.6507741770574,1521.6507741770574,1.0000802531629163,0.0004810357728491872
1521.6577186225222,1521.6577186225222,0.9997008931386206,0.0004809256084249263
1521.6646630679634,1521.6646630679634,0.9996864214831183,0.00048084718160983206
1521.6716075133581,1521.6716075133581,1.0002297019004605,0.00048089953675842635
1521.678551958718,1521.678551958718,1.0001768535703914,0.0004808863277247249
1521.6854964040774,1521.6854964040774,1.0005534901522082,0.000480968704653526
1521.6924408493676,1521.6924408493676,0.9998380995041727,0.00048080298778213827
1521.699385294634,1521.699385294634,0.9999888903687205,0.0004810335425171139
1521.7063297398777,1521.7063297398777,0.9997396632927952,0.0004811266768451881
1521.7132741850978,1521.7132741850978,0.9998528051370569,0.00048093429048628317
1521.7202186302825,1521.7202186302825,0.9998382460249754,0.0004808507781323359
1521.7271630754215,1521.7271630754215,0.9999280094738923,0.00048088025587377534
1521.7341075205482,1521.7341075205482,1.0003192408610868,0.0004809487463669687
1521.7410519656285,1521.7410519656285,1.0001222931336813,0.00048114218942088273
1521.747996410674,1521.747996410674,0.9999462855357397,0.0004809821258876876
1521.7549408556958,1521.7549408556958,1.0006193742464542,0.00048094365606977187
1521.7618853007068,1521.7618853007068,0.9999287801611099,0.00048120652388541327
1521.7688297456589,1521.7688297456589,0.9993009680994002,0.0004809072346537234
1521.7757741905996,1521.7757741905996,0.9999629542479118,0.0004810390413566433
1521.7827186355057,1521.7827186355057,1.0000280473465972,0.00048105307354835556
1521.7896630803643,1521.7896630803643,1.0001761976611256,0.0004811385068992484
1521.7966075252123,1521.7966075252123,0.9994442506143653,0.00048113222175202126
1521.8035519700131,1521.8035519700131,1.000227933427389,0.0004808548951430559
1521.810496414779,1521.810496414779,1.0000685405231025,0.00048077648158266587
1521.817440859557,1521.817440859557,1.0001736831233017,0.0004810354825621133
1521.8243853042297,1521.8243853042297,0.999832765358863,0.0004808936371499291
1521.8313297489258,1521.8313297489258,1.0000544365173134,0.00048082197507720234
1521.838274193576,1521.838274193576,1.00087904416223,0.0004812657916786351
1521.8452186382017,1521.8452186382017,0.9997236721208944,0.0004807929408775366
1521.8521630827818,1521.8521630827818,0.9996330523046346,0.0004807828676473752
1521.859107527338,1521.859107527338,0.999902622675094,0.0004808157182549541
1521.8660519718715,1521.8660519718715,0.9994516187241201,0.0004808216019240805
1521.872996416358,1521.872996416358,0.9995428619823608,0.00048098953506348855
1521.879940860798,1521.879940860798,0.9999633235299636,0.0004808962015004495
1521.8868853052384,1521.8868853052384,1.0004698780999248,0.0004811153046424685
1521.8938297496552,1521.8938297496552,1.0000571028650442,0.00048124603015045777
1521.900774194025,1521.900774194025,0.9996840500139579,0.00048089563783260505
1521.9077186383606,1521.9077186383606,1.0001912557763024,0.00048109946202718444
1521.914663082661,1521.914663082661,1.0004987113332355,0.0004811303013654006
1521.921607526938,1521.921607526938,1.0000538656278637,0.0004810154777759155
1521.9285519711802,1521.9285519711802,0.9999959647017425,0.00048124909218647406
1521.935496415387,1521.935496415387,0.9994696718949647,0.00048091946516022073
1521.9424408595833,1521.9424408595833,0.9999216351175967,0.0004809856408368032
1521.9493853037316,1521.9493853037316,0.9997407964054495,0.00048084489958263345
1521.9563297478344,1521.9563297478344,1.000122315550945,0.000480979121271653
1521.9632741919254,1521.9632741919254,0.9998399232186876,0.0004809233619674851
1521.970218635981,1521.970218635981,0.9995528487141053,0.00048091421055941494
1521.9771630800024,1521.9771630800024,1.0002217114019132,0.0004809810381649719
1521.9841075239997,1521.9841075239997,1.0004907819195519,0.0004811994730056281
1521.9910519679627,1521.9910519679627,1.000730779364845,0.0004811253745593814
1521.9979964118907,1521.9979964118907,1.0004106385164575,0.0004808846060577805
1522.0049408557716,1522.0049408557716,0.9991424119081028,0.0004808415012156301
1522.0118852996297,1522.0118852996297,1.0001715322394578,0.0004811636992398554
1522.018829743488,1522.018829743488,0.9991668664916308,0.0004807561514274445
1522.0257741872988,1522.0257741872988,1.0000277611816073,0.00048089082013551753
1522.032718631064,1522.032718631064,1.0007694116600665,0.00048092229417725466
1522.0396630748053,1522.0396630748053,0.9995166228549419,0.0004809038093942783
1522.0466075185122,1522.0466075185122,0.9997804629072238,0.000480946141037695
1522.0535519621956,1522.0535519621956,1.0002887288689606,0.00048094079273667943
1522.0604964058439,1522.0604964058439,1.0002871288086328,0.00048104689049703505
1522.067440849446,1522.067440849446,1.0004935870442075,0.00048099633413012003
1522.0743852930127,1522.0743852930127,0.9992512429440753,0.0004811043651600947
1522.08132973658,1522.08132973658,0.9991519084310372,0.00048082321091694045
1522.0882741801117,1522.0882741801117,1.0004507661366309,0.00048097556853952055
1522.0952186235975,1522.0952186235975,0.9999666382289119,0.00048091127094066773
1522.1021630670598,1522.1021630670598,1.0000378597206976,0.0004810127466408422
1522.1091075104866,1522.1091075104866,1.000396927991235,0.0004811890188185381
1522.1160519538673,1522.1160519538673,1.0003672633971425,0.0004807994723485782
1522.1229963972482,1522.1229963972482,1.000701664133666,0.000481055838814413
1522.1299408405587,1522.1299408405587,0.9994642567701397,0.00048073814944816156
1522.1368852838582,1522.1368852838582,0.9993714588163434,0.0004809934077340744
1522.1438297271109,1522.1438297271109,1.0004485099476361,0.00048109350457851096
1522.150774170363,1522.150774170363,1.0000447058572015,0.00048092066600754655
1522.1577186135696,1522.1577186135696,0.9993289723427189,0.0004808341583480046
1522.1646630567404,1522.1646630567404,1.0005649989540184,0.00048119510078770204
1522.1716074998772,1522.1716074998772,0.9998858802608739,0.0004810683327256235
1522.1785519430014,1522.1785519430014,1.0003573620642816,0.00048101541769205716
1522.1854963860796,1522.1854963860796,0.9999766715101135,0.00048087688732909126
1522.1924408291227,1522.1924408291227,1.0001837051263909,0.0004809042152398147
1522.199385272154,1522.199385272154,0.999701182122271,0.0004807480555851864
1522.2063297151387,1522.2063297151387,1.0000125258671615,0.0004809751269198324
1522.2132741580776,1522.2132741580776,1.0006366964842213,0.00048123337453749956
1522.2202186010036,1522.2202186010036,0.999451262799204,0.0004810368748123856
1522.227163043884,1522.227163043884,1.0002985533654187,0.00048094960564268525
1522.234107486741,1522.234107486741,0.9997808795731832,0.0004807705564481643
1522.2410519295743,1522.2410519295743,1.000138903528447,0.00048112997677894327
1522.2479963723729,1522.2479963723729,1.0005257850883538,0.00048107785429996183
1522.2549408151249,1522.2549408151249,1.0001782322956891,0.0004811001343375127
1522.2618852578537,1522.2618852578537,0.999920420847341,0.0004810020862307805
1522.2688297005475,1522.2688297005475,0.9993974016075095,0.0004806568392649314
1522.2757741432301,1522.2757741432301,0.9999173337798706,0.0004808558293350463
1522.2827185858653,1522.2827185858653,0.9995631093321797,0.00048085780454856406
1522.2896630284663,1522.2896630284663,0.9995771837265846,0.00048101074113488743
1522.2966074710434,1522.2966074710434,1.0005977885840478,0.00048109397088282307
1522.303551913586,1522.303551913586,0.9996441526486517,0.00048092445958553546
1522.3104963560936,1522.3104963560936,1.0008088861273745,0.00048116801501600566
1522.3174407985664,1522.3174407985664,1.0000596093723537,0.0004810284534267881
1522.324385240992,1522.324385240992,1.0007531326146741,0.00048109731431522537
1522.3313296834417,1522.3313296834417,0.9991283525610346,0.00048083737240295067
1522.338274125798,1522.338274125798,0.9996559566261152,0.000480904305507086
1522.3452185681658,1522.3452185681658,1.0002496215275634,0.0004808844981827996
1522.3521630104638,1522.3521630104638,0.9999810713510078,0.00048094728201392633
1522.3591074527617,1522.3591074527617,1.0002205580369399,0.00048095508853567123
1522.3660518950132,1522.3660518950132,0.9993398675790802,0.0004807837805468897
1522.372996337253,1522.372996337253,0.9999565332674436,0.0004808768604956396
1522.3799407794347,1522.3799407794347,1.0007399258969698,0.0004810239602619979
1522.3868852215933,1522.3868852215933,0.9995231171343881,0.0004808040935371896
1522.3938296637398,1522.3938296637398,1.0005382086285795,0.00048079919322107343
1522.4007741058165,1522.4007741058165,0.9999732864925821,0.00048110272470478855
1522.4077185478818,1522.4077185478818,0.999306396180119,0.0004809456044662634
1522.4146629899237,1522.4146629899237,1.000747403614398,0.00048122447637249336
1522.4216074319074,1522.4216074319074,1.0001546473334804,0.0004810069990912933
1522.4285518738793,1522.4285518738793,1.0000703002855402,0.00048124820304360475
1522.4354963158282,1522.4354963158282,0.9999587972601022,0.00048100628485285194
1522.4424407577303,1522.4424407577303,1.000935450977638,0.00048117571129323864
1522.449385199586,1522.449385199586,0.9992862893986907,0.0004808572290161646
1522.4563296414533,1522.4563296414533,0.999513472943101,0.0004809130333597228
1522.4632740832271,1522.4632740832271,1.000073028056232,0.000481218794119921
1522.470218525025,1522.470218525025,1.0007245775641804,0.0004809900293570939
1522.4771629667757,1522.4771629667757,0.9999494148198418,0.00048086419191411465
1522.48410740848,1522.48410740848,0.9999488642113622,0.00048095625293379397
1522.491051850173,1522.491051850173,1.0002588700084047,0.00048101597327712524
1522.4979962918069,1522.4979962918069,1.0000757708141248,0.00048114764331843473
1522.50494073343,1522.50494073343,1.0005077396579112,0.0004811254500798983
1522.511885175018,1522.511885175018,1.0003027180103676,0.0004812210771233833
1522.5188296165709,1522.5188296165709,0.9993056835663925,0.00048107066538160246
1522.5257740581008,1522.5257740581008,0.9996052496371334,0.0004808993112981528
1522.5327184995836,1522.5327184995836,1.0002716479111444,0.0004809562883849306
1522.5396629410434,1522.5396629410434,0.9999597697582578,0.00048112914378840567
1522.5466073824687,1522.5466073824687,0.9993555503292054,0.0004810005208312672
1522.5535518238582,1522.5535518238582,1.0003907959518101,0.0004810056788316903
1522.5604962652253,1522.5604962652253,1.000343960670485,0.00048100992586185617
1522.5674407065567,1522.5674407065567,1.0006720284916089,0.00048093510216411825
1522.574385147854,1522.574385147854,0.999973498828519,0.0004809834494623443
1522.5813295891157,1522.5813295891157,0.9997129754600416,0.000480948438683999
1522.5882740303541,1522.5882740303541,0.9998230799578094,0.00048118084622302394
1522.5952184715463,1522.5952184715463,1.0001687830439718,0.00048104767917353937
1522.6021629127154,1522.6021629127154,0.9993680920398592,0.00048076252629856205
1522.6091073538487,1522.6091073538487,1.0002956906533282,0.00048092770627050435
1522.6160517949713,1522.6160517949713,1.0002026597047016,0.000481063534761435
1522.6229962360353,1522.6229962360353,1.000140601136122,0.00048093641666858863
1522.629940677076,1522.629940677076,0.9992747335326879,0.00048075413420568493
1522.636885118093,1522.636885118093,0.9999082509606481,0.0004810666839764714
1522.643829559041,1522.643829559041,1.0003510817815422,0.00048116996448467386
1522.6507739999884,1522.6507739999884,1.0003601423938735,0.00048107732008690636
1522.6577184409246,1522.6577184409246,1.0000573963589725,0.0004811452447715657
1522.6646628818023,1522.6646628818023,1.0000123169488409,0.00048097487702717767
1522.671607322645,1522.671607322645,1.0000733501709607,0.00048120880403031575
1522.6785517634762,1522.6785517634762,0.9999853934894984,0.00048115274810639193
1522.6854962042494,1522.6854962042494,0.9993684854009107,0.00048079907498738546
1522.6924406449987,1522.6924406449987,0.9999403762239037,0.00048137997160603287
1522.6993850857255,1522.6993850857255,1.000072613997109,0.0004809900647887542
1522.706329526405,1522.706329526405,1.0001525967106084,0.0004810378012667487
1522.713273967062,1522.713273967062,0.9998476204513145,0.00048091042316168644
1522.7202184076832,1522.7202184076832,1.000117163177217,0.0004809377439223267
1522.7271628482818,1522.7271628482818,1.0002206424109652,0.0004808240673341879
1522.7341072888335,1522.7341072888335,0.9997817393578046,0.00048109241668024583
1522.7410517293501,1522.7410517293501,1.0001867269682996,0.00048085257264708116
1522.7479961698555,1522.7479961698555,1.0004924958790777,0.0004810088226405855
1522.7549406103258,1522.7549406103258,0.9998940255298692,0.00048093502211123725
1522.7618850507376,1522.7618850507376,0.9996705153735463,0.0004810869342679737
1522.7702183792233,1522.7702183792233,0.9994611503580597,0.00048112673720013786
1522.7771628195883,1522.7771628195883,1.0004780831721356,0.0004815165970389548
1522.784107259896,1522.784107259896,1.0000146266112777,0.00048090074595145667
1522.7910517001915,1522.7910517001915,1.0002925536375495,0.00048102775940443026
1522.7979961404521,1522.7979961404521,1.0001460343008683,0.00048109779403563736
1522.8049405806898,1522.8049405806898,0.9999266057322854,0.0004811834680637052
1522.8118850208807,1522.8118850208807,0.9996127526337215,0.00048105089709948146
1522.8188294610484,1522.8188294610484,1.0002697438656523,0.0004811176248092036
1522.825773901181,1522.825773901181,1.000383131412381,0.00048122623239810013
1522.8327183412903,1522.8327183412903,1.0004197711664138,0.00048120251859146807
1522.8396627813536,1522.8396627813536,1.0005068847356928,0.00048137659190244697
1522.846607221381,1522.846607221381,0.9994273526886459,0.0004809881085589298
1522.8535516613742,1522.8535516613742,1.0003166050641874,0.00048116447795901516
1522.8604961013557,1522.8604961013557,0.9995662725966646,0.00048125907467499996
1522.8674405413017,1522.8674405413017,1.0001625172573323,0.0004810236772479954
1522.8743849811904,1522.8743849811904,1.0005861943358803,0.00048102702166661807
1522.8813294210668,1522.8813294210668,0.9993320928574111,0.00048092985253575526
1522.8882738608966,1522.8882738608966,1.0004882572193363,0.0004810333846342027
1522.8952183007384,1522.8952183007384,0.9991093254892867,0.0004808273318263818
1522.9021627404868,1522.9021627404868,1.0009486793822977,0.00048136534183815726
1522.9091071802354,1522.9091071802354,1.000009850605115,0.00048097156966012177
1522.9160516199488,1522.9160516199488,0.9991130259289935,0.000481014067103637
1522.9229960596278,1522.9229960596278,0.9997174092659762,0.0004809478517949318
1522.9299404992598,1522.9299404992598,0.9994550269478806,0.00048096847553004234
1522.93688493888,1522.93688493888,1.0004744985218843,0.00048114288157361136
1522.9438293784542,1522.9438293784542,1.000081476732527,0.00048094485449931123
1522.9507738180162,1522.9507738180162,1.000127509557256,0.00048091480134992417
1522.957718257509,1522.957718257509,1.0006463495972489,0.00048142357695174184
1522.9646626970014,1522.9646626970014,1.000239085068412,0.00048093438975209564
1522.9716071364585,1522.9716071364585,0.9996144317455075,0.0004809778845596007
1522.9785515758697,1522.9785515758697,0.9993592883991678,0.0004808673201764847
1522.9854960152575,1522.9854960152575,1.0002372510139577,0.0004809825583505533
1522.9924404546096,1522.9924404546096,0.9997823984997722,0.00048107939577035646
1522.9993848939162,1522.9993848939162,1.0001544806171885,0.0004811637431130111
1523.0063293332219,1523.0063293332219,1.0000136297010698,0.00048131306059578314
1523.0132737724584,1523.0132737724584,1.0003448551252465,0.0004810500500872062
1523.0202182117062,1523.0202182117062,0.9998814995264717,0.0004810182471989417
1523.0271626508613,1523.0271626508613,0.9999959263925607,0.00048135667084596163
1523.034107090039,1523.034107090039,0.9999108246028772,0.00048115059659130973
1523.0410515291708,1523.0410515291708,0.9999046177381008,0.000481060788450884
1523.047995968244,1523.047995968244,0.999720070189783,0.00048079988971084034
1523.0549404073058,1523.0549404073058,0.9998201916514688,0.00048116392053621935
1523.0618848463207,1523.0618848463207,1.0001562947633225,0.00048113330928066316
1523.068829285324,1523.068829285324,1.0004938401994679,0.00048100435244221044
1523.0757737242811,1523.0757737242811,1.0001871949373735,0.00048123298842924834
1523.0827181631917,1523.0827181631917,1.000102088356127,0.0004810339536104421
1523.0896626021017,1523.0896626021017,0.9995470012028982,0.0004808502606758333
1523.0966070409656,1523.0966070409656,0.9998929539036248,0.0004811054175011805
1523.1035514798061,1523.1035514798061,1.0005330481514083,0.0004812601393111633
1523.110495918588,1523.110495918588,0.999760177483607,0.00048087788872345875
1523.1174403573475,1523.1174403573475,0.9994278172352823,0.00048092024165650386
1523.1243847960943,1523.1243847960943,1.0001887192848589,0.00048135519514324
1523.1313292347836,1523.1313292347836,0.9998692940488384,0.00048100803599708444
1523.1382736734497,1523.1382736734497,1.0002638745230865,0.0004810033701302639
1523.1452181121035,1523.1452181121035,0.9997076725723139,0.00048082340811765096
1523.152162550665,1523.152162550665,1.0006584645925733,0.0004811610057617628
1523.1591069892493,1523.1591069892493,1.0007892641750218,0.0004813040483936639
1523.166051427787,1523.166051427787,0.9999167802291117,0.0004812184239278745
1523.1729958662786,1523.1729958662786,0.9998681804867303,0.0004812004211806547
1523.179940304746,1523.179940304746,1.000116760153803,0.00048115891508544804
1523.1868847431792,1523.1868847431792,0.9996331378307348,0.00048107179807712036
1523.1938291815773,1523.1938291815773,1.0001791991344262,0.0004811415434904701
1523.2007736199519,1523.2007736199519,0.9991232804839092,0.0004811575733003723
1523.2077180582803,1523.2077180582803,1.0004062684354218,0.0004814243030602591
1523.2146624965967,1523.2146624965967,1.0004091341883377,0.00048109653684721336
1523.2216069348553,1523.2216069348553,1.000413976460457,0.00048125394124251466
1523.2285513730903,1523.2285513730903,0.9998388621131274,0.0004809584921175586
1523.2354958112905,1523.2354958112905,0.998935141250039,0.0004809505958394973
1523.2424402494673,1523.2424402494673,1.000041874709737,0.0004810617841607313
1523.249384687598,1523.249384687598,0.9997704149422425,0.0004810081981736925
1523.256329125705,1523.256329125705,1.0000233253601778,0.0004809783457187948
1523.2632735638,1523.2632735638,0.9999164773899649,0.0004811527111829342
1523.2702180018375,1523.2702180018375,0.9999047174099684,0.00048111238656020833
1523.2771624398165,1523.2771624398165,1.0003750258780877,0.00048120971304296074
1523.2841068777952,1523.2841068777952,1.0005605383981018,0.00048111973485338394
1523.2910513157399,1523.2910513157399,0.9994970460923612,0.00048100427154154114
1523.2979957536486,1523.2979957536486,0.9997489523934944,0.0004811531489700482
1523.3049401915112,1523.3049401915112,1.0004246899594302,0.0004810714162640429
1523.3118846293507,1523.3118846293507,0.999965948969438,0.00048114819748255243
1523.3188290671665,1523.3188290671665,1.0002420624600912,0.00048118416604475136
1523.325773504913,1523.325773504913,1.0001234861527188,0.0004812909622332699
1523.332717942659,1523.332717942659,0.9989546351669187,0.00048104842610168896
1523.3396623803815,1523.3396623803815,1.0003911863792958,0.0004812127926944661
1523.3466068180583,1523.3466068180583,0.9997282702836655,0.00048116688973523747
1523.3535512556991,1523.3535512556991,1.000044549282584,0.00048119713354713954
1523.360495693306,1523.360495693306,1.0001715673327194,0.00048098605091888074
1523.3674401308776,1523.3674401308776,1.0006283689297875,0.00048122059145396645
1523.3743845684141,1523.3743845684141,1.0006454944560528,0.0004812815128512239
1523.3813290059272,1523.3813290059272,0.9996197840687676,0.00048117315397648737
1523.388273443406,1523.388273443406,0.9999858640027295,0.00048113397814013103
1523.3952178808374,1523.3952178808374,0.9998411179034055,0.0004813622731034586
1523.4021623182462,1523.4021623182462,1.0004088200319856,0.0004812714784990614
1523.4091067556199,1523.4091067556199,1.0002307110490372,0.00048120026766558104
1523.4160511929467,1523.4160511929467,0.9993911272849825,0.00048122098974038235
1523.4229956302622,1523.4229956302622,0.9995579755900366,0.0004812122514765252
1523.4299400675313,1523.4299400675313,1.0006677818557672,0.00048114813224967034
1523.4368845047768,1523.4368845047768,1.0002091888563092,0.00048108294506805677
1523.443828941999,1523.443828941999,1.0000428874245342,0.0004811465448309923
1523.4507733791631,1523.4507733791631,0.9997295028058492,0.000481026698741002
1523.4577178163036,1523.4577178163036,0.999523506774968,0.0004811227551959193
1523.4646622534099,1523.4646622534099,0.999976678848672,0.00048099003772924897
1523.4716066904807,1523.4716066904807,1.0001239101639157,0.0004809951029614656
1523.4785511275165,1523.4785511275165,1.0005659938569489,0.0004811439519122839
1523.4854955645296,1523.4854955645296,0.999282317355188,0.00048100085510615384
1523.4924400014957,1523.4924400014957,1.0001160198296042,0.00048109487866227597
1523.4993844384385,1523.4993844384385,1.0006940184404405,0.0004810630295912058
1523.5063288753577,1523.5063288753577,0.9999269707445368,0.0004809665047193517
1523.5132733122311,1523.5132733122311,1.0002340027377958,0.00048101172099020845
1523.5202177490578,1523.5202177490578,0.9994510629834762,0.0004808106914709515
1523.5271621858606,1523.5271621858606,0.999993917694374,0.000481054675533073
1523.5341066226406,1523.5341066226406,1.0003186545712803,0.0004815560953228888
1523.5410510593738,1523.5410510593738,1.0002244648171734,0.0004813167341367338
1523.5479954960842,1523.5479954960842,0.9995343818867889,0.00048099363070110786
1523.5549399327476,1523.5549399327476,1.0001180831777419,0.0004810527266955203
1523.5618843693878,1523.5618843693878,0.9994159625074752,0.0004808815756187629
1523.5688288060048,1523.5688288060048,1.000015162295798,0.0004810817026744456
1523.5757732425634,1523.5757732425634,1.0003398061554858,0.0004813013564062527
1523.5827176790988,1523.5827176790988,0.9996133535047953,0.00048101378696622165
1523.5896621155994,1523.5896621155994,1.0003760597403428,0.00048110689192666574
1523.596606552065,1523.596606552065,1.0007783982306768,0.0004813999936009399
1523.6035509884955,1523.6035509884955,1.000448462251864,0.0004811175217109053
1523.6104954248915,1523.6104954248915,1.000149978805939,0.0004812542312208551
1523.6174398612754,1523.6174398612754,0.99944719871828,0.0004811992240318765
1523.6243842976128,1523.6243842976128,0.999600398000999,0.00048075973624340563
1523.6410509446646,1523.6410509446646,0.9996143222591665,0.0004807359155619452
1523.647995380886,1523.647995380886,1.0000583971521446,0.00048084854235258746
1523.6549398170719,1523.6549398170719,1.0002186277326517,0.00048074556021869926
1523.661884253223,1523.661884253223,1.0007319477194987,0.00048110623934820285
1523.6688286893282,1523.6688286893282,1.0001788131412699,0.00048091979156467964
1523.6757731254324,1523.6757731254324,0.9988083488474377,0.0004807655958422474
1523.6827175614676,1523.6827175614676,1.0005735643773819,0.00048091726051779037
1523.6896619974677,1523.6896619974677,0.9997602820150636,0.00048085750136350346
1523.6966064334672,1523.6966064334672,1.0000583589462937,0.00048099883135125894
1523.703550869421,1523.703550869421,0.9996127827424995,0.0004810095012443822
1523.7104953053276,1523.7104953053276,1.0004040087214443,0.00048099913344552115
1523.7174397412225,1523.7174397412225,0.999773598248175,0.00048078210239522605
1523.7243841770598,1523.7243841770598,0.9998531301445505,0.0004809102130922281
1523.7313286128615,1523.7313286128615,0.9995869529739296,0.00048102275496014177
1523.738273048652,1523.738273048652,1.0009490786693793,0.00048100348070131163
1523.7452174843959,1523.7452174843959,1.0004411661227897,0.00048111363987574714
1523.7521619201161,1523.7521619201161,0.9993463671436172,0.0004806011013878955
1523.7591063557786,1523.7591063557786,1.0001068841745975,0.0004808549872923589
1523.7660507914175,1523.7660507914175,1.0002047984822933,0.000480778905109866
1523.7729952270333,1523.7729952270333,1.0001756475378778,0.00048075385166311167
1523.7799396626026,1523.7799396626026,0.9997288407802362,0.0004808500455535594
1523.7868840981487,1523.7868840981487,0.9995164283924135,0.00048085403953646385
1523.7938285336477,1523.7938285336477,1.0002913868845273,0.000480845538037951
1523.8007729691121,1523.8007729691121,0.9997317869347089,0.00048101495514275594
1523.807717404577,1523.807717404577,0.9999149979598977,0.0004809045782194923
1523.8146618399476,1523.8146618399476,0.9998329502445594,0.00048090120168800814
1523.8216062753309,1523.8216062753309,0.9994680675570031,0.0004806881049961039
1523.8285507106557,1523.8285507106557,1.0008269639342968,0.0004808769350602844
1523.8354951459683,1523.8354951459683,1.0001529598057441,0.0004807234931178568
1523.842439581224,1523.842439581224,1.0001544953836587,0.00048096865185125165
1523.8493840164667,1523.8493840164667,1.0001938504605117,0.00048091831488915944
1523.8563284516517,1523.8563284516517,1.0007198309211023,0.00048110267574163524
1523.8632728868135,1523.8632728868135,1.0000678264331264,0.000480996911998038
1523.8702173219401,1523.8702173219401,1.0001759536484909,0.00048092343211820885
1523.877161757044,1523.877161757044,0.9999164450919615,0.00048102653042161696
1523.8841061921007,1523.8841061921007,0.9998924536395479,0.0004807086683749003
1523.8910506271227,1523.8910506271227,0.9996190393846561,0.00048076161372515296
1523.89799506211,1523.89799506211,0.9997016487187572,0.00048090246393568236
1523.9049394970739,1523.9049394970739,0.9999208616420956,0.00048104016338465147
1523.9118839319908,1523.9118839319908,0.999942560057886,0.0004808927507958735
1523.9188283668848,1523.9188283668848,1.0011197775262346,0.0004813955984154693
1523.9257728017324,1523.9257728017324,1.0000385382886514,0.0004810855799287202
1523.932717236556,1523.932717236556,1.0003334257919638,0.00048087138149589494
1523.939661671334,1523.939661671334,0.9993951254441278,0.00048087454429139614
1523.9466061060882,1523.9466061060882,0.9989986948896638,0.00048065514360812536
1523.9535505407955,1523.9535505407955,1.0002568010552229,0.00048094978575968366
1523.9604949754807,1523.9604949754807,1.0009952867223166,0.0004808205529336131
1523.9674394101296,1523.9674394101296,1.000017296260129,0.0004808278277380255
1523.9743838447448,1523.9743838447448,0.999777357641411,0.00048075098741869407
1523.9813282793125,1523.9813282793125,1.000134839635939,0.000480838020668113
1523.9882727138568,1523.9882727138568,1.000383522803638,0.0004810481688287598
1523.9952171483671,1523.9952171483671,1.0005339792318224,0.00048094834491759956
1524.0021615828534,1524.0021615828534,0.9991709301945371,0.00048108341149132863
1524.0091060172704,1524.0091060172704,0.9996488870388072,0.0004808927498913388
1524.0160504516869,1524.0160504516869,1.0003455098277603,0.0004808897499065849
1524.0229948860572,1524.0229948860572,1.000082039022192,0.0004809663873217014
1524.029939320392,1524.029939320392,0.9996989382285605,0.00048107845202583497
1524.0368837546807,1524.0368837546807,0.9998252715530324,0.0004808414298814871
1524.0438281889344,1524.0438281889344,0.9997622739734167,0.00048072643643764016
1524.0507726231879,1524.0507726231879,1.0001626962698649,0.00048113565549514714
1524.057717057372,1524.057717057372,1.0001242790769285,0.00048091102885955536
1524.0646614915327,1524.0646614915327,1.0008563114712357,0.00048125955954614953
1524.0716059256695,1524.0716059256695,0.9999800155053183,0.0004809424122713954
1524.078550359749,1524.078550359749,0.9988306034730746,0.0004807470515383861
1524.0854947938046,1524.0854947938046,0.9998987072239766,0.00048092087337634333
1524.092439227837,1524.092439227837,1.0006554522951043,0.0004811345434106892
1524.0993836618,1524.0993836618,1.0000767311233392,0.00048112582482204264
1524.106328095762,1524.106328095762,1.0000539266628923,0.0004808083552771566
1524.1132725296904,1524.1132725296904,1.0002444669442179,0.00048094670903088267
1524.1202169635712,1524.1202169635712,0.9999331659091967,0.0004813793565985704
1524.1271613974054,1524.1271613974054,0.9995516429680802,0.0004807444663166905
1524.1341058312173,1524.1341058312173,1.0001699311242649,0.00048102221955417595
1524.1410502649935,1524.1410502649935,1.000484194475739,0.00048109236073559035
1524.147994698735,1524.147994698735,0.9995279132471175,0.0004809353218999087
1524.154939132453,1524.154939132453,1.000237073249238,0.00048112828735429974
1524.1618835661247,1524.1618835661247,1.0001071454350965,0.00048108700997572505
1524.1688279997497,1524.1688279997497,0.9997697563114958,0.0004808229173255507
1524.1757724333515,1524.1757724333515,0.9993132619457524,0.00048087012400410516
1524.1827168669186,1524.1827168669186,1.0000193036489446,0.00048093198444327444
1524.1896613004503,1524.1896613004503,1.0001997013223434,0.0004810514089508094
1524.1966057339355,1524.1966057339355,1.0001747836892663,0.00048095683201283606
1524.2035501673977,1524.2035501673977,0.9999997776014506,0.0004809737603214805
1524.2104946008365,1524.2104946008365,0.9996576645322282,0.0004809884179515811
1524.2174390342173,1524.2174390342173,1.000461767371534,0.00048099945588266915
1524.2243834675742,1524.2243834675742,1.00054869928853,0.0004812255849345261
1524.2313279008968,1524.2313279008968,1.0001638110384206,0.0004811224518942672
1524.2382723341725,1524.2382723341725,1.0002321593553425,0.0004809362054487021
1524.2452167674248,1524.2452167674248,0.9989700274710073,0.0004808609812769576
1524.2521612006308,1524.2521612006308,0.9999652279930537,0.00048107435842878064
1524.2591056338135,1524.2591056338135,1.0002197286697903,0.0004809932471808995
1524.2660500669494,1524.2660500669494,1.0003927099760388,0.0004811538300013893
1524.272994500039,1524.272994500039,0.9996688697148961,0.00048090368554819674
1524.279938933129,1524.279938933129,1.0004113134422314,0.0004809393578435117
1524.2868833661712,1524.2868833661712,1.0002872138807513,0.00048122658198830837
1524.293827799168,1524.293827799168,1.0002846162576664,0.00048097343672206356
1524.3007722321295,1524.3007722321295,0.9995181403659833,0.00048108676062831883
1524.307716665056,1524.307716665056,0.9999431053321978,0.00048099026283806684
1524.3146610979595,1524.3146610979595,0.999640355760677,0.0004809452181109519
1524.321605530816,1524.321605530816,0.9999469814169519,0.00048105407761280536
1524.3285499636493,1524.3285499636493,1.0002170163418036,0.0004810419293409536
1524.3354943964364,1524.3354943964364,1.0003493289286434,0.00048091217047518833
1524.3424388291764,1524.3424388291764,1.0005755902145497,0.000481112215780359
1524.3493832618933,1524.3493832618933,0.9997861433869885,0.00048116588673209626
1524.3563276945638,1524.3563276945638,0.9998649831302473,0.00048091736434095755
1524.363272127223,1524.363272127223,0.9997477943625148,0.0004809709770783162
1524.3702165598347,1524.3702165598347,0.9998997497165952,0.0004811348533980424
1524.3771609924006,1524.3771609924006,1.0000474627560265,0.0004810409405507734
1524.3841054249315,1524.3841054249315,0.9999878201175114,0.00048115074641903125
1524.3910498574387,1524.3910498574387,0.9997156158320599,0.0004810246831808031
1524.3979942899111,1524.3979942899111,1.0003315186050241,0.00048101201915728465
1524.4049387223372,1524.4049387223372,0.9999960209466916,0.0004809803997585441
1524.4118831547398,1524.4118831547398,1.0001129029816727,0.00048105296527645657
1524.418827587096,1524.418827587096,0.9993410335183753,0.00048093633601913505
1524.4257720194169,1524.4257720194169,1.0000375269481463,0.0004809560758626534
1524.4327164517035,1524.4327164517035,1.0005011891011846,0.00048126569674226017
1524.4396608839431,1524.4396608839431,1.0003417181406378,0.00048111420385782324
1524.4466053161593,1524.4466053161593,0.9997450758468602,0.0004810120962661825
1524.453549748341,1524.453549748341,1.0002367402451242,0.00048095126961852154
1524.4604941804992,1524.4604941804992,0.9998694091382188,0.0004810431038211616
1524.4674386125876,1524.4674386125876,1.000218404554007,0.0004809509466595058
1524.4743830446644,1524.4743830446644,0.9993823444676269,0.000480753090730905
1524.4813274766943,1524.4813274766943,0.9999592796445361,0.0004808053161079376
1524.4882719087013,1524.4882719087013,0.9998189704948988,0.0004810074757750333
1524.495216340673,1524.495216340673,1.0003970348530768,0.0004809408150367518
1524.5021607725987,1524.5021607725987,1.0001098309608507,0.0004810376644808956
1524.5091052044772,1524.5091052044772,1.0000102858884246,0.00048100139464481785
1524.5160496363214,1524.5160496363214,0.9999892487249289,0.0004810864775403884
1524.5229940681534,1524.5229940681534,0.9999736484068604,0.0004811412991358816
1524.5299384999275,1524.5299384999275,1.0002331070207267,0.00048124062327141394
1524.5368829316783,1524.5368829316783,0.9996889290409854,0.00048137879137813135
1524.5438273633822,1524.5438273633822,1.0003018310154643,0.0004809353565184965
1524.5507717950402,1524.5507717950402,0.9997783645495177,0.00048094633944556963
1524.557716226674,1524.557716226674,0.9994670842223424,0.00048088224395078527
1524.564660658297,1524.564660658297,0.9995242873561576,0.00048085669941991797
1524.5716050898616,1524.5716050898616,1.0004436700645294,0.00048104844137455635
1524.5785495213909,1524.5785495213909,1.0010119057952647,0.0004814640143066093
1524.5854939528745,1524.5854939528745,0.999786357439497,0.00048096545562994087
1524.5924383843453,1524.5924383843453,0.9998297822645114,0.00048117884387637857
1524.5993828157584,1524.5993828157584,0.9996185521328427,0.00048107589854973654
1524.6063272471254,1524.6063272471254,1.0001760528938575,0.0004810348294154363
1524.6132716784682,1524.6132716784682,1.0000676776803794,0.00048102103432382394
1524.6202161097883,1524.6202161097883,0.9994558629150836,0.0004808433772848751
1524.627160541062,1524.627160541062,1.00047142854418,0.0004812206870350208
1524.6341049723003,1524.6341049723003,0.9999987314450689,0.0004808733832933106
1524.6410494034922,1524.6410494034922,1.0000094761223373,0.0004810849998870219
1524.647993834661,1524.647993834661,1.0002110439420988,0.00048100850318890146
1524.654938265783,1524.654938265783,1.0001205017022996,0.0004811713301766371
1524.661882696882,1524.661882696882,0.9999754752904384,0.0004808007042322752
1524.6688271279343,1524.6688271279343,1.0000449904117705,0.0004809036815638622
1524.6757715589395,1524.6757715589395,0.9994780215422854,0.0004808969768093548
1524.6827159899224,1524.6827159899224,1.0001517958762243,0.00048107794095798503
1524.6896604208698,1524.6896604208698,1.0002526789783817,0.0004811271169329213
1524.6966048517702,1524.6966048517702,1.0006766217667964,0.0004812507091565991
1524.7035492826367,1524.7035492826367,0.9995844539018913,0.0004809322630206957
1524.7104937134677,1524.7104937134677,0.9993321001108129,0.00048102417893002697
1524.7174381442517,1524.7174381442517,0.9999186235918666,0.0004810256404776214
1524.7243825750134,1524.7243825750134,1.000147362993981,0.0004809893947148404
1524.7313270057396,1524.7313270057396,0.9993081089277661,0.00048077220734402186
1524.7382714364192,1524.7382714364192,1.000780924476572,0.00048113413638328263
1524.745215867076,1524.745215867076,1.0001536284279713,0.0004812726458710782
1524.7521602976856,1524.7521602976856,1.0000660261166274,0.0004810213470822001
1524.7591047282604,1524.7591047282604,0.9998064725037954,0.00048100158214206963
1524.766049158789,1524.766049158789,1.0002425225969087,0.0004811309937837835
1524.772993589294,1524.772993589294,1.0000838805729075,0.0004810441758436671
1524.7799380197641,1524.7799380197641,1.0000607632108305,0.00048100457046832865
1524.786882450176,1524.786882450176,1.0001362097547477,0.0004809587170598712
1524.7938268805647,1524.7938268805647,0.9997355432181394,0.00048090434508498445
1524.8007713109184,1524.8007713109184,0.9999476809955166,0.0004810143506267221
1524.8077157412258,1524.8077157412258,1.0000834324761103,0.00048096196767089287
1524.8146601714977,1524.8146601714977,0.9993391315414314,0.00048081537264371845
1524.8216046017471,1524.8216046017471,0.9998115756176158,0.0004809826307819738
1524.8285490319493,1524.8285490319493,1.0000120159597452,0.0004812149594854755
1524.835493462105,1524.835493462105,1.0006868083868838,0.00048109186654334436
1524.842437892226,1524.842437892226,0.9998129368572217,0.0004808535737823448
1524.849382322324,1524.849382322324,1.0005093928074684,0.00048132726093923954
1524.8563267523632,1524.8563267523632,1.0004265944349207,0.00048100223044504197
1524.8632711823911,1524.8632711823911,0.9993982392355447,0.00048105279042475537
1524.8702156123607,1524.8702156123607,0.9990847932536135,0.0004807576659794334
1524.877160042307,1524.877160042307,1.0001060997757332,0.0004812235016588848
1524.8841044722185,1524.8841044722185,1.0007033690379223,0.0004810896089803187
1524.8910489020714,1524.8910489020714,1.0003535559645163,0.0004810016312442247
1524.8979933319013,1524.8979933319013,0.999526686983107,0.00048075932591595566
1524.904937761685,1524.904937761685,1.0000910033114354,0.000481147269214419
1524.911882191433,1524.911882191433,0.9994815120432949,0.0004808581588663334
1524.9188266211581,1524.9188266211581,1.0001520009001024,0.0004811111149927125
1524.925771050825,1524.925771050825,0.999992805274943,0.0004808965585334176
1524.9327154804453,1524.9327154804453,1.00038412355494,0.00048124538605609794
1524.9396599100423,1524.9396599100423,1.00021019980599,0.0004811352488953676
1524.9466043396278,1524.9466043396278,1.000162727955439,0.0004810864314618186
1524.953548769155,1524.953548769155,1.0002961114463989,0.00048105256929086503
1524.9604931986355,1524.9604931986355,0.9987333176502957,0.0004810526402783297
1524.9674376280932,1524.9674376280932,1.0004652535565202,0.00048093447614876855
1524.9743820574924,1524.9743820574924,0.9996777470057745,0.000480898915470251
1524.9813264868676,1524.9813264868676,0.9997953753052476,0.0004809680371046573
1524.9882709162207,1524.9882709162207,1.00048522686772,0.0004811433264489752
1524.9952153455035,1524.9952153455035,0.9999848906419799,0.0004809067456758482
1525.0021597747625,1525.0021597747625,1.000855813438987,0.0004809909964103764
1525.0091042039871,1525.0091042039871,0.9987225503085192,0.00048071642098045455
1525.016048633177,1525.016048633177,1.000450654602378,0.0004811189008707339
1525.0229930623082,1525.0229930623082,1.0002962746522253,0.0004810441154863671
1525.0299374914161,1525.0299374914161,1.0002240420398274,0.00048106242482332163
1525.0368819205012,1525.0368819205012,1.000011522257912,0.00048108514300092666
1525.0438263495157,1525.0438263495157,0.9999025217793477,0.0004810269298962633
1525.0507707785196,1525.0507707785196,0.999657587385219,0.0004808450934991889
1525.0577152074645,1525.0577152074645,0.9996208999685159,0.000481025137460615
1525.064659636386,1525.064659636386,1.0003604931218117,0.0004811766008907231
1525.0716040652617,1525.0716040652617,0.9999799059410457,0.0004810552503596318
1525.078548494102,1525.078548494102,0.9994854247989162,0.00048106564078381444
1525.0854929228958,1525.0854929228958,1.0000825581538952,0.00048117342055118133
1525.0924373516661,1525.0924373516661,1.0005879013193437,0.0004810718414760335
1525.09938178039,1525.09938178039,1.0000967079056085,0.0004810331750162423
1525.1063262090674,1525.1063262090674,0.9997788898447991,0.0004809192686952821
1525.1132706377216,1525.1132706377216,0.9999650306080528,0.00048088073332659817
1525.1202150663294,1525.1202150663294,0.9994795640160554,0.00048081374554711614
1525.1271594948898,1525.1271594948898,1.0004340251579513,0.00048123340510896115
1525.134103923428,1525.134103923428,1.0002523283700655,0.00048133225235746127
1525.141048351919,1525.141048351919,1.000365927833708,0.00048130108383929977
1525.147992780375,1525.147992780375,0.9994817158875378,0.00048081092142869785
1525.1549372087961,1525.1549372087961,1.0002138794773094,0.0004809295623077991
1525.1618816371595,1525.1618816371595,0.9998527672800265,0.00048104928523632056
1525.1688260654992,1525.1688260654992,0.9997904032217699,0.0004807508444863298
1525.1757704938038,1525.1757704938038,1.0002245535025551,0.0004809844493410087
1525.1827149220505,1525.1827149220505,1.0003132651903888,0.0004810067722753008
1525.1896593502854,1525.1896593502854,0.9993556828395581,0.0004807615640569228
1525.196603778474,1525.196603778474,1.0000913363827788,0.0004810821520548892
1525.203548206616,1525.203548206616,1.0004047292780665,0.00048094069599435374
1525.2104926347108,1525.2104926347108,0.9992358064997207,0.0004810928796940817
1525.2174370627831,1525.2174370627831,1.0001179102146456,0.0004809506532967815
1525.224381490797,1525.224381490797,1.0000676331935359,0.00048080220591801843
1525.2313259187872,1525.2313259187872,1.0006595824549973,0.0004814428376401033
1525.2382703467313,1525.2382703467313,0.9997220609717665,0.0004809969308612546
1525.2452147746521,1525.2452147746521,1.0004134573542875,0.0004811520353771454
1525.2521592025028,1525.2521592025028,1.0000927799887072,0.0004810090194809293
1525.2591036303534,1525.2591036303534,0.9993156708429891,0.0004809314086334217
1525.2660480581349,1525.2660480581349,0.9998481348283506,0.0004808498542346281
1525.2729924858925,1525.2729924858925,0.9996903357465603,0.0004809007058263036
1525.2799369136033,1525.2799369136033,1.0000367221135575,0.0004809720209043718
1525.2868813412679,1525.2868813412679,0.9994217416860028,0.00048085967768681046
1525.2938257689093,1525.2938257689093,1.000229483922672,0.00048105634306272807
1525.3007701965153,1525.3007701965153,1.0002932335248331,0.0004811963532846764
1525.3077146240635,1525.3077146240635,0.9993855787591835,0.0004807581286677097
1525.3146590515769,1525.3146590515769,1.0003578277172416,0.00048107102402927034
1525.321603479055,1525.321603479055,1.0002117813533355,0.0004811207585659125
1525.3285479064866,1525.3285479064866,0.9998839622432714,0.0004809028721314496
1525.3354923338838,1525.3354923338838,1.0003467990844244,0.00048110443217849123
1525.3424367612336,1525.3424367612336,0.9991813579924228,0.00048081550960088883
1525.3493811885724,1525.3493811885724,0.9995058328531388,0.0004808637839141608
1525.3563256158413,1525.3563256158413,1.0002671905256215,0.00048098255273609693
1525.3632700430746,1525.3632700430746,1.0002710586231083,0.0004812002493387193
1525.3702144702854,1525.3702144702854,1.0000780838975465,0.0004810040023377028
1525.3771588974264,1525.3771588974264,0.9997884786989661,0.0004811445706273832
1525.384103324555,1525.384103324555,0.9999888923465109,0.0004809344476348051
1525.391047751626,1525.391047751626,1.000095606404902,0.0004811884721508192
1525.3979921786736,1525.3979921786736,0.9999122955568499,0.0004810599752928687
1525.4049366056745,1525.4049366056745,1.0000710952582577,0.0004809164397946251
1525.4118810326288,1525.4118810326288,1.0002078672382562,0.00048084879721046515
1525.4188254595485,1525.4188254595485,0.9999581257765277,0.000480988285569881
1525.4257698864212,1525.4257698864212,0.999761069436313,0.00048090094122323795
1525.4327143132593,1525.4327143132593,1.000025233720804,0.00048078654651711886
1525.4396587400622,1525.4396587400622,0.9999159141484908,0.00048104120498333215
1525.4466031668187,1525.4466031668187,0.9997877570875225,0.000480850143080066
1525.4535475935288,1525.4535475935288,0.9998393685577722,0.0004809204352695634
1525.4604920202153,1525.4604920202153,1.0008521724549433,0.00048127213341239087
1525.467436446856,1525.467436446856,0.9997845820428433,0.0004809536684304782
1525.4743808734493,1525.4743808734493,0.999984598741303,0.00048104504546656203
1525.4813252999961,1525.4813252999961,0.9998586165244422,0.00048099244850042833
1525.4882697265198,1525.4882697265198,0.9997551827957458,0.00048104033778351266
1525.4952141529968,1525.4952141529968,0.9999012142138474,0.0004809508599333017
1525.502158579439,1525.502158579439,0.9998928068116293,0.0004809630843590134
1525.5091030058345,1525.5091030058345,1.0006368975924154,0.00048127808320405565
1525.516047432184,1525.516047432184,1.000194646765668,0.0004809210092173024
1525.5229918584978,1525.5229918584978,1.0001268587126355,0.00048110304739573223
1525.5299362847654,1525.5299362847654,0.999732115843844,0.0004809983433363703
1525.5368807110094,1525.5368807110094,1.0000721362199756,0.00048101564531302497
1525.543825137184,1525.543825137184,0.9994266656768452,0.0004807569508928441
1525.5507695633587,1525.5507695633587,0.9997301469782673,0.00048085657647250893
1525.5577139894626,1525.5577139894626,0.9997997154044812,0.00048087155562392584
1525.5646584155213,1525.5646584155213,1.0006100718263862,0.0004809667965949842
1525.571602841556,1525.571602841556,0.9995329135816016,0.00048096649787665797
1525.578547267532,1525.578547267532,1.000250576506657,0.0004811778308437801
1525.585491693486,1525.585491693486,1.0004416727910699,0.000481091761693931
1525.5924361193922,1525.5924361193922,1.0002912875037968,0.00048111571102995134
1525.5993805452638,1525.5993805452638,0.9998137702075904,0.00048104389646116
1525.6063249710892,1525.6063249710892,1.000299699219847,0.0004809925973248354
1525.6132693968561,1525.6132693968561,0.9999250627498766,0.0004810182148593054
1525.6202138225995,1525.6202138225995,0.9997970521688828,0.0004809933705756619
1525.6271582483084,1525.6271582483084,0.999470611406905,0.0004812108194495909
1525.6341026739592,1525.6341026739592,1.0002077650503707,0.00048134634876034787
1525.6410470995863,1525.6410470995863,0.9995555028711429,0.0004810538247695704
1525.6479915251555,1525.6479915251555,0.999553157648623,0.0004811713811966775
1525.6549359506776,1525.6549359506776,1.0006224423352348,0.0004811545859747463
1525.6618803761771,1525.6618803761771,1.0003136454369823,0.00048104817272516195
1525.6688248016299,1525.6688248016299,1.000234313107449,0.000481099237972481
1525.6757692270473,1525.6757692270473,0.999778233348471,0.00048096632985491643
1525.682713652407,1525.682713652407,1.0004625338284012,0.0004808547036801827
1525.6896580777434,1525.6896580777434,0.9999488575696152,0.00048113434775409633
1525.696602503021,1525.696602503021,1.0002388095543981,0.000481070582408305
1525.7035469282876,1525.7035469282876,0.9990919113213586,0.0004807591921385043
1525.7104913534608,1525.7104913534608,0.9996138754028252,0.000480995610562986
1525.7174357786225,1525.7174357786225,1.0002810400875717,0.0004809600579608208
1525.7243802037374,1525.7243802037374,0.999907755313903,0.00048109855006873823
1525.7313246288174,1525.7313246288174,1.0003218976686559,0.00048119852687655634
1525.7382690538514,1525.7382690538514,1.0005502935100754,0.0004810728039309186
1525.7452134788498,1525.7452134788498,0.9998292666236278,0.0004809771653734034
1525.7521579038016,1525.7521579038016,1.0000364123886336,0.000481112934292905
1525.7591023287075,1525.7591023287075,0.9999823271515907,0.0004812705446947587
1525.7660467535666,1525.7660467535666,0.9995914913888999,0.00048099315402756114
1525.7729911784015,1525.7729911784015,1.0003406192214874,0.0004810225290785058
1525.7799356031792,1525.7799356031792,0.9999839994030163,0.00048101432351775695
1525.7868800279105,1525.7868800279105,0.9998507653983453,0.000481215032100826
1525.7938244526176,1525.7938244526176,0.9998904255874523,0.0004810769466161646
1525.8007688772784,1525.8007688772784,1.0003300821263403,0.00048111412687930317
1525.8077133018817,1525.8077133018817,0.9998145346762121,0.00048114602220945883
1525.8146577264376,1525.8146577264376,0.9999368932036774,0.00048139258589177333
1525.821602150982,1525.821602150982,0.9997523010310614,0.000481023343349584
1525.8285465754573,1525.8285465754573,1.0004647539251663,0.00048119992938355
1525.8354909999084,1525.8354909999084,0.9994888285981942,0.00048103641218293514
1525.842435424302,1525.842435424302,1.0003114236317785,0.0004811099083176521
1525.8493798486602,1525.8493798486602,1.0004145349163447,0.00048133387977571514
1525.8563242729715,1525.8563242729715,0.9994352646948107,0.0004810707608978602
1525.8632686972373,1525.8632686972373,1.000611995802547,0.00048138952714315105
1525.8702131214675,1525.8702131214675,0.9990325267983687,0.0004807708818018063
1525.8771575456626,1525.8771575456626,1.0001190372155118,0.00048117043467493895
1525.8841019698002,1525.8841019698002,0.99953263028404,0.000480976255935357
1525.8910463938787,1525.8910463938787,1.0003036363273359,0.0004811558898991287
1525.897990817946,1525.897990817946,1.000912437757791,0.00048120718758679385
1525.9049352419784,1525.9049352419784,1.0005580373083152,0.0004813040582795351
1525.9118796659413,1525.9118796659413,0.9999369618210213,0.0004812505321862241
1525.9188240898686,1525.9188240898686,0.9993688928481997,0.0004811823765913111
1525.9257685137497,1525.9257685137497,0.9996228898843877,0.0004810840215621573
1525.9327129375843,1525.9327129375843,0.9995483494677011,0.00048112785590072283
1525.9396573614188,1525.9396573614188,1.0005471482715014,0.00048122827498194785
1525.9466017851369,1525.9466017851369,0.9996016136699815,0.0004809480857424554
1525.9535462088547,1525.9535462088547,1.000477521683211,0.00048114595506846105
1525.9604906325264,1525.9604906325264,0.9994498066724808,0.0004808980602134999
1525.967435056151,1525.967435056151,1.0003325928140296,0.00048128202406996
1525.9743794797294,1525.9743794797294,1.0000544433121807,0.0004809403722278789
1525.9813239032615,1525.9813239032615,0.9998956675022818,0.00048120531031913027
1525.9882683267465,1525.9882683267465,1.0003072544011853,0.000481081486118799
1525.9952127502086,1525.9952127502086,1.0005702240081005,0.00048111750500397536
1526.0021571736238,1526.0021571736238,1.0001902274071601,0.0004810815691283892
1526.0091015969808,1526.0091015969808,0.9995665518110111,0.00048088492212414397
1526.016046020303,1526.016046020303,0.9990796867896645,0.0004808000521987949
1526.0229904435673,1526.0229904435673,0.9999770824859612,0.0004812575470816741
1526.0299348667845,1526.0299348667845,1.0002065172864465,0.00048121108690897687
1526.0368792899787,1526.0368792899787,1.0001695553311483,0.0004810297962197065
1526.0438237131268,1526.0438237131268,1.0002092814978152,0.00048118998569265
1526.0507681362274,1526.0507681362274,1.000283356196381,0.0004809690663100442
1526.0577125592822,1526.0577125592822,0.9996032094687506,0.00048110007602631625
1526.0646569822782,1526.0646569822782,0.9998427989512463,0.0004811072818978193
1526.0716014052512,1526.0716014052512,1.000494746023413,0.0004812287417342736
1526.0785458281546,1526.0785458281546,0.9999264299968049,0.00048118429345167296
1526.085490251046,1526.085490251046,0.999944481685534,0.00048134934828945674
1526.092434673879,1526.092434673879,0.9994963376315397,0.0004809093110717449
1526.0993790966777,1526.0993790966777,1.000394585383766,0.00048127522131878494
1526.1063235194063,1526.1063235194063,0.9996683878150898,0.0004812093241383168
1526.1132679421112,1526.1132679421112,1.0001237274573742,0.0004810667379259603
1526.1202123647583,1526.1202123647583,1.0005044800468101,0.00048118579439808797
1526.1271567873705,1526.1271567873705,0.9997839388639884,0.0004812232026276419
1526.134101209936,1526.134101209936,0.9997201665218028,0.000481064077039334
1526.1410456324552,1526.1410456324552,0.9999751193938821,0.00048116253224109114
1526.147990054927,1526.147990054927,1.0007556597351162,0.00048131397162206636
1526.1549344773534,1526.1549344773534,0.9995132276737533,0.0004810806225037809
1526.1618788997325,1526.1618788997325,0.9998069909728446,0.00048118684698138724
1526.1688233220534,1526.1688233220534,1.0000716451434322,0.0004809819628023014
1526.1757677443745,1526.1757677443745,1.000050927138695,0.0004811838427309688
1526.1827121666142,1526.1827121666142,0.9993854392400134,0.00048107871457112126
1526.1896565888305,1526.1896565888305,1.0001294275804493,0.0004810816916052731
1526.1966010109652,1526.1966010109652,0.9998109044971202,0.0004810571710715078
1526.2035454330885,1526.2035454330885,1.0008150668928664,0.00048125345504914963
1526.2104898551647,1526.2104898551647,1.0003701867745807,0.0004812312491796449
1526.2174342771837,1526.2174342771837,1.000236176228772,0.00048108252749263076
1526.2243786991435,1526.2243786991435,0.9989962326356487,0.00048074916611024886
1526.2313231210803,1526.2313231210803,1.000218171224098,0.0004810208623022238
1526.238267542971,1526.238267542971,0.9998041373881804,0.00048094707442615964
1526.2452119648028,1526.2452119648028,1.0004288180266898,0.00048108946548342766
1526.2521563865885,1526.2521563865885,1.0000596189779873,0.000481089740503293
1526.259100808327,1526.259100808327,0.9994949605289895,0.00048103542218509726
1526.266045230043,1526.266045230043,0.9997264274009929,0.0004810787435214058
1526.2729896517008,1526.2729896517008,1.000029518424105,0.00048123072154266646
1526.2799340732997,1526.2799340732997,1.00066687770596,0.0004811623131849267
1526.2868784948641,1526.2868784948641,1.00018592633683,0.00048112552366998617
1526.2938229163822,1526.2938229163822,1.0000542073140326,0.00048107767744806076
1526.30076733783,1526.30076733783,0.9999755524544309,0.0004813381472011325
1526.3077117592777,1526.3077117592777,0.9999362975673322,0.00048126377817324346
1526.3146561806443,1526.3146561806443,0.9997292479940484,0.0004811605914808993
1526.3216006019873,1526.3216006019873,0.9996771471873203,0.0004812819045169766
1526.3285450232725,1526.3285450232725,1.0002313199487927,0.0004810523806320371
1526.335489444511,1526.335489444511,0.9994803963681449,0.0004810203934004593
1526.3424338657026,1526.3424338657026,0.9994931344759141,0.00048105871001742075
1526.349378286848,1526.349378286848,1.0010795481377615,0.0004814825418581928
1526.3563227079353,1526.3563227079353,1.0003356277437148,0.00048139660349973514
1526.363267128987,1526.363267128987,1.0001481937958898,0.0004809931462608705
1526.3702115499927,1526.3702115499927,0.9998638116392066,0.00048118769333111886
1526.3771559709514,1526.3771559709514,0.999717602181947,0.0004808704261281307
1526.3841003918642,1526.3841003918642,0.9998752683280024,0.0004810301580495846
1526.3910448127301,1526.3910448127301,0.9997374283592029,0.0004809760976215934
1526.3979892335378,1526.3979892335378,1.0003782163776571,0.000481380402733013
1526.40493365431,1526.40493365431,0.9992716643346355,0.0004809847445052556
1526.4118780750248,1526.4118780750248,1.000642116564047,0.0004813936143570361
1526.4188224957047,1526.4188224957047,1.0005274642729363,0.0004816130161419128
1526.4257669163258,1526.4257669163258,0.9996378118110755,0.000481164520805018
1526.4327113369009,1526.4327113369009,0.9998359199302144,0.00048118750676888174
1526.4396557574403,1526.4396557574403,0.9999602511758496,0.00048112676390886673
1526.4466001779108,1526.4466001779108,0.9997637765357471,0.00048122291047656416
1526.453544598346,1526.453544598346,1.0004493229282079,0.0004810373008573554
1526.4604890187456,1526.4604890187456,0.9996426908251357,0.0004809683756397842
1526.4674334390763,1526.4674334390763,1.000180902007252,0.0004811638883835414
1526.4743778593602,1526.4743778593602,0.9997665237572368,0.00048093619186012626
1526.4813222796206,1526.4813222796206,1.0002404578690733,0.00048098056616707773
1526.4882666998112,1526.4882666998112,0.9998965400949285,0.0004811234801184155
1526.495211119967,1526.495211119967,1.0001157378263785,0.00048102808404980356
1526.5021555400642,1526.5021555400642,1.0000035822698297,0.0004811122905093775
1526.5090999601157,1526.5090999601157,1.0004963623369618,0.00048112466380254563
1526.5160443801317,1526.5160443801317,0.9990524705245598,0.0004810695368218476
1526.5229888000658,1526.5229888000658,0.9998425160031875,0.0004811514679138101
1526.5299332199772,1526.5299332199772,1.0005154248652777,0.000481161850937483
1526.5368776398304,1526.5368776398304,0.9999571098759527,0.00048113261521030284
1526.5438220596368,1526.5438220596368,1.0009379379936205,0.0004811653565617132
1526.5507664793965,1526.5507664793965,0.999688125213809,0.0004810788681204681
1526.5577108990983,1526.5577108990983,0.9995410026917473,0.0004811031779002362
1526.5646553187767,1526.5646553187767,0.9997648837070487,0.0004811779854322617
1526.5715997383854,1526.5715997383854,0.9998385708685105,0.0004812551264501004
1526.5785441579476,1526.5785441579476,1.0001591339266185,0.00048101664310140234
1526.5854885774627,1526.5854885774627,0.999696683283551,0.00048093145048350015
1526.5924329969082,1526.5924329969082,1.0004526154727202,0.0004813047945088896
1526.5993774163305,1526.5993774163305,1.000306108394787,0.00048107865048232996
1526.6063218357062,1526.6063218357062,1.000179304437478,0.00048108141086875884
1526.613266255024,1526.613266255024,0.9999195780278536,0.00048115717926362664
1526.6202106742946,1526.6202106742946,0.9982825315743804,0.00048080267046493564
1526.6271550935194,1526.6271550935194,1.0002610104562282,0.0004812122433630467
1526.634099512674,1526.634099512674,1.000192902813707,0.00048109277676076196
1526.6410439317935,1526.6410439317935,0.9999178536285512,0.0004811989580725694
1526.6479883508784,1526.6479883508784,1.0002444587117203,0.0004812832139664343
1526.654932769893,1526.654932769893,1.000178603845889,0.0004811894445351647
1526.6618771888611,1526.6618771888611,0.9997618139485409,0.0004812072644942244
1526.6688216077832,1526.6688216077832,0.9996961589474378,0.0004808936692467278
1526.6757660266353,1526.6757660266353,1.0000568927851408,0.0004811082825056792
1526.6827104454633,1526.6827104454633,1.000629932326536,0.00048121463124209754
1526.689654864234,1526.689654864234,0.9996015404719849,0.00048103954079976136
1526.6965992829578,1526.6965992829578,0.9999862665638981,0.0004811094068096325
1526.7035437016234,1526.7035437016234,0.9997632755417587,0.0004813037497794786
1526.7104881202424,1526.7104881202424,0.9996946831455583,0.000480971783630214
1526.7174325387916,1526.7174325387916,1.0003823830813674,0.0004812762338838755
1526.7243769573174,1526.7243769573174,0.9996974004461683,0.00048075492638384595
1526.7313213757848,1526.7313213757848,0.9994902752714425,0.0004807892693105955
1526.738265794183,1526.738265794183,1.0002018243366557,0.0004813569401480953
1526.7452102125578,1526.7452102125578,1.0004455016104545,0.00048111977748633607
1526.7560435050802,1526.7560435050802,1.0005110376045387,0.00048134440737273323
1526.7688212346077,1526.7688212346077,1.0007291576646817,0.00048129805486879013
1526.775765652749,1526.775765652749,0.999901144669764,0.00048110547152827883
1526.7827100708328,1526.7827100708328,0.9995271327788957,0.0004810931957147693
1526.7896544888695,1526.7896544888695,1.0001017317156407,0.00048120607308946355
1526.7965989068598,1526.7965989068598,0.9995229464805135,0.00048075685181271226
1526.8035433247926,1526.8035433247926,1.0006595293895075,0.00048118184758834783
1526.8104877426663,1526.8104877426663,0.9992535555245781,0.0004807258229902649
1526.8174321604936,1526.8174321604936,1.0001713831615233,0.00048087120632193844
1526.8243765782627,1526.8243765782627,0.9994881503543182,0.00048065701426025563
1526.8313209959967,1526.8313209959967,1.0001838037255577,0.00048097639504458617
1526.8382654136615,1526.8382654136615,1.0004000610499908,0.0004812217988121769
1526.845209831291,1526.845209831291,1.0006574820556586,0.00048100186524079264
1526.8521542488509,1526.8521542488509,0.9996201728574517,0.00048073336407585725
1526.8590986663635,1526.8590986663635,0.9997942554885684,0.00048117530911291194
1526.8660430838302,1526.8660430838302,0.9999921799051098,0.0004809539713676046
1526.8729875012268,1526.8729875012268,1.0004446041170578,0.00048108175741290666
1526.8799319185887,1526.8799319185887,1.0003584969221895,0.0004810242365344511
1526.886876335892,1526.886876335892,0.9993750081833863,0.0004808629737448572
1526.893820753149,1526.893820753149,0.9999925084972949,0.0004810192753252609
1526.9007651703482,1526.9007651703482,0.9999193138809543,0.00048116823540637405
1526.9077095874886,1526.9077095874886,0.9993333868373963,0.0004812044742099937
1526.9146540045942,1526.9146540045942,1.0000681007891672,0.00048129832025545796
1526.9215984216069,1526.9215984216069,0.9997453937127772,0.0004810196032952466
1526.9285428385958,1526.9285428385958,1.0003748281816738,0.0004812801730409297
1526.9354872555266,1526.9354872555266,1.0004479308036944,0.0004813505992230134
1526.9424316724114,1526.9424316724114,1.0001052854262713,0.0004811514613454371
1526.9493760892494,1526.9493760892494,0.9999186078761388,0.00048107781544522827
1526.9563205060053,1526.9563205060053,1.0000178190923297,0.0004813458128122514
1526.9632649227156,1526.9632649227156,0.999945856211076,0.0004812272100377695
1526.9702093393785,1526.9702093393785,1.0004518201557628,0.00048119114369932377
1526.9771537559836,1526.9771537559836,0.999985708423042,0.0004811221622510205
1526.984098172554,1526.984098172554,0.9995763715868199,0.0004810118857987775
1526.9910425890544,1526.9910425890544,0.9991982974890998,0.00048110572331836143
1526.9979870054847,1526.9979870054847,1.0001204466932223,0.00048121974715458984
1527.00493142188,1527.00493142188,1.0003518292120792,0.000481200359442816
1527.0118758382173,1527.0118758382173,1.0002090616616548,0.00048097681148750424
1527.0188202544966,1527.0188202544966,0.9997270074313886,0.00048097169528076055
1527.0257646707405,1527.0257646707405,1.0005324112819485,0.0004812789374572716
1527.0327090868914,1527.0327090868914,1.000206284692167,0.0004811758306953813
1527.0396535030077,1527.0396535030077,1.0000140054853381,0.00048098515173332736
1527.0465979190772,1527.0465979190772,1.000028132370439,0.0004809831055005151
1527.0535423350882,1527.0535423350882,0.999661189599123,0.00048097233497244987
1527.060486751042,1527.060486751042,0.9996296410978871,0.00048100351984092695
1527.0674311669363,1527.0674311669363,1.0003695636466223,0.000481192855419616
1527.0743755827732,1527.0743755827732,1.0002957679008826,0.00048118138092239314
1527.0813199985516,1527.0813199985516,0.99969267842809,0.0004810765793685291
1527.0882644142835,1527.0882644142835,0.9997905970230114,0.0004810090425054291
1527.0952088299343,1527.0952088299343,1.0001617138590446,0.00048121139302044697
1527.102153245561,1527.102153245561,0.9998742238220177,0.00048112917477045663
1527.1090976611304,1527.1090976611304,0.9988110545457347,0.0004809626918515477
1527.116042076641,1527.116042076641,1.0002250044991414,0.00048110839402014095
1527.122986492082,1527.122986492082,0.9999278379951031,0.0004809602396196965
1527.1299309074875,1527.1299309074875,1.000064720384026,0.0004810035809085604
1527.1368753228242,1527.1368753228242,1.000348471029083,0.00048102663080938667
1527.14381973809,1527.14381973809,1.0004546445823341,0.00048109280885205036
1527.15076415331,1527.15076415331,1.0003300566862514,0.0004810102565773182
1527.1577085684833,1527.1577085684833,0.9996480480544998,0.0004809197092278779
1527.1646529835864,1527.1646529835864,0.9995097578055729,0.0004809515851205779
1527.1715973986315,1527.1715973986315,0.9998954878219571,0.0004811688625944695
1527.178541813642,1527.178541813642,1.0002427465138284,0.0004809051416665439
1527.1854862285588,1527.1854862285588,1.0002716675828924,0.0004809820371526606
1527.1924306434523,1527.1924306434523,0.9994565863837025,0.0004809666586948729
1527.1993750582762,1527.1993750582762,1.0001287021305028,0.00048102834286962385
1527.2063194730417,1527.2063194730417,1.0001688822599797,0.0004812135277839787
1527.2132638877376,1527.2132638877376,1.0000601942141703,0.00048108191737985547
1527.2202083023872,1527.2202083023872,0.9993880251943044,0.0004809367809801765
1527.227152716978,1527.227152716978,1.0002025132584635,0.0004811580557648809
1527.234097131511,1527.234097131511,1.0002039884766778,0.0004810867126721914
1527.241041545997,1527.241041545997,1.0006012632584849,0.0004809090901656241
1527.2479859603902,1527.2479859603902,0.9992808612478434,0.0004808558848230604
1527.2549303747605,1527.2549303747605,0.9999484193915184,0.000481101450006635
1527.2618747890601,1527.2618747890601,1.00026198378106,0.00048103542436243527
1527.2688192032906,1527.2688192032906,0.9995208918291502,0.0004809485879159451
1527.275763617474,1527.275763617474,1.0000340850832852,0.000480947051362197
1527.2827080315878,1527.2827080315878,1.0007485220404853,0.00048117705461721603
1527.2896524456548,1527.2896524456548,1.000219703331926,0.00048115113641528063
1527.2965968596523,1527.2965968596523,0.9996362728672636,0.00048099587328986274
1527.303541273603,1527.303541273603,0.9997512372555943,0.00048091043905251936
1527.310485687484,1527.310485687484,1.0001243366402939,0.00048112278076567033
1527.3174301013066,1527.3174301013066,0.9999602481222685,0.0004809581545125694
1527.3243745150592,1527.3243745150592,0.999684392567171,0.00048107464790438103
1527.331318928766,1527.331318928766,1.000120030497396,0.000481209732654764
1527.3382633424253,1527.3382633424253,0.999846404753755,0.0004813059244748453
1527.345207756004,1527.345207756004,0.9999438623087535,0.0004811113730344571
1527.3521521695236,1527.3521521695236,1.0002818551170358,0.0004812930459573123
1527.359096582974,1527.359096582974,1.0000485123643164,0.0004811434262640838
1527.366040996389,1527.366040996389,1.0003555755575495,0.000481216575495859
1527.3729854097346,1527.3729854097346,0.9998108429194159,0.00048105347887234044
1527.3799298230101,1527.3799298230101,0.9995878227659727,0.0004811179443061567
1527.3868742362272,1527.3868742362272,0.999991003855763,0.00048101963483920547
1527.393818649387,1527.393818649387,1.0003291759068742,0.0004812537142800927
1527.4007630624876,1527.4007630624876,1.0001824655642806,0.00048119479266279716
1527.4077074755303,1527.4077074755303,0.999892613991524,0.00048125941432648485
1527.4146518884913,1527.4146518884913,0.9997756487401013,0.00048110255532273546
1527.4215963014062,1527.4215963014062,0.9999763999575173,0.0004809699559044665
1527.4285407142625,1527.4285407142625,1.0003362642365545,0.00048116642696735535
1527.4354851270377,1527.4354851270377,0.9997381779512844,0.0004811652466242014
1527.4424295397546,1527.4424295397546,1.0002602475558582,0.0004810630515292349
1527.449373952436,1527.449373952436,0.9993946714650109,0.00048139723746828207
1527.4563183650248,1527.4563183650248,1.00014139595507,0.00048129904510929003
1527.4632627775784,1527.4632627775784,0.9999424153092716,0.00048110363212238024
1527.4702071900392,1527.4702071900392,1.0002440934761627,0.00048113284369782525
1527.4771516024653,1527.4771516024653,1.00020260754377,0.00048137896326794894
1527.4840960148092,1527.4840960148092,1.000036316101491,0.00048109910471874054
1527.4910404270956,1527.4910404270956,0.9998693962508375,0.0004811768705411769
1527.497984839323,1527.497984839323,1.000044302355128,0.00048123924598921587
1527.5049292514693,1527.5049292514693,1.0001776300343679,0.0004810942986922482
1527.511873663581,1527.511873663581,0.9998528777069658,0.00048097598070505327
1527.5188180756109,1527.5188180756109,0.9996189038064491,0.000481174398783487
1527.5257624875708,1527.5257624875708,1.000170277077736,0.0004812068203462863
1527.5327068994848,1527.5327068994848,1.0000212300256361,0.00048120529045672195
1527.539651311328,1527.539651311328,1.000185384262902,0.00048131838532058664
1527.5465957230901,1527.5465957230901,1.0000916520468768,0.00048106923020316153
1527.553540134794,1527.553540134794,1.0000163915207803,0.00048103907941131655
1527.5604845464397,1527.5604845464397,0.9997678529832428,0.00048127199660662895
1527.567428958004,1527.567428958004,1.0002065869279597,0.00048124345511324555
1527.574373369545,1527.574373369545,1.0000460058962903,0.00048119924387275443
1527.5813177810046,1527.5813177810046,1.0000458623429014,0.0004812098147160647
1527.5882621923943,1527.5882621923943,0.9996031210828313,0.00048102683209118443
1527.5952066036905,1527.5952066036905,0.9998259530217352,0.0004814679310508955
1527.602151014952,1527.602151014952,1.0005540385617953,0.00048127474756658547
1527.6090954261322,1527.6090954261322,0.9999938375512188,0.000481244207537406
1527.6160398372658,1527.6160398372658,0.9997313990625475,0.0004809948389928109
1527.6229842483176,1527.6229842483176,0.9997005246494766,0.0004810823156996059
1527.6299286593003,1527.6299286593003,0.9998597387795698,0.0004811306054368196
1527.6368730702357,1527.6368730702357,1.0003178072849916,0.00048109118095778137
1527.6438174810778,1527.6438174810778,1.0004385926738801,0.0004813245660006741
1527.6507618918854,1527.6507618918854,0.9996619945177191,0.0004810421755904532
1527.6577063026,1527.6577063026,0.9999450008467454,0.0004811585201349866
1527.6646507132562,1527.6646507132562,0.9999000201812678,0.0004810827299774537
1527.6715951238423,1527.6715951238423,1.0001278361416146,0.0004809974497225874
1527.6785395343709,1527.6785395343709,1.0001866435337992,0.000480948228201154
1527.6854839448176,1527.6854839448176,0.9997244214658574,0.00048108095544910687
1527.6924283551944,1527.6924283551944,1.0001979792763178,0.00048102927451631973
1527.6993727655124,1527.6993727655124,1.0004522057310643,0.0004813415289721157
1527.7063171757613,1527.7063171757613,0.999684353226004,0.0004808792614610112
1527.7132615859405,1527.7132615859405,1.000100410748511,0.0004810944139634362
1527.7202059960375,1527.7202059960375,0.9997667054408824,0.000481170530497363
1527.7271504061005,1527.7271504061005,0.9994488025029271,0.00048109632764718963
1527.7340948160697,1527.7340948160697,1.0001628077713964,0.00048137221688275154
1527.7410392259694,1527.7410392259694,1.0001249209212073,0.00048120037082577773
1527.747983635787,1527.747983635787,0.9998702111658517,0.00048114774809448287
1527.7549280455703,1527.7549280455703,1.0004020427497966,0.0004813482149383869
1527.761872455272,1527.761872455272,1.0004088445248767,0.0004811215987097693
1527.768816864892,1527.768816864892,0.9995598030714785,0.00048093651887184865
1527.7757612744304,1527.7757612744304,0.9995758348400736,0.00048098017457726805
1527.7827056839346,1527.7827056839346,0.9996697007435777,0.0004810731950513669
1527.7896500933568,1527.7896500933568,1.0000891193596633,0.0004812264512335381
1527.7965945026854,1527.7965945026854,1.000132398447294,0.0004811105309376222
1527.8035389119684,1527.8035389119684,1.0008627976345528,0.0004811472327030359
1527.8104833211692,1527.8104833211692,1.000452252875098,0.000481061158481813
1527.8174277302885,1527.8174277302885,0.9993373726138509,0.00048113188201471906
1527.8243721393499,1527.8243721393499,1.000715108736901,0.00048131768141137675
1527.8313165483414,1527.8313165483414,0.9995179406721251,0.0004812212457139087
1527.8382609572514,1527.8382609572514,0.9994700454059708,0.0004810616720024875
1527.8452053661033,1527.8452053661033,0.9997452356034332,0.00048120280717244294
1527.8521497748736,1527.8521497748736,1.0002040805333268,0.00048147840728611486
1527.8590941835505,1527.8590941835505,0.9998980307947202,0.00048110459563851973
1527.866038592193,1527.866038592193,1.000525016680865,0.0004812329702465174
1527.8729830007298,1527.8729830007298,1.000005333115128,0.00048123652989567135
1527.8799274092212,1527.8799274092212,0.9991478410884808,0.0004811310535187513
1527.8868718176304,1527.8868718176304,0.9996731935548212,0.0004810026534072929
1527.8938162259583,1527.8938162259583,1.000391359537946,0.00048121873280026594
1527.9007606342168,1527.9007606342168,1.0002566696584594,0.00048116599931804827
1527.907705042393,1527.907705042393,1.000567101932083,0.0004810684556553666
1527.9146494505228,1527.9146494505228,1.0004252399029891,0.00048113325193935096
1527.921593858548,1527.921593858548,0.9990592747840354,0.0004809170366085379
1527.9285382665034,1527.9285382665034,1.0008724196167005,0.00048125465549786375
1527.9354826744006,1527.9354826744006,0.9997525313777874,0.00048093958773828333
1527.9424270821933,1527.9424270821933,0.9998162775723308,0.00048131993749438525
1527.9493714899386,1527.9493714899386,1.0000609006874688,0.0004813145115150929
1527.9563158976032,1527.9563158976032,1.0001850793610298,0.000481198498226336
1527.9632603051864,1527.9632603051864,0.9996015458779197,0.0004810998117903218
1527.9702047126873,1527.9702047126873,1.0000515713813956,0.0004811526685141126
1527.9771491201307,1527.9771491201307,0.9995323252642923,0.0004810217599658433
1527.9840935274806,1527.9840935274806,0.9997710923369931,0.0004812090732821322
1527.9910379347607,1527.9910379347607,1.0006160334753729,0.00048121562374670056
1527.9979823419594,1527.9979823419594,0.9996062314994324,0.000481061477611035
1528.004926749088,1528.004926749088,0.9999244393420534,0.0004812720621403396
1528.0118711561354,1528.0118711561354,1.0001045831285214,0.0004813199654275798
1528.0188155631129,1528.0188155631129,1.0000439615173804,0.0004810734776061648
1528.0257599700092,1528.0257599700092,1.0004137042949983,0.00048117985881551375
1528.0327043768234,1528.0327043768234,1.0003076610690935,0.0004812483367775903
1528.0396487835567,1528.0396487835567,0.9999641516057217,0.0004810822898812949
1528.0465931902313,1528.0465931902313,0.999888160158587,0.00048087185245035977
1528.0535375968013,1528.0535375968013,0.9993927101709863,0.0004811965411906027
1528.0604820032897,1528.0604820032897,1.0001280792807459,0.00048117957225184295
1528.0674264097202,1528.0674264097202,0.9997214102301267,0.0004811115367883852
1528.0743708160687,1528.0743708160687,1.0000735161374859,0.00048104859231875826
1528.081315222313,1528.081315222313,0.9993321630163668,0.000481002097874515
1528.088259628499,1528.088259628499,1.0005285782941669,0.00048135142830982286
1528.095204034603,1528.095204034603,1.000190503503055,0.00048108946829526175
1528.1021484406263,1528.1021484406263,1.000140073145873,0.0004811856978773431
1528.1090928465674,1528.1090928465674,0.9993155905435038,0.00048092359423470107
1528.1160372524155,1528.1160372524155,0.9997468791232293,0.00048112159579618934
1528.1229816582172,1528.1229816582172,1.0000794668228337,0.0004810781050305032
1528.129926063891,1528.129926063891,1.000527111905377,0.0004811881311516921
1528.136870469506,1528.136870469506,0.9999424555563057,0.0004811652103085362
1528.1438148750517,1528.1438148750517,1.0000186280362158,0.0004810817055199247
1528.150759280504,1528.150759280504,0.9999721762401425,0.0004810113756995255
1528.1577036858635,1528.1577036858635,0.9996769417584291,0.00048089527869145854
1528.1646480911418,1528.1646480911418,0.9992588110229731,0.00048098391651308514
1528.1715924963723,1528.1715924963723,1.0012180556499506,0.0004812096560376334
1528.178536901476,1528.178536901476,1.0007589133022532,0.0004810569499183239
1528.1854813065092,1528.1854813065092,1.0002709771982612,0.00048116876730186985
1528.192425711461,1528.192425711461,1.0007403816560956,0.0004812435455108915
1528.1993701163312,1528.1993701163312,0.9993358096496971,0.0004810734342711893
1528.2063145211082,1528.2063145211082,0.9996232612467271,0.0004812042884232783
1528.2132589258042,1528.2132589258042,0.9994777378766372,0.000480969625612209
1528.2202033304416,1528.2202033304416,0.9995559991166447,0.00048121684898691627
1528.2271477349395,1528.2271477349395,1.0001237098633982,0.0004813090833655693
1528.234092139391,1528.234092139391,1.0001992800217612,0.0004811296442866869
1528.2410365437377,1528.2410365437377,1.0004965964190764,0.00048124003028473573
1528.2479809480137,1528.2479809480137,0.9996735839113194,0.0004813003230284935
1528.254925352186,1528.254925352186,1.000599376961228,0.0004814577661138209
1528.2618697562996,1528.2618697562996,1.0002775367670105,0.00048120856852807185
1528.2688141603198,1528.2688141603198,0.9997712921169244,0.0004812025827861814
1528.2757585642241,1528.2757585642241,0.9996127448715815,0.000481150648376985
1528.282702968058,1528.282702968058,0.9996111950611499,0.00048106249787504223
1528.289647371811,1528.289647371811,0.9992995669559768,0.0004810014210106157
1528.2965917754705,1528.2965917754705,1.0007569082020868,0.00048170445371266255
1528.303536179037,1528.303536179037,0.9999051649875064,0.0004813562202526469
1528.3104805825337,1528.3104805825337,1.000560358224447,0.0004811970308325886
1528.317424985926,1528.317424985926,1.0000771308680334,0.00048128772849162824
1528.3243693892246,1528.3243693892246,1.0001318403856427,0.0004812505590471914
1528.331313792442,1528.331313792442,0.99944324719309,0.00048138578809926697
1528.3382581955661,1528.3382581955661,1.0004992239451493,0.00048145113630662054
1528.3452025985853,1528.3452025985853,1.000470460278145,0.00048124833229819253
1528.3521470015346,1528.3521470015346,0.9995623686007307,0.00048144346646899073
1528.3590914043912,1528.3590914043912,0.9998229390689082,0.0004813415396664391
1528.3660358071543,1528.3660358071543,0.9995260355589888,0.00048122190416278944
1528.3729802098244,1528.3729802098244,0.9998684365419145,0.0004812149631034657
1528.3799246123897,1528.3799246123897,0.9995420508460787,0.0004812352010187962
1528.386869014885,1528.386869014885,1.0006731376509908,0.0004812616028965426
1528.393813417276,1528.393813417276,1.0002828402063995,0.0004812857298836297
1528.4007578195735,1528.4007578195735,1.0000807168297632,0.00048114681095129917
1528.4077022217894,1528.4077022217894,0.9995670976208004,0.0004811550028865583
1528.4146466238894,1528.4146466238894,1.0004390517405621,0.0004811242288600406
1528.4215910259188,1528.4215910259188,0.9998398169629519,0.0004811627632552814
1528.428535427844,1528.428535427844,0.9993321687621515,0.0004809881783636611
1528.4354798296758,1528.4354798296758,1.0004529810947624,0.000481343007363525
1528.4424242314149,1528.4424242314149,1.0002487856896887,0.0004811109284031219
1528.4493686330486,1528.4493686330486,1.0005484684891255,0.0004813110875144567
1528.4563130345896,1528.4563130345896,0.9998639339218354,0.00048113951260602425
1528.463257436049,1528.463257436049,0.9995617135415837,0.00048118422539403336
1528.4702018374035,1528.4702018374035,1.000326162832949,0.0004813003985748861
1528.4771462386648,1528.4771462386648,1.0000002929357454,0.0004814809368427424
1528.48409063981,1528.48409063981,0.9998890796880844,0.0004812495713122617
1528.491035040874,1528.491035040874,0.9992968754368446,0.00048134948661247525
1528.4979794418557,1528.4979794418557,1.0005299551980964,0.00048138805364212413
1528.5049238427214,1528.5049238427214,0.9998415681789661,0.0004813621897019631
1528.5118682434938,1528.5118682434938,0.9999724307455656,0.0004811385406937027
1528.5188126441503,1528.5188126441503,0.9999854004493681,0.00048118680377001375
1528.525757044736,1528.525757044736,0.9994574412371856,0.0004813816968486309
1528.5327014452064,1528.5327014452064,0.9997170133489288,0.00048114925108424026
1528.5396458455712,1528.5396458455712,1.0004214425747209,0.00048128391751637537
1528.5465902458661,1528.5465902458661,0.9996975488548141,0.0004810905355859503
1528.5535346460335,1528.5535346460335,1.0004802325251159,0.0004813755201536076
1528.560479046107,1528.560479046107,1.0003165328841483,0.000481310612214235
1528.5674234460769,1528.5674234460769,1.0002976420532705,0.0004812457896927345
1528.5743678459528,1528.5743678459528,1.0002770389522186,0.0004812009004289932
1528.5813122457243,1528.5813122457243,0.9997408857522574,0.0004810753279780096
1528.5882566454025,1528.5882566454025,0.9997563948103971,0.0004809984594722629
1528.5952010449412,1528.5952010449412,1.000354289910769,0.0004812855949191351
1528.6021454444099,1528.6021454444099,0.9999487501676244,0.00048116665688138495
1528.6090898437853,1528.6090898437853,0.9989820541286429,0.0004811488681711213
1528.6160342430212,1528.6160342430212,1.0000434163723726,0.000481349909028137
1528.622978642187,1528.622978642187,1.0002921590859615,0.0004813803304117443
1528.629923041237,1528.629923041237,1.0006492106956237,0.0004816037876110581
1528.6368674401697,1528.6368674401697,1.000042875390197,0.0004813076023188397
1528.6438118390215,1528.6438118390215,0.999458104123436,0.0004811715507639194
1528.6507562377567,1528.6507562377567,1.0003582935948978,0.0004813581109693719
1528.6577006363755,1528.6577006363755,1.0008582789745,0.00048131652820385275
1528.6646450348778,1528.6646450348778,0.9992221248237341,0.00048112068204745793
1528.6715894333106,1528.6715894333106,0.9998026503555902,0.0004811418594509949
1528.678533831615,1528.678533831615,0.9992107408177249,0.00048108990362306334
1528.685478229838,1528.685478229838,1.0007089544659358,0.00048142460372152323
1528.6924226279211,1528.6924226279211,0.9993244008908514,0.00048112880775452797
1528.6993670259112,1528.6993670259112,1.000073226593094,0.0004814140956124287
1528.7063114237856,1528.7063114237856,1.000639103902182,0.0004813078493239193
1528.7132558215544,1528.7132558215544,0.9999327817171573,0.00048143642500733956
1528.720200219207,1528.720200219207,1.0005098056631827,0.00048146247111544705
1528.7271446167665,1528.7271446167665,1.000142916687472,0.0004812254811301429
1528.7340890142095,1528.7340890142095,1.0006496998385295,0.0004813968866377828
1528.7410334115477,1528.7410334115477,0.999537947688216,0.00048131863839737126
1528.747977808758,1528.747977808758,0.999292986153551,0.0004813599198371267
1528.7549222058751,1528.7549222058751,0.9992985342907076,0.0004815981456779566
1528.7618666028757,1528.7618666028757,1.0000390415614475,0.0004813494902692995
1528.76881099976,1528.76881099976,0.9997174825082841,0.0004812338934546705
1528.7757553965507,1528.7757553965507,1.0010186914179222,0.000481448333374155
1528.7826997932027,1528.7826997932027,0.9996957272040132,0.0004813105986760836
1528.7896441897606,1528.7896441897606,1.0003615458146702,0.00048139556039211056
1528.7965885861906,1528.7965885861906,0.9996313561645422,0.0004812204821681888
1528.8035329825163,1528.8035329825163,0.9998953578930798,0.0004813571750760442
1528.8104773787254,1528.8104773787254,1.000374912470668,0.00048129963287320217
1528.8174217748178,1528.8174217748178,1.0001604581037618,0.00048127762769507745
1528.8243661708057,1528.8243661708057,1.0002041197748972,0.00048124137888430325
1528.831310566677,1528.831310566677,1.0003085703227366,0.0004814790357548001
1528.8382549624205,1528.8382549624205,0.9994733762573865,0.00048109407590750093
1528.8451993580593,1528.8451993580593,0.9994542407516406,0.0004812959513375143
1528.852143753581,1528.852143753581,1.0004156718530182,0.000481360989444222
1528.8590881489988,1528.8590881489988,1.000430606102879,0.00048134834593360624
1528.8660325442884,1528.8660325442884,1.000492693063331,0.000481358865293699
1528.8729769394613,1528.8729769394613,1.000159282959193,0.00048124714575549597
1528.879921334506,1528.879921334506,0.9994984032819584,0.00048131509812322304
1528.886865729446,1528.886865729446,0.9999945786914697,0.00048148181346670667
1528.8938101242816,1528.8938101242816,0.9998777173433948,0.00048128181832335706
1528.9007545189884,1528.9007545189884,1.000375928328959,0.00048137327431625233
1528.9076989135563,1528.9076989135563,0.9989006314881943,0.00048136674754645757
1528.9146433080423,1528.9146433080423,1.0007858704268915,0.00048147072489841604
1528.9215877023887,1528.9215877023887,1.0001802662852641,0.000481357776963973
1528.928532096607,1528.928532096607,0.9999321888946765,0.00048142282814551284
1528.9354764907207,1528.9354764907207,0.9997223931108733,0.00048141145195689146
1528.9424208847063,1528.9424208847063,1.000056135670981,0.00048166578689273125
1528.9493652785752,1528.9493652785752,1.000724064255835,0.00048148145801357343
1528.9563096723275,1528.9563096723275,1.0002979819555757,0.0004816319152601815
1528.9632540659527,1528.9632540659527,0.9992552845117059,0.0004814403083495466
1528.9701984594724,1528.9701984594724,0.9993489590288235,0.00048135005366015793
1528.977142852852,1528.977142852852,0.9997230503426471,0.0004814568383137268
1528.9840872461161,1528.9840872461161,1.0008963834470332,0.00048169478680502897
1528.9910316392632,1528.9910316392632,1.000116898639226,0.0004815690159026023
1528.9979760322944,1528.9979760322944,1.0005449563642301,0.00048158123724205057
1529.004920425197,1529.004920425197,0.9997809660633313,0.000481475159039725
1529.01186481796,1529.01186481796,0.9992157494752357,0.00048130115762966925
1529.01880921063,1529.01880921063,1.0001303969810578,0.0004814311082787805
1529.0257536031609,1529.0257536031609,1.0002303966081079,0.0004814266472302067
1529.0326979955857,1529.0326979955857,1.000130846307679,0.00048143749968827245
1529.039642387872,1529.039642387872,0.999191325554001,0.0004811839665127695
1529.0465867800297,1529.0465867800297,1.000168059376841,0.00048111802907355226
1529.0535311720826,1529.0535311720826,1.0006256665097788,0.00048139473233814266
1529.0604755640077,1529.0604755640077,0.9997634162000928,0.00048106705893799853
1532.629907562658,1532.629907562658,0.9996556191967428,0.00047526914160640635
1535.011843713983,1535.011843713983,0.9998893044438617,0.0004719118002502495
1535.0187881328113,1535.0187881328113,1.0001145797855004,0.0004714775903838277
1535.0257325515697,1535.0257325515697,1.000181663481285,0.0004715543114197399
1535.0326769703165,1535.0326769703165,1.0000684531013841,0.00047141247691566776
1535.0396213890285,1535.0396213890285,1.0001604010125889,0.0004716001088111431
1535.0465658077053,1535.0465658077053,1.0000177293464612,0.0004716063071086105
1535.053510226359,1535.053510226359,1.0001042010974608,0.00047152217233665015
1535.060454644978,1535.060454644978,1.0004411873225254,0.00047171934250710764
1535.067399063562,1535.067399063562,1.0000730028673144,0.0004717357036385621
1535.074343482099,1535.074343482099,1.001766908765695,0.00047198741977859295
1535.0812879006364,1535.0812879006364,1.000358896881528,0.00047200675485721793
1535.0882323191504,1535.0882323191504,0.9991119126681542,0.00047181652499716056
1535.0951767376177,1535.0951767376177,1.0003759220369708,0.00047229213486093
1535.1021211560387,1535.1021211560387,0.9998135913444388,0.00047236238053868497
1535.1090655744483,1535.1090655744483,1.0001229049811484,0.0004723460227780929
1535.1160099928109,1535.1160099928109,0.999878021395698,0.0004726662420612467
1535.1229544111502,1535.1229544111502,1.000000950016918,0.0004728453183035267
1535.1298988294664,1535.1298988294664,0.9995789147767766,0.0004730094201857521
1535.1368432477125,1535.1368432477125,1.000497996306668,0.00047327752195480715
1535.1437876659593,1535.1437876659593,0.9996575088980972,0.0004732520047869402
1535.1507320841936,1535.1507320841936,1.000076775444126,0.00047334946938258843
1535.15767650237,1535.15767650237,0.9999103864268806,0.0004732486957941161
1535.164620920535,1535.164620920535,1.000344827958504,0.0004734273390719247
1535.1715653386532,1535.1715653386532,0.9989960806767954,0.0004734583374248453
1535.178509756736,1535.178509756736,1.0007021614317497,0.00047408430746330503
1535.1854541747966,1535.1854541747966,1.000345297417603,0.00047434131052645
1535.192398592833,1535.192398592833,0.9991079482720326,0.0004738363642210194
1535.199343010823,1535.199343010823,1.000450442209917,0.0004742221961294724
1535.2062874287783,1535.2062874287783,1.0007920625189777,0.00047461997084251366
1535.2132318467334,1535.2132318467334,1.0000274810159049,0.00047423878717626496
1535.2201762646189,1535.2201762646189,0.9997627645100806,0.00047446776745088134
1535.2271206825048,1535.2271206825048,0.9997488642034641,0.00047466918736784557
1535.2340651003428,1535.2340651003428,0.9994344522325974,0.000474587959542888
1535.241009518159,1535.241009518159,1.0000665804911288,0.0004749095176183831
1535.2479539359276,1535.2479539359276,1.0003142301598502,0.00047498263420219476
1535.2548983536733,1535.2548983536733,1.000420106152296,0.00047515272646573247
1535.2618427713842,1535.2618427713842,0.9997999693875324,0.00047526917673871476
1535.2687871890948,1535.2687871890948,0.999392970620707,0.00047552578290452194
1535.275731606724,1535.275731606724,1.0003787901221834,0.00047587426863805857
1535.2826760243538,1535.2826760243538,1.0005753280928509,0.00047570670715459275
1535.2896204419478,1535.2896204419478,1.0002701818254711,0.00047609251325573794
1535.2965648594954,1535.2965648594954,1.000371650316275,0.00047589989528438293
1535.30350927702,1535.30350927702,1.0001061621806713,0.0004760936526057643
1535.3104536945211,1535.3104536945211,0.9998592719235406,0.00047615302698972745
1535.3173981119876,1535.3173981119876,0.9993008067952374,0.0004761336947370044
1535.324342529419,1535.324342529419,0.9998112391922216,0.0004764745664105535
1535.3312869468386,1535.3312869468386,1.000281624338585,0.0004768309279516429
1535.3382313642119,1535.3382313642119,0.9997433966638214,0.0004767672046165824
1535.3451757815383,1535.3451757815383,1.000241816246303,0.0004767886520641774
1535.3521201988417,1535.3521201988417,1.0000996904817352,0.0004767601769482345
1535.3590646161215,1535.3590646161215,1.0004198254421852,0.0004770528950229245
1535.3660090333783,1535.3660090333783,1.0000865175013771,0.00047701827814198937
1535.3729534505887,1535.3729534505887,0.9997205071881619,0.0004770489983193949
1535.379897867764,1535.379897867764,0.9995672434916922,0.0004769623727044459
1535.386842284916,1535.386842284916,0.9995209954549622,0.0004771022137397264
1535.3937867020445,1535.3937867020445,1.0005221716448776,0.00047741153370201483
1535.4007311191267,1535.4007311191267,1.0005255012740455,0.0004777184680018288
1535.407675536197,1535.407675536197,1.00061912263367,0.0004774818437793776
1535.4146199532092,1535.4146199532092,0.9995899846382559,0.0004775178875720155
1535.42156437021,1535.42156437021,0.9996811559410874,0.0004775860213366145
1535.4285087871754,1535.4285087871754,0.9997303317709431,0.00047754578271573317
1535.4354532041066,1535.4354532041066,0.9995859313889769,0.00047772805489566155
1535.4423976210023,1535.4423976210023,1.000287601818714,0.00047788796954017316
1535.4493420378747,1535.4493420378747,1.0001825590039133,0.00047808879743797464
1535.4562864547127,1535.4562864547127,1.000132554991616,0.0004779937401362685
1535.463230871527,1535.463230871527,0.9997984402420936,0.0004780799612786009
1535.4701752882943,1535.4701752882943,1.0000054137490448,0.00047823854012456695
1535.477119705039,1535.477119705039,1.0001476207349358,0.0004784238490863115
1535.4840641217486,1535.4840641217486,0.9998031932999438,0.00047813463485116877
1535.4910085384233,1535.4910085384233,1.0007950460661434,0.0004785059945952304
1535.4979529550749,1535.4979529550749,0.9997220640162487,0.0004784944304769256
1535.5048973716914,1535.5048973716914,1.0004376832135347,0.0004785553135639339
1535.5118417882727,1535.5118417882727,1.0001091364254597,0.0004785494564118739
1535.5187862048313,1535.5187862048313,0.9995490407914849,0.00047840078469051604
1535.5257306213657,1535.5257306213657,1.0001819533264165,0.00047899981760419694
1535.5326750378547,1535.5326750378547,1.000256980064178,0.0004786538194138776
1535.5396194543077,1535.5396194543077,0.9996444242996576,0.00047862460876852873
1535.5465638707262,1535.5465638707262,0.9998457754072818,0.00047889726364534367
1535.5535082871218,1535.5535082871218,0.9997585717959696,0.0004788639741952325
1535.5604527035052,1535.5604527035052,1.000258749875632,0.0004789557235601994
1535.567397119819,1535.567397119819,1.0004467261169023,0.00047917657331163975
1535.5743415361326,1535.5743415361326,0.9997376371339431,0.0004789947634727144
1535.581285952388,1535.581285952388,1.0001822949788188,0.0004791135913995003
1535.5882303686437,1535.5882303686437,1.0011290838237195,0.00047919813890522496
1535.5951747848528,1535.5951747848528,0.9997377827482884,0.00047931542736179885
1535.6021192010153,1535.6021192010153,0.9997625381040546,0.00047914732367448687
1535.6090636171543,1535.6090636171543,1.000236220661297,0.00047959075215027404
1535.6160080332704,1535.6160080332704,0.9997563365874527,0.00047928844574873016
1535.622952449351,1535.622952449351,0.9995858425208987,0.0004792892751782409
1535.6298968653973,1535.6298968653973,1.0000726720474538,0.00047940480289893094
1535.6368412814084,1535.6368412814084,1.0002665568807596,0.000479399705974022
1535.6437856973957,1535.6437856973957,1.0001442715981828,0.00047943104734990996
1535.6507301133606,1535.6507301133606,0.9996587705841543,0.0004798963643033011
1535.6576745292784,1535.6576745292784,1.0005552821844206,0.0004795782549659701
1535.6646189451615,1535.6646189451615,0.9999127723879768,0.00047971012420017917
1535.6715633610215,1535.6715633610215,1.0002454338996158,0.0004795350084535209
1535.6785077768347,1535.6785077768347,0.9998614247697162,0.0004797760063724472
1535.6854521926475,1535.6854521926475,1.0000075573557596,0.000479631899371868
1535.6932299382895,1535.6932299382895,1.0001018097848653,0.00047987890420011435
1535.7007299072714,1535.7007299072714,0.9995311482941271,0.0004796462231344958
1535.7076743229568,1535.7076743229568,0.9999098322493104,0.00048001551620258565
1535.7146187386418,1535.7146187386418,1.000145305905344,0.00048024455712714716
1535.7215631542686,1535.7215631542686,0.9998543357095905,0.00047994096697208594
1535.728507569849,1535.728507569849,0.9999089434955686,0.0004801357928909466
1535.7354519854175,1535.7354519854175,1.0008040568108756,0.00048031391697980514
1535.7423964009513,1535.7423964009513,1.0002532170023242,0.00047987782718972045
1535.7493408164385,1535.7493408164385,0.9993901612286076,0.0004798983022516566
1535.756285231914,1535.756285231914,0.9995800527691872,0.00047977423691021966
1535.7632296473546,1535.7632296473546,0.9999717408338011,0.00048006559271257634
1535.7701740627606,1535.7701740627606,0.9999124687782288,0.00047985318876318
1535.7771184781197,1535.7771184781197,0.9999404582146081,0.0004803075914309051
1535.7840628934555,1535.7840628934555,1.0005124294690257,0.0004800893928425099
1535.7910073087912,1535.7910073087912,1.0005500931052655,0.00048016945543214145
1535.7979517240572,1535.7979517240572,1.000223325516163,0.0004802117535095089
1535.804896139312,1535.804896139312,0.9999451946712217,0.00048016574561776475
1535.8118405545197,1535.8118405545197,0.99931059800635,0.00048024532767558775
1535.8187849697156,1535.8187849697156,1.0001874596997147,0.0004803128628853012
1535.825729384865,1535.825729384865,0.9995074728938272,0.0004801337793694414
1535.8326737999803,1535.8326737999803,1.0001988176097596,0.00048030098373019314
1535.8396182150714,1535.8396182150714,0.9999966608185472,0.0004802968261657716
1535.8465626301395,1535.8465626301395,0.999578431857785,0.0004802387128605582
1535.8535070451376,1535.8535070451376,1.000276825064824,0.000480492723140738
1535.8604514601361,1535.8604514601361,1.0000823307304851,0.00048043843704585396
1535.8673958750874,1535.8673958750874,1.0010901187703456,0.00048052965754132054
1535.874340290016,1535.874340290016,0.9999251097773134,0.00048049233750087133
1535.8812847049096,1535.8812847049096,1.000626819170051,0.0004804648193187995
1535.8882291197683,1535.8882291197683,0.9993150572584429,0.0004803569975370422
1535.8951735346036,1535.8951735346036,0.9996470901059101,0.0004803355729883662
1535.902117949392,1535.902117949392,1.0002820248698074,0.0004805053388715395
1535.9090623641464,1535.9090623641464,1.0000653817866323,0.0004804550022208251
1535.9160067788994,1535.9160067788994,1.0004492363718664,0.0004806640997151359
1535.9229511936069,1535.9229511936069,0.9992894053024115,0.00048062567587804205
1535.9298956082675,1535.9298956082675,1.000611547157483,0.000480779579589795
1535.9368400229166,1535.9368400229166,1.0003799843135917,0.0004809920319205605
1535.9437844375188,1535.9437844375188,1.0006706838519097,0.0004809158022850992
1535.9507288520867,1535.9507288520867,0.9991925364044697,0.00048054850043811447
1535.9576732666308,1535.9576732666308,0.9991743657368687,0.0004805008562895789
1535.9646176811282,1535.9646176811282,0.9999311182567249,0.00048070870027314605
1535.9715620955915,1535.9715620955915,0.9998985261752058,0.00048106605318533915
1535.9785065100536,1535.9785065100536,1.0001256172183068,0.0004808546419814199
1535.9854509244703,1535.9854509244703,1.0003519699117782,0.0004808989313786475
1535.9923953388395,1535.9923953388395,0.9998632805407894,0.00048073534370365976
1535.9993397531978,1535.9993397531978,0.9995327513974868,0.0004807508904243584
1536.0062841675094,1536.0062841675094,1.000496470969928,0.00048093090193778766
1536.013228581809,1536.013228581809,1.000671894839424,0.00048084273365830104
1536.0201729960504,1536.0201729960504,0.9995372442159838,0.00048062002994643413
1536.027117410269,1536.027117410269,1.000003593560669,0.00048081559033566755
1536.0340618244754,1536.0340618244754,1.0001113150580105,0.000480829211053536
1536.0410062386004,1536.0410062386004,1.0004005062681485,0.0004809926509097855
1536.0479506527374,1536.0479506527374,0.9993311329923799,0.0004806127941133846
1536.0548950668158,1536.0548950668158,0.9997263189418266,0.0004808686471646984
1536.0618394808828,1536.0618394808828,0.9998321733833098,0.0004805717776854744
1536.0687838949034,1536.0687838949034,1.0001852343636441,0.00048080988457150086
1536.0757283089004,1536.0757283089004,1.0005177216085053,0.00048107187437799293
1536.082672722851,1536.082672722851,0.9999036269150793,0.0004807531558434717
1536.08961713679,1536.08961713679,1.0002800784251988,0.0004808542141762714
1536.096561550682,1536.096561550682,1.000953879675356,0.0004810161617722421
1536.103505964551,1536.103505964551,1.000386164825191,0.00048088879161999065
1536.1104503783736,1536.1104503783736,0.9998038866376311,0.00048111555308439063
1536.1173947921727,1536.1173947921727,0.9998210829565994,0.00048108257535807875
1536.1243392059255,1536.1243392059255,0.9996646953056201,0.00048093157064453594
1536.1312836196664,1536.1312836196664,0.9992935625983368,0.0004809075666278286
1536.1382280333605,1536.1382280333605,0.9996758170955763,0.0004812913907519505
1536.145172447044,1536.145172447044,0.9997874963815061,0.00048112759632569746
1536.1521168606796,1536.1521168606796,1.0009369129687733,0.0004811876846823361
1536.1590612742693,1536.1590612742693,1.0008412713524486,0.0004812738557563091
1536.1660056878588,1536.1660056878588,0.9998633870548232,0.0004810215776730824
1536.1729501013788,1536.1729501013788,1.000334637908015,0.0004808483292950218
1536.1798945148983,1536.1798945148983,0.9997621374632576,0.0004808342016093696
1536.1868389283718,1536.1868389283718,0.9993523776880877,0.0004808835310656136
1536.19378334181,1536.19378334181,0.9997528996147504,0.0004809191640827783
1536.2007277552136,1536.2007277552136,0.9997207851092448,0.0004811449071337069
1536.2076721685933,1536.2076721685933,1.000696169879976,0.000481194679233626
1536.2146165819386,1536.2146165819386,0.9999623405442082,0.00048105398949419747
1536.221560995237,1536.221560995237,0.999893527207659,0.00048130968019061154
1536.2285054085357,1536.2285054085357,1.000712553697369,0.00048120785143246564
1536.2354498217642,1536.2354498217642,0.999797555357733,0.0004811791901272117
1536.2423942349817,1536.2423942349817,0.9994767678220835,0.000480893031083868
1536.249338648152,1536.249338648152,0.9994011129484754,0.0004808882793217189
1536.2562830613108,1536.2562830613108,1.0001972243238293,0.0004811353866505684
1536.2632274744235,1536.2632274744235,1.000692495454825,0.00048098098891440934
1536.2701718875007,1536.2701718875007,0.9998291518802835,0.00048097248683211117
1536.2771163005666,1536.2771163005666,1.0002538117304958,0.00048109276049886144
1536.2840607135856,1536.2840607135856,1.0002147800399466,0.00048112016435515663
1536.291005126547,1536.291005126547,0.999729170962395,0.00048106050384705355
1536.2979495395077,1536.2979495395077,0.9990243060510469,0.0004807313942837516
1536.3048939524224,1536.3048939524224,1.00072738715774,0.00048105639347856207
1536.311838365313,1536.311838365313,1.0000554052379875,0.00048096259325403014
1536.3187827781699,1536.3187827781699,1.000507280898867,0.0004809034953169905
1536.325727190979,1536.325727190979,0.9998114249453607,0.0004808988634223601
1536.3326716037654,1536.3326716037654,0.9995813454342823,0.00048102535192550967
1536.33961601654,1536.33961601654,1.0001446373856664,0.00048099366633452606
1536.3465604292567,1536.3465604292567,0.9990340444353037,0.0004808068572075295
1536.353504841938,1536.353504841938,1.0001045856107786,0.000480991171624568
1536.3604492545967,1536.3604492545967,1.0002727451155664,0.0004808732374529121
1536.367393667208,1536.367393667208,1.0006367790990418,0.00048128909956083953
1536.3743380798082,1536.3743380798082,1.000222984195557,0.0004812136773924412
1536.381282492362,1536.381282492362,0.999916854300903,0.0004809368828233442
1536.388226904892,1536.388226904892,1.0006111117630856,0.00048117328982790137
1536.395171317376,1536.395171317376,0.9999995601662223,0.0004810178705118368
1536.4021157298243,1536.4021157298243,0.9991470614756051,0.0004808889645488955
1536.40906014225,1536.40906014225,0.9994119689137019,0.000480961041772032
1536.4160045546523,1536.4160045546523,1.0000383520068907,0.0004808810997204563
1536.4229489670197,1536.4229489670197,1.0005105498683986,0.0004811865422605872
1536.42989337934,1536.42989337934,0.9999197184410453,0.00048100848250083925
1536.4368377916376,1536.4368377916376,1.000317222659774,0.00048123465242271924
1536.4437822038883,1536.4437822038883,0.9998276540686888,0.0004808455768288107
1536.4507266161274,1536.4507266161274,0.9997349349722798,0.0004810485595779498
1536.4576710283086,1536.4576710283086,1.0008299704447783,0.0004810960603855494
1536.4646154404895,1536.4646154404895,1.0002047428489707,0.0004811535985441784
1536.471559852624,1536.471559852624,0.9994508257181257,0.00048115125699440186
1536.4785042647004,1536.4785042647004,1.0002196110461494,0.0004808989935978835
1536.485448676753,1536.485448676753,0.9997801837633272,0.000481021232080933
1536.4923930887949,1536.4923930887949,1.0009232676307565,0.0004809925987347287
1536.4993375007891,1536.4993375007891,1.0000695477303765,0.00048101866921648897
1536.5062819127488,1536.5062819127488,1.0003906906309292,0.000481179274819743
1536.5132263246855,1536.5132263246855,0.9988525416811074,0.0004808276254734675
1536.5201707365754,1536.5201707365754,1.0000829212104494,0.0004812499506787253
1536.527115148419,1536.527115148419,0.9995730770197874,0.00048128991072843443
1536.5340595602622,1536.5340595602622,1.000462579082463,0.00048110428329076855
1536.5410039720707,1536.5410039720707,1.000084470052628,0.00048110298343068266
1536.5576705602502,1536.5576705602502,0.9993334376655039,0.00048090528359123145
1536.564614971931,1536.564614971931,1.0004330882513786,0.0004810111219170622
1536.5715593835762,1536.5715593835762,1.0001245033904236,0.00048108495213643914
1536.5785037951869,1536.5785037951869,1.0003581751564563,0.0004811591021208519
1536.5854482067973,1536.5854482067973,0.9999358855409961,0.0004811834364284893
1536.5923926183498,1536.5923926183498,1.0007696471720946,0.0004812407618415497
1536.5993370298438,1536.5993370298438,0.9996457552504999,0.00048110444521103004
1536.6062814413265,1536.6062814413265,0.9997577955930982,0.00048099448722696027
1536.6132258527853,1536.6132258527853,0.999703479222451,0.0004808705233541116
1536.6201702641984,1536.6201702641984,0.9996690790767367,0.00048113094547756464
1536.6271146755876,1536.6271146755876,1.0002193220318316,0.00048117420548939054
1536.6340590869302,1536.6340590869302,0.9997233732861222,0.0004809197136752959
1536.64100349825,1536.64100349825,0.9994396990402714,0.0004808720045383828
1536.647947909546,1536.647947909546,1.0007024510642606,0.00048125753949679085
1536.6548923207959,1536.6548923207959,1.000477836640955,0.0004811326284695534
1536.661836731999,1536.661836731999,1.0006701225105394,0.0004812287589978402
1536.6687811431902,1536.6687811431902,0.999828783644239,0.00048135053577916416
1536.6757255543355,1536.6757255543355,0.9996431452681612,0.0004811438933167234
1536.6826699654569,1536.6826699654569,1.0001602820574635,0.000481301589037371
1536.6896143765316,1536.6896143765316,0.9992368785467753,0.0004811314230690836
1536.6965587875836,1536.6965587875836,0.9994946884967193,0.0004811899034026535
1536.7035031985886,1536.7035031985886,1.0001780892765104,0.0004812628056167981
1536.710447609559,1536.710447609559,0.9998525931345661,0.0004811605575581968
1536.7173920205291,1536.7173920205291,0.9998848015642064,0.00048129698574282686
1536.7243364314297,1536.7243364314297,1.00059400590816,0.0004814307074833114
1536.73128084233,1536.73128084233,1.0004027617089206,0.00048123479425896544
1536.738225253161,1536.738225253161,1.0008508293720615,0.0004814032330629275
1536.7451696639796,1536.7451696639796,0.9991934316468181,0.00048125105405736094
1536.752114074764,1536.752114074764,0.999777040689448,0.0004812094889762599
1536.7590584855125,1536.7590584855125,0.9998899081958573,0.0004813995057963842
1536.7660028962152,1536.7660028962152,1.0000707468525396,0.0004812244004364339
1536.7729473068946,1536.7729473068946,0.9996123954274501,0.00048116916368488687
1536.77989171755,1536.77989171755,1.0001144991729385,0.00048141295029294814
1536.7868361281596,1536.7868361281596,0.9999049635720372,0.0004812596080665129
1536.7937805387342,1536.7937805387342,1.000454348072142,0.00048133848192795424
1536.800724949274,1536.800724949274,1.0004433775118113,0.0004811900919119364
1536.80766935979,1536.80766935979,1.0001595537748567,0.0004814910323591697
1536.81461377026,1536.81461377026,0.9995409788184858,0.00048119573464486785
1536.8215581807176,1536.8215581807176,1.000803496176555,0.00048134837552199294
1536.8285025911061,1536.8285025911061,0.9996093497865373,0.00048117351254630395
1536.835447001494,1536.835447001494,1.0000490718259996,0.00048128646987358626
1536.842391411836,1536.842391411836,0.9997350352513921,0.0004812319190298094
1536.8493358221308,1536.8493358221308,1.0010956248664016,0.0004815180943287376
1536.8562802324143,1536.8562802324143,1.000284881669326,0.0004814478511391907
1536.8632246426507,1536.8632246426507,0.9990981987245042,0.0004810051597726395
1536.870169052853,1536.870169052853,0.999780616159625,0.0004813139715753816
1536.8771134630315,1536.8771134630315,0.9999556068186226,0.0004812292061872017
1536.8840578731638,1536.8840578731638,1.0000358937739307,0.0004812731021955817
1536.891002283261,1536.891002283261,1.0000293131700986,0.0004812448928899559
1536.8979466933345,1536.8979466933345,1.0002060182140309,0.00048118343293569445
1536.9048911033735,1536.9048911033735,0.9991843463536579,0.0004814688211406606
1536.9118355133774,1536.9118355133774,1.000736460458982,0.0004813056600091946
1536.9187799233468,1536.9187799233468,1.0002004717100221,0.0004812720294678891
1536.925724333269,1536.925724333269,1.000263100831606,0.00048166275360102446
1536.9326687431687,1536.9326687431687,0.9999719554438176,0.0004813423034605061
1536.9396131530327,1536.9396131530327,1.0001439838053177,0.0004816144887559424
1536.946557562874,1536.946557562874,0.9998656282848453,0.0004814733866155196
1536.9535019726682,1536.9535019726682,0.9997517127212834,0.0004812351076393514
1536.9604463824164,1536.9604463824164,0.9991982020696536,0.00048108609255133707
1536.9673907921524,1536.9673907921524,1.0000146219880517,0.00048129797585979434
1536.974335201842,1536.974335201842,1.0007697523664012,0.00048156180606655886
1536.9812796115086,1536.9812796115086,1.0001875511092542,0.00048125645616130437
1536.9882240211284,1536.9882240211284,1.0000179770490996,0.00048126350634104966
1536.995168430725,1536.995168430725,0.9994292619076868,0.0004812617053566911
1537.0021128402748,1537.0021128402748,1.000756535045611,0.00048137681561486595
1537.0090572497902,1537.0090572497902,1.0001940149122404,0.00048147755613978593
1537.0160016592934,1537.0160016592934,0.9995372360968376,0.0004812123949459808
1537.0229460687387,1537.0229460687387,0.9998575902976483,0.00048138462529954994
1537.0298904781605,1537.0298904781605,1.0001255917061513,0.0004813633496795674
1537.0368348875477,1537.0368348875477,0.999355901404771,0.00048125724816207316
1537.0437792968999,1537.0437792968999,1.0000409051864085,0.00048159341703258793
1537.0507237062052,1537.0507237062052,1.0000370511402255,0.0004813728333648539
1537.0576681154873,1537.0576681154873,1.0000651837511667,0.0004812337992819517
1537.0646125247465,1537.0646125247465,1.0004910172086712,0.0004814971356757837
1537.071556933959,1537.071556933959,1.0003108940979744,0.0004815066487643276
1537.0785013431246,1537.0785013431246,0.9999322208666659,0.0004813540009138975
1537.085445752267,1537.085445752267,0.9994045513568859,0.0004811641560529665
1537.0923901613746,1537.0923901613746,1.0005015053059523,0.00048146034864928876
1537.0993345704476,1537.0993345704476,1.0001397581543359,0.00048122693799883514
1537.1062789794853,1537.1062789794853,0.9995666255290692,0.00048112967843738007
1537.1132233884996,1537.1132233884996,1.000645270280814,0.0004814358436440274
1537.1201677974793,1537.1201677974793,1.000027971582802,0.0004815207861584909
1537.127112206424,1537.127112206424,1.0000513161749915,0.00048124037956789054
1537.1340566152987,1537.1340566152987,0.9999386872140146,0.0004813133651803508
1537.1410010241739,1537.1410010241739,1.0000447158589192,0.00048129902549194853
1537.1479454330015,1537.1479454330015,0.9997587836023218,0.00048133123519130945
1537.154889841795,1537.154889841795,0.9999603866341532,0.00048134400554009977
1537.1618342505649,1537.1618342505649,1.0009897308406146,0.0004814599508229535
1537.1687786592886,1537.1687786592886,0.9999613198130213,0.0004813304589853649
1537.1757230679768,1537.1757230679768,0.9997154331349188,0.00048131202891491356
1537.1826674766655,1537.1826674766655,1.000109079803721,0.0004813866248612419
1537.189611885261,1537.189611885261,0.999423177302058,0.0004813968189940611
1537.1965562938558,1537.1965562938558,0.9998620096297,0.00048134348855383217
1537.2035007024053,1537.2035007024053,0.9996177756595422,0.000481346513527872
1537.2104451109303,1537.2104451109303,1.0011481337130868,0.00048165295670357037
1537.2173895194096,1537.2173895194096,0.9998122555333431,0.0004811829356640939
1537.2243339278534,1537.2243339278534,0.999461508856568,0.00048117423226174517
1537.2312783362743,1537.2312783362743,1.0001466155631225,0.00048147215018976236
1537.238222744637,1537.238222744637,1.0003031736460966,0.00048148285339651804
1537.2451671529877,1537.2451671529877,0.9998289311561196,0.00048142293992219185
1537.2521115613035,1537.2521115613035,0.9996312901595431,0.00048114391354909516
1537.2590559695732,1537.2590559695732,1.000110231492716,0.0004812675180129029
1537.2660003778192,1537.2660003778192,1.00030458981274,0.00048149566520209325
1537.2729447860188,1537.2729447860188,1.000541003766059,0.0004815139110942232
1537.2798891941952,1537.2798891941952,0.9997143140021072,0.0004812034307654406
1537.2868336023248,1537.2868336023248,1.0000929126554197,0.0004815928233191687
1537.2937780104196,1537.2937780104196,0.9991899795118376,0.0004814323214412719
1537.3007224184912,1537.3007224184912,1.0004061656308454,0.0004815726569546787
1537.3076668265162,1537.3076668265162,0.9999528914194482,0.0004812618934735064
1537.3146112345057,1537.3146112345057,0.9998661029482063,0.0004812642546620286
1537.3215556424727,1537.3215556424727,0.99991227571966,0.00048149278265379673
1537.3285000503927,1537.3285000503927,0.9999078894353518,0.00048129952872699407
1537.3354444582667,1537.3354444582667,1.0002361731721976,0.00048132763434179305
1537.3423888661284,1537.3423888661284,1.0001674761505772,0.0004812081947552792
1537.349333273944,1537.349333273944,1.000140565167217,0.000481306687796977
1537.3562776817125,1537.3562776817125,1.0001637201339553,0.00048133156286434724
1537.3632220894815,1537.3632220894815,0.999873942862737,0.0004814086166221059
1537.3701664971804,1537.3701664971804,0.9999703114744953,0.00048129244539169274
1537.3771109048562,1537.3771109048562,1.000134323758359,0.00048141932569934897
1537.3840553125087,1537.3840553125087,0.9992321621316872,0.0004813756412030335
1537.3909997201029,1537.3909997201029,1.0003679765019462,0.00048145759764208883
1537.3979441276736,1537.3979441276736,0.9997144385783606,0.0004812540542431311
1537.4048885352097,1537.4048885352097,0.9998584231091024,0.0004814849432049452
1537.411832942699,1537.411832942699,1.0002066511829288,0.0004813448277590936
1537.4187773501767,1537.4187773501767,1.0004338699030342,0.00048134062160619124
1537.4257217575848,1537.4257217575848,1.0001003967955486,0.0004815248428902395
1537.4326661649811,1537.4326661649811,0.9998063031977301,0.00048131174846191056
1537.439610572331,1537.439610572331,1.0006537213035318,0.00048140612276590235
1537.4465549796573,1537.4465549796573,0.9991586238444576,0.0004810976498319179
1537.4534993869488,1537.4534993869488,1.0002263409170387,0.0004816056160512736
1537.460443794194,1537.460443794194,1.0001673039892893,0.0004813289308836362
1537.4673882014154,1537.4673882014154,0.9997396872649469,0.00048126583389119956
1537.4743326086023,1537.4743326086023,0.9999256322368222,0.0004814675419617018
1537.481277015731,1537.481277015731,1.0001987648347421,0.00048141965291190116
1537.488221422836,1537.488221422836,0.9996768031627365,0.00048115735595886787
1537.4951658299062,1537.4951658299062,1.0001065055836453,0.0004814412013671489
1537.5021102369417,1537.5021102369417,0.9999571162941864,0.00048126476601453524
1537.5090546439303,1537.5090546439303,1.000151554999799,0.000481401331958112
1537.5159990509078,1537.5159990509078,0.9996328145785492,0.000481093280234632
1537.5229434578036,1537.5229434578036,1.000187474897975,0.0004812753789931206
1537.529887864699,1537.529887864699,0.9998773764707689,0.0004811110157640513
1537.5368322715717,1537.5368322715717,1.0004100699090295,0.0004812488534477298
1537.5437766783975,1537.5437766783975,1.0000539967297268,0.000481387959570348
1537.5507210851652,1537.5507210851652,1.0004228193326674,0.00048132852873441367
1537.5576654919212,1537.5576654919212,1.0000128710483882,0.00048134500976686103
1537.5646098986306,1537.5646098986306,0.999897156997306,0.00048152215085907145
1537.5715543053166,1537.5715543053166,0.9997746513479345,0.0004812336883940452
1537.5784987119564,1537.5784987119564,0.9999196273838897,0.000481406029204645
1537.585443118561,1537.585443118561,0.999284732220891,0.0004812084566101219
1537.592387525119,1537.592387525119,1.0004010348834353,0.0004815404275449801
1537.5993319316538,1537.5993319316538,0.9992169539180995,0.00048129677259898016
1537.6062763381537,1537.6062763381537,1.0001649631492595,0.00048134120966959433
1537.6132207446071,1537.6132207446071,1.0000150549840163,0.0004812525529521893
1537.6201651510255,1537.6201651510255,1.0004937601839134,0.0004814143468973478
1537.6271095574089,1537.6271095574089,1.0003678597374974,0.00048144213687737115
1537.634053963769,1537.634053963769,0.9998093551165514,0.000481411391293881
1537.6409983700828,1537.6409983700828,1.0007156102863282,0.0004813797412565006
1537.6479427763497,1537.6479427763497,0.999932025221927,0.0004815506256541234
1537.654887182594,1537.654887182594,0.9998624099277895,0.0004811406930179454
1537.6618315888024,1537.6618315888024,0.9994500381801675,0.00048129593432728114
1537.6687759949762,1537.6687759949762,1.0001256664923184,0.00048120169710835325
1537.675720401104,1537.675720401104,0.9998092729692468,0.00048134278462751726
1537.6826648071963,1537.6826648071963,1.0001299959463155,0.0004813937662107782
1537.6896092132417,1537.6896092132417,0.9998392802488933,0.0004812459437084123
1537.696553619265,1537.696553619265,0.9997054626387385,0.0004813858300076059
1537.703498025264,1537.703498025264,0.9999806361992174,0.00048112702913364334
1537.7104424312167,1537.7104424312167,1.0005954450429737,0.000481404094888955
1537.717386837123,1537.717386837123,1.0000485537782162,0.0004813381474250961
1537.7243312430055,1537.7243312430055,1.0000868197973072,0.00048137085662402395
1537.7312756488423,1537.7312756488423,1.000169000809382,0.0004812187357369613
1537.7382200546435,1537.7382200546435,1.0000089953573559,0.00048129228652815084
1537.7451644604216,1537.7451644604216,0.9997262477587329,0.0004813031545618411
1537.7521088661533,1537.7521088661533,0.9997792564486001,0.0004810982395328349
1537.7590532718264,1537.7590532718264,0.9998692400320497,0.00048125420603909895
1537.7659976774762,1537.7659976774762,0.9991798962317334,0.00048120549880565884
1537.7729420831035,1537.7729420831035,1.0006879750759772,0.00048130362721966616
1537.7798864886834,1537.7798864886834,1.0004450288533804,0.0004814025140320737
1537.7868308942284,1537.7868308942284,1.0000399417303982,0.00048137015830042524
1537.7937752997393,1537.7937752997393,0.9998745590789342,0.0004811732258468587
1537.8007197052261,1537.8007197052261,1.0003864246055192,0.00048142281440400594
1537.8076641106668,1537.8076641106668,1.0001560433095207,0.00048161044547200444
1537.814608516049,1537.814608516049,1.0001753500882422,0.00048147985986214887
1537.821552921408,1537.821552921408,0.999519001608153,0.0004813331391992628
1537.8284973267441,1537.8284973267441,0.9999631630982153,0.0004812846203761156
1537.8354417320215,1537.8354417320215,0.9993266039437181,0.00048124148502142334
1537.8423861372635,1537.8423861372635,1.0000378047934737,0.000481515911680539
1537.8493305424834,1537.8493305424834,0.9998628404627172,0.0004813443789607766
1537.8562749476444,1537.8562749476444,1.0000388701030365,0.000481378212344057
1537.8632193527937,1537.8632193527937,1.0002945339065292,0.00048139715058351094
1537.8701637578968,1537.8701637578968,0.9999082794914409,0.00048129085505039376
1537.877108162953,1537.877108162953,1.000360118922679,0.00048139272089357013
1537.8840525679975,1537.8840525679975,1.000185783646666,0.0004813244363832352
1537.8909969729843,1537.8909969729843,1.000090436214135,0.00048128489905446814
1537.8979413779357,1537.8979413779357,0.9998715931475484,0.000481127607724285
1537.9048857828523,1537.9048857828523,0.9995387741373121,0.0004811499116473781
1537.911830187734,1537.911830187734,1.0003645623677568,0.0004813913409951043
1537.9187745925692,1537.9187745925692,0.999925835081062,0.0004813172991329517
1537.9257189973696,1537.9257189973696,1.00015646145637,0.0004813802128452188
1537.9326634021347,1537.9326634021347,1.0003034593239377,0.00048144159156043506
1537.939607806865,1537.939607806865,0.9997644942315379,0.00048154236732974085
1537.9465522115488,1537.9465522115488,1.0002758843120412,0.00048144409746365247
1537.9534966162096,1537.9534966162096,0.9995071441444952,0.00048133053573013216
1537.9604410208117,1537.9604410208117,1.0000300254598775,0.00048153439109141293
1537.9673854253792,1537.9673854253792,0.998960463267083,0.00048123140043247086
1537.974329829935,1537.974329829935,1.0002820922996964,0.000481412129703319
1537.9812742344322,1537.9812742344322,1.0001161468596602,0.00048128184755081573
1537.9882186389066,1537.9882186389066,1.0003503588769382,0.00048133989516339285
1537.9951630433345,1537.9951630433345,0.9996417187971464,0.00048129646863060376
1538.0021074477156,1538.0021074477156,1.000739808271104,0.00048166577476191255
1538.0090518520733,1538.0090518520733,1.0002160740760098,0.0004813762025109914
1538.015996256373,1538.015996256373,1.0002278029892584,0.0004814504369649008
1538.0229406606493,1538.0229406606493,1.0002225325230851,0.0004811816811911749
1538.0298850649021,1538.0298850649021,0.9993357912021853,0.00048110993178567956
1538.0368294690973,1538.0368294690973,0.999282974524422,0.0004810976028596285
1538.0437738732574,1538.0437738732574,1.0002753132112818,0.0004811812117764061
1538.0507182773822,1538.0507182773822,0.9988722465225808,0.000481043751135605
1538.0576626814723,1538.0576626814723,1.0006092926604393,0.0004814396988754649
1538.0646070855275,1538.0646070855275,1.000476383977003,0.0004816398210600316
1538.0715514895242,1538.0715514895242,1.0001921444357302,0.00048141948460535624
1538.0784958935096,1538.0784958935096,0.9997576291945045,0.00048136209001258445
1538.085440297425,1538.085440297425,0.9998402909359514,0.0004813743804164848
1538.0923847013287,1538.0923847013287,0.9999785574190072,0.00048125972802337406
1538.099329105186,1538.099329105186,0.9997829613066778,0.0004812616619205352
1538.1062735090084,1538.1062735090084,1.0000806050549813,0.0004812860405667442
1538.1132179127842,1538.1132179127842,0.9997637302493292,0.00048122959832502446
1538.1201623165484,1538.1201623165484,1.0002863322329358,0.000481559808469025
1538.1271067202429,1538.1271067202429,0.9998666461471384,0.0004813220085144659
1538.1340511239018,1538.1340511239018,0.9999598349058996,0.0004813325749784014
1538.140995527538,1538.140995527538,0.9999354151761773,0.0004814500399127308
1538.1479399311274,1538.1479399311274,1.0000409102536774,0.00048147974652013113
1538.1548843346704,1538.1548843346704,1.0005584198456112,0.0004814505265649424
1538.1618287381896,1538.1618287381896,0.9997985414804738,0.0004812269009005705
1538.1687731416516,1538.1687731416516,0.9999278263637695,0.00048163504448707603
1538.1757175451128,1538.1757175451128,1.0001334714602668,0.00048136883973971844
1538.1826619484925,1538.1826619484925,1.0002197826580856,0.00048171909728572453
1538.1896063518498,1538.1896063518498,0.9998767343667788,0.0004814922644637072
1538.196550755171,1538.196550755171,0.9996119524546646,0.0004813237315405487
1538.2034951584462,1538.2034951584462,0.9999855394378571,0.00048151955970967213
1538.2104395616982,1538.2104395616982,1.0000670538646586,0.0004814891217358471
1538.2173839649035,1538.2173839649035,0.999530343875288,0.0004812353208336241
1538.2243283680623,1538.2243283680623,0.9996904067820124,0.00048130798540807994
1538.2312727711746,1538.2312727711746,1.0005509057179833,0.0004813902764230191
1538.238217174275,1538.238217174275,1.000032119441004,0.00048139516203969435
1538.2451615773175,1538.2451615773175,1.0003378862330645,0.00048139924282045616
1538.2521059803248,1538.2521059803248,1.000904543714825,0.0004814712176096494
1538.2590503832973,1538.2590503832973,0.9994448204277384,0.00048135983103396104
1538.265994786235,1538.265994786235,0.9988516375006835,0.00048111000315186563
1538.2729391891257,1538.2729391891257,1.0007011218807245,0.0004817853266023774
1538.2798835919705,1538.2798835919705,0.9999805398911429,0.00048128853196588797
1538.2868279947913,1538.2868279947913,0.9997645103664787,0.0004814334248086518
1538.293772397566,1538.293772397566,1.0005333301636834,0.00048148977136457983
1538.3007168002937,1538.3007168002937,1.000047241005424,0.00048144119187412237
1538.3076612030104,1538.3076612030104,0.9991344438691089,0.00048105312916863597
1538.3146056056453,1538.3146056056453,1.0001283637617415,0.0004814163485950725
1538.3215500082683,1538.3215500082683,0.9999854084346955,0.0004816910191374099
1538.3284944108455,1538.3284944108455,1.0004639703665128,0.0004815844116152577
1538.3354388133753,1538.3354388133753,0.9999975651831553,0.0004813100020461546
1538.3423832158937,1538.3423832158937,1.0002796593037393,0.00048133859627744945
1538.349327618354,1538.349327618354,1.0000500546688964,0.00048136587711353825
1538.3562720207678,1538.3562720207678,0.9996933208960309,0.0004811757167425288
1538.363216423158,1538.363216423158,1.0001046126160786,0.0004814150090810672
1538.3701608254905,1538.3701608254905,0.9997831560685084,0.00048139238073964806
1538.3771052277991,1538.3771052277991,0.9997095496144576,0.0004812458547316916
1538.3840496300384,1538.3840496300384,1.0000413128592427,0.00048133068491443954
1538.3909940322774,1538.3909940322774,1.0004260255119095,0.0004814459344730535
1538.3979384344698,1538.3979384344698,1.0004053140219586,0.0004814753336464983
1538.4048828366044,1538.4048828366044,0.9997423608708127,0.00048130276406518267
1538.411827238715,1538.411827238715,0.9999939331450571,0.00048134843068075195
1538.4187716407682,1538.4187716407682,1.0002771996621846,0.000481527553079682
1538.4257160427974,1538.4257160427974,0.9993975959206068,0.00048119146408854977
1538.4326604447804,1538.4326604447804,0.9992278697164572,0.0004814305655065321
1538.4396048467286,1538.4396048467286,1.0000237936143714,0.0004812974184374429
1538.4465492486297,1538.4465492486297,1.0003084874276895,0.0004816823024858364
1538.4534936504847,1538.4534936504847,1.00018125278954,0.0004813507472113287
1538.460438052328,1538.460438052328,1.000011505783537,0.00048154962733857747
1538.4673824541017,1538.4673824541017,1.0008750581127477,0.0004817018972970176
1538.4743268558514,1538.4743268558514,1.0000274402669083,0.00048147492711735047
1538.4812712575435,1538.4812712575435,0.9991475727125685,0.0004811269626128035
1538.4882156592005,1538.4882156592005,1.0001673095002748,0.0004813318124109742
1538.4951600608342,1538.4951600608342,1.000155443726183,0.0004814591581984904
1538.5021044624214,1538.5021044624214,0.99980756483587,0.00048115360804016217
1538.5090488639503,1538.5090488639503,0.9996093009633162,0.00048120104253256656
1538.5159932654674,1538.5159932654674,1.0002730528726502,0.0004812860444493382
1538.5229376669267,1538.5229376669267,1.0000294383580086,0.0004815805733855848
1538.529882068339,1538.529882068339,1.000295786651337,0.0004815245207363602
1538.5368264697518,1538.5368264697518,1.0002108180050446,0.00048137102110147394
1538.5437708710592,1538.5437708710592,1.000199579574204,0.0004813394006558929
1538.5507152723671,1538.5507152723671,0.999586387743831,0.0004812750817270268
1538.5576596736285,1538.5576596736285,0.9996487737798295,0.0004813221044182345
1538.5646040748427,1538.5646040748427,1.0000082882118155,0.0004814079727528218
1538.5715484760224,1538.5715484760224,0.999548226657426,0.00048131814397268317
1538.5784928771675,1538.5784928771675,1.0004248304400782,0.00048144647660487304
1538.5854372782655,1538.5854372782655,1.0003425485817428,0.0004812506228167285
1538.592381679317,1538.592381679317,1.0001436576557847,0.00048135469603182
1538.5993260803339,1538.5993260803339,0.9995249030965196,0.00048116541446696854
1538.6062704813041,1538.6062704813041,0.9994731094024332,0.0004811163615081733
1538.6132148822276,1538.6132148822276,1.0002977511247253,0.00048113900587155303
1538.620159283128,1538.620159283128,1.0003108987947864,0.0004811722944228139
1538.6271036839698,1538.6271036839698,1.0004278664507362,0.00048117398114764273
1538.6340480848007,1538.6340480848007,1.0004768202259355,0.0004812829787132389
1538.6409924855607,1538.6409924855607,0.9994327192722906,0.00048105581398917547
1538.6479368862863,1538.6479368862863,1.0005918153623352,0.000481505674598424
1538.654881286966,1538.654881286966,0.9994104545346039,0.00048108497283844067
1538.6618256875981,1538.6618256875981,1.0003456820507746,0.00048145386862082144
1538.668770088219,1538.668770088219,0.9996923860531822,0.0004812116044754548
1538.6757144887818,1538.6757144887818,0.9997576791515419,0.0004811882786365839
1538.682658889298,1538.682658889298,0.9996833868027878,0.0004814129729895372
1538.689603289779,1538.689603289779,0.9995419879886505,0.00048121141656274025
1538.6965476902137,1538.6965476902137,1.000120223787211,0.0004813923230847383
1538.7034920906133,1538.7034920906133,1.000389026483801,0.00048145303779518686
1538.7104364909667,1538.7104364909667,1.000067923926212,0.0004812036352034183
1538.717380891273,1538.717380891273,1.0001727991030933,0.0004812911859312666
1538.7243252915446,1538.7243252915446,1.0006649788115631,0.00048134920897781243
1538.7312696917584,1538.7312696917584,0.9994477782587028,0.0004810800917462179
1538.73821409196,1538.73821409196,0.9998667332216872,0.0004811832818659463
1538.7451584921153,1538.7451584921153,0.9996899393286993,0.00048115771215985985
1538.752102892212,1538.752102892212,0.9997120026613537,0.0004813811647607632
1538.7590472922743,1538.7590472922743,1.0000859901663737,0.0004813298185746221
1538.7659916922898,1538.7659916922898,0.9995227590358693,0.00048126300514488983
1538.7729360922706,1538.7729360922706,1.0005460580294099,0.00048115650052829784
1538.7798804922274,1538.7798804922274,0.9997643166229461,0.00048134254232812224
1538.7868248920918,1538.7868248920918,1.0003332307087216,0.00048124032894261584
1538.7937692919563,1538.7937692919563,1.000142492196502,0.00048109044694837527
1538.8007136917618,1538.8007136917618,0.9992997788724622,0.0004811344951979045
1538.807658091533,1538.807658091533,1.000368707248804,0.00048134682104689606
1538.8146024912573,1538.8146024912573,1.0000751983795673,0.0004813842165785092
1538.8215468909473,1538.8215468909473,1.000069901277668,0.0004811624076956736
1538.828491290567,1538.828491290567,1.000421349273918,0.0004812197342943762
1538.8354356901866,1538.8354356901866,0.9989855845717468,0.00048099987452556294
1538.8423800897247,1538.8423800897247,0.9996607630521879,0.0004810975851680866
1538.8493244892395,1538.8493244892395,1.0006859867572089,0.0004812382161810118
1538.8562688887082,1538.8562688887082,1.0000597274719831,0.0004813931926019037
1538.8632132881412,1538.8632132881412,0.9999724430254984,0.0004809990040171602
1538.8701576875285,1538.8701576875285,0.99954465160257,0.00048109576772300546
1538.8771020868567,1538.8771020868567,0.9998867964475681,0.00048112781203463444
1538.884046486174,1538.884046486174,1.0001119909805838,0.0004813263647515104
1538.8909908854328,1538.8909908854328,1.0006912259154537,0.0004816210422282415
1538.897935284645,1538.897935284645,1.0007663238957503,0.0004813832722251562
1538.9048796838106,1538.9048796838106,0.9995002957077898,0.00048122214503418335
1538.9118240829416,1538.9118240829416,1.0001639471051937,0.0004811492646716772
1538.918768482014,1538.918768482014,0.9996615600047207,0.00048110260176655837
1538.9257128810516,1538.9257128810516,0.9996812304921081,0.00048101100833762946
1538.932657280066,1538.932657280066,0.9996669074547558,0.00048128967462473675
1538.9396016790101,1538.9396016790101,1.0001232038557841,0.00048122142414639085
1538.94654607792,1538.94654607792,0.9995694994900381,0.00048115370415628575
1538.9534904767947,1538.9534904767947,1.0009163801868226,0.0004812649284284028
1538.9604348756227,1538.9604348756227,1.0000199804912697,0.0004812798065875784
1538.967379274404,1538.967379274404,0.9999635187872817,0.0004809791917041319
1538.974323673151,1538.974323673151,0.9988984571686277,0.0004810365897038975
1538.9812680718278,1538.9812680718278,1.0010210035442024,0.0004813350311283863
1538.988212470481,1538.988212470481,1.0001494095686674,0.00048126221674391127
1538.995156869088,1538.995156869088,0.999707309969357,0.00048115291408781037
1539.0021012676596,1539.0021012676596,1.0000547468803482,0.0004812819267700906
1539.0090456661856,1539.0090456661856,1.0004825250443097,0.000481195488680152
1539.0159900646408,1539.0159900646408,0.9992634109350241,0.00048112968864931087
1539.0229344630964,1539.0229344630964,1.0001378352632304,0.00048130865885876313
1539.0298788614705,1539.0298788614705,0.999433865841298,0.0004813118050341519
1539.0368232598212,1539.0368232598212,1.0002848803638469,0.0004811177467850811
1539.0437676581255,1539.0437676581255,1.0006683980989521,0.00048129666293272
1539.0507120563714,1539.0507120563714,0.9996329672870223,0.000481097281883298
1539.057656454594,1539.057656454594,1.0001634072902008,0.00048118334941649405
1539.06460085277,1539.06460085277,1.000213668278664,0.00048121148819486924
1539.0715452508769,1539.0715452508769,0.9991647506638985,0.00048103294663148343
1539.0784896489595,1539.0784896489595,1.0002377335937536,0.0004812850578903366
1539.0854340469962,1539.0854340469962,1.000171063454445,0.00048112754824989706
1539.0923784449976,1539.0923784449976,0.9999171108103738,0.000481153646635091
1539.099322842929,1539.099322842929,1.000182583036555,0.0004812213379180999
1539.1062672408377,1539.1062672408377,1.0004604465515219,0.0004812032646033827
1539.1132116386996,1539.1132116386996,0.9998844520095116,0.00048134646636543684
1539.1201560365032,1539.1201560365032,0.9997194180380513,0.00048103676048128006
1539.1271004342718,1539.1271004342718,0.9998031874438714,0.0004811081900351801
1539.1340448319938,1539.1340448319938,0.9997750945736504,0.00048111565423095235
1539.1409892296695,1539.1409892296695,0.9998447034160411,0.00048110736664053476
1539.147933627322,1539.147933627322,1.0006068951799079,0.0004813748910937711
1539.1548780249043,1539.1548780249043,0.9996260775876976,0.0004811371370518779
1539.1618224224399,1539.1618224224399,1.0002097201505669,0.0004814241230602529
1539.1687668199295,1539.1687668199295,0.9998233754898826,0.00048131556080718623
1539.1757112173839,1539.1757112173839,1.0000680482223976,0.0004811608496773067
1539.1826556148033,1539.1826556148033,1.0001886525071826,0.00048128476889520825
1539.1896000121644,1539.1896000121644,1.0004411824468735,0.0004815294930978735
1539.1965444094672,1539.1965444094672,0.9992660528844732,0.0004810306840316641
1539.2034888067471,1539.2034888067471,1.0006622475338278,0.00048126948229001553
1539.2104332039687,1539.2104332039687,0.9998790353384003,0.0004812400131549703
1539.2173776011555,1539.2173776011555,0.9997515641727939,0.00048103738166750735
1539.2243219982954,1539.2243219982954,0.999742259799856,0.0004811683598136307
1539.2312663953776,1539.2312663953776,1.0000948221846346,0.00048131656185624656
1539.2382107924122,1539.2382107924122,1.000198197021448,0.0004811056461619173
1539.2451551894017,1539.2451551894017,0.9997990182895936,0.00048102873267983156
1539.2520995863783,1539.2520995863783,0.999740187104712,0.0004812453755407899
1539.2590439832854,1539.2590439832854,0.9996287796160823,0.00048108327167321245
1539.2659883801462,1539.2659883801462,1.0010066925703192,0.00048176605594863343
1539.27293277696,1539.27293277696,1.0007438786937328,0.0004812431453887032
1539.2798771737162,1539.2798771737162,0.9992959651260861,0.0004808663188166024
1539.2868215704607,1539.2868215704607,0.9995217872270699,0.0004811586422715149
1539.2937659671234,1539.2937659671234,0.9999074501764165,0.0004812001650171383
1539.300710363751,1539.300710363751,1.0000156345992413,0.0004812498573039662
1539.3076547603323,1539.3076547603323,1.0002566612425214,0.00048106542300211644
1539.314599156878,1539.314599156878,1.0001144096745236,0.00048151777428400295
1539.321543553367,1539.321543553367,1.0000009176304179,0.0004814235927953025
1539.3284879497967,1539.3284879497967,1.000453881594756,0.0004811876297741993
1539.3354323462147,1539.3354323462147,0.9994954900032598,0.0004812445129207856
1539.3423767425516,1539.3423767425516,0.9994461889466727,0.00048100403113572523
1539.349321138865,1539.349321138865,1.0002558233704817,0.00048116870253372154
1539.3562655351202,1539.3562655351202,1.000006204379345,0.0004811246948575188
1539.3632099313295,1539.3632099313295,1.0002138570994268,0.0004811120408594388
1539.3701543274913,1539.3701543274913,1.0002967151059035,0.0004811342856466329
1539.3770987236185,1539.3770987236185,0.9998361439482014,0.00048122393309810846
1539.3840431196759,1539.3840431196759,0.9999148022900597,0.0004812822501424261
1539.3909875156983,1539.3909875156983,0.9994933907501373,0.0004810555238963096
1539.3979319116745,1539.3979319116745,1.0001844859628393,0.00048123465188138246
1539.404876307592,1539.404876307592,1.0003795688507118,0.0004812591776784638
1539.4118207034978,1539.4118207034978,1.0003416402311736,0.000481341304535936
1539.4187650993229,1539.4187650993229,1.0002800642979779,0.00048121929911721436
1539.4257094951004,1539.4257094951004,1.0006570660180016,0.0004812982108577753
1539.4326538908433,1539.4326538908433,0.9994711233688307,0.0004810860951048092
1539.4395982865285,1539.4395982865285,1.000074704941797,0.00048136106609301244
1539.4465426821785,1539.4465426821785,0.9996711972746063,0.00048123352133988215
1539.4534870777584,1539.4534870777584,0.9996520074753181,0.0004811287022358837
1539.4604314733037,1539.4604314733037,0.999508982161386,0.00048127314977213355
1539.4673758688136,1539.4673758688136,1.0006920356488698,0.0004811931421471162
1539.474320264254,1539.474320264254,1.0007350076639614,0.0004814531431438913
1539.4812646596597,1539.4812646596597,0.999921004132163,0.0004811355042654201
1539.4882090550068,1539.4882090550068,1.0000689956007744,0.0004812052039697476
1539.4951534503311,1539.4951534503311,1.0005732452960585,0.00048125720151011677
1539.5020978455848,1539.5020978455848,0.999365957240691,0.0004811361154999144
1539.5090422407925,1539.5090422407925,0.9996061185079554,0.00048120822286274714
1539.5159866359536,1539.5159866359536,0.999879819824414,0.0004812461336467462
1539.5229310310676,1539.5229310310676,0.999978698113179,0.0004812347623243189
1539.5298754261241,1539.5298754261241,0.9997229984406582,0.00048147091561469524
1539.536819821157,1539.536819821157,1.0001782760368525,0.0004811330349473975
1539.54376421612,1539.54376421612,1.0002116892454747,0.0004813387601609857
1539.550708611025,1539.550708611025,0.9993802146728186,0.00048111846083395227
1539.5576530058947,1539.5576530058947,1.000871811467547,0.0004814527153460004
1539.5645974007182,1539.5645974007182,1.000335059946613,0.00048121201855938706
1539.5715417954832,1539.5715417954832,0.9994243558072412,0.0004810474576810894
1539.5784861902139,1539.5784861902139,1.00034558531913,0.00048147099171167026
1539.5854305848857,1539.5854305848857,0.9997650453521686,0.0004811200404231942
1539.5923749794997,1539.5923749794997,1.0002421871711837,0.0004814316649044299
1539.5993193740783,1539.5993193740783,0.9997260931419045,0.00048120551704963305
1539.6062637685989,1539.6062637685989,1.0004105110647692,0.00048141359160875806
1539.6132081630617,1539.6132081630617,0.9993976523439864,0.00048137864473583815
1539.6201525575123,1539.6201525575123,0.9997032334387663,0.00048124969462813957
1539.6276525034207,1539.6276525034207,0.9997937915989079,0.000481107828580007
1539.6354302250572,1539.6354302250572,1.0004207454114078,0.00048139432578462747
1539.6423746193104,1539.6423746193104,0.99970515133636,0.00048132563416533223
1539.6495967893038,1539.6495967893038,1.0004210893752083,0.00048134584080097387
1539.6576522865294,1539.6576522865294,1.0000901256813775,0.0004813773869943321
1539.6645966806195,1539.6645966806195,0.9998359924036457,0.0004812846202501133
1539.6793187959504,1539.6793187959504,1.0003629910132423,0.00048116439994964867
1539.688207620211,1539.688207620211,1.0001610367982559,0.0004813247360875909
1539.6951520140913,1539.6951520140913,0.9996843008750573,0.00048099065950218793
1539.7020964079484,1539.7020964079484,0.9996959045861995,0.0004809265127655577
1539.7090408017007,1539.7090408017007,1.0001899089375916,0.0004815184047068867
1539.7159851954416,1539.7159851954416,0.9996569920506474,0.00048102554704742477
1539.722929589124,1539.722929589124,0.9999070345397921,0.0004808985675499801
1539.7298739827597,1539.7298739827597,1.0002190810228226,0.00048127484782239255
1539.736818376326,1539.736818376326,0.9998849991610532,0.0004810807939249504
1539.7437627698687,1539.7437627698687,1.00028834627899,0.0004812612321333686
1539.7507071633302,1539.7507071633302,0.9998161937137443,0.00048108297941958523
1539.7576515567448,1539.7576515567448,0.9997588585083189,0.00048108159780594793
1539.7645959501128,1539.7645959501128,0.9996942863250213,0.0004809529194385249
1539.771540343446,1539.771540343446,1.0004179813025118,0.0004812311355640368
1539.7784847367097,1539.7784847367097,1.00083580790329,0.00048124967119976737
1539.7854291299266,1539.7854291299266,0.9997540028797548,0.00048094551709344736
1539.7923735230966,1539.7923735230966,0.9997364672946901,0.0004811342263319322
1539.799317916209,1539.799317916209,0.9995847473627035,0.0004810622627030591
1539.8062623092624,1539.8062623092624,0.9994168599194492,0.0004811541377695842
1539.8132067022818,1539.8132067022818,0.9996034597633423,0.0004809810265893077
1539.8201510952536,1539.8201510952536,1.0005677087391889,0.00048126697520691305
1539.8270954881446,1539.8270954881446,1.000798674751184,0.0004810035739575753
1539.834039881001,1539.834039881001,1.0003330959112238,0.0004811190445619995
1539.8409842738101,1539.8409842738101,0.9997358446132342,0.0004812534761705757
1539.8479286665495,1539.8479286665495,0.9996303958953414,0.0004812081390065177
1539.8548730592427,1539.8548730592427,1.000088072788794,0.0004810312517074227
1539.8618174518774,1539.8618174518774,0.9995318505300486,0.0004810184235941684
1539.868761844477,1539.868761844477,1.0003123776946512,0.00048125659674700907
1539.8757062370073,1539.8757062370073,1.0007168453564186,0.0004812090962005388
1539.8826506294906,1539.8826506294906,0.9998096207220073,0.00048124007338263923
1539.889595021927,1539.889595021927,1.0009938946864978,0.0004814494938084877
1539.8965394142947,1539.8965394142947,0.9994529393198333,0.0004811228908240319
1539.9034838066266,1539.9034838066266,0.9997723070818232,0.00048126117370321406
1539.9104281989007,1539.9104281989007,0.9998626063653614,0.0004810943515877396
1539.9173725911044,1539.9173725911044,0.9998852851944255,0.00048130388746168176
1539.924316983285,1539.924316983285,1.000125152255822,0.0004813392216669844
1539.931261375373,1539.931261375373,1.0002005705439345,0.00048154055663859424
1539.9382057674252,1539.9382057674252,0.9998910274663452,0.00048132813480505535
1539.945150159443,1539.945150159443,0.9999554370661798,0.00048155159733266286
1539.952094551391,1539.952094551391,0.9997417535513857,0.0004810985062182892
1539.9590389432926,1539.9590389432926,1.0003469710291086,0.00048119126758182666
1539.9659833351238,1539.9659833351238,1.0002838538853516,0.00048116441270767523
1539.972927726932,1539.972927726932,0.9999045150676386,0.0004813365400026106
1539.9798721186357,1539.9798721186357,0.9999719713160455,0.00048132860156581143
1539.9868165103157,1539.9868165103157,1.0001154747458545,0.0004813814046277545
1539.9937609019378,1539.9937609019378,0.9996088586315365,0.00048101400225603963
1540.0007052935011,1540.0007052935011,0.9996853356358727,0.00048108444710560195
1540.0076496850302,1540.0076496850302,1.000015869743294,0.0004810131867042859
1540.0145940764655,1540.0145940764655,1.0001975917478618,0.0004811906817998767
1540.0215384678668,1540.0215384678668,1.000346031792174,0.00048138253638055594
1540.0284828592091,1540.0284828592091,0.999899702463769,0.0004810358165019633
1540.035427250505,1540.035427250505,1.0000892146263558,0.0004810842646431922
1540.0423716417542,1540.0423716417542,1.0004393275651793,0.00048141093635956724
1540.049316032934,1540.049316032934,1.000191842715401,0.0004811348325751176
1540.0562604240438,1540.0562604240438,0.9997156885243059,0.0004810368683766129
1540.0632048151067,1540.0632048151067,0.9992240560880032,0.000481140421628676
1540.0701492061235,1540.0701492061235,1.0003555099457204,0.0004813058237386001
1540.07709359707,1540.07709359707,0.9997004349048133,0.00048103655690007316
1540.084037987982,1540.084037987982,1.0004336597451207,0.0004811260392862425
1540.0909823788238,1540.0909823788238,0.9999590006079966,0.0004812391165687949
1540.0979267696193,1540.0979267696193,0.9997677990595687,0.00048129371600188277
1540.104871160345,1540.104871160345,1.0004156332607297,0.00048129625520331896
1540.111815551024,1540.111815551024,1.0003328325073875,0.00048132081494028586
1540.1187599416448,1540.1187599416448,0.999423469205704,0.00048111180241793456
1540.125704332207,1540.125704332207,1.0001031794231696,0.0004812333740873109
1540.1326487227,1540.1326487227,0.9997423858943402,0.0004814897265836223
1540.1395931131574,1540.1395931131574,1.0009364794356819,0.0004817045031974038
1540.1465375035455,1540.1465375035455,0.9996819969676268,0.00048143061397500303
1540.153481893875,1540.153481893875,0.9998633837668507,0.00048118978674686696
1540.1604262841465,1540.1604262841465,0.9994039401126837,0.00048133654330658366
1540.1673706743718,1540.1673706743718,1.0012066909247932,0.0004814300474261096
1540.1743150645266,1540.1743150645266,1.0005126704947702,0.0004814005256317517
1540.181259454624,1540.181259454624,0.9994465037323657,0.0004813541047353961
1540.188203844651,1540.188203844651,1.0000916267915307,0.0004811899143834839
1540.1951482346544,1540.1951482346544,0.9995721414706095,0.0004814763993561856
1540.2020926245889,1540.2020926245889,1.0002311256352394,0.00048127867687299344
1540.2090370144524,1540.2090370144524,0.9996316886119274,0.00048116196332661615
1540.2159814042702,1540.2159814042702,1.0002679986202359,0.00048125151532941784
1540.2229257940294,1540.2229257940294,0.9998417361086218,0.0004814438281741587
1540.2298701837187,1540.2298701837187,0.999597710695209,0.00048121747829253084
1540.2368145733499,1540.2368145733499,1.0010540437849513,0.00048139841129482265
1540.243758962923,1540.243758962923,1.0001026989784132,0.0004813800197329108
1540.2507033524494,1540.2507033524494,0.9994572078757171,0.00048109748566179327
1540.257647741894,1540.257647741894,0.9996665962610931,0.0004814993198562936
1540.2645921313044,1540.2645921313044,1.000026648066093,0.00048130022768359305
1540.2715365206448,1540.2715365206448,1.0001295264646286,0.00048142690421297486
1540.2784809099153,1540.2784809099153,0.9999234587721482,0.00048148909327033653
1540.285425299139,1540.285425299139,1.0004359102152702,0.00048145812923935477
1540.2923696883042,1540.2923696883042,0.9996526895678439,0.00048152979133313874
1540.2993140774004,1540.2993140774004,1.0002749855152568,0.0004814978003067604
1540.306258466426,1540.306258466426,1.0001077764581854,0.00048134600258623256
1540.3132028554169,1540.3132028554169,1.0000380861915643,0.0004813017263835059
1540.3201472443495,1540.3201472443495,0.9999760004524948,0.0004814473850242904
1540.3270916332008,1540.3270916332008,0.9994312019537425,0.00048124552855054387
1540.3340360219938,1540.3340360219938,1.000095002370298,0.0004814303412056212
1540.3409804107403,1540.3409804107403,1.0003900187607744,0.0004815860587055417
1540.3479247994053,1540.3479247994053,0.9998213099367513,0.0004812409184443476
1540.3548691880235,1540.3548691880235,0.9992549892905854,0.00048121769179893003
1540.361813576584,1540.361813576584,0.999487505372141,0.00048115795344327785
1540.3687579650625,1540.3687579650625,1.000433292872175,0.00048127130143750773
1540.3757023535063,1540.3757023535063,1.000322965999692,0.00048136513903091914
1540.3826467418803,1540.3826467418803,1.0001612976364371,0.0004813531385490559
1540.3895911301845,1540.3895911301845,0.9997689294030524,0.00048123079440468485
1540.3965355184307,1540.3965355184307,1.0004052922674482,0.0004812944314958404
1540.4034799066064,1540.4034799066064,0.9997719096461832,0.0004811753033002475
1540.4104242947358,1540.4104242947358,0.9995334946958707,0.00048120020445535964
1540.4173686827953,1540.4173686827953,1.000596247941314,0.0004812898491281882
1540.4243130707737,1540.4243130707737,0.99957972868248,0.000481056593808845
1540.4312574587282,1540.4312574587282,0.9999181904697536,0.0004812393451945118
1540.4382018466017,1540.4382018466017,1.000086234123124,0.00048132432908274455
1540.4451462343936,1540.4451462343936,0.9996987036226004,0.0004811979176529167
1540.45209062215,1540.45209062215,0.9997713671650897,0.00048130878871116746
1540.4590350098374,1540.4590350098374,1.0001143406738782,0.00048141153688726756
1540.4659793974433,1540.4659793974433,1.0009378712755679,0.0004815065893815286
1540.472923785002,1540.472923785002,0.9999970607992251,0.00048150900529793286
1540.4798681724913,1540.4798681724913,1.0000406035459746,0.00048143097882065314
1540.486812559899,1540.486812559899,0.9997012863315573,0.00048116784168267897
1540.4937569472834,1540.4937569472834,0.9999155340080641,0.0004812938909600999
1540.5007013345862,1540.5007013345862,0.9994287007193556,0.0004813985543362236
1540.5076457218195,1540.5076457218195,1.0001120170374018,0.00048138318764840294
1540.5145901089825,1540.5145901089825,0.9995666996494064,0.00048127532239134027
1540.5215344960875,1540.5215344960875,1.0000932186236593,0.00048143520900909237
1540.5284788831345,1540.5284788831345,1.0004756089187445,0.00048153724730561526
1540.5354232701116,1540.5354232701116,1.0002877925956162,0.000481543416045713
1540.5423676570072,1540.5423676570072,1.0008838190312075,0.0004817894043062869
1540.549312043844,1540.549312043844,0.9997942043323522,0.00048144069266950446
1540.556256430635,1540.556256430635,0.9997414105402072,0.0004813957935712992
1540.5632008173438,1540.5632008173438,0.9990506393240167,0.00048125057769081696
1540.570145203995,1540.570145203995,1.0002264158565795,0.0004814132625521264
1540.5770895905762,1540.5770895905762,1.0002138227447916,0.0004817279380379907
1540.584033977099,1540.584033977099,0.9998746372151579,0.00048172664279669947
1540.5909783635404,1540.5909783635404,1.0000496318278178,0.00048160872589481313
1540.5979227499238,1540.5979227499238,0.999881334315468,0.00048145579838491
1540.6048671362373,1540.6048671362373,1.0001299514904844,0.0004814855758517865
1540.6118115224922,1540.6118115224922,1.0002307825374,0.00048153199278507783
1540.6187559086661,1540.6187559086661,0.9997769662108779,0.00048155163731995905
1540.6257002947812,1540.6257002947812,1.0002052684312341,0.000481506570296898
1540.6326446808268,1540.6326446808268,0.999736111824286,0.0004814629004043981
1540.639589066803,1540.639589066803,0.9997340404768039,0.0004813772192207604
1540.6465334527086,1540.6465334527086,1.0005937870941914,0.00048137411574874025
1540.6534778385562,1540.6534778385562,0.9996650343682838,0.00048145411236880255
1540.6604222243343,1540.6604222243343,0.9998731378934691,0.0004814566440771324
1540.667366610042,1540.667366610042,1.0005631777885726,0.0004815466162634664
1540.674310995669,1540.674310995669,0.9992936376016182,0.0004811959172051317
1540.6812553812488,1540.6812553812488,1.0000541525298647,0.00048126950826330735
1540.6881997667474,1540.6881997667474,1.0003106366392767,0.0004813304006272315
1540.6951441521874,1540.6951441521874,1.0005756317962677,0.00048153262172526297
1540.7020885375464,1540.7020885375464,0.9997713462764184,0.0004813259358834853
1540.7090329228351,1540.7090329228351,0.9999101510524563,0.000481656333760076
1540.7159773080662,1540.7159773080662,0.999795486787,0.0004814602756848597
1540.722921693215,1540.722921693215,0.999688798782213,0.00048126794681254
1540.7298660783058,1540.7298660783058,0.9994946775049713,0.00048125436684374535
1540.7368104633042,1540.7368104633042,1.0001611661209544,0.0004812473201253016
1540.7437548482553,1540.7437548482553,1.0006527728917032,0.00048142633704921294
1540.750699233125,1540.750699233125,0.9998942687274927,0.000481325113108303
1540.757643617937,1540.757643617937,1.0002055649670245,0.00048125544819032794
1540.7645880026553,1540.7645880026553,0.9999521039584301,0.00048140713340141946
1540.7715323873272,1540.7715323873272,1.0000256130737175,0.000481349605073774
1540.7784767719058,1540.7784767719058,1.000519289460988,0.0004813232684555667
1540.7854211564031,1540.7854211564031,0.9994820397416959,0.0004812724201964807
1540.7923655408654,1540.7923655408654,0.999658474517868,0.0004813523315514446
1540.7993099252465,1540.7993099252465,1.0001213250919943,0.0004813116350192455
1540.806254309534,1540.806254309534,1.0002120990514756,0.0004816032576560168
1540.8131986937638,1540.8131986937638,1.0001236996970149,0.00048153851824768966
1540.8201430779234,1540.8201430779234,0.9998908122484046,0.000481610173592355
1540.8270874619898,1540.8270874619898,1.0005931072092948,0.0004815413820735393
1540.83403184601,1540.83403184601,0.999817102833916,0.0004814017346247778
1540.84097622996,1540.84097622996,0.9999573625914785,0.0004814373557755421
1540.8479206138052,1540.8479206138052,0.9999516060148214,0.0004814664002208469
1540.8548649976044,1540.8548649976044,0.9996341758266111,0.0004814294764710323
1540.8618093813097,1540.8618093813097,1.0009627406808597,0.0004815003047966962
1540.8687537649341,1540.8687537649341,0.9998875204790185,0.00048138059868623264
1540.8756981485233,1540.8756981485233,0.9995131303859734,0.0004814253692016227
1540.8826425320078,1540.8826425320078,1.0006629924689152,0.00048153761005313234
1540.8895869154226,1540.8895869154226,1.000626564798171,0.00048148233630013095
1540.8965312987673,1540.8965312987673,0.9999896919151421,0.00048153636159102884
1540.9034756820424,1540.9034756820424,0.9994991362508037,0.0004812709211809786
1540.9104200652241,1540.9104200652241,1.000362684319966,0.0004812736096630922
1540.9173644483476,1540.9173644483476,1.0001193545422777,0.0004815967910716741
1540.9243088313892,1540.9243088313892,1.0004198273510014,0.00048137228806808386
1540.9312532143388,1540.9312532143388,0.998621846122847,0.0004812337932922219
1540.9381975972294,1540.9381975972294,1.000231099804422,0.00048162693558063025
1540.9451419800503,1540.9451419800503,1.0001340169616466,0.000481406688101654
1540.9520863627781,1540.9520863627781,1.000903828903677,0.0004815873776848581
1540.959030745436,1540.959030745436,1.000328733822421,0.00048148294288197354
1540.9659751280242,1540.9659751280242,0.9991442883187271,0.0004813642932519011
1540.9729195105074,1540.9729195105074,0.999322028092967,0.0004814068525523076
1540.979863892944,1540.979863892944,0.9999220993091764,0.00048141594963012536
1540.9868082752996,1540.9868082752996,0.9999826165309204,0.0004812496810933075
1540.99375265755,1540.99375265755,1.0006937310355895,0.0004816615616252813
1541.0006970397421,1541.0006970397421,1.0002941096738363,0.00048136747664322046
1541.007641421853,1541.007641421853,1.0003753306323115,0.00048161211917419994
1541.0145858038939,1541.0145858038939,0.9996471327079313,0.00048119218712205057
1541.0215301858414,1541.0215301858414,1.0001591077492382,0.00048155459646020727
1541.028474567708,1541.028474567708,0.9989771470723234,0.0004811167829541686
1541.0354189495044,1541.0354189495044,0.9996539380610499,0.00048122745508952697
1541.0423633312191,1541.0423633312191,1.0002210232298072,0.0004814269003544587
1541.0493077128413,1541.0493077128413,1.0004032558103755,0.00048138085014219655
1541.0562520944045,1541.0562520944045,0.9998861360305819,0.0004813713029459786
1541.063196475887,1541.063196475887,1.0003599487992587,0.0004815114089169229
1541.0701408572645,1541.0701408572645,1.000267549176105,0.0004812766488760123
1541.07708523856,1541.07708523856,1.000282057676272,0.0004814195233071905
1541.0840296198096,1541.0840296198096,0.9998476198293238,0.00048135170933336584
1541.090974000954,1541.090974000954,0.9999906645075638,0.00048130486195632207
1541.0979183820054,1541.0979183820054,0.9996836525921031,0.00048120310030397675
1541.1048627629984,1541.1048627629984,1.000023850029201,0.0004813092951653595
1541.111807143887,1541.111807143887,0.9997285840192213,0.00048129667071106707
1541.1187515247173,1541.1187515247173,1.000179051584785,0.00048127756078260883
1541.1256959054542,1541.1256959054542,0.999885110248,0.00048150373292800473
1541.1326402860984,1541.1326402860984,1.000148511213035,0.00048149308018609804
1541.1395846666605,1541.1395846666605,0.999868675275582,0.00048137294515755816
1541.1465290471533,1541.1465290471533,1.0003037460333697,0.00048170981595776704
1541.1534734275526,1541.1534734275526,0.9998560286172179,0.0004814019476979435
1541.1604178078708,1541.1604178078708,0.9996931345519462,0.0004814113245084485
1541.167362188084,1541.167362188084,1.0005720418626045,0.0004817122013866088
1541.1743065682156,1541.1743065682156,0.9997656886643899,0.00048131795397308866
1541.1812509483009,1541.1812509483009,0.9997124838859044,0.0004811905380101574
1541.1881953282577,1541.1881953282577,1.0001486318096742,0.00048168647541737056
1541.195139708168,1541.195139708168,0.9997905619832181,0.0004812055169200986
1541.2020840879622,1541.2020840879622,0.9997160134913645,0.0004813396421421526
1541.2090284676633,1541.2090284676633,0.9999022744410093,0.0004813490181446816
1541.2159728473061,1541.2159728473061,1.0002915859336978,0.00048153096821639343
1541.2229172268437,1541.2229172268437,1.0008150204072874,0.0004816799877338745
1541.2298616063006,1541.2298616063006,0.9999822043927764,0.00048144534826477704
1541.236805985664,1541.236805985664,0.9996330564396505,0.00048116494697552227
1541.243750364934,1541.243750364934,0.9997691097325369,0.00048111116449084363
1541.2506947441348,1541.2506947441348,1.000097667675285,0.0004815635065789522
1541.25763912323,1541.25763912323,0.9997627180846841,0.0004813738783351467
1541.2645835022558,1541.2645835022558,1.0004664962864722,0.0004814567649987559
1541.2715278811652,1541.2715278811652,0.9997107532709988,0.00048133740695005734
1541.2784722600047,1541.2784722600047,1.0002522363059956,0.00048143183500485535
1541.2854166387394,1541.2854166387394,1.000075905411394,0.00048137770720226133
1541.2923610173925,1541.2923610173925,0.9999684211901808,0.0004814005639894008
1541.2993053959528,1541.2993053959528,0.9998870688417856,0.0004812601662170923
1541.3062497744315,1541.3062497744315,1.0001650963623585,0.00048141981065405817
1541.3131941528054,1541.3131941528054,0.9995314749169573,0.0004812430551651502
1541.320138531109,1541.320138531109,1.0004716448574151,0.0004814464814570693
1541.3270829093085,1541.3270829093085,1.00009086019835,0.0004816060270843806
1541.3340272874027,1541.3340272874027,0.9998136676663322,0.00048133729370277676
1541.340971665439,1541.340971665439,1.0002683734005118,0.0004817328267592466
1541.3479160433587,1541.3479160433587,0.9992400726874096,0.00048131453070576627
1541.3548604211853,1541.3548604211853,0.9999762978217331,0.00048160386852619946
1541.361804798919,1541.361804798919,1.0000791200229988,0.000481349863296575
1541.368749176571,1541.368749176571,0.9999182465253238,0.0004816007972653813
1541.375693554095,1541.375693554095,1.0005561008381902,0.0004814672815168606
1541.3826379315728,1541.3826379315728,1.0000414173644079,0.00048131286092903446
1541.3895823089335,1541.3895823089335,1.000463049728417,0.0004814576875888183
1541.3965266861899,1541.3965266861899,1.000822299849184,0.00048137800485486713
1541.4034710633764,1541.4034710633764,0.9998799568968906,0.00048150119128792046
1541.4104154404463,1541.4104154404463,0.9996355249551991,0.0004815316959046933
1541.4173598174116,1541.4173598174116,0.9999849920026929,0.00048127859884014405
1541.4243041943068,1541.4243041943068,0.9990464631670845,0.0004811974640904162
1541.4312485710975,1541.4312485710975,0.9993339014636771,0.0004812154692217987
1541.4381929477947,1541.4381929477947,1.000703338159562,0.000481494773145691
1541.4451373243758,1541.4451373243758,1.0001154053995047,0.00048123917942072974
1541.4520817008754,1541.4520817008754,1.000696948748456,0.00048143118518916093
1541.4590260772932,1541.4590260772932,1.0005331537261086,0.0004816767302306727
1541.4659704535718,1541.4659704535718,0.9994867197025477,0.000481076821535631
1541.4729148297683,1541.4729148297683,1.0004023957527384,0.0004812605878755376
1541.4798592058958,1541.4798592058958,0.9997522809522523,0.0004813443869834482
1541.486803581883,1541.486803581883,0.9992044660447295,0.000481144084344584
1541.4937479577886,1541.4937479577886,1.000486244912103,0.00048159130820446295
1541.5006923335666,1541.5006923335666,0.9999092688329047,0.0004811204894124003
1541.5076367092977,1541.5076367092977,0.9991668870028217,0.00048108553706140215
1541.5145810848894,1541.5145810848894,1.000587328479202,0.00048131307308579895
1541.5215254603995,1541.5215254603995,0.9997838683987187,0.00048099700453436024
1541.528469835793,1541.528469835793,1.000039041313479,0.000481132278084401
1541.535414211093,1541.535414211093,1.0010711188975852,0.00048133418229493873
1541.5423585862886,1541.5423585862886,0.9996197444483345,0.00048111211929426306
1541.54930296138,1541.54930296138,1.0005433824661134,0.00048141605013130603
1541.5562473363775,1541.5562473363775,1.00001991564058,0.00048122691571879036
1541.5631917112707,1541.5631917112707,0.9994070925094523,0.00048122300964958964
1541.570136086059,1541.570136086059,0.9997689556884224,0.000481270586126394
1541.577080460731,1541.577080460731,0.9995738687517525,0.0004812374912581121
1541.5840248353095,1541.5840248353095,0.9997203869358493,0.00048139093043592736
1541.5909692097716,1541.5909692097716,1.0005277324157604,0.000481350686205246
1541.5979135841526,1541.5979135841526,0.9999897681936523,0.00048169908745562183
1541.6048579584053,1541.6048579584053,1.0003905414387024,0.00048150292506223566
1541.6118023325648,1541.6118023325648,0.999961779123619,0.0004814280710697797
1541.618746706608,1541.618746706608,0.9997408067732794,0.00048125797326158137
1541.6256910805578,1541.6256910805578,1.0004250911233863,0.00048132904561815125
1541.6326354543914,1541.6326354543914,0.9996081108604533,0.00048110877114249963
1541.6395798281203,1541.6395798281203,0.9995244070605965,0.0004813416362297343
1541.6465242017562,1541.6465242017562,1.0008503742619728,0.00048158368498466144
1541.6534685752522,1541.6534685752522,0.9999136174544745,0.00048136044347021326
1541.6604129486666,1541.6604129486666,1.0003590517352152,0.00048116012504691716
1541.6673573219648,1541.6673573219648,0.9994216302776344,0.0004811078684220033
1541.6743016951816,1541.6743016951816,0.9996975163865635,0.0004812190055724131
1541.6812460682354,1541.6812460682354,1.0000112665892646,0.00048118950826262565
1541.688190441207,1541.688190441207,0.9998536975733027,0.0004811435519261369
1541.6951348140628,1541.6951348140628,1.0007067665053797,0.00048144091998548056
1541.7020791868374,1541.7020791868374,1.000394102474654,0.0004814155656152631
1541.7090235594599,1541.7090235594599,1.000490847672359,0.0004813105822349158
1541.7159679319898,1541.7159679319898,1.0006626802205627,0.0004814197038421959
1541.7229123044149,1541.7229123044149,0.9995687398965449,0.00048138114457974967
1541.7298566767117,1541.7298566767117,0.999558003716617,0.00048128576628919933
1541.7368010489158,1541.7368010489158,0.9993399032197992,0.0004811525837032448
1541.7437454209914,1541.7437454209914,0.9992375252267782,0.00048101398538391473
1541.7506897929625,1541.7506897929625,1.0002186000492872,0.0004811192563814081
1541.7576341648287,1541.7576341648287,1.00042943660651,0.0004813507764317028
1541.7645785365664,1541.7645785365664,1.0008932134946957,0.00048118148809641193
1541.7715229082,1541.7715229082,1.0006127484125265,0.0004812102099246876
1541.778467279717,1541.778467279717,1.0001685089016044,0.00048132166367217564
1541.7854116511176,1541.7854116511176,1.000046857991615,0.0004812516635767647
1541.7923560224017,1541.7923560224017,0.9995999562308724,0.0004810760861304896
1541.7993003935694,1541.7993003935694,0.9998265638081276,0.00048103106214354734
1541.806244764644,1541.806244764644,0.9987484357213333,0.0004809799608643926
1541.813189135579,1541.813189135579,0.9999163358924985,0.0004811790409363981
1541.8201335063973,1541.8201335063973,1.0003932823208728,0.00048135047532460527
1541.8270778770989,1541.8270778770989,1.000057319005387,0.0004811798348264112
1541.8340222477198,1541.8340222477198,1.0002437898156828,0.00048145548601927847
1541.8409666181774,1541.8409666181774,1.0002403643949165,0.00048143501603165365
1541.8479109885418,1541.8479109885418,1.0001122136878222,0.0004814482130869555
1541.8548553587902,1541.8548553587902,1.0000464037784198,0.0004815506360210654
1541.8617997289098,1541.8617997289098,1.0004650377114106,0.00048130228951896535
1541.868744098902,1541.868744098902,0.9993775806517855,0.0004810937868539529
1541.8756884688005,1541.8756884688005,0.9998856871908256,0.00048131261889163696
1541.8826328385712,1541.8826328385712,1.0002706856848493,0.00048150885601857646
1541.8895772082255,1541.8895772082255,1.000021544386847,0.00048155270694112614
1541.8965215777519,1541.8965215777519,0.9992144465064043,0.00048136758121492446
1541.9034659471731,1541.9034659471731,0.9997102631390213,0.00048138246540099767
1541.9104103164668,1541.9104103164668,1.0009083877003921,0.0004819643779965588
1541.9173546856323,1541.9173546856323,0.9996712957467173,0.0004814651684293258
1541.9242990546927,1541.9242990546927,1.0003885990752535,0.00048140422362760195
1541.9312434236253,1541.9312434236253,1.0005655648106704,0.0004817979769203546
1541.938187792441,1541.938187792441,0.9991790232535364,0.00048136696193131254
1541.9451321611407,1541.9451321611407,1.0002106267416537,0.0004814760676048542
1541.9520765297125,1541.9520765297125,1.0000249279677675,0.0004813420278733988
1541.9590208981676,1541.9590208981676,0.9992791363511611,0.00048126827965209426
1541.9659652664952,1541.9659652664952,1.0010529905785845,0.0004815022649954135
1541.9729096347176,1541.9729096347176,1.0006826834166878,0.0004815774262411067
1541.9798540028119,1541.9798540028119,1.0005648420674425,0.0004812939754176446
1541.9867983707777,1541.9867983707777,0.9998000859030931,0.00048179393280401285
1541.9937427386276,1541.9937427386276,0.9992505451269317,0.00048144034952308894
1542.9529015186145,1542.9529015186145,1.0004580154470128,0.0005042669504092269
1544.388167533305,1544.388167533305,0.9998294126196587,0.0005362732968569432
1544.395111941858,1544.395111941858,0.9992086391594055,0.0005353488380525799
1544.4020563504225,1544.4020563504225,1.00025209720719,0.0005345925938178202
1544.4090007589753,1544.4090007589753,0.9998659104332033,0.000534465071321534
1544.4159451675166,1544.4159451675166,1.0003351416655086,0.0005336094272192243
1544.4228895760575,1544.4228895760575,0.9999084620553242,0.0005325172661515013
1544.4298339845875,1544.4298339845875,1.0003626475221357,0.00053205275606784
1544.436778393117,1544.436778393117,1.0001619513789008,0.0005315688051550078
1544.4437228016347,1544.4437228016347,1.000256163364759,0.0005314172589005585
1544.450667210141,1544.450667210141,0.9992863772902234,0.0005304912600623014
1544.4576116186358,1544.4576116186358,1.0011237070260555,0.0005307350237311312
1544.4645560271306,1544.4645560271306,0.9992945399182448,0.0005296442013454902
1544.4715004356135,1544.4715004356135,1.0003235438229106,0.0005296997959977486
1544.4784448440848,1544.4784448440848,1.0001345297809023,0.0005293711705331324
1544.4853892525564,1544.4853892525564,0.9996579653701507,0.000529220267750577
1544.4923336610043,1544.4923336610043,0.9999268416430237,0.0005288077492405189
1544.4992780694408,1544.4992780694408,0.999392683973803,0.0005283229251248394
1544.5062224778771,1544.5062224778771,0.9998599405935298,0.0005285614032930748
1544.5131668863255,1544.5131668863255,1.0003770722481007,0.0005283783731158079
1544.5201112947386,1544.5201112947386,1.0004694204430553,0.0005282312786148686
1544.527055703117,1544.527055703117,1.000274998134055,0.000528361126196132
1544.5340001115069,1544.5340001115069,0.999702678400895,0.0005278193187761939
1544.5409445198966,1544.5409445198966,0.9999761478990413,0.0005276928621623885
1544.5478889282635,1544.5478889282635,0.9998682589513681,0.000527276239049854
1544.5548333366178,1544.5548333366178,1.000113188042513,0.0005275393364481568
1544.5617777449618,1544.5617777449618,0.9998502758633478,0.0005270937021229389
1544.568722153293,1544.568722153293,0.9997167721244722,0.0005270918369851813
1544.5756665616132,1544.5756665616132,1.0002927526353456,0.000526817282096202
1544.5826109699215,1544.5826109699215,1.0005627984299799,0.0005266440116931727
1544.5895553782182,1544.5895553782182,0.9998620857127068,0.000526640361873298
1544.59649978648,1544.59649978648,0.9997678363704103,0.0005263899450233112
1544.6034441947536,1544.6034441947536,1.000022130739441,0.0005265150783916506
1544.6103886030155,1544.6103886030155,1.0000378175699338,0.0005262598902053275
1544.6173330112542,1544.6173330112542,0.9995859372142453,0.0005260911890464469
1544.624277419481,1544.624277419481,1.00003716319181,0.0005257852496659526
1544.631221827696,1544.631221827696,1.000197287910949,0.0005257880262703138
1544.6392773411994,1544.6392773411994,0.9999185004414693,0.0005257554324923829
1544.6464995257043,1544.6464995257043,0.9997667562178127,0.0005255613573429124
1544.653443933885,1544.653443933885,1.0002347655679373,0.0005258203660873761
1544.6603883420069,1544.6603883420069,1.0000334486487674,0.000525933341531627
1544.6673327501874,1544.6673327501874,1.0003051218922345,0.000525285955954397
1544.6742771583092,1544.6742771583092,0.9993580522807639,0.000525024961940625
1544.6812215663733,1544.6812215663733,1.0000719821723,0.0005254521609632768
1544.6881659744836,1544.6881659744836,1.0002267670241383,0.0005248946171756944
1544.6951103825595,1544.6951103825595,0.9997931600417884,0.000525232224114367
1544.7020547906118,1544.7020547906118,0.9998322154398853,0.0005249140812660358
1544.7089991986522,1544.7089991986522,1.0012120039742693,0.0005254215173731439
1544.7159436066697,1544.7159436066697,0.9999030544482524,0.0005245116921988888
1544.7228880146868,1544.7228880146868,0.9998863591489103,0.0005247107403403815
1544.7298324226927,1544.7298324226927,1.0001252444222084,0.0005246137784044774
1544.7367768306635,1544.7367768306635,0.9996137348544736,0.0005248988022466036
1544.7437212386108,1544.7437212386108,1.0001633564410235,0.0005244653690833409
1544.7506656465703,1544.7506656465703,0.9991948132486508,0.0005241224822797048
1544.7576100544825,1544.7576100544825,0.9996214562687982,0.0005244476037906265
1544.7645544623956,1544.7645544623956,0.9999836794332528,0.0005241125497674016
1544.7714988702846,1544.7714988702846,1.0000046025092524,0.0005242381989211361
1544.7784432781623,1544.7784432781623,1.0011550937546467,0.0005244137628469252
1544.7853876859933,1544.7853876859933,0.9996901180842471,0.0005238696063143857
1544.7923320938241,1544.7923320938241,1.0004923244769086,0.000523838576266075
1544.7992765016556,1544.7992765016556,1.0009627880872838,0.0005239430753396766
1544.8062209094746,1544.8062209094746,0.9998351922444162,0.0005241277011224463
1544.813165317248,1544.813165317248,0.9999199536328869,0.0005233479678722383
1544.820109725009,1544.820109725009,1.0001724883140468,0.000523284099086626
1544.8270541327704,1544.8270541327704,0.9992956197593678,0.0005237725304734344
1544.8339985404848,1544.8339985404848,0.9996073828799975,0.000523465788795709
1544.840942948188,1544.840942948188,0.9999744593830938,0.0005234311988836577
1544.8478873558793,1544.8478873558793,0.9997998933660461,0.0005230600765827515
1544.854831763559,1544.854831763559,1.0000980566070568,0.0005230840528521643
1544.8617761712042,1544.8617761712042,0.9999460546208303,0.0005229025719433696
1544.868720578837,1544.868720578837,1.000630008703954,0.0005230904819656657
1544.875664986447,1544.875664986447,0.9998721984315443,0.0005226378181715291
1544.8826093940454,1544.8826093940454,1.000370937960171,0.0005227587575438664
1544.8895538015968,1544.8895538015968,0.9999326703499163,0.0005222393622397035
1544.8964982091952,1544.8964982091952,0.9999314303706504,0.0005221155133799006
1544.9034426167004,1544.9034426167004,0.9999069934816367,0.0005221214260872968
1544.9103870242168,1544.9103870242168,1.0004487186694937,0.0005219400103304752
1544.9173314317109,1544.9173314317109,0.9994686202110188,0.0005218298011543106
1544.9242758391804,1544.9242758391804,0.9994543837375687,0.000521742532940576
1544.9312202466394,1544.9312202466394,1.0004504808858101,0.0005218254473293343
1544.9381646540628,1544.9381646540628,0.9995082308246808,0.0005216843029134291
1544.9451090614866,1544.9451090614866,0.9998426105625038,0.00052180894323458
1544.9520534688634,1544.9520534688634,1.0008749033787476,0.0005215734468962143
1544.9589978762408,1544.9589978762408,1.0002715934247866,0.0005211570743985201
1544.9659422835825,1544.9659422835825,0.9999277727238922,0.0005212135772634803
1544.9728866909252,1544.9728866909252,1.000437625261683,0.0005213773791063014
1544.97983109822,1544.97983109822,0.9994697242739019,0.0005206518789407047
1544.9867755055277,1544.9867755055277,0.9994609676561502,0.0005203695368673756
1544.9937199127767,1544.9937199127767,1.0000814098594477,0.0005205352744624159
1545.0006643200259,1545.0006643200259,0.9995099193339948,0.0005204605219121936
1545.0076087272512,1545.0076087272512,0.9997401032140871,0.0005200928629031754
1545.0145531344538,1545.0145531344538,1.000462927450599,0.0005205225283912052
1545.0214975416327,1545.0214975416327,1.00065413864291,0.0005201629809516984
1545.028441948789,1545.028441948789,1.0000778029142008,0.0005199275663405948
1545.0353863559214,1545.0353863559214,1.0000075717218966,0.000519976892972334
1545.0423307630422,1545.0423307630422,0.9991462846777577,0.0005200511398770742
1545.0492751701283,1545.0492751701283,1.0006335673835138,0.0005195994350634628
1545.0562195772027,1545.0562195772027,1.0005207819185051,0.0005200112433985858
1545.0631639842536,1545.0631639842536,0.9995520776890998,0.0005194830392203265
1545.0701083912818,1545.0701083912818,1.000359572878032,0.0005195491994730592
1545.077052798286,1545.077052798286,0.9996536478645401,0.0005193255418925682
1545.0839972052677,1545.0839972052677,0.9996013639998041,0.0005194619181715871
1545.0909416122254,1545.0909416122254,1.000046802801015,0.0005191288448556267
1545.09788601916,1545.09788601916,0.9998054707335037,0.0005191096597388192
1545.1048304260714,1545.1048304260714,1.0008000857998025,0.000519254855717466
1545.1117748329593,1545.1117748329593,0.9993398034375105,0.0005186151152496613
1545.118719239836,1545.118719239836,1.000002482081022,0.0005187039069650748
1545.1256636466776,1545.1256636466776,1.0005640466835208,0.0005184454602787036
1545.132608053496,1545.132608053496,1.0007136552096085,0.0005188310928978982
1545.1395524603024,1545.1395524603024,1.0003208227941838,0.0005181330152912568
1545.146496867074,1545.146496867074,0.9995024680080533,0.000518465643782231
1545.1534412738342,1545.1534412738342,1.000223353781541,0.0005178504945397179
1545.160385680571,1545.160385680571,0.9999467241320682,0.0005184648917620637
1545.1673300872726,1545.1673300872726,1.0001031122741153,0.0005177000236973025
1545.1742744939743,1545.1742744939743,0.9996887015467759,0.0005176810229305204
1545.1812189006416,1545.1812189006416,1.000397287289924,0.0005178088194984623
1545.1881633072503,1545.1881633072503,0.9994170364282547,0.0005178553292720684
1545.1951077138706,1545.1951077138706,0.9992755833263065,0.0005173911762385349
1545.2020521204677,1545.2020521204677,1.0005210811515295,0.0005175282511472511
1545.2089965270295,1545.2089965270295,1.0002091394373465,0.000517522998572934
1545.2159409335804,1545.2159409335804,1.0005945048228981,0.0005173680530078915
1545.2228853401073,1545.2228853401073,0.9997125925321582,0.0005172894080417003
1545.2298297465882,1545.2298297465882,1.0001937302764543,0.0005168550540109948
1545.2367741530688,1545.2367741530688,0.9999030017685303,0.0005166686872182837
1545.2437185595143,1545.2437185595143,1.0000745211173385,0.0005167084016707445
1545.250662965937,1545.250662965937,0.9999492651103303,0.0005171274337061597
1545.2576073723478,1545.2576073723478,1.0004685342553195,0.0005167240205772552
1545.2645517787234,1545.2645517787234,1.0000836905543646,0.0005166766594408129
1545.2714961850647,1545.2714961850647,0.9997019317431919,0.0005167772906967555
1545.278440591394,1545.278440591394,1.0002649563033554,0.0005171189268209384
1545.2853849976998,1545.2853849976998,1.0001974547882968,0.0005168544712668151
1545.292329403971,1545.292329403971,0.9996523645076753,0.0005166360714768205
1545.2992738102419,1545.2992738102419,1.0000026208725594,0.0005166558191347338
1545.3062182164667,1545.3062182164667,1.0002832765052792,0.0005163617244403186
1545.3131626226682,1545.3131626226682,1.0000624588713944,0.0005164316122866695
1545.3201070288458,1545.3201070288458,0.999602765699813,0.0005163730779899117
1545.327051435012,1545.327051435012,1.0003237717239357,0.0005163873959556055
1545.3339958411439,1545.3339958411439,1.000247507575833,0.0005163643527397229
1545.3409402472284,1545.3409402472284,1.0003538214513141,0.0005161079491800282
1545.3478846533135,1545.3478846533135,1.0003910474016682,0.0005159729035033193
1545.354829059398,1545.354829059398,0.999180188202541,0.0005161014593417095
1545.3617734654242,1545.3617734654242,0.9993591875290697,0.0005157536179683198
1545.368717871428,1545.368717871428,1.000036072554261,0.0005157334481221293
1545.3756622774195,1545.3756622774195,0.9999386476247588,0.0005158433147075731
1545.3826066833765,1545.3826066833765,1.000376979783643,0.0005156135098241733
1545.3895510893103,1545.3895510893103,0.9993936591462512,0.000515557573228061
1545.3964954952203,1545.3964954952203,1.000043403758669,0.0005154568630423825
1545.4034399010957,1545.4034399010957,1.0006481909636993,0.0005153472759294542
1545.4103843069593,1545.4103843069593,0.9999017207794418,0.0005154745060425904
1545.4173287127992,1545.4173287127992,0.9999923275490001,0.0005154594107174032
1545.4242731186164,1545.4242731186164,0.9996815281100131,0.000515015497865019
1545.431217524387,1545.431217524387,1.0004016977219572,0.0005149451345923364
1545.438161930146,1545.438161930146,1.0003506545901681,0.0005151832292434677
1545.44510633587,1545.44510633587,1.0007066250827272,0.0005155911534157476
1545.4520507415825,1545.4520507415825,0.9994371744311039,0.0005146921417129399
1545.4589951472594,1545.4589951472594,0.9997199987749095,0.000514600664980622
1545.4659395529254,1545.4659395529254,0.9995055922881054,0.0005148232288199916
1545.4728839585446,1545.4728839585446,1.0006733939129204,0.0005150366524095542
1545.4798283641521,1545.4798283641521,0.9998031312007122,0.0005147510103649154
1545.486772769736,1545.486772769736,0.9999031953767632,0.0005144351349014528
1545.493717175274,1545.493717175274,1.0000823547007351,0.0005149086337805245
1545.500661580835,1545.500661580835,0.9995154433004927,0.0005143583618678257
1545.5076059863377,1545.5076059863377,1.0002198911112743,0.0005150469763368327
1545.5145503917822,1545.5145503917822,1.0009754283918801,0.0005149123613521181
1545.5214947972504,1545.5214947972504,1.0002892634185732,0.0005145366342067916
1545.528439202671,1545.528439202671,1.000014917127685,0.0005148888541419014
1545.5353836080697,1545.5353836080697,1.0000153659284643,0.0005147337457455319
1545.5423280134323,1545.5423280134323,0.9993161084013641,0.0005145031212675448
1545.5492724187836,1545.5492724187836,0.9994877704414925,0.0005145166808840115
1545.5562168241001,1545.5562168241001,1.0005837627320258,0.0005145133454013861
1545.563161229405,1545.563161229405,1.0001019490269827,0.0005146381232771289
1545.5701056346752,1545.5701056346752,1.0004943098288743,0.0005145624865467615
1545.5770500399099,1545.5770500399099,0.999656736230986,0.0005143828448392856
1545.583994445122,1545.583994445122,1.0000046707113284,0.0005150782449866427
1545.5909388503333,1545.5909388503333,0.9987808940749112,0.0005144502141954435
1545.597883255487,1545.597883255487,1.0003146257072657,0.0005148100798437059
1545.6048276606168,1545.6048276606168,1.0005284562699195,0.0005143797482253392
1545.6117720657357,1545.6117720657357,1.000384305557174,0.0005149175340635098
1545.6187164708192,1545.6187164708192,1.0002970599239518,0.000514971313700125
1545.6256608758795,1545.6256608758795,0.9998318932202059,0.0005146887824560366
1545.632605280917,1545.632605280917,0.9996021841434972,0.0005143392563576502
1545.639549685919,1545.639549685919,0.9996082521304004,0.0005145967750900309
1545.6464940909095,1545.6464940909095,0.9998966690358253,0.0005147778593212601
1545.6534384958418,1545.6534384958418,1.0001544541336593,0.0005147653352091774
1545.6603829007622,1545.6603829007622,1.000608595852901,0.0005148970177228379
1545.6673273056833,1545.6673273056833,1.0001829671363747,0.0005148500879062779
1545.6742717105572,1545.6742717105572,0.9997003966367798,0.0005146935879804922
1545.681216115408,1545.681216115408,0.9997740626267927,0.00051467298061056
1545.688160520224,1545.688160520224,1.00034066610148,0.0005144328539249136
1545.695104925028,1545.695104925028,0.9999706515389107,0.0005144484408583441
1545.702049329786,1545.702049329786,0.9993847736049307,0.0005146847863122843
1545.7089937345318,1545.7089937345318,0.9998210667651538,0.0005142909031477448
1545.7159381392432,1545.7159381392432,1.0002828473185903,0.0005144255553177414
1545.7228825439424,1545.7228825439424,0.999914411137925,0.0005144392603420821
1545.7298269485839,1545.7298269485839,1.0001428422914227,0.0005144510319128845
1545.736771353225,1545.736771353225,1.0001444150122283,0.000514571435066191
1545.7437157578318,1545.7437157578318,1.0001382849359677,0.000514709552875025
1545.7506601624145,1545.7506601624145,1.0001524056379427,0.0005147897817329155
1545.7576045669744,1545.7576045669744,0.9997934904304616,0.0005146377108472011
1545.764548971499,1545.764548971499,1.000150164231545,0.0005144905233239398
1545.7714933760008,1545.7714933760008,1.0001739045980684,0.0005143637312224213
1545.7784377804674,1545.7784377804674,0.9993420538178228,0.0005142771781945477
1545.7853821849108,1545.7853821849108,1.0000853437521542,0.0005145556959836152
1545.7923265893423,1545.7923265893423,1.0004662394210109,0.0005147996959683434
1545.7992709937278,1545.7992709937278,0.9996469670238224,0.0005141503111150011
1545.8062153981011,1545.8062153981011,1.0005203186610259,0.0005145707614609649
1545.8131598024397,1545.8131598024397,0.999488597099724,0.0005149082024116239
1545.8201042067435,1545.8201042067435,0.9998992676027416,0.000514771497841437
1545.827048611035,1545.827048611035,1.0005398971486443,0.0005150625495774659
1545.833993015281,1545.833993015281,1.0001168538824157,0.0005148336296758559
1545.8409374195144,1545.8409374195144,0.9994872866496399,0.0005145901525509626
1545.8478818237136,1545.8478818237136,0.9993081300892325,0.000514495027908219
1545.854826227901,1545.854826227901,1.0003091816447216,0.0005145024620119567
1545.8617706320415,1545.8617706320415,1.0002474124854746,0.0005146067492894915
1545.8687150361707,1545.8687150361707,1.0002229014851811,0.0005144401936049793
1545.875659440265,1545.875659440265,1.0001662881690283,0.0005146013430920843
1545.882603844312,1545.882603844312,0.9994883110245028,0.0005142017467401837
1545.88954824836,1545.88954824836,1.000013303794515,0.0005144608982675305
1545.896492652384,1545.896492652384,1.000760472792657,0.0005151468560975022
1545.9034370563734,1545.9034370563734,0.9994262003451524,0.0005144722525895525
1545.9103814603277,1545.9103814603277,0.9997807651080738,0.0005143082557305101
1545.9173258642588,1545.9173258642588,0.999928482137209,0.0005144250098583282
1545.9242702681552,1545.9242702681552,1.0000690901313576,0.0005145774368249895
1545.9312146720397,1545.9312146720397,1.001043385500385,0.000514856912806549
1545.938159075889,1545.938159075889,0.999590368064964,0.0005146790575341657
1545.945103479704,1545.945103479704,1.0002576853674854,0.0005146095037800375
1545.952047883507,1545.952047883507,0.999687775817206,0.0005145822357009097
1545.9589922872633,1545.9589922872633,0.9997950321370161,0.0005142933636353498
1545.9659366910084,1545.9659366910084,0.9991291867179182,0.0005142450329696779
1545.9728810947067,1545.9728810947067,0.9996949372289345,0.0005143473198972074
1545.9798254983934,1545.9798254983934,1.0001513310653847,0.0005144163319917655
1545.9867699020572,1545.9867699020572,1.0007089425759275,0.0005145727055076901
1545.993714305685,1545.993714305685,1.0007148259712426,0.0005145803554291435
1546.000658709279,1546.000658709279,1.0004605452547293,0.000514497960661947
1546.0076031128606,1546.0076031128606,1.0003323661092085,0.0005148012854260267
1546.0145475164074,1546.0145475164074,0.9995164851486033,0.0005145679818388549
1546.021491919908,1546.021491919908,0.9999195862693988,0.0005147392770857068
1546.0284363234316,1546.0284363234316,0.9990707248114891,0.0005141065451940593
1546.0353807268855,1546.0353807268855,0.9997907502286086,0.0005143405046569005
1546.0423251303043,1546.0423251303043,1.0004593922874905,0.0005147019891608649
1546.049269533723,1546.049269533723,0.9999126207233466,0.0005143470566121961
1546.0562139370954,1546.0562139370954,0.9996616202067479,0.000514423460487418
1546.0631583404447,1546.0631583404447,0.9998533045828328,0.0005144994157853806
1546.0701027437703,1546.0701027437703,1.0007468120587855,0.0005143968462562429
1546.077047147073,1546.077047147073,0.9998556465896125,0.0005143746048633243
1546.0839915503288,1546.0839915503288,1.0003074313205356,0.0005145916351678403
1546.090935953573,1546.090935953573,0.9999811179507189,0.0005146189261083797
1546.0978803568057,1546.0978803568057,0.9998669212709187,0.0005144425236394524
1546.1048247599804,1546.1048247599804,1.000035200723714,0.0005145696426745349
1546.111769163143,1546.111769163143,0.9998459427760809,0.0005143790682672086
1546.1187135662592,1546.1187135662592,0.9996195528094167,0.0005144911696629132
1546.1256579693636,1546.1256579693636,1.0000595551420097,0.0005148383049188839
1546.1326023724332,1546.1326023724332,0.9998293482698051,0.0005142790140722585
1546.1395467754915,1546.1395467754915,1.0002691922852385,0.0005144518193753699
1546.1464911785026,1546.1464911785026,1.0000231687361198,0.0005148030665365956
1546.153435581491,1546.153435581491,0.9995695826324276,0.0005142969913071683
1546.1603799844559,1546.1603799844559,1.0004610234506484,0.0005144959781238185
1546.1673243873859,1546.1673243873859,1.0006214195138194,0.0005145141139906941
1546.1742687902693,1546.1742687902693,1.0000181401280746,0.0005150012785004192
1546.1812131931524,1546.1812131931524,1.0005855682319553,0.0005147533642388985
1546.1881575960242,1546.1881575960242,0.9988881873729529,0.0005145038036312212
1546.1951019988496,1546.1951019988496,0.9997363218526296,0.000514550387604586
1546.2020464016398,1546.2020464016398,1.000200103245243,0.0005146445940673496
1546.2089908044068,1546.2089908044068,1.0000100684097726,0.0005145943502277467
1546.2159352071506,1546.2159352071506,0.99915875513421,0.0005146051184592709
1546.2228796098475,1546.2228796098475,1.0005248445430495,0.0005146003389946304
1546.2298240125444,1546.2298240125444,1.000689106678383,0.0005147171508726114
1546.2367684151955,1546.2367684151955,1.0005958093455625,0.0005147272135620263
1546.2437128178221,1546.2437128178221,1.000433643483399,0.0005146945942271631
1546.2506572204152,1546.2506572204152,0.999397385000383,0.0005145772704888325
1546.2576016229955,1546.2576016229955,0.999924039675523,0.0005145494821697489
1546.2645460255294,1546.2645460255294,0.9996676706644779,0.0005147808700751284
1546.2714904280404,1546.2714904280404,1.0003625336260038,0.00051478026519844
1546.278434830528,1546.278434830528,0.9999808562620893,0.0005148409811220081
1546.2853792329806,1546.2853792329806,1.0004066457885186,0.0005144240305467135
1546.2923236354102,1546.2923236354102,1.000440246481288,0.0005148503291149407
1546.299268037816,1546.299268037816,0.9992044844063883,0.0005144677306732388
1546.3062124401874,1546.3062124401874,0.9993719364562293,0.0005145890091472008
1546.3131568425238,1546.3131568425238,1.000342585774626,0.0005145259523663374
1546.3201012448249,1546.3201012448249,1.000250540641186,0.0005145551867290054
1546.3270456471262,1546.3270456471262,1.0000829180048811,0.000514893133921737
1546.3339900493922,1546.3339900493922,0.9998989655880713,0.0005147796768296303
1546.3409344516356,1546.3409344516356,1.0005300306961284,0.0005147076386258049
1546.3478788538323,1546.3478788538323,0.9997101899547145,0.0005148971180915904
1546.3548232559938,1546.3548232559938,1.0003083575131246,0.0005147761996166112
1546.3617676581553,1546.3617676581553,0.99933019577112,0.0005143041218211303
1546.3687120602706,1546.3687120602706,0.9995975374830934,0.000515038200014652
1546.3776008949364,1546.3776008949364,1.00000869019779,0.000514874254702119
1546.3923230272449,1546.3923230272449,0.9999891620081565,0.0005145731842072751
1546.3992674292551,1546.3992674292551,0.9997345133787008,0.0005146612271309241
1546.4062118312186,1546.4062118312186,1.0003388617889644,0.0005142918338110193
1546.4131562331593,1546.4131562331593,0.9993416361839096,0.0005144977039989323
1546.4201006350647,1546.4201006350647,1.001174629375349,0.0005150715252856327
1546.427045036959,1546.427045036959,0.9996860666534229,0.0005145865232463143
1546.433989438806,1546.433989438806,0.9995446155151189,0.0005144422588556838
1546.4409338406183,1546.4409338406183,1.0005791229154064,0.0005144613525885029
1546.4478782424187,1546.4478782424187,0.9999878493567775,0.0005144380183946159
1546.4548226441734,1546.4548226441734,1.0003157850081548,0.0005143428091714324
1546.4617670459504,1546.4617670459504,0.9992231788953964,0.0005143944158703622
1546.468711447635,1546.468711447635,1.0005129674905684,0.0005147142107886308
1546.4756558493193,1546.4756558493193,0.9997206956311345,0.0005143350177957992
1546.4826002509685,1546.4826002509685,1.0000025091683753,0.0005145000172578487
1546.4895446525945,1546.4895446525945,1.000566462050897,0.0005146121669828282
1546.4964890541855,1546.4964890541855,1.0002061525665984,0.0005144315170982171
1546.5034334557536,1546.5034334557536,0.9995074185417601,0.0005141391482915783
1546.5103778573098,1546.5103778573098,0.9995168512804113,0.0005146697738389694
1546.5173222588078,1546.5173222588078,0.9995216664349936,0.0005147074664832287
1546.5242666602944,1546.5242666602944,1.0006802241750654,0.0005153701455026623
1546.5312110617458,1546.5312110617458,1.0009116776814917,0.0005145159181951674
1546.5381554631742,1546.5381554631742,0.9998635882652327,0.0005145818764337737
1546.5450998645674,1546.5450998645674,0.9999735127971563,0.0005145718360725633
1546.552044265937,1546.552044265937,1.0002315573116989,0.000515053707646
1546.5589886672838,1546.5589886672838,0.998479672311418,0.0005140136573389788
1546.565933068584,1546.565933068584,0.9999266673426739,0.0005147220658002888
1546.572877469861,1546.572877469861,0.999502321279242,0.0005141478093727093
1546.5798218711263,1546.5798218711263,1.0009518359970104,0.0005146626180604337
1546.586766272345,1546.586766272345,1.000388507088061,0.000514408210233934
1546.5937106735514,1546.5937106735514,0.9998012762638353,0.0005144047993482709
1546.6006550746888,1546.6006550746888,1.000837989102323,0.0005148394351853874
1546.607599475837,1546.607599475837,0.9995163886774296,0.000514330595212527
1546.6145438769631,1546.6145438769631,1.000022532387256,0.000514221644562094
1546.6214882780537,1546.6214882780537,1.000014953129918,0.000514757928476531
1546.6284326790978,1546.6284326790978,0.999799966671711,0.0005146041871322658
1546.6353770801302,1546.6353770801302,0.9993163831869131,0.0005143103144183154
1546.6423214811161,1546.6423214811161,0.9993368313388789,0.0005144784263571235
1546.6492658820898,1546.6492658820898,1.0008169812588377,0.0005146425585422373
1546.6562102830176,1546.6562102830176,0.9999470544694228,0.000514102397044802
1546.6631546839335,1546.6631546839335,1.000013603592118,0.0005141205105502387
1546.6700990848262,1546.6700990848262,0.9995904002903329,0.0005145744991096711
1546.677043485684,1546.677043485684,0.9999628375497611,0.0005144908468264705
1546.683987886495,1546.683987886495,1.0005685238126536,0.0005143145420915815
1546.6909322872948,1546.6909322872948,1.0008052663379428,0.0005147679538675445
1546.697876688059,1546.697876688059,0.9993242860740061,0.0005142406077345034
1546.7048210887888,1546.7048210887888,0.9994287713976702,0.000514209660802933
1546.711765489495,1546.711765489495,0.9997585983636734,0.0005143166430347223
1546.7187098901902,1546.7187098901902,0.9993783186504743,0.0005143999669149294
1546.7256542908385,1546.7256542908385,1.0009109980268565,0.0005143975531865744
1546.7325986914632,1546.7325986914632,1.0000107831725125,0.0005141569075203696
1546.7395430920647,1546.7395430920647,1.0006734817825305,0.0005144095788235856
1546.746487492631,1546.746487492631,0.9998986545954658,0.0005146749882590758
1546.7534318931632,1546.7534318931632,0.9995751100275584,0.0005140714179088876
1546.76037629366,1546.76037629366,0.9995699421643597,0.0005141721198807746
1546.7673206941454,1546.7673206941454,1.0000630656120673,0.0005147284451479228
1546.774265094596,1546.774265094596,1.000387312726426,0.0005145548555606126
1546.7812094950111,1546.7812094950111,1.0001962327949756,0.0005142478571440901
1546.7881538954148,1546.7881538954148,0.9992377931311143,0.00051441360944084
1546.7950982957834,1546.7950982957834,1.0007148272149038,0.0005144549214892442
1546.8020426961052,1546.8020426961052,1.0002106873871397,0.0005147743247037658
1546.8089870964047,1546.8089870964047,0.999864026191281,0.0005150273338100244
1546.8159314966683,1546.8159314966683,0.9997526491983961,0.0005148275082881217
1546.8228758969328,1546.8228758969328,0.9998274735277871,0.0005145129888458346
1546.8298202971616,1546.8298202971616,1.0003161981590074,0.0005145674178014273
1546.8367646973443,1546.8367646973443,0.9997469738069263,0.0005149177479928256
1546.843709097515,1546.843709097515,1.0002100068877955,0.0005146705275850518
1546.850653497651,1546.850653497651,1.000398119836147,0.0005145998507436586
1546.857597897752,1546.857597897752,0.999408738867178,0.0005147242114658155
1546.8645422978302,1546.8645422978302,0.9993908596374194,0.0005144955906253898
1546.871486697873,1546.871486697873,0.9996268252658155,0.0005143308223689145
1546.878431097881,1546.878431097881,1.0013772301270183,0.0005148588116859712
1546.8853754978538,1546.8853754978538,1.0000286136926901,0.0005145371216307772
1546.8923198978266,1546.8923198978266,0.9997725908653644,0.0005141010694706379
1546.8992642977762,1546.8992642977762,1.0002218264411284,0.0005143786581833558
1546.9062086976796,1546.9062086976796,1.000497741222365,0.0005143291679854154
1546.9131530975474,1546.9131530975474,1.0003405528982967,0.0005146932108039922
1546.920097497381,1546.920097497381,1.0005690498602067,0.0005145744920249061
1546.9270418972026,1546.9270418972026,0.9995379676318388,0.0005141407706998376
1546.9339862969891,1546.9339862969891,0.9993819813650007,0.0005141912529798727
1546.940930696753,1546.940930696753,0.9998029433698864,0.0005144418586832727
1546.9478750964809,1546.9478750964809,1.0003982290010094,0.0005147044836032452
1546.9548194961865,1546.9548194961865,0.9990807211602126,0.0005145215412895279
1546.9617638958566,1546.9617638958566,0.9994335286700213,0.0005145267884246688
1546.9687082954922,1546.9687082954922,1.0010359982756962,0.0005149214713675948
1546.9756526950928,1546.9756526950928,0.9998405700847167,0.0005144299644923094
1546.9825970946813,1546.9825970946813,1.0007060398063516,0.0005143814124697755
1546.9895414942348,1546.9895414942348,1.0002802224197906,0.0005142280965083959
1546.996485893766,1546.996485893766,0.9996982206104917,0.0005142361107332009
1547.0034302932613,1547.0034302932613,0.9997416934626987,0.0005144083186764974
1547.0103746927339,1547.0103746927339,1.0001634630764962,0.0005143325508618131
1547.0173190921598,1547.0173190921598,0.9998748905750066,0.0005145972261911157
1547.0242634915508,1547.0242634915508,0.9999667454026759,0.0005144985549674415
1547.0312078909415,1547.0312078909415,0.9994686448242159,0.0005146164316573024
1547.038152290309,1547.038152290309,0.9998484233777004,0.0005144890293765302
1547.0450966896299,1547.0450966896299,1.0005364776605234,0.0005145659586075285
1547.0520410889162,1547.0520410889162,0.9997669960185244,0.0005150436085057574
1547.0589854882023,1547.0589854882023,1.000376794997651,0.0005148218199723136
1547.0659298874184,1547.0659298874184,1.0000883599714876,0.0005146521378323772
1547.0728742866236,1547.0728742866236,1.0002188298842685,0.0005147772830816756
1547.0798186858046,1547.0798186858046,1.000128693734319,0.0005146958536829148
1547.0867630849625,1547.0867630849625,0.9994984238320697,0.0005149083300039565
1547.0937074840626,1547.0937074840626,0.9999953520052841,0.0005145964589129487
1547.1006518831623,1547.1006518831623,0.9995308614058267,0.0005141738801578527
1547.1075962822276,1547.1075962822276,1.0002472702698166,0.0005145124260149344
1547.114540681257,1547.114540681257,0.9996999320754953,0.0005146167995772667
1547.121485080264,1547.121485080264,0.9993969578489764,0.0005142375774264835
1547.1284294792242,1547.1284294792242,1.0013063318038076,0.0005146837958386282
1547.1353738781725,1547.1353738781725,1.00005221782383,0.0005143166307290579
1547.1423182770864,1547.1423182770864,0.9997314821149412,0.0005147233321906212
1547.1492626759766,1547.1492626759766,1.0004494741154712,0.0005142389081800289
1547.1562070748432,1547.1562070748432,1.0000426387756693,0.0005143356989266298
1547.1631514736641,1547.1631514736641,0.9998266807212195,0.000514416980555541
1547.170095872473,1547.170095872473,1.00020172043251,0.0005142817952804286
1547.1770402712234,1547.1770402712234,1.0000502346218947,0.0005142591863972569
1547.1839846699627,1547.1839846699627,0.9995504264886182,0.0005143516938349018
1547.1909290686783,1547.1909290686783,0.9996052018425964,0.0005148654313736495
1547.1978734673708,1547.1978734673708,1.0001281401581195,0.0005147315164908136
1547.2048178660164,1547.2048178660164,0.9994746953046618,0.0005146101143386492
1547.2117622646506,1547.2117622646506,1.00008404081463,0.0005145052720485108
1547.2187066632382,1547.2187066632382,1.0001731083729675,0.0005145157867484293
1547.225651061791,1547.225651061791,1.0002737237000594,0.0005145201078872549
1547.2325954603552,1547.2325954603552,1.0001686024953815,0.0005143949713119847
1547.2395398588383,1547.2395398588383,1.000817514988006,0.0005146664037300314
1547.2464842573206,1547.2464842573206,1.000094150674594,0.0005149183880912608
1547.2534286557686,1547.2534286557686,0.9992525880145298,0.0005144117180037244
1547.2603730541816,1547.2603730541816,0.9995351981845397,0.0005146475519162422
1547.267317452583,1547.267317452583,1.0006023135447875,0.0005147637829253035
1547.2742618509383,1547.2742618509383,0.9999964306646737,0.0005144516629622591
1547.281206249258,1547.281206249258,0.999700069304812,0.0005142446869073061
1547.2881506475662,1547.2881506475662,0.9990099385364077,0.0005145598587538238
1547.295095045851,1547.295095045851,1.000346945499865,0.0005148830118446871
1547.3020394440778,1547.3020394440778,1.0005181739200786,0.0005149486983508435
1547.3089838423043,1547.3089838423043,1.0005616297427609,0.0005144371485272974
1547.3159282404847,1547.3159282404847,1.000000046070351,0.0005147642468387966
1547.3228726386415,1547.3228726386415,1.0000896229135137,0.0005147514912205386
1547.3298170367639,1547.3298170367639,1.0001779174318535,0.0005145424103647706
1547.3367614348738,1547.3367614348738,0.9998999580842453,0.0005145027406962697
1547.343705832926,1547.343705832926,0.9994131271045603,0.0005144027292184018
1547.350650230966,1547.350650230966,0.9994460001856421,0.0005147916678305532
1547.3575946289836,1547.3575946289836,0.9996360024714326,0.0005145197157520814
1547.3645390269542,1547.3645390269542,1.000631986947591,0.0005144671521787386
1547.37148342489,1547.37148342489,1.0002495664711786,0.0005145075123522947
1547.3784278228254,1547.3784278228254,1.0005490909732107,0.0005143827192064592
1547.3853722207261,1547.3853722207261,0.9999611533479807,0.0005145023419605588
1547.3923166185803,1547.3923166185803,0.9995356524244722,0.0005144111691687695
1547.3992610164228,1547.3992610164228,0.9995864329603791,0.000514410773551083
1547.4062054142305,1547.4062054142305,1.0006129037582554,0.0005147683445424294
1547.4131498120034,1547.4131498120034,0.999548583549404,0.00051421422575882
1547.4200942097414,1547.4200942097414,1.000217367019045,0.0005143710870963252
1547.427038607456,1547.427038607456,1.0000657247492308,0.00051446005047588
1547.433983005147,1547.433983005147,1.0000535103890948,0.0005144063351003384
1547.4409274027917,1547.4409274027917,0.9998172508543292,0.000514515610653808
1547.4478718004364,1547.4478718004364,1.0000719101321836,0.0005149086294024219
1547.4548161980345,1547.4548161980345,1.0000384248468155,0.0005147491634726058
1547.4617605955978,1547.4617605955978,0.9997187216004775,0.0005146121150139217
1547.4687049931374,1547.4687049931374,1.0005601811550233,0.0005146425845988249
1547.4756493906539,1547.4756493906539,1.000149896658395,0.0005149952833485226
1547.4825937881355,1547.4825937881355,0.9997480860157296,0.0005148402313147648
1547.4895381855827,1547.4895381855827,0.9996944640774841,0.0005145867290770167
1547.496482583006,1547.496482583006,1.0005631708781866,0.0005151767777124181
1547.5034269803946,1547.5034269803946,0.999754733108745,0.0005147931759046504
1547.510371377783,1547.510371377783,0.9994460106835465,0.0005143709011768114
1547.5173157750899,1547.5173157750899,0.9998189146023355,0.0005147289973960712
1547.524260172397,1547.524260172397,0.9998941485321662,0.0005148716694160069
1547.5312045696687,1547.5312045696687,1.0003571906931634,0.0005147895196104133
1547.5381489669178,1547.5381489669178,0.9993642527315008,0.0005146327454997929
1547.545093364132,1547.545093364132,0.9996073276215961,0.0005146774587489274
1547.5520377613223,1547.5520377613223,0.9995185596492717,0.0005147845121325551
1547.558982158478,1547.558982158478,1.0007644167818286,0.0005145048811801818
1547.5659265556103,1547.5659265556103,1.0005753994112925,0.0005147110625815689
1547.5728709526845,1547.5728709526845,1.0001145837569605,0.000514400942573172
1547.5798153497708,1547.5798153497708,1.0001290962497855,0.000514418757725431
1547.58675974681,1547.58675974681,1.0002820514431927,0.0005146073244181576
1547.593704143826,1547.593704143826,1.0003895108567533,0.0005146539549052834
1547.6006485407952,1547.6006485407952,0.9992502258166025,0.00051440205495035
1547.607592937753,1547.607592937753,0.9998503248042636,0.0005146191674792555
1547.6145373346642,1547.6145373346642,0.9998603354242681,0.0005147823676800805
1547.621481731564,1547.621481731564,1.0002237099533426,0.0005145072094024903
1547.6284261284284,1547.6284261284284,0.999806036815609,0.0005150190634091656
1547.6353705252586,1547.6353705252586,0.9993806802354636,0.0005146632212879951
1547.6423149220761,1547.6423149220761,0.9997875106191731,0.0005146134979916398
1547.6492593188595,1547.6492593188595,1.0006511177729598,0.0005145276591884588
1547.656203715573,1547.656203715573,1.0000135382419135,0.0005147418225271894
1547.6631481122981,1547.6631481122981,1.0005428001096395,0.0005148081792671377
1547.6700925089763,1547.6700925089763,0.9999749222248333,0.0005148349893056507
1547.677036905643,1547.677036905643,1.0002950332184817,0.0005145110761813484
1547.683981302263,1547.683981302263,1.0006058123770394,0.0005144404767263423
1547.6909256988604,1547.6909256988604,1.0001604751755866,0.0005147633688992072
1547.697870095422,1547.697870095422,0.9988398074476901,0.000514087285541135
1547.7048144919725,1547.7048144919725,1.000065514026878,0.0005145697480221697
1547.7117588884646,1547.7117588884646,0.9993028792873911,0.0005143943492905812
1547.7187032849447,1547.7187032849447,0.9999310471850805,0.0005149026984565257
1547.7256476814023,1547.7256476814023,1.0005962801394865,0.0005144726762215563
1547.7325920778128,1547.7325920778128,0.9999711353568322,0.0005144401176481885
1547.739536474212,1547.739536474212,1.0003988980724365,0.0005145006994061528
1547.7464808705645,1547.7464808705645,1.001104621008189,0.0005144442187339131
1547.7534252668936,1547.7534252668936,1.0000267185209584,0.0005149723762624327
1547.7603696631877,1547.7603696631877,0.9999512234804209,0.0005141238032704704
1547.7673140594702,1547.7673140594702,0.9992683211160331,0.0005144499283826303
1547.774258455706,1547.774258455706,0.999965408516222,0.0005144174884337321
1547.781202851931,1547.781202851931,0.9998060722717419,0.0005149246632490119
1547.7881472481083,1547.7881472481083,0.9992686285321177,0.0005143498701891202
1547.7950916442517,1547.7950916442517,1.0010623338700075,0.0005145760648812818
1547.802036040371,1547.802036040371,1.0000991769212106,0.0005144592447537497
1547.8089804364674,1547.8089804364674,0.9995925896639684,0.0005143796201751208
1547.81592483254,1547.81592483254,1.0003161061784271,0.0005147707743139896
1547.822869228567,1547.822869228567,0.9998590530850443,0.000514433314898006
1547.82981362457,1547.82981362457,0.9995520200879484,0.0005145629384611489
1547.8367580205384,1547.8367580205384,0.9996980629892036,0.0005143416348354021
1547.8437024164716,1547.8437024164716,1.0000099981661932,0.00051488458873942
1547.8506468124165,1547.8506468124165,1.000558234717323,0.0005145098706557782
1547.8575912082683,1547.8575912082683,0.9996897081942118,0.0005142074888014624
1547.8645356041436,1547.8645356041436,1.000330029138072,0.0005146255434752935
1547.871479999972,1547.871479999972,1.000342117162316,0.0005146174695865183
1547.8784243957657,1547.8784243957657,0.9999336763834112,0.0005149392982729841
1547.8853687915243,1547.8853687915243,0.9998449381025296,0.0005142152863331563
1547.8923131872593,1547.8923131872593,0.9999991554510921,0.0005142979121207954
1547.899257582972,1547.899257582972,1.0002250499776897,0.0005145057771020772
1547.9062019786493,1547.9062019786493,0.9996946196563922,0.0005145418246917997
1547.9131463742913,1547.9131463742913,0.9998155993650057,0.0005147459286877085
1547.9200907698987,1547.9200907698987,0.9997404057781727,0.00051435024933409
1547.9270351655061,1547.9270351655061,1.0001011411717973,0.0005147959936050039
1547.9339795610551,1547.9339795610551,1.0001334218522215,0.0005144935298860495
1547.9409239565812,1547.9409239565812,0.9999794183219043,0.0005143145323445548
1547.9478683520836,1547.9478683520836,0.9995913375005359,0.0005142391757817619
1547.95481274754,1547.95481274754,1.0007036249645613,0.0005147754116904547
1547.961757142984,1547.961757142984,1.0001429958462786,0.0005145423774657865
1547.9687015383936,1547.9687015383936,0.9998337950567633,0.0005144581966256829
1547.9756459337682,1547.9756459337682,0.999837652708023,0.00051452139082611
1547.9825903291426,1547.9825903291426,1.0004772677413656,0.000514550447053234
1547.9895347244592,1547.9895347244592,0.9996768385028065,0.0005141560179817181
1547.996479119729,1547.996479119729,1.0001061165493565,0.0005143055361171789
1548.0034235149985,1548.0034235149985,1.0000604859234412,0.0005146852494140139
1548.0103679102103,1548.0103679102103,0.999621845387599,0.0005143055007679927
1548.0173123054217,1548.0173123054217,0.9993408268617425,0.0005145808079376206
1548.0242567005866,1548.0242567005866,1.0006508556061275,0.0005150066831430115
1548.03120109574,1548.03120109574,0.9999786518493332,0.0005144627850885832
1548.0381454908347,1548.0381454908347,1.0005005653441277,0.0005147580470622753
1548.0450898859303,1548.0450898859303,0.9997739550919071,0.0005144544596579604
1548.052034280967,1548.052034280967,1.0003305070906163,0.0005147687083355268
1548.0589786759924,1548.0589786759924,0.999767691797641,0.0005144914696213708
1548.065923070983,1548.065923070983,1.0004098433570425,0.0005150424570724194
1548.07286746595,1548.07286746595,0.99903521549583,0.000514567366695478
1548.0798118608702,1548.0798118608702,1.000089689045273,0.0005144524990028407
1548.0867562557792,1548.0867562557792,0.9998357481275238,0.0005147546255244947
1548.0937006506415,1548.0937006506415,0.9999881653583168,0.0005146348111657614
1548.100645045481,1548.100645045481,1.0006323297113562,0.0005147923172493852
1548.1075894402966,1548.1075894402966,0.9999766926258188,0.0005150593917868461
1548.114533835089,1548.114533835089,0.9998491403199706,0.0005146967492061568
1548.121478229823,1548.121478229823,0.9999849081093324,0.000514486207955118
1548.1284226245575,1548.1284226245575,1.0005838153276307,0.0005143710085087465
1548.135367019245,1548.135367019245,0.9992925060544187,0.0005143154142336797
1548.1423114138977,1548.1423114138977,0.9999141067766061,0.0005148141957265684
1548.1492558085388,1548.1492558085388,0.9995088664496793,0.0005145269107838321
1548.1562002031333,1548.1562002031333,1.0003304976784495,0.000514576995758128
1548.1631445977048,1548.1631445977048,1.0004087274992925,0.0005146716994133967
1548.1700889922406,1548.1700889922406,1.0007900686875808,0.0005148041158582962
1548.1770333867655,1548.1770333867655,0.9993016516572784,0.0005143273462133966
1548.1839777812438,1548.1839777812438,1.0001931973796268,0.000514478289435404
1548.1909221757105,1548.1909221757105,0.9998619098317345,0.0005145868079491861
1548.1978665701067,1548.1978665701067,0.9999459424780701,0.0005144601114340893
1548.2048109645036,1548.2048109645036,1.0002311994532211,0.0005143867455870388
1548.2117553588653,1548.2117553588653,0.999233603095791,0.0005142602367639261
1548.218699753204,1548.218699753204,0.9997749697656888,0.0005144488656949636
1548.225644147507,1548.225644147507,1.0005071467621174,0.0005148265562254485
1548.2325885417642,1548.2325885417642,1.000172633102114,0.0005149795054368307
1548.2395329360093,1548.2395329360093,1.0000128979711926,0.0005149935628250283
1548.2464773302079,1548.2464773302079,0.9998987393663483,0.0005145884420959974
1548.2534217244186,1548.2534217244186,0.9995660865461835,0.0005145441886757869
1548.2603661185708,1548.2603661185708,1.0005326744813343,0.000515033421592747
1548.2673105126646,1548.2673105126646,1.0001701396533529,0.0005146873434061681
1548.2742549067589,1548.2742549067589,0.9998763469973619,0.0005144504119973007
1548.2811993008177,1548.2811993008177,1.0004042233487223,0.0005146563617179662
1548.2881436948414,1548.2881436948414,0.9997712850872758,0.0005145725966111263
1548.2950880888543,1548.2950880888543,0.9994514111282553,0.0005148123568595468
1548.3020324828196,1548.3020324828196,1.0000698598051536,0.0005149285723293972
1548.3089768767627,1548.3089768767627,1.0001912670900324,0.0005144749752054908
1548.3159212706819,1548.3159212706819,0.9998829435369123,0.0005143310890168451
1548.322865664543,1548.322865664543,0.9996149903103442,0.0005147695525899819
1548.3298100584045,1548.3298100584045,0.9999772655430732,0.0005145298445260818
1548.336754452219,1548.336754452219,1.0002160338058725,0.0005146408926655043
1548.3436988460103,1548.3436988460103,1.0004338677257527,0.0005146587043189639
1548.3506432397667,1548.3506432397667,0.9999454495933844,0.0005143285701007914
1548.3575876334876,1548.3575876334876,1.0003015160821775,0.0005149177079609479
1548.3645320271978,1548.3645320271978,0.9999175982866758,0.0005144918834770435
1548.371476420861,1548.371476420861,0.9998718448398476,0.0005143135324088106
1548.378420814501,1548.378420814501,0.9999708405574245,0.0005147715875614686
1548.3853652081173,1548.3853652081173,0.9998304018993812,0.0005146234134472802
1548.3923096016993,1548.3923096016993,0.9998675887875382,0.0005145323583196626
1548.3992539952226,1548.3992539952226,1.0000867548882884,0.0005146278443475175
1548.4061983887464,1548.4061983887464,1.000182097524616,0.0005148021115107499
1548.413142782235,1548.413142782235,1.000399181202265,0.0005143312866560546
1548.4200871756882,1548.4200871756882,0.9997130256437486,0.0005144219447696125
1548.4270315691188,1548.4270315691188,0.9995131509844025,0.0005146394777175477
1548.433975962514,1548.433975962514,1.0000574078549251,0.000514475049374229
1548.4409203558862,1548.4409203558862,0.9997923190039056,0.0005146266792596129
1548.4478647492124,1548.4478647492124,1.0011110926876772,0.0005148639335890068
1548.4548091424913,1548.4548091424913,0.9999465514761894,0.0005144482651753956
1548.4617535357704,1548.4617535357704,0.9999089792295281,0.0005142020388072472
1548.4686979290377,1548.4686979290377,1.0006907093115651,0.0005147314105939893
1548.4756423222466,1548.4756423222466,1.000186449437058,0.0005149865599776847
1548.4825867154327,1548.4825867154327,0.9997529973650057,0.0005143088246483045
1548.4895311085834,1548.4895311085834,0.9999185980209082,0.0005144828533546217
1548.4964755017113,1548.4964755017113,0.9994511727507712,0.0005148187241290036
1548.503419894804,1548.503419894804,0.9990790488382636,0.0005144353512920516
1548.5103642878616,1548.5103642878616,1.000579894343009,0.0005150344540839635
1548.5173086808966,1548.5173086808966,1.0001659559893041,0.0005146396388106573
1548.5242530738847,1548.5242530738847,1.0003923914988972,0.0005146932362807236
1548.5311974668723,1548.5311974668723,1.0004806849638304,0.0005145853031791196
1548.538141859814,1548.538141859814,0.999686517293987,0.0005148451478481378
1548.5450862527086,1548.5450862527086,1.0004929263422497,0.0005146727633915557
1548.5520306456037,1548.5520306456037,0.9997742605040283,0.0005148385485200358
1548.5589750384522,1548.5589750384522,0.9993112245972334,0.0005142174335753035
1548.5659194312652,1548.5659194312652,0.9990573950128253,0.0005148354218947474
1548.5728638240555,1548.5728638240555,0.9994454209957212,0.0005146089307155486
1548.5798082168108,1548.5798082168108,1.0012676758493373,0.0005146624240119689
1548.586752609554,1548.586752609554,1.000961224297412,0.0005148975334030769
1548.593697002251,1548.593697002251,0.9995607551907479,0.0005144996379952687
1548.6006413949015,1548.6006413949015,1.000631305704239,0.0005144828485484361
1548.60758578754,1548.60758578754,0.9997075902092829,0.0005144041821918612
1548.614530180144,1548.614530180144,1.0000250702863425,0.0005145469778309587
1548.6214745727243,1548.6214745727243,0.9992548803528646,0.0005146624371688874
1548.6284189652706,1548.6284189652706,0.999933191634905,0.000514639706932555
1548.6353633577692,1548.6353633577692,0.9998339731663227,0.0005147076867520123
1548.6423077502682,1548.6423077502682,1.0001270681474517,0.000514849812738029
1548.6492521427203,1548.6492521427203,1.0005275001357563,0.0005145024967894995
1548.656196535127,1548.656196535127,0.9997527971512461,0.0005145431742858416
1548.6631409275328,1548.6631409275328,1.000282199261369,0.0005145166589295687
1548.6700853198922,1548.6700853198922,1.0005786028384414,0.0005145228707997583
1548.677029712228,1548.677029712228,0.9991443709126259,0.0005144402878041938
1548.6839741045292,1548.6839741045292,0.9996058030441738,0.0005146172513708818
1548.6909184967953,1548.6909184967953,1.0000696582936515,0.0005143423628206189
1548.6978628890386,1548.6978628890386,1.0004547100866084,0.0005146125171537019
1548.7048072812463,1548.7048072812463,1.0004541178560065,0.0005148170240001369
1548.7117516734197,1548.7117516734197,0.9994895326281181,0.000514397264312857
1548.7186960655574,1548.7186960655574,1.0001293244635339,0.0005146477252008751
1548.7256404576724,1548.7256404576724,1.0001291395101184,0.0005145622757982201
1548.7325848497755,1548.7325848497755,1.0000274711887625,0.000514488911401804
1548.7395292418207,1548.7395292418207,0.9998721202132816,0.000514561331104539
1548.7464736338427,1548.7464736338427,0.9994839456818264,0.0005148406337232903
1548.7534180258529,1548.7534180258529,1.000631633440321,0.0005146179579762466
1548.7603624178041,1548.7603624178041,0.9996646918901885,0.000514693167808944
1548.767306809745,1548.767306809745,1.0002699681112415,0.0005148095084399124
1548.7742512016384,1548.7742512016384,0.9993878618469324,0.0005149468512464139
1548.7811955935092,1548.7811955935092,1.0001821833649847,0.0005147102805886571
1548.7881399853675,1548.7881399853675,1.0002787876106942,0.0005147573044807929
1548.7950843771564,1548.7950843771564,1.0001307495597718,0.0005145072453953367
1548.8020287689455,1548.8020287689455,0.9995914425509396,0.0005146380710397377
1548.8089731606879,1548.8089731606879,1.0005991252807225,0.0005146494832041577
1548.815917552407,1548.815917552407,1.0002449099465824,0.0005148408292608126
1548.822861944091,1548.822861944091,0.9997733026054364,0.0005144848165389304
1548.829806335752,1548.829806335752,0.9993004356843403,0.0005149414900100615
1548.8367507273663,1548.8367507273663,0.9993882375505907,0.0005144757867954068
1548.843695118969,1548.843695118969,1.000361075704392,0.0005143483576694789
1548.8506395105364,1548.8506395105364,1.0007356013414195,0.0005144982428886306
1548.8575839020693,1548.8575839020693,1.0002845293583849,0.0005145052547958315
1548.8645282935672,1548.8645282935672,0.999724518695681,0.0005143963161320147
1548.8714726850299,1548.8714726850299,1.0000153039044344,0.0005145948753199948
1548.8784170764816,1548.8784170764816,1.000334473407886,0.0005148475373134688
1548.8853614678862,1548.8853614678862,0.999707324118015,0.0005150140811056209
1548.8923058592677,1548.8923058592677,0.9994243565807561,0.0005142637925361609
1548.8992502506142,1548.8992502506142,0.9995931161151166,0.0005144996811395212
1548.9061946419256,1548.9061946419256,1.0005778265011769,0.0005145478628291268
1548.9131390332143,1548.9131390332143,1.0007135201863562,0.0005148953699277483
1548.9200834244907,1548.9200834244907,0.9997608183112984,0.0005146191733095544
1548.927027815686,1548.927027815686,0.9993705896844313,0.0005146002291745767
1548.933972206893,1548.933972206893,0.9997738525978738,0.0005146480216428737
1548.940916598041,1548.940916598041,1.0003811110255587,0.0005150511514151176
1548.9478609891783,1548.9478609891783,1.0004810513803934,0.0005143700068517577
1548.9548053802805,1548.9548053802805,0.9993640891307981,0.0005142512745912539
1548.9617497713475,1548.9617497713475,1.0006480473775765,0.0005147851213531974
1548.9686941623913,1548.9686941623913,1.0003468942127103,0.0005148367690610029
1548.9756385533885,1548.9756385533885,0.9995943804219284,0.0005143190650510337
1548.9825829443857,1548.9825829443857,0.9994404458250268,0.0005143543026220022
1548.9895273353366,1548.9895273353366,0.9997302613030967,0.0005143229355380086
1548.996471726229,1548.996471726229,1.0005717341642995,0.0005145754609957393
1549.0034161171102,1549.0034161171102,1.0004475714628422,0.0005148177872744226
1549.0103605079676,1549.0103605079676,0.9989644819121033,0.000514403328522734
1549.0173048987788,1549.0173048987788,1.0002580265389536,0.0005142013788748853
1549.0242492895782,1549.0242492895782,1.000176919712921,0.0005147586080107796
1549.031193680331,1549.031193680331,1.0003083575109988,0.0005146097655259547
1549.0381380710603,1549.0381380710603,0.9996612045725396,0.0005145210247642776
1549.0450824617783,1549.0450824617783,0.9998598650137065,0.0005142360125187163
1549.0520268524378,1549.0520268524378,1.0002366564841183,0.0005146553987371986
1549.0589712430628,1549.0589712430628,1.0004090348201617,0.0005146051890112886
1549.0659156336642,1549.0659156336642,0.9998336022114966,0.0005146187554877701
1549.0728600242423,1549.0728600242423,1.0008955769666512,0.0005147945980724707
1549.079804414774,1549.079804414774,0.9994377490087023,0.0005144557653831469
1549.0867488052822,1549.0867488052822,0.999093171041346,0.0005144860088863577
1549.093693195779,1549.093693195779,1.0003681337152064,0.0005146401367082857
1549.1006375862178,1549.1006375862178,0.9998063947679302,0.0005145146105684904
1549.1075819766324,1549.1075819766324,0.9997388916217982,0.0005147969290814826
1549.1145263670362,1549.1145263670362,0.9994514036763833,0.0005143505852087513
1549.1214707573702,1549.1214707573702,1.0004758115681671,0.0005150941586317644
1549.128415147692,1549.128415147692,1.0003600881735442,0.0005146303867707303
1549.135359537991,1549.135359537991,1.000550381530908,0.0005144257872309927
1549.1423039282545,1549.1423039282545,0.9995713029225307,0.0005142389588782284
1549.1492483184834,1549.1492483184834,1.000278954534855,0.0005147237830121292
1549.1561927086775,1549.1561927086775,1.0002212742491112,0.0005145873163105919
1549.1631370988368,1549.1631370988368,0.9997990282720182,0.0005144431986405635
1549.170081488984,1549.170081488984,0.9998196504918573,0.0005146631094407705
1549.1770258790734,1549.1770258790734,1.0000491322614933,0.0005143798753606602
1549.183970269151,1549.183970269151,1.0002631118437726,0.0005145445589371256
1549.1909146592054,1549.1909146592054,1.0001545540279413,0.0005149574417358758
1549.1978590492133,1549.1978590492133,1.000019928735367,0.0005145405012748972
1549.2048034391855,1549.2048034391855,0.9993602764872158,0.0005144521966355559
1549.2117478291236,1549.2117478291236,0.9994812094690794,0.000514462270969661
1549.2186922190501,1549.2186922190501,1.0000362009237656,0.000514793752329683
1549.2256366089414,1549.2256366089414,1.0014732803834752,0.0005150789081280392
1549.2325809987863,1549.2325809987863,0.9992819755683481,0.0005148931203312041
1549.2395253886075,1549.2395253886075,1.000616808173674,0.0005145669503163975
1549.246469778394,1549.246469778394,1.000286518962238,0.0005147325752217321
1549.2534141681692,1549.2534141681692,0.9998321515184136,0.0005149926266893333
1549.2603585578856,1549.2603585578856,1.0000495814849137,0.0005144588697014085
1549.267302947579,1549.267302947579,0.999549428704227,0.000514171724484718
1549.2742473372493,1549.2742473372493,1.0001200375887715,0.0005147654431403925
1549.2811917268841,1549.2811917268841,1.0004803500130923,0.000514356150774489
1549.2881361164962,1549.2881361164962,1.0002594805176643,0.0005147019530432403
1549.295080506062,1549.295080506062,1.000018053892614,0.0005147445149676311
1549.3020248955804,1549.3020248955804,0.9997591722436054,0.0005150302322933694
1549.3089692850758,1549.3089692850758,1.0004658741079049,0.0005147281624232008
1549.3159136745714,1549.3159136745714,1.000244495854328,0.0005145437532054696
1549.3228580640202,1549.3228580640202,0.9999565649779539,0.0005144300791314718
1549.3298024534229,1549.3298024534229,0.9990489819452064,0.0005144125185836252
1549.3367468428137,1549.3367468428137,0.9998746233082965,0.0005142657540216006
1549.3436912321577,1549.3436912321577,1.000162297651981,0.0005147234710308621
1549.3506356214905,1549.3506356214905,1.0001437608411166,0.0005147180234092233
1549.3575800107647,1549.3575800107647,1.0004627556982992,0.0005145594894085359
1549.3645244000277,1549.3645244000277,1.0004634482897032,0.0005147831974457797
1549.3714687892548,1549.3714687892548,0.9997969744662555,0.0005149363299682687
1549.378413178448,1549.378413178448,1.0002987450402199,0.0005146083715061034
1549.3853575675944,1549.3853575675944,0.9995763754724362,0.0005141310609712826
1549.3923019567285,1549.3923019567285,0.999679259395036,0.0005142744672730238
1549.3992463458285,1549.3992463458285,0.9998369341495186,0.0005143730916290487
1549.4061907348816,1549.4061907348816,0.9994852245780838,0.0005145409873952332
1549.4131351239232,1549.4131351239232,1.0003940409992886,0.0005147342155510333
1549.4200795129182,1549.4200795129182,1.0003706943882305,0.0005147514293419291
1549.4270239018897,1549.4270239018897,0.9999953123080065,0.0005145438617449709
1549.4339682908148,1549.4339682908148,1.0002069225440604,0.000514780938535765
1549.440912679728,1549.440912679728,1.0006090379794503,0.0005146119568757351
1549.4478570686065,1549.4478570686065,1.0003390971927406,0.0005145239714317745
1549.4548014574507,1549.4548014574507,0.9996490988822686,0.000514848594708687
1549.4617458462592,1549.4617458462592,0.9996413518050005,0.0005147563683013421
1549.4686902350445,1549.4686902350445,0.9993598396936608,0.0005140991936401837
1549.475634623783,1549.475634623783,0.9993661571110952,0.0005145020294034162
1549.4825790124992,1549.4825790124992,1.0007305802159714,0.000514492499473815
1549.489523401191,1549.489523401191,0.9993020302454946,0.0005144385221289782
1549.4964677898133,1549.4964677898133,1.0003633110251555,0.0005145471547763817
1549.5092454648436,1549.5092454648436,1.000020335104312,0.000514229035196539
1549.5200787110127,1549.5200787110127,0.9995859102723117,0.0005143143903267426
1549.5270230995188,1549.5270230995188,1.000067626811306,0.0005143722094385313
1549.533967488002,1549.533967488002,1.0004274668552453,0.0005141569835659166
1549.5409118764492,1549.5409118764492,1.0011845625670852,0.0005144566631417953
1549.5478562648623,1549.5478562648623,0.999733304761292,0.0005142218182310422
1549.554800653252,1549.554800653252,1.0000686102563254,0.0005143707996746837
1549.5617450415832,1549.5617450415832,0.999324162298777,0.0005140871408344428
1549.5686894299147,1549.5686894299147,1.0000360062703229,0.000514168673919469
1549.5756338181993,1549.5756338181993,0.9998690627011954,0.0005147114389979631
1549.5825782064608,1549.5825782064608,1.0000277387823064,0.0005145653283359604
1549.5895225946874,1549.5895225946874,1.0001124095294416,0.000514499608523745
1549.596466982879,1549.596466982879,0.9995443517459212,0.0005142177992520677
1549.6034113710243,1549.6034113710243,1.0005948513751621,0.0005144400106733376
1549.6103557591573,1549.6103557591573,0.9990467339676314,0.0005140798847432857
1549.6173001472444,1549.6173001472444,1.0007436469688862,0.0005143588260151796
1549.6242445353196,1549.6242445353196,0.9998673477988952,0.0005143877966717189
1549.6311889233252,1549.6311889233252,1.0005511739710484,0.0005146605177486465
1549.6381333113418,1549.6381333113418,0.9998457591701408,0.0005141772409953063
1549.6450776993127,1549.6450776993127,1.000181010220136,0.0005142413924211828
1549.6520220872478,1549.6520220872478,0.9997438205757406,0.000514247665544905
1549.6589664751486,1549.6589664751486,0.9998626448448305,0.0005143665859573199
1549.6659108630142,1549.6659108630142,0.9996848443174555,0.0005143829954168188
1549.6728552508453,1549.6728552508453,1.000191636528107,0.0005145755573965794
1549.6797996386526,1549.6797996386526,0.999654230659105,0.0005142212129621874
1549.6867440264255,1549.6867440264255,1.000162469430633,0.0005143918946559783
1549.6936884141744,1549.6936884141744,1.0003448008618145,0.0005146027551506137
1549.7006328018774,1549.7006328018774,0.9997584415797295,0.0005144827760758667
1549.7075771895447,1549.7075771895447,0.9999927881373907,0.0005140963817078248
1549.7145215771895,1549.7145215771895,0.9999026434952256,0.0005141678173022099
1549.7214659648107,1549.7214659648107,1.0001194977924843,0.0005143842895650303
1549.7284103523737,1549.7284103523737,1.0002341926013765,0.0005147184105399054
1549.7353547399368,1549.7353547399368,0.9999914189517043,0.0005140789538851347
1549.7422991274293,1549.7422991274293,1.000027111173337,0.0005144680220536299
1549.7492435149463,1549.7492435149463,1.0001336649131107,0.0005147584799178298
1549.7561879023694,1549.7561879023694,0.9994889933345069,0.000514106706320608
1549.7631322897928,1549.7631322897928,1.0004217094507097,0.0005141929483445602
1549.7700766771811,1549.7700766771811,1.0015910884484773,0.0005147587078191535
1549.777021064523,1549.777021064523,0.9995208958197124,0.0005143321435007392
1549.7839654518416,1549.7839654518416,0.9996684532394884,0.000514331488417344
1549.790909839137,1549.790909839137,0.9994349995143562,0.0005146632085804794
1549.7978542263852,1549.7978542263852,1.0002958779612725,0.0005143775406296561
1549.804798613611,1549.804798613611,1.0008503842422993,0.0005142889186196358
1549.8117430007896,1549.8117430007896,1.000004571800678,0.0005144603978528557
1549.8186873879572,1549.8186873879572,0.9995729367925555,0.0005144537979434323
1549.8256317750777,1549.8256317750777,1.0001914997861001,0.0005145658036577101
1549.832576162175,1549.832576162175,0.9994941839872793,0.0005142286495990418
1549.8395205492254,1549.8395205492254,1.0002522496392525,0.0005145563075512194
1549.846464936265,1549.846464936265,0.9998248065264373,0.0005141223863379241
1549.8534093232456,1549.8534093232456,1.0000755352823751,0.0005145106090591341
1549.860353710215,1549.860353710215,1.0002199660932232,0.0005143693296256994
1549.8672980971373,1549.8672980971373,1.000189809425037,0.0005142324461547223
1549.8742424840136,1549.8742424840136,1.0001751765254212,0.0005146500607380677
1549.88118687089,1549.88118687089,0.9994579187436621,0.0005141787050706953
1549.8881312577316,1549.8881312577316,1.0001879993068823,0.0005143591860934967
1549.8950756445258,1549.8950756445258,0.9998496157071532,0.0005145426675225897
1549.9020200312857,1549.9020200312857,0.9995749052707893,0.0005141715547226419
1549.9089644180222,1549.9089644180222,1.00044526702583,0.0005144938574305485
1549.9159088047234,1549.9159088047234,0.9998421311416251,0.0005144371009568841
1549.9228531913789,1549.9228531913789,0.9998109566380553,0.0005141242822977777
1549.9297975780332,1549.9297975780332,1.000597536284742,0.0005143646091589928
1549.9367419646187,1549.9367419646187,1.0004316216603464,0.0005146923577936435
1549.9436863511924,1549.9436863511924,0.9999986240954165,0.0005142613106177947
1549.9506307377187,1549.9506307377187,0.9997836521008161,0.0005141086769726188
1549.9575751242223,1549.9575751242223,0.999772341445704,0.0005150166747727068
1549.9645195106912,1549.9645195106912,0.9991003218770695,0.0005142990743638892
1549.971463897125,1549.971463897125,1.000517294991796,0.0005147139471474515
1549.9784082835238,1549.9784082835238,1.0000321552428681,0.0005144818346229855
1549.9853526698994,1549.9853526698994,0.9999418925113492,0.0005144671323971951
1549.9922970562516,1549.9922970562516,1.000052270566014,0.0005144630120249921
1549.9992414425458,1549.9992414425458,1.000086962731871,0.0005144224073620387
1550.0061858288168,1550.0061858288168,1.000146396660143,0.0005145907923100513
1550.0131302150523,1550.0131302150523,1.0000180874703621,0.0005141743611300327
1550.0200746012536,1550.0200746012536,1.0003153595299528,0.0005145896743996543
1550.0270189874423,1550.0270189874423,0.9995393062278304,0.0005145271278363145
1550.033963373574,1550.033963373574,0.999628631510757,0.0005146205216312774
1550.0409077596814,1550.0409077596814,1.0004890364402392,0.0005146238568413205
1550.0478521457542,1550.0478521457542,0.9996712257745957,0.000514270095743176
1550.0547965317924,1550.0547965317924,1.0002456540313358,0.0005143626609486624
1550.0617409177953,1550.0617409177953,0.99996076113516,0.000514816936859122
1550.0686853037753,1550.0686853037753,0.9995613062591804,0.000514320533770771
1550.0756296897082,1550.0756296897082,1.0001216382142348,0.0005144044356116031
1550.082574075618,1550.082574075618,1.0007834694963194,0.0005142361911062729
1550.089518461505,1550.089518461505,1.0000070771594272,0.0005142201430255882
1550.0964628473334,1550.0964628473334,1.0002657117051104,0.0005146273046240889
1550.1034072331381,1550.1034072331381,0.9990815710759623,0.0005145089023860028
1550.1103516189082,1550.1103516189082,0.999882044384077,0.0005141476844384955
1550.117296004667,1550.117296004667,1.0003169499735491,0.0005144755832922328
1550.1242403904141,1550.1242403904141,0.9999885053268361,0.0005145340478845948
1550.1311847760794,1550.1311847760794,0.9995747208854414,0.0005142918832080762
1550.1381291617213,1550.1381291617213,1.000257911002138,0.0005145809830815472
1550.1450735473286,1550.1450735473286,1.000032403226335,0.0005145607897514561
1550.152017932913,1550.152017932913,1.0004501031229456,0.0005146501141524518
1550.1589623184384,1550.1589623184384,0.9997404093333214,0.0005144769074150403
1550.1659067039525,1550.1659067039525,1.000175757902904,0.0005142081134826586
1550.1728510894197,1550.1728510894197,0.9994513780518464,0.0005145714526487444
1550.1797954748406,1550.1797954748406,1.000326600809101,0.0005145209872936321
1550.1867398602622,1550.1867398602622,0.9997654642050382,0.0005142385694048221
1550.1936842456475,1550.1936842456475,1.0003416968708982,0.0005143243468975815
1550.2006286309875,1550.2006286309875,1.0001135287761076,0.0005143426249709739
1550.2075730162917,1550.2075730162917,0.9993205675553384,0.0005146290367772978
1550.2145174015616,1550.2145174015616,1.0000179034367753,0.0005140517874627595
1550.221461786808,1550.221461786808,0.9999617238342642,0.0005144358380066056
1550.2284061720075,1550.2284061720075,1.0009390086552685,0.0005141134192794597
1550.2353505571605,1550.2353505571605,0.9997192074475294,0.0005143763740831326
1550.242294942314,1550.242294942314,1.0000514479979206,0.0005144781700672409
1550.2492393274204,1550.2492393274204,0.9997545876432847,0.0005142804050817498
1550.2561837124924,1550.2561837124924,1.0008106018545375,0.0005142654537815993
1550.2631280975288,1550.2631280975288,0.9991831684154165,0.0005144418471641164
1550.270072482531,1550.270072482531,0.9992934288964854,0.0005145359678191858
1550.2770168675092,1550.2770168675092,1.00003558507778,0.0005144612440480094
1550.2839612524417,1550.2839612524417,1.0006962178293772,0.0005145425754779161
1550.2909056373383,1550.2909056373383,0.9998888905330263,0.000514879583156312
1550.2978500222239,1550.2978500222239,1.000516778855505,0.0005143271247627499
1550.3047944070513,1550.3047944070513,0.9997180061714932,0.0005143375322864271
1550.3117387918433,1550.3117387918433,1.000567536837886,0.000514444593832383
1550.3186831766009,1550.3186831766009,0.9997889960361188,0.0005143359811987463
1550.3256275613462,1550.3256275613462,0.9993953137706093,0.0005144422968246437
1550.3325719460458,1550.3325719460458,1.0002600560704733,0.0005146459876529731
1550.33951633071,1550.33951633071,0.9997649125917147,0.0005143595909633009
1550.346460715339,1550.346460715339,0.999697609118049,0.0005145254686181087
1550.3534050999456,1550.3534050999456,0.9997893550390439,0.0005142419948001765
1550.3603494844933,1550.3603494844933,1.0004471498945402,0.0005145081666625918
1550.3672938690409,1550.3672938690409,0.999542370524849,0.0005140819647757814
1550.374238253519,1550.374238253519,0.9996644650167197,0.0005143137294505919
1550.381182637985,1550.381182637985,1.0013895974678706,0.0005146157967652733
1550.3881270224051,1550.3881270224051,1.0001175447552542,0.0005143882816281935
1550.3950714068014,1550.3950714068014,1.0004306445478641,0.0005143846968622552
1550.4020157911632,1550.4020157911632,0.9996795484162175,0.0005142650518656799
1550.4089601754893,1550.4089601754893,1.0001909833189342,0.0005144328603553453
1550.41590455977,1550.41590455977,0.9990184655293852,0.0005140294282240612
1550.4228489440266,1550.4228489440266,0.9999074859774602,0.0005141192287365394
1550.42979332826,1550.42979332826,0.999945438458559,0.0005141791746129755
1550.4367377124468,1550.4367377124468,0.9996851076655329,0.0005142267051611465
1550.4436820965986,1550.4436820965986,1.0001088340266757,0.0005141864412712869
1550.4506264807162,1550.4506264807162,1.0006315118427436,0.0005147915926940274
1550.4575708648104,1550.4575708648104,0.9994576402328038,0.000514271978592765
1550.4645152488454,1550.4645152488454,1.000327905317597,0.0005145195289951532
1550.4714596328693,1550.4714596328693,0.9999959040535629,0.0005146643182121788
1550.4784040168583,1550.4784040168583,1.0001649889226665,0.0005145402135829371
1550.485348400801,1550.485348400801,1.0006935353723274,0.0005143000362404762
1550.492292784708,1550.492292784708,0.9998797992767852,0.0005144785071339094
1550.4992371685807,1550.4992371685807,0.9989561753576179,0.000514009144034031
1550.506181552442,1550.506181552442,0.999397782106802,0.0005142583440323467
1550.5131259362447,1550.5131259362447,1.0007484010454148,0.0005143279352834155
1550.5200703200128,1550.5200703200128,1.0001527000004753,0.0005141773050423885
1550.5270147037568,1550.5270147037568,1.0002622641921548,0.0005142541902265396
1550.5339590874785,1550.5339590874785,0.9996577676942137,0.0005144141600467785
1550.5409034711527,1550.5409034711527,1.0003242993976411,0.0005145384865202443
1550.5478478547698,1550.5478478547698,1.0005564419093032,0.0005149612425430846
1550.5547922383623,1550.5547922383623,1.000170013952575,0.0005143826991018424
1550.5617366219444,1550.5617366219444,0.9991751716363293,0.0005142697216734087
1550.5686810054794,1550.5686810054794,1.0001640274151777,0.0005142380740335991
1550.5756253889797,1550.5756253889797,0.9996617034793879,0.0005141190317031572
1550.5825697724326,1550.5825697724326,0.9999396735549123,0.0005144526019620745
1550.5895141558747,1550.5895141558747,0.9997132470700061,0.0005147745397874452
1550.5964585392703,1550.5964585392703,0.9998752315452929,0.0005146629464355072
1550.603402922619,1550.603402922619,1.000531561069131,0.0005143043612960552
1550.6103473059443,1550.6103473059443,1.000548442051032,0.0005142511146939935
1550.6172916892351,1550.6172916892351,1.0004102732829119,0.0005145918463036913
1550.6242360725023,1550.6242360725023,1.0001945505473784,0.0005143526743188214
1550.6311804556995,1550.6311804556995,0.9998229500400159,0.000514121969855446
1550.6381248388968,1550.6381248388968,1.0000400895677788,0.0005143961030736023
1550.645069222036,1550.645069222036,0.9993127975932549,0.0005143459724727087
1550.6520136051754,1550.6520136051754,1.0002002430767374,0.0005145023659100627
1550.658957988233,1550.658957988233,1.0006218546268886,0.0005142745368821378
1550.665902371279,1550.665902371279,0.9991501379467984,0.0005142762879315546
1550.6728467543019,1550.6728467543019,1.0000995057191437,0.0005142252570244094
1550.6797911372664,1550.6797911372664,1.0000879464219465,0.0005145057997343605
1550.6867355202078,1550.6867355202078,1.0001337738487854,0.0005150910583400827
1550.6936799031141,1550.6936799031141,1.0000376498230519,0.0005147676221911236
1550.700624285985,1550.700624285985,1.0001241288025116,0.0005145153847620407
1550.7075686688104,1550.7075686688104,1.0005406265902348,0.0005144870440248849
1550.7145130516121,1550.7145130516121,0.9992462238129924,0.0005143152682720989
1550.7214574343784,1550.7214574343784,0.999922225275666,0.0005143701040820429
1550.7284018171217,1550.7284018171217,0.999681911942479,0.000514175293820983
1550.7353461997957,1550.7353461997957,0.9997782343188524,0.0005141890132576482
1550.7422905824571,1550.7422905824571,1.0005604506351005,0.0005146540897296374
1550.7492349650724,1550.7492349650724,0.9999356794935019,0.000514171531437657
1550.7561793476762,1550.7561793476762,1.000708684109116,0.0005146094745803749
1550.7631237302335,1550.7631237302335,1.0000491915037757,0.0005144871976652265
1550.770068112744,1550.770068112744,1.0005051341296358,0.0005146456961981253
1550.7770124952192,1550.7770124952192,0.9998945451616008,0.0005142874368124548
1550.7839568776717,1550.7839568776717,0.999702417627978,0.0005144770941890401
1550.790901260078,1550.790901260078,0.9995424237183397,0.000514372486402339
1550.7978456424485,1550.7978456424485,0.9994285805209868,0.0005144345961950979
1550.804790024796,1550.804790024796,0.9995362282688334,0.0005145227744409446
1550.8117344070968,1550.8117344070968,1.0004112190403505,0.0005146163229270174
1550.8186787893746,1550.8186787893746,1.000435832433095,0.0005146951314192746
1550.825623171606,1550.825623171606,0.9994184556273072,0.000514267337284913
1550.8325675538017,1550.8325675538017,1.0008695163711268,0.0005144323716693379
1550.8395119359634,1550.8395119359634,0.9996662450796692,0.0005144094618451907
1550.8464563180898,1550.8464563180898,1.0003312901622095,0.0005150218864907637
1550.8534007001813,1550.8534007001813,0.9997839073762748,0.0005141981998259312
1550.8603450822372,1550.8603450822372,0.9998262426311385,0.0005141614678813376
1550.8672894642477,1550.8672894642477,1.0003294048542797,0.0005147632028068034
1550.8742338462343,1550.8742338462343,0.9999725140144312,0.0005142045842054858
1550.8811782281978,1550.8811782281978,1.000366326687405,0.0005142985814689218
1550.888122610091,1550.888122610091,0.9992985064634962,0.0005140629982627737
1550.895066991973,1550.895066991973,0.9996870792023989,0.0005141375513725364
1550.9020113738086,1550.9020113738086,1.0006772542404494,0.0005142919508403451
1550.9089557556092,1550.9089557556092,1.0003551494668903,0.0005146243013072743
1550.9159001373741,1550.9159001373741,1.000529946323097,0.000514289342575498
1550.922844519105,1550.922844519105,0.9993271712528127,0.0005144779102379222
1550.929788900812,1550.929788900812,1.0001774956006302,0.0005149909976286408
1550.9367332824615,1550.9367332824615,0.9998203769423067,0.0005145769027396148
1550.9436776640985,1550.9436776640985,0.9999413937353614,0.0005142299415760814
1550.950622045666,1550.950622045666,1.0000783578242205,0.0005145435104843352
1550.9575664272338,1550.9575664272338,0.9999731927349579,0.000514381530241775
1550.9645108087313,1550.9645108087313,1.000230113275763,0.000514649236955218
1550.9714551902175,1550.9714551902175,0.9998471797896016,0.0005143429509695254
1550.9783995716684,1550.9783995716684,1.0005778999236352,0.0005149663998265842
1550.9853439530737,1550.9853439530737,0.9998660343438861,0.0005143423515748707
1550.9922883344545,1550.9922883344545,1.000566527407149,0.0005149139514586928
1550.9992327157775,1550.9992327157775,0.9996083563745157,0.0005144311419575527
1551.0061770970774,1551.0061770970774,0.9994709190102927,0.0005144793120852311
1551.0131214783428,1551.0131214783428,0.9999966926389752,0.0005145372344559732
1551.0200658595609,1551.0200658595609,0.9997028073593734,0.0005146067251596699
1551.0270102407558,1551.0270102407558,1.0000698923106657,0.0005146570563859109
1551.0339546219043,1551.0339546219043,1.00023380412396,0.0005147161089372346
1551.0408990030064,1551.0408990030064,1.0010830051936166,0.0005145123030587122
1551.0478433841197,1551.0478433841197,0.9998058359370925,0.0005143032953043685
1551.0547877651286,1551.0547877651286,0.9999374358610564,0.0005141421844587087
1551.0617321461486,1551.0617321461486,1.0003564567907919,0.0005146500468616479
1551.0686765271116,1551.0686765271116,1.000215332674559,0.0005142538064697724
1551.0756209080382,1551.0756209080382,1.0000967769634665,0.0005146889687646278
1551.0825652889423,1551.0825652889423,1.0003541562258593,0.0005145960179312637
1551.0895096697998,1551.0895096697998,0.999664622602557,0.0005140788822012505
1551.0964540506338,1551.0964540506338,0.9995208200876098,0.0005145356333282171
1551.1033984313985,1551.1033984313985,1.0002417448814849,0.0005144446558950154
1551.1103428121626,1551.1103428121626,1.0001580130656686,0.0005144681660015051
1551.11728719288,1551.11728719288,0.9999888439264651,0.0005153995077185821
1551.1242315735517,1551.1242315735517,0.9998790801329227,0.0005143492144133203
1551.1311759541761,1551.1311759541761,1.0007300262391265,0.0005147597101076074
1551.138120334789,1551.138120334789,0.9999373246275611,0.0005146843545555059
1551.1450647153556,1551.1450647153556,0.9989468022313597,0.0005141480494775675
1551.1520090958754,1551.1520090958754,1.0008062637520934,0.0005147842376620873
1551.1589534763484,1551.1589534763484,0.9997205375045576,0.0005144401165142469
1551.1658978568216,1551.1658978568216,1.000166676961041,0.0005144913515412684
1551.1728422372485,1551.1728422372485,0.9996203895533629,0.0005145284883178477
1551.179786617617,1551.179786617617,1.0001482151104824,0.0005143423427586333
1551.186730997962,1551.186730997962,1.000167082702393,0.0005145855673699994
1551.193675378272,1551.193675378272,1.0003112416295932,0.0005148054725983661
1551.2006197585365,1551.2006197585365,0.9999310394461915,0.0005144323647821455
1551.2075641387764,1551.2075641387764,0.9990126123244651,0.0005140644577773954
1551.2145085189704,1551.2145085189704,1.000320442455188,0.0005141783480284214
1551.2214528991176,1551.2214528991176,1.0000557584298635,0.0005147480689641099
1551.2283972792416,1551.2283972792416,1.0005925392180952,0.0005146067947957631
1551.235341659319,1551.235341659319,1.0001023203509949,0.0005144854828926675
1551.2422860393617,1551.2422860393617,0.9995912019474169,0.0005141712143508766
1551.2492304193572,1551.2492304193572,0.9997349796035768,0.0005140332782738987
1551.2561747993307,1551.2561747993307,0.9990342240714029,0.0005141567111853197
1551.2631191792564,1551.2631191792564,1.000525010935377,0.0005141357472122098
1551.2700635591475,1551.2700635591475,1.0004376793454217,0.0005141426117946322
1551.2770079390152,1551.2770079390152,1.0002976618318593,0.0005140591923764031
1551.2839523188368,1551.2839523188368,1.0004890401228674,0.0005142191316120899
1551.290896698612,1551.290896698612,0.9999767853996255,0.0005141277165464407
1551.2978410783628,1551.2978410783628,1.0000443763182305,0.0005145503746100775
1551.3047854580564,1551.3047854580564,0.9996335250021786,0.0005139634668484478
1551.3117298377379,1551.3117298377379,0.999789871128837,0.0005140055051871853
1551.318674217338,1551.318674217338,0.9997890510866331,0.0005145630868221164
1551.325618596938,1551.325618596938,1.0001051137448331,0.0005142167841851928
1551.332562976515,1551.332562976515,0.9993148450455471,0.0005142726147730015
1551.3395073560223,1551.3395073560223,1.0004587570884644,0.0005143509344063188
1551.346451735506,1551.346451735506,1.000369017975765,0.000514248033776913
1551.3533961149428,1551.3533961149428,0.9999410030436234,0.0005143624609148126
1551.3603404943453,1551.3603404943453,1.0010987462958152,0.0005144940508662732
1551.3672848737242,1551.3672848737242,0.9995563256243084,0.0005144600764514356
1551.3742292530337,1551.3742292530337,1.000234895930767,0.0005149215522705833
1551.3811736323305,1551.3811736323305,0.9993646898244135,0.0005140549712978673
1551.3881180115702,1551.3881180115702,1.000562050643453,0.0005147705498328314
1551.3950623907856,1551.3950623907856,1.0010987419350221,0.0005150315300365709
1551.4020067699669,1551.4020067699669,0.9993280683695002,0.0005145341518597121
1551.4089511490897,1551.4089511490897,0.998991708197703,0.0005141744675662627
1551.415895528201,1551.415895528201,1.0012324028089326,0.0005149771496567133
1551.4228399072658,1551.4228399072658,1.0001343241145522,0.0005146326256001623
1551.4297842862836,1551.4297842862836,1.0004382513403953,0.0005145972154420896
1551.4367286652548,1551.4367286652548,1.000998742636912,0.0005145653672648374
1551.4436730442033,1551.4436730442033,0.9992724036935737,0.0005146555378884337
1551.4506174231167,1551.4506174231167,0.9987832450490151,0.0005145243086352996
1551.4575618019717,1551.4575618019717,1.0004073705245977,0.0005145804994849954
1551.4645061808037,1551.4645061808037,1.0010005922405962,0.0005146964371244941
1551.471450559589,1551.471450559589,1.0003326894131135,0.0005146561388856042
1551.4783949383623,1551.4783949383623,0.9992878621079114,0.0005144657078472303
1551.4853393170542,1551.4853393170542,1.0001178679932474,0.0005143406762191934
1551.4922836957348,1551.4922836957348,0.9998732998036172,0.000514499488674075
1551.4992280743686,1551.4992280743686,1.0001458157284824,0.0005144945300311493
1551.5061724529678,1551.5061724529678,0.9999335440039048,0.0005142936560152351
1551.5131168315081,1551.5131168315081,1.0000015191800835,0.0005146666294662943
1551.520061210038,1551.520061210038,1.0000410522668615,0.0005143171636856844
1551.52700558852,1551.52700558852,1.0000107609466773,0.0005144575298990781
1551.5339499669558,1551.5339499669558,1.0001527645469686,0.0005141710547056242
1551.5408943453572,1551.5408943453572,0.9995324591921821,0.0005143255691206403
1551.547838723735,1551.547838723735,0.9998984090884535,0.0005144826415181876
1551.5547831020426,1551.5547831020426,0.9999661069194328,0.000514411641496889
1551.5617274803276,1551.5617274803276,1.000747132243085,0.0005144973135787762
1551.5686718585769,1551.5686718585769,1.0002806555705614,0.0005146211611439584
1551.5756162367807,1551.5756162367807,0.9992733842895138,0.0005145321476613501
1551.5825606149604,1551.5825606149604,1.0000106879872512,0.0005139003425021621
1551.5895049930816,1551.5895049930816,0.9999265236499175,0.0005142170556015695
1551.5964493711685,1551.5964493711685,0.9995527464196329,0.0005143455397604639
1551.6033937492086,1551.6033937492086,1.000198035216097,0.0005148210928654147
1551.6103381272255,1551.6103381272255,0.9997500170306521,0.0005147040843614075
1551.6172825051958,1551.6172825051958,1.0005407363509249,0.0005143001520932853
1551.62422688312,1551.62422688312,1.0007278430709532,0.0005145463379230716
1551.63117126102,1551.63117126102,0.9998585727652719,0.0005146482658304299
1551.6381156388622,1551.6381156388622,1.000077154408085,0.000514666901727612
1551.6450600166813,1551.6450600166813,0.9992858608111209,0.0005141546523227036
1551.652004394454,1551.652004394454,1.0000062883728833,0.0005143851321423063
1551.6589487721797,1551.6589487721797,1.0000362252600883,0.000514380168678723
1551.6658931498816,1551.6658931498816,1.0001281816310623,0.0005144204842121061
1551.6728375275266,1551.6728375275266,0.9995620145584768,0.0005142614306213361
1551.6797819051474,1551.6797819051474,1.0000162114018933,0.0005144319097929027
1551.6867262827104,1551.6867262827104,1.0002621152378106,0.0005143202029316701
1551.69367066025,1551.69367066025,1.000189570478074,0.0005146589408061423
1551.700615037743,1551.700615037743,1.0004152196847698,0.0005143055115501634
1551.7075594152016,1551.7075594152016,1.0003995179102658,0.0005144841813559287
1551.7145037926125,1551.7145037926125,0.9995738393716124,0.0005139598905741039
1551.7214481699775,1551.7214481699775,0.9997256570818287,0.0005143284569891166
1551.7283925473196,1551.7283925473196,0.999585560164884,0.0005140653608374359
1551.7353369246025,1551.7353369246025,1.0010470439606565,0.0005143925625102181
1551.7422813018743,1551.7422813018743,1.000077519947682,0.0005142254737712287
1551.7492256790765,1551.7492256790765,1.000170670099513,0.0005145424043170449
1551.7561700562553,1551.7561700562553,0.9998754490757081,0.0005144410204491484
1551.7631144333873,1551.7631144333873,0.9997272332935776,0.000514562864384238
1551.7700588104726,1551.7700588104726,0.999927176732446,0.0005146992288512034
1551.7770031875232,1551.7770031875232,0.9999014863793466,0.0005145510933070245
1551.783947564516,1551.783947564516,1.000746354721833,0.0005151093661730991
1551.7908919414963,1551.7908919414963,0.9998436501161793,0.0005145630574815
1551.7978363184425,1551.7978363184425,0.999147582417892,0.0005142270772330972
1551.8047806953186,1551.8047806953186,1.0000088098715803,0.0005144295695088686
1551.8117250721593,1551.8117250721593,1.0000326311472514,0.0005141729090549224
1551.8186694489884,1551.8186694489884,1.0004992999719797,0.0005145160983788747
1551.8256138257489,1551.8256138257489,0.9999619814459173,0.0005142170962750218
1551.8325582024731,1551.8325582024731,0.9998920516404629,0.0005146963209758058
1551.8395025791517,1551.8395025791517,1.0001058193683763,0.0005143625832450109
1551.846446955806,1551.846446955806,0.9998945590787006,0.0005145645715826412
1551.8533913324145,1551.8533913324145,1.0000631687343007,0.000514771527070569
1551.8603357089646,1551.8603357089646,0.9998745084610237,0.0005144937892719569
1551.867280085491,1551.867280085491,0.9997417410185679,0.0005146012043927466
1551.8742244619712,1551.8742244619712,1.000446651747172,0.0005142791584806844
1551.8811688384053,1551.8811688384053,1.0002406920886857,0.0005142775536904652
1551.8881132148033,1551.8881132148033,0.9998706928442607,0.0005141053227347306
1551.8950575911672,1551.8950575911672,1.0001713867660944,0.0005142542939173807
1551.9020019674847,1551.9020019674847,0.9998421391209591,0.0005145846593816246
1551.9089463437554,1551.9089463437554,0.9992511848263449,0.0005145213797411815
1551.915890719991,1551.915890719991,0.9997039422325831,0.0005145781865922569
1551.92283509618,1551.92283509618,1.0004741837608204,0.00051509396907386
1551.929779472323,1551.929779472323,1.0005468248169715,0.0005141922482935189
1551.9367238484303,1551.9367238484303,0.9997531975169682,0.0005146574463624851
1551.9436682245148,1551.9436682245148,1.0003660703316475,0.000514566018655333
1551.9506126005292,1551.9506126005292,0.9998369908434833,0.0005146125668931686
1551.9575569765093,1551.9575569765093,0.9991926114111189,0.0005145919057488728
1551.9645013524653,1551.9645013524653,1.0007658480752284,0.0005144212841500598
1551.9714457283633,1551.9714457283633,1.000109132249239,0.0005146665767101128
1551.9783901042033,1551.9783901042033,1.000157693595428,0.0005146899281106702
1551.98533448002,1551.98533448002,1.0002067243926311,0.0005144045150380242
1551.992278855813,1551.992278855813,0.9997186420541613,0.0005144294658392118
1551.9992232315365,1551.9992232315365,1.0005388529314065,0.0005150643257068638
1552.0061676072255,1552.0061676072255,1.0003716696911167,0.0005146341620561058
1552.0131119828789,1552.0131119828789,0.9995522671827066,0.0005143501375608889
1552.0200563584856,1552.0200563584856,1.0003440465944662,0.0005142692202989726
1552.0270007340466,1552.0270007340466,0.9996278249566591,0.0005142483523052253
1552.033945109572,1552.033945109572,1.0002507446610263,0.0005149632033764502
1552.0408894850625,1552.0408894850625,0.9999320087685707,0.0005146848952302953
1552.0478338604833,1552.0478338604833,1.0004498162054065,0.0005145309101667423
1552.0547782358929,1552.0547782358929,0.9994049733727415,0.0005143780743157347
1552.0617226112433,1552.0617226112433,0.9994692045473308,0.000514472290516796
1552.0686669865477,1552.0686669865477,1.0003245455758516,0.0005141862731833458
1552.075611361794,1552.075611361794,0.9998318877389597,0.0005143329020570232
1552.0825557370285,1552.0825557370285,0.9999510181970799,0.0005147433411847351
1552.089500112228,1552.089500112228,1.0000397638201357,0.0005146341053303105
1552.0964444873578,1552.0964444873578,0.999993580034016,0.0005143948720400067
1552.103388862453,1552.103388862453,1.0001181172828255,0.0005145990023300148
1552.1103332375244,1552.1103332375244,1.000153489878721,0.000514377120900227
1552.1172776125256,1552.1172776125256,1.0002024596689592,0.0005145829429822502
1552.1242219875046,1552.1242219875046,1.0002443006274828,0.0005143554871395337
1552.1311663624133,1552.1311663624133,0.9995733223261976,0.0005143671068334921
1552.1381107372986,1552.1381107372986,0.9997975007741216,0.0005148082876264197
1552.1450551121372,1552.1450551121372,1.0004769510950815,0.0005148955294008771
1552.151999486929,1552.151999486929,1.0004657655852216,0.0005142732161136815
1552.158943861687,1552.158943861687,0.9998913017988638,0.0005143420097013728
1552.1658882363972,1552.1658882363972,0.9994556311153888,0.0005143624483406575
1552.1728326110613,1552.1728326110613,1.0000768884378803,0.0005144572246189711
1552.1797769856792,1552.1797769856792,0.9993215666359563,0.0005142731690031299
1552.1867213602613,1552.1867213602613,1.0006279927293467,0.0005147668359885305
1552.1936657347974,1552.1936657347974,0.9999450310379903,0.0005141989370538523
1552.200610109287,1552.200610109287,0.9992307169048864,0.0005143564986201101
1552.20755448373,1552.20755448373,0.9999201738148364,0.0005139711183004295
1552.2144988581495,1552.2144988581495,1.0006879245171867,0.0005145158866857018
1552.2214432325109,1552.2214432325109,0.9999281501062882,0.0005145777317105798
1552.2283876068138,1552.2283876068138,1.0000044741302292,0.000514442057448653
1552.235331981094,1552.235331981094,1.0007642766775722,0.0005143820617995037
1552.2422763553272,1552.2422763553272,0.9999451278225419,0.0005143982379263339
1552.249220729503,1552.249220729503,0.9998027297605159,0.0005142306893331767
1552.256165103643,1552.256165103643,1.0001420377928816,0.0005143363755045889
1552.2631094777596,1552.2631094777596,0.99949576792971,0.0005145531894095109
1552.2700538517952,1552.2700538517952,1.0001388523712476,0.0005146016213737597
1552.2769982258076,1552.2769982258076,0.9996567158632347,0.0005147369190271594
1552.283942599773,1552.283942599773,1.0001869182265768,0.0005145297937831491
1552.2908869736918,1552.2908869736918,1.000275732796727,0.0005150047769095774
1552.2978313475646,1552.2978313475646,0.9998504666843686,0.0005142119163695032
1552.3047757213903,1552.3047757213903,0.9997372497524472,0.0005145356230352378
1552.311720095193,1552.311720095193,0.999842070626816,0.0005143609439780432
1552.3186644689138,1552.3186644689138,0.9996020212847538,0.0005141448352994367
1552.3256088426238,1552.3256088426238,1.0005436443523097,0.0005140536740867211
1552.332553216263,1552.332553216263,1.0002631543917015,0.0005142587647746778
1552.3394975898796,1552.3394975898796,0.9999369099150434,0.0005142368212254452
1552.3464419634377,1552.3464419634377,0.9997967077998224,0.0005145743108005669
1552.353386336949,1552.353386336949,1.0007757928584353,0.0005142656553866357
1552.3603307104372,1552.3603307104372,0.9997826558409388,0.0005144825060666338
1552.367275083856,1552.367275083856,0.999591797800775,0.0005144790776315648
1552.3742194572394,1552.3742194572394,1.0005811561968658,0.0005146626663760902
1552.3811638305765,1552.3811638305765,0.9996446080332593,0.0005147239498523344
1552.3881082038552,1552.3881082038552,1.0003396300430445,0.0005148323582497609
1552.3950525771222,1552.3950525771222,0.9993385984531435,0.0005141517980416931
1552.4019969503195,1552.4019969503195,1.0002763789755484,0.0005148131018784699
1552.4089413234701,1552.4089413234701,0.9998427030055808,0.0005143327197193944
1552.4158856965742,1552.4158856965742,0.9994845044736154,0.0005145235073450891
1552.4228300696318,1552.4228300696318,0.9994243450950894,0.0005142795761499149
1552.4297744426663,1552.4297744426663,1.0002244995439948,0.0005141234091849197
1552.4367188156418,1552.4367188156418,1.0007636380769394,0.0005146585607654268
1552.4436631885721,1552.4436631885721,1.0003298785102819,0.0005141295912258723
1552.4506075614545,1552.4506075614545,1.000221402557202,0.0005142240740329926
1552.4575519342911,1552.4575519342911,1.0008623074435958,0.0005142592023266105
1552.464496307069,1552.464496307069,0.9994727611298174,0.0005144689347786821
1552.4714406798244,1552.4714406798244,1.0000582940993814,0.0005145467418862379
1552.4783850525093,1552.4783850525093,1.0003872477213498,0.0005146527125193365
1552.4853294251825,1552.4853294251825,0.999697293648633,0.0005141949413602026
1552.4922737977627,1552.4922737977627,0.9998096192514033,0.0005146970654901514
1552.4992181703315,1552.4992181703315,0.9996548195573396,0.0005145481753656164
1552.5061625428416,1552.5061625428416,1.000192636560472,0.000514706866451648
1552.5131069153058,1552.5131069153058,0.9999254751601612,0.0005146706888479108
1552.5200512877232,1552.5200512877232,1.0003603610728686,0.0005146528468785111
1552.5269956601053,1552.5269956601053,0.9992594706529901,0.0005146332372458618
1552.5339400324294,1552.5339400324294,1.000182700250079,0.0005144050529823252
1552.540884404707,1552.540884404707,1.0001955618783547,0.0005146473621784705
1552.5478287769376,1552.5478287769376,0.9997900483483866,0.0005144374625122589
1552.5547731491222,1552.5547731491222,1.000451929257307,0.0005145407892386248
1552.5617175212606,1552.5617175212606,1.000287272263219,0.0005142556675875914
1552.5686618933628,1552.5686618933628,0.999894910178304,0.0005140946545621262
1552.5756062654077,1552.5756062654077,1.0001116830421233,0.0005146211278335197
1552.5825506373944,1552.5825506373944,0.9989426522678938,0.0005140925953447937
1552.5894950093345,1552.5894950093345,0.999882964962409,0.0005142937404283107
1552.5964393812512,1552.5964393812512,1.0006051400975715,0.0005143626343974591
1552.603383753098,1552.603383753098,1.00055871770275,0.0005141327650450369
1552.61032812491,1552.61032812491,1.0006687012865132,0.0005144574968386224
1552.617272496675,1552.617272496675,0.9998204571917612,0.0005144064244654191
1552.624216868382,1552.624216868382,0.9992821448611858,0.0005139548691625256
1552.640883360296,1552.640883360296,0.999665647781032,0.0005141172693184438
1552.647827731851,1552.647827731851,1.0000668662154086,0.0005141296233789493
1552.6547721033253,1552.6547721033253,0.9996411767953125,0.0005144399572250403
1552.6617164747768,1552.6617164747768,1.0004149812671912,0.0005146256062943125
1552.6686608462041,1552.6686608462041,0.9999495132308903,0.0005140943830586679
1552.675605217562,1552.675605217562,1.000585820333398,0.0005148382799971835
1552.6825495888734,1552.6825495888734,1.0000570230431478,0.0005145063937970938
1552.6894939601384,1552.6894939601384,1.0002766532019403,0.0005149706302592161
1552.6964383313334,1552.6964383313334,0.9994430848975666,0.0005143944500689667
1552.703382702493,1552.703382702493,1.0008066277788592,0.0005144222279233792
1552.7103270736184,1552.7103270736184,0.9997507456209898,0.0005142930328479982
1552.7172714446854,1552.7172714446854,0.9998984636460898,0.0005142964386944582
1552.7242158156932,1552.7242158156932,0.9996623967909001,0.0005144048031984116
1552.7311601866677,1552.7311601866677,0.9996563550573901,0.0005145534676020299
1552.7381045575944,1552.7381045575944,1.0000711487213014,0.0005151542812943622
1552.7450489284633,1552.7450489284633,0.9997869121873861,0.0005143389711440966
1552.7519932992855,1552.7519932992855,0.9993995041512698,0.0005143438098634242
1552.7589376700503,1552.7589376700503,1.0015462344223969,0.0005147048599303642
1552.7658820407792,1552.7658820407792,1.0001711202469348,0.0005142309609156234
1552.77282641145,1552.77282641145,0.9996648039289748,0.0005144604173032442
1552.7797707820514,1552.7797707820514,0.9993399886369818,0.0005142027871824892
1552.7867151526293,1552.7867151526293,0.9999402054433026,0.0005140119985341023
1552.7936595231724,1552.7936595231724,1.0000034608747241,0.0005142531755551613
1552.800603893645,1552.800603893645,1.0003001224175607,0.000514451585714055
1552.807548264072,1552.807548264072,1.0015893496752546,0.0005148636146217209
1552.8144926344403,1552.8144926344403,0.9992931994697413,0.0005147213183610346
1552.8214370047622,1552.8214370047622,1.0006654182741435,0.000514271380269395
1552.828381375049,1552.828381375049,1.0004405161325987,0.0005143417468863219
1552.835325745266,1552.835325745266,1.0008450152270125,0.0005146782124528335
1552.8422701154361,1552.8422701154361,1.0000735076584106,0.0005148715885678916
1552.8492144855607,1552.8492144855607,0.9998674469820639,0.0005141578839239229
1552.8561588556374,1552.8561588556374,0.999303909091098,0.0005145077048146342
1552.8631032256683,1552.8631032256683,0.9997451555171608,0.0005143168116379722
1552.8700475956407,1552.8700475956407,1.0003271333843606,0.0005147016566059842
1552.8769919655551,1552.8769919655551,0.9997348190394048,0.0005141146062319176
1552.8839363354343,1552.8839363354343,1.000003624887753,0.0005145172040819062
1552.8908807052442,1552.8908807052442,0.9999803388787545,0.0005144668837768119
1552.8978250750074,1552.8978250750074,1.0004222931540432,0.0005143209305564515
1552.9047694447122,1552.9047694447122,1.0000403452324154,0.0005147158917001858
1552.9117138143931,1552.9117138143931,0.9999367036624005,0.0005140928446709631
1552.9186581840167,1552.9186581840167,0.9999472872640593,0.0005146580026090064
1552.925602553582,1552.925602553582,1.0002748801684624,0.0005143631895572648
1552.9325469230885,1552.9325469230885,0.9998668083494382,0.0005143975429578046
1552.9394912925375,1552.9394912925375,0.9994908749373348,0.0005145902838903235
1552.9464356619512,1552.9464356619512,1.0005644751406375,0.0005143367805468769
1552.9533800313297,1552.9533800313297,1.0005168198199186,0.0005144169337593623
1552.9603244006157,1552.9603244006157,0.9995066330868404,0.000514481786882119
1552.9672687698783,1552.9672687698783,0.999424120683934,0.000514554043172825
1552.9742131390817,1552.9742131390817,1.0012352897965073,0.0005150988295546461
1552.9811575082163,1552.9811575082163,0.9994896121544457,0.0005144136444486574
1552.9881018773276,1552.9881018773276,1.000207941057144,0.0005141052439605759
1552.995046246369,1552.995046246369,1.0002884815085509,0.000514487553805396
1553.0019906153748,1553.0019906153748,0.9994763727534363,0.0005140849158914825
1553.0089349843115,1553.0089349843115,0.9999096409417835,0.000514230419590788
1553.015879353178,1553.015879353178,1.0001079103141108,0.0005143987472319345
1553.0228237220094,1553.0228237220094,1.0008747018190394,0.0005141296071667041
1553.0297680908182,1553.0297680908182,0.9998915881295762,0.0005144952072607875
1553.0367124595455,1553.0367124595455,1.000022221297488,0.0005145172308807309
1553.0436568282134,1553.0436568282134,1.0005678949644714,0.0005144638407692469
1553.0506011968475,1553.0506011968475,0.9998536531945676,0.0005143472417624853
1553.0575455654114,1553.0575455654114,0.9992036665510019,0.0005145641921174526
1553.0644899339288,1553.0644899339288,0.9994031225261051,0.000514542321601792
1553.071434302399,1553.071434302399,1.0003035274482759,0.0005144371311637171
1553.0783786708123,1553.0783786708123,0.9997903358468092,0.0005145679836769445
1553.0853230391544,1553.0853230391544,0.9999198418671018,0.0005146398076611756
1553.092267407474,1553.092267407474,1.0002029651045992,0.0005147088943480667
1553.0992117757237,1553.0992117757237,1.0006240248262088,0.0005143772069037742
1553.1061561439033,1553.1061561439033,1.000398827602904,0.000514273340880355
1553.1131005120596,1553.1131005120596,0.999767876692921,0.0005141566796472626
1553.1200448801462,1553.1200448801462,0.9998636406976196,0.0005145268863712279
1553.1269892481748,1553.1269892481748,0.9994533174107543,0.0005145113573477254
1553.1339336161566,1553.1339336161566,1.000130439190782,0.0005142743966974967
1553.1408779840688,1553.1408779840688,0.9998552051516567,0.0005141023572719269
1553.1478223519343,1553.1478223519343,1.0004590157190176,0.0005143830786942746
1553.1547667197528,1553.1547667197528,1.0000973594799754,0.0005143983967101558
1553.1617110875131,1553.1617110875131,0.9997866252022145,0.0005146756147512125
1553.168655455193,1553.168655455193,0.9999612755355454,0.0005144570567119116
1553.17559982286,1553.17559982286,0.9999548756442007,0.0005142686467962042
1553.1825441904577,1553.1825441904577,0.9999160260077696,0.0005141892323620022
1553.189488558009,1553.189488558009,0.9997923655260749,0.0005147131187756294
1553.19643292549,1553.19643292549,1.0008112277961816,0.0005144945550678308
1553.2033772928894,1553.2033772928894,0.9998719956805612,0.0005146733161199962
1553.2103216602666,1553.2103216602666,0.9998543051489186,0.0005149703184427342
1553.2172660276078,1553.2172660276078,0.9998342644548904,0.0005144790316812281
1553.2242103948563,1553.2242103948563,0.9992878066513082,0.0005141082639787173
1553.2311547620695,1553.2311547620695,1.0004208651130448,0.0005140890071920225
1553.2380991292134,1553.2380991292134,1.0001606207392888,0.0005147598154686527
1553.2450434963102,1553.2450434963102,0.9998225729270818,0.0005145247726600876
1553.2519878633375,1553.2519878633375,1.00055187838938,0.0005146666032601496
1553.2589322303186,1553.2589322303186,0.9997494278610917,0.0005143231163977221
1553.265876597241,1553.265876597241,1.0004129441714258,0.000514545043038231
1553.272820964105,1553.272820964105,0.9993002398397112,0.0005143045068651445
1553.2797653309344,1553.2797653309344,1.0003337871010685,0.000514399297180595
1553.2867096976704,1553.2867096976704,1.0005450168420562,0.000514380561972167
1553.2936540643716,1553.2936540643716,0.9993603337146302,0.0005140755762831075
1553.300598431015,1553.300598431015,1.000214397755838,0.0005144950268064955
1553.3075427975878,1553.3075427975878,1.0002014964755161,0.0005144709943055716
1553.3144871641027,1553.3144871641027,0.9991821137687669,0.0005139899395421323
1553.3214315305831,1553.3214315305831,1.0004791943625433,0.0005145495864524887
1553.3283758969815,1553.3283758969815,0.9992628208170699,0.0005139121924861251
1553.3353202633336,1553.3353202633336,1.000183943773079,0.0005145871770489207
1553.342264629639,1553.342264629639,1.0002127990021266,0.0005146731641704316
1553.3492089958627,1553.3492089958627,1.0002986212859288,0.0005146031015760811
1553.3561533620402,1553.3561533620402,1.000337508034615,0.0005145018690718841
1553.3630977281593,1553.3630977281593,1.0004020161457283,0.0005148033046866644
1553.370042094221,1553.370042094221,0.9999774011532541,0.0005143121278500364
1553.3769864602232,1553.3769864602232,0.9993991831978818,0.0005145568545863085
1553.3839308261677,1553.3839308261677,0.9999897021246763,0.0005146948965520319
1553.390875192054,1553.390875192054,0.9993369959807603,0.0005140578316966845
1553.3978195578825,1553.3978195578825,1.000419293266964,0.0005144160640145822
1553.40476392364,1553.40476392364,1.0006356987757297,0.0005145877001417828
1553.4117082893524,1553.4117082893524,1.0000993653544135,0.0005147653596116757
1553.418652655017,1553.418652655017,0.9985920342942649,0.0005145262440227903
1553.4255970205775,1553.4255970205775,0.9999779922332828,0.0005144578627433863
1553.4325413861147,1553.4325413861147,0.9997533481995543,0.0005142611951739261
1553.439485751582,1553.439485751582,1.0003189121565688,0.000514205544647604
1553.4464301169908,1553.4464301169908,1.0011474508642317,0.0005147080406944832
1553.4533744823536,1553.4533744823536,1.0008473245981395,0.0005147450918780844
1553.460318847623,1553.460318847623,0.9996816863305463,0.0005146997074823393
1553.4672632128684,1553.4672632128684,0.9999420570120623,0.0005148377958951388
1553.4742075780218,1553.4742075780218,0.9995368451547846,0.0005143751397178469
1553.4811519431282,1553.4811519431282,0.9990854970897498,0.0005143112381540843
1553.4880963081764,1553.4880963081764,0.9998126708851418,0.0005145276681938458
1553.4950406731662,1553.4950406731662,1.0000278194482548,0.0005141323821331976
1553.5019850380863,1553.5019850380863,1.0005744041659472,0.0005146580537642223
1553.508929402948,1553.508929402948,0.999826045536828,0.0005148343820998429
1553.5158737677634,1553.5158737677634,1.000139802466466,0.0005142791781213567
1553.5228181324858,1553.5228181324858,1.0002200031022903,0.0005141737105475246
1553.5297624971847,1553.5297624971847,1.0000345072226662,0.0005141529713855807
1553.5367068618016,1553.5367068618016,1.0002316069684485,0.0005139701202039625
1553.54365122635,1553.54365122635,0.9997598302132928,0.0005142326507448448
1553.5505955908623,1553.5505955908623,0.9999001362808327,0.000514195968338362
1553.5575399552697,1553.5575399552697,1.0001214892643264,0.000514348717864105
1553.5644843196433,1553.5644843196433,0.9999843077110591,0.0005142735450484477
1553.5714286839575,1553.5714286839575,0.9998730817729584,0.0005142310983890611
1553.5783730482021,1553.5783730482021,0.9995401160116589,0.0005142045607762661
1553.5853174123897,1553.5853174123897,1.0008217150904832,0.000514208115443862
1553.5922617764943,1553.5922617764943,0.9999669122697548,0.0005146193772530021
1553.599206140553,1553.599206140553,1.0008800112492549,0.000514816559919067
1553.6061505045418,1553.6061505045418,0.9995465081475349,0.0005141293216521182
1553.6130948684838,1553.6130948684838,0.9993080416837403,0.000514443257835621
1553.620039232333,1553.620039232333,0.9993763161252955,0.0005145255090124359
1553.626983596147,1553.626983596147,0.9996954211793379,0.0005140838982211624
1553.63392795988,1553.63392795988,1.0005853437171734,0.0005148039044390368
1553.6408723235656,1553.6408723235656,0.9999027908682308,0.0005145990415014511
1553.6478166871707,1553.6478166871707,0.9998888123612865,0.0005145041265087366
1553.6547610507168,1553.6547610507168,1.0005539055634847,0.0005143350115913598
1553.6617054141934,1553.6617054141934,1.0003705368946922,0.00051468582039858
1553.6686497776234,1553.6686497776234,0.9997865544556934,0.0005144390145256015
1553.6755941409604,1553.6755941409604,0.9992723594785178,0.0005139895930964648
1553.6825385042505,1553.6825385042505,1.0005186402822404,0.0005142732652684359
1553.6894828674708,1553.6894828674708,1.000131794846475,0.0005145180698068795
1553.6964272306334,1553.6964272306334,1.0001950244502193,0.00051440545939659
1553.7033715937255,1553.7033715937255,0.9997643840309065,0.0005143019470920744
1553.7103159567596,1553.7103159567596,0.9999664935426015,0.0005143435260150324
1553.7172603197012,1553.7172603197012,1.0002830509062814,0.0005144621321361416
1553.7242046826063,1553.7242046826063,0.9997327690004312,0.0005143642539650951
1553.7311490454313,1553.7311490454313,0.9999136086116399,0.0005143456274291365
1553.7380934081748,1553.7380934081748,0.9999637301425739,0.0005145630636631279
1553.7450377708824,1553.7450377708824,0.9994137658149477,0.0005143275323859766
1553.7519821335093,1553.7519821335093,1.0010172834825162,0.0005146484205108513
1553.7589264960777,1553.7589264960777,0.9994922334795223,0.0005147285133010442
1553.7658708585764,1553.7658708585764,0.9999928859642321,0.0005142959052007967
1553.7728152210052,1553.7728152210052,0.9997417802012152,0.0005144643167618572
1553.7797595833642,1553.7797595833642,1.0006000722929305,0.0005143850286976034
1553.7867039456532,1553.7867039456532,0.9994097127687883,0.000514217669034707
1553.7936483078843,1553.7936483078843,1.0001298573288282,0.0005143429345339128
1553.8005926700337,1553.8005926700337,0.9999160957253537,0.0005143777930636843
1553.8075370321246,1553.8075370321246,0.9999334187827161,0.0005144878638058645
1553.8144813941458,1553.8144813941458,1.0000381101825702,0.000514546079772423
1553.821425756086,1553.821425756086,0.9997240445278873,0.0005144714370850166
1553.8283701180026,1553.8283701180026,1.000088018321802,0.0005149082663900078
1553.8353144798025,1553.8353144798025,1.000429540126738,0.0005146386908421478
1553.842258841533,1553.842258841533,1.0000888375775094,0.0005144410505451575
1553.8492032032282,1553.8492032032282,0.999774838862509,0.0005144366727933495
1553.856147564807,1553.856147564807,0.9996563307852242,0.0005145394796161842
1553.8630919263633,1553.8630919263633,1.0001497784343554,0.0005146505774821492
1553.870036287837,1553.870036287837,0.9998840462741697,0.000514255920871175
1553.8769806492412,1553.8769806492412,0.9993665886731014,0.0005144281078722975
1553.8839250105646,1553.8839250105646,0.9999505309194351,0.0005145111217747853
1553.8908693718288,1553.8908693718288,1.000291788013341,0.0005144557083283264
1553.8978137330118,1553.8978137330118,1.0000723303052454,0.0005144194425104108
1553.9047580941253,1553.9047580941253,1.0000775190947655,0.0005141572237505878
1553.9117024551801,1553.9117024551801,1.0009419362304148,0.0005146640564925419
1553.9186468161538,1553.9186468161538,0.9997574432342413,0.0005144199340855636
1553.9255911770579,1553.9255911770579,1.0004602569044894,0.0005144177165981264
1553.9325355378915,1553.9325355378915,0.9991882313677003,0.0005141142502615508
1553.9394798986439,1553.9394798986439,0.9996353608791073,0.0005145628974192256
1553.9464242593265,1553.9464242593265,0.9995744932621671,0.0005144045542664085
1553.9533686199625,1553.9533686199625,1.0001643868765364,0.0005143416203587917
1553.9603129805053,1553.9603129805053,1.000620425802181,0.0005151251729322207
1553.9672573409784,1553.9672573409784,0.9993126253037901,0.0005142073632059009
1553.9742017013814,1553.9742017013814,0.9996409026761566,0.0005143268683525674
1553.9811460617148,1553.9811460617148,1.0002492562150285,0.0005142163982743075
1553.9880904219667,1553.9880904219667,1.0007154458680159,0.0005142828048935176
1553.9950347821487,1553.9950347821487,1.0008362400414879,0.0005145419838539124
1554.0019791422606,1554.0019791422606,0.9995721016817679,0.0005145794472615844
1554.0089235022913,1554.0089235022913,0.9994692393794786,0.0005140636354203977
1554.0158678622524,1554.0158678622524,1.0004957202387752,0.0005148348003602174
1554.0228122221426,1554.0228122221426,0.9999430707141574,0.0005142962441389173
1554.0297565819526,1554.0297565819526,0.999811779952657,0.0005142658174761533
1554.0367009416925,1554.0367009416925,0.9990031153893563,0.0005141355382942026
1554.0436453013501,1554.0436453013501,1.0001113660136374,0.000514257032651166
1554.0505896609504,1554.0505896609504,1.0005960697616478,0.0005147140757252201
1554.0575340204566,1554.0575340204566,1.0003570894922778,0.0005147029661987112
1554.0644783798934,1554.0644783798934,0.9999131589026199,0.0005143191474523441
1554.0714227392496,1554.0714227392496,1.000181933820873,0.0005144161125580515
1554.078367098558,1554.078367098558,0.9995957903971593,0.0005142957798919114
1554.085311457762,1554.085311457762,1.0002107994529936,0.0005146154488773413
1554.0922558168963,1554.0922558168963,0.9992322744730903,0.0005140170484782332
1554.099200175949,1554.099200175949,1.0003753788014174,0.0005145627193055625
1554.1061445349433,1554.1061445349433,0.9997432670791705,0.0005143562588285002
1554.113088893845,1554.113088893845,1.0005077601046768,0.0005147310431042576
1554.1200332526646,1554.1200332526646,1.000606933839221,0.0005149677066790311
1554.1269776114264,1554.1269776114264,0.999718478977164,0.0005147012765149603
1554.133921970107,1554.133921970107,0.9998622078884004,0.0005145052893721381
1554.140866328682,1554.140866328682,1.0000806529978212,0.000514642692955291
1554.147810687211,1554.147810687211,0.999606658919444,0.0005145560088129079
1554.1547550456355,1554.1547550456355,1.0001318692806642,0.000514496373991792
1554.161699404001,1554.161699404001,1.000424913309441,0.0005149232965307718
1554.168643762297,1554.168643762297,0.9996543236670832,0.0005143574450926945
1554.1755881205,1554.1755881205,0.9995848868356527,0.000514742851488507
1554.1825324786328,1554.1825324786328,0.9996495857843872,0.0005144911668565984
1554.1894768366728,1554.1894768366728,1.000320977024691,0.0005147467861750666
1554.1964211946429,1554.1964211946429,0.999942134632939,0.0005150199282831773
1554.20336555252,1554.20336555252,1.0003236033802743,0.0005146958900377602
1554.210309910315,1554.210309910315,0.9998748951445864,0.0005145725005642314
1554.217254268053,1554.217254268053,1.000135170848654,0.0005146335425029043
1554.2241986256965,1554.2241986256965,1.001015618186695,0.0005144884662591424
1554.2311429832705,1554.2311429832705,0.9992646573757099,0.0005144603544557497
1554.2380873407521,1554.2380873407521,1.0000510006387702,0.0005146518024521367
1554.24503169814,1554.24503169814,0.9992884364498262,0.0005146133157260125
1554.2519760554694,1554.2519760554694,1.0002762905440084,0.0005146063698039631
1554.2589204126832,1554.2589204126832,0.9997791727120257,0.0005146959115330287
1554.2658647698613,1554.2658647698613,1.000553044780953,0.0005144742994321046
1554.272809126935,1554.272809126935,1.0003038931877954,0.000514533640816709
1554.2797534839392,1554.2797534839392,0.9999155530512789,0.0005147903821282978
1554.28669784085,1554.28669784085,1.0002646662993664,0.0005142228579984403
1554.2936421976788,1554.2936421976788,1.000226658511623,0.0005146127518994562
1554.3005865544037,1554.3005865544037,1.0009415795608338,0.0005148673192532452
1554.3075309110925,1554.3075309110925,0.9997736070604708,0.0005144498943917154
1554.3144752676544,1554.3144752676544,0.9998444865792887,0.000514460044929333
1554.321419624146,1554.321419624146,0.9999883019694369,0.0005144897026227071
1554.3283639805557,1554.3283639805557,0.9998639883919104,0.0005145613312952657
1554.3353083368845,1554.3353083368845,1.0000366541847137,0.0005146855233113959
1554.3422526931204,1554.3422526931204,0.9996733188085851,0.0005145512109894093
1554.3491970492623,1554.3491970492623,1.0001729203924785,0.0005146079926102748
1554.3561414053463,1554.3561414053463,0.9999658403906937,0.0005146519804999015
1554.3630857613257,1554.3630857613257,1.000351314720958,0.0005146351651986931
1554.370030117224,1554.370030117224,1.0003518177195236,0.0005143176603017361
1554.3769744730403,1554.3769744730403,0.9997096026359624,0.0005146563391167615
1554.3839188287634,1554.3839188287634,1.0001104417851125,0.0005146694945494992
1554.3908631844054,1554.3908631844054,0.9996440369737801,0.0005143549973719753
1554.3978075399539,1554.3978075399539,1.0004362644493479,0.0005146471413079768
1554.404751895421,1554.404751895421,0.9997307373078312,0.0005141853925405393
1554.4116962507946,1554.4116962507946,0.9996579032287933,0.0005145032868149483
1554.4186406060876,1554.4186406060876,0.9997117901392081,0.0005143249238061487
1554.42558496131,1554.42558496131,1.0003966987520225,0.0005145594948426586
1554.4325293164045,1554.4325293164045,1.0005372733896105,0.0005145587535976473
1554.439473671441,1554.439473671441,0.9994793810563877,0.0005147203347724674
1554.446418026373,1554.446418026373,1.000300287895453,0.0005143326796584089
1554.4533623812226,1554.4533623812226,0.9997623207823569,0.0005146520988373404
1554.4603067359917,1554.4603067359917,1.0000972202252445,0.0005148073940987948
1554.4672510906553,1554.4672510906553,1.000041533303002,0.0005143949006836843
1554.4741954452372,1554.4741954452372,0.9991551331709314,0.0005143859399525692
1554.4811397997387,1554.4811397997387,1.0000500507477075,0.0005144735980066207
1554.4880841541349,1554.4880841541349,1.0006023727220268,0.0005144165879446439
1554.4950285084255,1554.4950285084255,1.0001535594633713,0.0005147328654191688
1554.501972862671,1554.501972862671,1.0004330427685544,0.0005142710436775126
1554.508917216799,1554.508917216799,1.0002914204958726,0.0005141972035110438
1554.5158615708574,1554.5158615708574,1.0006753292692445,0.0005146180834155984
1554.5228059247765,1554.5228059247765,0.998785287285636,0.0005143577289624648
1554.5297502786366,1554.5297502786366,0.9994501676524864,0.0005142178275665441
1554.536694632416,1554.536694632416,1.0002436435086672,0.0005145805047356448
1554.543638986079,1554.543638986079,0.999587555994907,0.000514403217192169
1554.550583339648,1554.550583339648,0.9992392940240687,0.0005143956295632313
1554.557527693148,1554.557527693148,1.0008329894788033,0.000514563830567702
1554.564472046543,1554.564472046543,1.0003401081473036,0.000514397967362706
1554.5714163998446,1554.5714163998446,0.9998919759215452,0.0005145650086600921
1554.5783607530302,1554.5783607530302,1.0003036313557652,0.0005144663591720778
1554.5853051061456,1554.5853051061456,1.0003921795353765,0.0005148176202953568
1554.5922494591678,1554.5922494591678,0.9995132795831312,0.0005142015153503312
1554.5991938120974,1554.5991938120974,1.0004796613548663,0.0005145939424739401
1554.6061381649338,1554.6061381649338,0.9993679675344037,0.0005144923849996321
1554.6130825176647,1554.6130825176647,1.0001527855298402,0.0005142213131957257
1554.6200268703033,1554.6200268703033,1.0003509140787283,0.0005149638185508517
1554.6269712228595,1554.6269712228595,0.9995437194767943,0.0005144586753308076
1554.6339155752887,1554.6339155752887,0.999987944021931,0.0005144835579045345
1554.640859927659,1554.640859927659,1.000352302698084,0.0005147978150483706
1554.647804279913,1554.647804279913,0.9996904242873242,0.0005146332653023228
1554.6547486320737,1554.6547486320737,0.9997433503309503,0.0005143491470184922
1554.6616929841302,1554.6616929841302,1.0001322511070356,0.0005149899687429474
1554.6686373360815,1554.6686373360815,0.9997599600894655,0.0005142756499536236
1554.6755816879745,1554.6755816879745,0.9995908160906817,0.000514381970233907
1554.6825260397397,1554.6825260397397,1.0008976570410064,0.0005147426436573065
1554.6894703914118,1554.6894703914118,0.9994212594195426,0.0005144638484158053
1554.6964147430022,1554.6964147430022,0.9999752926141863,0.0005145464124364706
1554.7033590944764,1554.7033590944764,1.0000907388073028,0.0005145535804271344
1554.710303445857,1554.710303445857,1.0007918157352862,0.0005145752273920081
1554.7172477971335,1554.7172477971335,1.0000821087716294,0.0005147105092327592
1554.7241921483167,1554.7241921483167,0.9999622850810901,0.0005144203152273804
1554.7311364993943,1554.7311364993943,1.001623191992068,0.0005146020337702382
1554.738080850403,1554.738080850403,0.9998632309069319,0.0005148341746802345
1554.7450252012836,1554.7450252012836,0.9992087589555327,0.0005142372682960329
1554.7519695520707,1554.7519695520707,0.9999691468351604,0.0005146672952614827
1554.7589139027648,1554.7589139027648,1.0002807929271278,0.0005143680015175739
1554.7658582533309,1554.7658582533309,0.9989944003707556,0.0005149998793813369
1554.7728026038267,1554.7728026038267,1.0002619948900437,0.0005142913981046751
1554.7797469542184,1554.7797469542184,1.0000830470205664,0.0005148076065013635
1554.786691304505,1554.786691304505,1.0003586074021686,0.0005143100104729004
1554.7936356546866,1554.7936356546866,1.000360149328682,0.0005145465745654898
1554.800580004764,1554.800580004764,1.0002536143734573,0.0005143384967294184
1554.807524354736,1554.807524354736,0.999864534017831,0.0005143494194175077
1554.814468704627,1554.814468704627,0.9996918977523404,0.0005145305963761956
1554.8214130544018,1554.8214130544018,1.0005278051399553,0.0005141258994964226
1554.828357404071,1554.828357404071,1.0003343384928844,0.0005145319412606807
1554.8353017536592,1554.8353017536592,0.9990583238687625,0.0005144928914071851
1554.842246103131,1554.842246103131,0.9999745643831843,0.0005144440172899919
1554.8491904524976,1554.8491904524976,0.9997633327802843,0.0005143010074103736
1554.8561348017602,1554.8561348017602,1.000167017918826,0.0005147559413917934
1554.8630791509408,1554.8630791509408,1.0003545152962767,0.000514730571544428
1554.870023500005,1554.870023500005,0.9997601887016497,0.0005144513124186631
1554.876967848953,1554.876967848953,0.9999275291560202,0.0005144892314591876
1554.8839121978076,1554.8839121978076,1.0000388310707409,0.0005150638009506043
1554.890856546569,1554.890856546569,1.00044795331707,0.0005147529007821133
1554.8978008952145,1554.8978008952145,0.9999224051768545,0.0005145102950865166
1554.9047452437546,1554.9047452437546,0.9997428840756697,0.00051463615595688
1554.9116895922016,1554.9116895922016,0.9994412084390696,0.0005142642661429776
1554.9186339405449,1554.9186339405449,1.000676363792614,0.0005148715275485124
1554.925578288782,1554.925578288782,0.9992652497908268,0.0005140705626912343
1554.932522636915,1554.932522636915,1.0006501801740904,0.0005146461550356517
1554.9394669849435,1554.9394669849435,0.999960086512044,0.0005144581148850282
1554.9464113328781,1554.9464113328781,1.0005812155251168,0.0005145603234922734
1554.953355680697,1554.953355680697,0.9990158198983762,0.0005145593416318464
1554.960300028411,1554.960300028411,0.9998868613395147,0.0005144691698824819
1554.9672443760314,1554.9672443760314,0.9999871110636688,0.000514978258978238
1554.9741887235245,1554.9741887235245,1.0001160526820367,0.0005140957217761657
1554.9811330709351,1554.9811330709351,0.9997962518565912,0.000514396906463294
1554.9880774182416,1554.9880774182416,1.0004668889240302,0.0005145937854896149
1554.9950217654437,1554.9950217654437,0.9996685136627509,0.0005144114775569749
1555.0019661125284,1555.0019661125284,0.9998985991756861,0.0005147805877071332
1555.0089104595204,1555.0089104595204,0.9996841765428144,0.0005145331746981933
1555.0158548064198,1555.0158548064198,1.0000144973463891,0.0005143343168958539
1555.0227991531788,1555.0227991531788,0.9997015712695887,0.0005144076086539241
1555.02974349988,1555.02974349988,0.9998075341883143,0.0005144920613671667
1555.0366878464647,1555.0366878464647,1.0004206855135105,0.000514612121736796
1555.043632192909,1555.043632192909,1.0000956592469068,0.0005145729291944534
1555.050576539308,1555.050576539308,1.0000262260232051,0.000514515692983108
1555.0575208855664,1555.0575208855664,1.0000659614755505,0.000514517835927711
1555.064465231755,1555.064465231755,0.9998355291739423,0.0005148074226346539
1555.0714095778162,1555.0714095778162,1.0001979039955002,0.0005143100170212466
1555.078353923772,1555.078353923772,1.0005504942735275,0.0005145280587083585
1555.0852982696347,1555.0852982696347,1.0000433274944065,0.000514143643316599
1555.0922426153934,1555.0922426153934,0.9997741334902017,0.0005145662967306095
1555.099186961046,1555.099186961046,0.9999925973919401,0.0005142744653658855
1555.1061313066064,1555.1061313066064,0.9993928691995562,0.0005146256390597711
1555.113075652073,1555.113075652073,0.9997268734723395,0.0005146092953440416
1555.120019997424,1555.120019997424,1.000622901698201,0.0005146546865979256
1555.1269643426815,1555.1269643426815,0.9997928785713205,0.0005145143004911788
1555.1339086878456,1555.1339086878456,1.000305153956789,0.0005148402731005158
1555.140853032905,1555.140853032905,0.9993087030699461,0.0005142748048808847
1555.1477973778606,1555.1477973778606,1.0007162760375778,0.0005147378263688047
1555.1547417227216,1555.1547417227216,0.9997501926993275,0.0005146106065546389
1555.1616860674906,1555.1616860674906,0.9997030523200607,0.000514409373080996
1555.1686304121542,1555.1686304121542,1.0004860606105066,0.000514384420956519
1555.175574756725,1555.175574756725,0.9995676987072114,0.00051440528072558
1555.1825191012022,1555.1825191012022,1.000094927870818,0.0005145300052698113
1555.1894634455866,1555.1894634455866,1.0005111239981728,0.000514482994141539
1555.1964077898774,1555.1964077898774,0.9994505560682754,0.000514298049402606
1555.203352134076,1555.203352134076,0.9999384249872163,0.0005149169136932806
1555.2102964781807,1555.2102964781807,1.0005215567299162,0.0005144771544064148
1555.2172408222043,1555.2172408222043,1.0001566358310177,0.0005146460236027071
1555.2241851661233,1555.2241851661233,0.999759134225835,0.0005143481379643246
1555.23112950996,1555.23112950996,0.9991272141546658,0.0005145642899405157
1555.2380738536926,1555.2380738536926,1.0009437451239516,0.0005147814894197075
1555.2450181973436,1555.2450181973436,0.9994163678838512,0.0005142233810243103
1555.2519625409127,1555.2519625409127,1.0003002393663878,0.0005144291046118805
1555.258906884401,1555.258906884401,1.0001015221187368,0.0005145268017820055
1555.2658512278078,1555.2658512278078,1.0003828375402248,0.0005147367231220747
1555.2727955711207,1555.2727955711207,0.9999972459435857,0.0005146817829332966
1555.2797399143528,1555.2797399143528,0.9993313107317169,0.0005143300274618956
1555.2866842575029,1555.2866842575029,1.0008119677494594,0.0005144134318905953
1555.2936286005834,1555.2936286005834,0.9995171000264074,0.0005146860925825017
1555.3005729435708,1555.3005729435708,0.9996975125082012,0.0005146741598745959
1555.3075172864883,1555.3075172864883,1.0001391563770148,0.0005146277202783855
1555.3144616293243,1555.3144616293243,0.999483457063927,0.0005143195534140991
1555.3214059721026,1555.3214059721026,1.000224646401127,0.0005146123673283058
1555.32835031481,1555.32835031481,1.0002600093539802,0.0005144761531547794
1555.3352946574369,1555.3352946574369,0.9999049014464625,0.0005143991355004651
1555.3422389999932,1555.3422389999932,0.9999458868092235,0.0005143925717170444
1555.3491833424803,1555.3491833424803,1.0000829005349798,0.0005146150016332408
1555.3561276849089,1555.3561276849089,1.0008340535979277,0.0005144468829973907
1555.3630720272558,1555.3630720272558,1.0000647777138467,0.0005140736583856919
1555.3700163695796,1555.3700163695796,0.9996111941835306,0.0005148545882728137
1555.3769607118338,1555.3769607118338,0.9995789085338977,0.000514263100017979
1555.3839050540291,1555.3839050540291,0.9998920262481059,0.000514162139715106
1555.390849396167,1555.390849396167,1.0000286166597387,0.0005147443584557021
1555.3977937382344,1555.3977937382344,1.0001116146400877,0.0005144462074773894
1555.4047380802908,1555.4047380802908,0.9997090682713285,0.0005146168400116958
1555.4116824222651,1555.4116824222651,0.9998159664917476,0.0005144851685641709
1555.4186267642165,1555.4186267642165,1.001058209397727,0.0005145912846762611
1555.425571106121,1555.425571106121,0.9998076510132059,0.0005144897181370703
1555.4325154479911,1555.4325154479911,0.9999829622947963,0.0005144770056809115
1555.439459789814,1555.439459789814,0.9997258258820791,0.0005146309195992358
1555.4464041316373,1555.4464041316373,0.999344729374371,0.0005147958711037971
1555.4533484734025,1555.4533484734025,0.9999775698534992,0.0005141651062602126
1555.4602928151205,1555.4602928151205,1.0001680439746596,0.0005147317653191768
1555.467237156851,1555.467237156851,1.0000606055165895,0.0005144801429537387
1555.474181498546,1555.474181498546,1.0006771232678022,0.0005141612451865193
1555.4811258402292,1555.4811258402292,0.9994874905713523,0.0005145212917024077
1555.4880701819015,1555.4880701819015,1.000522774351598,0.0005146544350135317
1555.49501452355,1555.49501452355,1.0000236189162017,0.0005142952870675853
1555.5019588652103,1555.5019588652103,0.9997568878222477,0.0005142992212146624
1555.5089032068588,1555.5089032068588,1.0000512318840031,0.0005144572809465428
1555.5158475485075,1555.5158475485075,0.9998960697576649,0.0005142488431587364
1555.5227918901678,1555.5227918901678,1.0002577588253516,0.0005144079246108235
1555.529736231851,1555.529736231851,0.9999125268908957,0.0005145521378120131
1555.536680573523,1555.536680573523,0.999858636721169,0.0005142986858207859
1556.8744445988893,1556.8744445988893,1.0001286730421781,0.0005274933109522982
1557.7686020988963,1557.7686020988963,0.9998254883769618,0.0005356444380374938
1557.7755464854451,1557.7755464854451,0.9993821697437969,0.0005355769937776142
1557.7824908719726,1557.7824908719726,1.000171382219504,0.0005351019459976664
1557.7894352584985,1557.7894352584985,1.0001073681196693,0.0005344454251692335
1557.796379645014,1557.796379645014,1.0008660806183294,0.0005345364695357602
1557.803324031517,1557.803324031517,1.000356096326002,0.000534028394418026
1557.8102684180087,1557.8102684180087,1.0000426227112176,0.0005338925398017221
1557.817212804489,1557.817212804489,0.9992912090876527,0.0005330820863128762
1557.8241571909573,1557.8241571909573,0.9990069727233118,0.0005328687759080682
1557.8311015774025,1557.8311015774025,1.0004141616911457,0.0005327698775265195
1557.8380459638474,1557.8380459638474,0.9994069932511728,0.0005322231395294425
1557.844990350281,1557.844990350281,1.0005034615931752,0.0005321243624366918
1557.8519347367146,1557.8519347367146,0.9998230972591594,0.0005319773600806859
1557.8588791231246,1557.8588791231246,1.0000924720555617,0.0005314293640064627
1557.8658235095234,1557.8658235095234,0.9998506745717151,0.0005310881291644247
1557.8727678959099,1557.8727678959099,1.0004210772597812,0.0005310139626220732
1557.8797122822857,1557.8797122822857,0.999477832273113,0.0005305923134103558
1557.8866566686486,1557.8866566686486,1.0006318779666024,0.0005305125721504048
1557.893601055001,1557.893601055001,0.9995720399699796,0.0005306580351013673
1557.9005454413298,1557.9005454413298,0.999588458791367,0.0005303273576971899
1557.90748982767,1557.90748982767,1.0003941199040638,0.0005305560163835264
1557.914434213964,1557.914434213964,1.001500071760013,0.000530315614874572
1557.9213786002572,1557.9213786002572,0.9997198621750691,0.000530163623022836
1557.9283229865518,1557.9283229865518,0.9999485659382616,0.0005298624727350218
1557.9352673728215,1557.9352673728215,1.0001702650428679,0.0005298999281313623
1557.942211759081,1557.942211759081,0.9999063775344406,0.0005298439055336267
1557.949156145316,1557.949156145316,0.9992190132667307,0.0005297543961146477
1557.9561005315404,1557.9561005315404,0.9999906063980047,0.000529544705551743
1557.963044917764,1557.963044917764,0.9994289310663451,0.0005292412937757979
1557.9699893039647,1557.9699893039647,1.001171939539846,0.000529397629939931
1557.9769336901422,1557.9769336901422,1.0008998377306324,0.0005294481912502443
1557.9838780763075,1557.9838780763075,0.9998311512385157,0.0005294016960051627
1557.9908224624737,1557.9908224624737,1.0004061241357327,0.0005286558942057016
1557.9977668486042,1557.9977668486042,1.000025501858822,0.0005286453137800066
1558.0047112347352,1558.0047112347352,0.9994596854042517,0.0005284591849558056
1558.0116556208309,1558.0116556208309,1.000246721181687,0.0005287299037470796
1558.0186000069386,1558.0186000069386,0.9996001525405458,0.0005284761562949506
1558.0255443930107,1558.0255443930107,1.0000527703638713,0.0005285746092284107
1558.0324887790837,1558.0324887790837,0.9999994753518253,0.0005279233692349805
1558.0394331651212,1558.0394331651212,1.0001774001541146,0.0005282640979920215
1558.0463775511587,1558.0463775511587,1.0006906527007662,0.0005278640685940706
1558.0533219371619,1558.0533219371619,1.0003793596886528,0.0005276199648892781
1558.0602663231641,1558.0602663231641,0.9995247306394454,0.0005274996485964643
1558.067210709167,1558.067210709167,0.9996805365825351,0.0005275372571632104
1558.0741550951116,1558.0741550951116,1.0005544102255697,0.0005270951078912981
1558.0810994810795,1558.0810994810795,1.00016156588757,0.0005265212400260127
1558.0880438670126,1558.0880438670126,0.9996949870158136,0.0005264740947648665
1558.0949882529217,1558.0949882529217,0.999604172895746,0.0005258973173892485
1558.1019326388318,1558.1019326388318,0.9997935151159737,0.0005262403978492458
1558.108877024706,1558.108877024706,0.9996441196914786,0.0005258957246117948
1558.1158214105812,1558.1158214105812,1.0011817786201267,0.0005258495304606614
1558.1227657964205,1558.1227657964205,1.0000321081510617,0.0005254884236842917
1558.1297101822606,1558.1297101822606,0.9998770632074429,0.0005255967559395549
1558.136654568065,1558.136654568065,1.0004265580792426,0.0005251523975716029
1558.14359895387,1558.14359895387,1.000306320407642,0.000525343133291838
1558.150543339652,1558.150543339652,1.0006425695406251,0.0005249178242600786
1558.1574877254093,1558.1574877254093,0.999960137494534,0.0005244007668955153
1558.1644321111685,1558.1644321111685,0.9997440985302057,0.0005242145133750912
1558.1713764968795,1558.1713764968795,0.9995634170721213,0.0005242617517632873
1558.1783208825918,1558.1783208825918,1.0000747835668866,0.0005244792662019492
1558.1852652682915,1558.1852652682915,0.9992543372958895,0.0005239189835476148
1558.192209653957,1558.192209653957,1.0002506452399473,0.0005237635404293432
1558.1991540396098,1558.1991540396098,1.000155253023302,0.000524098288124546
1558.2060984252403,1558.2060984252403,0.9994790319847316,0.0005238177585668263
1558.2130428108587,1558.2130428108587,0.9997705046177237,0.0005237875255127724
1558.2199871964658,1558.2199871964658,0.9998913053479678,0.0005235385282219804
1558.2269315820377,1558.2269315820377,1.0011176719914918,0.0005235064321755202
1558.2338759675981,1558.2338759675981,1.0003246105155201,0.0005236733343970217
1558.240820353147,1558.240820353147,0.9990462632265042,0.0005234867051630932
1558.2477647386836,1558.2477647386836,1.000047045663651,0.0005230603100980905
1558.2547091241745,1558.2547091241745,0.9999599951745687,0.0005232041831570119
1558.2616535096647,1558.2616535096647,0.9995535152518477,0.0005233791566280706
1558.268597895132,1558.268597895132,0.9999097138680861,0.0005231769908163753
1558.2755422805762,1558.2755422805762,1.0008505978343107,0.0005231870228929982
1558.2824866659964,1558.2824866659964,1.000073882884519,0.0005231654453205071
1558.2894310514173,1558.2894310514173,0.9995162260529933,0.0005231175519042656
1558.2963754368027,1558.2963754368027,0.9999539660526953,0.0005230271788285259
1558.3033198221774,1558.3033198221774,0.9998693490486591,0.0005228845542591741
1558.3102642075278,1558.3102642075278,0.9993149287885119,0.0005227509173085443
1558.3172085928675,1558.3172085928675,1.0004296660966236,0.0005228418747408577
1558.324152978171,1558.324152978171,0.9998648349191551,0.0005227775766483393
1558.331097363464,1558.331097363464,1.0000100231404048,0.0005226389301757881
1558.3380417487333,1558.3380417487333,1.0006255376492124,0.0005227524948515392
1558.344986133991,1558.344986133991,1.0001333130726406,0.000522271564393177
1558.3519305192137,1558.3519305192137,1.0004487206136001,0.0005220456716941838
1558.3588749044245,1558.3588749044245,1.0002199276075836,0.0005219725537151473
1558.3658192896246,1558.3658192896246,0.9991337375437397,0.0005221028357154373
1558.3727636747767,1558.3727636747767,1.000055593702219,0.0005218530143089335
1558.379708059965,1558.379708059965,1.0001588391489298,0.0005212874734258077
1558.3866524450941,1558.3866524450941,0.9999237927122373,0.000521367893610845
1558.3935968301662,1558.3935968301662,1.0006290047258335,0.0005210345847400303
1558.4005412152717,1558.4005412152717,1.0005215224992186,0.0005209647276913541
1558.4074856003435,1558.4074856003435,0.9998307385365728,0.000520648186145317
1558.4144299853801,1558.4144299853801,0.9996294135786756,0.0005207493345811006
1558.4213743704165,1558.4213743704165,0.999887017204039,0.0005206003111556124
1558.428318755418,1558.428318755418,0.999308314674332,0.0005205453854407172
1558.4352631404079,1558.4352631404079,1.0003218799402829,0.000520281406107621
1558.4422075253747,1558.4422075253747,1.0000073886591685,0.0005206257997083118
1558.449151910306,1558.449151910306,1.000374169557427,0.0005201702143094697
1558.4560962952382,1558.4560962952382,1.0000582733135002,0.0005199279444871934
1558.4630406801348,1558.4630406801348,0.9998390954058761,0.0005199692147614787
1558.46998506502,1558.46998506502,1.0002176310730408,0.0005199549393942254
1558.476929449858,1558.476929449858,1.0000137365707296,0.0005197310544084894
1558.483873834697,1558.483873834697,0.9999928392857658,0.000519523851285904
1558.4908182195354,1558.4908182195354,0.9998722603585305,0.0005193140823959783
1558.4977626043274,1558.4977626043274,0.9997476730896349,0.0005193864567907767
1558.5047069890963,1558.5047069890963,0.9994953239533528,0.0005194221369807598
1558.511651373853,1558.511651373853,0.9998936733145442,0.0005192557235857894
1558.5185957585759,1558.5185957585759,1.0008903653080121,0.0005194689061016153
1558.5255401432744,1558.5255401432744,1.0000345980360004,0.0005194556494856105
1558.5324845279733,1558.5324845279733,0.9994910102617711,0.0005189258659149089
1558.5394289126373,1558.5394289126373,1.0005642996229167,0.0005191081619921848
1558.5463732972778,1558.5463732972778,1.0004238254555782,0.0005189319705155751
1558.5533176819067,1558.5533176819067,0.9998531138472122,0.0005192736988036563
1558.5602620665009,1558.5602620665009,0.9995337989401302,0.0005186470282629536
1558.5672064510716,1558.5672064510716,0.9997087285316468,0.0005184319549577904
1558.574150835619,1558.574150835619,0.9997101503896928,0.0005185556409355336
1558.5810952201668,1558.5810952201668,0.9998471230361327,0.0005186748798804538
1558.588039604679,1558.588039604679,1.0005745507752966,0.0005187425501131406
1558.5949839891691,1558.5949839891691,0.9992235600073442,0.0005183910523170533
1558.6019283736346,1558.6019283736346,1.00000555222734,0.000518441468871975
1558.6088727580777,1558.6088727580777,0.9996860630109579,0.0005184244182757597
1558.6158171425081,1558.6158171425081,1.0002882665690116,0.0005183710197966993
1558.6227615269047,1558.6227615269047,1.000505259442759,0.0005183296955880252
1558.6297059112774,1558.6297059112774,1.0000854619591983,0.00051797647021443
1558.636650295639,1558.636650295639,0.9998265967415708,0.0005181077826260917
1558.643594679965,1558.643594679965,0.9999866184961095,0.0005178552453206487
1558.6505390642797,1558.6505390642797,0.9998459825690086,0.0005180558735654738
1558.6574834485598,1558.6574834485598,1.0001537776980425,0.0005177661929616842
1558.6644278328156,1558.6644278328156,0.9995107274895663,0.000517786945028654
1558.6713722170728,1558.6713722170728,1.0003110608056855,0.0005181684056666912
1558.678316601282,1558.678316601282,0.9997461996808203,0.0005175258224754411
1558.685260985481,1558.685260985481,1.0002556076350468,0.0005176278545053609
1558.692205369644,1558.692205369644,1.0005474609683624,0.0005182144406482804
1558.699149753808,1558.699149753808,1.0001254347648905,0.0005179772763584494
1558.7060941379355,1558.7060941379355,0.9997050145234792,0.0005174378964882952
1558.7130385220412,1558.7130385220412,0.999933916779381,0.0005174649042984881
1558.7199829061108,1558.7199829061108,0.9995828893283727,0.0005174180920796111
1558.72692729017,1558.72692729017,1.000120083512951,0.0005171355591450398
1558.733871674205,1558.733871674205,0.9997459323748862,0.0005175216847786224
1558.7408160582286,1558.7408160582286,1.0001155059723044,0.0005172004758975336
1558.7477604422058,1558.7477604422058,1.000263735025905,0.0005178060799330929
1558.7547048261708,1558.7547048261708,1.000245230025277,0.000517460498417691
1558.7616492101254,1558.7616492101254,0.9995659838654106,0.0005169874951012143
1558.7685935940322,1558.7685935940322,1.0000681088717887,0.0005169147667127927
1558.775537977928,1558.775537977928,1.0004350418542516,0.0005168876443622422
1558.7824823618,1558.7824823618,0.9994287740173124,0.0005166604312445598
1558.7894267456609,1558.7894267456609,1.0000542418659437,0.0005170700011361229
1558.7963711294865,1558.7963711294865,0.9997389009264447,0.0005169868435205559
1558.8033155132891,1558.8033155132891,1.0002417344738344,0.0005168045156885368
1558.810259897056,1558.810259897056,1.0003269728328534,0.0005169864989774632
1558.8172042808242,1558.8172042808242,1.0004917869579173,0.0005165419928589994
1558.824148664545,1558.824148664545,0.9999695441836411,0.0005169484686160789
1558.8310930482658,1558.8310930482658,0.9993068811143706,0.0005169974613283853
1558.838037431952,1558.838037431952,0.9998127139448609,0.0005171413155851419
1558.844981815603,1558.844981815603,1.0004053547307792,0.0005168023344721267
1558.8519261992426,1558.8519261992426,0.999865867777058,0.0005167494682801616
1558.8588705828467,1558.8588705828467,0.9995395717662363,0.0005168464000060806
1558.8658149664402,1558.8658149664402,0.9998075940601121,0.0005166997501241766
1558.8727593500093,1558.8727593500093,0.9999165427341381,0.0005164451314280517
1558.8797037335448,1558.8797037335448,1.0003217730265994,0.0005164585897783022
1558.8866481170674,1558.8866481170674,1.0001961629157525,0.0005164795703950612
1558.8935925005558,1558.8935925005558,1.000139781059312,0.0005163638229028747
1558.9005368840203,1558.9005368840203,1.0003041065608933,0.0005170135439452595
1558.9074812674735,1558.9074812674735,1.0002374505241314,0.0005164894090811263
1558.9144256509037,1558.9144256509037,1.0008600923193713,0.0005168132114616115
1558.9213700342984,1558.9213700342984,0.9996303703238766,0.0005168502108762343
1558.9283144176818,1558.9283144176818,0.9995323555859017,0.0005165450455736903
1558.9352588010067,1558.9352588010067,0.9996900956116418,0.0005168714224045833
1558.9422031843437,1558.9422031843437,0.999212347149611,0.0005168029048497188
1558.9491475676336,1558.9491475676336,1.0001787099312487,0.0005168290640722247
1558.9560919509127,1558.9560919509127,0.9999138658605886,0.0005170509891027116
1558.9630363341792,1558.9630363341792,0.9997802120253638,0.0005167197001407636
1558.9699807174004,1558.9699807174004,1.0003776124098,0.0005171620895558077
1558.9769251006085,1558.9769251006085,1.000682371475882,0.00051713658143225
1558.9838694837827,1558.9838694837827,0.9998897131540572,0.0005166930292927788
1558.9908138669327,1558.9908138669327,0.999981946834389,0.0005173845731677089
1558.99775825006,1558.99775825006,1.0000907770158702,0.0005170651113899619
1559.0047026331526,1559.0047026331526,0.9998801290064794,0.0005165268964237697
1559.011647016245,1559.011647016245,1.0001239352505185,0.0005167534798449717
1559.018591399314,1559.018591399314,0.9992869890081263,0.0005166413804949473
1559.0255357823476,1559.0255357823476,1.0009188876701518,0.0005166354635264342
1559.0324801653474,1559.0324801653474,0.9998009095024922,0.0005167748517259762
1559.0394245483344,1559.0394245483344,0.9994611917923049,0.0005167131610276198
1559.0463689312874,1559.0463689312874,1.0001192783995703,0.0005172706404791727
1559.053313314228,1559.053313314228,0.9995486385069355,0.0005168062215617533
1559.0602576971341,1559.0602576971341,1.0000800430998702,0.0005169558082000101
1559.0672020800287,1559.0672020800287,1.000014221092112,0.0005169076332514487
1559.0741464628882,1559.0741464628882,0.9997830890469146,0.0005172399991013356
1559.0810908457127,1559.0810908457127,1.0005988354057744,0.0005172792379186822
1559.0880352285144,1559.0880352285144,1.0006650779465027,0.0005170273425239905
1559.094979611315,1559.094979611315,1.0004192076749112,0.0005169618628981965
1559.101923994082,1559.101923994082,0.9997547225831391,0.0005171023106973015
1559.1088683768246,1559.1088683768246,0.9994223176747077,0.0005167887959458953
1559.115812759521,1559.115812759521,0.9996522129630554,0.0005173996549271188
1559.1227571422176,1559.1227571422176,1.0010773849858343,0.0005173245932421078
1559.1297015248674,1559.1297015248674,0.9997668173138103,0.0005167832331239942
1559.1366459075175,1559.1366459075175,0.9995706059214926,0.0005168571506156249
1559.1435902901326,1559.1435902901326,1.0005590032642544,0.0005165186077723759
1559.1505346727126,1559.1505346727126,0.9994495742298672,0.0005165149467125468
1559.1574790552809,1559.1574790552809,1.0004487962653623,0.0005169922915786486
1559.164423437815,1559.164423437815,1.0004329714722036,0.0005167157131478391
1559.1713678203246,1559.1713678203246,0.9995617575029806,0.0005171452211714917
1559.1783122028232,1559.1783122028232,0.9999590722763971,0.000516315990289427
1559.185256585275,1559.185256585275,0.9999740893404834,0.000516329065583346
1559.1922009677157,1559.1922009677157,1.0003200250069897,0.0005164757110296872
1559.1991453501325,1559.1991453501325,1.0003986223716381,0.0005165004677641752
1559.2060897325152,1559.2060897325152,0.999786392591899,0.0005167560496862881
1559.2130341148736,1559.2130341148736,0.9997865283790967,0.0005164376068525962
1559.2199784972215,1559.2199784972215,1.0003215740094498,0.0005163859415735374
1559.2269228795212,1559.2269228795212,1.000308057047731,0.0005165329326508239
1559.2338672618112,1559.2338672618112,0.9998964999890301,0.000516800502783944
1559.2408116440881,1559.2408116440881,0.9994948413648495,0.0005166272226756546
1559.2477560263076,1559.2477560263076,0.999597332498437,0.0005168668031295123
1559.2547004085266,1559.2547004085266,1.0001586773158067,0.0005167982963360689
1559.261644790711,1559.261644790711,0.9989787866612339,0.0005163897362813393
1559.268589172872,1559.268589172872,1.0004021414428341,0.000516263778726718
1559.2755335550096,1559.2755335550096,1.000066501958298,0.0005168785158441849
1559.2824779371122,1559.2824779371122,1.0003676799830692,0.0005167483811173897
1559.2894223192034,1559.2894223192034,1.0006938480836303,0.0005169497623031527
1559.2963667012598,1559.2963667012598,1.0008084624858526,0.0005165668872131934
1559.3033110832807,1559.3033110832807,0.9999103784822856,0.0005162729729467555
1559.3102554653026,1559.3102554653026,0.9995317153911272,0.0005164854610806249
1559.3171998472767,1559.3171998472767,0.9993073735122635,0.000516431904870345
1559.324144229252,1559.324144229252,1.000069301633964,0.0005165685783747621
1559.331088611191,1559.331088611191,0.9998663245333365,0.0005164604225919747
1559.338032993062,1559.338032993062,0.9998476296971897,0.0005166382983308899
1559.3449773749542,1559.3449773749542,0.9996476553630279,0.0005164573659774011
1559.351921756825,1559.351921756825,1.000059597087239,0.0005165351973865177
1559.3588661386477,1559.3588661386477,1.0007029816731468,0.0005167154732191888
1559.3658105204368,1559.3658105204368,0.9996686675369416,0.0005167157542641502
1559.3727549022246,1559.3727549022246,1.0000977625806315,0.000516351907038834
1559.3796992839666,1559.3796992839666,1.000484566125203,0.0005165035907738475
1559.3866436657086,1559.3866436657086,1.0001284361246685,0.0005168493424418326
1559.393588047404,1559.393588047404,0.9997966786544563,0.0005165317219728366
1559.400532429076,1559.400532429076,1.0002428342184055,0.0005165486284590584
1559.407476810713,1559.407476810713,0.9999094612733155,0.0005165010967518796
1559.41442119235,1559.41442119235,0.9994817742624618,0.0005166123144082289
1559.4213655739525,1559.4213655739525,0.9999800604225193,0.0005163953966505665
1559.4283099555314,1559.4283099555314,0.9994355017249175,0.0005161155880194258
1559.435254337075,1559.435254337075,1.000308471765647,0.0005163750037158752
1559.442198718596,1559.442198718596,1.0003682128339577,0.0005164870800518217
1559.4491431000815,1559.4491431000815,1.0004783430851618,0.0005164732279263778
1559.4560874815677,1559.4560874815677,0.9999095910044788,0.0005163396981302203
1559.4630318630182,1559.4630318630182,0.9995247401960601,0.0005164941111857606
1559.4699762444343,1559.4699762444343,0.9998622605505997,0.0005163344271056444
1559.4769206258147,1559.4769206258147,0.9998858854672387,0.0005161466461522777
1559.483865007208,1559.483865007208,0.9996628466798578,0.0005160812565964
1559.490809388542,1559.490809388542,1.0005911730540011,0.0005164590248969433
1559.497753769842,1559.497753769842,0.9999481688814085,0.0005161745466859698
1559.504698151141,1559.504698151141,1.000147836624828,0.0005163038377787441
1559.5116425323943,1559.5116425323943,1.0001580711487243,0.0005165646902268535
1559.518586913635,1559.518586913635,1.000305044367737,0.0005163600006376813
1559.52553129483,1559.52553129483,1.0001967092798418,0.000516285792728646
1559.5324756760363,1559.5324756760363,0.9999490231339667,0.0005161501516209556
1559.5394200571968,1559.5394200571968,0.9991909082123616,0.0005159812051437169
1559.5463644383208,1559.5463644383208,0.9999850117445261,0.000516054102482571
1559.5533088194347,1559.5533088194347,0.9995798341320979,0.0005163690562494103
1559.560253200501,1559.560253200501,0.9999987022302012,0.000516236581134444
1559.5671975815562,1559.5671975815562,1.0000528774834034,0.0005160793757615055
1559.5741419626113,1559.5741419626113,0.9997523989100949,0.0005164537754725805
1559.5810863435963,1559.5810863435963,1.0002306437841058,0.000516115990617231
1559.5880307245814,1559.5880307245814,1.0010267352329445,0.0005162356827405483
1559.5949751055318,1559.5949751055318,1.000403872582137,0.0005158250107027657
1559.6019194864703,1559.6019194864703,0.9994473086088282,0.0005162114913624366
1559.6088638673505,1559.6088638673505,0.9998742718434768,0.0005159639922099749
1559.6158082482193,1559.6158082482193,1.0001461621532008,0.0005162503738436568
1559.6227526290763,1559.6227526290763,1.000748446009502,0.0005162227483432698
1559.6296970098872,1559.6296970098872,0.9993713219822139,0.0005157217285845725
1559.6366413907092,1559.6366413907092,0.9994361665663132,0.0005158939948531441
1559.6435857714735,1559.6435857714735,1.0004590191731262,0.0005159144852757403
1559.6505301522025,1559.6505301522025,1.001290544332441,0.0005162577176445555
1559.6574745329199,1559.6574745329199,1.0004685783849898,0.000516465428292904
1559.6644189136136,1559.6644189136136,0.9995070953997116,0.0005161147946620343
1559.6713632942733,1559.6713632942733,1.0008474796611477,0.0005160304428105645
1559.6783076748973,1559.6783076748973,0.9999466240653545,0.0005157700589739518
1559.6852520555217,1559.6852520555217,1.000325760861523,0.000516316049511765
1559.692196436099,1559.692196436099,0.9995796768338758,0.0005162709905255757
1559.6991408166773,1559.6991408166773,1.0000017234601561,0.0005157763938598242
1559.7060851971964,1559.7060851971964,1.0000716443647961,0.0005156727768080179
1559.713029577716,1559.713029577716,1.0000982192309187,0.0005158888844047099
1559.7199739581888,1559.7199739581888,0.999690441842915,0.0005160088191858823
1559.7269183386506,1559.7269183386506,0.999296259284234,0.0005153682359475013
1559.7338627190645,1559.7338627190645,1.0005442777290003,0.0005158222304438293
1559.7408070994684,1559.7408070994684,1.0005158927573077,0.0005158805277030384
1559.7477514798477,1559.7477514798477,0.9996313668815849,0.0005157700279915918
1559.7546958601931,1559.7546958601931,1.0005439989646014,0.0005155790714912886
1559.7616402405142,1559.7616402405142,0.9999073741136403,0.0005159434196486598
1559.768584620813,1559.768584620813,0.9993943840950802,0.0005156653315734446
1559.775529001076,1559.775529001076,0.999966320808991,0.0005155746989328838
1559.7824733813281,1559.7824733813281,1.0007250738738178,0.0005156359728632402
1559.7894177615212,1559.7894177615212,0.9999891436658362,0.0005157386061508998
1559.7963621417389,1559.7963621417389,1.0000953894163096,0.0005154107601305361
1559.803306521885,1559.803306521885,0.999599292965048,0.0005156503619078211
1559.8102509020325,1559.8102509020325,1.0003242624956488,0.0005159101618496633
1559.8171952821558,1559.8171952821558,0.9997607961409205,0.0005158814083219094
1559.8241396622332,1559.8241396622332,0.9999118513381386,0.0005157793577408631
1559.8310840422748,1559.8310840422748,1.0002187205390465,0.0005161098532371453
1559.8380284223178,1559.8380284223178,0.9991071592903358,0.0005152956996274235
1559.8449728023127,1559.8449728023127,1.0002003824167656,0.0005157125168388332
1559.8519171823089,1559.8519171823089,1.0003494626155391,0.0005160459009918839
1559.8588615622575,1559.8588615622575,0.9997401766385247,0.0005156826734411235
1559.8658059421837,1559.8658059421837,1.0000672025479225,0.0005153245058393685
1559.8727503220744,1559.8727503220744,1.0000779976346377,0.0005153232888025929
1559.8796947019657,1559.8796947019657,0.9999575797725866,0.000515630017480238
1559.8866390817977,1559.8866390817977,1.0000470284537553,0.0005161412724200184
1559.8935834616077,1559.8935834616077,1.0000933126922464,0.0005153776111636911
1559.908305546731,1559.908305546731,0.9995428675224218,0.0005155946064612053
1559.9171943528056,1559.9171943528056,1.0007569228785764,0.0005161384561232907
1559.9241387325098,1559.9241387325098,0.999750728337333,0.0005159932149318956
1559.9310831121797,1559.9310831121797,1.0007722317806884,0.0005159413482236137
1559.938583042194,1559.938583042194,0.9999512061470535,0.000515476792598059
1559.9463607473924,1559.9463607473924,1.0003757400400743,0.000515719756680082
1559.953305126957,1559.953305126957,0.999873320625384,0.0005153303405175018
1559.9602495065342,1559.9602495065342,0.9991100653969788,0.0005158520132666773
1559.9674716612478,1559.9674716612478,0.9994722792381914,0.0005159058361526006
1559.9755271414792,1559.9755271414792,1.0002775194006408,0.0005152411259501871
1559.9824715209622,1559.9824715209622,1.0000911385848004,0.0005151877735846319
1559.9894159004111,1559.9894159004111,1.0007552008118064,0.0005154042471145241
1559.996360279836,1559.996360279836,1.000222402248727,0.0005152681072104491
1560.0033046592264,1560.0033046592264,1.0000606450038183,0.0005157626471776312
1560.0102490386048,1560.0102490386048,1.0006633057461034,0.0005153705400024491
1560.0171934179486,1560.0171934179486,1.000463518865417,0.0005153874173856518
1560.024137797292,1560.024137797292,0.9995934214650021,0.0005152964923111675
1560.0310821765547,1560.0310821765547,0.9992657415436735,0.0005150611744622325
1560.0380265558283,1560.0380265558283,1.000009376285249,0.0005154785493823266
1560.0449709350673,1560.0449709350673,1.0001724605423248,0.0005152462875033046
1560.0519153142711,1560.0519153142711,1.0001431735683943,0.0005155312009909494
1560.0588596934635,1560.0588596934635,1.000295738254683,0.0005155098220881456
1560.0658040726207,1560.0658040726207,0.9996258782238326,0.0005157742362418401
1560.0727484517552,1560.0727484517552,1.000231045798164,0.0005153061828425861
1560.0796928308541,1560.0796928308541,0.9995630566468611,0.0005153115224906383
1560.0866372099304,1560.0866372099304,1.000126942251108,0.0005154055141751103
1560.093581588983,1560.093581588983,1.0005052707764965,0.0005151855546664862
1560.1005259680007,1560.1005259680007,0.9993213738456068,0.0005152471228458186
1560.107470347007,1560.107470347007,1.000187413999262,0.0005156020687974016
1560.1144147259663,1560.1144147259663,0.9992477541466055,0.0005152283604183817
1560.121359104914,1560.121359104914,1.0009302548606205,0.0005154268452714999
1560.1283034838389,1560.1283034838389,1.000255355785063,0.0005151950854248629
1560.1352478627282,1560.1352478627282,0.9998527191204036,0.0005149595948477225
1560.1421922415834,1560.1421922415834,0.9997642673393369,0.0005154207049671353
1560.149136620426,1560.149136620426,1.0005481711394757,0.0005152615234669573
1560.1560809992347,1560.1560809992347,0.9999947379251722,0.0005149719235597114
1560.1630253780077,1560.1630253780077,0.9987705672668603,0.0005151957858710108
1560.1699697567813,1560.1699697567813,0.999662217346053,0.0005152343779996456
1560.1769141355076,1560.1769141355076,1.0001486695494448,0.0005149962789272862
1560.183858514188,1560.183858514188,0.9998136980431458,0.0005149582016587372
1560.1908028928679,1560.1908028928679,1.0006438167675085,0.000515502726945555
1560.197747271513,1560.197747271513,0.9997797765476861,0.0005152842749199723
1560.204691650135,1560.204691650135,1.0002970251041012,0.0005156897964465728
1560.2116360287223,1560.2116360287223,1.0001024388465394,0.0005153277657588864
1560.2185804072974,1560.2185804072974,1.0001448259057573,0.0005153082533910122
1560.225524785838,1560.225524785838,0.9994359688271681,0.0005148994680011342
1560.2324691643548,1560.2324691643548,1.0001859257484267,0.0005152622403339899
1560.239413542826,1560.239413542826,0.9998108210431556,0.0005153875051283683
1560.2463579213193,1560.2463579213193,0.9994465571474084,0.0005151355974216383
1560.2533022997322,1560.2533022997322,1.0002281298155338,0.0005155008564510545
1560.2602466781325,1560.2602466781325,1.0011488619496514,0.000515435475422178
1560.2671910564982,1560.2671910564982,0.9994619971133998,0.0005151882200755895
1560.274135434864,1560.274135434864,0.9999089611564923,0.0005149998051017528
1560.2810798131832,1560.2810798131832,0.999759458155037,0.0005145790289998851
1560.2880241914793,1560.2880241914793,0.9998917187953623,0.0005150400402621189
1560.294968569752,1560.294968569752,1.0000825343398412,0.0005151320395666757
1560.3019129479896,1560.3019129479896,0.9998699008014217,0.0005150814246283449
1560.3088573262044,1560.3088573262044,1.0001408403915355,0.0005151565987877152
1560.3158017043954,1560.3158017043954,1.0002364483845234,0.0005148535733726906
1560.32274608254,1560.32274608254,0.999722506538377,0.000515272993121471
1560.3296904606846,1560.3296904606846,1.0006182183769827,0.0005153213056719264
1560.336634838806,1560.336634838806,1.0000073813276116,0.000515021810795059
1560.3435792168807,1560.3435792168807,0.9998569918215159,0.0005152172190552072
1560.3505235949324,1560.3505235949324,0.9998936264160403,0.0005150492561374453
1560.35746797296,1560.35746797296,0.9997618538203307,0.0005152697471348631
1560.364412350954,1560.364412350954,1.0001284392163283,0.0005154586983973265
1560.371356728935,1560.371356728935,1.0005970608878123,0.0005151645898860766
1560.3783011068706,1560.3783011068706,0.9990772688936025,0.0005147903215805154
1560.3852454847936,1560.3852454847936,1.0005119694920748,0.0005151808011607058
1560.3921898626825,1560.3921898626825,1.000434950400207,0.0005151125111708227
1560.3991342405589,1560.3991342405589,1.0002463266995973,0.0005152035242918523
1560.406078618378,1560.406078618378,1.000334759244499,0.0005153036162554465
1560.4130229961843,1560.4130229961843,1.0001762995499726,0.0005151470986553728
1560.4199673739688,1560.4199673739688,0.9997837065548971,0.0005151734706344694
1560.4269117517172,1560.4269117517172,0.9995825449345747,0.000515114422657585
1560.4338561294546,1560.4338561294546,0.9996931633675981,0.0005153152346454519
1560.440800507145,1560.440800507145,1.0002469154156457,0.000514649503284906
1560.4477448848127,1560.4477448848127,1.0013971618868474,0.000515050431509328
1560.4546892624676,1560.4546892624676,0.9998317233241101,0.0005147233200895632
1560.4616336400773,1560.4616336400773,0.9997544386034267,0.0005151153192295053
1560.4685780176974,1560.4685780176974,0.9997820572707411,0.0005148801644775361
1560.4755223952607,1560.4755223952607,1.0004476392580868,0.0005147101024646895
1560.482466772776,1560.482466772776,0.9997280829477259,0.0005147255518523173
1560.4894111502927,1560.4894111502927,0.9997493791794352,0.0005150656901163327
1560.496355527773,1560.496355527773,0.9995673887860523,0.000514774717859373
1560.5032999052316,1560.5032999052316,1.0001659428867335,0.0005149854510094806
1560.5102442826535,1560.5102442826535,1.0006377040913932,0.0005152559921618783
1560.5171886600535,1560.5171886600535,1.0002258236897705,0.0005149655195711886
1560.5241330374179,1560.5241330374179,1.000306595227564,0.0005149317425424382
1560.531077414771,1560.531077414771,0.9996928709063976,0.0005149792412132973
1560.5380217921006,1560.5380217921006,1.0000949510864197,0.0005152042407828303
1560.5449661693724,1560.5449661693724,0.9996807290566048,0.000514792261433877
1560.5519105466435,1560.5519105466435,0.9994091294477372,0.0005146563990125467
1560.5588549238805,1560.5588549238805,1.0001367049239511,0.0005149570089788497
1560.5657993010932,1560.5657993010932,1.0001151874756689,0.0005149221274136467
1560.5727436782722,1560.5727436782722,0.9997202802825134,0.0005148017754180968
1560.5796880554267,1560.5796880554267,1.0003518693361355,0.0005149600163274072
1560.586632432547,1560.586632432547,1.0003984250741176,0.0005152293106664201
1560.5935768096556,1560.5935768096556,1.0002432855257668,0.000514703335015693
1560.6005211867175,1560.6005211867175,0.9997043802452961,0.0005150075077603824
1560.6074655637678,1560.6074655637678,0.9995716661380032,0.0005147272149132401
1560.6144099408066,1560.6144099408066,0.9995438221911094,0.000515134635978059
1560.6213543177869,1560.6213543177869,1.0002909457848497,0.0005149794015867437
1560.628298694744,1560.628298694744,1.0000656051077843,0.0005145784448819072
1560.6352430716781,1560.6352430716781,0.9999485802664083,0.0005146719805070052
1560.6421874485882,1560.6421874485882,1.0002186967142042,0.0005148185931550568
1560.6491318254643,1560.6491318254643,1.0004180829748803,0.0005147844073313578
1560.656076202328,1560.656076202328,1.0000883561697695,0.0005146150077005252
1560.6630205791462,1560.6630205791462,0.9999935259070852,0.0005144303580107744
1560.6699649559516,1560.6699649559516,0.9995355757039099,0.0005144671427226992
1560.6769093327227,1560.6769093327227,0.9996414482811646,0.0005146227100139343
1560.6838537094468,1560.6838537094468,1.000434732108633,0.0005147590559832413
1560.6907980861947,1560.6907980861947,1.0000377455684226,0.0005149705961441176
1560.6977424628835,1560.6977424628835,1.000261788706574,0.0005147154010240998
1560.704686839515,1560.704686839515,0.9999600877149935,0.0005145154174827735
1560.7116312161575,1560.7116312161575,0.9997632309154856,0.0005148201188715774
1560.7185755927542,1560.7185755927542,1.0005876250994121,0.000515051651476108
1560.7255199693504,1560.7255199693504,0.9990336104781854,0.0005146352417322567
1560.7324643459,1560.7324643459,0.9998400937469407,0.0005148125166633189
1560.7394087224143,1560.7394087224143,0.9999679991461745,0.0005146739476102456
1560.7463530989182,1560.7463530989182,1.000161450895439,0.0005149575989444486
1560.7532974753858,1560.7532974753858,1.0002663890740389,0.0005148850857672351
1560.7602418518195,1560.7602418518195,1.0001251765253347,0.0005152037698237025
1560.7671862282643,1560.7671862282643,1.00034460990704,0.0005149668782819808
1560.7741306046166,1560.7741306046166,0.99941775687388,0.0005144916155861732
1560.7810749809914,1560.7810749809914,1.0003999437264866,0.0005150159587286984
1560.7880193573196,1560.7880193573196,0.9998305765934898,0.0005147959825365196
1560.794963733625,1560.794963733625,0.9998328493523113,0.0005148720876944346
1560.8019081098955,1560.8019081098955,1.0006474033534891,0.0005149072918485373
1560.8088524861425,1560.8088524861425,1.000119437185695,0.0005149653149595477
1560.8157968623777,1560.8157968623777,0.999875047494258,0.0005146902048253886
1560.822741238555,1560.822741238555,0.9998894526107802,0.0005150003242815126
1560.829685614732,1560.829685614732,0.9987551860692925,0.0005145939215669378
1560.8366299908514,1560.8366299908514,1.000588801338947,0.0005150641521457645
1560.8435743669584,1560.8435743669584,0.9998651895317152,0.0005146723132161744
1560.8505187430658,1560.8505187430658,0.999528152369679,0.000515004802743753
1560.8574631191145,1560.8574631191145,1.0004358003884672,0.0005146677701306642
1560.8644074951405,1560.8644074951405,1.0004953247066264,0.0005150159532392466
1560.8713518711431,1560.8713518711431,0.9994244737608293,0.0005147078658139446
1560.8782962470996,1560.8782962470996,1.0009954101445249,0.0005149653385969911
1560.8852406230546,1560.8852406230546,1.0001544198109231,0.0005149134706381777
1560.8921849989767,1560.8921849989767,1.0000041372861719,0.0005144839641066997
1560.899129374862,1560.899129374862,1.0002146192273318,0.000514959408973461
1560.9060737507257,1560.9060737507257,1.0000893398456827,0.0005149113534683187
1560.9130181265762,1560.9130181265762,0.9989563947783718,0.0005147171089999515
1560.9199625023814,1560.9199625023814,0.9996532541074755,0.0005152348686015397
1560.9269068781505,1560.9269068781505,1.0000182673269675,0.0005150114653902147
1560.9338512538975,1560.9338512538975,0.9992546949759676,0.0005145322141570685
1560.9407956296318,1560.9407956296318,1.0006508777472924,0.0005147735375278698
1560.9477400053206,1560.9477400053206,1.0008965050822518,0.0005145043914236175
1560.9546843809967,1560.9546843809967,0.9996838833739542,0.0005147394008477101
1560.961628756627,1560.961628756627,1.0004161514704717,0.0005149796185467127
1560.9685731322452,1560.9685731322452,0.9999962584790645,0.0005147861719566294
1560.975517507817,1560.975517507817,0.9997956906062866,0.0005141495511354975
1560.9824618834002,1560.9824618834002,1.0001944027404126,0.000514776218059089
1560.9894062589258,1560.9894062589258,0.9994202034816115,0.000514754469302726
1560.9963506344159,1560.9963506344159,0.9992956994621714,0.0005142398285765116
1561.0032950098946,1561.0032950098946,1.0005223497948954,0.0005144515047039942
1561.0102393853501,1561.0102393853501,1.000613105000787,0.0005146369360877691
1561.0171837607588,1561.0171837607588,1.000024006610289,0.0005146342833423541
1561.0241281361564,1561.0241281361564,0.9998928648484675,0.0005150309336362356
1561.0310725115066,1561.0310725115066,1.0000903452059846,0.0005144978065786251
1561.0380168868458,1561.0380168868458,1.0000814225222427,0.0005144336959651832
1561.0449612621496,1561.0449612621496,0.9995167278722029,0.0005143358656718776
1561.0519056374308,1561.0519056374308,0.9997303595480453,0.0005143029628808902
1561.0588500126646,1561.0588500126646,1.0002817094091816,0.0005148553439181069
1561.0657943878991,1561.0657943878991,0.9994984003791654,0.0005144964369660572
1561.0727387631096,1561.0727387631096,0.999796874279367,0.0005142654734999513
1561.0796831382745,1561.0796831382745,1.0009659002566718,0.0005146142415530601
1561.0866275134154,1561.0866275134154,1.0003058950996255,0.0005145411170450311
1561.0935718885332,1561.0935718885332,1.0000195275366643,0.0005146116459964552
1561.1005162636156,1561.1005162636156,0.9996895285452693,0.0005146983394029217
1561.1074606386637,1561.1074606386637,1.0004199693724531,0.0005153082624972338
1561.1144050137002,1561.1144050137002,1.0000945598426838,0.0005151290293802784
1561.1213493887014,1561.1213493887014,0.9999158831117579,0.0005146896672245482
1561.128293763668,1561.128293763668,0.9999741943668436,0.0005146163565684005
1561.135238138611,1561.135238138611,0.9994782749660229,0.0005146550046687758
1561.1421825135426,1561.1421825135426,0.9999802101450609,0.0005143906120255323
1561.149126888427,1561.149126888427,1.0002795847654766,0.000514778535212671
1561.1560712632895,1561.1560712632895,0.9999901746733357,0.0005148116080264576
1561.1630156381275,1561.1630156381275,1.0003511920710502,0.0005150460595427573
1561.169960012931,1561.169960012931,1.0002027768130048,0.0005147751679603475
1561.176904387711,1561.176904387711,1.0002859338345373,0.0005144395956908187
1561.1838487624566,1561.1838487624566,0.9996402929997688,0.0005145120316142514
1561.1907931371782,1561.1907931371782,1.000502956945066,0.0005148914858365872
1561.1977375118774,1561.1977375118774,0.9989577436892416,0.0005145039089969705
1561.2046818865288,1561.2046818865288,1.0000643429352192,0.0005145265962649164
1561.2116262611821,1561.2116262611821,1.000459956906277,0.0005148389746214972
1561.2185706357984,1561.2185706357984,1.0001802694475985,0.0005144588941111216
1561.225515010381,1561.225515010381,1.0001686386811062,0.0005145344872729092
1561.2324593849285,1561.2324593849285,0.9996558978636573,0.000514528510894778
1561.2394037594524,1561.2394037594524,0.9997402364634984,0.0005147509207612972
1561.2463481339532,1561.2463481339532,0.9999750421184335,0.0005146968785232797
1561.2532925084304,1561.2532925084304,1.0000030621045848,0.0005147211330458646
1561.2602368828616,1561.2602368828616,0.9998111960107439,0.0005144416423740759
1561.2671812572921,1561.2671812572921,1.0002289677780354,0.0005146221703954191
1561.2741256316535,1561.2741256316535,0.9996522851483738,0.0005145225284933386
1561.2810700060143,1561.2810700060143,1.0002038890255016,0.0005149809228062228
1561.2880143803643,1561.2880143803643,0.9997293545786438,0.0005149541638732952
1561.2949587546548,1561.2949587546548,1.0010302745178403,0.0005151141105442379
1561.3019031289464,1561.3019031289464,0.999180462815173,0.0005146115382385107
1561.308847503179,1561.308847503179,1.000180475852919,0.0005145668031874294
1561.315791877401,1561.315791877401,1.0005139281762845,0.0005146130792367964
1561.3227362515984,1561.3227362515984,0.9999049941621789,0.0005143565379027361
1561.3296806257626,1561.3296806257626,1.0007468553904533,0.0005148539945585
1561.3366249998899,1561.3366249998899,0.9996008003280517,0.0005143132251260801
1561.343569373984,1561.343569373984,0.9993554424726337,0.0005145104568262817
1561.3505137480536,1561.3505137480536,0.9992744990754856,0.0005145423128554914
1561.3574581221237,1561.3574581221237,1.0003190125350352,0.0005146852498944458
1561.3644024961472,1561.3644024961472,0.9996586125277611,0.0005144108008557384
1561.3713468701358,1561.3713468701358,1.0005881379048733,0.0005145547774736288
1561.378291244101,1561.378291244101,1.0002940452015792,0.0005147946579677173
1561.3852356180428,1561.3852356180428,0.9998905496156067,0.0005145467982797198
1561.3921799919503,1561.3921799919503,1.0000088502558775,0.0005144048031555923
1561.3991243658215,1561.3991243658215,1.0000047068570719,0.0005145481194168993
1561.4060687396827,1561.4060687396827,0.9998224021044665,0.0005147395696982001
1561.4130131135194,1561.4130131135194,1.000424790080795,0.0005147603961347315
1561.419957487299,1561.419957487299,0.9996404932647238,0.0005145648120908669
1561.426901861077,1561.426901861077,0.9993911032359662,0.0005145419349893373
1561.4338462348105,1561.4338462348105,0.9996204086557687,0.0005143233183493326
1561.4407906085307,1561.4407906085307,1.0003848376424558,0.0005143348412054012
1561.4477349822168,1561.4477349822168,0.9998056380127573,0.0005149533708821316
1561.4546793558561,1561.4546793558561,0.9993945904595207,0.0005147130982266541
1561.4616237294956,1561.4616237294956,1.0009380195387698,0.0005143602222219202
1561.468568103088,1561.468568103088,0.9997334635031905,0.0005149906297823186
1561.4755124766693,1561.4755124766693,1.0000303070900904,0.0005144279983775354
1561.482456850204,1561.482456850204,1.000430846936607,0.000514802356961824
1561.4894012237262,1561.4894012237262,1.0001131441249596,0.0005148249250492836
1561.4963455972033,1561.4963455972033,0.9996546790886842,0.0005143508456126316
1561.503289970667,1561.503289970667,0.99926376900332,0.000514304899254315
1561.5102343440863,1561.5102343440863,1.0006602739822976,0.0005145967484992719
1561.5171787174918,1561.5171787174918,0.9995056421363022,0.0005144053234981183
1561.5241230908641,1561.5241230908641,1.0008216252005984,0.000514619117856313
1561.5310674642117,1561.5310674642117,0.9995912189885393,0.0005145445276882889
1561.5380118375256,1561.5380118375256,0.99948011179939,0.0005146422440358493
1561.5449562108154,1561.5449562108154,0.9999370121216392,0.0005144550355484916
1561.5519005840822,1561.5519005840822,0.9998936517124459,0.0005146573351149899
1561.5588449572906,1561.5588449572906,1.0000983611820657,0.000514799600479225
1561.5657893304874,1561.5657893304874,1.0000630170371152,0.0005147062699623062
1561.5727337036847,1561.5727337036847,0.9995551716693285,0.0005145663973707632
1561.5796780768346,1561.5796780768346,1.0003402458777464,0.0005146863997938239
1561.5866224499391,1561.5866224499391,0.999752676069458,0.0005146149510376618
1561.5935668230422,1561.5935668230422,1.0006138427330775,0.000515193810853802
1561.6005111961117,1561.6005111961117,0.9994392613528713,0.0005145182734173237
1561.6074555691334,1561.6074555691334,1.0006128837869195,0.0005146018520380306
1561.6143999421326,1561.6143999421326,0.9993185109004872,0.0005146406672161803
1561.6213443151196,1561.6213443151196,1.0000304214336513,0.0005143557789740548
1561.6282886880495,1561.6282886880495,1.0001169920459492,0.0005143108099293359
1561.6352330610011,1561.6352330610011,1.0005012639052668,0.0005144830010093116
1561.6421774338608,1561.6421774338608,1.0004958627032432,0.0005145322725793206
1561.6491218067317,1561.6491218067317,1.0001621395863238,0.0005146507846636084
1561.6560661795677,1561.6560661795677,0.999660851543144,0.0005146013782635813
1561.663010552369,1561.663010552369,0.9998155993778586,0.0005142493772271377
1561.6699549251348,1561.6699549251348,1.000135593842398,0.0005142669757785268
1561.6768992979014,1561.6768992979014,0.9997330136268818,0.0005144574254505823
1561.6838436706207,1561.6838436706207,0.9998551665069486,0.0005144065423006019
1561.6907880433057,1561.6907880433057,1.000413259120467,0.0005147488740418424
1561.6977324159784,1561.6977324159784,1.0004633616011538,0.0005154069619037257
1561.7046767886052,1561.7046767886052,0.9994884208881059,0.0005143339524855987
1561.7116211612197,1561.7116211612197,0.9999059879116359,0.0005145836279975722
1561.7185655337878,1561.7185655337878,1.0002757428704112,0.0005145182723160526
1561.7255099063334,1561.7255099063334,0.9993016672087638,0.0005148408594513126
1561.7324542788544,1561.7324542788544,1.000295053039124,0.0005146976036652718
1561.7393986513416,1561.7393986513416,0.999113603388318,0.0005141980318627393
1561.7463430238163,1561.7463430238163,1.000955548712698,0.0005149062250946746
1561.7532873962452,1561.7532873962452,0.9996728515573713,0.0005146331816160727
1561.76023176865,1561.76023176865,1.0001900258141205,0.0005143111166978191
1561.7671761410325,1561.7671761410325,1.0007686187754423,0.0005148027380809708
1561.774120513356,1561.774120513356,1.000379317102381,0.0005150667646522339
1561.7810648856803,1561.7810648856803,0.9993915795700202,0.0005148861762888145
1561.7880092579921,1561.7880092579921,0.9997984331814059,0.0005147035473247939
1561.7949536302463,1561.7949536302463,0.9996996988715999,0.0005143707670843525
1561.8018980024885,1561.8018980024885,0.9997896792541748,0.0005147539525190148
1561.8088423746956,1561.8088423746956,0.9998233469836556,0.0005147711944230614
1561.8157867468685,1561.8157867468685,1.0001809287384547,0.0005143934069162921
1561.822731119017,1561.822731119017,0.9992814470159701,0.0005145264964269849
1561.8296754911437,1561.8296754911437,1.0008027679422855,0.0005144907964297313
1561.8366198632223,1561.8366198632223,1.0006292276603392,0.0005143994067947791
1561.8435642353022,1561.8435642353022,1.0001556235937454,0.0005147681699281946
1561.850508607346,1561.850508607346,0.9996690007110736,0.0005144575291840766
1561.8574529793211,1561.8574529793211,1.000436528349276,0.0005145235696801572
1561.8643973513067,1561.8643973513067,0.9995824807148898,0.0005141552810010732
1561.871341723247,1561.871341723247,1.0001193578814052,0.0005146522041761146
1561.8782860951746,1561.8782860951746,0.9997366878881415,0.0005144892338219441
1561.885230467056,1561.885230467056,0.9997260189121032,0.0005145664792487337
1561.8921748389262,1561.8921748389262,1.0001182614332,0.000514920727812915
1561.8991192107487,1561.8991192107487,0.999765644606792,0.0005145756341680625
1561.9060635825608,1561.9060635825608,0.9999253898891606,0.0005145474173580928
1561.913007954337,1561.913007954337,1.0002908601999168,0.0005145971573740877
1561.9199523261025,1561.9199523261025,0.9998398242006253,0.000514376244414388
1561.9268966977857,1561.9268966977857,0.9999400017842216,0.0005143063128761778
1561.9338410694927,1561.9338410694927,1.0004402415396787,0.0005146210248221305
1561.9407854411525,1561.9407854411525,0.9998812043885952,0.0005146251808550806
1561.947729812778,1561.947729812778,1.000782108540402,0.000514524652837488
1561.95467418438,1561.95467418438,0.9996323620734714,0.0005145669097731357
1561.9616185559469,1561.9616185559469,1.0000733721419528,0.0005147064593852932
1561.9685629275027,1561.9685629275027,0.9995346350764575,0.0005144275776403877
1561.9755072990113,1561.9755072990113,0.9989773481209226,0.0005140986816552433
1561.9824516704973,1561.9824516704973,1.0008168484938342,0.0005144966676246797
1561.9893960419474,1561.9893960419474,0.9999996578891424,0.0005145988073365978
1561.9963404133869,1561.9963404133869,1.000198575909301,0.0005145605777269303
1562.0032847847792,1562.0032847847792,1.0003814712563557,0.0005145757207798102
1562.0102291561482,1562.0102291561482,1.0000330050735724,0.0005142001696210462
1562.017173527494,1562.017173527494,0.9995889818512145,0.0005144092154070916
1562.0241178988051,1562.0241178988051,1.0001652716938947,0.0005143022292202668
1562.031062270093,1562.031062270093,0.9991873063229164,0.0005140830208677332
1562.0380066413454,1562.0380066413454,1.0008082147044124,0.0005149009288934755
1562.0449510125638,1562.0449510125638,0.9999323053796454,0.0005143594934836081
1562.051895383781,1562.051895383781,1.000332975529715,0.0005146523164990498
1562.0588397549413,1562.0588397549413,0.9997928231789416,0.0005144098179284772
1562.065784126077,1562.065784126077,0.9999717769250133,0.00051480827701887
1562.0727284971904,1562.0727284971904,1.0001294368269362,0.0005146377727475763
1562.0796728682685,1562.0796728682685,0.9999812362547876,0.0005143508925406256
1562.086617239323,1562.086617239323,0.9993229951501027,0.0005142740450664625
1562.0935616103434,1562.0935616103434,1.0000267989287555,0.0005148645354230966
1562.1005059813394,1562.1005059813394,1.000391112995589,0.0005145198408925176
1562.1074503523018,1562.1074503523018,0.9998661201744609,0.0005147172599688142
1562.11439472324,1562.11439472324,1.0003039899274244,0.0005146253286188609
1562.1213390941557,1562.1213390941557,1.0000146265674081,0.0005145118499128586
1562.1282834650235,1562.1282834650235,0.9997390322171397,0.0005146034410178758
1562.135227835881,1562.135227835881,1.0000637720858871,0.0005143963477262215
1562.1421722066912,1562.1421722066912,1.000375365855708,0.00051472755253448
1562.149116577478,1562.149116577478,0.9999111748118914,0.0005146433667085399
1562.1560609482422,1562.1560609482422,0.999109051641617,0.0005141763721399525
1562.1630053189706,1562.1630053189706,1.0001394653852664,0.0005143708177890191
1562.1699496896767,1562.1699496896767,1.000700335779214,0.0005147531034018914
1562.1768940603472,1562.1768940603472,0.9998787385602345,0.0005141506121056033
1562.1838384309947,1562.1838384309947,1.0004449066785566,0.000514448217009717
1562.1907828016185,1562.1907828016185,0.9997204165254667,0.000514378291054249
1562.1977271721962,1562.1977271721962,0.999387457628611,0.0005143552221880048
1562.2046715427618,1562.2046715427618,1.0000817604455423,0.0005146293841737485
1562.2116159132813,1562.2116159132813,1.0000545655257596,0.0005145320999527756
1562.2185602837776,1562.2185602837776,0.9995843104663035,0.0005142919093114888
1562.22550465425,1562.22550465425,1.0001688898776249,0.0005145601265177147
1562.2324490246885,1562.2324490246885,1.000094373929278,0.0005143401815959621
1562.239393395102,1562.239393395102,1.0003090162299184,0.0005144638486691838
1562.246337765471,1562.246337765471,0.999807425131783,0.0005144448356474651
1562.2532821358268,1562.2532821358268,1.0004716504145215,0.0005146208997207006
1562.2602265061716,1562.2602265061716,1.0003493328946997,0.0005145279493349423
1562.267170876458,1562.267170876458,0.9997802141765998,0.0005143858340267868
1562.2741152467095,1562.2741152467095,0.9997640442925928,0.0005143390008040367
1562.2810596169497,1562.2810596169497,1.000289172877952,0.0005143809396499031
1562.288003987143,1562.288003987143,0.9999148872803307,0.0005146930567719585
1562.2949483573252,1562.2949483573252,0.9999571787340169,0.0005149773137139793
1562.3018927274713,1562.3018927274713,0.9989125005820982,0.0005144256757105011
1562.3088370975952,1562.3088370975952,1.0002126929982218,0.0005144700812987179
1562.3157814676833,1562.3157814676833,1.0015683635393642,0.0005149114167266769
1562.3227258377374,1562.3227258377374,0.9998326849113637,0.0005147440484823743
1562.3296702077562,1562.3296702077562,1.0009000462084316,0.0005144566671335128
1562.3366145777516,1562.3366145777516,0.9996078547160518,0.0005142751224076613
1562.3435589477474,1562.3435589477474,1.0005682032552703,0.0005146152257233549
1562.3505033176723,1562.3505033176723,1.000204987469904,0.0005147092155303307
1562.357447687587,1562.357447687587,1.0003060148109664,0.0005146338718615721
1562.3643920574773,1562.3643920574773,0.9997002680382792,0.0005143616379621822
1562.3713364273333,1562.3713364273333,0.9999506171650715,0.0005147054341064963
1562.3782807971425,1562.3782807971425,0.9992937260625597,0.0005139491612190657
1562.3852251669396,1562.3852251669396,1.0003307615812442,0.0005146693482088549
1562.3921695367026,1562.3921695367026,1.0002908277589264,0.0005144256688596417
1562.3991139064299,1562.3991139064299,0.9992755602652158,0.0005143293243380794
1562.4060582761347,1562.4060582761347,1.0001417940774748,0.0005146353480217353
1562.4130026458272,1562.4130026458272,1.0001816492549382,0.0005144445959781611
1562.4199470154622,1562.4199470154622,0.9999960160907042,0.0005143764355835697
1562.4268913850733,1562.4268913850733,1.000120069510105,0.0005145092789605543
1562.4338357546726,1562.4338357546726,1.0004735967075664,0.0005147973948594314
1562.440780124226,1562.440780124226,1.000583351093324,0.0005150913842864881
1562.4477244937557,1562.4477244937557,0.9998217127804674,0.000514412622530843
1562.4546688632395,1562.4546688632395,0.9998086078703716,0.0005143573787412877
1562.4616132327217,1562.4616132327217,1.0000515372441212,0.0005145548672979608
1562.468557602136,1562.468557602136,0.999834428503233,0.0005146082464268615
1562.4755019715487,1562.4755019715487,1.0002932972632368,0.000514732758985318
1562.482446340939,1562.482446340939,0.9992719468051527,0.0005143221065962675
1562.4893907102937,1562.4893907102937,1.0001521826212243,0.00051457518071288
1562.4963350796145,1562.4963350796145,0.9997697375942423,0.0005143937003438735
1562.5032794488995,1562.5032794488995,1.0003190064151408,0.0005147159612478447
1562.5102238181619,1562.5102238181619,1.0005820157338086,0.0005149785934516392
1562.5171681873892,1562.5171681873892,0.9998621909851788,0.0005144079355926765
1562.5241125565924,1562.5241125565924,0.9999820564061693,0.0005146486552920723
1562.5310569257501,1562.5310569257501,0.9997406388824107,0.0005145029906809649
1562.5380012949186,1562.5380012949186,1.0003164379339458,0.0005149254805364948
1562.5449456640063,1562.5449456640063,1.0002908577103953,0.0005144874924909729
1562.551890033094,1562.551890033094,0.9994959326658078,0.0005143936771240036
1562.5588344021457,1562.5588344021457,0.9995143620527414,0.0005142699861553006
1562.5657787711643,1562.5657787711643,1.0001161282280164,0.0005145929633948854
1562.572723140146,1562.572723140146,1.0002139462253552,0.0005145797041520535
1562.5796675091178,1562.5796675091178,1.0001041394655334,0.0005147094703175989
1562.5866118780536,1562.5866118780536,0.9997262497712281,0.0005142105106395497
1562.5935562469547,1562.5935562469547,1.0002011809850988,0.0005147618729098599
1562.600500615821,1562.600500615821,1.00003612770214,0.0005146033935750997
1562.6074449846985,1562.6074449846985,1.000784187156207,0.0005145179350891835
1562.6143893534722,1562.6143893534722,1.0003462535420746,0.0005144388127499715
1562.6213337222678,1562.6213337222678,0.999825224925814,0.0005141603389229159
1562.6282780910183,1562.6282780910183,1.000394304501159,0.0005141967620485149
1562.6352224597445,1562.6352224597445,1.000081772793672,0.0005144799520068091
1562.642166828436,1562.642166828436,1.000664789429623,0.0005149144056004118
1562.6491111971047,1562.6491111971047,0.9995868622813304,0.0005146099999710563
1562.6560555657375,1562.6560555657375,0.9996811134081313,0.0005143067939689793
1562.6629999343368,1562.6629999343368,1.000058476783117,0.0005146153571084708
1562.6699443028997,1562.6699443028997,0.9999423588843266,0.0005145913852386039
1562.6768886714406,1562.6768886714406,1.000624471489533,0.0005146944132719324
1562.6838330399685,1562.6838330399685,1.0006922161525134,0.0005145055379096313
1562.6907774084389,1562.6907774084389,0.9997903381720874,0.0005141503731893552
1562.697721776898,1562.697721776898,0.9997193810229857,0.0005145465189536911
1562.7046661453217,1562.7046661453217,0.9992523217229723,0.0005142285002401007
1562.7116105137106,1562.7116105137106,0.9997112025684792,0.0005144321261273305
1562.7185548820762,1562.7185548820762,1.000028538400394,0.0005146985542959064
1562.7254992503954,1562.7254992503954,1.0003377112723366,0.0005148240458977642
1562.7324436187143,1562.7324436187143,0.9996532622793541,0.0005144305533796155
1562.7393879869635,1562.7393879869635,0.9998050619596237,0.0005142787690790606
1562.7463323552129,1562.7463323552129,1.0006022336445803,0.0005144688193566545
1562.753276723427,1562.753276723427,1.0003970878378985,0.0005147795366016578
1562.7602210916184,1562.7602210916184,0.9998516187844102,0.0005143713429280806
1562.767165459762,1562.767165459762,1.0001130338933997,0.0005144446853036986
1562.7741098278725,1562.7741098278725,1.0005047123248005,0.0005144428965405378
1562.7810541959695,1562.7810541959695,0.9997947065965131,0.0005145652821304341
1562.7879985640332,1562.7879985640332,0.999726997763395,0.0005147122734351038
1562.7949429320608,1562.7949429320608,0.9999108432174048,0.0005148447195255653
1562.8018873000424,1562.8018873000424,0.9999906649587327,0.0005148743851960331
1562.8088316680355,1562.8088316680355,0.999603388823622,0.0005144723421770483
1562.8157760359586,1562.8157760359586,0.9998252201449803,0.0005142810246513653
1562.8227204038822,1562.8227204038822,0.9998883542896502,0.0005146755164797962
1562.8296647717586,1562.8296647717586,0.9993278871851196,0.000513967027056868
1562.8366091396006,1562.8366091396006,1.000791241787308,0.0005141946587336843
1562.8435535074304,1562.8435535074304,1.0002681339430537,0.0005144058477390718
1562.850497875202,1562.850497875202,0.9999939073908287,0.0005144186907121023
1562.8574422429629,1562.8574422429629,1.0009629441341636,0.0005147655954589518
1562.864386610676,1562.864386610676,0.9997200480128579,0.00051414497559812
1562.871330978402,1562.871330978402,0.9997706690636567,0.0005143813598180707
1562.878275346057,1562.878275346057,1.0001837926684982,0.0005143256141099491
1562.8852197136778,1562.8852197136778,0.9999240631248586,0.0005148817501778875
1562.8921640812869,1562.8921640812869,0.9996800598522624,0.0005141956148573326
1562.8991084488603,1562.8991084488603,0.999289447558402,0.000514549921651965
1562.9060528164002,1562.9060528164002,1.0002736495558597,0.0005145092459228779
1562.9129971839152,1562.9129971839152,0.9996934886693578,0.0005142992283256857
1562.9199415513965,1562.9199415513965,1.0002854038030877,0.0005146246576462053
1562.9268859188426,1562.9268859188426,1.0002994251831334,0.0005145358974448838
1562.9338302862648,1562.9338302862648,1.0000382168362731,0.0005143208857084534
1562.9407746536763,1562.9407746536763,1.0006273748134595,0.0005148242434670495
1562.9477190210168,1562.9477190210168,1.0001577373054347,0.0005147898438752777
1562.954663388347,1562.954663388347,0.9994738915794672,0.0005139741513241274
1562.961607755653,1562.961607755653,0.9993494097395699,0.000514104929218711
1562.9685521229014,1562.9685521229014,0.9998165471402644,0.0005143149012609326
1562.975496490149,1562.975496490149,1.000566010781268,0.0005144072573082431
1562.9824408573506,1562.9824408573506,0.9996819121837397,0.0005142514261151311
1562.9893852245289,1562.9893852245289,0.9999869048191842,0.0005142476014667809
1562.9963295916718,1562.9963295916718,0.9999773752290195,0.0005142573915019648
1563.0032739587807,1563.0032739587807,1.0008174882451786,0.0005142085598328535
1563.0102183258655,1563.0102183258655,0.9999180802205055,0.0005140847125625081
1563.0171626929273,1563.0171626929273,0.9996057709026619,0.0005140173489452728
1563.029940328213,1563.029940328213,1.0000814381638325,0.0005145361545959885
1563.040773540667,1563.040773540667,1.0002262573417509,0.000514508328072966
1563.0477179075772,1563.0477179075772,0.9996416439640285,0.0005143327975728633
1563.0546622744766,1563.0546622744766,1.000043029043494,0.0005143163668952872
1563.0616066413163,1563.0616066413163,0.9999780661073648,0.0005144029072785052
1563.0685510081578,1563.0685510081578,0.9997404298353322,0.0005144829620212881
1563.0754953749513,1563.0754953749513,0.9998882457568692,0.000515128199063119
1563.0824397416986,1563.0824397416986,1.0006620637373769,0.0005147122092022657
1563.0893841084348,1563.0893841084348,0.9999232258790748,0.0005145210606423938
1563.0963284751351,1563.0963284751351,0.9997641843254028,0.0005147002486453965
1563.10327284179,1563.10327284179,1.0001074297149022,0.0005149103343034973
1563.1102172084325,1563.1102172084325,1.0001462314787752,0.0005149846629219055
1563.1171615750402,1563.1171615750402,0.9992324945148454,0.000514304687107465
1563.124105941625,1563.124105941625,0.9998787365247968,0.0005143573157330797
1563.1310503081622,1563.1310503081622,1.0007603544222896,0.0005142979775799797
1563.1379946747008,1563.1379946747008,0.9999472090694574,0.000514806642019928
1563.144939041145,1563.144939041145,1.0006384744315724,0.0005141551255171571
1563.1518834076137,1563.1518834076137,0.9999455762202041,0.0005144033076998338
1563.1588277740348,1563.1588277740348,0.9998838105451628,0.0005143658221338386
1563.1657721404213,1563.1657721404213,0.9997717082472264,0.0005143581275710255
1563.1727165067848,1563.1727165067848,1.0001421234537946,0.00051474708388516
1563.1796608731013,1563.1796608731013,0.9990630075089826,0.0005141173591293476
1563.186605239395,1563.186605239395,1.0003565038130433,0.0005142534612481392
1563.1935496056765,1563.1935496056765,0.9997872322175821,0.0005145759354904988
1563.2004939718886,1563.2004939718886,0.9998487352770116,0.0005147663700194756
1563.2074383381005,1563.2074383381005,1.000017088744351,0.000514455272783025
1563.2143827042655,1563.2143827042655,1.0004409249174953,0.000514655530759539
1563.2213270704083,1563.2213270704083,1.0002570094542282,0.0005141598124258164
1563.228271436515,1563.228271436515,1.0000314864390019,0.0005146219605873259
1563.2352158025874,1563.2352158025874,1.0003833118247885,0.0005145238531282468
1563.242160168636,1563.242160168636,0.9997531318869477,0.0005144949126189378
1563.24910453465,1563.24910453465,0.9999160164503543,0.0005142466193511115
1563.2560489006414,1563.2560489006414,0.9998584809952817,0.0005147457710405061
1563.2629932665732,1563.2629932665732,0.9996098495812535,0.0005143620240313166
1563.2699376324947,1563.2699376324947,1.0008321221716563,0.0005148208157379443
1563.2768819983917,1563.2768819983917,0.9992047797735486,0.0005147148644459424
1563.2838263642548,1563.2838263642548,1.0003181855165226,0.0005147864835092247
1563.2907707300826,1563.2907707300826,0.9995322657753876,0.000514717852308659
1563.297715095875,1563.297715095875,0.9996633111096773,0.0005146978199756455
1563.3046594616333,1563.3046594616333,1.0003432595944282,0.000514435440560085
1563.311603827356,1563.311603827356,1.000365816664624,0.0005145646845200531
1563.3185481930561,1563.3185481930561,1.000091617987677,0.0005144521119277591
1563.325492558732,1563.325492558732,1.0003500087646007,0.000514570311354981
1563.3324369243853,1563.3324369243853,0.9998464244253021,0.0005144873185302721
1563.3393812899571,1563.3393812899571,0.9997816217010295,0.0005146108458253673
1563.34632565554,1563.34632565554,1.0000267838499952,0.0005141010191017051
1563.3532700210774,1563.3532700210774,0.9999574127437263,0.0005146706342569223
1563.360214386602,1563.360214386602,0.9997297706355524,0.0005141716458712659
1563.367158752069,1563.367158752069,0.9996195541041208,0.0005144853538982774
1563.3741031175127,1563.3741031175127,1.0008295132159681,0.0005146843263459065
1563.3810474829324,1563.3810474829324,0.9997857358382705,0.0005145212640133039
1563.3879918483187,1563.3879918483187,0.9999341898944328,0.0005145917360172482
1563.3949362136568,1563.3949362136568,1.0002200875673268,0.0005141726216724826
1563.4018805789844,1563.4018805789844,0.9997972825229254,0.0005144266833559795
1563.4088249442648,1563.4088249442648,0.9997611861980307,0.0005141988884612257
1563.4163248587374,1563.4163248587374,0.9997287245709536,0.000514560014193019
1563.4241025477777,1563.4241025477777,1.000789120845773,0.0005147570046002302
1563.4310469129646,1563.4310469129646,1.00016780851385,0.0005143725366651786
1563.4379912781174,1563.4379912781174,1.000556325306053,0.0005147573130096876
1563.4449356432467,1563.4449356432467,0.999592883283381,0.0005143670646545982
1563.451880008329,1563.451880008329,0.9991292928868745,0.0005143023173862728
1563.4588243733774,1563.4588243733774,1.0000369216707017,0.000514193269227859
1563.4657687384245,1563.4657687384245,0.9988175254258167,0.000514014397116385
1563.4727131034033,1563.4727131034033,1.000754779154707,0.0005144840133041258
1563.4796574683692,1563.4796574683692,0.9993759509599037,0.0005139761183818551
1563.4866018332887,1563.4866018332887,1.0007937934534066,0.000514335408661341
1563.493546198197,1563.493546198197,0.9999747374998634,0.0005145071590543216
1563.500490563058,1563.500490563058,1.0003855400872272,0.0005147958147514765
1563.5074349278968,1563.5074349278968,0.9999384192772329,0.0005142566562827304
1563.5143792927115,1563.5143792927115,0.9994964382257521,0.000513930951559723
1563.521323657468,1563.521323657468,1.000189158447774,0.0005145649723227627
1563.528268022202,1563.528268022202,0.9999012493095816,0.0005143557216828247
1563.5352123869002,1563.5352123869002,0.9997697742221605,0.0005147487130622076
1563.542156751587,1563.542156751587,1.0000712872100104,0.0005143744153082508
1563.5491011162155,1563.5491011162155,1.0003718107875428,0.0005144133821921391
1563.5560454808208,1563.5560454808208,1.0000405265884367,0.0005144675607612713
1563.5629898454033,1563.5629898454033,0.9994457485183312,0.0005142447000624189
1563.5699342099385,1563.5699342099385,1.0001388503369277,0.0005142410565745482
1563.5768785744629,1563.5768785744629,1.0000337687209266,0.0005146773785520225
1563.5838229389399,1563.5838229389399,1.000693841878994,0.0005147315575655955
1563.5907673033828,1563.5907673033828,0.9997776148678181,0.0005146997286220118
1563.5977116677896,1563.5977116677896,1.000910542603945,0.0005146227677663095
1563.6046560321738,1563.6046560321738,0.9992441570778183,0.0005141192487563389
1563.6116003965235,1563.6116003965235,1.0000658451647506,0.0005143386143227804
1563.6185447608375,1563.6185447608375,1.0003612576828704,0.0005146282134696897
1563.6254891251172,1563.6254891251172,0.9994157590406741,0.0005146934437816832
1563.6324334893732,1563.6324334893732,1.0003893760386933,0.0005145950949386642
1563.6393778535942,1563.6393778535942,1.0002064923705976,0.0005148357551839806
1563.6463222177929,1563.6463222177929,1.0006176129677784,0.0005144309252647582
1563.65326658192,1563.65326658192,0.9997340630534655,0.0005142759423978243
1563.6602109460487,1563.6602109460487,0.999781824922775,0.0005141113000450622
1563.6671553101417,1563.6671553101417,1.00030970348357,0.0005147242867013684
1563.6740996741878,1563.6740996741878,0.9997586232728588,0.000514425768749199
1563.681044038212,1563.681044038212,0.9993703255469615,0.0005144440098666575
1563.6879884021996,1563.6879884021996,1.0009122053597612,0.0005144845455538844
1563.6949327661648,1563.6949327661648,0.9999124987967571,0.0005141134996962985
1563.7018771300839,1563.7018771300839,0.999884563774495,0.0005143425933305172
1563.708821493967,1563.708821493967,0.9997591218149662,0.0005144286970464528
1563.715765857851,1563.715765857851,0.9995714120341319,0.0005141124876934548
1563.7227102216643,1563.7227102216643,1.0002495184401365,0.0005143528153785096
1563.7296545854665,1563.7296545854665,1.0000935876569659,0.0005145207184141836
1563.7365989492223,1563.7365989492223,1.0010432900483173,0.000514796724247032
1563.7435433129544,1563.7435433129544,0.9997012374252112,0.0005143233292451562
1563.750487676652,1563.750487676652,0.9995261008953712,0.0005144068032876157
1563.757432040314,1563.757432040314,1.0001456335094352,0.0005145831002604496
1563.76437640393,1563.76437640393,0.9995919536402816,0.0005145778120984603
1563.7713207675224,1563.7713207675224,0.9999612912801796,0.00051435777909365
1563.7782651311034,1563.7782651311034,1.000368270764715,0.0005144481760898852
1563.7852094946263,1563.7852094946263,0.9995180751698222,0.0005145507783394225
1563.7921538581254,1563.7921538581254,0.9996183752073389,0.0005142502176395614
1563.7990982215902,1563.7990982215902,1.000579771433319,0.0005145194601444471
1563.8060425850197,1563.8060425850197,0.999900835465452,0.0005146408786224308
1563.8129869484142,1563.8129869484142,1.0002663601343649,0.0005144021028808386
1563.8199313117861,1563.8199313117861,1.0004526884118898,0.0005148064621688603
1563.8268756750986,1563.8268756750986,1.0004409199890216,0.0005144569147714206
1563.8338200384007,1563.8338200384007,0.9991789306118548,0.0005142027330323085
1563.8407644016786,1563.8407644016786,0.9993703077923477,0.000514289024217356
1563.8477087649098,1563.8477087649098,1.0004391559803012,0.0005146995343201671
1563.8546531281074,1563.8546531281074,0.9997851635869015,0.0005142682016765242
1563.8615974912684,1563.8615974912684,0.9999612872832755,0.0005143315764707255
1563.8685418544078,1563.8685418544078,1.0006444337126648,0.0005143495012261449
1563.8754862174994,1563.8754862174994,0.9990610494697674,0.0005145122751433986
1563.8824305805795,1563.8824305805795,1.0000118464052499,0.0005145652860642491
1563.8893749435904,1563.8893749435904,1.000810190514271,0.0005148664702545381
1563.8963193066006,1563.8963193066006,1.0002281229850372,0.0005143445588926956
1563.9032636695645,1563.9032636695645,0.9998947535717546,0.0005143328826277934
1563.9102080324938,1563.9102080324938,0.9998786124092829,0.0005146438660098994
1563.9171523953871,1563.9171523953871,0.9994819679162227,0.0005144987276156626
1563.9240967582473,1563.9240967582473,0.9995241785318774,0.0005144662660122465
1563.931041121094,1563.931041121094,1.000658883352545,0.0005144640415623151
1563.9379854838837,1563.9379854838837,1.0004663230238522,0.0005144666869419742
1563.9449298466495,1563.9449298466495,1.0000578726365714,0.0005146036954521146
1563.9518742094037,1563.9518742094037,0.999824516842974,0.0005142352098469641
1563.9588185720654,1563.9588185720654,0.9999236291609801,0.0005144014475119425
1563.965762934738,1563.965762934738,1.000206606476361,0.0005142795055873117
1563.9727072973644,1563.9727072973644,0.9997782971106337,0.0005144426899977865
1563.9796516599674,1563.9796516599674,0.9993542211070932,0.0005147096361881416
1563.9865960225234,1563.9865960225234,1.0001238912226698,0.0005144408362280424
1563.9935403850573,1563.9935403850573,0.9997722878051842,0.0005146037473376164
1564.0004847475552,1564.0004847475552,1.0003667178563684,0.0005150486237949965
1564.007429109995,1564.007429109995,1.000545155837854,0.0005149980058089547
1564.0143734724238,1564.0143734724238,1.0000696586283377,0.0005145862909693975
1564.0213178348288,1564.0213178348288,0.9996555810443676,0.0005143254828249822
1564.0282621971878,1564.0282621971878,1.0003078394511655,0.0005148205131785577
1564.035206559511,1564.035206559511,0.9998377144006007,0.0005140357655093136
1564.0421509217995,1564.0421509217995,0.99931409670416,0.0005142370939957073
1564.0490952840653,1564.0490952840653,0.9997439900445653,0.0005141030609248674
1564.0560396462838,1564.0560396462838,1.0005835945679,0.0005141032318072794
1564.062984008468,1564.062984008468,1.0002537384784362,0.0005144094078752896
1564.0699283706285,1564.0699283706285,1.0004168562993774,0.0005147153712465783
1564.0768727327425,1564.0768727327425,0.9994955743639116,0.0005143179479805678
1564.0838170948223,1564.0838170948223,0.9998403957179974,0.0005144265235152518
1564.090761456889,1564.090761456889,0.9998049910833506,0.0005143705377134253
1564.0977058188987,1564.0977058188987,1.000886272450269,0.0005145158219636266
1564.1046501808846,1564.1046501808846,0.9998109149783492,0.0005146085548793909
1564.111594542835,1564.111594542835,0.9999271134115768,0.0005144192891171605
1564.1185389047525,1564.1185389047525,0.9995015502927025,0.0005141420755732376
1564.1254832666214,1564.1254832666214,1.0002937855597052,0.0005142630305162129
1564.132427628468,1564.132427628468,0.9997132563881863,0.0005142829636021404
1564.1393719902912,1564.1393719902912,1.0004167146927965,0.0005147955076300777
1564.1463163520668,1564.1463163520668,1.0001169991587058,0.0005148269108586193
1564.1532607138095,1564.1532607138095,1.0001004636032982,0.0005146702944377346
1564.1602050755155,1564.1602050755155,0.99962672633286,0.0005144579175436892
1564.167149437187,1564.167149437187,0.9999866730963651,0.0005148031913300326
1564.1740937988245,1564.1740937988245,0.9994557231877479,0.000514624390604595
1564.1810381604369,1564.1810381604369,0.9997933560163907,0.0005147470852935065
1564.1879825220162,1564.1879825220162,1.000456023651013,0.0005146248416999785
1564.1949268835365,1564.1949268835365,0.999551695459709,0.0005143772699852518
1564.201871245033,1564.201871245033,1.0010850598657408,0.0005146133490193425
1564.2088156065074,1564.2088156065074,1.0003788667893057,0.0005147270752176459
1564.2157599679344,1564.2157599679344,0.9996370042460182,0.0005144736881504445
1564.2227043293383,1564.2227043293383,1.0002160300507714,0.0005141863213511913
1564.229648690696,1564.229648690696,0.9994182507322893,0.0005145209660193225
1564.2365930520293,1564.2365930520293,0.9996149985757252,0.0005147886069848467
1564.2435374132947,1564.2435374132947,1.0008353528656202,0.0005146080393700253
1564.2504817745582,1564.2504817745582,0.9995629850600516,0.0005144840573527913
1564.257426135799,1564.257426135799,0.9993743963340812,0.0005144241790292359
1564.2643704969937,1564.2643704969937,1.0006286428724702,0.0005145704508588052
1564.2713148581297,1564.2713148581297,0.9999284827806767,0.0005146306491210502
1564.2782592192546,1564.2782592192546,0.9999216484952431,0.0005143900509024426
1564.2852035803326,1564.2852035803326,0.9995326742632644,0.0005143820955054697
1564.2921479413867,1564.2921479413867,1.0004946457236084,0.0005146414796003368
1564.2990923024072,1564.2990923024072,0.9999848431785521,0.0005145703388335417
1564.3060366633915,1564.3060366633915,1.0002227517150442,0.0005145377949540591
1564.3129810243067,1564.3129810243067,1.0000911856045953,0.0005144626799295389
1564.3199253852217,1564.3199253852217,1.0002625225097597,0.0005145436165023467
1564.3268697460894,1564.3268697460894,0.9992505915552737,0.0005140531945647745
1564.333814106924,1564.333814106924,0.9999928697869356,0.0005143895103959229
1564.3407584677336,1564.3407584677336,1.0000539064533844,0.0005146547100280814
1564.3477028284972,1564.3477028284972,1.0002573041730574,0.000514504967240823
1564.3546471892148,1564.3546471892148,1.0001202503569906,0.0005143250677563089
1564.3615915498965,1564.3615915498965,0.9994461880181287,0.0005138529869935832
1564.3685359105789,1564.3685359105789,1.0007749509845134,0.0005144739338417639
1564.3754802712144,1564.3754802712144,0.9990922100383488,0.0005145488673585026
1564.3824246318031,1564.3824246318031,1.0003975241804894,0.0005142846298394697
1564.3893689923464,1564.3893689923464,0.9999156932093772,0.0005151144413608097
1564.3963133528648,1564.3963133528648,0.9996734313256018,0.0005143207344877195
1564.4032577133378,1564.4032577133378,1.0004549964132818,0.0005142858496814091
1564.4102020737987,1564.4102020737987,0.9995241222140759,0.0005146296462901241
1564.4171464341894,1564.4171464341894,1.0007221137781834,0.0005145552751681015
1564.4240907945814,1564.4240907945814,0.9992232137564041,0.0005143682762289073
1564.4310351549252,1564.4310351549252,0.9998854303448754,0.0005143315187458109
1564.437979515223,1564.437979515223,0.9999822143040328,0.000514078344514434
1564.4449238754983,1564.4449238754983,1.0013547846235145,0.0005146270419295389
1564.4518682357261,1564.4518682357261,1.0000210617754577,0.0005143877332925183
1564.4588125959194,1564.4588125959194,0.9994122822062266,0.0005146333304854527
1564.4657569560895,1564.4657569560895,1.0003455039534022,0.0005148191738306152
1564.4727013162124,1564.4727013162124,0.9989457210300451,0.0005146077098432175
1564.4796456763017,1564.4796456763017,1.0003987149733349,0.0005144148054174956
1564.486590036343,1564.486590036343,1.0004470776472996,0.0005145864797663658
1564.4935343963614,1564.4935343963614,0.9999752149370854,0.0005142010825486396
1564.5004787563337,1564.5004787563337,0.9995648443752826,0.0005145330147471778
1564.507423116294,1564.507423116294,1.0001234730565838,0.00051475584464414
1564.5143674761962,1564.5143674761962,1.0011177773259348,0.0005148144478624959
1564.5213118360753,1564.5213118360753,0.9992555897165701,0.0005141234804584767
1564.528256195907,1564.528256195907,1.0001657120289857,0.0005144228769525638
1564.5352005557168,1564.5352005557168,0.9996936964320001,0.0005142845145360292
1564.542144915467,1564.542144915467,1.0003375033503519,0.000514490720544282
1564.5490892751948,1564.5490892751948,1.000085045578793,0.0005143934987955717
1564.5560336348992,1564.5560336348992,1.0009039783979157,0.000514736039299599
1564.5629779945446,1564.5629779945446,1.000045259802804,0.000514015495140318
1564.5699223541565,1564.5699223541565,1.0000013585109273,0.0005142711612295595
1564.5768667137443,1564.5768667137443,0.9994470826455648,0.0005144783747617232
1564.5838110732734,1564.5838110732734,0.9998242555656465,0.0005146254668840602
1564.590755432792,1564.590755432792,0.9998057992847666,0.0005146847183170544
1564.597699792263,1564.597699792263,1.0000404165089778,0.0005146633916560531
1564.604644151688,1564.604644151688,0.9994884825637236,0.0005144933885518558
1564.6115885111014,1564.6115885111014,0.999967857622526,0.0005144353914627411
1564.6185328704557,1564.6185328704557,1.0006103591129007,0.0005144465774772036
1564.6254772297766,1564.6254772297766,0.9998337448130782,0.0005143430053078494
1564.6324215890731,1564.6324215890731,1.0003351973075048,0.0005147186622297793
1564.6393659483115,1564.6393659483115,0.9997525092763919,0.0005139915791768648
1564.6463103075391,1564.6463103075391,1.0004217886873574,0.0005148132882396722
1564.653254666719,1564.653254666719,0.9994605142688398,0.0005140702510549837
1564.6601990258528,1564.6601990258528,1.0002189763478766,0.0005147183510238597
1564.6671433849638,1564.6671433849638,1.0003849302524421,0.0005142241617100973
1564.6740877440268,1564.6740877440268,0.9992577441205928,0.0005143568197675968
1564.6810321030566,1564.6810321030566,1.00030291506055,0.0005148117188582514
1564.6879764620505,1564.6879764620505,0.9994602150001498,0.0005141841177489831
1564.6949208210212,1564.6949208210212,0.9998807129227615,0.000514407121195531
1564.701865179923,1564.701865179923,0.9999968279588295,0.0005140819850498047
1564.7088095388,1564.7088095388,1.0000939805775633,0.0005143413729515207
1564.7157538976542,1564.7157538976542,0.9995103677243268,0.0005144438878285513
1564.7226982564628,1564.7226982564628,0.9999633250537652,0.0005147942520369235
1564.7296426152232,1564.7296426152232,0.9996268292538877,0.0005144338510174319
1564.736586973962,1564.736586973962,1.0001064012778884,0.0005143540604999537
1564.7435313326416,1564.7435313326416,1.0005115033943384,0.0005145372047736347
1564.7504756912858,1564.7504756912858,1.00059392544301,0.0005143791899788273
1564.7574200499319,1564.7574200499319,1.0000505036433331,0.0005144318377567203
1564.764364408506,1564.764364408506,1.0000313123837943,0.0005143576580172368
1564.7713087670577,1564.7713087670577,0.9996235580327877,0.0005145419989430477
1564.7782531255634,1564.7782531255634,1.0001452847387384,0.0005144559562860662
1564.7851974840214,1564.7851974840214,1.000082673631632,0.0005144236894484421
1564.792141842457,1564.792141842457,1.0000170232664403,0.0005148017406384202
1564.7990862008694,1564.7990862008694,0.9992985816479427,0.0005143869466914397
1564.8060305592223,1564.8060305592223,1.000209769108429,0.0005143210559182971
1564.8129749175307,1564.8129749175307,0.999905890667033,0.0005145424220300491
1564.8199192758025,1564.8199192758025,1.0004312975920489,0.0005148055119950856
1564.8268636340515,1564.8268636340515,0.9992692919680707,0.0005145397320250626
1564.8338079922546,1564.8338079922546,0.9999287683954649,0.0005145031390363754
1564.8407523504216,1564.8407523504216,1.0008540647927173,0.0005145904880619472
1564.8476967085426,1564.8476967085426,0.9999371687833107,0.0005144244660805706
1564.8546410666524,1564.8546410666524,0.9999856956828455,0.0005147520691462763
1564.8615854247025,1564.8615854247025,1.0001285093097234,0.0005143026417706979
1564.868529782708,1564.868529782708,0.9997182708379722,0.0005143922920623212
1564.8754741406774,1564.8754741406774,1.000387642754531,0.0005143830390722816
1564.8824184986233,1564.8824184986233,0.9992105430117346,0.0005145267019685511
1564.8893628565243,1564.8893628565243,1.0003704418540804,0.000514307279553454
1564.8963072143765,1564.8963072143765,0.9997820482005935,0.0005140793639133517
1564.9032515722067,1564.9032515722067,0.9994347361631893,0.0005147337391983906
1564.9101959299903,1564.9101959299903,1.0007846495963961,0.0005143990420189222
1564.9171402877266,1564.9171402877266,1.0004968271172097,0.0005148289520044536
1564.9240846454409,1564.9240846454409,0.9995633643846332,0.0005145207689216328
1564.9310290031076,1564.9310290031076,1.0005279018420614,0.0005143229173628072
1564.937973360739,1564.937973360739,0.9993863225641852,0.000514175834833842
1564.9449177183255,1564.9449177183255,1.0004415352192175,0.000514432156126846
1564.9518620758756,1564.9518620758756,0.9999877207674169,0.000514246470519125
1564.9588064334027,1564.9588064334027,0.9998569283541532,0.000514427546888556
1564.965750790884,1564.965750790884,1.0000041420290535,0.0005145202298574949
1564.9726951482942,1564.9726951482942,0.9998191485172525,0.0005143136444014441
1564.9796395057053,1564.9796395057053,0.9989874366387863,0.0005143395534285265
1564.9865838630467,1564.9865838630467,1.0002779200133676,0.0005145902983658428
1564.993528220375,1564.993528220375,1.0001193689387562,0.0005149357398636968
1565.000472577659,1565.000472577659,1.0006274031450677,0.0005144913237662422
1565.007416934895,1565.007416934895,1.0004858866678226,0.0005146648941870529
1565.014361292084,1565.014361292084,1.0001260274688695,0.0005144896458196888
1565.0213056492628,1565.0213056492628,0.9999146824529124,0.0005148319371004963
1565.0282500063822,1565.0282500063822,0.9995799948327265,0.0005144771657472852
1565.0351943634669,1565.0351943634669,0.9997756530915007,0.0005145838790043898
1565.042138720506,1565.042138720506,0.9996801684529949,0.0005145051584491148
1565.0490830775318,1565.0490830775318,0.9996456724666919,0.0005142777790403294
1565.0560274344894,1565.0560274344894,1.0006072622150717,0.0005145109575387709
1565.0629717914228,1565.0629717914228,1.0003791759943015,0.0005148255803411166
1565.0699161483094,1565.0699161483094,1.0001019225748866,0.0005144052842977659
1565.0768605051503,1565.0768605051503,0.999790038867151,0.0005142291684278775
1565.0838048619555,1565.0838048619555,0.9997874831108678,0.0005145176645110405
1565.0907492187257,1565.0907492187257,0.9996090981169873,0.0005143151831870556
1565.0976935754504,1565.0976935754504,0.9998002531515067,0.0005140656002381807
1565.104637932139,1565.104637932139,1.0003499428314224,0.0005145620193810978
1565.1115822887814,1565.1115822887814,1.0004887536964777,0.0005142859340228763
1565.1185266453897,1565.1185266453897,1.0004922321702454,0.0005144372497219231
1565.1254710019734,1565.1254710019734,0.9996019502946172,0.000514554117246576
1565.1324153584997,1565.1324153584997,0.9992440420409057,0.0005142610632001025
1565.139359714991,1565.139359714991,0.9993618166162973,0.0005145348128196769
1565.1463040714355,1565.1463040714355,1.0007332032047,0.0005148428247078856
1565.1532484278337,1565.1532484278337,1.0003707544801503,0.0005147171255436288
1565.1601927842198,1565.1601927842198,0.9994324575949711,0.0005142572007133619
1565.1671371405362,1565.1671371405362,0.9997246139021014,0.0005144103841863865
1565.1740814968302,1565.1740814968302,1.0000757852289794,0.0005145967671150228
1565.1810258530763,1565.1810258530763,1.0005789320050784,0.0005143088137659656
1565.187970209288,1565.187970209288,0.9991441246389037,0.0005144375121994901
1565.194914565454,1565.194914565454,1.0002424334556101,0.0005148328269564408
1565.2018589215718,1565.2018589215718,0.9997289331635875,0.0005143292742570833
1565.2088032776676,1565.2088032776676,1.0005371237566483,0.0005146179218059806
1565.2157476337047,1565.2157476337047,0.9999551242053617,0.0005143000773794083
1565.2226919897184,1565.2226919897184,0.9995892706299363,0.0005143236883982866
1565.229636345674,1565.229636345674,0.9997045460135501,0.0005145192719878362
1565.2365807016067,1565.2365807016067,1.0005458371907054,0.0005147273915276078
1565.243525057492,1565.243525057492,1.000252220438288,0.000514357001682267
1565.2504694133318,1565.2504694133318,1.0004004937397526,0.0005143545856658141
1565.2574137691358,1565.2574137691358,0.999862424574782,0.0005145713807626506
1565.2643581248935,1565.2643581248935,1.0003878424753976,0.0005146405869456093
1565.2713024806167,1565.2713024806167,0.9997554450796635,0.0005145431657085605
1565.2782468362814,1565.2782468362814,0.9994305864955827,0.0005143959983885439
1565.285191191922,1565.285191191922,0.9998584066081577,0.0005145749771475133
1565.2921355475178,1565.2921355475178,1.0004120993411132,0.0005146919408764661
1565.299079903077,1565.299079903077,1.0002537353017606,0.0005145072230513492
1565.3060242585902,1565.3060242585902,0.9998418380211431,0.0005144651765764104
1565.3129686140455,1565.3129686140455,0.9998641838718318,0.0005144712056181284
1565.3199129694888,1565.3199129694888,1.000352026052838,0.0005144540041117884
1565.3268573248622,1565.3268573248622,1.0005761434542086,0.0005147280537786843
1565.3338016802245,1565.3338016802245,0.9998241346767177,0.000514248957550214
1565.340746035528,1565.340746035528,0.9999327000119571,0.0005142845468815869
1565.3476903907854,1565.3476903907854,0.999918758747844,0.0005149215355634705
1565.3546347460076,1565.3546347460076,0.9999475776087025,0.0005144286161187897
1565.3615791012064,1565.3615791012064,1.000131363154369,0.0005140609085861685
1565.3685234563243,1565.3685234563243,0.9994830891269928,0.000514451353874535
1565.3754678114299,1565.3754678114299,1.0008111657689804,0.0005143716803032859
1565.382412166477,1565.382412166477,0.9995610072585975,0.0005143341035796575
1565.3893565214903,1565.3893565214903,1.0004078822738984,0.0005144527081655603
1565.3963008764563,1565.3963008764563,0.9998252328211226,0.0005142312146624602
1565.403245231387,1565.403245231387,0.9998317253034532,0.0005143221383321743
1565.4101895862957,1565.4101895862957,0.9996489084511679,0.0005141604178702401
1565.4171339411216,1565.4171339411216,1.000416444906492,0.0005141852290554821
1565.4240782959248,1565.4240782959248,0.9998694644491245,0.0005144218265634357
1565.4310226506816,1565.4310226506816,1.0004005501625186,0.0005146606188089017
1565.4379670054032,1565.4379670054032,0.9998682634827624,0.0005145777567622811
1565.4449113600665,1565.4449113600665,1.0003348425401266,0.0005146490155808061
1565.4518557147069,1565.4518557147069,0.9991312317962592,0.0005142606268479101
1565.4588000692768,1565.4588000692768,1.0005146993378453,0.0005147282956007329
1565.4657444238474,1565.4657444238474,0.999372174225212,0.000514145250659386
1565.4726887783363,1565.4726887783363,0.9999570661732381,0.0005148027455861542
1565.4796331328014,1565.4796331328014,1.0004242893221664,0.0005144252937679698
1565.4865774872208,1565.4865774872208,1.0002545145965085,0.0005147162846437637
1565.4935218415935,1565.4935218415935,1.0001560574916024,0.0005147974781517706
1565.5004661959415,1565.5004661959415,1.0000167263815785,0.000514411243835854
1565.507410550222,1565.507410550222,0.9991690421298169,0.0005141909304137753
1565.5143549044658,1565.5143549044658,1.0007791890230666,0.000514250470298955
1565.521299258663,1565.521299258663,1.000327782486003,0.0005145519460803492
1565.5282436128152,1565.5282436128152,0.998741691108588,0.0005141029278705436
1565.5351879669424,1565.5351879669424,1.000221789672264,0.0005143496193727211
1565.542132321012,1565.542132321012,1.0000417829830863,0.0005145223539968064
1565.5490766750243,1565.5490766750243,1.0001833029135019,0.0005145421027159229
1565.5560210290118,1565.5560210290118,1.0000741347732411,0.000514460872116986
1565.562965382965,1565.562965382965,1.0003408847942499,0.0005143212717686709
1565.5699097368727,1565.5699097368727,1.000125575083024,0.0005146230881029727
1565.5768540907318,1565.5768540907318,0.9997049490166832,0.0005140360461733725
1565.5837984445345,1565.5837984445345,1.0005403386727267,0.000514335705164144
1565.5907427983016,1565.5907427983016,0.9991152180092507,0.0005144265291768319
1565.59768715201,1565.59768715201,1.000235329800597,0.0005145102300180664
1565.6046315057076,1565.6046315057076,0.999669506680986,0.000514717713609144
1565.6115758593348,1565.6115758593348,1.0003826566408485,0.0005146163999774883
1565.6185202129266,1565.6185202129266,1.0004057447323538,0.0005144136575331724
1565.6254645664735,1565.6254645664735,0.999713987678797,0.0005143295531386137
1565.6324089199838,1565.6324089199838,0.9996529829641971,0.000514596711013176
1565.6393532734364,1565.6393532734364,0.99991317909607,0.0005142155995133814
1565.646297626843,1565.646297626843,0.9995152595619567,0.000514119610551162
1565.6532419802138,1565.6532419802138,1.0004146787039156,0.0005144869406572368
1565.6601863335384,1565.6601863335384,1.0006007833809332,0.000514287258241538
1565.667130686817,1565.667130686817,0.9997793210050385,0.0005143193766669951
1565.6740750400597,1565.6740750400597,1.0001980846169594,0.0005147295508518666
1565.6810193932445,1565.6810193932445,0.9998966498557937,0.0005142794183490651
1565.6879637464067,1565.6879637464067,0.9997351515754879,0.0005143339823762832
1565.6949080994987,1565.6949080994987,1.0000561823264826,0.0005141415173428941
1565.701852452555,1565.701852452555,0.999742001716597,0.0005145903635685635
1565.708796805566,1565.708796805566,1.0002123162963006,0.000514626965107176
1565.7157411585295,1565.7157411585295,1.0006633403558371,0.0005145848183660956
1565.7226855114463,1565.7226855114463,1.000251299146585,0.0005144250279476884
1565.7296298643291,1565.7296298643291,0.9998238573907837,0.0005146087897638434
1565.7365742171644,1565.7365742171644,0.9994921325811422,0.0005142652065303519
1565.7435185699303,1565.7435185699303,1.0001291002335662,0.0005144254869370004
1565.7504629226733,1565.7504629226733,0.9992771579275852,0.0005146926488478842
1565.7574072753573,1565.7574072753573,0.999904208321882,0.0005148925008827375
1565.7643516280182,1565.7643516280182,1.0004693071441229,0.0005143880247762062
1565.7712959806217,1565.7712959806217,0.9992156454001554,0.0005145997046260589
1565.7782403331773,1565.7782403331773,1.0002002609975071,0.0005144515831572347
1565.7851846856872,1565.7851846856872,1.0008101345010743,0.0005147305598548262
1565.7921290381507,1565.7921290381507,1.0002363665171454,0.0005145048714483296
1565.7990733905551,1565.7990733905551,1.0004995441966702,0.0005147568038713424
1565.8060177429372,1565.8060177429372,0.9992202432366477,0.0005141322443533592
1565.8129620952611,1565.8129620952611,1.0005198039035423,0.0005143811022615141
1565.8199064475607,1565.8199064475607,0.9998720765273917,0.0005146987940605815
1565.8268507997798,1565.8268507997798,1.0001561629697249,0.000514331923532884
1565.8337951519636,1565.8337951519636,1.0000605954687676,0.0005140758441953911
1565.8407395041004,1565.8407395041004,0.9996732265857677,0.0005143853395392997
1565.8476838561915,1565.8476838561915,1.0000972365625889,0.0005149784230954891
1565.8546282082355,1565.8546282082355,0.9991682912178632,0.000514374775932953
1565.8615725602558,1565.8615725602558,1.0007919428913397,0.0005143515469435211
1565.8685169122073,1565.8685169122073,1.0003173076214193,0.0005142493539822431
1565.8754612641117,1565.8754612641117,1.0001626042782847,0.0005145368693279634
1565.8824056159688,1565.8824056159688,1.0000801363963436,0.0005145988034035915
1565.889349967781,1565.889349967781,0.9997881581502241,0.0005146358474228408
1565.8962943195336,1565.8962943195336,1.0001722735781713,0.000514970046045867
1565.903238671263,1565.903238671263,0.9998965280656591,0.0005145646760357058
1565.9101830229238,1565.9101830229238,1.000482024368552,0.0005148921312791016
1565.9171273745599,1565.9171273745599,0.9995730249194249,0.0005146904919286356
1565.9240717261262,1565.9240717261262,0.9999023415825125,0.0005145791523956381
1565.931016077659,1565.931016077659,1.000046129352554,0.0005146406502537996
1565.937960429132,1565.937960429132,1.0002782253517521,0.0005148369729214804
1565.9449047805822,1565.9449047805822,0.9994686236343802,0.0005145578379689983
1565.9518491319518,1565.9518491319518,1.0006691119005091,0.0005148178560887302
1565.958793483297,1565.958793483297,0.9997784573281333,0.0005144434448278551
1565.9657378345842,1565.9657378345842,1.0003795838508733,0.0005142237154786196
1565.9726821858371,1565.9726821858371,1.000241500275421,0.0005145867076217952
1565.9796265370194,1565.9796265370194,1.0004323619379216,0.0005144148744331121
1565.9865708881548,1565.9865708881548,0.9991093512711651,0.0005145443972987433
1565.9935152392804,1565.9935152392804,0.9995051812325613,0.0005141214553966466
1566.0004595903108,1566.0004595903108,1.0007633924090762,0.0005146615161709573
1566.007403941307,1566.007403941307,1.000144296996794,0.000514012016918762
1566.0143482922574,1566.0143482922574,1.0002391138113116,0.0005144101894190177
1566.0212926431605,1566.0212926431605,0.9996500861571453,0.0005143968614806978
1566.0282369940167,1566.0282369940167,0.9998746086814918,0.000514354639770817
1566.0351813448276,1566.0351813448276,1.0002678972014638,0.0005144861823640055
1566.0421256955788,1566.0421256955788,1.0000788550989632,0.0005142917684334279
1566.0490700462842,1566.0490700462842,1.0000949279683375,0.0005142730415946674
1566.0560143969433,1566.0560143969433,0.9998066317579006,0.0005141999340976526
1566.0629587475435,1566.0629587475435,0.9998561153274241,0.0005143047282094537
1566.0699030981204,1566.0699030981204,1.0007029796749796,0.0005146448447424568
1566.0768474486172,1566.0768474486172,0.9998991460839844,0.0005144649861473771
1566.083791799077,1566.083791799077,1.0002054164514953,0.00051445691263599
1566.0907361494915,1566.0907361494915,0.9996360768475101,0.0005143753311299072
1566.0976804998595,1566.0976804998595,1.000252527708391,0.0005141732902914657
1566.1046248501684,1566.1046248501684,0.999939581322638,0.0005145089895799012
1566.1115692004198,1566.1115692004198,0.9998730713519584,0.0005141638773673192
1566.1185135506482,1566.1185135506482,1.0002839313326544,0.000514458249872997
1566.1254579007946,1566.1254579007946,0.9999620212104572,0.0005141617618211322
1566.1324022509057,1566.1324022509057,1.0009682989454078,0.000514696492345062
1566.1393466009715,1566.1393466009715,1.0002801941437085,0.0005147803832757051
1566.148235368954,1566.148235368954,0.9996387331254872,0.0005142577945933786
1566.1629573907944,1566.1629573907944,0.9999741151826906,0.0005144704409433963
1566.1699017406377,1566.1699017406377,1.0001542162572157,0.0005145227940087495
1566.176846090412,1566.176846090412,0.9994429249171844,0.0005143201614662251
1566.1837904401627,1566.1837904401627,1.0003876545583243,0.0005143427253915088
1566.190734789843,1566.190734789843,1.0001344081299257,0.0005143239265177019
1566.1976791394895,1566.1976791394895,0.9998483707202915,0.0005145796671204228
1566.2046234890536,1566.2046234890536,1.0009287611357935,0.0005147700189098941
1566.2115678385949,1566.2115678385949,0.9998070631714467,0.0005141276838059284
1566.2185121880777,1566.2185121880777,0.9999990576353384,0.0005142281524802029
1566.2254565375029,1566.2254565375029,0.9995964414415361,0.0005142240537375723
1566.232400886857,1566.232400886857,1.0000946351453894,0.0005145194061224603
1566.239345236189,1566.239345236189,0.9997790890037461,0.0005147471977989446
1566.2462895854856,1566.2462895854856,1.0003723167052787,0.0005146557841203295
1566.253233934689,1566.253233934689,0.9996273424094391,0.0005144165935067239
1566.260178283869,1566.260178283869,1.000178233979208,0.0005145350377307979
1566.267122632992,1566.267122632992,0.9996013991518818,0.000514342420573202
1566.2740669820319,1566.2740669820319,0.9997426879937559,0.0005143309620677575
1566.2810113310609,1566.2810113310609,1.0004761140677843,0.0005144312023987764
1566.287955680032,1566.287955680032,0.9995921886688637,0.0005141290866430765
1566.2949000289327,1566.2949000289327,0.9998792376962655,0.0005143078344784665
1566.3018443777867,1566.3018443777867,1.0009321575925898,0.0005145452206124554
1566.308788726595,1566.308788726595,1.000452598977358,0.0005143604175678104
1566.315733075344,1566.315733075344,0.9999768738167543,0.0005143853893878293
1566.322677424035,1566.322677424035,1.000046704571271,0.0005147865245769443
1566.3296217726806,1566.3296217726806,0.999501709885805,0.0005146441373071194
1566.3365661212779,1566.3365661212779,1.000114400552531,0.0005145653469865368
1566.343510469806,1566.343510469806,0.9991757773676213,0.0005148179992558416
1566.350454818277,1566.350454818277,1.0003457859940692,0.0005148135583652572
1566.3573991667233,1566.3573991667233,1.0000547991032371,0.0005144163366481038
1566.3643435151,1566.3643435151,0.9996561984915887,0.0005143374615201831
1566.3712878634199,1566.3712878634199,1.0004689332100347,0.0005143833886206786
1566.3782322116913,1566.3782322116913,0.999549836228361,0.000514244555285102
1566.385176559917,1566.385176559917,0.9995308729922593,0.0005143411623421576
1566.3921209080731,1566.3921209080731,1.0009969453222713,0.0005144516795279074
1566.3990652561704,1566.3990652561704,1.0001550933182586,0.0005143642067667677
1566.4060096042092,1566.4060096042092,1.000373272507333,0.0005147973810673145
1566.4129539522262,1566.4129539522262,0.9999106469365385,0.0005144511786445944
1566.419898300172,1566.419898300172,1.0001164629054828,0.0005143440465784349
1566.4268426480598,1566.4268426480598,0.9998110185108855,0.0005140088287924095
1566.4337869958904,1566.4337869958904,0.9995686468646937,0.000514662894094358
1566.44073134365,1566.44073134365,0.9998539987303371,0.0005141790998884033
1566.4476756913746,1566.4476756913746,1.0000568774439649,0.0005142323149266224
1566.4546200390535,1566.4546200390535,0.999628169483169,0.0005142091352166462
1566.4615643866855,1566.4615643866855,0.9998156496794539,0.0005142749837947523
1566.4685087342236,1566.4685087342236,1.0002240693651523,0.0005143116904820827
1566.4754530817165,1566.4754530817165,1.000300744471834,0.0005145697817513936
1566.4823974291623,1566.4823974291623,1.0001491039043018,0.0005142563546244614
1566.4893417765493,1566.4893417765493,0.9995082965096065,0.0005145326709700468
1566.4962861239137,1566.4962861239137,1.0007309001139768,0.0005143840661903172
1566.5032304711733,1566.5032304711733,0.999910031569774,0.000514310785561619
1566.5101748183856,1566.5101748183856,0.9995452417734612,0.0005144735464084561
1566.5171191655522,1566.5171191655522,0.9995494764064199,0.0005142660068721659
1566.5240635126604,1566.5240635126604,1.000556092330465,0.0005151366828345961
1566.5310078597333,1566.5310078597333,1.0010957845777462,0.0005145375922957279
1566.537952206713,1566.537952206713,0.9994905188407763,0.0005141956222827688
1566.5448965536586,1566.5448965536586,0.9993490055685713,0.0005144836021025673
1566.5518409005333,1566.5518409005333,0.9999635536698707,0.0005144521557850438
1566.5587852473736,1566.5587852473736,0.999873950921535,0.0005146230557335979
1566.5657295941214,1566.5657295941214,1.0002834099433138,0.0005144518482174017
1566.5726739408333,1566.5726739408333,0.9997642592851431,0.0005146312995595295
1566.579618287487,1566.579618287487,0.999891875609651,0.000514664649027105
1566.5865626340951,1566.5865626340951,1.0005335665231931,0.000514216565713564
1566.5935069806208,1566.5935069806208,1.0000417485703799,0.0005145829769865434
1566.6004513270998,1566.6004513270998,0.9996545953390271,0.0005141114950024232
1566.6073956735218,1566.6073956735218,0.99980168852536,0.0005145556284900816
1566.6143400198846,1566.6143400198846,1.0001555858417883,0.0005141011383031134
1566.6212843662001,1566.6212843662001,0.9993111680446608,0.0005136666243449785
1566.6282287124363,1566.6282287124363,1.0002672645912003,0.0005144419068945432
1566.635173058624,1566.635173058624,1.0009948701931166,0.0005143876386176196
1566.6421174047534,1566.6421174047534,1.0004875669954865,0.0005145797428147371
1566.6490617508264,1566.6490617508264,0.9993522916244496,0.0005147750264243551
1566.6560060968513,1566.6560060968513,0.9998908579431042,0.000514340424522847
1566.6629504427951,1566.6629504427951,0.9997596411773857,0.0005145214780904141
1566.6698947886925,1566.6698947886925,0.999754357295102,0.0005141356357742154
1566.6768391345317,1566.6768391345317,0.999777007205684,0.0005142284555079493
1566.683783480289,1566.683783480289,0.999886878698607,0.0005142816491960579
1566.690727826024,1566.690727826024,0.9999826055105281,0.0005144658650598696
1566.6976721716649,1566.6976721716649,1.0016088979779407,0.000514700090956753
1566.704616517248,1566.704616517248,0.9996529543577255,0.0005143975490361945
1566.7115608627957,1566.7115608627957,1.0001788420771325,0.0005144194908786253
1566.7185052082632,1566.7185052082632,1.0000385995296148,0.0005141677917308749
1566.7254495536824,1566.7254495536824,0.9995114540278545,0.0005142409428505918
1566.7323938990442,1566.7323938990442,1.000595815339651,0.0005142642039204085
1566.7393382443483,1566.7393382443483,1.000581258684189,0.000514322814439929
1566.7462825895702,1566.7462825895702,0.9993180750278569,0.0005144817402048458
1566.7532269347334,1566.7532269347334,0.9995841165881132,0.0005140654169880995
1566.76017127984,1566.76017127984,1.0000118643050562,0.0005145982739908267
1566.7671156248987,1566.7671156248987,1.0000481802902346,0.0005145601727774116
1566.7740599698761,1566.7740599698761,1.0007093318785756,0.0005144915032919617
1566.781004314808,1566.781004314808,0.9997092480924529,0.0005141608818532392
1566.7879486596808,1566.7879486596808,1.0007196674452032,0.000514353178388267
1566.7948930044715,1566.7948930044715,1.000270015087343,0.0005145986271910488
1566.8018373492164,1566.8018373492164,0.9990597715471203,0.0005143086944469899
1566.808781693892,1566.808781693892,1.0001962723504776,0.0005143273800457909
1566.815726038508,1566.815726038508,1.0002492847950242,0.0005140254282486416
1566.822670383055,1566.822670383055,1.0004029234851066,0.0005142441914793244
1566.8296147275444,1566.8296147275444,0.9994029085531381,0.0005140730138725765
1566.8365590719511,1566.8365590719511,0.999873941065637,0.0005145231239899043
1566.8435034163344,1566.8435034163344,1.0003661452626693,0.0005145187028824473
1566.850447760638,1566.850447760638,0.9997854303552278,0.0005143793245015692
1566.8573921048817,1566.8573921048817,1.0010306836165537,0.0005145134458764019
1566.8643364490554,1566.8643364490554,0.9991517718825268,0.0005141953426658963
1566.8712807931724,1566.8712807931724,0.9999352779121615,0.0005146937670319552
1566.878225137207,1566.878225137207,0.9998116053671613,0.0005147423362278178
1566.8851694811945,1566.8851694811945,1.0000652326266248,0.0005143262615884033
1566.8921138251135,1566.8921138251135,1.0003867422880526,0.0005146125312769037
1566.8990581689618,1566.8990581689618,0.9997020717352635,0.0005143831428825083
1566.9060025127515,1566.9060025127515,0.9998082864745728,0.0005144384208289776
1566.9129468564838,1566.9129468564838,1.0003809213359889,0.0005146639450200688
1566.919891200146,1566.919891200146,1.0004257030709687,0.0005145071762682686
1566.926835543738,1566.926835543738,0.9996543831195674,0.0005144867395210663
1566.9337798872723,1566.9337798872723,0.9996444062719607,0.0005146141483436776
1566.940724230725,1566.940724230725,0.9998535189157567,0.0005144401296592924
1566.947668574131,1566.947668574131,1.0003050348754923,0.0005144924983753966
1566.9546129174664,1566.9546129174664,0.9996149781249603,0.0005143200340972618
1566.9615572607338,1566.9615572607338,1.000243943590475,0.0005147703560267889
1566.9685016039298,1566.9685016039298,0.999461152907123,0.0005144216775304463
1566.9754459470676,1566.9754459470676,1.0002006892967659,0.0005145163941027817
1566.9823902901371,1566.9823902901371,1.0008071235197167,0.0005145187784314506
1566.9893346331469,1566.9893346331469,0.9993121957974254,0.0005140044322131965
1566.9962789760752,1566.9962789760752,1.0012264060929348,0.0005149457847797788
1567.003223318946,1567.003223318946,0.9997472726635637,0.0005143470719108349
1567.010167661747,1567.010167661747,0.9993443249056794,0.0005146507815342718
1567.0171120044772,1567.0171120044772,0.9997610642666277,0.000514668425083663
1567.0240563471498,1567.0240563471498,1.000066352702106,0.0005148263412170605
1567.031000689753,1567.031000689753,0.9999357926920631,0.0005142641184384901
1567.037945032274,1567.037945032274,0.9999356780937741,0.0005145291895202566
1567.0448893747484,1567.0448893747484,1.0001264204519071,0.0005150255856344937
1567.0518337171193,1567.0518337171193,1.0004720039606985,0.0005144817780975773
1567.0587780594653,1567.0587780594653,0.9995687926267154,0.0005144883691985581
1567.0657224017302,1567.0657224017302,1.0005385872346504,0.0005144925020663493
1567.0726667439028,1567.0726667439028,0.9991267569618728,0.000514133950210921
1567.0796110860397,1567.0796110860397,1.000786049749609,0.0005149417072881421
1567.086555428095,1567.086555428095,0.9996918492270443,0.0005147228235748652
1567.0934997700692,1567.0934997700692,0.9998806457945679,0.0005147719033396946
1567.1004441119853,1567.1004441119853,0.999762479318538,0.0005144154154560591
1567.1073884538307,1567.1073884538307,1.0004371362861089,0.0005143385130636583
1567.1143327956074,1567.1143327956074,0.9998558758874871,0.0005143137221155759
1567.1212771373023,1567.1212771373023,1.0005551661119907,0.000514186799006172
1567.128221478927,1567.128221478927,0.9996368670368507,0.0005142968701687831
1567.135165820493,1567.135165820493,0.9994703105556304,0.0005142153732659368
1567.1421101619794,1567.1421101619794,1.000396128612223,0.000514820636908954
1567.1490545034171,1567.1490545034171,1.0001793949617164,0.0005145707419552372
1567.1559988447625,1567.1559988447625,0.9996260267482073,0.0005145768685815865
1567.1629431860385,1567.1629431860385,1.000481920773637,0.0005146391597902345
1567.169887527233,1567.169887527233,0.9999573874014624,0.0005144398391181625
1567.1768318683917,1567.1768318683917,1.000689406841688,0.0005148266374843096
1567.1837762094344,1567.1837762094344,0.9990382212175476,0.0005143584586855054
1567.1907205504426,1567.1907205504426,0.9996132016382736,0.0005144428326186121
1567.1976648913808,1567.1976648913808,1.0002054792618396,0.0005147917400142778
1567.2046092322016,1567.2046092322016,0.9998421706616158,0.000514662800222747
1567.2115535729777,1567.2115535729777,1.000417333590043,0.0005148361754107602
1567.2184979136823,1567.2184979136823,0.9998284238697931,0.0005146623994844756
1567.2254422543053,1567.2254422543053,1.000357206093192,0.0005149385271984191
1567.2323865948717,1567.2323865948717,0.9993736056106861,0.0005145393232576925
1567.2393309353438,1567.2393309353438,1.0002128672202981,0.000514547451537769
1567.246275275746,1567.246275275746,0.99991485484932,0.00051466450418849
1567.2532196160673,1567.2532196160673,1.0002627496445897,0.0005143676838716331
1567.2601639563536,1567.2601639563536,0.9997790889585161,0.000514902607361245
1567.267108296523,1567.267108296523,1.00081071305586,0.0005145253311723455
1567.2740526366456,1567.2740526366456,0.9995752372725917,0.0005144908831467771
1567.2809969766647,1567.2809969766647,0.9998945893399156,0.000514307178853613
1567.287941316648,1567.287941316648,1.000057549212833,0.0005145120182837429
1567.2948856565376,1567.2948856565376,0.9998781588613763,0.0005143613894368507
1567.3018299963471,1567.3018299963471,0.9996568255547013,0.0005144045351193235
1567.308774336086,1567.308774336086,0.9999455242677024,0.0005143530129363353
1567.315718675743,1567.315718675743,1.0003593476385966,0.0005143876238408765
1567.322663015319,1567.322663015319,0.9998952109730694,0.0005143307045827673
1567.329607354814,1567.329607354814,1.000784789440599,0.000514603605604611
1567.3365516942497,1567.3365516942497,0.9995278391907696,0.000514243773063264
1567.3434960336042,1567.3434960336042,1.0001038724020852,0.0005147191392121795
1567.3504403728898,1567.3504403728898,0.9994379203897731,0.0005144125761577526
1567.3573847120929,1567.3573847120929,1.0003252388328048,0.0005144652589450297
1567.3643290512148,1567.3643290512148,1.0000573198276086,0.0005142898943013134
1567.3712733902553,1567.3712733902553,0.9998812126483274,0.0005141592132985297
1567.3782177292146,1567.3782177292146,0.9994859586187165,0.0005141709390191148
1567.3851620680916,1567.3851620680916,1.0002126323065803,0.0005141186791573629
1567.3921064069223,1567.3921064069223,1.0006348921189196,0.0005143348814268486
1567.3990507456608,1567.3990507456608,0.9994132943549825,0.0005141112690979928
1567.405995084305,1567.405995084305,1.0009673651941977,0.0005143186662348608
1567.4129394228676,1567.4129394228676,0.9996061460330953,0.0005142267696955397
1567.4198837613737,1567.4198837613737,1.0001348814411812,0.0005146188844108253
1567.4268280997962,1567.4268280997962,1.0000350820785924,0.0005144535910818232
1567.433772438138,1567.433772438138,0.99978341568108,0.0005144937264483676
1567.4407167763873,1567.4407167763873,1.0001898857224873,0.0005146111824258034
1567.4476611145662,1567.4476611145662,0.9995511132862175,0.0005145770056906101
1567.4546054526518,1567.4546054526518,0.9997038266600773,0.0005146586817357344
1567.4615497906561,1567.4615497906561,0.9999314380381279,0.0005149195046289461
1567.4684941286025,1567.4684941286025,0.9998760766179193,0.0005146281101555863
1567.4754384664552,1567.4754384664552,1.0001350737082355,0.0005145016662258036
1567.4823828042263,1567.4823828042263,1.000280101566413,0.0005148795366581739
1567.4893271419287,1567.4893271419287,1.000061828292362,0.0005145024669692552
1567.4962714795256,1567.4962714795256,1.0001550883449382,0.0005144647096775704
1567.503215817052,1567.503215817052,0.9996273077572606,0.0005147307526582132
1567.5101601544864,1567.5101601544864,1.0008002828196467,0.0005146462778707069
1567.5171044918623,1567.5171044918623,0.9991415705966233,0.0005145527630970843
1567.5240488291445,1567.5240488291445,1.000267701586501,0.0005146720461863068
1567.5309931663337,1567.5309931663337,1.0002191949922385,0.0005145790125078461
1567.5379375034422,1567.5379375034422,0.9994430271796135,0.0005142693128199756
1567.5448818404798,1567.5448818404798,1.000253633925172,0.0005148000639365071
1567.5518261774132,1567.5518261774132,1.0001615059477562,0.0005142228561286297
1567.5587705143,1567.5587705143,1.0002463628441483,0.000514552431304172
1567.565714851059,1567.565714851059,1.0003170306784168,0.0005150225775208026
1567.572659187759,1567.572659187759,0.9994151526949375,0.0005143315936894322
1567.5796035243661,1567.5796035243661,1.000170382345084,0.0005149946453194632
1567.5865478608926,1567.5865478608926,0.9998783154949311,0.0005142946797887248
1567.5934921973253,1567.5934921973253,0.999969061004015,0.000514557210295344
1567.6004365336757,1567.6004365336757,0.9997203192090398,0.0005146933763282059
1567.6073808699464,1567.6073808699464,0.9999142197505361,0.000514513360115037
1567.6143252061343,1567.6143252061343,1.0005112658943973,0.0005147186589078127
1567.6212695422291,1567.6212695422291,0.9996207574038207,0.000514536410456904
1567.6282138782194,1567.6282138782194,1.0002850308218025,0.0005143937071791246
1567.6351582141522,1567.6351582141522,0.9996029672267873,0.0005148032478503105
1567.6421025500022,1567.6421025500022,1.0001444047724959,0.0005143671892678416
1567.649046885748,1567.649046885748,1.0005642156890213,0.0005148225074219373
1567.655991221413,1567.655991221413,0.9995438735018176,0.0005145691412910171
1567.6629355569844,1567.6629355569844,1.0004012091632017,0.0005145905441845938
1567.6698798924735,1567.6698798924735,1.0000629358810396,0.0005146459252096268
1567.676824227847,1567.676824227847,0.9997029192979419,0.0005143990076652593
1567.6837685631858,1567.6837685631858,0.9999473361048239,0.0005146963248094591
1567.6907128984071,1567.6907128984071,0.9996969643503318,0.0005145449611116302
1567.6976572335243,1567.6976572335243,0.9996480813054396,0.0005144116403171718
1567.7046015685842,1567.7046015685842,1.0004483774356474,0.0005145907917442027
1567.711545903538,1567.711545903538,1.000242505083281,0.0005144205576850558
1567.718490238399,1567.718490238399,1.000552106260094,0.0005148245393502987
1567.7254345731787,1567.7254345731787,0.9996042831134746,0.0005145449659409117
1567.732378907877,1567.732378907877,1.0001702389401412,0.0005145312022515059
1567.7393232424704,1567.7393232424704,0.9995312236877874,0.0005143694157581619
1567.7462675769816,1567.7462675769816,1.000006042175625,0.0005145921201605933
1567.7532119113898,1567.7532119113898,0.9993535134886621,0.0005142809473320639
1567.7601562457148,1567.7601562457148,1.0005893821146048,0.0005148835423616788
1567.7671005799234,1567.7671005799234,1.0001868119874797,0.0005146930639561259
1567.774044914098,1567.774044914098,1.0008795527777195,0.0005147291762201099
1567.7809892481448,1567.7809892481448,0.9999303757673197,0.0005144061861694536
1567.7879335821087,1567.7879335821087,1.0000517019863153,0.0005144860485724611
1567.7948779159804,1567.7948779159804,0.9998744192968507,0.0005147636369302787
1567.8018222497478,1567.8018222497478,0.9999561918876401,0.0005142718407898322
1567.8087665834212,1567.8087665834212,0.9994191476224914,0.0005143162937071524
1567.815710917013,1567.815710917013,0.9999163616860226,0.0005145258484718442
1567.822655250512,1567.822655250512,1.0002665649700926,0.000514504103171232
1567.8295995839185,1567.8295995839185,1.000862468978055,0.0005145105072896154
1567.836543917231,1567.836543917231,0.9999811363999995,0.0005143504052193107
1567.8434882504619,1567.8434882504619,0.999561671639339,0.0005146320485748607
1567.8504325835893,1567.8504325835893,0.9996331661836425,0.0005149540467880728
1567.8573769166105,1567.8573769166105,1.0001851321056179,0.000514253969105951
1567.864321249539,1567.864321249539,0.9999944691873637,0.0005147629389941328
1567.8712655823979,1567.8712655823979,0.9994719819296911,0.0005146533439797224
1567.8782099151408,1567.8782099151408,0.999975104474806,0.0005143603514693325
1567.8851542477896,1567.8851542477896,1.000345206748316,0.000514489686267879
1567.8920985803568,1567.8920985803568,1.0004015550323686,0.0005145976915751595
1567.8990429128207,1567.8990429128207,0.9994574910998614,0.0005142138750446007
1567.90598724519,1567.90598724519,1.000498365507589,0.0005142869219065618
1567.9129315774549,1567.9129315774549,1.0012732444063597,0.000514738057186151
1567.9198759096266,1567.9198759096266,1.0003589058106774,0.0005143302786843652
1567.9268202417293,1567.9268202417293,0.9997992045346742,0.0005143130249843677
1567.9337645737028,1567.9337645737028,0.999527183776344,0.0005141418661556535
1567.9407089055949,1567.9407089055949,0.9993886729639249,0.0005149964905012842
1567.947653237407,1567.947653237407,0.9996483449151621,0.000514405260426435
1567.9545975691012,1567.9545975691012,1.000805908782493,0.0005143932809729186
1567.961541900714,1567.961541900714,1.0000053047823751,0.000514937619169086
1567.9684862322108,1567.9684862322108,1.0000741458924136,0.0005146080335171693
1567.9754305636266,1567.9754305636266,1.0001372406478908,0.0005144552971461467
1567.9823748949368,1567.9823748949368,1.0002420134029812,0.000515039938899139
1567.9893192261536,1567.9893192261536,0.999946630102064,0.0005144488546848838
1567.9962635572665,1567.9962635572665,0.9995145810707395,0.0005146678518549261
1568.0032078882746,1568.0032078882746,0.9999934971596346,0.0005143196373933392
1568.0101522192233,1568.0101522192233,0.9997402851362835,0.0005146284935585372
1568.0170965500565,1568.0170965500565,0.9995325116378009,0.0005147523754942041
1568.0240408807854,1568.0240408807854,1.000095421789593,0.0005146011908224938
1568.030985211409,1568.030985211409,1.000425910023173,0.0005144122311713952
1568.0379295419502,1568.0379295419502,1.0009672135760952,0.0005145068764097688
1568.0448738723885,1568.0448738723885,0.9998567016286307,0.0005143759801443397
1568.051818202721,1568.051818202721,1.0002923974233444,0.0005149405865023466
1568.0587625329717,1568.0587625329717,0.9998302582845252,0.0005144907322718168
1568.0657068631058,1568.0657068631058,1.0001057292135673,0.0005144311103123936
1568.07265119316,1568.07265119316,1.000364821917524,0.0005144492280192588
1568.0795955231079,1568.0795955231079,1.000231654329247,0.0005141966728503887
1568.086539852951,1568.086539852951,0.9992576459250637,0.0005140768687329154
1568.0934841827252,1568.0934841827252,0.999969714131689,0.0005142354352531958
1568.1004285123713,1568.1004285123713,1.0002372510571362,0.000514757894417401
1568.1073728419233,1568.1073728419233,0.9998214929035809,0.0005144556150176636
1568.1143171713943,1568.1143171713943,0.9997634601099348,0.0005145999122790916
1568.121261500761,1568.121261500761,1.0009019495530889,0.0005146526730243974
1568.1282058300224,1568.1282058300224,0.9999744968926029,0.0005144771946949528
1568.1351501592023,1568.1351501592023,0.998997798073121,0.0005144768638115464
1568.1434833540807,1568.1434833540807,1.0004185075494265,0.0005148343778445415
1568.1504276830287,1568.1504276830287,0.999693456377899,0.0005146608402744133
1568.1573720118936,1568.1573720118936,1.0001567670595433,0.000514458901453196
1568.1643163406545,1568.1643163406545,1.0002603039122144,0.000514447426536983
1568.1712606693227,1568.1712606693227,0.9995538631349803,0.0005140479575974676
1568.1782049978976,1568.1782049978976,1.000476015788999,0.0005146305291320982
1568.185149326367,1568.185149326367,1.0001077680286343,0.0005149094051455931
1568.1920936547435,1568.1920936547435,0.9997668756458014,0.0005141036887111283
1568.1990379830277,1568.1990379830277,1.0001201209694002,0.0005140014464168563
1568.2059823112068,1568.2059823112068,1.0004462889681798,0.0005142564889901729
1568.2129266392917,1568.2129266392917,0.9990344135148226,0.0005141575369244099
1568.2198709672846,1568.2198709672846,0.9997135638698078,0.0005145137072343692
1568.2268152951729,1568.2268152951729,1.000777105777858,0.0005151216913305554
1568.2337596229786,1568.2337596229786,1.0003322730512352,0.0005144062397190759
1568.2407039506916,1568.2407039506916,0.9999814954490072,0.0005148359486964362
1568.2476482783125,1568.2476482783125,0.999921605766956,0.0005146242426961376
1568.2545926058388,1568.2545926058388,1.0000060907431005,0.0005143733088901767
1568.2615369332611,1568.2615369332611,0.9998140790965273,0.000514531362968497
1568.268481260601,1568.268481260601,1.0002196985585134,0.0005142627385648966
1568.2754255878265,1568.2754255878265,0.9993008525139178,0.000515099110933868
1568.2823699150038,1568.2823699150038,1.0001507592276082,0.000514505476201695
1568.2893142420533,1568.2893142420533,0.9992796541535908,0.0005143878703952021
1568.2962585690561,1568.2962585690561,1.0009653013190998,0.0005150367812575038
1568.3032028959085,1568.3032028959085,0.9999575318325095,0.0005148863246573769
1568.3101472227015,1568.3101472227015,1.0004671903109648,0.000514407352106326
1568.3170915494134,1568.3170915494134,1.0001400049339175,0.0005146543691633809
1568.3240358760322,1568.3240358760322,1.0001095692755675,0.0005145911013134851
1568.3309802025585,1568.3309802025585,0.9992423406312607,0.0005145576934114419
1568.3379245290025,1568.3379245290025,0.9996610853598517,0.0005147350461770613
1568.344868855353,1568.344868855353,1.0000659664850835,0.000514382703267261
1568.3518131816236,1568.3518131816236,1.0002156869977459,0.000514548494259036
1568.3587575078113,1568.3587575078113,0.9997371635921676,0.0005142531316538826
1568.3657018339059,1568.3657018339059,1.0002872520738253,0.0005144562658163453
1568.372646159931,1568.372646159931,1.0001828763222205,0.0005141963913531712
1568.3795904858757,1568.3795904858757,0.9998601616581132,0.0005145715652140804
1568.3865348117374,1568.3865348117374,1.0006347288468755,0.0005145180800599873
1568.393479137518,1568.393479137518,0.9997855688670869,0.0005146327168180592
1568.4004234632055,1568.4004234632055,0.9996222231393288,0.0005143314044360398
1568.407367788835,1568.407367788835,0.9999575718528619,0.0005142187334289718
1568.4143121143827,1568.4143121143827,0.9998491535298866,0.0005147381643940257
1568.421256439849,1568.421256439849,0.9998651670750103,0.0005143962778117682
1568.4282007652575,1568.4282007652575,1.000364243360213,0.000514654579602609
1568.4351450905729,1568.4351450905729,1.0000164082761849,0.0005148103555580647
1568.442089415829,1568.442089415829,1.0003276674723334,0.0005146460499458654
1568.4490337410157,1568.4490337410157,0.9994766892092025,0.0005151018849309088
1568.4559780661336,1568.4559780661336,0.9999557834460869,0.000514760898563391
1568.4629223911807,1568.4629223911807,1.0002872593560856,0.0005148127575327405
1568.4698667161695,1568.4698667161695,0.9996294334712292,0.0005149559648171732
1569.7029052691976,1569.7029052691976,1.0000373170712682,0.0005835561760535858
1570.5281716965726,1570.5281716965726,1.0002551016166905,0.0006248046923593897
1570.5351160647901,1570.5351160647901,1.000597273299365,0.0006248283037486067
1570.5445604055928,1570.5445604055928,0.9997610184017762,0.0006241805025832914
1570.5517825485695,1570.5517825485695,1.0000652263907206,0.0006235762527776577
1570.55872691682,1570.55872691682,0.9993949278151331,0.0006234317382229112
1570.5656712850948,1570.5656712850948,0.9994868158457244,0.0006235336565453114
1570.5726156533817,1570.5726156533817,1.0007912486087105,0.0006232667985425754
1570.5795600216904,1570.5795600216904,1.0001027133034452,0.0006234036184353788
1570.586504389988,1570.586504389988,0.999459177170847,0.0006230431813737566
1570.5934487582972,1570.5934487582972,0.9998090119817802,0.0006223300391456798
1570.6003931266305,1570.6003931266305,0.9991592298588274,0.0006218368525299841
1570.6084485939116,1570.6084485939116,1.0007748467988629,0.0006216705293758232
1570.6156707370042,1570.6156707370042,1.000035658946453,0.0006212156743956786
1570.6226151053484,1570.6226151053484,0.9997874377346815,0.0006210687055499596
1570.6306705726522,1570.6306705726522,1.001217521340663,0.0006202137665307128
1570.6378927157693,1570.6378927157693,0.9993820329092445,0.0006197014908496519
1570.6448370841485,1570.6448370841485,1.0009467982131608,0.0006202026840811334
1570.651781452539,1570.651781452539,0.9989549730302094,0.0006189160425955841
1570.6587258209413,1570.6587258209413,0.9997846191772997,0.0006177983930862205
1570.6656701893558,1570.6656701893558,0.9999145748754984,0.0006175313009602467
1570.6726145577354,1570.6726145577354,1.0001005814682602,0.0006167416202752584
1570.6795589261612,1570.6795589261612,1.0001110702552143,0.0006163325565121994
1570.6865032945866,1570.6865032945866,1.000114409517866,0.0006156168581147951
1570.693447663012,1570.693447663012,0.999872697936248,0.0006143444450780174
1570.7003920314382,1570.7003920314382,1.000127094945511,0.0006140452865583695
1570.7073363998647,1570.7073363998647,0.9999244526158027,0.0006130084323285343
1570.7142807683133,1570.7142807683133,1.0000247795332138,0.0006121103910301612
1570.721225136774,1570.721225136774,0.9994225552161247,0.0006109172846057064
1570.7281695051993,1570.7281695051993,0.9999384271112757,0.0006103863131520189
1570.735113873649,1570.735113873649,1.0008557397795665,0.0006092686977915584
1570.74205824211,1570.74205824211,0.9999089814817481,0.0006077419392181725
1570.7490026105588,1570.7490026105588,0.9995546510924795,0.0006066494941470124
1570.7559469790194,1570.7559469790194,1.0007311896222262,0.0006055663588092456
1570.7628913474682,1570.7628913474682,0.9993045497765143,0.0006048725713630087
1570.7698357159293,1570.7698357159293,1.0002940462448133,0.0006035468966917911
1570.7767800843906,1570.7767800843906,1.0002558109309003,0.0006030774726146691
1570.7837244528394,1570.7837244528394,0.9994674979667529,0.0006019175898603875
1570.790668821323,1570.790668821323,1.0006381194890361,0.0006014610739446483
1570.797613189772,1570.797613189772,0.9997273125823518,0.0006007127290859936
1570.804557558233,1570.804557558233,0.9999019809443338,0.0006001196560977647
1570.811501926706,1570.811501926706,1.0003223812391504,0.0005994813179886437
1570.818446295143,1570.818446295143,0.9998708720619749,0.0005984157346657266
1570.8253906636269,1570.8253906636269,0.9997249146580938,0.0005980514452111091
1570.8323350320757,1570.8323350320757,0.9998593031975324,0.0005971125543283286
1570.8392794005367,1570.8392794005367,0.9998646407291233,0.0005964896127808933
1570.8462237689866,1570.8462237689866,1.0011075496929347,0.0005959348667940442
1570.8531681374466,1570.8531681374466,0.9996460341642044,0.0005954639389234828
1570.860112505884,1570.860112505884,0.9996321943951643,0.0005950650547801291
1570.867056874356,1570.867056874356,1.0004081955697115,0.0005945766907028921
1570.8742790175188,1570.8742790175188,1.0002260993348606,0.0005945433978525258
1570.8823344849286,1570.8823344849286,0.9994108063832872,0.0005938065961119344
1570.8892788533772,1570.8892788533772,0.999966502987574,0.0005932994309779388
1570.896223221803,1570.896223221803,1.000513738104161,0.0005928259634946979
1570.9031675902283,1570.9031675902283,1.0013278629927114,0.0005923425300874605
1570.9101119586546,1570.9101119586546,0.9995797583963008,0.0005917445830579684
1570.9170563270811,1570.9170563270811,0.9991009373282509,0.0005912512145374365
1570.9240006955065,1570.9240006955065,1.0001481018258347,0.0005905000830665326
1570.9309450639316,1570.9309450639316,1.000934628010604,0.0005900988387284721
1570.9378894323575,1570.9378894323575,1.0002484147392081,0.0005893349316402806
1570.9448338007257,1570.9448338007257,0.9999856711072381,0.0005889788454858851
1570.9517781691516,1570.9517781691516,1.001228904408031,0.0005879244496343886
1570.9587225375424,1570.9587225375424,0.9990893790951054,0.0005872407629901944
1570.9656669059445,1570.9656669059445,0.9987530985018465,0.0005867118779856958
1570.972611274312,1570.972611274312,1.0000423496596418,0.0005859123607127872
1570.9795556426916,1570.9795556426916,1.0000038740908794,0.0005854690498896129
1570.9865000110713,1570.9865000110713,0.9997090475092753,0.0005848481899131128
1570.9934443794386,1570.9934443794386,1.0003359510182852,0.0005838791374340749
1571.0003887477942,1571.0003887477942,1.000068527143329,0.000583183238148113
1571.0073331161382,1571.0073331161382,1.0002889454443715,0.0005828359666130982
1571.0142774844942,1571.0142774844942,1.0006061357783584,0.0005817029818848743
1571.0212218528277,1571.0212218528277,0.999861950038156,0.0005809721320250127
1571.028166221172,1571.028166221172,1.000545724113449,0.0005799311896304956
1571.035110589481,1571.035110589481,0.9990249246584462,0.0005790130360226547
1571.0420549578018,1571.0420549578018,0.9993372032309775,0.0005781235860759376
1571.0489993261112,1571.0489993261112,1.000104994455778,0.0005774073680936945
1571.055943694421,1571.055943694421,1.0000881727398334,0.0005763096504101928
1571.062888062696,1571.062888062696,1.0000698446678324,0.0005754556297304061
1571.0698324309817,1571.0698324309817,1.0002055456001033,0.000574663155039885
1571.0767767992556,1571.0767767992556,0.9994715397183903,0.0005737165578779713
1571.0837211675416,1571.0837211675416,0.9994753013609792,0.0005727819777015119
1571.0906655357935,1571.0906655357935,1.0004278844604213,0.0005719290568254999
1571.097609904033,1571.097609904033,1.000334170455797,0.0005712278428010308
1571.1045542722843,1571.1045542722843,0.9998471372536202,0.000570316688610158
1571.1114986405116,1571.1114986405116,0.9997259469964647,0.0005700639530236113
1571.1184430087274,1571.1184430087274,1.0007514985340034,0.0005698274478218858
1571.1253873769328,1571.1253873769328,1.000950251717192,0.00056902780389852
1571.1323317451493,1571.1323317451493,0.9993539742376125,0.0005680924028695344
1571.1392761133304,1571.1392761133304,0.9998716438122942,0.0005676862341241824
1571.1462204815232,1571.1462204815232,1.0001450717231861,0.000567188870136862
1571.1531648496807,1571.1531648496807,0.9994695918956523,0.0005663563034907356
1571.160109217851,1571.160109217851,1.0002322844182612,0.000565862120493106
1571.1670535859862,1571.1670535859862,0.9993633645241136,0.0005654160093361218
1571.1739979541205,1571.1739979541205,0.9999392861418925,0.0005650158434181609
1571.1809423222553,1571.1809423222553,1.0005861729071324,0.0005645886795707739
1571.1878866903894,1571.1878866903894,0.9997657311651968,0.0005642882038279011
1571.1948310584778,1571.1948310584778,1.0000101237160925,0.0005638186050096283
1571.2017754265903,1571.2017754265903,1.000172174944159,0.0005632439082030863
1571.2087197946664,1571.2087197946664,1.000118723168324,0.0005632176939822989
1571.2156641627314,1571.2156641627314,0.9997238580947471,0.0005626206743246074
1571.2226085307962,1571.2226085307962,1.00018863075018,0.0005622558914827548
1571.229552898849,1571.229552898849,1.000247669595835,0.0005619137496166685
1571.2364972668913,1571.2364972668913,1.0003411788630359,0.0005618791705851397
1571.2434416349097,1571.2434416349097,1.0003562989287886,0.0005608569888838528
1571.2503860029162,1571.2503860029162,0.9992569405902338,0.0005609248362744205
1571.257330370911,1571.257330370911,0.9997780408160664,0.0005604679308407797
1571.264274738894,1571.264274738894,0.9996968349782149,0.0005596236634761835
1571.2712191068895,1571.2712191068895,1.0002740128841299,0.0005593395368347685
1571.2781634748385,1571.2781634748385,0.9996405762388745,0.0005587674007736916
1571.2851078427987,1571.2851078427987,1.0009141778469348,0.0005588248507710544
1571.292052210735,1571.292052210735,1.0005240303103315,0.0005586666109180818
1571.2989965786596,1571.2989965786596,1.0002254263727708,0.0005578743591437564
1571.3059409465618,1571.3059409465618,0.9996444957785234,0.0005571325918610294
1571.3128853144644,1571.3128853144644,0.9999862999271661,0.0005565155876244591
1571.319829682343,1571.319829682343,1.0004058808165823,0.0005562062315997761
1571.326774050233,1571.326774050233,0.9995906795507246,0.0005559547727513705
1571.3337184180764,1571.3337184180764,0.9999422167856814,0.0005551077143380648
1571.3406627859201,1571.3406627859201,0.9993958055390111,0.0005544945950145413
1571.3476071537643,1571.3476071537643,1.0006220557517893,0.0005548674020860702
1571.3545515215499,1571.3545515215499,0.9992432897181093,0.000553427970249885
1571.3614958893704,1571.3614958893704,1.000332148251067,0.0005535092177286034
1571.3684402571557,1571.3684402571557,0.9994874291827145,0.0005529070377329321
1571.3753846249292,1571.3753846249292,1.0005099414556216,0.0005522829521011563
1571.3823289926916,1571.3823289926916,1.000364778340624,0.0005516667547100603
1571.3892733604312,1571.3892733604312,0.9998459017137351,0.0005513771077531799
1571.3962177281585,1571.3962177281585,1.0005954348813586,0.0005510132999766339
1571.4031620958856,1571.4031620958856,1.0002079361531295,0.0005498248282868105
1571.4101064635893,1571.4101064635893,0.9998284649853098,0.0005495966986748225
1571.4170508312695,1571.4170508312695,1.000014747358786,0.0005495571610632939
1571.423995198939,1571.423995198939,0.9992194578475988,0.000549246489252346
1571.4309395665855,1571.4309395665855,1.0006287257131767,0.0005488042070462878
1571.4378839342428,1571.4378839342428,0.9991392297339668,0.0005483279427372115
1571.4448283018648,1571.4448283018648,1.0000699549953398,0.0005483371770609796
1571.4517726694755,1571.4517726694755,0.9997594770612122,0.0005481042065484443
1571.4587170370628,1571.4587170370628,1.0005505386661535,0.0005478997037382412
1571.4656614046633,1571.4656614046633,1.0000936725494955,0.0005481215554648604
1571.472605772216,1571.472605772216,1.0001836389228993,0.0005483819866109182
1571.4795501397678,1571.4795501397678,0.9996734863915204,0.0005476259240564097
1571.4864945073205,1571.4864945073205,0.9996848502641338,0.0005481340393565746
1571.4934388748147,1571.4934388748147,1.0005549717508386,0.0005486830088236882
1571.5003832423213,1571.5003832423213,1.0003739141245167,0.0005478059935662325
1571.5073276098162,1571.5073276098162,0.9997640591593827,0.0005480352683933959
1571.5142719772753,1571.5142719772753,0.9996955106253003,0.0005475450648464154
1571.5212163447347,1571.5212163447347,0.999683095969468,0.0005476914428986916
1571.528160712171,1571.528160712171,1.000116275772402,0.0005476147254927108
1571.535105079595,1571.535105079595,0.9997744229256803,0.0005473915807178296
1571.5420494469977,1571.5420494469977,1.000203407011478,0.0005477363162075112
1571.548993814387,1571.548993814387,1.0000301141629506,0.0005474985571259697
1571.5559381817648,1571.5559381817648,0.9998327687847979,0.000547727072625396
1571.5628825491194,1571.5628825491194,1.0004646363490814,0.0005476860280840787
1571.5698269164625,1571.5698269164625,0.9998187590323397,0.0005470602051063408
1571.5767712837821,1571.5767712837821,1.0004173320075307,0.0005473181556390497
1571.5837156510795,1571.5837156510795,1.0002088568067962,0.0005473698142853916
1571.5906600183991,1571.5906600183991,0.9999309434696118,0.0005472169828964213
1571.5976043856604,1571.5976043856604,0.9995798969844053,0.0005472074782748102
1571.604548752922,1571.604548752922,1.000085728621767,0.0005471544757794683
1571.6114931201482,1571.6114931201482,0.9998208455263876,0.0005475242630864211
1571.618437487376,1571.618437487376,0.9999737754070794,0.0005470086520294772
1571.6253818545797,1571.6253818545797,0.9995865072770694,0.0005471011663967246
1571.6323262217593,1571.6323262217593,0.9997278939449826,0.0005474127661462277
1571.639270588939,1571.639270588939,1.0002316170180734,0.0005477019185402848
1571.646214956084,1571.646214956084,1.00075096183189,0.0005473816703165656
1571.6531593232173,1571.6531593232173,1.0001968214258645,0.0005471795833618734
1571.660103690329,1571.660103690329,0.9996543538555592,0.0005472184896154322
1571.667048057439,1571.667048057439,0.9997583097721019,0.0005472566133642379
1571.6739924245257,1571.6739924245257,1.000489201988581,0.0005468953233137282
1571.680936791589,1571.680936791589,0.999897747458691,0.0005473650540949092
1571.6878811586412,1571.6878811586412,0.9999093346242187,0.000546667264277272
1571.69482552567,1571.69482552567,1.000006052885304,0.0005462841003142634
1571.7017698926645,1571.7017698926645,0.9998696913223485,0.0005470968437647012
1571.7087142596934,1571.7087142596934,0.9994457163847772,0.0005464672514088573
1571.7156586266633,1571.7156586266633,0.9998377061414268,0.0005464970385403265
1571.7226029936105,1571.7226029936105,1.0007486882219108,0.0005465552338355142
1571.7295473605461,1571.7295473605461,1.000230686571274,0.0005463227467606399
1571.7364917274706,1571.7364917274706,1.000483628600064,0.0005452566460275004
1571.7434360943719,1571.7434360943719,0.9992383555433259,0.000545282671023302
1571.7503804612609,1571.7503804612609,0.9997074455571072,0.0005454212866907016
1571.757324828126,1571.757324828126,1.0001678967333998,0.0005451868751974546
1571.76426919498,1571.76426919498,1.0001698550490261,0.0005446851799639087
1571.771213561799,1571.771213561799,0.9995492391889232,0.0005449562884331883
1571.7781579286188,1571.7781579286188,1.0008188009381496,0.0005443726791817172
1571.7851022954035,1571.7851022954035,0.999639853808137,0.0005437891815840551
1571.7920466621877,1571.7920466621877,1.0001081458584156,0.0005439198461969789
1571.7989910289366,1571.7989910289366,0.9997359805078279,0.0005434890013924474
1571.8059353956746,1571.8059353956746,0.9999290797948571,0.0005441856667389387
1571.8128797623885,1571.8128797623885,1.000099736716583,0.0005436353918153853
1571.8198241290806,1571.8198241290806,0.9995984065995008,0.0005430416365358685
1571.8267684957718,1571.8267684957718,1.0007488395166253,0.0005430255369928387
1571.8337128624275,1571.8337128624275,1.000061702523849,0.0005429779021199799
1571.840657229084,1571.840657229084,0.9996648753373278,0.0005425394037242556
1571.847601595705,1571.847601595705,0.9997643818298112,0.0005429064365895917
1571.8545459623147,1571.8545459623147,0.9998751106789874,0.0005430536732220155
1571.8614903288903,1571.8614903288903,1.0002600682624707,0.0005428765255975888
1571.8684346954649,1571.8684346954649,1.0003616738571657,0.0005431207131047659
1571.8753790620278,1571.8753790620278,0.9999172168366887,0.000542145302617187
1571.8823234285442,1571.8823234285442,0.9996521538144124,0.00054261694675698
1571.8892677950487,1571.8892677950487,1.0005421523795153,0.0005425351926429386
1571.8962121615305,1571.8962121615305,0.999936019200514,0.0005425680557981933
1571.903156528013,1571.903156528013,0.9992073348774072,0.0005426402365274628
1571.9101008944594,1571.9101008944594,1.000598624008327,0.0005425996291264643
1571.9170452608946,1571.9170452608946,1.0005440685106524,0.0005426050547449439
1571.9239896273057,1571.9239896273057,1.000036183172255,0.0005423170251737358
1571.930933993729,1571.930933993729,1.0003747017704065,0.0005423370451995293
1571.9378783600591,1571.9378783600591,1.0006083052293713,0.0005432788404656938
1571.944822726437,1571.944822726437,1.000118022988922,0.0005429296490412646
1571.9517670927673,1571.9517670927673,0.999921907144744,0.0005425134626697626
1571.9587114590854,1571.9587114590854,0.9999294214676595,0.0005425149287348458
1571.9656558253807,1571.9656558253807,0.9997735730417545,0.0005421843275880903
1571.9726001916529,1571.9726001916529,0.9995773197064667,0.000541919933478828
1571.979544557913,1571.979544557913,1.0002574990855564,0.0005423755945781099
1571.9864889241396,1571.9864889241396,1.0000302722680188,0.0005427672778582755
1571.9934332903533,1571.9934332903533,0.999503987501347,0.0005423033401152486
1572.0003776565434,1572.0003776565434,1.0008220461477388,0.0005423652547101451
1572.0073220227341,1572.0073220227341,0.9999130917207912,0.0005426712287698468
1572.0142663888778,1572.0142663888778,0.9997609756948016,0.0005420002492995749
1572.021210755033,1572.021210755033,0.9998534942474084,0.0005415831050568395
1572.028155121132,1572.028155121132,0.9995771281209883,0.0005417934651438187
1572.035099487229,1572.035099487229,1.0004691451288832,0.0005416341040945357
1572.0420438533145,1572.0420438533145,1.0005853097473696,0.0005415146129180181
1572.0489882193654,1572.0489882193654,1.0002980123220915,0.0005414721179287903
1572.0559325853924,1572.0559325853924,0.999823474887877,0.0005418494545141477
1572.06287695142,1572.06287695142,1.0001124762483316,0.0005412755437161861
1572.069821317402,1572.069821317402,0.9998687197683089,0.0005408822875145102
1572.0767656833946,1572.0767656833946,0.9992055197116858,0.0005408711230284535
1572.0837100493404,1572.0837100493404,0.9992040395882975,0.0005407699091391175
1572.0906544152747,1572.0906544152747,1.0005397605123498,0.0005408885292255793
1572.0975987811973,1572.0975987811973,1.0000308948219576,0.0005405992708383088
1572.1045431470734,1572.1045431470734,1.0003339266391225,0.0005403591286891082
1572.1114875129508,1572.1114875129508,0.9998281548848234,0.0005405408013059394
1572.1184318788037,1572.1184318788037,1.0008535721022154,0.0005404863626840645
1572.125376244633,1572.125376244633,1.0001487632554578,0.0005398600776685112
1572.1323206104394,1572.1323206104394,1.0000916795943948,0.0005401696431792914
1572.1392649762458,1572.1392649762458,1.0004443058011352,0.0005400514871767587
1572.1462093419934,1572.1462093419934,0.9990877421125919,0.0005394184143405515
1572.1531537077542,1572.1531537077542,1.0005429628679583,0.000539913188249636
1572.160098073479,1572.160098073479,1.0000956487215065,0.0005396144434646124
1572.1670424391923,1572.1670424391923,0.99988507004282,0.000539549145635106
1572.1739868048821,1572.1739868048821,1.0000688697984845,0.0005396779144409488
1572.1809311705485,1572.1809311705485,0.9992386128785036,0.00053942155293766
1572.1878755361918,1572.1878755361918,1.0000858891479376,0.0005395717628705322
1572.1948199018009,1572.1948199018009,1.0009876800946422,0.0005402506072225414
1572.2017642674211,1572.2017642674211,0.9987870716953383,0.000539702706445493
1572.2087086329946,1572.2087086329946,1.0009220089482684,0.0005394106131454239
1572.2156529985448,1572.2156529985448,0.9999143334913665,0.0005397992424855663
1572.222597364118,1572.222597364118,1.0005821423229506,0.0005397680895837908
1572.2295417296334,1572.2295417296334,1.0001776009953285,0.0005394871307067002
1572.2364860951136,1572.2364860951136,0.9993708471589888,0.0005395742520571381
1572.243430460595,1572.243430460595,0.9993371523465402,0.0005395679745245351
1572.2503748260524,1572.2503748260524,0.999639948177107,0.0005391961922992697
1572.2573191914857,1572.2573191914857,1.0002820214216794,0.0005393506488738753
1572.2642635568961,1572.2642635568961,1.0006765273329588,0.0005398534993836512
1572.2712079222952,1572.2712079222952,0.9996260013088012,0.0005389196841594879
1572.2781522876705,1572.2781522876705,1.0004128843015134,0.000539171791654481
1572.2850966530125,1572.2850966530125,1.000363977560879,0.0005389871162498552
1572.2920410183413,1572.2920410183413,0.9999100512630841,0.000538886269744856
1572.2989853836584,1572.2989853836584,1.0002254372924715,0.0005386252285857761
1572.3059297489408,1572.3059297489408,0.9996646229637104,0.0005387964550596315
1572.3128741141882,1572.3128741141882,0.9997446381723902,0.0005383716992862032
1572.3198184794705,1572.3198184794705,0.9998291077936049,0.0005382242235891945
1572.3267628446952,1572.3267628446952,1.000586358922125,0.0005383648940174207
1572.3337072098618,1572.3337072098618,0.9994781927732724,0.0005385102159568021
1572.3406515750512,1572.3406515750512,0.9992523504199491,0.0005379247480916639
1572.3475959402172,1572.3475959402172,1.0009539051696608,0.0005378700607759471
1572.354540305348,1572.354540305348,0.9997508621766962,0.0005374645754406378
1572.3614846704672,1572.3614846704672,1.0000106137459572,0.000537309166882474
1572.3684290355634,1572.3684290355634,1.0002793458477863,0.0005374612765064062
1572.3753734006375,1572.3753734006375,1.0000049373522375,0.0005369544477568393
1572.3823177656873,1572.3823177656873,1.000275362616994,0.000537050711070499
1572.3892621307134,1572.3892621307134,1.000764186976424,0.0005366314771436101
1572.3962064957282,1572.3962064957282,0.9997658231066229,0.0005371607886670877
1572.4031508607075,1572.4031508607075,0.9992176091818784,0.0005363858103127348
1572.4100952256754,1572.4100952256754,0.9996361120324172,0.0005360807766627317
1572.4170395906328,1572.4170395906328,0.9995504159995579,0.0005360997267387175
1572.423983955543,1572.423983955543,1.0006775316195884,0.0005364215112433616
1572.4309283204414,1572.4309283204414,1.000276910904979,0.0005362406802652752
1572.437872685316,1572.437872685316,1.0003221000679452,0.0005362694807720638
1572.4448170501676,1572.4448170501676,1.0006459870087336,0.0005357721967533108
1572.4517614150077,1572.4517614150077,0.9998619347129694,0.0005355037393519561
1572.4587057798126,1572.4587057798126,1.0001005073508378,0.0005354467547811767
1572.4656501445957,1572.4656501445957,0.9992076737946682,0.0005354452257297044
1572.4725945093774,1572.4725945093774,1.0004431207392777,0.000535354696677174
1572.4795388741243,1572.4795388741243,0.9998078307457756,0.0005353412031432996
1572.486483238848,1572.486483238848,0.9993605967260315,0.0005357385202726787
1572.4934276035597,1572.4934276035597,1.0000755547349,0.0005354169224872189
1572.5003719682368,1572.5003719682368,1.0008915913884844,0.0005356392218007833
1572.5073163329027,1572.5073163329027,0.9998713090303845,0.0005352678025742463
1572.5142606975455,1572.5142606975455,1.0003302163396386,0.0005360119818086752
1572.521205062141,1572.521205062141,1.0001791194046912,0.0005356662219937719
1572.5281494267483,1572.5281494267483,1.0003064836569957,0.0005350930885824599
1572.5350937913204,1572.5350937913204,0.9989650140430651,0.0005352411325298337
1572.5420381558577,1572.5420381558577,0.9999455798826103,0.000535612341445963
1572.5489825203945,1572.5489825203945,1.0008517510868769,0.0005354946835688164
1572.555926884887,1572.555926884887,1.0001665025167672,0.0005350990671349099
1572.5628712493776,1572.5628712493776,0.9996387364731787,0.0005349247154145564
1572.5698156138446,1572.5698156138446,0.9997407400242654,0.0005350135077512206
1572.5767599782776,1572.5767599782776,0.9999045503934159,0.000535136632412999
1572.583704342698,1572.583704342698,0.99940373809627,0.0005348153632725587
1572.5906487070959,1572.5906487070959,1.000912654015639,0.0005362314694845788
1572.5975930714471,1572.5975930714471,1.0001557845850968,0.0005350275878746299
1572.6064818578059,1572.6064818578059,0.9994542577715968,0.0005354858612137871
1572.62120391016,1572.62120391016,1.000409295479561,0.0005350763879598105
1572.6281482744412,1572.6281482744412,0.9999771397806159,0.0005352075584815038
1572.6350926386876,1572.6350926386876,1.0000170927582797,0.0005356262581105578
1572.6420370029336,1572.6420370029336,1.0001939983393044,0.0005353592490978474
1572.6489813671346,1572.6489813671346,0.999843267299531,0.0005354894292912783
1572.655925731323,1572.655925731323,1.0000390415062053,0.0005353577325102553
1572.662870095476,1572.662870095476,0.9999842927866609,0.000535499992060917
1572.6698144596292,1572.6698144596292,0.9996322194030416,0.0005351383174399194
1572.6767588237472,1572.6767588237472,1.000113140714685,0.0005354974553832885
1572.6837031878306,1572.6837031878306,0.9999644111934899,0.0005352712368986419
1572.6906475518906,1572.6906475518906,1.0002885942860031,0.0005356952501818443
1572.6975919159518,1572.6975919159518,0.9999585306156913,0.0005354853792149397
1572.7045362800002,1572.7045362800002,0.9994945067724048,0.0005351423886223361
1572.711480644002,1572.711480644002,1.0001776178936221,0.0005351547024531993
1572.7184250079802,1572.7184250079802,1.0007638441021243,0.0005351734749991834
1572.7253693719472,1572.7253693719472,0.999536756011332,0.0005351670806571615
1572.7323137358908,1572.7323137358908,1.000566103665769,0.0005348088905225045
1572.7392580997991,1572.7392580997991,1.0004683243198325,0.0005345755010648149
1572.7462024636975,1572.7462024636975,0.9997253617935437,0.0005351613062376821
1572.753146827583,1572.753146827583,0.9993444004080658,0.0005347161425395431
1572.760091191422,1572.760091191422,1.0000441964438864,0.0005346604937242394
1572.7670355552493,1572.7670355552493,1.0000880302303914,0.0005341173464850469
1572.773979919041,1572.773979919041,1.0000227658404133,0.000534438563761986
1572.7809242828102,1572.7809242828102,1.0001213300045002,0.0005339801034714494
1572.7878686465795,1572.7878686465795,1.000634795828685,0.0005340683387106896
1572.794813010326,1572.794813010326,1.0000642454059134,0.0005344438474331678
1572.801757374037,1572.801757374037,0.9994512169911474,0.0005339558764243925
1572.808701737736,1572.808701737736,1.0000989880644773,0.0005337117040534849
1572.8156461014,1572.8156461014,1.0002274798159327,0.0005338055372771914
1572.8225904650526,1572.8225904650526,0.9998985535215004,0.0005342731094099692
1572.8295348286701,1572.8295348286701,0.9993655459761548,0.0005337229850914181
1572.8364791922645,1572.8364791922645,1.0002239243092466,0.000534288223955511
1572.8434235558484,1572.8434235558484,1.0004475419236933,0.0005340523477441424
1572.8503679194077,1572.8503679194077,0.9999403041277295,0.0005336333795529285
1572.8573122829325,1572.8573122829325,0.9998406405168444,0.000533734880072316
1572.8642566464569,1572.8642566464569,0.9998845339825705,0.0005333320544531374
1572.8712010099464,1572.8712010099464,0.9999106285186468,0.0005333892281354552
1572.878145373401,1572.878145373401,1.000188936460931,0.0005335865240990332
1572.8850897368438,1572.8850897368438,0.9999304628618108,0.0005333906614182534
1572.8920341002533,1572.8920341002533,0.9997825894249072,0.0005332206549127267
1572.8989784636499,1572.8989784636499,1.0006156275352935,0.000533512136891966
1572.905922827023,1572.905922827023,0.9998721593598212,0.0005332534608835082
1572.9128671903613,1572.9128671903613,0.9991565128737125,0.0005332957660119139
1572.9198115536992,1572.9198115536992,1.000084969020996,0.0005334628520892016
1572.9267559170025,1572.9267559170025,1.000522712023833,0.0005334877479850118
1572.9337002802827,1572.9337002802827,0.9999377919962453,0.0005330064739460713
1572.94064464354,1572.94064464354,1.0000788045574556,0.0005328280453581375
1572.9475890067856,1572.9475890067856,0.9997433683518547,0.0005332593115461623
1572.9545333699957,1572.9545333699957,1.0000896836690092,0.0005337332439560709
1572.9614777331824,1572.9614777331824,0.9998008660590678,0.0005327145161674051
1572.968422096358,1572.968422096358,1.0002769723912885,0.0005331795866216359
1572.9753664594978,1572.9753664594978,1.0002301028251785,0.0005330964676511657
1572.982310822615,1572.982310822615,0.9996254327420703,0.000532580992086374
1572.9892551857213,1572.9892551857213,1.0011667907525854,0.0005333084455105757
1572.9961995487806,1572.9961995487806,0.999807792472468,0.0005331807874058795
1573.0031439118397,1573.0031439118397,0.999366217325016,0.0005334256663930583
1573.0100882748634,1573.0100882748634,0.9996885183228071,0.0005329804182161049
1573.0170326378757,1573.0170326378757,0.9995416290923069,0.0005333298732582969
1573.023977000853,1573.023977000853,1.000313150235471,0.0005334194402746336
1573.0309213638184,1573.0309213638184,1.0000148704649767,0.0005331475674600665
1573.0378657267495,1573.0378657267495,1.0006046939264328,0.0005333228103837854
1573.0448100896815,1573.0448100896815,1.0002472544805232,0.0005333739365169894
1573.0517544525771,1573.0517544525771,0.9999499324861464,0.0005334727879550298
1573.058698815415,1573.058698815415,0.998992940160526,0.0005328616569421601
1573.0656431782754,1573.0656431782754,0.9990766967349384,0.0005324669996014015
1573.07258754109,1573.07258754109,0.99995580645646,0.0005327749731401232
1573.0795319038928,1573.0795319038928,1.0003210815557666,0.0005324998566392391
1573.0864762666602,1573.0864762666602,1.0005751078857363,0.0005329451162484689
1573.0934206294176,1573.0934206294176,0.9998844849287197,0.0005325469967634546
1573.1003649921504,1573.1003649921504,0.9995205921061704,0.0005324653745346289
1573.1073093548487,1573.1073093548487,1.0009461527377206,0.0005325703416604634
1573.1142537175233,1573.1142537175233,1.0002484128995943,0.0005325650607987082
1573.1211980801977,1573.1211980801977,1.0003912091674247,0.0005325071963473747
1573.128142442826,1573.128142442826,0.9997854509767917,0.0005322463514452399
1573.1350868054656,1573.1350868054656,0.9988887759246055,0.0005320664045620671
1573.1420311680126,1573.1420311680126,0.9999497893586403,0.0005319029967144403
1573.1489755305952,1573.1489755305952,1.000368147701097,0.000532064898629142
1573.1559198931418,1573.1559198931418,1.0005334420976688,0.0005323666474878001
1573.162864255653,1573.162864255653,0.9995777386087402,0.0005315660618791357
1573.1698086181532,1573.1698086181532,0.9992594291681561,0.0005320470849864817
1573.1767529806416,1573.1767529806416,0.9994420722902,0.0005320152464887558
1573.1836973430716,1573.1836973430716,1.0010901086916018,0.0005321413092933297
1573.1906417055138,1573.1906417055138,1.0004438064610786,0.0005318402286520618
1573.1975860679097,1573.1975860679097,1.0001538972731465,0.0005315499848055281
1573.2045304302937,1573.2045304302937,0.9995380834228407,0.0005316816833306339
1573.2114747926544,1573.2114747926544,0.9998644826197376,0.0005314334182875548
1573.2184191549793,1573.2184191549793,1.0003419678332444,0.0005316930757130107
1573.2253635172933,1573.2253635172933,0.9994768321453655,0.0005318422099139189
1573.2323078795837,1573.2323078795837,1.0003373520255754,0.0005316421049796096
1573.2392522418393,1573.2392522418393,1.0002101866242445,0.0005315089881228515
1573.2461966040833,1573.2461966040833,0.9998504503262782,0.0005317953847736514
1573.2531409662936,1573.2531409662936,0.9998154687917384,0.0005311749134402324
1573.2600853285026,1573.2600853285026,1.0002891550186934,0.0005315122744774446
1573.2670296906645,1573.2670296906645,0.9994893841409176,0.0005313936231177509
1573.2739740528154,1573.2739740528154,0.9998348789054734,0.0005309737040539427
1573.2809184149314,1573.2809184149314,1.0003334733601112,0.0005314123453931986
1573.2878627770356,1573.2878627770356,1.000414932981137,0.0005311676816384231
1573.294807139105,1573.294807139105,0.9999058001603712,0.0005309587376214009
1573.3017515011745,1573.3017515011745,0.9997193973114975,0.0005311364858530369
1573.3086958631982,1573.3086958631982,1.0006063062046777,0.0005309780460801887
1573.3156402252093,1573.3156402252093,0.9995733436413005,0.0005316735314023171
1573.3225845871852,1573.3225845871852,1.000236470441332,0.0005309389609447446
1573.3295289491382,1573.3295289491382,0.9998525942179419,0.0005308742234832304
1573.3364733110798,1573.3364733110798,0.9993526870079095,0.0005305630022914989
1573.3434176729972,1573.3434176729972,1.0001294764185304,0.0005308780827248011
1573.3503620348802,1573.3503620348802,1.0002941654553348,0.0005307999883946126
1573.3573063967526,1573.3573063967526,0.9994061810520372,0.0005307476454633552
1573.3642507585894,1573.3642507585894,0.9994264501659123,0.000530352462431411
1573.3711951204027,1573.3711951204027,1.000448185719351,0.0005303649610076601
1573.3781394822042,1573.3781394822042,1.0011072380958423,0.0005308387793507001
1573.385083843982,1573.385083843982,1.0001513845457208,0.0005308245795214145
1573.3920282057259,1573.3920282057259,1.0006184457806504,0.0005297640753096813
1573.3989725674571,1573.3989725674571,0.9991990651408484,0.0005301243139294215
1573.4059169291424,1573.4059169291424,1.0009573432755166,0.0005301817260015822
1573.4128612908285,1573.4128612908285,0.9986842980699724,0.0005297572348065283
1573.4198056524788,1573.4198056524788,0.9994674691968747,0.0005296105253151491
1573.4267500141061,1573.4267500141061,0.9996847640806811,0.0005300167310024056
1573.4336943757214,1573.4336943757214,1.0004168745757138,0.0005296905625288083
1573.4406387373015,1573.4406387373015,0.9998766891529762,0.0005299971378555708
1573.4475830988586,1573.4475830988586,1.0005683322029801,0.0005298505096209496
1573.4545274604038,1573.4545274604038,1.0004772163471378,0.0005294678694344448
1573.4614718219027,1573.4614718219027,0.99998928698055,0.0005293688535548815
1573.468416183379,1573.468416183379,0.999990608989982,0.0005302155550260382
1573.4753605448784,1573.4753605448784,0.999405043028206,0.0005292059554417809
1573.4823049063193,1573.4823049063193,0.9995285499028272,0.0005289066562315754
1573.4892492677131,1573.4892492677131,1.0003736408024706,0.0005293560037240688
1573.4961936291072,1573.4961936291072,1.0002997742906703,0.0005296265982144113
1573.5031379904897,1573.5031379904897,1.000415405380186,0.0005295677871011485
1573.5100823518255,1573.5100823518255,0.9997183662017054,0.0005293039392063017
1573.51702671315,1573.51702671315,1.0000652722304255,0.0005291848542535214
1573.523971074451,1573.523971074451,0.9994795915690439,0.0005288318370628923
1573.5309154357296,1573.5309154357296,1.0002817251599354,0.0005290044003466854
1573.5378597969727,1573.5378597969727,0.9994660934900559,0.0005287571547939296
1573.5448041582035,1573.5448041582035,0.9997999113567821,0.0005292108714373199
1573.5517485194111,1573.5517485194111,1.0003075704219175,0.0005284567851210843
1573.5586928805958,1573.5586928805958,1.0004785988123461,0.0005284623558001654
1573.5656372417452,1573.5656372417452,1.000428659117635,0.0005288748937339973
1573.572581602895,1573.572581602895,1.0000677724573013,0.0005289045038400353
1573.5795259639865,1573.5795259639865,1.0000746477348934,0.00052861047891549
1573.5864703250672,1573.5864703250672,0.9994231882668686,0.0005284698816779846
1573.5934146861355,1573.5934146861355,1.0004039176603623,0.0005282476248011463
1573.6003590471803,1573.6003590471803,1.0001449291200577,0.0005288843423601677
1573.6073034081903,1573.6073034081903,0.9989262718996048,0.000528395850919945
1573.614247769177,1573.614247769177,1.0000427596208785,0.0005284691325997871
1573.6211921301517,1573.6211921301517,1.0001364202249605,0.0005287956753738919
1573.62813649108,1573.62813649108,1.0001853723453544,0.0005285023839701431
1573.6350808520087,1573.6350808520087,0.9996810928606623,0.0005282674168323156
1573.6420252128914,1573.6420252128914,1.0002330384903932,0.000528416167434353
1573.6489695737969,1573.6489695737969,1.0001335615093763,0.0005280997137595158
1573.6559139346205,1573.6559139346205,1.0008101071713151,0.0005279451938652548
1573.662858295444,1573.662858295444,0.999262174077112,0.0005282042414205576
1573.6698026562444,1573.6698026562444,1.0000954852894828,0.0005278093284047902
1573.6767470170214,1573.6767470170214,0.999430009509223,0.0005281478177090494
1573.6836913777752,1573.6836913777752,1.0001255072489568,0.00052809560155872
1573.6906357384944,1573.6906357384944,1.0006273582756042,0.0005280441887337929
1573.6975800992018,1573.6975800992018,1.0003850265373482,0.0005284042957033744
1573.7045244598867,1573.7045244598867,0.9995340333452238,0.0005279163757201193
1573.711468820547,1573.711468820547,0.9998658277709402,0.0005284942380050885
1573.7184131811732,1573.7184131811732,0.9997898312128932,0.0005280356887272938
1573.7253575417872,1573.7253575417872,0.9999783865837832,0.0005280528683780238
1573.7323019023545,1573.7323019023545,1.0002991163172417,0.0005281825492688472
1573.739246262922,1573.739246262922,1.0000778754914008,0.0005282933115746348
1573.7461906234662,1573.7461906234662,0.9997898053672557,0.0005281327776177229
1573.7531349839755,1573.7531349839755,0.999733772257786,0.0005287239097101515
1573.760079344474,1573.760079344474,1.0002454216803158,0.0005281261366042753
1573.7670237049374,1573.7670237049374,0.9998748913976471,0.000528368528755569
1573.7739680653651,1573.7739680653651,1.0000759735831437,0.0005285000697222593
1573.7809124257928,1573.7809124257928,1.0005318097328373,0.0005279515651542151
1573.7878567861742,1573.7878567861742,0.9990146235835837,0.0005278939461506824
1573.7948011465555,1573.7948011465555,0.9998587791108156,0.000528066921014425
1573.801745506902,1573.801745506902,1.0001970507627793,0.0005285251492339797
1573.8086898672132,1573.8086898672132,0.9999286066682131,0.0005279181828921969
1573.8156342275363,1573.8156342275363,0.9998024451028911,0.0005284004661107911
1573.8225785878026,1573.8225785878026,1.000281192341365,0.0005281984381042078
1573.8295229480323,1573.8295229480323,1.000483823880577,0.0005282675454364668
1573.8364673082624,1573.8364673082624,0.9992371560294281,0.0005280053111464789
1573.843411668469,1573.843411668469,0.9999127032117825,0.0005277063680957558
1573.8503560286404,1573.8503560286404,0.999732805673078,0.0005281826343767964
1573.8573003888007,1573.8573003888007,1.0000993340706992,0.000527712919893882
1573.8642447489256,1573.8642447489256,1.0006343949136192,0.0005282675960225344
1573.8711891090277,1573.8711891090277,0.999698614043489,0.0005280717990446104
1573.878133469118,1573.878133469118,1.0004273788947944,0.0005281891678791536
1573.8850778291742,1573.8850778291742,0.9996652743084745,0.000528048622827859
1573.8920221891947,1573.8920221891947,1.00021022832347,0.0005282094082612687
1573.8989665492268,1573.8989665492268,0.9996229618562745,0.0005278682298248921
1573.9059109092123,1573.9059109092123,0.9998071458102273,0.0005281727617081177
1573.9128552691393,1573.9128552691393,0.999992576047571,0.0005278301605197572
1573.91979962909,1573.91979962909,1.00032249247638,0.0005281522352633647
1573.9267439890057,1573.9267439890057,0.9995253048845696,0.0005281387450119257
1573.933688348886,1573.933688348886,1.0001507220262473,0.0005281491451606471
1573.9406327087436,1573.9406327087436,1.0004385807470535,0.0005286054693930362
1573.9475770685908,1573.9475770685908,1.000209699259574,0.0005280263194660481
1573.954521428413,1573.954521428413,0.9997386139687652,0.0005279875657433507
1573.9614657882007,1573.9614657882007,1.0000712708590238,0.0005283111887953304
1573.9684101479647,1573.9684101479647,1.0000626846532503,0.0005278932078038119
1573.9753545077176,1573.9753545077176,0.999490005233665,0.0005279424815713663
1573.9822988674237,1573.9822988674237,1.0000423608034599,0.0005285147031488669
1573.9892432271179,1573.9892432271179,1.0000918486516237,0.0005282105992455196
1573.9961875868007,1573.9961875868007,0.9995278906773544,0.0005277822022443698
1574.0031319464367,1574.0031319464367,1.0008253902308937,0.0005283711180634413
1574.0100763060623,1574.0100763060623,0.9998839946431193,0.0005281363672096555
1574.0170206656642,1574.0170206656642,0.9998509520530762,0.000527765227942273
1574.0239650252304,1574.0239650252304,0.9992968202393563,0.0005279105613545624
1574.030909384785,1574.030909384785,1.000118807857691,0.0005281197189930069
1574.0378537443164,1574.0378537443164,1.0001796277109753,0.0005278632870442424
1574.0447981038244,1574.0447981038244,1.000744406049894,0.0005284918534878699
1574.0517424632978,1574.0517424632978,1.0002404031804222,0.0005278230688087069
1574.058686822736,1574.058686822736,0.9998943597046146,0.0005279329054469987
1574.065631182186,1574.065631182186,1.0000856366755528,0.0005284132961510472
1574.07257554159,1574.07257554159,0.9996759707043148,0.0005281739762236719
1574.0795199009594,1574.0795199009594,0.999825386275656,0.0005279140161639123
1574.086464260316,1574.086464260316,0.999907327636199,0.0005279816473981217
1574.0934086196496,1574.0934086196496,1.0003566149707344,0.0005284248316224824
1574.100352978948,1574.100352978948,1.0001033769980423,0.000528353560753644
1574.107297338235,1574.107297338235,0.9996930145343004,0.0005279755785606194
1574.1142416974985,1574.1142416974985,1.0005054713341495,0.0005281150930988121
1574.121186056727,1574.121186056727,1.0006130714268158,0.0005285985219772641
1574.1281304159327,1574.1281304159327,0.9999772294336339,0.0005284444744115861
1574.1350747751264,1574.1350747751264,0.9996937329621092,0.0005283148832641975
1574.1420191342868,1574.1420191342868,0.9999431913675,0.0005287281776856785
1574.1489634933992,1574.1489634933992,0.9996448833775465,0.0005279744766438693
1574.1559078525113,1574.1559078525113,0.9999377772479935,0.0005279457397610718
1574.1628522116239,1574.1628522116239,0.9999302468374003,0.0005280677665871016
1574.1697965706894,1574.1697965706894,0.9998763625812069,0.000528231537782749
1574.1767409297204,1574.1767409297204,1.0007165232328519,0.000528090619681958
1574.1836852887395,1574.1836852887395,0.9993695305277077,0.0005277058658441128
1574.1906296477352,1574.1906296477352,1.0001616737584942,0.0005281179074035563
1574.1975740066964,1574.1975740066964,1.0003468569838216,0.0005287447573082446
1574.2045183656346,1574.2045183656346,1.000232826261118,0.0005279057420023635
1574.2114627245614,1574.2114627245614,0.9996313547171469,0.0005281658472200486
1574.2184070834526,1574.2184070834526,1.000211331355331,0.000527880507949121
1574.2253514423087,1574.2253514423087,1.0005018919203732,0.000528018943044396
1574.2322958011766,1574.2322958011766,0.9994588287875976,0.0005282426450558839
1574.239240159998,1574.239240159998,0.9996258934276799,0.0005284213186468058
1574.2461845187731,1574.2461845187731,0.9995482868864125,0.0005284008511025474
1574.2531288775474,1574.2531288775474,1.0000554124155236,0.0005279252319137915
1574.260073236299,1574.260073236299,1.0001690971465431,0.0005285345038748731
1574.2670175950152,1574.2670175950152,1.0003393651741257,0.0005280758662957674
1574.2739619537092,1574.2739619537092,1.0006104137736769,0.0005286060834081568
1574.2809063123918,1574.2809063123918,0.999591773827954,0.0005274881207021656
1574.287850671038,1574.287850671038,1.0005986640234856,0.0005283295879306841
1574.2947950296616,1574.2947950296616,0.9997270728570495,0.0005283571443992624
1574.3017393882615,1574.3017393882615,0.9993516499806256,0.0005281741712695129
1574.3086837468384,1574.3086837468384,0.9998075333208096,0.0005279511528456775
1574.315628105404,1574.315628105404,1.0002441832119773,0.000527766945112353
1574.3225724639337,1574.3225724639337,0.9992122350615933,0.0005278005217149974
1574.329516822406,1574.329516822406,1.0008778519535242,0.0005281154656084144
1574.3364611808897,1574.3364611808897,1.0000645944382973,0.0005279130452300027
1574.3434055393504,1574.3434055393504,1.000665591021618,0.0005278471168270159
1574.3503498977768,1574.3503498977768,0.9999246876002692,0.0005283094459040601
1574.3572942561789,1574.3572942561789,0.9999216478661989,0.0005278437888470495
1574.364238614558,1574.364238614558,0.9995803382856282,0.0005281977418216827
1574.3711829729136,1574.3711829729136,0.99962520137443,0.0005275824117873283
1574.378127331234,1574.378127331234,0.9999120579802142,0.0005281831914531797
1574.385071689543,1574.385071689543,0.9999505440516048,0.0005282014406055162
1574.3920160478406,1574.3920160478406,1.0000058556486704,0.0005280029945517634
1574.3989604060798,1574.3989604060798,0.9999482734827065,0.0005279288161515313
1574.4059047643193,1574.4059047643193,1.0004172505365565,0.0005279746486142766
1574.4128491225233,1574.4128491225233,1.000054903431645,0.0005281273857645728
1574.4197934807057,1574.4197934807057,1.000969344504088,0.0005284292541205621
1574.4267378388636,1574.4267378388636,0.9999977666499535,0.0005282147156980136
1574.4336821969978,1574.4336821969978,0.9997453912018448,0.0005282533810425304
1574.4406265550974,1574.4406265550974,0.9992796824517723,0.0005285112392093675
1574.4475709131852,1574.4475709131852,1.000461704930249,0.0005284132837156938
1574.4545152712612,1574.4545152712612,0.9995600957312172,0.0005280661801840311
1574.4614596292795,1574.4614596292795,1.0002623180868664,0.0005285852603280532
1574.4684039872973,1574.4684039872973,1.0000753558627582,0.0005284942903995221
1574.475348345269,1574.475348345269,1.0001656756039226,0.0005281041712626128
1574.4822927032637,1574.4822927032637,0.9996857683242893,0.0005281306902316412
1574.489237061166,1574.489237061166,1.0005722322129862,0.0005282237259522234
1574.4961814190915,1574.4961814190915,0.9999114217333936,0.0005282748757843873
1574.50312577697,1574.50312577697,1.0002708127120141,0.0005281985451945116
1574.510070134848,1574.510070134848,0.9998904432283269,0.0005280154211781811
1574.5170144926683,1574.5170144926683,0.9997529397664315,0.0005279252686519849
1574.523958850488,1574.523958850488,1.000148152366913,0.0005280649098315231
1574.5309032082735,1574.5309032082735,0.99991827865452,0.0005278081175814974
1574.5378475660352,1574.5378475660352,0.9996806632929012,0.000528196371655005
1574.5447919237738,1574.5447919237738,0.9998529411710312,0.0005277415820372213
1574.5517362814892,1574.5517362814892,1.000186014042034,0.00052764026908034
1574.5586806391811,1574.5586806391811,1.0000634531077262,0.0005281204174604713
1574.5656249968397,1574.5656249968397,1.0000432302846454,0.0005283036811737653
1574.5725693544969,1574.5725693544969,1.0003601282846102,0.0005282217546191308
1574.5795137120958,1574.5795137120958,1.0001449049544584,0.0005277369278590398
1574.5864580696834,1574.5864580696834,0.9998069238290836,0.0005279245802354022
1574.593402427259,1574.593402427259,1.0000809021830033,0.0005283641895307413
1574.6003467847877,1574.6003467847877,0.9996551323327832,0.0005277484239348486
1574.6072911423055,1574.6072911423055,0.9996623836740122,0.0005280459125794688
1574.6142354997992,1574.6142354997992,1.0006177381748382,0.0005280895519044593
1574.6211798572588,1574.6211798572588,0.9995617250637109,0.0005282669138296582
1574.6281242147065,1574.6281242147065,1.0004449439403857,0.0005288541553319436
1574.6350685721304,1574.6350685721304,0.9999987493701926,0.0005281706973923076
1574.642012929498,1574.642012929498,1.0003603122115332,0.0005280266699502972
1574.6489572868638,1574.6489572868638,0.9994381433454812,0.0005280360510829185
1574.6559016442302,1574.6559016442302,0.9995431758005171,0.0005280218111506539
1574.6628460015381,1574.6628460015381,1.0000652138828763,0.0005280519863100177
1574.6697903588229,1574.6697903588229,0.9997416030056193,0.0005282114757912729
1574.6767347160953,1574.6767347160953,1.0004642836038422,0.0005281046106439257
1574.6836790733337,1574.6836790733337,1.0002359818380446,0.0005281170043596624
1574.6906234305482,1574.6906234305482,1.0000551853339852,0.0005283032756318571
1574.6975677877513,1574.6975677877513,1.0005132556321386,0.0005280604358895702
1574.7045121449198,1574.7045121449198,0.9993764360812346,0.0005278381825451338
1574.7114565020645,1574.7114565020645,1.0005411718490251,0.0005286882160928704
1574.7184008591869,1574.7184008591869,0.9992357250303741,0.00052849091113173
1574.7253452162627,1574.7253452162627,0.9998210535097078,0.0005282033570306788
1574.7322895733373,1574.7322895733373,0.9999627935506353,0.0005282973477542982
1574.7392339303894,1574.7392339303894,1.0003699579450773,0.0005280376277262834
1574.7461782874063,1574.7461782874063,1.0001533681812005,0.0005285006071818435
1574.7531226443882,1574.7531226443882,1.000324189446651,0.0005285132975445804
1574.7600670013585,1574.7600670013585,0.9999146584400596,0.0005279139174978409
1574.767011358317,1574.767011358317,0.9995582034110301,0.0005279060245473844
1574.7739557152174,1574.7739557152174,0.9999711035133713,0.0005283133403699157
1574.7809000721295,1574.7809000721295,0.9995541426737106,0.0005285066101553433
1574.7878444289834,1574.7878444289834,1.0002576467592197,0.0005278968900863157
1574.7947887858259,1574.7947887858259,1.000044190428686,0.000528244599961874
1574.8017331426342,1574.8017331426342,1.0004590095449666,0.0005280481938648199
1574.8086774994183,1574.8086774994183,1.0001214556545102,0.0005281872058300706
1574.8156218562021,1574.8156218562021,0.9995713521055786,0.0005282315068735741
1574.8225662129514,1574.8225662129514,1.000966746904779,0.0005280479926078835
1574.8295105696775,1574.8295105696775,0.9994297284003808,0.0005284850602203796
1574.8364549263563,1574.8364549263563,0.9991392975227248,0.0005285863464071116
1574.8433992830355,1574.8433992830355,1.000189575616937,0.0005280014494212701
1574.8503436396684,1574.8503436396684,1.000448624339652,0.0005278298849813262
1574.857287996289,1574.857287996289,0.9997049764905099,0.0005281593359887351
1574.864232352887,1574.864232352887,0.9996457717729001,0.0005282316707187955
1574.87117670945,1574.87117670945,1.0005484873547497,0.0005282785773037758
1574.8781210659897,1574.8781210659897,1.0004683735385949,0.0005281409566210817
1574.8850654225305,1574.8850654225305,1.0003298023547675,0.0005279222869870547
1574.8920097790233,1574.8920097790233,1.000195095348424,0.0005279450275384976
1574.898954135458,1574.898954135458,0.999943023387749,0.0005284687167197465
1574.905898491916,1574.905898491916,0.9995003132374416,0.0005281146281225133
1574.9128428483277,1574.9128428483277,0.9993858792647476,0.0005280200207244213
1574.9197872047157,1574.9197872047157,0.9997704774906296,0.0005281773300583609
1574.9267315610923,1574.9267315610923,0.9998745122991306,0.0005279378772448356
1574.933675917434,1574.933675917434,1.0006733025343242,0.0005287527361723494
1574.9406202737523,1574.9406202737523,0.9994993488005577,0.0005279525896477065
1574.9475646300357,1574.9475646300357,1.0000890701272258,0.0005282141242690707
1574.954508986296,1574.954508986296,1.0000045309298409,0.000527962733178962
1574.9614533425563,1574.9614533425563,1.0005891413736585,0.0005284485839267618
1574.9683976987594,1574.9683976987594,1.000619510032986,0.0005281166520797395
1574.9753420549612,1574.9753420549612,0.9996741356683625,0.0005279267655943179
1574.9822864111052,1574.9822864111052,0.9998586118244941,0.0005283259043917701
1574.9892307672603,1574.9892307672603,0.9995688068192397,0.0005279223057371275
1574.9961751233693,1574.9961751233693,0.9997074260367086,0.0005279188341455019
1575.003119479466,1575.003119479466,0.9997159022008107,0.0005277863077160362
1575.0100638355168,1575.0100638355168,1.0000053723830429,0.0005280789514835874
1575.0170081915676,1575.0170081915676,1.0005018366684797,0.0005280565516423027
1575.0239525475831,1575.0239525475831,1.0004590396652404,0.0005281434849145783
1575.030896903564,1575.030896903564,1.0001357031755602,0.0005284082526472604
1575.0378412595328,1575.0378412595328,0.9997357765264324,0.0005279557095031218
1575.0447856154672,1575.0447856154672,0.9994163544414428,0.0005275215150420886
1575.0517299713788,1575.0517299713788,0.9995868407480485,0.0005279917097391052
1575.058674327267,1575.058674327267,1.0007125883928798,0.0005279555486358704
1575.0656186831316,1575.0656186831316,0.9996356119264128,0.0005280480046330945
1575.0725630389609,1575.0725630389609,1.0005869648559471,0.0005280548979878028
1575.0795073947668,1575.0795073947668,1.000050750226636,0.0005279909326554773
1575.086451750573,1575.086451750573,0.9998406430488661,0.0005280255744292098
1575.0933961063208,1575.0933961063208,0.9996716382021626,0.000528035284390959
1575.1003404620574,1575.1003404620574,1.0002382710035889,0.0005278961634563568
1575.1072848177705,1575.1072848177705,1.0008476578792205,0.0005281617380909659
1575.1142291734486,1575.1142291734486,0.9994353815368144,0.0005281680195103145
1575.1211735290913,1575.1211735290913,1.0000041072260442,0.0005285045339818233
1575.128117884758,1575.128117884758,1.0001841239548461,0.0005280244232080298
1575.135062240331,1575.135062240331,0.9992561041921528,0.0005279153762603473
1575.14200659594,1575.14200659594,1.0004009940597822,0.0005281342468221298
1575.1489509514909,1575.1489509514909,0.9994628209609168,0.0005280608831442262
1575.1558953070175,1575.1558953070175,0.9999115779443816,0.0005284316430156754
1575.1628396625324,1575.1628396625324,1.0001092343359537,0.0005287236434469382
1575.1697840180125,1575.1697840180125,1.0009524713595823,0.0005281658631927497
1575.1767283734694,1575.1767283734694,0.9999270337663667,0.0005280939729840411
1575.1836727288917,1575.1836727288917,0.9996343285814542,0.000528193542696371
1575.190617084302,1575.190617084302,1.0000930001903758,0.0005280998069233965
1575.197561439689,1575.197561439689,0.9995606273584148,0.0005282403866043618
1575.2045057950174,1575.2045057950174,1.0003444290036407,0.0005279162421992156
1575.2114501503465,1575.2114501503465,0.9997125257860653,0.0005279314030444233
1575.2183945056636,1575.2183945056636,0.9995871008662677,0.0005279331664664113
1575.2253388609342,1575.2253388609342,0.9997805385485758,0.0005283146177413861
1575.2322832161935,1575.2322832161935,1.0006760062028317,0.0005281661451613706
1575.2392275714187,1575.2392275714187,1.0005090726069898,0.0005283462850408016
1575.246171926631,1575.246171926631,1.0000897070238077,0.0005281051865310916
1575.2531162817968,1575.2531162817968,1.0000721535555193,0.0005277859296065174
1575.260060636951,1575.260060636951,0.9993323059608267,0.0005278889103284839
1575.2670049920703,1575.2670049920703,1.0002980622241826,0.0005278533294766364
1575.2739493471668,1575.2739493471668,0.9995679909705112,0.0005280872528039364
1575.280893702239,1575.280893702239,1.0005583181547273,0.0005282022329426983
1575.2878380572768,1575.2878380572768,0.9995718718071552,0.0005277473736519984
1575.2947824123146,1575.2947824123146,0.9997759225605309,0.0005279710175702712
1575.3017267672938,1575.3017267672938,0.9999670869915948,0.0005278745697115636
1575.3086711222622,1575.3086711222622,1.0001641638024246,0.0005280380490357286
1575.3156154772187,1575.3156154772187,1.0004487809823204,0.0005280581439646567
1575.322559832128,1575.322559832128,1.0000934834636357,0.0005279250112056141
1575.3295041870265,1575.3295041870265,0.9996829918318404,0.0005283784134148284
1575.3364485418904,1575.3364485418904,0.9993118291117696,0.0005280674240476346
1575.3433928967422,1575.3433928967422,1.0006204234194773,0.0005280337992282814
1575.3503372515474,1575.3503372515474,1.0005516890295727,0.0005283537733333276
1575.3572816063404,1575.3572816063404,1.0002288905104828,0.0005283548257718521
1575.364225961122,1575.364225961122,0.9997379205693994,0.0005281877859821994
1575.3711703158574,1575.3711703158574,1.0001592522698144,0.0005281826257612453
1575.3781146705574,1575.3781146705574,1.0010350005672115,0.0005281482190943628
1575.3850590252343,1575.3850590252343,0.9989666654947131,0.0005279165128777094
1575.392003379911,1575.392003379911,0.9999688637146094,0.0005282847214966874
1575.3989477345417,1575.3989477345417,0.9994586663041198,0.0005277502469689802
1575.405892089149,1575.405892089149,1.0003197678749003,0.000528024377826295
1575.4128364437324,1575.4128364437324,0.9997546607878315,0.000528286224889584
1575.4197807983046,1575.4197807983046,0.9999706838444749,0.000528231231832088
1575.4267251528297,1575.4267251528297,1.0003791081077382,0.0005280720818942002
1575.4336695073332,1575.4336695073332,1.0003070527429485,0.0005280054306433984
1575.4406138618244,1575.4406138618244,0.9999847919466756,0.0005278461580036867
1575.4475582162797,1575.4475582162797,1.0006727269902147,0.0005284174674583397
1575.4545025707007,1575.4545025707007,0.9997384560795751,0.0005282261203679369
1575.4614469251096,1575.4614469251096,0.9994850190230679,0.0005282515914900362
1575.468391279484,1575.468391279484,0.9996400673630766,0.0005281286776421081
1575.4753356338351,1575.4753356338351,0.9999066526570883,0.0005283514073842193
1575.4822799881626,1575.4822799881626,0.9999642459709026,0.0005283533998395294
1575.4892243424554,1575.4892243424554,1.000257035239399,0.0005282892974987199
1575.4961686967367,1575.4961686967367,1.0000527678836142,0.0005282315157555805
1575.5031130509826,1575.5031130509826,1.0005851504649659,0.0005281848226369809
1575.5100574052053,1575.5100574052053,0.9994186592625978,0.0005278909238261543
1575.5170017593816,1575.5170017593816,0.9993916797634472,0.0005280984575538072
1575.5239461135466,1575.5239461135466,1.0007201351301125,0.0005283579634814211
1575.5308904677113,1575.5308904677113,1.0001293032261798,0.0005281212560593164
1575.5378348218298,1575.5378348218298,1.0005186682352583,0.000528216745893847
1575.5447791759252,1575.5447791759252,0.9996825076037487,0.0005278303264202653
1575.5517235299972,1575.5517235299972,0.9995552090087287,0.0005284171619462941
1575.5586678840336,1575.5586678840336,1.000446344973892,0.0005281880601857928
1575.565612238047,1575.565612238047,1.0000423675421848,0.0005284809854895072
1575.572556592037,1575.572556592037,0.9993509826834674,0.0005278767806896373
1575.5795009460037,1575.5795009460037,1.0004705837605665,0.0005284665348905503
1575.5864452999353,1575.5864452999353,1.0001271547980806,0.0005279436358853324
1575.5933896538556,1575.5933896538556,0.9991487196102111,0.0005279233883543217
1575.600334007729,1575.600334007729,0.9993936927184498,0.000527874384026417
1575.6072783616032,1575.6072783616032,1.000573728995631,0.0005284551437180955
1575.6142227154185,1575.6142227154185,1.001026249084635,0.0005282396262631129
1575.6211670692223,1575.6211670692223,1.0000723921670915,0.0005277910149371525
1575.6281114230023,1575.6281114230023,0.9997418115311968,0.0005279754679298649
1575.6350557767598,1575.6350557767598,1.0001462749921441,0.0005280954260044466
1575.6420001304937,1575.6420001304937,0.9997964223748902,0.0005280201119625468
1575.6489444841816,1575.6489444841816,0.9996734250611997,0.0005278900046613537
1575.65588883787,1575.65588883787,0.9999053563648571,0.0005283254963923098
1575.6628331915108,1575.6628331915108,0.9999057686765696,0.0005283515353048699
1575.669777545128,1575.669777545128,1.0001481798047311,0.000528011116140342
1575.6767218987109,1575.6767218987109,1.0000127226904403,0.0005283403482932345
1575.6836662522933,1575.6836662522933,0.9995175536120893,0.0005281236826052111
1575.6906106058527,1575.6906106058527,1.0002376155889525,0.0005281956903308673
1575.6975549593658,1575.6975549593658,1.0000668653854106,0.0005281973581792354
1575.7044993128663,1575.7044993128663,1.0000500430814467,0.0005278287556704587
1575.711443666321,1575.711443666321,1.0001448861687456,0.000527812620230939
1575.7183880197522,1575.7183880197522,0.9998337661793322,0.0005280073951550366
1575.7253323731832,1575.7253323731832,1.0000676883450272,0.0005280503935045002
1575.7381099833913,1575.7381099833913,0.9998849282928447,0.0005282045226429577
1575.7489431745726,1575.7489431745726,1.000336931723055,0.0005282425272396615
1575.7558875278642,1575.7558875278642,0.9997094395085849,0.0005282727830166715
1575.7628318811558,1575.7628318811558,0.9999772793304917,0.0005278271275159104
1575.7697762344021,1575.7697762344021,0.9996250589733371,0.0005282915637411093
1575.7767205876123,1575.7767205876123,1.0005828465264957,0.0005278990975855902
1575.7836649408105,1575.7836649408105,1.0007366313359771,0.0005282512681124523
1575.790609293986,1575.790609293986,0.999424684478757,0.0005282088729010664
1575.7975536471142,1575.7975536471142,1.000036109245908,0.0005282737839967941
1575.8044980002312,1575.8044980002312,0.9997488086903792,0.0005282734197898129
1575.8114423533132,1575.8114423533132,0.9994965905468163,0.0005280888557584718
1575.8183867063833,1575.8183867063833,1.000953364458939,0.0005281240749547616
1575.825331059396,1575.825331059396,1.0005074206475553,0.0005284208954905778
1575.8322754124313,1575.8322754124313,0.9997137631245862,0.0005280422450775405
1575.8392197653852,1575.8392197653852,1.0005412209827436,0.000528404039178141
1575.8461641183508,1575.8461641183508,0.9996465921373293,0.0005278819930734576
1575.8531084712813,1575.8531084712813,0.9999735110924629,0.0005279858821562628
1575.860052824177,1575.860052824177,1.000859327298471,0.0005281910945478702
1575.8669971770496,1575.8669971770496,0.9992828111929967,0.000528317798561855
1575.87394152991,1575.87394152991,0.9997114875555001,0.0005280828923312976
1575.8808858827244,1575.8808858827244,1.000328012353339,0.0005280308096387087
1575.8878302355274,1575.8878302355274,1.0004127979598518,0.0005279354553604456
1575.8947745882847,1575.8947745882847,1.0001623924292462,0.000528049698542242
1575.9017189410522,1575.9017189410522,1.0002384235548647,0.0005280733987397961
1575.908663293762,1575.908663293762,1.0001878293152764,0.0005281244934966687
1575.9156076464362,1575.9156076464362,0.9997873730886433,0.0005281208848294822
1575.9225519990994,1575.9225519990994,0.999613578095566,0.000527711338283948
1575.929496351739,1575.929496351739,1.0001658810596024,0.0005282133658926075
1575.9364407043436,1575.9364407043436,0.9999051492687039,0.0005279672057722208
1575.943385056913,1575.943385056913,0.9995801680108054,0.0005277787874960056
1575.9503294094832,1575.9503294094832,0.9997123702841926,0.0005277482752143888
1575.9572737620063,1575.9572737620063,1.0000046230717223,0.0005277570739376958
1575.9642181145177,1575.9642181145177,1.000866896993325,0.0005279124772630901
1575.971162466983,1575.971162466983,1.000118049156327,0.0005278209615406203
1575.9781068194477,1575.9781068194477,0.9999325430285332,0.0005278633663439397
1575.985051171878,1575.985051171878,1.000196326095255,0.0005282611747145602
1575.99199552425,1575.99199552425,0.999541102462923,0.0005280820685926082
1575.9989398766215,1575.9989398766215,1.0004368292651176,0.0005283330609842332
1576.0058842289702,1576.0058842289702,0.9996024179931335,0.0005277842928860371
1576.0128285812839,1576.0128285812839,1.0001190741591413,0.0005281659764614521
1576.0197729335746,1576.0197729335746,0.9998686251479431,0.0005279382922639556
1576.026717285831,1576.026717285831,0.9998613811115942,0.0005282360680307893
1576.033661638075,1576.033661638075,0.999789637359503,0.0005281928284587942
1576.040605990272,1576.040605990272,1.0000591540384476,0.0005282355327512532
1576.047550342458,1576.047550342458,1.0006670507391466,0.0005280984752045498
1576.0544946946088,1576.0544946946088,0.9999490717225546,0.000527883973149254
1576.0614390467358,1576.0614390467358,0.9999719810375168,0.0005279912872411856
1576.06838339884,1576.06838339884,0.999410238976823,0.0005281657202447699
1576.075327750909,1576.075327750909,1.0002941093463114,0.0005280396316777434
1576.0822721029667,1576.0822721029667,1.0001721834080493,0.0005283632618367903
1576.089216454978,1576.089216454978,1.0002017303632815,0.0005279713046042261
1576.096160806977,1576.096160806977,0.9997668347738042,0.00052798682677154
1576.1031051589416,1576.1031051589416,0.9995910601913864,0.0005284603312357033
1576.1100495108826,1576.1100495108826,1.000106514342672,0.000528572451780072
1576.1169938627888,1576.1169938627888,1.0007674457219022,0.0005284357221893016
1576.1239382146719,1576.1239382146719,0.9995240370035535,0.0005278745519702378
1576.1308825665546,1576.1308825665546,0.9998501878337273,0.0005283107537136075
1576.1378269183792,1576.1378269183792,0.9997681439056247,0.0005281115222801676
1576.144771270169,1576.144771270169,1.000429380125191,0.000528318389591129
1576.1517156219356,1576.1517156219356,0.999094340920822,0.0005274626715533085
1576.1586599737025,1576.1586599737025,1.0008556604220735,0.0005284418024830951
1576.1656043254227,1576.1656043254227,1.0005701932985316,0.0005282967644825804
1576.1725486771202,1576.1725486771202,1.0000509200577112,0.0005281196582449951
1576.179493028782,1576.179493028782,1.0002592659511234,0.0005280869338609936
1576.1864373804203,1576.1864373804203,0.9994247890066159,0.0005283708797752362
1576.1933817320357,1576.1933817320357,1.0000284912910746,0.0005276740006538844
1576.2003260836389,1576.2003260836389,1.00000084188073,0.0005280495539224001
1576.2072704351842,1576.2072704351842,1.0000378150903069,0.0005281164442434776
1576.2142147867298,1576.2142147867298,1.000292128216299,0.0005278307826917917
1576.2211591382281,1576.2211591382281,0.999903678254703,0.0005279034331891875
1576.228103489704,1576.228103489704,0.9998667738405096,0.0005281616072084566
1576.2350478411563,1576.2350478411563,1.000937901662852,0.000528109756515847
1576.2419921925734,1576.2419921925734,0.999467075413141,0.000527757519599498
1576.2489365439792,1576.2489365439792,0.9996049892037853,0.0005284653040154269
1576.2558808953381,1576.2558808953381,1.000221116714125,0.0005279474160536929
1576.262825246697,1576.262825246697,0.9994132910738991,0.0005280946962183674
1576.2697695980096,1576.2697695980096,1.00033503070294,0.0005284474923176423
1576.2767139492985,1576.2767139492985,0.9997622244238901,0.0005277090389760121
1576.2836583005533,1576.2836583005533,1.000630959546117,0.0005281582379524762
1576.2906026517958,1576.2906026517958,0.9997113165048883,0.000528128007158283
1576.297547002992,1576.297547002992,0.9999833567851522,0.0005282732539021197
1576.3044913541762,1576.3044913541762,0.9999031063404912,0.0005279448312563086
1576.311435705326,1576.311435705326,0.999899579678939,0.000527725286718121
1576.3183800564518,1576.3183800564518,1.0006986316297228,0.0005280117688161663
1576.3253244075445,1576.3253244075445,1.000211675564643,0.0005279719794666561
1576.3322687586126,1576.3322687586126,0.9991341743422705,0.0005279435352972003
1576.3392131096575,1576.3392131096575,0.999984816891412,0.0005276265423961415
1576.3461574606788,1576.3461574606788,1.0000041407717264,0.0005279115797408892
1576.3531018116419,1576.3531018116419,1.00006165135762,0.0005277516641735726
1576.3600461626052,1576.3600461626052,0.9999460885297771,0.0005280232177426404
1576.3669905135453,1576.3669905135453,1.0000744903950394,0.0005283843562134879
1576.3739348644503,1576.3739348644503,0.9999266447222872,0.0005278973608310687
1576.3808792153206,1576.3808792153206,1.0000783185770779,0.0005279727077633698
1576.3878235661787,1576.3878235661787,1.0005331608993382,0.0005283823577156919
1576.3947679170026,1576.3947679170026,0.9997107877962588,0.0005283754807434318
1576.4017122677908,1576.4017122677908,0.9999426080218378,0.0005278685894465494
1576.4086566185565,1576.4086566185565,0.9999595497230385,0.0005277455810300368
1576.4156009692986,1576.4156009692986,1.0002476239548665,0.0005280156646654926
1576.4225453199938,1576.4225453199938,0.9999688611985714,0.000528215289456569
1576.4294896706663,1576.4294896706663,0.9996433107082143,0.0005281844668646154
1576.4364340213385,1576.4364340213385,1.0005336893726107,0.0005280693584126483
1576.4433783719755,1576.4433783719755,1.0002052407146649,0.0005280003813285534
1576.4503227225662,1576.4503227225662,0.9991086162252503,0.0005281880208313247
1576.4572670731454,1576.4572670731454,0.9997943392092472,0.0005282815277207148
1576.4642114236897,1576.4642114236897,1.0000077428013265,0.0005279200675222223
1576.4711557742105,1576.4711557742105,0.999945628801418,0.0005284365593905161
1576.4781001246968,1576.4781001246968,1.0001454943509607,0.0005282109680702019
1576.485044475159,1576.485044475159,1.0000273625538463,0.0005279314886947011
1576.4919888255986,1576.4919888255986,1.0004141193476168,0.0005281556453979096
1576.498933175992,1576.498933175992,1.0000381870718775,0.0005279178630792865
1576.5058775263738,1576.5058775263738,1.0004057678779383,0.0005283791149095037
1576.5128218767318,1576.5128218767318,1.0002757550575807,0.0005277968161482539
1576.5197662270546,1576.5197662270546,0.999684369173031,0.0005280375389653141
1576.5267105773426,1576.5267105773426,0.9991863392167917,0.0005276922335242895
1576.5336549276071,1576.5336549276071,1.000178086776799,0.0005278233555491583
1576.5405992778603,1576.5405992778603,1.0000200365117566,0.0005281152035583833
1576.5475436280553,1576.5475436280553,1.0000418610293647,0.0005280436693368378
1576.5544879782503,1576.5544879782503,0.9996081751910999,0.0005285242591708489
1576.5614323283987,1576.5614323283987,1.0002992942894586,0.0005279428632392885
1576.5683766785237,1576.5683766785237,1.0007383167071973,0.0005288080447833955
1576.5753210286136,1576.5753210286136,0.9995609051484131,0.0005283943314773985
1576.582265378704,1576.582265378704,0.9998395714437944,0.0005281271766607222
1576.5892097287358,1576.5892097287358,0.9999305568142717,0.0005278031385022298
1576.5961540787443,1576.5961540787443,1.0001894390138752,0.0005277957184324246
1576.6030984287413,1576.6030984287413,1.0003753043717927,0.0005280923474530921
1576.6100427787037,1576.6100427787037,0.9999130663324811,0.000528387662818886
1576.6169871286309,1576.6169871286309,1.0000527284541378,0.0005281445841528998
1576.6239314785228,1576.6239314785228,0.9995708592694067,0.0005280540548998472
1576.6308758284033,1576.6308758284033,0.9992995913067315,0.0005279533712233696
1576.6378201782609,1576.6378201782609,1.0001973537571032,0.0005280949184604154
1576.6447645280596,1576.6447645280596,1.000477371851694,0.0005279799963182819
1576.651708877859,1576.651708877859,1.0002665950498422,0.000528257929998351
1576.6586532276233,1576.6586532276233,0.9999992559750128,0.0005276599271683472
1576.665597577364,1576.665597577364,0.9993849451590517,0.0005278661252803856
1576.6725419270583,1576.6725419270583,1.0005356284341633,0.0005281718547196182
1576.679486276741,1576.679486276741,1.000106561908417,0.0005282764278864424
1576.6864306263885,1576.6864306263885,0.9999862700762294,0.0005279442758351796
1576.6933749760133,1576.6933749760133,0.9999958185958503,0.0005278420860103601
1576.7003193256028,1576.7003193256028,1.0003470594014137,0.0005284483011747856
1576.7072636751586,1576.7072636751586,0.9995487504979892,0.0005279658397996461
1576.7142080247133,1576.7142080247133,1.0002369749331348,0.0005282088578691773
1576.7211523742212,1576.7211523742212,0.9993534404427085,0.0005279399683281866
1576.7280967236827,1576.7280967236827,0.999906230282418,0.0005282337400877646
1576.7350410731447,1576.7350410731447,1.0002079945736555,0.0005281488026927221
1576.7419854225477,1576.7419854225477,1.0003178781205673,0.000528256952457439
1576.748929771951,1576.748929771951,0.9999763466835294,0.0005282702266612982
1576.7558741213074,1576.7558741213074,0.9992685959113136,0.0005279583809985982
1576.7628184706527,1576.7628184706527,1.000024313237645,0.000528001297901869
1576.7697628199628,1576.7697628199628,1.0008042978800424,0.0005279540381073467
1576.7767071692379,1576.7767071692379,0.999855372422463,0.000528137272645533
1576.7836515185131,1576.7836515185131,1.0003625953443385,0.0005283797460277897
1576.7905958677302,1576.7905958677302,0.999734807262097,0.0005281166945339604
1576.7975402169127,1576.7975402169127,0.9999729756115052,0.0005284925635275695
1576.804484566083,1576.804484566083,1.0001493103393275,0.0005278656146366663
1576.8114289152065,1576.8114289152065,0.999507519226672,0.0005281009875823538
1576.818373264319,1576.818373264319,0.9999698633063879,0.0005282820354671626
1576.8253176133962,1576.8253176133962,1.0004559585486366,0.0005282250312880725
1576.8322619624503,1576.8322619624503,1.0002724357538821,0.0005278083692556569
1576.8392063114695,1576.8392063114695,0.999256270295346,0.0005281509684679109
1576.8461506604651,1576.8461506604651,0.9998777186652028,0.000528165398467212
1576.8530950094378,1576.8530950094378,0.9998599194601641,0.000528185026418109
1576.8600393583872,1576.8600393583872,0.9997829236241067,0.0005281350837714585
1576.8669837072664,1576.8669837072664,1.0004512718591625,0.0005281300462780692
1576.8739280561572,1576.8739280561572,1.0004540008844667,0.0005281215904263349
1576.8808724050136,1576.8808724050136,1.0003638829796944,0.0005281841071396566
1576.887816753823,1576.887816753823,1.0003585332203293,0.0005282416348173374
1576.894761102621,1576.894761102621,0.9998709574847611,0.0005282781474516806
1576.9017054513843,1576.9017054513843,0.999730208084895,0.0005278774529064684
1576.908649800112,1576.908649800112,0.9987790843124369,0.0005279905934385726
1576.915594148817,1576.915594148817,1.0003225477869322,0.0005280702905772979
1576.9225384974984,1576.9225384974984,0.9997395213181053,0.0005281342251689106
1576.9294828461332,1576.9294828461332,0.9994789637844297,0.0005279418230558664
1576.9364271947684,1576.9364271947684,1.0011243005277204,0.0005282951020246197
1576.9433715433447,1576.9433715433447,1.0001770245219421,0.0005279232870861622
1576.9503158919101,1576.9503158919101,1.0006129949575238,0.0005278779422995321
1576.9572602404412,1576.9572602404412,0.9996517796022057,0.0005278926953369966
1576.9642045889484,1576.9642045889484,1.0001871275604375,0.0005282963848582147
1576.9711489374208,1576.9711489374208,0.9996434537158908,0.0005279961360208595
1576.9780932858575,1576.9780932858575,0.9996945708214108,0.0005279660552439623
1576.9850376342831,1576.9850376342831,0.9997503911035015,0.0005279091910378905
1576.9919819826735,1576.9919819826735,0.9997880300456087,0.0005282404617883606
1576.9989263310288,1576.9989263310288,1.0000573726918638,0.0005277774223347411
1577.0058706793495,1577.0058706793495,0.9999650879868011,0.0005278414423533155
1577.0128150276469,1577.0128150276469,1.0007805979197852,0.0005281148291913551
1577.0197593759208,1577.0197593759208,0.9997748881374523,0.0005280519899601306
1577.02670372416,1577.02670372416,1.0004826044372028,0.000528544581579096
1577.0336480723524,1577.0336480723524,0.9998101827791992,0.0005282985304131524
1577.0405924205454,1577.0405924205454,1.0003941691916733,0.0005280947949783047
1577.0475367687027,1577.0475367687027,0.9997914405040866,0.000528064393482895
1577.0544811168252,1577.0544811168252,0.9999409831354612,0.0005280779341136191
1577.0614254649017,1577.0614254649017,0.9996045501253846,0.0005284696331012024
1577.0683698129542,1577.0683698129542,0.9995229875995107,0.0005280424269823497
1577.0753141610073,1577.0753141610073,0.9999802041386495,0.0005281277077825343
1577.0822585090255,1577.0822585090255,0.9996718999856018,0.0005282338964954393
1577.0892028569965,1577.0892028569965,1.000333351357052,0.0005283122345242419
1577.0961472049448,1577.0961472049448,1.0002612699670994,0.000528314392940141
1577.103091552858,1577.103091552858,1.0002471752294468,0.0005283948490871793
1577.1100359007476,1577.1100359007476,1.0004646353806252,0.0005280905998818659
1577.1169802486027,1577.1169802486027,0.9999239281195825,0.0005282245824128733
1577.1239245964343,1577.1239245964343,0.9997915055969566,0.0005281279690636834
1577.1308689442312,1577.1308689442312,0.9998173941310838,0.0005281318016198706
1577.1378132920279,1577.1378132920279,1.0000386878947711,0.0005281600131462793
1577.1447576397316,1577.1447576397316,0.99993220395027,0.0005277536577277166
1577.1517019874584,1577.1517019874584,1.000100063050222,0.0005282157155767136
1577.1586463351389,1577.1586463351389,0.9994374813514358,0.0005276975710189708
1577.165590682784,1577.165590682784,1.0000634743450127,0.0005283055770753053
1577.1725350304062,1577.1725350304062,1.0002717195469963,0.000528045280731916
1577.1794793779934,1577.1794793779934,0.999973385298176,0.0005279174791959684
1577.1864237255572,1577.1864237255572,0.9998075448885274,0.0005285130437560461
1577.1933680730865,1577.1933680730865,1.0003689001769382,0.0005285836147749395
1577.2003124206037,1577.2003124206037,1.000227698323242,0.0005277624274959583
1577.2072567680746,1577.2072567680746,1.0002804507642478,0.0005282385348737841
1577.2142011154988,1577.2142011154988,0.9993145311025392,0.0005280802180071033
1577.2211454629228,1577.2211454629228,0.9995868490962951,0.000528282151538844
1577.2280898102888,1577.2280898102888,0.9999290009685285,0.0005277447107979538
1577.2350341576548,1577.2350341576548,0.9998904358348485,0.0005278796709900682
1577.2419785049744,1577.2419785049744,1.0007130132098,0.0005285260597332896
1577.2489228522707,1577.2489228522707,1.0005373999816074,0.0005279983735712102
1577.2558671995316,1577.2558671995316,1.0005402124095826,0.0005281013327826165
1577.2628115467699,1577.2628115467699,0.9988279796140593,0.0005279619439696624
1577.2697558939726,1577.2697558939726,1.000079617528519,0.0005281210020650492
1577.2767002411524,1577.2767002411524,0.9998126460816243,0.0005280109378793653
1577.283644588274,1577.283644588274,1.000508830654571,0.0005282562267738023
1577.2905889353956,1577.2905889353956,0.9999446220958583,0.0005283242325295368
1577.2975332824822,1577.2975332824822,0.9998992174559944,0.0005282477294464181
1577.3044776295342,1577.3044776295342,0.9992712631832553,0.0005278897878112044
1577.3114219765505,1577.3114219765505,1.000024120756691,0.0005283174780760353
1577.318366323544,1577.318366323544,1.0001256324999415,0.0005280355753685584
1577.3253106705029,1577.3253106705029,1.0003649233158693,0.0005286009030675382
1577.3322550174262,1577.3322550174262,1.0003978133659275,0.0005284073475084885
1577.3391993643165,1577.3391993643165,0.9998877294628084,0.0005282693785969197
1577.346143711205,1577.346143711205,0.999928058240128,0.0005280113852413641
1577.353088058047,1577.353088058047,1.000237397673203,0.0005283503937390625
1577.3600324048546,1577.3600324048546,0.999669203296723,0.000528207521815902
1577.366976751638,1577.366976751638,1.0000836252476488,0.0005279909581822448
1577.373921098399,1577.373921098399,0.9995605269872005,0.0005275792194532924
1577.3808654451018,1577.3808654451018,1.000230203476384,0.0005278634734883022
1577.3878097917923,1577.3878097917923,0.9997694259642838,0.0005283463977727522
1577.3947541384482,1577.3947541384482,1.0004821233298695,0.0005280371633765101
1577.4016984850923,1577.4016984850923,0.9997925731756403,0.0005280778295533319
1577.40864283169,1577.40864283169,0.9999113068587345,0.000528295617814639
1577.4155871782411,1577.4155871782411,1.0001775134178927,0.0005282169928462839
1577.4225315247807,1577.4225315247807,0.9999512332163842,0.0005280015897504236
1577.4294758712854,1577.4294758712854,1.0001078909153889,0.0005286658138111401
1577.436420217743,1577.436420217743,1.00001652005243,0.0005285379884062402
1577.4433645642011,1577.4433645642011,1.0000825347485667,0.0005282337826889535
1577.4503089106126,1577.4503089106126,1.0000288353018623,0.0005278843017746037
1577.4572532569887,1577.4572532569887,1.0001577115610527,0.0005279613208623698
1577.4641976033538,1577.4641976033538,0.9998489597003466,0.0005281026342722172
1577.471141949672,1577.471141949672,0.9992705530941114,0.0005276831534609162
1577.478086295967,1577.478086295967,1.0003191005921344,0.000528405082918428
1577.4850306422156,1577.4850306422156,0.9995233795561489,0.0005281196309468556
1577.4919749884523,1577.4919749884523,1.0004610019313902,0.0005283493644040367
1577.4989193346423,1577.4989193346423,1.00013747024004,0.0005278271817490683
1577.5058636808094,1577.5058636808094,1.0000716055553216,0.0005280940642873628
1577.5128080269528,1577.5128080269528,1.0007664321323602,0.0005284292399243455
1577.5197523730503,1577.5197523730503,0.999255486293768,0.0005280118172667855
1577.526696719124,1577.526696719124,1.0006812192764007,0.0005282357071595474
1577.5336410651512,1577.5336410651512,0.9996921860582344,0.0005279751055783972
1577.540585411167,1577.540585411167,0.9997937659060682,0.0005281553156956061
1577.5475297571593,1577.5475297571593,0.9998882928623278,0.0005279835063032852
1577.5544741031047,1577.5544741031047,0.9997208196580069,0.0005286934106830626
1577.5614184490273,1577.5614184490273,0.9995752386239782,0.0005280327358611941
1577.568362794926,1577.568362794926,1.0010725775919038,0.0005286179286771769
1577.5753071407673,1577.5753071407673,0.9995146541021278,0.0005280004148800608
1577.582251486597,1577.582251486597,1.000602129704144,0.0005280659391973022
1577.5891958323912,1577.5891958323912,0.9993751483612918,0.0005281535236597942
1577.5961401781392,1577.5961401781392,1.0007985700842859,0.0005281099616090445
1577.603084523887,1577.603084523887,1.0002194841630547,0.0005278089547234585
1577.6100288695766,1577.6100288695766,1.0001024704938082,0.000527913173041195
1577.6169732152543,1577.6169732152543,1.0001962264064626,0.0005278802431631035
1577.6239175608857,1577.6239175608857,0.9993888899160321,0.000527974403820226
1577.630861906494,1577.630861906494,0.9996854039632016,0.0005280005246883051
1577.6378062520675,1577.6378062520675,1.0001034442841448,0.0005286259913285949
1577.6447505976055,1577.6447505976055,1.0006913446046966,0.000527957535490071
1577.6516949431207,1577.6516949431207,0.9994895813397224,0.0005284013587738139
1577.6586392886004,1577.6586392886004,1.0000239486198033,0.0005284548650881408
1577.6655836340342,1577.6655836340342,1.0000360723365012,0.0005278162079775087
1577.6725279794678,1577.6725279794678,1.0002161409890973,0.0005281594733469474
1577.679472324843,1577.679472324843,0.999698678415936,0.0005278628250025591
1577.686416670195,1577.686416670195,0.9996756192097488,0.000528032620775478
1577.6933610155236,1577.6933610155236,1.0005276446273055,0.000528308470806571
1577.700305360806,1577.700305360806,0.9997470396004555,0.0005278058957178118
1577.7072497060767,1577.7072497060767,0.9999557295257286,0.0005280533400685314
1577.7141940512886,1577.7141940512886,1.0000110700665599,0.0005281271064984364
1577.721138396489,1577.721138396489,1.0002007227286227,0.0005279407939866463
1577.7280827416553,1577.7280827416553,1.000165612632165,0.000528279706121507
1577.7350270867973,1577.7350270867973,1.0002600211200734,0.0005281386294118247
1577.741971431882,1577.741971431882,0.9993861087197393,0.0005278552254082416
1577.7489157769432,1577.7489157769432,0.9999116601368273,0.0005279304281318353
1577.7558601219805,1577.7558601219805,1.0004402800015684,0.0005283351611196239
1577.7628044669718,1577.7628044669718,0.9998479747942317,0.0005278638509072347
1577.769748811963,1577.769748811963,1.0000931835660585,0.0005279088534845948
1577.776693156884,1577.776693156884,0.9999231139451602,0.0005280526916389948
1577.7836375018055,1577.7836375018055,0.9996152580945573,0.0005278676883912718
1577.7905818466566,1577.7905818466566,1.0001039945375219,0.0005279096244342829
1577.7975261915085,1577.7975261915085,1.0004793875915676,0.0005284048857447985
1577.804470536325,1577.804470536325,1.0003235927469247,0.0005283506480024198
1577.811414881118,1577.811414881118,0.9998182234841224,0.0005282022071433109
1577.818359225853,1577.818359225853,0.9997786773155859,0.0005279753760472903
1577.8253035705764,1577.8253035705764,1.0000095678121061,0.00052839955448208
1577.8322479152416,1577.8322479152416,0.9988275071100396,0.0005280918847517207
1577.839192259895,1577.839192259895,1.0010865366746742,0.0005287200120640916
1577.8461366045196,1577.8461366045196,1.000378385673746,0.0005277282384140538
1577.8530809490974,1577.8530809490974,0.9992068202471497,0.0005277712290227395
1577.8600252936521,1577.8600252936521,0.9997194656863251,0.0005282224547220357
1577.866969638166,1577.866969638166,1.0000722301835865,0.0005280082224612705
1577.8739139826566,1577.8739139826566,1.0009322745044211,0.0005282286770818999
1577.880858327106,1577.880858327106,1.0004226073005238,0.0005278748278819388
1577.887802671521,1577.887802671521,0.9993234830831762,0.0005280023206586098
1577.8947470159244,1577.8947470159244,0.9997671060846531,0.000527975197630099
1577.901691360275,1577.901691360275,1.000143309965526,0.0005278207246087023
1577.908635704603,1577.908635704603,1.0000317308105011,0.0005279338010729456
1577.9155800488893,1577.9155800488893,0.9997907314517207,0.0005284049275383483
1577.922524393153,1577.922524393153,0.999534770979368,0.0005279288719941026
1577.929468737376,1577.929468737376,1.0003006115789457,0.0005281282160286675
1577.9364130815695,1577.9364130815695,1.0000849822518816,0.0005280853195575054
1577.9433574257341,1577.9433574257341,0.9998794313212331,0.0005280757055538277
1577.950301769858,1577.950301769858,1.000356545687247,0.0005277580623600035
1577.9572461139528,1577.9572461139528,1.0003082442072615,0.0005280390446218122
1577.9641904580128,1577.9641904580128,0.9991165648214995,0.0005277822273427041
1577.9711348020435,1577.9711348020435,1.000394590225237,0.0005281848618870841
1577.978079146033,1577.978079146033,0.9998939549102357,0.0005284894807649178
1577.98502349,1577.98502349,0.9995266161613336,0.0005277751451404074
1577.991967833926,1577.991967833926,1.0001428054896084,0.0005284741363716418
1577.9989121778224,1577.9989121778224,1.0003431725936351,0.000528377401127155
1578.0058565216848,1578.0058565216848,0.9995351845042434,0.0005277829719611527
1578.0128008655174,1578.0128008655174,0.9999913525489339,0.0005280586772425557
1578.0197452093096,1578.0197452093096,0.9996972119498686,0.0005278304701188186
1578.0266895530785,1578.0266895530785,0.9999186015568897,0.0005282853737627238
1578.0336338968064,1578.0336338968064,1.0000922338009577,0.0005281700253863401
1578.0405782404994,1578.0405782404994,1.0008058849155959,0.0005286462141377707
1578.047522584169,1578.047522584169,0.9998876504762642,0.000528175834449506
1578.0544669277924,1578.0544669277924,0.9997784024022017,0.0005282983123099392
1578.0614112713986,1578.0614112713986,1.0003006550258493,0.0005282261504353629
1578.0683556149575,1578.0683556149575,0.9998027034208736,0.0005279528177445874
1578.075299958488,1578.075299958488,0.9998144500939684,0.0005282155778261596
1578.0822443019827,1578.0822443019827,0.999559154660408,0.0005282777048534772
1578.0891886454488,1578.0891886454488,1.0002497830925703,0.0005282791262611508
1578.0961329888744,1578.0961329888744,1.0000871481934468,0.0005280954419540145
1578.1030773322648,1578.1030773322648,1.0004309191463168,0.0005283829691580132
1578.1100216756317,1578.1100216756317,0.9999082972952097,0.000527774851102495
1578.1169660189582,1578.1169660189582,0.999737709485699,0.0005279052831345108
1578.1239103622497,1578.1239103622497,0.9998079605117912,0.0005283547226488329
1578.1308547055182,1578.1308547055182,0.9995031885336638,0.0005278135424029997
1578.1377990487395,1578.1377990487395,1.0003347978899313,0.0005280367470789286
1578.1447433919318,1578.1447433919318,1.0003177403864452,0.0005280946941668317
1578.1516877350898,1578.1516877350898,0.9999291353153967,0.0005277300417444581
1578.1586320782062,1578.1586320782062,0.9997583922059462,0.0005283346008949444
1578.165576421306,1578.165576421306,1.0003775374478519,0.0005279870703314164
1578.1725207643647,1578.1725207643647,1.0000171920635812,0.0005279156034040733
1578.1794651073883,1578.1794651073883,1.0005399484140818,0.0005278970919081534
1578.1864094503655,1578.1864094503655,1.0001014928654814,0.0005279114945727685
1578.193353793325,1578.193353793325,0.9996365421726565,0.0005277341072648979
1578.2002981362439,1578.2002981362439,0.9994696791553743,0.0005279355756262006
1578.2072424791338,1578.2072424791338,1.0002741624724165,0.0005279384430520108
1578.2141868219828,1578.2141868219828,1.0006059164471888,0.0005282386398991039
1578.221131164803,1578.221131164803,0.9995037073768198,0.0005282548995493344
1578.2280755075883,1578.2280755075883,1.0003079560391797,0.0005280770882444492
1578.2350198503323,1578.2350198503323,1.0000315702605342,0.0005283255115855337
1578.241964193047,1578.241964193047,1.0000900681975462,0.0005282856872718115
1578.2489085357208,1578.2489085357208,1.0003488631643243,0.0005278564594168908
1578.2558528783718,1578.2558528783718,1.0000671770016414,0.0005280341430758805
1578.2627972209766,1578.2627972209766,0.9992138085234418,0.0005275146117407628
1578.2697415635578,1578.2697415635578,1.0000174860611866,0.0005280701053580877
1578.2766859061044,1578.2766859061044,1.0000442353218668,0.0005277739949806219
1578.2836302486041,1578.2836302486041,1.000152532761106,0.0005282337369384921
1578.2905745910746,1578.2905745910746,1.0003761829028928,0.0005279247026563855
1578.2975189335164,1578.2975189335164,1.0004718301456719,0.000527926267334487
1578.3044632759056,1578.3044632759056,0.9994323545006779,0.0005277987181670862
1578.3114076182835,1578.3114076182835,0.9995024038228936,0.0005278201430593802
1578.3183519606205,1578.3183519606205,1.0004034839523104,0.0005280044451194052
1578.3252963029104,1578.3252963029104,0.9999292767503778,0.0005283146723224086
1578.3322406451834,1578.3322406451834,0.9999875960767717,0.0005278867538367684
1578.3391849874092,1578.3391849874092,0.9999090216725195,0.0005282293860529566
1578.3461293295952,1578.3461293295952,1.0003261429041206,0.0005282960564473308
1578.3530736717516,1578.3530736717516,1.000327553609635,0.0005283224334777554
1578.3600180138787,1578.3600180138787,0.9998732450328731,0.0005277953082099
1578.3669623559656,1578.3669623559656,0.999706750686949,0.0005279512406203117
1578.3739066980115,1578.3739066980115,0.9999230870302857,0.0005277013774509474
1578.3808510400336,1578.3808510400336,1.0001633904432428,0.0005282703344987201
1578.3877953820154,1578.3877953820154,0.9997017025141302,0.0005280371294713334
1578.3947397239624,1578.3947397239624,0.9998574107026693,0.0005283087768942457
1578.4016840658742,1578.4016840658742,0.9993553687306438,0.0005279420502322292
1578.4086284077457,1578.4086284077457,1.0003481720427778,0.0005280616187730081
1578.415572749588,1578.415572749588,1.000391586759108,0.0005280371174249515
1578.4225170913949,1578.4225170913949,1.0003590263975974,0.0005283956806958236
1578.4294614331616,1578.4294614331616,1.0000431733085222,0.0005282043414324593
1578.4364057748985,1578.4364057748985,1.0001445608529402,0.000528120400057047
1578.4433501165893,1578.4433501165893,0.9998066313185282,0.0005278611162925914
1578.450294458257,1578.450294458257,1.0001509958383425,0.0005282948485042288
1578.4572387998776,1578.4572387998776,1.0003597162334195,0.0005288036133361785
1578.4641831414756,1578.4641831414756,0.9997449423288867,0.0005282862972326686
1578.4711274830265,1578.4711274830265,0.9990750165403387,0.0005276549985047785
1578.4780718245486,1578.4780718245486,1.0007958408723208,0.0005282501380109821
1578.4850161660238,1578.4850161660238,0.9996687996418462,0.0005278704271648066
1578.491960507476,1578.491960507476,0.9998517852819353,0.0005278312844078519
1578.4989048488815,1578.4989048488815,1.000108336613135,0.0005282132933262614
1578.5058491902462,1578.5058491902462,0.999716948807275,0.0005275404871820962
1578.5127935315936,1578.5127935315936,1.0001274728720204,0.0005278713587097825
1578.5197378729004,1578.5197378729004,0.999966476597335,0.0005280476154616578
1578.5266822141662,1578.5266822141662,1.0004026911333137,0.0005280746848285382
1578.5336265553913,1578.5336265553913,1.0001635577296375,0.0005276892082662624
1578.5405708965875,1578.5405708965875,0.999883373366415,0.0005282572028206808
1578.5475152377423,1578.5475152377423,1.0001410838304508,0.0005278420577187935
1578.5544595788685,1578.5544595788685,1.0000700692920526,0.000527681516733205
1578.561403919954,1578.561403919954,0.9993822330173444,0.0005276189954436213
1578.5683482609988,1578.5683482609988,1.0002745468929155,0.0005285170103877474
1578.5752926020086,1578.5752926020086,0.9998362333156287,0.000527853811479298
1578.5822369429775,1578.5822369429775,0.999592759006592,0.0005283746208435184
1578.5891812839288,1578.5891812839288,1.000343960234702,0.0005286189025441475
1578.5961256248222,1578.5961256248222,1.000167602683789,0.0005281386734047286
1578.6030699656862,1578.6030699656862,1.0005003126351786,0.0005283955679197055
1578.6100143065157,1578.6100143065157,0.9999738588167906,0.0005281068237127071
1578.6169586473043,1578.6169586473043,1.0001878796172166,0.0005283495786571827
1578.6239029880621,1578.6239029880621,0.9994374953908232,0.0005283665650568528
1578.630847328775,1578.630847328775,0.999885291484591,0.000527821126817302
1578.6377916694532,1578.6377916694532,0.9995466624004006,0.0005281858378000799
1578.6447360100906,1578.6447360100906,0.9998291363864343,0.0005278341308564852
1578.6516803507043,1578.6516803507043,1.0008470478261768,0.0005285206953258043
1578.6586246912716,1578.6586246912716,0.9998056180001443,0.0005281431261067167
1578.6655690318041,1578.6655690318041,0.9999818461043095,0.0005281324648081302
1578.672513372296,1578.672513372296,1.0002865677549733,0.0005280629962676846
1578.6794577127582,1578.6794577127582,0.999094451074269,0.000527787409682218
1578.68640205318,1578.68640205318,1.0006966252227498,0.0005281806546733781
1578.6933463935611,1578.6933463935611,0.9997743981575112,0.0005279527248215137
1578.7002907339072,1578.7002907339072,1.0007053589351504,0.0005279198332581358
1578.707235074213,1578.707235074213,0.9996846025080164,0.00052798817503096
1578.7141794144834,1578.7141794144834,0.9997121273547472,0.0005277803330227762
1578.7211237547074,1578.7211237547074,1.0001441457903781,0.0005278735734200892
1578.7280680949018,1578.7280680949018,1.0003181946084125,0.0005277292747579434
1578.7350124350678,1578.7350124350678,0.9993857644585535,0.0005278959133923419
1578.741956775187,1578.741956775187,0.9999445358010759,0.0005278253728962845
1578.7489011152652,1578.7489011152652,1.0002158203454363,0.0005279003800442754
1578.7558454553089,1578.7558454553089,1.000607516761308,0.0005280707495375115
1578.7627897953175,1578.7627897953175,0.9996753464911382,0.0005276229453078636
1578.7697341352794,1578.7697341352794,0.9998962607993189,0.0005279296283877933
1578.7766784752182,1578.7766784752182,0.9998307154008022,0.0005277867193429716
1578.7836228151043,1578.7836228151043,1.0013968584189674,0.0005281037835852784
1578.7905671549615,1578.7905671549615,0.999676824391661,0.00052793408603369
1578.7975114947724,1578.7975114947724,0.9997328011201112,0.0005278998696746425
1578.8044558345423,1578.8044558345423,1.0002978180194864,0.0005282024780775133
1578.8114001742888,1578.8114001742888,1.0001699384617369,0.0005284496892915293
1578.8183445139891,1578.8183445139891,0.99960090008404,0.0005283496945526966
1578.825288853648,1578.825288853648,0.9994711130346806,0.0005277521951304088
1578.8322331932784,1578.8322331932784,1.000752435372918,0.000528110054641386
1578.8400108535982,1578.8400108535982,1.0001248181576163,0.0005280559732993201
1578.8475107403042,1578.8475107403042,1.0009554131041076,0.0005281291499324016
1578.8563994948574,1578.8563994948574,0.9995183322876373,0.0005278550545820097
1578.871121494452,1578.871121494452,0.9994588974692089,0.0005283031836942416
1578.878065833819,1578.878065833819,0.9997632579349478,0.0005273841561858298
1578.8850101731466,1578.8850101731466,1.0002123666533107,0.0005277774725083581
1578.8919545124336,1578.8919545124336,1.0008883787653662,0.0005278252069280257
1578.8988988516849,1578.8988988516849,1.0006031148200865,0.0005281404107365334
1578.905843190902,1578.905843190902,1.000385883665131,0.000528592916960473
1578.9127875300724,1578.9127875300724,1.000081526846462,0.000527850585298064
1578.919731869208,1578.919731869208,0.9990024996667325,0.0005277683140882926
1578.926676208303,1578.926676208303,1.0002357137570919,0.0005279531607757336
1578.9336205473508,1578.9336205473508,0.999542352379182,0.0005279737657335281
1578.9405648863699,1578.9405648863699,1.000152539936171,0.0005284070981661609
1578.947509225348,1578.947509225348,1.0004389979098516,0.0005287788797671046
1578.9544535642854,1578.9544535642854,1.0000855113321543,0.000528214259521513
1578.9613979031824,1578.9613979031824,0.999666914374133,0.0005280159785078137
1578.9683422420383,1578.9683422420383,0.9997243694035752,0.000527978664466282
1578.9752865808537,1578.9752865808537,0.9994938101468174,0.0005278417238803775
1578.9822309196343,1578.9822309196343,1.0006091615189394,0.0005282769241961936
1578.9891752583737,1578.9891752583737,1.0005082543089803,0.0005280832064555537
1578.9961195970725,1578.9961195970725,0.9997388757955517,0.000527755181306446
1579.003063935725,1579.003063935725,1.0001645306038762,0.0005278312073215766
1579.0100082743538,1579.0100082743538,0.9996975606645215,0.0005280979233007715
1579.0169526129189,1579.0169526129189,0.9998167119015638,0.0005276541929808544
1579.023896951467,1579.023896951467,1.0000258049483055,0.0005277459915354217
1579.0308412899617,1579.0308412899617,1.0004851424736354,0.0005282675405430435
1579.0377856284163,1579.0377856284163,1.0000145972137928,0.0005279105474066534
1579.0447299668356,1579.0447299668356,1.0002590359536467,0.0005280916863588173
1579.0516743052144,1579.0516743052144,0.9995216636951179,0.00052800309209536
1579.0586186435526,1579.0586186435526,1.0001056284095509,0.0005281870054684759
1579.0655629818496,1579.0655629818496,0.999423831013105,0.000528021284448169
1579.0725073201004,1579.0725073201004,1.0006560504862563,0.0005279841171684595
1579.079451658315,1579.079451658315,1.0007851365915443,0.0005284078952395696
1579.0863959964781,1579.0863959964781,0.9999481755552495,0.0005277074981245182
1579.093340334624,1579.093340334624,0.9996791023012971,0.0005280744111578127
1579.1002846727117,1579.1002846727117,0.9998441140860244,0.0005281611750178205
1579.1072290107704,1579.1072290107704,1.0004739874423023,0.0005277848115479706
1579.1141733487823,1579.1141733487823,1.0001315293357873,0.0005280939353694636
1579.1211176867478,1579.1211176867478,0.9997455657929514,0.0005285085429572428
1579.1280620246785,1579.1280620246785,1.0001589593070637,0.0005282052777523155
1579.1350063625623,1579.1350063625623,0.9998916245285778,0.0005281643552916941
1579.1419507004114,1579.1419507004114,0.9997152592854983,0.0005280271766969602
1579.148895038214,1579.148895038214,0.9999828252906227,0.000527864469536768
1579.1558393759817,1579.1558393759817,1.0002218569507408,0.0005279117004249413
1579.1627837137025,1579.1627837137025,1.000266239924776,0.0005278354786209617
1579.1697280513831,1579.1697280513831,0.9998946415721089,0.0005277933402697441
1579.176672389022,1579.176672389022,0.9999210238938921,0.0005279827994717171
1579.1836167266094,1579.1836167266094,0.9999633399222685,0.000527774523313847
1579.1905610641732,1579.1905610641732,1.0010633936841666,0.000528231572152851
1579.1975054016903,1579.1975054016903,1.0001702250960127,0.0005278319978830923
1579.2044497391612,1579.2044497391612,0.9995968914002178,0.0005276188859967107
1579.2113940765908,1579.2113940765908,1.0000417762232032,0.0005277577468294676
1579.2183384139803,1579.2183384139803,1.0003934580641003,0.0005279643807988108
1579.2252827513291,1579.2252827513291,0.9993967243236213,0.0005278394489745637
1579.232227088619,1579.232227088619,0.9995268107250259,0.0005282060553806933
1579.2391714258918,1579.2391714258918,1.0004288535723422,0.0005282826149304108
1579.2461157631121,1579.2461157631121,0.9996799153666341,0.000528365315966935
1579.2530601002913,1579.2530601002913,0.9996498661775624,0.0005277749329179585
1579.2600044374237,1579.2600044374237,1.0007609907747415,0.000528383624581575
1579.2669487745218,1579.2669487745218,1.0005498192012663,0.0005281069060330614
1579.2738931115618,1579.2738931115618,0.9998488113143809,0.0005277929207556266
1579.280837448567,1579.280837448567,0.9998955699159225,0.0005277434059379094
1579.287781785537,1579.287781785537,0.9999332349413251,0.0005279138185461428
1579.2947261224604,1579.2947261224604,1.0003512039586768,0.0005284161912750551
1579.3016704593376,1579.3016704593376,0.999534591516022,0.0005277319024428708
1579.308614796174,1579.308614796174,0.9996446061854944,0.0005282176220273123
1579.3155591329694,1579.3155591329694,1.0003190480400708,0.0005277269659513114
1579.322503469718,1579.322503469718,1.0007430350900293,0.0005282790017837922
1579.3294478064265,1579.3294478064265,0.9999071908304298,0.0005282150029043868
1579.3363921430878,1579.3363921430878,0.9995567795686393,0.0005279755643892743
1579.3433364797088,1579.3433364797088,0.9989973885506707,0.000528217333273936
1579.3502808162834,1579.3502808162834,1.0005739215552159,0.0005282375844803983
1579.3572251528226,1579.3572251528226,1.000370671291518,0.0005279053325352766
1579.3641694893097,1579.3641694893097,0.9993188900601246,0.0005279589499109575
1579.37111382575,1579.37111382575,1.0004588305173436,0.0005280481709258636
1579.3780581621554,1579.3780581621554,1.0005104359234822,0.0005284536754458452
1579.3850024985086,1579.3850024985086,0.9998746859254529,0.000528282707796081
1579.3919468348267,1579.3919468348267,0.9998172288539887,0.0005282219607785652
1579.3988911711044,1579.3988911711044,1.0000807961618883,0.0005278824541875085
1579.4058355073296,1579.4058355073296,0.9993337151144159,0.0005279583713212989
1579.412779843507,1579.412779843507,1.000442412958229,0.0005283703394106923
1579.4197241796383,1579.4197241796383,0.9996565378663039,0.0005278876332886422
1579.4266685157413,1579.4266685157413,1.0000348390085851,0.0005280786544698182
1579.4336128517916,1579.4336128517916,0.9997876414236793,0.0005281871790567148
1579.4405571877955,1579.4405571877955,0.9996449655990804,0.0005283220918267663
1579.447501523759,1579.447501523759,0.9995213847658672,0.0005280450119346211
1579.4544458596752,1579.4544458596752,1.0007314201799926,0.0005281313453426773
1579.4613901955452,1579.4613901955452,0.9999286416909031,0.0005277858159471952
1579.4683345313683,1579.4683345313683,1.0000684484333804,0.0005282219729744913
1579.4752788671512,1579.4752788671512,1.0000683370847185,0.0005284283971796957
1579.4822232028878,1579.4822232028878,0.9997812725721585,0.0005283897529023096
1579.489167538571,1579.489167538571,1.000142806664623,0.0005282044817281103
1579.4961118742317,1579.4961118742317,0.999974775837163,0.0005280953353851911
1579.5030562098336,1579.5030562098336,1.0005181415091318,0.0005281529532314512
1579.5100005453896,1579.5100005453896,1.0007367734077082,0.000527996649728919
1579.5169448808988,1579.5169448808988,1.000111952109416,0.0005278864419602813
1579.523889216367,1579.523889216367,0.9993547203186484,0.0005279849908848773
1579.5308335517716,1579.5308335517716,0.9996993605155016,0.0005278013925315716
1579.5383334339836,1579.5383334339836,0.9999958347885565,0.0005278359335956884
1579.546111089548,1579.546111089548,0.9998738473973028,0.0005279223009335649
1579.5530554248242,1579.5530554248242,1.0003892372525964,0.0005282191245308419
1579.5599997600525,1579.5599997600525,1.000287616670409,0.0005285069699458146
1579.56694409523,1579.56694409523,1.0000325340955067,0.0005279217569520346
1579.5738884303605,1579.5738884303605,1.000301699470352,0.0005283973870681583
1579.5808327654563,1579.5808327654563,1.0001159697146442,0.0005278022103064923
1579.5877771005003,1579.5877771005003,0.9997166674050474,0.0005276739721763167
1579.5947214354908,1579.5947214354908,0.9991817450762696,0.00052786158953524
1579.601665770447,1579.601665770447,0.9991538020868502,0.000527769273051794
1579.608610105351,1579.608610105351,1.0002241790220645,0.0005289519932796943
1579.6155544402077,1579.6155544402077,1.0001962572036056,0.0005278145156428883
1579.6224987750188,1579.6224987750188,1.001100859378754,0.0005280594667611348
1579.6294431097829,1579.6294431097829,1.0002607663479748,0.0005284304961677736
1579.6363874445,1579.6363874445,1.0004716573475987,0.0005282861399469785
1579.6433317791655,1579.6433317791655,0.9994356084803634,0.0005280306085354533
1579.6502761137956,1579.6502761137956,0.9999026341549939,0.0005280500298922755
1579.6572204483732,1579.6572204483732,0.9999034313281723,0.0005280491564293067
1579.6641647828988,1579.6641647828988,0.9992222780179001,0.000527745756824942
1579.6711091173834,1579.6711091173834,0.9999159122205954,0.0005276876078110347
1579.6780534518157,1579.6780534518157,1.0003623894012357,0.0005283351165910885
1579.6849977861955,1579.6849977861955,1.0010155441879682,0.0005282393603530376
1579.693330987408,1579.693330987408,1.000360099033958,0.0005278527635167791
1579.7002753216889,1579.7002753216889,1.0002297194351495,0.000527936214597803
1579.7072196559234,1579.7072196559234,1.0004202865566285,0.0005285964077448492
1579.7141639901051,1579.7141639901051,0.9996758427333081,0.0005281024039277403
1579.7211083242407,1579.7211083242407,0.999731854827657,0.0005281580181405842
1579.7280526583238,1579.7280526583238,1.0002196945886084,0.0005277633964451728
1579.7352747657294,1579.7352747657294,0.9995100635629403,0.0005273969948143717
1579.743330193161,1579.743330193161,1.0003348969798196,0.0005278706716021415
1579.7511078471591,1579.7511078471591,0.9996027044861113,0.0005277760665899845
1579.7586077277535,1579.7586077277535,1.0001983098976222,0.0005278209539807126
1579.765552061586,1579.765552061586,1.000202936920942,0.0005279836630990573
1579.7724963953606,1579.7724963953606,0.9997369294867454,0.0005280636113657545
1579.7794407290887,1579.7794407290887,0.9998060355469056,0.0005278143725331383
1579.786385062776,1579.786385062776,1.000494770073963,0.0005280490739007743
1579.7933293963993,1579.7933293963993,1.001062569503595,0.0005283232994646101
1579.8002737299878,1579.8002737299878,0.9997646885345667,0.0005277313024365281
1579.8072180635231,1579.8072180635231,0.9990436306315168,0.0005277976012988227
1579.8141623970055,1579.8141623970055,0.9997011790759815,0.000528504400747137
1579.8211067304424,1579.8211067304424,0.9996601571447418,0.0005279450237627432
1579.828051063821,1579.828051063821,0.9993436754663033,0.0005277185612388482
1579.8349953971651,1579.8349953971651,1.0002901297653195,0.0005280718819063643
1579.8419397304447,1579.8419397304447,0.9996196602831956,0.0005280555332311582
1579.8488840636835,1579.8488840636835,1.0004760207230388,0.0005278814428069391
1579.85582839687,1579.85582839687,0.9997262799064753,0.0005276660890879993
1579.8627727300043,1579.8627727300043,1.0002252790627086,0.0005282485056880697
1579.8697170630808,1579.8697170630808,1.0005938423832048,0.0005281951385167565
1579.8766613961216,1579.8766613961216,1.000440604378357,0.0005281815015173062
1579.8836057291105,1579.8836057291105,0.9996834910313044,0.0005284890686969164
1579.8905500620406,1579.8905500620406,0.9993187551203135,0.0005275700340249192
1579.8974943949247,1579.8974943949247,0.999873763229264,0.0005280358751619545
1579.9044387277563,1579.9044387277563,1.000467050331465,0.0005283122630265074
1579.9124941537789,1579.9124941537789,1.0001646035722187,0.000527914616903735
1579.919716259811,1579.919716259811,0.9993132056214293,0.000528073997012629
1579.9266605924854,1579.9266605924854,0.9992550729921004,0.0005280999569240916
1579.9336049251,1579.9336049251,1.0005935619311621,0.0005282929456329237
1579.9408270309634,1579.9408270309634,1.0005909869043232,0.0005284730237996341
1579.948882456666,1579.948882456666,1.0004216538211552,0.0005281393392331871
1579.955826789131,1579.955826789131,0.9995325757029361,0.0005277602943818925
1579.9627711215317,1579.9627711215317,1.0001423428611973,0.000528013935273468
1579.9697154538803,1579.9697154538803,1.000088458907356,0.0005280063295894873
1579.9766597861822,1579.9766597861822,0.9992199249911975,0.0005278625683943669
1579.9836041184258,1579.9836041184258,1.0004717906964735,0.0005282239072926252
1579.990548450623,1579.990548450623,1.0005242452711274,0.0005279877138157649
1579.997492782756,1579.997492782756,0.9999620813205871,0.0005275912619565487
1580.0044371148479,1580.0044371148479,1.0005469459593743,0.0005282257617691018
1580.0113814468764,1580.0113814468764,0.9995857811946319,0.0005279593331597523
1580.0183257788694,1580.0183257788694,0.9996984630755105,0.0005279520276551461
1580.025270110799,1580.025270110799,0.9998663379890876,0.0005282602997315909
1580.0322144426761,1580.0322144426761,1.000237705595886,0.0005280732110438987
1580.0391587744998,1580.0391587744998,1.0000231506494575,0.0005277118570336182
1580.0461031062657,1580.0461031062657,1.000039665776511,0.0005278068341719796
1580.0530474379916,1580.0530474379916,1.000509536882971,0.0005280026350151638
1580.059991769653,1580.059991769653,1.000302871151252,0.0005280041530556326
1580.0669361012622,1580.0669361012622,0.9993911945235359,0.0005281007722165475
1580.0738804328248,1580.0738804328248,0.999612390979878,0.0005278752643140851
1580.0808247643288,1580.0808247643288,0.9997054410894819,0.0005277309244479452
1580.0877690957752,1580.0877690957752,0.9999403268599579,0.0005275357114391684
1580.0947134271692,1580.0947134271692,1.0002212718400192,0.0005278876558082108
1580.101657758522,1580.101657758522,1.000887380407216,0.000527833725170594
1580.1086020898056,1580.1086020898056,0.9998777204251063,0.0005284755874003981
1580.1155464210362,1580.1155464210362,0.9999875400206996,0.0005278794804382868
1580.1224907522148,1580.1224907522148,1.0001952477697795,0.0005277138852387871
1580.129435083341,1580.129435083341,1.0009327906380148,0.0005284859266750577
1580.1363794144086,1580.1363794144086,1.00013544442055,0.0005281474869221051
1580.143323745418,1580.143323745418,0.9994478466426987,0.0005280139286736041
1580.1502680763742,1580.1502680763742,0.9994630634613936,0.0005280214235547827
1580.157212407291,1580.157212407291,0.9995587604195096,0.000528302483314685
1580.1641567381257,1580.1641567381257,1.000208722510465,0.0005278774214532825
1580.1711010689257,1580.1711010689257,1.0008014877952147,0.0005280483391701105
1580.1780453996678,1580.1780453996678,1.0001013500637435,0.0005277235633962665
1580.1849897303455,1580.1849897303455,0.9995546207194353,0.000527776500201193
1580.191934060977,1580.191934060977,0.9999963775222078,0.0005280115502434555
1580.1988783915385,1580.1988783915385,1.0003403233788322,0.000528386390181312
1580.205822722059,1580.205822722059,0.9999699016088831,0.0005282503800985549
1580.2127670525158,1580.2127670525158,1.0001943955599677,0.0005280492276170035
1580.2197113829086,1580.2197113829086,1.0000561813717586,0.0005277130317035779
1580.2266557132602,1580.2266557132602,0.9997211968502828,0.0005279583467166461
1580.2336000435482,1580.2336000435482,0.9992513287685775,0.0005279847534746727
1580.240544373778,1580.240544373778,1.0005441413443847,0.0005283407729692448
1580.247488703954,1580.247488703954,1.0003996171977823,0.0005279786418337205
1580.254433034073,1580.254433034073,0.9995441687957379,0.0005278788623406779
1580.2613773641335,1580.2613773641335,1.0003665477379642,0.0005280794398400886
1580.2683216941364,1580.2683216941364,0.9997901080883643,0.0005278861844284779
1580.275266024081,1580.275266024081,0.9997213284628079,0.000527842019436065
1580.282210353967,1580.282210353967,0.9993346072492031,0.0005279002653814725
1580.2891546837952,1580.2891546837952,1.0002391620819189,0.0005283667389239957
1580.296099013571,1580.296099013571,1.0006693586819495,0.0005280169728828427
1580.3030433432823,1580.3030433432823,1.0000535163646131,0.0005279811405209463
1580.3099876729418,1580.3099876729418,1.0007765727607136,0.0005282020118319981
1580.3169320025252,1580.3169320025252,0.9996951484041956,0.0005281920370069234
1580.323876332074,1580.323876332074,0.9996861489428477,0.0005281977591197305
1580.330820661553,1580.330820661553,1.0000892797128962,0.0005283884836341168
1580.3377649909733,1580.3377649909733,0.9998638728557927,0.0005281228178818797
1580.3447093203345,1580.3447093203345,0.9999664680032779,0.000528265845107716
1580.3516536496386,1580.3516536496386,0.9998430126082883,0.000528283088172671
1580.3585979788845,1580.3585979788845,0.9999125570410156,0.0005284866254713859
1580.3655423080722,1580.3655423080722,0.9995417611104868,0.0005279920241023533
1580.3724866371958,1580.3724866371958,0.9999553629784842,0.0005281620015774927
1580.3794309662615,1580.3794309662615,1.0005544478402313,0.0005279934321458736
1580.3863752952689,1580.3863752952689,1.0005533205845638,0.0005280770698512856
1580.393319624212,1580.393319624212,0.9999735484859997,0.0005279763993512293
1580.400263953103,1580.400263953103,0.9999284462464646,0.0005278353921332892
1580.4072082819239,1580.4072082819239,0.999495905671577,0.0005281146064292362
1580.414152610687,1580.414152610687,0.9999017433415999,0.0005278486217888774
1580.4210969393916,1580.4210969393916,1.0005522668911526,0.0005287098766471305
1580.4280412680378,1580.4280412680378,0.9994116342894518,0.0005277072082212637
1580.4349855966198,1580.4349855966198,1.000013875583138,0.0005280078887748227
1580.4419299251313,1580.4419299251313,1.000026331705709,0.0005281041260050971
1580.4488742535916,1580.4488742535916,1.0003489655884477,0.0005277456397853399
1580.4558185819938,1580.4558185819938,1.0000322950021006,0.0005282395800668592
1580.4627629103372,1580.4627629103372,0.9997006615254623,0.0005278220278504143
1580.4697072386111,1580.4697072386111,0.9997047419666284,0.0005284469439170987
1580.4766515668211,1580.4766515668211,1.0008092326830036,0.000527797969102569
1580.483595894967,1580.483595894967,1.000096783774115,0.0005280243338849788
1580.4905402230663,1580.4905402230663,0.9995986237369101,0.0005279615629143304
1580.49748455109,1580.49748455109,0.99967879525703,0.000527852287462076
1580.504428879055,1580.504428879055,1.0004813224284752,0.0005280863193464303
1580.5113732069508,1580.5113732069508,1.0006241968423988,0.0005281806162591372
1580.5183175347881,1580.5183175347881,1.0005298622243246,0.0005278766539976119
1580.5252618625725,1580.5252618625725,0.9998330281146041,0.0005277586452682008
1580.5322061902928,1580.5322061902928,0.9998139379737377,0.0005281017638749517
1580.5391505179318,1580.5391505179318,1.0005229806689921,0.0005282706247619986
1580.5460948455072,1580.5460948455072,0.9996820294841878,0.0005276899716262762
1580.5530391730365,1580.5530391730365,0.9997804314463169,0.000527888195256606
1580.559983500501,1580.559983500501,0.9992539344908973,0.0005279602840404739
1580.5669278278904,1580.5669278278904,1.000268579276169,0.0005281251317328225
1580.5738721552211,1580.5738721552211,1.0010771659281263,0.0005286117886340736
1580.5808164824823,1580.5808164824823,0.9998994026057021,0.0005282358815943352
1580.587760809691,1580.587760809691,1.0004453060444827,0.000528483836571846
1580.594705136824,1580.594705136824,1.0000812443284626,0.0005280827190167417
1580.601649463893,1580.601649463893,0.9999735231162598,0.0005279164734710025
1580.6085937908979,1580.6085937908979,0.9994257556645314,0.0005283972732184071
1580.6155381178437,1580.6155381178437,0.9995377676223504,0.0005279807762688701
1580.6224824447145,1580.6224824447145,0.9996323115558405,0.0005279123725927861
1580.6294267715214,1580.6294267715214,1.0002001649113934,0.0005281036817300917
1580.6363710982646,1580.6363710982646,1.0005408833047198,0.0005278858182003775
1580.6433154249376,1580.6433154249376,1.0005859423770382,0.0005278266477548987
1580.6502597515585,1580.6502597515585,1.0009759713680872,0.0005280735137516045
1580.6572040781098,1580.6572040781098,0.9999180595022364,0.000528094248153781
1580.6641484045788,1580.6641484045788,0.9998065537071372,0.0005282408936759085
1580.6710927310016,1580.6710927310016,0.999358163934458,0.0005283206290036781
1580.6780370573433,1580.6780370573433,1.000112555361913,0.0005278970539602846
1580.6849813836202,1580.6849813836202,0.9996619212576547,0.0005285674888721051
1580.6919257098339,1580.6919257098339,0.9998796092747488,0.0005278934034961898
1580.6988700359766,1580.6988700359766,0.9989777009692794,0.000528123005438612
1580.7058143620493,1580.7058143620493,1.0002505654660545,0.000528424097624323
1580.7127586880536,1580.7127586880536,1.0007980494680762,0.0005283157429387449
1580.719703013993,1580.719703013993,1.0005749360414133,0.000528564547038616
1580.726647339869,1580.726647339869,1.000568743220154,0.0005281833424995867
1580.7335916656807,1580.7335916656807,0.9995641863640667,0.0005281264391089735
1580.7405359914112,1580.7405359914112,1.0000664062613531,0.0005279959493465981
1580.7474803170828,1580.7474803170828,1.0000892237462422,0.0005277020652526404
1580.7544246426792,1580.7544246426792,1.0003235719844688,0.0005279796365302194
1580.7613689681998,1580.7613689681998,0.9998189279273539,0.0005282166303222308
1580.7683132936622,1580.7683132936622,1.0001099938322913,0.0005278654325129551
1580.7752576190494,1580.7752576190494,0.9989841416604053,0.0005279504535268812
1580.782201944377,1580.782201944377,0.9999618933425658,0.0005284711502168925
1580.7891462696293,1580.7891462696293,0.9997819487211712,0.0005283258350815667
1580.7960905948007,1580.7960905948007,1.0009555215030097,0.0005284379731007909
1580.8030349199196,1580.8030349199196,1.00038842875731,0.0005283370526484238
1580.8099792449516,1580.8099792449516,0.9998960077515375,0.000528070193329894
1580.8169235699252,1580.8169235699252,1.000203395872635,0.0005278676855857581
1580.823867894823,1580.823867894823,1.0000234514439275,0.000528150490606734
1580.8308122196506,1580.8308122196506,0.9997524640883964,0.0005280742358029205
1580.837756544409,1580.837756544409,0.9992815418417174,0.0005277450608342924
1580.8447008690914,1580.8447008690914,0.9998183661520189,0.0005278263247726004
1580.8516451937041,1580.8516451937041,1.000120928926671,0.000528142115150783
1580.858589518247,1580.858589518247,0.999668714622102,0.0005283003998892005
1580.865533842713,1580.865533842713,1.0006227937704284,0.0005279441175674561
1580.8724781671158,1580.8724781671158,1.0002437944629956,0.0005280264317177746
1580.8794224914316,1580.8794224914316,1.0007470899409507,0.0005281102124260647
1580.8863668156832,1580.8863668156832,1.0000121704066154,0.0005285003113487813
1580.893311139865,1580.893311139865,0.99929241645874,0.0005275979696877629
1580.9002554639717,1580.9002554639717,0.9992094345373286,0.0005282423730386284
1580.9071997880078,1580.9071997880078,1.0006739056441787,0.0005283364991599531
1580.9141441119684,1580.9141441119684,0.9998427443478336,0.0005279431262010103
1580.9210884358536,1580.9210884358536,1.000461411296093,0.0005285388948221891
1580.9280327596684,1580.9280327596684,0.999520810808691,0.0005280579077770315
1580.9349770834083,1580.9349770834083,0.999801130620447,0.0005282209154679071
1580.9419214070713,1580.9419214070713,1.0003448460867173,0.0005281339339530676
1580.9488657306588,1580.9488657306588,1.000434883640713,0.0005279713417285943
1580.9558100541774,1580.9558100541774,0.9998297017777859,0.0005278834661961072
1580.9627543776137,1580.9627543776137,1.000416239350722,0.0005281338202438165
1580.969698700987,1580.969698700987,1.0003219329522968,0.0005287186343625496
1580.9766430242726,1580.9766430242726,1.0006128661763172,0.0005280218177130243
1580.9835873474938,1580.9835873474938,0.999317349924563,0.0005285172151098529
1580.9905316706222,1580.9905316706222,1.0000370791334903,0.0005284000026784656
1580.9974759936924,1580.9974759936924,0.9991593109704656,0.0005280398039697771
1581.0044203166808,1581.0044203166808,1.000425687869296,0.0005280555052699035
1581.0113646395937,1581.0113646395937,1.0003408444472766,0.000528433794193236
1581.0183089624186,1581.0183089624186,0.9998158270795081,0.0005276950902229841
1581.0252532851741,1581.0252532851741,0.9995912753007887,0.000527897184152051
1581.0321976078658,1581.0321976078658,1.0000928062204069,0.0005282642815843891
1581.0391419304644,1581.0391419304644,1.000238940030426,0.0005281538442255542
1581.046086252993,1581.046086252993,0.9998848386733561,0.0005274613134607129
1581.0530305754464,1581.0530305754464,1.0003090050372339,0.0005281107021414881
1581.0599748978125,1581.0599748978125,1.0006038843391682,0.0005279422388159113
1581.0669192201083,1581.0669192201083,0.9999605864892182,0.0005281533399290164
1581.0738635423224,1581.0738635423224,1.0003926243673653,0.0005281405958052219
1581.0808078644616,1581.0808078644616,0.9993597909960517,0.0005277665682671452
1581.0877521865243,1581.0877521865243,0.999393176153176,0.0005283282224285238
1581.094696508499,1581.094696508499,0.9997072961213711,0.0005281767099215048
1581.1016408303992,1581.1016408303992,0.9997722266100298,0.0005287853552692374
1581.1085851522234,1581.1085851522234,0.999677059430023,0.0005283367735970212
1581.1155294739724,1581.1155294739724,1.0001842307074473,0.0005280649953675253
1581.122473795634,1581.122473795634,0.999996934494036,0.0005281086787558954
1581.12941811722,1581.12941811722,1.000327285622096,0.0005283823004632258
1581.1363624387243,1581.1363624387243,1.000124816197013,0.0005284326866831372
1581.1433067601472,1581.1433067601472,0.9998261689131782,0.000528316880665583
1581.1502510814882,1581.1502510814882,1.0004346397027988,0.0005280716609643083
1581.15719540276,1581.15719540276,0.9995345595547068,0.0005276630412654669
1581.164139723932,1581.164139723932,0.9997615585996812,0.0005279607897307887
1581.1710840450396,1581.1710840450396,0.9997395266202931,0.0005279407483008566
1581.1780283660494,1581.1780283660494,1.0006208875208653,0.0005283151023436021
1581.1849726869946,1581.1849726869946,1.0003402492306566,0.0005279175701426333
1581.1919170078586,1581.1919170078586,1.000014894341509,0.0005281588566228774
1581.1988613286298,1581.1988613286298,0.9996587457046353,0.0005279541155902915
1581.2058056493247,1581.2058056493247,0.9993581719837052,0.0005279870050338078
1581.2127499699332,1581.2127499699332,0.9994737614171083,0.000527698018907637
1581.2196942904711,1581.2196942904711,1.001101986689081,0.0005281100722865876
1581.226638610916,1581.226638610916,0.9996563946658247,0.0005280528576734389
1581.233582931279,1581.233582931279,0.9998359435234756,0.0005285125430488654
1581.240527251566,1581.240527251566,1.0009726504381422,0.0005280429502911854
1581.2474715717665,1581.2474715717665,0.9996348023657429,0.0005278783121444649
1581.2544158918797,1581.2544158918797,1.0003078810715285,0.0005278646113126939
1581.2613602119113,1581.2613602119113,0.9993487721269345,0.0005279302805341809
1581.2683045318615,1581.2683045318615,1.0001074474849976,0.0005276145334786351
1581.2752488517358,1581.2752488517358,1.0000315419073835,0.0005279121635673182
1581.2821931715057,1581.2821931715057,0.9996133912000975,0.0005283747244259308
1581.2891374912056,1581.2891374912056,0.9999293465423366,0.0005282491312068444
1581.2960818108184,1581.2960818108184,1.0003448806232278,0.0005279579336086415
1581.3030261303436,1581.3030261303436,1.000543028507596,0.0005283418496590257
1581.309970449792,1581.309970449792,0.9997056499424535,0.0005280744480815495
1581.3169147691483,1581.3169147691483,0.9998967999982085,0.0005284100919062854
1581.3238590884234,1581.3238590884234,1.0008709174582524,0.000528580153229214
1581.3308034076108,1581.3308034076108,1.0000492983802651,0.0005282162612124916
1581.3377477267172,1581.3377477267172,0.9996005695087053,0.0005283555874558396
1581.3446920457359,1581.3446920457359,0.9999556888143349,0.0005278722859461813
1581.3516363646731,1581.3516363646731,0.999622337943919,0.0005279264975640494
1581.3585806835176,1581.3585806835176,1.0003167017708057,0.0005281179129984369
1581.3655250022805,1581.3655250022805,1.0004643622398182,0.0005285824655358455
1581.3724693209494,1581.3724693209494,0.999995423311916,0.0005278488308494052
1581.3794136395425,1581.3794136395425,0.9992838045840224,0.0005278617053588966
1581.3863579580493,1581.3863579580493,1.0003283123540867,0.000527936496789482
1581.393302276457,1581.393302276457,0.9999909018027457,0.0005281452903565753
1581.400246594795,1581.400246594795,1.0003033740294787,0.0005279167632287425
1581.4071909130394,1581.4071909130394,1.0009914179853627,0.000528277019567025
1581.414135231197,1581.414135231197,0.9999022541019811,0.000528275168204675
1581.4210795492613,1581.4210795492613,0.9995911083162662,0.000528027179346602
1581.428023867244,1581.428023867244,0.999738516535583,0.0005284090571278611
1581.4349681851395,1581.4349681851395,0.9994026204303801,0.0005282631629832527
1581.4419125029524,1581.4419125029524,0.9993661977747712,0.0005280152381471879
1581.448856820673,1581.448856820673,1.000227708166619,0.0005278747873700322
1581.4558011383006,1581.4558011383006,1.0001647973986139,0.0005280837409734438
1581.4627454558467,1581.4627454558467,0.9994164066525137,0.0005281157042936911
1581.4696897733058,1581.4696897733058,1.0009122055331614,0.0005283185695971037
1581.4766340906772,1581.4766340906772,1.0003908213314108,0.0005276283580739872
1581.4835784079619,1581.4835784079619,0.9999950204438448,0.0005279179012351467
1581.490522725153,1581.490522725153,0.9996937158214625,0.0005277256593203773
1581.4974670422682,1581.4974670422682,1.0001199084281194,0.000528181650236686
1581.504411359279,1581.504411359279,1.0001193181681414,0.000528025190597287
1581.511355676207,1581.511355676207,1.0004024598113321,0.0005282074934595755
1581.5182999930546,1581.5182999930546,0.9998113845428973,0.0005282543253785203
1581.5252443098036,1581.5252443098036,0.999735941661043,0.0005287063466312869
1581.5321886264765,1581.5321886264765,1.0002374919413122,0.0005282482615236823
1581.5391329430504,1581.5391329430504,0.9998534090501454,0.0005279181797471175
1581.5460772595375,1581.5460772595375,0.9994588665118066,0.0005280395993728182
1581.5530215759488,1581.5530215759488,1.0001710022685746,0.0005281777838523421
1581.5599658922551,1581.5599658922551,0.9997000571997056,0.0005283353021961298
1581.5669102084744,1581.5669102084744,0.9999283774154488,0.0005282129286585131
1581.5738545246163,1581.5738545246163,1.0005600943580266,0.000528436141774041
1581.580798840661,1581.580798840661,0.9999913119433629,0.0005283097585565637
1581.5877431566296,1581.5877431566296,1.0001911918078341,0.0005287765666462799
1581.5946874724991,1581.5946874724991,1.0000316729950913,0.0005281262017045401
1581.601631788288,1581.601631788288,1.0000297387807786,0.0005283887313023046
1581.6085761039828,1581.6085761039828,0.9996765954618112,0.0005279329621009732
1581.6155204195966,1581.6155204195966,0.999535745589157,0.0005281285042172803
1581.622464735117,1581.622464735117,1.0007437295392925,0.0005281679681128634
1581.6294090505503,1581.6294090505503,0.9998690499704017,0.0005279520980266841
1581.63635336589,1581.63635336589,0.9994047865632419,0.0005281752086517299
1581.6432976811598,1581.6432976811598,1.0003529362276278,0.0005284555919053422
1581.650241996325,1581.650241996325,1.0001701604702482,0.0005280846293484676
1581.657186311409,1581.657186311409,1.0000350303470262,0.0005283807189770509
1581.6641306264116,1581.6641306264116,1.0004064205252976,0.0005283406184858007
1581.6710749413094,1581.6710749413094,0.9999999138590143,0.000528361152964999
1581.6780192561432,1581.6780192561432,0.9991707268855714,0.0005281499617298076
1581.6849635708782,1581.6849635708782,1.0002251011922931,0.0005282999223799935
1581.6919078855374,1581.6919078855374,1.0005079924631932,0.0005283647051775197
1581.6988522000966,1581.6988522000966,0.9996227853071975,0.0005279687306428197
1581.7057965145748,1581.7057965145748,0.9998979942245245,0.0005279595204566352
1581.712740828972,1581.712740828972,0.9999508110668616,0.0005281491363034744
1581.7196851432873,1581.7196851432873,1.0000407728255578,0.0005283966898155498
1581.7266294575043,1581.7266294575043,1.0007387663445593,0.0005282943773320063
1581.7335737716508,1581.7335737716508,0.9994625835118274,0.0005279359503211393
1581.7405180857108,1581.7405180857108,0.99940903874322,0.0005279516219711669
1581.7474623996832,1581.7474623996832,1.0007957356518469,0.0005284297044669177
1581.7544067135736,1581.7544067135736,0.9991980247182909,0.0005279343675060816
1581.7613510273763,1581.7613510273763,1.0000089977926312,0.0005279265119371103
1581.7682953411036,1581.7682953411036,1.0002708014958137,0.0005280503660286217
1581.7752396547444,1581.7752396547444,1.0004065786125533,0.0005282269856712259
1581.7821839682974,1581.7821839682974,0.9997238605962782,0.0005281192316230162
1584.2654777362839,1584.2654777362839,1.0001416265225904,0.0006282305752217234
1584.272422090931,1584.272422090931,1.0001090831107788,0.0006276977297954695
1584.2793664455835,1584.2793664455835,1.0005882007156266,0.00062611668348227
1584.2863108002416,1584.2863108002416,0.9998399906090594,0.0006256340675574104
1584.293255154924,1584.293255154924,1.0002673561192361,0.0006245254006468109
1584.3001995096004,1584.3001995096004,0.9998165431399331,0.0006229010622986395
1584.3071438642942,1584.3071438642942,1.000151677439114,0.0006219035383775976
1584.3140882189994,1584.3140882189994,0.9996796144547779,0.0006206278352789863
1584.3210325737095,1584.3210325737095,0.9995190863811866,0.0006193759010086901
1584.3279769284322,1584.3279769284322,0.9999272752243682,0.0006181006968929673
1584.3349212831552,1584.3349212831552,0.9996113493005125,0.0006166033984511268
1584.3418656378958,1584.3418656378958,0.9985748702462962,0.0006150257256174208
1584.34880999263,1584.34880999263,1.0006316270887343,0.0006136991590957322
1584.3557543473923,1584.3557543473923,1.0001157841941541,0.0006119026036721705
1584.362698702156,1584.362698702156,0.9995338818556764,0.0006107807515623546
1584.3696430569194,1584.3696430569194,1.000665816555071,0.0006093184830110754
1584.3765874116832,1584.3765874116832,0.9985563369391912,0.0006077998255966398
1584.383531766453,1584.383531766453,1.0000050553560258,0.0006068216318684504
1584.3904761212386,1584.3904761212386,1.0004594363404729,0.0006053898411592137
1584.3974204760252,1584.3974204760252,1.0004950123867367,0.000604510980051043
1584.4043648308177,1584.4043648308177,1.0004347947629497,0.0006037586569189406
1584.4113091856223,1584.4113091856223,1.000193665749568,0.0006026475284675631
1584.4182535404207,1584.4182535404207,0.9991012783923603,0.0006022110063031213
1584.4251978952307,1584.4251978952307,1.0001461253269617,0.0006013866394891073
1584.4321422500398,1584.4321422500398,0.9990046004224749,0.0006002330823940917
1584.439086604856,1584.439086604856,0.9999733283186079,0.000599705851588399
1584.4460309596777,1584.4460309596777,1.0000553492212525,0.0005991021694770215
1584.4529753144939,1584.4529753144939,0.9996635315939532,0.0005987380447120917
1584.4599196693216,1584.4599196693216,1.0003284112017674,0.0005984687797578465
1584.466864024154,1584.466864024154,1.0003729799428582,0.0005973997031137197
1584.4738083789873,1584.4738083789873,1.0008305947553222,0.0005969757166013189
1584.480752733809,1584.480752733809,1.0000591067170508,0.0005962724882445836
1584.4876970886485,1584.4876970886485,0.9993796239884812,0.0005958750400533713
1584.4946414434876,1584.4946414434876,0.9989387302336235,0.0005954460072059465
1584.5015857983315,1584.5015857983315,1.0003258297716733,0.0005953104220352619
1584.5085301531706,1584.5085301531706,1.0002000265352933,0.0005950072197092064
1584.51547450801,1584.51547450801,1.0006095390686724,0.0005943179266441974
1584.522418862855,1584.522418862855,1.0000516141501283,0.000593879867504465
1584.5293632177002,1584.5293632177002,1.0006339938987114,0.0005939573801719683
1584.5363075725447,1584.5363075725447,0.9989512595988088,0.0005934101015823083
1584.543251927389,1584.543251927389,1.0001847831455932,0.000593013935416085
1584.5501962822284,1584.5501962822284,0.9998970868279994,0.0005927177447222293
1584.5571406370793,1584.5571406370793,1.0001689096496502,0.0005921903655842917
1584.5640849919187,1584.5640849919187,0.9999470933196408,0.0005919063904016764
1584.5710293467691,1584.5710293467691,0.9990991993153955,0.0005913998621913787
1584.5779737016073,1584.5779737016073,1.0013449585588357,0.0005915788394946649
1584.5849180564528,1584.5849180564528,0.9997127555134024,0.000590982071336689
1584.591862411292,1584.591862411292,1.000382064647119,0.0005905000124035154
1584.5988067661253,1584.5988067661253,0.9999344892424208,0.0005900325581490709
1584.605751120965,1584.605751120965,0.9991202740637298,0.000589522334574639
1584.6126954757967,1584.6126954757967,1.000081252181607,0.0005895639207854006
1584.6196398306363,1584.6196398306363,0.9993416972777048,0.0005890112375812228
1584.6265841854697,1584.6265841854697,0.9999807176509947,0.0005887621654987989
1584.6335285403034,1584.6335285403034,0.9999168530816632,0.000588612146348685
1584.6404728951309,1584.6404728951309,1.0010953453525961,0.0005881503917196501
1584.6474172499516,1584.6474172499516,1.000991515965629,0.0005878777440787425
1584.6543616047788,1584.6543616047788,0.9998667054461372,0.0005876075455818752
1584.661305959595,1584.661305959595,0.9998049979903467,0.0005869500201006127
1584.668250314411,1584.668250314411,0.9990322909955885,0.0005862044937865513
1584.675194669227,1584.675194669227,1.0002197011459564,0.0005861969473425362
1584.68213902403,1584.68213902403,0.9995335902332553,0.000586153647465876
1584.6890833788402,1584.6890833788402,1.0008141972341467,0.0005854578537189508
1584.6960277336389,1584.6960277336389,0.999481748932489,0.000584489012160064
1584.7029720884375,1584.7029720884375,1.0005892991282042,0.0005837617916142237
1584.70991644323,1584.70991644323,1.0006229627260042,0.0005835101091702817
1584.7168607980161,1584.7168607980161,0.9998210802912247,0.0005823129248835821
1584.7246384753741,1584.7246384753741,1.0001378664448906,0.0005816291731474948
1584.7321383785363,1584.7321383785363,0.9991723102871906,0.0005808298289668005
1584.7390827333,1584.7390827333,1.0010610653844136,0.0005802824676608049
1584.746027088087,1584.746027088087,0.9997662613131094,0.0005795368345516327
1584.7529714428435,1584.7529714428435,1.0002427536424023,0.0005790285694042275
1584.7599157975897,1584.7599157975897,0.9999840374876788,0.000578446872553741
1584.7668601523535,1584.7668601523535,0.9994241104379105,0.0005775247638614516
1584.7738045070994,1584.7738045070994,1.0003714801018013,0.0005771561142819679
1584.78074886184,1584.78074886184,1.0000020449932945,0.0005764299003056803
1584.7876932165732,1584.7876932165732,1.0000978075486393,0.0005761120149006835
1584.7946375713018,1584.7946375713018,1.0008785387722996,0.0005760154745999924
1584.8015819260247,1584.8015819260247,1.000248885735699,0.0005755197155332605
1584.8085262807415,1584.8085262807415,1.0000824795213323,0.0005749412747437351
1584.8154706354528,1584.8154706354528,0.9994701857244908,0.0005744380461501083
1584.8224149901512,1584.8224149901512,0.9995335746801828,0.000574539323381262
1584.8293593448507,1584.8293593448507,0.9997691424875903,0.000574166828380749
1584.8363036995447,1584.8363036995447,0.9988719216204345,0.0005736158406704177
1584.843248054221,1584.843248054221,1.000623197866394,0.0005733552992069949
1584.8501924088973,1584.8501924088973,1.0000726576660144,0.0005735767115559984
1584.8571367635664,1584.8571367635664,1.0006893605548928,0.0005734021338035497
1584.8640811182195,1584.8640811182195,1.0004911588632122,0.0005736799489372555
1584.871025472878,1584.871025472878,0.9995284058228032,0.0005734266232529639
1584.8779698275196,1584.8779698275196,1.0002536595866374,0.000573002558317845
1584.8849141821668,1584.8849141821668,1.000855324813508,0.0005730203272473821
1584.8918585367837,1584.8918585367837,0.9995757729448826,0.000572859320030927
1584.8988028914016,1584.8988028914016,0.9997032452260391,0.0005726107539898845
1584.90574724602,1584.90574724602,0.9999187677983,0.0005726280879593835
1584.9126916006267,1584.9126916006267,0.9994123888104216,0.0005721332412237958
1584.919635955221,1584.919635955221,0.99925962936264,0.000571967958745666
1584.9265803098092,1584.9265803098092,1.0004772839761331,0.000571909574140389
1584.9335246643861,1584.9335246643861,1.0007492287536608,0.0005720438651974372
1584.9404690189579,1584.9404690189579,0.9996450498274037,0.0005712243856977877
1584.9474133735177,1584.9474133735177,1.0002829278760097,0.0005711068610861931
1584.9543577280774,1584.9543577280774,1.0001401364596307,0.0005706499125743576
1584.9613020826187,1584.9613020826187,0.9997391042230142,0.00057017622469868
1584.9682464371494,1584.9682464371494,0.9999376025793587,0.0005705069978597899
1584.9751907916743,1584.9751907916743,1.000013418271598,0.0005694366635865234
1584.9821351461878,1584.9821351461878,1.0000566306849081,0.0005693588551965676
1584.9890795006952,1584.9890795006952,0.999739285579827,0.0005689022925887012
1584.9960238551898,1584.9960238551898,1.0002940442869395,0.0005689311891183596
1585.0029682096797,1585.0029682096797,1.0002908001401702,0.0005684112330230193
1585.0099125641525,1585.0099125641525,0.9998546009497241,0.0005686161703097319
1585.0168569186249,1585.0168569186249,0.9998569063577755,0.0005678305186917326
1585.023801273074,1585.023801273074,1.0006603962334053,0.0005676307735047657
1585.0307456275223,1585.0307456275223,0.9995153320465342,0.0005669237690185591
1585.0376899819598,1585.0376899819598,0.999998536050053,0.0005664515315181404
1585.044634336386,1585.044634336386,0.9993153355158706,0.0005669589475075037
1585.0515786908004,1585.0515786908004,1.000204902038408,0.000565824406825049
1585.0585230452027,1585.0585230452027,1.000253935198105,0.0005656486951332136
1585.0654673995987,1585.0654673995987,1.0000214514101797,0.0005651075382937362
1585.0724117539783,1585.0724117539783,1.0000001481325163,0.0005643341633524335
1585.0793561083517,1585.0793561083517,0.9994563929390085,0.0005642848762598461
1585.086300462714,1585.086300462714,0.9998828333584477,0.0005635277319886812
1585.0932448170636,1585.0932448170636,1.0005400533169388,0.0005635321439762826
1585.1001891714018,1585.1001891714018,1.0000369500274306,0.0005630239986960641
1585.1071335257345,1585.1071335257345,0.999803946603705,0.0005625392387927298
1585.114077880044,1585.114077880044,0.9999390513764361,0.0005621926190806145
1585.1210222343536,1585.1210222343536,1.000351563122554,0.0005617676819369252
1585.127966588651,1585.127966588651,1.000369641978965,0.0005611848448071285
1585.1349109429248,1585.1349109429248,1.0002432662785214,0.0005608610885032693
1585.1418552971998,1585.1418552971998,0.9997665472974294,0.0005607741870633554
1585.1487996514686,1585.1487996514686,0.9999385497083642,0.0005606296181790293
1585.1557440057084,1585.1557440057084,0.9997924324962121,0.0005599003415753024
1585.162688359941,1585.162688359941,0.9998065581560068,0.0005594999157687507
1585.1696327141692,1585.1696327141692,0.9997587950507805,0.0005596176668079497
1585.1765770683737,1585.1765770683737,0.9997764440058731,0.0005589347214695124
1585.1835214225846,1585.1835214225846,1.0000644812965709,0.0005585438241605487
1585.190465776766,1585.190465776766,0.9997305295885865,0.0005583889702536732
1585.1974101309463,1585.1974101309463,1.0008543723725576,0.0005576262699306543
1585.204354485099,1585.204354485099,1.0004794156850876,0.0005576031082045791
1585.211298839257,1585.211298839257,0.9999044882681047,0.0005570170891866178
1585.218243193392,1585.218243193392,0.9999591070839525,0.0005571826971154416
1585.2251875475206,1585.2251875475206,0.9999071562491008,0.0005569485912569696
1585.2321319016257,1585.2321319016257,0.9995459928597448,0.0005562895442713176
1585.2390762557316,1585.2390762557316,0.9995383760353025,0.0005560057760170861
1585.2460206098203,1585.2460206098203,1.000176101807431,0.0005558026772168505
1585.252964963891,1585.252964963891,0.9999425449870459,0.0005556405460314432
1585.2599093179554,1585.2599093179554,0.9996577356332311,0.0005562612579411827
1585.2668536720025,1585.2668536720025,1.0008180824973567,0.0005558542181011816
1585.2737980260385,1585.2737980260385,1.0001234822967393,0.0005550895473009449
1585.280742380057,1585.280742380057,1.0008369420324013,0.0005549248103661572
1585.28768673407,1585.28768673407,0.9985412609086968,0.000554099892022245
1585.2946310880577,1585.2946310880577,1.0009016941167341,0.000554715652850182
1585.3015754420417,1585.3015754420417,0.9993734040521739,0.0005541219421692385
1585.3085197960138,1585.3085197960138,0.9998183125844416,0.0005538322954538018
1585.3154641499682,1585.3154641499682,0.9999052937151642,0.0005534361285052331
1585.3224085039105,1585.3224085039105,1.0000409377122876,0.0005531798855414212
1585.329352857841,1585.329352857841,0.9998042647901835,0.0005536335843961072
1585.3362972117488,1585.3362972117488,1.0004859990285548,0.0005527651233304398
1585.343241565663,1585.343241565663,1.00042217655201,0.0005526259319642559
1585.350185919536,1585.350185919536,1.000102020796323,0.0005526810975621124
1585.3571302734138,1585.3571302734138,0.999565283179011,0.0005516844869775219
1585.364074627275,1585.364074627275,1.0005202730154719,0.0005513855174594691
1585.3710189811186,1585.3710189811186,0.9999681544213569,0.0005511685210137518
1585.3779633349511,1585.3779633349511,0.9999697679508606,0.0005508710929595792
1585.3849076887714,1585.3849076887714,0.9995765080574444,0.000550172951433153
1585.391852042568,1585.391852042568,0.9990813958505402,0.0005502204555696693
1585.3987963963593,1585.3987963963593,1.000512057495681,0.0005496944601334345
1585.4057407501336,1585.4057407501336,0.9998151831244974,0.0005490218543966538
1585.4126851039018,1585.4126851039018,1.0000127840998072,0.0005490251565918893
1585.419629457646,1585.419629457646,1.000561343809116,0.0005486502097981183
1585.426573811367,1585.426573811367,1.0000687867440252,0.0005480686106532481
1585.433518165089,1585.433518165089,1.0004775122405054,0.0005484926497061653
1585.440462518793,1585.440462518793,0.9993139588729217,0.0005482174511845468
1585.4474068724799,1585.4474068724799,1.0002644953047741,0.0005479343950619902
1585.4543512261537,1585.4543512261537,0.9997792771586151,0.0005476462638944194
1585.4612955798116,1585.4612955798116,1.0001895320333767,0.0005476489849297698
1585.4682399334574,1585.4682399334574,1.0009474026223888,0.0005476223432207243
1585.4751842870803,1585.4751842870803,0.9998057169155226,0.0005469167082185054
1585.4821286407025,1585.4821286407025,0.9995915240951048,0.0005469916064358418
1585.4890729943013,1585.4890729943013,1.0000050413249375,0.0005470285299326498
1585.4960173478773,1585.4960173478773,1.0001608892792937,0.0005467344529627627
1585.5029617014477,1585.5029617014477,1.0007593626135978,0.0005468408325984261
1585.5099060550006,1585.5099060550006,0.999570680508817,0.0005464373971343733
1585.516850408535,1585.516850408535,0.9996252090475861,0.0005464290098524578
1585.5237947620644,1585.5237947620644,0.9999056476782284,0.0005466056895251009
1585.5307391155707,1585.5307391155707,1.0004161250629255,0.0005460731870505879
1585.5376834690655,1585.5376834690655,1.0001864418593287,0.0005462327684544406
1585.5446278225484,1585.5446278225484,1.0002148054555084,0.0005460477783388358
1585.5515721760012,1585.5515721760012,1.000024847086733,0.0005457502847688837
1585.558516529455,1585.558516529455,0.999325780720208,0.0005455937502428585
1585.5654608828859,1585.5654608828859,0.9999231721493202,0.0005460200191506052
1585.5724052362991,1585.5724052362991,1.0006316055529247,0.0005453215135051456
1585.5793495896994,1585.5793495896994,0.9995311579191781,0.0005453660428715321
1585.586293943089,1585.586293943089,0.9999204953553497,0.0005451142950295039
1585.59323829645,1585.59323829645,0.9997793647423153,0.0005452391139441322
1585.6001826498104,1585.6001826498104,0.9997948063817889,0.0005450511970546073
1585.6071270031423,1585.6071270031423,1.001030577682539,0.0005454017555267916
1585.6140713564726,1585.6140713564726,1.0003107644930356,0.0005451124820704012
1585.6210157097812,1585.6210157097812,1.000207749125957,0.0005456971950774852
1585.6279600630608,1585.6279600630608,1.0000454503607297,0.0005449758738587646
1585.6349044163342,1585.6349044163342,1.0001718109633964,0.0005453427607012261
1585.641848769595,1585.641848769595,0.9998396885407065,0.000545211604671618
1585.6487931228335,1585.6487931228335,0.9993908676337859,0.0005452691801074458
1585.6557374760603,1585.6557374760603,0.9999568003870941,0.0005453134558202317
1585.6626818292696,1585.6626818292696,1.0004299883681402,0.0005455447062556529
1585.6696261824675,1585.6696261824675,0.9996183984513675,0.0005457804092329273
1585.676570535635,1585.676570535635,0.999942581408094,0.0005451354390725757
1585.6835148887978,1585.6835148887978,0.9998419032226821,0.0005452594861005966
1585.6904592419492,1585.6904592419492,0.999989293028613,0.0005450932543565791
1585.697403595083,1585.697403595083,1.0004288298820314,0.0005449683537251924
1585.7043479481924,1585.7043479481924,0.9996209851519119,0.0005452889415674966
1585.7112923012912,1585.7112923012912,1.000031151699019,0.00054466158267902
1585.7182366543668,1585.7182366543668,1.0003200712101286,0.0005449475182689005
1585.7251810074363,1585.7251810074363,1.0003654693090023,0.0005443577120286251
1585.7321253604764,1585.7321253604764,1.0002562523564995,0.0005444941198408478
1585.7390697135165,1585.7390697135165,0.9999228532169081,0.0005446040845360088
1585.7460140665278,1585.7460140665278,1.0000673925291323,0.000544257565268917
1585.7529584195222,1585.7529584195222,0.9997009908355399,0.0005437583738264861
1585.7599027724987,1585.7599027724987,0.9999591212795818,0.0005438886760415161
1585.7668471254626,1585.7668471254626,0.9996420236299797,0.0005434433203835563
1585.77379147841,1585.77379147841,0.9989853138007169,0.0005435908718343298
1585.780735831346,1585.780735831346,1.00007884364948,0.0005435826433987937
1585.7876801842528,1585.7876801842528,1.0008206792761356,0.0005434561263968951
1585.794624537159,1585.794624537159,1.000436168533173,0.0005435189820464147
1585.8015688900302,1585.8015688900302,0.9998949222437694,0.0005429366451491643
1585.8085132429019,1585.8085132429019,1.000466185349501,0.0005435748291772271
1585.8154575957392,1585.8154575957392,0.9992905241001356,0.0005431755432069568
1585.8224019485756,1585.8224019485756,1.00048518962469,0.0005435707186521298
1585.8293463013824,1585.8293463013824,1.0001427800283147,0.0005431401909767073
1585.8362906541786,1585.8362906541786,0.9996483333963431,0.0005429583173561347
1585.8432350069575,1585.8432350069575,0.9999002782532844,0.0005430631886562332
1585.8501793597188,1585.8501793597188,0.9994464285409383,0.0005430474480684179
1585.8571237124615,1585.8571237124615,0.9999156955441176,0.0005429114713139897
1585.8640680651936,1585.8640680651936,1.0002949237427836,0.0005432896188084693
1585.8710124179022,1585.8710124179022,1.000402132790996,0.0005436023891351272
1585.8779567705938,1585.8779567705938,1.00009549278271,0.0005432232785706182
1585.8849011232674,1585.8849011232674,1.0000777247926618,0.0005429423335254753
1585.8918454759284,1585.8918454759284,1.0005453947202279,0.0005436412679314946
1585.8987898285618,1585.8987898285618,0.999618341390979,0.0005434000171547507
1585.905734181189,1585.905734181189,0.9990958666270435,0.0005428774439920376
1585.9126785337935,1585.9126785337935,1.000029495880431,0.0005431926271703342
1585.9254561425355,1585.9254561425355,1.0002691182274095,0.0005436063057578393
1585.936289332526,1585.936289332526,1.0001043774460687,0.0005441297832692336
1585.9432336850546,1585.9432336850546,0.9991025540001077,0.0005434605817024368
1585.9501780375701,1585.9501780375701,1.000290205508915,0.0005435639324859909
1585.9571223900637,1585.9571223900637,1.0001445976859502,0.0005436193824254123
1585.96406674254,1585.96406674254,1.0003522419403335,0.0005433864754115151
1585.9710110950043,1585.9710110950043,1.0006549124157702,0.0005436792587342324
1585.9779554474385,1585.9779554474385,0.9991880427117209,0.0005437240627242069
1585.9848997998677,1585.9848997998677,1.000614227169043,0.0005433619064919816
1585.9918441522682,1585.9918441522682,1.0009057724631762,0.0005435700252570849
1585.9987885046569,1585.9987885046569,0.9998392099392349,0.0005428643865450138
1586.0057328570276,1586.0057328570276,1.0003201182843022,0.0005430655760255404
1586.0126772093806,1586.0126772093806,0.9996568301695923,0.0005431199472944374
1586.019621561717,1586.019621561717,0.9996524297039316,0.000543191907920264
1586.026565914036,1586.026565914036,0.9986804176770299,0.0005429546571644938
1586.0335102663373,1586.0335102663373,0.9997713139348938,0.0005426650147448872
1586.0404546186141,1586.0404546186141,1.0005689345641677,0.0005432419493861384
1586.0473989708748,1586.0473989708748,1.0000564234178664,0.0005426759007320259
1586.0543433231237,1586.0543433231237,1.0006693992438438,0.0005424480546065898
1586.0612876753555,1586.0612876753555,1.000095256823539,0.0005425301707362785
1586.0682320275625,1586.0682320275625,1.000398389888926,0.0005419302334260399
1586.0751763797475,1586.0751763797475,1.0000850029805455,0.0005415818376159604
1586.0821207319266,1586.0821207319266,0.9985676892044502,0.0005413669088258113
1586.089065084071,1586.089065084071,0.9996551632953945,0.0005417627317406453
1586.0960094362142,1586.0960094362142,1.0001871675378329,0.0005414326196003271
1586.1029537883408,1586.1029537883408,1.000311503888382,0.0005418449061186157
1586.1098981404389,1586.1098981404389,1.0001412936138248,0.0005409972287445137
1586.1168424925247,1586.1168424925247,0.9998845356213103,0.0005407942688721867
1586.1237868445871,1586.1237868445871,1.0003935630618517,0.0005409323483246207
1586.1307311966316,1586.1307311966316,1.0000358664826456,0.0005410490033110709
1586.1376755486651,1586.1376755486651,0.9993212984266657,0.000540408687062896
1586.1446199006698,1586.1446199006698,0.9991826274532102,0.0005404051737374526
1586.1515642526683,1586.1515642526683,0.999483284109926,0.0005403624285771878
1586.1585086046366,1586.1585086046366,1.0010088790267095,0.0005402583889323962
1586.165452956595,1586.165452956595,1.0004101162906802,0.0005404438281931402
1586.1723973085238,1586.1723973085238,1.0006541133428017,0.0005404606142821878
1586.1793416604469,1586.1793416604469,1.0002763480303567,0.0005402169277071991
1586.186286012351,1586.186286012351,0.999492591341399,0.0005403120447564948
1586.1932303642277,1586.1932303642277,0.9998402678361235,0.0005404086419046869
1586.2001747161041,1586.2001747161041,0.9992189435698682,0.00054023069436108
1586.20711906794,1586.20711906794,0.9999777254731409,0.0005399715250415713
1586.214063419769,1586.214063419769,0.9996708973025026,0.0005396208564406121
1586.2210077715752,1586.2210077715752,1.0005152248073106,0.0005395969293728051
1586.2279521233645,1586.2279521233645,1.0003496872023654,0.0005397272213272556
1586.234896475136,1586.234896475136,1.0006176257190713,0.0005394825684303908
1586.24184082689,1586.24184082689,1.000012929358768,0.0005394172954470914
1586.2487851786202,1586.2487851786202,0.9997679215299499,0.0005393565808523597
1586.2557295303454,1586.2557295303454,0.9998708580500347,0.0005396160636936106
1586.2626738820297,1586.2626738820297,0.9999283057618781,0.0005394803952812773
1586.2696182337136,1586.2696182337136,1.0008005781969933,0.0005395965463595713
1586.276562585368,1586.276562585368,0.9995244823407647,0.0005394615835844209
1586.2835069370062,1586.2835069370062,0.999999199436747,0.0005393507169163209
1586.2904512886325,1586.2904512886325,0.999758851993142,0.000538861149256291
1586.297395640235,1586.297395640235,0.9994436329684616,0.0005389039920296455
1586.3057288621435,1586.3057288621435,1.000641888808575,0.0005396612800092044
1586.312673213706,1586.312673213706,1.0003764119115872,0.0005392799254066871
1586.3196175652388,1586.3196175652388,1.0007003425896923,0.0005388457062074521
1586.32656191676,1586.32656191676,0.9997069154953099,0.0005387148943097762
1586.333506268269,1586.333506268269,0.9994230671159094,0.0005385100653247649
1586.3404506197553,1586.3404506197553,1.0002121043853007,0.0005388259020219177
1586.3473949712245,1586.3473949712245,0.9997610152305187,0.0005383142152672632
1586.35433932267,1586.35433932267,1.0002384151951962,0.0005383178988463556
1586.3612836741145,1586.3612836741145,0.9994820924002064,0.0005380675603547448
1586.3682280255139,1586.3682280255139,1.0007011353935393,0.0005378604069177199
1586.3751723769074,1586.3751723769074,1.000069301660616,0.0005382469468952995
1586.3821167282833,1586.3821167282833,1.000090886916118,0.0005385691868392134
1586.3890610796402,1586.3890610796402,1.000093675511866,0.0005377677288976649
1586.3973943012356,1586.3973943012356,1.0000059728015378,0.0005374932790401574
1586.4043386525475,1586.4043386525475,0.9997885264749369,0.0005378403695155846
1586.4112830038475,1586.4112830038475,0.9993198214113838,0.0005375134672149595
1586.4182273551178,1586.4182273551178,0.9997540163264034,0.0005374770704298234
1586.4251717063714,1586.4251717063714,1.000121056088902,0.000537234974902206
1586.4321160576137,1586.4321160576137,0.9999281987421703,0.0005373081696366811
1586.4390604088262,1586.4390604088262,1.0004340828049254,0.0005371035668847424
1586.446004760021,1586.446004760021,1.0007738409867055,0.0005369360895322417
1586.4529491111987,1586.4529491111987,0.9995584778363401,0.0005373688348634901
1586.459893462365,1586.459893462365,0.9996326744789494,0.0005366209246112955
1586.4668378135023,1586.4668378135023,1.00057968692222,0.0005370318266818583
1586.4737821646208,1586.4737821646208,0.9993888992027102,0.0005364605990571213
1586.480726515729,1586.480726515729,0.9997941195207872,0.000536240465990248
1586.4876708668082,1586.4876708668082,1.0003459179516354,0.000536627516230815
1586.4946152178813,1586.4946152178813,1.0005063262545275,0.0005367852489674155
1586.5015595689185,1586.5015595689185,0.9997220376194687,0.0005364835943608414
1586.5085039199453,1586.5085039199453,1.0005881993106116,0.0005369729324554609
1586.5154482709545,1586.5154482709545,0.9995208653109804,0.0005362819888052195
1586.52239262194,1586.52239262194,0.999731772705317,0.0005362867485167312
1586.5293369729077,1586.5293369729077,0.9995781750967684,0.0005361151492488569
1586.5362813238585,1586.5362813238585,1.0005699103810772,0.0005362748820526545
1586.543225674786,1586.543225674786,0.9996467465008042,0.0005366043528770187
1586.5501700256905,1586.5501700256905,0.9999374385317692,0.0005358146743813573
1586.557114376588,1586.557114376588,0.9992147617688426,0.0005359473189801399
1586.5640587274575,1586.5640587274575,1.000434389666239,0.0005362335652069437
1586.5710030783039,1586.5710030783039,1.0006244287680421,0.0005360859508257979
1586.5779474291385,1586.5779474291385,1.0004735164118723,0.0005360659872749991
1586.5848917799544,1586.5848917799544,1.0000401641501786,0.0005360197762157056
1586.591836130748,1586.591836130748,0.9994148628920362,0.0005359708064374877
1586.5987804815186,1586.5987804815186,0.999624328724841,0.0005357401782663791
1586.6057248322777,1586.6057248322777,1.0011522922020633,0.000536097191946041
1586.6126691830061,1586.6126691830061,0.9998982577764771,0.0005360721918627973
1586.6196135337302,1586.6196135337302,1.0000245739663596,0.0005361238357067934
1586.626557884425,1586.626557884425,1.0001671536301011,0.000536499829224718
1586.6335022350968,1586.6335022350968,0.999036962170867,0.0005362887729303053
1586.6404465857554,1586.6404465857554,1.0001136281349556,0.0005359311141456336
1586.6473909363922,1586.6473909363922,0.9994847240631725,0.0005358180073153581
1586.6543352870112,1586.6543352870112,0.9994400127669936,0.0005356173672619493
1586.6612796376073,1586.6612796376073,1.000662137416134,0.0005360951553776841
1586.6682239881845,1586.6682239881845,1.0008216444127351,0.0005364059784882297
1586.6751683387513,1586.6751683387513,0.9992296886761141,0.0005360053862072387
1586.6821126892949,1586.6821126892949,1.0005719600518042,0.0005360781498783085
1586.6890570398034,1586.6890570398034,1.0004774692784286,0.0005357972164140566
1586.696001390305,1586.696001390305,1.0001539172768945,0.0005358714659448875
1586.7029457407846,1586.7029457407846,1.00015447342428,0.0005353966844904433
1586.7098900912524,1586.7098900912524,0.9995868501188936,0.000535413934989194
1586.7168344416855,1586.7168344416855,0.9992187780705581,0.0005354605447276884
1586.7237787921172,1586.7237787921172,0.999855351937818,0.0005357429027812663
1586.7307231425152,1586.7307231425152,1.0001187402196494,0.0005359931159890946
1586.7376674928958,1586.7376674928958,0.9998240595978108,0.000535480127933611
1586.7446118432645,1586.7446118432645,1.000162540670079,0.0005352512124298439
1586.7515561935975,1586.7515561935975,0.9998904718871937,0.0005356158168007483
1586.7585005439255,1586.7585005439255,0.9998781120889092,0.0005349540443024716
1586.7654448942308,1586.7654448942308,1.0004998852084424,0.0005352434865478772
1586.772389244512,1586.772389244512,1.0007304869604343,0.0005352998565273697
1586.779333594775,1586.779333594775,0.9997674600707842,0.0005347722596703939
1586.7862779450218,1586.7862779450218,0.9994734151057235,0.0005347123483001039
1586.7932222952395,1586.7932222952395,1.000201263262489,0.0005348416772076028
1586.8001666454506,1586.8001666454506,1.0001549948976638,0.000534822463068646
1586.8071109956325,1586.8071109956325,0.9997129963828645,0.0005346443025673176
1586.8140553457918,1586.8140553457918,0.9993228751784304,0.0005340967672349014
1586.8209996959397,1586.8209996959397,1.0002542138557413,0.000534626906448286
1586.8279440460751,1586.8279440460751,1.0001671905046734,0.0005345080889596762
1586.8348883961755,1586.8348883961755,1.000223227489413,0.0005348547141884652
1586.8418327462534,1586.8418327462534,1.0001785579708962,0.000534524940157732
1586.8487770963197,1586.8487770963197,1.000423499888684,0.0005341697473105116
1586.8557214463622,1586.8557214463622,0.9995456091072181,0.000534418637680031
1586.8626657963928,1586.8626657963928,1.0000659314744864,0.0005345279901487668
1586.8696101464009,1586.8696101464009,1.0003081080367784,0.0005341396608855877
1586.8765544963856,1586.8765544963856,0.9999265225859869,0.0005344641986691781
1586.8834988463464,1586.8834988463464,0.9991526936293695,0.0005343579736803285
1586.8904431962956,1586.8904431962956,0.9999173905581262,0.0005341693598396766
1586.897387546222,1586.897387546222,1.00029150246268,0.0005345963609636958
1586.9043318961196,1586.9043318961196,0.9998848952347213,0.0005343951683760318
1586.9112762460106,1586.9112762460106,0.9996119029754839,0.0005341970016171704
1586.9182205958782,1586.9182205958782,1.0001713761631081,0.0005340933342350581
1586.9251649457235,1586.9251649457235,1.0003206961283353,0.0005343933200650604
1586.932109295551,1586.932109295551,1.0002530999580632,0.0005338552022069374
1586.9390536453543,1586.9390536453543,1.0006925322630043,0.000534061182428013
1586.9459979951353,1586.9459979951353,0.9997610435647577,0.0005336855270626844
1586.9529423449046,1586.9529423449046,1.0000829982291535,0.0005340697957769431
1586.9598866946446,1586.9598866946446,1.0000173928993814,0.0005339593230514168
1586.966831044378,1586.966831044378,0.9996023112977326,0.0005342144504249496
1586.9737753940774,1586.9737753940774,0.9993719268377997,0.0005344110078194351
1586.9807197437653,1586.9807197437653,0.9996089886128358,0.0005337355993151715
1586.9876640934299,1586.9876640934299,1.0002176872203217,0.0005341648041312793
1586.99460844307,1586.99460844307,1.0005738935752144,0.0005340685885265122
1587.001552792694,1587.001552792694,1.0004784517901002,0.0005340522142000404
1587.0084971423062,1587.0084971423062,0.9998858960024541,0.0005339873555366189
1587.015441491883,1587.015441491883,0.9997785292664725,0.0005336396107586126
1587.0223858414479,1587.0223858414479,1.0008371715619697,0.0005340533771538358
1587.0293301909903,1587.0293301909903,0.9994876828486492,0.0005337093929686889
1587.0362745405153,1587.0362745405153,0.9991227964022078,0.0005335734287929782
1587.0432188900222,1587.0432188900222,0.9994983869190708,0.0005331716173903385
1587.0501632395055,1587.0501632395055,1.0002831738077995,0.0005336094154917967
1587.0571075889663,1587.0571075889663,1.0006867503328551,0.0005336603523208884
1587.0640519384099,1587.0640519384099,1.0002913874796593,0.0005332361899811539
1587.0709962878293,1587.0709962878293,1.000025549159148,0.0005332456512071317
1587.0779406372255,1587.0779406372255,0.9999086709594259,0.000532937619319774
1587.0848849866052,1587.0848849866052,1.0000430899589676,0.000533451026390909
1587.091829335979,1587.091829335979,0.9999243429437031,0.0005327442606230591
1587.0987736853162,1587.0987736853162,1.0001929954124207,0.0005324575186245399
1587.1057180346313,1587.1057180346313,0.9999045735757528,0.0005326893101484859
1587.1126623839411,1587.1126623839411,1.0005633912898604,0.0005331656970067425
1587.119606733221,1587.119606733221,0.9994362219920541,0.0005325588966297011
1587.1265510824717,1587.1265510824717,0.9998118261547025,0.0005321220008821217
1587.1334954317226,1587.1334954317226,1.0002786244277384,0.0005323141943340498
1587.1404397809392,1587.1404397809392,1.0008191508467665,0.000532583198964058
1587.1473841301379,1587.1473841301379,0.9997143314276979,0.0005322641534191824
1587.1543284793183,1587.1543284793183,1.0000478534943762,0.0005323413957246623
1587.1612728284767,1587.1612728284767,1.000496368586774,0.0005322343249574437
1587.1682171776176,1587.1682171776176,0.9998356902192824,0.0005321503150466006
1587.1751615267283,1587.1751615267283,0.9999891226093099,0.0005318312688362018
1587.1821058758162,1587.1821058758162,1.0000017934429808,0.0005318243606615303
1587.1890502249048,1587.1890502249048,0.9999670070173898,0.0005317217710570555
1587.1959945739638,1587.1959945739638,1.0000667841717539,0.0005317711317198175
1587.2029389229988,1587.2029389229988,0.9992885533015119,0.0005314285479545084
1587.2098832720171,1587.2098832720171,0.9999385986067303,0.0005315997355911433
1587.2168276210123,1587.2168276210123,1.0000193017843708,0.0005318281789882719
1587.2237719699842,1587.2237719699842,1.0004240735144532,0.000531795766358067
1587.2307163189375,1587.2307163189375,1.0003268704559336,0.0005314575037202184
1587.2376606678745,1587.2376606678745,1.0000515634800016,0.0005312595653412407
1587.2446050167823,1587.2446050167823,1.0001540879859245,0.0005311500698366047
1587.2515493656786,1587.2515493656786,0.9998714524727778,0.0005311956965593403
1587.2584937145502,1587.2584937145502,0.9995852540586088,0.0005307781384847842
1587.2654380633999,1587.2654380633999,1.000311850773802,0.0005312044938093736
1587.2723824122324,1587.2723824122324,0.9994955692104366,0.0005307130378376071
1587.2793267610402,1587.2793267610402,1.0002394884559365,0.0005307198898454921
1587.2862711098373,1587.2862711098373,0.9999372854642283,0.0005308643135051923
1587.2932154585997,1587.2932154585997,0.9999303531741276,0.0005309297400008597
1587.3001598073504,1587.3001598073504,1.000329114718545,0.0005306372812707677
1587.307104156077,1587.307104156077,0.999957154190335,0.0005300667213385282
1587.3140485047866,1587.3140485047866,0.9999700139575222,0.0005301924921203263
1587.3209928534736,1587.3209928534736,1.0003149180267954,0.0005304773112120809
1587.327937202154,1587.327937202154,0.9995555345107491,0.0005303134571912943
1587.3348815507875,1587.3348815507875,1.0005882508847963,0.0005302800221494585
1587.3418258994159,1587.3418258994159,0.9998641613236583,0.0005299753035729116
1587.3487702480213,1587.3487702480213,0.9994010026212278,0.0005296593504273192
1587.3557145966083,1587.3557145966083,1.0003934237866143,0.0005300632358377363
1587.3626589451665,1587.3626589451665,1.0000464660333743,0.0005296799417808481
1587.3696032937137,1587.3696032937137,0.9997943154566474,0.0005297639864982696
1587.3765476422373,1587.3765476422373,0.999731068005213,0.0005294745917793364
1587.3834919907308,1587.3834919907308,1.0003989148680694,0.0005296960474726204
1587.3904363392194,1587.3904363392194,1.0000896406999271,0.0005291776339817395
1587.397380687679,1587.397380687679,1.0000727835195282,0.0005296222446163531
1587.4043250361212,1587.4043250361212,1.000272023185832,0.0005291381270215954
1587.4112693845332,1587.4112693845332,0.9991789477884021,0.000529138536117667
1587.4182137329346,1587.4182137329346,1.0002192791924165,0.0005292215538923435
1587.4251580813245,1587.4251580813245,1.0003133464815879,0.0005290879891875336
1587.432102429673,1587.432102429673,0.9995024409990748,0.0005287305004084929
1587.439046778004,1587.439046778004,1.0002294832162728,0.0005292944900690634
1587.4459911263243,1587.4459911263243,0.9998797991274042,0.0005295517580895068
1587.4529354746153,1587.4529354746153,1.0001073613606855,0.0005291207660719071
1587.459879822893,1587.459879822893,1.0003693408398469,0.0005291368454216044
1587.4668241711436,1587.4668241711436,0.9997892378538766,0.0005292423951527921
1587.4737685193818,1587.4737685193818,0.9995841482823946,0.0005290021481346903
1587.480712867597,1587.480712867597,1.0006273219568225,0.0005290262482250937
1587.4876572157762,1587.4876572157762,0.999791139996234,0.0005291455960307315
1587.4946015639507,1587.4946015639507,0.9992076034821282,0.0005292536467949711
1587.5015459121018,1587.5015459121018,1.000017958227675,0.000529175121955039
1587.508490260235,1587.508490260235,1.0005464714499794,0.0005289330822985693
1587.5154346083389,1587.5154346083389,1.0001401912137853,0.0005289370474804336
1587.5223789564204,1587.5223789564204,0.9999303720854323,0.000528979480351026
1587.5293233044902,1587.5293233044902,1.0005664405530301,0.0005293280460792756
1587.536267652541,1587.536267652541,0.9998137653109073,0.0005290907184147779
1587.5432120005585,1587.5432120005585,0.9993398066744638,0.0005291449896627667
1587.5501563485582,1587.5501563485582,0.9999215418239512,0.0005291524236819952
1587.557100696552,1587.557100696552,1.0005229728881917,0.0005290343547192332
1587.5640450445103,1587.5640450445103,1.0001555526443984,0.0005290133698239537
1587.57098939244,1587.57098939244,1.000643402081305,0.0005290013916440722
1587.5779337403644,1587.5779337403644,0.9993296458417671,0.0005286893309617833
1587.5848780882702,1587.5848780882702,0.9994658135276786,0.0005285977754431218
1587.5918224361533,1587.5918224361533,0.9994818647582203,0.0005290390162922069
1587.5987667840136,1587.5987667840136,1.000412600750256,0.0005290792456210905
1587.6057111318446,1587.6057111318446,1.0004111185420623,0.0005288976769219748
1587.6126554796626,1587.6126554796626,0.999831203820337,0.0005288301110512847
1587.6195998274588,1587.6195998274588,1.0000499303676293,0.0005292143067704964
1587.6265441752262,1587.6265441752262,1.0001863198884438,0.0005290608224507486
1587.6334885229867,1587.6334885229867,1.0003751377661512,0.0005290401483418487
1587.640432870718,1587.640432870718,1.0002051776181016,0.000528858005004147
1587.6473772184327,1587.6473772184327,0.9995430356369253,0.0005289583429876723
1587.6543215661184,1587.6543215661184,1.0001570966746514,0.0005293898680125993
1587.6612659137854,1587.6612659137854,0.9998490921731109,0.0005287905841217816
1587.6682102614243,1587.6682102614243,0.999274529041885,0.0005292786099951698
1587.6751546090575,1587.6751546090575,1.0000351272485095,0.0005293870993700299
1587.682098956673,1587.682098956673,0.9998422867137549,0.0005289140935859115
1587.6890433042527,1587.6890433042527,1.0001835704728315,0.0005295831926935194
1587.6959876518158,1587.6959876518158,1.000328305642396,0.0005291630279113167
1587.7029319993676,1587.7029319993676,1.0007884646025265,0.0005290163816285379
1587.7098763468834,1587.7098763468834,1.0000527639576957,0.0005289003783705592
1587.716820694388,1587.716820694388,0.9998069892494922,0.00052879758327341
1587.72376504187,1587.72376504187,1.0000820350838873,0.0005288148183693896
1587.730709389322,1587.730709389322,0.9988239289202475,0.0005287853143799462
1587.7376537367625,1587.7376537367625,1.0000039103293372,0.0005290434569113084
1587.7445980841806,1587.7445980841806,0.999824977263513,0.0005295785967107597
1587.7515424315807,1587.7515424315807,0.9999076786125507,0.000528988864292539
1587.758486778951,1587.758486778951,1.0010242267792009,0.0005289377825529224
1587.7654311263043,1587.7654311263043,1.0003178380899334,0.0005292212490308617
1587.7723754736407,1587.7723754736407,1.0002050475605364,0.0005288397091053082
1587.7793198209476,1587.7793198209476,0.9992485768435803,0.0005287212003680238
1587.7862641682423,1587.7862641682423,1.0004169296671914,0.0005288771180783352
1587.7932085155085,1587.7932085155085,0.9999508201466345,0.0005292905404978278
1587.8001528627635,1587.8001528627635,0.9996204347751092,0.0005286815280054178
1587.8070972099827,1587.8070972099827,0.9995192661910288,0.0005287097637347343
1587.814041557202,1587.814041557202,0.9998119371870582,0.0005290995498569172
1587.8209859043757,1587.8209859043757,1.0004440739689429,0.000529200065927999
1587.827930251543,1587.827930251543,1.0006193502199086,0.0005291756685802744
1587.83487459868,1587.83487459868,1.0002740252095066,0.0005288892260492304
1587.8418189458068,1587.8418189458068,0.9993578138030065,0.0005290734580717705
1587.8487632929046,1587.8487632929046,0.9997734895905465,0.0005288899711160521
1587.855707639984,1587.855707639984,1.000201374447403,0.0005291542628411683
1587.8626519870518,1587.8626519870518,1.000214082059307,0.0005295613396507327
1587.8695963340797,1587.8695963340797,0.9997863622838249,0.0005285385873524054
1587.8765406810958,1587.8765406810958,0.9998102126824632,0.0005290119292030755
1587.8834850280932,1587.8834850280932,0.9998190011597117,0.0005291153888697974
1587.890429375063,1587.890429375063,1.000636049718964,0.0005288354742582934
1587.8973737220092,1587.8973737220092,0.999751176772917,0.0005287859882467255
1587.9043180689491,1587.9043180689491,0.9994125318767685,0.0005288143114765574
1587.9112624158538,1587.9112624158538,1.000749456374966,0.0005288121337883648
1587.918206762742,1587.918206762742,1.0001450796765348,0.0005288548174594641
1587.925151109613,1587.925151109613,1.0001850715808054,0.0005287468121633451
1587.9320954564587,1587.9320954564587,0.9999178003739614,0.0005287223784162726
1587.9390398032829,1587.9390398032829,1.0000053621926162,0.0005288298356909459
1587.9459841500839,1587.9459841500839,0.9993614662968175,0.000528757127072151
1587.952928496872,1587.952928496872,0.9998447410043172,0.0005288633834788708
1587.9598728436317,1587.9598728436317,0.9995746390934197,0.000528959883711619
1587.966817190363,1587.966817190363,1.0002953794467282,0.0005290874840006112
1587.9737615370875,1587.9737615370875,1.0007920256398724,0.0005290427220748503
1587.980705883777,1587.980705883777,0.9998462623427695,0.0005290552745246057
1587.9876502304553,1587.9876502304553,0.9998802951960158,0.0005290736447234626
1587.9945945771108,1587.9945945771108,1.0002030916516058,0.0005285228792781373
1588.001538923742,1588.001538923742,0.9998764081677889,0.0005291046569579013
1588.00848327035,1588.00848327035,0.9999086253923883,0.0005285234286408211
1588.0154276169471,1588.0154276169471,1.0003977011373737,0.0005289458249597052
1588.0223719635146,1588.0223719635146,0.9992689281572538,0.0005289579579657408
1588.0293163100641,1588.0293163100641,1.0001822889034047,0.0005289271094422775
1588.036260656586,1588.036260656586,1.0002889705579956,0.0005290952826537052
1588.0432050030897,1588.0432050030897,1.0002001659939217,0.0005286013160081604
1588.0501493495635,1588.0501493495635,0.999880673854509,0.0005288005342650472
1588.0570936960323,1588.0570936960323,1.0000534994416221,0.0005293576654927827
1588.0640380424782,1588.0640380424782,0.9996098853026147,0.0005292066056742652
1588.0709823888942,1588.0709823888942,1.0003419082782306,0.000528972089896498
1588.0779267352925,1588.0779267352925,0.9997645684986847,0.0005290839538352338
1588.0848710816683,1588.0848710816683,0.999971379235647,0.0005289611478593408
1588.0918154280268,1588.0918154280268,0.999183664919007,0.0005292284401832028
1588.0987597743492,1588.0987597743492,1.0003354869266807,0.0005291885395799097
1588.1057041206725,1588.1057041206725,1.0007484925416847,0.0005290008310768598
1588.1126484669553,1588.1126484669553,0.9998324265240631,0.0005287597686890236
1588.1195928132258,1588.1195928132258,0.9998745380151345,0.0005292423021943159
1588.126537159473,1588.126537159473,0.9995815787107029,0.0005293000907162191
1588.1334815056975,1588.1334815056975,1.00008145179789,0.0005288075886024695
1588.1404258519108,1588.1404258519108,1.0008629493599004,0.0005292047823772323
1588.1473701980872,1588.1473701980872,0.999298577299849,0.0005287028631801258
1588.1543145442536,1588.1543145442536,1.0002999109935686,0.0005289811043814403
1588.1612588903968,1588.1612588903968,1.0003819064648798,0.0005286426368296791
1588.1682032365095,1588.1682032365095,0.999925530507106,0.0005289881654351004
1588.1751475826056,1588.1751475826056,1.0001267983190314,0.0005289050767499627
1588.182091928679,1588.182091928679,0.9998468286979595,0.0005289855719108008
1588.1890362747397,1588.1890362747397,0.9995523644802751,0.0005284961321260942
1588.195980620772,1588.195980620772,0.9995679863581584,0.0005292178083584899
1588.202924966775,1588.202924966775,1.0002826411539065,0.0005291407443461366
1588.2098693127668,1588.2098693127668,1.0003774799374598,0.0005288100366154769
1588.2168136587338,1588.2168136587338,0.9996354909617475,0.0005289117625423545
1588.223758004685,1588.223758004685,1.0002542351102193,0.0005293618795635697
1588.2307023506066,1588.2307023506066,1.0004888471536306,0.0005290218201840945
1588.2376466965047,1588.2376466965047,0.999550359061001,0.0005287998663131519
1588.2445910423908,1588.2445910423908,0.9993131824123171,0.0005288716579044885
1588.2515353882548,1588.2515353882548,1.0004579213498248,0.0005293309981138477
1588.2584797340892,1588.2584797340892,0.9998068424429188,0.000528665816570905
1588.265424079905,1588.265424079905,1.0000591893322928,0.0005289052143921667
1588.272368425699,1588.272368425699,1.000173933323258,0.0005290678179712702
1588.2793127714754,1588.2793127714754,1.0004316137663776,0.000528810447582993
1588.2862571172157,1588.2862571172157,1.000095954485333,0.0005286103110386436
1588.2932014629566,1588.2932014629566,1.0000579950513062,0.0005287511052682874
1588.3001458086578,1588.3001458086578,0.9999368839586739,0.0005289561339438983
1588.307090154346,1588.307090154346,0.9998844057851677,0.0005287472792266674
1588.314034500011,1588.314034500011,0.9992725604903636,0.0005289175487554797
1588.3209788456536,1588.3209788456536,1.0000645395419299,0.0005292084431796007
1588.327923191284,1588.327923191284,1.0001435904866398,0.0005288511133569126
1588.3348675368786,1588.3348675368786,1.0000317174091227,0.0005287244445159061
1588.3418118824575,1588.3418118824575,1.0008953508457716,0.0005288998695924084
1588.3487562280122,1588.3487562280122,1.0007193330761734,0.0005291418722616528
1588.3557005735433,1588.3557005735433,1.0005702775329053,0.0005286594915788501
1588.3626449190574,1588.3626449190574,1.0000949844579088,0.0005290898809209818
1588.3695892645487,1588.3695892645487,1.0005599566070573,0.0005289760358055371
1588.376533610016,1588.376533610016,0.9996382937874442,0.0005287871615421842
1588.3834779554657,1588.3834779554657,0.9994825946090042,0.0005289832921251568
1588.3904223008926,1588.3904223008926,0.9995472103043902,0.0005289102960894748
1588.3973666462966,1588.3973666462966,0.9996031541981025,0.00052922452442271
1588.404310991676,1588.404310991676,1.0000962540664657,0.0005290527192417249
1588.4112553370446,1588.4112553370446,1.0005687513224877,0.0005288160059658575
1588.4181996823786,1588.4181996823786,1.0000721086869417,0.0005288552368672116
1588.4251440276998,1588.4251440276998,1.0004182594494833,0.0005290052770851707
1588.432088372993,1588.432088372993,1.0002008835653171,0.0005291422643812818
1588.4390327182687,1588.4390327182687,1.0000906244502956,0.0005288975807669369
1588.4459770635208,1588.4459770635208,0.9993587871195071,0.0005287696553569557
1588.452921408749,1588.452921408749,0.9997927381668511,0.0005289025627956162
1588.459865753955,1588.459865753955,1.000024392847378,0.0005287026233871569
1588.4668100991435,1588.4668100991435,0.9999733590562222,0.0005285970430419527
1588.4737544443074,1588.4737544443074,0.9997531778576635,0.0005286840488075518
1588.480698789443,1588.480698789443,1.0004707624733835,0.0005289083222777925
1588.4876431345679,1588.4876431345679,0.9999122663352391,0.000528844510754709
1588.494587479662,1588.494587479662,1.0004611846343991,0.0005289546882900253
1588.5015318247395,1588.5015318247395,1.0000023968016318,0.0005286842497877229
1588.5084761698,1588.5084761698,0.999738378544398,0.0005290073989599583
1588.515420514825,1588.515420514825,0.9999410921194214,0.0005286428826858201
1588.5223648598378,1588.5223648598378,0.9998668683573421,0.0005287577964645625
1588.5293092048287,1588.5293092048287,0.9995780869255105,0.0005286955569456718
1588.5362535497957,1588.5362535497957,1.000608174321602,0.0005288618694941057
1588.5431978947386,1588.5431978947386,1.0007851074272816,0.0005288695347526483
1588.550142239665,1588.550142239665,0.9988053660911816,0.00052886690995617
1588.5570865845625,1588.5570865845625,1.0007143776083827,0.0005289976759729846
1588.564030929453,1588.564030929453,0.999051230368101,0.0005286617236524146
1588.5709752742978,1588.5709752742978,1.0000861268527188,0.00052890135297581
1588.577919619143,1588.577919619143,1.0003830772606654,0.000529157962853735
1588.5848639639464,1588.5848639639464,0.9997686855954084,0.000529114328115061
1588.5918083087386,1588.5918083087386,1.0001944645527927,0.0005288616115892972
1588.5987526535137,1588.5987526535137,0.999776607361742,0.0005288281190339743
1588.6056969982535,1588.6056969982535,1.0004367914769543,0.0005287942332298396
1588.6126413429754,1588.6126413429754,0.9995906235456635,0.0005291572747663686
1588.6195856876866,1588.6195856876866,0.9996981305346768,0.0005287312904693836
1588.6265300323687,1588.6265300323687,1.0004910868133312,0.0005292169756803261
1588.6334743770262,1588.6334743770262,1.0004013290358373,0.0005292711623714902
1588.6404187216615,1588.6404187216615,1.0006248784195804,0.000529020346353946
1588.6473630662797,1588.6473630662797,0.9996137809236926,0.0005284011005226503
1588.6543074108733,1588.6543074108733,0.9996462402732289,0.000528719546078042
1588.6612517554445,1588.6612517554445,0.999391867797222,0.0005282434432291372
1588.6681960999867,1588.6681960999867,1.0000274674912324,0.0005288919566225223
1588.6751404445172,1588.6751404445172,0.9999110282298215,0.0005291301552477776
1588.6820847890235,1588.6820847890235,1.0002058432710583,0.000528901838068479
1588.6890291335078,1588.6890291335078,1.0003110588074045,0.0005288094562303253
1588.695973477957,1588.695973477957,0.9999716525069022,0.0005285850024187387
1588.7029178224047,1588.7029178224047,1.000406986251987,0.0005291256544989306
1588.7098621668194,1588.7098621668194,0.999554922487315,0.0005289535137975459
1588.71680651121,1588.71680651121,1.0000272915519415,0.0005291507428423217
1588.7237508555884,1588.7237508555884,0.999726517341219,0.0005287286334740238
1588.7306951999328,1588.7306951999328,1.0002630777542305,0.0005287758672422427
1588.73763954426,1588.73763954426,0.9997006081705084,0.0005286459979363749
1588.744583888568,1588.744583888568,1.000439651873562,0.0005288584083595341
1588.7515282328543,1588.7515282328543,1.0001450913460395,0.0005287301399644322
1588.7584725771057,1588.7584725771057,0.999865361947684,0.0005287628653745186
1588.7654169213447,1588.7654169213447,0.9997126008168118,0.0005284460236378249
1588.7723612655604,1588.7723612655604,1.0000738148682455,0.0005289961868256172
1588.7793056097535,1588.7793056097535,1.000055989738532,0.0005289756856944492
1588.7862499539342,1588.7862499539342,0.9996990997618942,0.0005289413219932308
1588.7931942980745,1588.7931942980745,1.0001682249329096,0.0005287759898050376
1588.800138642209,1588.800138642209,1.0001530484869086,0.0005286707492878892
1588.8070829863148,1588.8070829863148,1.0001248940106593,0.0005289662876715302
1588.8140273303961,1588.8140273303961,0.9998690831455713,0.0005292733156308774
1588.8209716744554,1588.8209716744554,1.0001929310274105,0.0005284473931392134
1588.827916018497,1588.827916018497,1.0004886505670951,0.000529164447153598
1588.8348603625086,1588.8348603625086,0.9996964242681392,0.0005289573750780184
1588.8418047065038,1588.8418047065038,0.9988087272106618,0.0005289564531913763
1588.8487490504756,1588.8487490504756,1.0004194662296844,0.00052903582212608
1588.8556933944233,1588.8556933944233,1.0000423702515622,0.0005287257815943366
1588.8626377383482,1588.8626377383482,1.000172929717997,0.0005291642826511627
1588.8695820822506,1588.8695820822506,1.000167996331528,0.0005288314949738972
1588.8765264261285,1588.8765264261285,1.0001680823983923,0.0005287553318709859
1588.8834707700066,1588.8834707700066,0.999901029580529,0.0005288168935726781
1588.8904151138272,1588.8904151138272,0.9999950629474903,0.0005285205079928212
1588.8973594576473,1588.8973594576473,1.0007191468425383,0.0005287974485781693
1588.9043038014381,1588.9043038014381,0.9994798108660288,0.0005295343568920859
1588.9112481452062,1588.9112481452062,0.999466010889107,0.0005284044011773144
1588.9181924889567,1588.9181924889567,0.9997397432133791,0.000528835202258475
1588.9251368326832,1588.9251368326832,1.0000851760071183,0.0005287290587514091
1588.9320811763814,1588.9320811763814,1.0000514291918066,0.0005289824157699361
1588.939025520062,1588.939025520062,1.0005785577502329,0.0005288229494893473
1588.9459698637186,1588.9459698637186,0.999504776518115,0.0005289291286547362
1588.9529142073586,1588.9529142073586,1.0009766858922449,0.0005291015231991447
1588.9598585509696,1588.9598585509696,0.9997103229129752,0.0005289311511283523
1588.966802894562,1588.966802894562,0.9998402743973707,0.0005290164676412686
1588.9737472381262,1588.9737472381262,0.9999601519964838,0.0005287910285119446
1588.9806915816735,1588.9806915816735,0.9996166634228392,0.000528703207666793
1588.9876359251962,1588.9876359251962,1.0002271367764735,0.0005287792234876989
1588.9945802686902,1588.9945802686902,0.9992029892315752,0.0005283905235024253
1589.0015246121734,1589.0015246121734,1.0002312258214585,0.00052904525806478
1589.0084689556265,1589.0084689556265,0.9997682258300143,0.0005290384499454633
1589.015413299068,1589.015413299068,0.9999436423800605,0.0005289032872392748
1589.0223576424755,1589.0223576424755,1.0006948349292883,0.0005290298118456575
1589.0293019858593,1589.0293019858593,1.0006915824314984,0.0005286331628672849
1589.0362463292245,1589.0362463292245,0.9997528905204651,0.0005285406465723647
1589.047079504815,1589.047079504815,1.0000105175624814,0.0005291730557952186
1589.0598570965024,1589.0598570965024,1.0000300339918446,0.0005284931110615226
1589.0668014397638,1589.0668014397638,1.0002031060527816,0.0005291730710216436
1589.0737457830019,1589.0737457830019,0.9989806337522866,0.0005284976553524582
1589.0806901262222,1589.0806901262222,1.0000194395005988,0.0005285266612501222
1589.0876344694202,1589.0876344694202,1.0004259415443184,0.0005283597378541572
1589.094578812594,1589.094578812594,0.9998688982707982,0.0005287146151201583
1589.10152315575,1589.10152315575,1.0002287806893062,0.0005285759314263597
1589.108467498878,1589.108467498878,0.9999237627013142,0.0005286837345754332
1589.1154118419822,1589.1154118419822,1.0000929245817425,0.0005288525161221803
1589.1223561850684,1589.1223561850684,0.9995049650460665,0.0005286704146105567
1589.1293005281325,1589.1293005281325,0.9997197237064206,0.0005287491161328853
1589.1362448711668,1589.1362448711668,1.0005627334477238,0.0005292340727656962
1589.1431892141832,1589.1431892141832,1.0000170412103033,0.0005291649283999196
1589.1501335571716,1589.1501335571716,1.0004551232753651,0.0005287498711972089
1589.1570779001477,1589.1570779001477,1.0001889986682255,0.0005286916554350663
1589.1640222430942,1589.1640222430942,0.9995766498372008,0.0005287964504428541
1589.1709665860183,1589.1709665860183,1.0004012059497158,0.0005289182521879944
1589.1779109289191,1589.1779109289191,1.0003609255039367,0.0005290327813338273
1589.1848552718016,1589.1848552718016,0.9995467644808024,0.000529034532160797
1589.1917996146499,1589.1917996146499,1.0003777903132107,0.0005293192314016872
1589.1987439574807,1589.1987439574807,1.0001619645840323,0.0005287486725700224
1589.2056883002995,1589.2056883002995,0.9986425055377046,0.0005281744511867334
1589.2126326430891,1589.2126326430891,1.0004583264221019,0.0005287316798102865
1589.2195769858504,1589.2195769858504,0.9993778523238566,0.0005284558570907299
1589.2265213285991,1589.2265213285991,0.9997997871150703,0.000528669686059226
1589.2334656713133,1589.2334656713133,1.0000619098224315,0.0005288480670452064
1589.2404100140166,1589.2404100140166,0.9996727522497564,0.0005284382831123514
1589.2473543566834,1589.2473543566834,1.0004892248902624,0.0005286524112534147
1589.2542986993392,1589.2542986993392,1.0007317389315673,0.0005286156185186758
1589.261243041961,1589.261243041961,0.9995072389459223,0.0005285664563975812
1589.26818738457,1589.26818738457,1.0000913367482152,0.0005284880737808737
1589.2751317271502,1589.2751317271502,1.0000669723780398,0.000528437474498439
1589.2820760697018,1589.2820760697018,1.000410993838529,0.0005289346898078476
1589.2890204122414,1589.2890204122414,0.9999999573115212,0.0005286427217841329
1589.2959647547632,1589.2959647547632,0.9998059537139093,0.0005287198346830255
1589.302909097251,1589.302909097251,0.9991495343305802,0.0005292052713935236
1589.3098534397204,1589.3098534397204,1.0000835898074838,0.0005290872663106712
1589.3167977821608,1589.3167977821608,0.999825125063085,0.0005295545908614746
1589.3237421245844,1589.3237421245844,1.0004798166943516,0.0005283714951760032
1589.3306864669842,1589.3306864669842,0.9999568295328307,0.0005284709985978978
1589.3376308093546,1589.3376308093546,1.0005381175867458,0.0005288082840244782
1589.3445751517024,1589.3445751517024,0.9991968960209665,0.0005284275182087178
1589.3515194940385,1589.3515194940385,1.0002509233844266,0.0005284545560893342
1589.3584638363445,1589.3584638363445,0.9996204714885835,0.0005286079703665916
1589.3654081786285,1589.3654081786285,1.0006202843554566,0.0005285975037543969
1589.3734636156428,1589.3734636156428,1.0002858788002815,0.0005289014181311914
1589.3806857315635,1589.3806857315635,0.9997136854300284,0.000528415834705371
1589.3876300737716,1589.3876300737716,0.9998571775400495,0.0005286180326587127
1589.3945744159562,1589.3945744159562,1.0006644914593585,0.0005285525476912628
1589.4015187581224,1589.4015187581224,1.0001228655786762,0.0005283964035997993
1589.408463100261,1589.408463100261,1.000346902442372,0.0005283522643872245
1589.4154074423873,1589.4154074423873,0.9989715817998496,0.0005281414309845736
1589.4223517844725,1589.4223517844725,1.000162175841396,0.000528436819692623
1589.4292961265467,1589.4292961265467,1.0001745804503508,0.0005284566274768559
1589.4362404685858,1589.4362404685858,1.000401891878035,0.000528591475612972
1589.4431848106126,1589.4431848106126,1.000092742422535,0.0005284711016746474
1589.4501291526115,1589.4501291526115,1.0001682453881733,0.0005287667519301451
1589.4570734945983,1589.4570734945983,0.9996597276005396,0.000528050707359302
1589.4640178365435,1589.4640178365435,1.0002954442778116,0.0005286570889618139
1589.4709621784723,1589.4709621784723,0.999421173648907,0.000528633010022279
1589.4779065203777,1589.4779065203777,0.9994419729815911,0.0005285719564091728
1589.4848508622647,1589.4848508622647,1.0005627839889915,0.0005288512504536336
1589.4917952041235,1589.4917952041235,1.0001799114736936,0.0005284997646716929
1589.498739545965,1589.498739545965,0.9999277687455332,0.0005283989849672675
1589.5056838877758,1589.5056838877758,0.9999884217745987,0.0005283118493359644
1589.5126282295653,1589.5126282295653,1.0003923657651863,0.0005290872184861885
1589.5195725713309,1589.5195725713309,0.9999404825935901,0.0005287507966558657
1589.526516913072,1589.526516913072,1.00011268935457,0.000528698117821115
1589.5334612548033,1589.5334612548033,1.0000924705812615,0.0005284327185095812
1589.5404055964932,1589.5404055964932,1.0002502650275105,0.0005286562837729725
1589.5473499381765,1589.5473499381765,1.0002193907151287,0.0005288894192472038
1589.55429427982,1589.55429427982,0.9997088005721368,0.0005284908795016235
1589.561238621446,1589.561238621446,1.0000205690808304,0.0005288328828426984
1589.5681829630478,1589.5681829630478,0.9989327067311233,0.0005283724477438961
1589.575127304633,1589.575127304633,0.9997925540714171,0.0005284676708953437
1589.5820716461894,1589.5820716461894,1.0000313190428025,0.0005284805071337116
1589.5890159877151,1589.5890159877151,1.0003306482917327,0.0005286488674242061
1589.5959603292308,1589.5959603292308,1.0003891391548163,0.0005283805837006428
1589.6029046707174,1589.6029046707174,1.0007958135555353,0.0005288678726809467
1589.609849012185,1589.609849012185,0.9994404285639235,0.0005286448706424039
1589.6167933536135,1589.6167933536135,0.999678116855671,0.0005288192060670571
1589.6237376950357,1589.6237376950357,1.0003009976046504,0.0005290080872831395
1589.6306820364337,1589.6306820364337,0.9998045106322442,0.0005287246734081957
1589.637626377798,1589.637626377798,1.000195651213637,0.0005289985387334588
1589.6445707191447,1589.6445707191447,0.9986099048001528,0.0005287272411124055
1589.6515150604666,1589.6515150604666,0.9999850318114678,0.000528491263490585
1589.658459401761,1589.658459401761,1.0007085152980904,0.000528799170473366
1589.6654037430376,1589.6654037430376,0.9999839300728318,0.0005286735223815227
1589.6734591788756,1589.6734591788756,1.0005983738217727,0.000528654004098825
1589.680681293755,1589.680681293755,0.9998875966210917,0.0005291330946524683
1589.6876256349558,1589.6876256349558,1.0003443720411684,0.000529062969832637
1589.694569976133,1589.694569976133,0.9997500631921052,0.0005287815510628403
1589.7015143172816,1589.7015143172816,1.0002026394396073,0.00052890228369994
1589.7084586584067,1589.7084586584067,1.0001054638935944,0.0005285660021862718
1589.71540299952,1589.71540299952,0.9997904839012073,0.0005284110267967021
1589.722347340593,1589.722347340593,0.9998285960933121,0.0005293505669499222
1589.7292916816482,1589.7292916816482,0.9998528758578835,0.0005283785432855379
1589.7362360226857,1589.7362360226857,0.9991957485306664,0.0005283477370289809
1589.7431803636948,1589.7431803636948,1.0003410643863582,0.0005287759854695201
1589.7501247046741,1589.7501247046741,0.9994365968133938,0.0005286350894419015
1589.757069045642,1589.757069045642,1.0005740611433578,0.000528843262693855
1589.7640133865755,1589.7640133865755,0.9998068812354711,0.0005283330718580139
1589.770957727491,1589.770957727491,1.0011832846171687,0.000528943243826838
1589.7779020683831,1589.7779020683831,1.0001096646548941,0.0005290463227341539
1589.7848464092463,1589.7848464092463,1.0001430993936373,0.0005286378355826432
1589.7917907500923,1589.7917907500923,0.9994715064409023,0.0005283888438341608
1589.7987350909084,1589.7987350909084,0.9994372819671874,0.0005288843172314333
1589.8056794317022,1589.8056794317022,1.0005283896924138,0.0005285345441093606
1589.8126237724778,1589.8126237724778,1.000129510531082,0.000528619257051328
1589.8195681132188,1589.8195681132188,0.9997330268243749,0.0005288462425387685
1589.8265124539425,1589.8265124539425,1.0000446053834111,0.0005288079028717974
1589.8334567946424,1589.8334567946424,1.0003057768718324,0.0005290756478334429
1589.840401135319,1589.840401135319,0.9999647684041164,0.0005287014408751529
1589.8473454759676,1589.8473454759676,0.9991785287918331,0.0005285125372247108
1589.8542898165974,1589.8542898165974,0.9995397285015274,0.0005284737755686654
1589.8612341571986,1589.8612341571986,0.9999522940257375,0.0005287669889422222
1589.868178497783,1589.868178497783,1.0004977925720118,0.0005290895943193786
1589.8751228383371,1589.8751228383371,1.001052913078881,0.0005293220084284609
1589.8820671788567,1589.8820671788567,1.0002634181960566,0.0005288127563254873
1589.8890115193713,1589.8890115193713,1.0000101019370775,0.0005290608843491292
1589.8959558598553,1589.8959558598553,0.9996717578846914,0.0005288576748695061
1589.9029002003172,1589.9029002003172,0.9999010077876944,0.0005287527776068884
1589.9098445407503,1589.9098445407503,0.9997783976264325,0.0005284141311083526
1589.9167888811585,1589.9167888811585,0.9994434741545941,0.0005286877120958159
1589.9237332215507,1589.9237332215507,0.9992546955090278,0.000528543258636517
1589.9306775619077,1589.9306775619077,1.0007140334751012,0.0005287955532473797
1589.9376219022465,1589.9376219022465,0.999998902562079,0.000528793068820255
1589.9445662425628,1589.9445662425628,1.000086469887497,0.0005286537595014065
1589.951510582856,1589.951510582856,1.0004034930982613,0.0005289138973707475
1589.9584549231186,1589.9584549231186,1.0002741492222238,0.0005292461241864046
1589.9653992633655,1589.9653992633655,0.9999884169890354,0.0005289251359416134
1589.9723436035827,1589.9723436035827,0.9997137155585463,0.0005283589732396543
1589.97928794377,1589.97928794377,0.9999989472061763,0.0005291653726838805
1589.9862322839351,1589.9862322839351,0.999567031990366,0.0005284788125062246
1589.9931766240884,1589.9931766240884,1.000289166017756,0.0005291724038458597
1590.000120964206,1590.000120964206,0.9998522626750536,0.0005285285562571079
1590.0070653043012,1590.0070653043012,0.9996685919628503,0.0005286424088629945
1590.0140096443845,1590.0140096443845,1.0004294700259664,0.0005288749135851267
1590.0209539844204,1590.0209539844204,1.00005647395222,0.0005288271537742562
1590.027898324446,1590.027898324446,1.000487632796261,0.0005284766535580953
1590.0348426644418,1590.0348426644418,0.9998304136323384,0.0005287910064980154
1590.0417870044198,1590.0417870044198,0.9998298140921917,0.0005284202041617718
1590.048731344364,1590.048731344364,0.9998615247753222,0.0005289555255882764
1590.0556756842839,1590.0556756842839,1.0002062394398925,0.0005288107305797857
1590.0626200241982,1590.0626200241982,0.9995291844855215,0.0005285141437813966
1590.0695643640724,1590.0695643640724,1.00032660275938,0.0005288721177251963
1590.076508703922,1590.076508703922,0.9998706018009818,0.0005287271089871834
1590.0834530437492,1590.0834530437492,1.0004724388682187,0.0005289014682361547
1590.0903973835593,1590.0903973835593,0.9999933000312741,0.0005287891537753273
1590.097341723339,1590.097341723339,0.9999212400668839,0.0005285311558568828
1590.1042860630907,1590.1042860630907,0.9993509895631412,0.0005287676185705133
1590.1112304028197,1590.1112304028197,0.9997815480379793,0.0005287887214013563
1590.1181747425233,1590.1181747425233,1.0002843875443745,0.0005284161344347094
1590.1251190822054,1590.1251190822054,1.0002899707067008,0.0005283940659038899
1590.1320634218641,1590.1320634218641,0.9997514041610739,0.000528894091922556
1590.1390077614924,1590.1390077614924,1.000209100150959,0.0005285317282020917
1590.1459521011047,1590.1459521011047,1.000096149434045,0.0005286245826416816
1590.1528964406816,1590.1528964406816,1.000331317927821,0.0005283993148612066
1590.15984078024,1590.15984078024,0.9999475328807879,0.0005284640173674998
1590.166785119771,1590.166785119771,1.0003608947851999,0.0005287590800339204
1590.1737294592895,1590.1737294592895,0.9997890363253369,0.0005289357302235763
1590.180673798773,1590.180673798773,1.0005267955347033,0.0005292842052395289
1590.1876181382218,1590.1876181382218,0.9994648429414928,0.0005284574696586506
1590.1945624776588,1590.1945624776588,1.0003483530879573,0.0005289559619084557
1590.2015068170724,1590.2015068170724,0.9997045843489747,0.000528926665836076
1590.2084511564576,1590.2084511564576,1.0002904709454208,0.0005289873745992808
1590.2153954958126,1590.2153954958126,0.999652654261378,0.0005286086490857297
1590.222339835151,1590.222339835151,0.9997517028210765,0.0005286973318752243
1590.2292841744606,1590.2292841744606,1.0001158500418081,0.0005289231547615812
1590.2362285137456,1590.2362285137456,1.0002252459597512,0.0005284077876982361
1590.2431728530082,1590.2431728530082,1.000107953751944,0.0005283552687931476
1590.250117192242,1590.250117192242,1.000209886238031,0.0005283570509357937
1590.257061531463,1590.257061531463,0.9996553649824949,0.000528212498953265
1590.2640058706443,1590.2640058706443,1.0011032577937111,0.0005286912941706003
1590.2709502098025,1590.2709502098025,0.9996058146071765,0.000528336739877633
1590.2778945489417,1590.2778945489417,0.9994013198553462,0.0005283473671618132
1590.2848388880477,1590.2848388880477,0.9999191657433044,0.0005286412100587609
1590.2917832271355,1590.2917832271355,0.999665234956381,0.0005284683728530649
1590.2987275662113,1590.2987275662113,0.9998928999261387,0.0005284616639926978
1590.3056719052358,1590.3056719052358,1.0004268349756642,0.0005288593385553576
1590.3126162442472,1590.3126162442472,1.0007600372489927,0.0005290138027815202
1590.3195605832302,1590.3195605832302,0.9995436368221862,0.0005285653145362991
1590.3265049221966,1590.3265049221966,0.999870245801126,0.0005283802962921108
1590.3334492611266,1590.3334492611266,1.0003587510140288,0.0005286848803315483
1590.3403936000516,1590.3403936000516,0.9996933012858973,0.0005287094583689496
1590.3473379389302,1590.3473379389302,0.9995852478278205,0.0005282533264615011
1590.3542822777906,1590.3542822777906,1.0000732579997846,0.0005287565914168815
1590.3612266166224,1590.3612266166224,1.0004174822544014,0.0005289685095597216
1590.3681709554428,1590.3681709554428,1.00023315501916,0.0005284706768965709
1590.375115294216,1590.375115294216,0.9988577851355389,0.0005283749747029956
1590.3820596329838,1590.3820596329838,0.9998021522946694,0.0005288376169030581
1590.3890039717228,1590.3890039717228,1.0003031601558925,0.0005283360910348664
1590.3959483104313,1590.3959483104313,1.0009892123483954,0.00052884691974287
1590.402892649118,1590.402892649118,0.9995959084197535,0.0005283017004243623
1590.4098369877752,1590.4098369877752,1.0000729803443955,0.0005285063392400296
1590.4167813264028,1590.4167813264028,1.0005178955592615,0.0005286735187917072
1590.4237256650138,1590.4237256650138,1.0005105951693671,0.0005285663815575275
1590.4306700036066,1590.4306700036066,0.9997931553785688,0.0005286843004558933
1590.437614342159,1590.437614342159,0.9990455181257157,0.000528683414075501
1590.4445586806942,1590.4445586806942,0.99964002548247,0.0005292351984148863
1590.4515030191994,1590.4515030191994,1.0010546440448618,0.0005291245902802388
1590.4584473576876,1590.4584473576876,0.9995019180457021,0.0005289514235172334
1590.4653916961415,1590.4653916961415,0.9994506932271016,0.0005286249263240499
1590.4723360345708,1590.4723360345708,1.000154797136156,0.0005287017950296711
1590.479280372972,1590.479280372972,0.9994513671081219,0.0005288422842793895
1590.486224711362,1590.486224711362,1.0002404809853203,0.0005287835853799774
1590.4931690497156,1590.4931690497156,1.0006192294525404,0.0005288751711530813
1590.5001133880414,1590.5001133880414,1.000230835913953,0.000528711234355552
1590.5070577263493,1590.5070577263493,0.9998059711142547,0.0005284799402581459
1590.5140020646274,1590.5140020646274,1.0003185967036727,0.0005287734701781959
1590.520946402878,1590.520946402878,0.999704850278985,0.0005285859435395788
1590.5278907411036,1590.5278907411036,1.0004011113041194,0.0005288927958278618
1590.5348350793126,1590.5348350793126,0.9995486285086695,0.0005285282825797817
1590.541779417493,1590.541779417493,0.9995962184371431,0.0005285465209936453
1590.5487237556315,1590.5487237556315,0.9997485675970882,0.0005282323116247735
1590.5556680937589,1590.5556680937589,1.0004375580679308,0.0005285940459721475
1590.5626124318578,1590.5626124318578,0.9997726798403527,0.0005283939746560494
1590.569556769932,1590.569556769932,1.0005277716797067,0.0005289486628643724
1590.576501107984,1590.576501107984,1.0006227212103038,0.0005285058263552081
1590.5834454460014,1590.5834454460014,0.9995054609504475,0.0005282708354684873
1590.5903897839999,1590.5903897839999,1.000355547193762,0.0005291945758723868
1590.5973341219646,1590.5973341219646,0.9991333524929802,0.000528285009184919
1590.6042784599115,1590.6042784599115,0.9997261352006614,0.0005287234486131539
1590.6112227978351,1590.6112227978351,1.000246736800652,0.0005287551233176928
1590.6181671357183,1590.6181671357183,1.0002329249390791,0.0005287223129266819
1590.625111473589,1590.625111473589,1.0002011107316597,0.0005290921258257519
1590.6320558114314,1590.6320558114314,1.0003245563458596,0.000528679259507091
1590.639000149245,1590.639000149245,1.000373147135105,0.0005292981209771071
1590.6459444870338,1590.6459444870338,0.9996924644439362,0.0005287437475938125
1590.6528888248067,1590.6528888248067,0.9993400169948063,0.0005289094389788209
1590.6598331625444,1590.6598331625444,0.9996337222317283,0.0005284856405122683
1590.666777500246,1590.666777500246,0.9998104395576652,0.000528532679494991
1590.6737218379317,1590.6737218379317,1.0008094176362605,0.0005288535571939261
1590.6806661755938,1590.6806661755938,0.9997604491820239,0.0005287412623644358
1590.6876105132255,1590.6876105132255,0.9997589271268514,0.000528811563182659
1590.6945548508297,1590.6945548508297,1.0000167720635058,0.0005292514810328331
1590.701499188415,1590.701499188415,1.0009470408747085,0.0005288201391008988
1590.7084435259724,1590.7084435259724,0.9997871149244378,0.0005288223860022547
1590.715387863495,1590.715387863495,0.9996097467229589,0.0005287775666529893
1590.7223322010045,1590.7223322010045,0.9999908345838715,0.0005285339561043882
1590.7292765384805,1590.7292765384805,1.0001652195743804,0.000528694979445806
1590.736220875939,1590.736220875939,0.9997142342453822,0.0005287491402869248
1590.7431652133553,1590.7431652133553,0.9998730120272438,0.0005289281896442409
1590.7501095507555,1590.7501095507555,1.000751780960522,0.0005291628594178851
1590.7570538881262,1590.7570538881262,0.9995031880046714,0.0005285536672588553
1590.7639982254732,1590.7639982254732,1.0004015882029804,0.0005284415933987182
1590.7709425627977,1590.7709425627977,0.9990647544714879,0.0005285025155880153
1590.7778869000867,1590.7778869000867,0.9999281678377951,0.0005282382011659204
1590.7848312373526,1590.7848312373526,0.999889940573474,0.000528593960994868
1590.7917755745898,1590.7917755745898,1.0007754162684634,0.0005285943611534742
1590.7987199118086,1590.7987199118086,1.0002652956440954,0.0005284514276651024
1590.8056642489876,1590.8056642489876,1.0000221306306158,0.0005284561836672566
1590.8126085861545,1590.8126085861545,1.0001394170403928,0.0005286489839418653
1590.819552923286,1590.819552923286,0.9993366245341404,0.0005287268645318225
1590.8264972603954,1590.8264972603954,1.00001783964924,0.0005282161327999516
1590.8334415974748,1590.8334415974748,1.0002528421721608,0.0005283793696796368
1590.840385934531,1590.840385934531,0.9995182230001298,0.0005285076472190817
1590.8473302715645,1590.8473302715645,1.0000493015953906,0.0005292877525706295
1590.8542746085623,1590.8542746085623,1.0003458191605106,0.0005287024315062518
1590.8612189455373,1590.8612189455373,1.0001596027288515,0.0005288192438878887
1590.8681632824832,1590.8681632824832,0.9999073234695228,0.0005284710558473869
1590.8751076194112,1590.8751076194112,0.9997317116955532,0.0005285338911908693
1590.882051956299,1590.882051956299,0.9997439566350306,0.0005286984615966691
1590.8889962931755,1590.8889962931755,1.00060199398343,0.0005289029326499594
1590.8959406300096,1590.8959406300096,1.0002584244549604,0.0005285407911811404
1590.902884966828,1590.902884966828,0.9998989078425055,0.0005288002980528073
1590.9098293036163,1590.9098293036163,0.9999699024240799,0.0005285626311989244
1590.9167736403758,1590.9167736403758,0.999898247224675,0.0005284451419913007
1590.9237179771008,1590.9237179771008,0.9999606903921489,0.0005289801969776875
1590.9306623138186,1590.9306623138186,0.9996618482328181,0.000528767110553758
1590.937606650497,1590.937606650497,0.9994478809485562,0.0005290447235962211
1590.944550987158,1590.944550987158,0.9998530580271888,0.0005283376484182799
1590.951495323783,1590.951495323783,1.0003396301995444,0.0005284233079626711
1590.95843966038,1590.95843966038,1.000158174373747,0.0005283042578632538
1590.965383996953,1590.965383996953,1.001026195072151,0.0005289717691059055
1590.9723283335088,1590.9723283335088,0.9996765142517969,0.0005287830867164899
1590.97927267003,1590.97927267003,1.0006331776290889,0.0005284249006676164
1590.9862170065212,1590.9862170065212,0.9990904784606569,0.0005284938088753245
1590.9931613429783,1590.9931613429783,0.9997945525915746,0.0005283979578390012
1591.0001056794297,1591.0001056794297,1.0001765837236818,0.0005282477348796659
1591.0070500158333,1591.0070500158333,1.0004876005654897,0.0005288034283682625
1591.0139943522208,1591.0139943522208,0.9998342760367324,0.0005284462096336966
1591.0209386885726,1591.0209386885726,0.9993244805741031,0.0005290628214685285
1591.0278830249013,1591.0278830249013,0.9999578610225619,0.000528588074980255
1591.0348273611958,1591.0348273611958,1.0006716139658725,0.000528447935901274
1591.0417716974769,1591.0417716974769,0.9995797836597898,0.0005289276095777381
1591.048716033731,1591.048716033731,0.999862641006233,0.0005285202075430033
1591.0556603699492,1591.0556603699492,0.9998189233958836,0.0005287670108839502
1591.0626047061435,1591.0626047061435,1.0001438129363485,0.0005288168597985911
1591.0695490423154,1591.0695490423154,1.0005115108683982,0.0005285054752563573
1591.0764933784517,1591.0764933784517,0.9999738067651187,0.000528373913103922
1591.0834377145652,1591.0834377145652,1.0002738493941197,0.000528726739365469
1591.0903820506442,1591.0903820506442,1.0003700001638047,0.0005285914676102112
1591.0973263867045,1591.0973263867045,0.9988598687195284,0.0005283647050102712
1591.1042707227368,1591.1042707227368,0.9996611778782096,0.0005290312007834308
1591.111215058728,1591.111215058728,1.0000538597030069,0.0005287545901398625
1591.1181593947072,1591.1181593947072,1.000170340306297,0.0005286529111261318
1591.1251037306579,1591.1251037306579,1.0006396078727078,0.00052883565307185
1591.1320480665731,1591.1320480665731,1.0011932173288955,0.0005284389767850227
1591.138992402471,1591.138992402471,0.9993703281518233,0.0005282529939129013
1591.1459367383347,1591.1459367383347,0.9993242911764554,0.000529080545139831
1591.152881074168,1591.152881074168,0.9995621443404958,0.0005285747210650119
1591.159825409979,1591.159825409979,0.9997834499934545,0.0005286970173215857
1591.166769745761,1591.166769745761,0.9999631276957344,0.000528655471008232
1591.1737140815071,1591.1737140815071,1.0000879872742456,0.0005286122256531865
1591.1806584172425,1591.1806584172425,1.0006105964526932,0.0005289862378856538
1591.1876027529424,1591.1876027529424,1.0004803494822683,0.0005288178382677961
1591.1945470886017,1591.1945470886017,0.9999056460929706,0.0005285910788185601
1591.2014914242498,1591.2014914242498,1.0000429955486536,0.0005285910903312099
1591.208435759862,1591.208435759862,0.9992877782693993,0.0005285122119336917
1591.2153800954518,1591.2153800954518,1.000350474852476,0.0005287232941356224
1591.2223244310067,1591.2223244310067,0.9992827272257122,0.0005283146741101501
1591.2292687665433,1591.2292687665433,1.0002568675070247,0.0005283823236252817
1591.236213102046,1591.236213102046,1.000060628388058,0.0005283568185158267
1591.243157437513,1591.243157437513,1.0002037291079124,0.0005285998508206958
1591.2501017729626,1591.2501017729626,0.9995985222544572,0.0005282559282417057
1591.2570461083722,1591.2570461083722,1.000232663438809,0.0005283969323770846
1591.2639904437751,1591.2639904437751,1.0006738321450714,0.0005285735368327083
1591.2709347791374,1591.2709347791374,1.0000387524573844,0.0005283754357597034
1591.2778791144715,1591.2778791144715,0.9993206068184979,0.000528772963458854
1591.2848234497749,1591.2848234497749,1.0003638037365534,0.0005285900022488312
1591.2917677850683,1591.2917677850683,1.0003201798513406,0.0005290815430783677
1591.2987121203023,1591.2987121203023,1.000183879412001,0.0005284395321526981
1591.3056564555252,1591.3056564555252,0.9989321351320252,0.0005287732778201169
1591.3126007907197,1591.3126007907197,1.0001753339422963,0.0005288516884985365
1591.3195451258832,1591.3195451258832,1.00004816791335,0.0005285441477122638
1591.3264894610309,1591.3264894610309,0.9997499222997499,0.0005288761119574918
1591.3334337961312,1591.3334337961312,0.9997089916841402,0.0005284977875159763
1591.3403781312143,1591.3403781312143,1.0001196955944225,0.0005285278629956361
1591.3473224662687,1591.3473224662687,1.0003816324368553,0.0005287046589851588
1591.3542668012872,1591.3542668012872,1.000813344927234,0.0005290338993976793
1591.3612111362775,1591.3612111362775,1.0003599466158104,0.0005288429730707168
1591.3681554712505,1591.3681554712505,0.999880303727388,0.0005283481541693078
1591.3750998061814,1591.3750998061814,0.9992333450228305,0.0005283605636892695
1591.3820441411021,1591.3820441411021,0.9996984366052375,0.0005281743684371548
1591.388988475981,1591.388988475981,0.9997315119854303,0.0005284524695121379
1591.3959328108199,1591.3959328108199,1.0002212181598797,0.000528342880974492
1591.4028771456472,1591.4028771456472,0.9998093886371937,0.0005284827929162688
1591.4098214804442,1591.4098214804442,1.0000271076784448,0.0005287261196699578
1591.4167658152194,1591.4167658152194,1.0007589083140251,0.0005286789257980793
1591.4237101499534,1591.4237101499534,1.0003597351160984,0.0005285434099175474
1591.4306544846634,1591.4306544846634,1.0000921730993322,0.0005286834828167825
1591.4375988193456,1591.4375988193456,0.9994283547459929,0.000528319095259174
1591.4445431539916,1591.4445431539916,0.9993051449125575,0.0005282805764954092
1591.451487488615,1591.451487488615,0.9999836239443395,0.0005286438368149144
1591.458431823204,1591.458431823204,1.000233688930275,0.0005286984567370385
1591.4653761577738,1591.4653761577738,1.0001840947183425,0.0005287927881666441
1591.4723204923107,1591.4723204923107,0.9994309133915273,0.0005284225547633136
1591.479264826811,1591.479264826811,1.0006909373636461,0.0005283963508273564
1591.4862091612947,1591.4862091612947,1.0006664320729988,0.0005288927085646965
1591.4931534957382,1591.4931534957382,1.000609795473391,0.0005283421571152913
1591.5000978301628,1591.5000978301628,0.9987820530079349,0.0005285606937256308
1591.5070421645535,1591.5070421645535,0.9999937053543364,0.0005284160496767191
1591.5139864989092,1591.5139864989092,1.000053715395173,0.0005286296740626005
1591.5209308332467,1591.5209308332467,0.999955797607274,0.0005285201399200874
1591.5278751675446,1591.5278751675446,0.9999386016320674,0.0005287835850807741
1591.534819501824,1591.534819501824,1.0000836107687125,0.0005290530217251639
1591.5417638360632,1591.5417638360632,0.9995880418298599,0.0005285277822761625
1591.5487081702788,1591.5487081702788,1.0001744467541855,0.0005285089193265087
1591.5556525044594,1591.5556525044594,0.9997247826357976,0.0005283850282956301
1591.5625968386175,1591.5625968386175,1.00020703876713,0.0005282748832309768
1591.569541172734,1591.569541172734,0.9999065108774312,0.0005285300754418901
1591.5764855068335,1591.5764855068335,1.0004894666755846,0.0005285336400698161
1591.5834298409159,1591.5834298409159,1.0001258128841535,0.0005286115075291581
1591.5903741749505,1591.5903741749505,0.9995168040065142,0.0005286351439003343
1591.5973185089513,1591.5973185089513,1.000224777137182,0.0005288736416501524
1591.6042628429402,1591.6042628429402,0.9996092095661699,0.0005282668819536183
1591.611207176888,1591.611207176888,1.000196019643143,0.0005285800139364533
1591.6181515108074,1591.6181515108074,1.0002314478906844,0.0005286328813837134
1591.6250958446908,1591.6250958446908,0.9997704190098468,0.0005285577757347542
1591.6320401785579,1591.6320401785579,1.000194897322321,0.0005286655543834851
1591.6389845123892,1591.6389845123892,0.9997918682190801,0.0005286028948417732
1591.6459288461917,1591.6459288461917,1.0004677311421435,0.0005289557745267049
1591.6528731799597,1591.6528731799597,1.0000319239964433,0.0005288763867560378
1591.6598175137037,1591.6598175137037,0.9996898717016615,0.0005282550611747854
1591.6667618474132,1591.6667618474132,1.0001002184568548,0.0005290834223035045
1591.6737061810823,1591.6737061810823,0.9999372735620298,0.0005284766847423856
1591.6806505147445,1591.6806505147445,0.9992290115631048,0.0005284811255860547
1591.687594848367,1591.687594848367,1.0005033206937883,0.0005284524418747368
1591.6945391819595,1591.6945391819595,1.0001559304152186,0.0005286564033420709
1591.7014835155235,1591.7014835155235,1.0001141769906896,0.0005287736531147029
1591.708427849047,1591.708427849047,0.9994888748976601,0.000528084628496007
1591.715372182552,1591.715372182552,0.9998208677578007,0.0005282875912121159
1591.722316516029,1591.722316516029,1.000091713599105,0.0005287368546299342
1591.7292608494704,1591.7292608494704,1.0003328993669203,0.000528489606059685
1591.736205182877,1591.736205182877,1.0007990251659795,0.0005287534304883074
1591.7431495162552,1591.7431495162552,0.9997518236986572,0.0005284311733449748
1591.750093849609,1591.750093849609,1.000497355450018,0.000528763388603692
1591.7570381829287,1591.7570381829287,0.9995171254544193,0.0005282563522986901
1591.763982516213,1591.763982516213,0.9997161143531541,0.0005280627896514766
1591.7709268494798,1591.7709268494798,1.0000875466620962,0.0005289587956710002
1591.7778711827066,1591.7778711827066,0.999464837904706,0.0005286089558322897
1591.7848155159031,1591.7848155159031,0.9995652239488866,0.000528300127720338
1591.7917598490774,1591.7917598490774,1.000107183424567,0.000528418450551203
1591.7987041822048,1591.7987041822048,1.0006503230093535,0.0005285957935969837
1591.8056485153202,1591.8056485153202,1.0000764125502204,0.0005287310316459846
1591.8125928483955,1591.8125928483955,1.0000205115076173,0.0005285185752692378
1591.8195371814406,1591.8195371814406,0.9997541155920958,0.0005286774756522663
1591.8264815144523,1591.8264815144523,1.000014590598978,0.0005285066656402298
1591.8334258474338,1591.8334258474338,1.0001598304852841,0.0005285387567650711
1591.8403701803918,1591.8403701803918,1.0001424886332488,0.0005286435113636303
1591.8473145133103,1591.8473145133103,0.9998322069737524,0.0005282493996726577
1591.854258846204,1591.854258846204,0.9999463880871051,0.0005283846885119554
1591.861203179064,1591.861203179064,1.0004858058106898,0.0005290312785711964
1591.8681475118944,1591.8681475118944,0.9997920939125681,0.0005282629761533494
1591.8750918447013,1591.8750918447013,1.0000000103735804,0.0005283349424354983
1591.8820361774567,1591.8820361774567,1.0001888776088106,0.0005287634673575264
1591.8889805101994,1591.8889805101994,0.9996080836931744,0.000528412390523108
1591.8959248429078,1591.8959248429078,0.9996667316586464,0.0005282542598653865
1591.9028691755695,1591.9028691755695,1.0001110527971644,0.0005284331203793029
1591.9098135082133,1591.9098135082133,0.999916886376511,0.0005286245048215423
1591.916757840829,1591.916757840829,1.000325551880484,0.0005288945341953834
1591.9237021734086,1591.9237021734086,1.0000784923913832,0.0005284634548304822
1591.9306465059597,1591.9306465059597,1.000042733865348,0.0005283449838675286
1591.9375908384707,1591.9375908384707,0.9998100471828062,0.0005288082736066844
1591.9445351709626,1591.9445351709626,1.0002591563455043,0.0005288191983087609
1591.951479503421,1591.951479503421,0.9998040080731325,0.00052838697597322
1591.9584238358436,1591.9584238358436,0.9996821692935978,0.0005284424751319416
1591.9653681682319,1591.9653681682319,0.999888401711986,0.0005284155817676105
1591.972312500603,1591.972312500603,1.0003332879456988,0.000528745454295504
1591.9792568329262,1591.9792568329262,1.000034942134239,0.0005283696113131313
1591.9862011652276,1591.9862011652276,0.9998126496804268,0.0005284125411515152
1591.9931454974871,1591.9931454974871,1.0004701324328107,0.0005284578411275011
1592.0000898297299,1592.0000898297299,0.9998064240658637,0.0005287378669376375
1592.007034161932,1592.007034161932,1.000059969453418,0.0005287010627817799
1592.013978494098,1592.013978494098,0.9999050410721815,0.0005287573939769619
1592.0209228262365,1592.0209228262365,0.9998611772492317,0.0005285010429852771
1592.0278671583446,1592.0278671583446,1.0010048991922418,0.0005285511469072586
1592.0348114904245,1592.0348114904245,0.9997202182276308,0.000528789089645187
1592.0417558224697,1592.0417558224697,0.99974327389528,0.0005285473968842904
1592.0487001544784,1592.0487001544784,0.9995935404071474,0.0005284868802241918
1592.0556444864542,1592.0556444864542,1.0000628893246617,0.0005287114826541474
1592.0625888184047,1592.0625888184047,0.9998522285786866,0.0005289977101726479
1592.0695331503218,1592.0695331503218,0.9996030493253626,0.0005284486590470055
1592.076477482204,1592.076477482204,1.000059994891685,0.0005285914597572403
1592.0834218140499,1592.0834218140499,1.0000076537535498,0.0005284042155776787
1592.090366145868,1592.090366145868,1.0001540283453128,0.0005285473640861686
1592.0973104776447,1592.0973104776447,1.0000687175632506,0.0005283504537556111
1592.10425480941,1592.10425480941,1.0003092611474496,0.0005286023930638656
1592.1111991411344,1592.1111991411344,1.0008913619331838,0.0005288439419438418
1592.1181434728237,1592.1181434728237,0.999717925018094,0.0005286514889348475
1592.1250878044732,1592.1250878044732,0.9992165218711466,0.0005283665572757858
1592.1320321360984,1592.1320321360984,0.9997799349837869,0.0005286927543594001
1592.1389764676946,1592.1389764676946,0.9999666733968698,0.0005287401521073255
1592.1459207992505,1592.1459207992505,1.0004566629412117,0.0005282918919130364
1592.1528651307767,1592.1528651307767,1.0000203142237116,0.0005282598158426866
1592.1598094622746,1592.1598094622746,0.9998388390529849,0.0005285358383463151
1592.1686982065285,1592.1686982065285,0.9996839312191765,0.0005282974461038471
1592.1834201891027,1592.1834201891027,1.000307464357007,0.0005280442395167581
1592.1903645204663,1592.1903645204663,1.000356597853385,0.0005284324750951731
1592.1973088517661,1592.1973088517661,0.999869342031938,0.0005285081784256314
1592.2042531830537,1592.2042531830537,0.9993728092926858,0.0005285916415651937
1592.2111975143073,1592.2111975143073,0.9996651042740611,0.0005283780249486476
1592.2181418455134,1592.2181418455134,0.9998846157476731,0.0005280898605573851
1592.2250861767022,1592.2250861767022,1.0009869014694437,0.0005287196799491795
1592.232030507857,1592.232030507857,0.9993417855412933,0.0005287628234301642
1592.2389748389753,1592.2389748389753,1.0005528590437036,0.0005285037627573692
1592.2459191700602,1592.2459191700602,0.9994098903118047,0.0005281518309681545
1592.2528635011088,1592.2528635011088,1.0003721135656085,0.000528571412494588
1592.2598078321353,1592.2598078321353,1.0002164259724102,0.0005281913901989333
1592.2667521631147,1592.2667521631147,0.9993511164095039,0.0005284317366419648
1592.273696494059,1592.273696494059,1.00024739113436,0.0005282696075281834
1592.2806408249921,1592.2806408249921,0.9999702896768128,0.0005282832757032544
1592.2875851558663,1592.2875851558663,1.0001991484371382,0.0005287680509644423
1592.2945294867181,1592.2945294867181,0.9993489132607533,0.0005285405560705423
1592.3014738175286,1592.3014738175286,1.0003796698924339,0.0005288901573217563
1592.3084181483214,1592.3084181483214,1.0003872995367924,0.0005282211583695836
1592.3153624790687,1592.3153624790687,0.9997131066306084,0.000528332316027332
1592.3223068097795,1592.3223068097795,0.9995390758010387,0.0005284263876289036
1592.3292511404627,1592.3292511404627,1.0002516407849753,0.0005286668733283284
1592.3361954711102,1592.3361954711102,1.0000039186703515,0.0005281102161202177
1592.3431398017287,1592.3431398017287,1.0002695286869288,0.0005286803842969934
1592.350084132301,1592.350084132301,1.0001368145580063,0.0005289011091917062
1592.357028462849,1592.357028462849,0.9994300040138728,0.0005280428499129407
1592.3639727933635,1592.3639727933635,0.9994287976759233,0.0005282521303175393
1592.370917123842,1592.370917123842,0.9999168309438191,0.0005283899438978952
1592.37786145428,1592.37786145428,1.0005379614250312,0.0005282387790434567
1592.3848057846835,1592.3848057846835,1.000580372187423,0.0005283301639047737
1592.391750115063,1592.391750115063,1.000342205614919,0.0005283559062812434
1592.3986944453966,1592.3986944453966,1.00011587950397,0.0005288441451118829
1592.405638775712,1592.405638775712,1.0000623906753903,0.0005283068914071444
1592.4125831059814,1592.4125831059814,0.9992415152252103,0.0005281205206861212
1592.4195274362162,1592.4195274362162,0.999799184539552,0.0005281986916158675
1592.4264717664269,1592.4264717664269,0.9998953071475096,0.0005284472347065253
1592.4334160965918,1592.4334160965918,0.9996355654651881,0.0005281937202726188
1592.4414715195367,1592.4414715195367,1.0004202840638423,0.0005284044312987238
1592.4486936228386,1592.4486936228386,1.0002270112323284,0.0005287300329814744
1592.4556379528917,1592.4556379528917,1.0003950430694357,0.0005284275640814949
1592.4625822829114,1592.4625822829114,0.9999724117007414,0.0005285944807756002
1592.4695266129008,1592.4695266129008,0.9998920984276916,0.0005292317763572455
1592.476470942856,1592.476470942856,0.9999449058445793,0.000528512249467474
1592.4834152727706,1592.4834152727706,1.0001293873966162,0.0005282940945809713
1592.490359602655,1592.490359602655,0.9993939345332408,0.0005281675938209288
1592.4973039324939,1592.4973039324939,0.9998503889430477,0.0005284876836622904
1592.5042482623091,1592.5042482623091,1.0000773445899191,0.0005281959751175819
1592.5111925920835,1592.5111925920835,0.9999795171587735,0.0005288527863945798
1592.5181369218235,1592.5181369218235,0.9999566122076129,0.0005283799863484678
1592.5250812515276,1592.5250812515276,1.001013419346177,0.0005283050860962302
1592.5320255812037,1592.5320255812037,1.0000042346705997,0.0005284978575032746
1592.5389699108382,1592.5389699108382,1.0004055258902733,0.000528439189856952
1592.5459142404382,1592.5459142404382,1.0004644487639216,0.0005283137062534231
1592.5528585699974,1592.5528585699974,0.9997662589923678,0.000528279867567073
1592.559802899533,1592.559802899533,0.9995043513128741,0.0005283178810699078
1592.566747229023,1592.566747229023,0.9998993589778786,0.0005282910687976919
1592.5736915584707,1592.5736915584707,1.0000118923665018,0.0005285757688059838
1592.5806358878967,1592.5806358878967,1.0006780919447593,0.0005291630324984887
1592.587580217281,1592.587580217281,0.9994917027531092,0.0005279717211242889
1592.5945245466362,1592.5945245466362,0.999691101921788,0.0005285268390543591
1592.6014688759517,1592.6014688759517,1.000101711555374,0.0005281462620592499
1592.6084132052247,1592.6084132052247,1.000103673952315,0.000528300178967669
1592.615357534464,1592.615357534464,0.9999554236471111,0.0005286354766702551
1592.623690729504,1592.623690729504,1.000203050345727,0.0005283455865433488
1592.6306350586733,1592.6306350586733,0.9999145808436483,0.0005281786886056501
1592.6375793877905,1592.6375793877905,1.0002070420463764,0.0005283402958755736
1592.6445237168832,1592.6445237168832,1.0002537601211159,0.0005281263337086996
1592.6514680459309,1592.6514680459309,0.9999105537713145,0.0005283055645607948
1592.6584123749362,1592.6584123749362,0.9991900851744774,0.0005281918873924597
1592.6653567039316,1592.6653567039316,0.9997360977383639,0.000528260652478738
1592.6723010328674,1592.6723010328674,1.000197366230354,0.0005284649626143079
1592.679245361775,1592.679245361775,1.0011237665648316,0.0005281588638413456
1592.6861896906416,1592.6861896906416,1.0000970493289487,0.0005282778682705605
1592.6931340194842,1592.6931340194842,1.000077214350303,0.0005282281460489192
1592.7000783482758,1592.7000783482758,1.000230190663063,0.0005283864030882402
1592.7070226770365,1592.7070226770365,1.0000075919060196,0.0005284940598231449
1592.7139670057638,1592.7139670057638,0.9999948354990786,0.0005282339494616347
1592.720911334438,1592.720911334438,0.9999940526568333,0.0005284896382704761
1592.727855663089,1592.727855663089,1.000437921611233,0.0005286382941045637
1592.7347999917,1592.7347999917,0.9992814906798483,0.0005281538589088216
1592.7417443202746,1592.7417443202746,1.0003357721442636,0.0005287590255827513
1592.748688648804,1592.748688648804,0.9992609650756636,0.0005281346618542595
1592.7556329773092,1592.7556329773092,0.9999771110106938,0.0005287101216765826
1592.7625773057741,1592.7625773057741,1.0000391636364878,0.0005284810700346948
1592.7695216341986,1592.7695216341986,1.0002414432331217,0.00052884887158169
1592.7764659625814,1592.7764659625814,1.000064157291675,0.0005286540908128045
1592.7834102909246,1592.7834102909246,0.9996581973343723,0.0005284812050266762
1592.7903546192433,1592.7903546192433,1.0007302269130605,0.0005287363959210084
1592.7972989475165,1592.7972989475165,0.9999728576096603,0.0005281433619185883
1592.8042432757481,1592.8042432757481,1.000199491269749,0.0005291334599923926
1592.8111876039513,1592.8111876039513,0.9996212077395625,0.0005288656589062973
1592.818131932114,1592.818131932114,0.9996562246966898,0.0005281830267125252
1592.8253540333485,1592.8253540333485,1.0003669657843743,0.000528283040982447
1592.833409453925,1592.833409453925,0.9999685854864246,0.0005286029971180795
1592.8403537819643,1592.8403537819643,0.9999915352235662,0.0005286475497562309
1592.8472981099642,1592.8472981099642,0.9998999490181145,0.0005284235048724933
1592.8542424379336,1592.8542424379336,0.9999564767919944,0.0005280845465170351
1592.8611867658517,1592.8611867658517,1.0000937643159522,0.0005286537334391788
1592.8681310937402,1592.8681310937402,1.0008142169013265,0.0005283170472115217
1592.8750754215878,1592.8750754215878,0.999593535626737,0.0005280998414928293
1592.8820197493956,1592.8820197493956,0.9995920700639715,0.0005290927283292052
1592.8889640771613,1592.8889640771613,0.9993444016156413,0.0005286766144031865
1592.895908404887,1592.895908404887,1.0004739584101663,0.0005284409079276233
1592.9039638250092,1592.9039638250092,1.0001515882570606,0.0005287521686027205
1592.9111859257669,1592.9111859257669,1.0002750313583713,0.0005288782578085098
1592.918130253364,1592.918130253364,0.9995679855536339,0.000528578491153664
1592.9250745809445,1592.9250745809445,0.9998411957933471,0.0005283093694258458
1592.932018908467,1592.932018908467,0.9999200451921968,0.0005282789225487634
1592.938963235953,1592.938963235953,1.0003686686004483,0.0005282110495209239
1592.9459075634,1592.9459075634,0.9996939528267841,0.0005281008756918296
1592.9528518908164,1592.9528518908164,0.9995351234154084,0.0005280818061238745
1592.9597962181872,1592.9597962181872,1.0007626534833212,0.0005285157849693886
1592.966740545517,1592.966740545517,0.9999788048494391,0.0005282238904120872
1592.9736848728176,1592.9736848728176,1.0007883216850293,0.000528480364486859
1592.9806292000662,1592.9806292000662,0.9996913247553879,0.0005284253671630828
1592.987573527279,1592.987573527279,1.000083764378023,0.0005286606543727565
1592.994517854452,1592.994517854452,0.999522698255312,0.0005285889432335983
1593.0014621815951,1593.0014621815951,1.0001936326482774,0.000528538286056604
1593.008406508681,1593.008406508681,1.000680339286557,0.0005290836625586497
1593.015350835737,1593.015350835737,0.9994458331118314,0.000528724631131281
1593.0222951627525,1593.0222951627525,0.9995498452616982,0.0005283102323886111
1593.0292394897272,1593.0292394897272,0.999452493253359,0.000528456897320447
1593.0361838166607,1593.0361838166607,1.001113102892335,0.0005288767200925671
1593.0431281435544,1593.0431281435544,0.9999269034202571,0.0005285117206801069
1593.0500724704066,1593.0500724704066,1.0003532663191763,0.0005286436315666894
1593.0570167972185,1593.0570167972185,1.0001709607007903,0.0005281134104131437
1593.0639611239897,1593.0639611239897,1.0004189740272988,0.0005286813101581568
1593.0709054507192,1593.0709054507192,1.0005458049089448,0.0005286578307222192
1593.0778497774097,1593.0778497774097,1.0002750317113611,0.0005287651061937492
1593.0847941040633,1593.0847941040633,1.0005447984201528,0.0005284254188416713
1593.091738430672,1593.091738430672,0.9999268684088243,0.0005280771719595018
1593.0986827572387,1593.0986827572387,0.9996682117379526,0.0005284524731420284
1593.1056270837714,1593.1056270837714,1.0005857551675297,0.0005293243017248982
1593.1125714102513,1593.1125714102513,0.9990346878607766,0.0005285654733105364
1593.119515736702,1593.119515736702,0.9998442196259575,0.0005287975305253202
1593.1264600631066,1593.1264600631066,1.0001241673680645,0.0005285618273581415
1593.1334043894753,1593.1334043894753,1.0002127568023373,0.0005286615614366501
1593.140348715793,1593.140348715793,1.000808087596513,0.0005285643935276252
1593.1472930420746,1593.1472930420746,0.9996634773016337,0.0005283896401374613
1593.1542373683103,1593.1542373683103,1.000163926215635,0.0005280899477715662
1593.161181694511,1593.161181694511,0.9991454486293113,0.0005282378816722002
1593.1681260206647,1593.1681260206647,1.0006188417043567,0.0005285779142976813
1593.1750703467783,1593.1750703467783,1.0005587096829036,0.0005288064209745262
1593.1820146728503,1593.1820146728503,0.9994482374111927,0.0005286991022149486
1593.1889589988823,1593.1889589988823,0.9995627313764631,0.0005284429709640724
1593.1959033248734,1593.1959033248734,0.9999518174156468,0.0005288680869116395
1593.2028476508176,1593.2028476508176,1.0000554041596947,0.0005285715233786508
1593.2097919767216,1593.2097919767216,1.000941688850895,0.000528593096437151
1593.2167363025785,1593.2167363025785,0.9996817784773053,0.0005283379532035497
1593.2236806283952,1593.2236806283952,1.0008324716954324,0.0005286406494363252
1593.2306249541816,1593.2306249541816,0.9998233799303129,0.0005282467342889727
1593.2375692799117,1593.2375692799117,0.9998095749905902,0.0005284615178122886
1593.244513605599,1593.244513605599,1.0001243883623343,0.0005284272284955629
1593.251457931253,1593.251457931253,1.0000753464266798,0.0005284568385844061
1593.2584022568653,1593.2584022568653,0.9989325177783561,0.0005284295718903295
1593.2653465824258,1593.2653465824258,1.0002332047938365,0.000528831953023988
1593.2722909079453,1593.2722909079453,1.0003186734209701,0.0005282876819973208
1593.279235233418,1593.279235233418,0.9999065279121094,0.000528938025928071
1593.2861795588565,1593.2861795588565,1.001007279319088,0.0005285812555298162
1593.2931238842534,1593.2931238842534,1.0002020782674845,0.0005283651934729026
1593.3000682095928,1593.3000682095928,0.9997077013781055,0.0005287062167950221
1593.3070125348966,1593.3070125348966,0.9996993805105407,0.00052899404265291
1593.3139568601543,1593.3139568601543,0.9998724601828503,0.0005281925436534719
1593.3209011853771,1593.3209011853771,0.9992305941302776,0.0005289424706938985
1593.3278455105471,1593.3278455105471,1.0000831247353266,0.0005283099271694438
1593.334789835677,1593.334789835677,1.0003462372381207,0.0005282906772273754
1593.3417341607535,1593.3417341607535,1.000276829516157,0.0005286936456796782
1593.348678485808,1593.348678485808,0.9999791421450664,0.0005286930817112571
1593.3556228108032,1593.3556228108032,0.9997447898661139,0.0005282997596710689
1593.3625671357527,1593.3625671357527,1.000584429341836,0.000528320994610956
1593.3695114606667,1593.3695114606667,0.9998891900161949,0.0005288446857445847
1593.376455785534,1593.376455785534,1.0002484105768712,0.0005287286358751971
1593.3834001103437,1593.3834001103437,0.999971366633987,0.0005285691688250418
1593.3903444351236,1593.3903444351236,0.9996327021231309,0.0005289811727731684
1593.3972887598636,1593.3972887598636,0.9997264716681495,0.0005286467229574206
1593.40423308455,1593.40423308455,1.0002833022975572,0.0005287625184605723
1593.4111774091914,1593.4111774091914,0.9999066342112167,0.0005285868488614672
1593.418121733785,1593.418121733785,1.0008400057538531,0.0005286333401736313
1593.4250660583384,1593.4250660583384,0.9998162696588038,0.0005284226999250987
1593.4320103828452,1593.4320103828452,1.000203024761595,0.0005285699922512843
1593.438954707305,1593.438954707305,0.9999868683222974,0.0005283470048943555
1593.4458990317191,1593.4458990317191,0.999912332450705,0.0005284191740744954
1593.4528433560795,1593.4528433560795,1.0004918544699977,0.0005285787849385965
1593.4597876804182,1593.4597876804182,0.9995507550165478,0.0005283744004933439
1593.4667320046974,1593.4667320046974,0.9999052688050364,0.0005284031459778297
1593.473676328925,1593.473676328925,1.0002375431817143,0.0005286282579910599
1593.480620653117,1593.480620653117,0.9998203509431385,0.0005284373933625245
1593.487564977263,1593.487564977263,0.9999133033591029,0.0005282333533967469
1593.494509301362,1593.494509301362,0.9999092902317107,0.0005283635092171113
1593.5014536254089,1593.5014536254089,0.9999614272140805,0.0005291778564058137
1593.5083979494098,1593.5083979494098,1.0005419597901675,0.0005289430582177565
1593.5153422733626,1593.5153422733626,1.0001762402051946,0.0005290514034662034
1593.5222865972762,1593.5222865972762,1.0004439160172116,0.0005286406983659553
1593.5292309211363,1593.5292309211363,0.9996480007264485,0.0005284801092319903
1593.5361752449564,1593.5361752449564,0.9991423237879383,0.0005282369443701067
1593.5431195687238,1593.5431195687238,1.0005912199291922,0.0005287636291849885
1593.5500638924561,1593.5500638924561,0.9994119522204411,0.0005284091059017545
1593.5570082161312,1593.5570082161312,0.9993667155962825,0.0005281762182731398
1593.563952539764,1593.563952539764,1.0003170637935155,0.0005288949977145521
1593.5708968633458,1593.5708968633458,1.0002653010164835,0.0005291200217006665
1593.5778411868798,1593.5778411868798,1.0000279509337644,0.0005287437785882798
1593.5847855103682,1593.5847855103682,1.0005220438453692,0.0005288282033021433
1593.5917298338036,1593.5917298338036,1.0005799415850425,0.0005285910861542994
1593.5986741571987,1593.5986741571987,0.999678289514345,0.0005282072362606235
1593.605618480536,1593.605618480536,0.9995167966723857,0.0005287540167014505
1593.6125628038428,1593.6125628038428,0.999726154679659,0.0005287188289937147
1593.6195071270931,1593.6195071270931,0.9998068179556213,0.0005285549544369649
1593.626451450295,1593.626451450295,0.9999111963495464,0.0005286597414803704
1593.6333957734462,1593.6333957734462,1.0001495283372661,0.000528596547242867
1593.6403400965494,1593.6403400965494,1.000435042014834,0.0005289037646538388
1593.647284419613,1593.647284419613,1.000210373029906,0.0005286339141576951
1593.6542287426175,1593.6542287426175,1.0006886615763873,0.0005283994411538499
1593.6611730655704,1593.6611730655704,0.9994063475478352,0.0005285612525785796
1593.6681173884767,1593.6681173884767,1.0002935986150876,0.0005284803023108277
1593.675061711347,1593.675061711347,0.9991291826238502,0.0005282372614628531
1593.6820060341602,1593.6820060341602,0.9999312604736886,0.0005285896119179062
1593.688950356926,1593.688950356926,1.0001079459531026,0.0005286625713826847
1593.6958946796346,1593.6958946796346,0.9993554390827718,0.0005285827668909871
1593.7028390023015,1593.7028390023015,1.0004332460848573,0.0005282730122014614
1593.7097833249109,1593.7097833249109,0.9998842127116527,0.0005281802502260962
1593.716727647479,1593.716727647479,0.9999290488555271,0.000528197298170338
1593.7236719699952,1593.7236719699952,1.0008371257253765,0.0005281232965964592
1593.7306162924588,1593.7306162924588,1.000160351901094,0.0005283984682585968
1593.7375606148817,1593.7375606148817,1.0001443948744302,0.00052859412011241
1593.7445049372466,1593.7445049372466,0.9999737017986805,0.0005286882199958998
1593.7514492595642,1593.7514492595642,1.0004010796165488,0.0005286893159779909
1593.7583935818304,1593.7583935818304,1.0001176061417492,0.0005290266523823143
1593.7653379040432,1593.7653379040432,0.9994735304261548,0.0005288178606789487
1593.77228222621,1593.77228222621,0.9995604381983977,0.0005285561219528365
1593.7792265483183,1593.7792265483183,0.9991805225987408,0.0005288865226660914
1593.7861708703806,1593.7861708703806,0.999786392958885,0.0005287811600458557
1593.7931151923904,1593.7931151923904,1.0006325424484221,0.0005287301572692404
1593.800059514359,1593.800059514359,1.000026034295741,0.0005285831683914811
1593.8070038362641,1593.8070038362641,0.9999284840795681,0.0005284023732858259
1593.813948158128,1593.813948158128,0.9998755825857903,0.0005286205463244674
1593.8208924799337,1593.8208924799337,1.000917994931528,0.000529024094561349
1593.8278368016868,1593.8278368016868,1.0000227060548714,0.000528556459975831
1593.8347811233944,1593.8347811233944,1.0005332585251272,0.0005285558388422897
1593.841725445048,1593.841725445048,0.9996335749011644,0.0005282593059701702
1593.8486697666451,1593.8486697666451,1.0000389106508725,0.0005282686666975158
1593.8556140881944,1593.8556140881944,0.9996877488452055,0.0005285481267319409
1593.862558409692,1593.862558409692,0.9996740679204599,0.0005282679018313574
1593.8695027311314,1593.8695027311314,0.9998436062915081,0.0005289772599082003
1593.8764470525234,1593.8764470525234,1.0005407234470178,0.0005283814353371096
1593.883391373864,1593.883391373864,1.000326481147405,0.0005281733237190869
1593.8903356951514,1593.8903356951514,0.9996535573566782,0.000528535370275149
1593.8972800163815,1593.8972800163815,0.9994800381605927,0.0005284137724161674
1593.9042243375582,1593.9042243375582,0.9995226334694811,0.0005284845557297259
1593.9111686586834,1593.9111686586834,0.9999511126399566,0.0005283393994337763
1593.9181129797612,1593.9181129797612,0.9997629324535806,0.0005285811612934726
1593.9250573007873,1593.9250573007873,1.0006072475225993,0.0005286331479357639
1593.9320016217491,1593.9320016217491,1.000271719057831,0.0005287336536605674
1593.9389459426584,1593.9389459426584,1.0005767115033657,0.00052839072189183
1593.9458902635215,1593.9458902635215,0.9990987752569772,0.0005286047539633332
1593.952834584326,1593.952834584326,0.9995924229613401,0.0005288149278183527
1593.9597789050729,1593.9597789050729,1.000859439088389,0.0005286937327734646
1593.966723225772,1593.966723225772,1.0005253972250778,0.0005284824645611979
1593.9736675464087,1593.9736675464087,0.9993796895058722,0.000528109830944767
1593.9806118670028,1593.9806118670028,0.9999677123852472,0.0005284167388119352
1593.9875561875288,1593.9875561875288,1.000156574125658,0.0005291532413916687
1593.994500508007,1593.994500508007,1.0000227585688173,0.0005284082090270825
1594.0014448284335,1594.0014448284335,0.9995633776540991,0.0005288789927020462
1594.0083891488016,1594.0083891488016,1.0000909055363532,0.0005283566602244077
1594.0153334691056,1594.0153334691056,0.9997045021249231,0.0005285178211069171
1594.0222777893691,1594.0222777893691,1.000076632845243,0.0005285707530592234
1594.0292221095683,1594.0292221095683,1.0000733956496461,0.0005285065175614455
1594.0361664297216,1594.0361664297216,1.0002815687082947,0.0005288858935970943
1594.0431107498039,1594.0431107498039,1.0006269619764692,0.0005288489328938758
1594.0500550698405,1594.0500550698405,0.9999034121690424,0.0005289536269876742
1594.0569993898184,1594.0569993898184,0.9997428510639216,0.0005288061837466722
1594.0639437097386,1594.0639437097386,0.9998347602680149,0.0005288089816740785
1594.0708880296058,1594.0708880296058,0.9998512263417574,0.0005289675549318613
1594.0778323494153,1594.0778323494153,0.9997003322988263,0.0005286675408777491
1594.0847766691663,1594.0847766691663,0.9999333869734917,0.0005284573623668151
1594.0917209888592,1594.0917209888592,0.9999506855043363,0.0005289268860706994
1594.0986653084942,1594.0986653084942,1.000601245485127,0.0005286823835094275
1594.105609628082,1594.105609628082,1.000025852115435,0.0005285518878142451
1594.1125539476006,1594.1125539476006,0.9997750976870327,0.0005293334421597241
1594.1194982670602,1594.1194982670602,0.9997400642448376,0.0005293635713393605
1594.1264425864686,1594.1264425864686,1.0001148861983127,0.0005286895109470992
1594.133386905823,1594.133386905823,1.0001963869428083,0.0005287267933448247
1594.1403312251207,1594.1403312251207,1.000163714338784,0.0005287585835664369
1594.1472755443474,1594.1472755443474,0.9999052646530993,0.0005284153156596979
1594.1542198635227,1594.1542198635227,0.9996946378353329,0.0005284816501933125
1594.1611641826394,1594.1611641826394,1.0003907979481022,0.0005287031409997676
1594.1681085016976,1594.1681085016976,0.999714131422975,0.0005288737437970321
1594.1750528207042,1594.1750528207042,1.0001720752095817,0.0005286567125691487
1594.1819971396396,1594.1819971396396,0.9994442408351297,0.0005282949774844477
1594.1889414585119,1594.1889414585119,1.0001082383615363,0.000528361097951489
1594.1958857773375,1594.1958857773375,1.000114797999002,0.0005282312499785721
1594.2028300961024,1594.2028300961024,1.0003527446288902,0.0005282328647106124
1594.209774414802,1594.209774414802,1.0003483502995045,0.0005285250838651975
1594.2167187334483,1594.2167187334483,1.000507219698998,0.0005284158590319406
1594.2236630520283,1594.2236630520283,0.9997103329847168,0.0005282182995283251
1594.230607370555,1594.230607370555,0.9991493643810069,0.0005282996414737732
1594.2375516890165,1594.2375516890165,1.0001702644528208,0.0005284550216983751
1594.2444960074172,1594.2444960074172,0.9999125406945304,0.0005282226580909856
1594.251440325757,1594.251440325757,0.999150176049946,0.0005286566962210736
1594.258384644038,1594.258384644038,1.0009953513511118,0.0005286956292678978
1594.2653289622615,1594.2653289622615,0.9999831740363929,0.000528390036251775
1594.2722732804173,1594.2722732804173,0.999398967070509,0.0005288327394211352
1594.279217598516,1594.279217598516,1.0005549203128623,0.0005281991827388514
1594.2861619165492,1594.2861619165492,1.000549911195543,0.0005284974729564072
1594.2931062345283,1594.2931062345283,0.9998297516110906,0.0005287706769496356
1594.3000505524424,1594.3000505524424,0.9999718259451106,0.0005285598457629042
1594.3069948702878,1594.3069948702878,0.9999284432551565,0.0005282851590314562
1594.3139391880795,1594.3139391880795,0.9997207532440319,0.0005285077279871181
1594.3208835058056,1594.3208835058056,1.0003156414352836,0.0005284563612978641
1594.3278278234695,1594.3278278234695,1.0001379203507126,0.0005286622633046323
1594.3347721410703,1594.3347721410703,0.9989552955768349,0.0005285913903296836
1594.3417164586092,1594.3417164586092,1.0003361990175663,0.0005282159697988476
1594.3486607760785,1594.3486607760785,0.9996771250229957,0.0005283073006339814
1594.3556050934956,1594.3556050934956,1.000385329032382,0.000528473435948738
1594.3625494108396,1594.3625494108396,1.000591521189499,0.0005287825470931018
1594.369493728123,1594.369493728123,0.9997149675970978,0.0005283092340153507
1594.3764380453417,1594.3764380453417,0.9997673986420391,0.0005283778858593805
1594.3833823625032,1594.3833823625032,1.0001413005505497,0.0005283163322613352
1594.3903266795935,1594.3903266795935,1.0000938236239811,0.0005286847748243491
1594.397270996624,1594.397270996624,1.0000573931476686,0.0005287589455095426
1594.4042153135833,1594.4042153135833,1.0007140050089887,0.0005288257898448487
1594.411159630483,1594.411159630483,0.9999838635672857,0.0005282551552160678
1594.4181039473203,1594.4181039473203,0.9999576728971228,0.0005282850859899323
1594.4250482640857,1594.4250482640857,0.9997079240206354,0.0005282790861252273
1594.4319925807918,1594.4319925807918,0.9996512382548127,0.0005288116886324368
1594.4389368974291,1594.4389368974291,0.9999602128780476,0.0005288124896261312
1594.4458812139994,1594.4458812139994,0.9999428664208873,0.0005287464744035832
1594.4528255305052,1594.4528255305052,1.000881317934653,0.0005287203985262663
1594.4597698469504,1594.4597698469504,1.0000166787108689,0.0005283877954117194
1594.4667141633252,1594.4667141633252,0.9998142312770982,0.0005284889552430659
1594.4736584796333,1594.4736584796333,1.0002491172374426,0.0005286419021016196
1594.4806027958743,1594.4806027958743,1.0002683742340526,0.0005290009736616827
1594.487547112046,1594.487547112046,1.0001202339939845,0.0005283545445534422
1594.4944914281557,1594.4944914281557,0.99973414380202,0.0005283545303309839
1594.5014357441967,1594.5014357441967,0.9995190923922914,0.0005283071422056108
1594.5083800601724,1594.5083800601724,0.9997452887200033,0.0005291219468412542
1594.5153243760765,1594.5153243760765,0.9994871114061226,0.0005289282064914316
1594.5222686919158,1594.5222686919158,0.9995713418004982,0.000528491674937302
1594.5292130076828,1594.5292130076828,1.0004145997317537,0.000528678236640561
1594.5361573233822,1594.5361573233822,1.0005078242060574,0.0005289360601009105
1594.5431016390153,1594.5431016390153,1.0016733738126788,0.0005285964961015611
1594.550045954587,1594.550045954587,0.9994820590463735,0.000528514870458146
1594.5569902700804,1594.5569902700804,0.9992925378948412,0.0005282920262929985
1594.5639345855066,1594.5639345855066,0.9998772189424576,0.000528546719263666
1594.5708789008656,1594.5708789008656,1.0005992758245987,0.0005288265731467749
1594.5778232161524,1594.5778232161524,0.9989290639400888,0.0005285154335113831
1594.5847675313748,1594.5847675313748,1.0001615699079898,0.0005290583513383837
1594.591711846525,1594.591711846525,0.9999761870228691,0.0005289236301397588
1594.5986561616041,1594.5986561616041,1.000583472714951,0.0005286441701445185
1594.605600476612,1594.605600476612,1.000307312294288,0.0005287040857767059
1594.6125447915517,1594.6125447915517,1.0002487307864019,0.0005285486720658772
1594.6194891064226,1594.6194891064226,1.0002560457509897,0.0005285416295994804
1594.6264334212224,1594.6264334212224,0.9993798206354025,0.0005283118279923914
1594.6333777359448,1594.6333777359448,0.9998547280678338,0.000528575198638116
1594.6403220505997,1594.6403220505997,0.9997043587750871,0.0005283944578642425
1594.6472663651848,1594.6472663651848,0.9997539115885716,0.0005286660944372227
1594.6542106796974,1594.6542106796974,1.0003242900237117,0.000528639444097886
1594.6611549941426,1594.6611549941426,1.0005546709045956,0.0005289427999381105
1594.6680993085126,1594.6680993085126,1.0005598774982825,0.0005286223634145698
1594.6750436228097,1594.6750436228097,0.9998510924770899,0.0005287720879049676
1594.6819879370344,1594.6819879370344,0.9996975070340353,0.0005289126131820733
1594.6889322511884,1594.6889322511884,1.0000301538529528,0.0005289257877618646
1594.6958765652676,1594.6958765652676,1.0001010215314987,0.0005290435775367739
1594.702820879273,1594.702820879273,1.0006640961171354,0.0005283478910707717
1594.7097651932065,1594.7097651932065,0.9998019480054922,0.0005287439900882634
1594.7167095070665,1594.7167095070665,0.9996713607177853,0.0005286568839375616
1594.7236538208547,1594.7236538208547,1.0006611113887627,0.000529023448796141
1594.7305981345662,1594.7305981345662,1.000067337433419,0.0005284494751175365
1594.737542448206,1594.737542448206,0.9994161112579307,0.000528472074924938
1594.7444867617662,1594.7444867617662,1.000163805795815,0.0005286047922692502
1594.7514310752604,1594.7514310752604,0.9997952733317567,0.0005281366621874198
1594.758375388678,1594.758375388678,0.9999659631793938,0.0005284835698035784
1594.765319702015,1594.765319702015,1.0003426689274608,0.0005288182487254188
1594.7722640152845,1594.7722640152845,0.999771026669492,0.000528403038672883
1594.7792083284785,1594.7792083284785,1.0002338612725774,0.0005281961805669738
1594.7861526415936,1594.7861526415936,1.0005599128647351,0.0005284849181629348
1594.7930969546278,1594.7930969546278,1.000155292818638,0.0005284622860398223
1594.8000412675947,1594.8000412675947,0.9992731795359255,0.0005283574079650174
1594.8069855804802,1594.8069855804802,0.9996089064308977,0.0005283742894650017
1594.8139298932929,1594.8139298932929,0.999533601897377,0.000528644446670554
1594.8208742060299,1594.8208742060299,1.0007001505108113,0.000529253500751963
1594.8278185186857,1594.8278185186857,1.0002691333550566,0.0005284216927123767
1594.8347628312742,1594.8347628312742,0.9998289351446786,0.0005284485216298346
1594.8417071437757,1594.8417071437757,1.0004601347087214,0.0005286787816795017
1594.8486514562042,1594.8486514562042,0.9997523809926395,0.000529263647637669
1594.8555957685512,1594.8555957685512,0.9996304776760798,0.0005289426940493335
1594.8625400808223,1594.8625400808223,0.9997383387202925,0.0005283563810588197
1594.8694843930214,1594.8694843930214,0.9996495842493991,0.000529004643674947
1594.8764287051351,1594.8764287051351,1.0009432755307073,0.0005288703722316292
1594.883373017177,1594.883373017177,1.0001741411566967,0.000528747654252364
1594.8903173291394,1594.8903173291394,1.0005604911267267,0.0005288299213047893
1594.8972616410213,1594.8972616410213,0.9990636183619881,0.0005286237240469954
1594.9042059528208,1594.9042059528208,0.9998790307542285,0.0005286638384453914
1594.911150264545,1594.911150264545,0.9995524997292741,0.0005283316466942018
1594.918094576191,1594.918094576191,1.0002037846728027,0.0005282926744678898
1594.9250388877522,1594.9250388877522,0.9997112977959957,0.0005289031566683392
1594.9319831992404,1594.9319831992404,1.000102597373166,0.0005285255003469626
1594.9389275106448,1594.9389275106448,1.0004150564531609,0.0005286629790160946
1594.9458718219703,1594.9458718219703,1.001224700754382,0.0005286511670249915
1594.95281613322,1594.95281613322,1.000240978595738,0.0005284547033342884
1594.9597604443884,1594.9597604443884,0.9996132008871463,0.000528707327044042
1594.9667047554697,1594.9667047554697,0.9996083659339561,0.0005288035936065772
1594.9736490664777,1594.9736490664777,0.9992301299493219,0.0005281195998818586
1594.980593377396,1594.980593377396,0.9996846204311804,0.0005283365478139766
1594.9875376882383,1594.9875376882383,1.0001618476104392,0.0005283085209950593
1594.9944819990048,1594.9944819990048,0.9994215544705061,0.0005284952285847568
1595.0014263096873,1595.0014263096873,1.0001433798825545,0.0005286382107100799
1595.008370620285,1595.008370620285,1.0006554351332348,0.0005289618783276853
1595.015314930802,1595.015314930802,1.0005327368474721,0.0005287072856603312
1595.0222592412395,1595.0222592412395,1.0000143330836702,0.0005291678655486659
1595.0292035515902,1595.0292035515902,1.0004662109393245,0.0005285278707116254
1595.0361478618588,1595.0361478618588,0.9999620981591673,0.0005287925379116365
1595.043092172047,1595.043092172047,0.9993147880058437,0.0005287336131747963
1595.050036482155,1595.050036482155,0.9999221982158039,0.0005288119622038028
1595.0569807921775,1595.0569807921775,0.9995714533870828,0.0005283982915761102
1595.0639251021198,1595.0639251021198,0.9999227999491938,0.0005287024041982856
1595.070869411979,1595.070869411979,1.0000745558020117,0.0005285054038643708
1595.077813721756,1595.077813721756,1.000355192723302,0.0005285224497435872
1595.084758031446,1595.084758031446,1.000466125578876,0.000529270444758981
1595.091702341054,1595.091702341054,0.9996823804971529,0.000528996621883917
1595.0986466505815,1595.0986466505815,1.0001234379962012,0.0005286546125104972
1595.1055909600236,1595.1055909600236,1.0003594436897578,0.0005290481131743619
1595.1125352693791,1595.1125352693791,0.9991058205251628,0.0005284145727421027
1595.1194795786555,1595.1194795786555,1.0003970482076938,0.0005286314961755988
1595.126423887845,1595.126423887845,1.0000767579023,0.000528866893625416
1595.1333681969525,1595.1333681969525,0.9994785591004144,0.0005282203267683251
1595.1403125059733,1595.1403125059733,1.0003740163060952,0.0005286485837561223
1595.147256814912,1595.147256814912,0.9995038157223581,0.0005283928918349203
1595.1542011237668,1595.1542011237668,1.000619217469763,0.0005282905312913017
1595.1611454325339,1595.1611454325339,1.001144737643769,0.0005286147548893324
1595.1680897412168,1595.1680897412168,1.0003039074506388,0.0005286886174213689
1595.175034049821,1595.175034049821,0.9998450590757813,0.0005284712330534954
1595.181978358335,1595.181978358335,0.9999680387023415,0.0005282920605228903
1595.188922666765,1595.188922666765,1.0009632638806205,0.0005288908520602188
1595.195866975113,1595.195866975113,0.9997514395122991,0.0005287670553116014
1595.2028112833739,1595.2028112833739,0.9998423981071314,0.0005283086405169173
1595.2097555915475,1595.2097555915475,1.0005771760898394,0.0005286378030279167
1595.2166998996424,1595.2166998996424,0.999190031388314,0.0005289800629823253
1595.2236442076469,1595.2236442076469,0.9998599046325687,0.0005284560743546963
1595.2305885155677,1595.2305885155677,1.0002607368108714,0.0005288651394223385
1595.2375328234061,1595.2375328234061,0.9998796950482804,0.0005290795592186291
1595.2444771311582,1595.2444771311582,0.9996846287395071,0.0005285880712888187
1595.251421438822,1595.251421438822,0.9998357540780105,0.0005288503564881298
1595.2583657464081,1595.2583657464081,1.0007405579542383,0.000528647460312709
1595.265310053903,1595.265310053903,1.0002209279167347,0.0005290899186210041
1595.2722543613147,1595.2722543613147,0.9994626170542628,0.0005284385135022461
1595.2791986686434,1595.2791986686434,1.0004652881737903,0.0005291276689639815
1595.2861429758864,1595.2861429758864,0.9996987776535902,0.0005286975665143035
1595.2930872830407,1595.2930872830407,1.0002519346057075,0.0005288411273539866
1595.3000315901177,1595.3000315901177,1.000757733714634,0.000528877094822761
1595.3069758971033,1595.3069758971033,1.0000746468271025,0.0005288896316425362
1595.3139202040056,1595.3139202040056,0.9995660762093918,0.0005285255165435491
1595.3208645108252,1595.3208645108252,0.99978991926039,0.0005289240163697989
1595.327808817559,1595.327808817559,0.9997103584435063,0.000528346775283961
1595.3347531242125,1595.3347531242125,1.000622902048067,0.0005289673211137755
1595.3416974307743,1595.3416974307743,0.9992357106009031,0.000528522132780838
1595.3486417372621,1595.3486417372621,1.0003570366181553,0.0005286312682801387
1595.355586043655,1595.355586043655,1.0001876442575983,0.0005295796074013059
1595.3625303499712,1595.3625303499712,1.000329693940141,0.0005289650185147214
1595.369474656201,1595.369474656201,0.9998812221709782,0.0005297037452190191
1595.3764189623512,1595.3764189623512,0.999875681744124,0.0005286818183309709
1595.3833632684155,1595.3833632684155,0.9995569309857812,0.000528939527869254
1595.390307574397,1595.390307574397,0.9999368315923987,0.0005286710240897257
1595.397251880295,1595.397251880295,0.999791126154445,0.0005290244015812991
1595.4041961861165,1595.4041961861165,1.0005509881608723,0.0005291539354879119
1595.4111404918517,1595.4111404918517,1.000224972529265,0.000529393895450948
1595.4180847975044,1595.4180847975044,0.9997408472017314,0.0005288002936871263
1595.4250291030762,1595.4250291030762,0.9997250038395211,0.0005289520808150717
1595.4319734085693,1595.4319734085693,1.000282793686925,0.0005291417218241563
1595.4389177139751,1595.4389177139751,1.0002088576997812,0.0005286828235348962
1595.4458620193082,1595.4458620193082,1.0002176675300176,0.0005288551710379686
1595.4528063245566,1595.4528063245566,0.9998417808508652,0.0005289061876780966
1595.4597506297298,1595.4597506297298,0.999223035928549,0.000528788369365164
1595.4666949348152,1595.4666949348152,1.0003155168226598,0.0005286745007117943
1595.473639239831,1595.473639239831,0.9996577390795209,0.0005290425586446008
1595.4805835447655,1595.4805835447655,1.000073842378251,0.000529204678844536
1595.4875278496213,1595.4875278496213,1.0006536852820953,0.0005288804562039087
1595.4944721543984,1595.4944721543984,1.0000576479057517,0.0005290299338949358
1595.5014164591028,1595.5014164591028,1.0003093428326166,0.0005291160376202514
1595.5083607637312,1595.5083607637312,0.9998756210405124,0.0005288216995048222
1595.5153050682816,1595.5153050682816,1.0000623405924536,0.0005285825611536622
1595.5222493727556,1595.5222493727556,0.9999953862317659,0.0005290704816063032
1595.5291936771548,1595.5291936771548,0.9991220821857698,0.0005289106407824227
1595.5361379814808,1595.5361379814808,1.000079736986682,0.000529097123514416
1595.5430822857397,1595.5430822857397,0.9999406126785806,0.0005288579258550793
1595.5500265899204,1595.5500265899204,0.9999247788160226,0.0005288257944366612
1595.5569708940336,1595.5569708940336,1.000088313583246,0.0005288506208724433
1595.5639151980718,1595.5639151980718,1.0002021978433737,0.0005290801996585554
1595.5708595020426,1595.5708595020426,1.000592092268269,0.0005290919107399132
1595.5778038059439,1595.5778038059439,1.000195684796719,0.0005290532088346495
1595.5847481097778,1595.5847481097778,0.9999831732359425,0.0005290910791525558
1595.5916924135422,1595.5916924135422,1.000057903914817,0.0005294195575089212
1595.5986367172422,1595.5986367172422,1.0001347605063358,0.000528881645474969
1595.6055810208786,1595.6055810208786,0.9998257697055326,0.0005290610249329433
1595.612525324445,1595.612525324445,1.000074777587399,0.0005292860954147113
1595.6194696279533,1595.6194696279533,1.000179405014222,0.0005295709019781202
1595.6264139314005,1595.6264139314005,1.0002224569254072,0.0005291463943351478
1595.6333582347804,1595.6333582347804,0.9990933523900871,0.0005285865320159687
1595.6403025381055,1595.6403025381055,0.9999986837490962,0.0005288767611147465
1595.647246841369,1595.647246841369,1.000069660630993,0.0005296734462876569
1595.654191144578,1595.654191144578,1.0003422097165,0.0005290317599724374
1595.6611354477307,1595.6611354477307,0.9993198103426393,0.0005291818777571017
1595.6680797508257,1595.6680797508257,1.0003876926993662,0.0005292464897745196
1595.6750240538681,1595.6750240538681,0.999583270008061,0.0005293208624438478
1613.2483477803823,1613.2483477803823,1.000437993287226,0.0005460480140049896
1624.9662117148691,1624.9662117148691,0.9997326995494097,0.0005593240904051267
1624.9731560379194,1624.9731560379194,1.0009806469989675,0.000561787362981226
1624.9801003613018,1624.9801003613018,1.0003666220388936,0.0005649329320102466
1624.9870446850277,1624.9870446850277,1.000206047427678,0.000567588313755668
1624.9939890090677,1624.9939890090677,0.9989211128758677,0.0005696492186955081
1625.0009333334508,1625.0009333334508,0.9994755749425064,0.0005722648991094586
1625.007877658172,1625.007877658172,1.000002441041059,0.0005746973095147685
1625.0148219832076,1625.0148219832076,1.0003326550951965,0.000577377219740322
1625.0217663085741,1625.0217663085741,0.9995769617511779,0.0005795854975104139
1625.0287106342616,1625.0287106342616,0.9994400973549681,0.0005817386717845881
1625.0356549602634,1625.0356549602634,1.0005344177998425,0.0005841572502600386
1625.042599286597,1625.042599286597,0.9996894717681297,0.000586805754953286
1625.0495436132385,1625.0495436132385,1.0005141695474185,0.0005894940896666801
1625.0564879401888,1625.0564879401888,1.0003066523957076,0.0005911039525223586
1625.0634322674653,1625.0634322674653,1.0003396351987761,0.0005925252822086787
1625.0703765950384,1625.0703765950384,0.9995129376697364,0.0005945395277645296
1625.077320922926,1625.077320922926,0.9996323697426222,0.0005953646335616823
1625.0842652511221,1625.0842652511221,1.0004188877843432,0.0005976000810640994
1625.0912095796034,1625.0912095796034,0.9997027950430486,0.0005990617554133945
1625.0981539083873,1625.0981539083873,0.9996578068580279,0.0005997426586330449
1625.1050982374677,1625.1050982374677,1.0001948649906505,0.0006015224003111391
1625.1120425668514,1625.1120425668514,1.0001978689334634,0.0006025941177997831
1625.118986896526,1625.118986896526,1.0004670226765577,0.0006040024955759027
1625.1259312264683,1625.1259312264683,1.000321133028581,0.0006050097845018898
1625.1328755567188,1625.1328755567188,0.9992791941708845,0.0006062541899573717
1625.139819887237,1625.139819887237,0.9998626107967844,0.00060814745224986
1625.1467642180357,1625.1467642180357,1.0000298479325955,0.0006097854078845448
1625.1537085491068,1625.1537085491068,1.0004812207259803,0.0006105407374551368
1625.1606528804464,1625.1606528804464,0.9995260321248043,0.0006122967832965765
1625.1675972120647,1625.1675972120647,1.0003487451572477,0.0006130906928311269
1625.1748193172398,1625.1748193172398,0.9996575845843196,0.0006146090553392303
1625.1828747425525,1625.1828747425525,1.0000742149300752,0.0006156682698356051
1625.189819075021,1625.189819075021,0.9998072695693663,0.0006170099411338942
1625.196763407734,1625.196763407734,0.9996361455654856,0.0006179333739449556
1625.2037077407028,1625.2037077407028,1.00079055027369,0.0006194593059122443
1625.210652073928,1625.210652073928,1.0000065421208868,0.0006198799585142832
1625.2198185941693,1625.2198185941693,0.9994403956120019,0.0006209519414454943
1625.227318474658,1625.227318474658,1.000534495724826,0.0006225763818223041
1625.2345405820795,1625.2345405820795,1.0001766944413855,0.000623187881702739
1625.242596009878,1625.242596009878,1.0004376663722794,0.0006250597384656229
1625.2495403444477,1625.2495403444477,0.9991391019935121,0.0006259155068293849
1625.2564846792443,1625.2564846792443,1.0000216684271113,0.0006268654906111393
1625.263706787679,1625.263706787679,0.9996087831485191,0.0006281686690003092
1625.2717622166006,1625.2717622166006,1.0004429494347193,0.0006300723841509443
1625.2787065521193,1625.2787065521193,0.9992885336771178,0.00063113944369294
1625.285650887859,1625.285650887859,1.0004762325102423,0.0006326084180184537
1625.2925952238081,1625.2925952238081,1.0005140677,0.0006348677658694202
1625.3009284272348,1625.3009284272348,0.9999770751401439,0.0006358208724969539
1625.3092616309584,1625.3092616309584,0.9991306279247659,0.0006379290343228815
1625.3164837410927,1625.3164837410927,1.0006427846975936,0.0006396408223812158
1625.3245391718888,1625.3245391718888,0.9999497813006671,0.000641832597026252
1625.3314835089905,1625.3314835089905,1.0001575723194402,0.0006439170554291614
1625.3384278463013,1625.3384278463013,1.0001459711613365,0.0006449734903933154
1625.3453721837993,1625.3453721837993,0.9988896004091299,0.0006470553847181795
1625.352316521489,1625.352316521489,1.0000981459028035,0.0006484028830073602
1625.3592608593708,1625.3592608593708,1.000661240406677,0.0006494773388949501
1625.366205197427,1625.366205197427,1.000576628098784,0.0006508696964842929
1625.3731495356874,1625.3731495356874,1.0000939895070557,0.000652206644488523
1625.3800938741101,1625.3800938741101,0.9999715602372365,0.0006531491218065292
1625.3870382127197,1625.3870382127197,0.999478404008397,0.0006541687607070722
1625.3939825515156,1625.3939825515156,0.999608835317338,0.0006551020835344893
1625.400926890468,1625.400926890468,0.9997402508821782,0.0006556909386069503
1625.4078712296016,1625.4078712296016,1.0001958605832555,0.0006564275251099754
1625.4148155688918,1625.4148155688918,1.0004570726564188,0.0006568058712815739
1625.421759908357,1625.421759908357,1.0006021039068966,0.000657468108886858
1625.4287042479848,1625.4287042479848,0.9998539576581347,0.0006580385781416542
1625.4356485877756,1625.4356485877756,0.9998625021599026,0.0006584558495140339
1625.4425929277238,1625.4425929277238,0.9988400807430947,0.0006587624061728826
1625.4495372678352,1625.4495372678352,1.0004021041497813,0.0006591286520833484
1625.4564816080858,1625.4564816080858,1.0006544496424679,0.0006598325514678286
1625.4634259484997,1625.4634259484997,0.9991826241656566,0.0006596863164628774
1625.4706480626908,1625.4706480626908,1.0000136945724853,0.0006600473028125324
1625.4787034979397,1625.4787034979397,1.001662198640967,0.0006610742347170453
1625.4856478388194,1625.4856478388194,1.000184120900332,0.0006611539184613826
1625.4925921798442,1625.4925921798442,0.9997273577343376,0.0006608289308174967
1625.499536521015,1625.499536521015,0.9994807572878355,0.0006614332494897723
1625.5064808623133,1625.5064808623133,0.9990746317866016,0.0006615457515408259
1625.513425203763,1625.513425203763,0.9998455307886953,0.0006615017072588199
1625.520369545341,1625.520369545341,1.0004643670744016,0.0006620073833175511
1625.527313887047,1625.527313887047,1.000860623908347,0.0006621826420525792
1625.5342582288872,1625.5342582288872,0.9994787998151828,0.0006619457320619498
1625.541202570855,1625.541202570855,1.000214175537419,0.0006615985546831586
1625.5481469129568,1625.5481469129568,1.0000559502896142,0.0006618194849964883
1625.5550912551867,1625.5550912551867,0.999937734923645,0.000661604193720364
1625.5620355975216,1625.5620355975216,0.9998762305952205,0.0006617003092093107
1625.5689799399959,1625.5689799399959,0.9999297888457674,0.0006609177960323228
1625.5759242825748,1625.5759242825748,0.9999837175057573,0.0006604532639056223
1625.5828686252821,1625.5828686252821,1.0003020386298156,0.000659912794598235
1625.5898129680995,1625.5898129680995,0.9995865817734385,0.0006592250516623135
1625.5967573110283,1625.5967573110283,1.000426634500128,0.000658932090235695
1625.6037016540845,1625.6037016540845,1.0002614265009127,0.0006593539534310585
1625.6106459972402,1625.6106459972402,1.0000108530441683,0.0006584157565395109
1625.6175903405058,1625.6175903405058,1.0001320346194604,0.0006571913768603985
1625.6245346838828,1625.6245346838828,1.0001711653656666,0.0006569657313438366
1625.6314790273582,1625.6314790273582,1.000552126266506,0.000656365779316462
1625.6384233709384,1625.6384233709384,1.000599082590957,0.0006558336247968758
1625.6453677146235,1625.6453677146235,0.9991116418307697,0.0006559571859962546
1625.6523120584075,1625.6523120584075,0.9999633413158131,0.0006555116799317926
1625.6592564023017,1625.6592564023017,1.0001265368429457,0.0006555528978867778
1625.6662007462842,1625.6662007462842,1.0002372475940007,0.0006558402595843081
1625.6731450903821,1625.6731450903821,1.000950504014663,0.0006559171249011849
1625.6800894345506,1625.6800894345506,0.9998782248020335,0.0006554458192516658
1625.6870337788173,1625.6870337788173,0.9995204259093224,0.0006558013287783483
1625.6939781231838,1625.6939781231838,0.9999124779818317,0.000655514359327893
1625.700922467643,1625.700922467643,1.0002245803353862,0.0006560816773313975
1625.7078668121835,1625.7078668121835,0.9997423932291021,0.0006562855994959272
1625.7148111568235,1625.7148111568235,1.0001190318580315,0.0006563796107899246
1625.7217555015445,1625.7217555015445,0.9998011638277319,0.0006567590050362995
1625.7286998463471,1625.7286998463471,0.9998918599461938,0.0006577913867523556
1625.7356441912373,1625.7356441912373,1.0006143195104975,0.0006576354465331347
1625.7425885362031,1625.7425885362031,1.0001618224286135,0.0006581732945262803
1625.7495328812615,1625.7495328812615,0.999877402325921,0.0006585377979064982
1625.756477226396,1625.756477226396,1.0001733484187243,0.0006588527757797407
1625.7634215716178,1625.7634215716178,0.9998997566238408,0.0006595497789531459
1625.7703659169038,1625.7703659169038,0.9994681624332042,0.0006604366926399382
1625.7773102622825,1625.7773102622825,0.999634787006053,0.000660034471655984
1625.7842546077313,1625.7842546077313,1.000610070960565,0.000660321471587366
1625.7911989532442,1625.7911989532442,1.0004531788409081,0.0006607581198451282
1625.798143298838,1625.798143298838,1.000801011839028,0.0006609261922695708
1625.8050876445143,1625.8050876445143,0.9996572236112952,0.0006610580812949103
1625.8120319902541,1625.8120319902541,0.9998079093632185,0.0006610571448034344
1625.8189763360576,1625.8189763360576,0.9992862282851787,0.000661129235713424
1625.825920681937,1625.825920681937,0.9994726814816639,0.0006606565935686638
1625.8328650278806,1625.8328650278806,0.9999290720300641,0.0006606237509287668
1625.839809373894,1625.839809373894,1.0006995109418477,0.0006605893989521
1625.8467537199772,1625.8467537199772,1.0002169298737984,0.0006604291620311388
1625.8536980661129,1625.8536980661129,0.9998029944787372,0.0006601280705360942
1625.86064241233,1625.86064241233,1.0011260713275523,0.0006594336293206476
1625.867586758611,1625.867586758611,1.0001036638812788,0.0006594107785803045
1625.874531104939,1625.874531104939,0.9998629410104243,0.0006581984451499784
1625.8814754513307,1625.8814754513307,0.9992203681722893,0.0006580403396291035
1625.8884197977866,1625.8884197977866,1.0006058113933083,0.0006573421867088373
1625.8953641443,1625.8953641443,1.0001427401498255,0.0006570470692041232
1625.90230849089,1625.90230849089,1.000372440249208,0.0006556668924290732
1625.9092528375145,1625.9092528375145,1.000177956702452,0.0006550672921235065
1625.916197184209,1625.916197184209,0.9999941170826545,0.0006539627271528541
1625.92314153095,1625.92314153095,0.9992575954159679,0.0006530425800313765
1625.930085877749,1625.930085877749,0.9992274102344656,0.0006520091361066159
1625.9370302246007,1625.9370302246007,1.0005467102797987,0.0006513621592024969
1625.9439745715104,1625.9439745715104,1.0000956145719804,0.0006502807915180133
1625.9509189184728,1625.9509189184728,0.9998411742834383,0.0006492615951713796
1625.9578632654814,1625.9578632654814,1.0001861559975702,0.0006480231599460104
1625.9648076125477,1625.9648076125477,1.0000501942335114,0.0006470455634931007
1625.9717519596675,1625.9717519596675,1.0003387052394244,0.0006461969659693246
1625.9786963068332,1625.9786963068332,1.0000153487532255,0.0006446662508014288
1625.985640654046,1625.985640654046,1.0002066003163055,0.0006440696750362208
1625.9925850013046,1625.9925850013046,0.999363651609056,0.0006430194185368779
1625.999529348622,1625.999529348622,0.9989738438283217,0.0006417458095076231
1626.0064736959744,1626.0064736959744,1.0009185470686668,0.0006416684687631889
1626.013418043373,1626.013418043373,1.0006339900662928,0.0006414211890556373
1626.0203623908185,1626.0203623908185,0.9998384766752781,0.0006404048433781552
1626.0273067383098,1626.0273067383098,0.999537021553313,0.0006397369743076228
1626.0342510858422,1626.0342510858422,1.000791290261828,0.0006383946158140034
1626.0411954334272,1626.0411954334272,1.000321991762907,0.0006385423122799058
1626.0481397810531,1626.0481397810531,0.9999358845871553,0.0006374962173963392
1626.0550841287024,1626.0550841287024,1.0005044082109324,0.0006368610335025172
1626.0620284764152,1626.0620284764152,1.0001664924467584,0.0006368528905444417
1626.0689728241518,1626.0689728241518,1.0004023993259346,0.0006362895103813424
1626.07591717194,1626.07591717194,1.0001344833072625,0.0006359487717954086
1626.0828615197581,1626.0828615197581,0.9995558388293736,0.0006353691099514404
1626.0898058676287,1626.0898058676287,0.9991420372426207,0.0006353927560880721
1626.096750215522,1626.096750215522,1.000131999175652,0.0006341901179223212
1626.1036945634617,1626.1036945634617,1.0006146031783625,0.0006343919085302048
1626.1106389114484,1626.1106389114484,0.9998528793752269,0.0006336395677386938
1626.1175832594524,1626.1175832594524,1.0005416758707377,0.0006337423816795372
1626.124527607503,1626.124527607503,0.9991088497304348,0.00063265307526206
1626.1314719555828,1626.1314719555828,1.0009073040692307,0.0006327580826012827
1626.1384163037035,1626.1384163037035,0.9995483547788865,0.0006320228902880473
1626.1453606518585,1626.1453606518585,0.9994942391539359,0.0006315899571811101
1626.1523050000374,1626.1523050000374,1.0002175835931428,0.0006315265265550505
1626.159249348257,1626.159249348257,0.9998117759956399,0.0006307452291243631
1626.1661936965113,1626.1661936965113,0.9994984190709874,0.0006305495944143372
1626.1731380447945,1626.1731380447945,1.0015351230379115,0.0006304423060363933
1626.180082393113,1626.180082393113,0.9993997079206116,0.0006293589879576796
1626.1870267414547,1626.1870267414547,0.9995147049158757,0.0006283755127502035
1626.1939710898373,1626.1939710898373,0.9998046128958287,0.0006278648857454128
1626.2009154382483,1626.2009154382483,0.9999953572315355,0.0006273089728759662
1626.2078597866896,1626.2078597866896,0.9997538365394956,0.0006267407023063343
1626.2148041351531,1626.2148041351531,0.999109803315599,0.0006262896657726681
1626.2217484836578,1626.2217484836578,1.0005642358316078,0.0006249517590326025
1626.2286928321744,1626.2286928321744,1.0001771358656155,0.0006243169562417673
1626.2356371807255,1626.2356371807255,1.001333153478258,0.0006237508049219885
1626.2425815293059,1626.2425815293059,0.9994856041268207,0.0006225840532983723
1626.2495258779152,1626.2495258779152,1.000065223302342,0.0006219905517819692
1626.25647022656,1626.25647022656,0.9995704325749184,0.0006209675139536395
1626.2634145752095,1626.2634145752095,1.0001564495855508,0.0006198683514920442
1626.2703589238945,1626.2703589238945,0.9998868498014695,0.000618690360838125
1626.2773032726031,1626.2773032726031,1.000010745199957,0.0006185283024269969
1626.2842476213405,1626.2842476213405,1.0006841262682824,0.0006173824783493097
1626.2911919701014,1626.2911919701014,0.9991495415997115,0.0006166234821626418
1626.2981363188974,1626.2981363188974,1.000509153250599,0.0006159468245539254
1626.305080667693,1626.305080667693,1.0001087535493896,0.0006155063002129495
1626.312025016529,1626.312025016529,0.9996960387865558,0.0006146682523516607
1626.3189693653771,1626.3189693653771,0.9996313234839473,0.0006136304879494317
1626.3259137142545,1626.3259137142545,0.9999669514792469,0.0006129343302026891
1626.3328580631721,1626.3328580631721,1.0000186114014382,0.0006123200216499386
1626.3398024120845,1626.3398024120845,1.0001061505795104,0.0006118629075481492
1626.3467467610315,1626.3467467610315,0.9998740310123079,0.0006115331092890087
1626.353691109996,1626.353691109996,1.0002393349960412,0.0006109955970393852
1626.3606354589838,1626.3606354589838,1.0001271490373393,0.0006106224459762257
1626.367579807989,1626.367579807989,0.9995770554994554,0.0006099086675731506
1626.3745241570175,1626.3745241570175,1.0004399372223929,0.0006094102998995701
1626.3814685060574,1626.3814685060574,0.9999417763545484,0.0006092703554431016
1626.388412855133,1626.388412855133,0.99995986823703,0.0006086224139705835
1626.3953572042196,1626.3953572042196,1.00024969596211,0.0006083636452209108
1626.402301553312,1626.402301553312,0.9999869556202295,0.0006076409054331202
1626.4092459024337,1626.4092459024337,0.9997366908755264,0.0006072878072251534
1626.4161902515725,1626.4161902515725,0.9992857223515067,0.0006067837262883707
1626.423134600735,1626.423134600735,1.0002962781171785,0.0006066375165306478
1626.4300789499034,1626.4300789499034,1.0001234908382053,0.000606084362615055
1626.4370232991007,1626.4370232991007,1.0003622343635146,0.0006059124496679786
1626.4439676483155,1626.4439676483155,1.000049148139334,0.0006053219364389806
1626.45091199753,1626.45091199753,1.0005013561825549,0.000605641685935085
1626.4578563467855,1626.4578563467855,0.9998800979761133,0.0006047131855556364
1626.4648006960351,1626.4648006960351,0.9995560398744064,0.0006047868036409387
1626.4717450453204,1626.4717450453204,0.9997841865275582,0.0006046431718234598
1626.4786893946045,1626.4786893946045,1.0000892733675806,0.0006042624922483743
1626.4856337439126,1626.4856337439126,0.9999469232446112,0.0006041696631367286
1626.492578093226,1626.492578093226,1.000706674100239,0.0006048620491691632
1626.4995224425688,1626.4995224425688,0.9996615925001479,0.0006038118803555401
1626.5064667919119,1626.5064667919119,0.9997922646634795,0.0006035146611640394
1626.513411141284,1626.513411141284,0.9992986817054046,0.0006039126589092413
1626.5203554906618,1626.5203554906618,0.9997538861420499,0.0006033358849989771
1626.5272998400453,1626.5272998400453,1.0005519096114308,0.0006030571930067154
1626.5342441894522,1626.5342441894522,1.0003441324086655,0.0006030961023906653
1626.5411885388708,1626.5411885388708,0.9997058329477742,0.000602609879097464
1626.5481328883006,1626.5481328883006,1.0004501344373773,0.0006027963737267154
1626.555077237748,1626.555077237748,0.9998016849723547,0.0006026786272539979
1626.5620215872018,1626.5620215872018,1.000406717557798,0.0006025318584200067
1626.5689659366726,1626.5689659366726,0.9999472241551807,0.0006025785486202303
1626.5759102861552,1626.5759102861552,1.0011424413231782,0.0006020744935101546
1626.5828546356436,1626.5828546356436,0.9996043965373275,0.0006020813578250236
1626.5897989851435,1626.5897989851435,0.9995722354839378,0.0006020992397346227
1626.5967433346607,1626.5967433346607,0.9993885468789371,0.0006018347515509125
1626.603687684184,1626.603687684184,0.999375925520001,0.0006014294010789194
1626.610632033725,1626.610632033725,1.0006847367103893,0.0006014982140704875
1626.6175763832716,1626.6175763832716,0.9999017846977255,0.0006013463809290986
1626.6245207328298,1626.6245207328298,1.000820542624393,0.0006013384847174527
1626.6314650823938,1626.6314650823938,0.9997913178704675,0.0006010833006423731
1626.638409431975,1626.638409431975,1.0002252232447009,0.0006010164444397845
1626.6453537815626,1626.6453537815626,0.9997730868582864,0.000600577576524617
1626.6522981311614,1626.6522981311614,0.9994169696029183,0.0006004662395068245
1626.6592424807664,1626.6592424807664,1.0003331240619997,0.0006006088209289049
1626.666186830377,1626.666186830377,1.0003020618952694,0.000600272194157408
1626.6731311800108,1626.6731311800108,0.9990955976374263,0.0005998973859904818
1626.680075529645,1626.680075529645,1.0002095385365222,0.0005997128549215786
1626.687019879278,1626.687019879278,1.0003442230444368,0.0005997860865807931
1626.6939642289356,1626.6939642289356,1.0002568006746972,0.0005999201445298286
1626.700908578587,1626.700908578587,1.0000360041578014,0.0005999330797941693
1626.7078529282558,1626.7078529282558,1.0000811913627645,0.0006003655821200172
1626.7147972779303,1626.7147972779303,0.999749395928136,0.0005995464886554672
1626.7217416276226,1626.7217416276226,1.000230175231048,0.0005997192303336862
1626.728685977309,1626.728685977309,1.0005538434874635,0.0005997315242016189
1626.7356303270064,1626.7356303270064,0.9997623783354506,0.0005998188047349007
1626.7425746767044,1626.7425746767044,0.9990280866242884,0.0006004277016796214
1626.7495190264258,1626.7495190264258,1.000208838644917,0.0006005810447258367
1626.7564633761408,1626.7564633761408,1.0006492766589126,0.000599821564788557
1626.7634077258622,1626.7634077258622,1.0009103457813944,0.0006004049137420319
1626.7703520755945,1626.7703520755945,1.0003196557946366,0.0006006579789299899
1626.7772964253281,1626.7772964253281,0.9994406399766467,0.0006008200893277504
1626.7842407750722,1626.7842407750722,0.9997690016344848,0.0006009602396951258
1626.7911851248284,1626.7911851248284,0.9995344341096288,0.0006012254977061457
1626.7981294745787,1626.7981294745787,0.9999763802172424,0.0006013454537945864
1626.8050738243462,1626.8050738243462,1.0002288830191661,0.0006011563252639996
1626.8120181741142,1626.8120181741142,1.0001875063679946,0.0006012565148200219
1626.8189625238815,1626.8189625238815,0.9989822457520459,0.0006011260513201681
1626.8259068736559,1626.8259068736559,1.0000381271585286,0.0006014563309551355
1626.8328512234407,1626.8328512234407,1.0006369501240733,0.0006012797388876528
1626.839795573226,1626.839795573226,1.0004176010138774,0.0006015236911333634
1626.8467399230226,1626.8467399230226,0.9998755580586881,0.0006014756171334165
1626.8536842728138,1626.8536842728138,1.0001892507095247,0.0006010167058817441
1626.8606286226222,1626.8606286226222,0.9999474705628633,0.0006012456820100474
1626.8675729724132,1626.8675729724132,1.000164464477571,0.0006013654268276424
1626.8745173222273,1626.8745173222273,0.999543086352235,0.0006009307101763346
1626.881461672042,1626.881461672042,1.0000382612459269,0.0006011468472231951
1626.888406021856,1626.888406021856,1.00017641011843,0.0006002573397935824
1626.8953503716825,1626.8953503716825,1.000304454645229,0.0006004979724219775
1626.9022947215137,1626.9022947215137,0.9999478399734469,0.00060056834894823
1626.909239071334,1626.909239071334,0.999267966596868,0.0005996629581845729
1626.9161834211714,1626.9161834211714,0.9995627998054519,0.0005996343792393101
1626.9231277710091,1626.9231277710091,1.0006531972999668,0.0005989646843817088
1626.9300721208408,1626.9300721208408,1.0000657593232896,0.0005988874551582612
1626.937016470684,1626.937016470684,0.9995700403880843,0.0005984351203876476
1626.9439608205278,1626.9439608205278,1.0003472239911146,0.0005977608060259837
1626.950905170377,1626.950905170377,1.0003718928230114,0.0005978572662800059
1626.9578495202263,1626.9578495202263,1.0000619994332471,0.000597466639196917
1626.9647938700814,1626.9647938700814,1.0004272764826578,0.0005973859185902658
1626.9717382199303,1626.9717382199303,0.999839758208846,0.000596545473041326
1626.978682569791,1626.978682569791,0.9989525824168759,0.0005963894256155882
1626.9856269196464,1626.9856269196464,1.000987309174446,0.00059613330561947
1626.9925712695072,1626.9925712695072,0.9996982017034597,0.0005957857955639606
1626.9995156193681,1626.9995156193681,0.9997211358114251,0.0005952361738006871
1627.0064599692346,1627.0064599692346,1.0002165179513216,0.0005954488737694509
1627.0134043191076,1627.0134043191076,0.9994770889367366,0.0005954710011024572
1627.0203486689682,1627.0203486689682,0.9999170414224615,0.0005944963445019951
1627.0272930188407,1627.0272930188407,1.0003942104703787,0.0005945822952511051
1627.034237368713,1627.034237368713,1.0002194703262677,0.0005943048709517979
1627.041181718586,1627.041181718586,0.9994141327591517,0.0005939180393485943
1627.048126068458,1627.048126068458,1.0001756369680217,0.0005939910898155992
1627.0550704183306,1627.0550704183306,1.0002934438385944,0.000593649406435785
1627.0620147682089,1627.0620147682089,1.0002000996795861,0.0005933928533243699
1627.0689591180815,1627.0689591180815,0.9999238322792744,0.0005927091415889541
1627.07590346796,1627.07590346796,1.0001250062933544,0.0005934408218781831
1627.0828478178385,1627.0828478178385,0.9993052144115284,0.00059232861465739
1627.0897921677165,1627.0897921677165,1.000527647812045,0.0005930937748234819
1627.096736517595,1627.096736517595,1.0001106606851182,0.0005925085417766752
1627.1036808674733,1627.1036808674733,1.0002618475395768,0.000592368434132783
1627.1106252173574,1627.1106252173574,0.9995957773238444,0.0005921104800756072
1627.1175695672357,1627.1175695672357,0.999921467104189,0.0005921742093640505
1627.1245139171137,1627.1245139171137,0.9995312791008863,0.0005919641137162481
1627.1314582669922,1627.1314582669922,1.000146624456801,0.0005918630916149272
1627.1384026168766,1627.1384026168766,0.9995727032901067,0.0005913455756837161
1627.1453469667551,1627.1453469667551,0.9997304184686667,0.0005911688593303857
1627.1522913166332,1627.1522913166332,1.0008560540413467,0.0005916701589947154
1627.1592356665114,1627.1592356665114,1.0008371966960445,0.0005912568529564014
1627.1661800163897,1627.1661800163897,1.0005505545581461,0.0005915089038605389
1627.1731243662682,1627.1731243662682,0.9993638312438774,0.0005909419857086323
1627.180068716147,1627.180068716147,0.9999806722600322,0.0005909654691417204
1627.1870130660188,1627.1870130660188,0.9997507004080901,0.0005908035446216985
1627.1939574158969,1627.1939574158969,0.9990419621552968,0.0005905586626421014
1627.2014573137608,1627.2014573137608,0.9994506810224998,0.0005905873453426749
1627.2092349856225,1627.2092349856225,1.0007357041734577,0.0005908393769215906
1627.216179335495,1627.216179335495,1.0002521957461723,0.0005903944555558509
1627.2231236853675,1627.2231236853675,0.9999914109734958,0.0005897893213450101
1627.2300680352344,1627.2300680352344,1.0004330872147924,0.0005896058615533767
1627.2370123851067,1627.2370123851067,0.9997208998491438,0.000589382769134206
1627.2439567349795,1627.2439567349795,0.9998937711854351,0.0005890578147959547
1627.2509010848403,1627.2509010848403,1.0005981011543568,0.0005889897812108993
1627.257845434701,1627.257845434701,1.0001187580924966,0.0005886055262773306
1627.2647897845677,1627.2647897845677,0.9992045990883783,0.0005885029896130976
1627.2717341344285,1627.2717341344285,0.9994224573251606,0.0005878098579376081
1627.2786784842895,1627.2786784842895,1.0001063725869521,0.0005876405785109868
1627.2856228341502,1627.2856228341502,1.0000209486058145,0.0005871848065142339
1627.2925671840055,1627.2925671840055,1.0002343704413554,0.0005866080047193097
1627.2995115338604,1627.2995115338604,1.0004725695547472,0.0005864884822114656
1627.3064558837157,1627.3064558837157,1.000487329633388,0.0005864274825340528
1627.3134002335646,1627.3134002335646,1.0003475138193338,0.000586437528587594
1627.320344583408,1627.320344583408,1.0003644901845967,0.0005859663923499565
1627.3272889332573,1627.3272889332573,1.0000581189271187,0.0005855873064123102
1627.3342332831007,1627.3342332831007,0.9997696010063567,0.0005849301773261927
1627.3411776329438,1627.3411776329438,0.9997322819766457,0.0005850820340627832
1627.3481219827815,1627.3481219827815,0.9987140569224227,0.0005846835889372372
1627.3550663326132,1627.3550663326132,1.0011046243936697,0.0005837836123321163
1627.3620106824508,1627.3620106824508,1.000338655550026,0.0005838974150266177
1627.3689550322829,1627.3689550322829,1.001243207273466,0.0005836561572490473
1627.3758993821089,1627.3758993821089,1.0006175191764393,0.0005833387097075996
1627.3828437319346,1627.3828437319346,0.9997964715069403,0.0005830568712073005
1627.3897880817665,1627.3897880817665,1.0000932036587926,0.0005829147720106588
1627.3967324315809,1627.3967324315809,0.9998491524207456,0.000582219650073118
1627.4036767813946,1627.4036767813946,1.0001522559023819,0.0005823864219590316
1627.4106211312092,1627.4106211312092,0.9994422823509994,0.0005815668950324508
1627.4175654810238,1627.4175654810238,0.9996621788746612,0.0005813794525448399
1627.424509830838,1627.424509830838,0.9999646268124973,0.0005813822381087396
1627.4314541806289,1627.4314541806289,1.0002298449000286,0.0005811930514327162
1627.438398530437,1627.438398530437,1.0001028428219452,0.0005807683996738851
1627.445342880234,1627.445342880234,1.0000353389836536,0.0005812682839331856
1627.4522872300313,1627.4522872300313,1.0005775663215206,0.000581203012292267
1627.4592315798222,1627.4592315798222,0.9998015126860074,0.0005808840124492663
1627.4661759296073,1627.4661759296073,0.9999246523400755,0.0005807294645724032
1627.4731202793923,1627.4731202793923,0.9994373322411672,0.0005801814392213203
1627.480064629172,1627.480064629172,0.9999039136901688,0.0005806763846299787
1627.4870089789513,1627.4870089789513,1.0001716011049442,0.0005808854172228612
1627.4939533287304,1627.4939533287304,1.0006202847941386,0.00058029438935741
1627.5008976784923,1627.5008976784923,0.9995463697300668,0.000580747064046935
1627.50784202826,1627.50784202826,0.9996837236627641,0.0005800992404312909
1627.5147863780276,1627.5147863780276,1.0006364739053033,0.0005802704925629467
1627.5217307277837,1627.5217307277837,1.0005564585584292,0.0005803767769486445
1627.5286750775397,1627.5286750775397,0.9991143411772045,0.0005795354665173955
1627.5356194272902,1627.5356194272902,0.9998331797095086,0.0005804934943045757
1627.5425637770345,1627.5425637770345,0.99983488924534,0.0005803878873911185
1627.5495081267734,1627.5495081267734,1.0001127585164773,0.0005803393465695833
1627.5564524765177,1627.5564524765177,1.000729081687112,0.000580167764045425
1627.5633968262564,1627.5633968262564,1.0003000343909556,0.0005801248222877734
1627.5703411759837,1627.5703411759837,0.9998644814777016,0.0005808661619919967
1627.57728552571,1627.57728552571,1.0003742954313222,0.000580785994407654
1627.5842298754314,1627.5842298754314,0.999797278171109,0.000580056040742852
1627.5911742251467,1627.5911742251467,0.9990211412401818,0.0005800481174068649
1627.5981185748624,1627.5981185748624,1.000393463980499,0.0005809468150719658
1627.6050629245658,1627.6050629245658,0.999636691523713,0.0005807000092802972
1627.6120072742694,1627.6120072742694,0.999847442973517,0.0005806408997124348
1627.6189516239733,1627.6189516239733,1.0003149036801895,0.0005804669797581799
1627.6258959736651,1627.6258959736651,1.0003566798389776,0.0005807528052387085
1627.6328403233515,1627.6328403233515,0.9992031083170453,0.0005801818643249607
1627.6397846730433,1627.6397846730433,0.9999257137093854,0.0005807337351326343
1627.6467290227122,1627.6467290227122,1.000310284021987,0.0005804146515159589
1627.6536733724101,1627.6536733724101,0.9998882641488894,0.0005803179070319176
1627.6606177220788,1627.6606177220788,1.0001214596163766,0.0005805340297055999
1627.6675620717479,1627.6675620717479,1.0004485280883288,0.0005806660848670351
1627.6745064213872,1627.6745064213872,0.9999344321771426,0.000580588715684444
1627.6814507710565,1627.6814507710565,1.0007228461161952,0.0005806759527780012
1627.6883951207017,1627.6883951207017,1.0005562264489918,0.0005806717114582728
1627.6953394703528,1627.6953394703528,0.9994244793090028,0.000580358349012997
1627.7022838199925,1627.7022838199925,0.9991488947923646,0.0005804301507068067
1627.7092281696264,1627.7092281696264,0.9995766463745361,0.0005808664765182966
1627.7161725192605,1627.7161725192605,1.000219327918751,0.0005807264888824039
1627.7231168688822,1627.7231168688822,1.000316109112408,0.0005805510890599792
1627.7300612185045,1627.7300612185045,1.000093073360087,0.0005807549679024677
1627.7370055681208,1627.7370055681208,0.9994456392948171,0.0005810690877651629
1627.7439499177317,1627.7439499177317,1.0002835472524252,0.0005811338028628426
1627.7508942673421,1627.7508942673421,1.000140884192898,0.0005808937528019914
1627.757838616941,1627.757838616941,0.9997168193815341,0.0005814732553924233
1627.7647829665343,1627.7647829665343,1.000100397473663,0.0005812674555421792
1627.7717273161215,1627.7717273161215,1.0001027506731,0.0005812787522049697
1627.7786716657033,1627.7786716657033,1.0000307355409084,0.0005813692894151858
1627.7856160152846,1627.7856160152846,0.9998410585926466,0.0005810639397487188
1627.7925603648546,1627.7925603648546,1.0004938963013472,0.0005816079672188373
1627.799504714424,1627.799504714424,0.9997703914189625,0.0005814134420034302
1627.8064490639822,1627.8064490639822,1.0007690407320666,0.0005815868633953728
1627.8133934135403,1627.8133934135403,0.9999360479941579,0.0005821628107106002
1627.8203377630925,1627.8203377630925,0.9990529865638594,0.0005815344941716594
1627.8272821126334,1627.8272821126334,1.0004683529023561,0.0005825560856068578
1627.8342264621685,1627.8342264621685,0.9987841465245252,0.0005818350204948903
1627.8411708116914,1627.8411708116914,1.000143419714454,0.0005820189723434612
1627.8481151612436,1627.8481151612436,0.9995068646070242,0.0005823929519343123
1627.8550595107438,1627.8550595107438,0.9997711276276974,0.0005822706660152423
1627.8620038602614,1627.8620038602614,1.0006634858792622,0.0005826737049529826
1627.8689482097786,1627.8689482097786,0.9995157110147262,0.0005823373467810473
1627.8758925592783,1627.8758925592783,0.9999492347674984,0.00058203313699696
1627.8828369087728,1627.8828369087728,1.00038304174306,0.000582588464859741
1627.8897812582668,1627.8897812582668,0.9994685077113497,0.0005820613701114416
1627.8967256077492,1627.8967256077492,1.0000177130991494,0.0005825871278004363
1627.9036699572375,1627.9036699572375,0.9999388560651935,0.0005820475921736449
1627.910614306703,1627.910614306703,1.0000600043713477,0.0005824695604116705
1627.917558656174,1627.917558656174,1.00035610316329,0.0005820453152955318
1627.9245030056272,1627.9245030056272,0.9999555676261356,0.000582006605992865
1627.9314473550924,1627.9314473550924,1.0004791635565389,0.0005827312261776823
1627.938391704534,1627.938391704534,0.999893249424284,0.0005822862622727043
1627.9453360539815,1627.9453360539815,0.9983123833908525,0.0005819494685622589
1627.9522804034118,1627.9522804034118,1.0006900303408224,0.0005821724807588998
1627.9592247528415,1627.9592247528415,0.9998582713408048,0.0005815263752644249
1627.9661691022657,1627.9661691022657,0.9998555367362606,0.0005818575744625943
1627.9731134516844,1627.9731134516844,0.9993880200436667,0.000581135534893331
1627.9800578010972,1627.9800578010972,0.9997276597612084,0.000580918140055946
1627.9870021504978,1627.9870021504978,1.000448960761408,0.0005814760875894274
1627.993946499893,1627.993946499893,1.0002875863609397,0.0005812307459962294
1628.0008908492941,1628.0008908492941,1.0001057177071486,0.0005804521896040853
1628.0078351986779,1628.0078351986779,0.9996643075338396,0.0005806946176417936
1628.0147795480557,1628.0147795480557,1.0002628479023035,0.0005804139676099536
1628.021723897433,1628.021723897433,0.9997548479537868,0.0005804156150386446
1628.0286682467818,1628.0286682467818,1.0011586258970782,0.0005806283305644385
1628.0356125961478,1628.0356125961478,0.9996503367016244,0.0005803543784619317
1628.0425569454962,1628.0425569454962,0.999156096568534,0.0005798822706114397
1628.049501294845,1628.049501294845,1.0003226960556781,0.000579932224735202
1628.0564456441878,1628.0564456441878,0.9999244760676282,0.0005797856665218629
1628.0633899935133,1628.0633899935133,0.999609528765875,0.000580316060880272
1628.0703343428386,1628.0703343428386,0.9995225111065196,0.0005798161245747291
1628.0772786921577,1628.0772786921577,1.0002593019282193,0.0005798774100947607
1628.0842230414776,1628.0842230414776,1.0004593203736034,0.0005798739396768553
1628.09116739078,1628.09116739078,0.9998941620335724,0.000579666082230124
1628.0981117400702,1628.0981117400702,1.000158721931531,0.0005794199709812648
1628.110056020848,1628.110056020848,1.0001951587410771,0.0005792942540088932
1628.1272780070547,1628.1272780070547,0.9989192093878636,0.0005785097585848422
1628.1431111233564,1628.1431111233564,1.0002896068123857,0.0005789184199035092
1628.155610951998,1628.155610951998,0.9993981895588397,0.0005790385981909494
1628.163388623138,1628.163388623138,0.9995223145441594,0.0005779312255526885
1628.1742218079287,1628.1742218079287,1.0002538310978895,0.0005778807165265744
1628.1858883146094,1628.1858883146094,1.0005068810695599,0.0005781206228552101
1628.1967214993595,1628.1967214993595,0.9998625424178667,0.0005778340174274798
1628.2042213964835,1628.2042213964835,1.000558092036736,0.0005780927839448284
1628.2133879374062,1628.2133879374062,1.0000662802483116,0.0005776619645363218
1628.221165608482,1628.221165608482,1.0006618086464305,0.0005779871416764733
1628.230054375412,1628.230054375412,0.9997321015926174,0.000577583291687152
1628.2369987245686,1628.2369987245686,0.9994410079041872,0.0005772007624173564
1628.2439430737247,1628.2439430737247,1.000533976751335,0.0005774951036292696
1628.2508874228697,1628.2508874228697,1.0004762284620554,0.0005768334605278038
1628.257831772003,1628.257831772003,0.999638534388073,0.0005767556015192767
1628.2647761211306,1628.2647761211306,0.9991023947297919,0.0005767605546229727
1628.2717204702521,1628.2717204702521,0.9995634558174761,0.0005762024708103474
1628.2789425933313,1628.2789425933313,0.9996484472806412,0.0005763686293541933
1628.2881091341433,1628.2881091341433,1.0009745700174169,0.0005755205531668625
1628.2994978666627,1628.2994978666627,0.9996757554730191,0.0005753120970021589
1628.3092199553842,1628.3092199553842,1.000618538638713,0.0005753369424318666
1628.3172754002953,1628.3172754002953,1.0004598943716474,0.000575182598054731
1628.324497523328,1628.324497523328,1.0007170431304142,0.0005743772067496765
1628.3314418723862,1628.3314418723862,0.9990497526286057,0.0005742945978774612
1628.3383862214316,1628.3383862214316,1.0001119915922154,0.0005747098474151032
1628.3453305704775,1628.3453305704775,0.9995881852221847,0.0005743067149131866
1628.3536637893178,1628.3536637893178,0.9997125840137393,0.0005739937557024731
1628.3606081383405,1628.3606081383405,1.0008315444136653,0.0005742239676897256
1628.3678302613148,1628.3678302613148,1.000280687173948,0.0005737803350710241
1628.375885706168,1628.375885706168,0.9994567458673836,0.000573768672273938
1628.3853300208095,1628.3853300208095,1.0001017707040072,0.0005728330612057699
1628.3953298833485,1628.3953298833485,1.000953207488265,0.0005727770176988278
1628.402274232331,1628.402274232331,0.9999177974341841,0.0005724893539666702
1628.4092185813008,1628.4092185813008,0.9996955616820239,0.0005724182832839008
1628.417551800059,1628.417551800059,0.9995455198771086,0.0005717435502539791
1628.4244961490062,1628.4244961490062,0.9992414418701909,0.0005722685048823411
1628.431440497971,1628.431440497971,1.0007982535357762,0.0005719217265388318
1628.4383848469001,1628.4383848469001,0.9999384543032963,0.000571822472988096
1628.4458847437388,1628.4458847437388,1.0003718670210904,0.0005718754782686119
1628.453662414536,1628.453662414536,1.0004589994333979,0.0005711725827175221
1628.4617178592785,1628.4617178592785,0.999708941484904,0.0005709541634468968
1628.4692177560942,1628.4692177560942,0.9998926374294065,0.0005711765803486753
1628.4772732008137,1628.4772732008137,0.9996513057794871,0.0005710076767773684
1628.4847730976114,1628.4847730976114,1.0001147963001904,0.0005714814032620793
1628.492550768356,1628.492550768356,0.9996474579523639,0.0005708322057289265
1628.499772891179,1628.499772891179,1.0004936404596059,0.0005714762098061488
1628.5106060753992,1628.5106060753992,0.9999563115588902,0.0005705691953502568
1628.518939294018,1628.518939294018,0.9999320066995718,0.0005706388062258471
1628.5275502865825,1628.5275502865825,0.9993436037773193,0.0005706441513805722
1628.5356057312208,1628.5356057312208,1.0007231498075253,0.0005707424674637822
1628.5425500800395,1628.5425500800395,1.0003295629974376,0.0005704252626194599
1628.5497722028103,1628.5497722028103,1.000333930887895,0.0005703323611570615
1628.5578276474191,1628.5578276474191,0.9996639428283295,0.0005710988929780215
1628.5647719962146,1628.5647719962146,0.9995622924373121,0.0005709291911175999
1628.5717163450104,1628.5717163450104,1.0000230621739659,0.0005714061239542442
1628.5786606937768,1628.5786606937768,0.9999319306249257,0.00057110386654334
1628.5856050425493,1628.5856050425493,0.9997057863129527,0.0005709434642540338
1628.5925493913157,1628.5925493913157,1.0002705716434666,0.0005709735259798766
1628.6006048358663,1628.6006048358663,1.0004714292672658,0.0005714905777309177
1628.6094936022607,1628.6094936022607,1.000546624073029,0.0005720790890887115
1628.6175490467936,1628.6175490467936,0.9994855977453128,0.0005717296703015466
1628.6253267173634,1628.6253267173634,0.9999028219127751,0.000572158200953576
1628.6328266139813,1628.6328266139813,0.999098413012501,0.0005716410740390504
1628.6397709626833,1628.6397709626833,1.0001604357909106,0.0005718906467979344
1628.6467153113801,1628.6467153113801,0.9999477909676461,0.0005719102681623308
1628.6536596600772,1628.6536596600772,0.9997699443726914,0.0005717492959815777
1628.6606040087622,1628.6606040087622,1.0007447965828602,0.0005722497988572176
1628.66754835743,1628.66754835743,1.00049080463592,0.0005717367513227887
1628.6744927061086,1628.6744927061086,1.0001282597124193,0.0005719972165355508
1628.681437054759,1628.681437054759,1.0004215820705749,0.0005723456309270878
1628.688381403409,1628.688381403409,0.9992818344362014,0.0005724602441578997
1628.6953257520533,1628.6953257520533,0.9994765923473977,0.0005720727196812158
1628.7022701006804,1628.7022701006804,1.0001177255078566,0.0005727425419512188
1628.7092144493072,1628.7092144493072,1.0006966038978253,0.0005724937189303557
1628.7183809894786,1628.7183809894786,0.9991104422383362,0.0005723289171966126
1628.725880885974,1628.725880885974,0.9996872014202479,0.0005723163557163731
1628.732825234572,1628.732825234572,1.0002113890980853,0.0005728304975877425
1628.7397695831635,1628.7397695831635,1.0004898743816582,0.0005727183465954152
1628.7467139317437,1628.7467139317437,1.000050593593856,0.0005724492778337131
1628.7536582803127,1628.7536582803127,1.0002166344491272,0.000573219161351547
1628.7606026288754,1628.7606026288754,0.9996551314565292,0.0005732872191158955
1628.767546977427,1628.767546977427,0.9996937032252825,0.0005730212225998067
1628.7744913259776,1628.7744913259776,1.000849286655011,0.0005732190936350796
1628.7814356745116,1628.7814356745116,0.999392571693139,0.0005734166022575356
1628.7894911188,1628.7894911188,0.9997580161303666,0.0005733116721332812
1628.798102110975,1628.798102110975,0.9994661973436871,0.000573099076985842
1628.8050464594794,1628.8050464594794,1.0011065254506195,0.000573792330793622
1628.8125463558645,1628.8125463558645,0.9997318184920669,0.000573245770290499
1628.8203240261664,1628.8203240261664,1.0003537707913615,0.000574408953611454
1628.8272683746534,1628.8272683746534,0.9997165618648929,0.0005739436203026167
1628.8369904625076,1628.8369904625076,1.0000867331442045,0.0005744384334871137
1628.843934810977,1628.843934810977,0.9998961914589655,0.000574784117750305
1628.8508791594234,1628.8508791594234,1.0000585266321498,0.0005748246620380741
1628.8578235078758,1628.8578235078758,0.9991977812541796,0.0005748231349071209
1628.8647678563048,1628.8647678563048,1.0000986623736083,0.0005750910241293341
1628.8717122047394,1628.8717122047394,1.000776718689647,0.0005750138301811992
1628.8786565531507,1628.8786565531507,1.0000845379946859,0.0005749726317770537
1628.8856009015624,1628.8856009015624,1.0005283450834612,0.0005751251179222599
1628.8931007978367,1628.8931007978367,0.999572658088255,0.0005750485422398995
1628.9050450770724,1628.9050450770724,0.9998902939014371,0.0005753650538483221
1628.9119894254432,1628.9119894254432,0.9998941386663003,0.000575154606887213
1628.919767095623,1628.919767095623,0.9993020143727396,0.0005751876740158086
1628.9272669918505,1628.9272669918505,1.000441251754327,0.0005755845244531054
1628.9342113401979,1628.9342113401979,1.000037423227254,0.0005753068945662527
1628.9411556885395,1628.9411556885395,0.9997225361355848,0.0005752876850581886
1628.9481000368696,1628.9481000368696,1.0004991312609075,0.0005752850064668886
1628.9550443851936,1628.9550443851936,0.9999118723595503,0.0005752854290738338
1628.9622665074407,1628.9622665074407,0.9997264395665123,0.0005747655876475829
1628.9703219514786,1628.9703219514786,1.0002868788536294,0.0005752400145340215
1628.9772662997677,1628.9772662997677,1.0001467412060547,0.000575522636214895
1628.9842106480571,1628.9842106480571,1.0001969461925597,0.0005747464575126621
1628.991988318132,1628.991988318132,0.999887428716456,0.0005748340494496843
1628.9994882142605,1628.9994882142605,0.9992349974391305,0.0005743089531847115
1629.006432562521,1629.006432562521,0.9992199747077539,0.000574097577108534
1629.0133769107695,1629.0133769107695,0.9991444684094084,0.0005741036656392335
1629.020321259018,1629.020321259018,1.0010787182626004,0.0005743705220373871
1629.0272656072486,1629.0272656072486,1.0005749558520365,0.0005739127202120379
1629.0342099554741,1629.0342099554741,1.000222427633796,0.0005737497980162785
1629.0411543036876,1629.0411543036876,1.0003241550329942,0.0005739715239704375
1629.048098651901,1629.048098651901,0.9995867289311938,0.0005736111617688448
1629.0550430000856,1629.0550430000856,1.000210917502163,0.0005734845836419725
1629.0619873482817,1629.0619873482817,0.9997535781072914,0.0005728771910053005
1629.0689316964604,1629.0689316964604,0.9989308763157589,0.0005730028093758057
1629.0758760446274,1629.0758760446274,0.9995355502201543,0.0005728948318131868
1629.0828203927942,1629.0828203927942,1.0009882250567146,0.000573296543263752
1629.0897647409497,1629.0897647409497,0.9997430986994781,0.000572537397787898
1629.0967090890992,1629.0967090890992,1.0005464457585933,0.0005728608551364615
1629.103653437231,1629.103653437231,1.00002623497725,0.0005723780646608405
1629.1105977853572,1629.1105977853572,1.0005684857487291,0.0005725596509480077
1629.1175421334722,1629.1175421334722,0.9997605176891916,0.0005719864915296835
1629.1244864815867,1629.1244864815867,0.9999335688695904,0.0005724334590177701
1629.131430829684,1629.131430829684,0.9999477821724202,0.0005724243303221151
1629.1383751777753,1629.1383751777753,0.9993956740174518,0.000572234004191926
1629.1453195258666,1629.1453195258666,1.000152218219705,0.0005725279410522875
1629.1522638739402,1629.1522638739402,1.000289279464757,0.0005718655873978853
1629.159208222008,1629.159208222008,0.9997627415408988,0.0005721413886388359
1629.166152570047,1629.166152570047,1.0001695193905775,0.0005717967589465871
1629.1730969181033,1629.1730969181033,1.0001493930362124,0.00057204766808535
1629.180041266142,1629.180041266142,0.9993649290746497,0.0005716950684414826
1629.1869856141695,1629.1869856141695,0.9996126751282116,0.0005722426544723469
1629.195318831793,1629.195318831793,1.000915552411095,0.0005724885754840244
1629.2022631798031,1629.2022631798031,1.0003272995895656,0.0005716666489517149
1629.2092075278008,1629.2092075278008,1.0001102223673943,0.0005716974186438706
1629.2161518757935,1629.2161518757935,0.9993845741620753,0.0005716473260959376
1629.223096223774,1629.223096223774,1.0007126427035935,0.0005718227946513765
1629.230040571749,1629.230040571749,0.9995419154922971,0.0005720391327446357
1629.2369849197123,1629.2369849197123,0.9998566942497735,0.0005721685998193273
1629.2439292676697,1629.2439292676697,0.9995370648417581,0.0005721832611963868
1629.2508736156099,1629.2508736156099,1.0005651915483285,0.0005721491908212922
1629.2578179635552,1629.2578179635552,1.0001752411654268,0.0005725271137720264
1629.2647623114779,1629.2647623114779,0.9996702188981578,0.0005724885650176675
1629.2717066594005,1629.2717066594005,0.9999750137448725,0.0005727248960468271
1629.2786510073056,1629.2786510073056,0.9997496198405116,0.0005723833515228524
1629.2855953552105,1629.2855953552105,1.0000962161884859,0.0005720397265362917
1629.2925397030979,1629.2925397030979,0.9999262707129312,0.000572574484327846
1629.2994840509855,1629.2994840509855,1.0006499227923635,0.0005723733969937117
1629.3064283988556,1629.3064283988556,1.0009737377585095,0.0005723829568460745
1629.3133727467198,1629.3133727467198,0.9992161453217676,0.0005728358640250093
1629.3203170945726,1629.3203170945726,1.0004308028828843,0.0005725554140093136
1629.3272614424252,1629.3272614424252,0.9997870018179269,0.0005724210263073665
1629.3342057902544,1629.3342057902544,0.9998283775386468,0.0005722920825147912
1629.3411501380895,1629.3411501380895,1.0003769399395677,0.0005729987439142526
1629.3480944859016,1629.3480944859016,0.9995093807884349,0.0005725475538556605
1629.3550388337137,1629.3550388337137,0.9999828555688268,0.0005726411031946523
1629.36198318152,1629.36198318152,1.0001223784213464,0.0005725699477976564
1629.3689275292968,1629.3689275292968,0.9995551456503,0.0005726220423190052
1629.3758718771028,1629.3758718771028,1.000892432420288,0.0005718116588365516
1629.3828162248567,1629.3828162248567,1.0001311773594295,0.0005717061053747147
1629.3897605726277,1629.3897605726277,1.0000011839410277,0.0005719419852753384
1629.3967049203816,1629.3967049203816,0.9998717287729152,0.0005720286440899661
1629.4036492681294,1629.4036492681294,0.9999482055032575,0.000571689097550733
1629.4105936158596,1629.4105936158596,0.9998903940491355,0.0005715889155678609
1629.4175379635897,1629.4175379635897,0.9994955664396876,0.0005721435829339338
1629.4244823113088,1629.4244823113088,1.0000390838825965,0.0005715847590834502
1629.4314266590216,1629.4314266590216,0.9997616767077646,0.0005711147501845753
1629.4383710067173,1629.4383710067173,1.0007243302091715,0.0005718523629272456
1629.4453153544068,1629.4453153544068,1.0001558770948324,0.0005713165048311493
1629.4522597020848,1629.4522597020848,0.9996058127695063,0.0005714703566682948
1629.459204049763,1629.459204049763,0.9993959480976488,0.0005710709127494807
1629.4661483974176,1629.4661483974176,1.0002822228695085,0.0005713141704513943
1629.4730927450785,1629.4730927450785,1.0005516174172446,0.0005709616994425275
1629.4800370927098,1629.4800370927098,0.9998159261494447,0.0005709138249122029
1629.4869814403412,1629.4869814403412,0.9993948179140979,0.0005709640224938614
1629.4939257879726,1629.4939257879726,0.9999083916457691,0.0005707818891250194
1629.5008701355923,1629.5008701355923,1.0004156069161803,0.0005711877882490712
1629.5078144832005,1629.5078144832005,0.9992780666773541,0.0005705299634571304
1629.514758830797,1629.514758830797,1.0006604260660215,0.0005710410846133997
1629.5217031783818,1629.5217031783818,0.9995531357859224,0.0005705573142664005
1629.5289252998662,1629.5289252998662,0.9998336026243212,0.0005712830207834788
1629.5369807430488,1629.5369807430488,1.0004171300813538,0.0005713517965854965
1629.5439250906045,1629.5439250906045,0.9996594183827122,0.0005708544794361009
1629.5508694381547,1629.5508694381547,1.0003543289580499,0.0005718554612704949
1629.557813785699,1629.557813785699,1.0003836676856506,0.0005714238779413502
1629.565869228823,1629.565869228823,0.9996968344106282,0.0005718999086982657
1629.5730913502437,1629.5730913502437,1.0005005547882944,0.0005719139646599074
1629.5800356977588,1629.5800356977588,0.9997250380967426,0.0005725253792562096
1629.5869800452506,1629.5869800452506,0.9995190464469627,0.000572203595329307
1629.5939243927594,1629.5939243927594,0.9994970813258229,0.0005723125633471348
1629.6008687402225,1629.6008687402225,1.0003540114509726,0.0005728369479380856
1629.6086464094008,1629.6086464094008,1.000028908198232,0.00057328275920814
1629.6161463046562,1629.6161463046562,0.9994463760863678,0.0005728418189370312
1629.6230906521073,1629.6230906521073,1.000565690757323,0.0005735071453783009
1629.6300349995524,1629.6300349995524,1.0003102075582662,0.0005737088014653271
1629.63697934698,1629.63697934698,0.9999027554930999,0.0005739034654231683
1629.643923694402,1629.643923694402,1.000006530121506,0.0005745887002073705
1629.6508680418183,1629.6508680418183,1.0004258691721108,0.0005744911557206006
1629.6578123892227,1629.6578123892227,0.9995441630675199,0.0005742485934342979
1629.6647567366213,1629.6647567366213,0.9996398154728986,0.0005741447484945113
1629.6717010840025,1629.6717010840025,1.0005705333147115,0.0005743525617520364
1629.6786454313776,1629.6786454313776,1.000061507982813,0.0005745600409930363
1629.6855897787475,1629.6855897787475,0.9997609156463263,0.0005747760253863957
1629.6925341260992,1629.6925341260992,0.9998132861883956,0.0005744503351943192
1629.6994784734397,1629.6994784734397,0.9999337833685198,0.0005751489159936556
1629.70642282078,1629.70642282078,1.0007768376396466,0.0005749666485172931
1629.7133671681206,1629.7133671681206,0.9992015376751219,0.0005749823516960062
1629.720311515432,1629.720311515432,0.9997652243106048,0.0005753919017948417
1629.727255862749,1629.727255862749,1.0004050732659138,0.0005756049332981793
1629.7342002100431,1629.7342002100431,1.000737842428237,0.0005760596588551955
1629.7411445573366,1629.7411445573366,0.9990036622428773,0.0005754165479842789
1629.748088904619,1629.748088904619,0.9991444201314496,0.0005756930559987127
1629.7550332518954,1629.7550332518954,1.000987340938467,0.0005759473728662702
1629.7619775991484,1629.7619775991484,1.0002540277860794,0.0005755766937607661
1629.7689219464073,1629.7689219464073,1.0002987079473982,0.0005760637782321013
1629.775866293649,1629.775866293649,0.9997693214303867,0.0005765505756674539
1629.7828106408786,1629.7828106408786,1.0004205645548765,0.0005769360086291988
1629.7897549881027,1629.7897549881027,1.0004941998687984,0.000577441731645239
1629.7966993353207,1629.7966993353207,0.9995063631894079,0.0005763807814116522
1629.8036436825273,1629.8036436825273,1.0000629803504055,0.0005772415031344043
1629.810588029722,1629.810588029722,1.0002502842415508,0.0005770775165974471
1629.8175323769055,1629.8175323769055,1.0000744154547299,0.0005775532795661182
1629.8244767240826,1629.8244767240826,0.9996635210124285,0.000577597819028954
1629.831421071243,1629.831421071243,0.9999395301569827,0.0005782076642574444
1629.8383654184026,1629.8383654184026,1.0001857872527584,0.0005788676943705928
1629.845309765551,1629.845309765551,0.9999261393155006,0.0005785094176925909
1629.852254112688,1629.852254112688,1.0001195176207094,0.0005788596764335699
1629.8591984598183,1629.8591984598183,0.9993346322466495,0.0005788557110412112
1629.866142806938,1629.866142806938,0.9995008224188865,0.0005790023143958603
1629.8730871540452,1629.8730871540452,1.000719787042879,0.0005791441501980921
1629.8800315011415,1629.8800315011415,1.0004013970004184,0.0005798369270560543
1629.8869758482315,1629.8869758482315,1.0007572596056538,0.000580218659708735
1629.89392019531,1629.89392019531,0.9994355459203514,0.0005802413537268794
1629.9008645423826,1629.9008645423826,0.9996279630898384,0.0005800412291535642
1629.9078088894323,1629.9078088894323,1.0002081220396504,0.0005799525095781503
1629.9147532364814,1629.9147532364814,0.9998426474562118,0.0005797242729269415
1629.9216975835309,1629.9216975835309,1.0001566595018365,0.0005802197650407249
1629.9286419305686,1629.9286419305686,0.9994213690764207,0.0005803587141396347
1629.9355862775888,1629.9355862775888,1.0003103922060599,0.0005810063414626212
1629.9425306246028,1629.9425306246028,0.9999908871940217,0.0005801007673776269
1629.9494749716002,1629.9494749716002,1.0002525633740351,0.0005806734864575158
1629.9564193185968,1629.9564193185968,1.0003910343548088,0.0005805913386336254
1629.9633636655883,1629.9633636655883,0.9995053372240328,0.0005804220129972547
1629.970308012556,1629.970308012556,1.0000708643079927,0.0005806752792822656
1629.9772523595182,1629.9772523595182,1.0003982849705175,0.000580586761402175
1629.9841967064688,1629.9841967064688,1.0001766518150876,0.0005805653806246712
1629.9911410534191,1629.9911410534191,1.0001276076220826,0.0005809728986924508
1629.998085400352,1629.998085400352,0.9998436432334927,0.0005801104393104134
1630.005029747279,1630.005029747279,0.9999998012150068,0.000579991080511364
1630.011974094183,1630.011974094183,0.9998751795808467,0.0005796203580900501
1630.0189184410867,1630.0189184410867,1.0004755843784983,0.0005795184728603697
1630.0258627879907,1630.0258627879907,0.999433509102267,0.0005795131832210483
1630.032807134883,1630.032807134883,1.0001844661970043,0.0005797646882514428
1630.0397514817575,1630.0397514817575,1.0003198805668132,0.000578720696147979
1630.0466958286265,1630.0466958286265,1.0004295479116756,0.0005788186064331279
1630.0536401754782,1630.0536401754782,0.9998772227663139,0.0005784444008568678
1630.0605845223295,1630.0605845223295,0.999688263614218,0.0005778554230734462
1630.0675288691575,1630.0675288691575,1.0006038885710224,0.000577785416640716
1630.0744732159915,1630.0744732159915,1.0003738430683196,0.0005777711793754824
1630.0814175628082,1630.0814175628082,1.000158370169315,0.0005771082465184417
1630.0883619096185,1630.0883619096185,0.999939880555696,0.0005777118023035265
1630.095306256412,1630.095306256412,0.999288659190318,0.0005773105008841599
1630.1022506032054,1630.1022506032054,1.0001343800074338,0.0005776825052611569
1630.109194949987,1630.109194949987,1.000512240032882,0.0005768913554659912
1630.116139296751,1630.116139296751,1.0000250263156043,0.0005768444477092802
1630.1230836435093,1630.1230836435093,0.9996412651753299,0.00057631489178936
1630.1300279902616,1630.1300279902616,0.9991738484495872,0.0005764931211499767
1630.1369723369967,1630.1369723369967,0.9997412481888885,0.0005764904962873621
1630.1439166837258,1630.1439166837258,1.0005426442480538,0.0005768244281449034
1630.1508610304438,1630.1508610304438,0.9999606664357197,0.0005762932909650872
1630.1578053771557,1630.1578053771557,1.0003695188680317,0.0005767294166054738
1630.1647497238555,1630.1647497238555,1.000164211520327,0.0005768196443222805
1630.1716940705498,1630.1716940705498,0.9999631670262646,0.0005764393042973895
1630.178638417227,1630.178638417227,1.000483338659616,0.00057629875642608
1630.185582763898,1630.185582763898,0.9997720761770796,0.0005762290180879125
1630.192527110557,1630.192527110557,0.9994450099490564,0.0005757872052535311
1630.199471457205,1630.199471457205,0.9992886159584058,0.0005758370520452361
1630.2064158038525,1630.2064158038525,0.9999511161565966,0.0005763168209500763
1630.213360150477,1630.213360150477,1.000180431101224,0.0005760522964185427
1630.2203044971072,1630.2203044971072,1.0000191173055129,0.0005760103944220214
1630.2272488437202,1630.2272488437202,1.0003653637585614,0.0005766763340072587
1630.2341931903043,1630.2341931903043,0.9999692978999425,0.000576080808413796
1630.241137536905,1630.241137536905,0.9999692811446437,0.0005758555834748495
1630.2480818834824,1630.2480818834824,0.9999839681866757,0.0005761584898826466
1630.255026230055,1630.255026230055,0.9995168611067793,0.0005764306863918734
1630.261970576615,1630.261970576615,1.0003496447711444,0.0005761014575963992
1630.2689149231699,1630.2689149231699,1.0002716433885221,0.0005765082046046441
1630.2758592697128,1630.2758592697128,0.9997552858597457,0.0005763613102287926
1630.2828036162387,1630.2828036162387,1.0007729826532052,0.0005761871719056598
1630.289747962758,1630.289747962758,1.0001548476021793,0.0005761021125726399
1630.2966923092777,1630.2966923092777,0.9998719045321215,0.0005760891255191308
1630.3036366557742,1630.3036366557742,0.9989205850235802,0.0005765154469821926
1630.3105810022646,1630.3105810022646,1.00059393244073,0.0005752696768155512
1630.3175253487552,1630.3175253487552,0.9992684302100947,0.0005754969539185394
1630.3244696952222,1630.3244696952222,1.001512476356242,0.0005752025915072244
1630.3314140416899,1630.3314140416899,0.999758195210873,0.000574778150411816
1630.338358388128,1630.338358388128,0.9998741570534257,0.0005744526245632495
1630.345302734572,1630.345302734572,1.0000364635703192,0.0005741059820632073
1630.3522470810044,1630.3522470810044,0.9998628464511061,0.0005739802703778194
1630.3591914274252,1630.3591914274252,0.999658335537827,0.0005735571972221126
1630.3661357738397,1630.3661357738397,1.000382232559316,0.0005732046436386771
1630.3730801202373,1630.3730801202373,1.0001310549543851,0.0005730227999149625
1630.380024466635,1630.380024466635,0.999879310614147,0.0005729080631180837
1630.386968813009,1630.386968813009,0.99999422822732,0.0005724655065437083
1630.393913159383,1630.393913159383,1.0002134155442721,0.0005721200050387033
1630.4008575057458,1630.4008575057458,0.999556046808807,0.000572050926615202
1630.4078018520966,1630.4078018520966,0.9990208450959406,0.0005718109050961084
1630.4147461984414,1630.4147461984414,1.0002173120961797,0.000571502575986924
1630.4216905447747,1630.4216905447747,0.9995990137121378,0.0005706300484034368
1630.4286348910966,1630.4286348910966,0.9995964015889391,0.0005710437667097483
1630.435579237401,1630.435579237401,1.0002521815948213,0.0005708199584076954
1630.4425235837052,1630.4425235837052,1.001123535614585,0.0005705180204696552
1630.4494679299921,1630.4494679299921,0.9996883462001834,0.0005703604150086621
1630.456412276279,1630.456412276279,0.9995758860033466,0.000569399046348728
1630.463356622548,1630.463356622548,1.0007592441936461,0.0005699012982560141
1630.4703009687998,1630.4703009687998,0.9997750543049498,0.00056934031844103
1630.4772453150522,1630.4772453150522,0.9999101476972122,0.0005696068144293793
1630.4841896612984,1630.4841896612984,1.0001034160188396,0.0005696840496688226
1630.4911340075266,1630.4911340075266,0.9994809165804484,0.0005694355326475445
1630.4980783537496,1630.4980783537496,1.0002903520904312,0.0005692319348686115
1630.5050226999608,1630.5050226999608,0.9994092665535218,0.0005691001864205584
1630.5119670461604,1630.5119670461604,1.000488772220977,0.0005697663250120794
1630.518911392348,1630.518911392348,0.9997853582682174,0.0005697973852605214
1630.5258557385246,1630.5258557385246,1.0002465233176416,0.0005693629073640742
1630.5328000847007,1630.5328000847007,0.9992997953369056,0.0005691680255135294
1630.5397444308533,1630.5397444308533,1.0002751937942616,0.0005696152107401223
1630.5466887770067,1630.5466887770067,1.000806618829485,0.0005692465321138306
1630.553633123142,1630.553633123142,1.000196559026112,0.0005698157091956996
1630.560577469272,1630.560577469272,0.9996447906111925,0.0005697856926206292
1630.5675218153895,1630.5675218153895,0.999844057820793,0.0005701819916598728
1630.574466161502,1630.574466161502,1.0001381664867446,0.0005702629306165608
1630.5814105075965,1630.5814105075965,1.0000364062075269,0.0005709774800689647
1630.5883548536854,1630.5883548536854,1.0000051502520766,0.0005706985556017276
1630.5952991997628,1630.5952991997628,0.9998612935348525,0.0005713929033097669
1630.6022435458347,1630.6022435458347,0.9998072593561658,0.0005715272851937145
1630.6091878918828,1630.6091878918828,1.000364827093643,0.0005714954641662628
1630.6161322379423,1630.6161322379423,0.9994354406710844,0.0005715483034087533
1630.623076583973,1630.623076583973,0.999752737099312,0.0005720373588276241
1630.6300209300036,1630.6300209300036,0.9998038789130058,0.0005720895538285588
1630.636965276011,1630.636965276011,1.0003386637244067,0.0005727794700317512
1630.6439096220242,1630.6439096220242,1.0005058084653675,0.0005726276989479677
1630.6508539680203,1630.6508539680203,1.0006399914157922,0.0005728573724448665
1630.657798313999,1630.657798313999,0.9998598331823689,0.0005731753739783218
1630.6647426599768,1630.6647426599768,1.0000076199001984,0.0005734966774685193
1630.6716870059495,1630.6716870059495,0.9992940645979269,0.000573974017424723
1630.6786313518985,1630.6786313518985,1.000321383975707,0.0005739633767819002
1630.6855756978423,1630.6855756978423,0.9997279840279283,0.0005737319681242357
1630.692520043774,1630.692520043774,0.9993510894907012,0.0005737781004285689
1630.6994643897056,1630.6994643897056,1.000879927224148,0.0005738664172110335
1630.7064087356139,1630.7064087356139,0.9994488695968233,0.0005747354994445459
1630.7133530815222,1630.7133530815222,1.0009512720856908,0.0005738307624706646
1630.7202974274135,1630.7202974274135,0.999785394463423,0.0005740267144982785
1630.7272417732988,1630.7272417732988,1.0005634284696634,0.0005744758192847926
1630.7341861191665,1630.7341861191665,0.9993588700325612,0.000574138884277657
1630.7411304650286,1630.7411304650286,1.000110224508243,0.0005739513485994279
1630.7480748108787,1630.7480748108787,0.9999786925910495,0.0005741961936046979
1630.755019156723,1630.755019156723,1.0004798228113256,0.0005747113256165118
1630.7619635025558,1630.7619635025558,1.0000735098348001,0.0005741941176547178
1630.7689078483713,1630.7689078483713,1.0006654974521367,0.0005746400120290414
1630.775852194181,1630.775852194181,0.998836655739894,0.0005745917308764514
1630.7827965399845,1630.7827965399845,0.9995691527666534,0.000574704633638239
1630.7897408857707,1630.7897408857707,0.9997592429345848,0.0005745878541197487
1630.7966852315512,1630.7966852315512,1.0008467354123078,0.0005752112186022165
1630.8036295773195,1630.8036295773195,1.0001425745151205,0.0005759738083090583
1630.8105739230768,1630.8105739230768,0.9998714371098701,0.000575515037584195
1630.817518268817,1630.817518268817,1.000104287265947,0.0005755180528170105
1630.8244626145565,1630.8244626145565,0.9996535954507235,0.000575696557112831
1630.8314069602966,1630.8314069602966,1.000344083768427,0.0005758148938495806
1630.8383513060066,1630.8383513060066,0.9999993510440295,0.0005755987617258296
1630.8452956517115,1630.8452956517115,0.9996040970552554,0.0005763888230706926
1630.8522399974102,1630.8522399974102,0.9998130443826717,0.000576729001684213
1630.8591843430972,1630.8591843430972,1.0002425883934267,0.0005765114254189168
1630.8661286887675,1630.8661286887675,1.0008499444217795,0.0005770470645635975
1630.8730730344373,1630.8730730344373,0.9994770265299693,0.0005764256837151032
1630.8800173800896,1630.8800173800896,1.0005678107915208,0.0005774792886537245
1630.886961725736,1630.886961725736,0.9998481772769525,0.0005772635214869602
1630.893906071365,1630.893906071365,0.9994386596899109,0.0005771402022012596
1630.9008504169944,1630.9008504169944,0.9998842148180916,0.00057733161136027
1630.907794762606,1630.907794762606,0.9994624065695671,0.0005770439304800449
1630.914739108212,1630.914739108212,0.9997493501007936,0.0005779181251808647
1630.9216834538058,1630.9216834538058,1.001157506478145,0.0005778175516888903
1630.928627799371,1630.928627799371,1.0003193818540494,0.000578191401165205
1630.9355721449474,1630.9355721449474,0.9996510673738426,0.0005777129435224359
1630.942516490507,1630.942516490507,1.000387097943848,0.0005784425341244849
1630.9494608360544,1630.9494608360544,0.9998542437108549,0.0005783660478153285
1630.9564051815964,1630.9564051815964,1.0002053540827824,0.0005779688704442816
1630.963349527115,1630.963349527115,0.9990576209063043,0.0005780064879843409
1630.9702938726384,1630.9702938726384,1.000016103924409,0.0005789373627802771
1630.9772382181459,1630.9772382181459,1.0001079588172792,0.000578107182951024
1630.984182563647,1630.984182563647,1.0002246824407248,0.0005780873380999104
1630.9911269091308,1630.9911269091308,0.9996696913192743,0.0005779984509575216
1630.998071254608,1630.998071254608,1.0000413306756701,0.0005778061261935064
1631.0050156000625,1631.0050156000625,1.0001668794842862,0.0005776791550741344
1631.011959945511,1631.011959945511,1.0010002443976493,0.0005774903221610104
1631.0189042909594,1631.0189042909594,0.9996633718685255,0.0005773056452176413
1631.0258486364023,1631.0258486364023,0.9995351172226605,0.0005769030402031094
1631.0327929818225,1631.0327929818225,1.0002042096092703,0.0005763445133343991
1631.039737327236,1631.039737327236,1.0005416628844226,0.0005776276037876783
1631.0466816726384,1631.0466816726384,1.0004014022629144,0.0005764004968816209
1631.0536260180281,1631.0536260180281,0.9994187459650312,0.0005758094284346909
1631.060570363413,1631.060570363413,1.0004940919833116,0.0005761886468340507
1631.067514708774,1631.067514708774,0.9998901345359504,0.0005757843418593041
1631.0744590541299,1631.0744590541299,0.9995506372082639,0.000575366935722912
1631.0814033994852,1631.0814033994852,1.0003424851083482,0.0005752812468640391
1631.0883477448233,1631.0883477448233,0.9996800543192064,0.000575185226865136
1631.095292090144,1631.095292090144,1.000315277747712,0.0005746535226430766
1631.1022364354703,1631.1022364354703,0.9996395891773531,0.0005748097473615238
1631.1091807807736,1631.1091807807736,0.9994608479388841,0.0005741736140116852
1631.116125126065,1631.116125126065,1.0004478706360884,0.0005745507509880934
1631.1230694713508,1631.1230694713508,1.0004127995960461,0.0005747483379095759
1631.1300138166189,1631.1300138166189,0.9995005782326813,0.000574677774917187
1631.1369581618867,1631.1369581618867,1.0002888623702613,0.0005739887350391814
1631.1439025071377,1631.1439025071377,0.999413111527961,0.0005737466883222745
1631.1508468523828,1631.1508468523828,0.9997888607506381,0.0005735550637853441
1631.15779119761,1631.15779119761,1.0002873818337292,0.0005739481763795882
1631.1647355428254,1631.1647355428254,0.99969000802383,0.0005738157358707405
1631.1716798880357,1631.1716798880357,0.9997314383321794,0.0005735901631756873
1631.1786242332341,1631.1786242332341,1.0003553426893164,0.0005732268211151293
1631.1855685784203,1631.1855685784203,0.9996685186186876,0.0005734256141519867
1631.1925129235958,1631.1925129235958,1.000469113951226,0.0005732607199450086
1631.1994572687533,1631.1994572687533,1.0002681692521176,0.0005737757423838084
1631.2064016139109,1631.2064016139109,1.0003253421765574,0.000573830267835846
1631.2133459590684,1631.2133459590684,0.9990920114542101,0.0005731172362010311
1631.2202903041973,1631.2202903041973,0.99999245276947,0.0005729959431355345
1631.2272346493196,1631.2272346493196,1.00016340088263,0.0005730263572266136
1631.2475121370226,1631.2475121370226,1.00028528365657,0.0005735317806617765
1631.2572342201272,1631.2572342201272,0.999623285347236,0.0005728480395663482
1631.2661229818123,1631.2661229818123,0.9995268485079629,0.0005732339047889906
1631.2730673268652,1631.2730673268652,1.0002929783845125,0.0005735789540864899
1631.280011671906,1631.280011671906,1.0003389237218907,0.0005736903726096869
1631.28695601693,1631.28695601693,1.0001080513763931,0.0005731779485690473
1631.2939003619654,1631.2939003619654,1.000128088403109,0.0005735674928098691
1631.30084470696,1631.30084470696,0.9996959283015329,0.0005728385158704055
1631.3077890519605,1631.3077890519605,1.0001466540148929,0.0005725169201932836
1631.316955587335,1631.316955587335,0.9994610446289418,0.000572613283834782
1631.3244554799135,1631.3244554799135,1.0004475910113348,0.0005722683302904926
1631.3313998248673,1631.3313998248673,0.9999423726262144,0.0005720327379640126
1631.3383441698156,1631.3383441698156,1.000104281908802,0.0005717261703138917
1631.345288514758,1631.345288514758,1.000478854546556,0.0005717420764144638
1631.3522328596823,1631.3522328596823,0.9994760545474328,0.0005710539101359899
1631.3591772046016,1631.3591772046016,0.9997234190417327,0.0005710110009162106
1631.3661215495029,1631.3661215495029,1.0001382314717115,0.000570816812723097
1631.3730658944041,1631.3730658944041,1.0003639271341618,0.0005706641528965373
1631.3800102392827,1631.3800102392827,0.9996583365851495,0.0005708302104311138
1631.3869545841665,1631.3869545841665,1.0006761607004528,0.0005701046570783376
1631.3938989290214,1631.3938989290214,0.9999117224856253,0.0005703915848744666
1631.4008432738706,1631.4008432738706,0.9991279133404556,0.0005694307691785342
1631.4077876187139,1631.4077876187139,0.9999899460802535,0.000569575546859796
1631.415287511123,1631.415287511123,0.9998369368168933,0.0005689935094160937
1631.4230651773155,1631.4230651773155,1.000070852945504,0.0005689013950536889
1631.4311206172965,1631.4311206172965,1.0006585797464351,0.0005688157848589391
1631.4383427358762,1631.4383427358762,0.9996736236682497,0.0005697058030888486
1631.4452870806558,1631.4452870806558,1.0003693406595815,0.0005688464181642293
1631.4522314254289,1631.4522314254289,0.9991947379326502,0.0005680395630595873
1631.459175770185,1631.459175770185,1.0009298353354485,0.0005681331334699052
1631.4661201149293,1631.4661201149293,0.999735600343134,0.000568087993246449
1631.4730644596675,1631.4730644596675,0.9996971541195411,0.0005677360871975114
1631.4800088043885,1631.4800088043885,1.000598525928175,0.0005680210935314373
1631.4869531491097,1631.4869531491097,1.0001992032070934,0.0005680134843599572
1631.4938974938073,1631.4938974938073,0.9995637671448016,0.0005680413189991663
1631.5008418385053,1631.5008418385053,0.9996343056236607,0.0005675898560290422
1631.5077861831855,1631.5077861831855,0.9993463830850084,0.0005673272250867587
1631.515286075426,1631.515286075426,0.9994048369595644,0.0005678002239225323
1631.5230637414493,1631.5230637414493,1.000671358252959,0.0005681605955809765
1631.5300080860893,1631.5300080860893,1.0002061508669162,0.0005675532068940589
1631.536952430723,1631.536952430723,1.0003310910641285,0.0005675490740570499
1631.5438967753448,1631.5438967753448,1.0004119543858503,0.0005675495320132541
1631.5508411199553,1631.5508411199553,0.9993813050804217,0.0005675774380565232
1631.5577854645596,1631.5577854645596,0.9998263201758879,0.0005679120071293813
1631.5647298091408,1631.5647298091408,1.0001865530377894,0.0005677263859365468
1631.5716741537167,1631.5716741537167,0.9991615726807002,0.0005681455521613702
1631.5794518196412,1631.5794518196412,1.0001454641969671,0.0005686150107401154
1631.5869517117596,1631.5869517117596,0.9996746542405264,0.0005678926118100399
1631.5938960563058,1631.5938960563058,1.000634542183784,0.0005684232581065925
1631.6008404008348,1631.6008404008348,1.0006326250835764,0.0005689490485435403
1631.607784745358,1631.607784745358,1.0002074216263355,0.0005688206581459769
1631.614729089858,1631.614729089858,0.9999205242550205,0.0005690949694321223
1631.6216734343636,1631.6216734343636,0.999561122175006,0.0005690328174874311
1631.6286177788456,1631.6286177788456,0.999750089288615,0.0005697591057041089
1631.635562123328,1631.635562123328,0.9992403749110235,0.0005698668632237368
1631.6425064677874,1631.6425064677874,1.0008642349021302,0.0005702674997241414
1631.6494508122346,1631.6494508122346,1.0005424245335088,0.0005704558140484612
1631.6563951566936,1631.6563951566936,0.9995542266732235,0.0005701288479949076
1631.6633395011238,1631.6633395011238,0.9999321348552479,0.000570248682361174
1631.6713949406335,1631.6713949406335,1.0003106270034743,0.000570349507549102
1631.6786170588232,1631.6786170588232,1.0005607035440935,0.0005711232320939505
1631.6855614032181,1631.6855614032181,0.9989804819573658,0.0005708239280742919
1631.6925057475958,1631.6925057475958,0.9999215407990361,0.0005707128151274057
1631.6994500919677,1631.6994500919677,0.9997430511574835,0.000570999061530392
1631.7063944363338,1631.7063944363338,1.00045343304533,0.0005713493007446749
1631.7133387806762,1631.7133387806762,1.000743238985878,0.0005714531437058404
1631.7202831250129,1631.7202831250129,1.0002026574166116,0.0005713217115067013
1631.727227469344,1631.727227469344,0.9998549421575715,0.0005717576971414971
1631.736116230063,1631.736116230063,0.9996341854181219,0.0005707210592708594
1631.7438938956734,1631.7438938956734,0.9998451601929876,0.0005709380239822344
1631.750838239975,1631.750838239975,1.0008443897061419,0.0005707857923435045
1631.7577825842363,1631.7577825842363,0.9995580976232687,0.0005714114825954122
1631.7655602498178,1631.7655602498178,0.9999148719507674,0.0005711251459349876
1631.7730601416156,1631.7730601416156,0.9999368316269756,0.0005717262094127637
1631.780004485848,1631.780004485848,0.9997880653798781,0.0005710385400813343
1631.7869488300796,1631.7869488300796,0.9999902324896677,0.0005712202394340517
1631.7938931742885,1631.7938931742885,1.0003767652966868,0.0005711463531152411
1631.8008375185032,1631.8008375185032,0.9992471324368124,0.000571237360873185
1631.8080596364662,1631.8080596364662,0.9994356414188126,0.0005711813895394973
1631.8175039445473,1631.8175039445473,1.0004537374881959,0.0005713980986131315
1631.8244482887153,1631.8244482887153,0.9998643151737083,0.0005712190560043494
1631.831392632866,1631.831392632866,1.0002918826728298,0.000571577869153106
1631.8383369770052,1631.8383369770052,1.0000088478272349,0.0005716364139572218
1631.8452813211436,1631.8452813211436,1.0000563421327466,0.0005718204972633365
1631.852225665265,1631.852225665265,1.0003961349853845,0.00057209167556075
1631.8591700093752,1631.8591700093752,1.0001396687957889,0.0005723691101749565
1631.8661143534737,1631.8661143534737,1.0003175374433781,0.0005720897163753332
1631.8730586975598,1631.8730586975598,0.9998194593268833,0.0005718351889810307
1631.880003041629,1631.880003041629,0.9993084745670053,0.0005719583433160888
1631.8877807069832,1631.8877807069832,0.9993808752385636,0.0005720688017326451
1631.895280598554,1631.895280598554,1.0004104062247923,0.0005729910614678138
1631.902224942594,1631.902224942594,1.0004623236317385,0.000572175604385932
1631.9091692866168,1631.9091692866168,0.9999171530736121,0.000571994298160596
1631.9161136306334,1631.9161136306334,0.9999560625227838,0.0005724320900566104
1631.9236135221465,1631.9236135221465,1.000058949524772,0.0005726006358822984
1631.9313911874185,1631.9313911874185,0.9996967943405816,0.0005720180318096576
1631.9383355314005,1631.9383355314005,1.0002793761652062,0.0005728275841892774
1631.945279875365,1631.945279875365,0.9998116454875315,0.0005718890700153345
1631.9522242193239,1631.9522242193239,0.9999530946784381,0.0005713640058330684
1631.9591685632586,1631.9591685632586,1.0000253338083689,0.0005720742796856216
1631.9661129071878,1631.9661129071878,1.000187764587445,0.0005715393229541856
1631.9730572511114,1631.9730572511114,1.0003990486480359,0.0005713847704992202
1631.9800015950118,1631.9800015950118,0.9997808688083551,0.000571214899156388
1631.9869459389122,1631.9869459389122,1.0001745620282363,0.0005708967264254895
1631.9938902827948,1631.9938902827948,0.9998352151781319,0.0005708381703812854
1632.0027790429438,1632.0027790429438,0.9995774692750048,0.0005703406021790267
1632.01333444561,1632.01333444561,1.0001626711780522,0.0005700587390752664
1632.0202787894461,1632.0202787894461,0.9999065096661784,0.0005704011316461172
1632.0272231332763,1632.0272231332763,0.9992397205253198,0.0005698839411038047
1632.0341674770893,1632.0341674770893,1.0008873929716384,0.000569466625425141
1632.041111820897,1632.041111820897,1.0001856005238179,0.0005698487370080689
1632.0480561646805,1632.0480561646805,0.9999795091532176,0.0005692114621100386
1632.0550005084704,1632.0550005084704,1.000072289408675,0.000568915740597042
1632.061944852231,1632.061944852231,1.001062048713884,0.0005692073875904189
1632.0688891959858,1632.0688891959858,0.9996605288224373,0.0005682236895948691
1632.076111313483,1632.076111313483,1.0005424946758505,0.0005683486616315627
1632.0841667522122,1632.0841667522122,0.9995003773577105,0.0005677855848704781
1632.0913888696743,1632.0913888696743,0.9994156575172664,0.0005675867984910917
1632.099444308381,1632.099444308381,0.9996014740591243,0.0005673782025723312
1632.1063886520656,1632.1063886520656,1.0006812542618204,0.0005674205212938647
1632.1133329957506,1632.1133329957506,0.9996466305170679,0.0005668520385074899
1632.120277339424,1632.120277339424,1.0007492680386574,0.0005670275860505961
1632.127221683074,1632.127221683074,0.9993987064480567,0.0005667245072359302
1632.1341660267237,1632.1341660267237,1.0000234376184292,0.0005668461297765236
1632.1411103703506,1632.1411103703506,1.0001141419059976,0.0005662953546821386
1632.150276903933,1632.150276903933,1.0007443384488912,0.0005661724411946088
1632.157776795027,1632.157776795027,1.0000928305274974,0.0005666195280756672
1632.1647211386185,1632.1647211386185,0.9997172313950522,0.0005657488425297851
1632.171665482199,1632.171665482199,1.0008592095302826,0.0005662189493444732
1632.1786098257555,1632.1786098257555,0.9998377136757005,0.0005664042925364797
1632.1855541693185,1632.1855541693185,0.9996198203148319,0.0005660559103265238
1632.1927762866114,1632.1927762866114,0.9998739539242486,0.0005659916604976612
1632.2008317251025,1632.2008317251025,0.9998134159555491,0.0005655888674450007
1632.2077760686245,1632.2077760686245,1.0002254069170058,0.0005656868159646202
1632.2147204121347,1632.2147204121347,1.0003996505716015,0.0005658539781643556
1632.2216647556277,1632.2216647556277,0.9998381102326375,0.0005657456321888307
1632.2286090991088,1632.2286090991088,1.0003832627693487,0.0005651847335241464
1632.2355534425783,1632.2355534425783,0.9998035648270125,0.0005658601014688492
1632.2433311072514,1632.2433311072514,1.0001698201307696,0.0005652492473010505
1632.2508309981645,1632.2508309981645,1.000079631903546,0.0005656506033067787
1632.2577753416053,1632.2577753416053,1.0002161007727186,0.0005650969924565495
1632.2672196486442,1632.2672196486442,0.9992603825725475,0.0005646902344886684
1632.2758306344688,1632.2758306344688,1.0003778244200787,0.0005650703929271116
1632.282774977851,1632.282774977851,0.9999441468894824,0.0005656937419340868
1632.2897193212277,1632.2897193212277,1.0003403722211595,0.0005646174867722078
1632.296663664592,1632.296663664592,0.99956340283475,0.0005645776769875228
1632.3036080079453,1632.3036080079453,1.0006523849692428,0.0005647877250975657
1632.3105523512809,1632.3105523512809,1.0004201674625903,0.0005645126486817362
1632.317496694611,1632.317496694611,1.0001558194036277,0.0005640596440703189
1632.3244410379289,1632.3244410379289,1.0000153877319247,0.0005646871447237073
1632.33138538123,1632.33138538123,0.9996174039070305,0.0005634165974172834
1632.338329724519,1632.338329724519,0.9989610506190434,0.0005634408277657775
1632.3452740678024,1632.3452740678024,1.000104937387737,0.0005634302124429033
1632.3522184110684,1632.3522184110684,0.9995604383752447,0.0005630428549802948
1632.359162754316,1632.359162754316,1.0002575512729501,0.0005635999549266637
1632.366107097559,1632.366107097559,1.0001652727497392,0.0005627550843085051
1632.37305144079,1632.37305144079,1.0009742333021499,0.000562393601928825
1632.3799957840035,1632.3799957840035,0.99992683784179,0.0005625041785371286
1632.3869401272048,1632.3869401272048,1.000031287278323,0.0005623914365254133
1632.3938844704007,1632.3938844704007,1.0007041523024525,0.0005622497688343382
1632.4008288135797,1632.4008288135797,0.9994398684543386,0.0005612076497199701
1632.407773156746,1632.407773156746,1.0005261647280643,0.0005610360830358724
1632.4147174999011,1632.4147174999011,0.9993171006752928,0.0005606849473696172
1632.4216618430453,1632.4216618430453,0.9995341207175079,0.0005603963208791904
1632.4286061861771,1632.4286061861771,1.0007238409890948,0.0005604961966638254
1632.4355505292974,1632.4355505292974,1.0001250558689552,0.0005601605172339778
1632.4424948724,1632.4424948724,0.9997819420012902,0.0005602904113266568
1632.4494392154916,1632.4494392154916,1.0004783784792703,0.0005598940117037773
1632.456383558571,1632.456383558571,0.9992393191848554,0.0005599934641108771
1632.4633279016389,1632.4633279016389,1.0005288043602671,0.0005597053285920394
1632.470272244701,1632.470272244701,1.0003119080984288,0.0005595792855300877
1632.4772165877398,1632.4772165877398,1.0004102428493793,0.0005595726929986384
1632.4841609307728,1632.4841609307728,0.9994784797188206,0.00055945762400312
1632.491105273788,1632.491105273788,0.9997314511368719,0.0005595999248662029
1632.4980496167977,1632.4980496167977,1.000109670973414,0.0005592797299076161
1632.5049939597961,1632.5049939597961,0.9989096949218872,0.0005591114111677496
1632.5119383027766,1632.5119383027766,1.0000814277572616,0.0005591654635480199
1632.5188826457456,1632.5188826457456,1.000085270536049,0.0005593130656601944
1632.525826988697,1632.525826988697,1.0004682188488396,0.0005595981342576032
1632.532771331637,1632.532771331637,1.0004360226581905,0.0005588168581135782
1632.5397156745705,1632.5397156745705,0.9993718672596655,0.0005596490470393359
1632.5466600174873,1632.5466600174873,1.0009054912542754,0.0005591114118714431
1632.5536043603984,1632.5536043603984,0.9997119309644464,0.0005590524829031424
1632.5608264769987,1632.5608264769987,1.0003226755442491,0.0005585993982503949
1632.568881914745,1632.568881914745,0.999911183231004,0.0005589992411758192
1632.5758262576087,1632.5758262576087,0.999204621370841,0.0005590138230244705
1632.5827706004557,1632.5827706004557,1.0001027242274234,0.0005592763953188734
1632.589714943308,1632.589714943308,1.0000449574746355,0.0005593728809077737
1632.5966592861375,1632.5966592861375,1.000526308824678,0.0005592209471858268
1632.6036036289377,1632.6036036289377,1.0007291948223638,0.0005589910077030087
1632.6105479717437,1632.6105479717437,0.99967765757828,0.000559184925939444
1632.617492314532,1632.617492314532,0.9998185164478208,0.0005590875531130571
1632.6244366573087,1632.6244366573087,1.0006779567697563,0.0005595905322447314
1632.6313810000743,1632.6313810000743,0.9993989931571401,0.0005593704042775245
1632.6383253428276,1632.6383253428276,0.9997090378691137,0.0005596002784259977
1632.6452696855636,1632.6452696855636,0.999347311923529,0.0005594731542701187
1632.6522140282884,1632.6522140282884,1.0006034391398972,0.000560030290855949
1632.6591583710015,1632.6591583710015,1.000821006729597,0.0005607001944034804
1632.6661027137025,1632.6661027137025,0.999970646809847,0.0005599752573371004
1632.673047056386,1632.673047056386,1.0000860551274724,0.0005600681400873091
1632.6799913990699,1632.6799913990699,0.9992137996550581,0.0005600814826545678
1632.686935741724,1632.686935741724,1.0001137024412348,0.0005601332781696617
1632.6938800843732,1632.6938800843732,1.0007607701492962,0.0005604995394634837
1632.7008244270103,1632.7008244270103,0.9995628401046822,0.0005602366441126575
1632.7077687696358,1632.7077687696358,0.9996622922262685,0.0005605871388849263
1632.714713112244,1632.714713112244,0.9998320436022926,0.0005606816580339186
1632.7216574548404,1632.7216574548404,1.0008740030268732,0.0005606374103908666
1632.7286017974252,1632.7286017974252,0.9994759825884492,0.0005600820874778461
1632.7355461399923,1632.7355461399923,1.00023037589428,0.0005602040762290974
1632.742490482554,1632.742490482554,0.999798064116928,0.0005604107483154239
1632.7494348250923,1632.7494348250923,1.0003185451771617,0.0005607075743042885
1632.7563791676303,1632.7563791676303,1.0004688513215285,0.0005606700118345763
1632.7633235101512,1632.7633235101512,1.000351000905289,0.0005602848424961018
1632.7702678526603,1632.7702678526603,1.000267703403567,0.0005607493864816993
1632.777212195146,1632.777212195146,0.9996172949704667,0.0005611293921212904
1632.7841565376318,1632.7841565376318,1.000030795473676,0.000560438693997828
1632.7911008800943,1632.7911008800943,0.9997910417518383,0.0005607294198377187
1632.7980452225513,1632.7980452225513,0.9996971456046098,0.0005605411032875238
1632.8049895649965,1632.8049895649965,1.0001010213966925,0.0005604329921780472
1632.8119339074235,1632.8119339074235,0.9996198723152687,0.0005601751261863229
1632.818878249834,1632.818878249834,1.0006957502687048,0.000560378061894568
1632.8258225922268,1632.8258225922268,0.9989711479655558,0.00055994939029941
1632.8327669346195,1632.8327669346195,1.0001753360068357,0.0005607492454447169
1632.839711277006,1632.839711277006,1.0009418447498952,0.000560583195617646
1632.846655619364,1632.846655619364,1.0000124594173747,0.0005610880278301715
1632.8535999617159,1632.8535999617159,1.0000393182378828,0.0005608118635859476
1632.8605443040503,1632.8605443040503,0.9994628791097142,0.0005606565535316558
1632.867488646373,1632.867488646373,1.0004619999417863,0.0005605136845669097
1632.8744329886845,1632.8744329886845,0.9996297025993937,0.0005606420013240039
1632.881377330978,1632.881377330978,0.999674659756964,0.0005609441379192318
1632.888321673266,1632.888321673266,0.9996268558110397,0.000560723292508812
1632.8952660155423,1632.8952660155423,0.9996211992628103,0.0005606357347537844
1632.9022103577893,1632.9022103577893,1.0000970392801813,0.0005607608513526504
1632.9091547000367,1632.9091547000367,0.9994939902868566,0.0005605366611293949
1632.9160990422665,1632.9160990422665,1.000134031648598,0.0005605524108151323
1632.9230433844841,1632.9230433844841,1.0003909568474652,0.0005603545363124139
1632.9299877266908,1632.9299877266908,0.9994998366918273,0.0005605635877774949
1632.9369320688743,1632.9369320688743,1.000245768789256,0.0005610115786648623
1632.9438764110573,1632.9438764110573,0.9999257930962727,0.0005602385534332665
1632.950820753217,1632.950820753217,1.0002781274289352,0.0005607074493986461
1632.957765095371,1632.957765095371,1.000209483294719,0.0005609462917308472
1632.9647094375077,1632.9647094375077,1.000558779461731,0.0005602916101329463
1632.9716537796207,1632.9716537796207,0.9995622914274342,0.0005604426411955658
1632.978598121752,1632.978598121752,1.0000370778736696,0.0005602133401908872
1632.98554246383,1632.98554246383,0.998989496569249,0.0005598834470783999
1632.9924868059197,1632.9924868059197,1.0001512314746908,0.0005604961725119539
1632.9994311479866,1632.9994311479866,1.0002350226901897,0.0005601524156092459
1633.0063754900416,1633.0063754900416,0.999916985938199,0.0005595451181129446
1633.013319832091,1633.013319832091,1.0000381178327458,0.0005595499532817631
1633.0202641741168,1633.0202641741168,1.0007585184647423,0.00055923310381666
1633.0272085161314,1633.0272085161314,0.9999757105312554,0.0005595569382656017
1633.0341528581343,1633.0341528581343,0.9998839007908579,0.0005591968007037544
1633.041097200119,1633.041097200119,0.9995362774980487,0.0005601989571318741
1633.0480415420984,1633.0480415420984,1.0001013227282765,0.0005590556518900644
1633.0549858840545,1633.0549858840545,1.0001475668964996,0.0005586767402360342
1633.0619302260106,1633.0619302260106,1.0000987341945535,0.000558780211452577
1633.0688745679377,1633.0688745679377,0.9994581506058285,0.0005588923355945786
1633.0758189098592,1633.0758189098592,1.0000682095162754,0.0005586453235755275
1633.082763251769,1633.082763251769,0.9999990189397581,0.0005588146509204149
1633.0897075936607,1633.0897075936607,1.0007726103053998,0.000558648444884356
1633.0966519355356,1633.0966519355356,0.9996344850996837,0.0005586780738914174
1633.10359627741,1633.10359627741,0.9995036910669143,0.0005579479925469404
1633.1105406192555,1633.1105406192555,1.0000166218926212,0.0005586300331098981
1633.1174849610952,1633.1174849610952,1.0003049146088416,0.0005586121223367936
1633.1244293029179,1633.1244293029179,1.0000480213227605,0.0005577747127615121
1633.131373644728,1633.131373644728,0.9995051052338111,0.0005581815247972025
1633.138317986533,1633.138317986533,0.9999180045627236,0.000557434063153928
1633.1452623283087,1633.1452623283087,1.0009055558920559,0.0005579110434302453
1633.152206670084,1633.152206670084,0.9997214445153073,0.000557943732874567
1633.1591510118365,1633.1591510118365,1.0003845950716108,0.000557942485198349
1633.1660953535834,1633.1660953535834,0.9994205343675828,0.0005581424348248896
1633.1730396953067,1633.1730396953067,1.0001452278483998,0.0005576121237910248
1633.1799840370181,1633.1799840370181,1.0005290372331501,0.0005581177161730682
1633.186928378718,1633.186928378718,0.999821975947526,0.0005574368283984908
1633.1938727204124,1633.1938727204124,0.9997701924501078,0.0005577824450007159
1633.200817062077,1633.200817062077,0.9995765276472792,0.0005573636928147336
1633.2077614037426,1633.2077614037426,0.9992900586093247,0.0005576244234713131
1633.2147057453783,1633.2147057453783,1.0007694612392128,0.0005576731613695033
1633.2216500870086,1633.2216500870086,1.0000284607599574,0.0005577115414692216
1633.2285944286273,1633.2285944286273,0.9999771873751419,0.0005574652274547051
1633.2355387702341,1633.2355387702341,1.0001020582617843,0.0005575340337559885
1633.2424831118178,1633.2424831118178,1.0000264692577436,0.0005570118172171121
1633.2494274533951,1633.2494274533951,1.000424239813133,0.0005573975579269545
1633.2563717949502,1633.2563717949502,1.0001128905646939,0.0005573034049233819
1633.2633161364986,1633.2633161364986,0.9997421553284778,0.0005572123764071349
1633.27026047803,1633.27026047803,1.0003852339550967,0.0005569368859010109
1633.2772048195495,1633.2772048195495,0.999856319513875,0.0005569722231993208
1633.2841491610513,1633.2841491610513,1.0006885664093397,0.0005570743170142084
1633.2910935025418,1633.2910935025418,0.9995646073604594,0.0005568158612374741
1633.298037844009,1633.298037844009,1.0003003247312474,0.0005571908513843547
1633.304982185476,1633.304982185476,0.9995183228462435,0.0005570577230904232
1633.3119265269202,1633.3119265269202,1.0001797472769414,0.0005570370234447529
1633.3188708683583,1633.3188708683583,1.0006248827787303,0.000556972364179238
1633.325815209773,1633.325815209773,0.9989536405607581,0.0005562512626325679
1633.3327595511817,1633.3327595511817,0.9998906219226283,0.0005566009556613733
1633.3397038925561,1633.3397038925561,1.0003979851397795,0.0005565300050296045
1633.3466482339356,1633.3466482339356,0.999791556488233,0.0005562031289177516
1633.353592575304,1633.353592575304,0.9998900957302853,0.000555799311339506
1633.3605369166548,1633.3605369166548,0.9999090922399141,0.0005558525930156388
1633.3674812579823,1633.3674812579823,1.0001406817171064,0.0005562190599780824
1633.374425599304,1633.374425599304,1.0008268404722767,0.0005564848465744951
1633.3813699406023,1633.3813699406023,0.9995441213382721,0.0005551748672873357
1633.3883142818952,1633.3883142818952,1.0000341196927098,0.000555368359451895
1633.3952586231699,1633.3952586231699,1.000072936191732,0.0005551734078801432
1633.402202964428,1633.402202964428,1.000013291455124,0.0005555394817004559
1633.409147305685,1633.409147305685,0.9996874275561721,0.000554609476902546
1633.4160916469139,1633.4160916469139,1.0000750722231533,0.0005548407818681299
1633.4230359881249,1633.4230359881249,0.999699997145316,0.0005541773899372971
1633.42998032933,1633.42998032933,0.9999889045121492,0.0005545652272643163
1633.4369246705119,1633.4369246705119,1.0000638908936768,0.0005546569248411948
1633.443869011688,1633.443869011688,1.0007375517014094,0.0005547655009897169
1633.4508133528466,1633.4508133528466,0.9999763442708511,0.0005548531123517181
1633.4577576939937,1633.4577576939937,0.9998563396773574,0.0005540365412722203
1633.4647020351235,1633.4647020351235,1.000460660206541,0.0005541508765853715
1633.4716463762356,1633.4716463762356,0.9992606777895308,0.0005546939731127058
1633.47859071733,1633.47859071733,1.0000016798964333,0.0005541541999375616
1633.4855350584132,1633.4855350584132,1.0001483186880311,0.0005538350528753903
1633.4924793994958,1633.4924793994958,0.9998002015856325,0.0005549346938888649
1633.49942374055,1633.49942374055,0.9997319258215713,0.0005538290374250475
1633.5063680815924,1633.5063680815924,1.000323535817841,0.0005543419754779906
1633.5133124226227,1633.5133124226227,1.000125467814082,0.000554148380438018
1633.5202567636302,1633.5202567636302,0.9998608544049781,0.0005538605225744519
1633.5272011046318,1633.5272011046318,0.9998279395786819,0.0005538842718669037
1633.5341454456102,1633.5341454456102,1.0004321096097184,0.0005534532136914422
1633.5410897865825,1633.5410897865825,0.9996192610464132,0.0005533472048456439
1633.5480341275202,1633.5480341275202,0.9994670999828292,0.0005535603969920066
1633.5549784684572,1633.5549784684572,1.000695736972843,0.0005538071068498234
1633.561922809395,1633.561922809395,1.0020782055129984,0.0005543439692110849
1633.5688671502974,1633.5688671502974,0.999772565281727,0.0005535800915885363
1633.5758114911941,1633.5758114911941,0.9996417705136041,0.0005538057201683735
1633.5827558320675,1633.5827558320675,0.9995954461734782,0.000553405213394132
1633.5897001729354,1633.5897001729354,0.9993970581462458,0.0005534611766803827
1633.5966445137794,1633.5966445137794,1.0002569717307008,0.0005537214451002616
1633.603588854618,1633.603588854618,1.0000098968083517,0.0005538673265677023
1633.6105331954334,1633.6105331954334,0.9999803517616735,0.0005543615486428046
1633.617477536237,1633.617477536237,0.9998557679442838,0.0005540591109416267
1633.624421877017,1633.624421877017,0.9999608882432994,0.0005542815112364961
1633.6313662178034,1633.6313662178034,1.0008636690158978,0.0005536191809256132
1633.6383105585603,1633.6383105585603,1.0001701432632544,0.0005535936296497145
1633.6452548993,1633.6452548993,0.9994638479762452,0.0005539216960134886
1633.6521992400337,1633.6521992400337,0.9998652705675213,0.0005542934386911838
1633.6591435807443,1633.6591435807443,0.9996202047945841,0.0005536283150768599
1633.6660879214373,1633.6660879214373,1.000470823432209,0.0005541996345786562
1633.6730322621188,1633.6730322621188,1.000413901866338,0.000553689824113612
1633.6799766027943,1633.6799766027943,0.9998223584246212,0.0005539342166280402
1633.6869209434465,1633.6869209434465,0.9999811566135819,0.0005544233942232333
1633.6938652840754,1633.6938652840754,0.9997134387937093,0.0005538827358299448
1633.7008096246982,1633.7008096246982,0.9996156478498882,0.0005535598603228793
1633.7077539653103,1633.7077539653103,1.0009114326743707,0.0005543808611392024
1633.7146983058924,1633.7146983058924,0.9997397089425967,0.0005536611707214316
1633.7216426464688,1633.7216426464688,0.9999862169020123,0.0005539095271004317
1633.728586987028,1633.728586987028,0.9999597095889818,0.0005541677281548688
1633.7355313275757,1633.7355313275757,1.0000395336730732,0.0005538468574809156
1633.7424756680996,1633.7424756680996,0.9993499216737648,0.0005539983747633464
1633.749420008624,1633.749420008624,1.0004631828324173,0.0005536147939788862
1633.7563643491192,1633.7563643491192,0.9996249835310179,0.0005541381915954917
1633.7633086895967,1633.7633086895967,1.0002298152739593,0.0005536785132809494
1633.7702530300628,1633.7702530300628,1.0000357658920915,0.0005533463811702745
1633.7771973705171,1633.7771973705171,1.0002400281828794,0.0005532896736558407
1633.784141710948,1633.784141710948,0.9999716834102494,0.0005534368137637021
1633.7910860513734,1633.7910860513734,1.0001619644157267,0.0005540277413390151
1633.7980303917752,1633.7980303917752,0.999786675280778,0.0005532529213413977
1633.8049747321656,1633.8049747321656,1.0000545105020582,0.0005529761774097161
1633.8119190725445,1633.8119190725445,0.9994927672156677,0.0005531359438949285
1633.8188634129056,1633.8188634129056,0.9996507084142534,0.000552914721207682
1633.8258077532378,1633.8258077532378,1.0000228476313124,0.000553407462147543
1633.83275209357,1633.83275209357,1.0005997004566058,0.0005526926758357666
1633.8396964338729,1633.8396964338729,1.0002554502793397,0.000553201047467359
1633.8466407741757,1633.8466407741757,0.9997618490512826,0.0005526477023200021
1633.8535851144502,1633.8535851144502,1.0004146646017578,0.0005524302206597286
1633.860529454712,1633.860529454712,0.9997630296098574,0.0005526478993034303
1633.8674737949627,1633.8674737949627,0.9994701589468467,0.0005529050042069747
1633.8744181351958,1633.8744181351958,1.0001742463794419,0.0005529269145310883
1633.8813624754057,1633.8813624754057,1.0001034556061115,0.0005532588857977063
1633.8883068156156,1633.8883068156156,0.9998473241591164,0.0005526271660220258
1633.8952511557904,1633.8952511557904,0.999743822682125,0.0005520477816522067
1633.9021954959599,1633.9021954959599,0.9995978653192523,0.0005530049839509988
1633.9091398361113,1633.9091398361113,0.9998428721203112,0.0005520984942684276
1633.9160841762514,1633.9160841762514,0.9999758255096822,0.0005518320301402312
1633.923028516368,1633.923028516368,1.000025640977047,0.0005523379030644655
1633.9299728564731,1633.9299728564731,1.0004545246245018,0.0005520406611345733
1633.9369171965607,1633.9369171965607,1.000880062003456,0.0005521086321099902
1633.9438615366248,1633.9438615366248,0.9991094759872627,0.000551980785020705
1633.9508058766894,1633.9508058766894,0.999874859831016,0.0005517470817024683
1633.9577502167306,1633.9577502167306,0.999738093626101,0.0005516073518406893
1633.9646945567486,1633.9646945567486,1.0001296618824922,0.0005515336680486317
1633.9716388967604,1633.9716388967604,1.0005808721003906,0.0005511404312084719
1633.978583236749,1633.978583236749,1.0000013888086607,0.000551306320072585
1633.985527576732,1633.985527576732,1.0000839473884815,0.0005522598581006117
1633.9924719166854,1633.9924719166854,0.999409179818689,0.0005512325815601917
1633.999416256628,1633.999416256628,1.0004186103054966,0.0005506579863336035
1634.0063605965638,1634.0063605965638,1.0000285289493456,0.0005508908545106969
1634.0133049364597,1634.0133049364597,0.9993992875804878,0.0005503209546651507
1634.020249276361,1634.020249276361,1.0003611381974455,0.0005503641710245947
1634.0271936162333,1634.0271936162333,0.9997638232679418,0.000550824125078862
1634.0341379561,1634.0341379561,1.0000231963247406,0.0005501824134862473
1634.041082295943,1634.041082295943,1.0003995956373832,0.0005498084401313043
1634.0480266357686,1634.0480266357686,0.9990684053676869,0.000549629196569324
1634.054970975577,1634.054970975577,1.000481650429418,0.0005498825570338788
1634.0619153153734,1634.0619153153734,1.0001827858709624,0.0005494481037670704
1634.0688596551643,1634.0688596551643,1.000105729600185,0.0005493894599671486
1634.0758039949083,1634.0758039949083,0.9995594693888483,0.0005498287749452665
1634.0827483346588,1634.0827483346588,1.000071804735119,0.0005494841395852034
1634.0896926743849,1634.0896926743849,1.000689048221671,0.0005486580795315495
1634.0966370141064,1634.0966370141064,0.999649067822945,0.0005484375176841757
1634.1035813537978,1634.1035813537978,1.0001341544006543,0.0005488340969402748
1634.110525693472,1634.110525693472,0.9998677369306579,0.0005488551418437285
1634.1174700331353,1634.1174700331353,0.9998007030662845,0.0005482319184440488
1634.1244143727804,1634.1244143727804,1.0007771208506655,0.0005483829988793424
1634.1313587124084,1634.1313587124084,0.9998917068827542,0.0005477929897110644
1634.1383030520242,1634.1383030520242,0.9994272574751841,0.0005478190397974262
1634.1452473916113,1634.1452473916113,1.0002501041408127,0.00054846073399205
1634.1521917311925,1634.1521917311925,0.9997268639708533,0.0005483725490583087
1634.1591360707564,1634.1591360707564,0.9999182170729876,0.0005476771919682721
1634.1660804103026,1634.1660804103026,1.0005661275301219,0.0005481356280066272
1634.1730247498258,1634.1730247498258,0.9992223770057314,0.000547602146376495
1634.1799690893372,1634.1799690893372,1.0000664994766306,0.0005476183737570441
1634.1869134288368,1634.1869134288368,0.999898677402934,0.0005477191682457007
1634.1938577683134,1634.1938577683134,0.9999904769042967,0.0005472680032352134
1634.2008021077665,1634.2008021077665,1.000426297754561,0.0005483748767338363
1634.2077464472081,1634.2077464472081,1.00009166893977,0.0005474990746112445
1634.2146907866377,1634.2146907866377,1.0001129700436662,0.000547679441495774
1634.2216351260442,1634.2216351260442,1.0003033455345376,0.0005476144923536167
1634.2285794654335,1634.2285794654335,1.0002152667984991,0.0005475892359104505
1634.2355238048049,1634.2355238048049,0.9995706924356537,0.0005473748727148718
1634.2424681441712,1634.2424681441712,0.9999635521111205,0.0005473007413700563
1634.2494124835075,1634.2494124835075,0.9995260690818487,0.0005470563656503924
1634.2563568228268,1634.2563568228268,0.9996142339106558,0.00054750802844277
1634.263301162135,1634.263301162135,1.000618826422309,0.0005475126658311591
1634.270245501419,1634.270245501419,1.0007744924315267,0.0005475854464575519
1634.2771898406863,1634.2771898406863,0.999827736664417,0.0005474857259553463
1634.284134179941,1634.284134179941,1.0000979913125012,0.0005471950176938394
1634.291078519173,1634.291078519173,1.000056208886353,0.0005472285052954417
1634.2980228583997,1634.2980228583997,0.9995915294467268,0.00054725235739856
1634.3049671975905,1634.3049671975905,1.0003946716202463,0.0005472079300980696
1634.3119115367817,1634.3119115367817,0.9999557595409918,0.0005471626480044814
1634.31885587595,1634.31885587595,1.0005536142068965,0.0005469428555911078
1634.3258002150947,1634.3258002150947,0.9996260837460558,0.0005469440432250214
1634.3327445542277,1634.3327445542277,1.0012309807903985,0.0005470867126494291
1634.3396888933373,1634.3396888933373,1.0000308999295235,0.0005477957399965399
1634.3466332324354,1634.3466332324354,1.0001288066789404,0.0005472889719504805
1634.3555219864488,1634.3555219864488,0.9993441974917516,0.0005474677295730468
1634.3702439852316,1634.3702439852316,0.9998675165899353,0.000547720024679979
1634.377188324242,1634.377188324242,1.000309037375744,0.0005474211807986529
1634.3841326632469,1634.3841326632469,1.000044126740344,0.0005471435091060183
1634.3932991907004,1634.3932991907004,1.0001253823284415,0.000547266432990597
1634.4007990767707,1634.4007990767707,1.0009562697768355,0.0005475071450149041
1634.4077434157118,1634.4077434157118,0.9994707486372125,0.0005468499514032369
1634.414687754629,1634.414687754629,1.000544893465137,0.0005473961101783705
1634.4216320935298,1634.4216320935298,0.9998749847179059,0.0005469144113452658
1634.428576432424,1634.428576432424,1.0005236294153748,0.0005471419731148161
1634.4355207712892,1634.4355207712892,0.9999635263598281,0.0005470419554539626
1634.4424651101372,1634.4424651101372,1.0001133186407969,0.0005470782959791293
1634.4494094489671,1634.4494094489671,0.9997863265059934,0.0005466547827770134
1634.4563537877805,1634.4563537877805,0.9996815152480585,0.0005474288111458156
1634.4632981265756,1634.4632981265756,1.0000870684669443,0.0005470001280817547
1634.4702424653594,1634.4702424653594,1.000370082066126,0.0005471446877166469
1634.47718680412,1634.47718680412,0.999870460385005,0.0005471501520860937
1634.4841311428513,1634.4841311428513,0.999834068583857,0.0005470609816652734
1634.4910754815771,1634.4910754815771,1.000351185416475,0.000547299612772939
1634.498019820279,1634.498019820279,0.9993831178524417,0.0005468212636263227
1634.5049641589699,1634.5049641589699,0.9990669923437585,0.0005476165940188842
1634.5119084976316,1634.5119084976316,1.0006939602865266,0.0005474075015392702
1634.518852836281,1634.518852836281,1.0005688234250507,0.0005470814290231378
1634.525797174908,1634.525797174908,1.000090084912588,0.0005474542443156716
1634.5327415135166,1634.5327415135166,1.0000776633231856,0.0005473177629563113
1634.5396858521203,1634.5396858521203,1.0006929837688492,0.0005470385243390155
1634.5466301906947,1634.5466301906947,0.9992762889311935,0.0005472049836933636
1634.5535745292514,1634.5535745292514,1.00004104072655,0.0005475887885290157
1634.5605188677848,1634.5605188677848,0.9996319163334046,0.0005473459282025102
1634.5674632063124,1634.5674632063124,1.000044635990132,0.0005470908486179996
1634.5744075448108,1634.5744075448108,0.9996847808683598,0.0005468461361165487
1634.5813518832863,1634.5813518832863,1.0004080556993042,0.0005469639041899716
1634.5882962217497,1634.5882962217497,1.0001143549793674,0.0005477057648091765
1634.595240560202,1634.595240560202,0.9993932579903694,0.0005469523020535127
1634.6021848986309,1634.6021848986309,1.0001490881958426,0.0005468094568622428
1634.6091292370304,1634.6091292370304,1.0001330506671084,0.0005467648560783853
1634.616073575418,1634.616073575418,1.0001919545634508,0.0005470698735782242
1634.6230179137888,1634.6230179137888,0.9998089378157173,0.0005465886115168888
1634.629962252142,1634.629962252142,0.9999116254683859,0.0005474302836782138
1634.6369065904714,1634.6369065904714,1.000150843225891,0.0005475775997874084
1634.6438509287898,1634.6438509287898,1.0002805911095183,0.0005469329054857777
1634.6507952670786,1634.6507952670786,1.000111227959517,0.0005474835896115342
1634.657739605356,1634.657739605356,1.0001164844822494,0.0005470094654045721
1634.6646839436044,1634.6646839436044,0.9996412215869872,0.00054750297072165
1634.6716282818466,1634.6716282818466,0.9998242153575267,0.000547504993168538
1634.6785726200658,1634.6785726200658,1.0007044512288885,0.0005477161293891356
1634.6855169582618,1634.6855169582618,0.9996163186587609,0.0005472351368344187
1634.6924612964342,1634.6924612964342,0.99952947187465,0.000546916855570801
1634.6994056346014,1634.6994056346014,1.000142561313734,0.0005473323046345856
1634.7063499727387,1634.7063499727387,0.9997772666001236,0.0005472337914018085
1634.7132943108588,1634.7132943108588,1.000580650059375,0.0005473243614846475
1634.720238648956,1634.720238648956,0.9994218350002037,0.0005474817857712446
1634.727182987047,1634.727182987047,1.000378335317369,0.0005469811089093357
1634.7341273251088,1634.7341273251088,1.0000895923462831,0.0005472783718915791
1634.7410716631477,1634.7410716631477,0.999977377648508,0.0005469143021114075
1634.7480160011748,1634.7480160011748,0.9996344341924258,0.0005474032556830645
1634.7549603391785,1634.7549603391785,1.0003729215584334,0.0005470524186951333
1634.7619046771592,1634.7619046771592,1.0009257332127555,0.000547051169463839
1634.7688490151336,1634.7688490151336,1.00025606341434,0.0005471058942901545
1634.7757933530734,1634.7757933530734,0.9995077443276689,0.0005471907901380662
1634.7827376910016,1634.7827376910016,0.9996008534320995,0.0005473512128527169
1634.7896820289006,1634.7896820289006,1.0006615803069328,0.0005470226528000098
1634.796626366782,1634.796626366782,0.9998105658031283,0.0005473476011562459
1634.803570704664,1634.803570704664,1.0002082086981678,0.0005472943544358522
1634.8105150425044,1634.8105150425044,0.9998527971143419,0.000546964577118919
1634.8174593803337,1634.8174593803337,0.9998665314239276,0.0005472407233635047
1634.8244037181394,1634.8244037181394,0.9999289903696613,0.0005473358968256873
1634.8313480559277,1634.8313480559277,1.0002723076406084,0.000547600108709537
1634.838292393693,1634.838292393693,0.9999177665490226,0.0005472146002074244
1634.8452367314292,1634.8452367314292,0.9994439918350002,0.0005470454871882167
1634.8521810691652,1634.8521810691652,1.0000161440457358,0.0005473144844323253
1634.8591254068779,1634.8591254068779,1.0003156276576517,0.0005473666490234701
1634.8660697445616,1634.8660697445616,1.0005425204945217,0.0005473823498396449
1634.8730140822336,1634.8730140822336,0.9998143671748556,0.0005473784354660059
1634.8799584198764,1634.8799584198764,0.9994402965270905,0.0005470918773876747
1634.8869027575017,1634.8869027575017,1.0002734394197126,0.0005472593865325882
1634.8938470951155,1634.8938470951155,0.9999149486640804,0.0005473273168555291
1634.9007914327003,1634.9007914327003,0.9994997592588006,0.0005470308592812858
1634.9077357702618,1634.9077357702618,1.0002007636903802,0.0005472508773592031
1634.914680107806,1634.914680107806,0.9997789162789669,0.000546635859111291
1634.9216244453266,1634.9216244453266,0.9995998507608981,0.0005471607608786259
1634.928568782835,1634.928568782835,0.9993544348304532,0.0005472335808411261
1634.9355131203156,1634.9355131203156,1.0004780947328524,0.0005475731485111923
1634.9424574577836,1634.9424574577836,1.0007129656708005,0.0005468462817492995
1634.9494017952288,1634.9494017952288,0.9998581795300945,0.0005473721476478328
1634.9563461326386,1634.9563461326386,1.000226946028217,0.0005469313665091999
1634.9632904700431,1634.9632904700431,0.9997234545123307,0.0005468523544203661
1634.9702348074238,1634.9702348074238,0.9998540161187389,0.0005468552681660939
1634.9771791447874,1634.9771791447874,0.9995829325118389,0.0005475105115452024
1634.9841234821217,1634.9841234821217,0.9998101508586761,0.0005470135462352546
1634.9910678194326,1634.9910678194326,0.9996832997157974,0.0005471032388877791
1634.998012156732,1634.998012156732,1.000020412668982,0.0005471715207835325
1635.00578981449,1635.00578981449,1.0004667905348854,0.000546949732907004
1635.0132896987157,1635.0132896987157,0.9993133937009235,0.0005468691278622332
1635.020234035945,1635.020234035945,1.0007171762681808,0.0005475028029004523
1635.0271783731514,1635.0271783731514,1.0006225948297396,0.0005470588031370382
1635.0341227103404,1635.0341227103404,0.9999594762349824,0.0005470522377409853
1635.0410670475055,1635.0410670475055,0.9993992822648883,0.0005471736609150801
1635.0480113846484,1635.0480113846484,0.9998899388384105,0.0005471777495287266
1635.054955721779,1635.054955721779,0.99975689637523,0.000546924418633288
1635.0619000588806,1635.0619000588806,0.9995387877149569,0.0005467135249663848
1635.0688443959648,1635.0688443959648,1.0006223029280934,0.0005477789534565787
1635.0757887330194,1635.0757887330194,1.0000662509258715,0.0005469455347981452
1635.0830108435434,1635.0830108435434,0.9999584838728854,0.0005470792690350086
1635.0910662744789,1635.0910662744789,0.9998743427098411,0.0005471724541361784
1635.0980106114698,1635.0980106114698,1.0013633007724478,0.0005478653368663556
1635.1049549484374,1635.1049549484374,0.9997273750062305,0.0005471149344993728
1635.1118992853935,1635.1118992853935,0.9994366523359914,0.0005472698954694618
1635.1188436223147,1635.1188436223147,0.9999432818270915,0.0005472938063566632
1635.1257879592183,1635.1257879592183,1.0002776043290678,0.0005469311045693378
1635.1327322960929,1635.1327322960929,0.9987896853359193,0.0005469314441320415
1635.1396766329556,1635.1396766329556,0.9997931822704571,0.0005474717069978396
1635.147732063699,1635.147732063699,1.0005247752681334,0.0005469569387778494
1635.1549541739844,1635.1549541739844,1.0003986572233825,0.0005470093981903459
1635.1618985107775,1635.1618985107775,0.9999495193254392,0.0005473672967623533
1635.1688428475413,1635.1688428475413,1.0001082426147632,0.0005476156146690286
1635.1757871842935,1635.1757871842935,1.0007872275972196,0.0005477958790568054
1635.182731521011,1635.182731521011,0.9995353219213392,0.0005470971463787486
1635.1896758577227,1635.1896758577227,1.0001233818777044,0.0005475999240235979
1635.1966201944053,1635.1966201944053,1.0000739864187511,0.0005477105274083145
1635.2035645310584,1635.2035645310584,0.9996415987309707,0.0005475791497268877
1635.2105088676942,1635.2105088676942,1.0006765586247972,0.0005478322732914444
1635.217453204313,1635.217453204313,0.9995900243481319,0.0005475340595447269
1635.2263419551484,1635.2263419551484,1.0000418973206397,0.0005474882851246758
1635.234119612097,1635.234119612097,1.000282139332477,0.0005471807845404836
1635.2410639486338,1635.2410639486338,1.0005795965746391,0.0005473205791287451
1635.2480082851534,1635.2480082851534,0.9991183521257587,0.0005469220914316674
1635.2549526216437,1635.2549526216437,1.000178593306735,0.0005468835908715505
1635.2618969581167,1635.2618969581167,0.9999484629206783,0.0005468047980354251
1635.2688412945604,1635.2688412945604,1.0001371527846827,0.0005473953714859201
1635.2757856309868,1635.2757856309868,0.999947238528153,0.0005470288676667322
1635.28272996739,1635.28272996739,0.9994581137225349,0.0005471038061318198
1635.2896743037695,1635.2896743037695,1.0001737521142966,0.0005472366128456225
1635.2966186401263,1635.2966186401263,1.000076086282728,0.0005474041695057329
1635.3035629764593,1635.3035629764593,0.9996516969470501,0.0005473391706254265
1635.311618406574,1635.311618406574,1.0001850202887204,0.0005471523682651668
1635.3202293835625,1635.3202293835625,1.0008343488553408,0.0005471822773218105
1635.327173719826,1635.327173719826,1.0003674567113585,0.0005474115715635658
1635.33411805606,1635.33411805606,0.99956519748903,0.000547070481686475
1635.341062392265,1635.341062392265,0.9995998046236215,0.0005472018070493348
1635.3480067284586,1635.3480067284586,0.9998034325095929,0.000547354906609951
1635.3549510646174,1635.3549510646174,0.9997407906253997,0.0005467876561453851
1635.361895400753,1635.361895400753,1.0005302101318352,0.0005473324048053883
1635.3702286040975,1635.3702286040975,0.9997313679783897,0.0005470546985685037
1635.3771729401865,1635.3771729401865,1.0002744498596,0.000547322146603129
1635.384117276246,1635.384117276246,1.0002051953666196,0.0005475977135843093
1635.3910616122942,1635.3910616122942,1.00008681143802,0.0005475955351890735
1635.398005948307,1635.398005948307,1.0000740982145404,0.0005472385198524528
1635.4049502842968,1635.4049502842968,0.9995835674715643,0.0005472664920677416
1635.4118946202752,1635.4118946202752,0.9995938238274776,0.0005475678766847161
1635.4188389562241,1635.4188389562241,0.99981559204883,0.0005472055441835524
1635.4257832921442,1635.4257832921442,1.0005277877603278,0.000547052144662664
1635.4327276280462,1635.4327276280462,1.0002454884522876,0.0005476144053504044
1635.4396719639258,1635.4396719639258,1.000048246333013,0.0005472195685549599
1635.4466162997699,1635.4466162997699,0.999973073756383,0.0005473449972780861
1635.4535606356026,1635.4535606356026,0.9995333810240272,0.0005468498530206402
1635.460504971406,1635.460504971406,0.9995657180502906,0.0005470189858204014
1635.4674493071864,1635.4674493071864,1.0003397106633214,0.0005472767983730278
1635.4743936429375,1635.4743936429375,0.9999740757247919,0.0005477051430107278
1635.481337978671,1635.481337978671,1.001288712845891,0.0005474269513286035
1635.4882823143698,1635.4882823143698,0.9995315363888968,0.0005467400077477601
1635.4952266500627,1635.4952266500627,0.9997485040237495,0.0005468472989575392
1635.5021709857208,1635.5021709857208,0.9996964637088777,0.0005471464203022333
1635.5091153213552,1635.5091153213552,1.0004504109420227,0.0005474285170404452
1635.5160596569608,1635.5160596569608,0.9997331956731473,0.0005475474457030126
1635.5230039925434,1635.5230039925434,0.9998405555859587,0.0005479004942790832
1635.5299483280965,1635.5299483280965,0.9995057812056019,0.0005468436854315805
1635.5368926636443,1635.5368926636443,0.9999388899250927,0.0005471922653557686
1635.5438369991566,1635.5438369991566,1.000509825980748,0.0005469082405602974
1635.5507813346396,1635.5507813346396,1.0000987292214216,0.0005470157391886935
1635.5577256701001,1635.5577256701001,0.9995058219211238,0.0005471786353095026
1635.5646700055427,1635.5646700055427,1.0006498649848186,0.0005469233233895315
1635.5716143409504,1635.5716143409504,0.9999545431319399,0.0005468873444780532
1635.5785586763348,1635.5785586763348,1.0004437440599678,0.0005470943523303955
1635.585503011696,1635.585503011696,0.9998110649621855,0.0005468291960894111
1635.5924473470336,1635.5924473470336,0.99990446552907,0.000547538516342323
1635.5993916823425,1635.5993916823425,0.9998263509945339,0.0005476138506667371
1635.6077248846918,1635.6077248846918,0.9999558995701243,0.0005471134105732946
1635.6146692199425,1635.6146692199425,0.9998741657069917,0.0005466288205396199
1635.62161355517,1635.62161355517,1.0000883248403747,0.0005474188068205602
1635.628557890368,1635.628557890368,1.0002916727403686,0.0005476171312873151
1635.6355022255548,1635.6355022255548,1.0002995942588444,0.0005470931076966746
1635.6424465607063,1635.6424465607063,0.998950969565918,0.0005478521009074488
1635.6493908958287,1635.6493908958287,1.0001603537057933,0.0005473857392491218
1635.6563352309392,1635.6563352309392,0.9994991368257502,0.0005470526785175556
1635.6632795660155,1635.6632795660155,1.000432177958634,0.0005473163984780131
1635.6702239010679,1635.6702239010679,1.0003126001370535,0.0005473463463922226
1635.6771682360918,1635.6771682360918,1.0004966496655276,0.0005475837337273586
1635.6841125710919,1635.6841125710919,0.9999051337688172,0.0005472489775376756
1635.6910569060633,1635.6910569060633,1.0000156645556217,0.0005475037840972554
1635.698001241011,1635.698001241011,1.0004352567369292,0.0005477572884873202
1635.7049455759357,1635.7049455759357,0.9992024355711286,0.0005471225306065991
1635.712167684224,1635.712167684224,0.999844672643276,0.0005473169710259848
1635.7202231126682,1635.7202231126682,0.999193758464483,0.0005465743730907016
1635.7271674475055,1635.7271674475055,1.0004899252355057,0.000547248012610169
1635.734111782314,1635.734111782314,1.000260655371481,0.0005474466734740056
1635.7410561170987,1635.7410561170987,0.9999079603615815,0.0005471369512083737
1635.74800045186,1635.74800045186,1.0003516397316232,0.0005471189913245224
1635.7549447865865,1635.7549447865865,1.0002991076272443,0.0005474258317796513
1635.7618891212844,1635.7618891212844,1.0000988117187142,0.0005470317505598853
1635.7688334559643,1635.7688334559643,0.9999652660760047,0.0005475054440262953
1635.775777790627,1635.775777790627,0.999846239805513,0.0005469826141848152
1635.7827221252435,1635.7827221252435,0.9996956149483942,0.000547024381554426
1635.7896664598477,1635.7896664598477,1.0001108488936823,0.0005476493810616733
1635.7966107944173,1635.7966107944173,0.9994732770937935,0.0005472163493731182
1635.8035551289572,1635.8035551289572,1.0000992672488571,0.0005479604923174194
1635.8104994634746,1635.8104994634746,1.0001498311771786,0.0005476541353196766
1635.8174437979626,1635.8174437979626,1.0005481750766723,0.0005477768485106142
1635.8243881324277,1635.8243881324277,1.0003490477861006,0.0005472144726032523
1635.8316102402384,1635.8316102402384,0.9995622192303385,0.0005473481152362936
1635.8396656681591,1635.8396656681591,0.9995076173666542,0.0005470300462313824
1635.846610002519,1635.846610002519,0.99898102080799,0.0005480366055406861
1635.8535543368675,1635.8535543368675,1.0005915715622977,0.0005478293103677878
1635.8604986711864,1635.8604986711864,1.0009560096808332,0.000547085048851464
1635.8674430054766,1635.8674430054766,1.000363296282527,0.0005476830005397739
1635.8743873397555,1635.8743873397555,1.0005197869410458,0.0005476331042161579
1635.8813316739813,1635.8813316739813,1.0000842096546858,0.0005477973911369983
1635.888276008196,1635.888276008196,0.9996000162378997,0.0005477833122581033
1635.895220342375,1635.895220342375,0.9996541917838997,0.000547453174655831
1635.9021646765198,1635.9021646765198,0.9997229560189755,0.0005476895403475609
1635.9091090106529,1635.9091090106529,0.9997904259111818,0.0005469702607233182
1635.9160533447507,1635.9160533447507,1.000618889898146,0.0005476247744041251
1635.922997678814,1635.922997678814,0.9997595030311718,0.0005471167589187187
1635.9299420128539,1635.9299420128539,1.000200037432587,0.0005470622723848962
1635.9368863468644,1635.9368863468644,1.000398594282394,0.0005476004598075017
1635.943830680852,1635.943830680852,0.9998712423410929,0.0005473055965848115
1635.9507750148045,1635.9507750148045,0.9999337685819445,0.0005472494983587756
1635.9577193487278,1635.9577193487278,0.999572532438477,0.0005471090891742129
1635.9646636826278,1635.9646636826278,1.0001650168783625,0.0005470009555479257
1635.971608016499,1635.971608016499,1.0004013279617385,0.0005475455020173285
1635.9785523503408,1635.9785523503408,0.99930459582165,0.0005476295034786513
1635.985496684154,1635.985496684154,1.0004922341963554,0.0005475242703391907
1635.9924410179315,1635.9924410179315,1.0006455376455294,0.0005471570237185528
1635.9993853516808,1635.9993853516808,0.9997288896783154,0.000546978897768718
1636.006329685406,1636.006329685406,0.9993950407364297,0.0005469812727811197
1636.0132740190963,1636.0132740190963,0.999538091502035,0.0005479294886074294
1636.0202183527583,1636.0202183527583,1.0006595647965995,0.0005475918267029437
1636.0271626864073,1636.0271626864073,0.9995616393613483,0.0005466938893091404
1636.034107020017,1636.034107020017,1.0004150959995959,0.0005470212570765412
1636.0410513535853,1636.0410513535853,0.9991670988483017,0.000547774920282648
1636.047995687142,1636.047995687142,1.0003642486762188,0.000547237322758296
1636.0549400206578,1636.0549400206578,1.0004952715515332,0.0005470768748896044
1636.0618843541447,1636.0618843541447,0.9994535064024364,0.0005469952270954854
1636.0688286876082,1636.0688286876082,1.000262466749227,0.0005476412092405732
1636.075773021031,1636.075773021031,0.9994939441205387,0.0005472461010344119
1636.0827173544305,1636.0827173544305,0.9995811623703368,0.0005476068309448539
1636.0896616878008,1636.0896616878008,1.0001009793729763,0.0005478103263044507
1636.0966060211424,1636.0966060211424,0.9998348108838201,0.0005469258633551582
1636.1035503544488,1636.1035503544488,1.0002296465603284,0.000547101500342579
1636.1104946877263,1636.1104946877263,1.0003852456843838,0.0005474594328514376
1636.1174390209803,1636.1174390209803,1.0002518400827543,0.0005478385536094381
1636.1243833541932,1636.1243833541932,1.000077012483096,0.0005473546038541067
1636.1313276873836,1636.1313276873836,1.0004205227780925,0.0005475725173352854
1636.1382720205381,1636.1382720205381,0.9997142606100831,0.0005472981487434369
1636.1452163536644,1636.1452163536644,1.0006318371765635,0.0005475913230341341
1636.152160686767,1636.152160686767,0.9997420722938107,0.0005477527424470836
1636.1591050198228,1636.1591050198228,0.998630103899362,0.0005480399687774131
1636.1660493528564,1636.1660493528564,0.9992723106403798,0.0005472714270868663
1636.1729936858596,1636.1729936858596,1.0005207847347897,0.0005474752237588627
1636.179938018829,1636.179938018829,1.0005761409515637,0.0005470860039600117
1636.1868823517739,1636.1868823517739,1.0000143153432552,0.0005481117791433213
1636.1938266846787,1636.1938266846787,1.0006815746271207,0.0005476467098323003
1636.20077101756,1636.20077101756,1.0000086519953457,0.0005468560956703148
1636.2077153504008,1636.2077153504008,0.9998984407991166,0.0005474762497834026
1636.214659683224,1636.214659683224,1.0001368103243493,0.0005469334006615078
1636.221604016001,1636.221604016001,0.9993078481716084,0.0005471356960753172
1636.2285483487544,1636.2285483487544,1.0004493728517605,0.0005477579952396616
1636.2354926814733,1636.2354926814733,0.9994573622662871,0.0005477057542807414
1636.242437014162,1636.242437014162,0.9998824113810129,0.000547776728252199
1636.2493813468222,1636.2493813468222,1.0004876329343249,0.0005475345727282777
1636.256325679442,1636.256325679442,0.9998197382014699,0.0005473085609879649
1636.2632700120269,1636.2632700120269,0.9997867809843898,0.0005467891867830222
1636.2702143445936,1636.2702143445936,1.0002329428312298,0.0005471905611921681
1636.2771586771205,1636.2771586771205,0.9997568409871942,0.0005473306425107791
1636.2841030096117,1636.2841030096117,0.9993090741990945,0.0005475627518514286
1636.2910473420743,1636.2910473420743,1.0005525809919817,0.0005474198487150217
1636.2979916745019,1636.2979916745019,1.0000179214719487,0.0005472581807042258
1636.3049360069,1636.3049360069,1.0005042342280208,0.0005472966027789044
1636.3118803392695,1636.3118803392695,1.0006661221058941,0.0005475212935895388
1636.3188246715977,1636.3188246715977,0.9989860275000757,0.0005471471030921872
1636.3257690038913,1636.3257690038913,0.9999954994043637,0.0005472628538367877
1636.332713336162,1636.332713336162,0.9997603476403452,0.0005471730149112875
1636.3396576683858,1636.3396576683858,1.000623473713363,0.0005468654059498674
1636.3466020005912,1636.3466020005912,0.9997222863256787,0.0005468992689081629
1636.3535463327576,1636.3535463327576,1.0001529530681021,0.0005473512020414508
1636.3604906648877,1636.3604906648877,1.0001576272647692,0.0005469382415231031
1636.3674349969776,1636.3674349969776,0.9997341221675391,0.0005473271798938287
1636.3743793290382,1636.3743793290382,1.0002890460597667,0.000547159751478176
1636.3813236610818,1636.3813236610818,1.000044289535758,0.0005469876889049167
1636.3882679930782,1636.3882679930782,0.9996685129233244,0.0005472457982356042
1636.3952123250406,1636.3952123250406,0.9992323781834024,0.0005469074456034487
1636.402156656961,1636.402156656961,1.0002624947316614,0.0005471441925979958
1636.409100988865,1636.409100988865,1.0005321681239094,0.0005473309717847466
1636.4160453207273,1636.4160453207273,1.0005650065817966,0.0005473496077956651
1636.4229896525499,1636.4229896525499,1.000837609255751,0.0005475062309459937
1636.429933984331,1636.429933984331,0.999003126302245,0.0005476885999099122
1636.4368783161008,1636.4368783161008,0.9997170235683075,0.0005478209713828308
1636.4438226478183,1636.4438226478183,0.9995630044499689,0.0005474447170682902
1636.4507669795123,1636.4507669795123,0.9999267572426713,0.0005475768508047806
1636.4577113111657,1636.4577113111657,1.0004312294915172,0.0005477530344334001
1636.464655642784,1636.464655642784,0.9997831096605918,0.000547009673463832
1636.4715999743676,1636.4715999743676,0.999925832318878,0.0005473220394239881
1636.4785443059159,1636.4785443059159,1.000009303762538,0.0005479617536870156
1636.4854886374294,1636.4854886374294,1.0000160909806968,0.0005473119834327078
1636.4924329689081,1636.4924329689081,1.000818534798762,0.0005477134834508092
1636.4993773003462,1636.4993773003462,1.0000719790175714,0.0005474518880500335
1636.5063216317492,1636.5063216317492,0.999328146732011,0.0005476361845764674
1636.5132659631229,1636.5132659631229,0.9995722046695354,0.0005471983969044284
1636.5202102944563,1636.5202102944563,0.9997680364360221,0.0005470259209395879
1636.5271546257604,1636.5271546257604,1.0001349447644994,0.0005473101110058617
1636.5340989570236,1636.5340989570236,1.0003554119089397,0.00054734700026751
1636.5410432882518,1636.5410432882518,1.0002505868146483,0.0005480235831955557
1636.547987619439,1636.547987619439,1.0000717786553213,0.0005473026358798343
1636.5549319505865,1636.5549319505865,1.0005249095475568,0.0005470152715763084
1636.5618762817098,1636.5618762817098,1.000329336055244,0.0005475148005845469
1636.568820612793,1636.568820612793,0.9996427841624037,0.0005473839971754121
1636.5757649438408,1636.5757649438408,0.999691415219416,0.0005471946432643563
1636.582709274842,1636.582709274842,0.9997768251984974,0.000547217752826497
1636.5896536058146,1636.5896536058146,0.9998116607011369,0.0005470669372647447
1636.5965979367516,1636.5965979367516,0.9997321678901068,0.0005476551325145232
1636.6035422676484,1636.6035422676484,1.0001290579162332,0.0005474951337695615
1636.61048659851,1636.61048659851,1.000263427849453,0.0005476486153131769
1636.617430929325,1636.617430929325,1.0001507298158012,0.000546885223393914
1636.6243752601172,1636.6243752601172,0.9993340741001902,0.0005478971162364114
1636.6313195908624,1636.6313195908624,0.9996691746342374,0.0005469315119155505
1636.6382639215726,1636.6382639215726,1.0004559104002912,0.0005475947076751743
1636.6452082522424,1636.6452082522424,1.0005455216296208,0.0005476871459069529
1636.6521525828825,1636.6521525828825,0.9994446454597672,0.0005471067800047379
1636.6590969134763,1636.6590969134763,1.0006496590270673,0.0005479788294794703
1636.6660412440353,1636.6660412440353,1.0003465617752287,0.000547263762728308
1636.6729855745536,1636.6729855745536,1.0008743944506402,0.0005481306800388561
1636.679929905037,1636.679929905037,0.9987800856260728,0.0005469989641876964
1636.686874235474,1636.686874235474,0.9995831777482381,0.0005471309402177098
1636.6938185658812,1636.6938185658812,0.9992811651610696,0.0005472697923188428
1636.7007628962485,1636.7007628962485,0.9993312036764095,0.0005473265579178897
1636.7077072265683,1636.7077072265683,1.0006446483579299,0.0005471944481067965
1636.7146515568659,1636.7146515568659,1.0000895155299656,0.0005470790897401408
1636.7215958871104,1636.7215958871104,1.0010778798020852,0.0005476831319151511
1636.7285402173143,1636.7285402173143,1.0001659131914686,0.0005470501628408703
1636.735484547489,1636.735484547489,1.000552431644698,0.0005472957190062906
1636.7424288776174,1636.7424288776174,1.0001519882741325,0.0005468699641728537
1636.7493732077107,1636.7493732077107,0.9996900461206092,0.0005471234931565221
1636.7563175377518,1636.7563175377518,0.9990890754195533,0.0005469277645916519
1636.7632618677694,1636.7632618677694,0.999391523290139,0.0005467570521369237
1636.7702061977463,1636.7702061977463,0.9996836093531469,0.000546985279645186
1636.7771505276708,1636.7771505276708,1.0004272995454881,0.0005471209192581255
1636.7840948575545,1636.7840948575545,1.0006681968955093,0.000547403229461534
1636.7910391874152,1636.7910391874152,0.9998922872619789,0.000547129175671393
1636.797983517223,1636.797983517223,0.9999718717674877,0.0005473531499931202
1636.8049278469846,1636.8049278469846,0.9999650136189263,0.0005477479318468985
1636.8118721767173,1636.8118721767173,0.9997687912539174,0.0005472730804019763
1636.818816506409,1636.818816506409,1.0007206901007542,0.0005472764730321074
1636.8257608360536,1636.8257608360536,0.9995008413468437,0.0005470549809123537
1636.8327051656524,1636.8327051656524,1.0001229493543013,0.0005478378267894218
1636.8396494952274,1636.8396494952274,1.0001198591638276,0.0005471721272888589
1636.8465938247448,1636.8465938247448,1.000088511304025,0.000547394702952525
1636.8535381542326,1636.8535381542326,0.9995536790448613,0.0005469647130359462
1636.8604824836684,1636.8604824836684,1.0004043351726097,0.0005473313085871559
1636.867426813069,1636.867426813069,0.9998234492517302,0.0005470794015958611
1636.8743711424233,1636.8743711424233,1.0001179248842254,0.0005477445368556892
1636.8813154717425,1636.8813154717425,0.9998096277312071,0.0005472861049228392
1636.8882598010032,1636.8882598010032,0.9999741062920668,0.0005471831542411684
1636.8952041302352,1636.8952041302352,0.9993451202465374,0.0005470740061309425
1636.9021484594264,1636.9021484594264,1.0004410294644626,0.0005475183901067953
1636.909092788565,1636.909092788565,1.000711261335378,0.0005472227536069481
1636.9160371176627,1636.9160371176627,0.9996898886096744,0.0005470405192326098
1636.9229814467203,1636.9229814467203,1.0000914747585932,0.000547466708674213
1636.9299257757364,1636.9299257757364,0.9997158697708775,0.0005476527331149784
1636.9368701047065,1636.9368701047065,1.000575035150283,0.000547677753207699
1636.9438144336355,1636.9438144336355,0.9996031996461999,0.0005473538573946373
1636.9507587625185,1636.9507587625185,1.0000063187154933,0.0005473759822048781
1636.95770309136,1636.95770309136,0.9996782236012909,0.00054757293973303
1636.9646474201554,1636.9646474201554,0.999839866265995,0.0005472288868078904
1636.9715917489098,1636.9715917489098,1.0000042076046394,0.0005475320360456913
1636.978536077618,1636.978536077618,1.0001611199222928,0.0005470459432106901
1636.9854804062852,1636.9854804062852,1.0001508038604077,0.0005470230252790761
1636.9924247349059,1636.9924247349059,0.9999687785988819,0.0005467968522162031
1636.9993690634797,1636.9993690634797,1.000029904299112,0.0005471419994088067
1637.0063133920135,1637.0063133920135,0.9998688776593856,0.0005467495650837603
1637.013257720494,1637.013257720494,1.0006641641084035,0.0005470092343208867
1637.0202020489287,1637.0202020489287,1.0000512503091294,0.0005470905650367724
1637.0271463773338,1637.0271463773338,1.0000200524455645,0.0005474740247261126
1637.0349240250741,1637.0349240250741,0.999985044651938,0.0005474434909331877
1637.0424238996488,1637.0424238996488,0.999786795776528,0.0005469922838821568
1637.0493682278911,1637.0493682278911,0.9996220593732021,0.0005473958104153291
1637.0563125560984,1637.0563125560984,0.9997923940871793,0.0005474036517903705
1637.0632568842475,1637.0632568842475,0.9997268614045994,0.0005473871399552329
1637.0702012123675,1637.0702012123675,1.0001300422837844,0.0005470337705745222
1637.0771455404295,1637.0771455404295,1.0001592735707387,0.0005471973322032409
1637.0840898684448,1637.0840898684448,1.0007069453531823,0.0005474229383773622
1637.0910341964195,1637.0910341964195,1.000013582522476,0.0005475972972949793
1637.0979785243476,1637.0979785243476,0.9997461875001236,0.0005469001724791963
1637.104922852223,1637.104922852223,0.9992535748643852,0.0005468845396609143
1637.1118671800582,1637.1118671800582,1.0001339707083874,0.000547790912781942
1637.1188115078462,1637.1188115078462,1.0004970126527866,0.0005471607063401472
1637.1257558355824,1637.1257558355824,1.0001785358894697,0.0005470139015237207
1637.1327001632712,1637.1327001632712,1.0000602216608507,0.0005469671199704778
1637.1396444909083,1637.1396444909083,0.9991613594088641,0.00054659591793482
1637.1465888185103,1637.1465888185103,1.0007662963390425,0.0005471583817341705
1637.153533146054,1637.153533146054,0.9998629545113984,0.000547329853164391
1637.1604774735513,1637.1604774735513,0.9996941848852845,0.0005476811599505655
1637.1674218010023,1637.1674218010023,1.0000349172187657,0.0005473567676490116
1637.1743661284004,1637.1743661284004,1.0006677914009252,0.0005472209145058967
1637.181310455752,1637.181310455752,0.9997951461657184,0.000546677202621557
1637.1882547830514,1637.1882547830514,0.9996132048583884,0.0005471947579927781
1637.1951991103044,1637.1951991103044,0.9999562465844403,0.0005471957367800087
1637.2021434375163,1637.2021434375163,0.9994455396778431,0.0005469898932984043
1637.2090877646701,1637.2090877646701,1.0001465958444529,0.0005472813895153704
1637.2160320917778,1637.2160320917778,1.0011070712496153,0.0005473393403240658
1637.2229764188266,1637.2229764188266,1.0000471007486356,0.0005471780928421623
1637.2299207458404,1637.2299207458404,1.00028337307918,0.0005471263318611374
1637.2368650727965,1637.2368650727965,0.9991448034598914,0.000546654281524028
1637.243809399694,1637.243809399694,0.9996492464255328,0.0005472816150498
1637.2507537265453,1637.2507537265453,1.0002978650656362,0.0005474078117972027
1637.2576980533556,1637.2576980533556,0.9999392154764388,0.0005473396864474269
1637.2646423801075,1637.2646423801075,1.000144549509777,0.0005472507076440373
1637.2715867068077,1637.2715867068077,0.9997573914478319,0.0005471511866401398
1637.278531033461,1637.278531033461,0.9999647404686014,0.0005478441390715352
1637.285475360062,1637.285475360062,0.9998748067476171,0.0005471108313760153
1637.2924196866047,1637.2924196866047,1.000772799491406,0.0005475421601903575
1637.2993640131062,1637.2993640131062,0.9992778385596249,0.0005476814697061238
1637.3063083395443,1637.3063083395443,1.0003356528273124,0.0005476975011530063
1637.3132526659354,1637.3132526659354,1.000200385639566,0.0005477701148241399
1637.3201969922861,1637.3201969922861,1.0003078703911983,0.000547484916108604
1637.3271413185612,1637.3271413185612,0.9999636468225634,0.0005478491493734561
1637.3340856448008,1637.3340856448008,1.00040524717637,0.0005470515452245813
1637.3410299709826,1637.3410299709826,0.9995551864143225,0.0005476734819302909
1637.3479742971065,1637.3479742971065,1.0006334007316087,0.0005471231556425267
1637.3549186231892,1637.3549186231892,0.9995175747249873,0.0005466949360811239
1637.361862949208,1637.361862949208,1.0002196348313386,0.0005472249311909137
1637.3688072751856,1637.3688072751856,0.9997551786676755,0.0005469993827544135
1637.3757516010942,1637.3757516010942,1.0000988503044896,0.0005473355889045894
1637.3826959269556,1637.3826959269556,1.0000242769779009,0.000547300571808233
1637.3896402527591,1637.3896402527591,0.9999456437491008,0.0005478682779616834
1637.39658457851,1637.39658457851,0.9999749963113549,0.0005468376315573883
1637.4035289042029,1637.4035289042029,0.99978034487842,0.0005474281424963191
1637.4104732298497,1637.4104732298497,1.000244539082299,0.0005469703714633422
1637.4174175554374,1637.4174175554374,1.0003859585476231,0.0005474577384695057
1637.4243618809728,1637.4243618809728,1.0000460055200824,0.0005473872703373572
1637.4313062064446,1637.4313062064446,0.9994943106410205,0.0005471007417661691
1637.4382505318695,1637.4382505318695,0.9994283231231769,0.0005471090005590083
1637.4451948572364,1637.4451948572364,1.0003757570111902,0.0005473856000068992
1637.452139182545,1637.452139182545,1.0008025849344069,0.0005472902528113135
1637.4590835078016,1637.4590835078016,0.9997656574457994,0.0005471392079408944
1637.4660278329877,1637.4660278329877,0.9998338422506438,0.0005474607982763268
1637.4729721581275,1637.4729721581275,0.9995521903096641,0.0005479032563386273
1637.4838053052113,1637.4838053052113,1.000302220453505,0.0005473457306117552
1637.4985272741505,1637.4985272741505,0.9996536735627817,0.0005469944396214175
1637.5113048318706,1637.5113048318706,1.0003601236979887,0.0005469142493935513
1637.5251934813473,1637.5251934813473,1.0006143238516487,0.0005470437194162254
1637.5390821305905,1637.5390821305905,0.9999378968772351,0.0005472296167662019
1637.5474153200237,1637.5474153200237,0.9996189898433354,0.0005473211410005455
1637.5549151904427,1637.5549151904427,1.0003534048879275,0.0005475162229426358
1637.5624150607905,1637.5624150607905,0.9997872415370972,0.0005475001520183026
1637.5704704769998,1637.5704704769998,0.9995008048451304,0.0005471538369770563
1637.578525893145,1637.578525893145,1.0007472669130377,0.000547395921552741
1637.5854702173417,1637.5854702173417,0.9985650390834188,0.0005468625175540807
1637.5924145414806,1637.5924145414806,1.0000161794855704,0.0005469664056042059
1637.599358865549,1637.599358865549,0.9996782715879213,0.0005470696454387859
1637.6074142814089,1637.6074142814089,1.0011956127628794,0.0005482614246310434
1637.6146363783005,1637.6146363783005,0.9999392007885092,0.0005469615618787947
1637.6254695235266,1637.6254695235266,0.9998175911854741,0.000547085579801915
1637.6326916202665,1637.6326916202665,1.0006333278393915,0.0005480767777484728
1637.639635943981,1637.639635943981,1.0002070624972326,0.0005474797047534204
1637.646858040581,1637.646858040581,0.9997607740191847,0.0005475652468828541
1637.654913455946,1637.654913455946,0.9991418483722161,0.0005476727637932688
1637.6618577794734,1637.6618577794734,1.0003660897208033,0.0005475821052774013
1637.6688021029254,1637.6688021029254,0.9997506914732825,0.0005473264364994043
1637.6757464263246,1637.6757464263246,1.0006240128745238,0.0005478002704673563
1637.6826907496543,1637.6826907496543,0.9999493729089595,0.000547676188474444
1637.6896350729255,1637.6896350729255,1.0003051679864399,0.000547259558570367
1637.6965793961217,1637.6965793961217,0.999356373007865,0.0005473029427083883
1637.7035237192704,1637.7035237192704,0.9996485103521364,0.0005476072103994861
1637.7118569069517,1637.7118569069517,1.0001565541992463,0.0005475972734965446
1637.718801229967,1637.718801229967,1.00015702852855,0.0005474251925897914
1637.7257455529002,1637.7257455529002,1.0002974554040645,0.0005475354874983758
1637.7338009674218,1637.7338009674218,1.000175056530099,0.0005480420747326545
1637.7410230631315,1637.7410230631315,1.000017603955849,0.0005475872166317925
1637.7479673858672,1637.7479673858672,0.999531238624057,0.0005478467447339911
1637.7557450272398,1637.7557450272398,0.9997362874810396,0.0005471182273947141
1637.7632448956383,1637.7632448956383,1.000168850221631,0.0005473447910283974
1637.7701892181644,1637.7701892181644,0.9999747072144766,0.0005473453287881443
1637.777133540615,1637.777133540615,1.0002361387885443,0.0005478759509474683
1637.784077863002,1637.784077863002,0.9998102064819336,0.0005476622975830325
1637.7910221853301,1637.7910221853301,1.0004048865798758,0.0005475939962394956
1637.797966507583,1637.797966507583,1.000213610333809,0.0005471813960286217
1637.8079663315011,1637.8079663315011,1.0002042397608,0.0005470725922276038
1637.8160217451316,1637.8160217451316,1.0000229749151974,0.0005478111946730474
1637.8229660671457,1637.8229660671457,0.9987558155120148,0.0005465970252600011
1637.82991038909,1637.82991038909,0.9987051100892215,0.00054701741640901
1637.8368547109699,1637.8368547109699,1.000257251568958,0.0005472087313652624
1637.8451878971377,1637.8451878971377,1.0003643815470133,0.0005472014564847861
1637.8521322188665,1637.8521322188665,1.0000035427579808,0.0005473364647430289
1637.8590765405202,1637.8590765405202,1.0007013194969185,0.0005471803869851648
1637.8662986349723,1637.8662986349723,0.999978379238045,0.000547138050823625
1637.8743540479393,1637.8743540479393,1.0010327486141266,0.0005479111421828055
1637.881298369377,1637.881298369377,0.9990566429098562,0.0005470865635954304
1637.8882426907505,1637.8882426907505,0.9999755527846729,0.0005472540292612768
1637.8951870120488,1637.8951870120488,0.9997883985876392,0.0005475463186306979
1637.9021313332828,1637.9021313332828,0.9997538407932487,0.0005478220057676327
1637.9090756544415,1637.9090756544415,0.9997607722402723,0.0005475473633019787
1637.9160199755302,1637.9160199755302,0.9996295431613202,0.0005472997749113388
1637.9229642965545,1637.9229642965545,1.0007211959831286,0.0005474696714983921
1637.9299086175035,1637.9299086175035,0.9998654387235938,0.0005473296487749503
1637.9368529383823,1637.9368529383823,1.0003347595749132,0.0005474941763399198
1637.9437972591918,1637.9437972591918,0.9993304260672872,0.000547218520458222
1637.9515748984045,1637.9515748984045,1.0012899514088949,0.0005472961350708426
1637.9601858560097,1637.9601858560097,0.9993841834058669,0.0005470276994927294
1637.9674079494025,1637.9674079494025,0.9998622890748733,0.0005474140111063191
1637.9743522698975,1637.9743522698975,0.9992350404687885,0.0005471719324585908
1637.9812965903166,1637.9812965903166,0.9998639584625119,0.0005472065199546763
1637.9882409106717,1637.9882409106717,1.0001849481396123,0.000547746091300522
1637.9951852309455,1637.9951852309455,1.0002707817330514,0.0005479132062076568
1638.0021295511551,1638.0021295511551,1.00008076822292,0.0005476455657631884
1638.0090738712836,1638.0090738712836,1.0009180423359214,0.0005472138854148826
1638.0174070553383,1638.0174070553383,1.0014153342354037,0.0005477158665872458
1638.024351375315,1638.024351375315,0.9999187687804779,0.0005477838690369815
1638.032406786384,1638.032406786384,0.9988846668399711,0.0005469953185590448
1638.039628878997,1638.039628878997,0.9995841572647901,0.0005473436288871527
1638.0465731987356,1638.0465731987356,0.999835821415008,0.0005476536770481071
1638.0535175183923,1638.0535175183923,1.0002439289862846,0.0005473740831475526
1638.0610173835425,1638.0610173835425,0.9998743678631797,0.0005473800439419148
1638.0687950213935,1638.0687950213935,1.0003624063783836,0.0005473739304063959
1638.0757393408176,1638.0757393408176,1.0003537913418052,0.0005474353696741997
1638.0840725240282,1638.0840725240282,0.999575841680835,0.0005469786250573548
1638.0910168432952,1638.0910168432952,0.9996815535012882,0.0005473832193814426
1638.0979611624803,1638.0979611624803,0.9997456986433427,0.0005474388897472851
1638.1049054815953,1638.1049054815953,1.000725906789509,0.0005472288278610268
1638.1143497554617,1638.1143497554617,0.999747126841583,0.000547167071889849
1638.1215718471617,1638.1215718471617,1.0000557174026519,0.0005471703082843336
1638.128516166009,1638.128516166009,1.0002761736327408,0.0005474164753026252
1638.1354604848043,1638.1354604848043,0.9998323727524777,0.0005478963850414963
1638.1424048035003,1638.1424048035003,0.9999970431986164,0.0005473138118014724
1638.1493491221383,1638.1493491221383,1.0002147295819235,0.0005475692743363007
1638.156293440701,1638.156293440701,1.0001664802147539,0.0005472101084236919
1638.163237759176,1638.163237759176,1.0008808987599593,0.0005474132700521592
1638.170182077581,1638.170182077581,0.9992162130800329,0.0005474065163882921
1638.1771263959104,1638.1771263959104,1.0000880297239616,0.0005474882303721604
1638.1840707141641,1638.1840707141641,0.9998259569541921,0.0005475773469832146
1638.1910150323426,1638.1910150323426,0.9999528845721866,0.0005480738488223508
1638.1979593504507,1638.1979593504507,1.0006085638563211,0.0005476941522289666
1638.2049036684723,1638.2049036684723,0.9991622781910945,0.0005474144765568767
1638.211847986429,1638.211847986429,1.0002860359170014,0.0005474671621166832
1638.2201811678644,1638.2201811678644,1.000245611395986,0.0005471405777431879
1638.2271254856523,1638.2271254856523,1.000190740612031,0.0005473838703629331
1638.2340698033593,1638.2340698033593,0.9997829527109404,0.0005470258116469966
1638.2410141209903,1638.2410141209903,0.9999246587208621,0.0005475167679940389
1638.2485139839407,1638.2485139839407,1.0000434859337186,0.0005470639005629791
1638.2571249376047,1638.2571249376047,0.999604361581677,0.000547317037623844
1638.2646248003805,1638.2646248003805,1.00063932228182,0.0005477795974328456
1638.2715691176795,1638.2715691176795,1.0002087349311477,0.0005471264077460464
1638.2785134349033,1638.2785134349033,0.9997256428960043,0.0005478009893184275
1638.2854577520516,1638.2854577520516,1.0001226336591782,0.0005472228941972463
1638.2924020691237,1638.2924020691237,1.0000009997214572,0.000547749611201044
1638.2993463861205,1638.2993463861205,0.999936253779562,0.0005475716501249043
1638.3062907030412,1638.3062907030412,1.0000746320156289,0.0005472045127565742
1638.3140683379056,1638.3140683379056,0.9996542849501425,0.0005482070610764086
1638.3215682000118,1638.3215682000118,0.9999385523918287,0.0005474884663021055
1638.3285125166944,1638.3285125166944,0.9997286601356741,0.0005474630784687249
1638.3354568333068,1638.3354568333068,0.999725431692186,0.000547252277478712
1638.342401149849,1638.342401149849,1.0006419381296272,0.0005475562001817903
1638.3493454663046,1638.3493454663046,1.000308422231901,0.000547718099619112
1638.356289782684,1638.356289782684,1.000086189432742,0.0005470885566548969
1638.3632340990055,1638.3632340990055,0.9991645908746338,0.0005470096227593038
1638.3712895058486,1638.3712895058486,1.0004389275198098,0.0005471745650505535
1638.379067139928,1638.379067139928,1.0001788565263308,0.0005474934895703149
1638.386844773931,1638.386844773931,1.0002431243759475,0.0005476854040605838
1638.3937890899326,1638.3937890899326,1.0001485773510712,0.0005475476419619231
1638.4007334058635,1638.4007334058635,1.0003131466835562,0.0005475018654762003
1638.4076777217135,1638.4076777217135,0.9990248903644481,0.0005473447572915798
1638.4146220374998,1638.4146220374998,1.0000032113848683,0.0005473649604876537
1638.4215663532152,1638.4215663532152,1.0000518548628023,0.0005473357772381916
1638.428510668856,1638.428510668856,0.9996459988015444,0.0005475905354806338
1638.435454984426,1638.435454984426,1.0003172420327833,0.000547320794960127
1638.4423992999443,1638.4423992999443,0.9994050708387305,0.0005476565570322879
1638.4493436153632,1638.4493436153632,1.0003074689063056,0.0005469874885385115
1638.4565657033552,1638.4565657033552,0.9999559638885366,0.0005474537712758861
1638.4665655173606,1638.4665655173606,1.0004088477758302,0.0005474204303725174
1638.474343150386,1638.474343150386,1.000271053751413,0.0005472974052863652
1638.4815652381153,1638.4815652381153,0.9990888249001904,0.0005469409547219043
1638.4896206435792,1638.4896206435792,1.0001666121556754,0.0005474900488597872
1638.4965649585793,1638.4965649585793,1.0002191070956479,0.0005475073112009379
1638.5035092735034,1638.5035092735034,0.9998982985300744,0.0005476673770742685
1638.5104535883638,1638.5104535883638,1.000052885746499,0.0005468806492872679
1638.5173979031656,1638.5173979031656,0.9997117728548636,0.0005474974846242174
1638.524342217904,1638.524342217904,1.0002991108714643,0.0005476964116719537
1638.5312865325839,1638.5312865325839,1.0006251573251466,0.0005471335500285472
1638.538230847217,1638.538230847217,0.9996918050791874,0.0005474921858052804
1638.545175161781,1638.545175161781,0.9995951741815137,0.0005477572487712132
1638.552119476286,1638.552119476286,1.0001694441035898,0.0005476925987504554
1638.559063790739,1638.559063790739,0.9996241954835845,0.0005472894641961135
1638.5660081051396,1638.5660081051396,1.0004791678214504,0.0005480591785307171
1638.5729524194878,1638.5729524194878,1.0004499314863415,0.0005476186752824419
1638.5804522789163,1638.5804522789163,0.9999170522712891,0.0005477647800390013
1638.5882299108591,1638.5882299108591,0.9999952020875741,0.0005470043605160146
1638.5951742250386,1638.5951742250386,1.000413388028614,0.0005473964448989261
1638.602118539171,1638.602118539171,1.00039040298253,0.0005476495631998421
1638.6090628532572,1638.6090628532572,0.9997240339401898,0.0005477471446084011
1638.6160071672912,1638.6160071672912,0.999895950149327,0.0005477946999095369
1638.622951481296,1638.622951481296,1.0000457270677645,0.0005474244832158815
1638.6298957952538,1638.6298957952538,1.0002077856474174,0.0005471755545114096
1638.6368401091654,1638.6368401091654,0.999724028883433,0.0005473875598939147
1638.6437844230363,1638.6437844230363,1.000023598382937,0.0005470355466141826
1638.650728736878,1638.650728736878,1.0003769103468594,0.0005476313238328948
1638.657673050679,1638.657673050679,0.9991493093493806,0.0005476911405379395
1638.6646173644451,1638.6646173644451,1.0004705286125462,0.0005475425635144717
1638.6715616781705,1638.6715616781705,1.0006939451348487,0.0005479337704646129
1638.6785059918843,1638.6785059918843,0.9998670771569923,0.0005473203066970417
1638.6854503055627,1638.6854503055627,0.9990283761622598,0.0005476569562646403
1638.6923946192123,1638.6923946192123,1.0007675766961788,0.0005475839586413041
1638.6993389328327,1638.6993389328327,0.9992003031131134,0.0005473966143860053
1638.7062832464476,1638.7062832464476,1.0001836548305245,0.0005475721027704517
1638.713227560027,1638.713227560027,0.9999546447177894,0.00054783855629392
1638.7201718735953,1638.7201718735953,0.9998070653654277,0.0005470920815644161
1638.727116187146,1638.727116187146,1.000476072191942,0.0005475120881101406
1638.7340605006793,1638.7340605006793,1.0003450887901724,0.0005475977236154313
1638.7410048142126,1638.7410048142126,0.9998377293951421,0.0005470844733117431
1638.7479491277281,1638.7479491277281,1.0004537211517988,0.0005475485668889302
1638.7548934412498,1638.7548934412498,0.9993716933265159,0.0005476436556704652
1638.7618377547599,1638.7618377547599,0.9999999358646354,0.0005475592088643973
1638.7687820682756,1638.7687820682756,1.0003778891601536,0.0005471042089126544
1638.7757263817907,1638.7757263817907,0.9997087222338663,0.0005472306716726924
1638.7826706953133,1638.7826706953133,0.9997299442186558,0.0005473941600505957
1638.7896150088404,1638.7896150088404,1.0002671590277703,0.0005478707345222824
1638.7965593223853,1638.7965593223853,1.0002725244150652,0.0005477262412652094
1638.8035036359531,1638.8035036359531,0.999520725355759,0.0005471981635303215
1638.8104479495328,1638.8104479495328,0.9999260602749054,0.0005475378561581812
1638.8173922631242,1638.8173922631242,0.9999369414667594,0.0005472501822169148
1638.8243365767448,1638.8243365767448,1.0002470898144518,0.0005478765303413185
1638.8312808904,1638.8312808904,1.0008109532978975,0.0005472594038126303
1638.8382252040847,1638.8382252040847,0.999556612079181,0.0005469095475027138
1638.84516951781,1638.84516951781,0.9994224942868852,0.0005475474437263222
1638.852113831559,1638.852113831559,0.999889652956426,0.0005477945749624977
1638.8590581453598,1638.8590581453598,1.000477265135878,0.0005476940720597512
1638.866002459219,1638.866002459219,1.0001354616198792,0.0005470828623931003
1638.8729467731125,1638.8729467731125,0.9996553096032914,0.000547100335954533
1638.8798910870653,1638.8798910870653,0.9998421826918008,0.0005479007061250641
1638.8868354010756,1638.8868354010756,1.0001702345314167,0.0005476663206565427
1638.8937797151502,1638.8937797151502,0.9999653035762048,0.0005476929392819461
1638.9007240293006,1638.9007240293006,0.9999200920190251,0.0005478386872806416
1638.9076683435028,1638.9076683435028,1.0004635550976901,0.000547421118309648
1638.9146126577991,1638.9146126577991,1.0003005837004015,0.0005474324562748682
1638.9215569721703,1638.9215569721703,0.999938348919694,0.000547560095009471
1638.9285012866233,1638.9285012866233,0.9994466675770568,0.0005473293916875563
1638.9354456011577,1638.9354456011577,0.9993247920209851,0.000547391029501584
1638.9423899157966,1638.9423899157966,1.0000878574759466,0.0005477754234965314
1638.9493342305348,1638.9493342305348,1.0004652306126172,0.0005475769397867968
1638.95627854536,1638.95627854536,1.0006120518894257,0.0005478481695813418
1638.9632228603136,1638.9632228603136,0.9999275970689266,0.0005472298020007449
1638.9701671753598,1638.9701671753598,1.0002435634231692,0.0005475120285548057
1638.9771114905343,1638.9771114905343,0.9999468092910415,0.0005475001445334112
1638.9840558058258,1638.9840558058258,0.9998670070151464,0.0005476672951733791
1638.9910001212509,1638.9910001212509,0.9994621343137592,0.0005477495776439902
1639.8312646802187,1639.8312646802187,1.0000874361525334,0.0006192169842594488
1640.0465390901531,1640.0465390901531,1.0000197551630914,0.0006358271626937709
1640.0534834430582,1640.0534834430582,1.0009315200207454,0.0006360675699431399
1640.0604277960797,1640.0604277960797,0.9992752347935416,0.0006368785306187925
1640.0673721492287,1640.0673721492287,0.9999688803376345,0.0006371938353184827
1640.0743165025003,1640.0743165025003,0.9997690422431382,0.0006378075812410659
1640.081260855871,1640.081260855871,1.000096080505543,0.0006385004524464408
1640.088205209381,1640.088205209381,1.0012380991984204,0.0006390392644887025
1640.0951495629902,1640.0951495629902,0.9999147922087854,0.0006391381385374151
1640.1020939167217,1640.1020939167217,1.0001226240640357,0.0006397279654123896
1640.1098715930184,1640.1098715930184,0.9988344362495004,0.0006396897933566332
1640.1201492369194,1640.1201492369194,1.000205349237436,0.0006401356179961873
1640.1282046877095,1640.1282046877095,1.0002425038699063,0.0006401889747046336
1640.1368156869735,1640.1368156869735,1.0005077886419926,0.0006401517448115934
1640.1437600413392,1640.1437600413392,1.0003644571968127,0.0006396758561317278
1640.15070439581,1640.15070439581,1.0000266303739216,0.0006390554394757383
1640.1576487503855,1640.1576487503855,0.9992881520673645,0.0006384406573811349
1640.164593105042,1640.164593105042,1.0002546410331934,0.0006385377574129054
1640.1715374598036,1640.1715374598036,0.9997513462665554,0.0006374000262363783
1640.1784818146702,1640.1784818146702,0.9991324856348072,0.000636810674168024
1640.1854261696183,1640.1854261696183,0.9996539974951382,0.0006364392428986964
1640.1923705246707,1640.1923705246707,1.0008399896722184,0.0006356107094367053
1640.1993148798051,1640.1993148798051,0.9998547729534693,0.0006352034458982449
1640.2062592350383,1640.2062592350383,0.9999006560597475,0.0006344783963845749
1640.213203590353,1640.213203590353,1.0002034632943388,0.0006334726580849695
1640.220147945755,1640.220147945755,0.9999536314785906,0.0006327240634757613
1640.2270923012504,1640.2270923012504,1.000300382780928,0.0006315844543416806
1640.2340366568383,1640.2340366568383,0.99978907041987,0.0006314465070283068
1640.241814335178,1640.241814335178,0.9996980211065376,0.0006297569205385766
1640.2515364332594,1640.2515364332594,0.9992658380920647,0.000628288994058557
1640.259036337589,1640.259036337589,1.0003441301065037,0.0006277228412852485
1640.2659806935503,1640.2659806935503,1.0009311561471503,0.000627305282654168
1640.2729250495863,1640.2729250495863,0.9992850747917679,0.0006261039955534162
1640.2798694056924,1640.2798694056924,1.0002018357623417,0.0006254179744720843
1640.2868137618746,1640.2868137618746,0.9997658485398201,0.0006247877878532858
1640.2937581181377,1640.2937581181377,1.0000094329588392,0.000624184955200389
1640.300702474471,1640.300702474471,1.0008242735156283,0.0006236833362400628
1640.3076468308798,1640.3076468308798,1.0001644817030741,0.0006228261888351602
1640.31542451014,1640.31542451014,0.9993480159592257,0.0006216292253003821
1640.3229244152321,1640.3229244152321,1.0015803631688651,0.0006215317161070132
1640.3298687718623,1640.3298687718623,0.9996214230148797,0.0006211174056924287
1640.3368131285683,1640.3368131285683,1.0002331487458398,0.0006212587979499342
1640.343757485332,1640.343757485332,0.999960098073607,0.000620174985896778
1640.3507018421776,1640.3507018421776,0.9997396796771343,0.0006202748236618342
1640.3576461990756,1640.3576461990756,0.9999155429831272,0.0006203376112677424
1640.3659794274495,1640.3659794274495,1.000776159369959,0.0006200594459837553
1640.3729237844932,1640.3729237844932,0.9996071398527308,0.0006197983116186859
1640.3798681416006,1640.3798681416006,1.0000133016976496,0.0006195785899561157
1640.3868124987723,1640.3868124987723,0.9996214092772202,0.0006200893477115752
1640.3937568560018,1640.3937568560018,0.9990538278197374,0.0006196970098507525
1640.4007012132952,1640.4007012132952,0.9987105007012784,0.0006194015409563448
1640.4076455706413,1640.4076455706413,1.0002270453665572,0.0006196580016362794
1640.4145899280516,1640.4145899280516,0.9993060252889616,0.0006198656441346442
1640.422923157025,1640.422923157025,1.0009974872944265,0.0006200653480480766
1640.4298675145576,1640.4298675145576,1.0005306148537056,0.0006202121814344972
1640.4368118721482,1640.4368118721482,1.0009428297927898,0.0006201554906895484
1640.4437562297912,1640.4437562297912,0.9995032846176297,0.0006197483551980837
1640.4507005874918,1640.4507005874918,1.0007060619905903,0.0006203102413578077
1640.4576449452459,1640.4576449452459,0.998794684672372,0.0006196431854739997
1640.4645893030574,1640.4645893030574,1.0000614832610581,0.0006196793039955643
1640.4715336609102,1640.4715336609102,0.9996401120133047,0.000620055785050698
1640.4784780188206,1640.4784780188206,0.999486453528125,0.0006196825353230396
1640.4854223767784,1640.4854223767784,0.9996660977311986,0.000620035402287273
1640.4923667347873,1640.4923667347873,1.0003861772685463,0.0006205659684313871
1640.5004221901468,1640.5004221901468,1.0016759228913497,0.0006199853373414039
1640.50764432258,1640.50764432258,1.0007425411424655,0.000620398371414336
1640.5145886807466,1640.5145886807466,0.9993506322367247,0.0006205947217519375
1640.5215330389597,1640.5215330389597,0.9995732236871268,0.0006204215271062883
1640.5284773972203,1640.5284773972203,0.9994851095816344,0.0006210931614990292
1640.5354217555202,1640.5354217555202,0.9995773603218326,0.0006210689605372323
1640.5423661138623,1640.5423661138623,1.0006376873039018,0.000621174413295565
1640.549310472256,1640.549310472256,0.9994443424005229,0.000621035865765527
1640.5562548306964,1640.5562548306964,1.0003090013367257,0.0006207499723421056
1640.5631991891719,1640.5631991891719,1.0002890263702036,0.0006209105962058676
1640.5701435477051,1640.5701435477051,0.999603081546659,0.0006206555906479042
1640.5770879062566,1640.5770879062566,1.0003328555310425,0.0006201906784561088
1640.5840322648594,1640.5840322648594,0.9991897093335085,0.0006199806179519294
1640.5909766235036,1640.5909766235036,1.0000219676116502,0.0006197706214860993
1640.5979209821883,1640.5979209821883,1.0009408257196064,0.0006200625033659205
1640.6048653409143,1640.6048653409143,1.000169083780449,0.0006203103900283758
1640.6118096996863,1640.6118096996863,1.0009643707171696,0.0006195322821543629
1640.618754058482,1640.618754058482,1.001074615675042,0.0006190186662676645
1640.6256984173178,1640.6256984173178,0.9998927025255483,0.0006186871386867182
1640.6326427761946,1640.6326427761946,0.999887324591904,0.0006186562676029983
1640.6395871351183,1640.6395871351183,0.9990066239856942,0.0006184940766692309
1640.6465314940592,1640.6465314940592,0.9997343252513484,0.0006179035370267353
1640.6534758530465,1640.6534758530465,0.9997383542491208,0.000617661077334197
1640.6604202120693,1640.6604202120693,0.9997848802950816,0.0006175008333613034
1640.6673645711264,1640.6673645711264,1.000743796079869,0.0006173922144680361
1640.6743089302188,1640.6743089302188,1.0000817275318252,0.0006169189792781198
1640.681253289346,1640.681253289346,0.9998256684358555,0.0006168149519646175
1640.688197648497,1640.688197648497,1.0001423667281066,0.0006166006513650695
1640.695142007682,1640.695142007682,0.9997789417427956,0.0006161274897343077
1640.7020863669084,1640.7020863669084,1.0002186260311465,0.0006161666191428774
1640.7090307261756,1640.7090307261756,1.0002256827126592,0.0006163326509757821
1640.7159750854485,1640.7159750854485,0.9998576089013911,0.0006156442809308261
1640.7229194447675,1640.7229194447675,1.000002551107936,0.0006159663378764353
1640.7298638041098,1640.7298638041098,0.9997525444802665,0.0006158050799082647
1640.7368081634934,1640.7368081634934,1.0013152320178043,0.0006155811563087988
1640.7451413947776,1640.7451413947776,0.9998240714353758,0.0006152489297374961
1640.754030174874,1640.754030174874,0.9986247482980565,0.0006154811717038477
1640.761807857492,1640.761807857492,0.9993590334759052,0.0006147797446284706
1640.768752217004,1640.768752217004,1.0000790549987293,0.0006151326374815428
1640.7756965765323,1640.7756965765323,1.000777601118535,0.0006151180556087995
1640.7826409361016,1640.7826409361016,1.0005701075100468,0.0006150969198446237
1640.7895852957008,1640.7895852957008,0.9995749748449683,0.0006144538083386701
1640.7965296553168,1640.7965296553168,1.0007622687569195,0.0006141340059496165
1640.8034740149621,1640.8034740149621,0.9999097378308617,0.000614066054103866
1640.8104183746364,1640.8104183746364,0.9995240618105331,0.000613438486720275
1640.8173627343228,1640.8173627343228,1.0000700146081685,0.0006135703613938223
1640.8243070940553,1640.8243070940553,0.9999579624933037,0.0006128071169843033
1640.8312514537997,1640.8312514537997,0.9999782802794378,0.0006128676221239655
1640.8381958135728,1640.8381958135728,0.9995405147404692,0.0006124265338431793
1640.8451401733632,1640.8451401733632,1.0000700745382811,0.0006125874342425817
1640.852084533189,1640.852084533189,1.0003357447353143,0.0006117141745048402
1640.8590288930147,1640.8590288930147,0.9997860400691818,0.0006114148629134806
1640.8659732528934,1640.8659732528934,1.0005506447282206,0.0006117898182421329
1640.8729176127824,1640.8729176127824,0.9999633823349413,0.0006105861942210892
1640.8801397470845,1640.8801397470845,1.0005288482638166,0.0006102480760363369
1640.888195204609,1640.888195204609,1.0002216385182956,0.0006089369934247225
1640.8951395645686,1640.8951395645686,1.0001100536527612,0.0006085765863250365
1640.9020839245513,1640.9020839245513,0.9992891718349405,0.0006081281740003968
1640.9090282845518,1640.9090282845518,0.9992612743108509,0.0006076568971357364
1640.9159726445698,1640.9159726445698,1.0006937976233317,0.0006067314313330732
1640.9229170046106,1640.9229170046106,0.9996837240991798,0.0006064816799807572
1640.9298613646752,1640.9298613646752,1.000597057774122,0.0006060411673193476
1640.9368057247568,1640.9368057247568,1.0011287161040374,0.0006053020173153794
1640.9437500848562,1640.9437500848562,1.000333960439566,0.0006041505394268041
1640.950694444979,1640.950694444979,0.999683585427644,0.0006035993616828468
1640.957638805107,1640.957638805107,0.9999224907095952,0.0006032541364646324
1640.9645831652765,1640.9645831652765,0.9997156714638044,0.0006021451520168498
1640.9715275254457,1640.9715275254457,0.9999579471377766,0.0006012609994390146
1640.9793052088728,1640.9793052088728,0.9997157849906726,0.0006009833501610767
1640.9868051179,1640.9868051179,0.9996826931546071,0.0006000987643591524
1640.9937494781393,1640.9937494781393,0.999789386495521,0.0005997748025059373
1641.0006938383842,1641.0006938383842,1.0002202948814625,0.0005991442336663074
1641.007638198652,1641.007638198652,1.0009885470772075,0.0005988859948141783
1641.0145825589439,1641.0145825589439,1.0002681229713446,0.0005980521440654291
1641.0215269192347,1641.0215269192347,0.9992361209527114,0.0005980549201926556
1641.0284712795612,1641.0284712795612,1.0007480308496461,0.0005973101698645428
1641.0354156398876,1641.0354156398876,0.9990882687451957,0.0005965209973405612
1641.0423600002373,1641.0423600002373,1.00007676539938,0.00059656048389122
1641.0493043606039,1641.0493043606039,0.9998335420334772,0.0005966933872177257
1641.0562487209831,1641.0562487209831,0.9993713126268986,0.0005960745606557259
1641.063193081379,1641.063193081379,1.0005090711117741,0.0005951910969490265
1641.0701374417865,1641.0701374417865,0.9998080490646242,0.0005950495537498268
1641.0770818022065,1641.0770818022065,1.0007625112106413,0.0005950832456997711
1641.084026162643,1641.084026162643,1.00022484050867,0.0005954006542034744
1641.090970523109,1641.090970523109,0.9996950217936122,0.0005946583069957442
1641.0979148835693,1641.0979148835693,1.0001771755412374,0.0005945232452402746
1641.1048592440525,1641.1048592440525,0.9997099322776958,0.0005946020497162522
1641.1118036045423,1641.1118036045423,0.9996184832548984,0.0005939352301645878
1641.1187479650548,1641.1187479650548,1.000005691900493,0.000593992998450212
1641.1256923255728,1641.1256923255728,1.0002745268193438,0.0005935683256650909
1641.1326366861026,1641.1326366861026,1.00011675358004,0.0005934615027757437
1641.1395810466504,1641.1395810466504,0.9999612584732915,0.0005935417326518143
1641.1465254072154,1641.1465254072154,1.0002699252184208,0.0005940581538307553
1641.1534697677685,1641.1534697677685,0.999294017084783,0.000593744194289067
1641.1604141283574,1641.1604141283574,1.0006101043437103,0.0005933058541115128
1641.1673584889627,1641.1673584889627,0.9994064638801236,0.0005932863687807515
1641.1743028495628,1641.1743028495628,1.000256195616369,0.0005932209919085003
1641.18124721018,1641.18124721018,1.0001124952444047,0.0005925660433602661
1641.1881915708095,1641.1881915708095,0.9999894872464441,0.000592655940301899
1641.1951359314494,1641.1951359314494,1.0003238691666219,0.0005924267609041491
1641.202080292102,1641.202080292102,1.0006449063791074,0.0005920099294424339
1641.2090246527655,1641.2090246527655,0.9997209887304281,0.0005921195944419515
1641.2159690134351,1641.2159690134351,0.9998407344236515,0.000591676175791098
1641.2229133741228,1641.2229133741228,0.9981717232123802,0.0005909038438964201
1641.2298577348156,1641.2298577348156,1.0006091912602666,0.0005906631229807297
1641.2368020955146,1641.2368020955146,0.9997499253948103,0.0005903432206860891
1641.243746456231,1641.243746456231,1.0003806896576573,0.0005908048359796643
1641.250690816941,1641.250690816941,1.0005031178806907,0.0005896855011151327
1641.2576351776866,1641.2576351776866,1.0000181124311702,0.0005898838135212647
1641.2645795384262,1641.2645795384262,1.000589174464511,0.0005900901236204502
1641.2715238991775,1641.2715238991775,1.000440451629651,0.0005891948740862523
1641.2784682599345,1641.2784682599345,0.9999360479058843,0.0005889829046676515
1641.285412620709,1641.285412620709,0.9998631904970046,0.0005882433533238545
1641.2923569814836,1641.2923569814836,0.999383560131925,0.0005873407510183938
1641.2993013422697,1641.2993013422697,0.9990192592670468,0.0005873303770306113
1641.3062457030617,1641.3062457030617,0.9995628665413028,0.0005868630932514357
1641.313190063865,1641.313190063865,1.000753440302625,0.000586815429717677
1641.3201344246804,1641.3201344246804,1.0000265923622522,0.00058642498980817
1641.3270787855013,1641.3270787855013,1.0001740151899223,0.0005865526820892103
1641.3340231463285,1641.3340231463285,1.0007435930167399,0.0005858052852760225
1641.340967507161,1641.340967507161,1.0008435091074137,0.0005857580510623295
1641.3479118680054,1641.3479118680054,0.9997679219188209,0.0005850242296974804
1641.35485622885,1641.35485622885,0.9994196337027059,0.0005849100164475314
1641.3618005897115,1641.3618005897115,0.9990603361089943,0.0005847231677869544
1641.3687449505676,1641.3687449505676,0.9997930341264528,0.0005849019003207505
1641.375689311441,1641.375689311441,1.0001428278315452,0.0005840346166088087
1641.3826336723146,1641.3826336723146,1.0002584519757427,0.0005844088768885584
1641.3895780332173,1641.3895780332173,1.0002387116118288,0.0005842241500047544
1641.396522394102,1641.396522394102,1.0000504203961256,0.0005840904766361338
1641.4034667550102,1641.4034667550102,1.0004160892973715,0.0005837418543942839
1641.4104111158954,1641.4104111158954,0.999686905553433,0.0005837818747249609
1641.417355476827,1641.417355476827,0.9999756147293472,0.0005837822692552211
1641.4242998377354,1641.4242998377354,0.9998755976210697,0.0005837300678086163
1641.4312441986556,1641.4312441986556,0.9999818875890792,0.0005836775087433677
1641.4381885595874,1641.4381885595874,0.9995996276329071,0.0005842104757810283
1641.4451329205185,1641.4451329205185,1.001062594780917,0.0005841593479887191
1641.4520772814624,1641.4520772814624,0.9983537038223499,0.0005838122086294177
1641.4590216423937,1641.4590216423937,1.0009648363092232,0.0005844012734271887
1641.4659660033606,1641.4659660033606,1.0000512623116864,0.0005839686512506836
1641.4729103643153,1641.4729103643153,1.000742078667106,0.0005845448126712159
1641.47985472527,1641.47985472527,0.9998307409479782,0.0005843189180975807
1641.4867990862367,1641.4867990862367,0.9994451334763953,0.0005844705810393545
1641.4937434472151,1641.4937434472151,0.9994176732978041,0.0005839910059767245
1641.5006878081817,1641.5006878081817,1.0004844696067636,0.0005849678825418817
1641.5076321691715,1641.5076321691715,0.9995610796256044,0.0005852172394435917
1641.5145765301502,1641.5145765301502,1.0003793570155615,0.0005849461424017002
1641.521520891139,1641.521520891139,1.000678478252863,0.000585358191700209
1641.5284652521295,1641.5284652521295,0.9999224885203919,0.0005858194048455427
1641.535409613131,1641.535409613131,0.9994944293708177,0.000585680970491186
1641.5423539741325,1641.5423539741325,1.0001166999426072,0.0005852602517471485
1641.5492983351573,1641.5492983351573,0.9996536294321811,0.0005857840170671435
1641.5562426961467,1641.5562426961467,0.9999608598274763,0.0005855550865840397
1641.5631870571603,1641.5631870571603,1.0006816866706665,0.0005858499133262451
1641.570131418185,1641.570131418185,0.9995310531880304,0.0005853861149817265
1641.5770757791984,1641.5770757791984,0.9999986008423752,0.0005859304236494196
1641.5840201402461,1641.5840201402461,1.0007448751071446,0.0005857997946550983
1641.5909645012712,1641.5909645012712,0.9996122024655729,0.0005857749316665902
1641.597908862296,1641.597908862296,0.9997183890428907,0.0005861179887664816
1641.6048532233322,1641.6048532233322,0.9997155592881667,0.0005861976382227443
1641.6117975843804,1641.6117975843804,1.0001544275237302,0.0005861830097064508
1641.6187419454163,1641.6187419454163,1.0002459072606473,0.0005862855357627485
1641.625686306465,1641.625686306465,1.000226381711979,0.0005862162319812558
1641.6326306675128,1641.6326306675128,0.9997642524815609,0.0005859388299628207
1641.639575028561,1641.639575028561,0.9991343752162738,0.0005856861513882374
1641.6465193896088,1641.6465193896088,1.0006788264258861,0.0005860665128718807
1641.6534637506804,1641.6534637506804,1.000548438048885,0.0005858435065201569
1641.6604081117282,1641.6604081117282,0.9997352095739483,0.0005861572880149948
1641.667352472788,1641.667352472788,1.000098550344415,0.0005852609527159876
1641.6742968338597,1641.6742968338597,0.9996968919060507,0.0005852251675274555
1641.6812411949309,1641.6812411949309,0.9998341144119239,0.0005856196845531942
1641.6881855559907,1641.6881855559907,0.9995293880340658,0.0005848786591272446
1641.6951299170619,1641.6951299170619,1.000633115424424,0.0005851871058747298
1641.7020742781328,1641.7020742781328,1.0001016823885425,0.0005854042608538454
1641.7090186392165,1641.7090186392165,1.0001173142027044,0.0005855598068684271
1641.7159630002873,1641.7159630002873,0.9994356517250068,0.0005856425246367809
1641.7229073613703,1641.7229073613703,1.000194864891413,0.0005844474075824326
1641.7298517224422,1641.7298517224422,1.0004383820464113,0.0005846435839084198
1641.7367960835368,1641.7367960835368,0.9994991321646429,0.0005846500111931935
1641.7437404446082,1641.7437404446082,0.9999966532932785,0.0005845497497964279
1641.7506848057026,1641.7506848057026,1.0000446870389812,0.0005848741920572256
1641.7576291667854,1641.7576291667854,1.0004046638389763,0.0005856269309088699
1641.7645735278686,1641.7645735278686,1.0006450341924347,0.000584788662720273
1641.7715178889634,1641.7715178889634,0.9996366304727488,0.0005846614598269274
1641.7784622500574,1641.7784622500574,1.000026654817125,0.0005849279982517219
1641.7854066111408,1641.7854066111408,0.9999371309940717,0.000584762188047858
1641.7923509722355,1641.7923509722355,0.9994441988787519,0.0005846067612050335
1641.7992953333298,1641.7992953333298,0.9995780603789808,0.0005854981544864846
1641.806239694425,1641.806239694425,1.0001201472480634,0.0005848199213936498
1641.813184055531,1641.813184055531,1.000494332560318,0.000585088418161259
1641.8201284166141,1641.8201284166141,0.9997656878443724,0.0005849115613898653
1641.8270727777203,1641.8270727777203,0.9998688201073221,0.0005842248835595729
1641.834017138815,1641.834017138815,1.0000555653323384,0.0005843808425418011
1641.8409614999096,1641.8409614999096,1.000542913120659,0.0005845696429690898
1641.847905861016,1641.847905861016,0.9999219800744734,0.0005838282096743523
1641.8548502221104,1641.8548502221104,1.0004100867164853,0.0005843251903412245
1641.8617945832164,1641.8617945832164,0.9992552737415401,0.0005836837728797291
1641.8687389443228,1641.8687389443228,1.0003566514510076,0.0005841729055698381
1641.8756833054172,1641.8756833054172,0.9997388339922659,0.0005838684861733923
1641.882627666512,1641.882627666512,1.0001184435083592,0.0005836278503959229
1641.8895720276184,1641.8895720276184,1.0003971269443583,0.0005834233994088006
1641.8965163887246,1641.8965163887246,1.000125499663579,0.0005834090653893597
1641.9034607498197,1641.9034607498197,0.9993261429878256,0.0005829895595940074
1641.9104051109255,1641.9104051109255,0.9997734889373253,0.0005828125779865138
1641.9173494720321,1641.9173494720321,0.9995097460843623,0.0005827898626956079
1641.9242938331263,1641.9242938331263,0.9997334262000219,0.0005819367060361316
1641.9312381942327,1641.9312381942327,1.0002381306565815,0.0005820811157223146
1641.9381825553387,1641.9381825553387,1.0009522655146539,0.0005816598609237263
1641.9451269164335,1641.9451269164335,1.0000576943806254,0.0005811877222395143
1641.9520712775404,1641.9520712775404,1.0003703548522522,0.0005816648903353521
1641.9590156386344,1641.9590156386344,0.9991971035486044,0.0005804530831086956
1641.9659599997292,1641.9659599997292,1.0005814721900408,0.0005805189592378577
1641.9729043608354,1641.9729043608354,0.9999999441021152,0.0005802461437804214
1641.9798487219305,1641.9798487219305,0.9998432913645592,0.0005806242718608093
1641.9867930830364,1641.9867930830364,1.00008681745169,0.0005797445802440302
1641.9937374441313,1641.9937374441313,0.9999641174088554,0.0005798835991984512
1642.0006818052254,1642.0006818052254,1.000235896497022,0.0005793380298546315
1642.0076261663319,1642.0076261663319,1.0001855847395538,0.0005796262313866802
1642.014570527415,1642.014570527415,1.000233112300304,0.0005793008872162211
1642.0215148885097,1642.0215148885097,0.999261768846966,0.0005787006598498431
1642.028459249604,1642.028459249604,0.9998307657102614,0.0005792119239396071
1642.0354036106987,1642.0354036106987,1.0000027732030472,0.0005785721600075792
1642.0423479717815,1642.0423479717815,1.0007467296537897,0.000578498216319711
1642.0492923328761,1642.0492923328761,0.9995566857344114,0.0005786174433826768
1642.056236693971,1642.056236693971,1.0005782078616279,0.0005782787696838505
1642.0631810550658,1642.0631810550658,0.9997068357927439,0.0005779382029303234
1642.0701254161486,1642.0701254161486,1.0006738504076924,0.0005776479491641918
1642.0770697772314,1642.0770697772314,1.0002969822123626,0.000577675819642118
1642.0840141383264,1642.0840141383264,1.000286583262171,0.0005784165506307491
1642.0909584993976,1642.0909584993976,1.0002362168857313,0.0005773237974273004
1642.097902860493,1642.097902860493,0.9991728958235132,0.0005771142330537758
1642.1048472215632,1642.1048472215632,0.9995047814696862,0.0005776155321841881
1642.1117915826467,1642.1117915826467,1.0003131447418103,0.0005772249700519551
1642.1187359437176,1642.1187359437176,1.0000918250732904,0.000577305581526472
1642.1256803048007,1642.1256803048007,1.0003990777024394,0.0005775869425104322
1642.1326246658723,1642.1326246658723,0.9996507166810978,0.0005771147883304537
1642.1395690269553,1642.1395690269553,1.0005565586661755,0.0005774448222243564
1642.146513388015,1642.146513388015,0.9996114043080067,0.0005770653542780248
1642.153457749086,1642.153457749086,0.9997820087401965,0.000577848149261634
1642.1604021101575,1642.1604021101575,1.0000890024546343,0.0005769417165354155
1642.1673464712173,1642.1673464712173,1.0004019185357202,0.0005777689819190589
1642.174290832289,1642.174290832289,0.9997059081400523,0.0005774116920523336
1642.1812351933481,1642.1812351933481,0.9994431377269258,0.0005769653619861243
1642.188179554408,1642.188179554408,1.000559629343605,0.0005769861141868873
1642.1951239154678,1642.1951239154678,0.9998696048939166,0.0005771505147220875
1642.2020682765153,1642.2020682765153,1.000201298613777,0.0005769309811655113
1642.2090126375756,1642.2090126375756,1.0000126847291964,0.0005770637881271288
1642.215956998623,1642.215956998623,1.0004831325463577,0.0005773327100461438
1642.2229013596832,1642.2229013596832,0.9998432660555107,0.0005764924139261436
1642.2298457207312,1642.2298457207312,0.9995936342374023,0.0005764849330124966
1642.2367900817676,1642.2367900817676,0.9992723661420138,0.0005763301105590957
1642.2437344428158,1642.2437344428158,1.0001988288697348,0.0005767422696929655
1642.2506788038638,1642.2506788038638,0.9997521918478786,0.0005768040598058903
1642.2576231649005,1642.2576231649005,1.0007483429781234,0.0005764358205680063
1642.264567525925,1642.264567525925,1.0008154642662095,0.0005760958260881153
1642.2715118869733,1642.2715118869733,0.9997803979423032,0.0005759414538137945
1642.2784562479978,1642.2784562479978,1.0002110583299264,0.0005757169958620545
1642.285400609034,1642.285400609034,0.9992529384882929,0.000575432843576961
1642.2923449700588,1642.2923449700588,0.9996931603628557,0.0005752244682790663
1642.2992893310839,1642.2992893310839,0.9995806255151514,0.0005758403339423013
1642.306233692097,1642.306233692097,0.9997512460885932,0.0005758285754989551
1642.3131780531216,1642.3131780531216,1.000915264087196,0.0005752423653431491
1642.3201224141346,1642.3201224141346,1.0001477044497835,0.0005748998509590363
1642.3270667751597,1642.3270667751597,0.9999988467022483,0.0005745283529747599
1642.3340111361726,1642.3340111361726,1.0000391790529128,0.0005748166085574756
1642.340955497163,1642.340955497163,0.9998463189367252,0.0005746673474630334
1642.3478998581872,1642.3478998581872,1.0002127915250825,0.0005745938104830809
1642.3548442191775,1642.3548442191775,0.999747750409821,0.000574430535801445
1642.3617885801784,1642.3617885801784,1.0002320440952037,0.000574165976491159
1642.36873294118,1642.36873294118,1.0001937916336416,0.0005743427216882808
1642.37567730217,1642.37567730217,0.9993862019702624,0.0005738305563578246
1642.3826216631594,1642.3826216631594,1.0008010397336302,0.0005739723622200266
1642.3895660241499,1642.3895660241499,0.9989323674977916,0.0005738117811355234
1642.3965103851394,1642.3965103851394,1.0000453608605206,0.0005741379136486711
1642.4034547461179,1642.4034547461179,1.0005542561864222,0.0005739659514268431
1642.4103991071074,1642.4103991071074,0.9996234384386277,0.0005732873017094263
1642.4173434680743,1642.4173434680743,0.9998461278474637,0.0005734093215213857
1642.4242878290522,1642.4242878290522,1.0002225533304847,0.0005730336887079898
1642.4312321900193,1642.4312321900193,1.0001692471561214,0.0005734099300599332
1642.4381765509854,1642.4381765509854,1.0002218222122417,0.000573395510779974
1642.4451209119638,1642.4451209119638,0.9997972548777403,0.0005737363727277664
1642.4520652729068,1642.4520652729068,1.0006678130604556,0.0005740704971849377
1642.4590096338732,1642.4590096338732,0.99914305328949,0.0005733755128250206
1642.4659539948286,1642.4659539948286,0.9998006927487019,0.0005735054022592791
1642.4728983557713,1642.4728983557713,0.9995828937081669,0.0005737762084431061
1642.4798427167266,1642.4798427167266,1.0006661167032935,0.0005739137062746399
1642.48678707767,1642.48678707767,1.0002496914598322,0.0005740106416734204
1642.493731438613,1642.493731438613,0.9999658510576468,0.0005743353417003727
1642.5006757995448,1642.5006757995448,1.0005964395625646,0.0005748026594520488
1642.507620160488,1642.507620160488,0.9999197390662612,0.0005743570067791497
1642.5145645214197,1642.5145645214197,1.0002391440403116,0.0005752474992836741
1642.52150888234,1642.52150888234,0.9999652439384086,0.0005748112295943969
1642.5284532432713,1642.5284532432713,0.9991180544854359,0.0005750495004672308
1642.5353976041915,1642.5353976041915,0.9997959814372323,0.0005754856685328835
1642.5423419650997,1642.5423419650997,1.0001766987811136,0.0005753027610253862
1642.549286326031,1642.549286326031,0.9998432961281418,0.0005758261418566348
1642.556230686928,1642.556230686928,1.0000295002782686,0.0005761035925454761
1642.5631750478365,1642.5631750478365,0.9999228065349225,0.000576283199718683
1642.570119408733,1642.570119408733,1.0000630406043398,0.0005763551102484419
1642.5770637696417,1642.5770637696417,0.9999956203582248,0.0005761867073682857
1642.5840081305148,1642.5840081305148,1.000022121445791,0.00057657106809314
1642.5909524914466,1642.5909524914466,1.0003494130056272,0.0005763375462073878
1642.5978968523202,1642.5978968523202,1.0002821721037765,0.0005767572135190115
1642.6048412131936,1642.6048412131936,0.9996200948784288,0.0005767526425496068
1642.6117855740672,1642.6117855740672,1.000040429589434,0.0005768850728353494
1642.6187299349403,1642.6187299349403,1.0004841239214177,0.0005768783462700784
1642.6256742958135,1642.6256742958135,0.9994949850669481,0.0005769691428119765
1642.632618656687,1642.632618656687,0.9999441149547023,0.0005776293770417393
1642.63956301756,1642.63956301756,0.9998744542633062,0.000577157053470817
1642.646507378434,1642.646507378434,0.999560679971321,0.0005771893195826696
1642.653451739272,1642.653451739272,1.0004945847373783,0.0005775829388471061
1642.6603961001226,1642.6603961001226,1.0002435271770191,0.0005779407167594103
1642.667340460996,1642.667340460996,1.0000836203228627,0.0005773835631763798
1642.6742848218114,1642.6742848218114,1.0001728013657716,0.0005774620951264252
1642.6812291826732,1642.6812291826732,0.9999909814210917,0.0005779432667201925
1642.6881735435,1642.6881735435,1.0001582945714547,0.0005775404444612595
1642.6951179043383,1642.6951179043383,0.9994826442727028,0.0005777232759008099
1642.7020622651653,1642.7020622651653,0.9997906642665303,0.0005774423290914592
1642.709006625992,1642.709006625992,1.0000498814618806,0.0005782877232526306
1642.715950986819,1642.715950986819,1.0001076295321762,0.0005776822641782484
1642.722895347634,1642.722895347634,0.9999419429704629,0.0005781536915733744
1642.7298397084373,1642.7298397084373,0.9997960404187731,0.0005779791066500535
1642.7367840692532,1642.7367840692532,0.9997959641403213,0.0005781205970335455
1642.7437284300563,1642.7437284300563,1.0004432591986174,0.0005778666813675533
1642.7506727908603,1642.7506727908603,1.0003508816668787,0.0005783360826635904
1642.7576171516525,1642.7576171516525,1.0003155719858852,0.0005775300420784678
1642.7645615124443,1642.7645615124443,0.9991690636272608,0.0005776699296636278
1642.7715058732242,1642.7715058732242,0.999822845162333,0.0005775974310731529
1642.778450234016,1642.778450234016,1.0000897690304091,0.0005773011533770966
1642.7853945947966,1642.7853945947966,1.0006435392794422,0.0005773509864760755
1642.792338955577,1642.792338955577,0.9998702556298529,0.0005779536666775567
1642.7992833163335,1642.7992833163335,1.0003885101707262,0.0005774766015865996
1642.8062276771027,1642.8062276771027,0.999821385290724,0.000577935411054425
1642.8131720378594,1642.8131720378594,0.9988861955684187,0.0005778965521343344
1642.8201163986164,1642.8201163986164,1.000130111434305,0.0005774681038631213
1642.8270607593736,1642.8270607593736,1.0003263688926936,0.0005777236672204034
1642.8340051201187,1642.8340051201187,0.9998118619773558,0.0005775764694008295
1642.8409494808645,1642.8409494808645,1.0003794861858841,0.0005777631764978749
1642.847893841598,1642.847893841598,1.0006485060686188,0.0005777656099386166
1642.8548382023553,1642.8548382023553,0.9990830787535661,0.0005773312747915634
1642.8617825630768,1642.8617825630768,1.0002306191396881,0.0005779784659844698
1642.8687269238112,1642.8687269238112,1.0003140506146135,0.0005769515448261505
1642.8756712845097,1642.8756712845097,1.0003257940387222,0.0005770650104497848
1642.8826156452317,1642.8826156452317,1.0002631575508556,0.0005767535742536129
1642.8895600059418,1642.8895600059418,0.9998196826348913,0.000577304935023129
1642.8965043666526,1642.8965043666526,1.0006840519474731,0.0005765782376812137
1642.9034487273632,1642.9034487273632,0.9996792478903963,0.0005759286538098254
1642.9103930880501,1642.9103930880501,0.9995962760132114,0.000575756916624281
1642.9173374487486,1642.9173374487486,1.0000561723977395,0.0005761117629571816
1642.924281809436,1642.924281809436,0.9995086525559487,0.0005756181135827711
1642.931226170135,1642.931226170135,1.0002736566620667,0.0005757613580251337
1642.9381705308103,1642.9381705308103,1.0000419776183975,0.0005750972341844999
1642.9451148914745,1642.9451148914745,1.000456384287558,0.0005750824095544693
1642.9520592521499,1642.9520592521499,0.9988740559240682,0.0005745790186480257
1642.9590036128138,1642.9590036128138,0.9999480062117927,0.000575166223264042
1642.9659479734776,1642.9659479734776,1.0004099533975295,0.0005746741377537175
1642.9728923341415,1642.9728923341415,1.0005879557526771,0.0005742940716931687
1642.979836694782,1642.979836694782,0.999989628963591,0.0005741905555338649
1642.9867810554344,1642.9867810554344,0.9993253214339036,0.0005741572072367705
1642.9937254160748,1642.9937254160748,0.999541428536325,0.0005737617930193002
1643.000669776704,1643.000669776704,0.9991141825879077,0.0005734726786979469
1643.0076141373324,1643.0076141373324,1.0003918636276175,0.0005736711921412027
1643.0145584979734,1643.0145584979734,1.0006037315803151,0.000573749056473254
1643.0215028586022,1643.0215028586022,1.0004979933146112,0.000573799044008412
1643.0284472191966,1643.0284472191966,0.9996611528074281,0.0005737918443378935
1643.0353915798373,1643.0353915798373,1.0009168068600114,0.0005738391706449507
1643.042335940419,1643.042335940419,1.0000019617854397,0.0005732603155867927
1643.0492803010486,1643.0492803010486,0.9997019359293281,0.0005728566712746616
1643.056224661642,1643.056224661642,0.9992311106122218,0.0005730294434213625
1643.0631690222249,1643.0631690222249,1.0000611145944487,0.0005730140617772204
1643.0701133828068,1643.0701133828068,1.000337991190315,0.0005730954252684775
1643.077057743389,1643.077057743389,1.0002504174916116,0.0005733099105014584
1643.0840021039717,1643.0840021039717,1.0000525520089643,0.0005729768678196456
1643.0909464645538,1643.0909464645538,1.0003607753567918,0.0005731925285719739
1643.0978908251363,1643.0978908251363,1.0012494816728117,0.0005728967811997817
1643.1048351856723,1643.1048351856723,1.0001070734192448,0.0005727002510100662
1643.1117795462428,1643.1117795462428,0.9987675827199691,0.0005726193244596423
1643.1187239067908,1643.1187239067908,0.9995691305692578,0.0005728383275087369
1643.1256682673497,1643.1256682673497,1.0004855044058647,0.0005728462982415429
1643.132612627874,1643.132612627874,0.9999426180399841,0.0005727403139955345
1643.1395569884212,1643.1395569884212,1.000031230080317,0.0005726477082953128
1643.1465013489571,1643.1465013489571,1.0003961678313193,0.0005730290236624363
1643.153445709481,1643.153445709481,0.9998793364130693,0.0005728603464949719
1643.1603900700054,1643.1603900700054,1.000107557965384,0.0005725890748718409
1643.1673344305295,1643.1673344305295,1.0000607602015883,0.000572680061644682
1643.174278791042,1643.174278791042,0.9998260621864701,0.0005722651560202351
1643.1812231515432,1643.1812231515432,1.0002578396601443,0.0005725765057429196
1643.1920563539236,1643.1920563539236,0.9995610819578988,0.0005732161026903252
1643.2048339772323,1643.2048339772323,0.9997076372268492,0.0005730233987263381
1643.2117783377212,1643.2117783377212,1.0001571060244048,0.0005723414607930413
1643.220667119127,1643.220667119127,1.0002377812110848,0.0005727538469023659
1643.2312225470494,1643.2312225470494,1.0010273158589758,0.0005725937662407319
1643.2409446516897,1643.2409446516897,0.9993438150184751,0.000572669347596648
1643.247889012156,1643.247889012156,0.99937844967758,0.0005728160820662327
1643.2548333725986,1643.2548333725986,0.9999045591301785,0.0005724034014295827
1643.261777733053,1643.261777733053,1.0002042988777158,0.0005720269319650819
1643.2687220934956,1643.2687220934956,1.0004468785783591,0.0005718562109506067
1643.2756664539388,1643.2756664539388,1.0004030030606215,0.0005719015636117615
1643.2826108143577,1643.2826108143577,1.0003167423426926,0.0005726140536406697
1643.2895551747774,1643.2895551747774,0.9990609083459254,0.0005716947314893094
1643.2976106328776,1643.2976106328776,0.9997219906161103,0.0005712581010845813
1643.3048327676977,1643.3048327676977,1.0007228860199187,0.0005716069003956375
1643.311777128105,1643.311777128105,1.0015145202626972,0.0005714219416892939
1643.3187214885133,1643.3187214885133,0.9991928788958326,0.0005715763279320854
1643.3256658489095,1643.3256658489095,0.9994218754517747,0.0005711375206557403
1643.3326102093051,1643.3326102093051,1.0019039559081027,0.0005710640307859496
1643.3398323441136,1643.3398323441136,1.000143886217777,0.0005706700267030125
1643.347887802144,1643.347887802144,1.0003176212769351,0.0005709232287570093
1643.3559432601753,1643.3559432601753,0.9993849208180821,0.0005703123226458773
1643.3631653949712,1643.3631653949712,0.9997808894170394,0.0005702021567471711
1643.3701097553326,1643.3701097553326,0.9995208943095577,0.0005703567836424386
1643.377054115682,1643.377054115682,0.9994675039854284,0.0005703534154890563
1643.3839984760314,1643.3839984760314,1.0007996612255297,0.0005695847146952325
1643.390942836381,1643.390942836381,1.000608525950376,0.0005698489702113485
1643.3978871967188,1643.3978871967188,0.9997764448396778,0.0005698971377333434
1643.404831557057,1643.404831557057,1.0001179505622724,0.0005695500940796608
1643.411775917395,1643.411775917395,0.9998646096991554,0.0005696926103483221
1643.418720277698,1643.418720277698,1.0008401616420772,0.0005702386820728759
1643.4256646380472,1643.4256646380472,1.0001340634823705,0.000569117359670579
1643.4326089983388,1643.4326089983388,0.9998350204110249,0.0005701259691336508
1643.4395533586417,1643.4395533586417,0.9995690675629317,0.0005696622981581307
1643.4464977189793,1643.4464977189793,0.9992918432012706,0.0005702904599441007
1643.4534420792709,1643.4534420792709,1.0002279127087832,0.0005700557782879282
1643.4603864395624,1643.4603864395624,1.000786220513503,0.0005700633339480877
1643.4673307998535,1643.4673307998535,1.0006563474976569,0.0005702640890912006
1643.4742751600868,1643.4742751600868,0.9999330482992184,0.0005699343680715425
1643.481219520378,1643.481219520378,0.9996633102410831,0.0005700335569471585
1643.4881638806696,1643.4881638806696,1.000054669270686,0.0005704682512998507
1643.4951082409025,1643.4951082409025,0.9998246015977251,0.0005706981244233078
1643.5020526011826,1643.5020526011826,0.9992743527111314,0.0005705281165942369
1643.5089969614269,1643.5089969614269,0.9999581299480059,0.0005708383712961824
1643.515941321672,1643.515941321672,1.0006030796171552,0.0005705719035217865
1643.5228856819165,1643.5228856819165,1.0001000991808806,0.0005711153315083921
1643.5298300421496,1643.5298300421496,0.9997037974960108,0.0005711107190603489
1643.5367744023824,1643.5367744023824,1.0004278478202164,0.000571551472255645
1643.5437187626042,1643.5437187626042,0.9993787169477215,0.0005713282544631652
1643.550663122814,1643.550663122814,1.0010559809210096,0.0005723685665569465
1643.5576074830356,1643.5576074830356,1.0001554178029637,0.0005713895142665992
1643.5645518432339,1643.5645518432339,0.9994034943556827,0.0005716604770220215
1643.5714962034435,1643.5714962034435,0.9989436974475812,0.0005719399597969705
1643.5784405636418,1643.5784405636418,1.0000808699552644,0.0005728268600114154
1643.5853849238167,1643.5853849238167,1.0001297093070955,0.00057307407630598
1643.5923292840034,1643.5923292840034,1.0005083938583053,0.0005723726668804735
1643.599273644178,1643.599273644178,1.0002375067098745,0.0005725962057261183
1643.606218004353,1643.606218004353,1.0001127425355678,0.0005726766393777746
1643.6131623645283,1643.6131623645283,0.9999845427309374,0.0005731801933690984
1643.6201067246795,1643.6201067246795,0.9999323471095266,0.0005738286453047912
1643.6270510848312,1643.6270510848312,0.9999390379155415,0.0005731306766452095
1643.6339954449945,1643.6339954449945,1.0002479120866228,0.0005733333966944427
1643.6409398051346,1643.6409398051346,1.0001400818217445,0.0005742566972356331
1643.6478841652631,1643.6478841652631,0.9993770781895247,0.0005739925936986311
1643.654828525403,1643.654828525403,0.999893983096314,0.0005738772418609022
1643.6617728855203,1643.6617728855203,0.9994844324024154,0.0005736740283779926
1643.6687172456477,1643.6687172456477,0.9995927898861824,0.0005745255743784738
1643.6756616057532,1643.6756616057532,1.000123627942749,0.0005745784555227223
1643.6826059658579,1643.6826059658579,1.000618221926893,0.0005742546063995145
1643.6895503259748,1643.6895503259748,0.9999800765293754,0.000575059079390985
1643.6964946860685,1643.6964946860685,0.9993673483369324,0.0005744942942401286
1643.70343904615,1643.70343904615,0.9998961970885132,0.0005745669235548363
1643.7103834062436,1643.7103834062436,0.9997144911372041,0.0005742156840396203
1643.7173277663137,1643.7173277663137,1.0015268713253986,0.0005750578029208812
1643.7242721263956,1643.7242721263956,1.0003169595345107,0.0005751630209071895
1643.7312164864536,1643.7312164864536,1.0001508049288586,0.0005751316352304106
1643.7381608465244,1643.7381608465244,0.9994526738117238,0.0005746249894729311
1643.745105206571,1643.745105206571,0.9993284427861425,0.000574945753747174
1643.7520495666176,1643.7520495666176,0.9995509023373772,0.0005749111396944116
1643.7589939266763,1643.7589939266763,0.999946348061072,0.0005748975371567518
1643.7659382866998,1643.7659382866998,0.9993228759386067,0.0005752739059561075
1643.772882646735,1643.772882646735,0.9999531212599642,0.0005752677000684954
1643.779827006759,1643.779827006759,1.0004408116996533,0.0005754385669271465
1643.786771366794,1643.786771366794,1.0003284439473004,0.0005753422618465847
1643.7937157267945,1643.7937157267945,0.9998309711376049,0.0005752282039329779
1643.8006600867943,1643.8006600867943,1.0005933434190715,0.0005757430510201407
1643.807604446795,1643.807604446795,0.9991043899149197,0.00057517307250501
1643.8145488067948,1643.8145488067948,0.9996761582026255,0.0005757655983460619
1643.8214931667958,1643.8214931667958,1.0001085323228107,0.0005758705016216317
1643.8284375267842,1643.8284375267842,0.9997894685777986,0.0005760544185995232
1643.8353818867374,1643.8353818867374,1.0007920585602905,0.000575962584696649
1643.8423262467263,1643.8423262467263,1.0003231430747679,0.0005760034405821087
1643.8492706066802,1643.8492706066802,0.999612409616067,0.000576507835060694
1643.8562149666454,1643.8562149666454,1.00027809591577,0.0005766296977458565
1643.8631593265993,1643.8631593265993,0.9999810186602793,0.0005770712731304915
1643.8701036865416,1643.8701036865416,1.0002473577144904,0.000576222069853475
1643.8770480464834,1643.8770480464834,1.0002280407210091,0.0005772994731365136
1643.8839924064255,1643.8839924064255,0.9994901060216244,0.000576470726069137
1643.890936766356,1643.890936766356,1.0000679891858564,0.0005767650220219048
1643.8978811262746,1643.8978811262746,0.9997971479919283,0.0005766361905577288
1643.9048254861937,1643.9048254861937,0.9996865761857391,0.000576946388326816
1643.9117698461007,1643.9117698461007,0.9998229984836122,0.0005767277277769568
1643.918714206008,1643.918714206008,0.999791073189561,0.0005768408550296506
1643.9256585659034,1643.9256585659034,0.999761116332363,0.0005767239984560051
1643.932602925799,1643.932602925799,1.0005159974186708,0.0005768358325804199
1643.9395472856827,1643.9395472856827,0.9999679762874625,0.0005766443602368166
1643.9464916455665,1643.9464916455665,1.0003039468393706,0.0005764063070692461
1643.9534360054506,1643.9534360054506,1.000581086527525,0.0005765571088416768
1643.9603803652994,1643.9603803652994,0.9996747729206884,0.000576125480036769
1643.9673247251721,1643.9673247251721,0.9998310366609392,0.0005764280182093394
1643.974269085044,1643.974269085044,1.000634240417781,0.0005758644125446998
1643.98121344487,1643.98121344487,0.999615153354015,0.0005759678611068044
1643.9881578047184,1643.9881578047184,0.9985487981100223,0.0005754161474612385
1643.995102164556,1643.995102164556,0.9998220371656013,0.000575707915678103
1644.002046524393,1644.002046524393,1.0002384940605518,0.0005755186073846555
1644.0089908842187,1644.0089908842187,1.0005977509117756,0.0005757622801327399
1644.0159352440328,1644.0159352440328,0.9996701016057419,0.0005754625681905168
1644.0228796038584,1644.0228796038584,1.000247915468382,0.0005755848243623708
1644.0298239636609,1644.0298239636609,0.9997128117777162,0.000575599485618617
1644.0367683234515,1644.0367683234515,1.0001788474147948,0.000575177348632585
1644.0437126832426,1644.0437126832426,1.0002914400827205,0.0005752347544403007
1644.050657043045,1644.050657043045,1.0002710740339036,0.0005754337303430677
1644.0576014028125,1644.0576014028125,0.9997057900221821,0.0005751875413036762
1644.0645457625913,1644.0645457625913,0.9996431229000384,0.0005753480687775898
1644.0714901223587,1644.0714901223587,0.9998202213351695,0.0005757084193495354
1644.0784344821263,1644.0784344821263,0.9996135185727255,0.0005752812459830542
1644.0853788418822,1644.0853788418822,1.000877868150139,0.00057552179569531
1644.0923232016262,1644.0923232016262,0.9994049720574638,0.0005750679560594884
1644.099267561382,1644.099267561382,0.99993147024723,0.0005757344034556342
1644.106211921103,1644.106211921103,1.0001518556020579,0.000575820978053945
1644.1131562808587,1644.1131562808587,1.000620326125416,0.0005755625420455133
1644.1201006405795,1644.1201006405795,1.0006666662247488,0.0005755327748910008
1644.1270450002892,1644.1270450002892,0.9990939005903492,0.000575605100289339
1644.133989359998,1644.133989359998,0.9998766218565114,0.0005752708520130701
1644.1409337197074,1644.1409337197074,0.999732622664091,0.0005749502448240544
1644.1478780794164,1644.1478780794164,0.9995973212725799,0.0005758690651602818
1644.1548224391142,1644.1548224391142,1.000311487035852,0.0005753615914122118
1644.1617667987769,1644.1617667987769,1.0002213137074025,0.000575170519768709
1644.1687111584863,1644.1687111584863,1.0002608101968709,0.0005753981320982952
1644.175655518137,1644.175655518137,0.9999226196152715,0.0005756888365750985
1644.1825998778118,1644.1825998778118,1.0001714373781354,0.0005755460856566783
1644.1895442374857,1644.1895442374857,0.9997644838398143,0.0005751645643198935
1644.1964885971367,1644.1964885971367,0.9996230141804233,0.0005754568668678871
1644.203432956788,1644.203432956788,1.0001738647837428,0.0005754578350290809
1644.2103773164272,1644.2103773164272,0.9998648150482886,0.0005755977444138154
1644.2173216760668,1644.2173216760668,1.0007678058286038,0.0005762530193529692
1644.224266035694,1644.224266035694,1.0001566832506996,0.0005758341454068464
1644.2312103953223,1644.2312103953223,0.9999004216444854,0.0005754829137631838
1644.2381547549383,1644.2381547549383,0.999531534810178,0.0005755976419831107
1644.2450991145547,1644.2450991145547,0.9997603638757843,0.0005759000804021312
1644.2520434741589,1644.2520434741589,0.999579220435297,0.0005754676702083955
1644.258987833752,1644.258987833752,1.0001849436799397,0.0005753229362700642
1644.2659321933447,1644.2659321933447,1.0005131909747096,0.000575472009686286
1644.272876552926,1644.272876552926,1.0001027913914133,0.0005760789431948475
1644.2798209125071,1644.2798209125071,1.0000190913277964,0.0005759359288049926
1644.2867652720768,1644.2867652720768,1.0002824835981683,0.0005757712706676361
1644.2937096316346,1644.2937096316346,0.9993652567460709,0.0005752493135245336
1644.300653991204,1644.300653991204,0.999860774016099,0.0005750942828203823
1644.3075983507617,1644.3075983507617,1.0010448514639105,0.0005754418702006279
1644.3145427103082,1644.3145427103082,0.9983356458214925,0.0005747452364991717
1644.3214870698544,1644.3214870698544,1.0006368382127502,0.0005752909256158443
1644.3284314293892,1644.3284314293892,1.0003281684444842,0.0005751403095047231
1644.335375788912,1644.335375788912,1.0000182237908788,0.000575792697335059
1644.3423201484352,1644.3423201484352,1.0002513067185657,0.0005751216114846363
1644.3492645079464,1644.3492645079464,0.9999631808892229,0.0005752524511494089
1644.3562088674578,1644.3562088674578,0.9998275940545513,0.0005751348653286772
1644.3631532269574,1644.3631532269574,0.9997393313241444,0.0005744444111921087
1644.3700975864572,1644.3700975864572,1.0003312785027991,0.0005743312167108614
1644.3770419459452,1644.3770419459452,1.0003022246123074,0.0005748860099634866
1644.3839863054334,1644.3839863054334,0.9994394299270006,0.0005737199212716226
1644.3909306648984,1644.3909306648984,1.0002775931588868,0.00057382718529095
1644.3978750243743,1644.3978750243743,0.99984827621245,0.0005741046868681187
1644.4048193838275,1644.4048193838275,0.99925438425717,0.0005743285252694086
1644.4117637433035,1644.4117637433035,1.0004884583859277,0.0005743026898277087
1644.418708102734,1644.418708102734,0.9999648262094734,0.0005743728155449075
1644.4256524621983,1644.4256524621983,1.0009856341346441,0.000574023844793519
1644.432596821617,1644.432596821617,1.000405189307158,0.000574226529816553
1644.439541181035,1644.439541181035,0.999614518836401,0.0005743389977531681
1644.4464855404535,1644.4464855404535,0.9997981342925092,0.0005740623602643974
1644.4534298998715,1644.4534298998715,0.9990976813920286,0.0005742837509453595
1644.4603742592894,1644.4603742592894,1.0000409474203678,0.000574299482524921
1644.4673186187076,1644.4673186187076,0.9994790177571747,0.0005741891445114794
1644.4742629781144,1644.4742629781144,1.0003697027391154,0.0005742974434643101
1644.4812073374862,1644.4812073374862,0.999775316735224,0.0005745954705297283
1644.4881516968805,1644.4881516968805,1.0002552657910264,0.0005747408543330406
1644.4950960562642,1644.4950960562642,1.0002388490041991,0.0005747270988768528
1644.502040415624,1644.502040415624,1.0009202070714789,0.0005750105913790262
1644.5089847749957,1644.5089847749957,0.9997143139520673,0.0005754095958986241
1644.5159291343557,1644.5159291343557,0.9997558024303258,0.0005751650278835387
1644.522873493704,1644.522873493704,1.000037523610646,0.0005752185506136099
1644.529817853041,1644.529817853041,1.0001199526137465,0.0005752972728827731
1644.5367622123892,1644.5367622123892,0.9994707255041421,0.0005759315971916022
1644.5437065717147,1644.5437065717147,0.9998511326860235,0.0005759872927642642
1644.5506509310512,1644.5506509310512,1.0005614536249634,0.000576685595091857
1644.5575952903648,1644.5575952903648,0.999780383137885,0.0005762114747708562
1644.5645396496664,1644.5645396496664,0.9997237179059993,0.000577067439562866
1644.5714840089797,1644.5714840089797,1.0001193109160311,0.0005771389346355432
1644.5784283682817,1644.5784283682817,1.0004314420461005,0.000576946288488113
1644.5853727275717,1644.5853727275717,1.0001812875716762,0.0005774273379412409
1644.5923170868505,1644.5923170868505,0.9999240015217946,0.0005778924252525622
1644.5992614461288,1644.5992614461288,0.9991284746900391,0.0005780402313082477
1644.6062058053953,1644.6062058053953,1.000383085332342,0.0005777682797905968
1644.6131501646737,1644.6131501646737,0.9995191496559237,0.0005781681933422094
1644.6200945239295,1644.6200945239295,1.0008339870082958,0.0005787587099723298
1644.6270388831842,1644.6270388831842,0.9994426611469572,0.000578814324911948
1644.633983242428,1644.633983242428,1.0001089331008117,0.0005791778364972856
1644.6409276016595,1644.6409276016595,1.0005491904133843,0.0005794430763558922
1644.6478719608804,1644.6478719608804,1.000353016949647,0.0005794539852152227
1644.654816320112,1644.654816320112,0.9998657170110945,0.0005795496476713408
1644.6617606793327,1644.6617606793327,0.999073302769338,0.0005798094348784945
1644.6687050385415,1644.6687050385415,0.9998100632004896,0.0005801848859791969
1644.67564939775,1644.67564939775,1.0001468245297314,0.0005806387852542096
1644.682593756947,1644.682593756947,1.000511763060994,0.0005809040246484443
1644.6895381161437,1644.6895381161437,1.0001908379487,0.0005799538932098507
1644.6964824753177,1644.6964824753177,0.9994718102567702,0.0005808281299391931
1644.7034268345028,1644.7034268345028,1.0000259613745057,0.0005805936930746754
1644.7103711936766,1644.7103711936766,1.0004260071946498,0.0005812131194254625
1644.7173155528271,1644.7173155528271,0.999322707319964,0.0005810517652966972
1644.7242599120011,1644.7242599120011,1.0005673096189664,0.0005812516939509501
1644.731204271128,1644.731204271128,0.9997997020066325,0.0005812185543581118
1644.738148630302,1644.738148630302,1.0007979311943251,0.0005816098133565001
1644.7450929894408,1644.7450929894408,0.9997173772852246,0.0005814614783553691
1644.7520373485677,1644.7520373485677,0.9993088404192436,0.0005820244774006574
1644.7589817076946,1644.7589817076946,1.0000468124546014,0.0005820609617411194
1644.7659260668104,1644.7659260668104,1.0001278865950967,0.0005830898313446253
1644.7728704258911,1644.7728704258911,0.9999482093731213,0.0005824353592484873
1644.7798147850183,1644.7798147850183,0.9999892818244807,0.0005823915501362987
1644.786759144099,1644.786759144099,0.9996030603852646,0.0005824892091204796
1644.7937035032028,1644.7937035032028,0.9991104169484837,0.0005825997240039815
1644.8006478622835,1644.8006478622835,1.0007779178552818,0.0005829124780513656
1644.807592221352,1644.807592221352,1.0006717801127647,0.0005834769553545998
1644.8145365804212,1644.8145365804212,0.9992913777899902,0.0005833333407048345
1644.8214809394783,1644.8214809394783,0.9999810879039632,0.0005832614803946269
1644.8284252985359,1644.8284252985359,1.0004256665300115,0.0005832012760068406
1644.835369657593,1644.835369657593,0.9996674797319347,0.0005833100044648915
1644.8423140166274,1644.8423140166274,0.9998384905494639,0.0005832308631365659
1644.849258375673,1644.849258375673,1.0004167391871817,0.0005834052938702759
1644.8562027346954,1644.8562027346954,0.999672972522653,0.0005832203687515284
1644.863147093706,1644.863147093706,1.0001777960851173,0.0005832869227923481
1644.8700914527283,1644.8700914527283,0.9996645931882753,0.0005830083110315856
1644.8770358117392,1644.8770358117392,0.9999104360003788,0.0005833238477197392
1644.8839801707381,1644.8839801707381,0.9995321463835067,0.0005829917876579594
1644.890924529726,1644.890924529726,1.0004184505725677,0.0005832555481831457
1644.8978688887132,1644.8978688887132,1.000283351599719,0.0005829096246244048
1644.9048132476892,1644.9048132476892,0.9999877943285037,0.0005829867219793322
1644.9117576066649,1644.9117576066649,1.0006862820421563,0.000582598010425301
1644.9187019656288,1644.9187019656288,1.0002820755002442,0.0005834031671416599
1644.925646324593,1644.925646324593,1.0000980428265147,0.0005823695152166791
1644.9325906835456,1644.9325906835456,0.9994093469625053,0.0005827577648151942
1644.9395350424743,1644.9395350424743,0.9992067644298668,0.0005819716628515426
1644.9464794014275,1644.9464794014275,1.0000995775839379,0.000581868172988009
1644.9534237603566,1644.9534237603566,1.0001893323129747,0.0005822424297980756
1644.9603681192743,1644.9603681192743,0.9996179706147441,0.00058182582456293
1644.9673124782034,1644.9673124782034,1.0000769161645169,0.0005819884124046133
1644.9742568371098,1644.9742568371098,0.9996704491432246,0.0005808442318325335
1644.981201196004,1644.981201196004,1.0008387488807018,0.0005811076019333913
1644.988145554898,1644.988145554898,1.0005558428376211,0.0005805213938139839
1644.9950899137925,1644.9950899137925,1.0001492226924842,0.000580046298895342
1645.0020342726634,1645.0020342726634,0.9995072848799149,0.000580329927900671
1645.008978631558,1645.008978631558,0.9995897588567111,0.0005797078133220426
1645.0159229904173,1645.0159229904173,1.0001827262116634,0.0005795527393784404
1645.0228673492882,1645.0228673492882,1.0001523398677248,0.0005791233519719655
1645.0298117081245,1645.0298117081245,0.9995949149880305,0.0005790222322117082
1645.0367560669608,1645.0367560669608,1.0000116266830241,0.0005783521351268093
1645.043700425797,1645.043700425797,1.0000495928856032,0.0005779350192489059
1645.0506447846328,1645.0506447846328,0.9994806118790727,0.0005782850508129036
1645.0575891434692,1645.0575891434692,1.0004040159433205,0.0005783259459346454
1645.0645335023048,1645.0645335023048,1.0004422511634479,0.0005780971985180388
1645.0714778611061,1645.0714778611061,0.9999881303073999,0.0005778111870395837
1645.0784222199188,1645.0784222199188,1.0004113221664686,0.0005777725651955144
1645.0853665787085,1645.0853665787085,1.000052870861944,0.0005775118194173012
1645.092310937498,1645.092310937498,0.9995022807833529,0.0005769990079762333
1645.0992552962882,1645.0992552962882,0.9996185397545128,0.0005771649967582944
1645.106199655066,1645.106199655066,0.9997900494523092,0.0005771444970312421
1645.113144013832,1645.113144013832,0.999872771189035,0.0005772442467854486
1645.1200883725983,1645.1200883725983,1.000454439914797,0.0005774765026880825
1645.1270327313414,1645.1270327313414,1.0002724459931667,0.0005769495808043188
1645.1339770901075,1645.1339770901075,1.0002426850475137,0.0005768480759821538
1645.1409214488388,1645.1409214488388,0.9996856657107978,0.0005771545341063556
1645.1478658075816,1645.1478658075816,1.0002087859991895,0.0005766684340167747
1645.1548101663016,1645.1548101663016,0.9993463390755114,0.0005765939818243353
1645.161754525021,1645.161754525021,0.9996487737361177,0.0005765093738241186
1645.1686988837293,1645.1686988837293,1.0002113341734187,0.0005767885258922404
1645.1756432424488,1645.1756432424488,1.0009717176969397,0.0005769516067250219
1645.182587601134,1645.182587601134,1.0001758975935646,0.0005770099437053316
1645.1895319598304,1645.1895319598304,0.9996769275897762,0.0005771837546140457
1645.1964763185151,1645.1964763185151,1.0000306145834315,0.0005772750885285103
1645.2034206771882,1645.2034206771882,0.9995594297762722,0.0005767646682324858
1645.2103650358615,1645.2103650358615,0.9996135978909733,0.0005763460125006081
1645.2173093945228,1645.2173093945228,0.9994716156740691,0.0005770144403718376
1645.2242537531724,1645.2242537531724,1.0004651171795997,0.0005767703348883379
1645.231198111834,1645.231198111834,1.0007012142663334,0.0005769376898414121
1645.2381424704722,1645.2381424704722,1.0002693579547068,0.0005766910402873208
1645.2450868290987,1645.2450868290987,0.9999303465303612,0.0005763643930729128
1645.2520311877256,1645.2520311877256,0.999341327921746,0.0005768915659163823
1645.2589755463518,1645.2589755463518,1.0009197933269918,0.0005768815656410819
1645.2659199049551,1645.2659199049551,0.9996967347304988,0.0005768168698736522
1645.2728642635586,1645.2728642635586,0.9999963899630453,0.0005763828159640532
1645.2798086221617,1645.2798086221617,0.9996657472101997,0.000575954789567147
1645.2867529807536,1645.2867529807536,0.9999089592962205,0.0005760364921071849
1645.293697339345,1645.293697339345,1.0001935579820098,0.0005758000022704822
1645.300641697902,1645.300641697902,0.9997480669733061,0.0005757700793810346
1645.3075860564936,1645.3075860564936,1.0009973764290474,0.0005764948250993051
1645.3145304150505,1645.3145304150505,0.9994484462890562,0.0005755446175628021
1645.3214747735954,1645.3214747735954,0.9997225889995232,0.0005756824844215904
1645.3284191321407,1645.3284191321407,0.9998862483453228,0.0005753778662722211
1645.3353634906853,1645.3353634906853,1.000051769401521,0.0005750775707858444
1645.342307849231,1645.342307849231,0.9997557643652332,0.0005745244004318926
1645.3492522077406,1645.3492522077406,0.999207558321347,0.0005746274965625966
1645.3561965662625,1645.3561965662625,1.0008385054859754,0.0005744800687206357
1645.3631409247723,1645.3631409247723,0.9999747243716797,0.0005739431955452851
1645.3700852832826,1645.3700852832826,1.0003603454722032,0.000573513283380475
1645.3770296417692,1645.3770296417692,1.000011212018176,0.0005739533082489069
1645.3839740002563,1645.3839740002563,1.0000163786278053,0.0005736777723863983
1645.3909183587432,1645.3909183587432,1.0003711477194628,0.000573263192236036
1645.397862717219,1645.397862717219,0.9997755397708488,0.0005734340535009317
1645.4048070756824,1645.4048070756824,0.9996135172264301,0.0005737377583902073
1645.4117514341342,1645.4117514341342,1.000299971249261,0.0005730903222015812
1645.418695792586,1645.418695792586,0.9994012618215973,0.0005725963738826406
1645.4256401510381,1645.4256401510381,1.000238275319815,0.0005725248218372466
1645.4325845094784,1645.4325845094784,1.000443673111759,0.0005729462792460611
1645.4395288679068,1645.4395288679068,0.9998373658428612,0.0005728997042454045
1645.446473226324,1645.446473226324,1.0002516187523476,0.0005723548335846674
1645.453417584741,1645.453417584741,0.9997901640357669,0.000572644592232466
1645.4603619431466,1645.4603619431466,0.999112244431072,0.000572515791734701
1645.4673063015402,1645.4673063015402,0.9999793525060705,0.0005728225079575228
1645.4742506599457,1645.4742506599457,1.0001856888660676,0.0005726371644828145
1645.481195018339,1645.481195018339,1.0002035727243588,0.0005721712619512656
1645.4881393767096,1645.4881393767096,1.0005750573821612,0.0005724918015669164
1645.4950837350802,1645.4950837350802,1.0004907707772228,0.0005722608625311187
1645.502028093439,1645.502028093439,0.999600603678316,0.000572833162127901
1645.5089724518093,1645.5089724518093,1.0005023964521687,0.0005734109630635048
1645.515916810145,1645.515916810145,0.9998384074738738,0.0005735646863969597
1645.522861168492,1645.522861168492,0.9989047830561313,0.0005726957855768189
1645.5298055268274,1645.5298055268274,1.0000866299179854,0.0005736479962560394
1645.5367498851515,1645.5367498851515,0.9999778554551515,0.0005733005572186863
1645.5436942434758,1645.5436942434758,0.9999548822642209,0.0005733271820106267
1645.5506386017878,1645.5506386017878,0.9997043783718459,0.0005737317790491956
1645.5575829600882,1645.5575829600882,1.0008283234737536,0.000574581316131532
1645.564527318377,1645.564527318377,1.0002939574313352,0.0005746611506514066
1645.571471676678,1645.571471676678,1.0010328386009193,0.0005745984582802837
1645.5784160349435,1645.5784160349435,0.9996021007017968,0.0005749930761447706
1645.5853603932442,1645.5853603932442,0.9993848084029839,0.0005748941652965365
1645.5923047514982,1645.5923047514982,0.999463905953041,0.0005754663369275787
1645.599249109752,1645.599249109752,0.9996818442504848,0.0005760411896957201
1645.6061934680063,1645.6061934680063,1.0000101718965642,0.0005762779667928101
1645.6131378262603,1645.6131378262603,0.9995368209584521,0.0005761988768041231
1645.6200821844911,1645.6200821844911,1.0002684954195804,0.0005770747364693037
1645.6270265427102,1645.6270265427102,1.0002119593242367,0.0005768484422776097
1645.6339709009412,1645.6339709009412,1.000757417090594,0.0005775658304411861
1645.6409152591598,1645.6409152591598,1.000422029922667,0.0005779345340356779
1645.6478596173558,1645.6478596173558,0.9997700615308427,0.0005775532221028995
1645.6548039755514,1645.6548039755514,0.9996491121144822,0.0005779503158040121
1645.6617483337473,1645.6617483337473,0.9993436426741175,0.0005785865620298429
1645.6686926919315,1645.6686926919315,0.9999415293685697,0.0005783149627267665
1645.675637050104,1645.675637050104,1.0005845415925712,0.0005786593880003939
1645.6825814082767,1645.6825814082767,0.9999820619063808,0.0005789274410056527
1645.6895257664376,1645.6895257664376,1.000696906895998,0.0005791264643744574
1645.696470124587,1645.696470124587,0.9996700995786576,0.0005790802957428738
1645.7034144827362,1645.7034144827362,0.9993167284562174,0.0005791472841633331
1645.7103588408736,1645.7103588408736,1.0005444259241456,0.0005796705835686593
1645.7173031990114,1645.7173031990114,0.9994119275084875,0.0005796355162217238
1645.724247557114,1645.724247557114,0.9994556841858623,0.000579594158939102
1645.7311919152519,1645.7311919152519,0.9999288170245375,0.0005805131596443705
1645.738136273354,1645.738136273354,0.9998493956519674,0.0005797700588206457
1645.7450806314457,1645.7450806314457,1.0007516855414125,0.0005806223215857417
1645.7520249895483,1645.7520249895483,1.0003313481187264,0.0005803784530830837
1645.7589693476275,1645.7589693476275,0.9998752160925143,0.0005801261365803106
1645.7659137057071,1645.7659137057071,0.9995208811646435,0.0005803770587683151
1645.7728580637747,1645.7728580637747,1.0001284936851191,0.0005806065421255383
1645.7798024218307,1645.7798024218307,0.9996464591154955,0.000580262086304995
1645.7867467798983,1645.7867467798983,0.9996773257349532,0.0005806370603769763
1645.7936911379315,1645.7936911379315,1.00034622915651,0.000580497210758104
1645.8006354959641,1645.8006354959641,1.0000903032670894,0.0005807744168768214
1645.807579854009,1645.807579854009,0.9997999167874696,0.0005804019373359535
1645.81452421203,1645.81452421203,1.0003890415741217,0.0005804602323726336
1645.8214685700393,1645.8214685700393,1.0007381284844281,0.0005807969405171438
1645.8284129280605,1645.8284129280605,0.9991463224072964,0.0005804743993398367
1645.835357286047,1645.835357286047,1.0010009028976137,0.0005807683062078451
1645.8423016440447,1645.8423016440447,0.9989665729667664,0.000580671508503578
1645.849246002008,1645.849246002008,0.999189049114333,0.0005801389576404265
1645.8561903600173,1645.8561903600173,0.9995012750640404,0.0005803764987729287
1645.863134717992,1645.863134717992,1.0001835788443165,0.0005802036003595396
1645.8700790759551,1645.8700790759551,1.0007198171790892,0.000580161388417139
1645.8770234338717,1645.8770234338717,0.9998181574302134,0.0005800839232284283
1645.883967791823,1645.883967791823,0.9996939505366494,0.0005798626210015265
1645.890912149774,1645.890912149774,1.0008269469625766,0.0005801699685176518
1645.8978565076904,1645.8978565076904,0.9999260450672146,0.0005801504781747896
1645.9048008656187,1645.9048008656187,0.999918670627171,0.0005795933475179967
1645.911745223535,1645.911745223535,1.0001282049321667,0.0005805357573784817
1645.91868958144,1645.91868958144,0.9998374405976322,0.000579362267486648
1645.9256339393446,1645.9256339393446,0.9999330590041999,0.0005795288021824238
1645.9325782972378,1645.9325782972378,0.9995122201504252,0.0005789493754720742
1645.9395226551078,1645.9395226551078,0.9997803624038466,0.0005791144123095291
1645.9464670129892,1645.9464670129892,1.0002223352345023,0.0005791164246695098
1645.9534113708476,1645.9534113708476,1.0004941718285452,0.0005791678051395371
1645.9603557287173,1645.9603557287173,1.000440877971175,0.0005785578680125987
1645.9673000865637,1645.9673000865637,0.9988363835645899,0.0005786685446957455
1645.9742444444103,1645.9742444444103,0.9997995126171364,0.0005779642053270708
1645.9811888022455,1645.9811888022455,1.0007125461179858,0.0005780290497905373
1645.9881331600686,1645.9881331600686,0.999741909689055,0.0005776194962449592
1645.9950775179036,1645.9950775179036,0.9997622847789003,0.0005774443728403187
1646.002021875692,1646.002021875692,1.000312053205937,0.0005772852852019432
1646.0089662335151,1646.0089662335151,0.9999436332008914,0.0005765216156873617
1646.0159105913033,1646.0159105913033,0.999598516115389,0.0005765369289126658
1646.0228549490919,1646.0228549490919,0.9999172991768163,0.000576615178010055
1646.0297993068684,1646.0297993068684,1.0003464498915644,0.0005763085891303746
1646.0367436646454,1646.0367436646454,1.00014559487331,0.0005762451284074748
1646.0436880224104,1646.0436880224104,1.0004101449466614,0.0005760369725650887
1646.0506323801637,1646.0506323801637,1.0001532383633722,0.0005757997039676904
1646.0575767379057,1646.0575767379057,1.0002159387815663,0.0005756723731508423
1646.0645210956475,1646.0645210956475,0.9994741602524752,0.0005751219713203242
1646.0714654533895,1646.0714654533895,0.999637873897066,0.0005753601563018484
1646.0784098111078,1646.0784098111078,0.9998688816802325,0.0005746035651537495
1646.0853541688266,1646.0853541688266,1.0005110816855354,0.0005749117401110436
1646.0922985265217,1646.0922985265217,1.000868352734735,0.0005752915651652218
1646.0992428842521,1646.0992428842521,0.9994953269329301,0.0005747854604308027
1646.1061872419239,1646.1061872419239,1.0000292227552001,0.0005746330877615309
1646.1131315995958,1646.1131315995958,1.0002339065304253,0.0005748798738893608
1646.120075957268,1646.120075957268,1.000102226502016,0.0005744513107850433
1646.1270203149397,1646.1270203149397,0.9992743812509058,0.0005742822757384919
1646.1339646726115,1646.1339646726115,0.9993197009323291,0.0005748844887693233
1646.1409090302836,1646.1409090302836,0.9992939097234039,0.0005745917416888867
1646.147853387897,1646.147853387897,1.0008450816833803,0.0005745414128273158
1646.154797745546,1646.154797745546,1.0005940637236748,0.0005747296402629126
1646.1617421031829,1646.1617421031829,0.9992910280088314,0.0005749366451935639
1646.1686864607968,1646.1686864607968,1.00050812860776,0.0005743729705296501
1646.1756308183988,1646.1756308183988,0.99978512510616,0.0005742013772499432
1646.1825751760011,1646.1825751760011,1.0000947356688514,0.0005742256438309952
1646.189519533603,1646.189519533603,0.9996463357452668,0.0005741866759138785
1646.1964638911934,1646.1964638911934,0.9996537920585794,0.0005735983474699816
1646.2034082487723,1646.2034082487723,1.000153910427419,0.0005742101457447705
1646.2103526063395,1646.2103526063395,0.9999822704296116,0.0005746859100716884
1646.2172969639068,1646.2172969639068,1.0001731645579084,0.000574490109120691
1646.2242413214622,1646.2242413214622,1.0001214337748352,0.000574393115425724
1646.231185679006,1646.231185679006,1.0003022235572145,0.0005738793381856223
1646.2381300365382,1646.2381300365382,0.9997060719434598,0.0005741013729755749
1646.2450743940706,1646.2450743940706,0.9997535914048346,0.0005735308379329057
1646.252018751591,1646.252018751591,1.0002118283414483,0.0005744955101133502
1646.2589631091003,1646.2589631091003,0.9998694788014924,0.0005738324727810174
1646.2659074666092,1646.2659074666092,1.0001948007666996,0.0005740996347540349
1646.2728518241063,1646.2728518241063,0.9999680959259261,0.0005732721989526165
1646.2797961815918,1646.2797961815918,0.9996706630287141,0.0005736786427472967
1646.2867405390894,1646.2867405390894,1.0003793312374012,0.0005731557259719237
1646.29368489654,1646.29368489654,0.9998159979876098,0.0005728136420888372
1646.3006292540144,1646.3006292540144,0.999690471211611,0.0005728467468413045
1646.307573611465,1646.307573611465,1.000614660680031,0.0005724176729495192
1646.3203512291507,1646.3203512291507,0.9989305845303826,0.0005721483090914231
1646.3311844267578,1646.3311844267578,1.0004773605005102,0.0005716399706918414
1646.3381287841737,1646.3381287841737,0.9997663945631782,0.0005721697065055088
1646.3450731415894,1646.3450731415894,1.0002277189560986,0.0005719069674749592
1646.3520174989706,1646.3520174989706,0.9997437359120911,0.0005712293287485133
1646.3589618563863,1646.3589618563863,1.0003959373975326,0.0005714005746942513
1646.3659062137908,1646.3659062137908,0.9996004264448889,0.000570765182940397
1646.37285057116,1646.37285057116,0.9996441137185439,0.0005705550253717604
1646.3797949284944,1646.3797949284944,0.9994054536293729,0.0005700790721434655
1646.3867392858751,1646.3867392858751,1.0002190954184715,0.0005702841322275531
1646.393683643221,1646.393683643221,0.9998788825739732,0.0005703568951538423
1646.4006280005785,1646.4006280005785,1.000529944108146,0.000569840675038248
1646.4075723579015,1646.4075723579015,0.999852568896738,0.0005694487744097394
1646.4145167152358,1646.4145167152358,1.000465210031743,0.0005695332384139884
1646.4214610725587,1646.4214610725587,0.9998305468029034,0.0005690173693628799
1646.428405429858,1646.428405429858,0.9991440076250729,0.0005687203018332611
1646.435349787169,1646.435349787169,1.0004425835643613,0.0005686482212746908
1646.4422941444566,1646.4422941444566,1.0002019856219608,0.0005689585683820102
1646.4492385017445,1646.4492385017445,1.0007726472759615,0.0005691250297324085
1646.4561828590206,1646.4561828590206,0.9996671275438598,0.0005690757146469562
1646.4631272162853,1646.4631272162853,0.9997521779060697,0.0005688109407628742
1646.4700715735496,1646.4700715735496,0.9998562076560095,0.0005693141460826079
1646.4770159307911,1646.4770159307911,1.0000103909323643,0.0005686898151551342
1646.4839602880318,1646.4839602880318,1.000467062915158,0.0005693400146485853
1646.4909046452617,1646.4909046452617,0.9992795895651799,0.0005696030169236729
1646.4978490025028,1646.4978490025028,0.9999006631151099,0.0005689799689400857
1646.5047933597089,1646.5047933597089,1.0012551335692792,0.0005698840704024674
1646.511737716927,1646.511737716927,1.0001991055373631,0.0005695370143242388
1646.5186820741214,1646.5186820741214,0.9992701021259272,0.0005697731909686369
1646.5256264313168,1646.5256264313168,1.0002796355056272,0.000570054134731142
1646.5325707884992,1646.5325707884992,0.9999423253510409,0.0005699479736419876
1646.539515145671,1646.539515145671,0.9999111182386727,0.0005704785583814053
1646.5464595028302,1646.5464595028302,0.9997313383406059,0.0005701747847701973
1646.5534038599903,1646.5534038599903,1.0003858419390868,0.0005702905011651539
1646.560348217138,1646.560348217138,1.000095079759373,0.0005712373792325802
1646.5672925742863,1646.5672925742863,0.9997591729205633,0.0005708636415295701
1646.574236931411,1646.574236931411,1.0009116660576338,0.0005713141612114546
1646.5811812885245,1646.5811812885245,1.0008146835100933,0.0005713103387727195
1646.5881256456487,1646.5881256456487,0.9988589055026083,0.0005712522862385361
1646.595070002762,1646.595070002762,0.9999103582699436,0.0005713114231481603
1646.6020143598519,1646.6020143598519,1.0009034001945942,0.000571581089972648
1646.608958716942,1646.608958716942,1.0000754287221993,0.0005717702023668601
1646.6159030740316,1646.6159030740316,0.9997931160882386,0.0005715827621647393
1646.6228474310751,1646.6228474310751,0.9998829159060619,0.0005720087852733112
1646.6297917881534,1646.6297917881534,0.9998023921713746,0.0005726788291985487
1646.636736145197,1646.636736145197,0.9998726194794518,0.0005723988231153795
1646.6436805022397,1646.6436805022397,0.9995238872960023,0.0005720227841467746
1646.6506248592832,1646.6506248592832,1.0006486145622682,0.0005720833003673238
1646.657569216303,1646.657569216303,1.0000634633590364,0.0005719742291648989
1646.6645135733233,1646.6645135733233,1.0003571190134166,0.0005727576370358554
1646.6714579303316,1646.6714579303316,0.9996650467959339,0.0005720375201335335
1646.6784022873398,1646.6784022873398,1.000508346521642,0.0005727111626435928
1646.6853466443251,1646.6853466443251,0.9990940467230068,0.0005727043836348494
1646.6922910013102,1646.6922910013102,1.0004955752618947,0.0005722755483964645
1646.6992353582834,1646.6992353582834,0.9996363873234083,0.0005722068570490137
1646.706179715245,1646.706179715245,1.0004728714672493,0.000572891043283291
1646.7131240721956,1646.7131240721956,0.9998677530048152,0.0005718226419856333
1646.7200684291456,1646.7200684291456,0.9996634935069515,0.0005719522163336242
1646.7270127860843,1646.7270127860843,1.0000307364469,0.0005722773697675094
1646.7345126915784,1646.7345126915784,1.0007436825639515,0.0005723924365011806
1646.7422903713214,1646.7422903713214,0.999604153074954,0.000571657047143402
1646.7492347282362,1646.7492347282362,1.0003447180328318,0.0005716375046746457
1646.7561790851287,1646.7561790851287,0.9997107025659027,0.0005718046614578792
1646.7631234420314,1646.7631234420314,1.0001181143771614,0.0005717416167198527
1646.7700677989008,1646.7700677989008,1.000201022581799,0.0005714768402873437
1646.7770121557926,1646.7770121557926,1.0004111669173767,0.0005712215180669783
1646.7839565126494,1646.7839565126494,1.000054170381581,0.0005713597936984042
1646.7909008695065,1646.7909008695065,0.9999184620299841,0.0005708219897801763
1646.797845226352,1646.797845226352,0.9999483642709238,0.0005707893933777439
1646.8047895831974,1646.8047895831974,0.9994943338558026,0.000570688976264426
1646.8117339400076,1646.8117339400076,0.9994922766559521,0.0005705259942774436
1646.8186782968532,1646.8186782968532,1.0011018506501765,0.0005709921806882497
1646.8256226536637,1646.8256226536637,0.9999816366742458,0.000570552915488975
1646.8325670104628,1646.8325670104628,1.000070089983183,0.0005708526715796219
1646.8395113672614,1646.8395113672614,0.999483410181709,0.0005699551019455703
1646.8464557240488,1646.8464557240488,0.9998329049602546,0.000571009053275395
1646.8534000808008,1646.8534000808008,1.000661173922672,0.0005703453583647443
1646.8603444375763,1646.8603444375763,0.9998307287880435,0.0005707354394284297
1646.8672887943405,1646.8672887943405,0.9998998912572112,0.0005701456834700903
1646.874233151081,1646.874233151081,0.9997807474871259,0.0005701788959515586
1646.8811775078216,1646.8811775078216,1.0003872791687414,0.0005704529078154333
1646.8881218645504,1646.8881218645504,1.000250981680999,0.0005698818440610592
1646.8950662212792,1646.8950662212792,0.999839538967605,0.0005701277754801483
1646.902010577985,1646.902010577985,0.9996819796971501,0.0005695832360350833
1646.9089549346907,1646.9089549346907,1.0003879209398372,0.0005699102978729706
1646.9158992913847,1646.9158992913847,0.9999050766002234,0.0005696119200567444
1646.9228436480673,1646.9228436480673,0.9993443774494057,0.0005689862081140153
1646.929788004738,1646.929788004738,0.9998801589658365,0.0005696954398498784
1646.936732361409,1646.936732361409,0.9997568404598356,0.0005688608184457702
1646.9436767180675,1646.9436767180675,1.000842607032121,0.0005691135554931063
1646.9506210747154,1646.9506210747154,1.0004138494106651,0.0005688941555596772
1646.957565431351,1646.957565431351,0.9996217264959384,0.0005684382203883217
1646.9645097879754,1646.9645097879754,1.0000257613535954,0.0005680980845815544
1646.9714541445996,1646.9714541445996,0.9997878847954474,0.0005679353543800384
1646.978398501224,1646.978398501224,1.000171997941915,0.0005684232034585696
1646.9853428578015,1646.9853428578015,1.0002907604283295,0.0005678757682289909
1646.9922872144139,1646.9922872144139,0.9996915744195085,0.000568302942425477
1646.999231570992,1646.999231570992,0.9994984408264095,0.0005675746507649934
1647.0061759275577,1647.0061759275577,1.0001255479100992,0.0005673348481058944
1647.013120284124,1647.013120284124,1.0001604217970212,0.0005674887208901822
1647.020064640678,1647.020064640678,1.0000065327470842,0.000567166230459421
1647.0270089972207,1647.0270089972207,0.9999311385291177,0.0005669117079028952
1647.033953353775,1647.033953353775,0.999937708592948,0.0005666307701541714
1647.0408977102948,1647.0408977102948,1.0006084312973322,0.0005670319539156858
1647.0478420668023,1647.0478420668023,1.0000408729507912,0.0005665000478263808
1647.05478642331,1647.05478642331,0.9998311101278334,0.0005664707738372056
1647.061730779818,1647.061730779818,0.9998317507970611,0.000566189289003003
1647.0686751363141,1647.0686751363141,1.0002415057972514,0.000566418564661742
1647.075619492775,1647.075619492775,1.0005080976611018,0.000565928574235741
1647.0825638492595,1647.0825638492595,0.9997335571976826,0.0005656298648981265
1647.089508205721,1647.089508205721,1.0005880325388299,0.000565899842329506
1647.0964525621705,1647.0964525621705,0.9998227688035912,0.0005658657362591032
1647.1033969186083,1647.1033969186083,0.9993704561522353,0.0005656689479745503
1647.1103412750465,1647.1103412750465,1.0000362137956291,0.0005657730276132239
1647.1172856314727,1647.1172856314727,1.0002344831124526,0.0005656714475125305
1647.1242299878875,1647.1242299878875,1.000166591559928,0.0005659393251773932
1647.1311743442905,1647.1311743442905,0.9994084828858911,0.0005653900483243488
1647.1381187006816,1647.1381187006816,0.9995890353295322,0.0005655516030568218
1647.1450630570612,1647.1450630570612,1.0007569347749488,0.0005651619571730252
1647.1520074134412,1647.1520074134412,1.0001454831447585,0.0005655402085612439
1647.1589517698092,1647.1589517698092,1.0005883704735656,0.0005662057516941385
1647.1658961261655,1647.1658961261655,0.9999825131848393,0.0005647487090560351
1647.1728404825105,1647.1728404825105,1.0002823529775937,0.0005649233889413712
1647.1797848388437,1647.1797848388437,0.9997563675418517,0.0005647473151604144
1647.1867291951767,1647.1867291951767,0.9994873637891024,0.0005651837576184629
1647.1936735514869,1647.1936735514869,0.9996940450956284,0.0005646312298629998
1647.2006179077962,1647.2006179077962,0.9996067949272133,0.0005647670974851457
1647.2075622641066,1647.2075622641066,1.0001231611945092,0.0005643979067635926
1647.2145066203927,1647.2145066203927,1.00091605961377,0.0005655075474756206
1647.2214509766684,1647.2214509766684,0.9994147764587984,0.0005641267836005668
1647.228395332943,1647.228395332943,1.000103629456286,0.0005643330853215523
1647.2353396891947,1647.2353396891947,1.0002372417016385,0.000564470950763278
1647.2422840454576,1647.2422840454576,0.9996811116506154,0.0005638325454685978
1647.2492284016862,1647.2492284016862,0.9992037735811217,0.0005638735752250685
1647.2561727579032,1647.2561727579032,1.0004381179683475,0.0005638198307902293
1647.2631171141197,1647.2631171141197,1.000924575009641,0.0005641948649422218
1647.2700614703367,1647.2700614703367,1.0001192017906049,0.0005640928347606507
1647.2770058265528,1647.2770058265528,1.0001725320856014,0.0005641454332110371
1647.2839501827468,1647.2839501827468,0.9995707810539225,0.0005638045226026356
1647.2908945389281,1647.2908945389281,1.0001499178652726,0.0005639406429577598
1647.297838895099,1647.297838895099,0.9998480882737333,0.000563426318824713
1647.3047832512686,1647.3047832512686,1.000870934866148,0.0005630682169546627
1647.3117276074158,1647.3117276074158,0.9995898625753494,0.0005633154241824589
1647.318671963551,1647.318671963551,1.0004418098760848,0.0005630068504274282
1647.3256163196863,1647.3256163196863,1.0004433480199908,0.0005630166667115448
1647.3325606758215,1647.3325606758215,0.9996212926698667,0.0005625970675455082
1647.3395050319218,1647.3395050319218,1.0010672111168017,0.000562669216449811
1647.346449388034,1647.346449388034,0.9999744656356029,0.0005622821939304611
1647.3533937441225,1647.3533937441225,0.9994546289347335,0.0005626478599398863
1647.360338100211,1647.360338100211,0.9999856893548096,0.0005627963022109124
1647.3672824562768,1647.3672824562768,1.0003687112071666,0.000562802876964499
1647.3742268123417,1647.3742268123417,0.9995660379103819,0.000562126619033152
1647.3811711683961,1647.3811711683961,0.9996533796318845,0.0005621438160800692
1647.3881155244376,1647.3881155244376,1.000171403229201,0.0005619660423325126
1647.3950598804684,1647.3950598804684,1.0002049298235491,0.0005618983772998595
1647.4020042364987,1647.4020042364987,1.000652666636054,0.0005613296973268581
1647.4089485925058,1647.4089485925058,1.000208026784351,0.000561721103524894
1647.4158929485134,1647.4158929485134,0.9996028309926484,0.0005617082382350798
1647.422837304497,1647.422837304497,0.9997579848345266,0.0005610667933653965
1647.4297816604808,1647.4297816604808,1.0007711379531208,0.000561324259330421
1647.4367260164533,1647.4367260164533,0.9988179990012702,0.0005614351619269806
1647.4436703724255,1647.4436703724255,0.9997446091464305,0.0005610531699192676
1647.4506147283628,1647.4506147283628,1.0002641536601318,0.0005608806156952612
1647.4575590842883,1647.4575590842883,1.0001028452187637,0.0005609053977741736
1647.4645034402724,1647.4645034402724,1.000435063923222,0.0005613949456039192
1647.4714477961631,1647.4714477961631,0.9995791300211845,0.0005607386760978564
1647.478392152066,1647.478392152066,1.0002282561249864,0.0005612664711385619
1647.4853365079914,1647.4853365079914,1.0003540354773213,0.0005610334662989551
1647.4922808638592,1647.4922808638592,0.9999407416921258,0.0005609205883841823
1647.4992252197499,1647.4992252197499,0.9995393955270414,0.0005612998844884181
1647.5061695756285,1647.5061695756285,0.9998858264392407,0.0005615698623118445
1647.513113931485,1647.513113931485,1.0006055596899457,0.0005618122553355872
1647.5200582873404,1647.5200582873404,1.0000284447395704,0.0005619392459566801
1647.5270026431735,1647.5270026431735,0.999462964399964,0.0005614209655856928
1647.5339469990056,1647.5339469990056,1.000518957237371,0.0005617897146877238
1647.5408913548265,1647.5408913548265,0.9993992767874577,0.0005612012374051258
1647.5478357106356,1647.5478357106356,1.000436816168609,0.0005622093671351631
1647.554780066422,1647.554780066422,0.9999169938519532,0.0005615507372202044
1647.5617244222315,1647.5617244222315,1.000100758024087,0.0005620081513955264
1647.5686687780053,1647.5686687780053,0.9993715157097979,0.0005614699394251329
1647.5756131337566,1647.5756131337566,0.9997092519685985,0.00056167107518806
1647.5825574895193,1647.5825574895193,1.0001481489844242,0.0005618653964923716
1647.5895018452707,1647.5895018452707,1.0008444035966177,0.0005624711183423058
1647.596446200998,1647.596446200998,1.0001862576636629,0.0005621698801075472
1647.603390556726,1647.603390556726,0.9999540864200009,0.0005623970311492126
1647.6103349124537,1647.6103349124537,0.9988583093706765,0.0005621095241521614
1647.6172792681464,1647.6172792681464,1.0007687185996856,0.0005625864302266076
1647.62422362384,1647.62422362384,1.0004552900019776,0.0005625856130591595
1647.6311679795206,1647.6311679795206,1.000115631549652,0.0005628702043765563
1647.6381123352141,1647.6381123352141,0.9997825629556868,0.0005621865855951324
1647.6450566908484,1647.6450566908484,0.9993700440382506,0.000562549276311646
1647.6520010465297,1647.6520010465297,1.0004861718732223,0.0005627634787058564
1647.6589454021755,1647.6589454021755,1.0001068344923654,0.00056282660544471
1647.6658897578102,1647.6658897578102,1.0003696260256156,0.0005627964998697897
1647.672834113387,1647.672834113387,0.9994392166991638,0.0005630913153536937
1647.6797784690214,1647.6797784690214,0.9997706540615271,0.0005628194231498829
1647.6867228246097,1647.6867228246097,1.000449359580832,0.0005630811378270018
1647.6936671801973,1647.6936671801973,0.9996259813034177,0.0005626414090214707
1647.7006115357858,1647.7006115357858,1.0008625012842305,0.000563544493819705
1647.7075558913505,1647.7075558913505,0.9992486559880153,0.0005636556953242346
1647.7145002469038,1647.7145002469038,0.9993318255970122,0.0005630685460178804
1647.7214446024452,1647.7214446024452,1.0002200868564124,0.0005626934051808213
1647.7283889579753,1647.7283889579753,1.0003229347878528,0.0005629186023250162
1647.7353333135052,1647.7353333135052,0.999631839788722,0.000563570673322875
1647.7422776690232,1647.7422776690232,1.000129555792281,0.0005632582307861669
1647.7492220245185,1647.7492220245185,1.0002179953058308,0.0005628840354287154
1647.7561663800134,1647.7561663800134,0.9998040034686456,0.0005628730922361773
1647.763110735485,1647.763110735485,1.0007696873463237,0.0005630420944577434
1647.770055090968,1647.770055090968,0.9991962473868448,0.0005627093934204697
1647.7769994464284,1647.7769994464284,1.0000285823261188,0.0005625903468456942
1647.783943801877,1647.783943801877,0.9997467011509024,0.0005628560479600228
1647.7908881573017,1647.7908881573017,1.0003374424336577,0.0005630156274033435
1647.7978325127388,1647.7978325127388,1.0006681829417967,0.0005625840359934975
1647.8047768681517,1647.8047768681517,0.9995418371580369,0.0005627024483551523
1647.8117212235538,1647.8117212235538,0.9996984129165266,0.0005626936860575758
1647.8186655789439,1647.8186655789439,1.00009877151897,0.0005627897850882967
1647.8256099343228,1647.8256099343228,1.0000519096041791,0.0005629299918688044
1647.8325542897123,1647.8325542897123,1.0001749615615978,0.0005625025255183
1647.839498645068,1647.839498645068,1.0000497561807733,0.0005629309296721167
1647.8464430004115,1647.8464430004115,0.9998450133228755,0.0005627051757652412
1647.8533873557553,1647.8533873557553,0.9994350571190009,0.0005624008207618647
1647.8603317110872,1647.8603317110872,1.0002789588216783,0.0005630412532719687
1647.8672760663842,1647.8672760663842,0.9996728728409142,0.0005629004046425556
1647.874220421693,1647.874220421693,1.00045075257052,0.0005629815118251985
1647.88116477699,1647.88116477699,1.0004426632779166,0.0005628309186594717
1647.8881091322758,1647.8881091322758,1.0000997677128027,0.0005619431839335503
1647.8950534875494,1647.8950534875494,0.9993678730851544,0.0005618277561698991
1647.9019978427998,1647.9019978427998,1.0001969484055717,0.0005625266156651244
1647.9089421980618,1647.9089421980618,1.0001978310583712,0.0005619303414306331
1647.9158865532893,1647.9158865532893,0.999095608254794,0.0005623857206327327
1647.9228309085163,1647.9228309085163,1.000190057488667,0.0005617712508101159
1647.9297752637322,1647.9297752637322,1.0002410694212212,0.000561584323982381
1647.9367196189355,1647.9367196189355,1.0007064970027868,0.0005623820518323541
1647.9436639741282,1647.9436639741282,1.0001496697368182,0.0005617912944325488
1647.9506083293086,1647.9506083293086,0.9995630925893302,0.0005612346979130512
1647.9575526844778,1647.9575526844778,0.9996967609581876,0.0005613061355035624
1647.9644970396464,1647.9644970396464,0.9994343130517581,0.0005614584018931789
1647.9714413947925,1647.9714413947925,1.0010881125127808,0.0005614920163554167
1647.978385749926,1647.978385749926,0.9998413719851446,0.0005615631486967268
1647.9853301050491,1647.9853301050491,0.9994506308317173,0.0005609877144409245
1647.9922744601595,1647.9922744601595,1.0003051610895972,0.0005614656198455688
1647.9992188152592,1647.9992188152592,1.0000754446665874,0.0005611763092106642
1648.006163170346,1648.006163170346,1.0003770449962706,0.0005610280757369367
1648.0131075254455,1648.0131075254455,0.9999550724430077,0.0005609079202372737
1648.0200518805098,1648.0200518805098,0.9995087338240556,0.0005601376378858837
1648.0269962355621,1648.0269962355621,0.999612722871148,0.0005607287487299032
1648.033940590615,1648.033940590615,1.0005928382809537,0.0005607937888707389
1648.040884945621,1648.040884945621,0.9999310478441599,0.0005600497878055571
1648.0478293006618,1648.0478293006618,0.9997484020811156,0.0005601324012349633
1648.054773655656,1648.054773655656,1.0001336178667466,0.0005602536789985423
1648.061718010662,1648.061718010662,1.0000927175372216,0.0005604296435519629
1648.0686623656566,1648.0686623656566,0.9999508972055373,0.0005600738038201705
1648.0756067206162,1648.0756067206162,1.0003959658806607,0.0005599748103777547
1648.0825510755985,1648.0825510755985,0.999644812284618,0.0005594674084769539
1648.089495430535,1648.089495430535,0.9997155850417725,0.0005595261482299372
1648.0964397854827,1648.0964397854827,1.0004049652657598,0.0005595077462215736
1648.1033841403957,1648.1033841403957,1.0001124628082994,0.0005596553564926317
1648.1103284953315,1648.1103284953315,1.0000757772885702,0.0005592863742149462
1648.1172728502213,1648.1172728502213,0.9995494848349893,0.0005596554795807508
1648.124217205122,1648.124217205122,1.0001819616019911,0.0005591641395184721
1648.1311615600007,1648.1311615600007,0.9998547691025104,0.0005596694404449767
1648.1381059148666,1648.1381059148666,1.0005911242203058,0.000558946645378541
1648.1450502697335,1648.1450502697335,0.9993979218040409,0.0005594868187695649
1648.1519946245644,1648.1519946245644,1.0000952957025178,0.0005594242282983982
1648.158938979396,1648.158938979396,0.9999688688389087,0.0005596163821745069
1648.1658833342274,1648.1658833342274,0.9998391114188341,0.0005591458165596518
1648.1728276890353,1648.1728276890353,1.0000909353990086,0.0005589884234208808
1648.1797720438321,1648.1797720438321,1.0001152863471368,0.000559333307342228
1648.186716398628,1648.186716398628,0.9998260873051248,0.0005585766912768097
1648.1936607533898,1648.1936607533898,0.9999181054277282,0.000558288315720892
1648.2006051081512,1648.2006051081512,1.001009924858686,0.000559000053807859
1648.207549462913,1648.207549462913,0.9993363836094886,0.0005586293953619211
1648.2144938176395,1648.2144938176395,0.9997180057954177,0.0005584933315371567
1648.2214381723777,1648.2214381723777,1.0000743971264143,0.0005589667569682455
1648.228382527081,1648.228382527081,1.0000440686777274,0.0005588521797029221
1648.2353268817728,1648.2353268817728,1.0001459915887692,0.0005585715712867411
1648.2422712364646,1648.2422712364646,0.9995664625353197,0.0005585980130528212
1648.2492155911561,1648.2492155911561,1.0007985074339822,0.0005585884923229243
1648.2561599458127,1648.2561599458127,0.999592971904978,0.000558700484006653
1648.2631043004699,1648.2631043004699,1.0005172045294182,0.0005584510988142967
1648.2700486551144,1648.2700486551144,0.9990448175887696,0.000558493169337605
1648.2769930097252,1648.2769930097252,1.000601015255151,0.0005580119379975607
1648.2839373643467,1648.2839373643467,1.0003615000464903,0.0005582058604096089
1648.2908817189575,1648.2908817189575,0.9995048146909387,0.0005580302838556108
1648.297826073544,1648.297826073544,0.9999947356374713,0.000558128479576684
1648.3047704281194,1648.3047704281194,0.999537946513972,0.0005573144312091015
1648.3117147826829,1648.3117147826829,0.9996209545469176,0.0005576253114778313
1648.3186591372464,1648.3186591372464,1.0004533457882652,0.0005579794559577971
1648.3256034917872,1648.3256034917872,1.0004340242182306,0.0005573537200977332
1648.3325478463153,1648.3325478463153,0.9997922963926985,0.0005569518700041748
1648.3394922008326,1648.3394922008326,1.0001975144215947,0.0005576071054009071
1648.3464365553496,1648.3464365553496,1.0000708763502018,0.0005568837509087513
1648.35338090982,1648.35338090982,0.999770650822323,0.0005568391760202746
1648.3603252642909,1648.3603252642909,1.0009753798135024,0.0005568598128887902
1648.3672696187612,1648.3672696187612,0.9992750018274956,0.0005569691960110162
1648.3742139732317,1648.3742139732317,0.9997834171809397,0.0005563189946031714
1648.381158327679,1648.381158327679,0.9997690493594986,0.0005562889270512314
1648.3881026821145,1648.3881026821145,0.9997603557314862,0.0005562386208849845
1648.395047036515,1648.395047036515,0.9996458303184796,0.0005561000208756664
1648.4019913909274,1648.4019913909274,1.0006720160958416,0.0005563039054621207
1648.4089357453165,1648.4089357453165,1.0005115027987894,0.0005562879033453441
1648.4158800997052,1648.4158800997052,0.9998099129697685,0.0005565643442398664
1648.4228244540595,1648.4228244540595,0.9997056620595096,0.0005555657502576074
1648.4297688084134,1648.4297688084134,1.000861729444488,0.0005556417898497218
1648.4367131627562,1648.4367131627562,0.9997852971328933,0.0005555284474546278
1648.4436575170753,1648.4436575170753,0.999368908147854,0.0005553320124069768
1648.4506018714062,1648.4506018714062,1.000131574428312,0.0005558382910665958
1648.4575462257021,1648.4575462257021,0.9990937725667655,0.0005550784026786695
1648.4644905799857,1648.4644905799857,0.9999652099071137,0.0005551104125708836
1648.4714349342703,1648.4714349342703,1.0006405247479337,0.0005553502345258334
1648.4783792885312,1648.4783792885312,1.0001261354963664,0.0005552786573004154
1648.4853236427807,1648.4853236427807,1.000338935478495,0.0005550567543597373
1648.4922679970182,1648.4922679970182,1.000037087726553,0.0005552394531878064
1648.499212351256,1648.499212351256,1.0002640949694033,0.0005549928540149637
1648.5061567054468,1648.5061567054468,1.0000707636301027,0.0005550039446298624
1648.513101059673,1648.513101059673,1.000114570386127,0.0005549849138824487
1648.5200454138526,1648.5200454138526,1.0001742478612203,0.0005545186893049953
1648.5269897680323,1648.5269897680323,0.9995476324035597,0.0005544035427516207
1648.5339341221647,1648.5339341221647,0.9994305942027534,0.0005545869928033723
1648.5408784763326,1648.5408784763326,0.9993586942911898,0.0005544174884525868
1648.5478228304535,1648.5478228304535,1.0002197448855645,0.0005549997066883
1648.5547671845754,1648.5547671845754,1.0010314979180097,0.0005546280953742061
1648.5617115386844,1648.5617115386844,0.9999887755797692,0.0005540459126938864
1648.5686558927828,1648.5686558927828,1.0001572332324238,0.0005541233361587983
1648.5756002468574,1648.5756002468574,0.9994736236911791,0.0005542370758330783
1648.582544600932,1648.582544600932,0.9995959619857988,0.0005543137491190506
1648.5894889549836,1648.5894889549836,0.9996783475217725,0.0005542569239655538
1648.5964333090233,1648.5964333090233,0.999621389460815,0.0005541333654512936
1648.6033776630516,1648.6033776630516,1.0010299699689198,0.0005540674687831544
1648.6103220170676,1648.6103220170676,1.0003758210071882,0.0005537047948541817
1648.617266371061,1648.617266371061,1.0001888407137454,0.0005537890160286149
1648.6242107250541,1648.6242107250541,1.0001433414157663,0.0005543402940979215
1648.631155079024,1648.631155079024,0.9992998833111055,0.0005540172159351286
1648.6380994329943,1648.6380994329943,0.9996811189786763,0.0005539448585353639
1648.6450437869291,1648.6450437869291,0.9995987407303426,0.0005535036660023935
1648.6519881408756,1648.6519881408756,0.9998235598608536,0.0005536182961627209
1648.6589324947759,1648.6589324947759,1.0002102469465002,0.0005538533235500025
1648.6658768487105,1648.6658768487105,0.9998353139371087,0.0005540994180420111
1648.6728212025996,1648.6728212025996,1.0004005733828991,0.0005535999169989605
1648.6797655564874,1648.6797655564874,0.9989704173042113,0.0005531422466603504
1648.6867099103176,1648.6867099103176,1.0008091828755288,0.0005531243247843432
1648.6936542641827,1648.6936542641827,1.0003466581059848,0.0005535983684025357
1648.7005986180247,1648.7005986180247,1.0003360322021588,0.0005532599845317447
1648.7075429718432,1648.7075429718432,0.9998911939315438,0.0005526719960200375
1648.7144873256616,1648.7144873256616,0.9999364919640439,0.0005524625456204719
1648.7214316794457,1648.7214316794457,0.9992517667913046,0.0005522811410151098
1648.7283760332407,1648.7283760332407,0.9999895196559667,0.0005524424962253581
1648.7353203870011,1648.7353203870011,0.9999933048221304,0.0005527673133939764
1648.7422647407734,1648.7422647407734,1.0001643903283832,0.0005517236214247649
1648.7492090945102,1648.7492090945102,0.9997454847283178,0.0005517507639818284
1648.756153448224,1648.756153448224,1.0006546931816698,0.0005517801384487271
1648.7630978019492,1648.7630978019492,1.0000502478995394,0.0005510898090013693
1648.77004215564,1648.77004215564,0.9999716829427344,0.0005508691204585386
1648.7769865093305,1648.7769865093305,1.0005043135389855,0.0005513364043147362
1648.7839308629977,1648.7839308629977,1.0002171332511753,0.0005510893653121147
1648.7908752166652,1648.7908752166652,1.0000414446463917,0.0005508464002839273
1648.797819570309,1648.797819570309,0.9993980146239856,0.0005504941817324928
1648.804763923918,1648.804763923918,1.0006289380683722,0.0005505932363902945
1648.8117082775734,1648.8117082775734,1.000057477721184,0.0005503418875375148
1648.818652631171,1648.818652631171,1.0000750239475096,0.0005505637177023865
1648.8255969847446,1648.8255969847446,1.0001455002706174,0.000550070839397903
1648.8325413383075,1648.8325413383075,0.9992509319176204,0.0005496807981843724
1648.8394856918699,1648.8394856918699,0.9996447383852404,0.0005496835577572186
1648.8464300454204,1648.8464300454204,1.0002946653600993,0.0005498090582418084
1648.8533743989478,1648.8533743989478,1.0007051990852993,0.000549932589293487
1648.860318752464,1648.860318752464,1.0002124994741917,0.000549717940414489
1648.8672631059683,1648.8672631059683,1.0002010938756918,0.0005494502116063876
1648.8742074594495,1648.8742074594495,0.9999993363261114,0.0005492594568959931
1648.8811518129187,1648.8811518129187,0.9996991490139682,0.0005493871155285275
1648.8880961663763,1648.8880961663763,1.0003572470902966,0.0005495385255266744
1648.8950405198223,1648.8950405198223,0.9999638351234431,0.0005488803062762397
1648.9019848732564,1648.9019848732564,0.9995574282407134,0.0005489647598768911
1648.9089292266794,1648.9089292266794,1.0007277277170672,0.0005494677351579742
1648.9158735800672,1648.9158735800672,0.9997987191587644,0.000548829706719237
1648.922817933455,1648.922817933455,1.00001965276926,0.0005489261336578564
1648.9297622868314,1648.9297622868314,0.9999962774309326,0.0005486338292588911
1648.9367066401724,1648.9367066401724,0.9997452175288932,0.0005489863350229803
1648.9436509935374,1648.9436509935374,0.9998109844764587,0.000548768605855462
1648.9505953468433,1648.9505953468433,1.0003754006868548,0.0005484684488003241
1648.95753970015,1648.95753970015,0.9992778874813226,0.0005490727638316512
1648.964484053456,1648.964484053456,1.0000939509074331,0.000549051514318466
1648.9714284067504,1648.9714284067504,1.0005657564606647,0.0005489747380500846
1648.9783727600109,1648.9783727600109,1.0001818093238068,0.0005485270176803292
1648.9853171132702,1648.9853171132702,1.0000135197673488,0.0005488666450145504
1648.9922614664952,1648.9922614664952,1.0000657242265383,0.0005489667677137753
1648.9992058197317,1648.9992058197317,1.0000735563071164,0.0005486725216106804
1649.0061501729328,1649.0061501729328,0.999862540859817,0.0005486485597109108
1649.0130945261233,1649.0130945261233,0.999505637727523,0.0005488809200523629
1649.0200388793128,1649.0200388793128,1.0005069345158044,0.0005492093329954173
1649.0269832324684,1649.0269832324684,0.999989105652108,0.0005488242744268446
1649.033927585623,1649.033927585623,0.9998973622883055,0.0005484608267555001
1649.040871938755,1649.040871938755,0.9999107579102038,0.0005489217623007326
1649.0478162918748,1649.0478162918748,1.0005582525923022,0.0005486875962448369
1649.0547606449713,1649.0547606449713,0.9995714086196316,0.0005491252975144383
1649.061704998057,1649.061704998057,0.999958818715875,0.0005486225730630818
1649.06864935113,1649.06864935113,1.0002068483924513,0.0005486067503220231
1649.0755937041922,1649.0755937041922,1.0005658523941157,0.0005492950170146429
1649.0825380572192,1649.0825380572192,0.999614004869712,0.000548202086652338
1649.0894824102343,1649.0894824102343,1.0003994761485608,0.0005482703282529987
1649.0964267632494,1649.0964267632494,1.0002007975835732,0.0005483342946235334
1649.103371116265,1649.103371116265,0.9997719559850505,0.000548170440643085
1649.1103154692453,1649.1103154692453,1.0000843794668224,0.0005486376475001822
1649.117259822214,1649.117259822214,0.9997556754534689,0.0005482099774385313
1649.1242041751598,1649.1242041751598,0.9994085041386574,0.0005486084854833468
1649.1311485280935,1649.1311485280935,1.000697004277495,0.0005484749259684461
1649.1380928810154,1649.1380928810154,1.0008303612531582,0.0005488897896745654
1649.1450372339143,1649.1450372339143,1.000360519481578,0.0005487887081486615
1649.1519815868014,1649.1519815868014,1.000665754385653,0.0005486965254063397
1649.1589259396774,1649.1589259396774,0.9999031161081344,0.0005489425545180556
1649.1658702925295,1649.1658702925295,0.9994495494953799,0.0005481748411866578
1649.1728146453702,1649.1728146453702,1.0000976275404463,0.0005487332440145622
1649.1797589981875,1649.1797589981875,0.9996050118061464,0.0005482918799302899
1649.186703351005,1649.186703351005,1.0000905917100162,0.0005484220310488269
1649.1936477037875,1649.1936477037875,0.9999174869298051,0.0005491584523630627
1649.2005920565582,1649.2005920565582,0.9998575024155244,0.0005487730624275192
1649.207536409341,1649.207536409341,1.0005593257775243,0.0005489952823913429
1649.2144807620648,1649.2144807620648,0.9996597911081115,0.0005489619726255216
1649.2214251147896,1649.2214251147896,1.0001686359098916,0.0005484599100114837
1649.2283694675134,1649.2283694675134,1.0001092327442775,0.0005488290351284359
1649.2353138202147,1649.2353138202147,1.000591470299088,0.0005492040355448418
1649.2422581728922,1649.2422581728922,1.0001198507741011,0.0005488172615422541
1649.2492025255583,1649.2492025255583,0.9996412183699499,0.0005486910257038085
1649.256146878201,1649.256146878201,1.0002796271482353,0.0005485230392564243
1649.2630912308437,1649.2630912308437,1.0005895662358264,0.0005486544149587088
1649.2700355834518,1649.2700355834518,1.0000939550252625,0.0005490601484633256
1649.2769799360474,1649.2769799360474,1.000603141332777,0.0005489240990506837
1649.2839242886207,1649.2839242886207,0.9999571732185215,0.0005494511628197495
1649.2908686412052,1649.2908686412052,0.9989712779722705,0.0005486123186787147
1649.297812993755,1649.297812993755,1.0012991632330004,0.000548688331861814
1649.304757346293,1649.304757346293,0.9992329562878334,0.0005485706811498309
1649.3117016988076,1649.3117016988076,0.9998343285524104,0.0005489362897520315
1649.3186460513105,1649.3186460513105,0.9998657215732052,0.0005486516626037336
1649.3255904037906,1649.3255904037906,1.0006057643684976,0.0005488925520881909
1649.3325347562702,1649.3325347562702,1.0000892404499289,0.0005483550821656859
1649.3394791087153,1649.3394791087153,0.9998397303601723,0.0005484897482304913
1649.346423461148,1649.346423461148,1.0007557621011824,0.0005486741190948607
1649.3533678135816,1649.3533678135816,1.00009545561939,0.0005485447174676905
1649.3603121659567,1649.3603121659567,1.0000797319825039,0.0005485681092593482
1649.3672565183545,1649.3672565183545,0.9999230621501226,0.0005482667299044635
1649.37420087073,1649.37420087073,0.9992054432500778,0.0005485726922770022
1649.3811452230698,1649.3811452230698,0.9997614316962569,0.0005482732100763159
1649.38808957541,1649.38808957541,1.0002115481968228,0.0005484981216410038
1649.3950339277267,1649.3950339277267,1.0004900086432076,0.0005486093717705576
1649.40197828002,1649.40197828002,0.9993226315022754,0.0005483252683122636
1649.408922632302,1649.408922632302,0.999446770554178,0.0005483105287219907
1649.4158669845842,1649.4158669845842,1.0001468873506232,0.0005486525175463747
1649.422811336831,1649.422811336831,0.9998780564340601,0.0005485763931423203
1649.4297556890547,1649.4297556890547,1.0004953721844012,0.0005493323035570157
1649.43864445989,1649.43864445989,1.0000705879342215,0.0005493718577113142
1649.4533664865241,1649.4533664865241,0.9996467179880968,0.0005484350752645071
1649.4603108386666,1649.4603108386666,1.000635028039363,0.0005490012264800406
1649.4672551908086,1649.4672551908086,0.9996800273820087,0.0005487157285750864
1649.474199542951,1649.474199542951,1.0002139578777816,0.0005484849929714482
1649.4811438950467,1649.4811438950467,1.000024472054745,0.0005485694310110172
1649.488088247142,1649.488088247142,1.000131972766415,0.0005490876466550352
1649.4950325992145,1649.4950325992145,0.9998150669794917,0.0005485475186346983
1649.5019769512637,1649.5019769512637,0.9999690103348602,0.00054878561843465
1649.5089213033007,1649.5089213033007,0.9999824288706914,0.0005492045451951039
1649.5158656553267,1649.5158656553267,0.9994501867961907,0.0005489141055168886
1649.5228100073175,1649.5228100073175,1.0003967638529283,0.00054881719066058
1649.5297543592965,1649.5297543592965,1.0000794109902549,0.0005487897709319836
1649.5366987112643,1649.5366987112643,1.0005109055766852,0.0005490708073710481
1649.5436430632083,1649.5436430632083,0.9996120041211292,0.0005489614408698495
1649.550587415141,1649.550587415141,1.0001566559765913,0.0005486308450404629
1649.5575317670505,1649.5575317670505,0.9993587460527913,0.0005488927804721476
1649.5644761189365,1649.5644761189365,0.9999435553635964,0.0005488972383331143
1649.5714204708343,1649.5714204708343,1.0006426059152542,0.0005488901808403563
1649.578364822697,1649.578364822697,0.9996570726496898,0.0005488370911025782
1649.5853091745248,1649.5853091745248,1.0001961755022704,0.0005488731040049855
1649.5922535263412,1649.5922535263412,0.9998490323563486,0.0005488993535527383
1649.5991978781453,1649.5991978781453,1.001042866579619,0.0005487527976753979
1649.606142229939,1649.606142229939,1.0001830675495873,0.0005489306620421379
1649.6130865816965,1649.6130865816965,1.00044419912551,0.0005493419854688929
1649.620030933443,1649.620030933443,1.0002908564554973,0.000549077065194566
1649.6269752851779,1649.6269752851779,1.0004974701666274,0.0005490311614193345
1649.6339196368772,1649.6339196368772,0.9996374834623932,0.000548553933250054
1649.640863988589,1649.640863988589,0.9997607519576188,0.0005489979811814954
1649.6478083402537,1649.6478083402537,0.9994062729743396,0.0005487352335994491
1649.6547526919185,1649.6547526919185,0.9997217138126537,0.0005494107454569936
1649.6616970435603,1649.6616970435603,0.999698286184949,0.000548943614770204
1649.6686413951782,1649.6686413951782,1.0002423549252655,0.0005491669301483168
1649.6755857467851,1649.6755857467851,1.0001454197601682,0.0005490260485465887
1649.6825300983685,1649.6825300983685,1.0008004247310152,0.0005488016960377569
1649.6894744499284,1649.6894744499284,1.0003532525687822,0.0005492282750949054
1649.6964188014888,1649.6964188014888,0.9999727184349055,0.0005486175827343015
1649.7033631529903,1649.7033631529903,0.9993107875355264,0.0005489380439819603
1649.710307504516,1649.710307504516,0.9997133277770646,0.0005493277491777278
1649.717251856006,1649.717251856006,1.000583059844033,0.0005492410985310417
1649.7241962074731,1649.7241962074731,0.9997962637951787,0.0005489542549013584
1649.7311405589285,1649.7311405589285,1.0005302937049378,0.0005491148585802829
1649.7380849103604,1649.7380849103604,0.9993278970538194,0.0005489216959381176
1649.745029261769,1649.745029261769,0.9996622782202673,0.0005491594800497472
1649.7519736131665,1649.7519736131665,1.0007527533832186,0.0005492782357520846
1649.7589179645397,1649.7589179645397,0.9998462912050157,0.0005489791754733857
1649.7658623159023,1649.7658623159023,0.9997032961200846,0.0005485528032561142
1649.7728066672298,1649.7728066672298,0.9999415832877737,0.0005490953137432595
1649.7797510185567,1649.7797510185567,0.9995156901330464,0.0005488056107149554
1649.7866953698497,1649.7866953698497,1.0003895973475376,0.000549337141936971
1649.7936397211183,1649.7936397211183,1.0002263080441942,0.0005491251718151419
1649.8005840723868,1649.8005840723868,0.9999061151251707,0.0005486938051775029
1649.8075284236334,1649.8075284236334,1.0001259009460157,0.0005487356332161905
1649.8144727748554,1649.8144727748554,1.0000252743397338,0.0005486469557370832
1649.8214171260552,1649.8214171260552,1.0007833610965888,0.0005490176943959966
1649.8283614772306,1649.8283614772306,0.9997857672950982,0.000549209775010878
1649.835305828395,1649.835305828395,0.9997908147208457,0.0005490963603876702
1649.8422501795474,1649.8422501795474,0.9994822034953106,0.0005492503804280342
1649.8491945306766,1649.8491945306766,1.0003380655813277,0.0005489785991813728
1649.8561388817714,1649.8561388817714,0.9997523038951204,0.0005488421344748186
1649.863083232854,1649.863083232854,1.0003268604640267,0.0005495022588616692
1649.8700275839135,1649.8700275839135,0.9996753295295822,0.0005488674746971352
1649.8769719349616,1649.8769719349616,0.9992990321149421,0.000548828762032523
1649.8839162859863,1649.8839162859863,0.9999643910510512,0.0005489579109306879
1649.8908606369641,1649.8908606369641,1.0006135641281013,0.0005489314658783417
1649.897804987942,1649.897804987942,1.0001424836097739,0.0005486115640777587
1649.90474933892,1649.90474933892,1.00036289040657,0.0005494150046848932
1649.911693689875,1649.911693689875,0.9998828555490473,0.0005490828515653786
1649.9186380407948,1649.9186380407948,0.9997934933324373,0.0005489719942954966
1649.9255823917028,1649.9255823917028,1.000112174204994,0.0005486714993948934
1649.9325267425763,1649.9325267425763,1.0000483026840858,0.0005487726621955281
1649.9394710934496,1649.9394710934496,1.000570146272048,0.0005488784500639836
1649.9464154442758,1649.9464154442758,0.99959159349222,0.0005486643610791109
1649.953359795103,1649.953359795103,0.9996912570613172,0.0005489697106342838
1649.960304145906,1649.960304145906,0.9994668667662594,0.0005484420451694312
1649.9672484966864,1649.9672484966864,0.9996028627742891,0.0005487308039978844
1649.9741928474427,1649.9741928474427,1.000168837130876,0.0005495917792262922
1649.9811371981764,1649.9811371981764,1.0009069721611497,0.0005490923753204954
1649.9880815489105,1649.9880815489105,1.0004642450619137,0.0005491107994852662
1649.995025899597,1649.995025899597,0.9996961532314186,0.0005489854420304899
1650.0019702502843,1650.0019702502843,1.0001978842979067,0.0005490583569986651
1650.0089146009243,1650.0089146009243,1.0000781402138375,0.000548753232326216
1650.015858951565,1650.015858951565,0.9991375172318824,0.0005486798768314646
1650.0228033021704,1650.0228033021704,1.00025269135976,0.0005488488406536383
1650.0297476527644,1650.0297476527644,0.999595999024671,0.000549118004004805
1650.0366920033346,1650.0366920033346,0.9999422040234128,0.0005493028073954936
1650.0436363538938,1650.0436363538938,1.0004173629819657,0.000549472612973852
1650.0505807044058,1650.0505807044058,0.999223668672332,0.0005487659619057939
1650.0575250549184,1650.0575250549184,0.9995088538383431,0.0005487673784074319
1650.064469405396,1650.064469405396,1.000635999256127,0.0005489232031166615
1650.0714137558614,1650.0714137558614,1.0003432110331603,0.0005490907548659395
1650.0783581063163,1650.0783581063163,0.999931331250856,0.0005490060709011629
1650.0853024567234,1650.0853024567234,0.9992547418106025,0.0005491105332153111
1650.0922468071196,1650.0922468071196,1.0001501953478857,0.0005488838146433803
1650.0991911575154,1650.0991911575154,1.0003011451540909,0.0005494391792097513
1650.1061355078527,1650.1061355078527,1.0002427605362787,0.0005487881759991436
1650.1130798582024,1650.1130798582024,0.9993863508440667,0.0005489507676390012
1650.1200242085051,1650.1200242085051,1.0004260223167383,0.0005489412497462745
1650.1269685587963,1650.1269685587963,1.0000134404541152,0.0005490189224580933
1650.1339129090757,1650.1339129090757,0.999906515145612,0.0005491870472927898
1650.1408572593089,1650.1408572593089,0.9999609619248684,0.0005489540389416128
1650.1478016095302,1650.1478016095302,0.9994369274495776,0.0005488335286829963
1650.1547459597284,1650.1547459597284,1.000588878081447,0.0005488900869930589
1650.1616903099143,1650.1616903099143,0.99974038449947,0.0005491067308020376
1650.1686346600775,1650.1686346600775,1.0002341671721606,0.00054977586630859
1650.1755790102059,1650.1755790102059,1.0003389281437705,0.0005491935645918321
1650.1825233603454,1650.1825233603454,0.9991421015026392,0.0005489934782238001
1650.1894677103926,1650.1894677103926,0.9999503419757308,0.0005490415772029503
1650.1964120604855,1650.1964120604855,1.0002903775845624,0.000549109925738545
1650.2033564105209,1650.2033564105209,1.0003014743916026,0.0005490714037645255
1650.210300760556,1650.210300760556,1.0002772597645762,0.0005491601288550794
1650.2172451105441,1650.2172451105441,0.9995394148536165,0.0005486670226321705
1650.2241894605213,1650.2241894605213,1.0000818241675244,0.0005487600316750849
1650.2311338104744,1650.2311338104744,1.0001318589968136,0.0005491217324973915
1650.238078160405,1650.238078160405,1.000237660293454,0.0005490726377373057
1650.2450225103235,1650.2450225103235,0.9992902036822757,0.0005489077012021063
1650.2519668602072,1650.2519668602072,0.9999783425188052,0.0005489941456121249
1650.2589112100559,1650.2589112100559,1.0001944344479992,0.0005485839782628581
1650.2658555599162,1650.2658555599162,1.000299295707428,0.000548870363988616
1650.2727999097303,1650.2727999097303,1.0007482529757161,0.0005488928309709812
1650.2797442595088,1650.2797442595088,0.9997538554759725,0.0005489691708837737
1650.2866886092768,1650.2866886092768,1.0000783333605934,0.0005488594895441055
1650.2936329590204,1650.2936329590204,0.9996868539740712,0.0005488571022122383
1650.300577308753,1650.300577308753,0.9993536536558338,0.0005497517980955604
1650.307521658439,1650.307521658439,1.000502763424408,0.0005496011211368702
1650.314466008124,1650.314466008124,0.9995769778924497,0.0005491264166780528
1650.3214103577757,1650.3214103577757,0.9992757892706671,0.0005489269570677043
1650.328354707403,1650.328354707403,1.0001000594154246,0.0005491825742169001
1650.335299056996,1650.335299056996,1.0008310955805029,0.0005487507789020036
1650.3422434065883,1650.3422434065883,1.0002786737172449,0.0005487660351039482
1650.349187756146,1650.349187756146,0.9997339338132523,0.0005492833856392641
1650.356132105692,1650.356132105692,1.0003272575259468,0.0005489645565192782
1650.3630764551685,1650.3630764551685,0.9998864189555963,0.0005487842746104547
1650.370020804668,1650.370020804668,1.0001429849121248,0.0005491764378963994
1650.376965154121,1650.376965154121,0.9996276973804095,0.0005488346149124091
1650.3839095035505,1650.3839095035505,0.9996125917453739,0.0005486416807827587
1650.3908538529686,1650.3908538529686,1.0001854834261874,0.0005489259443896032
1650.397798202352,1650.397798202352,1.0003987785542168,0.000549152243041599
1650.404742551723,1650.404742551723,1.0004179497577088,0.0005489654854871276
1650.4116869010595,1650.4116869010595,1.0006710790711564,0.0005494956785415087
1650.418631250373,1650.418631250373,0.9995997613786611,0.0005488789095812755
1650.4255755996514,1650.4255755996514,1.0002407780650777,0.0005490651316842751
1650.4325199489297,1650.4325199489297,1.0000600197007814,0.000548731105363656
1650.4394642981617,1650.4394642981617,0.9992917010167861,0.0005491303511248002
1650.4464086473813,1650.4464086473813,1.000133014574313,0.0005493975499766083
1650.4533529965552,1650.4533529965552,0.999896714173785,0.0005490640054416779
1650.4602973457172,1650.4602973457172,1.0001646035498362,0.0005488481694897591
1650.4672416948556,1650.4672416948556,1.0002560108967304,0.0005491230638043468
1650.474186043983,1650.474186043983,1.0003561883559353,0.0005491435930246646
1650.4811303930633,1650.4811303930633,1.0011284272870993,0.0005495117765198829
1650.4880747421205,1650.4880747421205,0.9997305292413265,0.000548955852895084
1650.4950190911663,1650.4950190911663,1.0002795335040722,0.0005488953209765282
1650.5019634401765,1650.5019634401765,0.9991629320082449,0.0005490698433994848
1650.5089077891523,1650.5089077891523,1.0001036086779262,0.0005486738890429047
1650.51585213814,1650.51585213814,1.000185833257789,0.0005487685888150542
1650.522796487057,1650.522796487057,0.999769951357516,0.000548930987550665
1650.5297408359631,1650.5297408359631,1.0000093704553574,0.0005487848963430113
1650.536685184834,1650.536685184834,1.0005018646044728,0.0005490809803061103
1650.5436295337047,1650.5436295337047,1.000062545979475,0.000548807879959046
1650.550573882529,1650.550573882529,1.0000796014906035,0.0005487176224900945
1650.55751823133,1650.55751823133,1.0001457756399619,0.0005487409989483082
1650.5644625801192,1650.5644625801192,0.9996506280968914,0.0005491766777898527
1650.571406928874,1650.571406928874,1.0003016235565838,0.0005492575620858064
1650.5783512775931,1650.5783512775931,1.0000691944646272,0.0005489698406582528
1650.5852956262897,1650.5852956262897,1.0001828205021293,0.0005491503117615246
1650.5922399749743,1650.5922399749743,0.9992498637049909,0.0005487606024677679
1650.5991843236238,1650.5991843236238,1.000031945734644,0.0005491678203986003
1650.606128672227,1650.606128672227,0.9998100115858962,0.0005490116455386751
1650.6130730208188,1650.6130730208188,0.9998022059402691,0.0005491446141421302
1650.6200173693749,1650.6200173693749,1.0000678613990144,0.000549145479404152
1650.6269617179205,1650.6269617179205,0.9998107099504097,0.0005490307088120986
1650.6339060664418,1650.6339060664418,1.0001797067278486,0.0005492223081537031
1650.6408504149172,1650.6408504149172,1.0003308111734228,0.0005489156672239022
1650.6477947633805,1650.6477947633805,0.9997712122259237,0.0005485687340868139
1650.6547391118088,1650.6547391118088,1.000292713965848,0.0005490374209087669
1650.6616834602023,1650.6616834602023,1.0008184367798318,0.0005489590612628519
1650.6686278086079,1650.6686278086079,0.9999457729982215,0.0005488964956320507
1650.6755721569316,1650.6755721569316,0.9994939571249954,0.0005487117105279217
1650.6825165052549,1650.6825165052549,0.9994919435261261,0.00054931190659176
1650.689460853544,1650.689460853544,1.000162481093907,0.000549118484228153
1650.6964052018095,1650.6964052018095,1.0000070947061055,0.0005494507605356552
1650.7033495500405,1650.7033495500405,1.0002403903091288,0.0005497354502025517
1650.7102938982473,1650.7102938982473,1.0000369309438335,0.0005493652128529674
1650.7172382464428,1650.7172382464428,1.0000751009287676,0.0005492815078725326
1650.7241825945919,1650.7241825945919,1.0001399616727875,0.0005490250824145713
1650.731126942718,1650.731126942718,0.9997443556548851,0.0005488907264029428
1650.7380712907968,1650.7380712907968,0.9992293138594034,0.0005489822997837709
1650.7450156388652,1650.7450156388652,1.0002241188079506,0.0005489115832169738
1650.7519599869206,1650.7519599869206,0.9997176546101469,0.000548877363992004
1650.7589043349303,1650.7589043349303,0.9998718714026896,0.0005487789232458756
1650.7658486829164,1650.7658486829164,1.000740983908082,0.0005489514863842276
1650.772793030856,1650.772793030856,1.0008243634720124,0.0005489852897459317
1650.779737378784,1650.779737378784,0.9993209988693759,0.0005487048854947499
1650.7866817266884,1650.7866817266884,1.0004940796770447,0.0005489008490047523
1650.7936260745469,1650.7936260745469,0.9995542912406907,0.000549167623620205
1650.800570422393,1650.800570422393,1.0000453634582127,0.0005492552729392553
1650.8075147701934,1650.8075147701934,0.9995972951286207,0.0005489083017133809
1650.8144591179694,1650.8144591179694,0.9998857789597675,0.0005498810113042977
1650.821403465723,1650.821403465723,1.000606759879005,0.0005496787733783782
1650.8283478134413,1650.8283478134413,0.9997452644528595,0.0005491578521741232
1650.835292161136,1650.835292161136,1.0000733447824723,0.0005491720670036677
1650.8422365087968,1650.8422365087968,0.9999854950080691,0.0005491025685659574
1650.8491808564333,1650.8491808564333,0.9999690786581377,0.0005494861843390242
1650.856125204024,1650.856125204024,0.9994841514077599,0.0005491841576557215
1650.8630695516026,1650.8630695516026,1.0008406738996922,0.0005494435778829938
1650.8700138991346,1650.8700138991346,0.9994985648528498,0.0005490291854040913
1650.8769582466552,1650.8769582466552,0.9996677842750004,0.0005489992911579663
1650.8839025941172,1650.8839025941172,0.9999888253031555,0.00054878907271713
1650.8908469415796,1650.8908469415796,1.0007046273696196,0.0005495232708852083
1650.897791288995,1650.897791288995,0.9998739970490791,0.0005488829746089217
1650.9047356363876,1650.9047356363876,0.9997885252025236,0.0005490807062805951
1650.9116799837448,1650.9116799837448,1.0004088844855379,0.0005495059987318206
1650.9186243310792,1650.9186243310792,0.9993787755560184,0.0005487942429635029
1650.9255686783667,1650.9255686783667,1.0003492406132257,0.0005495068449876966
1650.9325130256311,1650.9325130256311,1.0003739884431995,0.0005494072821459464
1650.9394573728841,1650.9394573728841,0.9996431737935028,0.0005487087823213243
1650.9464017200785,1650.9464017200785,1.0001944086638757,0.0005491539050880484
1650.9533460672496,1650.9533460672496,0.9994705346420986,0.0005491593465799099
1650.960290414386,1650.960290414386,1.0006750290823923,0.0005497064939501541
1650.967234761499,1650.967234761499,1.000078077172578,0.0005494094896906262
1650.9741791085773,1650.9741791085773,0.9999491853340687,0.000548882127950636
1650.9811234556205,1650.9811234556205,0.9993793273036571,0.0005489995431161564
1650.9880678026402,1650.9880678026402,0.9994602841420399,0.0005491376388715919
1650.9950121496136,1650.9950121496136,1.000809087854313,0.0005496703418302179
1651.001956496575,1651.001956496575,0.9989574237201545,0.0005492903707656237
1651.0089008434904,1651.0089008434904,1.0003338105688975,0.0005493351616274955
1651.0158451903706,1651.0158451903706,1.000823755525792,0.0005494263187218181
1651.0227895372159,1651.0227895372159,0.9996263562478976,0.0005490617856052924
1651.0297338840494,1651.0297338840494,1.000936427646566,0.0005496928295647908
1651.0366782308251,1651.0366782308251,0.9993431528455575,0.0005498657209509428
1651.0436225775884,1651.0436225775884,0.9998833757974633,0.0005492436730720794
1651.0505669243055,1651.0505669243055,0.9998539836406592,0.0005495452262613038
1651.0575112709998,1651.0575112709998,1.0000858208408254,0.0005486703520775062
1651.0644556176703,1651.0644556176703,0.9996646881900416,0.0005497202283474748
1651.0713999642826,1651.0713999642826,1.0012356311892916,0.0005496890214687628
1651.0783443108721,1651.0783443108721,0.9992943978286595,0.0005494380869765253
1651.085288657426,1651.085288657426,1.0003023571555145,0.0005489741688571247
1651.0922330039455,1651.0922330039455,0.9999291438820194,0.0005491226884717203
1651.0991773504418,1651.0991773504418,0.9997678147039236,0.0005494933734234258
1651.1061216968908,1651.1061216968908,1.00028143033728,0.0005494075268353025
1651.1130660433173,1651.1130660433173,0.9995159401029575,0.0005490676906388103
1651.120010389708,1651.120010389708,1.0003666414758858,0.0005498840117228774
1651.1269547360764,1651.1269547360764,0.9996757648841186,0.0005492692660215805
1651.1338990823974,1651.1338990823974,1.0006233497319035,0.0005494846250342008
1651.140843428661,1651.140843428661,0.9996621330891162,0.0005492984044039176
1651.147787774924,1651.147787774924,1.0006123116962697,0.0005496317391737386
1651.1547321211406,1651.1547321211406,1.0003088261757527,0.0005492301543099758
1651.1616764673224,1651.1616764673224,0.999856951602187,0.0005493078705985949
1651.1686208134572,1651.1686208134572,0.9998378885432189,0.0005497392788899943
1651.1755651595809,1651.1755651595809,0.9995900437114568,0.0005491738406519901
1651.182509505658,1651.182509505658,1.0003409377476624,0.0005491745566315666
1651.189453851688,1651.189453851688,1.0000409597590791,0.000549678439267485
1651.1963981977187,1651.1963981977187,0.9999131366956744,0.00054902158584554
1651.203342543679,1651.203342543679,1.0000062793489717,0.0005494482616240583
1651.2102868896163,1651.2102868896163,0.9999767333974425,0.0005493106996944804
1651.2172312355065,1651.2172312355065,1.0004320213834639,0.0005494989262385913
1651.2241755813861,1651.2241755813861,0.9999457331502253,0.0005489434522219076
1651.2311199272067,1651.2311199272067,0.9992118069169404,0.0005494366734725107
1651.2380642730045,1651.2380642730045,1.0003223910121406,0.0005497993893920398
1651.2450086187669,1651.2450086187669,0.9998649988409433,0.0005496521682561049
1651.2519529644826,1651.2519529644826,1.0003644431745649,0.0005492786647927474
1651.2588973101642,1651.2588973101642,0.999988415029551,0.0005491127158327922
1651.2658416558102,1651.2658416558102,0.999224351567871,0.000549674044189443
1651.2727860014215,1651.2727860014215,0.9999516919762023,0.0005494167145449148
1651.279730346998,1651.279730346998,1.0006858617562482,0.0005499694228638213
1651.2866746925392,1651.2866746925392,1.000229177049901,0.0005491156065637918
1651.293619038034,1651.293619038034,1.0002864152089823,0.000549126662696889
1651.3005633835176,1651.3005633835176,0.9996017553884554,0.000549330830721717
1651.3075077289188,1651.3075077289188,0.9998661800423143,0.0005490316915296948
1651.3144520743092,1651.3144520743092,0.9997209789705959,0.0005491673560503329
1651.3213964196643,1651.3213964196643,1.0001275115974564,0.0005493088473610984
1651.3283407649728,1651.3283407649728,1.0002347987239577,0.0005495768267141588
1651.3352851102459,1651.3352851102459,0.9996632610592213,0.0005492412313477138
1651.342229455485,1651.342229455485,1.0011798727922734,0.0005490805475101724
1651.3491738006655,1651.3491738006655,0.9991138255212466,0.0005492430903347396
1651.356118145823,1651.356118145823,1.0002400075036082,0.0005494460125266673
1651.363062490968,1651.363062490968,0.9992448715550599,0.0005492931180885656
1651.3700068360438,1651.3700068360438,0.9997825365158761,0.0005491192727160173
1651.376951181085,1651.376951181085,1.0001554107513393,0.000549207476876014
1651.3838955260908,1651.3838955260908,1.0005037372604457,0.0005495003529054928
1651.3908398710616,1651.3908398710616,1.0001076099268746,0.0005491025971958898
1651.3977842159861,1651.3977842159861,0.9998999188308192,0.0005500833099997887
1651.4047285608758,1651.4047285608758,1.0004466962871121,0.0005501606289685258
1651.4116729057303,1651.4116729057303,1.0002060972379039,0.000549903146392474
1651.4186172505265,1651.4186172505265,0.9997660090726497,0.0005490015341416178
1651.4255615953,1651.4255615953,0.9999267518872706,0.0005496683205480231
1651.432505940038,1651.432505940038,0.999848054589364,0.000549889306629894
1651.4394502847176,1651.4394502847176,0.9992627379583375,0.0005493837852627542
1651.4463946293629,1651.4463946293629,1.000083245204747,0.0005490154593629905
1651.4533389739495,1651.4533389739495,0.9999713791648835,0.000548861842905937
1651.460283318525,1651.460283318525,0.9999491064572942,0.0005495720794982723
1651.4672276630652,1651.4672276630652,1.000726501261315,0.000549295910155452
1651.4741720075467,1651.4741720075467,0.9994009557285756,0.0005486858187880781
1651.4811163520055,1651.4811163520055,1.0005308721570212,0.0005493140877913527
1651.4880606963948,1651.4880606963948,1.0002792292980434,0.0005494011785868565
1651.4950050407601,1651.4950050407601,1.0001466056428394,0.0005489026928598842
1651.501949385091,1651.501949385091,0.99998110664795,0.0005494082059030191
1651.5088937293633,1651.5088937293633,0.9997866567703998,0.000548966895830159
1651.5158380736007,1651.5158380736007,0.9996297294015871,0.0005488944522438835
1651.522782417792,1651.522782417792,0.999935430229615,0.0005495225200890641
1651.529726761948,1651.529726761948,0.9997363528127376,0.0005491223419784271
1651.5366711060574,1651.5366711060574,0.999854733141713,0.0005489776839918314
1651.5436154501203,1651.5436154501203,1.0005482090476776,0.0005499631545129489
1651.5505597941599,1651.5505597941599,1.0001969866100697,0.0005492343411692371
1651.5575041381412,1651.5575041381412,1.000249658580633,0.0005494441079982893
1651.5644484820764,1651.5644484820764,0.9999171760505522,0.0005495874663696733
1651.571392825976,1651.571392825976,0.9998440539115568,0.0005497225969491356
1651.5783371698296,1651.5783371698296,0.9993192490139833,0.0005495759058706938
1651.5852815136363,1651.5852815136363,1.0004632515157352,0.0005492914703212609
1651.5922258574083,1651.5922258574083,1.001445434061091,0.0005495230132771072
1651.599170201122,1651.599170201122,0.9993773656252273,0.0005494709090943259
1651.6061145448125,1651.6061145448125,0.9994878089206475,0.0005496152305273711
1651.6130588884448,1651.6130588884448,1.000437046112951,0.0005494575765912201
1651.6200032320303,1651.6200032320303,1.000132583301427,0.000549782811800606
1651.6269475755812,1651.6269475755812,0.9997825368601175,0.0005498063874004569
1651.6338919190734,1651.6338919190734,0.9998785097756857,0.0005495502422109573
1651.6408362625193,1651.6408362625193,0.9994650142843715,0.0005490449309930876
1651.6477806059306,1651.6477806059306,1.000342320846283,0.0005497723286526593
1651.6547249493062,1651.6547249493062,1.0004928785352376,0.0005491756193362165
1651.661669292636,1651.661669292636,1.0008024183599917,0.0005495514639028245
1651.6686136359071,1651.6686136359071,0.9998391453316036,0.0005494072670109416
1651.675557979132,1651.675557979132,0.9992221884087632,0.0005490369854938194
1651.682502322322,1651.682502322322,0.9988367310735532,0.000549170206857434
1651.6894466654653,1651.6894466654653,1.000339616537539,0.0005495709412001087
1651.69639100855,1651.69639100855,1.0000738596994487,0.0005494731774455403
1651.7033353515883,1651.7033353515883,0.999628099167872,0.0005491393042261949
1651.7102796945805,1651.7102796945805,1.0001539415316867,0.000549257411571798
1651.7172240375373,1651.7172240375373,1.00022529268162,0.0005498713973937154
1651.7241683804477,1651.7241683804477,1.0002302678639186,0.0005492735343032133
1651.7311127233115,1651.7311127233115,1.0007302136843894,0.0005493647213614503
1651.7380570661057,1651.7380570661057,0.9995748426033849,0.0005491982476162449
1651.745001408876,1651.745001408876,0.9997741474725853,0.0005493797314699627
1651.7519457515773,1651.7519457515773,1.0000894474235502,0.0005490617614189979
1651.7588900942549,1651.7588900942549,0.9990702184975089,0.0005492038726850888
1651.7658344368624,1651.7658344368624,0.9998145759099148,0.000549218112449734
1651.7727787794124,1651.7727787794124,0.9995702562905882,0.0005488962009247044
1651.7797231219502,1651.7797231219502,1.000776806356668,0.0005492639246508145
1651.7866674644295,1651.7866674644295,1.0002658101002406,0.0005494216877001003
1651.7936118068628,1651.7936118068628,1.0006275693947524,0.0005494960228823412
1651.800556149226,1651.800556149226,1.0005314331983486,0.0005494815890479421
1651.8075004915543,1651.8075004915543,0.9999023689076131,0.0005493329356042617
1651.8144448338248,1651.8144448338248,0.9994705192487258,0.0005492376268204956
1651.821389176048,1651.821389176048,0.9998935040423408,0.000549738903443836
1651.8283335182248,1651.8283335182248,0.9994608863930086,0.0005491396272706458
1651.835277860344,1651.835277860344,0.9997460637449563,0.0005497555894539791
1651.8422222024278,1651.8422222024278,0.9999047839516857,0.0005495831915175117
1651.8491665444412,1651.8491665444412,1.0001541022709515,0.0005493943994897658
1651.8561108864324,1651.8561108864324,1.0004734691168409,0.0005496493297726752
1651.8630552283419,1651.8630552283419,1.0014489578387573,0.000549675650914317
1651.8699995702045,1651.8699995702045,1.0007006345968237,0.0005496044987637896
1651.8769439120206,1651.8769439120206,0.9994407219133514,0.0005497970584833506
1651.883888253802,1651.883888253802,0.9999311227727528,0.0005494448525175755
1651.890832595513,1651.890832595513,0.9999517831157986,0.0005499509895674359
1651.8977769371782,1651.8977769371782,1.0000687693433792,0.0005504476974580162
1651.904721278773,1651.904721278773,1.0001094879974768,0.0005494942684780046
1651.9116656203446,1651.9116656203446,1.0000850550461013,0.0005496513028699458
1651.9186099618462,1651.9186099618462,0.9995593524368152,0.0005493713551824237
1651.9255543033014,1651.9255543033014,1.0002235925296001,0.0005496664381029795
1651.9324986446868,1651.9324986446868,0.9998731589111826,0.0005495212141033959
1651.9394429860372,1651.9394429860372,0.9995923000550446,0.0005495795743028164
1651.946387327329,1651.946387327329,0.9995246472453474,0.0005496827388176413
1651.9533316685634,1651.9533316685634,1.0006178425806354,0.0005499424412661365
1651.9602760097507,1651.9602760097507,1.0009123628131962,0.0005502687836544336
1651.9672203508803,1651.9672203508803,0.9997415359138184,0.0005494650350557754
1651.9741646919397,1651.9741646919397,1.0003059529379073,0.0005501126506796645
1651.9811090329872,1651.9811090329872,0.9999901901933359,0.0005500059295938383
1651.9880533739422,1651.9880533739422,0.9995905443915015,0.0005498135232590831
1651.9949977148615,1651.9949977148615,0.9997009433200222,0.0005495316112012689
1652.0019420556885,1652.0019420556885,0.9992368092537195,0.0005493517107723001
1652.00888639648,1652.00888639648,1.0000169739546387,0.0005493213982206131
1652.0158307372483,1652.0158307372483,1.000046936383576,0.0005491363008998652
1652.0227750779352,1652.0227750779352,1.000562342440285,0.0005500822683471237
1652.0297194185637,1652.0297194185637,1.000025031175205,0.0005499007566559025
1652.0366637591228,1652.0366637591228,1.0000306958497414,0.0005500584085705916
1652.043608099623,1652.043608099623,1.0008061387881653,0.00054969974328696
1652.050552440101,1652.050552440101,1.000229346220999,0.000549868356021323
1652.0574967804964,1652.0574967804964,0.9994962881536237,0.0005494768131176552
1652.0644411208457,1652.0644411208457,0.9998495199647561,0.0005500047460604601
1652.0713854611367,1652.0713854611367,1.0006461591722526,0.0005494874993305594
1652.0783298013696,1652.0783298013696,0.9993228598238145,0.0005500649106832178
1652.0852741415329,1652.0852741415329,0.99952836157846,0.0005494801391139468
1652.0922184816257,1652.0922184816257,0.9998403421920321,0.0005498466297366952
1652.099162821684,1652.099162821684,0.9998231921391669,0.000549757510051049
1652.1061071616841,1652.1061071616841,1.000709152056424,0.0005502560245413256
1652.1130515016025,1652.1130515016025,0.999822083237191,0.0005498938665866722
1652.1199958414861,1652.1199958414861,0.9999670670208394,0.0005498032192499206
1652.1269401812763,1652.1269401812763,0.9995546778854587,0.0005500186591213203
1652.1338845210441,1652.1338845210441,1.0006855543951332,0.0005502037918164557
1652.140828860741,1652.140828860741,0.9997480021611151,0.0005498251400820707
1652.1477732003689,1652.1477732003689,1.0000194996870273,0.0005492349212597675
1652.154717539926,1652.154717539926,0.999978906765115,0.0005495754511578471
1652.1616618794492,1652.1616618794492,1.0000982383352257,0.0005498329009062132
1652.1686062188899,1652.1686062188899,0.999617796728673,0.0005495139239190498
1652.17555055825,1652.17555055825,1.0002608668634834,0.0005499439895325727
1652.1824948975864,1652.1824948975864,1.000470986229829,0.0005502301825927808
1652.1894392368529,1652.1894392368529,0.9995318815211138,0.0005492797747339509
1652.19638357605,1652.19638357605,1.0001712577348614,0.0005492916352160349
1652.2033279151885,1652.2033279151885,1.0004738169940428,0.0005496350439606246
1652.2102722542338,1652.2102722542338,0.9995902798532988,0.0005496034902563448
1652.2172165932673,1652.2172165932673,1.0002142294799168,0.0005496486476511699
1652.2241609322202,1652.2241609322202,0.9992624347628205,0.0005491858740676379
1652.2311052711023,1652.2311052711023,1.000744938066839,0.000549746742014921
1652.2380496098917,1652.2380496098917,0.9997832023292197,0.000549789268718045
1652.2449939486462,1652.2449939486462,0.9997678591891184,0.0005493398309160474
1652.251938287342,1652.251938287342,1.000089423809045,0.0005494253791967641
1652.2588826259685,1652.2588826259685,0.9998333113219735,0.0005498270670390316
1652.2658269645253,1652.2658269645253,0.9998891554514893,0.0005493104201938689
1652.272771303023,1652.272771303023,0.9997376215627231,0.0005498918225060611
1652.27971564144,1652.27971564144,1.0002672658422767,0.0005494478527081556
1652.2866599797871,1652.2866599797871,1.0001658239030287,0.00054946095449713
1652.2936043180875,1652.2936043180875,1.000270900275085,0.0005499795490680145
1652.3005486562943,1652.3005486562943,0.9997300472456108,0.0005495698342069374
1652.3074929944673,1652.3074929944673,1.0006346042184204,0.0005498331676905305
1652.3144373325576,1652.3144373325576,0.9997356170206715,0.000549556999546793
1652.3213816705902,1652.3213816705902,0.9999462676317885,0.0005498216999812789
1652.3283260085414,1652.3283260085414,1.000048471111615,0.0005496115224552597
1652.3352703464345,1652.3352703464345,0.9991644579228787,0.0005493417084151248
1652.3422146842458,1652.3422146842458,0.9996068417064772,0.0005496932107906591
1652.349159021999,1652.349159021999,1.0004645478825211,0.000549995413580975
1652.3561033596823,1652.3561033596823,1.0008455880241158,0.0005495644068801005
1652.3630476972842,1652.3630476972842,1.0000551664122939,0.0005495479811497412
1652.3699920348395,1652.3699920348395,0.9998621954996345,0.0005494565243015515
1652.3769363723015,1652.3769363723015,1.0001942804479653,0.0005497114646520283
1652.383880709694,1652.383880709694,1.000026777190899,0.0005498157997713732
1652.390825047039,1652.390825047039,1.0000133386852994,0.0005495132166599163
1652.3977693842924,1652.3977693842924,0.9993175877461015,0.0005495764084261348
1652.4047137214748,1652.4047137214748,0.9996136747316511,0.0005495996491549995
1652.4116580585996,1652.4116580585996,0.9996714245236141,0.0005500271265631844
1652.4186023956543,1652.4186023956543,1.0002528737007892,0.0005496103808779469
1652.4255467326159,1652.4255467326159,1.0001962356686727,0.0005499861186809939
1652.432491069531,1652.432491069531,1.0004181254248088,0.0005500002161430943
1652.4394354063413,1652.4394354063413,1.0009218095352563,0.0005501697604096787
1652.4463797431283,1652.4463797431283,1.0001561149784448,0.0005497859395740332
1652.4533240797987,1652.4533240797987,0.9992316742434049,0.0005495817636557977
1652.4602684163995,1652.4602684163995,0.9999119746117253,0.0005496836919710122
1652.4672127529423,1652.4672127529423,1.0000747351971329,0.0005500453987841115
1652.4741570894143,1652.4741570894143,0.9992035727254536,0.0005492942238997905
1652.4811014257943,1652.4811014257943,1.000365625048089,0.0005502722767443942
1652.4880457621039,1652.4880457621039,1.0004250753090786,0.0005498843098857311
1652.4949900983436,1652.4949900983436,1.0001654331271772,0.0005495532859809324
1652.5019344345135,1652.5019344345135,0.9992358605245473,0.000549534534779017
1652.5088787705904,1652.5088787705904,1.0003688442838636,0.0005496692166827728
1652.5158231066089,1652.5158231066089,0.9996065934870035,0.0005498056701510104
1652.522767442546,1652.522767442546,1.0005384918124123,0.0005498410789893063
1652.529711778414,1652.529711778414,0.9993717800006043,0.0005496839512988017
1652.5366561141989,1652.5366561141989,1.000343403780949,0.0005496463645476247
1652.5436004499036,1652.5436004499036,0.9999506722994396,0.0005502893471078409
1652.5505447855262,1652.5505447855262,1.0009771482217094,0.0005500825708093176
1652.5574891210792,1652.5574891210792,1.000501509288926,0.0005499796570360005
1652.5644334565618,1652.5644334565618,0.9996104315696218,0.0005497610439941364
1652.5713777919523,1652.5713777919523,1.0000802885204993,0.0005500227774218679
1652.578322127249,1652.578322127249,1.000291386632826,0.0005499274703154764
1652.5852664625108,1652.5852664625108,1.0001095581034705,0.0005497667302025981
1652.592210797668,1652.592210797668,0.9990314778133561,0.0005501551581587354
1652.5991551327556,1652.5991551327556,0.9996990969291046,0.0005501094857730447
1652.606099467773,1652.606099467773,0.9999442866389803,0.0005498548351790148
1652.6130438026853,1652.6130438026853,0.9994752708789101,0.0005498558314142952
1652.6199881375287,1652.6199881375287,1.0006525269567512,0.00054995217814813
1652.6269324722896,1652.6269324722896,0.9996668444180781,0.0005500851839719347
1652.6338768069695,1652.6338768069695,1.0000124741804997,0.0005501681595817137
1652.6408211415796,1652.6408211415796,1.000028383503553,0.0005496308218742904
1652.6477654761081,1652.6477654761081,1.000613698917476,0.0005499681034089926
1652.6547098105318,1652.6547098105318,1.0001431209262486,0.0005497734791650074
1652.6616541449089,1652.6616541449089,0.9998158338753044,0.0005498783364127688
1652.6685984791814,1652.6685984791814,0.99903812231642,0.0005502258987668057
1652.6755428133838,1652.6755428133838,1.000133219272399,0.0005502179591911655
1652.6824871475048,1652.6824871475048,1.0002265652203286,0.000550152839217073
1652.6894314815213,1652.6894314815213,1.0001410733220983,0.0005497389406539339
1652.6963758154907,1652.6963758154907,0.9996388692491747,0.0005499178159129388
1652.7033201493327,1652.7033201493327,1.0003654318791362,0.0005499733166152709
1652.7102644831393,1652.7102644831393,1.0005716196739847,0.00055087387620866
1652.7172088168413,1652.7172088168413,1.0006020682602057,0.0005499119377542714
1652.7241531504617,1652.7241531504617,0.9992244184168044,0.0005500125928277212
1652.7310974840009,1652.7310974840009,0.9995550617410369,0.0005498430006527894
1652.738041817458,1652.738041817458,1.0000809944454803,0.000549942812655747
1652.744986150834,1652.744986150834,1.000522905232033,0.0005503221241995017
1652.751930484117,1652.751930484117,0.9994345393137823,0.0005503311315981082
1652.7588748173184,1652.7588748173184,0.9991317545848408,0.0005500039101418886
1652.7658191504383,1652.7658191504383,0.9996850399539043,0.0005502301818604176
1652.7727634834766,1652.7727634834766,1.0004529632215404,0.0005500582119244448
1652.7797078164338,1652.7797078164338,1.0007310230794078,0.0005501955700886268
1652.7866521492856,1652.7866521492856,1.0003145137679823,0.0005504082457123972
1652.793596482068,1652.793596482068,0.9996434136862457,0.0005502156418875089
1652.8005408147687,1652.8005408147687,1.0001358226990955,0.0005495793685847288
1652.807485147388,1652.807485147388,1.000132481446073,0.0005502923231847101
1652.8144294799138,1652.8144294799138,0.9996140059138995,0.0005500009593636861
1652.8213738123472,1652.8213738123472,1.0006953365463283,0.0005500777424898879
1652.8283181446986,1652.8283181446986,0.9996687605657788,0.0005497370031630368
1652.8352624769916,1652.8352624769916,0.9996184388902822,0.0005498890076803166
1652.842206809169,1652.842206809169,1.0000181668196941,0.000549914131903429
1652.8491511412874,1652.8491511412874,0.9997943903726899,0.0005502192905897383
1652.8560954733016,1652.8560954733016,0.9999593478613329,0.000550140268464726
1652.8630398052342,1652.8630398052342,0.9997052091925444,0.0005499503483911564
1652.8699841370849,1652.8699841370849,0.999834301969783,0.0005505414711495132
1652.8769284688544,1652.8769284688544,0.9999280610036916,0.0005504694574169263
1652.8838728005303,1652.8838728005303,1.0002819574314388,0.0005507713654487257
1653.3019215925294,1653.3019215925294,1.0003609518262002,0.000542627965852899
1653.9255226276418,1653.9255226276418,0.9996131792013502,0.0005283444618641858
1653.9324669780078,1653.9324669780078,1.0001814545595946,0.0005285456425307766
1653.939411328781,1653.939411328781,0.9999824166388395,0.0005283646154922329
1653.9463556799383,1653.9463556799383,0.9996910744214847,0.0005282781784814526
1653.9533000314914,1653.9533000314914,1.0003813561003585,0.0005286762384706448
1653.9602443834287,1653.9602443834287,1.0001445860456282,0.0005282648164937401
1653.9671887357497,1653.9671887357497,0.9998216202050239,0.0005281499950904724
1653.9741330884674,1653.9741330884674,0.9999351759537894,0.0005282869969839572
1653.9810774415455,1653.9810774415455,1.0003696061928016,0.0005280460974315578
1653.9880217949965,1653.9880217949965,0.999946165461728,0.0005280113548638495
1653.9949661488422,1653.9949661488422,1.0000840488634637,0.000528347713922336
1654.00191050305,1654.00191050305,0.9999778460453784,0.0005279100163639295
1654.0088548576186,1654.0088548576186,1.0001706195323652,0.0005279630203814759
1654.0157992125241,1654.0157992125241,0.9999460399973572,0.0005281855706678976
1654.022743567814,1654.022743567814,0.9997424989009485,0.0005283477378275515
1654.0296879234647,1654.0296879234647,0.999608327182741,0.0005279654670833915
1654.0366322794423,1654.0366322794423,0.9997531184506162,0.0005285996513393336
1654.0435766357798,1654.0435766357798,1.0004858030889348,0.0005285040375758223
1654.0505209924436,1654.0505209924436,1.0004644009496557,0.0005289633455276005
1654.0574653494682,1654.0574653494682,1.0004899457744016,0.0005286920161483867
1654.0644097068187,1654.0644097068187,0.9996455005039324,0.0005292399479419953
1654.0713540644952,1654.0713540644952,1.0004067896547564,0.0005297520046640382
1654.0782984225207,1654.0782984225207,0.9991788529134051,0.0005304625150569788
1654.0852427808263,1654.0852427808263,1.0001455731906588,0.0005304683951178152
1654.0921871394808,1654.0921871394808,0.9994198024576484,0.0005311906920309087
1654.0991314984378,1654.0991314984378,0.9999043940567818,0.0005317575630409084
1654.1060758577091,1654.1060758577091,0.9998757323787661,0.0005326382024046495
1654.1130202172717,1654.1130202172717,0.9999950551095201,0.0005334949389405804
1654.1199645771485,1654.1199645771485,1.0007077687621124,0.0005349645901582459
1654.1269089373163,1654.1269089373163,1.0001514788506598,0.0005358603966804916
1654.1338532977984,1654.1338532977984,1.0001535310308922,0.0005371113593669625
1654.1407976585483,1654.1407976585483,0.999967657459148,0.0005385735006700115
1654.147742019589,1654.147742019589,1.0000633290780314,0.0005398221709758527
1654.1546863808865,1654.1546863808865,0.999281593953528,0.0005408355759019142
1654.162186291437,1654.162186291437,0.9998689674678112,0.0005421944012817955
1654.169963976748,1654.169963976748,0.9999790025676927,0.0005444130034387977
1654.176908338953,1654.176908338953,0.9998986018535346,0.000544694888368472
1654.1838527013908,1654.1838527013908,1.000548035690453,0.000545842140219276
1654.1907970640852,1654.1907970640852,1.0001207827546075,0.000547400957565243
1654.1977414270702,1654.1977414270702,1.000055829672142,0.0005483871306558485
1654.2046857902646,1654.2046857902646,1.0000156400458298,0.0005491617005664442
1654.211630153739,1654.211630153739,1.000586386728934,0.0005505861543541878
1654.218574517446,1654.218574517446,0.9992222682718068,0.0005519341487363482
1654.2255188813856,1654.2255188813856,1.0000553414172728,0.0005525670913467584
1654.2324632455698,1654.2324632455698,0.9995901887032945,0.0005531609491177846
1654.2394076099984,1654.2394076099984,0.9996093229072226,0.0005542915252388661
1654.2463519746366,1654.2463519746366,1.000527891605326,0.0005553239174512063
1654.2538518887145,1654.2538518887145,1.0010403801974872,0.0005560620774438574
1654.261629577623,1654.261629577623,0.9996170908470005,0.0005576047817108677
1654.2685739429712,1654.2685739429712,1.0002679979831053,0.0005579390669634552
1654.2755183085287,1654.2755183085287,0.9998003247379508,0.0005582728068985877
1654.2824626743081,1654.2824626743081,1.0001435597795283,0.0005593495851553547
1654.289407040285,1654.289407040285,0.9999604196140532,0.0005596076733349413
1654.2963514064716,1654.2963514064716,1.0001091558523496,0.0005600597737229774
1654.3032957728556,1654.3032957728556,1.0000509199158778,0.0005606390115176809
1654.3102401394149,1654.3102401394149,0.9996993510652843,0.0005610852918787928
1654.3171845061952,1654.3171845061952,1.000666051494332,0.0005616764436818144
1654.3241288731497,1654.3241288731497,1.0000362588972944,0.0005616543673804784
1654.3310732402908,1654.3310732402908,1.000101431037372,0.0005615756096095266
1654.3380176076305,1654.3380176076305,0.9993674237390053,0.0005622844866927711
1654.3449619751323,1654.3449619751323,0.9999786718759047,0.0005629495938033946
1654.35190634282,1654.35190634282,1.0000443449326766,0.0005631788735166545
1654.3588507106833,1654.3588507106833,0.9995162071052283,0.0005637438405877167
1654.3657950787324,1654.3657950787324,0.9994800182042336,0.0005642367295439076
1654.3727394469213,1654.3727394469213,1.0004081057331125,0.0005643948325310355
1654.3796838153078,1654.3796838153078,0.9999107248792478,0.0005650844334884482
1654.386628183823,1654.386628183823,1.0009150866122885,0.0005651768792904394
1654.393572552524,1654.393572552524,1.0001053559933848,0.0005655107558919352
1654.4005169213647,1654.4005169213647,0.9993633403331346,0.0005658430994830373
1654.4074612903569,1654.4074612903569,0.9997821715611719,0.000565980766938287
1654.4144056595237,1654.4144056595237,1.0007928684700675,0.0005668463592678646
1654.4213500288297,1654.4213500288297,0.9989471928619522,0.0005669673160523539
1654.4282943982646,1654.4282943982646,0.9996455604069949,0.0005672973999434738
1654.4352387678616,1654.4352387678616,0.9998854802000416,0.0005677319279730928
1654.4421831376112,1654.4421831376112,1.0004275999897696,0.0005685055808298072
1654.4491275074756,1654.4491275074756,0.9996977597066652,0.0005687847601816072
1654.456071877504,1654.456071877504,0.9998712409653828,0.0005688439156462796
1654.4630162476374,1654.4630162476374,1.0006599323639533,0.0005696821622544041
1654.4699606179333,1654.4699606179333,0.9995119652015394,0.0005698582742199981
1654.4769049883337,1654.4769049883337,1.000277849973887,0.0005705198097030656
1654.4838493588861,1654.4838493588861,1.0003091343297696,0.0005704442983347493
1654.4907937295661,1654.4907937295661,0.9997790866102066,0.0005716627767514698
1654.4991269745383,1654.4991269745383,0.9997706084882674,0.0005715568372430698
1654.511626842293,1654.511626842293,1.000148320288303,0.0005734339990780002
1654.5199600876847,1654.5199600876847,1.0005719589652362,0.000573626797980374
1654.5269044589818,1654.5269044589818,0.9997979170792386,0.0005737714868769148
1654.5338488303837,1654.5338488303837,1.0007108116588272,0.0005750867036506686
1654.5407932018902,1654.5407932018902,0.999572935398047,0.0005747921848104244
1654.5477375735136,1654.5477375735136,1.000838936804183,0.0005757337540989956
1654.5546819452416,1654.5546819452416,0.9994588583030481,0.0005758985401513875
1654.561626317097,1654.561626317097,1.000317120813818,0.0005768195086980996
1654.568570689035,1654.568570689035,1.0003164295236484,0.0005771909350625585
1654.575515061077,1654.575515061077,1.0003079468834966,0.000577541983730095
1654.5824594332237,1654.5824594332237,0.9987281665085744,0.0005776340500767658
1654.5894038054637,1654.5894038054637,1.0004652804750005,0.0005778351812120769
1654.5963481777974,1654.5963481777974,0.9996205905524033,0.0005780806611018856
1654.6032925502354,1654.6032925502354,1.0011889832825118,0.0005785483825363823
1654.610236922766,1654.610236922766,0.9993185431447857,0.0005784623121945875
1654.6171812954024,1654.6171812954024,0.9991230375286045,0.0005786484219098338
1654.624681217932,1654.624681217932,1.0004972992776797,0.0005788958348035567
1654.6324589154897,1654.6324589154897,1.0005475239911283,0.000578880289724759
1654.6394032884054,1654.6394032884054,1.000036601715849,0.0005788776985176461
1654.646347661402,1654.646347661402,1.000241213382535,0.0005785858167956665
1654.653292034492,1654.653292034492,0.9990364316421289,0.0005784215062936099
1654.66023640764,1654.66023640764,1.0008426635792298,0.00057851661570285
1654.6671807808812,1654.6671807808812,0.99963285685581,0.0005787045538345652
1654.6741251542276,1654.6741251542276,0.9996651745881543,0.0005784671337531717
1654.68106952762,1654.68106952762,0.9999703776536059,0.0005783735038846048
1654.6880139010943,1654.6880139010943,1.0002593625086178,0.0005782504284730958
1654.6949582746493,1654.6949582746493,1.0010189742300106,0.0005783050540805218
1654.7019026482753,1654.7019026482753,0.9999169974853646,0.0005781739157493571
1654.7088470219937,1654.7088470219937,0.9995108104758501,0.0005781472418488709
1654.7157913957817,1654.7157913957817,0.9996075821302659,0.0005786588665794827
1654.7227357696288,1654.7227357696288,0.9997707752098005,0.000578020649898631
1654.7296801435452,1654.7296801435452,0.999563938870509,0.0005780476913153284
1654.7366245175551,1654.7366245175551,1.000092495120275,0.0005780082577901875
1654.743568891611,1654.743568891611,0.9997518930868546,0.0005782014770199884
1654.7505132657486,1654.7505132657486,1.00051744560091,0.0005780692334813018
1654.7574576399215,1654.7574576399215,1.0009612611851948,0.0005783288089772772
1654.764402014187,1654.764402014187,0.9998409321295328,0.0005775915712813789
1654.771346388511,1654.771346388511,0.9998852863904777,0.0005775716652224066
1654.7782907629048,1654.7782907629048,0.999505872733442,0.0005772587075191595
1654.7852351373567,1654.7852351373567,1.000201602639482,0.0005773680597592281
1654.792179511844,1654.792179511844,1.001062551177664,0.000577081942320607
1654.799123886435,1654.799123886435,0.999538723775259,0.0005776244419264493
1654.806068261062,1654.806068261062,1.000054098648732,0.0005768600904675575
1654.8130126357469,1654.8130126357469,1.0001632751580254,0.0005763665634103584
1654.8199570104898,1654.8199570104898,1.0003106415664922,0.0005768329946507948
1654.8269013852557,1654.8269013852557,0.9997742902019787,0.0005758156435040787
1654.8338457601271,1654.8338457601271,0.9993621226939965,0.0005757702955627532
1654.840790135045,1654.840790135045,0.9999517032182357,0.000575646176977002
1654.8477345099855,1654.8477345099855,1.000534391033165,0.0005751596375212762
1654.8546788850083,1654.8546788850083,0.9995402484157226,0.0005746282213357716
1654.8616232600775,1654.8616232600775,1.0009576507151923,0.000574382804456493
1654.868567635204,1654.868567635204,0.9996020739989824,0.0005741166482979449
1654.875512010355,1654.875512010355,1.0002030176783137,0.0005732619713247547
1654.8824563855637,1654.8824563855637,1.0000448096298493,0.000572700395239473
1654.8894007608305,1654.8894007608305,0.9994285478614543,0.000571935854039133
1654.896900686177,1654.896900686177,0.9995153795818889,0.0005720634230930164
1654.904678386564,1654.904678386564,0.9997640825293995,0.000571055709352844
1654.911622761983,1654.911622761983,1.0006585274056599,0.0005706723019223219
1654.9185671374357,1654.9185671374357,1.0004540589875028,0.0005705211004488653
1654.9255115129356,1654.9255115129356,1.0004007032747644,0.0005697377139929477
1654.9324558884814,1654.9324558884814,1.0001139528229648,0.0005690486116313346
1654.9394002640634,1654.9394002640634,1.0005282206701764,0.0005687769312156423
1654.9463446397021,1654.9463446397021,0.9987558062414615,0.0005687854376362855
1654.9532890153653,1654.9532890153653,0.9995991827048769,0.0005681132956196867
1654.960233391074,1654.960233391074,0.9998549374991574,0.0005676127687894634
1654.96717776683,1654.96717776683,0.9999910745239546,0.0005674406565451604
1654.9741221426327,1654.9741221426327,1.000143946821114,0.0005672997864392623
1654.9810665184464,1654.9810665184464,1.0001515384910078,0.0005670915060897669
1654.9880108943303,1654.9880108943303,1.0000471462302465,0.000566655142677186
1654.9949552702376,1654.9949552702376,1.0004955158017166,0.0005665938472893044
1655.0018996461797,1655.0018996461797,1.0003043500511803,0.0005671476207501491
1655.0088440221455,1655.0088440221455,1.0003840751766948,0.0005664722079634213
1655.0157883981688,1655.0157883981688,0.9999227330758316,0.0005663245964724961
1655.0227327742273,1655.0227327742273,0.9992277132493653,0.0005662081783944747
1655.029677150321,1655.029677150321,0.9993789544523318,0.0005661050050711758
1655.0366215264257,1655.0366215264257,1.0002083161873903,0.0005666765918262114
1655.043565902589,1655.043565902589,1.000140991074012,0.0005660332050003392
1655.0505102787756,1655.0505102787756,0.9998336685394907,0.000565979654576108
1655.0574546549974,1655.0574546549974,1.0000391318451516,0.0005667706903089463
1655.0643990312535,1655.0643990312535,1.0001666353955738,0.0005666308766685359
1655.0713434075449,1655.0713434075449,1.000702925637495,0.0005664450994031457
1655.0782877838483,1655.0782877838483,0.9992151229663188,0.0005661514207378571
1655.0852321601974,1655.0852321601974,0.9998191076618893,0.0005663085601060256
1655.0921765365704,1655.0921765365704,1.0002254945187288,0.0005663182675245405
1655.0991209129897,1655.0991209129897,1.0006256191572385,0.0005660557186119959
1655.1060652894207,1655.1060652894207,0.9989099528106035,0.0005657259008786699
1655.113009665875,1655.113009665875,0.999594865691714,0.0005661919550579057
1655.119954042376,1655.119954042376,1.0009081793537913,0.0005666868111536121
1655.126898418889,1655.126898418889,0.9998876307865887,0.0005664188127593129
1655.1338427954477,1655.1338427954477,0.9997007243196181,0.0005661311234623934
1655.1407871720298,1655.1407871720298,1.0002921155477738,0.0005667480674988084
1655.1477315486125,1655.1477315486125,0.9992582355900541,0.0005655881200587273
1655.1546759252415,1655.1546759252415,1.000200959234234,0.0005658658999051192
1655.1616203018937,1655.1616203018937,0.9999804183476929,0.0005656979978912771
1655.1685646785688,1655.1685646785688,1.000400526350866,0.0005657038030769002
1655.1766201555558,1655.1766201555558,0.9992235108421932,0.0005654210608030402
1655.1838423073532,1655.1838423073532,1.0004655439151338,0.0005650873714158314
1655.1907866840986,1655.1907866840986,1.00004140004696,0.0005646991199833436
1655.1977310608904,1655.1977310608904,0.9997251590779653,0.0005648298138377115
1655.204675437682,1655.204675437682,1.0006360168160664,0.0005644174802354583
1655.2116198145097,1655.2116198145097,0.9995377975122082,0.000563818574194743
1655.2185641913711,1655.2185641913711,0.9998624507706102,0.0005641911437409106
1655.225508568221,1655.225508568221,1.0000250709993648,0.000563917134813076
1655.2324529451294,1655.2324529451294,1.0001118825076358,0.0005634061812129702
1655.2393973220264,1655.2393973220264,0.9995789079080716,0.0005632514183230664
1655.2463416989697,1655.2463416989697,0.9997749627104445,0.0005629951014538315
1655.2538416260861,1655.2538416260861,0.9999663437842067,0.0005625724682002926
1655.2616193282888,1655.2616193282888,0.9995545787712518,0.0005623704669025004
1655.2685637052903,1655.2685637052903,1.000001808197781,0.0005624467342133655
1655.2755080823154,1655.2755080823154,1.0000372155848116,0.0005613459523531722
1655.2832857845879,1655.2832857845879,1.0006722121079512,0.0005615421100760008
1655.2907857118207,1655.2907857118207,1.0001390202966904,0.0005614891628633459
1655.2977300888924,1655.2977300888924,0.9996251240861653,0.0005610123530709148
1655.3046744659982,1655.3046744659982,1.0003912796490415,0.0005604853313040231
1655.3116188431163,1655.3116188431163,1.000069899707775,0.0005603447179840916
1655.3185632202344,1655.3185632202344,0.999994025448865,0.0005603004541555295
1655.3255075973873,1655.3255075973873,0.9994856401473161,0.0005598276465624385
1655.3324519745518,1655.3324519745518,0.999664178854917,0.0005596112217480561
1655.3393963517392,1655.3393963517392,0.9995572503368659,0.0005595439620481665
1655.3463407289382,1655.3463407289382,1.0002218150852373,0.000559417353737779
1655.3532851061614,1655.3532851061614,1.0002713962575163,0.0005593055370974732
1655.3602294833956,1655.3602294833956,1.000866339214913,0.000559766894811194
1655.3671738606415,1655.3671738606415,0.9996156598324013,0.0005588387587587959
1655.3741182379108,1655.3741182379108,1.0006790707828404,0.000559131907966487
1655.3810626151917,1655.3810626151917,0.9998820781127045,0.0005588476900827113
1655.3880069924958,1655.3880069924958,1.0000645393385983,0.0005583674085010762
1655.3949513698,1655.3949513698,0.9989645675619705,0.0005589478845390375
1655.4027290723993,1655.4027290723993,0.9994491070671991,0.0005584653028798552
1655.4102289999223,1655.4102289999223,1.0005195565710943,0.0005586281857361366
1655.4171733772735,1655.4171733772735,0.9998632065926675,0.0005587602604069849
1655.4241177546587,1655.4241177546587,1.0006257929504259,0.0005591511085840666
1655.4310621320333,1655.4310621320333,0.9997529091696638,0.00055816737521843
1655.4380065094306,1655.4380065094306,0.9994041521558511,0.0005583449490715899
1655.4449508868274,1655.4449508868274,1.0009427469791767,0.0005584866506753589
1655.4518952642716,1655.4518952642716,0.999959757559836,0.0005587793582431311
1655.4588396416807,1655.4588396416807,1.0002380039090528,0.0005584091625354907
1655.4657840191362,1655.4657840191362,1.0001468425337061,0.000558452194959642
1655.4727283965913,1655.4727283965913,0.9997458193127085,0.0005582056890069806
1655.4796727740584,1655.4796727740584,0.9991082088441786,0.0005584337939887366
1655.486617151561,1655.486617151561,0.9996898926291111,0.000558964176680159
1655.4935615290512,1655.4935615290512,0.9997800807477365,0.0005585408159186945
1655.500505906553,1655.500505906553,1.0005799355481222,0.0005588625668966941
1655.5074502840666,1655.5074502840666,1.0006984554932488,0.0005590713719095502
1655.5143946615922,1655.5143946615922,1.000438652961926,0.0005589065966323471
1655.521339039129,1655.521339039129,1.0001618272041113,0.0005591119788905285
1655.5282834166778,1655.5282834166778,0.9999053514862226,0.0005591894360700955
1655.535227794238,1655.535227794238,0.9995283574889381,0.0005594844772901428
1655.5421721718099,1655.5421721718099,0.9996945184951926,0.0005591437471036984
1655.5491165493822,1655.5491165493822,0.9997669753086142,0.0005594443358786843
1655.5560609269771,1655.5560609269771,1.0002643612616267,0.0005596872076713362
1655.563005304572,1655.563005304572,1.0006107525142791,0.0005596557946722603
1655.5699496821792,1655.5699496821792,1.0001958791756718,0.0005601710144100774
1655.5768940598093,1655.5768940598093,0.9997642668104053,0.0005596737576403996
1655.5838384374279,1655.5838384374279,1.0001969460053064,0.0005595515813648616
1655.5907828150575,1655.5907828150575,0.9997541119931634,0.0005593807145209335
1655.5977271927113,1655.5977271927113,0.9993764963774552,0.000559488398646239
1655.604671570365,1655.604671570365,1.0001212391555898,0.0005594744633459915
1655.6116159480182,1655.6116159480182,1.0009886148515135,0.0005589252601520643
1655.618560325683,1655.618560325683,1.0000065600883934,0.0005592975814582156
1655.6255047033712,1655.6255047033712,1.0002179676885095,0.0005590321629667437
1655.6324490810482,1655.6324490810482,0.9997277504536453,0.0005585503258974145
1655.6393934587365,1655.6393934587365,1.0000708751586265,0.0005590235514466174
1655.6463378364479,1655.6463378364479,0.9997596300006604,0.0005584728723842823
1655.6532822141598,1655.6532822141598,1.0000881624308062,0.0005582719778206936
1655.6602265918598,1655.6602265918598,0.9999203482599877,0.0005585255462349479
1655.6671709695947,1655.6671709695947,1.0000208416693182,0.0005583139632852191
1655.6741153473408,1655.6741153473408,0.9997949431298112,0.0005580629863578676
1655.6810597250405,1655.6810597250405,0.9998864825962339,0.0005580677110039068
1655.6880041027762,1655.6880041027762,1.0002627506824806,0.0005575494850922328
1655.694948480534,1655.694948480534,0.9995869840275174,0.000557618138074693
1655.701892858327,1655.701892858327,1.0000703023381907,0.0005574808844823906
1655.7088372360736,1655.7088372360736,1.000438801500426,0.0005574106489641204
1655.7157816138322,1655.7157816138322,0.9994092771572951,0.0005572981499577833
1655.7227259916253,1655.7227259916253,1.0004712887800953,0.0005570522564037795
1655.7296703693949,1655.7296703693949,1.000425374830862,0.0005566118019475509
1655.7366147471762,1655.7366147471762,0.9997105064550708,0.0005565304118147148
1655.743559124981,1655.743559124981,1.000000115657561,0.0005570379759817711
1655.750503502774,1655.750503502774,1.0000996027329823,0.0005565586963500355
1655.7574478805789,1655.7574478805789,1.0000636033618138,0.0005567861093890724
1655.7643922583834,1655.7643922583834,0.9996415275025416,0.0005559460860305738
1655.7713366362118,1655.7713366362118,0.9995788554379044,0.0005563985325250898
1655.7782810140282,1655.7782810140282,0.9994791429009704,0.0005564176559743576
1655.7852253918445,1655.7852253918445,1.0009571076274977,0.0005560427827418845
1655.7921697696838,1655.7921697696838,0.9999383433338783,0.0005560957473364789
1655.7991141475118,1655.7991141475118,0.9997952559887278,0.0005561881122776262
1655.8060585253636,1655.8060585253636,1.0004527357218842,0.0005560797506836654
1655.813002903203,1655.813002903203,1.000430550893089,0.0005559592521225043
1655.819947281043,1655.819947281043,0.9999454285532682,0.0005553279996576813
1655.8268916588943,1655.8268916588943,0.9990977127840454,0.0005553119319870105
1655.8338360367572,1655.8338360367572,1.0000407593102696,0.0005552054024613821
1655.8407804146086,1655.8407804146086,1.0002846996985952,0.0005551584152515799
1655.8477247924711,1655.8477247924711,0.9999280046755408,0.0005548298270956583
1655.8546691703457,1655.8546691703457,0.9999801944906264,0.000555115757662697
1655.8616135482202,1655.8616135482202,1.0000545700635493,0.0005548189458980548
1655.868557926095,1655.868557926095,1.000084815655511,0.0005547104728634813
1655.8755023039816,1655.8755023039816,1.000704644182737,0.0005542610875921417
1655.8824466818558,1655.8824466818558,0.9996340992966083,0.0005540114884533535
1655.8893910597421,1655.8893910597421,1.0001204615525827,0.0005536456738226621
1655.8963354376283,1655.8963354376283,0.9992826986837834,0.0005535626545290328
1655.9032798155263,1655.9032798155263,0.9999131998898839,0.0005535178325842985
1655.910224193412,1655.910224193412,0.9995778707301535,0.0005527455830699393
1655.9171685713336,1655.9171685713336,0.999561429711917,0.0005526883869595362
1655.9241129492316,1655.9241129492316,1.0010133728114645,0.0005529034924917135
1655.931057327129,1655.931057327129,1.0005909462957159,0.0005525249228377244
1655.9380017050385,1655.9380017050385,1.0001876280719386,0.0005521983048165692
1655.94494608296,1655.94494608296,1.0002087017428083,0.0005519451145482304
1655.9518904608692,1655.9518904608692,0.9995117963755824,0.0005514446549543534
1655.9588348387792,1655.9588348387792,0.9995386651436677,0.000551118425821186
1655.9657792167,1655.9657792167,0.9997255643801074,0.0005511035693721946
1655.9727235946216,1655.9727235946216,0.9999620918095438,0.0005511011468684125
1655.9796679725544,1655.9796679725544,1.0002003351440423,0.0005510394013580722
1655.986612350475,1655.986612350475,0.999958000479344,0.0005510605804103016
1655.9935567283967,1655.9935567283967,1.001086196810111,0.0005505917329960839
1656.0005011063295,1656.0005011063295,1.0000841629931359,0.0005504948228906364
1656.0074454842622,1656.0074454842622,0.9997535269530549,0.0005503015149726047
1656.0143898621948,1656.0143898621948,0.9995532555644668,0.0005500801687433327
1656.0213342401391,1656.0213342401391,0.9994175388283063,0.000549800212782126
1656.0282786180603,1656.0282786180603,0.9997706851421608,0.0005499234697330077
1656.0352229960051,1656.0352229960051,1.00054234842584,0.0005499935878385968
1656.042167373938,1656.042167373938,1.0002303005276416,0.0005494864937802045
1656.0491117518818,1656.0491117518818,0.9997419546598791,0.0005497170930945168
1656.0560561298382,1656.0560561298382,0.9991339867987051,0.0005495459611895567
1656.063000507783,1656.063000507783,1.0003691611712977,0.0005493081102388834
1656.0699448857267,1656.0699448857267,0.9998088801444267,0.000549337958134285
1656.07688926366,1656.07688926366,1.0010453654466924,0.000549450980050354
1656.0838336416273,1656.0838336416273,1.0006179571139484,0.0005498774802325305
1656.0907780195607,1656.0907780195607,0.9994860288939368,0.0005492257188997559
1656.0977223975283,1656.0977223975283,1.000142719503891,0.0005496999917206536
1656.1046667754606,1656.1046667754606,0.9997705974482816,0.0005495375713462624
1656.1116111534288,1656.1116111534288,1.0002042075601902,0.000549483664711169
1656.1185555313727,1656.1185555313727,0.9991427712970131,0.0005495880929344605
1656.125499909329,1656.125499909329,0.999364066936673,0.0005492897335023607
1656.1324442872851,1656.1324442872851,1.0001777118527646,0.0005496736607608886
1656.139388665241,1656.139388665241,1.0005804144171135,0.000550036350091909
1656.1463330432089,1656.1463330432089,1.0005680895943676,0.000549631428596395
1656.1532774211537,1656.1532774211537,0.9997592801249044,0.0005496538641569209
1656.1602217991094,1656.1602217991094,1.000428077055248,0.000549823406883649
1656.1671661770768,1656.1671661770768,1.000231612629333,0.0005496390951120878
1656.174110555022,1656.174110555022,1.0001048778904336,0.0005497577643456192
1656.1810549329894,1656.1810549329894,0.9997204288639685,0.0005502252499230109
1656.1879993109455,1656.1879993109455,0.9992771063278212,0.0005499186657149213
1656.1949436889015,1656.1949436889015,0.9993143491890215,0.00055007426343731
1656.2018880668688,1656.2018880668688,1.00035185442371,0.0005500580073456191
1656.208832444814,1656.208832444814,1.000558776027914,0.0005499984198112011
1656.2157768227814,1656.2157768227814,1.0004318903057996,0.000549941647160248
1656.2227212007488,1656.2227212007488,0.9996901491593239,0.0005495750091063744
1656.2296655786936,1656.2296655786936,1.0001097488875936,0.000549670886544787
1656.2366099566611,1656.2366099566611,0.9997647239919051,0.0005496537167883458
1656.2435543346176,1656.2435543346176,0.9997219324232315,0.0005495524298467036
1656.2504987125735,1656.2504987125735,1.0000190936042785,0.0005493900393157639
1656.2574430905293,1656.2574430905293,0.9997385057417041,0.0005493636646550572
1656.264387468497,1656.264387468497,1.0004918819431143,0.0005492137506068549
1656.2713318464419,1656.2713318464419,1.0002999725114792,0.0005496856797182694
1656.2782762244092,1656.2782762244092,1.0003353444789727,0.0005488709563816528
1656.2852206023533,1656.2852206023533,0.9990992527454233,0.0005487831531767499
1656.2921649803216,1656.2921649803216,0.9998697800154966,0.0005485989715899201
1656.2991093582775,1656.2991093582775,1.0005917988233288,0.0005486068810588453
1656.306053736222,1656.306053736222,0.9997690846693341,0.0005485619601226011
1656.3129981141897,1656.3129981141897,1.000350089643979,0.0005487328987142826
1656.3199424921338,1656.3199424921338,0.9995937699867353,0.0005480318052582337
1656.3268868700902,1656.3268868700902,1.0001698223591693,0.0005481594800237624
1656.3338312480348,1656.3338312480348,0.9995395167580974,0.0005483496259955241
1656.3407756259905,1656.3407756259905,0.9999632463337562,0.0005478450724277294
1656.3477200039465,1656.3477200039465,0.999979541823752,0.0005480127188947533
1656.3546643818913,1656.3546643818913,0.9996266156116986,0.0005474042750431531
1656.3616087598361,1656.3616087598361,1.0003986551296207,0.0005476752503108046
1656.3685531377919,1656.3685531377919,0.9994736043462675,0.0005474749315144149
1656.3754975157244,1656.3754975157244,1.000476268363331,0.0005475187192463359
1656.3824418936808,1656.3824418936808,1.0003224006744285,0.0005472174674387843
1656.3893862716254,1656.3893862716254,0.9994991720381341,0.000547256875962376
1656.3963306495698,1656.3963306495698,1.000054123085387,0.0005473771725742632
1656.403275027514,1656.403275027514,0.9996803007816828,0.000547568250050343
1656.4102194054467,1656.4102194054467,0.9999416907145686,0.000547227262434854
1656.4171637833915,1656.4171637833915,1.0008476028715834,0.0005477612695274527
1656.4241081613359,1656.4241081613359,0.9996857743742066,0.0005473116507863222
1656.4310525392568,1656.4310525392568,0.9990671060188745,0.0005476169887289399
1656.4379969171891,1656.4379969171891,1.000315115413596,0.0005478919043591509
1656.444941295134,1656.444941295134,1.0003500195848432,0.0005477056518389102
1656.4518856730551,1656.4518856730551,1.0003429073854562,0.000547442178250062
1656.4588300509997,1656.4588300509997,0.9997953731337589,0.0005476912849240168
1656.465774428921,1656.465774428921,1.0002378000348384,0.0005480058455109265
1656.4727188068532,1656.4727188068532,0.9991593196722068,0.0005479144425081978
1656.4796631847753,1656.4796631847753,0.9996114615712083,0.0005484800307770208
1656.486607562696,1656.486607562696,1.0000058590641623,0.0005479640560407732
1656.4935519406172,1656.4935519406172,1.0005255949339833,0.0005482493184136639
1656.500496318538,1656.500496318538,1.0000749086766298,0.0005485712397818039
1656.507440696459,1656.507440696459,0.9996380610108719,0.0005487239252853884
1656.5143850743807,1656.5143850743807,1.0000949407120348,0.0005493865797536015
1656.5213294522898,1656.5213294522898,0.9997958086637944,0.0005488636601121003
1656.5282738301994,1656.5282738301994,1.0006631938935506,0.0005492581956801951
1656.5352182081206,1656.5352182081206,0.9998007279401919,0.0005494911356054095
1656.5421625860304,1656.5421625860304,0.9992924615473902,0.0005498226855498522
1656.5491069639397,1656.5491069639397,1.0001913489616867,0.0005495757337604502
1656.5560513418488,1656.5560513418488,1.000254003382708,0.0005504079875692561
1656.562995719747,1656.562995719747,0.9993509492255424,0.000550141999359725
1656.569940097645,1656.569940097645,1.0012317131577055,0.0005507724803152175
1656.5768844755544,1656.5768844755544,1.000683486879567,0.000550760307760733
1656.5838288534524,1656.5838288534524,0.9994266012991899,0.0005511279339255248
1656.5907732313499,1656.5907732313499,1.0002415127505373,0.0005510540292045701
1656.5977176092365,1656.5977176092365,1.000037666369418,0.0005513030387191244
1656.6046619871345,1656.6046619871345,1.0004664969133628,0.0005517772193183894
1656.6116063650206,1656.6116063650206,0.999904893451669,0.0005515647617422407
1656.6185507429182,1656.6185507429182,0.9994225436284234,0.0005515651051061839
1656.6254951207811,1656.6254951207811,1.0001864325328158,0.0005516228368999467
1656.6324394986677,1656.6324394986677,0.999458331569414,0.0005520404461960276
1656.6393838765537,1656.6393838765537,1.000683571143118,0.0005516522404704375
1656.6463282544282,1656.6463282544282,1.0000374029494778,0.0005517354100448132
1656.6532726323028,1656.6532726323028,1.0001689785686705,0.0005518404025107261
1656.6602170101773,1656.6602170101773,1.0001661394543047,0.0005517989202901309
1656.6671613880403,1656.6671613880403,1.0003034177540748,0.0005518594675765641
1656.674105765915,1656.674105765915,0.9997186200760183,0.0005516224464975708
1656.681050143778,1656.681050143778,1.0004144573332416,0.0005520649630296739
1656.6879945216406,1656.6879945216406,0.99953340922592,0.0005515752491465963
1656.694938899504,1656.694938899504,0.999101406334877,0.0005516665175223587
1656.701883277367,1656.701883277367,1.000277341112372,0.0005518152219825575
1656.7088276552179,1656.7088276552179,1.0006567049516832,0.0005525398878769051
1656.7157720330695,1656.7157720330695,0.9997134026657732,0.0005517259155261539
1656.7227164109204,1656.7227164109204,0.9996554423198113,0.0005519050544222905
1656.7296607887722,1656.7296607887722,1.0008801278883155,0.0005519664333990971
1656.7366051666231,1656.7366051666231,1.0003924574502667,0.0005524081432711738
1656.743549544463,1656.743549544463,1.000211161619831,0.0005519063684334504
1656.7504939222913,1656.7504939222913,0.9999192967666278,0.0005518456045628794
1656.7574383001306,1656.7574383001306,0.9997192496616844,0.0005518769955951335
1656.7643826779702,1656.7643826779702,1.0007335275052995,0.0005522846442935326
1656.7713270557983,1656.7713270557983,0.9994535324602214,0.0005523496398947676
1656.7782714336263,1656.7782714336263,0.9990517979520694,0.0005523604079210808
1656.7852158114542,1656.7852158114542,0.9996000876813467,0.0005522498995682315
1656.7921601892824,1656.7921601892824,1.0006043042690018,0.0005524969807259026
1656.7991045670988,1656.7991045670988,0.9998357946122102,0.0005524919812328566
1656.8060489449151,1656.8060489449151,1.0008031452154573,0.0005525372758625986
1656.8129933227312,1656.8129933227312,1.000000313762391,0.0005526834184818611
1656.8199377005362,1656.8199377005362,0.9998626551837966,0.0005527134142488222
1656.8268820783408,1656.8268820783408,1.000673996500286,0.0005528300127651328
1656.8338264561576,1656.8338264561576,0.9990210396586733,0.0005529305274403239
1656.8407708339619,1656.8407708339619,1.0004015506900465,0.0005528891131807081
1656.8477152117553,1656.8477152117553,0.9995073362215937,0.0005528231040792043
1656.8546595895484,1656.8546595895484,0.9993060254001147,0.0005527960205503654
1656.861603967341,1656.861603967341,1.000000731412495,0.0005527350222381593
1656.8685483451347,1656.8685483451347,0.9998451279326902,0.0005528790995905053
1656.8754927229274,1656.8754927229274,1.0008237093823786,0.0005526273157628926
1656.8824371007092,1656.8824371007092,0.9990506454194774,0.000552751131839266
1656.8893814784788,1656.8893814784788,1.0001141035742587,0.0005525829473857156
1656.896325856272,1656.896325856272,0.9999342328536965,0.0005525381882145793
1656.90327023403,1656.90327023403,1.0001609950065997,0.0005523442913221257
1656.9102146118228,1656.9102146118228,1.0002270133624485,0.0005523151049486098
1656.9171589895818,1656.9171589895818,0.9999092323311964,0.0005519171134065401
1656.924103367328,1656.924103367328,0.9991261236273956,0.0005523172214923634
1656.9310477451206,1656.9310477451206,1.0002100065283008,0.0005520452003319961
1656.9379921228788,1656.9379921228788,0.9997559147966412,0.0005515353714443151
1656.9449365006258,1656.9449365006258,1.0003484670035643,0.0005514875934809197
1656.9518808783723,1656.9518808783723,1.0003435541024701,0.0005514230960252604
1656.9588252561184,1656.9588252561184,1.0004886127839119,0.0005510682051176748
1656.965769633865,1656.965769633865,0.9993468411936954,0.0005511954256064734
1656.9727140116115,1656.9727140116115,1.0003305635464443,0.0005509668593235143
1656.979658389358,1656.979658389358,1.0001978997461696,0.0005505866365536572
1656.986602767105,1656.986602767105,0.9991190417132068,0.0005507607999398173
1656.9935471448164,1656.9935471448164,0.999887032109888,0.0005502117601311662
1657.0004915225393,1657.0004915225393,1.0002265827163197,0.0005504152351048159
1657.007435900286,1657.007435900286,0.9999825335779636,0.0005501427703743273
1657.0143802779862,1657.0143802779862,0.9999039555616687,0.0005501034489489607
1657.021324655721,1657.021324655721,1.0001952695096459,0.0005499527059291064
1657.0282690334207,1657.0282690334207,1.0010650166384294,0.0005502907432442807
1657.0352134111558,1657.0352134111558,1.0002645556856966,0.000549954822542885
1657.0421577888442,1657.0421577888442,0.9999703530448987,0.0005497977151652185
1657.0491021665555,1657.0491021665555,1.0001542661286589,0.0005496886588215361
1657.0560465442554,1657.0560465442554,0.999585016673386,0.0005495180917183304
1657.0629909219556,1657.0629909219556,0.999795897943938,0.0005496057207147607
1657.0699352996555,1657.0699352996555,0.9990065324559476,0.0005497015023986188
1657.0768796773439,1657.0768796773439,1.0003298547135555,0.0005499151941854003
1657.0838240550208,1657.0838240550208,1.00065401414316,0.000549970332912697
1657.0907684327085,1657.0907684327085,1.000420028277846,0.0005498153932926022
1657.0977128103852,1657.0977128103852,1.0001889424854613,0.000550082619779376
1657.1046571880738,1657.1046571880738,1.000047555311081,0.0005502312693062308
1657.111601565739,1657.111601565739,0.9998389492212428,0.0005503626221800451
1657.1185459434041,1657.1185459434041,0.9997913479746506,0.0005507338449697994
1657.1254903210804,1657.1254903210804,1.0004308928391377,0.000550860412525872
1657.1324346987342,1657.1324346987342,1.0002977199402294,0.0005506813564453568
1657.139379076399,1657.139379076399,1.0003752910837447,0.0005509225779458057
1657.1463234540522,1657.1463234540522,1.0004357966874315,0.0005509252269662815
1657.1532678317058,1657.1532678317058,0.9996546714028363,0.0005511743521019438
1657.160212209347,1657.160212209347,1.0002211593632802,0.0005514611441649751
1657.1671565870008,1657.1671565870008,1.0005196233781413,0.0005513636970113849
1657.1741009646314,1657.1741009646314,0.9995527697736302,0.0005517804245877732
1657.1810453422727,1657.1810453422727,0.9996594302362481,0.0005515969382029829
1657.1879897199026,1657.1879897199026,1.0006476297119993,0.0005518589090454794
1657.194934097533,1657.194934097533,1.0000989414863009,0.0005519156819707666
1657.201878475163,1657.201878475163,0.9998130035798287,0.000551815982385908
1657.2088228527814,1657.2088228527814,1.0001453958561528,0.0005517960745801269
1657.2157672303997,1657.2157672303997,1.0001630966996635,0.0005519738124685007
1657.2227116080066,1657.2227116080066,0.9995023981239205,0.0005518122961219965
1657.2296559856259,1657.2296559856259,1.000007017730067,0.0005516529531952654
1657.2366003632324,1657.2366003632324,1.0001978758754948,0.000551786921288279
1657.2435447408272,1657.2435447408272,1.0010095333046993,0.000552228139713018
1657.2504891184337,1657.2504891184337,0.9995988923639711,0.0005525294095244062
1657.2574334960289,1657.2574334960289,0.9998855571081897,0.0005521055081358117
1657.2643778736012,1657.2643778736012,1.0002920057834466,0.0005522362927102089
1657.271322251208,1657.271322251208,0.9995886573045947,0.0005521051855118019
1657.2782666287799,1657.2782666287799,0.9996957033198047,0.000552018453933045
1657.2852110063632,1657.2852110063632,0.9994183662657715,0.0005519268309190705
1657.2921553839356,1657.2921553839356,0.9995884848908808,0.0005514791368771434
1657.2990997615075,1657.2990997615075,0.999685018579173,0.0005511950020373059
1657.306044139079,1657.306044139079,1.0006134570894374,0.0005517749914730053
1657.312988516628,1657.312988516628,0.9999914107597929,0.000551007381097432
1657.3199328941996,1657.3199328941996,1.0004084350404825,0.0005512494576524907
1657.3268772717597,1657.3268772717597,1.000011418543217,0.0005508185322064194
1657.3377105007305,1657.3377105007305,1.000055090270743,0.0005506484652885018
1657.3504881554113,1657.3504881554113,0.9992972854762453,0.0005499017382198667
1657.3574325329482,1657.3574325329482,0.9994896938923444,0.0005498571472830706
1657.3643769104851,1657.3643769104851,1.0009914451788442,0.0005504328583581764
1657.3713212880102,1657.3713212880102,1.0005619641612091,0.000550110934136816
1657.3782656655362,1657.3782656655362,0.9995036489942498,0.0005498741660269377
1657.3852100430609,1657.3852100430609,1.0001853214558931,0.0005498398858484488
1657.3921544205746,1657.3921544205746,0.9997116889879909,0.000549917832575821
1657.3990987980883,1657.3990987980883,1.0002971985080742,0.0005496476132836483
1657.4065987258105,1657.4065987258105,1.000772266302941,0.0005495669416591827
1657.4157653041098,1657.4157653041098,0.999527405153736,0.0005492935167261831
1657.4249318824095,1657.4249318824095,0.9997778494023883,0.0005495046213563066
1657.4352095610898,1657.4352095610898,0.9991547032774817,0.0005503127133398358
1657.4432650389965,1657.4432650389965,1.0008904302383357,0.0005500590054132396
1657.4515982919663,1657.4515982919663,1.000105699083846,0.0005504118556402262
1657.459931544948,1657.459931544948,0.9994835797735595,0.0005501225255818296
1657.4682647978946,1657.4682647978946,1.000619530470486,0.0005502642812976819
1657.4768758259859,1657.4768758259859,0.9996751331123306,0.0005505489216018035
1657.4838202034528,1657.4838202034528,0.9996156999694399,0.0005503895061392627
1657.492431231498,1657.492431231498,1.0005576324808987,0.0005503675816929022
1657.5004867093467,1657.5004867093467,1.0006798146607552,0.0005509252870171021
1657.5074310868015,1657.5074310868015,0.9991841348136952,0.0005509899295868735
1657.514375464222,1657.514375464222,1.00009643552174,0.0005516075591832642
1657.5213198416543,1657.5213198416543,1.000423688726324,0.0005521418608623749
1657.5282642191098,1657.5282642191098,0.9998007122413639,0.0005524027277913819
1657.5365974720214,1657.5365974720214,0.9998728844882633,0.0005525917958115452
1657.5435418494537,1657.5435418494537,1.0007409889258363,0.0005531973222547944
1657.550486226874,1657.550486226874,0.9996498427392752,0.000553003845209649
1657.557430604306,1657.557430604306,0.9990217116623054,0.0005531983749779319
1657.5652083069986,1657.5652083069986,1.0003510685160735,0.0005535839167163443
1657.5740971100834,1657.5740971100834,0.9999820174724832,0.0005541192100499424
1657.5829859131682,1657.5829859131682,0.9995021230821592,0.0005539754958643508
1657.5907636158486,1657.5907636158486,1.0004770481219167,0.0005543216247715571
1657.5977079932459,1657.5977079932459,1.0001856228040775,0.0005549673174274202
1657.6046523706311,1657.6046523706311,1.0004355710048098,0.0005550209571503246
1657.6115967480168,1657.6115967480168,0.9996017618587854,0.0005548999742278199
1657.6202077759685,1657.6202077759685,1.0000795151091104,0.0005550951040037881
1657.6282632537354,1657.6282632537354,0.9999332027715276,0.0005551055036562074
1657.6352076310977,1657.6352076310977,0.9994095329554475,0.0005552846163363199
1657.6427075586562,1657.6427075586562,1.0002954587086519,0.0005549996375418984
1657.6521519118676,1657.6521519118676,0.9998773037553056,0.0005555842326495521
1657.6602073896,1657.6602073896,1.000985066053278,0.0005555501166715348
1657.6671517669624,1657.6671517669624,1.000415870583741,0.0005559586002731152
1657.674096144301,1657.674096144301,1.0005364822545963,0.0005559687945492282
1657.6810405216518,1657.6810405216518,1.000019755576557,0.0005561245358410552
1657.6879848989909,1657.6879848989909,0.9992412642387463,0.0005557825734103153
1657.6949292763184,1657.6949292763184,0.9996892078585417,0.0005557685061426583
1657.7024292038307,1657.7024292038307,0.9998747002360924,0.0005554388118989204
1657.7138179826477,1657.7138179826477,1.0003215920262956,0.0005558646884335735
1657.7213179101486,1657.7213179101486,1.0002051864874109,0.0005558603700016744
1657.7285400625508,1657.7285400625508,0.9993513884895006,0.0005555074420542938
1657.7390955160622,1657.7390955160622,0.9999824515860272,0.0005553793048142706
1657.7463176684644,1657.7463176684644,1.0005438101224293,0.0005562167383867823
1657.7532620457564,1657.7532620457564,1.0006498872562966,0.0005557993653380504
1657.7602064230493,1657.7602064230493,0.9997240766905673,0.0005561989817864238
1657.7671508003418,1657.7671508003418,1.0002443634662908,0.0005560101484175702
1657.7752062779928,1657.7752062779928,0.9992096196154862,0.0005559925973400721
1657.7838173058158,1657.7838173058158,1.000197153757383,0.0005560476032318611
1657.7907616830848,1657.7907616830848,0.9999403430501015,0.0005563852406530046
1657.7985393856375,1657.7985393856375,0.999889062461061,0.0005563521220961496
1657.8060393130795,1657.8060393130795,1.0001251653229397,0.0005567224998226384
1657.8129836903377,1657.8129836903377,1.0005781636689166,0.0005568455205482183
1657.819928067595,1657.819928067595,0.999609457207012,0.0005564774965310022
1657.8268724448412,1657.8268724448412,0.9994263765527982,0.0005563939270408832
1657.834372372272,1657.834372372272,1.0004034708177634,0.0005564217692358308
1657.8421500747772,1657.8421500747772,0.9997427866066815,0.000556840532121409
1657.8490944520115,1657.8490944520115,0.9993552933815417,0.000556611835370799
1657.8560388292458,1657.8560388292458,1.0000660126704763,0.0005569235417742637
1657.8629832064803,1657.8629832064803,1.0003361685311323,0.0005569759305349223
1657.8699275836912,1657.8699275836912,1.000094918101423,0.0005569393276223634
1657.8768719609138,1657.8768719609138,0.9996674799428356,0.0005568915851579214
1657.8852052135692,1657.8852052135692,0.9999048109265836,0.0005566262261956226
1657.892149590792,1657.892149590792,1.0000802346338924,0.0005564479896117781
1657.89909396798,1657.89909396798,1.00046823219227,0.0005566061304258823
1657.906038345179,1657.906038345179,1.0001741637854609,0.0005569163644929878
1657.91298272239,1657.91298272239,1.0002992405658513,0.000556517069839256
1657.9199270995662,1657.9199270995662,0.9990709178194823,0.000556301756151821
1657.9268714767422,1657.9268714767422,0.9998588236202208,0.0005562781454167968
1657.9338158539533,1657.9338158539533,1.0002354999424417,0.0005564407503975187
1657.9407602311178,1657.9407602311178,0.9998552998726982,0.0005563195617229332
1657.9477046082818,1657.9477046082818,0.9998757099485603,0.0005561263002507511
1657.9546489854467,1657.9546489854467,0.9998158478778058,0.0005558929915400869
1657.9615933626112,1657.9615933626112,1.000352555416074,0.0005560252266183529
1657.9685377397757,1657.9685377397757,0.9999220591863137,0.0005553764381983294
1657.9754821169397,1657.9754821169397,1.0000619986492123,0.0005553975946860692
1657.9824264940926,1657.9824264940926,1.0005352996063155,0.0005555498819150028
1657.9893708712102,1657.9893708712102,0.9996486781740218,0.0005554712637228633
1657.996315248375,1657.996315248375,1.000268268897055,0.0005551901845128543
1658.0032596254932,1658.0032596254932,0.9996759413479414,0.0005552657529982044
1658.0102040026457,1658.0102040026457,1.0000743192698942,0.0005546828533982669
1658.0182594800983,1658.0182594800983,0.99944434487017,0.0005548474525150879
1658.0268705077237,1658.0268705077237,0.999880703992827,0.000555116767498387
1658.0338148848418,1658.0338148848418,1.0006605496537933,0.0005551456378234312
1658.04075926196,1658.04075926196,1.000016150646087,0.000554967638292988
1658.0477036390657,1658.0477036390657,0.9999589220612434,0.0005546695745652233
1658.0546480161604,1658.0546480161604,0.9998407842489835,0.0005547080021798865
1658.0615923932662,1658.0615923932662,1.0011809320846172,0.0005553909789621047
1658.0685367703495,1658.0685367703495,1.000102242882097,0.0005554383779829334
1658.0754811474442,1658.0754811474442,0.9996460231232198,0.0005552558004885734
1658.0824255245273,1658.0824255245273,1.0001958310856391,0.0005555096542399763
1658.0893699015983,1658.0893699015983,0.9999891938465397,0.00055553519712191
1658.096314278681,1658.096314278681,1.0001716440931745,0.0005557069803864991
1658.1032586557528,1658.1032586557528,1.0001216525108472,0.000555746960972458
1658.1102030328007,1658.1102030328007,0.9994634522514232,0.000556109222386149
1658.1171474098724,1658.1171474098724,0.9999123368962923,0.0005560428751829286
1658.1240917869316,1658.1240917869316,0.9996852364554176,0.0005561255743359542
1658.1310361639796,1658.1310361639796,1.000144043862726,0.000556396379948443
1658.1379805410281,1658.1379805410281,0.999741212022337,0.0005567368484064371
1658.1449249180641,1658.1449249180641,0.9994990694346735,0.0005572028434833098
1658.1518692951006,1658.1518692951006,1.0004575243956744,0.000557174415882448
1658.1588136721487,1658.1588136721487,1.0004329972267385,0.0005577277988005479
1658.1657580491615,1658.1657580491615,1.001024205669712,0.0005575232806861734
1658.1727024261866,1658.1727024261866,1.0003321664276348,0.0005579346246333672
1658.1796468031996,1658.1796468031996,1.000220454859761,0.0005578329351276529
1658.1865911802245,1658.1865911802245,0.9992198198445044,0.000557913756306043
1658.1935355572255,1658.1935355572255,0.9987029904898804,0.0005578222584216294
1658.2004799342271,1658.2004799342271,0.999869969631626,0.0005586981996160893
1658.2074243112288,1658.2074243112288,0.999802683690325,0.00055900476564282
1658.21436868823,1658.21436868823,1.0001819632318876,0.0005586459573914752
1658.2227019406178,1658.2227019406178,1.000629346719221,0.00055907844312485
1658.229646317596,1658.229646317596,0.9999982038643024,0.0005590807215409938
1658.2365906945738,1658.2365906945738,1.0000838295249468,0.0005593551677225132
1658.2435350715525,1658.2435350715525,1.0005220483939241,0.0005590007990743437
1658.250479448519,1658.250479448519,1.0003433667292572,0.0005592227228279889
1658.2574238254851,1658.2574238254851,0.9992651302708415,0.0005591661706282508
1658.2643682024523,1658.2643682024523,0.9996717731447369,0.0005590187680960325
1658.2713125794066,1658.2713125794066,0.9997793153557234,0.0005595156100683224
1658.2790902815868,1658.2790902815868,1.0000017040018854,0.0005594115571543182
1658.2865902086912,1658.2865902086912,1.0005798291269596,0.0005591124366531896
1658.2935345856345,1658.2935345856345,1.0007292408665525,0.0005590195254356994
1658.3004789625659,1658.3004789625659,0.9998850299891553,0.0005590089042851909
1658.3074233394977,1658.3074233394977,0.9997062039920316,0.0005586644481611021
1658.3143677164294,1658.3143677164294,1.0000896049620875,0.0005585538052921195
1658.3213120933494,1658.3213120933494,0.9993661700578566,0.0005583336787953503
1658.3282564702579,1658.3282564702579,0.9993452391084077,0.0005577923335566295
1658.335200847189,1658.335200847189,0.99975859598016,0.0005578548293327921
1658.3421452240862,1658.3421452240862,1.000369961294845,0.0005583589683442301
1658.3490896009946,1658.3490896009946,1.0010657824471205,0.0005580201367273648
1658.3560339778676,1658.3560339778676,1.0006391617634833,0.0005575865204422399
1658.3629783547992,1658.3629783547992,0.9991197062320097,0.0005571507141773217
1658.3699227316724,1658.3699227316724,0.9995876907705938,0.0005573503734975775
1658.376867108546,1658.376867108546,1.0002100211301914,0.0005568639061799128
1658.3838114854195,1658.3838114854195,0.9997227813803068,0.0005567055370570928
1658.3907558622927,1658.3907558622927,0.9999695848858343,0.0005569817098104105
1658.3977002391664,1658.3977002391664,1.0000577149131153,0.0005568779795474811
1658.4046446160396,1658.4046446160396,1.0002542938038586,0.0005571689092755008
1658.411588992913,1658.411588992913,1.0004403582784835,0.0005568216854213411
1658.4185333697515,1658.4185333697515,1.0003885661778562,0.0005569014658930874
1658.425477746602,1658.425477746602,1.0000875232395463,0.0005566579485569425
1658.4324221234517,1658.4324221234517,1.000015816892223,0.0005573456854232291
1658.4393665002904,1658.4393665002904,0.9999663148124751,0.000557020578639426
1658.4463108771172,1658.4463108771172,1.0001228852108714,0.0005573419353068198
1658.4532552539554,1658.4532552539554,1.0004187602159955,0.0005577243659668178
1658.4601996307824,1658.4601996307824,1.000322379981829,0.0005580495219885849
1658.467144007609,1658.467144007609,0.999747057210308,0.0005577621357252521
1658.4740883844242,1658.4740883844242,1.000160939643277,0.0005579434755074551
1658.4810327612279,1658.4810327612279,0.999714218574183,0.00055816235372319
1658.4879771380315,1658.4879771380315,0.9993809792327971,0.0005579903272643599
1658.4949215148354,1658.4949215148354,1.0000580670774577,0.0005585381974118228
1658.5018658916385,1658.5018658916385,1.0002680933808983,0.0005586375448312391
1658.508810268419,1658.508810268419,0.9998153665742485,0.0005588434886567748
1658.5157546452222,1658.5157546452222,1.0001466914375823,0.0005589243910118602
1658.5229767970661,1658.5229767970661,1.0009225076356418,0.0005595387698712955
1658.5310322741225,1658.5310322741225,0.9995765177717508,0.0005600712507779628
1658.5379766509031,1658.5379766509031,1.0005488342475635,0.0005603059253127278
1658.5449210276715,1658.5449210276715,0.9993670930311698,0.0005606782338444609
1658.5518654044288,1658.5518654044288,0.9993462306037587,0.0005607490335452306
1658.5588097811858,1658.5588097811858,1.0007886787438578,0.0005611991215749869
1658.5657541579426,1658.5657541579426,0.9997218860582107,0.0005611705041207726
1658.5726985346878,1658.5726985346878,1.000159802120369,0.0005616626013447582
1658.5796429114332,1658.5796429114332,0.9997882495467678,0.0005622166088497326
1658.586587288155,1658.586587288155,1.0002985051930195,0.0005624153764681565
1658.5935316649125,1658.5935316649125,0.9995678556470748,0.0005623834308426249
1658.600476041646,1658.600476041646,1.0003851422009473,0.0005631328562142433
1658.6074204183449,1658.6074204183449,1.0002839190087314,0.000562968456770498
1658.6143647950666,1658.6143647950666,1.0000639413118317,0.0005629413309098892
1658.6213091717887,1658.6213091717887,1.0001340593597514,0.0005635933174354457
1658.6282535484993,1658.6282535484993,0.9996852533607408,0.0005629682836662312
1658.635197925198,1658.635197925198,0.9996585782334966,0.0005638078079221602
1658.642142301897,1658.642142301897,0.9996284797409537,0.0005635211954812599
1658.649086678584,1658.649086678584,0.9992998319985112,0.0005637019657166609
1658.6560310552825,1658.6560310552825,1.0003575744779858,0.00056390789547629
1658.6629754319697,1658.6629754319697,1.0001598163724228,0.0005644285414012002
1658.6699198086455,1658.6699198086455,1.0009398886486287,0.000564293707561904
1658.6768641853093,1658.6768641853093,1.0004734532781465,0.0005642994577067497
1658.6838085619845,1658.6838085619845,0.9991011076147359,0.0005636960257368844
1658.6907529386485,1658.6907529386485,1.0002671441131243,0.0005641239017174535
1658.6976973153003,1658.6976973153003,0.9990207208194496,0.0005639922033017885
1658.704641691953,1658.704641691953,1.000223034478794,0.0005641710350849452
1658.7115860686167,1658.7115860686167,0.9995279271173054,0.0005638238673771457
1658.7185304452573,1658.7185304452573,1.0001511377929482,0.0005645635573982277
1658.725474821886,1658.725474821886,1.0002468715809056,0.0005641787374632346
1658.7324191985267,1658.7324191985267,0.9994995825977343,0.0005643742222847892
1658.7393635751555,1658.7393635751555,1.0008997907742918,0.0005643768836334987
1658.7463079517845,1658.7463079517845,1.0003351826935014,0.0005643696476942796
1658.7532523283903,1658.7532523283903,0.9993643363517876,0.0005643630331509776
1658.760196705031,1658.760196705031,0.9994148201021964,0.0005641761101550078
1658.7671410816133,1658.7671410816133,0.9999576518509065,0.0005645163299393752
1658.7740854582419,1658.7740854582419,1.0005171024112929,0.000564713312516507
1658.7810298348363,1658.7810298348363,1.0003668325407304,0.0005647883402051581
1658.7879742114183,1658.7879742114183,1.0004832662256145,0.0005646566124315016
1658.7949185880007,1658.7949185880007,1.0000242009313023,0.000564980762944237
1658.8018629645835,1658.8018629645835,0.9997152546709469,0.0005652236810747726
1658.808807341165,1658.808807341165,1.000262578824361,0.0005651925636130966
1658.8157517177483,1658.8157517177483,1.0003723976743173,0.0005651800151228074
1658.8226960943307,1658.8226960943307,0.999952410287217,0.0005655037232204267
1658.8296404708894,1658.8296404708894,1.0006235395708352,0.0005654137051025099
1658.8365848474368,1658.8365848474368,1.000065411546513,0.000565931655750777
1658.8435292240072,1658.8435292240072,0.9999038825164595,0.0005662593209587313
1658.850473600543,1658.850473600543,1.0003416091170094,0.0005657668576695248
1658.8574179770908,1658.8574179770908,0.9992654193221269,0.0005660884694410842
1658.864362353638,1658.864362353638,0.9992117361038227,0.0005661578441611061
1658.8713067301742,1658.8713067301742,0.9996884482321649,0.0005660580235449079
1658.8782511066977,1658.8782511066977,1.000315268866871,0.0005661815582365607
1658.885195483222,1658.885195483222,1.0005755872639852,0.0005662630603761475
1658.8921398597352,1658.8921398597352,1.000142690338147,0.0005661398706688182
1658.899084236259,1658.899084236259,1.0004790817843225,0.0005663372669264478
1658.9060286127594,1658.9060286127594,0.9997716977727192,0.0005663486500549437
1658.9129729892725,1658.9129729892725,0.9997161079200744,0.0005662028885480235
1658.9199173657612,1658.9199173657612,1.0010712220134879,0.0005661297280054678
1658.9268617422742,1658.9268617422742,0.9994445520567599,0.000566091427443458
1658.9338061187518,1658.9338061187518,1.0004289659137033,0.0005660726202664951
1658.940750495241,1658.940750495241,0.9992435768691313,0.0005659214851933341
1658.9476948717183,1658.9476948717183,0.9986861751013573,0.0005657001953800658
1658.954639248196,1658.954639248196,1.0005798696294466,0.000565795010820848
1658.961583624662,1658.961583624662,0.9998515373979278,0.0005655230379260125
1658.9685280011163,1658.9685280011163,1.0001884026947188,0.0005652396228864444
1658.9754723775823,1658.9754723775823,1.000295314490837,0.0005651929610375301
1658.9824167540366,1658.9824167540366,1.0011449375717436,0.000565193679933449
1658.9893611304906,1658.9893611304906,0.9994664032942089,0.0005651857425185362
1658.9963055069215,1658.9963055069215,0.9999528643876531,0.0005645840721828936
1659.0032498833648,1659.0032498833648,1.0002392470205028,0.000564793046656605
1659.0101942597953,1659.0101942597953,0.9998932295389569,0.0005645455935260636
1659.0171386362376,1659.0171386362376,0.9996977018493538,0.0005643332658933993
1659.0240830126454,1659.0240830126454,1.000465528129095,0.0005642519377745047
1659.0310273890768,1659.0310273890768,0.9988621847568877,0.0005640132693717654
1659.0379717654846,1659.0379717654846,0.9996737973188121,0.0005641799711189416
1659.0449161418924,1659.0449161418924,1.0005711382693216,0.0005644427745011162
1659.0518605182883,1659.0518605182883,1.000156761565454,0.00056438274976231
1659.0588048946956,1659.0588048946956,1.000108995438838,0.0005641811497516999
1659.0657492710804,1659.0657492710804,0.9997379005102468,0.0005644169742722485
1659.0726936474766,1659.0726936474766,1.0008043163363576,0.0005643764171100777
1659.0796380238494,1659.0796380238494,0.9996763155477553,0.0005647955990182165
1659.086582400234,1659.086582400234,0.9999748145456892,0.0005645565190259053
1659.0935267765951,1659.0935267765951,0.9999984908375147,0.0005648768917217588
1659.1004711529797,1659.1004711529797,0.9995527001647637,0.0005647846749654608
1659.1074155293404,1659.1074155293404,1.0005117131688435,0.0005654056092537201
1659.11435990569,1659.11435990569,0.9996413285007428,0.0005648772524389546
1659.1213042820395,1659.1213042820395,1.0000699291209756,0.0005654299369205455
1659.128248658389,1659.128248658389,1.000635847954758,0.0005655370117708905
1659.135193034727,1659.135193034727,0.9996359520464771,0.0005655710536593011
1659.1421374110646,1659.1421374110646,0.9998791155140229,0.0005657614124820182
1659.149081787403,1659.149081787403,0.9996877935361101,0.0005660901254864201
1659.1560261637176,1659.1560261637176,1.0000019754184382,0.0005664291642455486
1659.162970540055,1659.162970540055,1.0002550044950413,0.000566284254550013
1659.169914916347,1659.169914916347,0.9993756088388983,0.0005663354398926775
1659.1768592926728,1659.1768592926728,1.0000620749549414,0.0005667155386011087
1659.1838036689874,1659.1838036689874,0.9999987426187508,0.0005668647114915745
1659.1907480452787,1659.1907480452787,0.9993181948882398,0.0005672510487193377
1659.1976924215705,1659.1976924215705,1.0006917906646837,0.0005676307255520539
1659.2046367978614,1659.2046367978614,1.0002122390754047,0.0005679163112284982
1659.2115811741526,1659.2115811741526,0.9993866551771147,0.0005674552806571296
1659.2185255504442,1659.2185255504442,1.000448738594144,0.0005679171000416271
1659.2254699266773,1659.2254699266773,1.0000496262104042,0.0005685309234455313
1659.2324143029684,1659.2324143029684,0.9997529954017434,0.0005680054471821478
1659.2393586792252,1659.2393586792252,0.9993990075982733,0.0005680062021050753
1659.246303055493,1659.246303055493,1.0004167614252437,0.0005687045370211515
1659.2532474317377,1659.2532474317377,1.0005729093444038,0.0005685937133220184
1659.260191807994,1659.260191807994,0.999561172664196,0.0005684289472077764
1659.267136184239,1659.267136184239,1.0002515546650557,0.0005682079129665629
1659.2740805604722,1659.2740805604722,0.9996144406591382,0.0005681136352074357
1659.2810249367053,1659.2810249367053,0.999413716750022,0.0005682192989016499
1659.2879693129264,1659.2879693129264,1.0000883649102472,0.0005685926427120818
1659.294913689148,1659.294913689148,1.0004520683212126,0.0005683811081551707
1659.3018580653693,1659.3018580653693,1.0000514182478595,0.000568064123044557
1659.3088024415797,1659.3088024415797,0.9998207626300182,0.0005678851062924635
1659.3157468177894,1659.3157468177894,1.0009336095657044,0.0005680443318003066
1659.3226911939753,1659.3226911939753,0.9998514942355072,0.0005679099068933521
1659.3296355701737,1659.3296355701737,0.9995891812391273,0.0005675506695595475
1659.3365799463718,1659.3365799463718,1.0000016327605001,0.0005677888209035598
1659.3435243225583,1659.3435243225583,0.9991081443667081,0.0005676154295606989
1659.3504686987337,1659.3504686987337,1.000043630127681,0.0005674430827187645
1659.3574130749082,1659.3574130749082,1.0001571911923635,0.000567381158432791
1659.3643574510836,1659.3643574510836,1.0000938645133775,0.0005671313953996648
1659.371301827235,1659.371301827235,0.9998803189427548,0.0005672666769211461
1659.3782462034094,1659.3782462034094,0.9998548687573153,0.0005671102354115107
1659.3851905795614,1659.3851905795614,1.0001749752110745,0.0005671270086403959
1659.392134955701,1659.392134955701,0.9996215468598557,0.000567389797122166
1659.399079331853,1659.399079331853,1.0002994972624941,0.0005670545256816375
1659.4060237079927,1659.4060237079927,0.9998851733402881,0.0005669459873540921
1659.4129680841095,1659.4129680841095,1.0005438616488929,0.0005672722784088966
1659.4199124602496,1659.4199124602496,1.0003549142249857,0.0005675651701540291
1659.4268568363664,1659.4268568363664,0.999034391332029,0.0005673902814629071
1659.4338012124833,1659.4338012124833,1.0000685078116767,0.0005673080485872889
1659.440745588588,1659.440745588588,1.0001209199779297,0.0005673441636428295
1659.4476899647045,1659.4476899647045,0.9997868245155841,0.0005674399296243433
1659.4546343407983,1659.4546343407983,0.9996270605899488,0.000567614811401437
1659.4615787168918,1659.4615787168918,1.0003561363813647,0.0005684149538501016
1659.4685230929852,1659.4685230929852,1.0002310985585516,0.0005680304157124046
1659.4754674690666,1659.4754674690666,1.0003327788397853,0.0005685331891524899
1659.4824118451484,1659.4824118451484,1.0010166398635718,0.0005685148562369688
1659.4893562212303,1659.4893562212303,0.9999147876884062,0.0005685549478318861
1659.4963005972888,1659.4963005972888,0.99911567545797,0.00056884751185265
1659.503244973359,1659.503244973359,1.0001181658035105,0.0005698484616493331
1659.5101893494175,1659.5101893494175,1.0010708809888356,0.0005695759091506761
1659.517133725464,1659.517133725464,0.9995184721592381,0.0005695567184996812
1659.5240781014993,1659.5240781014993,0.9998015591469744,0.0005698083702503547
1659.531022477558,1659.531022477558,0.9999637045027105,0.00057054851210807
1659.537966853593,1659.537966853593,1.0001001141023118,0.0005708609736914042
1659.5449112296167,1659.5449112296167,0.999386343275978,0.0005707860727601925
1659.5518556056402,1659.5518556056402,1.0004423487684282,0.0005711708415451689
1659.5596333067956,1659.5596333067956,0.999726258367817,0.0005715298644795111
1659.5671332328754,1659.5671332328754,1.0005003284848157,0.0005719111617770335
1659.5740776088762,1659.5740776088762,1.0007873925137474,0.0005720239279430119
1659.5810219848765,1659.5810219848765,1.0009083013999476,0.0005726811656512923
1659.5879663608769,1659.5879663608769,0.9995925572330451,0.0005725433795265289
1659.5949107368767,1659.5949107368767,0.999176012369921,0.000572922320104464
1659.6018551128768,1659.6018551128768,0.999773808321754,0.0005729541152189489
1659.6087994888542,1659.6087994888542,0.9991399767852162,0.0005735971093501276
1659.6157438648195,1659.6157438648195,1.0006693924423036,0.0005736347675122847
1659.6226882408077,1659.6226882408077,1.000145323632819,0.0005738101960802178
1659.629632616762,1659.629632616762,1.000290798554833,0.0005739838820023126
1659.6365769927154,1659.6365769927154,0.9991431645351195,0.0005741011301831965
1659.6435213686807,1659.6435213686807,1.0009469311868873,0.0005745028015380581
1659.6504657446228,1659.6504657446228,1.000139247580814,0.0005741367684172593
1659.657410120565,1659.657410120565,0.9997471144888312,0.0005743463631364675
1659.664354496507,1659.664354496507,0.9995854298666649,0.0005748892185438524
1659.6712988724375,1659.6712988724375,1.0009286599960825,0.0005752650217409263
1659.6782432483676,1659.6782432483676,0.9990147601692467,0.0005745407333081053
1659.6851876242865,1659.6851876242865,0.999932044213959,0.0005750473385398086
1659.6921320002057,1659.6921320002057,0.99995368619688,0.0005749344498795963
1659.6990763761012,1659.6990763761012,1.0005436197656956,0.0005752722780899696
1659.7060207520196,1659.7060207520196,1.0000886446206754,0.0005755478829591786
1659.7129651279151,1659.7129651279151,1.0001757165223952,0.0005754102579338978
1659.7199095038104,1659.7199095038104,0.9992938263119931,0.0005748975572245751
1659.7268538796948,1659.7268538796948,1.0005626177780882,0.0005752175903421168
1659.7337982555787,1659.7337982555787,0.9996181413539625,0.0005750821768058296
1659.7407426314626,1659.7407426314626,0.9998837742651304,0.0005751133487452261
1659.7476870073228,1659.7476870073228,1.0000908402692927,0.0005751421204953885
1659.754631383207,1659.754631383207,1.000205364596768,0.0005756044620333653
1659.7615757590672,1659.7615757590672,0.9997570150967597,0.0005753786571395913
1659.7685201349163,1659.7685201349163,0.9998091159243557,0.0005760959766539817
1659.7754645107768,1659.7754645107768,1.0006571385856389,0.0005759740491514342
1659.7824088866025,1659.7824088866025,1.0002404065721209,0.0005762282529601512
1659.7893532624512,1659.7893532624512,0.999589011635428,0.0005763066650667206
1659.7962976382769,1659.7962976382769,0.9996333226778564,0.0005759158662819949
1659.8032420141142,1659.8032420141142,1.000351358400528,0.0005766625207811189
1659.8101863899287,1659.8101863899287,0.9998638405823683,0.0005768600404165941
1659.8171307657424,1659.8171307657424,0.9994428499868679,0.0005766966732106663
1659.8240751415683,1659.8240751415683,1.000211341595566,0.0005776030744984434
1659.8310195173701,1659.8310195173701,1.0000372695676694,0.0005771102208686062
1659.8379638931608,1659.8379638931608,0.9998340324897168,0.0005772316490475753
1659.8449082689633,1659.8449082689633,1.0010092563039392,0.0005776409900257778
1659.8518526447428,1659.8518526447428,0.9999439388797502,0.0005774723360632073
1659.8587970205335,1659.8587970205335,0.999773376817824,0.0005777621267140277
1659.8657413963124,1659.8657413963124,0.9996685442939812,0.0005781227498495364
1659.8726857720799,1659.8726857720799,1.0005281617921042,0.0005779928325068275
1659.879630147847,1659.879630147847,1.0005937311127178,0.0005783610498439297
1659.886574523603,1659.886574523603,1.0002010119444298,0.0005783187630349124
1659.893518899359,1659.893518899359,0.9992190222554964,0.0005782447109208898
1659.9004632751148,1659.9004632751148,1.000437856083168,0.0005784829201734723
1659.9074076508473,1659.9074076508473,1.0002154905407015,0.0005784529068571464
1659.914352026603,1659.914352026603,1.000012191152299,0.0005782918228295891
1659.9212964023122,1659.9212964023122,1.0000479276017749,0.0005785587488962062
1659.928240778068,1659.928240778068,1.0001315099930943,0.0005778692940093164
1659.935185153789,1659.935185153789,0.9998236745567377,0.000577783116175818
1659.9421295294983,1659.9421295294983,1.0002908041291296,0.0005775327403952861
1659.9490739052071,1659.9490739052071,1.0006888800131895,0.0005774882691943372
1659.9560182809164,1659.9560182809164,0.9987050317288592,0.0005774352540751017
1659.9629626566257,1659.9629626566257,1.0001116609420957,0.0005770222286561788
1659.9699070322774,1659.9699070322774,1.001146915961074,0.0005767789629020309
1659.9768514079865,1659.9768514079865,0.9995496777432828,0.0005763071985474586
1659.9837957836717,1659.9837957836717,0.9997879657937434,0.000576268759576288
1659.9907401593464,1659.9907401593464,0.9997735063228615,0.0005754533734545065
1659.997684535009,1659.997684535009,0.9995393849935577,0.0005754084474927692
1660.004628910683,1660.004628910683,0.9997900086358646,0.0005753647808748747
1660.0115732863346,1660.0115732863346,1.0005573317243441,0.000575038290654881
1660.0185176619857,1660.0185176619857,1.000000240605386,0.0005748162717622949
1660.0254620376368,1660.0254620376368,0.9999311150971073,0.0005746173283769136
1660.0324064132758,1660.0324064132758,0.9996130549342446,0.0005744928039714164
1660.0393507889153,1660.0393507889153,1.0003377114312886,0.0005740256764837714
1660.0462951645427,1660.0462951645427,1.0003609463558962,0.0005740487694190226
1660.0532395401708,1660.0532395401708,0.9993432653346813,0.0005736298401562397
1660.0601839157869,1660.0601839157869,1.0004954336052685,0.0005737579522745748
1660.0671282914147,1660.0671282914147,0.9996800057837738,0.0005735669240946406
1660.0740726670072,1660.0740726670072,0.9998827193338116,0.0005735560768795614
1660.0810170426114,1660.0810170426114,0.9996062943441894,0.00057327510948471
1660.0879614182045,1660.0879614182045,1.0007306754974898,0.0005733516089860337
1660.0949057937974,1660.0949057937974,0.9992699060782468,0.0005729490330074947
1660.1018501693786,1660.1018501693786,0.9997469126969815,0.0005735365278897027
1660.1087945449594,1660.1087945449594,1.0000977795111288,0.0005733204696677614
1660.1157389205296,1660.1157389205296,1.0005677279103309,0.0005731996904395678
1660.122683296087,1660.122683296087,1.0005899589888485,0.0005732411874373256
1660.1296276716566,1660.1296276716566,0.9998821630293356,0.0005730181807717622
1660.136572047215,1660.136572047215,1.0001312774577389,0.000573299778317785
1660.1435164227726,1660.1435164227726,0.9995577270667854,0.0005733287170102146
1660.1504607983188,1660.1504607983188,1.000241525268413,0.0005739787650009939
1660.157405173853,1660.157405173853,1.0000617431841812,0.000573312672250139
1660.164349549376,1660.164349549376,1.0000238163906885,0.0005740742441669212
1660.1712939249112,1660.1712939249112,0.9994231126061346,0.0005737734402380286
1660.1782383004338,1660.1782383004338,0.9997182949285032,0.0005740527556703835
1660.1851826759455,1660.1851826759455,0.9994537766224388,0.0005739993237765947
1660.1921270514565,1660.1921270514565,1.0003438027765523,0.000574811060006702
1660.199071426956,1660.199071426956,1.0004613565734581,0.0005745285397457242
1660.206015802456,1660.206015802456,1.0006527140309047,0.0005747771521556615
1660.2129601779438,1660.2129601779438,1.0003850125941107,0.0005748078116488084
1660.2199045534321,1660.2199045534321,0.9992404700791699,0.0005748082176777444
1660.2268489289083,1660.2268489289083,0.999789412901222,0.0005747626131644988
1660.2337933043848,1660.2337933043848,0.9993964679717381,0.0005753689753443183
1660.2407376798496,1660.2407376798496,1.0004659616928966,0.0005755979543460189
1660.2476820553143,1660.2476820553143,1.0005825815781908,0.0005754967047661691
1660.2546264307675,1660.2546264307675,0.9993362742454079,0.0005754391122893754
1660.2615708062208,1660.2615708062208,1.0004957688375158,0.0005759076162198385
1660.2685151816622,1660.2685151816622,1.0004414458249173,0.00057589382768437
1660.27545955708,1660.27545955708,0.9997240099924822,0.0005758775320523275
1660.2824039325565,1660.2824039325565,1.0001674141745163,0.0005755486890304782
1660.2893483079745,1660.2893483079745,0.9998592013727088,0.0005758008534565795
1660.2962926833934,1660.2962926833934,0.9995422985145936,0.0005758797190642988
1660.3032370588116,1660.3032370588116,0.999468547835688,0.0005762320514389716
1660.3101814342062,1660.3101814342062,1.0003984292789925,0.0005759020902282989
1660.3171258095892,1660.3171258095892,0.9999749159715854,0.0005761557826260403
1660.3240701850075,1660.3240701850075,1.0002961654783125,0.0005756651895600072
1660.3310145603907,1660.3310145603907,1.000316534847387,0.000576560537371806
1660.3379589357858,1660.3379589357858,1.0002932286680284,0.0005759922751728483
1660.3449033111458,1660.3449033111458,0.9995698725854252,0.0005753809622954749
1660.351847686529,1660.351847686529,1.0002152668411437,0.0005752295798138424
1660.3587920619004,1660.3587920619004,0.9999255594857568,0.0005752215704287122
1660.3657364372607,1660.3657364372607,0.9990247276499199,0.0005747047837933073
1660.372680812609,1660.372680812609,1.0004638810971673,0.0005754244929896858
1660.3796251879571,1660.3796251879571,1.0002806297408122,0.0005747879360127478
1660.386569563294,1660.386569563294,0.9999472572667261,0.000574658002263564
1660.3935139386424,1660.3935139386424,1.000261514602292,0.0005747487292993758
1660.4004583139674,1660.4004583139674,1.000750525673653,0.0005748970107128381
1660.4074026892922,1660.4074026892922,0.9994537382712554,0.0005744272202616061
1660.4143470646056,1660.4143470646056,1.0004076337603085,0.0005746135745563894
1660.421291439931,1660.421291439931,0.999941784215386,0.0005746068494181533
1660.4282358152327,1660.4282358152327,1.000162241022618,0.0005741599398388008
1660.4351801905345,1660.4351801905345,0.9999340641709054,0.0005747516546520591
1660.4421245658245,1660.4421245658245,1.0000479627768972,0.0005749171314675795
1660.4490689411148,1660.4490689411148,0.9998885957191611,0.0005745434122362128
1660.456013316393,1660.456013316393,0.9993688736284329,0.0005747720593912558
1660.4629576916718,1660.4629576916718,0.9998908308109232,0.0005747861064911876
1660.4699020669389,1660.4699020669389,1.0002082725046206,0.0005748863281681818
1660.4768464422057,1660.4768464422057,1.0003663019581892,0.00057514864499818
1660.4837908174607,1660.4837908174607,0.9999409735845542,0.0005754879250179227
1660.4907351927159,1660.4907351927159,1.0005911929360516,0.0005753580286199423
1660.497679567959,1660.497679567959,0.9996114117752185,0.0005755955219818215
1660.5046239432031,1660.5046239432031,0.9999840431865294,0.0005761959286424383
1660.5115683184238,1660.5115683184238,0.9998654721855853,0.0005762347901641615
1660.5185126936553,1660.5185126936553,0.9995974261249394,0.0005765087449488707
1660.5254570688753,1660.5254570688753,0.9991076461120685,0.0005767054598749741
1660.5324014440957,1660.5324014440957,1.0000364741440328,0.000576920313607085
1660.5393458192927,1660.5393458192927,1.0002080016912291,0.0005775912446825306
1660.5462901945016,1660.5462901945016,1.0004708422847657,0.0005775256365617641
1660.5532345696986,1660.5532345696986,1.0000880156580099,0.0005783491534011451
1660.560178944884,1660.560178944884,1.0001603107406523,0.0005782267989349334
1660.5671233200694,1660.5671233200694,1.0000467039142151,0.0005786747746780831
1660.5740676952432,1660.5740676952432,0.9996349486725566,0.0005797130963354405
1660.5810120704166,1660.5810120704166,0.9999459658897702,0.0005795920705535163
1660.5879564455904,1660.5879564455904,1.000426885603166,0.0005800781899480787
1660.5949008207294,1660.5949008207294,0.9999154321107003,0.0005806037134368227
1660.6018451959146,1660.6018451959146,1.000396398531353,0.0005807796861818965
1660.6087895710418,1660.6087895710418,0.9994369013730635,0.0005814433981470088
1660.6157339461686,1660.6157339461686,0.9990790417589805,0.0005819139281273021
1660.6226783212958,1660.6226783212958,1.0004628170798135,0.0005819437494830219
1660.6296226964234,1660.6296226964234,1.0006572805076022,0.0005821684824597494
1660.6365670715506,1660.6365670715506,0.9996232005370771,0.0005826702468286467
1660.6435114466774,1660.6435114466774,0.9999398939657507,0.0005825260147700807
1660.6504558218044,1660.6504558218044,1.0000466974807378,0.0005828237865857975
1660.6574001968734,1660.6574001968734,1.0004082626812807,0.0005828636978159145
1660.6643445720006,1660.6643445720006,0.9992423856889182,0.0005832672878305495
1660.6712889470698,1660.6712889470698,1.0002927312253038,0.0005834448100104186
1660.6782333221622,1660.6782333221622,1.0003151269985977,0.0005835227685767776
1660.6851776972424,1660.6851776972424,1.0003102320176722,0.0005832042514665009
1660.6921220723113,1660.6921220723113,1.000557242232651,0.0005836488306453397
1660.6990664473683,1660.6990664473683,0.9992269447212389,0.000583108666765119
1660.7060108224377,1660.7060108224377,0.9998895081548758,0.0005834624042884492
1660.7226773225452,1660.7226773225452,0.9994966498309046,0.0005835519780505241
1660.7296216975788,1660.7296216975788,1.0001180860361274,0.0005839450813891042
1660.7365660726014,1660.7365660726014,1.0000424624920006,0.0005835322457693561
1660.7435104476353,1660.7435104476353,1.0003640467824662,0.000583854067405666
1660.7512881476493,1660.7512881476493,0.9998454679661746,0.0005834446675760745
1660.7587880726592,1660.7587880726592,0.9999568814695567,0.0005836832294887428
1660.76573244767,1660.76573244767,1.0001175852576796,0.0005838866860417946
1660.7735101476605,1660.7735101476605,1.0004621125745075,0.0005836983275759149
1660.7823989476371,1660.7823989476371,1.0004143212151713,0.0005836573862624016
1660.7901766476164,1660.7901766476164,0.9995273027518689,0.0005835949815350766
1660.7979543475963,1660.7979543475963,1.000233958512054,0.0005835802175376891
1660.8060098225574,1660.8060098225574,1.000239766208659,0.0005841392076350535
1660.8151763974922,1660.8151763974922,0.9995489491819338,0.0005838978981521293
1660.8226763224436,1660.8226763224436,0.9993994016373611,0.0005848480688170983
1660.8304540223758,1660.8304540223758,0.9995844708438095,0.0005843363098258458
1660.837953947304,1660.837953947304,1.001031783309109,0.0005853904460916032
1660.844898322245,1660.844898322245,0.999036413740377,0.0005846378531284591
1660.8518426971627,1660.8518426971627,1.0007388344100634,0.0005848077006010932
1660.8587870720803,1660.8587870720803,1.0002282747260742,0.0005845322674270034
1660.865731446986,1660.865731446986,1.0004068845404703,0.0005850296246822192
1660.872675821892,1660.872675821892,0.9998436936585812,0.0005848395062698102
1660.879620196786,1660.879620196786,1.0000359491783475,0.0005850847122502338
1660.8879534466596,1660.8879534466596,0.9997488850653035,0.0005845397618915157
1660.8948978215424,1660.8948978215424,0.9992720108078823,0.0005846634384805637
1660.9018421964017,1660.9018421964017,0.9998505488459133,0.0005844696873701159
1660.908786571296,1660.908786571296,1.0008216458022017,0.0005843058169530167
1660.915730946132,1660.915730946132,0.9993793472314181,0.000583828781403415
1660.9226753210144,1660.9226753210144,1.0007850842962935,0.0005840359402380688
1660.9296196958628,1660.9296196958628,1.0001610631597035,0.0005835795417176023
1660.9365640706988,1660.9365640706988,0.9995371587229712,0.0005829688894639347
1660.943508445535,1660.943508445535,0.9997102923767359,0.0005830268539275886
1660.950452820371,1660.950452820371,0.9997497136918417,0.0005827053955967133
1660.9573971951836,1660.9573971951836,1.0003648822830393,0.0005827151386236764
1660.9643415699852,1660.9643415699852,1.0000939666397566,0.0005823637353556529
1660.9712859448093,1660.9712859448093,0.9998193240319175,0.0005815189487658223
1660.9782303195984,1660.9782303195984,1.0002882314507722,0.0005815887387809765
1660.9851746944,1660.9851746944,0.9994090669140882,0.0005811576037800814
1660.9921190691898,1660.9921190691898,1.0008290054798201,0.0005810786959973273
1660.9990634439794,1660.9990634439794,1.0001286518163433,0.0005801276808716761
1661.0060078187453,1661.0060078187453,1.001094718539409,0.0005797575664836653
1661.0129521935232,1661.0129521935232,0.9993725104483232,0.0005793061591409635
1661.0198965682782,1661.0198965682782,0.9996297093511636,0.0005789140575747098
1661.0268409430325,1661.0268409430325,1.0005649642550325,0.0005787594379176913
1661.0337853177873,1661.0337853177873,1.0002708931163606,0.0005782570153926782
1661.0407296925182,1661.0407296925182,1.0009148142783693,0.0005780429929455497
1661.0476740672614,1661.0476740672614,1.0002094870700444,0.0005779117538685682
1661.0546184419927,1661.0546184419927,0.9989555081887065,0.0005774393680124662
1661.0615628167125,1661.0615628167125,1.0001496607486522,0.0005774766199919645
1661.0685071914208,1661.0685071914208,0.9993531207874895,0.0005770193986039029
1661.0754515661288,1661.0754515661288,1.0005453624576466,0.0005770407841620094
1661.0823959408372,1661.0823959408372,0.9993336953190969,0.0005766040923509186
1661.0893403155328,1661.0893403155328,0.9997583410588536,0.0005762295613478267
1661.0962846902178,1661.0962846902178,1.0010971762218819,0.0005765427436879694
1661.103229064891,1661.103229064891,0.9994415815034738,0.0005761224873260468
1661.110173439576,1661.110173439576,1.0005105034451276,0.0005760064816984777
1661.1171178142376,1661.1171178142376,0.9999889464477727,0.0005757798279667277
1661.1240621888987,1661.1240621888987,0.9995820845860074,0.000575831070646857
1661.1310065635487,1661.1310065635487,1.0001751230285632,0.000575302249942543
1661.1379509381866,1661.1379509381866,0.999324612858673,0.0005752898121348159
1661.1448953128365,1661.1448953128365,1.0000125245483102,0.0005751544240632512
1661.151839687463,1661.151839687463,0.9991844977950322,0.000575655476318485
1661.15878406209,1661.15878406209,0.9998914918915421,0.0005756472161629138
1661.1657284367047,1661.1657284367047,1.0007774335646205,0.0005754487849480399
1661.1732283612832,1661.1732283612832,0.9998442259909123,0.0005756149649239004
1661.1810060608436,1661.1810060608436,1.000712009974419,0.0005757769931011549
1661.1879504354467,1661.1879504354467,0.9997662899638783,0.0005753148982257472
1661.1948948100267,1661.1948948100267,0.9999038416481643,0.0005755735660015884
1661.2023947345704,1661.2023947345704,0.999647573792689,0.0005754463146889399
1661.2101724341196,1661.2101724341196,0.9998804442997701,0.0005753692015448063
1661.2171168086643,1661.2171168086643,1.0001800662527736,0.0005757110314672662
1661.224061183209,1661.224061183209,1.00050312731391,0.0005754091138035805
1661.231005557754,1661.231005557754,1.0000357430796654,0.0005756556295315744
1661.2379499322992,1661.2379499322992,1.0008946125164777,0.000575767286927778
1661.2448943068448,1661.2448943068448,1.0000314004357878,0.0005757943034475487
1661.2518386813895,1661.2518386813895,0.9999400974344498,0.0005750738788946614
1661.258783055935,1661.258783055935,0.9993261178655697,0.0005752563352442761
1661.2657274304333,1661.2657274304333,0.9999112068996199,0.0005756554924198683
1661.2726718049548,1661.2726718049548,0.999489066031162,0.0005752423800021836
1661.279616179453,1661.279616179453,1.0007180589064548,0.0005756049191156909
1661.2865605539403,1661.2865605539403,0.9998593265051333,0.0005748468476759925
1661.2935049284392,1661.2935049284392,1.0011368177863005,0.0005750947396325701
1661.3004493029262,1661.3004493029262,1.0006732116407047,0.0005745887555415971
1661.3073936773894,1661.3073936773894,0.9995838577543447,0.0005744377999248227
1661.3143380518643,1661.3143380518643,0.9993219319710688,0.0005741130520858827
1661.3212824263167,1661.3212824263167,1.0003100445575779,0.000573896092376745
1661.32822680078,1661.32822680078,0.9997219802203267,0.0005734209498664221
1661.3351711752207,1661.3351711752207,0.9994015064693575,0.0005734514623339964
1661.3421155496605,1661.3421155496605,1.0001864693375926,0.0005730124075882441
1661.3490599240893,1661.3490599240893,1.00042362069914,0.0005735970174725283
1661.356004298518,1661.356004298518,1.0004647763942383,0.00057274384745663
1661.362948672935,1661.362948672935,1.0006367434751002,0.0005730983995001469
1661.3698930473286,1661.3698930473286,1.00007253261271,0.0005725771109000783
1661.3768374217339,1661.3768374217339,0.9997536693424015,0.000572480761546249
1661.383781796128,1661.383781796128,1.0000388964509395,0.000572378718588047
1661.390726170533,1661.390726170533,1.000030165003887,0.0005721045636429597
1661.3976705449036,1661.3976705449036,0.9998841493667779,0.0005722099952890334
1661.404892694256,1661.404892694256,0.9999238066943269,0.0005721117074457961
1661.4129481685184,1661.4129481685184,1.0009567219822917,0.0005721728969075325
1661.4198925428777,1661.4198925428777,1.0000779998735179,0.0005718630821190975
1661.4268369172248,1661.4268369172248,1.0000617592099716,0.000571665274981508
1661.4337812915721,1661.4337812915721,0.9991924250604265,0.0005714438151984649
1661.4407256659074,1661.4407256659074,1.0001698445345582,0.0005715854882594533
1661.4476700402313,1661.4476700402313,0.9994582865757919,0.0005718943334564898
1661.4546144145547,1661.4546144145547,1.0000141159924314,0.0005719574740938644
1661.461558788867,1661.461558788867,1.000313237835462,0.0005720618215750218
1661.4685031631793,1661.4685031631793,1.000304627463022,0.0005723755679338502
1661.4754475374805,1661.4754475374805,1.000418693589397,0.0005726776036660289
1661.4823919117575,1661.4823919117575,0.9997691892771965,0.0005724656321581718
1661.489336286058,1661.489336286058,0.9997627192778327,0.0005728473947121092
1661.4962806603119,1661.4962806603119,1.0003618422735916,0.0005731461969502845
1661.503225034566,1661.503225034566,0.9998967805465355,0.000573001389145212
1661.5101694088783,1661.5101694088783,1.0003783416813647,0.0005737715943954266
1661.517113783121,1661.517113783121,1.0003108034024129,0.0005734897372925151
1661.5240581573282,1661.5240581573282,0.999767885855249,0.0005738800615602349
1661.5310025315825,1661.5310025315825,0.9995935977520277,0.0005743988072504281
1661.537946905836,1661.537946905836,0.9994287953056471,0.000575070700102748
1661.5448912800323,1661.5448912800323,0.9996485058178383,0.0005749423354166601
1661.5518356542627,1661.5518356542627,0.9998917974800609,0.0005753967268634168
1661.5587800284707,1661.5587800284707,0.999619957090905,0.0005759987494720756
1661.565724402666,1661.565724402666,0.9997476372215715,0.0005762995645685237
1661.572668776862,1661.572668776862,1.0005239983287422,0.0005767237270660824
1661.5796131510463,1661.5796131510463,1.000767295940766,0.0005770514573464975
1661.5882241750278,1661.5882241750278,1.0003040397001743,0.000577481994492233
1661.5962796490694,1661.5962796490694,0.9989195343614842,0.0005778970135803914
1661.6032240232191,1661.6032240232191,1.0010159463471875,0.000578926179861906
1661.61016839738,1661.61016839738,1.0003897758270663,0.0005787991037552967
1661.6171127715174,1661.6171127715174,0.9990652865819856,0.0005795019295661764
1661.6240571456551,1661.6240571456551,0.999227722831433,0.000579900239439018
1661.6310015197807,1661.6310015197807,1.000282484079817,0.0005800834274247642
1661.6379458939184,1661.6379458939184,1.0003171218432094,0.0005803087767393764
1661.644890268021,1661.644890268021,1.001040789985627,0.0005805693513896221
1661.6518346421358,1661.6518346421358,0.999253358436585,0.00058093936752189
1661.658779016227,1661.658779016227,0.9997539719198378,0.0005809926232216429
1661.6657233903177,1661.6657233903177,0.9999320255541024,0.0005816008201589831
1661.6726677643971,1661.6726677643971,1.0002401125441678,0.000581069295617503
1661.6796121384764,1661.6796121384764,1.000713871038268,0.000581424876744274
1661.6865565125445,1661.6865565125445,1.0001462901657274,0.0005813278428908567
1661.6935008866003,1661.6935008866003,0.9998354088390726,0.0005812980344429631
1661.7004452606568,1661.7004452606568,1.0001575731691628,0.0005818809375737072
1661.707389634701,1661.707389634701,0.9993122992510985,0.0005814585236211341
1661.7143340087343,1661.7143340087343,0.9995133300508201,0.0005814502849900477
1661.7212783827551,1661.7212783827551,1.0002352120249256,0.0005815494503893212
1661.7282227567762,1661.7282227567762,1.0004918454268226,0.00058153949157881
1661.7351671307974,1661.7351671307974,1.00049528391015,0.0005814080793444117
1661.7421115047953,1661.7421115047953,1.000159019585264,0.0005814016940251539
1661.7490558787933,1661.7490558787933,0.999476741848446,0.0005818136202089886
1661.7560002527796,1661.7560002527796,0.999881007421822,0.0005817362359812312
1661.7629446267777,1661.7629446267777,0.9998898821976943,0.0005812639707828432
1661.7698890007402,1661.7698890007402,1.0001273229378975,0.0005813028187812669
1661.7768333747033,1661.7768333747033,1.000035616480862,0.0005814154745901876
1661.7837777486664,1661.7837777486664,1.0001796778197556,0.0005813626030627488
1661.7907221226178,1661.7907221226178,1.000081556455852,0.000581825271051017
1661.7976664965347,1661.7976664965347,1.0005950716146474,0.0005820069721132129
1661.8046108704857,1661.8046108704857,0.9999271133685849,0.0005817812961806365
1661.8115552444021,1661.8115552444021,0.9998065038878583,0.0005816866948352363
1661.8184996183184,1661.8184996183184,0.9999572763904876,0.0005817917173842242
1661.8254439922348,1661.8254439922348,0.9993936262116488,0.0005817037190199986
1661.832388366128,1661.832388366128,1.0008815743388066,0.0005826075980581279
1661.839332740033,1661.839332740033,0.9999657299377287,0.0005823180288586345
1661.8462771139027,1661.8462771139027,0.9994629173819103,0.000582194900459505
1661.8532214877955,1661.8532214877955,1.0001340116437218,0.0005824304113349295
1661.860165861654,1661.860165861654,0.9999318550002909,0.0005824523912323564
1661.8671102355122,1661.8671102355122,1.0004956323365435,0.0005825665212982732
1661.8740546093704,1661.8740546093704,1.0000605911459046,0.0005823647532308106
1661.8809989832055,1661.8809989832055,0.9993606885519813,0.0005826042566491592
1661.887943357052,1661.887943357052,1.0003689317112237,0.0005829356144493086
1661.8948877308637,1661.8948877308637,1.0001370626982191,0.0005825846875043055
1661.9018321046872,1661.9018321046872,0.9998150893960951,0.0005826074905145814
1661.9087764784986,1661.9087764784986,0.9999743932622589,0.0005825388320016226
1661.9157208523102,1661.9157208523102,1.0001282781083327,0.0005828291306036518
1661.9226652260982,1661.9226652260982,1.0000476814007748,0.0005827509169119962
1661.9296095998875,1661.9296095998875,0.9993866787627319,0.000582641923009851
1661.9365539736639,1661.9365539736639,1.0007949891163672,0.0005825685568445411
1661.9434983474287,1661.9434983474287,0.9998723014438566,0.0005822404864903461
1661.9504427211941,1661.9504427211941,1.0005507333101327,0.000582393585730225
1661.9573870949594,1661.9573870949594,1.0001154583764094,0.0005819201370725225
1661.9643314687005,1661.9643314687005,1.0003946822536978,0.0005818744994530451
1661.9712758424307,1661.9712758424307,0.9989091720201733,0.0005810335763764213
1661.9782202161612,1661.9782202161612,1.000344051996327,0.000581223337771976
1661.9851645898682,1661.9851645898682,0.9994380571879333,0.0005806528951188309
1661.9921089635984,1661.9921089635984,1.000778718388332,0.000580304042146357
1661.9990533372816,1661.9990533372816,1.0004554247497244,0.0005803656399300693
1662.005997711,1662.005997711,1.0000407725363407,0.00057961000166333
1662.0129420846722,1662.0129420846722,1.0013090543311187,0.00057952301588716
1662.019886458344,1662.019886458344,0.9998802820056991,0.000578916324150834
1662.0268308320167,1662.0268308320167,0.999206271381723,0.0005789789966523447
1662.033775205688,1662.033775205688,0.9991734235059146,0.0005785739164372195
1662.0407195793366,1662.0407195793366,0.9988378119457753,0.0005776210763745583
1662.047663952974,1662.047663952974,1.0001205337422283,0.0005773838772619619
1662.0546083266104,1662.0546083266104,1.0008975503812607,0.0005774949280176881
1662.061552700236,1662.061552700236,1.0003161075506046,0.0005772413868437151
1662.0684970738614,1662.0684970738614,1.0002541439724408,0.0005765564382994294
1662.0754414474638,1662.0754414474638,1.000987259827564,0.0005768111856600649
1662.082385821066,1662.082385821066,1.000559657896064,0.0005761825867295571
1662.0893301946562,1662.0893301946562,0.9993169941116016,0.0005757173531669723
1662.0962745682468,1662.0962745682468,0.9994828060536726,0.0005755641837168748
1662.1032189418256,1662.1032189418256,0.9994908616413476,0.0005756204752548129
1662.1101633153812,1662.1101633153812,0.9997914165980311,0.0005749777226918722
1662.1171076889482,1662.1171076889482,0.9999313201431128,0.0005745483537854324
1662.1240520624924,1662.1240520624924,0.9999251881156515,0.0005747019281044276
1662.130996436036,1662.130996436036,1.000928492552728,0.0005746340116061332
1662.137940809557,1662.137940809557,1.0002751853418796,0.000574810404875667
1662.144885183089,1662.144885183089,1.0001721697254107,0.0005739685941002981
1662.1518295566093,1662.1518295566093,0.9997119615497423,0.0005739117382760402
1662.1587739301067,1662.1587739301067,0.9989171204561778,0.00057396139228499
1662.165718303604,1662.165718303604,1.0000901900493075,0.0005738799956678007
1662.17266267709,1662.17266267709,1.0005722191407522,0.0005740778536836566
1662.1796070505638,1662.1796070505638,0.9995321274202148,0.0005739700146115966
1662.1865514240496,1662.1865514240496,1.0001753364918922,0.0005740005686329628
1662.1934957975004,1662.1934957975004,1.0004398180900573,0.0005742165664506819
1662.2004401709514,1662.2004401709514,1.0002782510397659,0.0005736242020300086
1662.2073845444017,1662.2073845444017,1.000188487126578,0.0005738558626541678
1662.214328917841,1662.214328917841,0.9993812308803076,0.0005739276847701737
1662.221273291269,1662.221273291269,1.0002917568280423,0.0005741589425972732
1662.228217664661,1662.228217664661,0.9995175260654156,0.0005739720440176001
1662.2351620381,1662.2351620381,1.000160118578001,0.0005742059902836803
1662.242106411481,1662.242106411481,0.9998080933564744,0.0005740264253015083
1662.249050784862,1662.249050784862,1.0001598417613264,0.0005744187235276678
1662.255995158243,1662.255995158243,0.9994505053680751,0.0005746454648532435
1662.262939531624,1662.262939531624,0.9995330351323457,0.000574260790994194
1662.269883905005,1662.269883905005,1.0004370911730107,0.0005748475641627808
1662.2768282783272,1662.2768282783272,1.000378512594955,0.0005746878287522935
1662.2837726516968,1662.2837726516968,0.999915436214297,0.0005738559545775308
1662.290717025031,1662.290717025031,1.0000217076024587,0.0005742122078592657
1662.2976613983537,1662.2976613983537,0.9998551683201429,0.000573747202918727
1662.304605771665,1662.304605771665,0.9985432937738798,0.0005734598393904759
1662.3115501449756,1662.3115501449756,0.9997194768965507,0.0005734868099374596
1662.3184945182875,1662.3184945182875,1.0006304125542238,0.0005735550430788449
1662.3254388915634,1662.3254388915634,0.9998686263762272,0.0005730846362312521
1662.3323832648507,1662.3323832648507,1.0003340134684762,0.0005730290507700635
1662.3393276381157,1662.3393276381157,1.0001554459548345,0.0005726258550355632
1662.3462720113798,1662.3462720113798,1.0001609343402746,0.0005722532818126719
1662.3532163846326,1662.3532163846326,0.9994947796839584,0.0005721278364645413
1662.3601607578853,1662.3601607578853,1.0005122022532977,0.0005720846770736032
1662.3671051311153,1662.3671051311153,1.000080074563124,0.0005718449048354352
1662.3740495043335,1662.3740495043335,1.0001071338368202,0.000571241762573522
1662.380993877551,1662.380993877551,0.9997715601246077,0.0005713373225715347
1662.387938250769,1662.387938250769,1.000339045472874,0.0005714050030958501
1662.3948826239634,1662.3948826239634,0.9987601878779102,0.0005708708315290082
1662.4018269971464,1662.4018269971464,0.9999774559719803,0.0005705569701044194
1662.4087713703295,1662.4087713703295,0.9997292103155848,0.0005706400189410263
1662.4157157434897,1662.4157157434897,1.0000528766622083,0.0005704720398250765
1662.4226601166606,1662.4226601166606,1.0008399276871827,0.0005701436633105838
1662.4296044898085,1662.4296044898085,0.9995392198338788,0.0005703009202859351
1662.4365488629453,1662.4365488629453,1.000836645780791,0.0005701070802245039
1662.4434932360932,1662.4434932360932,1.0004844111421665,0.0005698949267098376
1662.4504376091948,1662.4504376091948,1.0004812294337124,0.0005700261937092657
1662.4573819823313,1662.4573819823313,1.0000541656471518,0.0005698524704723189
1662.464326355422,1662.464326355422,0.9990883438081006,0.0005697858080329336
1662.4712707285112,1662.4712707285112,1.0001327022341195,0.0005702470325464218
1662.478215101601,1662.478215101601,1.0002379041271565,0.0005696751780797706
1662.485159474691,1662.485159474691,0.9996611137338899,0.0005698586553332706
1662.4921038477223,1662.4921038477223,1.000166698006607,0.0005703435481321251
1662.499048220789,1662.499048220789,0.99951511104856,0.0005704042199155752
1662.5059925938435,1662.5059925938435,0.9999197350329287,0.000570835230069698
1662.5129369668757,1662.5129369668757,1.0005514126086854,0.0005709836552820946
1662.5198813398958,1662.5198813398958,1.0004208502983787,0.0005714538687618365
1662.526825712916,1662.526825712916,0.9992756208275674,0.0005720126854733749
1662.5337700859243,1662.5337700859243,1.000052080927152,0.0005725706435645869
1662.5407144589208,1662.5407144589208,1.000223779580253,0.0005725130907763743
1662.5476588319057,1662.5476588319057,0.9998648497806769,0.000573203212609665
1662.5546032048794,1662.5546032048794,0.999424239929079,0.0005735293004898534
1662.561547577853,1662.561547577853,1.0015491030841208,0.0005745641842882588
1662.5684919508149,1662.5684919508149,0.9996091081527055,0.0005746336827189772
1662.5754363237652,1662.5754363237652,0.9998093185549131,0.0005749992593478206
1662.5823806966916,1662.5823806966916,0.9997071095802745,0.0005759555126083061
1662.58932506963,1662.58932506963,0.9992838226301608,0.0005757192887571002
1662.5962694425457,1662.5962694425457,1.0001996060760003,0.000576810946241111
1662.603213815449,1662.603213815449,0.9999300118527916,0.0005772796970457555
1662.6101581883534,1662.6101581883534,1.000333084859298,0.0005779868104320983
1662.617102561233,1662.617102561233,1.0003071157567773,0.0005780185771826647
1662.6240469341253,1662.6240469341253,1.0007956922805226,0.0005785559013315954
1662.6309913069822,1662.6309913069822,0.9995869016176238,0.000578649243610829
1662.637935679851,1662.637935679851,0.9992742376654877,0.0005792142888135493
1662.6448800526964,1662.6448800526964,0.9993540329642332,0.0005797666637662642
1662.6518244255299,1662.6518244255299,1.0002900290861234,0.0005797125233567618
1662.658768798364,1662.658768798364,1.0010638647432946,0.0005803165370870699
1662.6657131711859,1662.6657131711859,0.9991296092478283,0.000580326872838376
1662.6726575439848,1662.6726575439848,0.9996110695220477,0.0005803471017421568
1662.6796019167837,1662.6796019167837,1.0000029433004705,0.0005805912047611077
1662.6865462895826,1662.6865462895826,1.0010412235821942,0.0005809831233617895
1662.6934906623578,1662.6934906623578,0.9998525942707538,0.000580965683260054
1662.7004350351212,1662.7004350351212,0.9991263265710959,0.0005805642445323691
1662.7073794078744,1662.7073794078744,1.0008775304212922,0.0005810579572423381
1662.7143237806263,1662.7143237806263,0.9999424210823895,0.0005812512080900491
1662.721268153367,1662.721268153367,0.9998782950391769,0.0005812325269696095
1662.728212526096,1662.728212526096,1.0007546677053805,0.0005815611073736575
1662.7351568988015,1662.7351568988015,0.9997297647440165,0.000581068852121604
1662.7421012715076,1662.7421012715076,0.999995582367287,0.0005814180243066561
1662.7490456442126,1662.7490456442126,0.9990018119119165,0.000581547013102573
1662.7559900168956,1662.7559900168956,0.9998162601420642,0.0005810814258690781
1662.7629343895667,1662.7629343895667,1.0000547684592207,0.0005808806885789577
1662.7698787622255,1662.7698787622255,1.00019711003659,0.0005808707784026413
1662.7768231348728,1662.7768231348728,1.0001882015209802,0.0005812586453108496
1662.783767507532,1662.783767507532,1.000268788980351,0.0005807986119419579
1662.7907118801563,1662.7907118801563,0.999688143671927,0.0005808099195205046
1662.7976562527806,1662.7976562527806,1.0008498332934637,0.0005807867571215894
1662.8046006253935,1662.8046006253935,0.9996204942201207,0.0005803748113549498
1662.8115449980057,1662.8115449980057,1.0000774515142345,0.0005801763661765356
1662.8184893705832,1662.8184893705832,1.0002709918704835,0.0005805684044068842
1662.8254337431613,1662.8254337431613,0.9999678581806497,0.0005803710890232227
1662.8323781157385,1662.8323781157385,1.0000532005342173,0.0005803072601135669
1662.8393224883046,1662.8393224883046,0.9992565815477799,0.0005798963991638839
1662.846266860847,1662.846266860847,0.9999724432835541,0.0005802113611750157
1662.8532112333783,1662.8532112333783,0.9999595737221527,0.0005800651934197347
1662.860155605898,1662.860155605898,1.0001731977088282,0.0005800438315712033
1662.8670999784522,1662.8670999784522,0.9997671511975714,0.0005796398825061958
1662.8740443509482,1662.8740443509482,0.9998116741805643,0.0005801024871610853
1662.8809887234097,1662.8809887234097,1.0004454890355492,0.0005801964541951033
1662.8879330959176,1662.8879330959176,1.000484163273595,0.0005801097792443138
1662.8948774683784,1662.8948774683784,0.9994068228473385,0.0005796851777269986
1662.9018218408514,1662.9018218408514,0.9999352593465414,0.0005792754586606021
1662.9087662133013,1662.9087662133013,1.0002938081841126,0.0005794260540925166
1662.915710585739,1662.915710585739,0.9999383383488633,0.0005791393704082987
1662.9226549581658,1662.9226549581658,0.9998461805704524,0.0005787976096990437
1662.9295993305918,1662.9295993305918,1.0002640233831925,0.0005784573048277857
1662.9365437029944,1662.9365437029944,0.9999269910658564,0.0005782977659652838
1662.9434880753975,1662.9434880753975,0.9998563521282712,0.000577800409128683
1662.9504324477773,1662.9504324477773,0.9999017852134233,0.0005776338702191765
1662.9573768201572,1662.9573768201572,0.9998879709206179,0.0005772953690837525
1662.9643211925254,1662.9643211925254,1.0005943423652546,0.0005773014489715022
1662.9712655648586,1662.9712655648586,0.9998877991174255,0.0005765871778249807
1662.978209937215,1662.978209937215,0.9997456685587288,0.0005759545393252232
1662.9851543095479,1662.9851543095479,0.9996316685785664,0.0005756634853971666
1662.9920986818693,1662.9920986818693,0.9999665192601777,0.0005753331928323563
1662.999043054168,1662.999043054168,1.0009435913252,0.0005744059929240284
1663.0059874264657,1663.0059874264657,1.0001466201094897,0.0005739065925455858
1663.0129317987528,1663.0129317987528,0.9993573149325394,0.0005737043270593219
1663.0198761710278,1663.0198761710278,0.9995453644788659,0.0005729516929777274
1663.0268205432792,1663.0268205432792,1.0000320861454288,0.0005723221018099288
1663.0337649155547,1663.0337649155547,1.0001255298788387,0.0005714963781387443
1663.040709287771,1663.040709287771,1.0001832413852108,0.0005711169114597559
1663.0476536599876,1663.0476536599876,0.9999285121750165,0.0005704000520795434
1663.0545980322045,1663.0545980322045,1.0005300072821448,0.0005699958681876632
1663.0615424044215,1663.0615424044215,0.9998920027652305,0.0005695607931404422
1663.0684867766383,1663.0684867766383,0.9998875970497858,0.0005693913741895337
1663.0754311488083,1663.0754311488083,0.999673727274214,0.0005688172794197341
1663.0823755209901,1663.0823755209901,1.000235852050612,0.0005685248946864639
1663.0893198931485,1663.0893198931485,1.0001591326728687,0.0005685530320203464
1663.0962642652953,1663.0962642652953,1.000465213803373,0.0005682938305120651
1663.1032086374303,1663.1032086374303,0.9996685915139235,0.0005677620770592536
1663.1101530095543,1663.1101530095543,1.0000136720824506,0.0005675317198607523
1663.1170973816666,1663.1170973816666,0.9998615324486462,0.0005674480153602808
1663.1240417537786,1663.1240417537786,0.9999081800246525,0.0005672662622116358
1663.1309861258674,1663.1309861258674,0.9996163300539056,0.0005672948843490329
1663.1379304979441,1663.1379304979441,0.9999855097868858,0.0005668733345301181
1663.144874870021,1663.144874870021,1.000262978813146,0.000566827156636373
1663.1518192420633,1663.1518192420633,0.9992825874603822,0.000566238141640481
1663.1587636141169,1663.1587636141169,1.0005183208909112,0.0005665309709188391
1663.165707986136,1663.165707986136,1.0008694404204994,0.0005663391737011069
1663.1726523581667,1663.1726523581667,0.9992631242890415,0.0005659701887514328
1663.179596730174,1663.179596730174,1.0009957060473993,0.0005662739212924239
1663.1865411021693,1663.1865411021693,1.000020662156777,0.0005655844728099644
1663.1934854741532,1663.1934854741532,1.0006619938412737,0.0005654469613160601
1663.2004298461368,1663.2004298461368,1.0001713611291208,0.0005654713237852887
1663.2073742180855,1663.2073742180855,1.000060691176128,0.0005649641905950444
1663.214318590047,1663.214318590047,0.9994729286048377,0.0005647769411450218
1663.2212629619728,1663.2212629619728,1.0006250107340116,0.0005650995216640168
1663.2282073338981,1663.2282073338981,1.000114052800319,0.000564418689884203
1663.235151705824,1663.235151705824,0.9990374606448864,0.000564599680115225
1663.2420960777145,1663.2420960777145,1.0002113169817664,0.0005643366327754752
1663.2490404496052,1663.2490404496052,0.9998696072632753,0.0005640230807817199
1663.2559848214846,1663.2559848214846,1.0001373837814278,0.0005636968788085122
1663.2629291933401,1663.2629291933401,1.000771656522535,0.0005641628320331236
1663.2698735651963,1663.2698735651963,1.0001698919613253,0.0005635206823144402
1663.2768179370294,1663.2768179370294,0.99995946831002,0.0005635885693907762
1663.2837623088617,1663.2837623088617,1.0006412022339242,0.0005633168312089351
1663.2907066806827,1663.2907066806827,0.9997182065481193,0.0005632595687283269
1663.29765105248,1663.29765105248,0.9994165398898002,0.0005626113289321079
1663.3045954242775,1663.3045954242775,0.9996980468444667,0.0005625252969838521
1663.311539796064,1663.311539796064,1.0006820301329036,0.0005623118428907456
1663.318484167815,1663.318484167815,0.9998699526210384,0.0005619300203169785
1663.3254285395778,1663.3254285395778,0.9997694168514644,0.000561865777521415
1663.3323729113054,1663.3323729113054,0.9998829685036965,0.0005611002746145059
1663.3393172830451,1663.3393172830451,1.000388046539095,0.0005610418844989671
1663.34681720448,1663.34681720448,1.0000508821655312,0.0005604647824810568
1663.3545949008044,1663.3545949008044,1.0001373355985488,0.0005598004702040245
1663.3615392724853,1663.3615392724853,1.0002573337834604,0.0005599077098835
1663.3684836441782,1663.3684836441782,0.998864400655399,0.0005591028669231963
1663.3754280158132,1663.3754280158132,0.9998267621999803,0.000558883271343892
1663.3823723874943,1663.3823723874943,1.0003820293146215,0.0005582973552464331
1663.3893167591407,1663.3893167591407,0.9998000770182236,0.0005575940422013454
1663.3962611307288,1663.3962611307288,1.0000556716788656,0.0005575288762348593
1663.403205502352,1663.403205502352,1.000678616608989,0.0005573758564163323
1663.4101498739515,1663.4101498739515,1.0004509398352301,0.0005567341489719068
1663.4170942455391,1663.4170942455391,0.9993345362865865,0.0005560317157266642
1663.4240386171164,1663.4240386171164,0.9997670339537585,0.0005556774043675588
1663.430982988681,1663.430982988681,1.0011644685070036,0.0005556685254816064
1663.4379273602226,1663.4379273602226,1.0001238378630766,0.0005550706843232163
1663.4448717317523,1663.4448717317523,1.00001263804686,0.0005553637676027786
1663.4518161032822,1663.4518161032822,0.9997561377271398,0.0005547831630457617
1663.458760474789,1663.458760474789,0.9991299723621155,0.0005544657071091831
1663.4657048462955,1663.4657048462955,1.0001280538294721,0.0005541234154257133
1663.4726492177786,1663.4726492177786,1.000502628551057,0.0005545496840855072
1663.4795935892391,1663.4795935892391,1.0004202903599473,0.0005544527918651097
1663.4865379606993,1663.4865379606993,1.000134068444194,0.0005543085963342893
1663.4934823321473,1663.4934823321473,1.0000715376460814,0.0005539850956351236
1663.5004267035724,1663.5004267035724,0.9996544525338887,0.0005542868269888805
1663.5073710749862,1663.5073710749862,0.9990960959106608,0.0005543497375197662
1663.5143154463876,1663.5143154463876,1.0006873795916609,0.0005542681675260829
1663.521259817778,1663.521259817778,0.9993998155864213,0.0005541834521396704
1663.5282041891564,1663.5282041891564,0.9999710205769095,0.0005545977936144089
1663.5351485605122,1663.5351485605122,1.0000330853541537,0.0005543860612408796
1663.542092931902,1663.542092931902,0.999903461520953,0.0005545368376269745
1663.5490373031994,1663.5490373031994,1.0001465595653736,0.0005545815527661196
1663.555981674531,1663.555981674531,1.0009247374926749,0.0005550001351617154
1663.5629260458513,1663.5629260458513,1.0005976868762914,0.0005547603138040473
1663.5698704171482,1663.5698704171482,0.9993595557936221,0.0005550780195637637
1663.5768147884223,1663.5768147884223,1.0000948789151736,0.0005551030593541465
1663.5837591596967,1663.5837591596967,0.9999425330205675,0.0005551048336099372
1663.590703530958,1663.590703530958,0.9995844316426817,0.0005558449754430888
1663.597647902197,1663.597647902197,0.9994406354823117,0.0005563029951877053
1663.6045922734243,1663.6045922734243,0.9994840151761073,0.0005558601435691311
1663.6115366446404,1663.6115366446404,0.999558550757993,0.0005562561050660058
1663.6184810158552,1663.6184810158552,1.0003332408831143,0.0005568373279846777
1663.6254253870243,1663.6254253870243,1.0000188830857688,0.0005567072421004378
1663.6323697582052,1663.6323697582052,1.0004804403319651,0.000556998686307164
1663.6393141293513,1663.6393141293513,1.0006948834191425,0.0005573567898655588
1663.6462585005088,1663.6462585005088,1.0000385551585382,0.0005576162759094232
1663.6532028716424,1663.6532028716424,0.9995098091940842,0.0005572317596145963
1663.660147242753,1663.660147242753,0.9998127017511049,0.0005573100540386233
1663.667091613864,1663.667091613864,0.9992425376711047,0.0005580979487611101
1663.6740359849514,1663.6740359849514,1.000445515915266,0.0005577042179698577
1663.680980356039,1663.680980356039,0.9991705503735577,0.0005577787927165685
1663.6879247270917,1663.6879247270917,1.0003025015888407,0.0005578284997889007
1663.6948690981449,1663.6948690981449,1.0002111768430444,0.0005583678688888361
1663.7018134691739,1663.7018134691739,1.000426529979776,0.0005582747468136481
1663.7087578401915,1663.7087578401915,0.9996656110977054,0.0005578734894685158
1663.7157022111974,1663.7157022111974,1.0005182665299797,0.0005577673850776525
1663.7226465821918,1663.7226465821918,1.0000903948671422,0.0005580473585356519
1663.7295909531629,1663.7295909531629,1.0004408421244226,0.0005579579738828675
1663.7365353241337,1663.7365353241337,1.0001321801129373,0.0005575402912436553
1663.7434796950704,1663.7434796950704,0.9998179054426011,0.000557321277636659
1663.7504240660062,1663.7504240660062,0.9996714117376213,0.00055795622749026
1663.7573684369313,1663.7573684369313,0.999237491720675,0.0005572734904728488
1663.764312807844,1663.764312807844,1.0000078350531225,0.0005579689631786715
1663.771257178722,1663.771257178722,1.0003537788230425,0.0005577068122446153
1663.778201549588,1663.778201549588,1.0001722443751013,0.0005572783423867923
1663.7851459204544,1663.7851459204544,0.9999324182300656,0.0005570542228351819
1663.7920902912979,1663.7920902912979,1.0002089904290181,0.0005567944795924312
1663.799034662141,1663.799034662141,0.9995390655502435,0.0005565598181463372
1663.8059790329487,1663.8059790329487,1.00012852596586,0.000557033137251121
1663.8129234037685,1663.8129234037685,1.0000148267261646,0.000556419782709384
1663.81986777453,1663.81986777453,1.0004526518646835,0.000556395545478076
1663.8268121452916,1663.8268121452916,1.0009534286284334,0.0005562732736408963
1663.8337565160532,1663.8337565160532,0.9992628522818441,0.0005561373188876873
1663.8407008868144,1663.8407008868144,1.0006456126939862,0.000556114183585482
1663.8476452575414,1663.8476452575414,0.9993848639120719,0.0005559589057585346
1663.8545896282565,1663.8545896282565,0.9998714089043066,0.000555589042477131
1663.8615339989597,1663.8615339989597,1.0000051798825444,0.0005556657882339698
1663.8684783696401,1663.8684783696401,1.000706081367173,0.0005555897825465238
1663.8754227403083,1663.8754227403083,0.9997741361795764,0.0005560977893072862
1663.8823671109535,1663.8823671109535,1.0000325511638573,0.0005556451237997325
1663.8893114815987,1663.8893114815987,0.9995270469853447,0.0005552563243475561
1663.8962558522203,1663.8962558522203,1.0003308952731476,0.0005555462382254158
1663.903200222819,1663.903200222819,1.0003060478159322,0.0005554241456752469
1663.910144593418,1663.910144593418,0.9991378977217064,0.0005552598914577546
1663.917088963993,1663.917088963993,1.000146887671421,0.0005550769135004741
1663.924033334545,1663.924033334545,1.0002357180621542,0.0005544681591137984
1663.9309777050967,1663.9309777050967,1.0003948372620988,0.0005544052560550572
1663.9379220756255,1663.9379220756255,0.999989505443667,0.0005543181943896608
1663.9448664461427,1663.9448664461427,0.9999300405347775,0.0005537510394911804
1663.951810816648,1663.951810816648,1.0003095974496516,0.0005538598956167579
1663.958755187142,1663.958755187142,0.9996348160308693,0.0005532156499954075
1663.9656995576127,1663.9656995576127,0.9995757020066598,0.0005535440538814339
1663.9726439280366,1663.9726439280366,1.0000073025376328,0.0005528767920918294
1663.9795882984836,1663.9795882984836,1.000445280177715,0.0005527755630506503
1663.9865326689076,1663.9865326689076,0.999773736722571,0.0005522992247294775
1663.9934770393083,1663.9934770393083,1.0010834207068067,0.0005528434830738506
1664.0004214096975,1664.0004214096975,1.0007998441422017,0.0005517818112524663
1664.0073657800629,1664.0073657800629,0.9990031598926468,0.0005515269665174778
1664.0143101504286,1664.0143101504286,0.9994770689813987,0.0005511725098930185
1664.0212545207712,1664.0212545207712,0.9996780750145511,0.0005508349178207746
1664.0281988911022,1664.0281988911022,0.9998495968776506,0.0005507037468298927
1664.0351432613982,1664.0351432613982,1.000760179115812,0.0005499323320993634
1664.0420876317053,1664.0420876317053,1.0000695672608093,0.0005500957044963724
1664.049032001978,1664.049032001978,1.0005845075503612,0.0005499014802503953
1664.055976372239,1664.055976372239,0.9997331247207983,0.0005493483923894032
1664.0629207424768,1664.0629207424768,1.0006533321970883,0.0005495264233055894
1664.0698651127034,1664.0698651127034,0.9993852774201242,0.0005489528424931258
1664.076809482929,1664.076809482929,0.9994231628665879,0.0005496038444747225
1664.087642700409,1664.087642700409,1.0011064580572113,0.0005490801502988978
1664.1004203415275,1664.1004203415275,0.9988000505361523,0.0005481586536658645
1664.1073647116602,1664.1073647116602,0.9998283045886884,0.0005483885765370742
1664.1143090817816,1664.1143090817816,1.0005529437414404,0.0005481289791402561
1664.1212534518916,1664.1212534518916,0.9998646430935694,0.0005477304635410514
1664.1281978219897,1664.1281978219897,0.9999954949117882,0.0005480587198602813
1664.136808840872,1664.136808840872,1.000237411984553,0.0005478762259247289
1664.1451420849248,1664.1451420849248,1.0000435570187611,0.0005476449348056644
1664.153197554158,1664.153197554158,1.0003328180594402,0.0005476905469240976
1664.1601419241863,1664.1601419241863,0.9999059328294748,0.0005478567384047372
1664.1670862941796,1664.1670862941796,1.0004994420378552,0.0005475159941837463
1664.174030664161,1664.174030664161,0.9995008961562458,0.0005474129230603699
1664.1812528089154,1664.1812528089154,0.9997069885198385,0.0005473224977614685
1664.1904193772493,1664.1904193772493,1.000712302412261,0.0005472772219395428
1664.1976415219565,1664.1976415219565,0.99941086340495,0.0005469119157337863
1664.204585891845,1664.204585891845,0.9999054937747435,0.000546893134293925
1664.211530261733,1664.211530261733,1.0004012335311891,0.0005470228736034379
1664.218474631622,1664.218474631622,0.9998536960784519,0.0005474296018492269
1664.225419001475,1664.225419001475,1.0002006153733278,0.0005470219446291625
1664.2323633713172,1664.2323633713172,0.9996137383530017,0.0005470227173559432
1664.2393077411361,1664.2393077411361,0.9997403215891338,0.0005472314700733236
1664.2462521109428,1664.2462521109428,1.0001294753129848,0.0005473403065166123
1664.2531964807154,1664.2531964807154,0.9998011137757258,0.0005472725922456252
1664.2601408504866,1664.2601408504866,1.0005591670450982,0.0005472506381921304
1664.267085220247,1664.267085220247,0.9996563580041627,0.000546927354380451
1664.274029589961,1664.274029589961,0.9996433174352912,0.0005469977498458406
1664.2809739596748,1664.2809739596748,1.0009378100636135,0.000547086210169965
1664.2879183293771,1664.2879183293771,1.0001438130850484,0.0005469257461907125
1664.2948626990444,1664.2948626990444,0.9998222337064725,0.0005466817418280405
1664.3018070687117,1664.3018070687117,0.9998449328368384,0.0005465605932945413
1664.3087514383556,1664.3087514383556,1.0002424141161144,0.0005465500452132256
1664.3156958079646,1664.3156958079646,0.999732855255683,0.0005463772627208365
1664.3226401775617,1664.3226401775617,0.9997221669831948,0.0005460314435118978
1664.3295845471596,1664.3295845471596,0.9989319536720673,0.0005458013588559875
1664.336528916745,1664.336528916745,1.000557137525434,0.0005457556877304009
1664.3434732862959,1664.3434732862959,1.0007538080436174,0.0005456187147688332
1664.350417655824,1664.350417655824,1.0001371790618712,0.0005458487630031261
1664.3573620253396,1664.3573620253396,0.999629255290387,0.0005451981954110426
1664.3643063948323,1664.3643063948323,1.00044920364245,0.0005450879457366649
1664.3712507643245,1664.3712507643245,0.9999383725755486,0.0005447361030446378
1664.3781951337708,1664.3781951337708,0.9997086422507483,0.0005446986899034242
1664.3851395032284,1664.3851395032284,1.0003012310212571,0.0005446692545686283
1664.3920838726397,1664.3920838726397,0.9992321847543157,0.0005441508196028886
1664.399028242051,1664.399028242051,0.9999497413683034,0.0005437712086652024
1664.4059726114388,1664.4059726114388,0.9996913827783015,0.0005438816880887191
1664.4129169808032,1664.4129169808032,1.001108788773005,0.000543837972843703
1664.4209724492569,1664.4209724492569,0.9999974812609145,0.0005432762128165415
1664.4281945933476,1664.4281945933476,0.9996531953718903,0.0005431251326287769
1664.4351389626536,1664.4351389626536,1.0000400429868423,0.00054300384041358
1664.4420833319596,1664.4420833319596,1.0013172554051013,0.0005421681186823815
1664.4490277012078,1664.4490277012078,0.999730501464916,0.0005421849327356965
1664.455972070468,1664.455972070468,1.0005275373280214,0.0005423585206501122
1664.4629164397047,1664.4629164397047,0.9995222714757134,0.0005421225678545841
1664.4698608089177,1664.4698608089177,1.0002196288995513,0.0005424051164979322
1664.4768051781077,1664.4768051781077,0.999207026202431,0.0005413945963195524
1664.4837495472862,1664.4837495472862,1.0000174593131395,0.0005415970743116928
1664.4906939164407,1664.4906939164407,1.0000856311422954,0.0005413112644649242
1664.4976382855723,1664.4976382855723,0.9998709868347209,0.0005413080998129473
1664.5045826546927,1664.5045826546927,1.0001393901630435,0.0005413620113156494
1664.5115270237898,1664.5115270237898,0.9995720094604575,0.0005409372347970533
1664.518471392875,1664.518471392875,1.0015355850291452,0.0005411355240625114
1664.5259713114579,1664.5259713114579,0.9993719725946473,0.0005408098363840649
1664.5337490047666,1664.5337490047666,0.9998305171593007,0.0005404394028477722
1664.540693373782,1664.540693373782,0.9993467434023323,0.000540537766103057
1664.5481932923067,1664.5481932923067,0.999976071260468,0.0005402613899370696
1664.5559709855575,1664.5559709855575,1.0001648119612547,0.0005405958555408972
1664.5629153545026,1664.5629153545026,1.0002333928179723,0.0005404493213584746
1664.5698597234373,1664.5698597234373,1.0006049841613824,0.0005404330826389636
1664.5779151913666,1664.5779151913666,1.0000267526961686,0.0005401150521656267
1664.5851373350263,1664.5851373350263,1.0003420655625628,0.0005406225557077307
1664.5920817039016,1664.5920817039016,0.9994145541757529,0.000540469502821473
1664.5990260727424,1664.5990260727424,1.000217792021084,0.0005402402167793165
1664.6059704415716,1664.6059704415716,0.9997982901341015,0.0005401184777250946
1664.6129148103657,1664.6129148103657,1.0000788250338395,0.0005399667907903038
1664.62013695392,1664.62013695392,0.9999079511707405,0.0005396115001858569
1664.6281924216873,1664.6281924216873,1.0001357159891624,0.0005397417226189955
1664.6351367904113,1664.6351367904113,0.9989255995294245,0.000539285269803421
1664.642081159136,1664.642081159136,0.9995341736861236,0.0005390600734616185
1664.64902552786,1664.64902552786,1.000493324860788,0.0005391684223534703
1664.6559698965261,1664.6559698965261,1.000511930791677,0.0005385670292345608
1664.664025364165,1664.664025364165,1.0004982918003018,0.0005380741754280037
1664.672636381266,1664.672636381266,1.0003961796916916,0.0005378716283133656
1664.679580749886,1664.679580749886,0.999829345930619,0.0005373785604294568
1664.6865251184706,1664.6865251184706,0.9995697532064547,0.0005373999355188862
1664.6934694870438,1664.6934694870438,1.0003288300267303,0.0005372584742323181
1664.7004138555817,1664.7004138555817,0.9998744187107382,0.0005369616818287971
1664.7073582241196,1664.7073582241196,0.9993927805663416,0.000536115242317737
1664.7143025926227,1664.7143025926227,1.0002344930444271,0.0005362499626799772
1664.7212469611027,1664.7212469611027,0.999550638467186,0.0005359232994241027
1664.7281913295706,1664.7281913295706,1.000540407068391,0.0005358502955570379
1664.735135698004,1664.735135698004,1.0000367467532654,0.0005356133602556161
1664.7420800664374,1664.7420800664374,0.9996414156293808,0.0005345589713235298
1664.7490244348242,1664.7490244348242,0.9998466035871892,0.0005345821924931176
1664.7559688032106,1664.7559688032106,0.9997308977270061,0.0005342409153416305
1664.7629131715626,1664.7629131715626,1.0010659998935485,0.000533995100029834
1664.7698575398906,1664.7698575398906,1.0000384622632157,0.0005334131630210317
1664.7795796555226,1664.7795796555226,0.9994563933975893,0.0005330333957927775
1664.7865240238048,1664.7865240238048,0.9994596537076099,0.00053250914214047
1664.793468392063,1664.793468392063,1.0003102680712217,0.000532641475681572
1664.8004127603103,1664.8004127603103,0.9992779643584175,0.000532010375140135
1664.8073571285108,1664.8073571285108,0.9998111225343326,0.0005315113247250688
1664.8143014966997,1664.8143014966997,1.0004465681577785,0.0005315565080531628
1664.8212458648886,1664.8212458648886,1.000519345623988,0.0005314459188209243
1664.8281902330302,1664.8281902330302,0.9999922569235515,0.0005306498099654333
1664.8351346011611,1664.8351346011611,0.9996125165443569,0.0005301776422893974
1664.8420789692566,1664.8420789692566,1.0003810708071894,0.0005298854113899024
1664.8504122109462,1664.8504122109462,0.999890382596288,0.0005299713724310916
1664.8573565790066,1664.8573565790066,0.999705001473002,0.0005291671750182565
1664.8643009470325,1664.8643009470325,1.0002548312540693,0.0005290530294161277
1664.8712453150467,1664.8712453150467,0.9997478374797206,0.0005287390586186599
1664.878189683026,1664.878189683026,1.0000703988917221,0.0005287065037333529
1664.885134051005,1664.885134051005,0.999957822572944,0.000528463654826278
1664.8920784189377,1664.8920784189377,0.999804076841523,0.000528023660583532
1664.8995783362866,1664.8995783362866,0.9999016601001305,0.0005278903646371051
1664.9073560283384,1664.9073560283384,1.0004546912030226,0.0005279489568888061
1664.9143003961897,1664.9143003961897,1.0001509622601954,0.000527525617878682
1664.9212447640407,1664.9212447640407,0.9997428738213697,0.0005279220354998446
1664.9281891318456,1664.9281891318456,1.000090591739592,0.0005270755975303508
1664.93513349965,1664.93513349965,0.9998877918316916,0.0005267781892065315
1664.9420778674198,1664.9420778674198,1.0005528080955575,0.0005270467560281529
1664.9490222351774,1664.9490222351774,0.999380831409999,0.0005264132279748267
1664.9559666029006,1664.9559666029006,1.0000648344553924,0.0005264276159724841
1664.9629109706007,1664.9629109706007,0.9999978836149526,0.0005262075966383332
1664.9698553382773,1664.9698553382773,1.0000995923771583,0.0005256897428733341
1664.976799705942,1664.976799705942,1.0002198945857295,0.0005263775902981689
1664.9837440735603,1664.9837440735603,0.9997172528581121,0.0005255342897659274
1664.9906884411557,1664.9906884411557,0.9999780735470971,0.0005251820224686593
1664.9976328087737,1664.9976328087737,1.0003882279825178,0.0005250236964935635
1665.0045771763344,1665.0045771763344,0.9990798098041115,0.0005249609701420618
1665.0115215438357,1665.0115215438357,0.9996054792527689,0.0005251184758083109
1665.0184659113606,1665.0184659113606,0.9996427046919315,0.0005245494607632982
1665.02541027884,1665.02541027884,1.0001346837941267,0.0005247195511745406
1665.0323546463067,1665.0323546463067,1.0004344545955786,0.0005250183286833433
1665.0392990137389,1665.0392990137389,1.0004294397593623,0.0005247114394676853
1665.0462433811595,1665.0462433811595,1.0003079419221212,0.0005241470323825158
1665.0531877485332,1665.0531877485332,0.9991722278194569,0.000523838183285695
1665.060132115907,1665.060132115907,0.99963337631996,0.0005239816405568659
1665.067076483246,1665.067076483246,1.0002217791526333,0.0005238357876663477
1665.0740208505497,1665.0740208505497,0.9997789546671395,0.000523867426212949
1665.0809652178657,1665.0809652178657,1.0006682740315005,0.0005239405081148485
1665.0879095851117,1665.0879095851117,1.0002946790010436,0.0005235484664996973
1665.0948539523456,1665.0948539523456,0.9997095796287134,0.0005235886810939251
1665.1017983195566,1665.1017983195566,1.0003369979593368,0.000523398143807281
1665.108742686744,1665.108742686744,1.0003225112576508,0.0005240628232184426
1665.115687053909,1665.115687053909,0.9996095673616423,0.0005235581549263189
1665.122631421026,1665.122631421026,0.9992169259721215,0.0005233140198759807
1665.129575788155,1665.129575788155,1.0002668767707419,0.0005230621714917198
1665.1365201552385,1665.1365201552385,0.9997749470180823,0.0005232900438025787
1665.143464522298,1665.143464522298,0.9997278157430489,0.0005228742088342936
1665.1504088893348,1665.1504088893348,1.0005828674370423,0.0005231812640102167
1665.1573532563355,1665.1573532563355,1.0004238027634726,0.0005230142146868778
1665.1642976233256,1665.1642976233256,0.9996110825829245,0.0005229719200544913
1665.1712419902688,1665.1712419902688,0.999548867112798,0.0005228644582987459
1665.1781863572,1665.1781863572,1.0000540493177168,0.0005227345296743812
1665.1851307241081,1665.1851307241081,0.9999382575594977,0.0005226369984592296
1665.1920750909808,1665.1920750909808,1.0007738415188416,0.0005228376336054644
1665.199019457843,1665.199019457843,1.0007375571884949,0.0005228673268903303
1665.2059638246585,1665.2059638246585,0.9997981547283976,0.0005228898085094879
1665.2129081914616,1665.2129081914616,0.9987952656021232,0.0005221914802818376
1665.2198525582185,1665.2198525582185,1.0006603395468754,0.0005226442810567519
1665.2267969249751,1665.2267969249751,1.0001215448623584,0.0005226050309306315
1665.2337412916743,1665.2337412916743,0.9994248884812553,0.0005227021902189197
1665.240685658361,1665.240685658361,1.0000502618681961,0.0005226467847614548
1665.2476300250364,1665.2476300250364,0.9995339819157991,0.0005223429486863899
1665.2545743916648,1665.2545743916648,0.999621801646488,0.0005222895656407612
1665.2615187582821,1665.2615187582821,0.9997115115796256,0.0005225017189213168
1665.2684631248649,1665.2684631248649,0.9999155438391201,0.000522613993543115
1665.2754074914005,1665.2754074914005,0.999806652939556,0.0005226933782510305
1665.282351857936,1665.282351857936,0.9998357813827863,0.0005223687882705893
1665.2892962244364,1665.2892962244364,1.0005714406209407,0.0005222500070871949
1665.3179070138717,1665.3179070138717,1.000208912594526,0.0005224393486406178
1665.3573510146284,1665.3573510146284,1.000059786566764,0.0005223743418942376
1665.3642953808262,1665.3642953808262,0.9998771221228502,0.0005221974912382941
1665.3712397469894,1665.3712397469894,0.9997673045118353,0.0005229068203341299
1665.378184113118,1665.378184113118,0.9998817452054292,0.0005224687477860218
1665.385128479223,1665.385128479223,0.9999027681162526,0.0005223451445685423
1665.3920728453045,1665.3920728453045,1.0002851842972234,0.0005228542751165343
1665.3990172113513,1665.3990172113513,1.0000385854879192,0.000522369831444439
1665.4059615773745,1665.4059615773745,1.0000758962171472,0.0005222849697989705
1665.412905943363,1665.412905943363,0.9997034735188984,0.0005217500361457074
1665.419850309328,1665.419850309328,0.9995594984185334,0.0005224160248298532
1665.4267946752473,1665.4267946752473,1.00063842503048,0.0005223351180412956
1665.433739041154,1665.433739041154,1.0003810422612014,0.0005221705964307728
1665.4406834070148,1665.4406834070148,1.0003859311163985,0.0005221314897962683
1665.4476277728754,1665.4476277728754,0.9998354595217446,0.0005219377811666912
1665.4545721386773,1665.4545721386773,0.9998992131836871,0.0005222842388876154
1665.4615165044565,1665.4615165044565,0.9994240200015396,0.0005219032410456604
1665.4684608702005,1665.4684608702005,0.9997733836020413,0.0005228938928376961
1665.475405235921,1665.475405235921,1.0003444876853504,0.0005230261388479054
1665.4823496016186,1665.4823496016186,1.0001114328477532,0.0005221786268847223
1665.4892939672695,1665.4892939672695,1.000391069890171,0.0005225819847720413
1665.496238332909,1665.496238332909,0.9997081503458857,0.0005223305011708346
1665.5031826985019,1665.5031826985019,0.9999827560764591,0.0005223396007273369
1665.510127064048,1665.510127064048,0.999682148346453,0.0005221694792835589
1665.5170714295705,1665.5170714295705,0.9998236101248373,0.0005225974042929417
1665.5240157950934,1665.5240157950934,1.0003238694944447,0.0005223883400437928
1665.5309601605695,1665.5309601605695,0.9999420312251784,0.0005221592108159451
1665.5379045260229,1665.5379045260229,1.0006953620947474,0.0005224576800460659
1665.5448488914176,1665.5448488914176,0.9997865020756089,0.0005225010689893863
1665.5517932568005,1665.5517932568005,0.9995095022009508,0.000522378075188206
1665.558737622149,1665.558737622149,0.9998672039693183,0.0005221630031398922
1665.5656819874625,1665.5656819874625,1.0005666149692507,0.0005224735379297901
1665.5726263527526,1665.5726263527526,0.9994652330759726,0.0005227826107569854
1665.5795707179957,1665.5795707179957,1.0000889674376399,0.0005223034306665943
1665.5865150832276,1665.5865150832276,0.9999028759238253,0.0005223419302069597
1665.5934594484013,1665.5934594484013,0.999625495126694,0.0005223494814147777
1665.6004038135518,1665.6004038135518,1.0001189379491744,0.0005221050662957696
1665.6073481786784,1665.6073481786784,1.0007456243662962,0.0005224955185081578
1665.6142925437591,1665.6142925437591,1.0001429388820355,0.0005225035204965205
1665.6212369088285,1665.6212369088285,1.0005280523426967,0.00052274260674152
1665.6281812738503,1665.6281812738503,0.9994589351430323,0.000522476189981225
1665.6351256388377,1665.6351256388377,0.9996005638093568,0.0005224122938847314
1665.642070003802,1665.642070003802,0.999836300932096,0.0005221987127302962
1665.6490143687192,1665.6490143687192,0.9996764639636773,0.0005221504047849869
1665.655958733602,1665.655958733602,1.0000441876582076,0.0005224995328309164
1665.6629030984725,1665.6629030984725,1.0007476072948587,0.0005223324955879174
1665.6698474632854,1665.6698474632854,0.9995697181779757,0.0005226129092074635
1665.6767918280748,1665.6767918280748,0.9998192020115064,0.0005223792075904923
1665.6837361928297,1665.6837361928297,1.0002993711981751,0.0005222101199262178
1665.690680557549,1665.690680557549,1.0003166750984038,0.0005224323746337259
1665.6976249222225,1665.6976249222225,0.9997971621746945,0.0005224592348891718
1665.704569286872,1665.704569286872,0.9999798111963518,0.0005223043539491142
1665.71151365151,1665.71151365151,1.0001622591543295,0.0005224629383853094
1665.7184580160902,1665.7184580160902,1.0005692944983455,0.0005222232373025992
1665.725402380646,1665.725402380646,0.9994674525823296,0.0005224623393087635
1665.732346745168,1665.732346745168,0.9995455681033519,0.0005221365230268304
1665.7392911096317,1665.7392911096317,0.9998295961475632,0.0005222409436341016
1665.7462354740837,1665.7462354740837,1.0010615123375513,0.0005224129316921476
1665.7531798384891,1665.7531798384891,0.9993118197728602,0.0005224068989705563
1665.7601242028475,1665.7601242028475,0.9999867203683104,0.0005224424715770822
1665.7670685672063,1665.7670685672063,1.0008528459693087,0.0005223408456043543
1665.7740129315184,1665.7740129315184,1.0000531266371397,0.0005223801726610455
1665.7809572957842,1665.7809572957842,0.9997081358048481,0.0005223123158533306
1665.787901660003,1665.787901660003,0.9997023283257127,0.0005226254507285516
1665.79484602421,1665.79484602421,1.000852465402135,0.0005225168784039342
1665.8017903883713,1665.8017903883713,0.9996496399864322,0.0005225787919211507
1665.8087347524859,1665.8087347524859,1.0001118870814554,0.0005232162622987117
1665.8156791165534,1665.8156791165534,0.9993507142565058,0.0005221222524764582
1665.8226234806207,1665.8226234806207,1.0000358895693107,0.0005223230152068249
1665.8295678446418,1665.8295678446418,0.9990291693618408,0.0005222619379885424
1665.8365122086166,1665.8365122086166,1.0004456498884697,0.0005225389528691715
1665.8434565725443,1665.8434565725443,1.0007364309748206,0.0005223429548200793
1665.8504009364606,1665.8504009364606,1.000223393455637,0.0005223463128575465
1665.8573453003305,1665.8573453003305,1.0004223944098372,0.0005223855481250491
1665.864289664154,1665.864289664154,0.9997048558442756,0.0005223161795385633
1665.8712340279308,1665.8712340279308,1.0008164125961803,0.0005221188166841065
1665.878178391707,1665.878178391707,0.9990729791688091,0.0005222061091239863
1665.8851227554137,1665.8851227554137,0.9996368176712389,0.0005223258361326835
1665.8920671190858,1665.8920671190858,0.9998398931748035,0.0005220537307931217
1665.8990114827343,1665.8990114827343,0.9999390629315007,0.0005220155133028461
1665.9059558463246,1665.9059558463246,1.0003383605609177,0.000522228586813431
1665.9129002098914,1665.9129002098914,1.0001917989366187,0.000522348403407892
1665.9198445734237,1665.9198445734237,0.9997912166868745,0.000522374585503864
1665.9267889369098,1665.9267889369098,1.0003746755179537,0.0005227141857065243
1665.9337333003484,1665.9337333003484,0.9995763178506752,0.0005222303302279799
1665.9406776637527,1665.9406776637527,0.9999658136116457,0.0005220977421561754
1665.9476220271215,1665.9476220271215,0.9998897773735406,0.0005224462673099642
1665.954566390456,1665.954566390456,1.0000820990181194,0.0005221821756033337
1665.9615107537436,1665.9615107537436,1.0004022709401965,0.0005223684739946022
1665.9684551169848,1665.9684551169848,0.9999854443811251,0.0005223689941925519
1665.975399480214,1665.975399480214,0.9997752907407109,0.0005219979352686867
1665.9823438433625,1665.9823438433625,0.9997525081408053,0.0005224708756840487
1665.989288206499,1665.989288206499,1.0003975554519209,0.0005222908581308312
1665.9962325695767,1665.9962325695767,0.999846037112696,0.000522496148670324
1666.0031769326317,1666.0031769326317,0.9993234455500396,0.0005220525936193844
1666.0101212956401,1666.0101212956401,0.9999703856271076,0.0005224384473234611
1666.0170656586135,1666.0170656586135,1.0003495997848124,0.00052252135715339
1666.0240100215287,1666.0240100215287,1.0000902706920916,0.0005226823084264232
1666.0309543844317,1666.0309543844317,0.9998681289925061,0.0005224925621597369
1666.0378987472657,1666.0378987472657,0.9996508097839347,0.0005224235985095179
1666.044843110065,1666.044843110065,1.0002071724530341,0.0005225906083796708
1666.0517874728284,1666.0517874728284,0.9999302037646908,0.0005225895674719997
1666.0587318355458,1666.0587318355458,1.0000489215174178,0.0005225593927437404
1666.0656761982277,1666.0656761982277,1.000101992502373,0.0005224170211708336
1666.0726205608637,1666.0726205608637,0.9998485521927701,0.0005222920916034589
1666.0795649234528,1666.0795649234528,0.9997660686140175,0.0005225811797817981
1666.0865092860072,1666.0865092860072,1.0009342302038562,0.0005226852465779204
1666.0934536485147,1666.0934536485147,1.0000622470918121,0.0005227661926265982
1666.1003980109756,1666.1003980109756,0.9999303726795924,0.0005229858867140905
1666.1073423733906,1666.1073423733906,1.0001702770107668,0.0005224002482700212
1666.114286735782,1666.114286735782,0.9995594996182525,0.0005227272744581307
1666.1212310981034,1666.1212310981034,1.0001442283576623,0.000522379271718188
1666.1281754604129,1666.1281754604129,1.0005550327458974,0.0005227483131843824
1666.1351198226535,1666.1351198226535,1.0001186372413478,0.0005225242078841075
1666.1420641848465,1666.1420641848465,0.9998419571378335,0.0005224172765174168
1666.1490085470164,1666.1490085470164,0.9996657719043537,0.0005222585192776894
1666.1559529091398,1666.1559529091398,0.999900133151101,0.0005228445331251068
1666.162897271217,1666.162897271217,1.000560951020726,0.000522565084461252
1666.1698416332479,1666.1698416332479,0.9992180269640054,0.0005220519703212298
1666.1767859952197,1666.1767859952197,0.9996862178370417,0.0005224010985831535
1666.183730357157,1666.183730357157,1.0003745512722437,0.0005229456576597439
1666.1906747190592,1666.1906747190592,0.9998191165710288,0.0005227687039685848
1666.197619080892,1666.197619080892,1.0007791146288445,0.0005224657833322654
1666.2045634427009,1666.2045634427009,1.0002704455535756,0.0005223704465863908
1666.2115078044403,1666.2115078044403,1.0001335577725006,0.000522559920984399
1666.2184521661675,1666.2184521661675,0.9994800003410294,0.0005225058831186976
1666.2253965278373,1666.2253965278373,0.9997265334457304,0.0005222289601520263
1666.2323408894376,1666.2323408894376,0.9995532620165616,0.0005225030801331602
1666.2392852510252,1666.2392852510252,0.9999897089873908,0.0005224088987004049
1666.2462296125552,1666.2462296125552,1.0003902781544924,0.0005229701635616753
1666.2531739740036,1666.2531739740036,1.000087099925879,0.0005225711960968442
1666.2601183354516,1666.2601183354516,1.0011906600919291,0.0005231398190588657
1666.2670626968418,1666.2670626968418,0.9997089743195519,0.0005224088837451329
1666.2740070581851,1666.2740070581851,1.0003529368770754,0.000522945863799211
1666.2809514194705,1666.2809514194705,0.9996810555111209,0.0005221182239310931
1666.2878957807093,1666.2878957807093,0.9997455880019757,0.000522762679767659
1666.2948401419137,1666.2948401419137,0.9997417531593158,0.0005221335606632803
1666.3017845030477,1666.3017845030477,1.00025890357911,0.0005228007978246534
1666.3087288641582,1666.3087288641582,0.9988789533691433,0.000522008235845336
1666.3156732251875,1666.3156732251875,1.0008739534613205,0.0005225713630346318
1666.3226175861932,1666.3226175861932,1.0006084596223732,0.0005229613858300293
1666.3295619471526,1666.3295619471526,0.9999725344420239,0.0005224351281535376
1666.336506308065,1666.336506308065,1.0001635293181743,0.0005222254959025894
1666.3434506689086,1666.3434506689086,0.9999137494901964,0.0005224887376509243
1666.3503950297047,1666.3503950297047,0.9996224830742358,0.0005225200492922679
1666.3573393904667,1666.3573393904667,1.0003220654185685,0.0005225310419340625
1666.3642837511584,1666.3642837511584,0.9997877050993939,0.0005220652699502975
1666.3712281118146,1666.3712281118146,0.9997682034456707,0.0005224912508826087
1666.3781724724365,1666.3781724724365,1.0003806936156039,0.0005225817411339198
1666.3851168329652,1666.3851168329652,0.9997024468230297,0.0005224454968703829
1666.392061193482,1666.392061193482,1.000129044343899,0.0005226611042442029
1666.3990055539293,1666.3990055539293,1.0002161479504388,0.0005225653802752421
1666.4059499143182,1666.4059499143182,0.9996049185761982,0.0005230176319634879
1666.4128942746725,1666.4128942746725,1.0002471384549854,0.0005228563117846536
1666.4198386349683,1666.4198386349683,0.9997981490408824,0.0005222603897867276
1666.4267829952175,1666.4267829952175,0.9990191137768638,0.0005222942122456574
1666.4337273553967,1666.4337273553967,1.00026497867886,0.0005222480527907587
1666.4406717155412,1666.4406717155412,1.0003703209535226,0.0005225200156573185
1666.4476160756271,1666.4476160756271,0.9998974246412823,0.0005223861082418651
1666.4545604356674,1666.4545604356674,1.0003676916083382,0.0005221014436056872
1666.461504795637,1666.461504795637,1.0003848273411864,0.0005223381757820816
1666.4684491555836,1666.4684491555836,1.0006881095215352,0.0005224949510072393
1666.4753935154488,1666.4753935154488,0.999814504308105,0.0005226403737442031
1666.482337875279,1666.482337875279,0.9994654524182174,0.0005225137312100272
1666.4892822350278,1666.4892822350278,0.9999975483311806,0.0005228478578799425
1666.4962265947531,1666.4962265947531,0.9998025490480362,0.0005224768090959175
1666.5031709544085,1666.5031709544085,1.0007337572255899,0.0005223618658419949
1666.5101153140174,1666.5101153140174,0.9992065310805145,0.0005224053370783071
1666.5170596735566,1666.5170596735566,0.9994265354673164,0.000522172099008349
1666.5240040330493,1666.5240040330493,1.0002081151447548,0.0005223911794359435
1666.5309483924716,1666.5309483924716,1.000343757368541,0.0005224924603352781
1666.537892751871,1666.537892751871,1.0001557866846154,0.0005221818291412312
1666.5448371112125,1666.5448371112125,0.9992109631258816,0.0005225157794663883
1666.551781470484,1666.551781470484,1.000227985130661,0.0005225202620457224
1666.558725829697,1666.558725829697,1.000466203507926,0.0005222251198045379
1666.5656701888288,1666.5656701888288,1.0004707018919752,0.0005221654052547036
1666.5726145479487,1666.5726145479487,0.999841303191524,0.0005225115802933039
1666.57955890701,1666.57955890701,0.9997617843027283,0.0005223535084484398
1666.5865032659908,1666.5865032659908,0.9999565728351401,0.000522439657330292
1666.5934476249245,1666.5934476249245,0.9996676533519253,0.0005225207615544421
1666.600391983788,1666.600391983788,1.000502399836946,0.0005223477539774244
1666.6073363426174,1666.6073363426174,0.9994670487876043,0.0005222228082484302
1666.614280701365,1666.614280701365,1.0003833208715198,0.0005222435398093794
1666.6212250600777,1666.6212250600777,0.9999662107534559,0.0005227243020358328
1666.6281694187205,1666.6281694187205,0.9994599593039231,0.0005223679497453168
1666.635113777293,1666.635113777293,1.0005778269185663,0.0005224600645582027
1666.6420581358307,1666.6420581358307,1.0000957132993515,0.0005222299690643222
1666.6490024942873,1666.6490024942873,0.999923196042215,0.0005223542936138917
1666.6559468526855,1666.6559468526855,1.000037590428697,0.0005220814012212931
1666.6628912110493,1666.6628912110493,0.9997808094370061,0.0005224931517203517
1666.6698355693425,1666.6698355693425,0.9999996520290019,0.0005220705998329085
1666.676779927555,1666.676779927555,1.0002720170394215,0.0005224961266099926
1666.68372428572,1666.68372428572,1.000322083806915,0.0005220871577119709
1666.690668643827,1666.690668643827,0.9991231805894412,0.0005220477670327503
1666.697613001876,1666.697613001876,0.9998624278704831,0.0005223278749639451
1666.7045573598784,1666.7045573598784,1.0007947368281438,0.0005228027375938158
1666.711501717776,1666.711501717776,0.9999599821619866,0.0005223143404555989
1666.7184460756387,1666.7184460756387,0.9997118839466032,0.0005223472612997439
1666.7253904334316,1666.7253904334316,1.00011759137375,0.0005225601432139841
1666.7323347911783,1666.7323347911783,1.000242408360855,0.0005227501775130545
1666.739279148843,1666.739279148843,0.9999075028956055,0.0005226687672150121
1666.7462235064734,1666.7462235064734,0.9998801952185954,0.0005223918160752363
1666.7531678640094,1666.7531678640094,0.9999197886818614,0.0005222515350777513
1666.7601122215115,1666.7601122215115,0.9997917985264386,0.0005226346528613101
1666.7670565789201,1666.7670565789201,1.0003892201405153,0.0005224138172124697
1666.7740009362944,1666.7740009362944,1.0008921231404508,0.0005226502448147733
1666.780945293586,1666.780945293586,0.9995017583527096,0.0005226125831319821
1666.7878896508203,1666.7878896508203,1.0001345665557022,0.0005225198430210398
1666.7948340079852,1666.7948340079852,0.9997945689983609,0.0005223866211322327
1666.801778365091,1666.801778365091,0.9993252427643959,0.000522150775097319
1666.8087227221386,1666.8087227221386,1.000387703744812,0.0005225584246323432
1666.815667079093,1666.815667079093,1.0005385906427209,0.000522225793842788
1666.8226114360132,1666.8226114360132,1.0002070181174163,0.0005224072587382224
1666.8295557928395,1666.8295557928395,1.0004331119790106,0.0005228002979182691
1666.8365001496313,1666.8365001496313,1.0008268989732891,0.0005225930855328749
1666.8434445063417,1666.8434445063417,0.9999289711392375,0.0005223674481117959
1666.8503888629934,1666.8503888629934,0.9994472021046045,0.0005222468075454994
1666.8573332195876,1666.8573332195876,0.9999132325533248,0.0005222557240798245
1666.8642775761,1666.8642775761,0.9999857286904152,0.0005226503350646043
1666.871221932542,1666.871221932542,0.9997357925778434,0.0005226157401843049
1666.8781662889148,1666.8781662889148,1.000420150110897,0.0005223162232635122
1666.885110645241,1666.885110645241,1.0003789053007819,0.0005222508356997615
1666.8920550014623,1666.8920550014623,0.9995017912340751,0.0005221267960511097
1666.8989993576597,1666.8989993576597,0.9998260336755062,0.0005222634581918142
1666.9059437137767,1666.9059437137767,1.0001824787889262,0.0005222158163358663
1666.912888069823,1666.912888069823,0.9998324367496325,0.0005221788856611075
1666.919832425777,1666.919832425777,0.999921679934541,0.0005223922223774754
1666.9267767816953,1666.9267767816953,1.0003447344855323,0.0005226269450257172
1666.9337211375446,1666.9337211375446,1.0004037392031777,0.0005221550080812741
1666.9406654933114,1666.9406654933114,0.9997201359194345,0.0005223386876375897
1666.9476098490209,1666.9476098490209,1.0006066065547201,0.0005224145161329499
1666.9545542046483,1666.9545542046483,0.9997187718772065,0.0005221876748321997
1666.9614985602057,1666.9614985602057,0.999716557775211,0.0005226909342819893
1666.9684429157048,1666.9684429157048,0.9996625584340407,0.0005224450232729893
1666.975387271123,1666.975387271123,0.9996499324402673,0.0005225429467342092
1666.9823316264833,1666.9823316264833,1.0006205693532493,0.0005224387943664722
1666.9892759817617,1666.9892759817617,0.9998634669691953,0.0005225431748082494
1666.99622033697,1666.99622033697,0.9998967324171761,0.0005226169442255269
1667.0031646921202,1667.0031646921202,1.0002257904827532,0.0005222429800332163
1667.010109047189,1667.010109047189,1.0006053096830556,0.0005223883099743199
1667.0170534021995,1667.0170534021995,0.9999022861849454,0.000522176856547442
1667.0239977571168,1667.0239977571168,0.9995598664323072,0.0005221407881386799
1667.0309421119873,1667.0309421119873,1.0009363954724653,0.0005224418645630707
1667.0378864667887,1667.0378864667887,0.9998171636106361,0.0005223192974276479
1667.0448308214968,1667.0448308214968,1.0007889310758604,0.0005224463584112219
1667.0517751761352,1667.0517751761352,1.0002858871123443,0.0005222197338753782
1667.0587195307144,1667.0587195307144,1.0001851296419961,0.0005225204709024713
1667.0656638852247,1667.0656638852247,0.9992020108077921,0.0005223450709995294
1667.072608239653,1667.072608239653,1.0002121631438547,0.0005224584639832086
1667.0795525940116,1667.0795525940116,1.0006529264529092,0.0005223621697785577
1667.0864969483002,1667.0864969483002,0.9993605348392716,0.0005219862330420784
1667.0934413024959,1667.0934413024959,0.9996545044261982,0.0005222150198898418
1667.1003856566567,1667.1003856566567,0.9998343578244185,0.0005221279470164406
1667.1073300107244,1667.1073300107244,0.9999691681390832,0.0005222364791858042
1667.1142743647226,1667.1142743647226,0.9998243797502664,0.0005222660672925218
1667.1212187186616,1667.1212187186616,1.000631537375397,0.0005225622861216078
1667.128163072508,1667.128163072508,1.0003134198799806,0.0005225055819500304
1667.1351074262845,1667.1351074262845,0.9998743189963554,0.0005221663711115312
1667.142051779991,1667.142051779991,0.9997598320869473,0.000522302235667604
1667.1489961336047,1667.1489961336047,1.000542139126509,0.0005224112120249538
1667.1559404871834,1667.1559404871834,0.9995757098725239,0.0005222898970187667
1667.1628848406806,1667.1628848406806,0.9996875495159004,0.0005224468107887108
1667.1703847423719,1667.1703847423719,0.9993859572811192,0.0005223883090973773
1667.1781624181021,1667.1781624181021,1.000184877562063,0.0005227291137774432
1667.1851067713662,1667.1851067713662,1.00031921738082,0.0005223357004769173
1667.1920511245494,1667.1920511245494,1.0002700115180956,0.0005228701552989637
1667.1989954776739,1667.1989954776739,1.000551398676165,0.0005223620478318206
1667.205939830717,1667.205939830717,0.999877059093549,0.0005222783213017157
1667.2128841836904,1667.2128841836904,1.000360945361224,0.0005228270079696602
1667.2198285365707,1667.2198285365707,0.9998015159362159,0.000522242824793944
1667.2267728894155,1667.2267728894155,0.9994039239847258,0.0005223626040726564
1667.2337172421674,1667.2337172421674,0.9995991831216579,0.0005222227644919695
1667.2406615948498,1667.2406615948498,0.9995942657083543,0.0005221370828282811
1667.247605947451,1667.247605947451,0.999887303445767,0.0005224995566219365
1667.2545502999935,1667.2545502999935,1.0004009671168712,0.0005226899203818663
1667.2614946524543,1667.2614946524543,0.9999718054820941,0.0005224609119779498
1667.2684390048694,1667.2684390048694,1.0007434756173341,0.0005226670033959929
1667.27538335719,1667.27538335719,1.0002734767318648,0.0005223191030180698
1667.282327709442,1667.282327709442,1.0000628720785352,0.0005226004848177988
1667.289272061635,1667.289272061635,1.0000431092131312,0.0005220621420037475
1667.2962164137582,1667.2962164137582,0.9996952881015293,0.0005225734557590956
1667.3031607658002,1667.3031607658002,0.999485134821105,0.0005230263974693012
1667.3101051177844,1667.3101051177844,0.9995216618219465,0.0005221363574112542
1667.3170494696983,1667.3170494696983,1.0005933757300474,0.0005223985492022304
1667.3239938215424,1667.3239938215424,1.000182438990676,0.0005224754725967902
1667.3309381733166,1667.3309381733166,0.9998986284676121,0.000522379622938925
1667.3378825250209,1667.3378825250209,1.0003853319057736,0.0005226585251460901
1667.3448268766556,1667.3448268766556,0.9997898845706693,0.0005221883652959213
1667.3517712282314,1667.3517712282314,0.9997836871106726,0.0005223572460163788
1667.3587155797493,1667.3587155797493,1.000081255637988,0.0005223684057827528
1667.3656599311748,1667.3656599311748,1.0004261822810627,0.0005222430479525884
1667.372604282565,1667.372604282565,0.9989662490447989,0.0005219941179464289
1667.3795486338618,1667.3795486338618,1.000625628530223,0.000522619508613476
1667.3864929851238,1667.3864929851238,0.9999915119477386,0.000522325333896531
1667.393437336304,1667.393437336304,0.9994391134008896,0.0005223120082964451
1667.4003816874501,1667.4003816874501,1.0003404317217899,0.0005224920779495459
1667.407326038514,1667.407326038514,1.0001038365885457,0.0005227559430722024
1667.414270389531,1667.414270389531,1.000391827915538,0.0005224387321417181
1667.4212147404553,1667.4212147404553,0.9997335600908634,0.0005223532622079099
1667.4281590913447,1667.4281590913447,0.9995840462653653,0.0005228696915446792
1667.4351034421766,1667.4351034421766,1.000071196896402,0.0005228208733286728
1667.44204779295,1667.44204779295,1.0011148233624254,0.000523011672003246
1667.4489921436877,1667.4489921436877,0.9998797235315096,0.0005223126076247313
1667.4559364943325,1667.4559364943325,0.9993223905645792,0.0005220138629468174
1667.4628808449543,1667.4628808449543,0.9999163975965096,0.0005224181407827758
1667.4698251955058,1667.4698251955058,0.9996767745530057,0.0005229416967943671
1667.4767695460232,1667.4767695460232,1.000613168190992,0.0005224326215809716
1667.48371389647,1667.48371389647,0.9996466802434384,0.0005223864251270233
1667.4906582468939,1667.4906582468939,0.9992192322123508,0.0005221441374013285
1667.4976025972362,1667.4976025972362,1.0003112703362673,0.0005226181021937349
1667.504546947555,1667.504546947555,1.0001985255471562,0.0005223541843587885
1667.5114912978395,1667.5114912978395,1.000054302604537,0.0005225954528965593
1667.5184356480654,1667.5184356480654,1.000037279444833,0.0005224688173552894
1667.5253799982445,1667.5253799982445,1.0002156014873689,0.0005225539702199383
1667.5323243484122,1667.5323243484122,1.0007020713079626,0.0005225024986369627
1667.53926869851,1667.53926869851,0.999809938558065,0.0005227476917091824
1667.5462130486078,1667.5462130486078,1.0004976210137146,0.0005224271523312965
1667.553157398636,1667.553157398636,0.999556571704679,0.0005227254713342286
1667.5601017486522,1667.5601017486522,0.9992046514041848,0.0005225609527361021
1667.5670460986453,1667.5670460986453,1.000206221793277,0.0005224467512632925
1667.5739904486036,1667.5739904486036,1.0005828596238406,0.000522835605784653
1667.5809347985269,1667.5809347985269,1.0001714327434408,0.0005226337083810578
1667.587879148438,1667.587879148438,0.9999781608272024,0.0005228148055225482
1667.5948234983266,1667.5948234983266,1.0013541180622132,0.0005228796954264397
1667.6017678481917,1667.6017678481917,0.9994494099616315,0.0005226071922167788
1667.6087121980333,1667.6087121980333,0.999547806414902,0.0005224027104400606
1667.6156565478864,1667.6156565478864,1.0003928639157607,0.0005225169473075586
1667.622600897705,1667.622600897705,0.9994552926433447,0.0005225978578348113
1667.6295452475115,1667.6295452475115,1.0001594612815121,0.0005224764735435928
1667.6364895973188,1667.6364895973188,1.0002610705264257,0.0005224138296893259
1667.6434339471257,1667.6434339471257,1.000405369049081,0.0005226858786937796
1667.6503782969908,1667.6503782969908,1.0001723206417759,0.0005226624455225772
1667.6573226467972,1667.6573226467972,1.0005767877859557,0.0005222860949274368
1667.664266996604,1667.664266996604,1.0001403546529586,0.0005220955301338947
1667.6712113464341,1667.6712113464341,0.9993401980852763,0.0005220855405262974
1667.6781556962874,1667.6781556962874,1.000007361654283,0.0005223358191224979
1667.6851000461525,1667.6851000461525,1.0001719511723484,0.0005223676361443537
1668.4398136397099,1668.4398136397099,0.999448220038712,0.0005351170824684546
1668.6337003329081,1668.6337003329081,0.9997495914940769,0.0005387255097587889
1668.6406447189784,1668.6406447189784,1.0000182477973816,0.0005388537378589078
1668.6475891052462,1668.6475891052462,1.0003212393000138,0.0005397403169736073
1668.654533491747,1668.654533491747,1.000383185957705,0.0005401227845438821
1668.661477878469,1668.661477878469,1.0004687848465974,0.0005404338578890702
1668.6684222653662,1668.6684222653662,0.9993742023134147,0.0005402121306406498
1668.6753666524605,1668.6753666524605,0.999989878658007,0.0005409126946427894
1668.6823110397759,1668.6823110397759,0.9998662118941452,0.0005412190402416402
1668.6892554272551,1668.6892554272551,1.0002910836765724,0.0005418030384353244
1668.6961998149436,1668.6961998149436,1.0002627514430436,0.0005425525706370673
1668.7031442028183,1668.7031442028183,1.0002452455954214,0.000542539454696432
1668.710088590879,1668.710088590879,0.9994940103381076,0.0005427666920059653
1668.717032979103,1668.717032979103,0.9998079020822079,0.0005433624658425527
1668.7239773675362,1668.7239773675362,0.9996735513538966,0.0005439343635557837
1668.730921756121,1668.730921756121,1.0002315602886926,0.0005443608030153949
1668.7378661448802,1668.7378661448802,0.9998076358350364,0.0005453271168959638
1668.7448105338142,1668.7448105338142,1.0011619540780317,0.0005459391238246281
1668.751754922911,1668.751754922911,0.9997602693588814,0.0005474365104125818
1668.7586993121827,1668.7586993121827,1.0001285936758608,0.000547156543729021
1668.7656437016176,1668.7656437016176,0.9988493267151805,0.0005474570412706503
1668.7725880912153,1668.7725880912153,1.0006276915228267,0.000548936922174874
1668.7795324809406,1668.7795324809406,1.0001513460903872,0.0005492060567684091
1668.7864768708291,1668.7864768708291,0.9998211741838035,0.0005500011452678462
1668.7934212608805,1668.7934212608805,1.0001678260933669,0.0005509740127046025
1668.8003656510955,1668.8003656510955,0.9992188589657017,0.0005514856236697981
1668.8073100414144,1668.8073100414144,1.0004533905058686,0.0005521188058514976
1668.8142544319085,1668.8142544319085,0.9991518744524764,0.0005523600918384092
1668.8211988225303,1668.8211988225303,1.000216058208269,0.0005528158241923523
1668.8281432133037,1668.8281432133037,0.9999184855031029,0.0005531870573390926
1668.8350876041939,1668.8350876041939,1.000231672103442,0.0005537586595024638
1668.8420319952352,1668.8420319952352,1.0011320490909301,0.0005541990641890306
1668.8500874890092,1668.8500874890092,0.9995320040016313,0.000554261749157978
1668.8573096559746,1668.8573096559746,1.0004241850533866,0.0005550209658046905
1668.8645318230915,1668.8645318230915,0.9999786175349203,0.0005548686325462763
1668.8725873173432,1668.8725873173432,0.9993596141591599,0.0005547623692426392
1668.879531709071,1668.879531709071,1.0002474271666302,0.0005552088062689408
1668.886476100915,1668.886476100915,0.9991424993124209,0.0005551182417443801
1668.893420492876,1668.893420492876,0.9998463827368445,0.0005555888296540171
1668.9003648849653,1668.9003648849653,1.0000683582631387,0.0005558507792788491
1668.907309277182,1668.907309277182,0.9997462514074396,0.0005552390608494971
1668.914253669492,1668.914253669492,0.9998905293020508,0.0005551374338616136
1668.9211980618952,1668.9211980618952,1.0005626407294153,0.0005550136571998061
1668.928142454426,1668.928142454426,1.0003823890156447,0.0005551457243118887
1668.9350868470738,1668.9350868470738,0.9997976850401032,0.0005544244757742882
1668.9420312398142,1668.9420312398142,1.0004239934331935,0.000554363879644337
1668.9498089598176,1668.9498089598176,0.9996456662569942,0.0005538556738477492
1668.9600866614437,1668.9600866614437,0.999877121088298,0.0005537227581708983
1668.9681421574642,1668.9681421574642,0.9995651214930872,0.0005536030836969996
1668.9753643264212,1668.9753643264212,0.9996269876855607,0.0005541959229646328
1668.9823087197437,1668.9823087197437,1.0001108088056394,0.000553560860567638
1668.9892531131713,1668.9892531131713,1.000043296068927,0.0005536707361677265
1668.996197506692,1668.996197506692,1.0003352457458308,0.0005537235754912375
1669.0031419002946,1669.0031419002946,1.0001857516143766,0.0005535809276533501
1669.010086294001,1669.010086294001,1.0001230492895439,0.0005538474266652585
1669.0170306877894,1669.0170306877894,1.0007288304667321,0.0005544343194324587
1669.0239750816595,1669.0239750816595,0.9992382309992621,0.0005542562602255473
1669.0309194756223,1669.0309194756223,1.0000472275773666,0.0005543651275880638
1669.0378638696675,1669.0378638696675,0.9994731052308271,0.0005541507063203893
1669.044808263782,1669.044808263782,0.9998271763711983,0.0005550143200629796
1669.0520304337747,1669.0520304337747,0.9998126529908319,0.0005552909175403544
1669.060085931146,1669.060085931146,1.0010590995226551,0.0005553467072749959
1669.0670303255397,1669.0670303255397,0.9997183856907144,0.0005553472279025843
1669.0739747199914,1669.0739747199914,0.9990219302945083,0.0005554563744757235
1669.0809191145254,1669.0809191145254,1.0005382259434867,0.0005555860178291053
1669.0878635091285,1669.0878635091285,1.0010959291822696,0.0005555648000318896
1669.0948079038367,1669.0948079038367,0.9999410536328253,0.0005555903303020362
1669.1017522985796,1669.1017522985796,1.0001037306389022,0.0005558137055877122
1669.1100855723998,1669.1100855723998,0.9993874627767058,0.000555503655463454
1669.1170299673172,1669.1170299673172,0.9999033117993866,0.0005562718948485466
1669.1239743622937,1669.1239743622937,0.9988908045484273,0.0005560822274310376
1669.1309187573393,1669.1309187573393,1.0009311881627772,0.0005561063122935547
1669.1378631524549,1669.1378631524549,0.9999117562169573,0.0005556902265057414
1669.1448075476287,1669.1448075476287,1.0004401501157354,0.0005563739989400671
1669.151751942884,1669.151751942884,0.9999803602637867,0.000556268728791477
1669.1586963382092,1669.1586963382092,0.9999920899894483,0.0005560373020058445
1669.165640733569,1669.165640733569,1.0003798362647864,0.0005561679925539918
1669.1734184564714,1669.1734184564714,0.9990278641604686,0.0005560181862746666
1669.1809184036108,1669.1809184036108,0.9999602009854511,0.0005560265698820191
1669.1878627991805,1669.1878627991805,0.99986865502652,0.0005559751143699484
1669.1948071948086,1669.1948071948086,1.000381144468581,0.0005569954284404494
1669.2017515905059,1669.2017515905059,0.9999920481543295,0.0005567868602026863
1669.208695986227,1669.208695986227,1.0004135993355376,0.0005568457857522365
1669.2156403820293,1669.2156403820293,1.0004539977912896,0.0005568984209306448
1669.2225847778896,1669.2225847778896,1.0000479647789553,0.0005566386745711285
1669.2295291737857,1669.2295291737857,0.9997451961478262,0.0005568492388872915
1669.236473569763,1669.236473569763,0.9994176429486027,0.0005565663666779124
1669.2434179657635,1669.2434179657635,1.0001162374486854,0.0005566492695192511
1669.2503623618454,1669.2503623618454,0.9996724208267013,0.0005565651743319858
1669.2573067579501,1669.2573067579501,1.0002459616345838,0.0005572032090659031
1669.264251154114,1669.264251154114,0.9993331967303869,0.000556439498410282
1669.2711955503237,1669.2711955503237,1.0006727833381859,0.0005563337315781192
1669.2781399465916,1669.2781399465916,0.9993712081390059,0.000556608864359507
1669.2850843428946,1669.2850843428946,1.0005585400377714,0.0005563389079359306
1669.2920287392676,1669.2920287392676,0.9999985660196836,0.0005558174351946779
1669.298973135652,1669.298973135652,1.000109280879611,0.0005558022562424053
1669.3059175321068,1669.3059175321068,1.000194553597272,0.0005554926614074259
1669.3128619286078,1669.3128619286078,1.000083430999174,0.0005553513971519091
1669.3198063251318,1669.3198063251318,0.9997638102649844,0.0005552660735345439
1669.326750721726,1669.326750721726,0.9999727574768775,0.0005551132806894363
1669.333695118332,1669.333695118332,0.9994277328876343,0.0005552267321168914
1669.3406395150073,1669.3406395150073,1.0005649741911689,0.0005551846693042635
1669.3475839117177,1669.3475839117177,1.0001657878739976,0.0005553438759828945
1669.3545283084634,1669.3545283084634,1.0004088595248768,0.0005546470183483602
1669.3614727052554,1669.3614727052554,1.0002023414032533,0.0005556138063440109
1669.368417102082,1669.368417102082,0.9990674296951172,0.0005549877278887495
1669.3753614989557,1669.3753614989557,1.0000645909269636,0.0005551472026233127
1669.3823058958412,1669.3823058958412,1.0000702157045254,0.000555355747740101
1669.389250292796,1669.389250292796,0.9992313590660409,0.0005549839701822505
1669.3961946897743,1669.3961946897743,0.9996802749978337,0.0005548483881381152
1669.403139086799,1669.403139086799,1.0009608014129054,0.0005556517992339179
1669.410083483847,1669.410083483847,0.9999803910359766,0.0005551453921958966
1669.417027880942,1669.417027880942,1.0008656863468306,0.0005557987342697351
1669.4239722780599,1669.4239722780599,1.0000447957939271,0.0005555047574110699
1669.4309166752125,1669.4309166752125,0.999283602768117,0.0005551258038243911
1669.437861072412,1669.437861072412,1.0004365691360175,0.0005552473091744346
1669.4448054696586,1669.4448054696586,0.9997469415977808,0.0005552774969741675
1669.4517498669043,1669.4517498669043,0.9995718009425545,0.0005554523102767818
1669.459249815965,1669.459249815965,1.000746907509291,0.0005556118041842944
1669.4670275409856,1669.4670275409856,0.9990976555319703,0.000555853097484749
1669.473971938336,1669.473971938336,0.9997839331969974,0.0005560361234857575
1669.4809163357336,1669.4809163357336,1.0000345296988487,0.0005561565826555917
1669.4878607331425,1669.4878607331425,1.000280936312818,0.0005568629877871403
1669.4948051305978,1669.4948051305978,1.0006277417166929,0.0005561375196400843
1669.5017495280772,1669.5017495280772,0.9996118869216541,0.000556028378828439
1669.5100828051102,1669.5100828051102,0.9999984540841375,0.0005562890647702161
1669.5170272026473,1669.5170272026473,1.000255750156836,0.0005568761495440365
1669.523971600207,1669.523971600207,0.9999783464859305,0.0005566257572820248
1669.5309159978144,1669.5309159978144,0.9995688928172661,0.0005563277564543537
1669.5378603954327,1669.5378603954327,1.0002342260790957,0.0005567165868932692
1669.5448047930981,1669.5448047930981,1.000216274952712,0.0005568615207023846
1669.5517491907747,1669.5517491907747,0.9994542959611292,0.0005570643071497022
1669.5586935884744,1669.5586935884744,1.000207683951717,0.0005568849964183405
1669.5656379861982,1669.5656379861982,1.0005020561165772,0.0005569235213103276
1669.572582383968,1669.572582383968,1.000425972258864,0.0005570347771379889
1669.5795267817616,1669.5795267817616,0.9992478413482552,0.0005570058579994123
1669.5870267313574,1669.5870267313574,1.0000799784587908,0.0005567795123586747
1669.5948044569482,1669.5948044569482,0.9995577088304326,0.0005560871805485796
1669.601748854811,1669.601748854811,1.000157109281059,0.0005560991629239224
1669.6086932526862,1669.6086932526862,0.9997147826258562,0.0005558638433965177
1669.6156376506067,1669.6156376506067,1.000310647104639,0.0005561878706854814
1669.622582048528,1669.622582048528,1.0003662865713747,0.0005555428725215388
1669.6295264464727,1669.6295264464727,0.9996359163203902,0.0005554633181718479
1669.6364708444405,1669.6364708444405,1.0004492488924503,0.0005551136142830245
1669.6434152424433,1669.6434152424433,0.9997485021455906,0.000555371176243456
1669.6503596404582,1669.6503596404582,1.0000630863221662,0.0005551247896194576
1669.6573040384956,1669.6573040384956,1.0001162913283674,0.0005547153253388739
1669.664248436545,1669.664248436545,1.0002267136390537,0.0005543916282437441
1669.6711928346176,1669.6711928346176,0.999172257428274,0.0005538075868167296
1669.6781372327246,1669.6781372327246,0.9999260095010193,0.0005538807445981126
1669.6850816308438,1669.6850816308438,1.0003814588441664,0.0005537312092149269
1669.692026028963,1669.692026028963,1.0000562121119254,0.0005533865714930592
1669.6989704271284,1669.6989704271284,1.0001316632125605,0.0005528335300225724
1669.7059148252943,1669.7059148252943,1.0000896940994157,0.000553049134461371
1669.7128592234833,1669.7128592234833,0.9995155097680358,0.0005526198488841101
1669.7198036216964,1669.7198036216964,0.9997278011398689,0.0005523966925239107
1669.7267480199316,1669.7267480199316,1.00020638534112,0.0005521121465380371
1669.7336924181668,1669.7336924181668,1.000780382144629,0.0005520128976694994
1669.7406368164259,1669.7406368164259,1.0002202889929672,0.0005521576518651418
1669.7475812147197,1669.7475812147197,0.9996853776978053,0.0005517769583734251
1669.7545256130131,1669.7545256130131,0.999438181232469,0.0005517103038411203
1669.76147001133,1669.76147001133,1.0000976387845182,0.0005517599225316123
1669.768414409659,1669.768414409659,1.0001214459443124,0.0005515074721259881
1669.775358807999,1669.775358807999,0.9997083280681363,0.0005514780565720964
1669.7823032063748,1669.7823032063748,0.9994847957062116,0.0005514071552546209
1669.7892476047268,1669.7892476047268,0.9998282180196668,0.0005513597100931537
1669.796192003137,1669.796192003137,1.0008571375386075,0.0005517623215711253
1669.8031364015471,1669.8031364015471,1.0010075452771987,0.0005518943372011559
1669.810080799957,1669.810080799957,0.9999961457273419,0.0005513232699533262
1669.8170251984143,1669.8170251984143,1.0003311608459573,0.0005512299771194051
1669.8239695968591,1669.8239695968591,0.9993072525558562,0.0005514115598958974
1669.8309139953276,1669.8309139953276,1.0013522695473747,0.0005514204342163078
1669.8378583938077,1669.8378583938077,1.0001818834855594,0.0005512608461971705
1669.844802792299,1669.844802792299,1.0005241175218071,0.0005514857880090891
1669.8517471908144,1669.8517471908144,0.9993885978651058,0.0005514123763440777
1669.8586915893407,1669.8586915893407,1.0003597301932903,0.0005518280125611965
1669.8656359878673,1669.8656359878673,0.9995153748094532,0.0005516113308973501
1669.8725803864174,1669.8725803864174,0.9994762385881,0.000551491343454091
1669.879524784979,1669.879524784979,1.0003489709585127,0.0005511672809741511
1669.886469183552,1669.886469183552,1.0000706044404752,0.0005511495786883929
1669.8934135821369,1669.8934135821369,0.9996094382839079,0.0005511921980187892
1669.900357980745,1669.900357980745,0.9998631094689333,0.0005507593237823465
1669.9073023793528,1669.9073023793528,1.000325353775961,0.0005505583730419987
1669.914246777961,1669.914246777961,1.0001595031132493,0.0005506816784481337
1669.9211911766045,1669.9211911766045,1.0001985475618098,0.0005503234006513991
1669.9281355752591,1669.9281355752591,1.0003723783570861,0.0005496606898574384
1669.9350799739018,1669.9350799739018,1.000209324457201,0.0005491976027536055
1669.94202437258,1669.94202437258,0.999480287794011,0.0005493963670911028
1669.948968771246,1669.948968771246,1.0002301644772016,0.0005486487806824221
1669.9559131699473,1669.9559131699473,0.9991483701549096,0.0005480495621278733
1669.9628575686486,1669.9628575686486,0.9994863123244085,0.0005477928127945981
1669.9698019673494,1669.9698019673494,1.0005194667267918,0.0005477673966855077
1669.9767463660623,1669.9767463660623,0.9998361262358119,0.0005475567158906349
1669.9836907648103,1669.9836907648103,1.0002626054367534,0.0005470782059683723
1669.9906351635468,1669.9906351635468,1.000168682852952,0.0005466140483769055
1669.9975795622945,1669.9975795622945,0.9997949236558806,0.0005463134543946205
1670.0045239610536,1670.0045239610536,1.000485976921336,0.000546064264100857
1670.0114683598247,1670.0114683598247,1.0002960159787122,0.0005455056285528991
1670.0184127586076,1670.0184127586076,0.9998455040580932,0.0005451801989232473
1670.0253571573903,1670.0253571573903,0.9998720654760117,0.0005454928917466519
1670.0323015561844,1670.0323015561844,1.0001406314454329,0.000545694098810967
1670.0392459550021,1670.0392459550021,0.9997477847385706,0.0005449029969471352
1670.0461903538082,1670.0461903538082,0.9996028005774342,0.0005444337031862028
1670.053134752638,1670.053134752638,1.0003373150839319,0.0005446933052677308
1670.0600791514673,1670.0600791514673,1.0002409131564092,0.0005446242754071856
1670.0670235503196,1670.0670235503196,0.9997451064789784,0.000544865741772295
1670.0739679491605,1670.0739679491605,0.9996632687053968,0.0005445823902202799
1670.0809123480128,1670.0809123480128,1.0006295677662898,0.0005446223185440496
1670.0878567468772,1670.0878567468772,1.0004808896244473,0.0005446136299061256
1670.0948011457526,1670.0948011457526,1.0001537890018375,0.0005441474599668323
1670.1017455446286,1670.1017455446286,0.9984432980011121,0.0005441135266234085
1670.1086899435045,1670.1086899435045,1.0004339093595016,0.0005441211872583876
1670.1156343424034,1670.1156343424034,1.0001053664684185,0.000544070586479726
1670.1225787413146,1670.1225787413146,1.0001703694148207,0.0005442049377934134
1670.129523140225,1670.129523140225,1.0001667448557723,0.0005438649533639291
1670.1364675391364,1670.1364675391364,1.0000894514559455,0.0005441156613922957
1670.1434119380585,1670.1434119380585,1.000148268194346,0.0005442569969954967
1670.1503563369927,1670.1503563369927,1.0003363656146045,0.0005439940963586568
1670.1573007359268,1670.1573007359268,0.9999922787920422,0.0005445088003175597
1670.164245134872,1670.164245134872,0.9998149787181279,0.0005443457306389642
1670.171189533818,1670.171189533818,1.0000831832356014,0.0005444487180248276
1670.1781339327633,1670.1781339327633,1.000144897950628,0.0005448567658331271
1670.185078331744,1670.185078331744,0.999107524380333,0.0005439279910166868
1670.1920227307019,1670.1920227307019,1.0000824418967813,0.0005444259217051953
1670.198967129671,1670.198967129671,0.9997909108288721,0.0005441275639877504
1670.2059115286634,1670.2059115286634,0.9997460343242734,0.0005441426818412606
1670.2128559276553,1670.2128559276553,1.000267535803053,0.0005445698809982988
1670.2198003266476,1670.2198003266476,1.0002237098924476,0.0005436249580939277
1670.2267447256395,1670.2267447256395,0.9997237806982667,0.0005440244107519344
1670.2336891246323,1670.2336891246323,1.0002332271938819,0.0005439467774221762
1670.2406335236242,1670.2406335236242,0.9998976408898441,0.0005440159783147386
1670.247577922663,1670.247577922663,1.0003226968149768,0.00054361476285846
1670.2545223216669,1670.2545223216669,0.9999068768871225,0.0005433954076451328
1670.261466720706,1670.261466720706,1.0004919384757496,0.0005435482565410486
1670.2684111197218,1670.2684111197218,1.0002579554092539,0.0005431551846078607
1670.2753555187603,1670.2753555187603,0.9995842496778924,0.0005432915781659795
1670.2822999177993,1670.2822999177993,1.0004296929641183,0.0005430851829527129
1670.2892443168378,1670.2892443168378,0.9994986065822227,0.0005431285181640244
1670.2961887158883,1670.2961887158883,0.9999886202710007,0.0005428143051338279
1670.3031331149384,1670.3031331149384,0.9996151552812418,0.0005428955955705621
1670.3100775139894,1670.3100775139894,0.9996777351946982,0.0005424850308182068
1670.3170219130511,1670.3170219130511,0.9994516954128725,0.0005426024904596792
1670.323966312125,1670.323966312125,1.0004725939093704,0.0005427994822714992
1670.3309107111877,1670.3309107111877,1.0007192774109348,0.0005427316340461896
1670.337855110261,1670.337855110261,0.9999440151379254,0.0005419698271572482
1670.344799509347,1670.344799509347,1.000355559000772,0.0005422718308250482
1670.3517439084087,1670.3517439084087,0.9997853951148542,0.0005419509814673987
1670.3586883075054,1670.3586883075054,1.000113421793547,0.0005422282081958006
1670.365632706591,1670.365632706591,1.0002464135708486,0.0005419133682819815
1670.3725771056766,1670.3725771056766,0.9991113897623363,0.0005415529731803992
1670.3795215047853,1670.3795215047853,1.0001231842894935,0.0005419467842852299
1670.386465903882,1670.386465903882,1.0001251615512792,0.0005421572570915864
1670.3934103029903,1670.3934103029903,1.0003734877227448,0.000542462213618608
1670.400354702088,1670.400354702088,1.0000538840490845,0.0005421173336399737
1670.4072991011967,1670.4072991011967,0.9996557915296265,0.0005418567932939464
1670.414243500317,1670.414243500317,1.000310997492693,0.000541874507915419
1670.4211878994258,1670.4211878994258,0.9994486779541013,0.0005418925498804669
1670.4281322985576,1670.4281322985576,1.000035918718226,0.0005420617291239546
1670.4350766976659,1670.4350766976659,0.9997313705144665,0.0005418009954062645
1670.4420210967983,1670.4420210967983,1.0000086482082828,0.0005420461996948829
1670.44896549593,1670.44896549593,0.9997086872932315,0.0005421901310931124
1670.45590989505,1670.45590989505,1.0009124385712291,0.0005423473773206723
1670.4628542941823,1670.4628542941823,0.9998587583639573,0.0005423430738289557
1670.4697986933265,1670.4697986933265,1.000328723492989,0.0005424081573237524
1670.476743092458,1670.476743092458,1.0004871666188233,0.0005421474683001569
1670.4836874916018,1670.4836874916018,0.9992228623133854,0.0005422987721171964
1670.4906318907567,1670.4906318907567,1.000104908844882,0.0005428195500890983
1670.4975762899005,1670.4975762899005,0.9997806668737116,0.0005427387551842536
1670.5045206890438,1670.5045206890438,1.0001159887245352,0.0005434049330520934
1670.5114650882108,1670.5114650882108,1.0001538573271802,0.0005430654001045581
1670.5184094873428,1670.5184094873428,1.0000041321087907,0.0005433391829539942
1670.5253538865095,1670.5253538865095,0.9997738054271172,0.0005434204672880935
1670.532298285665,1670.532298285665,1.0000260670616856,0.0005437012306538496
1670.539242684832,1670.539242684832,0.9995288227946784,0.0005439495934792489
1670.546187083987,1670.546187083987,0.9998374731836437,0.0005437325559196147
1670.553131483154,1670.553131483154,1.000258568544704,0.000543963017640013
1670.560075882321,1670.560075882321,1.0000959566306904,0.0005441127625957098
1670.5670202814879,1670.5670202814879,1.0004810950436416,0.0005443314529042991
1670.5739646806546,1670.5739646806546,1.0003072985118269,0.0005450777494277125
1670.5809090798332,1670.5809090798332,1.0003343964645857,0.0005449077825804067
1670.5878534790002,1670.5878534790002,1.0001949645539034,0.0005445280409249276
1670.5947978781783,1670.5947978781783,0.9993974169326771,0.0005447335304791104
1670.6017422773573,1670.6017422773573,0.9994654025300361,0.0005453420020524215
1670.6086866765356,1670.6086866765356,0.999981916479485,0.0005449333694134586
1670.6156310757028,1670.6156310757028,0.9989160821803944,0.0005451341778079886
1670.6225754748928,1670.6225754748928,1.0007909810187123,0.0005450754862760887
1670.6295198740834,1670.6295198740834,0.9996546510972802,0.0005449822525041987
1670.6364642732613,1670.6364642732613,1.0004645640615448,0.0005450266496975849
1670.6434086724398,1670.6434086724398,1.0005480017009702,0.0005450958344290474
1670.6503530716302,1670.6503530716302,1.000009876439044,0.0005451709732498488
1670.6572974708201,1670.6572974708201,1.0001006779772763,0.0005454189070315456
1670.6642418700103,1670.6642418700103,0.9998798522920096,0.0005453365050559414
1670.671186269201,1670.671186269201,1.0004644992139455,0.0005449562460688745
1670.6781306683795,1670.6781306683795,0.9998505239700908,0.0005450680554225627
1670.6850750675699,1670.6850750675699,0.9993021909425609,0.0005449763727455882
1670.6920194667714,1670.6920194667714,0.9998526147952654,0.0005448574610566664
1670.6989638659616,1670.6989638659616,0.9991628614625607,0.0005451394105775692
1670.7059082651515,1670.7059082651515,0.9997085872398885,0.0005448936816517872
1670.7128526643532,1670.7128526643532,1.0002470680104723,0.0005451276449003367
1670.7197970635432,1670.7197970635432,0.999827963549025,0.0005447701669739258
1670.7267414627452,1670.7267414627452,1.0004617413240453,0.0005448330205119081
1670.7336858619353,1670.7336858619353,1.0005281573949165,0.0005448203249718127
1670.7406302611375,1670.7406302611375,0.9994548113534311,0.0005450372507174649
1670.7475746603395,1670.7475746603395,1.000434237176369,0.0005450403583001004
1670.754519059541,1670.754519059541,1.000464219632299,0.0005452492194216976
1670.7614634587312,1670.7614634587312,0.9995147425253375,0.0005449468681603393
1670.7684078579448,1670.7684078579448,0.9998082671257776,0.0005448660251116409
1670.7753522571347,1670.7753522571347,1.0001475421370942,0.000544779210242026
1670.7822966563363,1670.7822966563363,0.9993568533540931,0.0005449755775772512
1670.7892410555382,1670.7892410555382,1.0000227065600038,0.0005455950980960011
1670.79618545474,1670.79618545474,1.0005127532610307,0.0005456462981026684
1670.803129853954,1670.803129853954,1.0009691928502693,0.0005452930212621047
1670.8100742531442,1670.8100742531442,0.9993836283771463,0.0005456071459850106
1670.8170186523457,1670.8170186523457,0.9995930908936457,0.0005456130048022701
1670.8239630515588,1670.8239630515588,1.000729706261199,0.0005460444621250641
1670.8309074507492,1670.8309074507492,0.999327115943468,0.0005462673413528051
1670.837851849963,1670.837851849963,1.0008236763092921,0.0005464333227891539
1670.8447962491641,1670.8447962491641,0.9987269164333888,0.0005456368182341263
1670.8517406483666,1670.8517406483666,0.9999251129851411,0.0005458816967350666
1670.85868504758,1670.85868504758,0.9994229945509053,0.0005462059491936969
1670.8656294467698,1670.8656294467698,1.0000940677672765,0.0005459397313100527
1670.8725738459839,1670.8725738459839,1.0007082309877724,0.0005461204690742054
1670.8795182451854,1670.8795182451854,1.0006092835868183,0.0005461273048535627
1670.8864626443756,1670.8864626443756,1.0005802414203515,0.0005458838296924731
1670.8934070435891,1670.8934070435891,0.9999765265182041,0.0005458709816549916
1670.900351442791,1670.900351442791,0.9993473553944898,0.0005455192958217991
1670.9072958419924,1670.9072958419924,0.9989834081567525,0.0005455699099715928
1670.9142402412058,1670.9142402412058,0.9998656717892855,0.0005458327378574492
1670.9211846403964,1670.9211846403964,1.0010404539898297,0.0005458960467882729
1670.928129039598,1670.928129039598,0.999596365775918,0.0005460595359063431
1670.9350734387997,1670.9350734387997,0.9994639930958534,0.0005458122962917714
1670.9420178380017,1670.9420178380017,0.9995623763345589,0.0005452483037796836
1670.9489622372153,1670.9489622372153,1.0003418620456668,0.0005452927233238951
1670.9559066364054,1670.9559066364054,0.9997469092626527,0.0005450446802550335
1670.9628510356074,1670.9628510356074,1.0003679179881775,0.0005451777448636403
1670.969795434809,1670.969795434809,1.0006263079339355,0.0005449826615718114
1670.9767398340105,1670.9767398340105,0.9993395373561164,0.0005445149090469041
1670.983684233201,1670.983684233201,0.9998278481412732,0.0005446085968694027
1670.9906286324026,1670.9906286324026,1.000853610761379,0.0005448377282390987
1670.9975730316044,1670.9975730316044,0.9996528816437961,0.0005448238467736387
1671.0045174307947,1671.0045174307947,0.9994467627500686,0.0005443164746211627
1671.011461829997,1671.011461829997,0.9994917162592423,0.0005439154846882523
1671.018406229187,1671.018406229187,0.9998023131479931,0.0005438468183263858
1671.0253506283887,1671.0253506283887,0.9997142840974081,0.0005436885808312721
1671.0322950275786,1671.0322950275786,1.0012844757881485,0.0005442002708695328
1671.0392394267687,1671.0392394267687,1.000559242741093,0.000543902398321243
1671.0461838259707,1671.0461838259707,1.0003911543399329,0.0005438718726228338
1671.0531282251607,1671.0531282251607,1.0000193298466467,0.0005435583713448301
1671.0600726243508,1671.0600726243508,0.9994274829851829,0.0005439960523104115
1671.0670170235292,1671.0670170235292,0.9998424150890223,0.0005438625450353814
1671.0739614227314,1671.0739614227314,0.999440364231757,0.0005436555178884734
1671.080905821922,1671.080905821922,0.9995427225203869,0.0005439229245746701
1671.087850221112,1671.087850221112,0.9998342655565458,0.0005443806023540115
1671.0947946203019,1671.0947946203019,1.0004707882301038,0.0005443928075287441
1671.1017390194804,1671.1017390194804,1.0003296714199306,0.0005443225755953878
1671.1086834186704,1671.1086834186704,0.9997628406882371,0.0005444110620619648
1671.1156278178605,1671.1156278178605,0.999903771773252,0.0005443475681456126
1671.1225722170275,1671.1225722170275,1.000778366597249,0.0005451413553687446
1671.129516616206,1671.129516616206,0.9998292514073478,0.0005445273018872797
1671.136461015396,1671.136461015396,0.9996982261555958,0.0005448200495074902
1671.143405414575,1671.143405414575,1.0007297905070232,0.0005448861618961612
1671.150349813753,1671.150349813753,0.9994907825087477,0.0005448351845522109
1671.1572942129321,1671.1572942129321,0.9997062838783997,0.0005450229274122228
1671.1642386120989,1671.1642386120989,1.000039515946456,0.0005453143637018608
1671.171183011289,1671.171183011289,1.00056735163555,0.0005454504217469774
1671.178127410456,1671.178127410456,0.9997558300149458,0.000545579863203556
1671.1850718096343,1671.1850718096343,0.9996766428872725,0.0005454873855953103
1671.1920162088013,1671.1920162088013,1.0000499637775513,0.0005453157918009616
1671.1989606079794,1671.1989606079794,1.0000246911699004,0.0005464135036166054
1671.2059050071464,1671.2059050071464,0.9996096580757884,0.0005454000611926047
1671.2128494063138,1671.2128494063138,1.0005377360123144,0.0005460485601305256
1671.2197938054808,1671.2197938054808,0.999994124337156,0.0005456538363206385
1671.2267382046473,1671.2267382046473,0.9998444278528572,0.0005453684652048081
1671.2336826038027,1671.2336826038027,0.9996806993667582,0.0005456556435752929
1671.2406270029696,1671.2406270029696,1.0005459460207546,0.0005454291053791961
1671.2475714021361,1671.2475714021361,1.0003173102189784,0.0005454360389284323
1671.2545158012915,1671.2545158012915,1.000026430472118,0.0005450413873944782
1671.2614602004464,1671.2614602004464,0.9991182393496774,0.0005448411574514788
1671.2684045996134,1671.2684045996134,0.9997509828129679,0.0005452148032927017
1671.2753489987692,1671.2753489987692,1.000148200597713,0.0005449215498519097
1671.2822933979128,1671.2822933979128,1.0001098238385935,0.0005453648714560133
1671.2892377970797,1671.2892377970797,1.0004250742684333,0.0005447262792527237
1671.296182196223,1671.296182196223,0.9999406689305779,0.0005447103869687909
1671.3031265953784,1671.3031265953784,1.0004884156664033,0.0005445002163713807
1671.3100709945222,1671.3100709945222,1.000059905312319,0.0005443514174436365
1671.3170153936655,1671.3170153936655,0.9997224148505353,0.0005440876621402515
1671.3239597928205,1671.3239597928205,0.9996079428058469,0.0005444021084451626
1671.3309041919642,1671.3309041919642,0.9999683138040535,0.0005441258088287988
1671.3378485911078,1671.3378485911078,0.9994170120077545,0.0005440671428252627
1671.3447929902402,1671.3447929902402,1.000052400006404,0.0005438383991384305
1671.351737389384,1671.351737389384,1.0004164776250217,0.0005438852548239061
1671.3586817885157,1671.3586817885157,0.999461723979018,0.0005443377888952568
1671.3656261876592,1671.3656261876592,1.000375060189303,0.000543898856122938
1671.3725705867914,1671.3725705867914,0.9999675672559378,0.000543901466917475
1671.3795149859347,1671.3795149859347,1.0002861795778153,0.0005439584511194142
1671.3864593850435,1671.3864593850435,0.9990894212326523,0.0005437810974134293
1671.3934037841755,1671.3934037841755,1.0002032858512593,0.0005439931046535884
1671.4003481833192,1671.4003481833192,0.9999458394628054,0.0005443196428081651
1671.4072925824275,1671.4072925824275,1.0006622216971324,0.0005438795312107328
1671.41423698156,1671.41423698156,1.0002281519674403,0.0005441022167971158
1671.42118138068,1671.42118138068,0.9995743482005027,0.0005439585824222416
1671.428125779812,1671.428125779812,0.9997261280652194,0.0005439941124094318
1671.4350701789208,1671.4350701789208,0.9995717027015358,0.0005442141809537873
1671.442014578041,1671.442014578041,1.0002922908461886,0.0005440845993778974
1671.4489589771497,1671.4489589771497,1.0004176343067908,0.0005438813975191589
1671.4559033762696,1671.4559033762696,0.999937961827024,0.0005440837681829202
1671.4628477753788,1671.4628477753788,1.0003791496661671,0.0005443197705752536
1671.469792174487,1671.469792174487,0.9998593346233351,0.0005441937297495268
1671.4767365735956,1671.4767365735956,0.999215129147877,0.0005441145636032613
1671.4836809727046,1671.4836809727046,1.000260507187886,0.0005447499297956311
1671.4906253718018,1671.4906253718018,1.0003546375545593,0.0005444118777854928
1671.4975697709106,1671.4975697709106,0.9997331279595814,0.0005447461930973777
1671.5045141700077,1671.5045141700077,1.0001294745569698,0.0005447590500133423
1671.5114585691044,1671.5114585691044,1.0001600873602823,0.0005451168745729866
1671.5184029682011,1671.5184029682011,1.0001166858811845,0.0005452224546773839
1671.5253473672983,1671.5253473672983,0.9997996063129644,0.0005456028551366053
1671.5322917663955,1671.5322917663955,1.0002640932646785,0.000545309577808748
1671.5392361654808,1671.5392361654808,0.9995930111869606,0.0005451763827338381
1671.546180564578,1671.546180564578,1.0001394335759142,0.0005453490223929615
1671.553124963652,1671.553124963652,0.9998963293693264,0.000546311189498855
1671.5600693627373,1671.5600693627373,0.9998323986698349,0.0005458073199669672
1671.5670137618224,1671.5670137618224,1.0001766523162996,0.0005461674305588982
1671.5739581608964,1671.5739581608964,0.9992026384000141,0.0005461883432094927
1671.5809025599817,1671.5809025599817,1.0005071671433483,0.0005466129157919362
1671.5878469590552,1671.5878469590552,1.000724087979178,0.00054622963743023
1671.594791358129,1671.594791358129,0.9996853523121401,0.0005462761274552856
1671.601735757203,1671.601735757203,1.0000139718357464,0.0005463094625574633
1671.6086801562765,1671.6086801562765,1.000459537724932,0.0005471089564618504
1671.6156245553389,1671.6156245553389,0.9993904317608973,0.0005464217468479369
1671.6225689544128,1671.6225689544128,0.9997087987118182,0.0005463190676614461
1671.629513353475,1671.629513353475,0.9997979695924478,0.000546439780376379
1671.636457752537,1671.636457752537,1.0004293175854495,0.0005465485273330549
1671.6434021515875,1671.6434021515875,1.0001985587505242,0.0005469709805739989
1671.6503465506491,1671.6503465506491,1.0004863348808997,0.0005466472776294938
1671.6572909496997,1671.6572909496997,0.9994624768937662,0.0005466805757910834
1671.6642353487618,1671.6642353487618,1.000535237713528,0.0005465132457332058
1671.6711797478129,1671.6711797478129,0.9992870432575545,0.000546565983453966
1671.6781241468627,1671.6781241468627,0.9993620928350524,0.0005468277776408359
1671.6850685459135,1671.6850685459135,1.0007635921879499,0.0005468503646774936
1671.6920129449525,1671.6920129449525,1.0000064029595765,0.0005466316450464422
1671.6989573439914,1671.6989573439914,1.0001221790250665,0.0005467782042148024
1671.70590174303,1671.70590174303,0.9998625257165049,0.0005469783375254992
1671.7128461420689,1671.7128461420689,1.0001864012732948,0.0005466700448852047
1671.7197905411074,1671.7197905411074,0.9995605315135705,0.0005467952009886275
1671.7267349401463,1671.7267349401463,1.0000545410817003,0.0005467485149955856
1671.7336793391619,1671.7336793391619,0.9998036955788384,0.0005469319431877492
1671.7406237382006,1671.7406237382006,1.0000285880392537,0.0005471790143083567
1671.7475681372282,1671.7475681372282,1.0010132322775993,0.0005470934189645432
1671.7545125362437,1671.7545125362437,0.9999789780685105,0.0005474118280732592
1671.7614569352822,1671.7614569352822,0.9998925565930712,0.0005473421040917275
1671.7684013342866,1671.7684013342866,1.0001059004480262,0.0005474964012247139
1671.7753457333135,1671.7753457333135,0.9993029459743094,0.0005477718700303816
1671.7822901323293,1671.7822901323293,0.9996890336359024,0.00054790566214482
1671.7892345313212,1671.7892345313212,1.0001444481368442,0.0005482526362440238
1671.7961789303718,1671.7961789303718,0.9996004034643218,0.000548183644890382
1671.803123329364,1671.803123329364,1.0007801130265386,0.0005486313014888382
1671.810067728356,1671.810067728356,0.9992615808740771,0.0005484626143360913
1671.8170121273492,1671.8170121273492,1.0005324109285607,0.0005490860961973464
1671.8239565263643,1671.8239565263643,1.0003215077925365,0.0005489453233058743
1671.8309009253917,1671.8309009253917,1.0001953219420912,0.0005495617560156748
1671.8378453243836,1671.8378453243836,1.0000478664397758,0.0005491250906015978
1671.8447897233757,1671.8447897233757,1.000084888253382,0.0005493964727309638
1671.8517341223683,1671.8517341223683,1.000219460261822,0.0005498167530492688
1671.8586785213604,1671.8586785213604,0.9991519818237151,0.00054981816588284
1671.8656229203523,1671.8656229203523,1.000810516037755,0.0005501794488419743
1671.8725673192864,1671.8725673192864,0.9999235009026182,0.0005495547879588033
1671.8795117182792,1671.8795117182792,1.0002914031233414,0.000549940336134511
1671.8864561172716,1671.8864561172716,0.9993371278730306,0.0005497742649839075
1671.8934005162635,1671.8934005162635,1.0006857414124664,0.0005500404575655154
1671.9003449152326,1671.9003449152326,0.9999463825970828,0.0005503316895269999
1671.9072893141897,1671.9072893141897,1.0005886499387768,0.0005501763740250522
1671.9142337131823,1671.9142337131823,1.0005670484878815,0.0005504309553120526
1671.9211781121278,1671.9211781121278,1.0002712847693709,0.0005501771093381371
1671.9281225111085,1671.9281225111085,0.9994864384166137,0.0005502353258264451
1671.9350669100538,1671.9350669100538,0.9997639933853772,0.0005499901178424192
1671.942011309035,1671.942011309035,0.9994049235414805,0.0005497382275006989
1671.9489557079692,1671.9489557079692,0.9999155722611096,0.0005495381379520276
1671.9559001069379,1671.9559001069379,1.0003294694535765,0.0005500540539243165
1671.9628445058952,1671.9628445058952,1.0002372216101083,0.0005494973732132752
1671.969788904841,1671.969788904841,1.0004307653089994,0.000549037791955429
1671.9767333037867,1671.9767333037867,0.999862822038659,0.0005493105869091801
1671.9836777027322,1671.9836777027322,0.9997225947405235,0.0005490168006980291
1671.9906221016784,1671.9906221016784,0.9992985752525676,0.0005488018609386865
1671.9975665006234,1671.9975665006234,1.0003035904900521,0.0005489892175347289
1672.0045108995578,1672.0045108995578,1.0003585873467635,0.0005483482647976416
1672.011455298492,1672.011455298492,1.0002853627757797,0.0005480984969598793
1672.0183996974258,1672.0183996974258,1.0004126324896236,0.000548709215012107
1672.0253440963484,1672.0253440963484,1.0002172705503378,0.0005477835367621301
1672.0322884952825,1672.0322884952825,0.9991947759111042,0.000547809495825525
1672.0392328942048,1672.0392328942048,1.0000282994317158,0.0005478348448206788
1672.0558994516111,1672.0558994516111,1.0001867635916635,0.0005474031532890754
1672.0628438505341,1672.0628438505341,1.0004085072125126,0.0005475258792149361
1672.0708993532717,1672.0708993532717,1.0000622912738932,0.0005475660663381589
1672.0795104079175,1672.0795104079175,0.9992017234820032,0.0005475090389821244
1672.0870103587367,1672.0870103587367,1.0001637585355774,0.0005478431188703252
1672.096176965301,1672.096176965301,1.0005573829839753,0.0005476653384561788
1672.1031213642004,1672.1031213642004,1.0001123917361425,0.0005475114020434013
1672.110065763099,1672.110065763099,0.999423794625792,0.0005477300145754732
1672.1170101619869,1672.1170101619869,1.0000458981699387,0.0005479857094557053
1672.1242323368456,1672.1242323368456,1.0002471120911092,0.0005474629596398798
1672.1386766865282,1672.1386766865282,0.9998745990728025,0.0005479239760067719
1672.1503432766494,1672.1503432766494,1.0005151545469744,0.0005480208672044655
1672.157287675537,1672.157287675537,0.9995529123103595,0.0005479751134885153
1672.1642320744127,1672.1642320744127,0.999910422458741,0.0005482491941570893
1672.1711764732886,1672.1711764732886,0.999279766981531,0.0005480071031512946
1672.178120872164,1672.178120872164,1.0001741851647514,0.0005482564761017632
1672.187287478671,1672.187287478671,1.0000691232172438,0.0005482675644864172
1672.1947874294547,1672.1947874294547,1.0008351286902268,0.0005486225757664043
1672.201731828307,1672.201731828307,1.0007569375100904,0.0005488713424415339
1672.2097873309983,1672.2097873309983,1.0007481161249223,0.0005489524083256383
1672.217009505799,1672.217009505799,0.9996605038171553,0.0005486272863263372
1672.2253427844385,1672.2253427844385,0.9994295565494697,0.0005491213730501804
1672.2322871832907,1672.2322871832907,1.0001178218801101,0.0005486521097588118
1672.2406204619074,1672.2406204619074,0.9992544627695417,0.0005487377890965653
1672.247564860748,1672.247564860748,1.0003911389581541,0.0005487324045348337
1672.2545092596006,1672.2545092596006,0.9998455092984905,0.0005485907922348775
1672.2614536584301,1672.2614536584301,0.9996893082300492,0.0005483216635504962
1672.268398057259,1672.268398057259,1.0005289710256153,0.0005484889336719206
1672.2753424561117,1672.2753424561117,0.9994732293625006,0.0005485155496885466
1672.2822868549297,1672.2822868549297,1.0006512310539317,0.000548395032128573
1672.2892312537704,1672.2892312537704,1.0007474600176782,0.0005480261402893751
1672.296175652588,1672.296175652588,0.99991843802104,0.0005478847205572789
1672.3031200514172,1672.3031200514172,0.9995959741393261,0.0005478019630624014
1672.3100644502351,1672.3100644502351,1.0011004662647245,0.0005476807702486007
1672.3170088490526,1672.3170088490526,0.9996403929367329,0.0005477164009134861
1672.3239532478703,1672.3239532478703,0.9992569398368376,0.0005475933252719107
1672.3308976466876,1672.3308976466876,0.9999254543214896,0.0005476217241936233
1672.3378420455053,1672.3378420455053,0.9998022444450096,0.0005474377922940351
1672.3447864442999,1672.3447864442999,1.0002490154416939,0.0005476776194512807
1672.3517308431176,1672.3517308431176,1.0003781784846117,0.0005474716850444436
1672.358675241912,1672.358675241912,0.9992827049879491,0.0005473633146275286
1672.365619640718,1672.365619640718,1.0007265401316718,0.0005471156370025651
1672.3725640395126,1672.3725640395126,1.0007735302584937,0.0005472552826477501
1672.3795084383066,1672.3795084383066,0.9994622890816267,0.0005470853751909877
1672.386452837089,1672.386452837089,0.9999078043343038,0.000547016961208534
1672.3933972358839,1672.3933972358839,0.9992806488714278,0.0005471181447751034
1672.4003416346663,1672.4003416346663,1.0003742105055964,0.0005474500536755646
1672.407286033449,1672.407286033449,0.9998774401296059,0.0005473283623544546
1672.4142304322202,1672.4142304322202,1.000009284469949,0.0005474607901087395
1672.4220081588705,1672.4220081588705,1.000896936472149,0.0005477822587227555
1672.4295081095377,1672.4295081095377,0.9997772169512154,0.0005474637058546768
1672.4364525083088,1672.4364525083088,0.9999524340001701,0.0005479280025791491
1672.443396907068,1672.443396907068,1.0000613505992058,0.0005476873256107737
1672.4503413058392,1672.4503413058392,0.9991837782443742,0.0005480872124864504
1672.4572857045987,1672.4572857045987,1.000278929128148,0.0005480970907780681
1672.4642301033577,1672.4642301033577,1.0001184669822087,0.0005481747640632937
1672.4711745021173,1672.4711745021173,0.9996194238725641,0.0005476702919403758
1672.4817299882252,1672.4817299882252,1.0002189531550711,0.000548425500081809
1672.4903410426728,1672.4903410426728,1.0007721366036548,0.0005490713797832043
1672.4975632173687,1672.4975632173687,1.0001922210115357,0.0005485853860890513
1672.5058964958564,1672.5058964958564,0.999912981984459,0.0005496083396599646
1672.5128408946043,1672.5128408946043,0.9995047429936422,0.0005492961511432018
1672.5197852933288,1672.5197852933288,0.9996636443809205,0.0005494942777499618
1672.5267296920763,1672.5267296920763,0.999682721918526,0.0005496603242351935
1672.5350629705524,1672.5350629705524,0.9999408502299889,0.0005498984871219128
1672.5420073692774,1672.5420073692774,1.0006130095239782,0.0005504130499115586
1672.5489517679907,1672.5489517679907,0.9991445484867671,0.0005503651192211819
1672.5558961667382,1672.5558961667382,1.0007177061391141,0.0005512976833009728
1672.5628405654395,1672.5628405654395,0.9997721740851997,0.0005507812574936569
1672.5697849641406,1672.5697849641406,1.0002766944287744,0.0005511784738216899
1672.5767293628767,1672.5767293628767,0.9997593285897812,0.0005510575382122818
1672.583673761601,1672.583673761601,1.000677098691567,0.0005514421505142263
1672.5906181603023,1672.5906181603023,1.0000068311044343,0.0005516850221981067
1672.597562559003,1672.597562559003,0.9993090153773801,0.0005515615736437464
1672.6045069577049,1672.6045069577049,1.0002280591235369,0.0005521932477168087
1672.6114513564066,1672.6114513564066,0.999948078850905,0.0005522215411513035
1672.6183957551075,1672.6183957551075,0.9994478453563606,0.0005521835508020697
1672.6253401538088,1672.6253401538088,1.0003348898724083,0.0005526087558381735
1672.632284552452,1672.632284552452,1.0005505860782224,0.0005523136474662822
1672.6392289511527,1672.6392289511527,0.9998022170816325,0.0005524945888337846
1672.646173349854,1672.646173349854,1.0003005982213087,0.0005527640295230105
1672.6531177485317,1672.6531177485317,0.9994183383923158,0.0005524338134816953
1672.6600621471982,1672.6600621471982,1.0009293524293106,0.0005526299322029214
1672.6675620977724,1672.6675620977724,0.9998895816886062,0.0005525885830000179
1672.6753398242831,1672.6753398242831,0.9998652142445895,0.0005527560770118129
1672.6822842229608,1672.6822842229608,0.9991926058808491,0.0005526743791008378
1672.6892286216273,1672.6892286216273,0.9996861669808925,0.0005527044070253965
1672.696173020282,1672.696173020282,0.9997509621198961,0.0005526902895222277
1672.703117418948,1672.703117418948,1.000503654274243,0.0005532240241337502
1672.7100618176141,1672.7100618176141,1.00058172915424,0.0005532326975785237
1672.7170062162572,1672.7170062162572,1.0004703313226408,0.0005533350142395874
1672.723950614912,1672.723950614912,1.000181295287069,0.0005535525466603684
1672.7308950135553,1672.7308950135553,0.9994698701891809,0.0005529635801911836
1672.7378394122097,1672.7378394122097,0.9993461452420387,0.0005532250240511601
1672.7447838108528,1672.7447838108528,1.0001482865680107,0.0005531998594897338
1672.7517282094843,1672.7517282094843,0.9997213422066412,0.0005539522936666246
1672.758672608127,1672.758672608127,1.0002979398364953,0.0005540330392544747
1672.765617006747,1672.765617006747,0.9999056287850134,0.0005538580603557769
1672.7725614053895,1672.7725614053895,1.0009590229551248,0.000554560706683209
1672.7795058040215,1672.7795058040215,0.9999782771041794,0.0005546743116029113
1672.7864502026412,1672.7864502026412,0.9995441813095743,0.000554492240180892
1672.7933946012606,1672.7933946012606,0.9998711047866766,0.000554625721496598
1672.8003389998805,1672.8003389998805,0.9999096160707666,0.0005548902449273259
1672.8072833985002,1672.8072833985002,1.000061834070595,0.0005553250768229169
1672.8142277971085,1672.8142277971085,0.9999432549045528,0.0005558127721540275
1672.8211721957166,1672.8211721957166,1.0003818171368144,0.000555654207293819
1672.8281165943365,1672.8281165943365,1.0003434868877292,0.0005558993461229111
1672.8350609929325,1672.8350609929325,0.999141742498906,0.0005563250852934061
1672.8420053915288,1672.8420053915288,0.9999998779251544,0.0005564594611276625
1672.8489497901257,1672.8489497901257,1.0001372623721678,0.000556866795203112
1672.8558941887218,1672.8558941887218,0.9996402323845212,0.0005565560808432546
1672.8628385873185,1672.8628385873185,0.999894653261709,0.0005571723208860223
1672.869782985903,1672.869782985903,1.0001412058276278,0.0005572398203775697
1672.8767273844885,1672.8767273844885,1.0006404970837823,0.0005572823949281786
1672.8836717830732,1672.8836717830732,0.9996587909117383,0.0005570165316604867
1672.8906161816462,1672.8906161816462,1.0002843493459255,0.0005573243960827378
1672.897560580231,1672.897560580231,1.0004210688818334,0.0005580887982076732
1672.9045049788042,1672.9045049788042,1.0003869782275037,0.0005577554669231297
1672.9114493773773,1672.9114493773773,0.9994793012811316,0.0005574218133029087
1672.9183937759385,1672.9183937759385,0.9997423847935469,0.0005579037334825585
1672.9253381745118,1672.9253381745118,0.999669458084394,0.0005573331984541129
1672.9322825730735,1672.9322825730735,0.9996623158056479,0.0005574283986756569
1672.9392269716238,1672.9392269716238,1.0000856784425958,0.0005576593376183968
1672.946171370185,1672.946171370185,1.0004425067101823,0.000557839674212818
1672.953115768735,1672.953115768735,0.9996862768739797,0.0005574205592033458
1672.9600601672962,1672.9600601672962,1.0003874111878879,0.0005571931705157917
1672.9683934455284,1672.9683934455284,0.9996107784311612,0.0005570501067006198
1672.9753378440898,1672.9753378440898,1.000170806836887,0.000557067562135123
1672.9822822426163,1672.9822822426163,1.0000185063908993,0.0005568220873443591
1672.9892266411541,1672.9892266411541,0.9998718122730361,0.0005564767266039409
1672.9961710396929,1672.9961710396929,0.9998706554603695,0.0005562610940242651
1673.00311543822,1673.00311543822,1.0004428427318182,0.0005560487365267576
1673.0100598367462,1673.0100598367462,1.00056671474651,0.000556303845477038
1673.0170042352725,1673.0170042352725,0.9993868677996055,0.0005557420184439631
1673.0250597375448,1673.0250597375448,0.9997690972696713,0.0005556882129421983
1673.03228191202,1673.03228191202,1.0002956187377285,0.000555747142897197
1673.0392263105227,1673.0392263105227,1.0001961892456959,0.0005555154927491331
1673.0461707090376,1673.0461707090376,1.000470632268889,0.0005556923691599438
1673.0531151075527,1673.0531151075527,0.9998380606602308,0.0005554965150645449
1673.0600595060446,1673.0600595060446,0.9998155765409171,0.0005557344259394287
1673.0670039045483,1673.0670039045483,1.000427253552822,0.0005560128371752319
1673.073948303063,1673.073948303063,0.9996608843108282,0.0005551443122737442
1673.080892701543,1673.080892701543,0.9996178733337386,0.0005553039579760206
1673.0878371000465,1673.0878371000465,1.0002672418226124,0.0005552061843437489
1673.0947814985261,1673.0947814985261,1.00026893339356,0.0005554615339572525
1673.101725897018,1673.101725897018,0.9995693366820749,0.0005551524237388697
1673.1086702955095,1673.1086702955095,1.000347855973056,0.0005555400755265302
1673.115614693978,1673.115614693978,1.0006081925053347,0.0005556353427659786
1673.122559092458,1673.122559092458,0.9996108519907599,0.000555526671292908
1673.1295034909385,1673.1295034909385,0.9997334226935468,0.0005552329909148254
1673.1364478894066,1673.1364478894066,0.9998429884528098,0.000555377050511058
1673.143392287875,1673.143392287875,0.9998888951324132,0.0005555834664319312
1673.150336686332,1673.150336686332,1.0001800322342984,0.00055557286658176
1673.1575588607368,1673.1575588607368,1.0007040720172866,0.000555954771068034
1673.1656143629502,1673.1656143629502,0.9995949379107893,0.0005557433812762457
1673.1725587613957,1673.1725587613957,1.0000406808563187,0.0005562221267800426
1673.1795031598638,1673.1795031598638,0.9995419270834931,0.0005563679327964747
1673.1864475582977,1673.1864475582977,1.0006791860848476,0.000556287726892028
1673.193391956743,1673.193391956743,1.000002703740183,0.0005561684643164938
1673.2003363551994,1673.2003363551994,0.9995928641997803,0.0005566795179096682
1673.2072807536217,1673.2072807536217,1.0002794572900298,0.0005568461289446322
1673.2142251520665,1673.2142251520665,0.9993158561036557,0.0005568482759107133
1673.2211695504998,1673.2211695504998,0.99984459730569,0.0005568594260824306
1673.2281139489096,1673.2281139489096,1.0002687778201849,0.000557269477301158
1673.235058347355,1673.235058347355,0.9999321316409961,0.000556936878398634
1673.2420027457883,1673.2420027457883,0.9995193780106014,0.0005567684573887413
1673.2489471441986,1673.2489471441986,1.0006816787574668,0.0005569870370491126
1673.2558915426093,1673.2558915426093,1.0005229815567414,0.0005570913121303498
1673.2628359410191,1673.2628359410191,1.0001348359688809,0.0005571854644262717
1673.2697803394294,1673.2697803394294,0.9997133471871795,0.0005572374791415068
1673.2767247378397,1673.2767247378397,1.0002501460146125,0.0005570913475995448
1673.2836691362495,1673.2836691362495,0.9998449392648032,0.0005570470726501874
1673.2906135346598,1673.2906135346598,1.0003707538839222,0.0005570670159925848
1673.2975579330468,1673.2975579330468,0.9995528872226151,0.0005566853089398092
1673.304502331422,1673.304502331422,0.9993774322136553,0.0005566970420802056
1673.3114467298317,1673.3114467298317,1.0002183675584493,0.0005571035417267072
1673.3183911282194,1673.3183911282194,0.9997843195610093,0.0005566269760420845
1673.3253355265947,1673.3253355265947,0.9999815059885325,0.0005561236273490241
1673.3322799249934,1673.3322799249934,1.0001277660178851,0.0005562203584951723
1673.3392243233563,1673.3392243233563,1.000040611929466,0.0005563295434629723
1673.346168721732,1673.346168721732,0.9998802242250544,0.0005559560569388429
1673.3531131201187,1673.3531131201187,1.0008164217015214,0.0005560622149646809
1673.3600575184712,1673.3600575184712,0.9998216954144781,0.0005555344772965532
1673.3670019168462,1673.3670019168462,0.999920203790672,0.0005556227475620817
1673.3739463152094,1673.3739463152094,1.0004307318504773,0.0005557949118965202
1673.3808907135615,1673.3808907135615,1.0002319145803318,0.0005557857847438874
1673.3878351119256,1673.3878351119256,1.000204663936613,0.0005554363520060711
1673.3947795102772,1673.3947795102772,0.9998525396865885,0.0005554087251998878
1673.4017239086177,1673.4017239086177,1.0004348873582347,0.0005556186301608008
1673.4086683069697,1673.4086683069697,0.9992194173587012,0.0005555881504465435
1673.4156127053097,1673.4156127053097,0.9996383598719312,0.0005554361614611067
1673.4225571036502,1673.4225571036502,1.0007417278424353,0.0005559884223670316
1673.429501501979,1673.429501501979,0.9994904258871659,0.0005556372935790507
1673.436445900319,1673.436445900319,1.0001367112180437,0.0005560433007311434
1673.4433902986596,1673.4433902986596,0.9997408392432362,0.0005562097721716378
1673.4503346969655,1673.4503346969655,1.0005650618620225,0.0005561031374986062
1673.4572790953055,1673.4572790953055,0.9997985005355681,0.0005562135141205614
1673.4642234936114,1673.4642234936114,1.0000846906245155,0.0005567045471990843
1673.4711678919277,1673.4711678919277,0.9998666340455182,0.0005568368759162664
1673.4781122902452,1673.4781122902452,0.9999103819771771,0.0005568267357648652
1673.4850566885502,1673.4850566885502,0.9999532850054017,0.0005571520261750172
1673.4920010868675,1673.4920010868675,1.000202468711208,0.0005572665472245521
1673.4989454851725,1673.4989454851725,1.0002598359975623,0.0005576047493069061
1673.5058898834784,1673.5058898834784,0.9992672364413551,0.0005577510564031244
1673.5128342817723,1673.5128342817723,1.000307647944783,0.0005587458481524012
1673.519778680066,1673.519778680066,0.9999184229664951,0.0005588171256681462
1673.5267230783484,1673.5267230783484,1.0001867851236914,0.0005589031032713365
1673.5336674766415,1673.5336674766415,1.0002296947170755,0.0005589444921177136
1673.5406118749238,1673.5406118749238,1.0005988956314078,0.0005596368674911366
1673.5475562732058,1673.5475562732058,0.9999242994570479,0.0005598511463638728
1673.554500671476,1673.554500671476,1.000018366101381,0.0005603839408553637
1673.5614450697587,1673.5614450697587,0.998348225146384,0.0005606587118308622
1673.5683894680292,1673.5683894680292,0.9998987287446941,0.0005607051925366971
1673.5753338662885,1673.5753338662885,1.0000410847708099,0.0005614272089813063
1673.5822782645587,1673.5822782645587,1.0003372163304345,0.0005617211078426645
1673.5892226628173,1673.5892226628173,1.0006311495599245,0.0005618174607201063
1673.5961670610882,1673.5961670610882,1.0004030211473203,0.0005624179244580423
1673.6031114593236,1673.6031114593236,0.9993826594015951,0.0005623629157141824
1673.6100558575822,1673.6100558575822,1.0004424966626038,0.000563246589579147
1673.6170002558295,1673.6170002558295,1.0003263627031478,0.0005631424432792079
1673.6239446540767,1673.6239446540767,0.99992814891836,0.0005634532356453827
1673.6308890523119,1673.6308890523119,0.99984548516416,0.0005634163273205572
1673.6378334505484,1673.6378334505484,0.9998884798978261,0.0005639127693598776
1673.6447778487836,1673.6447778487836,1.0003159557539665,0.0005637688365545848
1673.6517222470193,1673.6517222470193,0.9997240037001458,0.0005644407914152703
1673.6586666452429,1673.6586666452429,0.9992529061361036,0.000564378380929179
1673.665611043467,1673.665611043467,0.9997208305875933,0.000564818954867035
1673.672555441691,1673.672555441691,1.000296937567628,0.0005651964821202424
1673.679499839903,1673.679499839903,1.0003709370368723,0.0005652447679317548
1673.686444238127,1673.686444238127,1.0010180527106778,0.0005658564517788156
1673.6933886363277,1673.6933886363277,1.0002678621961496,0.0005654485568422456
1673.70033303454,1673.70033303454,0.9991306703219098,0.0005654099120881506
1673.7072774327291,1673.7072774327291,0.9998355199722472,0.000566003288848746
1673.7142218309414,1673.7142218309414,1.000006768655002,0.0005659435766570562
1673.7211662291418,1673.7211662291418,0.9994249307963056,0.0005657599099111131
1673.7281106273308,1673.7281106273308,0.9998538276971344,0.0005661497847015346
1673.73505502552,1673.73505502552,0.9996946423571448,0.0005660191457756582
1673.7419994237086,1673.7419994237086,1.0010839641991198,0.0005666335511356963
1673.7489438218865,1673.7489438218865,0.9999129900562146,0.0005665766253556241
1673.7558882200751,1673.7558882200751,0.999582683175877,0.0005665982459159156
1673.762832618241,1673.762832618241,1.000095928044264,0.0005668963689882561
1673.7697770164184,1673.7697770164184,1.0004544909337632,0.0005676117510068314
1673.7767214145842,1673.7767214145842,1.000544875672229,0.00056720229294901
1673.7836658127617,1673.7836658127617,0.9995498909642274,0.0005673702376699817
1673.790610210927,1673.790610210927,1.0000337225725238,0.0005675693137262404
1673.7975546090697,1673.7975546090697,1.000700863901477,0.0005682040495012644
1673.804499007235,1673.804499007235,1.0003607351828383,0.0005679920232918104
1673.8114434053891,1673.8114434053891,0.9995954701902052,0.0005682997051762015
1673.8183878035318,1673.8183878035318,0.9988809076224406,0.0005684406691270833
1673.8253322016858,1673.8253322016858,0.9997925277286465,0.0005687904700620797
1673.8322765998284,1673.8322765998284,1.0011251507637975,0.0005691587538405738
1673.8392209979477,1673.8392209979477,0.9998296718295698,0.000569123860253797
1673.8461653961135,1673.8461653961135,0.999531158142019,0.0005694728415587943
1673.853109794244,1673.853109794244,1.0003793485788417,0.0005699717556323341
1673.860054192363,1673.860054192363,1.0001671963970018,0.0005694864867187577
1673.8669985904824,1673.8669985904824,1.0000583981829787,0.0005697157931979988
1673.8739429886014,1673.8739429886014,0.9999814765281554,0.0005697665198432305
1673.8808873867206,1673.8808873867206,0.9999288356135827,0.0005696229227923099
1673.8878317848398,1673.8878317848398,1.000088133725302,0.0005697617957629599
1673.8947761829593,1673.8947761829593,0.9995713765374072,0.0005695914597698317
1673.9017205810783,1673.9017205810783,1.0008142225451462,0.0005695538409874408
1673.9086649791393,1673.9086649791393,0.9994422974575803,0.0005691594465159598
1673.9156093772585,1673.9156093772585,0.99971213171067,0.0005693126050510839
1673.9225537753773,1673.9225537753773,1.0006574582121701,0.0005693556283711953
1673.9294981734383,1673.9294981734383,0.9996762267375308,0.0005696198993112962
1673.936442571557,1673.936442571557,1.000577787127964,0.0005692767108936921
1673.9433869696181,1673.9433869696181,1.0002906469005481,0.0005690174406601797
1673.9503313677146,1673.9503313677146,0.9993952937329371,0.0005686944617954101
1673.9572757657984,1673.9572757657984,0.9991865755337119,0.0005685149333126519
1673.9642201638599,1673.9642201638599,1.0002341428789832,0.0005683180086141906
1673.9711645619439,1673.9711645619439,0.999879425857735,0.0005682305706512057
1673.9781089600044,1673.9781089600044,0.9998483958332681,0.0005681150823146507
1673.985053358077,1673.985053358077,0.9999712589819465,0.0005679655452542536
1673.991997756138,1673.991997756138,1.000547758804443,0.0005674757059067825
1673.9989421541989,1673.9989421541989,1.000114088108179,0.0005671417887731535
1674.0058865522485,1674.0058865522485,1.000401731792929,0.0005671656306325999
1674.0128309503095,1674.0128309503095,1.0004745985759427,0.0005669060262569472
1674.0197753483585,1674.0197753483585,0.9998789658762481,0.0005668705600432956
1674.0267197463968,1674.0267197463968,0.9997389451519088,0.0005668183119801991
1674.0336641444342,1674.0336641444342,1.0000979262207643,0.0005663933070465777
1674.0406085424715,1674.0406085424715,0.9990882732360851,0.000566132622682331
1674.0475529405091,1674.0475529405091,0.9988798908594976,0.00056606558367577
1674.0544973385354,1674.0544973385354,0.9998661099130317,0.0005660436291366441
1674.0614417365614,1674.0614417365614,1.0003335327724194,0.0005662063217382329
1674.0683861345758,1674.0683861345758,0.9994839890577605,0.0005659394014168647
1674.075330532602,1674.075330532602,0.9992728851282955,0.0005657547918317404
1674.082274930628,1674.082274930628,1.000932067440318,0.0005662684031948539
1674.0892193286304,1674.0892193286304,1.0000466570662394,0.0005660497468948537
1674.096163726645,1674.096163726645,1.0007544653222609,0.0005656623945938096
1674.103108124648,1674.103108124648,0.9999921363921309,0.0005660984662981935
1674.1100525226502,1674.1100525226502,0.9996059050046788,0.0005656654896526984
1674.1169969206417,1674.1169969206417,0.9996122738144866,0.0005656378406213601
1674.1239413186327,1674.1239413186327,1.0001957681886087,0.0005662475080427187
1674.1308857166355,1674.1308857166355,1.000044588481567,0.0005661883334060357
1674.1378301146153,1674.1378301146153,0.999646419558848,0.0005656857422558419
1674.144774512606,1674.144774512606,0.998818447375071,0.0005660048751501398
1674.1517189105853,1674.1517189105853,1.0012906134415875,0.0005666340139337269
1674.1586633085649,1674.1586633085649,1.001001744744905,0.0005673425510176652
1674.1656077065327,1674.1656077065327,0.9998153764461029,0.000566580398663953
1674.1725521045005,1674.1725521045005,0.999632658619946,0.000566473325269834
1674.1794965024565,1674.1794965024565,1.0002122367534463,0.0005670149496200606
1674.1864409004243,1674.1864409004243,1.0000752069957932,0.0005668456428763815
1674.1933852983807,1674.1933852983807,1.000697558227906,0.0005672263707034377
1674.2003296963371,1674.2003296963371,0.9996485491580085,0.000567013585027466
1674.207274094293,1674.207274094293,0.9987176719826266,0.0005672943414500695
1674.2142184922377,1674.2142184922377,1.0001665901834955,0.0005676154252388413
1674.2211628901703,1674.2211628901703,1.0007588243527195,0.0005675076360388386
1674.2281072881149,1674.2281072881149,0.9998098243292844,0.000567354920657322
1674.2350516860479,1674.2350516860479,1.0000164922286516,0.0005676956731166311
1674.241996083992,1674.241996083992,1.0004878821549348,0.0005680719248742246
1674.2489404819135,1674.2489404819135,1.0000378843267215,0.0005674030855895517
1674.255884879835,1674.255884879835,0.9995197862783913,0.0005677134642572865
1674.2628292777677,1674.2628292777677,0.999947821464428,0.0005673930252619026
1674.2697736756659,1674.2697736756659,1.0006987969595653,0.0005676328057523582
1674.276718073587,1674.276718073587,0.9996463186208873,0.0005676121811016715
1674.2836624714969,1674.2836624714969,1.0001193037128382,0.0005673835472215013
1674.2906068693949,1674.2906068693949,0.9996909099776647,0.0005671824312007417
1674.2975512673042,1674.2975512673042,0.9990133220278178,0.0005668336030931469
1674.3044956652018,1674.3044956652018,1.0005923826142187,0.0005667757691567703
1674.3114400630998,1674.3114400630998,1.000566232628145,0.0005667295024216131
1674.3183844609866,1674.3183844609866,0.9994748350630779,0.0005660874224582441
1674.3253288588726,1674.3253288588726,1.0000009392429159,0.0005663390148605747
1674.3322732567594,1674.3322732567594,1.000157172064655,0.000565932544669828
1674.3392176546452,1674.3392176546452,1.000352111705493,0.0005657202100484254
1674.3461620525202,1674.3461620525202,1.0003733698656203,0.0005653076243983967
1674.353106450383,1674.353106450383,0.9994104867485246,0.0005646900327717327
1674.3600508482693,1674.3600508482693,0.9999140293932187,0.0005645868380860679
1674.3669952461205,1674.3669952461205,1.0000700078465798,0.0005646234802031255
1674.373939643984,1674.373939643984,0.9999720731837961,0.0005644322674823905
1674.3808840418358,1674.3808840418358,0.999730571917221,0.000564197097642145
1674.3878284396985,1674.3878284396985,1.000329607103806,0.000564043727777952
1674.3947728375267,1674.3947728375267,1.0009351691413513,0.0005641728800899335
1674.401717235401,1674.401717235401,0.999198608006272,0.0005638234207011618
1674.408661633241,1674.408661633241,0.9999801369906471,0.0005641990693406675
1674.4156060310688,1674.4156060310688,1.000055856695013,0.0005643623259351056
1674.422550428897,1674.422550428897,1.000172971392735,0.0005643917434978053
1674.4294948267247,1674.4294948267247,0.9991551276585746,0.0005642078033710738
1674.4364392245534,1674.4364392245534,0.999778889071466,0.0005643786135154501
1674.443383622382,1674.443383622382,0.9999992775224091,0.0005645666147487741
1674.4503280202098,1674.4503280202098,1.0001133067429662,0.0005649053667385986
1674.457272418038,1674.457272418038,1.0008152156963146,0.0005650792468840607
1674.4642168158193,1674.4642168158193,1.0003333999404724,0.0005653321555889194
1674.4711612136357,1674.4711612136357,0.9991417514240654,0.0005652263433925978
1674.4781056114523,1674.4781056114523,1.00002652636789,0.0005654329849000405
1674.4850500092336,1674.4850500092336,1.0006783349274817,0.000566245589207614
1674.4919944070384,1674.4919944070384,0.9998063328227141,0.0005667273014451051
1674.4989388048318,1674.4989388048318,0.9995057845664134,0.000566803416339127
1674.5058832026139,1674.5058832026139,1.0008685853395196,0.0005673996600064361
1674.5128276004066,1674.5128276004066,0.9997559872764572,0.0005679153861880089
1674.5197719981884,1674.5197719981884,0.999693884184088,0.0005681001605241378
1674.5267163959584,1674.5267163959584,0.9997598707170271,0.0005690788325976702
1674.533660793728,1674.533660793728,0.9994897268711025,0.0005689833028979085
1674.540605191498,1674.540605191498,1.0002751773069525,0.0005697396871196729
1674.5475495892679,1674.5475495892679,1.000685490532428,0.0005702502830455895
1674.5544939870263,1674.5544939870263,0.9997782859384159,0.0005706863256778821
1674.5614383847847,1674.5614383847847,0.9997185851386801,0.0005710181936189979
1674.5683827825426,1674.5683827825426,0.999610713861544,0.000571711617772744
1674.5753271802776,1674.5753271802776,1.0002280515603303,0.0005725743393509701
1674.5822715780355,1674.5822715780355,0.9997680362688927,0.0005730191005747296
1674.589215975771,1674.589215975771,1.000671550139789,0.0005732905042420988
1674.5961603735173,1674.5961603735173,0.9998271093318072,0.0005742919052874806
1674.6031047712409,1674.6031047712409,0.9995469284339846,0.000574875446228245
1674.6100491689758,1674.6100491689758,0.9997371174085439,0.0005752869900296685
1674.6169935666992,1674.6169935666992,1.0004276766853333,0.0005755328186750359
1674.623937964423,1674.623937964423,1.0002924655249992,0.0005760846375540204
1674.6308823621343,1674.6308823621343,0.9996888805519639,0.0005760211734670783
1674.637826759846,1674.637826759846,0.9995076012585008,0.0005763677605639546
1674.6447711575577,1674.6447711575577,1.0001104830210923,0.0005765731001704262
1674.6517155552579,1674.6517155552579,0.9999518578442093,0.0005773451157058231
1674.6586599529692,1674.6586599529692,1.000454709928889,0.0005778909521404551
1674.6656043506578,1674.6656043506578,0.9996036971480755,0.0005779408758074851
1674.672548748369,1674.672548748369,1.0005240849675836,0.0005780424869097593
1674.6794931460468,1674.6794931460468,0.9998541531383927,0.0005782658440679553
1674.6864375437349,1674.6864375437349,1.0001594208089455,0.000578456999185297
1674.6933819414112,1674.6933819414112,0.9996257169567541,0.0005787310176169181
1674.7003263391002,1674.7003263391002,0.999809952593963,0.0005785927926438415
1674.707270736765,1674.707270736765,1.0003432150744636,0.0005791575133464752
1674.71421513443,1674.71421513443,0.9995464419872327,0.0005788672380461955
1674.7211595320955,1674.7211595320955,1.0005706398316323,0.0005791348137753865
1674.7281039297602,1674.7281039297602,0.9996518371731848,0.0005788604733740899
1674.7350483274138,1674.7350483274138,0.9987596872719507,0.0005790309050947046
1674.7419927250678,1674.7419927250678,1.000417925419074,0.0005791614637296827
1674.748937122721,1674.748937122721,1.0002445674153173,0.0005790621948057277
1674.755881520363,1674.755881520363,1.000048261569131,0.0005789600256359093
1674.7628259180165,1674.7628259180165,0.9998711253381458,0.0005789253983954939
1674.7697703156464,1674.7697703156464,1.0001405380792234,0.0005792405404391655
1674.7767147132768,1674.7767147132768,1.001126937692365,0.000579484447834667
1674.783659110907,1674.783659110907,0.9991779196159832,0.0005792387717450376
1674.7906035085252,1674.7906035085252,1.0003196021408551,0.0005795116263140268
1674.7975479061558,1674.7975479061558,1.0005573983097045,0.0005796981844316167
1674.8044923037626,1674.8044923037626,0.9998266310232969,0.0005799323638931134
1674.81143670137,1674.81143670137,1.0003921360462056,0.000580641571475525
1674.8183810989765,1674.8183810989765,0.9989749386673165,0.0005802943749331385
1674.8253254965953,1674.8253254965953,0.9994265113411448,0.0005804808015202683
1674.8322698941906,1674.8322698941906,0.9995708343462697,0.0005808628945406486
1674.8392142917855,1674.8392142917855,1.000694988762937,0.0005812868896013249
1674.8461586893693,1674.8461586893693,1.0001043921402042,0.0005813215437983749
1674.8531030869642,1674.8531030869642,0.9989749560279305,0.0005814379112232023
1674.8600474845484,1674.8600474845484,1.00027109729004,0.0005816434150300756
1674.8669918821204,1674.8669918821204,1.0001177391483633,0.0005815224950099251
1674.8739362796925,1674.8739362796925,0.9999986152879063,0.0005818400504233589
1674.8808806772759,1674.8808806772759,0.9996019845862275,0.0005816216808342537
1674.8878250748244,1674.8878250748244,0.9998301440827781,0.0005816750227792188
1674.8947694723968,1674.8947694723968,1.0000295447333216,0.0005813869394331942
1674.901713869957,1674.901713869957,1.0007584666450293,0.0005819280216362503
1674.908658267494,1674.908658267494,0.9992498747094636,0.0005811689824134419
1674.9156026650314,1674.9156026650314,1.000136067099791,0.0005809162535986608
1674.9225470626152,1674.9225470626152,1.0008330214429455,0.0005810524702410235
1674.9294914601637,1674.9294914601637,0.9994556858714871,0.000580939433883302
1674.9364358577009,1674.9364358577009,1.0003470782651802,0.0005806683991596493
1674.9433802552146,1674.9433802552146,1.0001911141079394,0.0005805577427906016
1674.9503246527165,1674.9503246527165,0.999665471909271,0.0005799181595991204
1674.9572690502537,1674.9572690502537,0.9996537801738258,0.0005798666555042774
1674.9642134477904,1674.9642134477904,0.9997697065910277,0.0005792779283528915
1674.971157845293,1674.971157845293,0.9997379464824998,0.000579127716710334
1674.978102242807,1674.978102242807,0.9998517672033849,0.0005784728652501441
1674.985046640309,1674.985046640309,1.0002118201705665,0.0005784993829949654
1674.9919910378226,1674.9919910378226,1.000241429970326,0.0005777230777993719
1674.9989354353015,1674.9989354353015,1.0004636533890312,0.0005775273689884921
1675.0058798328034,1675.0058798328034,1.0000439312688472,0.0005770869235726145
1675.012824230294,1675.012824230294,0.9996265607631653,0.0005767465194333491
1675.0197686277847,1675.0197686277847,1.0002430669158238,0.0005762927582241885
1675.0267130252632,1675.0267130252632,0.9999966908403195,0.0005762854010242375
1675.0336574227308,1675.0336574227308,1.0000452334105272,0.0005758195243941407
1675.0406018202098,1675.0406018202098,0.9991941690404353,0.0005754746246706991
1675.0475462176769,1675.0475462176769,1.000143318602144,0.00057582449526651
1675.0544906151445,1675.0544906151445,0.99991342334914,0.0005753169181120178
1675.0614350125882,1675.0614350125882,1.0004280128130012,0.0005752310561046679
1675.0683794100555,1675.0683794100555,1.0008662105811512,0.0005750853979600545
1675.075323807499,1675.075323807499,0.9999135895708292,0.0005743006114020205
1675.0822682049547,1675.0822682049547,0.999760997515858,0.0005748195505612087
1675.0892126023875,1675.0892126023875,0.9990114478886982,0.0005741287862877922
1675.0961569998312,1675.0961569998312,1.0002122724228184,0.00057436463624772
1675.1031013972522,1675.1031013972522,1.0006247592167479,0.0005747720365946172
1675.1100457946843,1675.1100457946843,0.9993231830397284,0.0005742985253561746
1675.1169901921046,1675.1169901921046,1.000215925716106,0.0005740602438630548
1675.123934589525,1675.123934589525,0.9998679538463395,0.0005736120417038474
1675.130878986946,1675.130878986946,1.0004829959434116,0.0005738918651609772
1675.1378233843432,1675.1378233843432,1.000185448883967,0.0005738866053239126
1675.1447677817644,1675.1447677817644,0.9997945374769133,0.0005740127198075569
1675.15171217915,1675.15171217915,1.000223841538462,0.0005739951759056938
1675.1586565765472,1675.1586565765472,0.9992942127698505,0.0005736628283284363
1675.1656009739334,1675.1656009739334,1.0004896669259822,0.0005738259747510626
1675.1725453713304,1675.1725453713304,0.9994186295268562,0.0005742235558944935
1675.179489768716,1675.179489768716,1.0009169632548172,0.0005737945403284005
1675.1864341660905,1675.1864341660905,1.0003028966843157,0.0005741517884718594
1675.193378563476,1675.193378563476,0.9990126414410334,0.000574061644041751
1675.2003229608385,1675.2003229608385,1.0011193711238664,0.000574379834074896
1675.207267358201,1675.207267358201,0.9997795179647351,0.0005743312846259123
1675.2142117555636,1675.2142117555636,0.9999097514792983,0.0005740523489768878
1675.2211561529143,1675.2211561529143,0.9994618219958327,0.0005744491859667868
1675.2281005502653,1675.2281005502653,0.9993285373800589,0.0005743479188922041
1675.2350449476276,1675.2350449476276,1.0011411648063107,0.0005742473166247683
1675.2419893449667,1675.2419893449667,1.000320598740176,0.0005741623588802596
1675.248933742294,1675.248933742294,1.0001950371074586,0.0005742491748425289
1675.2558781396215,1675.2558781396215,1.0001789285535363,0.0005738718807352067
1675.2628225369613,1675.2628225369613,1.0000641895091704,0.0005736961315875537
1675.2697669342767,1675.2697669342767,0.9990058271127454,0.0005736025957661106
1675.2767113315927,1675.2767113315927,0.9998489709558674,0.0005734285762944431
1675.2836557289204,1675.2836557289204,1.0004002333300908,0.000573544787521851
1675.2906001262243,1675.2906001262243,1.0007894438115885,0.0005736100115778522
1675.2975445235286,1675.2975445235286,0.9995353472544016,0.0005726597793081794
1675.3044889208213,1675.3044889208213,1.000081348804163,0.0005726872623515318
1675.3114333181252,1675.3114333181252,0.9992637813412305,0.0005720568783513329
1675.3183777154184,1675.3183777154184,1.000750169341933,0.0005720546420812267
1675.3253221126993,1675.3253221126993,0.9996612408522182,0.0005716661920203262
1675.3322665099804,1675.3322665099804,1.00008861150165,0.0005715024255188801
1675.3392109072731,1675.3392109072731,0.9996062144429565,0.0005709564436404596
1675.3461553045304,1675.3461553045304,1.0002516287455863,0.0005707980262992938
1675.3530997017995,1675.3530997017995,1.0001183559710065,0.0005709573471339744
1675.3600440990808,1675.3600440990808,1.0004943610776071,0.0005704634670872122
1675.3669884963263,1675.3669884963263,0.9999314786321577,0.000570681763977185
1675.3739328935728,1675.3739328935728,1.0003291601275817,0.0005700484509211756
1675.3808772908192,1675.3808772908192,0.999858813269378,0.0005699480312352302
1675.3878216880653,1675.3878216880653,1.0000762510611465,0.0005698730398500839
1675.3947660853107,1675.3947660853107,0.9996181454980435,0.0005697613544763034
1675.4017104825568,1675.4017104825568,0.9994715305008061,0.0005696671496212255
1675.4086548797684,1675.4086548797684,1.000032932118889,0.0005699247413810449
1675.417543708208,1675.417543708208,1.0005119975788823,0.0005699426357551819
1675.432265830323,1675.432265830323,1.0008798612077228,0.0005702780771863389
1675.4392102275228,1675.4392102275228,0.9997275916645183,0.0005702101969374697
1675.4461546247342,1675.4461546247342,0.9995815059621334,0.0005703366394841056
1675.4530990219332,1675.4530990219332,1.000154852983341,0.0005703279128152635
1675.4600434191211,1675.4600434191211,0.9995266423658341,0.0005710462684262935
1675.4669878163088,1675.4669878163088,1.000791027500409,0.0005708761867495198
1675.4747655411545,1675.4747655411545,1.0003949606646105,0.0005712762615407396
1675.4822654901102,1675.4822654901102,0.9997403985387521,0.0005716057872192192
1675.4892098872867,1675.4892098872867,1.0006167034225701,0.0005718794589146553
1675.4967098362195,1675.4967098362195,0.9997701016507854,0.0005720365661056276
1675.5044875610536,1675.5044875610536,1.0000537735552393,0.0005728344906115784
1675.5114319582067,1675.5114319582067,1.000161746288855,0.0005732974736434632
1675.519487458907,1675.519487458907,1.0000478203464005,0.000573952619159287
1675.526709631938,1675.526709631938,1.0000952488385642,0.0005746060619356403
1675.5342095808471,1675.5342095808471,0.9991853148081986,0.0005749682145579401
1675.541987305646,1675.541987305646,0.9999981006508225,0.000575371586283064
1675.5489317027764,1675.5489317027764,1.0003431105485499,0.0005757139495206477
1675.555876099906,1675.555876099906,0.9995925855081443,0.0005763687411556602
1675.5628204970242,1675.5628204970242,0.9999645443277687,0.000576589747007066
1675.5697648941416,1675.5697648941416,1.0000446350802301,0.000577304220781421
1675.5767092912483,1675.5767092912483,0.9997195748665406,0.0005776316388428224
1675.5836536883544,1675.5836536883544,1.0001160874958106,0.0005779653669833911
1675.590598085449,1675.590598085449,1.0001506261476325,0.0005790489811157882
1675.5975424825556,1675.5975424825556,1.0007647227226477,0.0005789782815196689
1675.6044868796503,1675.6044868796503,1.000324096662922,0.0005794826075986284
1675.6114312767336,1675.6114312767336,0.9994629553444847,0.0005799167169825247
1675.6183756738167,1675.6183756738167,1.0002648858888725,0.0005801388438214265
1675.6253200708877,1675.6253200708877,0.9991060461682005,0.0005801373878380593
1675.6322644679592,1675.6322644679592,1.0005632887597384,0.0005809066134395906
1675.6392088650307,1675.6392088650307,0.999611269615538,0.0005810212213467954
1675.6461532620906,1675.6461532620906,0.9993141222935151,0.000581318386481887
1675.6530976591384,1675.6530976591384,1.0009318273698782,0.0005816222234825976
1675.6600420561867,1675.6600420561867,0.9996324067295832,0.0005817717503383702
1675.6669864532464,1675.6669864532464,1.0009855283389755,0.0005819697198095055
1675.6739308502715,1675.6739308502715,0.99917550292165,0.000582075558536064
1675.6808752473196,1675.6808752473196,0.9998814423602196,0.0005821232747446535
1675.6878196443442,1675.6878196443442,1.0004657378222193,0.0005820639355484573
1675.6947640413696,1675.6947640413696,1.0005302133218583,0.0005821155928508636
1675.7017084383938,1675.7017084383938,0.998803307596221,0.0005818001260860583
1675.7086528354073,1675.7086528354073,0.9990126107050894,0.0005817972010875104
1675.715597232409,1675.715597232409,1.000758920760091,0.0005820377339615969
1675.7225416294223,1675.7225416294223,1.0000397147018987,0.0005819440967618385
1675.7294860264124,1675.7294860264124,1.0000270368577269,0.0005821346167125875
1675.7364304234136,1675.7364304234136,0.9997783435701522,0.0005822632782119692
1675.7433748204035,1675.7433748204035,1.000416111703076,0.0005819809582555134
1675.750319217382,1675.750319217382,0.9999050145972538,0.0005824077159073273
1675.7572636143486,1675.7572636143486,1.0000536643683968,0.0005825968659618773
1675.7642080113499,1675.7642080113499,0.9997996772952762,0.0005824727545525852
1675.771152408305,1675.771152408305,0.9994538452906285,0.0005827716702172895
1675.7780968052605,1675.7780968052605,1.0005097406373735,0.0005826619292081053
1675.785041202215,1675.785041202215,0.9998354770758325,0.0005824466882419687
1675.7919855991702,1675.7919855991702,1.0008042465525742,0.0005827216069238433
1675.798929996125,1675.798929996125,0.9991556510884241,0.0005827365551470093
1675.8058743930687,1675.8058743930687,1.0006561175931334,0.0005830329201794036
1675.812818789977,1675.812818789977,0.9994677520238804,0.0005831748173596118
1675.8197631869316,1675.8197631869316,0.9997642070829125,0.0005836230811999905
1675.8267075838405,1675.8267075838405,0.9996708662473865,0.0005836950934232754
1675.833651980772,1675.833651980772,1.0004568689377595,0.000584312620154075
1675.8405963776809,1675.8405963776809,1.0010123454454276,0.0005843760682898464
1675.8475407745889,1675.8475407745889,0.9993737174874981,0.0005842283690008287
1675.8544851714857,1675.8544851714857,1.0000657029267834,0.0005845865707603458
1675.8614295683942,1675.8614295683942,0.9997499954672092,0.0005850336102239514
1675.8683739652793,1675.8683739652793,1.0005924625304128,0.0005850752645088754
1675.8753183621761,1675.8753183621761,0.9996870931989663,0.0005850832203735671
1675.8822627590496,1675.8822627590496,0.9996760378038694,0.0005849773292890679
1675.8892071559235,1675.8892071559235,0.9995060656001146,0.0005850036258850717
1675.8961515527967,1675.8961515527967,0.9994920104881995,0.0005850408452676718
1675.9030959496588,1675.9030959496588,1.0003609319707063,0.0005849701380836144
1675.9100403465086,1675.9100403465086,1.0009778330193437,0.0005853065887606622
1675.916984743371,1675.916984743371,0.9999614779563905,0.0005845872475891502
1675.923929140221,1675.923929140221,1.0002995268678643,0.0005848265328464713
1675.930873537071,1675.930873537071,1.0000144071304233,0.0005844440035850602
1675.9378179338978,1675.9378179338978,0.9992964879822678,0.0005840378118632297
1675.944762330737,1675.944762330737,0.9998880115377154,0.0005837396911256672
1675.951706727564,1675.951706727564,1.0000851029276523,0.00058328094063256
1675.9586511243906,1675.9586511243906,1.0002986093138664,0.0005829310920421455
1675.9655955211942,1675.9655955211942,1.000230912299044,0.0005833578487084645
1675.9725399180097,1675.9725399180097,0.9993954553915698,0.0005822396460453316
1675.9794843148134,1675.9794843148134,0.9999988569762879,0.0005815932427217566
1675.9864287116052,1675.9864287116052,0.9993692479304622,0.0005814464689997239
1675.9933731084086,1675.9933731084086,1.0005697004741925,0.0005807901813644673
1676.0003175051897,1676.0003175051897,1.0004038443740912,0.0005806672232061417
1676.0072619019697,1676.0072619019697,0.9994494658083,0.0005800253099806567
1676.0142062987386,1676.0142062987386,1.00012612314918,0.0005795205331347955
1676.0211506955188,1676.0211506955188,1.0001761227957382,0.0005791898903492602
1676.0280950922875,1676.0280950922875,1.0008807667471895,0.0005790782590619623
1676.0350394890447,1676.0350394890447,1.0002522505727414,0.0005786113514318166
1676.04198388579,1676.04198388579,0.9993697471340452,0.0005782984473893753
1676.0489282825354,1676.0489282825354,0.9994375711740557,0.0005779385357884279
1676.055872679281,1676.055872679281,0.9996503743586826,0.0005777178389153226
1676.062817076015,1676.062817076015,1.0007104522973764,0.0005770491085503226
1676.0697614727487,1676.0697614727487,0.999467124304098,0.0005769056506419193
1676.0767058694714,1676.0767058694714,1.0000385405548395,0.0005765455158595438
1676.0836502661932,1676.0836502661932,1.000174435142823,0.0005767185435195002
1676.0905946629034,1676.0905946629034,1.0000210154519835,0.0005758595897619558
1676.0975390596025,1676.0975390596025,1.000119066765183,0.0005754471014316363
1676.1044834563247,1676.1044834563247,1.0000300425017106,0.0005753583691526975
1676.1114278529888,1676.1114278529888,0.9998995132050755,0.0005750768454754364
1676.118372249711,1676.118372249711,1.000411627713744,0.0005752210372020523
1676.125316646375,1676.125316646375,0.9999217177124249,0.0005749099127356275
1676.132261043039,1676.132261043039,1.0002386348803332,0.0005748001381213013
1676.1392054397027,1676.1392054397027,0.9997766690564236,0.0005742328777676386
1676.1461498363667,1676.1461498363667,0.9994625678836373,0.0005742355720086732
1676.1530942330305,1676.1530942330305,0.99994313231834,0.0005746465685382399
1676.1600386296948,1676.1600386296948,1.0003041059857416,0.0005743620725331294
1676.1669830263588,1676.1669830263588,1.000576664837952,0.0005741612220258641
1676.1739274229992,1676.1739274229992,0.9993836426919647,0.0005743585717114709
1676.1808718196285,1676.1808718196285,0.9999958377782161,0.0005744741577860617
1676.1878162162575,1676.1878162162575,0.9995817045966235,0.000574099845155337
1676.1947606128865,1676.1947606128865,1.000392693086356,0.000574537709569602
1676.2017050095037,1676.2017050095037,1.000124159820866,0.0005740392874356813
1676.208649406109,1676.208649406109,0.9997451396475385,0.0005743832312570537
1676.2155938027274,1676.2155938027274,1.0003626388934737,0.0005745307999725199
1676.2225381993212,1676.2225381993212,1.0000657588466835,0.0005746087379124912
1676.2294825959154,1676.2294825959154,1.0001342000641205,0.0005749263614127498
1676.2364269925097,1676.2364269925097,0.999635145068282,0.0005745728416401343
1676.2433713890919,1676.2433713890919,1.000105134406238,0.0005743708085239876
1676.2503157856627,1676.2503157856627,1.0003054634383604,0.0005746107774786635
1676.2572601822335,1676.2572601822335,1.0001199305943391,0.0005747517229423482
1676.264204578804,1676.264204578804,0.9991792675441227,0.0005746356094335198
1676.2711489753524,1676.2711489753524,0.999301998457583,0.0005740375530619082
1676.2780933718998,1676.2780933718998,0.9999471975707808,0.000574208965956902
1676.285037768447,1676.285037768447,1.000655238635368,0.0005740758385288636
1676.2919821649834,1676.2919821649834,1.000968187480822,0.0005736103877899175
1676.2989265615186,1676.2989265615186,1.000062318094872,0.0005736496077616229
1676.305870958055,1676.305870958055,0.9997403640518258,0.0005730681296842774
1676.3128153545672,1676.3128153545672,1.0002591771044984,0.0005733209219488538
1676.3197597510916,1676.3197597510916,0.9996857399699645,0.0005731197016534392
1676.326704147581,1676.326704147581,0.9999299092834333,0.0005727970250244175
1676.3336485440936,1676.3336485440936,0.9992335237313705,0.0005724207569746388
1676.3405929405835,1676.3405929405835,1.0000764361058727,0.0005717706235738126
1676.3475373370725,1676.3475373370725,1.0005260348598226,0.000571778862806794
1676.3544817335503,1676.3544817335503,1.000969560576468,0.0005717032850708701
1676.3614261300395,1676.3614261300395,0.9992051609269439,0.000571054540721747
1676.3683705265055,1676.3683705265055,0.9998266405407927,0.0005706749658726748
1676.3753149229717,1676.3753149229717,0.9994933302715016,0.0005705150085384763
1676.382259319426,1676.382259319426,1.0007377050310353,0.0005708770772611061
1676.389203715869,1676.389203715869,0.9999774633411235,0.000570515471282759
1676.396148112323,1676.396148112323,0.9998159922023939,0.00057047365891829
1676.4030925087548,1676.4030925087548,1.0003962736560954,0.0005703188635758155
1676.4100369051855,1676.4100369051855,1.0007341991253138,0.0005705751479334576
1676.4169813016165,1676.4169813016165,0.9999958487998324,0.0005703829005161271
1676.4239256980363,1676.4239256980363,1.0001830138817547,0.0005705391754171622
1676.4308700944555,1676.4308700944555,0.9996208922306333,0.000570100158760619
1676.4378144908405,1676.4378144908405,0.9997434569140259,0.0005700664338002663
1676.4447588872713,1676.4447588872713,0.9997687763178439,0.0005703987762321301
1676.4517032836443,1676.4517032836443,0.9996213881941948,0.0005707518503981538
1676.4586476800173,1676.4586476800173,0.9999059062506184,0.0005708109279612988
1676.46559207639,1676.46559207639,1.0007728609343498,0.0005707890478385289
1676.472536472763,1676.472536472763,1.0000207055042325,0.0005710885803664915
1676.4794808691356,1676.4794808691356,0.9997283492324136,0.0005712871675493709
1676.4864252655093,1676.4864252655093,0.999223036731957,0.0005713055105546448
1676.493369661882,1676.493369661882,1.0004881466684752,0.0005717410604665881
1676.5003140581969,1676.5003140581969,0.9999623196829303,0.0005719923176821103
1676.5072584545578,1676.5072584545578,0.999862600431561,0.000572376121362523
1676.5142028508842,1676.5142028508842,0.9997346273521204,0.0005727299275176407
1676.5211472472106,1676.5211472472106,0.9997918321797215,0.0005730451008003853
1676.5280916435368,1676.5280916435368,1.0002092266795026,0.0005734416504363467
1676.5350360398515,1676.5350360398515,0.9995773997478036,0.0005740317175126393
1676.541980436155,1676.541980436155,1.000130911935456,0.0005742300367534221
1676.5489248324461,1676.5489248324461,1.000310024534184,0.0005745218152368589
1676.5558692287493,1676.5558692287493,1.000087565686931,0.0005749704182563178
1676.562813625041,1676.562813625041,0.999978758849878,0.0005758661283620439
1676.5697580213205,1676.5697580213205,0.9999764695373432,0.0005759485122283655
1676.5767024175886,1676.5767024175886,1.0000392138131795,0.0005767404266314405
1676.5836468138573,1676.5836468138573,1.000153056358645,0.0005769492268469664
1676.5905912101134,1676.5905912101134,0.9992695423989273,0.0005773724529298874
1676.5975356063705,1676.5975356063705,1.000567366786126,0.0005780285291048526
1676.604480002615,1676.604480002615,1.000547515755923,0.0005785253831851905
1676.61142439886,1676.61142439886,0.999324188743163,0.0005791174541341546
1676.6183687950931,1676.6183687950931,0.9998547774472323,0.0005792902373232152
1676.625313191326,1676.625313191326,1.0003778127254954,0.0005798193859733912
1676.6322575875245,1676.6322575875245,0.9997420903522141,0.0005802642439331626
1676.6392019837463,1676.6392019837463,0.9992324802377384,0.0005805897906357297
1676.6461463799446,1676.6461463799446,1.0001047097616171,0.0005810418651471004
1676.6530907761546,1676.6530907761546,1.0006066122203117,0.0005816549653218663
1676.6600351723414,1676.6600351723414,1.0001667066559066,0.000581559513039905
1676.6669795685277,1676.6669795685277,1.0005373104514181,0.0005821105511852617
1676.6739239647027,1676.6739239647027,0.9996662983727924,0.0005822433269635026
1676.6808683608663,1676.6808683608663,1.000532436324423,0.0005824572639539521
1676.6878127570294,1676.6878127570294,0.9987168798277022,0.0005822857933798454
1676.6947571531932,1676.6947571531932,0.999964558040746,0.0005824076102439698
1676.7017015493334,1676.7017015493334,1.000497060857519,0.0005828107768136733
1676.7086459454847,1676.7086459454847,1.000181278800484,0.0005829752252023265
1676.7155903416133,1676.7155903416133,0.9995186314227095,0.0005823415470820822
1676.7225347377419,1676.7225347377419,0.9999207763982406,0.0005826991149668939
1676.7294791338586,1676.7294791338586,1.0000368241206883,0.0005827321652468436
1676.736423529987,1676.736423529987,0.9999552235068695,0.0005826956848430881
1676.743367926069,1676.743367926069,1.000051661004951,0.0005825254678915914
1676.7503123221857,1676.7503123221857,1.0002973576312297,0.0005825900140710771
1676.757256718291,1676.757256718291,1.0003771421598,0.0005821445476736944
1676.764201114373,1676.764201114373,1.0000674394143028,0.0005824113390595884
1676.771145510455,1676.771145510455,0.9998649025619475,0.0005821189972159946
1676.7780899065015,1676.7780899065015,0.9997025148839261,0.0005824092233140105
1676.7850343025602,1676.7850343025602,0.9996617554457305,0.0005823608967410422
1676.7919786986306,1676.7919786986306,0.9999294624154713,0.000582040494343216
1676.798923094666,1676.798923094666,1.0005796508601095,0.0005829166873819804
1676.805867490713,1676.805867490713,0.9993709083608909,0.00058287727762122
1676.8128118867485,1676.8128118867485,1.0005189599997102,0.000582876375185157
1676.8197562827718,1676.8197562827718,1.0004722390860925,0.0005832043013741128
1676.8267006787955,1676.8267006787955,0.9996213478238438,0.0005833579436190295
1676.8336450748072,1676.8336450748072,0.9998313202084029,0.0005834989599013249
1676.840589470808,1676.840589470808,0.9998177977334578,0.0005835622193064846
1676.8475338668081,1676.8475338668081,1.000181806137607,0.0005842521049872699
1676.8544782627973,1676.8544782627973,0.9995269155924813,0.0005840721628334658
1676.8614226587858,1676.8614226587858,1.0002101646646093,0.0005845389895598177
1676.8683670547514,1676.8683670547514,1.000536927711111,0.0005850320608878908
1676.875311450717,1676.875311450717,0.9998405400736645,0.0005850232383309958
1676.882255846671,1676.882255846671,0.9998822479696609,0.000585109105625856
1676.889200242636,1676.889200242636,1.0002788386767996,0.0005850891578341984
1676.8961446385783,1676.8961446385783,1.0000493321558568,0.0005851687441945577
1676.9030890345089,1676.9030890345089,0.9998007668484779,0.0005853738466891757
1676.9100334304517,1676.9100334304517,0.9993761746410266,0.0005852984441959499
1676.9169778263586,1676.9169778263586,0.99967718639671,0.0005854446290291364
1676.9239222222773,1676.9239222222773,1.0003940281528698,0.0005852122526509848
1676.9308666181846,1676.9308666181846,1.0006090616451542,0.0005849366118981642
1676.9378110140801,1676.9378110140801,0.9995487119922984,0.00058460575854182
1676.9447554099759,1676.9447554099759,1.0008897338637532,0.0005846836450668622
1676.95169980586,1676.95169980586,0.9994781642800199,0.0005842321330884375
1676.9586442017323,1676.9586442017323,1.0003129798151176,0.0005840318865395936
1676.965588597593,1676.965588597593,1.000073660682062,0.0005835950255706553
1676.9725329934652,1676.9725329934652,0.9994437202531137,0.0005831367306048689
1676.9794773893143,1676.9794773893143,1.0000916487232874,0.0005830177854497267
1676.9864217851518,1676.9864217851518,0.9997383467567765,0.0005823808356977117
1676.9933661810005,1676.9933661810005,0.9999974469656593,0.0005822344901731
1677.000310576827,1677.000310576827,1.0002415227147023,0.0005823851639969534
1677.007254972641,1677.007254972641,1.0006348590896184,0.0005816999449041049
1677.0141993684433,1677.0141993684433,0.999568329547494,0.000581579497623964
1677.0211437642806,1677.0211437642806,0.9996765951611657,0.0005813906840807538
1677.0280881600715,1677.0280881600715,0.9999962000832389,0.0005805528487042225
1677.0350325558622,1677.0350325558622,1.0002671621610735,0.0005803069917223908
1677.0419769516532,1677.0419769516532,1.0002934378621642,0.0005801142728276945
1677.0489213473859,1677.0489213473859,0.9997888599624382,0.0005796745205798482
1677.0558657431764,1677.0558657431764,1.0000370153367608,0.0005794991724607293
1677.0628101389211,1677.0628101389211,0.9996445408663057,0.0005790051975364692
1677.0697545346775,1677.0697545346775,0.9996874833933452,0.0005789504938336635
1677.0766989304211,1677.0766989304211,1.0001883593876522,0.000578718676147748
1677.0836433261543,1677.0836433261543,0.9994154724693871,0.0005786178721097694
1677.090587721875,1677.090587721875,1.0009384589291366,0.0005785102705948527
1677.0975321175963,1677.0975321175963,1.0001829825912139,0.0005783405769876382
1677.1044765133051,1677.1044765133051,1.0003261072440377,0.000578533979611086
1677.1114209090033,1677.1114209090033,0.9996000154179214,0.0005777825745681751
1677.1183653046896,1677.1183653046896,1.0003250211455796,0.0005781554344262203
1677.125309700387,1677.125309700387,0.9997916042234838,0.0005778420553105503
1677.1322540960614,1677.1322540960614,0.9994901518445005,0.0005778868344149708
1677.1391984917238,1677.1391984917238,0.9998715341838315,0.0005777008329595434
1677.1461428873986,1677.1461428873986,1.0003636955816773,0.000577976192176861
1677.1530872830378,1677.1530872830378,0.9998489286043322,0.0005777798955438384
1677.1600316786894,1677.1600316786894,0.9994197214431558,0.0005777838778544497
1677.166976074329,1677.166976074329,1.0006113706734994,0.000578362886098373
1677.173920469945,1677.173920469945,1.0007390492242307,0.0005781484940701433
1677.1808648655613,1677.1808648655613,0.9999144688047105,0.0005782638291241742
1677.1878092611776,1677.1878092611776,0.9988601260905001,0.0005779179442191468
1677.1947536567818,1677.1947536567818,1.000076029871745,0.0005783576599698659
1677.201698052375,1677.201698052375,1.0000569669014432,0.0005783363780143997
1677.2086424479562,1677.2086424479562,0.9998611149038128,0.0005783293790019236
1677.215586843538,1677.215586843538,1.0009191482726618,0.0005784356459257114
1677.2225312391074,1677.2225312391074,0.9997522506660832,0.0005780942979680904
1677.2294756346655,1677.2294756346655,1.000622959415304,0.0005783387827164173
1677.236420030212,1677.236420030212,0.9994936611683503,0.0005781589782186831
1677.2433644257467,1677.2433644257467,0.9996880564211603,0.0005782985159650364
1677.250308821304,1677.250308821304,1.0003565054353214,0.0005783086167533843
1677.2572532168044,1677.2572532168044,0.9994579639605196,0.0005780995102405008
1677.264197612328,1677.264197612328,0.9997326329161915,0.0005781827407453792
1677.2711420078624,1677.2711420078624,1.00069141565107,0.0005777353316919142
1677.2780864033623,1677.2780864033623,0.9995958402655422,0.0005775793042039713
1677.285030798827,1677.285030798827,1.0004813488115434,0.0005771432358931798
1677.2919751943034,1677.2919751943034,0.9998270298911436,0.0005768058744492065
1677.2989195897917,1677.2989195897917,0.9998263031381681,0.0005769615128484366
1677.3058639852447,1677.3058639852447,0.999968963800337,0.0005764424853090452
1677.31280838071,1677.31280838071,1.0003160062479461,0.0005759513534469133
1677.3197527761517,1677.3197527761517,1.0000076809012644,0.000575500756726351
1677.3266971715934,1677.3266971715934,1.0000236209812687,0.000575634977374648
1677.3336415670233,1677.3336415670233,0.9996057757893902,0.0005749690076348393
1677.3405859624413,1677.3405859624413,0.9998271013913579,0.0005745368320939674
1677.3475303578593,1677.3475303578593,1.000502797699188,0.0005739812656900365
1677.3544747532546,1677.3544747532546,0.9995053607783648,0.0005734698604117554
1677.3614191486497,1677.3614191486497,1.000802824309638,0.0005734277665151181
1677.3683635440334,1677.3683635440334,0.9996458538383276,0.0005726949878644946
1677.3753079394169,1677.3753079394169,1.00014408119967,0.0005720463378393507
1677.3822523347767,1677.3822523347767,0.9999099489488248,0.0005722333665895034
1677.3891967301486,1677.3891967301486,0.9997555008020929,0.0005716786435671797
1677.3961411254854,1677.3961411254854,0.999410692564515,0.0005706812106331487
1677.4030855208337,1677.4030855208337,0.9997814808933623,0.0005706735141774252
1677.410029916159,1677.410029916159,1.000572099340761,0.0005705978709090707
1677.4169743114726,1677.4169743114726,1.000003149404436,0.0005701138464860849
1677.4239187067983,1677.4239187067983,1.0013470652180552,0.0005700931641984262
1677.4308631021,1677.4308631021,0.9992850949844788,0.0005695750811613505
1677.4378074973902,1677.4378074973902,1.0000952670317318,0.0005698920247382645
1677.4447518926686,1677.4447518926686,1.0003090500785856,0.0005694574150486951
1677.4516962879588,1677.4516962879588,0.9997093740998737,0.0005695028197998373
1677.4586406832143,1677.4586406832143,0.999152762246951,0.000569231483322538
1677.4655850784814,1677.4655850784814,0.999455952422354,0.0005692502371845081
1677.4725294737368,1677.4725294737368,1.000091816274472,0.0005692720398860809
1677.4794738689573,1677.4794738689573,1.0005649345407515,0.0005695351667958853
1677.486418264201,1677.486418264201,1.0002418359398821,0.0005694907693624054
1677.4933626594327,1677.4933626594327,0.9997393840802268,0.0005698164038279495
1677.5003070546413,1677.5003070546413,1.0003194532079491,0.0005701298486021501
1677.5072514498504,1677.5072514498504,1.00033450848625,0.000569918595143302
1677.514195845001,1677.514195845001,1.000702212952674,0.000570321100458802
1677.52114024021,1677.52114024021,0.9994792468180563,0.0005704889046714686
1677.528084635372,1677.528084635372,0.9995294813617199,0.0005709437001025733
1677.5350290305346,1677.5350290305346,1.0000999854904198,0.0005712813506724521
1677.5419734256964,1677.5419734256964,1.000417991814925,0.000572063008763023
1677.548917820835,1677.548917820835,0.9992634330896643,0.0005720809271663379
1677.5558622159745,1677.5558622159745,1.0002199647634331,0.0005722012420592813
1677.5628066110899,1677.5628066110899,0.9997518242405492,0.0005725527290289776
1677.569751006206,1677.569751006206,0.9998659916622191,0.0005730010926194319
1677.576695401321,1677.576695401321,1.0004655809471565,0.0005731484888627378
1677.5836397964135,1677.5836397964135,0.9995149676536229,0.0005739530686097209
1677.5905841914944,1677.5905841914944,0.9994652055859433,0.0005738343553435288
1677.5975285865866,1677.5975285865866,1.0006171046127974,0.0005739942252176516
1677.6044729816556,1677.6044729816556,1.0002938415112292,0.0005745824890441341
1677.6114173767014,1677.6114173767014,0.9997643426171348,0.0005744632450817447
1677.6183617717475,1677.6183617717475,0.9999452977954496,0.0005745566911330776
1677.6253061667935,1677.6253061667935,1.0006241269587615,0.0005755686114976206
1677.632250561816,1677.632250561816,0.9997142288177974,0.0005751276502771902
1677.6391949568383,1677.6391949568383,1.0002591419620042,0.0005753772450282176
1677.6461393518373,1677.6461393518373,0.9998723220098285,0.0005751239568658744
1677.6530837468367,1677.6530837468367,1.0005994203243571,0.0005754457048346327
1677.6600281418243,1677.6600281418243,0.9995766630220644,0.0005755188957093755
1677.6669725368004,1677.6669725368004,0.9998297109419321,0.0005753162863535463
1677.6739169317764,1677.6739169317764,0.999673451779492,0.0005755165190669478
1677.6808613267408,1677.6808613267408,1.0001817035722025,0.0005757832440717263
1677.6878057216697,1677.6878057216697,0.9995735807615637,0.0005758874774337816
1677.694750116611,1677.694750116611,0.9999232064242815,0.0005754283252183682
1677.7016945115636,1677.7016945115636,1.0005190760299603,0.000575767935954944
1677.7086389064814,1677.7086389064814,1.0000397074555325,0.0005754591631496905
1677.7155833013644,1677.7155833013644,1.00025243496783,0.0005750084651211221
1677.7225276962588,1677.7225276962588,0.9991673890395756,0.0005750987221060768
1677.729472091153,1677.729472091153,1.0011412257989458,0.0005747189630891691
1677.736416486036,1677.736416486036,0.9996251985172648,0.0005744179790727653
1677.7433608808956,1677.7433608808956,0.9996048792654522,0.0005741971141064069
1677.7503052757431,1677.7503052757431,1.0004160553076684,0.0005735897052391926
1677.7572496705914,1677.7572496705914,0.9999501484000065,0.0005735885281341607
1677.7641940654394,1677.7641940654394,0.999698425110594,0.000573248277303922
1677.7711384602524,1677.7711384602524,0.9992968459224933,0.000572799271511176
1677.7780828550651,1677.7780828550651,1.0003337828871481,0.0005731126141600253
1677.7850272498665,1677.7850272498665,1.0001067666999632,0.0005724281364252672
1677.7919716446675,1677.7919716446675,1.0008286945380453,0.0005723379463926049
1677.798916039434,1677.798916039434,0.9998839498675369,0.0005718421100317859
1677.8058604342125,1677.8058604342125,1.0010712161687034,0.0005718478770647747
1677.8128048289789,1677.8128048289789,0.9985397997648322,0.0005714406876931937
1677.8197492237337,1677.8197492237337,0.999610600385753,0.000571440051850722
1677.8266936184766,1677.8266936184766,1.000098070029824,0.0005715893780327101
1677.8336380131964,1677.8336380131964,0.9994994554184405,0.0005714447861808696
1677.840582407916,1677.840582407916,1.0006221493649539,0.0005719547322831455
1677.847526802636,1677.847526802636,1.0000361450688349,0.0005716649275867762
1677.854471197321,1677.854471197321,1.00066294082318,0.0005715377851794969
1677.8614155920063,1677.8614155920063,0.9998325510033457,0.0005708837215284339
1677.8683599866793,1677.8683599866793,0.9995889358457394,0.0005710580960503787
1677.8753043813642,1677.8753043813642,0.9994473375839107,0.0005711147713067775
1677.882248775991,1677.882248775991,1.0000823106996486,0.0005706393843794824
1677.8891931706523,1677.8891931706523,1.00024359943995,0.000570742204911076
1677.8961375653023,1677.8961375653023,1.0002098091763059,0.0005704653720217774
1677.9030819599059,1677.9030819599059,1.000964983675035,0.0005707341838403347
1677.910026354498,1677.910026354498,0.9994107647735045,0.0005700443947503283
1677.9169707491244,1677.9169707491244,0.9995809350296941,0.0005697836043548298
1677.923915143693,1677.923915143693,1.0000446259258642,0.000569542151022343
1677.9308595382731,1677.9308595382731,1.0000849083749843,0.0005695781409196243
1677.9378039328415,1677.9378039328415,0.9999952107027973,0.0005690780105976063
1677.9447483273864,1677.9447483273864,0.99977602067669,0.0005685400022789041
1677.9516927219433,1677.9516927219433,0.9999537966728411,0.0005685440313228766
1677.9586371164773,1677.9586371164773,0.9997974912354503,0.0005682543966078434
1677.9655815109877,1677.9655815109877,1.000472668849561,0.0005679262354938998
1677.972525905498,1677.972525905498,1.0001710254612206,0.0005675258638430665
1677.9794702999964,1677.9794702999964,1.000519906947795,0.0005668611004992729
1677.9864146944715,1677.9864146944715,0.9997508344319804,0.0005664844500801942
1677.993359088959,1677.993359088959,0.9996335668676369,0.0005664553069139027
1678.0003034834226,1678.0003034834226,0.99955592084524,0.000565740359466799
1678.0072478778748,1678.0072478778748,0.9997877927616454,0.0005652529885161841
1678.0141922723265,1678.0141922723265,1.0000447507936137,0.0005650305392287975
1678.021136666744,1678.021136666744,1.0007133149389553,0.0005649393929074636
1678.0280810611614,1678.0280810611614,0.9998339414144113,0.000564435122183457
1678.0350254555779,1678.0350254555779,0.9994935343513843,0.0005640784284758149
1678.0419698499604,1678.0419698499604,1.0004566894716367,0.0005637370776620566
1678.0489142443548,1678.0489142443548,1.0005917313706947,0.0005635690196100664
1678.055858638725,1678.055858638725,0.9993668912599425,0.0005629880351040121
1678.062803033084,1678.062803033084,1.0002895989582872,0.000563085399304324
1678.0697474274195,1678.0697474274195,0.9997562638775765,0.0005623877711807975
1678.0766918217553,1678.0766918217553,1.0006235033270232,0.0005625615409109293
1678.083636216091,1678.083636216091,0.9996641076535407,0.0005620479952381451
1678.0905806104033,1678.0905806104033,1.0000826814724197,0.0005620255819103215
1678.0975250047043,1678.0975250047043,0.9996675965091683,0.0005618824557628546
1678.1044693989934,1678.1044693989934,1.0001374498564535,0.0005615347707527097
1678.111413793271,1678.111413793271,0.9991803366798587,0.0005615999334364
1678.1183581875248,1678.1183581875248,0.9997357582955333,0.0005617206959169088
1678.1253025817907,1678.1253025817907,1.0000320499729223,0.0005617243077141065
1678.1322469760332,1678.1322469760332,1.0005596057782413,0.0005616133759688792
1678.1391913702523,1678.1391913702523,1.0006915373296306,0.0005610414661312193
1678.1461357644719,1678.1461357644719,0.9997298194810205,0.0005615849541215961
1678.1530801586791,1678.1530801586791,0.9997348116679005,0.0005609059136525815
1678.1600245528637,1678.1600245528637,1.0004270875557606,0.0005611111224939281
1678.1669689470596,1678.1669689470596,0.9993312710037573,0.0005609244806329667
1678.1739133412207,1678.1739133412207,1.0004979366186422,0.0005606476023588146
1678.18085773537,1678.18085773537,1.0006066258708595,0.0005607856351210379
1678.1878021295197,1678.1878021295197,0.9993851819718138,0.0005609073975886829
1678.1947465236458,1678.1947465236458,0.9999699256252909,0.000560711275968592
1678.201690917772,1678.201690917772,1.0001678188317638,0.0005603591068466144
1678.208635311875,1678.208635311875,1.0002605246039014,0.0005611813354788409
1678.2155797059659,1678.2155797059659,1.0001697195253598,0.0005607055809303212
1678.2225241000567,1678.2225241000567,0.9996329918586143,0.0005601351526035574
1678.229468494113,1678.229468494113,1.0000664233482583,0.0005600452021770129
1678.2364128881582,1678.2364128881582,1.0000402481935364,0.0005599730435340399
1678.2433572822029,1678.2433572822029,1.0005008851913435,0.0005599580978039454
1678.250301676247,1678.250301676247,1.0000379724804862,0.0005597320686139608
1678.2572460702686,1678.2572460702686,0.9998876245184555,0.000559402529460269
1678.2641904642783,1678.2641904642783,0.9999168129495066,0.000559067871555535
1678.2711348582645,1678.2711348582645,0.9999599122646808,0.0005589105645810323
1678.278079252239,1678.278079252239,1.0003027866159087,0.0005586286015701921
1678.2850236462145,1678.2850236462145,0.9994603815512864,0.0005590620676071523
1678.2919680401658,1678.2919680401658,1.0002084814364287,0.0005583429665661741
1678.2989124341061,1678.2989124341061,0.9993848188694192,0.000557926719002489
1678.305856828034,1678.305856828034,0.999976976994607,0.000557489422046195
1678.3128012219386,1678.3128012219386,1.0004801498652447,0.0005574721598830178
1678.3197456158555,1678.3197456158555,1.0004439439642212,0.0005568999119637925
1678.326690009737,1678.326690009737,0.9999958398204993,0.0005564396881275538
1678.333634403619,1678.333634403619,1.0003301311495105,0.0005563191428142925
1678.3405787974655,1678.3405787974655,1.000305001490109,0.0005557062320847294
1678.347523191324,1678.347523191324,0.9994716849474932,0.0005555051308209307
1678.354467585159,1678.354467585159,0.9995057462280983,0.0005553764898204134
1678.3614119789822,1678.3614119789822,0.9998055105737972,0.0005550614326865303
1678.368356372794,1678.368356372794,1.000132328287535,0.0005544079056491322
1678.3753007666055,1678.3753007666055,1.0000525572013241,0.0005544506102863275
1678.3822451603596,1678.3822451603596,0.9995343998998468,0.0005539315258533825
1678.3891895541597,1678.3891895541597,1.0007811230996622,0.0005539365432882837
1678.3961339479251,1678.3961339479251,0.9995907175436212,0.0005534568115584556
1678.4030783416317,1678.4030783416317,0.9999444349683604,0.0005533460582059101
1678.4100227353738,1678.4100227353738,0.9992698636308613,0.0005530971633632132
1678.4169671290924,1678.4169671290924,1.0011753884211325,0.0005529696731509264
1678.4239115227879,1678.4239115227879,1.0002044089162352,0.0005526344375816022
1678.4308559164833,1678.4308559164833,1.000358102621688,0.0005532238680948587
1678.4378003101556,1678.4378003101556,1.000101131747067,0.0005525359616891184
1678.444744703816,1678.444744703816,0.9996928418042529,0.0005527755279619606
1678.4516890974646,1678.4516890974646,0.9994208026807986,0.0005527029186443384
1678.4586334911019,1678.4586334911019,0.9999040844252546,0.0005528418664698218
1678.465577884716,1678.465577884716,1.00059597085393,0.0005527048280155327
1678.4725222783297,1678.4725222783297,0.9993113933626608,0.0005522719207047463
1678.4794666719088,1678.4794666719088,1.0009290581349373,0.0005527164301770334
1678.4864110654878,1678.4864110654878,0.999874735906562,0.0005524797682779971
1678.4933554590548,1678.4933554590548,0.9994186921548682,0.0005525760006117426
1678.5002998526106,1678.5002998526106,1.0006403490279308,0.0005531426516905073
1678.507244246143,1678.507244246143,0.9995077367183111,0.0005530628358015621
1678.5141886396643,1678.5141886396643,0.9995457036606832,0.0005536951695421194
1678.5211330331615,1678.5211330331615,1.0003087739167937,0.0005538221297275535
1678.5280774266707,1678.5280774266707,1.000434902217752,0.0005537957599439793
1678.535021820145,1678.535021820145,1.0000816358519413,0.000553847433305291
1678.541966213607,1678.541966213607,1.0002395370835149,0.0005543229551871707
1678.5489106070697,1678.5489106070697,0.9995549481663035,0.000554118420478422
1678.555855000474,1678.555855000474,1.000206491022312,0.0005548360232761489
1678.5627993939136,1678.5627993939136,0.9997399768941488,0.0005548360681192477
1678.5697437873182,1678.5697437873182,1.0003251711876489,0.0005550905497649562
1678.5766881807108,1678.5766881807108,0.9995801466395025,0.0005555885144020866
1678.5836325740916,1678.5836325740916,1.0001959592884224,0.0005556345074742484
1678.5905769674494,1678.5905769674494,0.999580595093773,0.0005564998274645436
1678.5975213607956,1678.5975213607956,1.00018653723872,0.0005563689074415017
1678.6044657541297,1678.6044657541297,1.0006685848323253,0.0005566391295511457
1678.611410147453,1678.611410147453,0.9996951240441095,0.0005563200292270931
1678.6183545407525,1678.6183545407525,0.9994144144181144,0.0005567430178784455
1678.625298934041,1678.625298934041,1.0002347901117048,0.0005571182579231721
1678.632243327317,1678.632243327317,0.9997357442338892,0.0005572954512212975
1678.6391877205692,1678.6391877205692,1.0001612364951762,0.0005574546277742622
1678.6461321138227,1678.6461321138227,1.0000368298678681,0.0005572963729302046
1678.6530765070409,1678.6530765070409,0.9998987057164545,0.0005575616896258066
1678.6600209002595,1678.6600209002595,1.0003852016316759,0.0005571590401393786
1678.6669652934536,1678.6669652934536,1.0008683484193788,0.0005574535930812926
1678.6739096866604,1678.6739096866604,1.0000740671404693,0.0005574860165452313
1678.6808540798315,1678.6808540798315,0.9999234968985513,0.0005577007366556643
1678.687798472945,1678.687798472945,1.0002973181892703,0.0005579452643288377
1678.694742866105,1678.694742866105,0.9997570607636472,0.0005579658634278006
1678.7016872592183,1678.7016872592183,0.9995617555677624,0.0005576082128301251
1678.7086316523316,1678.7086316523316,0.999922622976845,0.0005579445741514014
1678.7155760454218,1678.7155760454218,1.0006209590746218,0.000557980332137245
1678.7225204384886,1678.7225204384886,0.9990212119699926,0.0005572421768335825
1678.729464831555,1678.729464831555,1.0000043847284827,0.0005573404157135113
1678.7364092246098,1678.7364092246098,0.9999216209615855,0.0005572941339369155
1678.7433536176309,1678.7433536176309,1.0007301529280979,0.000557407965953838
1678.750298010639,1678.750298010639,1.000458708311868,0.0005570667816631074
1678.757242403636,1678.757242403636,0.9999792982278628,0.0005567843119887596
1678.7641867966327,1678.7641867966327,1.0005540511609847,0.000556767302292146
1678.7711311895832,1678.7711311895832,0.9994738422872468,0.000556390304540558
1678.7780755825333,1678.7780755825333,0.9997244996858367,0.0005562723910964979
1678.785019975472,1678.785019975472,1.0003960340369478,0.0005568068224547279
1678.7958532284006,1678.7958532284006,0.9994240818614065,0.0005561691486115157
1678.8086309113357,1678.8086309113357,0.9994993993557786,0.0005564325521379028
1678.815575304193,1678.815575304193,1.0004796601507167,0.0005565074660879084
1678.8225196970384,1678.8225196970384,1.0000925631394175,0.000556197484660087
1678.8294640898719,1678.8294640898719,1.0001290920405512,0.0005560093084873726
1678.8364084826717,1678.8364084826717,1.0003512216990473,0.000555909878613003
1678.843352875482,1678.843352875482,0.9997429608644282,0.0005559066264502222
1678.8502972682695,1678.8502972682695,1.0003188159729508,0.0005557919492823705
1678.8572416610216,1678.8572416610216,1.0001822793948896,0.0005558985664804747
1678.864186053786,1678.864186053786,0.999536476415987,0.0005556474864353864
1678.8711304465148,1678.8711304465148,0.9998335531371619,0.0005558055248724217
1678.8780748392205,1678.8780748392205,1.0001207352705062,0.000555777245160966
1678.885019231915,1678.885019231915,0.9998853396469425,0.0005558865617135401
1678.8919636245978,1678.8919636245978,1.0004688654544382,0.0005559662873164358
1678.898908017257,1678.898908017257,0.9997811327859537,0.0005560778096692835
1678.905852409916,1678.905852409916,1.000507798479407,0.0005558691172312745
1678.9127968025525,1678.9127968025525,0.9996327728917441,0.0005558766737490375
1678.919741195153,1678.919741195153,0.9994925992069146,0.0005559386728304848
1678.9266855877431,1678.9266855877431,1.0002772593382572,0.0005559427947366736
1678.9336299803322,1678.9336299803322,0.9999647823900855,0.0005557292205088723
1678.940574372898,1678.940574372898,0.9995828101112059,0.0005554563783068039
1678.9475187654411,1678.9475187654411,0.9998354614846863,0.0005556920270171876
1678.9544631579724,1678.9544631579724,1.0004600563612467,0.0005552854202011653
1678.9614075504803,1678.9614075504803,0.9999190463373819,0.0005549071732417969
1678.9683519429768,1678.9683519429768,1.0004045402168011,0.0005553899816871509
1678.97529633545,1678.97529633545,1.000394763799343,0.0005546050108963452
1678.9822407279232,1678.9822407279232,0.9995043675440399,0.0005542108944897247
1678.989185120361,1678.989185120361,1.000306271885119,0.0005545986651590404
1678.9961295127755,1678.9961295127755,0.9996108722010622,0.0005537070849171929
1679.0030739051786,1679.0030739051786,0.9992537391825842,0.0005533712885432546
1679.01001829757,1679.01001829757,1.0003140141976974,0.0005533118432878442
1679.0169626899392,1679.0169626899392,0.9997497534469236,0.00055295202400104
1679.0239070822959,1679.0239070822959,1.0009111942212248,0.000553140134423705
1679.030851474629,1679.030851474629,0.9998707592012158,0.0005525723956631907
1679.037795866962,1679.037795866962,1.0002147421774426,0.0005526488416932088
1679.0447402592604,1679.0447402592604,0.999858682707884,0.00055237092828666
1679.0516846515234,1679.0516846515234,0.9999539204178131,0.0005519707938974616
1679.0586290437873,1679.0586290437873,1.000310033359883,0.0005521002397028032
1679.0655734360275,1679.0655734360275,0.9991822283314542,0.0005512857058864974
1679.0725178282562,1679.0725178282562,1.0003897699543118,0.0005516025001655251
1679.0794622204617,1679.0794622204617,1.0002768329110472,0.0005517290894881393
1679.0864066126549,1679.0864066126549,0.9997315521856602,0.0005511600337673499
1679.093351004837,1679.093351004837,1.000022583134775,0.0005506195317020146
1679.1002953969842,1679.1002953969842,0.9999323571373615,0.0005510628235195283
1679.1072397891196,1679.1072397891196,0.9996150009096805,0.000550770283911692
1679.1141841812318,1679.1141841812318,1.0009688066182536,0.0005505637205575285
1679.1211285733323,1679.1211285733323,1.0000070936490568,0.0005503471421626536
1679.1280729654095,1679.1280729654095,0.9997484412752857,0.000550163891149862
1679.1350173574515,1679.1350173574515,0.9992496378031405,0.0005497557377818951
1679.1419617495171,1679.1419617495171,1.0004971269520735,0.0005499196646541676
1679.148906141525,1679.148906141525,0.9999733175142692,0.0005500456428724128
1679.155850533532,1679.155850533532,1.000440666334519,0.0005499731849773821
1679.1627949255167,1679.1627949255167,0.9991883520780596,0.0005492002055780372
1679.169739317477,1679.169739317477,1.0005667145754535,0.0005492465200222322
1679.1766837094142,1679.1766837094142,0.9995872666822783,0.0005490585273836134
1679.1836281013518,1679.1836281013518,0.9995823059936926,0.0005485364364330882
1679.1905724932549,1679.1905724932549,1.0004088366113835,0.0005486950636362757
1679.197516885146,1679.197516885146,0.9998276416654116,0.0005480918302430438
1679.2044612770133,1679.2044612770133,1.0001938131654868,0.0005481783768697954
1679.2114056688577,1679.2114056688577,1.0004754836053862,0.0005476296693557104
1679.2183500606902,1679.2183500606902,0.999897376135672,0.0005472987158874909
1679.2252944524996,1679.2252944524996,1.000032709127812,0.0005473567984407499
1679.2322388442858,1679.2322388442858,0.9996254824460123,0.0005470218776261156
1679.2391832360493,1679.2391832360493,1.000426985275301,0.0005467405380058873
1679.2461276278234,1679.2461276278234,0.9998101180873661,0.0005466677018241726
1679.2530720195398,1679.2530720195398,0.99955983995066,0.000545831216029034
1679.2600164112562,1679.2600164112562,0.9997209983876643,0.0005455211487047937
1679.2669608029373,1679.2669608029373,1.0005002764181148,0.000545842271111305
1679.273905194607,1679.273905194607,1.0004579509029807,0.0005451546989815816
1679.2808495862541,1679.2808495862541,1.0004419060806913,0.0005446536728292378
1679.287793977889,1679.287793977889,1.0001593815303267,0.0005441543471602186
1679.2947383695002,1679.2947383695002,0.9999468545518511,0.000544065905327789
1679.3016827610768,1679.3016827610768,0.9988181015562889,0.0005431952594944763
1679.308627152642,1679.308627152642,0.9998395179705366,0.0005429171731494063
1679.3155715442067,1679.3155715442067,0.9995361978618238,0.0005422651246399133
1679.322515935737,1679.322515935737,1.000709054141515,0.0005421173961495323
1679.329460327232,1679.329460327232,1.0000805443229095,0.0005413635199772946
1679.3364047187272,1679.3364047187272,1.0003252142195291,0.0005410571092432177
1679.3433491101873,1679.3433491101873,0.9999358462564629,0.000540479046970607
1679.3502935016477,1679.3502935016477,1.0000028620422963,0.0005403849120260917
1679.3572378930726,1679.3572378930726,0.9997131515157174,0.0005392600011552577
1679.3641822844518,1679.3641822844518,1.000963486986057,0.000539192286518661
1679.3711266758423,1679.3711266758423,0.9996859925515433,0.0005383827774887173
1679.3780710671977,1679.3780710671977,0.9996745323835201,0.0005378513069309228
1679.3850154585411,1679.3850154585411,0.9995508274430964,0.0005374077601770796
1679.391959849862,1679.391959849862,1.0000092586604272,0.0005371693583761113
1679.3989042411472,1679.3989042411472,0.9993275509490065,0.0005363601230256542
1679.4058486324218,1679.4058486324218,1.000358198673862,0.0005363415797964203
1679.412793023684,1679.412793023684,1.0008866725597152,0.000536082643384449
1679.419737414911,1679.419737414911,1.0002082911463028,0.0005356368463490526
1679.4266818061267,1679.4266818061267,0.9995325975361207,0.0005351285634764759
1679.433626197308,1679.433626197308,1.00023395629717,0.0005350533574165134
1679.440570588488,1679.440570588488,0.9999211762295696,0.0005349393265338136
1679.4475149796224,1679.4475149796224,0.9997193607382675,0.000534192183183902
1679.4544593707571,1679.4544593707571,1.0000143095127227,0.0005339100273096027
1679.4614037618328,1679.4614037618328,0.9993921546813903,0.0005335451343774231
1679.468348152921,1679.468348152921,1.0002090030310025,0.0005340054820202639
1679.4752925439734,1679.4752925439734,1.0002519785120416,0.0005332462471700428
1679.4822369350143,1679.4822369350143,1.0009281252493598,0.0005330478887068449
1679.4891813260324,1679.4891813260324,0.9999598600520792,0.0005327595283606667
1679.4961257170155,1679.4961257170155,0.9996144937670923,0.0005324162128689181
1679.5030701079754,1679.5030701079754,1.000762576405477,0.0005322492525650624
1679.5100144989228,1679.5100144989228,0.9999994981330984,0.000531899485967928
1679.5169588898475,1679.5169588898475,0.9990429832708607,0.000531664095710106
1679.5239032807494,1679.5239032807494,0.9997207601423959,0.0005316951815816405
1679.5308476716036,1679.5308476716036,0.9993491206486332,0.0005316661501344021
1679.5377920624476,1679.5377920624476,1.0004175818750949,0.0005313625253323176
1679.5447364532906,1679.5447364532906,0.9998685665227605,0.0005310236042753362
1679.5516808441105,1679.5516808441105,1.0000503567663939,0.0005308418236162942
1679.558625234884,1679.558625234884,1.0003957468017703,0.0005305783435921485
1679.5655696256458,1679.5655696256458,1.0001188648604251,0.0005303667161909905
1679.5725140163838,1679.5725140163838,1.0006991687129618,0.0005306710752596612
1679.5794584070875,1679.5794584070875,1.000281190416071,0.0005302693474937794
1679.5864027977798,1679.5864027977798,1.0001396495620394,0.0005298780320486814
1679.5933471884596,1679.5933471884596,0.9995485133079021,0.0005294964771208798
1679.6002915790934,1679.6002915790934,0.9996900967390948,0.0005293276478197156
1679.607235969715,1679.607235969715,0.999206236463673,0.0005287841497560555
1679.6141803603139,1679.6141803603139,0.9994814107483713,0.0005285876287198422
1679.6211247508782,1679.6211247508782,0.9997262276623242,0.000528585420549998
1679.6280691414304,1679.6280691414304,1.0007395662836893,0.0005287861793037877
1679.6350135319474,1679.6350135319474,1.0006342345819301,0.0005287930265996355
1679.641957922441,1679.641957922441,1.0006121760723985,0.0005282297284072236
1679.6489023129238,1679.6489023129238,1.0003568793887037,0.0005285679402604888
1679.6558467033708,1679.6558467033708,0.9995790639963538,0.0005279955446057788
1679.6627910937955,1679.6627910937955,0.9994764880817237,0.0005282715455121774
1679.6697354841963,1679.6697354841963,0.9991215106261233,0.0005275242343258348
1679.6766798745734,1679.6766798745734,1.0003623921235179,0.0005287259025159026
1679.6836242649283,1679.6836242649283,0.9996996025672642,0.0005276474962244632
1679.6905686552473,1679.6905686552473,1.0005261951797715,0.0005273957314632145
1679.6975130455546,1679.6975130455546,1.0004925956751642,0.0005272670571228617
1679.7044574358163,1679.7044574358163,0.999664732212034,0.0005273682440044494
1679.7114018260775,1679.7114018260775,1.0003318300083974,0.0005267492673173138
1679.7183462163036,1679.7183462163036,0.999634731275145,0.0005268914623326715
1679.7252906065066,1679.7252906065066,0.9993961064385323,0.0005266882207552231
1679.732234996686,1679.732234996686,0.9997135494745104,0.0005264784874406969
1679.7391793868308,1679.7391793868308,1.0004616432819928,0.0005269484110212886
1679.746123776964,1679.746123776964,1.000755728801019,0.0005269351629652525
1679.7530681670505,1679.7530681670505,1.0007449327362667,0.000526427258405127
1679.760012557125,1679.760012557125,0.9993110420453221,0.000526155244093091
1679.766956947165,1679.766956947165,1.0005949122491515,0.0005262607430091328
1679.7739013371934,1679.7739013371934,0.998992853117584,0.0005262828489659247
1679.7808457271753,1679.7808457271753,0.9999768180405461,0.0005264650266946603
1679.7877901171455,1679.7877901171455,0.9996623427190052,0.0005258822252109533
1679.7947345071043,1679.7947345071043,1.0000882158055435,0.0005258912599724216
1679.8016788970042,1679.8016788970042,0.9998275837617829,0.0005260188389410871
1679.808623286904,1679.808623286904,1.0006704156451265,0.0005261995036545805
1679.8155676767578,1679.8155676767578,0.9999460647373344,0.0005258959868165825
1679.8225120666,1679.8225120666,0.9998774532881853,0.0005256919108944191
1679.8294564564076,1679.8294564564076,1.0001185559148154,0.0005258400837161558
1679.836400846191,1679.836400846191,1.0003375378298955,0.0005259962260954619
1679.8433452359518,1679.8433452359518,0.9999224488502373,0.0005255754818890047
1679.8502896256657,1679.8502896256657,0.9992917442165051,0.0005256639406658508
1679.857234015391,1679.857234015391,1.0000665448592416,0.0005258084671522614
1679.8641784050585,1679.8641784050585,1.000032525242633,0.000525511349562859
1679.871122794691,1679.871122794691,1.0000455569646707,0.0005257673147048409
1679.878067184324,1679.878067184324,1.0007135648603835,0.0005258751336629079
1679.8850115739097,1679.8850115739097,0.9998760424302094,0.000526357997645986
1679.8919559634728,1679.8919559634728,0.9992355920336389,0.0005256954273386248
1679.8989003530119,1679.8989003530119,0.9997501388660412,0.0005257155208671625
1679.905844742516,1679.905844742516,1.0002581967256698,0.0005261791246954997
1679.9127891319858,1679.9127891319858,1.0000485800027854,0.0005254227266049202
1679.9197335214437,1679.9197335214437,0.9998534650881886,0.0005258944211670537
1679.9266779108548,1679.9266779108548,1.0008121126290337,0.0005257659990695325
1679.9336223002779,1679.9336223002779,0.9995621665273873,0.0005259087158457173
1679.9405666896193,1679.9405666896193,1.0001153704403125,0.0005257038688802659
1679.9475110789724,1679.9475110789724,1.0003329916614168,0.0005258466030350443
1679.954455468279,1679.954455468279,1.0000985595074048,0.0005257358487845249
1679.9613998575624,1679.9613998575624,0.9996119730787161,0.0005260254509603792
1679.9683442468104,1679.9683442468104,1.0001700222538326,0.0005256267456328196
1679.9752886360354,1679.9752886360354,1.0001142545807375,0.0005256569546685803
1679.9822330252257,1679.9822330252257,0.9998482274842591,0.0005258575271996678
1679.9891774143925,1679.9891774143925,1.0005502051676949,0.0005256638921308801
1679.9961218035128,1679.9961218035128,1.000210396115293,0.000525865692334303
1680.0030661926448,1680.0030661926448,0.9999669450366376,0.0005254010813625246
1680.0100105816953,1680.0100105816953,0.9997643407585356,0.0005254247821693914
1680.016954970757,1680.016954970757,0.9996960997703134,0.0005255244683579975
1680.0238993597727,1680.0238993597727,0.9999546882897292,0.0005254472898203001
1680.0308437487529,1680.0308437487529,0.9998179804928211,0.0005255353577088484
1680.0377881377221,1680.0377881377221,1.0000200643419268,0.0005257377698966086
1680.0447325266334,1680.0447325266334,0.9999569162168811,0.0005251638535137127
1680.0516769155322,1680.0516769155322,1.0004648208393383,0.0005255487561625447
1680.0586213043964,1680.0586213043964,1.0005734594869657,0.0005255709678546564
1680.065565693249,1680.065565693249,0.9997992035434974,0.0005254781007763968
1680.0725100820546,1680.0725100820546,0.9997768499525721,0.0005256571175726506
1680.0794544708028,1680.0794544708028,0.9995443553571711,0.0005255261782439148
1680.0863988595618,1680.0863988595618,1.0009576740772876,0.0005258908734693807
1680.0933432482634,1680.0933432482634,0.9997048343012246,0.0005251835980454446
1680.100287636941,1680.100287636941,0.9998549861803918,0.0005256766381238647
1680.1072320255957,1680.1072320255957,0.9992699130711516,0.0005255289969932713
1680.1141764142153,1680.1141764142153,0.9999749005668572,0.0005256909709264941
1680.1211208027999,1680.1211208027999,1.0005060553143479,0.0005258531413218431
1680.128065191339,1680.128065191339,1.0001560733278685,0.0005257798495978514
1680.135009579853,1680.135009579853,1.0002862810469235,0.0005255067419775375
1680.141953968368,1680.141953968368,0.9995673002497133,0.0005259447869794739
1680.148898356836,1680.148898356836,1.0000636369272686,0.0005254205117260176
1680.1558427452583,1680.1558427452583,0.9996592681098969,0.0005258050712103487
1680.1627871336339,1680.1627871336339,0.9994975786729118,0.0005254892480451202
1680.1697315220088,1680.1697315220088,1.0007625086957739,0.0005256281437755169
1680.1766759103375,1680.1766759103375,1.0007961480464451,0.0005255279474251346
1680.1836202986306,1680.1836202986306,0.9999840534829186,0.0005259111714080537
1680.1905646869013,1680.1905646869013,0.9993153361037731,0.0005254154863985558
1680.1975090751487,1680.1975090751487,0.999243926215146,0.0005252345778233405
1680.204453463326,1680.204453463326,0.9999749860926368,0.0005256093775737237
1680.2113978514917,1680.2113978514917,1.0004044783579202,0.0005259274397961525
1680.2183422396224,1680.2183422396224,0.9998300544738299,0.0005257726963934214
1680.2252866277067,1680.2252866277067,1.0008237735619692,0.0005254832509926856
1680.232231015779,1680.232231015779,1.0003098115993188,0.0005256592050341805
1680.239175403817,1680.239175403817,1.0001251158906062,0.0005255641694868783
1680.246119791808,1680.246119791808,0.9997806113126313,0.0005251421583336973
1680.2530641797755,1680.2530641797755,1.0003152445964756,0.0005255392957600986
1680.2600085677084,1680.2600085677084,0.9989452424350509,0.0005253574672432685
1680.2669529555947,1680.2669529555947,1.0000437330791627,0.000525418221756247
1680.2738973434577,1680.2738973434577,1.0007181822596594,0.0005255977880141071
1680.2808417312858,1680.2808417312858,0.9996010160567957,0.0005259676495466394
1680.2877861190786,1680.2877861190786,0.9990628792362923,0.0005255388591859154
1680.2947305068253,1680.2947305068253,0.9999805782451137,0.0005258227075438059
1680.3016748945367,1680.3016748945367,0.9995366005824519,0.0005253780832486935
1680.308619282237,1680.308619282237,1.000800639525768,0.0005258988470199972
1680.3155636698907,1680.3155636698907,1.0009016400655615,0.000525773527068785
1680.3225080574862,1680.3225080574862,1.0004588949092534,0.0005259237143791066
1680.3294524450812,1680.3294524450812,0.9995080176483006,0.0005255231768017236
1680.3363968326182,1680.3363968326182,1.000455953943821,0.000526273653999058
1680.3433412201205,1680.3433412201205,0.9995701467101368,0.000525315979753434
1680.3502856075988,1680.3502856075988,0.9999334156275246,0.0005257611242706603
1680.3572299950197,1680.3572299950197,1.0000863383329384,0.0005257005704648275
1680.3641743824169,1680.3641743824169,0.9993479479475773,0.0005255432187477357
1680.3711187698027,1680.3711187698027,1.0001066995709569,0.0005259035688682371
1680.3780631570953,1680.3780631570953,1.0003129144256722,0.0005256680668108507
1680.3850075443993,1680.3850075443993,1.0006651024258004,0.0005261967632949889
1680.3919519316453,1680.3919519316453,1.0001251785128498,0.0005260352568248893
1680.3988963188567,1680.3988963188567,1.000416296327852,0.0005256796584278596
1680.405840706033,1680.405840706033,1.0000413532906454,0.0005257496585052544
1680.4127850931739,1680.4127850931739,0.9998589007254972,0.0005254268434451422
1680.4197294802684,1680.4197294802684,0.9995376941774843,0.0005255722156568015
1680.426673867328,1680.426673867328,0.9993805033160585,0.0005253656082422383
1680.4336182543648,1680.4336182543648,0.9998864271750361,0.000525454794261542
1680.4405626413547,1680.4405626413547,1.000379642897253,0.0005257350687506573
1680.4475070282865,1680.4475070282865,1.000147024998091,0.0005255949331032692
1680.4544514152062,1680.4544514152062,1.0001080483576281,0.0005258348009577912
1680.4613958020796,1680.4613958020796,0.9998856084571548,0.0005258460775192812
1680.4683401889183,1680.4683401889183,0.9999887999540322,0.0005257535709817881
1680.4752845756987,1680.4752845756987,1.000198397848959,0.0005255199209435615
1680.4822289624674,1680.4822289624674,1.0001420382798414,0.000525577787909299
1680.4891733491665,1680.4891733491665,0.9995400176740471,0.000525405884857251
1680.4961177358532,1680.4961177358532,1.0005993810430627,0.0005256917004421624
1680.5030621224942,1680.5030621224942,0.9999853597413081,0.0005255069697909111
1680.510006509076,1680.510006509076,0.9996703206004925,0.0005252588898035685
1680.5169508956358,1680.5169508956358,0.9996853011986351,0.0005257825139137373
1680.523895282148,1680.523895282148,1.0000363427794816,0.0005257023704242451
1680.5308396686257,1680.5308396686257,0.9992013680305506,0.0005254594544480153
1680.5377840550686,1680.5377840550686,1.0004807535056721,0.0005258490436662283
1680.5447284414645,1680.5447284414645,1.0008576067349488,0.0005260477568824005
1680.5516728278144,1680.5516728278144,1.0005838519185333,0.000525909479641595
1680.558617214129,1680.558617214129,0.9994198530576714,0.0005256783044360031
1680.565561600397,1680.565561600397,0.9994175736013865,0.0005256608871538337
1680.5725059866186,1680.5725059866186,1.0000436558345858,0.0005257908069792587
1680.5794503728052,1680.5794503728052,1.0002069295955693,0.0005256027205975866
1680.5863947589569,1680.5863947589569,1.0004171445252263,0.0005258236367413961
1680.5933391450621,1680.5933391450621,1.0001730313451465,0.0005258187171949221
1680.6002835311206,1680.6002835311206,0.9995577674497038,0.0005255972269904353
1680.6072279171444,1680.6072279171444,1.0001293545706171,0.0005254067726934662
1680.614172303121,1680.614172303121,0.9988289068476612,0.0005253671685375599
1680.6211166890516,1680.6211166890516,1.0009139550677433,0.0005256486754295306
1680.6280610749473,1680.6280610749473,0.9993637576185745,0.000525522686572105
1680.6350054608083,1680.6350054608083,1.0006815784518202,0.0005259561305202122
1680.6419498465991,1680.6419498465991,0.999562887609974,0.000525982460083471
1680.6488942323547,1680.6488942323547,1.0006884326519618,0.0005260015697309559
1680.6558386180873,1680.6558386180873,1.000059369198829,0.0005256353668331722
1680.6627830037614,1680.6627830037614,1.0000383392085166,0.0005258989598554721
1680.6697273893897,1680.6697273893897,0.9997918783758303,0.0005258042565572235
1680.6766717749827,1680.6766717749827,0.999734195858531,0.000525393011397989
1680.683616160517,1680.683616160517,0.9996921973761307,0.0005254086082852186
1680.6905605460167,1680.6905605460167,1.0009472114935645,0.0005254867052011425
1680.6975049314701,1680.6975049314701,0.9993373253906361,0.0005254235135363778
1680.7044493168767,1680.7044493168767,1.0001232060174838,0.0005256401303823828
1680.7113937022489,1680.7113937022489,0.9993358518665287,0.0005254357640512452
1680.7183380875736,1680.7183380875736,0.9999389437735106,0.0005255218105237409
1680.725282472817,1680.725282472817,1.000574981104125,0.000525291899681811
1680.7322268580494,1680.7322268580494,1.0003438716192974,0.0005255940497450263
1680.7391712432345,1680.7391712432345,1.0004128651220847,0.0005254789574848293
1680.7461156283618,1680.7461156283618,0.9997572106352874,0.000525279954895471
1680.7530600134428,1680.7530600134428,0.9995859235186593,0.0005253179913172019
1680.760004398465,1680.760004398465,1.0001368740203331,0.0005256608271737731
1680.7669487834876,1680.7669487834876,1.0000065603790158,0.0005252036304739286
1680.7738931684282,1680.7738931684282,0.9997563787166731,0.0005257404053157198
1680.780837553311,1680.780837553311,1.0003705629095017,0.0005257096572732644
1680.7877819381824,1680.7877819381824,0.9996285735106646,0.0005258760979404991
1680.7947263229835,1680.7947263229835,0.9996435120295573,0.0005256049923372902
1680.801670707727,1680.801670707727,1.0002684799251342,0.0005253247502628469
1680.8086150924464,1680.8086150924464,0.9999094000512632,0.0005259249057348464
1680.8155594770965,1680.8155594770965,1.0000106543384992,0.0005255479443568139
1680.8225038616997,1680.8225038616997,1.001052064418705,0.0005255101172738619
1680.8294482462684,1680.8294482462684,0.9993384435324696,0.0005254523150990827
1680.8363926307902,1680.8363926307902,1.000034157919544,0.0005255319877468005
1680.843337015242,1680.843337015242,0.9997567462862301,0.0005258337217807189
1680.850281399659,1680.850281399659,0.9993131238982865,0.0005252932082656268
1680.857225784018,1680.857225784018,0.9997397261049716,0.0005256057344733943
1680.8641701683423,1680.8641701683423,1.0002792853251488,0.0005255422382436768
1680.8711145525965,1680.8711145525965,1.0013162070414894,0.000525883729401013
1680.8780589368039,1680.8780589368039,1.0000608537556168,0.0005255404097079961
1680.8850033209533,1680.8850033209533,1.0002490574081555,0.000525726675564825
1680.891947705079,1680.891947705079,0.9997530474696875,0.000525478662144346
1680.8988920891468,1680.8988920891468,1.0001567018516722,0.0005253225598340404
1680.9058364731568,1680.9058364731568,0.998935824927129,0.0005253707366869922
1680.9127808571084,1680.9127808571084,0.9994513147681305,0.0005254514621484403
1680.9197252410013,1680.9197252410013,1.0006974582174692,0.0005263092740060569
1680.9266696248596,1680.9266696248596,0.999443006384741,0.0005260160148667181
1680.9336140086598,1680.9336140086598,1.0002330531246926,0.0005261848266362724
1680.9405583924133,1680.9405583924133,1.0010043917280744,0.0005259022202461618
1680.9475027761086,1680.9475027761086,0.9999616708604723,0.0005254787255984464
1680.9544471597571,1680.9544471597571,1.0005165987275095,0.0005256586811207797
1680.9613915433365,1680.9613915433365,0.9997833680401242,0.0005254414555121332
1680.9683359268802,1680.9683359268802,1.0000007359670269,0.0005255715345473923
1680.9752803103547,1680.9752803103547,0.9999702479032757,0.0005260127251471745
1680.9822246937824,1680.9822246937824,1.0001762759268948,0.0005255338570843653
1680.989169077163,1680.989169077163,1.0002475267492321,0.0005257423785503697
1680.9961134604741,1680.9961134604741,1.0002821826935935,0.0005257135582033169
1681.0030578437504,1681.0030578437504,0.9998961424500283,0.000525750192174142
1681.0100022269448,1681.0100022269448,0.9993889496950162,0.0005257555124239911
1681.0169466101167,1681.0169466101167,0.9995066801005826,0.0005254290436244113
1681.0238909932064,1681.0238909932064,0.9995526286018039,0.0005257851822722758
1681.0308353762507,1681.0308353762507,0.999990590265943,0.0005260467801948751
1681.0377797592469,1681.0377797592469,1.0002877402483956,0.0005255735134483538
1681.044724142162,1681.044724142162,1.0005334018515684,0.0005256125439935887
1681.0516685250427,1681.0516685250427,0.9994394339990915,0.0005256311908698
1681.0586129078533,1681.0586129078533,1.0004456164547535,0.0005258885584272795
1681.0655572906173,1681.0655572906173,1.0002624443002195,0.000525839632942291
1681.0725016733115,1681.0725016733115,0.9999275088318967,0.0005255581920281142
1681.0794460559705,1681.0794460559705,1.0001372281569663,0.0005254279918597721
1681.0863904385365,1681.0863904385365,0.9995804435645399,0.0005252822936235424
1681.0933348210797,1681.0933348210797,0.9999533712810393,0.0005254551135953136
1681.1002792035529,1681.1002792035529,1.0009660156471374,0.000525612266320671
1681.1072235859672,1681.1072235859672,0.9991861272944483,0.0005257054240640649
1681.1141679683235,1681.1141679683235,1.0002602255984758,0.0005253980438382673
1681.1211123506102,1681.1211123506102,0.9996092004008658,0.0005255349638208351
1681.1280567328508,1681.1280567328508,1.000145814744071,0.0005256783545780866
1681.1350011150212,1681.1350011150212,1.000430369048741,0.0005255052598769352
1681.141945497145,1681.141945497145,0.999699604832931,0.0005256574001443043
1681.1488898791988,1681.1488898791988,1.000264603787066,0.0005256995208207683
1681.1558342611825,1681.1558342611825,1.0000017470298679,0.0005259027907755983
1681.1627786431195,1681.1627786431195,0.9994729449186434,0.0005256264093369671
1681.169723024976,1681.169723024976,1.000263140937245,0.0005256938510815367
1681.1766674067972,1681.1766674067972,0.9996484748776868,0.0005257241237317413
1681.18361178856,1681.18361178856,1.0000716790343052,0.0005258097144496648
1681.1905561702529,1681.1905561702529,0.999957549798259,0.0005256332929775675
1681.1975005518757,1681.1975005518757,1.0001240198824601,0.0005257869944542742
1681.2044449334412,1681.2044449334412,1.0002883443028132,0.0005253889766929859
1681.2113893149362,1681.2113893149362,1.0001871939308677,0.000525640091912711
1681.2183336963728,1681.2183336963728,0.9991081693521149,0.0005250306003073393
1681.2252780777515,1681.2252780777515,1.0001889594528515,0.00052549404423706
1681.2322224590716,1681.2322224590716,0.9997292034325076,0.0005254750626762944
1681.2391668403227,1681.2391668403227,1.000386192027871,0.000525616465837022
1681.2461112214921,1681.2461112214921,1.0006320294866513,0.0005255903998924096
1681.253055602626,1681.253055602626,1.0001745300726324,0.0005255327514896603
1681.2599999836789,1681.2599999836789,0.9998540699770505,0.0005255926904035851
1681.2669443646496,1681.2669443646496,0.9996977881656349,0.0005253458004603066
1681.273888745586,1681.273888745586,1.000315459550362,0.0005256554576613989
1681.2808331264412,1681.2808331264412,0.9999555610034514,0.0005253581162486336
1681.2877775072375,1681.2877775072375,0.9996269685932629,0.000525475764804704
1681.2947218879763,1681.2947218879763,0.9995963731518099,0.000525267990627627
1681.3016662686327,1681.3016662686327,1.0007271790664798,0.0005255772595251729
1681.3086106492315,1681.3086106492315,0.9998120555948011,0.0005255564500627594
1681.3155550297608,1681.3155550297608,0.9997424714901605,0.0005251732490361974
1681.3224994102306,1681.3224994102306,0.9997988110527567,0.0005255219878960082
1681.3294437906202,1681.3294437906202,1.000182374295059,0.0005245969926516855
1681.3363881709508,1681.3363881709508,0.9998562485174641,0.000524258392613812
1681.343332551212,1681.343332551212,0.9998081052506844,0.0005240174212331326
1681.3502769314036,1681.3502769314036,1.0004597888431703,0.0005242910708448636
1681.3572213115015,1681.3572213115015,1.0000193471951722,0.0005237884536984297
1681.3641656915765,1681.3641656915765,1.0003809932132401,0.0005237482954275885
1681.3711100715695,1681.3711100715695,0.9998757188098335,0.0005234027929871082
1681.3780544514698,1681.3780544514698,0.9998938112258333,0.0005233815910115395
1681.3849988313348,1681.3849988313348,1.0007057604800629,0.0005232129525741216
1681.3919432111074,1681.3919432111074,0.9995143217676545,0.0005232818362566622
1681.3988875908212,1681.3988875908212,0.99898885566846,0.0005228670905461083
1681.4058319704538,1681.4058319704538,1.000012393800273,0.0005234598368831806
1681.412776350016,1681.412776350016,0.9997017163903547,0.0005232915057575125
1681.4197207295208,1681.4197207295208,1.0007534802907194,0.0005232631580764362
1681.4266651089551,1681.4266651089551,0.9998873002031401,0.0005235253463806353
1681.433609488308,1681.433609488308,1.0009709796779576,0.000523519819304799
1681.440553867591,1681.440553867591,0.9996179349981699,0.0005234087914412696
1681.4474982468048,1681.4474982468048,1.0002825681114806,0.000524003483314971
1681.4544426259479,1681.4544426259479,0.9998913796242481,0.0005240556628817748
1681.4613870050102,1681.4613870050102,0.9992706083514445,0.000524692281417874
1681.4683313840142,1681.4683313840142,0.9997323478633003,0.0005245373094311476
1681.4752757629362,1681.4752757629362,0.9998984986008423,0.0005249207693071925
1681.482220141777,1681.482220141777,1.0008357667430292,0.0005254612859403624
1681.4891645205596,1681.4891645205596,1.0001269048191015,0.0005254823883945543
1681.496108899261,1681.496108899261,0.9997005434417956,0.000525149346949358
1681.5030532778806,1681.5030532778806,0.9999259055241441,0.0005253950485614195
1681.5099976564652,1681.5099976564652,0.9996282982605982,0.0005255443042668076
1681.5169420349453,1681.5169420349453,0.9997994833686124,0.0005256233496776567
1681.5238864133548,1681.5238864133548,1.0004964093410935,0.0005252401272666323
1681.5308307916955,1681.5308307916955,1.0008679996386773,0.0005256629963288079
1681.5377751699539,1681.5377751699539,0.9996755741643302,0.0005256215832460233
1681.544719548143,1681.544719548143,0.9996670324031871,0.0005252668571263861
1681.5516639262387,1681.5516639262387,0.9996222705044602,0.000525243422167525
1681.5586083042879,1681.5586083042879,1.0004587640071847,0.0005258081118374693
1681.5655526822552,1681.5655526822552,0.9997304884000661,0.0005253994803427323
1681.5724970601539,1681.5724970601539,1.000149955306221,0.0005259837596946408
1681.57944143797,1681.57944143797,0.9997594547910266,0.0005256503397335038
1681.5863858157045,1681.5863858157045,0.9999617118412603,0.0005256301772517867
1681.5933301933696,1681.5933301933696,1.000384178835271,0.0005253308373808746
1681.6002745709532,1681.6002745709532,0.9995630171687122,0.0005256798025499626
1681.607218948444,1681.607218948444,1.0000771178012695,0.0005254296897234405
1681.614163325899,1681.614163325899,1.0003097426285206,0.0005255152268167698
1681.6211077032501,1681.6211077032501,0.9997718345601315,0.0005253225523629424
1681.628052080554,1681.628052080554,1.0003834010331443,0.0005256185448703712
1681.6349964577414,1681.6349964577414,1.0003939163373603,0.0005257933073997995
1681.6419408348834,1681.6419408348834,1.0003076102152213,0.0005253359779890859
1681.6488852119426,1681.6488852119426,1.0003726511044482,0.0005253540758682869
1681.6558295889204,1681.6558295889204,0.999739733754604,0.0005255211724641219
1681.6627739658172,1681.6627739658172,0.9997423986193269,0.0005255318519803332
1681.6697183426672,1681.6697183426672,0.9999446217801115,0.0005254323989816726
1681.6766627194015,1681.6766627194015,0.999970723630877,0.0005258221844430891
1681.6836070960883,1681.6836070960883,1.000012160376266,0.0005255065781862258
1681.690551472671,1681.690551472671,0.9996409479516435,0.000525678633215883
1681.697495849218,1681.697495849218,0.9995794129238487,0.0005258483754531553
1681.704440225672,1681.704440225672,1.0004217686159849,0.0005252814902968236
1681.7113846020452,1681.7113846020452,0.9995692703363904,0.0005258966011173106
1681.7183289783484,1681.7183289783484,1.0003716970405687,0.000525525462318178
1681.7252733545697,1681.7252733545697,1.0003818406005915,0.0005254909205914256
1681.7322177307099,1681.7322177307099,1.0003157359510848,0.0005254307894935982
1681.7391621067795,1681.7391621067795,0.9998251435056169,0.0005253799314638625
1681.7461064827799,1681.7461064827799,1.000023852438667,0.0005257352465770048
1681.7530508587108,1681.7530508587108,1.0001943286193076,0.0005256038181854653
1681.7599952345595,1681.7599952345595,1.0002098988476533,0.0005257545319425408
1681.766939610338,1681.766939610338,0.9992281802308938,0.0005252018055884355
1681.7738839860478,1681.7738839860478,0.9997177008661389,0.0005254026701939697
1681.7808283616755,1681.7808283616755,0.9999127797045627,0.0005258115105665123
1681.7877727372338,1681.7877727372338,1.0002397172839044,0.0005259515838046835
1681.7947171127216,1681.7947171127216,1.000215733703198,0.0005256259577648646
1681.8016614881278,1681.8016614881278,0.9999761650220412,0.0005256623357859216
1681.8086058634647,1681.8086058634647,1.000098124085524,0.0005256215225348097
1681.8155502387315,1681.8155502387315,0.999845517667654,0.000525514505056341
1681.8224946139285,1681.8224946139285,1.0001532654025156,0.0005259012279400093
1681.8294389890675,1681.8294389890675,1.00026629326469,0.0005257887558729132
1681.836383364113,1681.836383364113,0.9998094057420174,0.0005255700994864263
1681.8433277391007,1681.8433277391007,0.9995673925037967,0.0005256361701274227
1681.8502721140296,1681.8502721140296,1.0008745184915349,0.0005258836542497912
1681.8572164888778,1681.8572164888778,0.9999548171902424,0.0005256020358987673
1681.864160863667,1681.864160863667,0.9996010109222224,0.0005260446704392199
1681.8711052383871,1681.8711052383871,0.9994248583828529,0.0005257143055446601
1681.8780496130482,1681.8780496130482,1.0002964691287162,0.0005260459868659111
1681.88499398764,1681.88499398764,1.0002226219846089,0.0005256400546149525
1681.8919383621621,1681.8919383621621,1.0006411867673113,0.0005260335825375258
1681.8988827366254,1681.8988827366254,1.0004782549023339,0.0005258471379350812
1681.9058271110312,1681.9058271110312,0.9996358978104597,0.0005253608073594789
1681.912771485378,1681.912771485378,0.9996199858175785,0.0005257508146363611
1681.9197158596667,1681.9197158596667,1.000102682488253,0.0005258977081535553
1681.926660233898,1681.926660233898,0.9999769814233757,0.0005257249130976773
1681.9336046080589,1681.9336046080589,1.0003544489633645,0.0005254965005650871
1681.9405489821734,1681.9405489821734,0.999616321962808,0.0005253732142369997
1681.9474933562408,1681.9474933562408,1.000398750335216,0.0005257925884401466
1681.9544377302386,1681.9544377302386,1.0002248341461732,0.0005259432467682298
1681.9613821042021,1681.9613821042021,0.9997567192878186,0.0005257959672841852
1681.9683264781183,1681.9683264781183,0.9996114972276537,0.0005255265712132149
1681.975270851965,1681.975270851965,0.999883435108857,0.0005256191096312863
1681.982215225788,1681.982215225788,1.0002857057471917,0.0005258025207324938
1681.9891595995646,1681.9891595995646,1.0004234065096504,0.0005260220962502811
1681.9961039732952,1681.9961039732952,0.9996233504274192,0.000525932907257056
1682.0030483469905,1682.0030483469905,0.9995453262668104,0.0005257193187613725
1682.0099927206277,1682.0099927206277,1.0001028284248987,0.0005257659257591836
1682.016937094241,1682.016937094241,1.0001064095434447,0.0005260414354559341
1682.0238814678203,1682.0238814678203,1.0003588145743727,0.0005260542216875036
1682.0308258413759,1682.0308258413759,0.999990062158455,0.0005255479070417803
1682.0377702148846,1682.0377702148846,0.9997266151601337,0.0005256111718324903
1682.044714588382,1682.044714588382,1.0006489286051259,0.0005262711200873175
1682.0516589618444,1682.0516589618444,0.9996042820568676,0.0005262400107006736
1682.0586033352952,1682.0586033352952,0.9998136052385614,0.0005263009074188528
1682.0655477087228,1682.0655477087228,1.0004747564657746,0.0005260561050290863
1682.0724920821388,1682.0724920821388,1.0003248866151897,0.0005260363734841348
1682.0794364555193,1682.0794364555193,0.9994790432731744,0.0005258371120194728
1682.0863808289353,1682.0863808289353,1.0005909543181917,0.0005259944555631163
1682.0933252023394,1682.0933252023394,0.9998753494410447,0.0005261464104862085
1682.1002695757209,1682.1002695757209,0.9997882110577352,0.0005262796580194245
1682.1072139491014,1682.1072139491014,0.9998992889159097,0.0005259386918227136
1682.1141583224828,1682.1141583224828,1.0004308869969258,0.0005261187483471452
1682.1211026958633,1682.1211026958633,0.9994982138214746,0.0005258838742054798
1682.1280470692673,1682.1280470692673,1.0006261506139533,0.0005261224916435187
1682.134991442695,1682.134991442695,1.0001820171390963,0.0005265661791292198
1682.141935816146,1682.141935816146,1.0000347252121913,0.0005260528907260745
1682.1488801895964,1682.1488801895964,0.999798848571284,0.0005260991977934877
1682.1558245631054,1682.1558245631054,1.000192019406075,0.0005263649203678968
1682.1627689366378,1682.1627689366378,0.9997011339990326,0.000525981481250016
1682.1774910086478,1682.1774910086478,0.9998454128900928,0.0005263112027646874
1682.186379806948,1682.186379806948,1.000371101528585,0.0005259895775948448
1682.1933241806896,1682.1933241806896,0.999781458508469,0.000526316143809083
1682.2002685544899,1682.2002685544899,1.0002570155110853,0.0005261503830963442
1682.20721292836,1682.20721292836,0.9994313465854108,0.0005261742146091912
1682.214157302288,1682.214157302288,1.0008782875745186,0.0005261489574111538
1682.2211016762972,1682.2211016762972,0.9999606222265452,0.0005265669299846206
1682.2280460503885,1682.2280460503885,1.0002252031138408,0.0005269422619163463
1682.2349904245616,1682.2349904245616,0.9994917340093853,0.0005264898381206108
1682.2419347988503,1682.2419347988503,1.0000334906841126,0.0005265677299620907
1682.2488791732326,1682.2488791732326,1.0004206703112695,0.0005264499110763434
1682.255823547719,1682.255823547719,1.0000837842812813,0.0005268943660799166
1682.262767922334,1682.262767922334,1.0002310049745402,0.0005266688985290168
1682.2697122970537,1682.2697122970537,0.9999914292466896,0.0005265805652460984
1682.2766566719133,1682.2766566719133,0.9996208124165816,0.0005264149721481955
1682.2836010469007,1682.2836010469007,0.9999374404201365,0.0005267361279861572
1682.2905454220393,1682.2905454220393,1.0005173390454352,0.0005266003651051462
1682.2974897973297,1682.2974897973297,0.9992873425921355,0.0005267975501419494
1682.3044341727596,1682.3044341727596,1.0001590978626513,0.000526760771915774
1682.311378548387,1682.311378548387,1.000493395526468,0.0005268785934390627
1682.3183229241665,1682.3183229241665,1.0003715338704193,0.0005270599280857793
1682.32526730012,1682.32526730012,1.0006918735686912,0.0005272913645394727
1682.3322116762715,1682.3322116762715,0.999813491491486,0.0005268070097484464
1682.3391560526095,1682.3391560526095,0.9995967807942112,0.0005268916746670076
1682.346100429169,1682.346100429169,0.9982086644703868,0.0005268574172847112
1682.353044805949,1682.353044805949,1.0004096146737669,0.0005272456415967167
