time,time,flux,flux_err
1325.3001710865071,1325.3001710865071,1.0010515550199455,0.0011346917251609293
1325.3078101018766,1325.3078101018766,0.9993534012113481,0.0010363636309949336
1325.314754661383,1325.314754661383,0.9995743935837862,0.0010374272687370483
1325.3216992209946,1325.3216992209946,0.9995817207113473,0.0010385583724450602
1325.328643780698,1325.328643780698,0.9990209477229962,0.0010396648852607306
1325.3355883405193,1325.3355883405193,1.000009234079347,0.001041179041949473
1325.3425329004094,1325.3425329004094,0.9992633197112596,0.0010425393704851043
1325.3494774604283,1325.3494774604283,1.000733744392636,0.0010444762815584392
1325.3564220205164,1325.3564220205164,1.00099803130264,0.0010462170888178536
1325.363366580675,1325.363366580675,1.001193598289074,0.0010483789403639993
1325.37031114095,1325.37031114095,1.0001669899910013,0.0010495460446176671
1325.3772557013056,1325.3772557013056,0.9981708782188636,0.0010503076445293128
1325.3842002617669,1325.3842002617669,1.0005864281532706,0.00105307327382976
1325.391144822286,1325.391144822286,0.9995829039304098,0.0010542755789696616
1325.3980893829096,1325.3980893829096,1.0001520518874132,0.0010564049481391158
1325.4050339436037,1325.4050339436037,1.0008582819257994,0.0010587406669127642
1325.4119785043904,1325.4119785043904,0.9990056433929837,0.001060357248484766
1325.4189230652707,1325.4189230652707,0.999045706056554,0.0010626574932601429
1325.425867626232,1325.425867626232,1.00204976276577,0.0010653228169553307
1325.43281218724,1325.43281218724,0.9998578380101921,0.0010668953721834726
1325.4397567483534,1325.4397567483534,0.9989690841129157,0.0010683599923731507
1325.446701309536,1325.446701309536,0.9999883260421244,0.0010711849340072446
1325.4536458708,1325.4536458708,0.9992044190311977,0.0010729206447789017
1325.4605904321456,1325.4605904321456,1.0008754790096883,0.0010756504539051704
1325.4675349935728,1325.4675349935728,1.0013982016457506,0.0010785709704223528
1325.4744795550585,1325.4744795550585,0.9988141645975087,0.0010797800650368642
1325.481424116625,1325.481424116625,1.0005015783126994,0.00108298053536417
1325.4883686782505,1325.4883686782505,1.0005192072673927,0.0010852059305370694
1325.4953132399569,1325.4953132399569,0.9987666011793916,0.0010870437232003833
1325.5022578017565,1325.5022578017565,0.9995811696123843,0.001089590463931449
1325.5092023635914,1325.5092023635914,0.9986413069087433,0.0010920035923976956
1325.5161469255077,1325.5161469255077,1.0011125672016825,0.0010953224392121453
1325.523091487482,1325.523091487482,1.0009533498221077,0.0010973071933078706
1325.5300360495376,1325.5300360495376,1.0004951682163217,0.0011002138045327116
1325.53698061164,1325.53698061164,1.000141646811649,0.0011021082247982372
1325.5439251738358,1325.5439251738358,1.0000437424996675,0.00110431378527943
1325.550869736066,1325.550869736066,1.0001113472464558,0.0011065531988173258
1325.5578142983782,1325.5578142983782,0.998662204493258,0.0011076740836749185
1325.5647588607367,1325.5647588607367,0.9994092795618019,0.00110996305104671
1325.5717034231766,1325.5717034231766,0.9999969425312714,0.0011115926365976446
1325.5786479856633,1325.5786479856633,0.9992236555523692,0.0011129604129684139
1325.5855925482078,1325.5855925482078,1.001726112160442,0.0011153673100166453
1325.5925371108108,1325.5925371108108,0.9996526020439628,0.0011162129924031474
1325.5994816734722,1325.5994816734722,1.0021471395722905,0.001117810889970193
1325.6064262362033,1325.6064262362033,0.9983194906585989,0.0011176853204997558
1325.613370798969,1325.613370798969,1.000788407040042,0.0011187284808156586
1325.620315361782,1325.620315361782,1.000196516647612,0.0011190073040548503
1325.6272599246756,1325.6272599246756,0.9995038765683063,0.0011188146052201556
1325.6342044876164,1325.6342044876164,1.0003131336578093,0.0011191297232372
1325.6411490506155,1325.6411490506155,0.9981612738262008,0.0011190058140824687
1325.6480936136372,1325.6480936136372,1.0004734967430995,0.0011194226271749508
1325.6550381767295,1325.6550381767295,0.9995645172780414,0.0011189911160927979
1325.6619827398674,1325.6619827398674,1.000573078011374,0.0011190804462245308
1325.6689273030647,1325.6689273030647,0.999517170705419,0.0011183932462679902
1325.6758718663075,1325.6758718663075,1.0010550078969254,0.0011186349023545358
1325.6828164295978,1325.6828164295978,1.001293660916614,0.0011185178847942462
1325.6897609929224,1325.6897609929224,0.9996768958031593,0.001118382441461129
1325.696705556305,1325.696705556305,0.9995236337207949,0.0011187244376790453
1325.7036501197235,1325.7036501197235,0.9994587356818319,0.001118961986567057
1325.7105946831994,1325.7105946831994,0.9986919103496262,0.001118636771145534
1325.7175392467104,1325.7175392467104,1.0009917693033064,0.001119874373397638
1325.724483810268,1325.724483810268,1.0000886612858806,0.0011202636151620578
1325.7314283738601,1325.7314283738601,1.0005678891504284,0.0011212806730404742
1325.7383729375115,1325.7383729375115,0.9989440578814006,0.0011211108171139746
1325.7453175011967,1325.7453175011967,0.9989660656549783,0.001121732014329143
1325.7522620649174,1325.7522620649174,1.001530560936628,0.001122820432054283
1325.759206628673,1325.759206628673,0.9998190068567947,0.001123135207060438
1325.766151192475,1325.766151192475,0.999883450988019,0.0011241248192216406
1325.773095756324,1325.773095756324,0.9988613942003536,0.0011241104990129204
1325.7800403201952,1325.7800403201952,1.0005411725826052,0.0011256590626680908
1325.7869848841146,1325.7869848841146,1.0004824417283358,0.0011263940053110777
1325.793929448079,1325.793929448079,1.0005333916809693,0.001127446307584197
1325.8008740120558,1325.8008740120558,1.0000625487765318,0.0011276228874168108
1325.8078185760794,1325.8078185760794,0.9999180743495939,0.0011281510492057215
1325.8147631401373,1325.8147631401373,1.001129810767061,0.001129253103001334
1325.8217077042307,1325.8217077042307,0.9994104900637769,0.0011293431911439098
1325.828652268347,1325.828652268347,1.0011422496476967,0.0011302641930133748
1325.8355968325097,1325.8355968325097,0.999495941762752,0.001129654002172173
1325.8425413967082,1325.8425413967082,0.9991279678212663,0.0011298321560378063
1325.8494859609286,1325.8494859609286,0.998724601020777,0.001129694518192064
1325.8564305251964,1325.8564305251964,1.0002058173525405,0.0011294512251109822
1325.8633750894642,1325.8633750894642,0.9997891371104547,0.001128459796645092
1325.8703196537906,1325.8703196537906,1.000328925479698,0.001127386796650427
1325.8772642181398,1325.8772642181398,0.9998269149051815,0.0011260497549338416
1325.884208782512,1325.884208782512,0.999825790300014,0.001124724428277093
1325.8911533469197,1325.8911533469197,0.9998650411489169,0.0011234185524049826
1325.8980979113385,1325.8980979113385,1.0014609888078636,0.00112317122851525
1325.9050424758043,1325.9050424758043,0.9996163790017457,0.0011219661808962917
1325.9119870402815,1325.9119870402815,1.0006394544547164,0.0011213335443738953
1325.9189316048055,1325.9189316048055,1.0005125383593332,0.0011206625044916508
1325.925876169341,1325.925876169341,1.0005541660887871,0.001120114746151117
1325.9328207338997,1325.9328207338997,0.9996293198627206,0.0011191057743437567
1325.9397652984935,1325.9397652984935,0.9993856318243276,0.0011187451071130497
1325.9467098630987,1325.9467098630987,0.9992209265503998,0.0011182156699393027
1325.953654427739,1325.953654427739,0.9994884361371177,0.0011181745630950428
1325.960876774981,1325.960876774981,0.9995575164639167,0.0011176547217574872
1325.9689324700269,1325.9689324700269,0.9997268522534262,0.0011167960294366998
1325.9758770347137,1325.9758770347137,1.0003348902081168,0.001117039292009592
1325.9828215994587,1325.9828215994587,1.0011395811533519,0.0011169660629882351
1325.9897661642035,1325.9897661642035,0.9996468503732971,0.0011168698838083131
1325.9967107289838,1325.9967107289838,0.9985066370442496,0.001116610610389402
1326.0036552937752,1326.0036552937752,1.002485424147161,0.001117852913777776
1326.01059985859,1326.01059985859,1.000053672390385,0.0011175887834147798
1326.0175444234399,1326.0175444234399,0.9999209286566308,0.0011185424282076546
1326.0244889882902,1326.0244889882902,1.0002015529812103,0.0011197528397946439
1326.0314335531516,1326.0314335531516,0.9990726396196882,0.0011196335937342782
1326.0383781180476,1326.0383781180476,0.998721111071639,0.0011195221388010117
1326.0453226829557,1326.0453226829557,0.9989971316146068,0.0011190772522565267
1326.0522672478867,1326.0522672478867,1.0026482835660737,0.0011201387850949083
1326.0592118128413,1326.0592118128413,1.0002636318570264,0.001119940218256447
1326.0661563777962,1326.0661563777962,1.0006233576444452,0.0011203473942489736
1326.0731009427739,1326.0731009427739,0.9997345803033761,0.0011200503854651058
1326.080045507752,1326.080045507752,1.0005803886702052,0.0011203819640154653
1326.086990072788,1326.086990072788,0.9982634770244505,0.0011193515309757527
1326.0939346378243,1326.0939346378243,0.9986955937605838,0.001119940813558828
1326.1008792028604,1326.1008792028604,1.0008833805893187,0.0011198066927424334
1326.1078237678962,1326.1078237678962,0.9982072951807794,0.0011195625398993463
1326.1147683329673,1326.1147683329673,1.0010126318602042,0.0011203947026750224
1326.12171289805,1326.12171289805,1.0003274716273232,0.0011198961021483403
1326.1286574631442,1326.1286574631442,1.0031183226707796,0.0011205799774077943
1326.1356020282499,1326.1356020282499,0.9997044355375921,0.0011194778296212153
1326.1425465933794,1326.1425465933794,0.9996118295166365,0.001119071514731809
1326.1494911585087,1326.1494911585087,0.9991032360253993,0.0011184898929967957
1326.156435723661,1326.156435723661,0.9992336244577624,0.0011180977101485994
1326.163380288814,1326.163380288814,0.9995728020800703,0.0011180395119302668
1326.1703248539893,1326.1703248539893,0.9983920442710195,0.0011172465834226545
1326.1772694191768,1326.1772694191768,1.0010214085249838,0.001117697496053709
1326.1842139843525,1326.1842139843525,1.0012838937168094,0.0011178841572117234
1326.1911585495632,1326.1911585495632,1.0009828510941994,0.001117305978761595
1326.1981031147857,1326.1981031147857,0.9991654897532516,0.001116439156250432
1326.2050476799964,1326.2050476799964,1.000906691737502,0.0011167202689013076
1326.2119922452305,1326.2119922452305,1.0005958539421616,0.0011160250799122323
1326.218936810476,1326.218936810476,0.9993488972894436,0.001115366089026994
1326.2258813757333,1326.2258813757333,0.9992566724456695,0.0011150258924286162
1326.2328259409792,1326.2328259409792,0.9983521731842963,0.0011146644393605371
1326.2397705062592,1326.2397705062592,0.9986035831149568,0.001114218385498782
1326.2467150715281,1326.2467150715281,1.0018599053586588,0.0011149480400079832
1326.2536596368088,1326.2536596368088,0.9995244513834816,0.001113592657167224
1326.260604202113,1326.260604202113,1.0010023780240782,0.0011137220097774652
1326.2675487673937,1326.2675487673937,1.0005931443316896,0.0011135502947035255
1326.2744933327203,1326.2744933327203,1.0008454063164487,0.0011130368303061834
1326.2814378980243,1326.2814378980243,0.9998848391678832,0.001112748644998582
1326.2883824633166,1326.2883824633166,0.9979114824194326,0.00111194911386728
1326.295327028644,1326.295327028644,1.0008698292099845,0.0011124625063761385
1326.3022715939708,1326.3022715939708,1.0021188610076348,0.0011133421048054302
1326.309216159333,1326.309216159333,0.9988342353794144,0.0011124545813388862
1326.3161607246834,1326.3161607246834,1.0003460413971075,0.0011129143614931568
1326.32310529001,1326.32310529001,0.9999540573649032,0.001112765761961443
1326.330049855361,1326.330049855361,0.9988258964212958,0.0011126855360188569
1326.336994420723,1326.336994420723,0.9994221195840722,0.0011126277189183733
1326.3439389860846,1326.3439389860846,0.9989144291553295,0.00111266629679495
1326.3531058123633,1326.3531058123633,1.0008978212730775,0.0011135457223697793
1326.3606059429515,1326.3606059429515,1.0011995929901971,0.0011138464987371258
1326.3675505083368,1326.3675505083368,0.9989144755386018,0.0011130579970522773
1326.3744950737102,1326.3744950737102,1.0000744305486813,0.0011132807169557228
1326.3814396390844,1326.3814396390844,1.0015033531651545,0.001114108022160266
1326.3883842044693,1326.3883842044693,0.9998277200859708,0.0011135886131104478
1326.3953287698546,1326.3953287698546,1.0004828566724975,0.0011139885337622345
1326.4022733352404,1326.4022733352404,0.9994502011471706,0.0011136925683290894
1326.4092179006254,1326.4092179006254,0.9990325907623661,0.0011138713223356484
1326.4161624660226,1326.4161624660226,1.0000418385361203,0.0011144314157235397
1326.4231070314079,1326.4231070314079,1.0014681953512103,0.0011147930152312878
1326.4300515968166,1326.4300515968166,0.9997039870734534,0.001114599889612592
1326.436996162202,1326.436996162202,0.9991121334251145,0.0011143637622314318
1326.4439407275986,1326.4439407275986,0.9989220554108631,0.001114366767947449
1326.4508852929957,1326.4508852929957,1.0006915839085015,0.0011149098588988675
1326.4578298583924,1326.4578298583924,1.0000898948511234,0.0011147781688949508
1326.4647744238014,1326.4647744238014,1.0003890937336337,0.001115352206226632
1326.4717189891985,1326.4717189891985,0.9994929056099593,0.0011149774246194868
1326.4786635545952,1326.4786635545952,1.0012941379572111,0.0011155212498454897
1326.4856081199807,1326.4856081199807,1.0003206814507228,0.0011156569882059615
1326.4925526853774,1326.4925526853774,1.0002290648032828,0.0011155860462481126
1326.4994972507864,1326.4994972507864,0.9982976497640234,0.0011148596826963298
1326.506441816183,1326.506441816183,1.0004498184894435,0.0011158892119592992
1326.5133863815804,1326.5133863815804,0.998965375933351,0.001115670692701765
1326.5203309469653,1326.5203309469653,1.0010058436113378,0.0011164789134098514
1326.5272755123626,1326.5272755123626,0.9993018360899081,0.0011166148639559208
1326.534220077748,1326.534220077748,0.9988583401304322,0.0011165195409491963
1326.5411646431446,1326.5411646431446,1.00175122954226,0.0011177105268959007
1326.5481092085301,1326.5481092085301,1.001294619829869,0.0011182520116982987
1326.5550537739157,1326.5550537739157,1.00001531401131,0.0011181035063338313
1326.5619983393008,1326.5619983393008,0.999312353703534,0.0011179872827263198
1326.5689429046863,1326.5689429046863,1.000714134898283,0.0011183781533344204
1326.5758874700716,1326.5758874700716,0.9995712088061304,0.0011186694545753028
1326.5828320354453,1326.5828320354453,0.9986186337696971,0.001118315436724737
1326.5897766008188,1326.5897766008188,0.9997356395935457,0.0011188199330585539
1326.596721166181,1326.596721166181,1.0016544916794399,0.0011194343834784429
1326.6036657315547,1326.6036657315547,0.9982118549190556,0.0011190815952294819
1326.610610296917,1326.610610296917,1.0005087257849976,0.0011197382368053686
1326.6175548622673,1326.6175548622673,1.0005275283293096,0.0011197249935925905
1326.6244994276408,1326.6244994276408,0.9990002434669801,0.0011189248783733006
1326.6314439929797,1326.6314439929797,1.000648702272218,0.0011197357386860906
1326.6383885583298,1326.6383885583298,1.000108042650148,0.0011189410235898595
1326.6453331236921,1326.6453331236921,0.9995327977489914,0.001118870677211946
1326.6522776890192,1326.6522776890192,0.9993294795220546,0.001118814447289532
1326.6592222543466,1326.6592222543466,1.0006689709528416,0.001118278933365209
1326.6661668196732,1326.6661668196732,1.0002923298528514,0.0011181202428662761
1326.6731113850008,1326.6731113850008,1.0010118616700179,0.0011174485817845923
1326.6800559503276,1326.6800559503276,1.0004959868783896,0.001116954796982517
1326.6875560808812,1326.6875560808812,0.9995284812125004,0.0011164788919955015
1326.6953339940355,1326.6953339940355,0.9997334049783049,0.0011157540665639152
1326.7022785593163,1326.7022785593163,0.9993985067861025,0.0011150608478176266
1326.7092231246436,1326.7092231246436,1.0004703754672875,0.0011146244583191427
1326.7175566029775,1326.7175566029775,0.9982854723706642,0.0011138148049049605
1326.7245011682705,1326.7245011682705,0.9988019415042906,0.001112768202223594
1326.7314457335508,1326.7314457335508,1.0013677592208734,0.001113136948967771
1326.7383902988197,1326.7383902988197,1.0015351534346237,0.001112967541848877
1326.7453348640886,1326.7453348640886,0.9984764446982096,0.0011114775569206214
1326.752279429357,1326.752279429357,1.0020688631956722,0.0011120486221286687
1326.7592239946146,1326.7592239946146,0.9993858963397452,0.0011108320421049814
1326.76616855986,1326.76616855986,1.0001253554676228,0.0011105948906579496
1326.7731131251062,1326.7731131251062,1.000336827798575,0.0011101476338214694
1326.7800576903398,1326.7800576903398,0.999160387946131,0.0011100376937969087
1326.787002255574,1326.787002255574,0.9993645829613482,0.001109895751663322
1326.7939468207846,1326.7939468207846,1.0000437014771646,0.001110118900344553
1326.8008913860072,1326.8008913860072,1.0003962951764926,0.0011102303178452766
1326.807835951206,1326.807835951206,1.0002808787341604,0.0011101132667596047
1326.8147805164049,1326.8147805164049,1.0009857982717354,0.0011104632942136186
1326.8217250816044,1326.8217250816044,1.0002955644844547,0.001110282377624684
1326.8286696468033,1326.8286696468033,0.9996582440422491,0.0011099455819803979
1326.8356142119555,1326.8356142119555,0.9996390993053245,0.0011099267577860635
1326.8425587771317,1326.8425587771317,0.9993848249986538,0.001109828423610789
1326.8495033422955,1326.8495033422955,0.9985106342826873,0.0011090637292441115
1326.856447907448,1326.856447907448,1.001991205658395,0.0011098083900282253
1326.8633924726007,1326.8633924726007,0.9991505307814201,0.001108798063356943
1326.8703370377302,1326.8703370377302,1.0001365652504801,0.0011083227502068237
1326.877281602859,1326.877281602859,0.9991262939348875,0.0011074248162721459
1326.8842261679652,1326.8842261679652,1.0015027417743634,0.0011070416380685136
1326.8911707330826,1326.8911707330826,0.9995049621168912,0.0011057572871200543
1326.8981152981887,1326.8981152981887,0.9999000043446189,0.001104673426123994
1326.905059863283,1326.905059863283,0.9978174588383762,0.001103403283367209
1326.912004428354,1326.912004428354,1.000174147618679,0.001103399920661234
1326.918948993448,1326.918948993448,1.0007034092148648,0.0011025490645022254
1326.9258935584844,1326.9258935584844,1.000592544279018,0.0011010619023922104
1326.9328381235673,1326.9328381235673,0.9995670264672922,0.001100120985451658
1326.9397826885913,1326.9397826885913,1.0003267237259776,0.001099300644800956
1326.9467272536158,1326.9467272536158,1.0001009505468759,0.0010983919433939985
1326.9536718186637,1326.9536718186637,0.9997585376205521,0.001097110327141318
1326.9606163836884,1326.9606163836884,0.99932135449986,0.0010963408513279102
1326.9675609486894,1326.9675609486894,1.0003018381159818,0.0010950524829817527
1326.9745055136905,1326.9745055136905,0.9991695906743743,0.0010947168169581165
1326.9814500786918,1326.9814500786918,1.000347656229454,0.0010946530297089008
1326.9883946436462,1326.9883946436462,1.0005189690091774,0.0010934628985787413
1326.9953392086245,1326.9953392086245,1.0006006270634766,0.00109335349531628
1327.002283773579,1327.002283773579,0.9998713197477317,0.001092629059170607
1327.0092283385566,1327.0092283385566,0.9981444435966903,0.0010916849124796564
1327.0161729034648,1327.0161729034648,1.000361881519836,0.0010921393982508045
1327.0231174683959,1327.0231174683959,0.9999582803373391,0.0010916425195058536
1327.0300620333041,1327.0300620333041,0.9993635298482431,0.0010912342923071528
1327.0370065982352,1327.0370065982352,0.9985115679111474,0.001091061035867822
1327.0439511631203,1327.0439511631203,1.0025072209339785,0.0010921970754505655
1327.0508957279817,1327.0508957279817,0.9999631830301372,0.0010913225481943346
1327.0581180754562,1327.0581180754562,0.9998250027409965,0.0010916546535677534
1327.0661737707003,1327.0661737707003,1.0005372743600673,0.001091707960751441
1327.0731183355615,1327.0731183355615,1.0002471366958505,0.0010915540080630407
1327.0800629003998,1327.0800629003998,0.9993896363194865,0.0010914733579182752
1327.0870074652144,1327.0870074652144,0.9986574526540846,0.0010914622669875793
1327.09395203003,1327.09395203003,1.0020009113082324,0.0010923442629912317
1327.1008965948213,1327.1008965948213,0.9976253046036145,0.0010909947464190644
1327.109785637765,1327.109785637765,1.000045738761766,0.0010917881031781008
1327.117563550279,1327.117563550279,0.9996501737419665,0.0010919046881497463
1327.1256192453836,1327.1256192453836,1.001084640363097,0.0010920867053161446
1327.133119375308,1327.133119375308,0.9995490679707423,0.001091711555331863
1327.1411750704124,1327.1411750704124,0.9982756252856007,0.0010909801611614564
1327.148675200337,1327.148675200337,0.9995002805095485,0.0010913218174799632
1327.162842112347,1327.162842112347,1.0010859837880417,0.0010913616738724488
1327.1745089810029,1327.1745089810029,1.000491113237962,0.0010908397477855404
1327.1814535456774,1327.1814535456774,1.0002281606773482,0.0010901579529808438
1327.1883981103297,1327.1883981103297,0.9969932415877235,0.001088857742035018
1327.195620457525,1327.195620457525,0.9998302194602022,0.001089768019563384
1327.2036761525128,1327.2036761525128,1.0002858195286672,0.0010892782746130115
1327.2106207171178,1327.2106207171178,0.9990704359520521,0.0010886561287048722
1327.2175652817236,1327.2175652817236,0.9996627610324229,0.0010883446905459893
1327.2245098463286,1327.2245098463286,0.9999472270027715,0.0010881909605183798
1327.2314544108874,1327.2314544108874,1.0000947035028938,0.0010881763767682114
1327.2395101057823,1327.2395101057823,1.0017183148734332,0.001087929720537298
1327.2467324529075,1327.2467324529075,0.9995653221857591,0.001086464433212863
1327.2536770174434,1327.2536770174434,0.9998926705839597,0.0010858181479031256
1327.2606215819553,1327.2606215819553,0.9989699678753331,0.0010853046956705995
1327.2686772767806,1327.2686772767806,1.0004995567361046,0.0010852406179215233
1327.2758996238588,1327.2758996238588,1.0005658988343884,0.001083943611334198
1327.2828441883248,1327.2828441883248,0.9967811166564882,0.0010829075583032649
1327.2897887527902,1327.2897887527902,0.9988180379245317,0.0010830206269345955
1327.2967333172323,1327.2967333172323,1.0007244696145075,0.0010831235115637211
1327.3036778816752,1327.3036778816752,0.9987744376242327,0.0010824112208739454
1327.310622446094,1327.310622446094,1.000610452394462,0.0010826491547690311
1327.3175670105134,1327.3175670105134,0.9996229645460787,0.0010822292263254283
1327.3245115749094,1327.3245115749094,0.9991062891512843,0.0010822510740609516
1327.335900660462,1327.335900660462,1.002097005210055,0.0010827294533387226
1327.3439563551244,1327.3439563551244,1.001486206388548,0.0010826156771473001
1327.3509009194734,1327.3509009194734,0.9988275799253806,0.0010818934364446124
1327.3584010489558,1327.3584010489558,0.9934201363353827,0.0010800724987930271
1327.3661789609814,1327.3661789609814,0.9889579204204931,0.0010780456356401116
1327.3731235252842,1327.3731235252842,0.9865750993403534,0.0010772876981822988
1327.3800680895633,1327.3800680895633,0.9866854949147703,0.001077191520600458
1327.3870126538195,1327.3870126538195,0.9853593862407944,0.0010764132985975577
1327.3939572180757,1327.3939572180757,0.9868651098369083,0.0010768971288465528
1327.4009017823314,1327.4009017823314,0.9856980807664055,0.0010765174688624765
1327.4078463465412,1327.4078463465412,0.9871594685682122,0.0010766563203847015
1327.4147909107742,1327.4147909107742,0.9853779528706633,0.0010759452424013278
1327.4217354749373,1327.4217354749373,0.9847377253376509,0.0010758475069043484
1327.4303467344994,1327.4303467344994,0.9855665399780813,0.001076094810642737
1327.4384024289284,1327.4384024289284,0.9867292386782633,0.0010767450562869261
1327.4453469930916,1327.4453469930916,0.9872275459418066,0.0010767694847321613
1327.4522915572543,1327.4522915572543,0.9866298994660013,0.0010766961109818167
1327.459236121394,1327.459236121394,0.9914882585887694,0.001078357098702238
1327.4661806854633,1327.4661806854633,0.9976832457360928,0.0010804697768572835
1327.4731252495571,1327.4731252495571,1.0008086182205649,0.0010815559818525098
1327.48006981365,1327.48006981365,1.0027400480680053,0.0010819932992491234
1327.4870143776966,1327.4870143776966,1.000102782131649,0.001081480826527777
1327.4939589417436,1327.4939589417436,1.0013857266000008,0.0010817139395408887
1327.5009035057667,1327.5009035057667,1.0007127980952946,0.001081971935524672
1327.5078480697898,1327.5078480697898,1.0002986852952298,0.0010820384394379962
1327.5147926337668,1327.5147926337668,0.9987954476980552,0.0010820025802294553
1327.5217371977665,1327.5217371977665,1.0000126359760535,0.001082508761537015
1327.5286817617202,1327.5286817617202,0.9992040977776974,0.001082623672631618
1327.5356263256733,1327.5356263256733,0.9989452967473504,0.001083073372541258
1327.5425708896269,1327.5425708896269,1.0003704442583583,0.0010840355087439245
1327.5495154535336,1327.5495154535336,1.0002984685948717,0.0010845681357445987
1327.5564600174641,1327.5564600174641,1.0012861769607344,0.001085029026919558
1327.5634045813244,1327.5634045813244,1.0006390069852176,0.001085702615890596
1327.5709047103176,1327.5709047103176,1.0008566299412172,0.0010852444012483657
1327.5786826218543,1327.5786826218543,0.998344179115661,0.0010852863044547272
1327.5856271856912,1327.5856271856912,0.9993192359445272,0.001085680402762072
1327.5925717495052,1327.5925717495052,1.0001638648582336,0.0010863249462878773
1327.5995163133184,1327.5995163133184,0.9991955541456378,0.0010856646811791381
1327.6064608771094,1327.6064608771094,0.9999990875466374,0.0010857373124791465
1327.6134054408994,1327.6134054408994,1.0004497575810327,0.0010856052689580777
1327.6203500046438,1327.6203500046438,0.9998885894953589,0.0010852611695265804
1327.6272945684104,1327.6272945684104,0.9997264369699748,0.001085298562579952
1327.6342391321316,1327.6342391321316,0.9999237667021585,0.0010850607191038718
1327.6411836958519,1327.6411836958519,0.999907821313009,0.001084935658954384
1327.6481282595494,1327.6481282595494,1.0008636162082793,0.0010848480459481633
1327.6550728232464,1327.6550728232464,1.0004549373350264,0.0010850729263017951
1327.6625729519837,1327.6625729519837,0.9999840839286627,0.0010846017497970397
1327.670350863241,1327.670350863241,0.9985999709128783,0.0010842363986053871
1327.6772954269386,1327.6772954269386,0.9987773915849909,0.001083843792499207
1327.6856289032353,1327.6856289032353,1.0000229819138204,0.0010843135296650275
1327.6925734668162,1327.6925734668162,1.0000877314489172,0.0010842559922453268
1327.6995180303973,1327.6995180303973,0.999825999815054,0.0010840463167275838
1327.7064625939781,1327.7064625939781,1.0014145335177713,0.0010847878656028505
1327.713407157559,1327.713407157559,1.0004827872611912,0.001084408205788474
1327.7203517210241,1327.7203517210241,0.9997347734314388,0.0010841378932297465
1327.7272962845811,1327.7272962845811,1.0015745375770622,0.0010841709551867734
1327.734240848069,1327.734240848069,0.9979535167088244,0.0010833758358025946
1327.7425743242497,1327.7425743242497,0.9994380636153892,0.0010831021187668716
1327.7495188876906,1327.7495188876906,0.9994197647754005,0.0010834530204078025
1327.7564634511323,1327.7564634511323,0.9988200202860072,0.0010828019100955176
1327.763408014573,1327.763408014573,0.9998894752736763,0.0010831085692962518
1327.7703525779914,1327.7703525779914,1.0010111742253573,0.0010831923823797233
1327.7797971842053,1327.7797971842053,1.001114845756946,0.0010830218689502058
1327.788408442766,1327.788408442766,1.0016751551083467,0.0010832941295209478
1327.7953530061143,1327.7953530061143,1.0022658399022562,0.0010831544892359805
1327.8022975694391,1327.8022975694391,0.9984371109615239,0.001081836190364221
1327.809242132787,1327.809242132787,0.9998721358474316,0.0010822938314856772
1327.816186696089,1327.816186696089,0.9996862329759665,0.001081935136347707
1327.8242423894933,1327.8242423894933,1.000599760215655,0.0010818041306646757
1327.8356314732073,1327.8356314732073,0.9981988741849056,0.00108081139383692
1327.8564651628553,1327.8564651628553,0.9994346155600468,0.0010795581896822092
1327.8634097260642,1327.8634097260642,1.0003542434271528,0.0010793996302036512
1327.8703542892256,1327.8703542892256,1.0003144647021847,0.0010789713635910854
1327.877298852388,1327.877298852388,1.0006212209632763,0.0010790523249916606
1327.884243415503,1327.884243415503,1.0005068700195323,0.001078805444960661
1327.8911879786183,1327.8911879786183,0.9992132744849845,0.001077943952312772
1327.8981325417103,1327.8981325417103,1.0008886166661832,0.0010782754766656525
1327.9050771048253,1327.9050771048253,0.9992685759294917,0.0010772293159052174
1327.9120216678477,1327.9120216678477,1.000372160510692,0.0010771243269389907
1327.9189662309393,1327.9189662309393,0.9998600654364637,0.0010764167333817722
1327.9259107939383,1327.9259107939383,1.0001168004695082,0.0010760815289679432
1327.9328553569371,1327.9328553569371,0.9998454992631827,0.00107547559749966
1327.9397999199361,1327.9397999199361,1.000044986097765,0.0010749270305918234
1327.946744482935,1327.946744482935,0.9999854184662208,0.0010744734423371858
1327.9536890458871,1327.9536890458871,1.0005879444055383,0.00107429093019035
1327.9606336088164,1327.9606336088164,0.9985895958325864,0.0010736846584597439
1327.9675781717456,1327.9675781717456,1.00078439785906,0.0010737032999716292
1327.9745227346507,1327.9745227346507,1.0004722844303426,0.0010727930452743817
1327.981467297533,1327.981467297533,0.9994368378390307,0.0010721583290432839
1327.9884118604155,1327.9884118604155,1.0005618914359808,0.0010722467809943506
1327.995356423275,1327.995356423275,0.9988205736996584,0.001071531565914167
1328.0023009861106,1328.0023009861106,1.0003010790621798,0.0010717959393203875
1328.0092455489234,1328.0092455489234,1.0004688756954914,0.0010711707439968053
1328.0161901117124,1328.0161901117124,0.9997959831447479,0.0010709627981585284
1328.0231346745018,1328.0231346745018,1.000387495746234,0.0010708273922810428
1328.030079237268,1328.030079237268,1.0003035855295646,0.0010706874041778685
1328.0370238000107,1328.0370238000107,1.0006015376449455,0.0010710867010518827
1328.04396836273,1328.04396836273,0.9976654117866914,0.0010697484371570813
1328.0509129254494,1328.0509129254494,1.0003550950712494,0.001070928666306024
1328.0578574881456,1328.0578574881456,1.0016098674896743,0.001071238793340474
1328.0648020508186,1328.0648020508186,0.9994439766326426,0.0010706082627213876
1328.0717466134681,1328.0717466134681,0.998354912814186,0.001070858700674627
1328.078691176118,1328.078691176118,1.0019213073240527,0.0010718922829936225
1328.0856357387208,1328.0856357387208,1.0003098442527434,0.0010716385676644601
1328.0925803013238,1328.0925803013238,1.000893041815965,0.0010719698836083175
1328.0995248639272,1328.0995248639272,0.9991002058824681,0.001071181228525044
1328.106469426483,1328.106469426483,0.9997949113531996,0.0010714453184260974
1328.1134139890396,1328.1134139890396,0.998486256151185,0.0010709436160549555
1328.1203585515727,1328.1203585515727,1.0003462732150403,0.0010714760943179643
1328.1273031140597,1328.1273031140597,1.0004339382436265,0.0010718563534697367
1328.1342476765694,1328.1342476765694,0.9989335740221769,0.0010711613021558394
1328.141192239033,1328.141192239033,0.9998694945076348,0.0010711175605738594
1328.1481368015195,1328.1481368015195,1.000282724367555,0.0010712072258195937
1328.1550813639362,1328.1550813639362,1.0009141684953662,0.001071158591897841
1328.1620259263532,1328.1620259263532,1.0010463048236207,0.0010706456327932738
1328.16897048877,1328.16897048877,0.9990517528659784,0.0010701699418060645
1328.1759150511637,1328.1759150511637,0.9991960830628053,0.001070178986153672
1328.1828596134867,1328.1828596134867,0.9995309248768004,0.001070426058346571
1328.189804175857,1328.189804175857,1.0020052683795497,0.0010711090307705404
1328.1967487381808,1328.1967487381808,1.0009581405485337,0.0010706554883873707
1328.2036933004813,1328.2036933004813,1.0001256052693728,0.0010704036865364843
1328.2106378627814,1328.2106378627814,1.0003636137717637,0.0010698444258309737
1328.217582425059,1328.217582425059,0.9979717209644736,0.001069120542362472
1328.2245269873122,1328.2245269873122,0.9989982587246373,0.0010694225058416672
1328.2314715495431,1328.2314715495431,0.999817861036935,0.0010697640619872198
1328.238416111773,1328.238416111773,0.9992302455539308,0.0010687267267754286
1328.2453606739575,1328.2453606739575,1.000766333178381,0.001069491978396151
1328.252305236141,1328.252305236141,1.0010852250351192,0.0010692034790688884
1328.2592497983019,1328.2592497983019,0.9997091493979081,0.0010682223475996808
1328.266194360416,1328.266194360416,1.0007248004267268,0.0010683687167819013
1328.2731389225532,1328.2731389225532,0.9993441532778722,0.0010677119176215914
1328.2800834846676,1328.2800834846676,1.0003645514915154,0.001067774782018837
1328.2870280467582,1328.2870280467582,0.9996735527339211,0.0010665994043439092
1328.2939726088257,1328.2939726088257,1.0017381581193123,0.0010675139880546142
1328.3009171708934,1328.3009171708934,1.0002262944260267,0.001066745399848261
1328.3078617329143,1328.3078617329143,0.9993914653369782,0.0010664515831333861
1328.314806294912,1328.314806294912,0.998686075420307,0.0010660509867824741
1328.3217508569094,1328.3217508569094,0.9992704205713194,0.0010660713770716734
1328.328695418884,1328.328695418884,1.0004219287576575,0.0010658664547783178
1328.3356399808351,1328.3356399808351,0.9997471953680508,0.001065874212544821
1328.342584542786,1328.342584542786,0.999913926866741,0.0010655234583334737
1328.349529104691,1328.349529104691,0.9998094823878839,0.0010653822345277294
1328.3564736665717,1328.3564736665717,0.9998890892523576,0.0010657107829420815
1328.3634182284768,1328.3634182284768,1.000753032646514,0.0010657911196342994
1328.3703627903574,1328.3703627903574,1.0019828581754537,0.0010662575684479108
1328.3773073521927,1328.3773073521927,1.0004348753412784,0.0010659489401224367
1328.384251914027,1328.384251914027,0.9994254795423224,0.0010656725881690722
1328.3911964757688,1328.3911964757688,1.0006456226015974,0.001066120803545015
1328.39814103758,1328.39814103758,0.9993607473404433,0.00106576672304116
1328.4050855993216,1328.4050855993216,0.9980594701015004,0.0010653913919975986
1328.4120301610867,1328.4120301610867,0.9998846336659124,0.0010659004225760064
1328.4189747228052,1328.4189747228052,0.9980181020783497,0.0010654239442505066
1328.425919284523,1328.425919284523,0.9998114535417454,0.0010660435914745334
1328.4328638462184,1328.4328638462184,1.0011549951888412,0.0010663131256822308
1328.4398084078664,1328.4398084078664,1.0019716642726213,0.0010664913892162635
1328.4467529695385,1328.4467529695385,1.0012101277135284,0.0010668470290658369
1328.4536975311632,1328.4536975311632,0.9986820189069687,0.0010659421949670992
1328.4606420927653,1328.4606420927653,0.9996894059063269,0.0010666369704597394
1328.467586654367,1328.467586654367,1.0003584816363316,0.0010664802316901931
1328.4745312159225,1328.4745312159225,1.0014991957720434,0.0010668248808317258
1328.481475777478,1328.481475777478,0.99981027266893,0.001066709393949361
1328.490642598704,1328.490642598704,0.9988415177051578,0.0010666142472554462
1328.4981427251357,1328.4981427251357,0.9988344313423868,0.0010669833083471806
1328.5050872866213,1328.5050872866213,0.9999583427020464,0.001067716560995506
1328.5120318481065,1328.5120318481065,0.9985029647098109,0.0010677488702474712
1328.518976409546,1328.518976409546,1.000354602446076,0.001068526022074226
1328.5259209709614,1328.5259209709614,1.0017115409888635,0.001069011383713597
1328.532865532377,1328.532865532377,1.0011117699210865,0.0010691759604221417
1328.5398100937693,1328.5398100937693,1.0011462123350747,0.0010695896915215368
1328.5467546551383,1328.5467546551383,0.9989275751824491,0.0010692547914468772
1328.5536992165075,1328.5536992165075,0.9996379247472525,0.0010693255794234561
1328.5606437778301,1328.5606437778301,0.9991146963220416,0.0010691648956626055
1328.567588339129,1328.567588339129,1.0000360574028129,0.0010703494168349615
1328.574532900405,1328.574532900405,0.9998243929881168,0.0010706351340456425
1328.5814774617506,1328.5814774617506,1.0008410395463971,0.001070852670750386
1328.5884220230032,1328.5884220230032,0.9994895593370077,0.0010708047066115152
1328.5953665841862,1328.5953665841862,0.9999329721344887,0.0010713371931180512
1328.602311145392,1328.602311145392,1.0004061260823787,0.001071376142839439
1328.6092557066218,1328.6092557066218,1.0007025302931358,0.0010715841542180721
1328.6162002677806,1328.6162002677806,0.9987162971436175,0.001071269633008221
1328.6231448289175,1328.6231448289175,0.9989448490684903,0.0010708176239820834
1328.6300893900764,1328.6300893900764,1.0004199044701423,0.0010716472248217287
1328.6370339511664,1328.6370339511664,1.0022709986912401,0.0010717705915626982
1328.6439785122789,1328.6439785122789,0.9996946479762785,0.001070618764898134
1328.6509230733457,1328.6509230733457,1.0003521926004477,0.0010712268872560585
1328.657867634412,1328.657867634412,0.9979103761417326,0.0010702337380854438
1328.6648121954552,1328.6648121954552,0.9996900149618971,0.00107090559183671
1328.671756756475,1328.671756756475,1.0004545534036118,0.001070720558539186
1328.6787013174483,1328.6787013174483,0.999718262981505,0.0010703193840387927
1328.6856458784675,1328.6856458784675,1.0002336215537244,0.001070513362587383
1328.692590439418,1328.692590439418,0.9994782074927124,0.0010703515028897255
1328.6995350003442,1328.6995350003442,1.001332096934442,0.001070757302216541
1328.706479561271,1328.706479561271,0.9997566617088648,0.0010703864164140265
1328.7134241254266,1328.7134241254266,0.9997449309841004,0.0010701555286902688
1328.7203686976113,1328.7203686976113,1.0018918124156186,0.0010710605760624308
1328.7273132702767,1328.7273132702767,0.9989413071747769,0.001070419855361547
1328.734257842896,1328.734257842896,1.0002511200421673,0.0010704222084011571
1328.7412024155149,1328.7412024155149,1.0000741063556284,0.0010705668587370118
1328.7481469880872,1328.7481469880872,0.9991896772580882,0.0010704867470057301
1328.7550915606366,1328.7550915606366,0.9988976716739437,0.0010705601807407695
1328.7620361332092,1328.7620361332092,1.0009669812537194,0.0010712681289624152
1328.7689807057116,1328.7689807057116,1.0005566237449974,0.001071758022040734
1328.7759252782378,1328.7759252782378,0.9992212636213539,0.0010713866387939356
1328.7828698506935,1328.7828698506935,1.000988900146215,0.0010721270643597358
1328.7906477718445,1328.7906477718445,0.9990797069034306,0.001071372431022492
1328.798147910097,1328.798147910097,0.9992675730203372,0.0010714540885207863
1328.805092482553,1328.805092482553,1.0009751534746918,0.001071927914640481
1328.8120370549161,1328.8120370549161,0.99996093702891,0.0010716606324051646
1328.8189816273257,1328.8189816273257,0.9989743137216633,0.0010707918201069992
1328.8259261996886,1328.8259261996886,1.0005919129484722,0.0010715625572361726
1328.832870772005,1328.832870772005,1.00044114427016,0.0010714171699922246
1328.8398153443218,1328.8398153443218,1.0001133926416608,0.0010710994030831563
1328.846759916638,1328.846759916638,1.0006182644750325,0.0010712829551446548
1328.853704488931,1328.853704488931,0.9998764721265789,0.0010704588623098653
1328.8606490611778,1328.8606490611778,1.0005675096619373,0.0010707288149328982
1328.8675936334243,1328.8675936334243,0.9980710241554714,0.0010694477315924048
1328.874538205624,1328.874538205624,1.0004201809511835,0.0010700156429918404
1328.8828716922922,1328.8828716922922,0.998503090885056,0.0010692094076674
1328.8898162644457,1328.8898162644457,1.0013963170977325,0.0010697517361568443
1328.896760836622,1328.896760836622,1.000343192526638,0.0010694478226668201
1328.9037054087291,1328.9037054087291,0.9997727506066904,0.001068687340152184
1328.910649980859,1328.910649980859,1.0011863125499862,0.0010687313076774686
1328.9175945529428,1328.9175945529428,1.0010973498133333,0.0010684414498127264
1328.9245391250263,1328.9245391250263,0.9982967989450391,0.0010675009710100574
1328.9314836970868,1328.9314836970868,0.9990193973573792,0.001067315783103633
1328.9384282691003,1328.9384282691003,0.9997225899928546,0.001066971449890361
1328.9453728411142,1328.9453728411142,0.9992174023124234,0.0010667179640352614
1328.9523174131045,1328.9523174131045,0.9994021361709041,0.0010659594739608972
1328.959261985095,1328.959261985095,0.9997303033635063,0.0010659815841380428
1328.9662065570155,1328.9662065570155,1.0013315100319353,0.0010660173893171302
1328.9731511290063,1328.9731511290063,1.0001762090004014,0.0010657787109894308
1328.98009570088,1328.98009570088,0.9991171164538348,0.0010652659787875516
1328.9870402727543,1328.9870402727543,1.0014083723225604,0.0010655017934221448
1328.9939848446281,1328.9939848446281,0.9999265833306332,0.0010649075642231672
1329.0009294165025,1329.0009294165025,1.0007904893446868,0.001065122148809711
1329.0078739883295,1329.0078739883295,1.000005656416946,0.0010647638489277725
1329.0148185601342,1329.0148185601342,0.997947718423179,0.0010640605059893376
1329.021763131915,1329.021763131915,0.9997866459415263,0.0010646123092200026
1329.028707703696,1329.028707703696,0.9998321195456734,0.0010645665907515335
1329.03565227543,1329.03565227543,1.000009757414131,0.0010643389576776724
1329.0425968471413,1329.0425968471413,0.9996621773198612,0.0010644078313513429
1329.0495414188754,1329.0495414188754,0.9994615143109169,0.001064387066888542
1329.0564859905633,1329.0564859905633,1.0015230300313034,0.0010650556499171091
1329.0634305622043,1329.0634305622043,0.9995190200383719,0.00106450267422769
1329.0703751338692,1329.0703751338692,0.9998504497404784,0.0010643203867647978
1329.0773197054868,1329.0773197054868,1.000841423091814,0.0010651863586831627
1329.084264277105,1329.084264277105,1.00052469251441,0.0010649728210131017
1329.091208848676,1329.091208848676,1.0007687873037747,0.0010653531376763918
1329.0995423345294,1329.0995423345294,0.9986292071930298,0.001064739105203894
1329.106486906077,1329.106486906077,1.0011542207861164,0.0010657304053532054
1329.113431477602,1329.113431477602,0.998253392554837,0.0010647200342368316
1329.1203760490803,1329.1203760490803,1.0004875788490808,0.0010660743524912699
1329.127320620582,1329.127320620582,1.0002715260906478,0.0010660749977604064
1329.1342651920131,1329.1342651920131,0.9979851309830711,0.0010651709867480837
1329.1412097634452,1329.1412097634452,1.001375307430538,0.001066317431388533
1329.1489876834553,1329.1489876834553,1.0006366253339771,0.0010663980100850724
1329.1564878205436,1329.1564878205436,1.0003969686126,0.0010664199100157686
1329.1634323919284,1329.1634323919284,0.9997113977376314,0.0010658777276083586
1329.1706547460958,1329.1706547460958,0.9996883135035578,0.0010658418475876304
1329.180099363099,1329.180099363099,0.9999100070229108,0.0010661771511801062
1329.1884328486728,1329.1884328486728,0.9998895860762558,0.001066059118978991
1329.1989885969665,1329.1989885969665,1.0006809364437914,0.0010666889243843671
1329.209266562409,1329.209266562409,0.9995183251863352,0.0010658470152086655
1329.216211133631,1329.216211133631,1.000111698271938,0.0010662609079710832
1329.2231557048067,1329.2231557048067,1.0000545779233836,0.0010664980469198356
1329.230100275982,1329.230100275982,1.0015504720522515,0.0010668080607676952
1329.241211589793,1329.241211589793,0.9996925123089907,0.001066153779947137
1329.2481561609457,1329.2481561609457,0.9974053508083042,0.0010652716379084685
1329.2551007320278,1329.2551007320278,1.0020463307999696,0.0010670961211346433
1329.2620453030872,1329.2620453030872,0.9988568898346774,0.0010654915011125618
1329.268989874146,1329.268989874146,1.0003363270256271,0.0010661468926193118
1329.2759344451588,1329.2759344451588,0.9996847124235627,0.0010656303212473793
1329.2828790161711,1329.2828790161711,1.000408713188436,0.0010651044022931776
1329.289823587161,1329.289823587161,0.9994200376580992,0.0010647960313469945
1329.2967681581263,1329.2967681581263,0.9992174248321332,0.0010640017671730393
1329.3037127290927,1329.3037127290927,1.001496374508561,0.0010647692000976092
1329.3114906485205,1329.3114906485205,1.000190132985173,0.001064049802333744
1329.3189907850967,1329.3189907850967,0.9998905835392362,0.0010635924870955923
1329.3259353559695,1329.3259353559695,0.9993941930636737,0.0010637672949720752
1329.3328799268425,1329.3328799268425,1.0000290583237574,0.0010632015284731612
1329.3398244976688,1329.3398244976688,1.0003115856161255,0.0010631739978314977
1329.3467690684718,1329.3467690684718,1.0010871207373033,0.0010631657254761948
1329.3537136392981,1329.3537136392981,0.9981187214005784,0.0010620532297484467
1329.3606582100315,1329.3606582100315,0.9999907714847971,0.0010628742397323799
1329.3676027808342,1329.3676027808342,0.9997216253629965,0.0010622130274431567
1329.3745473515442,1329.3745473515442,0.9995921431948167,0.0010622628203960992
1329.3814919222539,1329.3814919222539,1.0020931320001123,0.0010632720356047627
1329.3892698414493,1329.3892698414493,0.9999593132664742,0.0010628000952518
1329.3967699777224,1329.3967699777224,1.0000147908468004,0.0010624609546165198
1329.403714548409,1329.403714548409,0.999142171431856,0.0010620771305590636
1329.4106591190025,1329.4106591190025,1.0002130827228768,0.0010626225588060713
1329.4176036895963,1329.4176036895963,0.9992410236122422,0.0010620453341191572
1329.4245482601666,1329.4245482601666,1.0002718099671548,0.0010622702108425985
1329.431770613565,1329.431770613565,0.9997737578645525,0.0010627428664403363
1329.4398263154021,1329.4398263154021,1.0007078574099353,0.0010627164803662195
1329.4467708859022,1329.4467708859022,0.9987747012986248,0.0010621330287233534
1329.4537154564027,1329.4537154564027,1.001127573539066,0.0010630338873658038
1329.4606600268564,1329.4606600268564,0.9991576984709614,0.0010623422294601275
1329.4742713849353,1329.4742713849353,1.0008483215760071,0.0010631682083642835
1329.4828826522198,1329.4828826522198,1.000139515569552,0.0010631472574444852
1329.4898272226037,1329.4898272226037,1.0008177819020665,0.0010634696917966866
1329.4967717929644,1329.4967717929644,0.9988334713292557,0.001062703418257182
1329.503716363302,1329.503716363302,0.999805897728986,0.0010634729679678972
1329.5106609336158,1329.5106609336158,0.9989459044141183,0.0010634090039770183
1329.5176055039067,1329.5176055039067,1.000064809344148,0.0010635201935363266
1329.5251056398079,1329.5251056398079,1.0007608771660388,0.0010640429814072817
1329.5334391241238,1329.5334391241238,1.0014671678675557,0.001064924518298267
1329.5412170427603,1329.5412170427603,0.9981454097285953,0.0010638896790865072
1329.5481616129814,1329.5481616129814,0.999608641090331,0.001064714585050004
1329.5551061831325,1329.5551061831325,1.0010064217894805,0.0010652613765618386
1329.56205075326,1329.56205075326,1.0010511487773477,0.0010653498709652512
1329.5689953233882,1329.5689953233882,1.000033579682269,0.0010656096076997435
1329.5759398935159,1329.5759398935159,0.9994518993405253,0.0010654889229523507
1329.5828844636435,1329.5828844636435,0.999016203749326,0.0010655168886158383
1329.5898290337482,1329.5898290337482,1.0004618504231413,0.001066160074592173
1329.596773603783,1329.596773603783,1.0000855036911855,0.0010665324419951423
1329.6037181738175,1329.6037181738175,0.9998994763509963,0.0010668482941359934
1329.610662743829,1329.610662743829,0.9999590512685584,0.0010667169649310932
1329.6176073137935,1329.6176073137935,0.9994013088350095,0.0010670290157528599
1329.6245518837818,1329.6245518837818,1.0023182581137875,0.0010677421198225828
1329.6314964537237,1329.6314964537237,1.000871689185759,0.001067516109934945
1329.6384410236417,1329.6384410236417,0.9991268674091559,0.001066574048732355
1329.6453855935365,1329.6453855935365,0.9997336254771136,0.0010672821646059633
1329.6537190774109,1329.6537190774109,0.9987279934441616,0.001066822683804145
1329.6606636472359,1329.6606636472359,1.0010037275621855,0.0010672724990420186
1329.6681637826712,1329.6681637826712,0.9999730759459549,0.0010672096112194468
1329.6773306148207,1329.6773306148207,1.000659377573418,0.0010674941689155022
1329.6842751845993,1329.6842751845993,1.000262783868991,0.001067223892416288
1329.691219754378,1329.691219754378,0.9997730529023195,0.001066832366845397
1329.6981643241102,1329.6981643241102,0.9996918847227227,0.0010668851884560924
1329.7051088938188,1329.7051088938188,1.0002222359437245,0.0010671728538447218
1329.7120534635274,1329.7120534635274,0.9998327957487316,0.0010664645376778667
1329.7195535987535,1329.7195535987535,1.0010014738013733,0.001067291551574042
1329.7273315167606,1329.7273315167606,0.9998248206182824,0.0010669004829723728
1329.7342760863762,1329.7342760863762,0.9992500458557713,0.001066540986842124
1329.7412206560384,1329.7412206560384,1.0006029457029797,0.0010673129978387237
1329.7481652255847,1329.7481652255847,0.9982457065412556,0.001066250660355915
1329.7551097951302,1329.7551097951302,1.0017250801301438,0.0010677476237345635
1329.7620543646758,1329.7620543646758,0.999197321997731,0.0010668824431889414
1329.7689989342216,1329.7689989342216,1.0002414628731429,0.0010670690977836162
1329.7759435036974,1329.7759435036974,0.9982042270169581,0.0010662075677513668
1329.7828880731965,1329.7828880731965,0.9998395066313039,0.0010664484029330303
1329.7898326426257,1329.7898326426257,1.0009411942997846,0.0010671533101384565
1329.7967772120787,1329.7967772120787,1.0009754740562096,0.0010669573012166305
1329.8037217814615,1329.8037217814615,0.9991409146905982,0.001066371382564805
1329.8106663508675,1329.8106663508675,1.0018960086177877,0.0010675947106844413
1329.8176109202268,1329.8176109202268,0.9992823542015786,0.0010669991988047594
1329.8245554895861,1329.8245554895861,1.000409490624595,0.0010673686063660168
1329.831500058899,1329.831500058899,1.0016956112386792,0.0010680793071044395
1329.8384446281889,1329.8384446281889,0.9998680880432976,0.0010675187446741088
1329.8453891975016,1329.8453891975016,1.0000823096151914,0.001067953633096043
1329.852333766768,1329.852333766768,1.0002858369087155,0.001068016818913923
1329.8592783359645,1329.8592783359645,0.9928694707843855,0.0010659316613923476
1329.8662229051847,1329.8662229051847,0.9917723597048159,0.0010654478002162157
1329.8731674743806,1329.8731674743806,0.9911924304060907,0.0010657649686582153
1329.8801120435542,1329.8801120435542,0.9903455804120995,0.0010658752880299666
1329.8870566127039,1329.8870566127039,0.9899782489770216,0.0010661653334336232
1329.8940011818308,1329.8940011818308,0.9901334851798742,0.0010664304193707553
1329.9009457509574,1329.9009457509574,0.9900793114668229,0.0010662467093802747
1329.907890320014,1329.907890320014,0.9930985082075077,0.0010679704154974076
1329.91566823737,1329.91566823737,0.9933301123382909,0.0010682226957172353
1329.9231683719436,1329.9231683719436,0.9937700444867834,0.0010688322326410987
1329.9306685064478,1329.9306685064478,0.9947756899562995,0.0010692495082076198
1329.9398353374797,1329.9398353374797,0.995344454259493,0.0010685232655066475
1329.9467799064437,1329.9467799064437,0.9932566533383863,0.0010657904816118913
1329.9537244754072,1329.9537244754072,0.9890041257730713,0.0010617244790837098
1329.9606690443707,1329.9606690443707,0.9940204231911135,0.0010616654011419507
1329.9676136132412,1329.9676136132412,0.9988675398099897,0.0010634023299366632
1329.9759470958813,1329.9759470958813,0.9995576551574306,0.0010632288529309475
1329.9828916647523,1329.9828916647523,1.0003177660909885,0.0010630957073318006
1329.9962252368593,1329.9962252368593,1.000214913088755,0.0010624952239074738
1330.0165033776743,1330.0165033776743,1.0000206252598336,0.0010622683440987442
1330.0245590773466,1330.0245590773466,0.9986955868280993,0.0010617553873565452
1330.0315036460775,1330.0315036460775,1.0016398934851798,0.0010626903769290603
1330.0387259974966,1330.0387259974966,1.001067312358859,0.0010625763147714443
1330.046781697099,1330.046781697099,0.9975901446410613,0.0010617678063913104
1330.0537262657365,1330.0537262657365,1.000952109820601,0.001062703818273381
1330.0617819653155,1330.0617819653155,1.0004065388171575,0.0010623344667266082
1330.0690043166417,1330.0690043166417,1.0002617076447735,0.0010625333162388101
1330.0828934537308,1330.0828934537308,0.9978599140493273,0.0010619542346015057
1330.0898380222288,1330.0898380222288,1.0008224007600042,0.0010632771531888588
1330.0967825907037,1330.0967825907037,0.9988017126086817,0.0010620478943369237
1330.1037271592018,1330.1037271592018,1.0019936701446148,0.001063195418045669
1330.110949510342,1330.110949510342,1.0002600844009524,0.0010628642975281054
1330.1190052097572,1330.1190052097572,1.0000910746834202,0.0010624826288238476
1330.1259497781393,1330.1259497781393,1.0008013875470645,0.0010626323433014031
1330.1328943465205,1330.1328943465205,1.0021539967852386,0.0010629803572065899
1330.1398389148324,1330.1398389148324,1.000514302029874,0.0010627888116587418
1330.1467834831674,1330.1467834831674,0.9988747181950088,0.0010621994866257176
1330.153728051479,1330.153728051479,1.0003859681310627,0.0010625402541687937
1330.1612281852376,1330.1612281852376,0.9994687463901399,0.0010622748599404647
1330.1690061016857,1330.1690061016857,0.9994971709374291,0.0010625694443669896
1330.175950669904,1330.175950669904,0.9993167466546554,0.0010627076010637595
1330.1845619344879,1330.1845619344879,0.9973194749303431,0.001061958722100635
1330.1926176336012,1330.1926176336012,0.9999198787703552,0.0010629118791395165
1330.1995622017496,1330.1995622017496,1.0027429479349197,0.001064293370976716
1330.2076179007695,1330.2076179007695,1.000040736332465,0.0010630159797231271
1330.2148402516073,1330.2148402516073,1.0010612673516683,0.0010637245315316289
1330.222062602398,1330.222062602398,1.0007641573196515,0.0010633996193406014
1330.230951649554,1330.230951649554,1.000243228524744,0.001063016278734771
1330.2390073484576,1330.2390073484576,0.9996958833205006,0.0010628692129418245
1330.2481741782324,1330.2481741782324,0.999155945626572,0.0010625663122694764
1330.2551187462414,1330.2551187462414,0.9999285403315799,0.001062493064266075
1330.2620633141808,1330.2620633141808,0.9983229572732094,0.0010618980685900407
1330.2692856648318,1330.2692856648318,0.9995065919534758,0.0010618436185449776
1330.2773413636187,1330.2773413636187,0.9988736734335747,0.0010614899321369907
1330.2842859315115,1330.2842859315115,0.9997017627922251,0.001061666192004641
1330.2912304993345,1330.2912304993345,1.0019465859097394,0.0010622958727015029
1330.2981750672502,1330.2981750672502,1.000423428298134,0.0010616492289046893
1330.3051196350498,1330.3051196350498,0.9991358177487951,0.0010606935842612767
1330.3120642028491,1330.3120642028491,1.0012637803748667,0.0010619505205058627
1330.3190087706491,1330.3190087706491,0.9990415448942752,0.0010604372191490895
1330.3417869527052,1330.3417869527052,0.9995300023927349,0.0010594346054828326
1330.3592872632807,1330.3592872632807,1.0007821628608087,0.0010594702020101656
1330.3662318309173,1330.3662318309173,0.9996820526411465,0.001058840828092667
1330.3731763985072,1330.3731763985072,0.9997682576050348,0.001058865742092709
1330.3801209660971,1330.3801209660971,1.0009660643923415,0.0010591625785853016
1330.3870655336636,1330.3870655336636,0.9991961073321611,0.001058364566522745
1330.3940101011606,1330.3940101011606,1.0007922510491687,0.0010589557119097984
1330.4009546686807,1330.4009546686807,1.0007837298500903,0.0010587837161444783
1330.4078992361779,1330.4078992361779,1.00000603961611,0.001058721698469166
1330.414843803651,1330.414843803651,0.9994476475902652,0.001058436018595474
1330.4217883711015,1330.4217883711015,0.9996483828239462,0.0010587106846051166
1330.428732938505,1330.428732938505,0.9990911248163268,0.001058253311385706
1330.435677505909,1330.435677505909,1.0018976350139341,0.0010595248968955915
1330.4426220733126,1330.4426220733126,0.9978870432534304,0.0010581779402462394
1330.4495666406697,1330.4495666406697,1.0015123302747737,0.0010593770068838468
1330.4565112079804,1330.4565112079804,0.9996028272122237,0.0010589455763864073
1330.463455775291,1330.463455775291,1.0008747099252777,0.0010588913893813012
1330.4704003426014,1330.4704003426014,0.9993254763879976,0.0010586235074184366
1330.4773449098423,1330.4773449098423,0.998582224707096,0.0010584806383912154
1330.4842894770597,1330.4842894770597,0.9993266823987128,0.0010588136421577177
1330.4912340442772,1330.4912340442772,1.00219095917906,0.0010594778752762745
1330.4981786114945,1330.4981786114945,1.0003931997443565,0.0010592465626287808
1330.5051231787118,1330.5051231787118,1.0003262265542572,0.0010595463683208252
1330.5120677458362,1330.5120677458362,1.0005322217637125,0.0010598446221179649
1330.519012312984,1330.519012312984,0.9990053176487503,0.0010594928419728857
1330.5259568800848,1330.5259568800848,0.998879844171005,0.0010600309052934819
1330.5329014471629,1330.5329014471629,1.000763533764601,0.0010608186063303603
1330.53984601424,1330.53984601424,1.0003468949815617,0.0010605589282012562
1330.5467905812718,1330.5467905812718,0.9983648375211136,0.0010604406317829688
1330.5537351483026,1330.5537351483026,1.0003489494717088,0.0010619467307554273
1330.5606797152873,1330.5606797152873,1.0001539086618534,0.00106212507153354
1330.5676242822487,1330.5676242822487,1.001220564488912,0.0010625030260435358
1330.5745688492334,1330.5745688492334,1.0000768844309456,0.001062366326041854
1330.581513416148,1330.581513416148,0.9999751911654758,0.0010629146923521353
1330.5884579830395,1330.5884579830395,1.0002834726140082,0.0010629918667702948
1330.595402549931,1330.595402549931,1.0007245195441077,0.00106341413395171
1330.602347116776,1330.602347116776,0.9979949384089875,0.0010629211802343028
1330.6092916836444,1330.6092916836444,1.0000316681148447,0.0010638402173463316
1330.616236250419,1330.616236250419,1.0007413946458033,0.0010643028530016
1330.623180817241,1330.623180817241,0.9985756942569866,0.0010636873301643674
1330.6301253839924,1330.6301253839924,0.9995864571442056,0.001064265719291526
1330.6370699507213,1330.6370699507213,1.0014055171059764,0.0010651516349205604
1330.644014517473,1330.644014517473,1.0000336903469798,0.0010645323020473457
1330.650959084155,1330.650959084155,0.9998241430091417,0.0010646992305976505
1330.6579036508604,1330.6579036508604,1.001553572199139,0.001064961057503772
1330.6648482174955,1330.6648482174955,0.9985521942628536,0.0010641556348202237
1330.671792784131,1330.671792784131,1.0009638145004878,0.001064866738649698
1330.6787373507664,1330.6787373507664,0.9990426683592772,0.0010640496205707468
1330.6856819172854,1330.6856819172854,0.9995009866675015,0.0010646299313526988
1330.6926264838974,1330.6926264838974,1.0009125414090332,0.0010651250276157284
1330.6995710504393,1330.6995710504393,0.9990854065551238,0.0010646534888064752
1330.7065156169351,1330.7065156169351,1.0000865571008482,0.0010646022488779278
1330.713460183431,1330.713460183431,1.0001121890706934,0.0010647876144083278
1330.7204047499265,1330.7204047499265,1.0008493131379876,0.0010649349226046563
1330.7273493163523,1330.7273493163523,1.0015044543389342,0.0010655671745631655
1330.7342938828017,1330.7342938828017,0.9978427970188152,0.001064019730187831
1330.7412384491806,1330.7412384491806,0.999750317663197,0.0010646297341072415
1330.7481830155834,1330.7481830155834,0.999393313057228,0.0010641447765653597
1330.7551275819162,1330.7551275819162,1.000809769891936,0.0010647374326248464
1330.762072148272,1330.762072148272,0.9997244370384653,0.0010642919583221935
1330.7690167145815,1330.7690167145815,1.0001306818418194,0.0010642537392676543
1330.7759612808675,1330.7759612808675,0.9991533925185625,0.001064022498000541
1330.7829058471534,1330.7829058471534,1.0008083843925868,0.0010647336259669584
1330.7898504133932,1330.7898504133932,1.0011707096656188,0.0010644064920687585
1330.7967949795864,1330.7967949795864,1.0005751384308001,0.0010644693418911722
1330.8037395458023,1330.8037395458023,0.9991529437888449,0.001063950835406302
1330.810684111972,1330.810684111972,0.9998611338119702,0.001064192910865284
1330.8176286781186,1330.8176286781186,0.9998284758706276,0.0010643873531997825
1330.8245732442883,1330.8245732442883,1.000148355814229,0.001064340128416107
1330.8315178103417,1330.8315178103417,1.0001089369476595,0.0010644375935866626
1330.8384623764182,1330.8384623764182,0.999814121386286,0.0010640841942073298
1330.8454069425648,1330.8454069425648,0.9985722365531187,0.0010636700934575527
1330.8523515085014,1330.8523515085014,1.00083847327181,0.0010646249063381004
1330.8592960745543,1330.8592960745543,0.9999574343217276,0.0010644646282582304
1330.8662406405613,1330.8662406405613,0.9990093082414638,0.0010633255928524225
1330.8731852065214,1330.8731852065214,1.0010016688432661,0.0010640124977192762
1330.8801297724583,1330.8801297724583,1.0006490665678176,0.0010638707979238901
1330.887074338395,1330.887074338395,1.0012826729849977,0.0010638525001050872
1330.8940189042855,1330.8940189042855,1.0009823414767254,0.001063694407288266
1330.9009634701756,1330.9009634701756,0.9985068260497497,0.001062825447338555
1330.9079080360195,1330.9079080360195,0.9991016388142887,0.0010623467884993826
1330.9148526018398,1330.9148526018398,0.9984115065792778,0.001062176401372207
1330.9217971676603,1330.9217971676603,1.000785237082982,0.0010629437661033565
1330.9287417334344,1330.9287417334344,0.9994540918389708,0.0010623495854743747
1330.935686299185,1330.935686299185,1.0000144576831074,0.001062172450182586
1330.9426308649588,1330.9426308649588,1.0000436249087707,0.0010624423553449952
1330.949575430663,1330.949575430663,1.001346018733487,0.0010626130486078122
1330.956519996344,1330.956519996344,1.0015262289395153,0.001062864274482688
1330.9634645620245,1330.9634645620245,0.9996717516398433,0.001061991404804717
1330.9704091276585,1330.9704091276585,0.9996776035574678,0.0010614590763177397
1330.9773536932928,1330.9773536932928,1.000074296541826,0.0010617838106088313
1330.9842982588805,1330.9842982588805,0.9985380887639366,0.0010613361847842016
1330.9912428244681,1330.9912428244681,1.00009239589303,0.0010617309452377402
1330.9981873900324,1330.9981873900324,1.0004213640811959,0.001061442535910462
1331.005131955527,1331.005131955527,0.9988473047262179,0.0010610816929073215
1331.0120765210916,1331.0120765210916,1.0002406303662377,0.001061474262846873
1331.0190210865626,1331.0190210865626,0.9997003713970953,0.0010606623765671206
1331.0259656520336,1331.0259656520336,0.9996801034796905,0.0010610094598134058
1331.032910217435,1331.032910217435,1.00193569256092,0.0010615494888941066
1331.03985478286,1331.03985478286,1.0008686971049126,0.0010606354482112525
1331.0467993482378,1331.0467993482378,0.9986619618183384,0.0010602373889243067
1331.0537439136162,1331.0537439136162,1.0001438515103591,0.00106039695432652
1331.0606884789706,1331.0606884789706,0.9997085486006927,0.0010603382800691112
1331.067633044279,1331.067633044279,1.0005678610312114,0.0010605809344677833
1331.0745776095875,1331.0745776095875,0.9997427926415903,0.0010607767894267458
1331.081522174849,1331.081522174849,0.9996150604939638,0.0010606626801326021
1331.0884667401108,1331.0884667401108,0.9996794434399703,0.0010604913925322682
1331.0954113053258,1331.0954113053258,1.0011596940095018,0.0010612773381244657
1331.1023558705642,1331.1023558705642,1.0013591089858704,0.001061959978195535
1331.1093004357324,1331.1093004357324,0.9987364806030705,0.0010610336936094198
1331.1162450008783,1331.1162450008783,0.9997038139082172,0.001061319089499193
1331.1231895660233,1331.1231895660233,0.998863656302839,0.001061162672683571
1331.130134131122,1331.130134131122,0.999547123436199,0.0010615895382893345
1331.1370786962439,1331.1370786962439,1.001178551999238,0.001062231386387097
1331.1440232612727,1331.1440232612727,0.997629405634861,0.0010611805661457335
1331.1509678263483,1331.1509678263483,1.0017783303897463,0.0010620936524926479
1331.1579123913539,1331.1579123913539,1.000721149918663,0.001061890702802411
1331.1648569563363,1331.1648569563363,0.9994298349963279,0.0010617548500318438
1331.1718015213416,1331.1718015213416,0.9999324005586228,0.0010617498096835928
1331.178746086231,1331.178746086231,1.0001211465271798,0.0010622986853886965
1331.1856906512362,1331.1856906512362,1.001192454961397,0.0010625961619115782
1331.1931907813164,1331.1931907813164,1.0007173377078633,0.0010624021559078587
1331.2009686939925,1331.2009686939925,0.9996389517941141,0.0010619260263732798
1331.2079132587648,1331.2079132587648,0.9985812864889722,0.001061494568437887
1331.2148578236313,1331.2148578236313,0.9996939193839797,0.0010619960828611445
1331.221802388427,1331.221802388427,0.9998092248832409,0.001062078479971115
1331.2293025183676,1331.2293025183676,1.0014656917660407,0.0010628111386469191
1331.2370804309037,1331.2370804309037,0.9984502847328866,0.0010613676484718239
1331.2440249956533,1331.2440249956533,0.9996298641930974,0.0010617593551229322
1331.250969560333,1331.250969560333,0.9996322129725798,0.001061485967944909
1331.2579141250358,1331.2579141250358,1.001550290726798,0.001061944637878825
1331.264858689692,1331.264858689692,1.0000592827225863,0.0010612327931778622
1331.271803254325,1331.271803254325,0.9993939370851171,0.0010609560966240562
1331.2787478189116,1331.2787478189116,0.9991255247425634,0.0010604868450297595
1331.2856923835213,1331.2856923835213,1.0013587544511942,0.0010609474844844977
1331.2926369481077,1331.2926369481077,1.0005024523841262,0.0010607446397835443
1331.2995815126244,1331.2995815126244,0.9991200107955682,0.0010599393874956573
1331.3065260771643,1331.3065260771643,0.9976392398956063,0.001059370988970012
1331.3134706416577,1331.3134706416577,1.0006396410275857,0.0010600758314186281
1331.3204152061041,1331.3204152061041,1.0002298357070742,0.0010596075048155869
1331.3273597705747,1331.3273597705747,0.9994393246123016,0.0010596528602263222
1331.3354154652873,1331.3354154652873,1.000323238950371,0.0010589807408294648
1331.3426378122595,1331.3426378122595,0.9996159469924188,0.0010580819183392065
1331.3495823766598,1331.3495823766598,1.0001233638510187,0.0010583521356539994
1331.3565269409905,1331.3565269409905,1.002123795954399,0.0010587703784035584
1331.3637492878693,1331.3637492878693,0.9998915492848525,0.0010583781050796679
1331.372916112755,1331.372916112755,0.9980091264357241,0.0010576202855029576
1331.3801384596113,1331.3801384596113,1.0020624400331686,0.0010583885662678407
1331.3870830238247,1331.3870830238247,1.0000596395410608,0.0010579110730749841
1331.3940275880623,1331.3940275880623,0.9987905900996104,0.001057361432462748
1331.4009721522525,1331.4009721522525,1.0008551958539704,0.0010575106312863093
1331.4079167164437,1331.4079167164437,0.9985872112025932,0.00105702493782036
1331.4148612805875,1331.4148612805875,0.9991335460096182,0.001057122818310441
1331.4218058447084,1331.4218058447084,1.0003534856528113,0.0010575120596948797
1331.428750408806,1331.428750408806,1.0014050112700144,0.0010573542990920972
1331.4356949729035,1331.4356949729035,0.9998923409834564,0.0010566767726500298
1331.4426395369544,1331.4426395369544,1.000937615361656,0.0010573761187313677
1331.449584100982,1331.449584100982,1.0001390992227264,0.0010573583060179263
1331.4565286650097,1331.4565286650097,1.00078828040855,0.0010574261489473074
1331.4634732289678,1331.4634732289678,1.0007191425433426,0.0010573644270095587
1331.4704177929252,1331.4704177929252,0.9994734388028178,0.0010571952364599867
1331.47736235686,1331.47736235686,1.0001853962785532,0.0010574503746521393
1331.4843069207946,1331.4843069207946,0.9997921971973979,0.0010575096605203627
1331.491251484659,1331.491251484659,0.9989333675619871,0.0010572186008468616
1331.4981960485238,1331.4981960485238,0.9985649777574734,0.0010572474703946378
1331.5051406123887,1331.5051406123887,0.9994707161593785,0.0010573931968470185
1331.514029654073,1331.514029654073,1.0008239973840314,0.0010581536101265515
1331.5218075655146,1331.5218075655146,1.0000353941879454,0.001058136662560771
1331.5287521292867,1331.5287521292867,1.001130985986098,0.0010584922115713289
1331.5356966930117,1331.5356966930117,1.0004127426811584,0.0010584840452585009
1331.5426412567363,1331.5426412567363,1.0009019316235552,0.0010589002252145757
1331.549585820415,1331.549585820415,0.9989281334465522,0.0010581762685418663
1331.5601415571603,1331.5601415571603,1.0015639341316496,0.0010594464053782639
1331.5704195113333,1331.5704195113333,0.9983208111247863,0.0010590214976775058
1331.5773640749421,1331.5773640749421,0.9997953104434008,0.001059481546863334
1331.5843086384807,1331.5843086384807,0.9995750756562896,0.0010598353791613855
1331.5912532020427,1331.5912532020427,1.0001678373114848,0.0010604437495472852
1331.598197765558,1331.598197765558,1.0008287195791365,0.0010612486059388047
1331.6051423290742,1331.6051423290742,0.9995718709703116,0.001061198611565194
1331.6120868925425,1331.6120868925425,1.0012660369520607,0.00106221752328732
1331.619031455988,1331.619031455988,1.0002079182670833,0.0010626546267230347
1331.6262538019596,1331.6262538019596,1.0005041579967129,0.001062610963954219
1331.6343094954846,1331.6343094954846,0.999482269449128,0.0010627629822451553
1331.6412540588838,1331.6412540588838,0.9985547432495807,0.0010624802938076943
1331.648198622213,1331.648198622213,0.9993395182298371,0.001062838341760864
1331.655143185542,1331.655143185542,0.9986539245883973,0.0010628110438414163
1331.6620877488715,1331.6620877488715,1.000687815448569,0.001063819619486613
1331.6698656597312,1331.6698656597312,1.000171873625882,0.0010633358234061277
1331.6787547006704,1331.6787547006704,1.0016149726637196,0.0010640431567659635
1331.6865326114603,1331.6865326114603,1.0002689366926958,0.0010638448003541994
1331.694032739771,1331.694032739771,0.9998937801994157,0.0010633024744174525
1331.7009773029145,1331.7009773029145,0.9993052570884704,0.001062969323364683
1331.707921866057,1331.707921866057,1.000105729203888,0.0010631033018281416
1331.7148664292001,1331.7148664292001,1.0007626908254352,0.0010631537839184877
1331.72181099225,1331.72181099225,0.9986967481717606,0.0010624935018794703
1331.7287555553462,1331.7287555553462,0.9998511554955476,0.0010626723015767644
1331.735700118396,1331.735700118396,0.9996609751156751,0.0010628069031228863
1331.7426446813993,1331.7426446813993,1.0000402429539617,0.001062996292870566
1331.7495892444026,1331.7495892444026,1.0017881960620492,0.001063658047640643
1331.7565338074055,1331.7565338074055,1.0010246577975441,0.001063680441368608
1331.763478370339,1331.763478370339,0.9987227020248237,0.0010624813255724164
1331.7704229332492,1331.7704229332492,1.0000937790361721,0.001063454457419189
1331.7773674961827,1331.7773674961827,0.9997951176617199,0.0010631189685565852
1331.7851454065762,1331.7851454065762,0.9996308812421916,0.0010626761793131715
1331.7940344470273,1331.7940344470273,0.9999324512189988,0.0010633117948872616
1331.802367922426,1331.802367922426,0.9991916372042763,0.00106291115663876
1331.8093124852196,1331.8093124852196,1.0003666564243747,0.0010635287933620599
1331.8162570479901,1331.8162570479901,1.000559013185396,0.0010637026492469883
1331.823201610714,1331.823201610714,1.0000544973050989,0.001063505170728369
1331.830146173461,1331.830146173461,1.0000484000805443,0.0010630205622273697
1331.838201866148,1331.838201866148,1.000818420061796,0.001063130807606923
1331.8468131238865,1331.8468131238865,1.000481083130269,0.0010631739265807888
1331.853757686494,1331.853757686494,0.9996737020401275,0.0010627726769118686
1331.860702249148,1331.860702249148,1.0007461044733699,0.001063468947541021
1331.8676468117087,1331.8676468117087,0.9995837136786345,0.0010628786070447237
1331.8745913742696,1331.8745913742696,0.9986148239007864,0.0010623111820092302
1331.8815359368305,1331.8815359368305,1.0014778785069391,0.001063288150876094
1331.888480499345,1331.888480499345,1.0006072612642847,0.0010627325130513653
1331.8954250618358,1331.8954250618358,0.9991213463677082,0.0010622934451670607
1331.9023696242803,1331.9023696242803,1.0006291163673509,0.0010631245259727405
1331.909314186748,1331.909314186748,1.0004139497501272,0.0010625761426559448
1331.9162587491458,1331.9162587491458,0.9994585067083135,0.001062162515552442
1331.9245922240095,1331.9245922240095,0.9995475387977028,0.0010622972826475688
1331.932925698873,1331.932925698873,1.0004912601758957,0.0010622212275473264
1331.9398702612007,1331.9398702612007,0.9988658257356485,0.0010613279307615162
1331.9468148235287,1331.9468148235287,1.0004566473784176,0.0010618093376096067
1331.9537593858101,1331.9537593858101,1.0004414083944437,0.0010617464080783536
1331.9607039480684,1331.9607039480684,0.9995249416055394,0.0010610869809905628
1331.9679262928057,1331.9679262928057,1.0001809761361187,0.0010611600842525912
1331.9759819849573,1331.9759819849573,1.0002010182315755,0.0010609687701798058
1331.9840376771087,1331.9840376771087,1.0011499890913718,0.0010615142513095345
1331.9912600217297,1331.9912600217297,0.9975143634793616,0.0010600771568278467
1331.9982045838713,1331.9982045838713,1.0000999840592706,0.0010610230565295073
1332.006538058386,1332.006538058386,1.0009556648662574,0.0010609769990752756
1332.014871532877,1332.014871532877,1.0002362450580584,0.001060785136029117
1332.0218160949485,1332.0218160949485,0.9996688465994688,0.0010607042977169784
1332.0287606569505,1332.0287606569505,0.9983464689215674,0.0010601842890437963
1332.0359830014088,1332.0359830014088,0.9997586302149177,0.0010605356755474854
1332.0440386933037,1332.0440386933037,0.9988285185875748,0.0010602041837096288
1332.050983255283,1332.050983255283,0.9998637796738759,0.001060102625376319
1332.0579278171917,1332.0579278171917,1.0008364393848956,0.0010602472224835995
1332.0648723791005,1332.0648723791005,1.0014924302352308,0.0010608306294752265
1332.0718169409631,1332.0718169409631,1.00063937093597,0.001060752732308689
1332.078761502802,1332.078761502802,0.9994279111270756,0.0010597928614072408
1332.085706064641,1332.085706064641,1.000513243520028,0.0010602770202075402
1332.0926506264107,1332.0926506264107,1.000291146391089,0.0010605234149282333
1332.099872970682,1332.099872970682,0.9997642207503986,0.0010601184097553259
1332.107928662298,1332.107928662298,0.9997459680747409,0.0010600827459841008
1332.1148732239974,1332.1148732239974,0.9985682629134063,0.0010599255474356673
1332.1218177856967,1332.1218177856967,0.999386624670343,0.0010603727013957839
1332.1287623473727,1332.1287623473727,1.000474394170291,0.001060725403418442
1332.1357069090257,1332.1357069090257,1.00001561020076,0.0010609871864959363
1332.1426514706552,1332.1426514706552,0.9991614680868816,0.0010605215392560587
1332.1495960322386,1332.1495960322386,1.0011235911968162,0.0010613632773444944
1332.156540593821,1332.156540593821,1.0000542350152333,0.0010609839667913715
1332.1634851553576,1332.1634851553576,0.9998605913654648,0.0010612013733782163
1332.170429716894,1332.170429716894,0.9987805536482586,0.001060824190426934
1332.1773742784071,1332.1773742784071,0.9999183644226031,0.0010608942275049072
1332.1843188398739,1332.1843188398739,1.0005301822777584,0.0010617989525409592
1332.1915411837726,1332.1915411837726,1.0006872742570139,0.0010615340261871703
1332.199596874993,1332.199596874993,0.9997906968456238,0.001061779384461038
1332.2073747837574,1332.2073747837574,0.9981558676570683,0.0010607934709441313
1332.2148749100656,1332.2148749100656,0.99947114263698,0.0010611991977547085
1332.2218194713928,1332.2218194713928,0.9994255753908275,0.001061152719499608
1332.2293195976076,1332.2293195976076,1.0003706225452904,0.0010616702974140218
1332.2370975062556,1332.2370975062556,1.000231348600268,0.001061666628699255
1332.2451531973131,1332.2451531973131,1.0004114672361413,0.0010615646158847387
1332.2523755410025,1332.2523755410025,0.9994838844172984,0.00106142314590741
1332.2593201022132,1332.2593201022132,1.0002905405303157,0.0010613938937074003
1332.2662646634,1332.2662646634,1.0015406515636136,0.0010615178491033997
1332.27320922454,1332.27320922454,1.0009222671562477,0.0010611938752550002
1332.2801537856813,1332.2801537856813,0.9984410662939635,0.0010607439502941791
1332.2870983467985,1332.2870983467985,0.9967280091674849,0.0010600139376922126
1332.2940429078687,1332.2940429078687,1.00018006505413,0.0010607941734862834
1332.3032097284467,1332.3032097284467,1.0009031177393433,0.0010608539874018131
1332.3107098543599,1332.3107098543599,1.0001607337589449,0.0010607471726382176
1332.3176544153607,1332.3176544153607,1.0021962653116607,0.0010612321355358886
1332.3257101060917,1332.3257101060917,1.0003384266313207,0.0010606384612476098
1332.3362658387164,1332.3362658387164,0.9998383009556878,0.0010604952693206255
1332.3440437469221,1332.3440437469221,1.0013251563681318,0.0010616055181296039
1332.3509883078295,1332.3509883078295,1.0010271096724133,0.0010609663737349455
1332.3579328686676,1332.3579328686676,0.996672759368796,0.0010599584658875576
1332.3648774294822,1332.3648774294822,0.9935030667655698,0.0010586468529136805
1332.3726553375946,1332.3726553375946,0.9899982027856978,0.0010579731484624119
1332.380155463228,1332.380155463228,0.9902765812976713,0.0010586553137967713
1332.3871000239726,1332.3871000239726,0.9931556695687324,0.001059725117223582
1332.394044584694,1332.394044584694,0.9930750637003811,0.0010601696820023042
1332.4040447520808,1332.4040447520808,0.9965833636950745,0.001061945885891302
1332.4148782667191,1332.4148782667191,0.9952906590241024,0.0010615876374959667
1332.4218228273471,1332.4218228273471,0.9954445981245696,0.001061702058617617
1332.4296007352034,1332.4296007352034,0.9930761026984454,0.001060454009456967
1332.43987868486,1332.43987868486,0.9976219233646402,0.0010615819935746481
1332.4468232453721,1332.4468232453721,0.9941098128907029,0.0010583967121441413
1332.453767805884,1332.453767805884,0.9904199788763751,0.0010551844605601502
1332.4607123663725,1332.4607123663725,0.9973173996193075,0.0010572962670738035
1332.4676569268147,1332.4676569268147,1.003643847674622,0.0010589166554691404
1332.4771015290105,1332.4771015290105,1.0017985233482936,0.001058149263807678
1332.484323871815,1332.484323871815,1.0022562608452985,0.0010577500014301118
1332.4912684321876,1332.4912684321876,1.0016365825563533,0.001057332177685843
1332.4982129925368,1332.4982129925368,1.000022011903691,0.0010566391703081166
1332.505157552862,1332.505157552862,0.9996853084371997,0.0010564910252445238
1332.5121021131647,1332.5121021131647,0.9996141399099148,0.0010560388522886563
1332.5204355854437,1332.5204355854437,1.0008195029370968,0.0010567590405809611
1332.527380145676,1332.527380145676,0.9992478355195512,0.0010560561180490192
1332.5343247059086,1332.5343247059086,1.0006052735974116,0.0010566933496260933
1332.5412692661412,1332.5412692661412,0.9991594043549956,0.0010568498716150697
1332.5482138262807,1332.5482138262807,1.000327043344117,0.0010577315553650212
1332.5551583864435,1332.5551583864435,0.9992982154966308,0.0010573778240929354
1332.5621029465594,1332.5621029465594,0.9993912441994363,0.0010578195164428652
1332.5690475066526,1332.5690475066526,1.0001646211203128,0.0010581825026783147
1332.575992066699,1332.575992066699,1.000294846125058,0.0010586729509459729
1332.5840477563356,1332.5840477563356,1.0013791014359188,0.0010593203142295424
1332.591270098768,1332.591270098768,0.9996383220474003,0.0010590669538558294
1332.5982146587446,1332.5982146587446,1.0007339163443936,0.0010595422818718042
1332.6051592186743,1332.6051592186743,1.000194879291884,0.0010594307464761598
1332.6121037786274,1332.6121037786274,0.999115239168899,0.001059511863471689
1332.619048338534,1332.619048338534,1.0006124007527688,0.0010603313589736159
1332.6259928984175,1332.6259928984175,0.997438634435236,0.001059592022362697
1332.6329374582774,1332.6329374582774,1.0008649337420246,0.001060587424929109
1332.6398820181141,1332.6398820181141,1.0000029291117785,0.0010604427765039098
1332.6468265779044,1332.6468265779044,0.9995231985568094,0.0010602594887285453
1332.6537711376945,1332.6537711376945,1.0001975402572045,0.0010604162082130763
1332.6618268270056,1332.6618268270056,1.000429970564386,0.0010603225506028327
1332.6690491691352,1332.6690491691352,1.0011607733663366,0.0010603448382852164
1332.6765492936042,1332.6765492936042,0.9999909430862651,0.001059743295073638
1332.6843272004128,1332.6843272004128,0.9984786521454903,0.0010591481402720299
1332.6912717600633,1332.6912717600633,1.0011675620154468,0.001059731791242045
1332.698216319714,1332.698216319714,0.9998217308433374,0.0010594013589900583
1332.7051608792713,1332.7051608792713,0.9994448309980408,0.0010592075654239934
1332.712105438852,1332.712105438852,1.0019748733027785,0.00105977840999375
1332.7190499983858,1332.7190499983858,0.9983529797545219,0.0010585594438368724
1332.72599455792,1332.72599455792,0.9987348998161666,0.0010585820844935367
1332.7329391174073,1332.7329391174073,0.9991529873313831,0.001058954957753715
1332.7398836768716,1332.7398836768716,1.0004177045419982,0.00105907139541186
1332.7482171481963,1332.7482171481963,1.0009141742839565,0.001058760993323796
1332.7551617075903,1332.7551617075903,0.9992459563908888,0.0010581715885279674
1332.7621062669612,1332.7621062669612,0.9999501851441093,0.0010587067179846778
1332.7690508263095,1332.7690508263095,0.9993938962067016,0.0010585562712583662
1332.7759953856805,1332.7759953856805,1.0001828266653827,0.0010585863506687534
1332.7829399449586,1332.7829399449586,1.000525146056584,0.001058634396813915
1332.7898845042594,1332.7898845042594,0.9996415753680823,0.001057947974095348
1332.7979401929886,1332.7979401929886,1.0003748375328425,0.0010584348560464638
1332.8093292700935,1332.8093292700935,0.9986553567467122,0.0010573711875269504
1332.8162738292788,1332.8162738292788,1.0003290523568826,0.001057954415174473
1332.823218388417,1332.823218388417,1.0005977543956739,0.001058116957713243
1332.8434965010129,1332.8434965010129,1.0007512938906011,0.001057022983692924
1332.8593300956657,1332.8593300956657,1.001142072522701,0.0010569227761934555
1332.8662746546406,1332.8662746546406,0.9999799907186299,0.001056693085185275
1332.8732192136163,1332.8732192136163,0.9996067955805682,0.0010566536851033454
1332.8801637725683,1332.8801637725683,0.9987636278695466,0.0010564502889552096
1332.8871083314739,1332.8871083314739,0.9990976997337218,0.001056579494170214
1332.8940528903788,1332.8940528903788,1.0008355721714677,0.0010569868013603008
1332.9009974492378,1332.9009974492378,1.0004647623958884,0.001056824870554331
1332.9079420080732,1332.9079420080732,1.0000415035133732,0.0010564142658233428
1332.914886566909,1332.914886566909,1.0016471555183413,0.0010570198531956601
1332.9218311256984,1332.9218311256984,0.9994684739048629,0.0010562633221386727
1332.9287756844637,1332.9287756844637,0.9993653580653916,0.0010563953940509814
1332.935720243183,1332.935720243183,1.0005423609263642,0.0010568038372736352
1332.942664801902,1332.942664801902,0.9980662596632011,0.0010556763942256762
1332.949609360598,1332.949609360598,1.0017171520658794,0.0010570388347165263
1332.9565539192472,1332.9565539192472,1.001476798095327,0.0010568580083590642
1332.9634984778968,1332.9634984778968,1.0021706145900577,0.0010569054134379266
1332.9704430364993,1332.9704430364993,0.9992173967877607,0.0010558272459160291
1332.9773875950782,1332.9773875950782,0.9996266452855649,0.0010561516099649253
1332.9843321536578,1332.9843321536578,0.9991396054083586,0.0010556673068493692
1332.9912767121677,1332.9912767121677,0.9995374095541294,0.001055697603983087
1332.998221270654,1332.998221270654,1.0014680211720344,0.0010558547387984403
1333.0051658291402,1333.0051658291402,1.0001158474843792,0.0010555261878774634
1333.0121103876268,1333.0121103876268,0.9987169720819988,0.001054980756496021
1333.0190549460199,1333.0190549460199,1.0006820928052758,0.0010553737582077276
1333.0259995044364,1333.0259995044364,1.0002824228148568,0.0010555142307554699
1333.032944062806,1333.032944062806,1.0006011743726355,0.0010554111882540734
1333.039888621153,1333.039888621153,0.9996033046831571,0.001054923869629454
1333.0468331794764,1333.0468331794764,0.9994775531652682,0.0010546858888978946
1333.0537777377763,1333.0537777377763,0.9994600211531633,0.001055232968615144
1333.060722296053,1333.060722296053,1.0019575583166156,0.0010558960289325616
1333.067666854283,1333.067666854283,0.9998500129672478,0.0010552729911334148
1333.0746114125136,1333.0746114125136,1.000565987702192,0.001055700866166249
1333.0815559707207,1333.0815559707207,0.99874521186548,0.0010551228876170093
1333.0885005288576,1333.0885005288576,0.9987981848440075,0.001054988855461954
1333.095445087018,1333.095445087018,1.0010251253083302,0.0010559653814206987
1333.1023896451084,1333.1023896451084,0.9990780829494424,0.0010555409752760377
1333.1093342032223,1333.1093342032223,0.9986648361758318,0.001055362220421662
1333.1162787612664,1333.1162787612664,1.0011236566942314,0.0010560056988793572
1333.1232233193102,1333.1232233193102,1.0010123645464908,0.0010563000602196683
1333.1301678773077,1333.1301678773077,1.0014172928738274,0.00105638880063989
1333.137112435282,1333.137112435282,1.0001726680327536,0.0010560550708076694
1333.1440569932788,1333.1440569932788,0.9994256210618169,0.001055738315841954
1333.1510015511835,1333.1510015511835,0.9988488668357345,0.0010556213110387248
1333.1579461090876,1333.1579461090876,0.9993565022987261,0.0010556512137560893
1333.164890666992,1333.164890666992,0.9998662810994297,0.0010560607787125464
1333.1718352247797,1333.1718352247797,0.9995236595650445,0.0010560513283626748
1333.1787797826378,1333.1787797826378,1.0006001414953878,0.0010564110550651414
1333.1857243404252,1333.1857243404252,0.9991020909878383,0.0010560435121465977
1333.1926688982132,1333.1926688982132,1.0022060695927604,0.0010568269830699905
1333.1996134559542,1333.1996134559542,1.0006330570146338,0.0010564572819534864
1333.2065580136725,1333.2065580136725,0.9996806963511073,0.001056535097531988
1333.2135025713674,1333.2135025713674,1.0004298968201242,0.0010566901373002065
1333.2204471290388,1333.2204471290388,0.9990933947694675,0.0010562226268316882
1333.2273916866402,1333.2273916866402,0.99959519833,0.0010569576142825973
1333.2343362442637,1333.2343362442637,1.000104130686682,0.0010567714652759974
1333.2412807870726,1333.2412807870726,0.9999689903392932,0.0010570126124768017
1333.2482253150642,1333.2482253150642,0.9998661474556915,0.001057053150228005
1333.2551698430325,1333.2551698430325,1.0002843417410279,0.0010574746905878758
1333.2621143709773,1333.2621143709773,1.00005064562569,0.0010570801560338783
1333.2690588988755,1333.2690588988755,0.9991925008054728,0.0010566357807463825
1333.2760034267972,1333.2760034267972,1.0010492278474072,0.001057010584336605
1333.2829479546488,1333.2829479546488,0.9995257147372245,0.0010567111988100976
1333.289892482501,1333.289892482501,1.0002042383474716,0.001056768595434627
1333.296837010283,1333.296837010283,0.9994138251291116,0.0010563048051203613
1333.3037815380417,1333.3037815380417,1.0011939120469884,0.0010566486773853402
1333.3107260658003,1333.3107260658003,0.9989099953850316,0.0010555146852007202
1333.3176705935593,1333.3176705935593,1.0001153015300257,0.001055824282225773
1333.324615121271,1333.324615121271,1.0005506053297513,0.0010557028612449208
1333.33155964896,1333.33155964896,1.0001107207351072,0.001055427305808552
1333.3385041766026,1333.3385041766026,0.998827134131915,0.0010550035402445914
1333.3454487042213,1333.3454487042213,1.0009331087972755,0.0010553738216151523
1333.3523932318171,1333.3523932318171,0.9994524853336502,0.0010541215853124627
1333.3593377593663,1333.3593377593663,0.9996430788713839,0.0010541786216452995
1333.3662822869387,1333.3662822869387,1.0006292884270862,0.0010544840201036929
1333.3732268144415,1333.3732268144415,1.0012364930674353,0.0010545834347269881
1333.380171341967,1333.380171341967,0.9990410542709792,0.0010537235286435104
1333.3871158694233,1333.3871158694233,0.9997395124256865,0.0010535245028269855
1333.3940603968326,1333.3940603968326,0.9999701992456705,0.001053440587371495
1333.402116048637,1333.402116048637,1.0004931649352915,0.0010529568382184502
1333.4096161381972,1333.4096161381972,1.0002415878675848,0.0010529560241761611
1333.4176717899313,1333.4176717899313,1.0000982035618433,0.0010527688196088263
1333.424616317248,1333.424616317248,0.997888689187158,0.0010517351627950518
1333.4315608445409,1333.4315608445409,0.9996182382507415,0.0010519347881528809
1333.4385053717874,1333.4385053717874,1.0002384967212048,0.0010522071084976894
1333.445449899057,1333.445449899057,1.0003908829387358,0.001051813741402126
1333.4523944262571,1333.4523944262571,1.000917945042803,0.0010519534647589056
1333.4593389534336,1333.4593389534336,1.0001401191140373,0.0010518123910068908
1333.4662834806104,1333.4662834806104,1.00179492792427,0.0010523851762330105
1333.4732280077171,1333.4732280077171,0.9996809648685503,0.0010516940804564758
1333.4801725348239,1333.4801725348239,0.9995869232632568,0.0010516813161716159
1333.4871170619076,1333.4871170619076,0.999131729397738,0.0010519419199889737
1333.494061588944,1333.494061588944,1.0001642303914267,0.0010523462350624016
1333.5010061159583,1333.5010061159583,0.9995156453189924,0.0010523977851050886
1333.5079506429715,1333.5079506429715,1.000005646044305,0.001052949626881352
1333.5148951699389,1333.5148951699389,0.9998940140061615,0.0010533019605172462
1333.5218396968826,1333.5218396968826,0.9998264585743935,0.001053326751006955
1333.52878422378,1333.52878422378,1.0014051431616597,0.0010539272530541116
1333.5357287506536,1333.5357287506536,0.9999879404932251,0.0010539328658654614
1333.542673277528,1333.542673277528,0.9989893139877399,0.0010534704907172664
1333.549617804355,1333.549617804355,0.9999491038682324,0.0010543466579829295
1333.556562331159,1333.556562331159,0.9991984060969681,0.001054406054047396
1333.5635068579402,1333.5635068579402,1.0001683932794772,0.0010544099192906261
1333.5704513846977,1333.5704513846977,1.000540598305013,0.001054435301972865
1333.577395911432,1333.577395911432,0.999300771910445,0.001054410232220053
1333.5843404381194,1333.5843404381194,0.9995734481089238,0.0010551430720885907
1333.5912849647837,1333.5912849647837,1.001645571703079,0.0010557226875038456
1333.598229491425,1333.598229491425,0.9993193890212011,0.001055172706461827
1333.6051740180894,1333.6051740180894,1.0005569040000857,0.0010554493679830938
1333.612118544661,1333.612118544661,0.9996210364988587,0.0010554754560364687
1333.6190630711621,1333.6190630711621,1.0009977898522682,0.0010559352894960756
1333.6260075977334,1333.6260075977334,1.00066000269242,0.0010559997892980214
1333.6329521242346,1333.6329521242346,0.9987736038289705,0.0010555839116353264
1333.6398966507131,1333.6398966507131,1.000066650034651,0.0010562222165428753
1333.6468411771446,1333.6468411771446,1.0002176666520084,0.0010564226745377148
1333.6537857035994,1333.6537857035994,0.9995355092029884,0.0010566914313909815
1333.6607302299842,1333.6607302299842,0.999144102243112,0.0010564821549378315
1333.6676747563463,1333.6676747563463,0.9998972599609285,0.0010567490803796236
1333.6746192826845,1333.6746192826845,1.000401582904491,0.0010570542677984655
1333.681563809023,1333.681563809023,0.9997140557638347,0.001057010015974578
1333.688508335292,1333.688508335292,1.0007969447187566,0.0010577338924655747
1333.6954528615602,1333.6954528615602,1.000295931584334,0.0010573102980128996
1333.7023973877824,1333.7023973877824,1.000203291246756,0.0010570710462888201
1333.7093419139808,1333.7093419139808,0.9989747136596545,0.0010569535105134872
1333.7162864401564,1333.7162864401564,1.0015795064607298,0.001057737938513204
1333.7232309663086,1333.7232309663086,0.999927522656543,0.0010574318482476335
1333.7301754924379,1333.7301754924379,0.9995318508101576,0.0010572845448298287
1333.73712001852,1333.73712001852,0.9999593496853606,0.0010572499095870822
1333.7440645446252,1333.7440645446252,1.000051766960453,0.0010575072624535086
1333.7510090706382,1333.7510090706382,0.9995138646739508,0.0010569799806989457
1333.7579535966502,1333.7579535966502,0.9982830649469416,0.001056544714609859
1333.764898122663,1333.764898122663,1.0001704754041498,0.0010571592198747727
1333.7718426485587,1333.7718426485587,1.0001402527305088,0.0010569285415726857
1333.778787174525,1333.778787174525,1.0000162477242842,0.001056680226567872
1333.785731700421,1333.785731700421,1.0014840741033346,0.0010573040224006985
1333.7926762262937,1333.7926762262937,1.0013904578897133,0.001057034029192883
1333.7996207521433,1333.7996207521433,0.9994452599269072,0.001056325532310437
1333.8065652779692,1333.8065652779692,1.0002812268036898,0.0010562067350172728
1333.8135098037492,1333.8135098037492,0.9994918178212904,0.0010558962107730346
1333.8204543295055,1333.8204543295055,0.9993509761731426,0.0010557646520011246
1333.8273988552387,1333.8273988552387,0.99973461842281,0.001056414526046624
1333.8343433809482,1333.8343433809482,0.9988032583760017,0.0010562480548854546
1333.8412879066116,1333.8412879066116,1.0011199739766967,0.001056731437323715
1333.8482324322745,1333.8482324322745,1.0005360931919143,0.001056356733557685
1333.8551769578914,1333.8551769578914,0.9994756532860981,0.0010560648798925245
1333.8621214835082,1333.8621214835082,1.0002209329573497,0.0010564403975328776
1333.869066009055,1333.869066009055,1.0012111268334982,0.0010567690757940047
1333.8760105346016,1333.8760105346016,0.9982411146438972,0.0010553993229226503
1333.8829550601017,1333.8829550601017,0.9993576462064488,0.0010555580558049096
1333.8898995856023,1333.8898995856023,1.0002933970945271,0.0010559551812764415
1333.8968441110792,1333.8968441110792,1.0009517116069877,0.001055699758516192
1333.90378863651,1333.90378863651,0.9993156673700809,0.0010550953163835323
1333.91073316187,1333.91073316187,0.9998947343069611,0.0010555108186627619
1333.9176776872541,1333.9176776872541,1.0009090419393787,0.0010557823925236383
1333.9246222125914,1333.9246222125914,0.9997300482666118,0.0010551046291250592
1333.931566737905,1333.931566737905,1.0004608886906496,0.0010553129676754104
1333.9385112631962,1333.9385112631962,0.9992148533863198,0.001054569535211338
1333.9468446935261,1333.9468446935261,1.0016242105598054,0.0010554002843619536
1333.953789218724,1333.953789218724,0.9993481366388041,0.0010549216574489465
1333.9607337439215,1333.9607337439215,1.0003616123419898,0.0010549402748308634
1333.9676782690958,1333.9676782690958,0.9977580069383108,0.0010543611838390017
1333.974622794247,1333.974622794247,1.001153007491169,0.0010554034622850734
1333.9815673193511,1333.9815673193511,1.001047494244964,0.0010555801785136153
1333.9885118444324,1333.9885118444324,0.9994628367113444,0.0010550418131844244
1333.9954563695132,1333.9954563695132,0.9980889429469713,0.0010544975583474411
1334.002400894525,1334.002400894525,1.0021866572872409,0.0010559473395941855
1334.0093454195128,1334.0093454195128,1.0002921500154809,0.0010554303433372744
1334.0162899445008,1334.0162899445008,0.99984535406019,0.0010548121713019596
1334.023234469442,1334.023234469442,0.9992117162033715,0.0010545166740064458
1334.0301789943373,1334.0301789943373,0.9988868304045532,0.00105446709027338
1334.0371235192556,1334.0371235192556,1.000032036923179,0.0010546120049702134
1334.0440680441502,1334.0440680441502,1.0007374004218617,0.0010547704146908405
1334.0510125689289,1334.0510125689289,0.9991378945160431,0.0010545759813817095
1334.0579570937307,1334.0579570937307,0.9997909807969357,0.0010546789293072695
1334.064901618509,1334.064901618509,1.0017658394218796,0.0010551782111632977
1334.071846143264,1334.071846143264,1.0015181002019653,0.0010549709096085594
1334.078790667973,1334.078790667973,0.9997854168209408,0.0010548805000265289
1334.0857351926581,1334.0857351926581,0.9989197370612833,0.0010544952280324624
1334.0926797173202,1334.0926797173202,0.999696357478286,0.0010548555146592056
1334.0996242419592,1334.0996242419592,1.000276952034945,0.0010556250602092446
1334.1065687665514,1334.1065687665514,0.9999139255339535,0.001055482221356562
1334.1135132911434,1334.1135132911434,0.9998813328103615,0.0010557815995494455
1334.1204578156892,1334.1204578156892,0.999566794485698,0.0010554700994570001
1334.1274023401882,1334.1274023401882,0.9993705048311078,0.0010560918669569102
1334.1343468646871,1334.1343468646871,0.9994390075644674,0.0010559053502761093
1334.1412913891631,1334.1412913891631,1.0004879578791461,0.0010564814951487768
1334.1482359135691,1334.1482359135691,1.0017975158670265,0.0010567278413857735
1334.1551804379753,1334.1551804379753,0.9986610923117001,0.0010556617285152872
1334.1621249623577,1334.1621249623577,0.9996058553383147,0.0010559142940141943
1334.1690694866936,1334.1690694866936,1.0002042159659743,0.0010566452597440383
1334.1760140110298,1334.1760140110298,1.0013640795031595,0.0010569923355368263
1334.1829585352962,1334.1829585352962,0.9992566119295724,0.0010563156333989788
1334.1899030595625,1334.1899030595625,1.001079402229127,0.0010569940919013634
1334.1968475838287,1334.1968475838287,0.9995766160928004,0.0010574094442199885
1334.2037921079786,1334.2037921079786,0.9989663031796159,0.001056948988434944
1334.2107366321748,1334.2107366321748,1.0011610035248633,0.001058255722236238
1334.2176811563252,1334.2176811563252,0.9991087839297667,0.0010573586209115162
1334.224625680428,1334.224625680428,0.9996573368671647,0.0010575304488822167
1334.2315702045314,1334.2315702045314,1.000708087694365,0.0010582141198278105
1334.2385147285652,1334.2385147285652,0.9990073400969033,0.0010573068281129875
1334.2454592526215,1334.2454592526215,0.9997609960175972,0.0010579121225873164
1334.2524037765852,1334.2524037765852,0.9997369302617587,0.0010574823497086275
1334.259348300572,1334.259348300572,0.9998868655263141,0.001057508142623336
1334.2662928245359,1334.2662928245359,1.0006452220536246,0.0010573492102287307
1334.2732373484291,1334.2732373484291,1.0004409869254376,0.0010574395149467188
1334.2801818722996,1334.2801818722996,1.0007887664972404,0.0010576157679852362
1334.2871263961933,1334.2871263961933,1.0008679848017692,0.0010576514181654792
1334.2940709200172,1334.2940709200172,1.0005160107244109,0.0010574930156329238
1334.3021265676075,1334.3021265676075,0.9984438962024692,0.0010566186286463197
1334.3104599961214,1334.3104599961214,0.9997500742666163,0.0010570935026174896
1334.3190712055598,1334.3190712055598,1.0007802547060614,0.0010575603153658434
1334.3260157292439,1334.3260157292439,0.9980328115779548,0.0010568536608322342
1334.3329602529282,1334.3329602529282,1.0005325240198546,0.0010574434803135397
1334.3399047765192,1334.3399047765192,1.000153731217193,0.0010571606818306303
1334.3468493001335,1334.3468493001335,1.0005040948404402,0.0010571350982489624
1334.3551827284382,1334.3551827284382,0.9999710622216028,0.0010569837243130107
1334.3621272519827,1334.3621272519827,0.9994844558320883,0.0010564223311386816
1334.3690717754573,1334.3690717754573,1.0006633702101246,0.0010564266073467819
1334.3760162989552,1334.3760162989552,0.9993078750666446,0.0010557129171820344
1334.3829608224066,1334.3829608224066,0.9997374668165815,0.0010558943869150579
1334.3899053458347,1334.3899053458347,1.0004826625517649,0.0010557231881588916
1334.396849869216,1334.396849869216,0.999720854025469,0.0010548578552151732
1334.4037943925978,1334.4037943925978,0.9985018654903979,0.001054278731677654
1334.4107389159326,1334.4107389159326,1.001462353314508,0.001054921847623219
1334.4176834392442,1334.4176834392442,1.0010886490971966,0.0010549236034328932
1334.424627962509,1334.424627962509,1.0005433623911717,0.0010544156346086544
1334.4315724857745,1334.4315724857745,0.9980652874702557,0.00105362065551624
1334.4385170089695,1334.4385170089695,1.0004679129639416,0.0010542907296593313
1334.4454615321883,1334.4454615321883,1.0012310104865196,0.0010547403735553997
1334.4524060552903,1334.4524060552903,1.0017069383068082,0.0010545035570164426
1334.4593505785087,1334.4593505785087,0.9985608400714829,0.0010537504752591359
1334.4662951016107,1334.4662951016107,0.9980519228785069,0.001053786505975363
1334.4732396245968,1334.4732396245968,0.999960791274591,0.0010543930279623462
1334.4801841476988,1334.4801841476988,1.0008005257296086,0.0010547400768172609
1334.4871286706843,1334.4871286706843,0.9984719228877712,0.0010539645084221036
1334.494073193647,1334.494073193647,1.000671782216185,0.0010551148093833839
1334.501017716609,1334.501017716609,0.9999422714720201,0.00105482469334973
1334.507962239525,1334.507962239525,1.000770301816399,0.0010555986422745242
1334.5149067624411,1334.5149067624411,1.001162194771647,0.0010555060652028031
1334.5218512852869,1334.5218512852869,1.0016532340307367,0.0010559032880641992
1334.5287958081099,1334.5287958081099,0.9979305859424732,0.0010552306709900833
1334.5357403309085,1334.5357403309085,0.9993071240541678,0.0010553458031016647
1334.5426848537088,1334.5426848537088,0.9997451539036586,0.0010559399209663547
1334.5496293764613,1334.5496293764613,0.9990438135408983,0.001056080119602855
1334.5565738991677,1334.5565738991677,0.999148325795642,0.0010562952907253488
1334.5635184218506,1334.5635184218506,1.0006026194419662,0.001056844376760055
1334.5704629445106,1334.5704629445106,1.0016556027035903,0.0010574416994953166
1334.5774074671235,1334.5774074671235,1.0003994504443676,0.0010574672483181654
1334.5843519896903,1334.5843519896903,0.9989027612993837,0.0010570945425121196
1334.5912965123268,1334.5912965123268,1.0015799696581484,0.0010577765020779264
1334.5982410348465,1334.5982410348465,1.0002282010477248,0.0010574879901423793
1334.6062966809466,1334.6062966809466,0.9986449109802052,0.001056906455836
1334.6135189842744,1334.6135189842744,0.999292314461415,0.001057245164945373
1334.6204635067245,1334.6204635067245,1.0005040549224034,0.001057952081604203
1334.627408029128,1334.627408029128,0.9999315702223802,0.0010576730248226104
1334.6343525515317,1334.6343525515317,0.9994513615582079,0.0010575856510023135
1334.6412970738425,1334.6412970738425,1.0013919297420522,0.0010583878227698761
1334.648241596176,1334.648241596176,1.000074102708974,0.001057921964056849
1334.655186118463,1334.655186118463,0.9997314132851592,0.0010580884429112225
1334.6621306407274,1334.6621306407274,1.0012892829410958,0.0010586717707413479
1334.6690751629444,1334.6690751629444,1.0005857650116552,0.0010582499449415435
1334.6760196851617,1334.6760196851617,0.9994335608534991,0.001057760800805356
1334.6843531117433,1334.6843531117433,0.9997651438422072,0.001057546024262588
1334.691297633891,1334.691297633891,1.000890935064255,0.0010581583479562263
1334.6982421559687,1334.6982421559687,0.9983884913668362,0.0010575743242064264
1334.7051866780464,1334.7051866780464,1.0005813166848383,0.0010581325224236391
1334.7121312001009,1334.7121312001009,1.0001778528027443,0.0010576070688718864
1334.7190757221085,1334.7190757221085,0.9996241291049197,0.0010577585098745677
1334.7260202440932,1334.7260202440932,1.0010116822486967,0.0010579891732040753
1334.732964766031,1334.732964766031,0.9996814658724619,0.0010573349622625772
1334.739909287969,1334.739909287969,1.0011720403437177,0.0010573300348612398
1334.746853809814,1334.746853809814,0.9999846210435251,0.0010568539987762123
1334.753798331682,1334.753798331682,0.9981486699644633,0.0010563471537448556
1334.7607428535036,1334.7607428535036,0.9994396803407692,0.001056710297617457
1334.7676873753019,1334.7676873753019,0.9998374926785931,0.001056549196002947
1334.774631897077,1334.774631897077,1.0012773195351532,0.0010572724029594889
1334.781576418805,1334.781576418805,1.0008881471049185,0.0010574102640350162
1334.7885209405104,1334.7885209405104,1.0000595981046805,0.0010565322911094725
1334.795465462169,1334.795465462169,0.9996362928154425,0.0010560307670636764
1334.8024099838042,1334.8024099838042,0.9996954443552539,0.001056067302604476
1334.8093545054394,1334.8093545054394,0.9989165587093816,0.0010559448726293618
1334.8162990270282,1334.8162990270282,1.0004662309375143,0.0010562422942250551
1334.8232435485936,1334.8232435485936,0.9987328672921428,0.0010551093805310076
1334.8301880700892,1334.8301880700892,1.0018887252314705,0.0010565161210055484
1334.8371325915846,1334.8371325915846,1.0008059252679544,0.0010560160318718748
1334.844077113034,1334.844077113034,1.002850988371287,0.001056437279223697
1334.8510216344362,1334.8510216344362,1.0017458611092664,0.0010564303781832442
1334.8579661558856,1334.8579661558856,0.9930839333545677,0.0010532247095082399
1334.8649106772643,1334.8649106772643,0.9887581787687578,0.0010513480997125938
1334.8718551985505,1334.8718551985505,0.9885746595643592,0.0010516090060886827
1334.8787997198597,1334.8787997198597,0.9877950533045926,0.0010514833080251683
1334.8857442411227,1334.8857442411227,0.9876232732220606,0.001051342478525242
1334.8926887623854,1334.8926887623854,0.9892271842841283,0.0010521080330617542
1334.8996332835777,1334.8996332835777,0.9896809988672436,0.0010520624274417295
1334.9065778047711,1334.9065778047711,0.9881242940661515,0.0010518865449440412
1334.913522325894,1334.913522325894,0.9894531448891243,0.0010523800674082928
1334.9204668470406,1334.9204668470406,0.9911939485260273,0.0010532922107654146
1334.9288002723183,1334.9288002723183,0.9911753084735654,0.001052971408969572
1334.9357447933717,1334.9357447933717,0.9917519393221846,0.0010538423275129776
1334.9426893144014,1334.9426893144014,0.9926151825610283,0.0010536449220586211
1334.9496338353615,1334.9496338353615,0.9936331786755932,0.0010541596104075724
1334.9565783563219,1334.9565783563219,0.990893283724372,0.0010491923386731204
1334.9635228772354,1334.9635228772354,0.9933694062584426,0.0010483313214118403
1334.9715785214955,1334.9715785214955,0.9995728620389454,0.0010497704069036481
1334.981856412334,1334.981856412334,1.0003142789218278,0.0010495883117474774
1335.0065789062887,1335.0065789062887,0.9994440372870766,0.0010492433396545931
1335.017412358533,1335.017412358533,1.000051760905378,0.0010488537858944203
1335.030190276524,1335.030190276524,1.000621550619893,0.0010483627186084854
1335.0371347971115,1335.0371347971115,0.9997413714517652,0.0010478668395780945
1335.0451904409533,1335.0451904409533,0.999982403747779,0.0010480836800986816
1335.0524127423018,1335.0524127423018,1.0009746712520915,0.0010480965326453348
1335.059357262796,1335.059357262796,0.9989219746665265,0.001046800332467461
1335.0663017832208,1335.0663017832208,1.0005754473537405,0.0010476867660878467
1335.0732463036686,1335.0732463036686,0.9987937816926304,0.0010471823809109558
1335.080190824047,1335.080190824047,1.0002221491477497,0.001047616251915752
1335.0871353444243,1335.0871353444243,1.0010731973897256,0.0010478954666507498
1335.0940798647327,1335.0940798647327,1.0001744962154009,0.001048027835840229
1335.1010243850408,1335.1010243850408,0.9996076091255613,0.0010473675823832885
1335.107968905279,1335.107968905279,1.0001277708557024,0.0010475977999653053
1335.114913425564,1335.114913425564,0.9993327960363143,0.0010471898285229968
1335.1218579457789,1335.1218579457789,1.0015300701284289,0.0010479875243368261
1335.1288024659243,1335.1288024659243,0.9999747457133241,0.0010473660156490295
1335.1357469860461,1335.1357469860461,0.9999316389531689,0.0010475358492765098
1335.1429692869524,1335.1429692869524,0.998983832794645,0.0010471662067772333
1335.1515804918504,1335.1515804918504,1.0001579952080986,0.0010473225534520206
1335.159358354279,1335.159358354279,0.9991770570438376,0.0010472117712738596
1335.166302874261,1335.166302874261,1.0007737607988312,0.0010472378604309631
1335.1732473942434,1335.1732473942434,0.9993242859597948,0.0010466123230887091
1335.180191914179,1335.180191914179,1.0000085590102397,0.0010465975044424932
1335.1871364340914,1335.1871364340914,1.0016523739090886,0.0010470056928110342
1335.1940809539337,1335.1940809539337,0.9985267472841178,0.0010454764209609749
1335.201025473776,1335.201025473776,1.0009043048691042,0.0010456589664919055
1335.2079699935723,1335.2079699935723,0.9990873884190238,0.0010447144396433477
1335.2149145133449,1335.2149145133449,1.0000958080643394,0.0010444614877055463
1335.2218590330942,1335.2218590330942,1.0016793521578282,0.0010450070563163163
1335.2288035527738,1335.2288035527738,0.9987551858885073,0.0010432784074899933
1335.2357480724997,1335.2357480724997,0.9984190728264257,0.0010428139898983491
1335.2426925921095,1335.2426925921095,0.9997856040224467,0.0010427132938694449
1335.249637111719,1335.249637111719,1.0012146458343225,0.0010430176342793663
1335.2565816313058,1335.2565816313058,1.0017236052545622,0.001042539250422614
1335.2635261508217,1335.2635261508217,1.001125999835023,0.0010422456529085044
1335.2704706703385,1335.2704706703385,0.9989223541839187,0.001041337445475039
1335.2774151898316,1335.2774151898316,0.9993975852280201,0.001041037480977114
1335.284359709255,1335.284359709255,1.000047979833305,0.0010405636698246176
1335.2913042286787,1335.2913042286787,0.9990150939452322,0.0010404167368016691
1335.2982487480554,1335.2982487480554,0.9998331411481267,0.001040324655077122
1335.305193267409,1335.305193267409,0.9989851127182101,0.0010394212158513847
1335.3121377867155,1335.3121377867155,0.9999566179025212,0.0010399236886756574
1335.3190823059997,1335.3190823059997,1.0007326903530358,0.0010396785806098617
1335.3304713175307,1335.3304713175307,1.000182535736864,0.001039313086653968
1335.3551938057117,1335.3551938057117,1.0007852793061147,0.0010380988699808936
1335.3621383248553,1335.3621383248553,1.0007615430185044,0.001037572724723895
1335.3690828438835,1335.3690828438835,0.9996335764529839,0.001037267539762526
1335.3760273629105,1335.3760273629105,0.9978507815252062,0.0010361928612156708
1335.382971881822,1335.382971881822,1.001922937989876,0.0010370890665020705
1335.3899164008026,1335.3899164008026,1.0008280578482585,0.0010366460627580204
1335.396860919714,1335.396860919714,0.9998889360565496,0.0010359890657876025
1335.4038054386021,1335.4038054386021,1.0008806147092266,0.0010362005005247574
1335.41074995742,1335.41074995742,0.9993774171782439,0.001035863599531064
1335.4188055992595,1335.4188055992595,1.0002420897673026,0.0010359314136783539
1335.4260278987683,1335.4260278987683,0.9996496121738444,0.00103550170512318
1335.432972417517,1335.432972417517,1.0001201754780258,0.001035715933504219
1335.4399169362182,1335.4399169362182,0.9991102584302469,0.0010350952836066637
1335.4468614548966,1335.4468614548966,0.9997052116584205,0.001035223579646949
1335.4538059735282,1335.4538059735282,0.9994597885374608,0.0010355584882250173
1335.4607504921137,1335.4607504921137,1.000668808204343,0.001035535456060754
1335.4676950106991,1335.4676950106991,1.0012250923512709,0.0010357267110983775
1335.475750652212,1335.475750652212,1.0006701470499373,0.001035754562644788
1335.4829729514188,1335.4829729514188,0.999420202391161,0.001035073785471448
1335.4899174699572,1335.4899174699572,0.9980359226338933,0.0010347116995867488
1335.496861988333,1335.496861988333,1.0001015965115152,0.0010349645540308108
1335.5038065067317,1335.5038065067317,1.0012977690482188,0.0010357627420769962
1335.5107510250841,1335.5107510250841,1.0002159522062135,0.001035355753042883
1335.5176955434367,1335.5176955434367,0.9990759540760703,0.0010346957669452636
1335.5246400617193,1335.5246400617193,1.0007685581905421,0.0010349387802131723
1335.5315845799782,1335.5315845799782,0.9996368217066138,0.0010351607753087588
1335.5385290982144,1335.5385290982144,1.000554091250776,0.0010349065077341964
1335.5454736163808,1335.5454736163808,1.0003740729553703,0.0010347413095599526
1335.5524181345468,1335.5524181345468,1.0004505672405342,0.0010344524443212896
1335.5593626526893,1335.5593626526893,0.9987092633765448,0.0010341455027273949
1335.5663071707856,1335.5663071707856,0.998234807229417,0.0010336280464083693
1335.5732516888354,1335.5732516888354,1.0005491240184814,0.0010343037613462073
1335.5801962068622,1335.5801962068622,0.9996921233246729,0.0010335999842582947
1335.5882518477233,1335.5882518477233,0.9992396729520594,0.0010338462705072643
1335.5954741463709,1335.5954741463709,1.0021096542789896,0.0010341963189996956
1335.6024186643276,1335.6024186643276,1.0012261709311356,0.0010335416667015263
1335.6093631822143,1335.6093631822143,1.0005887767235877,0.0010333183780974955
1335.6163077000542,1335.6163077000542,1.0001073375108351,0.0010335426283930227
1335.6232522178248,1335.6232522178248,0.9988496793518268,0.0010328528455043305
1335.6301967356183,1335.6301967356183,0.9990287328570048,0.0010327774528243083
1335.6371412533654,1335.6371412533654,1.0000784033214551,0.001033026438874773
1335.6446413324713,1335.6446413324713,0.9983443660871864,0.0010326740409199355
1335.6524191922692,1335.6524191922692,1.001629889783226,0.0010336340633907335
1335.6593637099,1335.6593637099,1.0006813834618762,0.0010334535888137522
1335.6663082275077,1335.6663082275077,0.9981272181165103,0.001032727914416723
1335.6732527450679,1335.6732527450679,1.0012550261107125,0.0010334002851138386
1335.680197262582,1335.680197262582,1.0003456828385187,0.0010331935654649166
1335.687141780073,1335.687141780073,1.0005073157074804,0.0010331563325073861
1335.6940862975407,1335.6940862975407,1.0004907134425056,0.0010332596084929408
1335.701030814962,1335.701030814962,0.9990995544666242,0.001032543862279536
1335.7079753323594,1335.7079753323594,1.0002199785673027,0.0010330557486361762
1335.7149198496875,1335.7149198496875,0.9986607342484382,0.0010326769156294088
1335.7218643670617,1335.7218643670617,0.9992017186292085,0.001032913186820245
1335.728808884343,1335.728808884343,1.0023927590748258,0.00103359589174724
1335.7357534015314,1335.7357534015314,0.9998735281012653,0.0010326256646880708
1335.7426979187892,1335.7426979187892,0.9989457161947278,0.0010327713440247165
1335.7496424359547,1335.7496424359547,1.0005887406643734,0.0010329964746817238
1335.756586953096,1335.756586953096,0.9993807207970746,0.0010328143707236154
1335.7635314702145,1335.7635314702145,0.9995619589586896,0.0010325194355550807
1335.7704759872868,1335.7704759872868,1.0004508855022718,0.0010326976077388481
1335.7774205042883,1335.7774205042883,0.9996584270879696,0.001032466088585123
1335.784365021337,1335.784365021337,1.0011025786926186,0.0010330530557763303
1335.7913095382687,1335.7913095382687,1.0006672700723893,0.0010325550779920888
1335.7982540552246,1335.7982540552246,0.9994897067019213,0.001032026065246818
1335.80519857211,1335.80519857211,0.9997837099263984,0.0010321913187589687
1335.812143088972,1335.812143088972,0.999791106700797,0.0010322404989011364
1335.819087605811,1335.819087605811,1.0001496011857343,0.0010323061418029682
1335.82603212258,1335.82603212258,0.9988470823221574,0.0010316412723730285
1335.832976639373,1335.832976639373,0.9989324654527298,0.0010317526362246458
1335.8399211560723,1335.8399211560723,1.0015259272743966,0.0010324831392493723
1335.8468656727714,1335.8468656727714,1.0009427688596897,0.0010322483146321568
1335.853810189401,1335.853810189401,1.0010860100686727,0.0010321282489267713
1335.8607547060071,1335.8607547060071,0.9988613644197526,0.0010314045728990033
1335.8676992225899,1335.8676992225899,0.9989886131727397,0.001031194744270345
1335.8746437391492,1335.8746437391492,0.9998931270966761,0.0010315812031756499
1335.8815882556396,1335.8815882556396,0.9978651619428444,0.001030967208400952
1335.8885327721055,1335.8885327721055,1.0008119975402683,0.0010318032648326844
1335.8954772885256,1335.8954772885256,1.0003729567977415,0.0010314700551241898
1335.9024218049458,1335.9024218049458,1.0007195611402282,0.0010314854728551246
1335.9093663212957,1335.9093663212957,1.0002437095813022,0.0010313747112561506
1335.9163108376226,1335.9163108376226,0.9994026459470063,0.00103092968108762
1335.923255353926,1335.923255353926,0.9991821713513692,0.001030930924724748
1335.930199870159,1335.930199870159,1.000978951677429,0.0010314296134717462
1335.93714438637,1335.93714438637,1.0003002742671527,0.0010309952322353085
1335.9440889025802,1335.9440889025802,1.0002859021951376,0.0010313253693229486
1335.9510334187205,1335.9510334187205,0.9991025181786142,0.0010309722298168054
1335.9579779348378,1335.9579779348378,0.9988925221096772,0.0010310547634358263
1335.964922450885,1335.964922450885,1.0004549961300335,0.0010314176659946537
1335.9718669669323,1335.9718669669323,1.0002909147917838,0.001031344466082763
1335.9788114829103,1335.9788114829103,1.0003048515046402,0.0010314577504957345
1335.985755998888,1335.985755998888,1.0014183210974728,0.0010316491807069734
1335.9927005147954,1335.9927005147954,0.9990607569174262,0.0010311208489537187
1335.9996450307033,1335.9996450307033,1.0008036020471403,0.0010316369331812999
1336.006589546541,1336.006589546541,0.9988220809846171,0.0010311205802010115
1336.0135340623551,1336.0135340623551,0.9993231915906262,0.0010308780722328291
1336.0204785781468,1336.0204785781468,1.0005402550544307,0.0010310944026519044
1336.027423093868,1336.027423093868,0.9985046015385342,0.0010306666136027597
1336.034367609613,1336.034367609613,1.0002262159527542,0.0010313837544343918
1336.0413121252643,1336.0413121252643,1.0004228736749792,0.0010316180146547392
1336.0482566408693,1336.0482566408693,1.001113881540404,0.0010313626518558543
1336.055201156521,1336.055201156521,1.0018571437179384,0.0010317445382777939
1336.062145672056,1336.062145672056,0.9988526918930507,0.001030509312132513
1336.0690901875914,1336.0690901875914,0.9982753980408319,0.00103030457739465
1336.076034703033,1336.076034703033,1.001105394581913,0.0010308332652772783
1336.0829792184984,1336.0829792184984,0.998284231741019,0.0010300448638632955
1336.089923733917,1336.089923733917,1.0011246022456182,0.001031054820259505
1336.0968682492894,1336.0968682492894,0.9994830170519631,0.0010304550703620096
1336.1038127646152,1336.1038127646152,1.000598789405122,0.0010311976736707574
1336.1107572798937,1336.1107572798937,1.0016065835301808,0.001031270206454866
1336.1177017951964,1336.1177017951964,0.9991618439605837,0.0010304529462834121
1336.124646310382,1336.124646310382,1.0005240084294775,0.001030779427917374
1336.1315908255913,1336.1315908255913,0.9980363087342757,0.00103004615225212
1336.1385353407309,1336.1385353407309,1.0000424817313893,0.0010304540794594341
1336.1454798558468,1336.1454798558468,1.0006091100970553,0.0010307762582157701
1336.152424370916,1336.152424370916,0.9997472353042166,0.0010300532205982055
1336.1593688859389,1336.1593688859389,0.9996926455602415,0.0010305289013341186
1336.1663134009389,1336.1663134009389,1.001431392315442,0.0010310581027891286
1336.1732579159386,1336.1732579159386,0.9990319516381048,0.0010303609987243698
1336.1802024307985,1336.1802024307985,1.0003488916105674,0.0010306110624149355
1336.1871469457283,1336.1871469457283,1.000411762090402,0.001030636098563509
1336.1940914605646,1336.1940914605646,1.000185033727106,0.0010305614471614278
1336.201035975378,1336.201035975378,0.9997004830587137,0.0010303239629836894
1336.2079804901448,1336.2079804901448,0.9989462008554961,0.00103005389584173
1336.2149250048649,1336.2149250048649,1.0001510907734186,0.0010303691185719734
1336.221869519562,1336.221869519562,0.9993771400703292,0.0010299327040037879
1336.2288140342123,1336.2288140342123,1.0020279823517322,0.0010313049504521918
1336.2357585488398,1336.2357585488398,0.9994724138010789,0.0010301073561758667
1336.2427030633967,1336.2427030633967,0.9979328300077762,0.0010296502186961092
1336.249647577954,1336.249647577954,1.0019901306726766,0.001031043694949657
1336.2565920924649,1336.2565920924649,1.0001376481886366,0.001030229454804318
1336.2635366069287,1336.2635366069287,1.000310705337808,0.0010304463364599885
1336.2704811213466,1336.2704811213466,1.0004488483991714,0.0010302496884737873
1336.2774256357175,1336.2774256357175,0.998532181600637,0.0010299065409808722
1336.2843701500885,1336.2843701500885,1.0003150198901678,0.001030295697876433
1336.2913146643896,1336.2913146643896,0.9996110889910668,0.0010304322363196875
1336.2982591786674,1336.2982591786674,0.9999548943989808,0.0010307066571750153
1336.3052036928989,1336.3052036928989,1.0013264496846912,0.0010307349440135424
1336.3121482071067,1336.3121482071067,0.9999582114639921,0.0010306066690037505
1336.319092721245,1336.319092721245,0.9986943223810242,0.0010302092251928698
1336.3260372353598,1336.3260372353598,0.9994444720947209,0.0010305992400584532
1336.3329817494282,1336.3329817494282,1.0009108310362074,0.0010307541720198823
1336.3399262634732,1336.3399262634732,0.9992257357719586,0.0010301453082398133
1336.346870777495,1336.346870777495,1.0016658922254786,0.0010307682627098765
1336.3538152914239,1336.3538152914239,0.9990274433617674,0.0010298284405256444
1336.3607598053525,1336.3607598053525,1.0005494648440696,0.0010300848266132556
1336.367704319234,1336.367704319234,0.998616156796513,0.0010292290871867082
1336.37464883307,1336.37464883307,0.9995769418300732,0.001029604521531121
1336.3815933468586,1336.3815933468586,1.0014354186052095,0.0010300917941291085
1336.3885378606476,1336.3885378606476,1.0004068920310156,0.0010298199749287688
1336.3954823743668,1336.3954823743668,0.9980910924405437,0.0010291732957941366
1336.4024268880623,1336.4024268880623,1.0006777230135613,0.0010302713208360588
1336.409371409632,1336.409371409632,1.0021956539293497,0.0010305829117354052
1336.4163159411942,1336.4163159411942,0.9999295963848456,0.0010300747447569997
1336.423260472906,1336.423260472906,0.9999059211882461,0.0010296196269988349
1336.4302050045476,1336.4302050045476,1.0002756157542976,0.0010299942065241027
1336.4371495361422,1336.4371495361422,0.9975001144114192,0.0010289610392236032
1336.444094067691,1336.444094067691,0.9998380634830909,0.001029555765654351
1336.4510385991928,1336.4510385991928,0.9999591630583357,0.0010301669346377846
1336.4579831306714,1336.4579831306714,1.0010756018929403,0.0010303040856684987
1336.4649276621035,1336.4649276621035,0.9994351452329406,0.0010299455654991896
1336.4718721935126,1336.4718721935126,1.0011236852145158,0.001030741082295736
1336.4788167248284,1336.4788167248284,1.0000252491076136,0.0010303646515697354
1336.485761256144,1336.485761256144,1.0011565381102274,0.00103031222529678
1336.4927057874597,1336.4927057874597,0.9982076872677093,0.0010295608852852645
1336.499650318682,1336.499650318682,0.9999853478485463,0.001030264261344836
1336.5065948498814,1336.5065948498814,0.9995967570375776,0.0010299631553337047
1336.5135393810106,1336.5135393810106,1.0002103951877768,0.001030282038948683
1336.5204839121402,1336.5204839121402,1.0001730996175981,0.0010302786603345704
1336.5274284432228,1336.5274284432228,0.9994642622772846,0.0010299351458049754
1336.5343729742594,1336.5343729742594,1.0007767951075812,0.0010303437202230407
1336.5413175052495,1336.5413175052495,0.9995041426000426,0.0010300503827211723
1336.5482620361922,1336.5482620361922,1.0014490467438015,0.001030936497114298
1336.555206567112,1336.555206567112,0.998653042139727,0.0010294950484886817
1336.5621510979624,1336.5621510979624,1.0005792634880133,0.0010302701944502309
1336.569095628789,1336.569095628789,1.0004565167311141,0.0010304758434879872
1336.5760401596156,1336.5760401596156,0.9986580871269528,0.0010299103321639704
1336.5829846903723,1336.5829846903723,1.0015976134879914,0.001030529054733087
1336.589929221036,1336.589929221036,0.9985509157573645,0.0010297052105291082
1336.5979848766176,1336.5979848766176,0.9995936342448392,0.0010300020370677975
1336.605207188441,1336.605207188441,1.0002405956211025,0.0010306132627818728
1336.612151719035,1336.612151719035,1.0011313288298702,0.0010309977382804412
1336.6190962495589,1336.6190962495589,1.0002489439884223,0.0010306005861709005
1336.6260407800364,1336.6260407800364,0.9998330104092812,0.0010304651877204847
1336.6329853104903,1336.6329853104903,1.000239386073983,0.0010305590224012578
1336.6399298408983,1336.6399298408983,1.0001326346861723,0.001030616931281017
1336.646874371259,1336.646874371259,1.000371574564808,0.0010303290791773758
1336.6538189015969,1336.6538189015969,0.9973573705631914,0.0010294674560921194
1336.6607634318652,1336.6607634318652,1.000450409549965,0.0010303142507866296
1336.6677079621097,1336.6677079621097,1.0001774522063607,0.0010303080519573622
1336.6746524923312,1336.6746524923312,0.9989254004664252,0.001029791971607403
1336.6815970224827,1336.6815970224827,1.0004482019910674,0.001030289505104624
1336.6885415525874,1336.6885415525874,0.999627997322445,0.0010298349963389474
1336.6988194570722,1336.6988194570722,0.9999628721813771,0.001029686767263592
1336.7079862366622,1336.7079862366622,1.0018667436685822,0.0010299578953381163
1336.7149307666277,1336.7149307666277,1.0006769270785536,0.0010298367945066936
1336.7218752965698,1336.7218752965698,1.0003873570130053,0.0010296088628632394
1336.7293753888312,1336.7293753888312,0.998795722318971,0.00102927728891653
1336.7371532622049,1336.7371532622049,0.9992032710186493,0.0010295321423635024
1336.744097791984,1336.744097791984,1.00026315276865,0.0010294490729721066
1336.751042321716,1336.751042321716,0.9999692310774557,0.0010299627064724215
1336.7579868514254,1336.7579868514254,0.9981148737545512,0.0010293638607265566
1336.7649313810414,1336.7649313810414,1.000711439176326,0.0010301161961309363
1336.7718759107038,1336.7718759107038,0.9995233341123466,0.0010296794794590375
1336.778820440227,1336.778820440227,1.000875503010022,0.0010301213827570192
1336.78576496975,1336.78576496975,1.0004055232146918,0.0010302455330063252
1336.7927094992262,1336.7927094992262,1.0001254533304915,0.0010302170999080637
1336.7996540286792,1336.7996540286792,1.000680619780497,0.0010307926837203518
1336.8065985580622,1336.8065985580622,0.9999536332477323,0.0010305174475415634
1336.8135430874227,1336.8135430874227,1.0001889988238404,0.0010301659732690285
1336.820487616689,1336.820487616689,0.9998607790127156,0.0010301348038414737
1336.827432145979,1336.827432145979,0.9983849891994974,0.0010297656984756287
1336.8343766751996,1336.8343766751996,1.0001299114218687,0.0010301600897432346
1336.841321204373,1336.841321204373,0.9992849379540789,0.0010300861300634025
1336.8482657335007,1336.8482657335007,1.0001776581721304,0.0010304009564346638
1336.8552102626043,1336.8552102626043,1.0010260494361944,0.0010305541064777404
1336.862154791638,1336.862154791638,1.0006292169151685,0.001030660259458533
1336.8690993206253,1336.8690993206253,1.0000588180229073,0.001029921407910262
1336.8760438496129,1336.8760438496129,0.999784331803076,0.00103014951468878
1336.882988378507,1336.882988378507,0.9996584554766667,0.0010298496413833915
1336.8899329074015,1336.8899329074015,1.0003462970647923,0.0010302130056340018
1336.8968774362022,1336.8968774362022,0.999302209092303,0.0010297349899826675
1336.9038219650035,1336.9038219650035,0.9988364296126679,0.0010300783323512132
1336.9107664937349,1336.9107664937349,1.0009619571196935,0.001030232706373706
1336.9177110224196,1336.9177110224196,1.000258974640099,0.0010299030131656103
1336.9246555510813,1336.9246555510813,1.000786944144512,0.0010302710810478003
1336.9316000796957,1336.9316000796957,0.9997672451398198,0.0010299616325242732
1336.938544608241,1336.938544608241,0.9999763312551249,0.0010300943585884357
1336.9454891367627,1336.9454891367627,1.0009644995834002,0.001030318843105065
1336.9524336652146,1336.9524336652146,0.9989732714946484,0.0010296486398400167
1336.9593781936196,1336.9593781936196,0.999060588713308,0.0010297428488300338
1336.9663227220249,1336.9663227220249,1.0002651782976064,0.0010299623662939424
1336.973267250384,1336.973267250384,1.0004646763192153,0.001030087558946158
1336.980211778673,1336.980211778673,0.9990006101709762,0.0010295586141106847
1336.9871563069385,1336.9871563069385,1.0001989286416877,0.0010298516358313117
1336.9941008351343,1336.9941008351343,1.000420833236029,0.0010298977593039536
1337.0010453632601,1337.0010453632601,0.9988412160252572,0.0010296211883283842
1337.007989891386,1337.007989891386,1.0011145479732975,0.0010299845374599108
1337.0149344194651,1337.0149344194651,1.0000851766504817,0.0010297301546411757
1337.0218789474748,1337.0218789474748,1.0015492833683797,0.0010301173004576554
1337.028823475461,1337.028823475461,0.999313553343012,0.0010296398509534546
1337.0357680034006,1337.0357680034006,0.9990765543948971,0.0010296449752921347
1337.0427125312942,1337.0427125312942,1.00130604252564,0.0010301129132626438
1337.0496570591638,1337.0496570591638,0.9982316910183118,0.0010292681663889817
1337.0566015869172,1337.0566015869172,0.9984346412140062,0.0010292734499268022
1337.0635461146705,1337.0635461146705,0.9994021201337109,0.0010297732044556754
1337.0704906423773,1337.0704906423773,1.0011028681690581,0.001029916014063287
1337.0774351700375,1337.0774351700375,0.9988926358929641,0.001029595434421209
1337.0843796976508,1337.0843796976508,1.0001504159386538,0.0010298617264623165
1337.091324225195,1337.091324225195,1.0010425820506932,0.0010299594803763
1337.098268752739,1337.098268752739,0.9996101099979195,0.0010293485119091128
1337.1052132802129,1337.1052132802129,0.9999465230475003,0.0010296909471729072
1337.1121578076406,1337.1121578076406,1.000828718926202,0.001029856791289889
1337.1191023350214,1337.1191023350214,1.0001768716072161,0.00103007740425858
1337.1260468623557,1337.1260468623557,1.0004886245518807,0.001029911305548632
1337.1329913896666,1337.1329913896666,0.9998730761470116,0.0010298726263622572
1337.1399359169075,1337.1399359169075,0.9992812847278587,0.001029675042309513
1337.1468804441022,1337.1468804441022,1.0015316189410806,0.0010302338097675277
1337.15382497125,1337.15382497125,0.9983858842877484,0.0010291839891739107
1337.1607694983518,1337.1607694983518,0.9985204689510223,0.001029317359544997
1337.1677140254071,1337.1677140254071,0.9993157819210525,0.0010293905855547642
1337.174658552415,1337.174658552415,0.9993643753781389,0.0010294353589460716
1337.1816030794002,1337.1816030794002,1.0019261976061384,0.0010301668741843045
1337.1885476062919,1337.1885476062919,1.0001369378535774,0.0010293245775581288
1337.1954921331605,1337.1954921331605,1.0006955493474126,0.0010294732130661532
1337.2024366600058,1337.2024366600058,1.0005194607576398,0.0010294620215541
1337.209381186758,1337.209381186758,1.0007214918540368,0.0010298802710420837
1337.2163257135103,1337.2163257135103,0.9995198283789897,0.001029513638502957
1337.2232702401925,1337.2232702401925,0.9997332178435794,0.0010297912127248073
1337.2302147668288,1337.2302147668288,1.000351776214811,0.0010296313723133763
1337.2371592933948,1337.2371592933948,0.9999442445933988,0.0010300334034117624
1337.2441038199138,1337.2441038199138,0.9992070918975633,0.0010298116878388142
1337.2510483464334,1337.2510483464334,0.9994668632157154,0.0010302191835400122
1337.2579928728596,1337.2579928728596,1.0000813145658938,0.0010302790395485058
1337.2649373992394,1337.2649373992394,0.999203534890855,0.0010299068502051993
1337.2718819256188,1337.2718819256188,0.9993363182344582,0.0010299261691251197
1337.2788264519054,1337.2788264519054,1.0002624806597293,0.0010301208136733247
1337.2857709781686,1337.2857709781686,1.0008343304016385,0.001029796145387895
1337.2927155043624,1337.2927155043624,0.9988621262539159,0.0010290152974337342
1337.2996600305328,1337.2996600305328,0.9997055700988374,0.001028926406113895
1337.3066045566097,1337.3066045566097,0.9998235919001308,0.0010294347515971802
1337.3135490826867,1337.3135490826867,1.0004416142148678,0.001030212245512303
1337.3204936086938,1337.3204936086938,1.0015398295714448,0.0010311566527320159
1337.3274381346541,1337.3274381346541,1.0010043518243288,0.0010314946107924455
1337.3343826605683,1337.3343826605683,1.0019452604949977,0.0010325506567398644
1337.3413271864356,1337.3413271864356,1.0047234298538767,0.0010343343336711584
1337.348271712233,1337.348271712233,1.0059741073121913,0.0010355071238142318
1337.3563273621335,1337.3563273621335,0.9992860500152556,0.0010336769896210772
1337.3635496688812,1337.3635496688812,0.9963466148325175,0.0010336250521127855
1337.3704941945157,1337.3704941945157,0.9964458397277074,0.0010343136496247978
1337.3774387201504,1337.3774387201504,0.9963910047061676,0.001035194241992821
1337.3843832457153,1337.3843832457153,0.9964075370903661,0.0010356317456969362
1337.3913277712566,1337.3913277712566,0.9987571228562381,0.001037298033501241
1337.3982722966816,1337.3982722966816,0.9950839435586069,0.0010359078992472385
1337.4052168221071,1337.4052168221071,0.9974921313915834,0.0010364752739857766
1337.4121613474617,1337.4121613474617,0.9965070720996121,0.0010374583414894463
1337.4191058727708,1337.4191058727708,0.9961408323128298,0.0010373471033596302
1337.426050398056,1337.426050398056,0.9971406243873195,0.0010370504652909157
1337.4329949232717,1337.4329949232717,0.9969330484023189,0.0010373936616613314
1337.4399394484408,1337.4399394484408,0.9964697743512962,0.0010368562792974734
1337.4468839735396,1337.4468839735396,0.9966336453072927,0.0010355961929245506
1337.453828498639,1337.453828498639,1.000373317497735,0.0010367568251958615
1337.4652175196356,1337.4652175196356,1.000205723454282,0.0010313876953052985
1337.473273168604,1337.473273168604,0.9994183232775603,0.0010294071255638419
1337.4802176934008,1337.4802176934008,0.9992609754350184,0.001029320244388044
1337.489940028186,1337.489940028186,1.0017409259506471,0.0010301160493299782
1337.4968845529356,1337.4968845529356,0.9994911041232537,0.0010295873400686792
1337.5038290776624,1337.5038290776624,1.0004347401351619,0.0010299956307598325
1337.5107736022958,1337.5107736022958,0.9997476640590565,0.0010299607987489935
1337.517718126906,1337.517718126906,0.9998796011625487,0.0010296883644570836
1337.5246626514931,1337.5246626514931,1.0011549250233092,0.0010300417788027321
1337.5316071759864,1337.5316071759864,1.0008075747780019,0.0010298100669566739
1337.5385517004568,1337.5385517004568,0.9990167423089427,0.0010295996131784702
1337.5454962248582,1337.5454962248582,0.9995286772430383,0.0010295171171293264
1337.5524407492353,1337.5524407492353,0.9982057227326007,0.001029399260786913
1337.5593852735196,1337.5593852735196,0.9996357022386325,0.00102991802095733
1337.5663297977803,1337.5663297977803,1.0006082627668376,0.0010304645700410303
1337.5732743219714,1337.5732743219714,1.002215563617742,0.0010307859491510405
1337.5802188461391,1337.5802188461391,1.0000251406346645,0.0010298610756637912
1337.5871633702138,1337.5871633702138,0.99920772501483,0.0010299704511656997
1337.594107894265,1337.594107894265,1.0004748007369053,0.0010303499743301518
1337.6010524182934,1337.6010524182934,1.0002744998394586,0.0010306343767193626
1337.6079969422285,1337.6079969422285,0.9994772177655922,0.0010305467912988717
1337.6149414661402,1337.6149414661402,0.9983558391859285,0.00102964585246837
1337.6218859899818,1337.6218859899818,1.001197159815518,0.0010302804959019555
1337.628830513731,1337.628830513731,1.0004261198972326,0.0010303573879353743
1337.6357750374793,1337.6357750374793,0.998912800064604,0.0010296053451406494
1337.642719561228,1337.642719561228,0.9996737922986478,0.0010300814600835574
1337.6496640848607,1337.6496640848607,1.0000214576207165,0.001030110541746443
1337.6566086084458,1337.6566086084458,0.9998642313041823,0.001030043088678979
1337.6635531319853,1337.6635531319853,1.0023037592837913,0.0010308714062635723
1337.6704976555013,1337.6704976555013,1.0002855487479674,0.0010299265283460158
1337.6774421789244,1337.6774421789244,0.9995852880306909,0.0010297905254431734
1337.6846644832501,1337.6846644832501,0.9979784819565207,0.0010290292787432371
1337.6927201303092,1337.6927201303092,0.9990748979909719,0.0010293029990999587
1337.6996646535695,1337.6996646535695,1.000192831916457,0.0010297729080411555
1337.7066091768058,1337.7066091768058,1.000960707145971,0.001029887059943623
1337.7135536999724,1337.7135536999724,1.0012159376679697,0.0010300940069323072
1337.7204982230692,1337.7204982230692,0.9998629100011435,0.0010295809548641712
1337.7274427461427,1337.7274427461427,1.0006246946121329,0.0010301498145498047
1337.7343872691697,1337.7343872691697,0.9991778725240501,0.0010295922341434422
1337.7413317921269,1337.7413317921269,1.0008123208050967,0.0010299441925614046
1337.7493874386744,1337.7493874386744,0.9997422704327541,0.001029973893274075
1337.7566097424417,1337.7566097424417,0.9986081548438908,0.0010292350199845861
1337.7635542652358,1337.7635542652358,1.0001391109871993,0.0010299327921767401
1337.7704987879831,1337.7704987879831,1.0010211281503123,0.0010304807823353164
1337.7788322152012,1337.7788322152012,0.9982661944161094,0.0010295506763734652
1337.7857767378787,1337.7857767378787,0.9993737567584017,0.001029644259491388
1337.7927212604397,1337.7927212604397,0.9991309518252909,0.0010296760435867921
1337.800776906522,1337.800776906522,0.9996210176675653,0.0010297935295639992
1337.8093881143873,1337.8093881143873,1.0009468798638887,0.001030206785157601
1337.8163326367853,1337.8163326367853,1.0007060791062916,0.00103021572840986
1337.823277159137,1337.823277159137,1.0009939635520342,0.001030409499119391
1337.8388328889582,1337.8388328889582,0.9983785287517838,0.0010292124947933435
1337.85661086568,1337.85661086568,1.0004547741386571,0.0010302754715672548
1337.863555387683,1337.863555387683,1.0000731689130995,0.001029619114803653
1337.8704999096853,1337.8704999096853,1.0005618532821345,0.0010301186040354753
1337.8774444316648,1337.8774444316648,0.9996884018654733,0.0010299936020550875
1337.8843889535506,1337.8843889535506,1.0000552706537804,0.0010297287800172846
1337.89133347539,1337.89133347539,1.0007434124255226,0.001030421673530761
1337.898277997183,1337.898277997183,0.9995139234616308,0.0010297907508188121
1337.9052225189057,1337.9052225189057,1.0007658301021194,0.0010303886791857319
1337.9121670406055,1337.9121670406055,1.0000481899450284,0.0010300356762735234
1337.9191115622357,1337.9191115622357,1.0000014617101116,0.0010295891523575214
1337.9260560837963,1337.9260560837963,0.9992843941424304,0.0010296998716226758
1337.9330006053328,1337.9330006053328,0.999321734019764,0.0010294635821870807
1337.9399451268,1337.9399451268,1.0000540021470374,0.0010296333310334505
1337.9468896482203,1337.9468896482203,1.000365962316788,0.0010300708707632075
1337.953834169594,1337.953834169594,0.9998590373969432,0.0010294449707915641
1337.9607786909214,1337.9607786909214,0.9993739221333067,0.0010295249760620478
1337.967723212179,1337.967723212179,1.000608598635829,0.0010300018863005575
1337.9746677333897,1337.9746677333897,1.0002909790315715,0.001029850023711937
1337.9816122545303,1337.9816122545303,1.0013707031934516,0.0010300444478242405
1337.9885567756717,1337.9885567756717,0.9983230962334086,0.0010290297523662954
1337.9955012967198,1337.9955012967198,1.0010765521626217,0.0010300076819321313
1338.0024458177443,1338.0024458177443,1.0007891703939797,0.0010296516138985563
1338.0093903386755,1338.0093903386755,0.9995493279576089,0.001029441860728984
1338.0163348596307,1338.0163348596307,0.9987821236784578,0.0010294276914496097
1338.0232793804685,1338.0232793804685,0.9995563019819024,0.0010296509055612902
1338.030223901284,1338.030223901284,1.000867824164505,0.0010303733579369177
1338.0371684220288,1338.0371684220288,1.0010839265831877,0.0010304937325981295
1338.0441129427043,1338.0441129427043,1.0002892770607914,0.0010302786146412085
1338.0510574633802,1338.0510574633802,0.9986209301173803,0.0010296303726605727
1338.0580019839854,1338.0580019839854,0.9993987098030199,0.0010295964058717635
1338.0649465045444,1338.0649465045444,0.9987740291224039,0.0010293662209648828
1338.07189102501,1338.07189102501,0.9999266664211358,0.0010297411217673714
1338.0788355454758,1338.0788355454758,0.9995043360892476,0.0010291852261527987
1338.0857800658719,1338.0857800658719,1.0009083990690701,0.0010296443400064552
1338.092724586221,1338.092724586221,1.0009550232747437,0.0010298639492351844
1338.099669106547,1338.099669106547,1.0015839722707482,0.0010303099210174625
1338.1066136268037,1338.1066136268037,1.000765511536264,0.0010299076253154355
1338.1135581469434,1338.1135581469434,0.9996377232331138,0.0010295916424613836
1338.1205026671298,1338.1205026671298,0.999147017190117,0.0010294439615009918
1338.127447187223,1338.127447187223,1.0005497117928746,0.001029829763433085
1338.1343917072702,1338.1343917072702,0.9999255162435,0.0010299028740132486
1338.14133622727,1338.14133622727,0.9993881840078369,0.0010298179109961307
1338.1482807472235,1338.1482807472235,0.999560519741798,0.001030338802780141
1338.1552252671306,1338.1552252671306,0.997879234982948,0.001029233481240148
1338.1621697869675,1338.1621697869675,1.000343555964672,0.0010304031051911306
1338.1691143067815,1338.1691143067815,1.001519377924051,0.0010309122329263377
1338.1760588265727,1338.1760588265727,0.9996866107431384,0.001030139766185726
1338.183003346247,1338.183003346247,0.9999218098955607,0.0010301480778672758
1338.1899478659209,1338.1899478659209,1.000572026987742,0.0010302975696597073
1338.1968923855486,1338.1968923855486,1.00046681742121,0.0010301664006544997
1338.203836905106,1338.203836905106,0.9992438635467906,0.0010300230537442175
1338.2107814246406,1338.2107814246406,1.0004774426755105,0.0010300414725187797
1338.217725944105,1338.217725944105,1.0005216033393056,0.0010301060254089877
1338.2246704635468,1338.2246704635468,0.9984858964401466,0.0010291422211576675
1338.2316149829178,1338.2316149829178,1.0006615031887751,0.0010301586346089615
1338.2385595022429,1338.2385595022429,1.0002527874526572,0.0010300567448715502
1338.245504021545,1338.245504021545,0.9995633591147535,0.0010296295699433343
1338.2524485407998,1338.2524485407998,1.0002691874213212,0.0010298276434261811
1338.259393059985,1338.259393059985,0.9998137658380337,0.0010296462627495582
1338.2663375791703,1338.2663375791703,0.9993248784512568,0.001029214214273288
1338.2732820982856,1338.2732820982856,0.9998055664694405,0.0010296062211257936
1338.2802266173312,1338.2802266173312,1.0004856088594907,0.0010295398934259269
1338.2871711363537,1338.2871711363537,1.0017343274015558,0.0010299274560389485
1338.2941156553056,1338.2941156553056,0.9988309456561515,0.0010289723982174468
1338.3010601742585,1338.3010601742585,0.9991460253995695,0.001029103506519546
1338.3080046931643,1338.3080046931643,1.0008462929900008,0.0010296357019862368
1338.3149492120006,1338.3149492120006,1.0012199954507424,0.0010295602750786288
1338.3218937307897,1338.3218937307897,0.9985603016868085,0.0010288967635090746
1338.3288382495791,1338.3288382495791,0.9995427280605537,0.001029107250664758
1338.3357827682987,1338.3357827682987,0.9997596376996661,0.0010292626251723177
1338.3427272869717,1338.3427272869717,0.9999011265953686,0.0010294317160707393
1338.3496718056442,1338.3496718056442,1.0009259862059285,0.001029570463323521
1338.356616324248,1338.356616324248,1.0007667240243676,0.001029523103312443
1338.3635608427808,1338.3635608427808,0.9993552304428095,0.001029179954338834
1338.3705053613849,1338.3705053613849,1.001517384827168,0.001030208383648002
1338.377449879778,1338.377449879778,0.9990648125044892,0.0010293511428040125
1338.3843943982884,1338.3843943982884,0.9993932193492178,0.0010295402603127423
1338.391338916682,1338.391338916682,1.0005228607484875,0.0010296448636048059
1338.3982834350522,1338.3982834350522,0.9994911939945259,0.0010293450672032977
1338.4052279533992,1338.4052279533992,0.9980401370787784,0.0010286932109145836
1338.4121724716995,1338.4121724716995,1.0009411988982877,0.0010300215379760028
1338.4191169899534,1338.4191169899534,1.0019322776560131,0.001030619277998959
1338.4260615082073,1338.4260615082073,0.9994137598071442,0.0010293101158408674
1338.4330060263685,1338.4330060263685,0.9998143330914177,0.0010294999885144917
1338.4399505445526,1338.4399505445526,0.9998640945355914,0.001029684134999973
1338.4468950626665,1338.4468950626665,1.000737395674299,0.0010296872319354457
1338.4538395807808,1338.4538395807808,0.9999336991078194,0.0010297455307951698
1338.4607840988488,1338.4607840988488,0.9991153404170813,0.001029314786004044
1338.467728616893,1338.467728616893,1.000935762602999,0.001030100286592484
1338.4746731348673,1338.4746731348673,0.99751579584882,0.0010288931175554965
1338.4816176528886,1338.4816176528886,1.0016179160001082,0.001030114252709225
1338.4885621708163,1338.4885621708163,1.0001957483563462,0.001029652262083442
1338.4955066887444,1338.4955066887444,0.9990613038814293,0.0010290431694542094
1338.5024512066027,1338.5024512066027,1.0008196193629684,0.0010300926662001302
1338.509395724484,1338.509395724484,0.9999166766824772,0.0010295212720460656
1338.5163402422954,1338.5163402422954,0.9991924066392068,0.0010292338904381063
1339.2066256312687,1339.2066256312687,1.0015687340050317,0.0010275036144454946
1339.6691307377564,1339.6691307377564,1.0012100072625678,0.001025359293499418
1339.6760752655125,1339.6760752655125,0.9994602171588186,0.0010247750734687605
1339.6830197934325,1339.6830197934325,1.0028668276321109,0.0010260677189423814
1339.689964321422,1339.689964321422,0.9999083815124135,0.0010248760340189822
1339.6969088495043,1339.6969088495043,1.0006418516033044,0.00102576003412535
1339.7038533776804,1339.7038533776804,1.0003186345104036,0.0010255711723958384
1339.7107979059492,1339.7107979059492,0.9997357970622808,0.0010250189022667812
1339.7177424343113,1339.7177424343113,1.0011323191088142,0.001025762747400331
1339.7246869627666,1339.7246869627666,1.0013623128066498,0.0010256950342968003
1339.7316314913146,1339.7316314913146,1.0012985751233139,0.0010254902620614207
1339.7385760199327,1339.7385760199327,0.9989045427929077,0.0010247896688049122
1339.7455205486674,1339.7455205486674,1.0019135084899646,0.0010260037595413059
1339.7524650774715,1339.7524650774715,1.0002364234976067,0.001025294200228457
1339.759409606369,1339.759409606369,1.0010864664515005,0.0010255279094288443
1339.76635413536,1339.76635413536,0.9983929816889049,0.001025004680202694
1339.7732986644435,1339.7732986644435,1.0006925746321227,0.0010254499893735593
1339.7802431935506,1339.7802431935506,1.0005018782824784,0.0010251114150286443
1339.7871877227976,1339.7871877227976,0.999004950359954,0.0010245229091564558
1339.7941322521142,1339.7941322521142,0.9994870469799213,0.0010244139097050446
1339.8010767815238,1339.8010767815238,0.9983623823097284,0.0010242438572629757
1339.8080213110266,1339.8080213110266,1.0012104724717044,0.0010254511682361537
1339.8149658405296,1339.8149658405296,1.0018306065241738,0.0010260455336280826
1339.8219103701954,1339.8219103701954,1.0005320298679816,0.0010264415706871303
1339.8288548999312,1339.8288548999312,1.002880884078931,0.0010278933098998163
1339.8357994297135,1339.8357994297135,1.0043334095386274,0.001029267461756724
1339.842743959612,1339.842743959612,1.0046686225809176,0.0010303877360066543
1339.849688489534,1339.849688489534,1.0055364790011148,0.00103120716069068
1339.8566330195724,1339.8566330195724,0.9989667895952229,0.001030206984960461
1339.8635775496343,1339.8635775496343,0.9962771107836057,0.0010302770063097182
1339.870522079812,1339.870522079812,0.9954941451706437,0.0010310572502191947
1339.8774666100603,1339.8774666100603,0.9960299947847243,0.0010323839549107104
1339.8844111403778,1339.8844111403778,0.9967780038645376,0.0010337975391435594
1339.8913556707419,1339.8913556707419,1.000959977618094,0.0010363128347602624
1339.8983002011996,1339.8983002011996,1.0006784390642331,0.0010375356679431552
1339.905244731727,1339.905244731727,1.0028231211771543,0.0010389231861447493
1339.9121892623007,1339.9121892623007,1.0018890933073439,0.0010389131078283637
1339.9191337929678,1339.9191337929678,1.0011731464124414,0.001038629023848587
1339.9260783236346,1339.9260783236346,0.9980052743218352,0.0010373604493618155
1339.9330228544181,1339.9330228544181,0.9981914318542426,0.0010364526335863
1339.9399673853184,1339.9399673853184,0.9966616844942578,0.0010358426558160763
1339.9469119161947,1339.9469119161947,0.9972282586936487,0.0010351711610419845
1339.9538564471882,1339.9538564471882,0.9973078271604183,0.0010349737655916539
1339.9608009782276,1339.9608009782276,1.000935211706349,0.0010363449727235079
1339.9677455093133,1339.9677455093133,1.0047419309847396,0.0010370671678495832
1339.9746900404696,1339.9746900404696,1.0053582199994515,0.0010380219999447976
1339.9816345716717,1339.9816345716717,1.0039001719219272,0.0010382046465201968
1339.9885791029442,1339.9885791029442,1.0018506370209892,0.0010381691414635707
1339.995523634263,1339.995523634263,0.9995605572692037,0.00103789704655081
1340.0024681656291,1340.0024681656291,0.99914092061628,0.0010383624838066138
1340.0094126971107,1340.0094126971107,0.9990100611982022,0.0010392207800209345
1340.0163572286162,1340.0163572286162,0.9981456019278424,0.0010403792760709627
1340.0233017601447,1340.0233017601447,0.9987173931182779,0.001042161362548109
1340.0302462917662,1340.0302462917662,0.9988893845122366,0.001044172117544854
1340.0371908234113,1340.0371908234113,1.0013183479983319,0.001046096456351045
1340.0441353551023,1340.0441353551023,1.0012506074365173,0.0010471687958498377
1340.051079886864,1340.051079886864,1.0011852610108567,0.001048481271482318
1340.0580244186951,1340.0580244186951,0.9992429647690294,0.0010495029582002669
1340.0649689505494,1340.0649689505494,0.999662119362824,0.0010508784444541526
1340.0719134824274,1340.0719134824274,0.9996217291605778,0.0010518507639589168
1340.0788580143749,1340.0788580143749,0.9994299948608731,0.0010530790907124607
1340.085802546439,1340.085802546439,1.002261758880497,0.0010554982633752246
1340.0927470784566,1340.0927470784566,0.9998640590373057,0.0010561978310777331
1340.099691610567,1340.099691610567,1.0012998156487334,0.0010576570445663394
1340.1066361427008,1340.1066361427008,0.9987106744868803,0.0010579033421679294
1340.1135806749046,1340.1135806749046,0.9996733238077367,0.001059563473342393
1340.1205252071315,1340.1205252071315,0.99975174525756,0.0010604575361184067
1340.127469739405,1340.127469739405,1.0010032145543482,0.0010616323247862294
1340.1344142717019,1340.1344142717019,0.9999309033036873,0.0010624858931593
1340.1413588040682,1340.1413588040682,0.9987129442552671,0.0010625718046713372
1340.1483033364818,1340.1483033364818,1.0000525628272843,0.001064141228119765
1340.1552478689416,1340.1552478689416,1.0001828830090118,0.0010654235744617028
1340.162192401355,1340.162192401355,0.9999996693781918,0.0010660372998111754
1340.1691369338846,1340.1691369338846,1.000004165706514,0.0010670632429646562
1340.176081466461,1340.176081466461,1.0007635739618104,0.0010685182254448686
1340.1830259990602,1340.1830259990602,1.0003871084790525,0.0010697415762739508
1340.1899705317069,1340.1899705317069,0.9994851972457608,0.0010704934834747351
1340.1969150643758,1340.1969150643758,0.9994271491549535,0.0010712906777771039
1340.2038595970685,1340.2038595970685,1.000413644850128,0.001071491271286361
1340.2108041298081,1340.2108041298081,0.9988920357716473,0.001072216020401678
1340.2177486625937,1340.2177486625937,1.0009954256295723,0.0010735705133124737
1340.2246931953791,1340.2246931953791,0.9986922524872357,0.0010735167670418958
1340.2316377282584,1340.2316377282584,1.001259202679748,0.0010751227083914024
1340.238582261114,1340.238582261114,1.0007279026193823,0.0010758545669774093
1340.2455267940393,1340.2455267940393,1.0003154795586902,0.0010761468423544748
1340.252471326965,1340.252471326965,1.0002133286476358,0.001076775244815664
1340.2594158599372,1340.2594158599372,0.9982613463689344,0.001076855583770436
1340.2663603929325,1340.2663603929325,1.000282703423033,0.0010778742637962096
1340.2733049259743,1340.2733049259743,0.9994086169697007,0.0010785535215289761
1340.280249459016,1340.280249459016,1.0005782072633074,0.001079139302097713
1340.2871939921279,1340.2871939921279,0.9996775437806983,0.0010792787432194126
1340.2941385252395,1340.2941385252395,0.9996674922728346,0.001079957003488736
1340.3010830583512,1340.3010830583512,0.9998254994902472,0.0010807470240505475
1340.30802759158,1340.30802759158,1.0003970441670345,0.0010808711825189123
1340.3149721247617,1340.3149721247617,0.9991897295722738,0.0010811500697211025
1340.3219166579895,1340.3219166579895,1.000141372556223,0.0010817665265443204
1340.3288611912412,1340.3288611912412,0.9989181942131393,0.0010817289158955856
1340.335805724539,1340.335805724539,1.0002418119762901,0.0010824174899083053
1340.3427502578368,1340.3427502578368,1.000796686479137,0.0010827487744731914
1340.3496947911583,1340.3496947911583,0.9987710332467442,0.0010824017271131863
1340.3566393245026,1340.3566393245026,1.0007253001971312,0.0010830915232434744
1340.3635838578707,1340.3635838578707,1.0002291617629324,0.001083114692559868
1340.3705283912616,1340.3705283912616,1.000722065912669,0.001083371809238521
1340.3774729246998,1340.3774729246998,0.9995791687853549,0.0010830359554976905
1340.3844174581372,1340.3844174581372,0.9995845410842422,0.0010832311083241173
1340.3913619915986,1340.3913619915986,1.000365984645184,0.0010837266147032973
1340.398306525059,1340.398306525059,0.9997868943511528,0.0010836467029309283
1340.4052510585902,1340.4052510585902,1.000642416607016,0.0010837885692268783
1340.4121955921212,1340.4121955921212,0.9988558049644733,0.0010838330344872236
1340.419140125652,1340.419140125652,0.9999897672939122,0.001084321307630733
1340.426084659206,1340.426084659206,1.0009238370119147,0.001084949715258142
1340.4330291927836,1340.4330291927836,0.9986076331122989,0.0010847548274271813
1340.439973726407,1340.439973726407,1.0007426822539536,0.0010855499744755657
1340.4469182599848,1340.4469182599848,1.0001111890894878,0.0010854960623555517
1340.4538627936556,1340.4538627936556,1.0005314649329695,0.001085770744070085
1340.4608073272561,1340.4608073272561,1.0007636989750777,0.0010863518666010897
1340.4677518609503,1340.4677518609503,0.9996598515948131,0.0010864422545517596
1340.4746963946438,1340.4746963946438,0.9978800062755008,0.0010865732630182744
1340.4816409283376,1340.4816409283376,1.0003449801393811,0.0010874234045017473
1340.4885854620318,1340.4885854620318,1.0004255296822486,0.0010879133931202135
1340.495529995795,1340.495529995795,1.0008548899507663,0.0010884688917287407
1340.5024745295354,1340.5024745295354,0.9994309002091084,0.0010882657321095593
1340.5094190632758,1340.5094190632758,1.0005409011381639,0.001089162426679105
1340.5163635970396,1340.5163635970396,0.9990281036256657,0.0010889854680511293
1340.5233081308497,1340.5233081308497,1.000308587899069,0.001089989296446225
1340.530252664637,1340.530252664637,0.9999779116872916,0.0010902830220307369
1340.5371971984473,1340.5371971984473,1.0018364238260562,0.0010908294582387674
1340.5441417322575,1340.5441417322575,0.9998274424215683,0.0010900942877744078
1340.5510862661145,1340.5510862661145,0.9993127476108622,0.0010902420846226188
1340.5580307999476,1340.5580307999476,0.9986807337090365,0.0010899644462823235
1340.5649753338046,1340.5649753338046,1.0002767301336162,0.0010901972076432062
1340.5719198676848,1340.5719198676848,1.0000999887173825,0.00109002646315612
1340.5788644015647,1340.5788644015647,1.00029138521947,0.0010899248275349077
1340.585808935445,1340.585808935445,0.9993874334308849,0.001089293212958859
1340.593586813415,1340.593586813415,0.9995648101331881,0.00108879098429862
1340.6010869100369,1340.6010869100369,0.998916486315291,0.001088616792574341
1340.6080314439407,1340.6080314439407,1.0007428444769044,0.0010888024005451088
1340.614975977867,1340.614975977867,1.0004342101491912,0.0010882584447647636
1340.621920511817,1340.621920511817,0.999593809195159,0.0010879750957595697
1340.628865045767,1340.628865045767,1.0013782982310133,0.0010878777308140528
1340.6358095796936,1340.6358095796936,0.9993354255444661,0.0010869473832533368
1340.6427541136668,1340.6427541136668,0.9996417222149683,0.0010867077331178795
1340.6496986476402,1340.6496986476402,0.9995826050924883,0.0010859724984765085
1340.65664318159,1340.65664318159,0.9993004125089231,0.0010857019474416092
1340.6635877155634,1340.6635877155634,0.9999804423398168,0.0010850450808915352
1340.6705322495595,1340.6705322495595,0.9997751142949649,0.0010847858823258764
1340.6774767835334,1340.6774767835334,0.9980898342489978,0.0010835262013100836
1340.6844213175532,1340.6844213175532,0.9991769990457117,0.0010838427206154284
1340.6913658515728,1340.6913658515728,1.0016785656869605,0.0010847286767617641
1340.698310385546,1340.698310385546,1.0016493819902763,0.0010844798945843276
1340.7052549195657,1340.7052549195657,1.0002702299960073,0.001083716530887443
1340.7121994535855,1340.7121994535855,0.999640773547575,0.0010837183271692435
1340.7191439876053,1340.7191439876053,0.9996083117118214,0.0010835306593600259
1340.7260885216251,1340.7260885216251,1.0007385606395232,0.0010838629096550927
1340.7330330556447,1340.7330330556447,0.9990257112184869,0.0010837866126124911
1340.739977589688,1340.739977589688,0.9978245058134132,0.00108328203221739
1340.746922123731,1340.746922123731,1.0007337076533536,0.001084123998879236
1340.7538666577511,1340.7538666577511,1.0003893729458602,0.0010846537263026353
1340.760811191794,1340.760811191794,1.0010910937933981,0.0010848397963083669
1340.7677557258373,1340.7677557258373,1.0000492058521995,0.0010851934118265372
1340.7747002598803,1340.7747002598803,0.9988101804087798,0.0010852805070752653
1340.7816447939233,1340.7816447939233,1.001085851594293,0.0010860391102416793
1340.7885893279665,1340.7885893279665,0.998604374504066,0.0010852332401449175
1340.7955338620093,1340.7955338620093,0.9994911880884108,0.001085814385538304
1340.8024783960523,1340.8024783960523,1.0011643757202457,0.0010865079332021373
1340.8094229301191,1340.8094229301191,1.0007811033896292,0.0010865716365863424
1340.8163674641619,1340.8163674641619,0.9990384353888017,0.0010862317639064637
1340.8233119982287,1340.8233119982287,0.9991510222050956,0.0010861927538342476
1340.830256532272,1340.830256532272,0.9989091545618383,0.0010861787826305918
1340.8372010663147,1340.8372010663147,1.0029039659243333,0.0010869450279834812
1340.844145600358,1340.844145600358,0.9990272858519937,0.0010852274792553893
1340.8510901344243,1340.8510901344243,0.9994873444139986,0.001085279329879223
1340.858034668467,1340.858034668467,0.9988645702585682,0.001084741740312662
1340.8649792025103,1340.8649792025103,0.9992781350503253,0.001084441886173884
1340.8719237365535,1340.8719237365535,1.0023105681795927,0.0010851158905176993
1340.8788682705963,1340.8788682705963,0.9999724084269754,0.0010839318971837472
1340.8858128046397,1340.8858128046397,0.9987876385100112,0.0010834492532449734
1340.8927573386827,1340.8927573386827,1.0000885049414543,0.0010834014656951614
1340.8997018727257,1340.8997018727257,1.0001788234725244,0.0010834533309600815
1340.906646406746,1340.906646406746,1.0003768909038893,0.0010827150653211792
1340.9135909407887,1340.9135909407887,0.99991872643596,0.0010824404621771274
1340.9205354748085,1340.9205354748085,1.0000717872162164,0.001082157608844974
1340.927480008852,1340.927480008852,0.9992388200100606,0.0010815541260466362
1340.9344245428715,1340.9344245428715,1.000424307924287,0.001081803374069167
1340.942202420981,1340.942202420981,0.9994933290896932,0.0010812680804206233
1340.9497025177195,1340.9497025177195,0.9996301551996936,0.0010805896135357546
1340.9566470517161,1340.9566470517161,1.0011577545234651,0.0010808387800077983
1340.9635915857593,1340.9635915857593,0.9997060904711095,0.0010799216070064418
1340.9727583706076,1340.9727583706076,1.0004538498222262,0.0010798676357571914
1340.9802584673466,1340.9802584673466,0.9994606558902509,0.0010790401085283557
1340.9872030013662,1340.9872030013662,0.9994403112541592,0.0010785649100894666
1340.9941475353394,1340.9941475353394,1.0000739405453356,0.0010782895205978065
1341.0010920693362,1341.0010920693362,1.0009871104314254,0.0010790384574689298
1341.0080366033092,1341.0080366033092,0.999062013227892,0.0010788095609353177
1341.014981137259,1341.014981137259,1.0004379555387863,0.0010790258037181844
1341.0219256712323,1341.0219256712323,0.9970943590165151,0.0010785989277695691
1341.0288702052053,1341.0288702052053,1.0033501767572635,0.0010806207776139945
1341.0358147391555,1341.0358147391555,1.0012349332216743,0.0010800576777590628
1341.042759273129,1341.042759273129,0.9998076844282334,0.0010799461636167526
1341.0497038070555,1341.0497038070555,0.998289494991956,0.0010794113526947809
1341.0566483409825,1341.0566483409825,1.000528704102533,0.0010803975146202733
1341.0635928749323,1341.0635928749323,0.9975896873027537,0.001080074269196313
1341.0705374088586,1341.0705374088586,1.001029773559741,0.0010815043124224673
1341.0774819427857,1341.0774819427857,1.0025713521347233,0.0010822689663707503
1341.0844264766888,1341.0844264766888,0.9989644309372967,0.001081158628268962
1341.0913710105922,1341.0913710105922,1.0000890555181452,0.001081465845127309
1341.098315544496,1341.098315544496,1.000043119471843,0.0010816753754621634
1341.1052600783755,1341.1052600783755,0.9997386355419424,0.0010815991034308346
1341.1122046122557,1341.1122046122557,0.9994286250484545,0.001080990133506678
1341.1191491461593,1341.1191491461593,0.9976573068873238,0.0010803645764574299
1341.126093679993,1341.126093679993,0.999825774429215,0.0010805827511614712
1341.1330382138733,1341.1330382138733,1.0025687164840797,0.0010813061011485756
1341.1399827477067,1341.1399827477067,0.9997788850610313,0.0010799735719815753
1341.14692728154,1341.14692728154,1.0017300877170432,0.0010802038852532705
1341.1538718153738,1341.1538718153738,0.9999417810949701,0.0010792182569416254
1341.1608163492306,1341.1608163492306,0.9984597991604268,0.0010784142416315056
1341.1677608830407,1341.1677608830407,0.9996621786174907,0.0010780760983139003
1341.1747054168277,1341.1747054168277,0.9999913884215614,0.001077771663228049
1341.181649950638,1341.181649950638,1.0005399842684828,0.0010778868105355975
1341.1885944844482,1341.1885944844482,1.0003352016978284,0.0010777009976774908
1341.195539018212,1341.195539018212,0.9987804501047174,0.0010772006916090816
1341.2024835519528,1341.2024835519528,1.0003933261357434,0.0010775146099094126
1341.209428085763,1341.209428085763,1.000919242428048,0.001077987101322063
1341.21637261948,1341.21637261948,1.0011603308389714,0.0010777516209895571
1341.2233171532669,1341.2233171532669,1.0003488576720962,0.0010773469688701923
1341.2302616869606,1341.2302616869606,0.9990758333570937,0.001076934176064225
1341.2372062206546,1341.2372062206546,0.999649893245212,0.001076953189090267
1341.244150754395,1341.244150754395,0.9986642162953456,0.0010760861566142432
1341.2510952881587,1341.2510952881587,0.999627041574656,0.0010767124648207293
1341.2580398218292,1341.2580398218292,1.0003497193940374,0.0010767234194049645
1341.2649843554295,1341.2649843554295,1.0003662815287337,0.0010767764496883232
1341.2719288891235,1341.2719288891235,0.9999860694809769,0.0010761133992408596
1341.278873422818,1341.278873422818,1.0024697940092182,0.0010764841382027066
1341.285817956465,1341.285817956465,0.9992264401421844,0.0010753164224665897
1341.292762490089,1341.292762490089,0.9994548545873417,0.0010749242785741081
1341.2997070237132,1341.2997070237132,1.0020333146727463,0.0010757390231066017
1341.306651557337,1341.306651557337,0.999476424104157,0.001074795843371663
1341.3135960909378,1341.3135960909378,0.9989891303415621,0.0010743469348469391
1341.3205406245152,1341.3205406245152,1.0020285862334892,0.0010750820887108327
1341.327485158116,1341.327485158116,0.999422086979086,0.0010744315550065252
1341.3344296916935,1341.3344296916935,0.9994000433580907,0.001074187886478739
1341.341374225224,1341.341374225224,0.9996781563113661,0.0010742959656256164
1341.3483187587785,1341.3483187587785,0.9990106434962197,0.0010737814097659068
1341.3552632923324,1341.3552632923324,0.9982333655057614,0.0010737861240762423
1341.362207825817,1341.362207825817,0.9998305748415509,0.0010741770106825266
1341.3691523593475,1341.3691523593475,1.0020332341109217,0.0010748377371686203
1341.376096892832,1341.376096892832,1.000509541631844,0.001074204334117949
1341.3830414263164,1341.3830414263164,1.0006660107760512,0.0010746134533415666
1341.3899859598007,1341.3899859598007,1.000431039507568,0.0010744559498119912
1341.3969304932616,1341.3969304932616,1.0013241841163427,0.0010746533902756678
1341.4038750266993,1341.4038750266993,0.9986558578653527,0.001074653970180335
1341.4108195601136,1341.4108195601136,0.9987504056851397,0.0010747801550256622
1341.4177640935748,1341.4177640935748,0.9995486132841972,0.0010750449054320052
1341.4258197523336,1341.4258197523336,0.9986958070403096,0.0010752434480808205
1341.4330420670262,1341.4330420670262,1.0018912412765293,0.0010759658462558895
1341.4399866004176,1341.4399866004176,1.0008174554059317,0.0010759878600398415
1341.446931133762,1341.446931133762,0.9994399652627216,0.001076041849369874
1341.45387566713,1341.45387566713,1.0001571326577008,0.0010763341831178416
1341.4608202004747,1341.4608202004747,0.9988736601665209,0.0010761779780605637
1341.4677647337726,1341.4677647337726,1.0013896263189308,0.0010770172904656257
1341.4747092670939,1341.4747092670939,1.0010114516119804,0.0010771000233400978
1341.481653800392,1341.481653800392,0.9979449020342559,0.001076494447497004
1341.4885983336903,1341.4885983336903,1.000420247863782,0.0010778382317483378
1341.4955428669414,1341.4955428669414,0.9997853866754568,0.0010777743040883243
1341.5024874002163,1341.5024874002163,0.9990462859071927,0.0010779698025734463
1341.5094319334446,1341.5094319334446,1.0018828880146524,0.0010789307363273425
1341.5163764666727,1341.5163764666727,0.9997834211301603,0.0010785044849949768
1341.5233209998776,1341.5233209998776,0.998668502884923,0.0010786086804843193
1341.5302655331059,1341.5302655331059,0.9998675589659749,0.0010794683832485402
1341.537210066264,1341.537210066264,0.9999236144334267,0.0010792660358528692
1341.5441545994458,1341.5441545994458,1.0011435788980811,0.0010801433119290336
1341.5510991325577,1341.5510991325577,0.9995899366916632,0.0010798861614513583
1341.5580436657158,1341.5580436657158,1.000332742622564,0.0010802521764223002
1341.5649881988973,1341.5649881988973,0.9995066535151056,0.0010799792054432687
1341.5719327320094,1341.5719327320094,1.001287138390215,0.0010806761907185102
1341.5788772650278,1341.5788772650278,0.9998974212680537,0.0010801653062089
1341.5858217981163,1341.5858217981163,0.9987422938438266,0.0010796688271437862
1341.5927663312282,1341.5927663312282,1.0011854484210656,0.0010807517301226245
1341.5997108642237,1341.5997108642237,1.0007020961691082,0.0010799409321901885
1341.6066553972887,1341.6066553972887,0.9976627235955593,0.0010786263856216974
1341.6135999303074,1341.6135999303074,0.998284535624958,0.0010787876694699427
1341.6205444633026,1341.6205444633026,0.9999074721567631,0.0010790425972502823
1341.627488996298,1341.627488996298,1.0013335570973052,0.0010794500614261873
1341.6344335292704,1341.6344335292704,1.0004198303511882,0.0010785714407604285
1341.6413780622424,1341.6413780622424,0.9992111158998632,0.0010781388688033936
1341.6483225951447,1341.6483225951447,0.9998320559489802,0.001078019612183815
1341.6552671280938,1341.6552671280938,1.0002737139666233,0.0010774134010109644
1341.6636005675714,1341.6636005675714,1.0005621224925363,0.0010772496207160174
1341.6711006630994,1341.6711006630994,1.0004868758662173,0.0010768802206582901
1341.6797118838554,1341.6797118838554,0.999874922246508,0.0010763045179336195
1341.6872119793366,1341.6872119793366,1.000144273183823,0.0010760577058232517
1341.6961009813706,1341.6961009813706,0.9995587580014069,0.0010754264420538972
1341.7083233591115,1341.7083233591115,1.0021058519834019,0.0010760145124764813
1341.7163790171485,1341.7163790171485,1.0000001057887586,0.0010751628352688365
1341.7233235499116,1341.7233235499116,0.9988593197364617,0.0010743454966258854
1341.7302680826506,1341.7302680826506,1.0003274466417704,0.0010744524618817803
1341.7372126153666,1341.7372126153666,0.9998734890410994,0.0010737435829239756
1341.7447127107087,1341.7447127107087,0.999066718169011,0.0010737108617557274
1341.752490587351,1341.752490587351,1.0005884647287284,0.0010738870980615367
1341.7594351200205,1341.7594351200205,0.9991528040153257,0.0010737188431777928
1341.76637965269,1341.76637965269,1.0030293883076016,0.001074480941964002
1341.773324185336,1341.773324185336,1.001141642848738,0.0010742104529229157
1341.7802687179587,1341.7802687179587,0.9990145434677217,0.0010731698855850828
1341.7872132505586,1341.7872132505586,1.0015346430282368,0.0010737431594156513
1341.7941577832048,1341.7941577832048,0.9984878320157436,0.00107316228313279
1341.8011023157344,1341.8011023157344,0.9991936720174431,0.0010735338722637443
1341.8080468482876,1341.8080468482876,0.9990369251561326,0.0010730585066260367
1341.8149913809102,1341.8149913809102,1.001386999811955,0.0010739201005138094
1341.8219359134164,1341.8219359134164,1.0010895749104756,0.0010737079843338125
1341.8288804458532,1341.8288804458532,0.9998206781555421,0.001073310696560199
1341.8358249783832,1341.8358249783832,0.9998282944067286,0.001073289102948387
1341.8427695108662,1341.8427695108662,0.9988172325570235,0.0010726471322436842
1341.849714043326,1341.849714043326,1.0008148214205856,0.0010731452958438379
1341.8566585757394,1341.8566585757394,1.0010738129233197,0.0010731535312207903
1341.8636031081755,1341.8636031081755,0.9999621572166694,0.0010722742670022088
1341.8705476405894,1341.8705476405894,1.0000050352474195,0.0010717638201010846
1341.878047735535,1341.878047735535,0.9986888417552755,0.0010708112160990406
1341.8858256118285,1341.8858256118285,1.001124285133703,0.0010713755073459925
1341.8927701441487,1341.8927701441487,0.9992265013578017,0.0010698166099640098
1341.8997146764923,1341.8997146764923,0.9991110689962659,0.0010695395839694516
1341.9066592087893,1341.9066592087893,0.9995563085311909,0.0010693424741248497
1341.9136037410858,1341.9136037410858,1.0003543770362138,0.0010691993357002248
1341.9205482733594,1341.9205482733594,0.9999485592758685,0.0010688709297151293
1341.9274928056334,1341.9274928056334,1.001181781259313,0.001068589379373671
1341.93443733786,1341.93443733786,1.0015542655720042,0.0010680252797889555
1341.9413818700637,1341.9413818700637,0.9982715703103524,0.0010668729430128863
1341.9483264022913,1341.9483264022913,0.9994209901173786,0.0010664584081690426
1341.9552709344716,1341.9552709344716,0.9993455347158559,0.001065996643672266
1341.9622154666285,1341.9622154666285,1.0022137402158697,0.0010661487840015354
1341.9691599987625,1341.9691599987625,0.9991818580939509,0.0010647962715058601
1341.9761045308967,1341.9761045308967,0.9998434399007854,0.001064613819567118
1341.9830490630302,1341.9830490630302,0.9988074537483284,0.001064037944809793
1341.9899935951175,1341.9899935951175,1.0005595548111945,0.0010640774551910262
1341.9969381271817,1341.9969381271817,0.9995241460479468,0.001063509938660654
1342.0038826592222,1342.0038826592222,1.001789444887078,0.0010639202081816515
1342.0108271912632,1342.0108271912632,1.0006505956507694,0.0010633827524376205
1342.0177717233043,1342.0177717233043,0.9995235739100868,0.0010627965879478059
1342.024716255275,1342.024716255275,0.9986263650465119,0.0010627918479913562
1342.0316607872228,1342.0316607872228,0.9995471500367424,0.001062796099622908
1342.0386053191705,1342.0386053191705,0.999775749176572,0.00106241690764521
1342.045549851118,1342.045549851118,1.0000907245975896,0.001063093684834151
1342.0524943830656,1342.0524943830656,0.9992482915428378,0.001063067842992144
1342.0594389150133,1342.0594389150133,1.0019556356852197,0.0010638169235426622
1342.0663834468678,1342.0663834468678,0.9999020139783195,0.0010637687633621234
1342.0733279787453,1342.0733279787453,1.0017893246167617,0.0010638358510076608
1342.0808280731326,1342.0808280731326,1.0005146319086626,0.0010638126584981316
1342.0886059487743,1342.0886059487743,0.9989151012171803,0.0010635462507487263
1342.0955504805825,1342.0955504805825,0.9993608096715413,0.0010638946678496422
1342.1024950123435,1342.1024950123435,0.9974563719813923,0.0010632618350271323
1342.1094395441517,1342.1094395441517,1.0008303281705684,0.0010648555997544505
1342.1163840758666,1342.1163840758666,1.0019557837755064,0.0010653505828907618
1342.1233286076044,1342.1233286076044,0.9984455587117094,0.0010640293974992128
1342.1302731393193,1342.1302731393193,0.9998235634210506,0.0010645792176308987
1342.1372176709876,1342.1372176709876,1.0005346148826844,0.0010651201246002673
1342.144162202656,1342.144162202656,1.0005371867562922,0.0010646779786076122
1342.1511067343006,1342.1511067343006,1.0007346163181867,0.0010646040885423827
1342.1580512659457,1342.1580512659457,1.0000645258019436,0.001063935396834942
1342.1649957975442,1342.1649957975442,1.0009234134308254,0.00106395672381013
1342.1719403291424,1342.1719403291424,0.9983179860931528,0.0010633467558240565
1342.1813848920788,1342.1813848920788,0.9996252179608686,0.0010638131204196524
1342.1983295490068,1342.1983295490068,0.9996201533503019,0.001063925190364289
1342.2052740804888,1342.2052740804888,1.000774033766622,0.0010640293552830202
1342.212218611971,1342.212218611971,1.000303830699027,0.0010636100448806426
1342.2191631434061,1342.2191631434061,1.0004506767300694,0.0010638273411183504
1342.226107674888,1342.226107674888,0.9997622230943692,0.0010631057738734841
1342.2330522062537,1342.2330522062537,1.0002007912731197,0.001063233268076908
1342.239996737619,1342.239996737619,1.0002786274320603,0.0010627133891427003
1342.246941269078,1342.246941269078,0.999528775660792,0.00106222899662723
1342.2538858003506,1342.2538858003506,0.9995240059779444,0.0010621082372449706
1342.260830331716,1342.260830331716,0.9989744993057672,0.0010612428867686988
1342.267774863058,1342.267774863058,1.0004840380911175,0.0010614700771856193
1342.274719394331,1342.274719394331,0.9997514499965021,0.0010606221230009451
1342.2816639256034,1342.2816639256034,1.0021631426468758,0.001061305350994488
1342.2886084568759,1342.2886084568759,0.9989063355611456,0.001059819677355849
1342.2955529881015,1342.2955529881015,0.999475014049685,0.0010595159152285937
1342.3024975193043,1342.3024975193043,0.9999652059603885,0.0010594073754258946
1342.309442050507,1342.309442050507,0.9990655839937663,0.0010590203579297034
1342.316386581663,1342.316386581663,1.0011115555515777,0.0010597038262642343
1342.3233311128422,1342.3233311128422,1.0014626029951468,0.0010596665820641654
1342.3302756439516,1342.3302756439516,1.0002894289673954,0.0010594164594857887
1342.3372201750847,1342.3372201750847,1.0014516935227722,0.0010597123525508552
1342.344164706147,1342.344164706147,1.0007025675848067,0.0010593841329651708
1342.3511092372332,1342.3511092372332,1.0006185076346736,0.0010592937783782924
1342.3580537682963,1342.3580537682963,0.9944661323586186,0.0010573520281822453
1342.3649982993127,1342.3649982993127,0.9906147046914949,0.0010562845271313416
1342.3719428303054,1342.3719428303054,0.9908891626887677,0.0010572359247952557
1342.3791651425531,1342.3791651425531,0.9907815260331165,0.0010591099953116904
1342.3872207984484,1342.3872207984484,0.9927036654592895,0.0010605888809520783
1342.3941653294182,1342.3941653294182,0.992635298422589,0.0010621176232603223
1342.4011098603182,1342.4011098603182,0.9972561144112044,0.001064292487920991
1342.4080543912182,1342.4080543912182,0.9958930628991265,0.0010653494271074637
1342.4149989220948,1342.4149989220948,0.9951856984658116,0.0010644256967168814
1342.4219434529712,1342.4219434529712,0.9965440673579412,0.0010645599542732525
1342.4288879837782,1342.4288879837782,0.9942266005790854,0.0010644193846441412
1342.4358325146081,1342.4358325146081,0.9969872155592036,0.0010658151990352248
1342.4427770454618,1342.4427770454618,0.9966368261092103,0.001065173902011898
1342.449721576198,1342.449721576198,0.9934503885424316,0.0010611511813259642
1342.4566661069118,1342.4566661069118,0.9945292193542865,0.00106135999141714
1342.4636106376956,1342.4636106376956,0.9997613333086,0.0010625916880720205
1342.470555168363,1342.470555168363,1.0026924772501185,0.001063684762239019
1342.4774996990761,1342.4774996990761,1.003081319754974,0.0010636017250915185
1342.4844442297435,1342.4844442297435,1.00362292354294,0.0010629841116275448
1342.4913887603875,1342.4913887603875,1.0006849372469957,0.0010621609022076948
1342.4983332910076,1342.4983332910076,1.000691306655105,0.00106216939053464
1342.5052778216282,1342.5052778216282,0.9996929329305122,0.0010617688245990557
1342.5122223522023,1342.5122223522023,0.9993582205284584,0.0010616320454670948
1342.519166882776,1342.519166882776,0.9992152042044962,0.001061522911299962
1342.5261114133268,1342.5261114133268,0.998065977816182,0.0010613761974721126
1342.5330559438075,1342.5330559438075,0.9990484552133809,0.0010621081281849691
1342.5400004743115,1342.5400004743115,0.9998293913236193,0.0010628998903577107
1342.5469450047926,1342.5469450047926,1.0018632696695104,0.0010636887977892244
1342.5538895352734,1342.5538895352734,1.0012522430943138,0.0010638548343745876
1342.5608340657077,1342.5608340657077,1.0013806633860949,0.001064147124636823
1342.5677785961186,1342.5677785961186,0.9993648991234133,0.001063806791980548
1342.5747231265063,1342.5747231265063,1.0004433269662174,0.001064517023524962
1342.5816676568706,1342.5816676568706,0.9989223268098796,0.001064260505855108
1342.588612187235,1342.588612187235,0.9996490134777666,0.0010641268954478741
1342.595556717553,1342.595556717553,0.9978678940401549,0.0010639630188058401
1342.6025012478708,1342.6025012478708,0.9999154876293318,0.0010650468114167771
1342.609445778142,1342.609445778142,1.0005787617151507,0.0010653781426943577
1342.6163903084134,1342.6163903084134,1.0005161676008036,0.001064848627306177
1342.6233348386152,1342.6233348386152,0.9992028237480683,0.0010647981480799372
1342.6302793688162,1342.6302793688162,0.9998528626314636,0.001064710957396209
1342.6372238990175,1342.6372238990175,1.0017328290783591,0.0010652110349462572
1342.644168429219,1342.644168429219,1.001134454766229,0.0010645633907575196
1342.6511129594205,1342.6511129594205,0.9994477572908327,0.0010642361779608313
1342.6580574896532,1342.6580574896532,0.9989111997203765,0.0010638340241747727
1342.6650020203967,1342.6650020203967,0.9991469422010552,0.001064034070021726
1342.6719465511324,1342.6719465511324,1.001076151855792,0.0010646202041270003
1342.6788910818682,1342.6788910818682,0.999895695175729,0.0010639428922166272
1342.6858356125576,1342.6858356125576,1.000706618254559,0.0010636852412044678
1342.6927801432234,1342.6927801432234,0.999906838779318,0.0010637964979857166
1342.699724673866,1342.699724673866,0.9998020294509237,0.0010633880079151717
1342.7066692045087,1342.7066692045087,1.000222591810571,0.0010636246652072354
1342.7136137351283,1342.7136137351283,0.9995610311774221,0.0010633262309484427
1342.7205582657007,1342.7205582657007,0.9998808076416115,0.0010631290074999624
1342.7275027962737,1342.7275027962737,0.999320061816784,0.0010629084414856534
1342.7344473268001,1342.7344473268001,0.9976669934448932,0.00106230352490902
1342.7413918573498,1342.7413918573498,1.000521435504866,0.0010630928185807777
1342.7483363878287,1342.7483363878287,1.0005095534806565,0.001062862658279303
1342.7552809183323,1342.7552809183323,1.0009254292053806,0.0010629334031740125
1342.7636143548661,1342.7636143548661,0.9998562834086162,0.0010622689842457425
1342.7705588852755,1342.7705588852755,0.9980494559923034,0.0010618371914691992
1342.7775034156853,1342.7775034156853,1.0023857923033002,0.0010630856036497128
1342.784447946072,1342.784447946072,0.9991975857741913,0.00106222014562257
1342.7913924764355,1342.7913924764355,1.00078862632203,0.0010626238855411993
1342.7983370067752,1342.7983370067752,0.9985833885453076,0.0010622447444598314
1342.8052815370688,1342.8052815370688,1.0004453395641826,0.001062159031892507
1342.812226067432,1342.812226067432,1.0003266698790028,0.001062846190791368
1342.8191705977024,1342.8191705977024,1.0000178273603741,0.0010625814193182866
1342.8261151279023,1342.8261151279023,0.9990326714548361,0.001061981910390844
1342.8330596581259,1342.8330596581259,0.9991292404612697,0.0010617880971556634
1342.8400041883494,1342.8400041883494,1.0003688488929505,0.0010621714052178443
1342.8469487185266,1342.8469487185266,1.000036563700341,0.0010623138748295639
1342.8538932486808,1342.8538932486808,1.001821543748737,0.0010626480085998097
1342.860837778834,1342.860837778834,1.0007317902037784,0.0010621322279476615
1342.8677823089413,1342.8677823089413,1.0005923242343873,0.0010619615797281623
1342.8747268390484,1342.8747268390484,0.9980008916547805,0.0010611109887966852
1342.881671369109,1342.881671369109,0.9992887593733413,0.0010612199212302836
1342.8886158991693,1342.8886158991693,1.0001405074958154,0.001061350477534825
1342.8955604291837,1342.8955604291837,0.9994780802075256,0.0010608049508961047
1342.9025049591746,1342.9025049591746,1.0004583675926304,0.001061122494446453
1342.909449489142,1342.909449489142,0.9992775539421201,0.001060201197581863
1342.9163940191324,1342.9163940191324,1.0007047423805395,0.001060560991230899
1342.9233385490766,1342.9233385490766,1.0002007683199463,0.0010597694949856364
1342.9302830789975,1342.9302830789975,1.0012944043880019,0.0010595512094515199
1342.937227608872,1342.937227608872,0.9999822051161604,0.0010584770851488588
1342.9441721387461,1342.9441721387461,0.9984898152131529,0.0010573904021927184
1342.9511166685975,1342.9511166685975,0.9999263558079778,0.0010575032638067488
1342.958061198425,1342.958061198425,1.000990396333545,0.0010575498034741618
1342.9650057282295,1342.9650057282295,0.9998519655109819,0.001057311776261075
1342.9719502579876,1342.9719502579876,0.9993298742004366,0.0010561330025544893
1342.9788947877453,1342.9788947877453,1.001439596336488,0.0010569410708801221
1342.98583931748,1342.98583931748,0.9990908340435061,0.001055824293142472
1342.9927838472381,1342.9927838472381,1.0011784134988075,0.0010559718519139551
1342.9997283769258,1342.9997283769258,0.9993615407599888,0.0010553240324800484
1343.006672906544,1343.006672906544,0.9993823586860314,0.0010548871345075297
1343.0136174361855,1343.0136174361855,0.998932343669569,0.0010546447614878534
1343.0205619658038,1343.0205619658038,1.0005855982622072,0.001055149753236103
1343.027506495399,1343.027506495399,1.0000094195147535,0.001055059650139954
1343.0344510249706,1343.0344510249706,1.000101122870004,0.0010545906204045548
1343.041395554542,1343.041395554542,1.0010910641519228,0.0010550037130679301
1343.0483400840671,1343.0483400840671,1.0000164284115287,0.0010547777708341
1343.0552846135693,1343.0552846135693,0.9998514787771556,0.0010549462212408908
1343.0622291430477,1343.0622291430477,0.9993734385991498,0.0010552318033110364
1343.0691736725025,1343.0691736725025,1.0008167346671424,0.0010556678206155045
1343.0761182019583,1343.0761182019583,0.9990162973706358,0.0010551357624342856
1343.0830627313433,1343.0830627313433,0.9990723144462091,0.0010554877072938363
1343.0900072607521,1343.0900072607521,1.0012687089778454,0.0010561284618788038
1343.0969517901142,1343.0969517901142,1.0000569564253685,0.0010559464691799344
1343.1038963194528,1343.1038963194528,1.0004544186727773,0.0010563440700488548
1343.1108408487921,1343.1108408487921,1.0013483960828846,0.0010569175438260821
1343.1177853780841,1343.1177853780841,0.9987724904283113,0.0010560717661052966
1343.1247299073761,1343.1247299073761,0.9987285359796072,0.0010559816427462721
1343.1316744366218,1343.1316744366218,1.0002170304536984,0.001056876679883273
1343.1386189658442,1343.1386189658442,1.0000466712033524,0.0010566951756051362
1343.1455634950437,1343.1455634950437,0.9988780642374062,0.0010564067647373075
1343.152508024243,1343.152508024243,1.0002877671735237,0.0010568945637116143
1343.1594525533715,1343.1594525533715,0.9999796083164114,0.0010570702339422013
1343.1663970825712,1343.1663970825712,0.9998839260874061,0.0010571305642043517
1343.173341611677,1343.173341611677,1.0022154679202369,0.001057834475942042
1343.180286140783,1343.180286140783,1.0018841385449275,0.0010576038871753202
1343.1872306697726,1343.1872306697726,0.9981916889844664,0.0010566017819296013
1343.1941751988786,1343.1941751988786,0.999543556831808,0.0010570315342067593
1343.201119727868,1343.201119727868,1.000889101941781,0.0010575581643322341
1343.2080642568812,1343.2080642568812,0.9994172593290205,0.001057120061166894
1343.2150087858474,1343.2150087858474,0.9992589222573882,0.001056905656818358
1343.2219533147902,1343.2219533147902,0.9989761712068332,0.0010567816401610016
1343.2288978437332,1343.2288978437332,1.0003616820700119,0.001057418017051403
1343.23584237263,1343.23584237263,0.999853612176576,0.0010566700551606996
1343.242786901526,1343.242786901526,1.0004951042601906,0.0010568043680603174
1343.249731430376,1343.249731430376,0.999209663814522,0.0010562945415969111
1343.256675959226,1343.256675959226,1.0008792148287156,0.0010565066186551677
1343.2636204880293,1343.2636204880293,0.9993809602569664,0.001055936973074384
1343.2705650168093,1343.2705650168093,1.0003696168092837,0.0010558650611944376
1343.2775095455897,1343.2775095455897,1.000319631093668,0.0010553351545460657
1343.2844540742994,1343.2844540742994,1.0015024346271137,0.0010552868556326191
1343.291398603033,1343.291398603033,0.9995144680390048,0.0010548288128870054
1343.29834313172,1343.29834313172,0.9995539096582069,0.0010541861339883548
1343.305287660407,1343.305287660407,0.9986007353042389,0.0010537718116635465
1343.3122321890473,1343.3122321890473,1.0004214440368115,0.0010539872936571788
1343.3191767176645,1343.3191767176645,0.9996475005123884,0.0010536915921481901
1343.3261212463044,1343.3261212463044,0.9999508421726281,0.0010533770502170184
1343.3330657748281,1343.3330657748281,1.0002319708276375,0.0010535317219261113
1343.3400103034687,1343.3400103034687,1.0005271841832482,0.0010537003505286318
1343.3469548319931,1343.3469548319931,0.9998807136597543,0.0010535896460846434
1343.35389936047,1343.35389936047,1.0008946993715442,0.0010540363368121732
1343.360843888924,1343.360843888924,1.0005294961232922,0.0010536981771034008
1343.367788417425,1343.367788417425,1.000320104427661,0.0010530029448957835
1343.3747329458558,1343.3747329458558,0.9990789252030895,0.0010533013323313514
1343.3816774742631,1343.3816774742631,0.9997347114380186,0.0010532192421153557
1343.3886220026475,1343.3886220026475,0.9988080471160312,0.001053082899439247
1343.3955665310082,1343.3955665310082,0.9993926253593077,0.0010534256842238245
1343.402511059369,1343.402511059369,0.9995163247324463,0.0010532722777891915
1343.4094555876839,1343.4094555876839,1.000481241803257,0.0010537823222494843
1343.416400115975,1343.416400115975,1.0016230507926243,0.001054389215638448
1343.4233446442654,1343.4233446442654,0.9999395140739935,0.0010538217639589932
1343.4302891725101,1343.4302891725101,1.0012784079073724,0.001054416447713825
1343.437233700732,1343.437233700732,1.000192893023823,0.0010540450248705529
1343.4441782289061,1343.4441782289061,0.9998749588409777,0.001054184212883743
1343.4511227571043,1343.4511227571043,0.9981330863281197,0.0010538971990752472
1343.4580672852787,1343.4580672852787,0.9988493008653796,0.0010541979978640453
1343.4650118133836,1343.4650118133836,0.9991828889877432,0.0010550017132304342
1343.4719563415115,1343.4719563415115,0.9999071508135838,0.001055166289157052
1343.4789008695705,1343.4789008695705,0.998832308664132,0.0010549988833294713
1343.485845397628,1343.485845397628,1.0000981911167188,0.001055528955027321
1343.492789925663,1343.492789925663,1.0023928617957545,0.0010564797989994288
1343.4997344536982,1343.4997344536982,0.9989160126353538,0.0010554280138460217
1343.5066789816403,1343.5066789816403,1.0001063944109259,0.0010561200002286884
1343.5136235096284,1343.5136235096284,1.000416222544526,0.0010564563143917911
1343.5216791620176,1343.5216791620176,1.0001892282536835,0.0010566043877772455
1343.5289014710538,1343.5289014710538,0.9989749510204389,0.0010565149488909581
1343.5358459989957,1343.5358459989957,0.9994992491695938,0.0010568768915910586
1343.5427905268214,1343.5427905268214,1.0012115425852688,0.0010575628117090122
1343.5497350546702,1343.5497350546702,0.9996656102368331,0.001057315877309156
1343.5594573936025,1343.5594573936025,0.9993197210214486,0.0010577989426685417
1343.5664019214041,1343.5664019214041,1.00009009262619,0.0010579120594409923
1343.5736242302542,1343.5736242302542,0.9985813676543975,0.0010572032988222355
1343.5825132257403,1343.5825132257403,1.0000206697052096,0.0010583814561466137
1343.5900133156852,1343.5900133156852,1.0000130536168352,0.0010584980668447929
1343.5969578433478,1343.5969578433478,1.0000299179005787,0.0010587005452286217
1343.6039023709861,1343.6039023709861,0.9998275991843375,0.001058769689555566
1343.610846898649,1343.610846898649,1.0005552051410116,0.0010590039378927348
1343.6177914262419,1343.6177914262419,0.9998091426402963,0.0010594580341122999
1343.6247359538113,1343.6247359538113,1.0009420672685607,0.0010592153815351514
1343.63168048138,1343.63168048138,0.9993065975173263,0.001059460246460746
1343.6386250089265,1343.6386250089265,0.9997418977516492,0.00105930893501794
1343.6455695364489,1343.6455695364489,1.000784041256809,0.001059535927824197
1343.652514063925,1343.652514063925,0.9998283772801928,0.001059409338092052
1343.6594585913783,1343.6594585913783,0.9995065526448214,0.0010597288724376887
1343.6664031188313,1343.6664031188313,1.000547440330164,0.001060013046953757
1343.6733476462136,1343.6733476462136,1.0006962736431397,0.0010598063551418738
1343.680292173667,1343.680292173667,0.9995712267016703,0.0010589448813543988
1343.6872367010267,1343.6872367010267,0.9975037112406515,0.0010586598279108028
1343.6941812283633,1343.6941812283633,1.000091325758327,0.0010590962339756536
1343.70112575563,1343.70112575563,1.0014854470535222,0.0010594065654585213
1343.7080702829664,1343.7080702829664,1.0002550774854906,0.001059156719326317
1343.715014810233,1343.715014810233,0.9997605643417788,0.0010587616793400713
1343.7219593374532,1343.7219593374532,0.9993935662455143,0.0010587674991189057
1343.7289038646736,1343.7289038646736,1.0020423180444429,0.0010593938795236154
1343.7358483918933,1343.7358483918933,0.9996212858269284,0.0010588130398828074
1343.7427929190433,1343.7427929190433,1.0000141969288059,0.0010584422410286275
1343.749737446217,1343.749737446217,0.9992964619888081,0.0010583465868581796
1343.7566819733208,1343.7566819733208,1.0000132745602044,0.0010586724617063727
1343.7636265004476,1343.7636265004476,0.9994761834225956,0.001058486770782483
1343.770571027505,1343.770571027505,0.9998096034189677,0.0010584940667351121
1343.7775155545853,1343.7775155545853,0.9989384830871358,0.0010583760168105915
1343.7844600815956,1343.7844600815956,1.001429006004032,0.0010591160260208811
1343.791404608583,1343.791404608583,1.0018461783486117,0.0010592611967277336
1343.7983491355703,1343.7983491355703,0.9985998160851389,0.0010581278015303623
1343.805293662534,1343.805293662534,0.9996124481335935,0.0010581308468335644
1343.812238189475,1343.812238189475,1.000094406135945,0.0010588015163268565
1343.819182716369,1343.819182716369,0.9998600159930522,0.00105881798346022
1343.8261272432396,1343.8261272432396,1.0003835708112634,0.0010585437060134906
1343.8330717701106,1343.8330717701106,0.9990470412295673,0.0010581560357202924
1343.840016296958,1343.840016296958,0.9994990473264261,0.0010588203061264053
1343.8469608237824,1343.8469608237824,1.0024957473781946,0.0010594712687139625
1343.8539053505604,1343.8539053505604,0.9992842725953487,0.0010588604338113157
1343.8608498773378,1343.8608498773378,1.0006723176544452,0.0010593406735822184
1343.8677944040223,1343.8677944040223,0.9998204483648678,0.0010591864041720339
1343.8747389307766,1343.8747389307766,0.9999562731972318,0.0010589579530309676
1343.8816834574382,1343.8816834574382,0.9989802084676983,0.0010589071390128685
1343.8886279841229,1343.8886279841229,1.0006956702810907,0.0010591758223247496
1343.895572510737,1343.895572510737,0.9984279274256259,0.001058731154245752
1343.9025170373757,1343.9025170373757,0.9992057795333554,0.001058616704953793
1343.909461563967,1343.909461563967,1.00043351633022,0.0010587002481183255
1343.9164060905114,1343.9164060905114,1.0004491117423189,0.001058869396579476
1343.92335061708,1343.92335061708,1.0007633152690212,0.001058397607955763
1343.9302951435784,1343.9302951435784,1.000507109522561,0.001057982693650791
1343.9372396700533,1343.9372396700533,0.9993416079158027,0.001057229997915
1343.9441841965515,1343.9441841965515,1.0006386772405989,0.0010573943710498318
1343.95112872298,1343.95112872298,1.0004339909209035,0.001057078359832117
1343.9580732494082,1343.9580732494082,0.9990066954564869,0.0010561210283533983
1343.965851118957,1343.965851118957,1.000698462471705,0.0010566228945300266
1343.9733512074579,1343.9733512074579,0.9989746851921829,0.0010560356168708947
1343.9802957337931,1343.9802957337931,1.0008053006442545,0.0010561464151951723
1343.9872402601052,1343.9872402601052,0.9997626043717561,0.001055714225874967
1343.9941847863938,1343.9941847863938,1.0005752687589053,0.0010557736512129174
1344.0011293126595,1344.0011293126595,0.9992557758236031,0.00105531991646862
1344.008073838925,1344.008073838925,0.9986264036889791,0.0010546702785953939
1344.0150183651672,1344.0150183651672,1.000916405998164,0.0010558687665910829
1344.021962891363,1344.021962891363,1.0002584993094126,0.0010551447811629187
1344.0289074174884,1344.0289074174884,1.0005647226791254,0.001054800758550104
1344.0358519436375,1344.0358519436375,1.0005635618393554,0.0010552448122291
1344.0427964697635,1344.0427964697635,0.9995203086013816,0.0010546253434344723
1344.049740995866,1344.049740995866,0.9989585153567011,0.001054252914026799
1344.056685521945,1344.056685521945,1.0007679991497995,0.0010549357609523854
1344.0636300480014,1344.0636300480014,0.9996481521538652,0.0010544760645032273
1344.070574573987,1344.070574573987,1.000943888471707,0.001054905374205148
1344.0775190999964,1344.0775190999964,0.9987615816404721,0.0010542264548353002
1344.0844636259824,1344.0844636259824,0.9999026318341795,0.001055166246106724
1344.0914081519222,1344.0914081519222,1.0002090893341826,0.0010549495794209128
1344.0983526778614,1344.0983526778614,1.0000496850047509,0.001055121846683812
1344.1052972037544,1344.1052972037544,1.0016634666248672,0.0010556168134203377
1344.1122417296242,1344.1122417296242,0.9988816543174055,0.0010544139838629548
1344.1191862554704,1344.1191862554704,1.000663263327611,0.0010554517109901361
1344.126130781317,1344.126130781317,0.9987100654914179,0.001055166651858004
1344.1330753070938,1344.1330753070938,1.0004709481668113,0.001055816670964808
1344.1400198328934,1344.1400198328934,0.9996397632346868,0.001055470513700539
1344.146964358623,1344.146964358623,1.0003273017033512,0.0010556991003711513
1344.1539088843535,1344.1539088843535,0.9995420841209798,0.0010556928919289743
1344.160853410037,1344.160853410037,1.0009130292859376,0.0010558984633781258
1344.1677979357664,1344.1677979357664,0.999428129738517,0.0010558808553096533
1344.17474246138,1344.17474246138,1.0002175749990232,0.0010561381254099644
1344.1816869869938,1344.1816869869938,1.000014041622085,0.0010557286118362623
1344.1886315126073,1344.1886315126073,1.0004292136016173,0.001056216039401353
1344.1955760382207,1344.1955760382207,1.0011567520114575,0.0010562992227994912
1344.2025205637415,1344.2025205637415,1.0002728868399662,0.001055802524982513
1344.2094650892848,1344.2094650892848,0.9966925396630003,0.0010543626004177488
1344.216409614782,1344.216409614782,1.0006230770347417,0.0010557558314212804
1344.2233541402559,1344.2233541402559,0.9986416641486453,0.001054950142277041
1344.2302986657066,1344.2302986657066,1.0005010892137238,0.0010550398609745883
1344.2372431911572,1344.2372431911572,1.0015847913349254,0.0010552655795154193
1344.244187716538,1344.244187716538,1.0001112065820548,0.0010546919682896008
1344.2511322419423,1344.2511322419423,1.0010739650276308,0.001054555847413587
1344.2580767672757,1344.2580767672757,1.0011129371491,0.0010545843288201479
1344.2664101976864,1344.2664101976864,0.9986971319376623,0.001053491142671711
1344.2747436280267,1344.2747436280267,0.9982538332902993,0.001053011370940057
1344.282243715317,1344.282243715317,1.0017355135888455,0.0010534491046832405
1344.2900215836084,1344.2900215836084,0.9991213364286496,0.0010529744339935023
1344.296966108826,1344.296966108826,0.9995251631899255,0.0010526534874954674
1344.3047439770241,1344.3047439770241,1.0002442303303347,0.0010528565660430536
1344.3122440641978,1344.3122440641978,0.9999053633831304,0.001052763990124384
1344.319188589346,1344.319188589346,0.9990207720825607,0.0010521751553313745
1344.3261331144472,1344.3261331144472,1.0005094753166732,0.0010524245778775045
1344.333077639549,1344.333077639549,0.9997659640647976,0.001051616697733666
1344.34002216458,1344.34002216458,1.0017955090236474,0.0010521875210907055
1344.3469666896115,1344.3469666896115,1.0002091625952514,0.0010517729416957187
1344.353911214643,1344.353911214643,0.9983332865722074,0.001050987996982835
1344.3608557396512,1344.3608557396512,1.0013438164569122,0.001051246447781758
1344.3678002645895,1344.3678002645895,1.0006808034108707,0.0010519713169145433
1344.374744789528,1344.374744789528,0.9997033943480709,0.0010512082806909747
1344.381689314443,1344.381689314443,0.998911197336478,0.001050874099339481
1344.3886338393113,1344.3886338393113,0.9989769685850092,0.0010513255234809024
1344.3955783641802,1344.3955783641802,0.999271540882568,0.0010508295202016407
1344.4030784510276,1344.4030784510276,0.9999636952562619,0.00105124513011927
1344.410856318807,1344.410856318807,1.0017285671585652,0.001052182571593098
1344.41807862456,1344.41807862456,1.0000590545531998,0.0010514800476820055
1344.426134273294,1344.426134273294,1.0002574819540375,0.0010520692420595537
1344.4330787979995,1344.4330787979995,0.9998787340838,0.0010518537326039477
1344.440023322705,1344.440023322705,1.0025265589345074,0.0010530094450235826
1344.4469678473874,1344.4469678473874,0.9995184779832311,0.0010521277743285617
1344.4544679340022,1344.4544679340022,0.9986322119909445,0.0010520692275827396
1344.4622458015951,1344.4622458015951,1.000464886075927,0.0010529996163172648
1344.4691903261842,1344.4691903261842,0.998183070768507,0.0010524441052670679
1344.4761348507502,1344.4761348507502,1.0026338141839934,0.0010540816517681142
1344.4830793753158,1344.4830793753158,0.9992603832823406,0.001053487087921092
1344.4900238997889,1344.4900238997889,0.9980870954014233,0.0010534032185368785
1344.4969684243545,1344.4969684243545,1.0033334281612012,0.0010555162665765003
1344.5039129488036,1344.5039129488036,0.9992257279471103,0.0010538310899152242
1344.510857473253,1344.510857473253,0.9996262955872842,0.0010545928340081599
1344.517801997656,1344.517801997656,1.0001158222940962,0.001054749673067693
1344.524746522036,1344.524746522036,0.9989650173334507,0.001054508286921906
1344.532802170304,1344.532802170304,0.9993909886491441,0.0010552960897390522
1344.540024475638,1344.540024475638,1.0010338405941763,0.0010556277695013695
1344.5469689999477,1344.5469689999477,1.0005050519373173,0.0010557341853122055
1344.553913524211,1344.553913524211,1.0010027477684393,0.001056379617207464
1344.5619691723628,1344.5619691723628,1.0008469145171157,0.001056376665130794
1344.570024820491,1344.570024820491,1.0003054543879415,0.0010567739596867424
1344.577524906617,1344.577524906617,1.000072101133332,0.001057262214393976
1344.5844694308103,1344.5844694308103,1.0003408767592785,0.0010575083727854308
1344.591413954957,1344.591413954957,0.9994190502675453,0.0010569587408829112
1344.5983584790806,1344.5983584790806,1.0001136009302527,0.001057740665220459
1344.6053030031812,1344.6053030031812,1.0004908016145044,0.001058432194640573
1344.6122475272578,1344.6122475272578,0.9987804226083205,0.001057912955791184
1344.6191920513343,1344.6191920513343,0.999155266396406,0.00105829349896975
1344.6261365753417,1344.6261365753417,0.9981649039921482,0.001057773256271749
1344.6330810993486,1344.6330810993486,1.0026058719073698,0.00105920913380334
1344.6400256233321,1344.6400256233321,0.9992085411755411,0.0010582424498365955
1344.64697014727,1344.64697014727,1.0012726452996572,0.001058827526829359
1344.6550257950257,1344.6550257950257,0.9999829990825291,0.00105813112985403
1344.6622480998478,1344.6622480998478,0.9998327829473352,0.0010584387398096748
1344.669192623715,1344.669192623715,1.0005417198603814,0.0010586121166014663
1344.6761371475823,1344.6761371475823,0.9985452139564075,0.001058046839776358
1344.6930817856323,1344.6930817856323,1.0001471387827947,0.0010577661729388468
1344.7025263379755,1344.7025263379755,1.0004911805271686,0.0010574949641992605
1344.7094708616796,1344.7094708616796,0.9998106496623654,0.001057593649317679
1344.7164153853842,1344.7164153853842,1.0015355340889682,0.0010577614250602146
1344.7233599090655,1344.7233599090655,0.99827042006755,0.0010568859689858595
1344.7303044326995,1344.7303044326995,1.0000544640368205,0.0010572786064534337
1344.7372489563109,1344.7372489563109,1.0009620169392464,0.0010575085647465483
1344.7441934799458,1344.7441934799458,1.0008046991753357,0.0010574667754541945
1344.7511380034866,1344.7511380034866,0.9988331855339496,0.0010570093349610826
1344.7580825270281,1344.7580825270281,0.9986241603609761,0.0010565909487803267
1344.7650270505462,1344.7650270505462,1.000447630993278,0.0010574485395907463
1344.7719715740411,1344.7719715740411,0.9996679362371493,0.0010569590552562146
1344.7789160975128,1344.7789160975128,1.001758998334875,0.0010576572866685474
1344.785860620938,1344.785860620938,1.0002890629751806,0.0010576021238932773
1344.7928051443625,1344.7928051443625,1.0002288836621247,0.0010571991045926958
1344.799749667764,1344.799749667764,0.9987677050178766,0.001056825098803748
1344.8066941911427,1344.8066941911427,0.9996515309841023,0.001057295981662318
1344.8136387144511,1344.8136387144511,0.9992566240788688,0.0010571267207532989
1344.8205832377364,1344.8205832377364,1.0007184437782588,0.0010575503608477122
1344.8275277610219,1344.8275277610219,1.0017358565892587,0.0010579751717293736
1344.834472284307,1344.834472284307,0.999662822204669,0.0010575721250373937
1344.841416807592,1344.841416807592,1.0008691058870527,0.001058261496646474
1344.8483613307847,1344.8483613307847,1.0004299713863782,0.0010583075589249357
1344.855305853977,1344.855305853977,0.9950250962548557,0.0010568708442112783
1344.862250377145,1344.862250377145,0.994207476444597,0.0010598291468195602
1344.869194900291,1344.869194900291,0.9958589721850597,0.0010636147083623272
1344.8761394233898,1344.8761394233898,0.9975080272687205,0.0010641782708162679
1344.8830839464888,1344.8830839464888,0.9949642574088035,0.0010630979575313047
1344.8900284695414,1344.8900284695414,0.9953323362458878,0.0010627551318112352
1344.8969729925707,1344.8969729925707,0.9976871693284763,0.0010634060429424005
1344.9039175155533,1344.9039175155533,0.9950386122068876,0.001062117931717165
1344.910862038559,1344.910862038559,0.9937985549298014,0.0010613112782508767
1344.9178065615183,1344.9178065615183,0.9952007743894926,0.0010611954084950297
1344.9247510844546,1344.9247510844546,0.9952772015961301,0.0010608990108622652
1344.9316956073435,1344.9316956073435,0.9956881937888044,0.0010603414410492655
1344.9386401302565,1344.9386401302565,0.9948076880159986,0.0010594982973479773
1344.9455846530996,1344.9455846530996,0.9944317707684475,0.0010588960722038806
1344.9525291759187,1344.9525291759187,0.9954899242715006,0.0010585803280975564
1344.9594736987387,1344.9594736987387,0.9968487566936481,0.0010583838124980274
1344.9664182214885,1344.9664182214885,1.0030142041632044,0.0010592505047282903
1344.9733627442847,1344.9733627442847,1.0031724764696501,0.001057992531519694
1344.980307267011,1344.980307267011,1.0016434496730406,0.0010567711271167006
1344.9872517897147,1344.9872517897147,1.0006829019902732,0.0010554592401530092
1344.994196312371,1344.994196312371,1.0008521601346472,0.0010547764035011352
1345.0011408350042,1345.0011408350042,1.000057372203112,0.0010535856241528844
1345.0080853576376,1345.0080853576376,1.0008780967198414,0.0010534279991000056
1345.0150298802478,1345.0150298802478,0.9998470174143584,0.0010528429905411157
1345.0219744028127,1345.0219744028127,0.9993527470324899,0.0010523807174756842
1345.028918925413,1345.028918925413,0.9995183255754118,0.0010524500728192254
1345.035863448023,1345.035863448023,0.9995795257874807,0.0010527201720824558
1345.0428079706103,1345.0428079706103,0.9995547990066342,0.001052739218305767
1345.0497524931975,1345.0497524931975,1.000011033144574,0.0010531354637385135
1345.0566970157147,1345.0566970157147,1.000094090038169,0.0010532409592363407
1345.0636415382553,1345.0636415382553,1.0014861629769656,0.0010539859449666862
1345.0705860607027,1345.0705860607027,0.9999417149058963,0.0010541093494415227
1345.0775305831733,1345.0775305831733,0.9991280833217328,0.0010539410173331031
1345.0844751056204,1345.0844751056204,1.0005442653649441,0.0010543456149998685
1345.0914196280214,1345.0914196280214,0.999187264434938,0.001053965478303052
1345.098364150399,1345.098364150399,0.9984000072338175,0.0010537833331880002
1345.105308672753,1345.105308672753,0.9992544885964278,0.0010543233901497066
1345.1122531950837,1345.1122531950837,1.0009135275270316,0.00105478808864385
1345.1191977173917,1345.1191977173917,1.0002540643073092,0.0010545535714154759
1345.1261422396763,1345.1261422396763,1.0019829865931953,0.0010551597107338576
1345.1330867618908,1345.1330867618908,1.0003702095356528,0.0010550200833642457
1345.1400312841051,1345.1400312841051,0.9997843386464018,0.0010552104388131607
1345.14697580632,1345.14697580632,1.0001168264039006,0.0010549451123827373
1345.1539203285338,1345.1539203285338,0.9986414901961096,0.0010549714651434548
1345.1608648506788,1345.1608648506788,0.9996517010534177,0.0010552318960715588
1345.1678093728003,1345.1678093728003,1.0007454988006965,0.0010555656463439149
1345.1747538948985,1345.1747538948985,1.0006327812030111,0.0010558798254966428
1345.1816984169732,1345.1816984169732,0.9989947321448127,0.0010554203662013091
1345.1886429390247,1345.1886429390247,0.9986838569141565,0.0010556642158363455
1345.1955874610535,1345.1955874610535,1.00060996013346,0.001055694254466864
1345.202531983035,1345.202531983035,1.0002907890701827,0.0010555484462156988
1345.2094765049935,1345.2094765049935,1.0009226423403723,0.001055490740877542
1345.2164210269518,1345.2164210269518,0.9990131116793336,0.0010552933898737608
1345.2233655488403,1345.2233655488403,1.0014171740929763,0.0010553615533350808
1345.2303100707527,1345.2303100707527,0.9998531461048035,0.0010546349094112694
1345.2372545926175,1345.2372545926175,0.9983724468891941,0.0010540338244597186
1345.2441991144594,1345.2441991144594,1.000449995878334,0.0010544284261595211
1345.251143636278,1345.251143636278,0.9992833283434621,0.0010537696959305677
1345.2580881580739,1345.2580881580739,0.9992504279418842,0.0010535925915195136
1345.2650326798225,1345.2650326798225,1.0001380029679776,0.0010535130040268599
1345.271977201548,1345.271977201548,0.9992765047731892,0.00105327615949588
1345.2789217232737,1345.2789217232737,0.9995415077068316,0.0010531102342148952
1345.285866244906,1345.285866244906,1.0013050938875199,0.0010532601741343524
1345.292810766655,1345.292810766655,1.0015468165572847,0.0010531384517364676
1345.2997552882648,1345.2997552882648,0.9991938098251956,0.0010523359638924799
1345.3066998098038,1345.3066998098038,1.000474208265823,0.0010526780199760105
1345.313644331436,1345.313644331436,1.0002742602403,0.0010517161761148717
1345.3205888529524,1345.3205888529524,0.9983516700372046,0.0010514108907214452
1345.3275333744914,1345.3275333744914,1.0007092514772196,0.001051464949971543
1345.3344778960077,1345.3344778960077,0.9984914737589415,0.001050848743422095
1345.3414224174535,1345.3414224174535,0.998801903547211,0.0010507824900125751
1345.3483669389232,1345.3483669389232,1.0021695417184746,0.001051911945306144
1345.3553114603462,1345.3553114603462,1.0005054950452839,0.0010514328513243196
1345.3622559817227,1345.3622559817227,0.9999741457111376,0.0010511742365030515
1345.3692005031226,1345.3692005031226,1.0007401869993253,0.0010512909306955155
1345.3761450244754,1345.3761450244754,1.000246026768,0.0010513511975495074
1345.3830895457584,1345.3830895457584,0.9996598506736379,0.0010509151846455895
1345.3900340670652,1345.3900340670652,1.0008948884898785,0.0010511441318867758
1345.3969785883019,1345.3969785883019,0.9976890354626619,0.0010503131487475015
1345.4039231095617,1345.4039231095617,0.9987671086385939,0.0010509045888323421
1345.4108676307753,1345.4108676307753,1.0000580143058793,0.0010515996282715113
1345.417812151965,1345.417812151965,1.0016085761560063,0.0010520188893575677
1345.4247566731324,1345.4247566731324,0.999452569351005,0.0010512832183908025
1345.4317011942753,1345.4317011942753,1.0001053376630664,0.00105162799301671
1345.4386457153491,1345.4386457153491,1.0000580072473961,0.00105143845138814
1345.4455902363993,1345.4455902363993,1.0008644450694426,0.0010517557626147267
1345.452534757496,1345.452534757496,0.9987248107565865,0.0010508226399483884
1345.4594792785006,1345.4594792785006,1.000509582812606,0.0010513194737383357
1345.4664237995507,1345.4664237995507,1.000385315866076,0.0010519631396045494
1345.4733683205081,1345.4733683205081,0.9999582646078776,0.0010521516107726266
1345.4803128414653,1345.4803128414653,0.9995112248466068,0.0010524668906287526
1345.4872573623993,1345.4872573623993,1.001668311428788,0.0010534676123403394
1345.4942018832871,1345.4942018832871,0.9990303003155709,0.0010527447566059103
1345.501146404174,1345.501146404174,1.001697566921905,0.001054160897693133
1345.5080909249918,1345.5080909249918,1.0006686460684024,0.001054025177730943
1345.5150354458328,1345.5150354458328,0.9973186356468945,0.0010532871123158857
1345.5219799666272,1345.5219799666272,0.9997776984658747,0.0010543315523747344
1345.528924487398,1345.528924487398,0.9990348709854857,0.0010548691058402753
1345.5358690081225,1345.5358690081225,1.000287028520424,0.0010555408376512658
1345.5428135288466,1345.5428135288466,1.0004990856987797,0.0010556983881529862
1345.5497580495244,1345.5497580495244,1.00101147930813,0.0010558038209425413
1345.5567025702026,1345.5567025702026,1.0001181948103388,0.001056023197212335
1345.563647090834,1345.563647090834,0.9983687059737527,0.0010555331726866206
1345.5705916114416,1345.5705916114416,1.0013704415529843,0.0010567923062641657
1345.5775361320264,1345.5775361320264,0.9996800822133608,0.001056797017671532
1345.584480652588,1345.584480652588,1.0000896192567008,0.0010569643000245318
1345.5914251731033,1345.5914251731033,0.9999128351019732,0.0010572859304770498
1345.5983696935714,1345.5983696935714,1.000133429941552,0.0010573046423215343
1345.6053142140395,1345.6053142140395,1.0004503777282405,0.0010576943432103365
1345.6122587345078,1345.6122587345078,0.9986826757121736,0.001057229749606496
1345.6192032549764,1345.6192032549764,1.0007528461080033,0.0010578007819582055
1345.626147775352,1345.626147775352,0.9986763856480719,0.001057362310893807
1345.633092295727,1345.633092295727,0.9996240190786809,0.0010577378870445533
1345.6400368160787,1345.6400368160787,1.001947183664461,0.0010583544216523988
1345.6469813364072,1345.6469813364072,0.9999188739707581,0.0010578181857992639
1345.6539258566895,1345.6539258566895,1.00066368067933,0.0010579519393574956
1345.6608703769714,1345.6608703769714,0.9995995545420602,0.001057675094384923
1345.6678148972069,1345.6678148972069,0.9987852363967795,0.001057235987788481
1345.6747594174187,1345.6747594174187,1.0009033536352303,0.0010579591219286272
1345.6817039375844,1345.6817039375844,1.0001891864424675,0.0010578267024169944
1345.6886484577735,1345.6886484577735,1.0000584127988916,0.0010577589138433014
1345.6955929778928,1345.6955929778928,0.9992722923592681,0.001057184195152413
1345.7025374979883,1345.7025374979883,0.9996875063630684,0.001057976280336986
1345.709482018084,1345.709482018084,0.9993345257068317,0.0010576158475128423
1345.7164265381332,1345.7164265381332,1.0003156500466797,0.0010574118733920424
1345.7233710581595,1345.7233710581595,1.0010857449235553,0.0010575111173180545
1345.7303155781624,1345.7303155781624,0.9996921574686072,0.0010569929420251563
1345.7372600981414,1345.7372600981414,1.0014751305909464,0.00105733977481361
1345.7442046180508,1345.7442046180508,0.9993938605985374,0.0010565886104369365
1345.7511491380305,1345.7511491380305,0.9986942632648892,0.001056338256831877
1345.7580936579402,1345.7580936579402,1.0003808540210328,0.0010569203299879647
1345.7650381777798,1345.7650381777798,0.9990261449311596,0.0010561787244895602
1345.7719826975963,1345.7719826975963,1.0013879514211286,0.001057135314884448
1345.7789272174357,1345.7789272174357,1.0003822476632738,0.001056668209872191
1345.785871737206,1345.785871737206,0.9993368941209635,0.0010564139111019642
1345.7928162569756,1345.7928162569756,0.9996060717039814,0.0010567232943817341
1345.7997607767222,1345.7997607767222,1.000028978353786,0.0010568006632670052
1345.806705296399,1345.806705296399,1.0006169064621855,0.0010566433864773687
1345.8136498160989,1345.8136498160989,0.99883141940707,0.001056365222837204
1345.8205943357523,1345.8205943357523,1.000078284992049,0.0010569233471369312
1345.8275388553825,1345.8275388553825,1.0025332171042407,0.0010577871557286276
1345.8344833749657,1345.8344833749657,1.0002179553163653,0.0010573197925548923
1345.8414278945722,1345.8414278945722,0.9995246778380101,0.0010570201365107763
1345.8483724141092,1345.8483724141092,0.9991536512773525,0.0010567090591162241
1345.8553169336235,1345.8553169336235,0.9983774391865625,0.0010568881813324501
1345.862261453137,1345.862261453137,1.0014143728905391,0.0010576961142113209
1345.869205972581,1345.869205972581,1.0003135219914774,0.0010571270103103903
1345.8761504920246,1345.8761504920246,0.998488924502117,0.0010564952498181763
1345.8830950114686,1345.8830950114686,1.0002679480609862,0.001056957210718705
1345.890039530843,1345.890039530843,1.0013879174415057,0.0010573015850271815
1345.8969840501934,1345.8969840501934,0.9995510113864391,0.0010566002581604572
1345.9039285694976,1345.9039285694976,0.9994703511750485,0.0010559288214930518
1345.910873088802,1345.910873088802,0.9981820093283718,0.0010557397132233116
1345.9178176081061,1345.9178176081061,1.0013518229086809,0.0010565400303627303
1345.9247621274103,1345.9247621274103,1.0026567313999586,0.0010566556880324865
1345.931706646598,1345.931706646598,0.9996100222861941,0.0010556669666524267
1345.938651165809,1345.938651165809,0.9992261003039691,0.0010552687912781678
1345.9455956849965,1345.9455956849965,0.999308140200054,0.0010549279352198922
1345.9525402041381,1345.9525402041381,0.9997840329941627,0.0010550668490197494
1345.9594847232795,1345.9594847232795,0.9993230961191303,0.0010550875922273025
1345.9664292423508,1345.9664292423508,1.0003210366200785,0.0010551269425165394
1345.973373761422,1345.973373761422,1.0002359248771242,0.001054788200251068
1345.9803182804699,1345.9803182804699,1.000015101214029,0.0010547974924002554
1345.9872627994953,1345.9872627994953,1.0012807925671097,0.0010551785795229
1345.9942073184502,1345.9942073184502,0.9999236655627621,0.0010543120067804982
1346.001151837428,1346.001151837428,0.9991367642785847,0.001054054828104896
1346.0080963563364,1346.0080963563364,0.9981682314452138,0.0010537771309905295
1346.0150408752681,1346.0150408752681,1.000076865136113,0.001053968385094905
1346.02198539413,1346.02198539413,1.001701896688475,0.001054477720822612
1346.028929912992,1346.028929912992,1.0012411583461291,0.0010545890437148593
1346.0358744318303,1346.0358744318303,1.0005592575901123,0.001054535036237388
1346.042818950599,1346.042818950599,0.9976543908963988,0.0010535140906379255
1346.0497634694143,1346.0497634694143,1.001447652451108,0.0010547359421104374
1346.0567079881366,1346.0567079881366,0.9993528992480492,0.0010540992891303663
1346.063652506858,1346.063652506858,0.9994620231205031,0.0010541886802333815
1346.0705970255567,1346.0705970255567,0.9991401783452151,0.0010539412912639935
1346.0775415441858,1346.0775415441858,0.999958882057309,0.001054320162038105
1346.084486062838,1346.084486062838,0.9989883469026877,0.001054093944268971
1346.091430581444,1346.091430581444,1.001579810860559,0.0010552741012409502
1346.09837510005,1346.09837510005,1.0013780329530833,0.0010552326090112654
1346.1053196185853,1346.1053196185853,1.0004633340513729,0.0010551619291172079
1346.112264137121,1346.112264137121,0.9990970753882136,0.0010546835333337845
1346.1192086556107,1346.1192086556107,1.0006623835520618,0.0010558113657730525
1346.1261531741002,1346.1261531741002,1.0007347912773126,0.001055914438757357
1346.1330976925426,1346.1330976925426,0.9992445009348163,0.0010556632470505474
1346.1400422109618,1346.1400422109618,0.9994320626859865,0.0010559967157128714
1346.1469867293583,1346.1469867293583,0.9988641307592138,0.0010558722970056748
1346.1539312477312,1346.1539312477312,0.9985852275399847,0.0010560012929168752
1346.1608757660574,1346.1608757660574,0.9999719218183989,0.0010562478558777985
1346.1678202843837,1346.1678202843837,1.0007519490394545,0.001056842017083719
1346.1747648026635,1346.1747648026635,1.000163042469977,0.0010561700059209065
1346.1817093209197,1346.1817093209197,1.002063993872636,0.0010571836299704815
1346.1886538391532,1346.1886538391532,1.0004837491312137,0.0010566198249076385
1346.1955983573396,1346.1955983573396,1.0000385544928374,0.0010563062797383394
1346.2025428755494,1346.2025428755494,0.9973329924902746,0.0010551423300405624
1346.209487393736,1346.209487393736,0.9980595545220947,0.0010552137524837994
1346.2164319117833,1346.2164319117833,1.0022072304400305,0.0010569365450131105
1346.2233764298996,1346.2233764298996,1.0001927002359097,0.001056181191086377
1346.23032094797,1346.23032094797,0.9994726847840015,0.001055690828318515
1346.2372654660169,1346.2372654660169,1.0000976441162506,0.0010559760364864368
1346.2442099840405,1346.2442099840405,0.9996497739937057,0.0010554454186422915
1346.2511545020177,1346.2511545020177,1.0000869673219808,0.0010552014930640024
1346.2580990199715,1346.2580990199715,0.9991795237310818,0.0010550790019798885
1346.265043537925,1346.265043537925,0.9993435140983905,0.001054354226972332
1346.2719880558093,1346.2719880558093,1.0003805751513823,0.0010546664660500752
1346.278932573716,1346.278932573716,1.000999457224911,0.0010541445533072918
1346.2858770915536,1346.2858770915536,1.0017984808562663,0.0010542042362632759
1346.2928216093678,1346.2928216093678,0.9985700729644588,0.0010532259320413843
1346.2997661271584,1346.2997661271584,0.9994389308491141,0.0010531490966310582
1346.306710644949,1346.306710644949,0.99966316985448,0.0010522667085692769
1346.3136551626703,1346.3136551626703,1.0008611861290064,0.0010528981110858866
1346.3205996803913,1346.3205996803913,0.9990318295950665,0.0010519267930248048
1346.3275441980888,1346.3275441980888,1.000166472536495,0.0010520321488028668
1346.33448871574,1346.33448871574,1.0008608929538858,0.0010518424909201096
1346.341433233391,1346.341433233391,0.999167110450306,0.0010516180965730179
1346.348377750949,1346.348377750949,0.9998493812428185,0.0010516327149175738
1346.3553222685073,1346.3553222685073,1.0007534629640793,0.0010514941420092432
1346.3622667860648,1346.3622667860648,0.9997403710454431,0.0010508033234326625
1346.3692113036227,1346.3692113036227,0.9989578935260581,0.0010505431180447703
1346.376155821134,1346.376155821134,0.9998964054320897,0.001050451842344529
1346.3831003385992,1346.3831003385992,1.0009176614031141,0.0010510239895137438
1346.3900448560405,1346.3900448560405,0.999060938548028,0.0010505002176396652
1346.3969893734588,1346.3969893734588,0.9984951725181179,0.001050217490727801
1346.4039338908306,1346.4039338908306,1.0009381236257253,0.0010512789807611829
1346.410878408202,1346.410878408202,1.001708545456039,0.0010515051361630237
1346.4178229255508,1346.4178229255508,0.9993902693115724,0.0010507640646168163
1346.4247674428293,1346.4247674428293,0.9996916485809738,0.0010510642911672273
1346.4317119601078,1346.4317119601078,0.9996148472106314,0.0010510498924918823
1346.438656477363,1346.438656477363,1.0003671864799166,0.0010511465447698312
1346.4456009945948,1346.4456009945948,1.0003285155536425,0.0010513022112747451
1346.4525455118041,1346.4525455118041,0.9992497032173013,0.0010508393498883846
1346.4594900289662,1346.4594900289662,0.9993283592997969,0.001051012321205087
1346.4664345461047,1346.4664345461047,1.000735044027357,0.0010513713238339676
1346.4733790632204,1346.4733790632204,1.001098998444097,0.0010517732905268849
1346.4803235802897,1346.4803235802897,1.0004035353280512,0.001051695177870037
1346.4872680973353,1346.4872680973353,1.0011122302209765,0.00105192657621764
1346.494212614404,1346.494212614404,0.9991608950008388,0.0010513745923693162
1346.5011571314033,1346.5011571314033,0.9988023639592255,0.0010518747777222039
1346.508101648379,1346.508101648379,0.9993763075910309,0.001051804697392415
1346.515046165332,1346.515046165332,0.9993459196235909,0.0010524840654739117
1346.521990682215,1346.521990682215,1.0011567888541706,0.001053424463127088
1346.5289351991207,1346.5289351991207,0.9994389739940333,0.0010531332519478677
1346.5358797160031,1346.5358797160031,1.0002959205024635,0.001053786160013851
1346.5428242328396,1346.5428242328396,0.9983677154475306,0.0010537287287964677
1346.5497687496293,1346.5497687496293,1.001598710362065,0.0010549356508320381
1346.5567132664423,1346.5567132664423,1.0007964981570807,0.0010553923292361007
1346.5636577831854,1346.5636577831854,1.0014134984748027,0.00105564231023238
1346.570602299905,1346.570602299905,0.9985404561765872,0.0010550548547820582
1346.5775468166016,1346.5775468166016,0.9972889241992624,0.0010555133302166254
1346.5844913332749,1346.5844913332749,1.0022876026634928,0.0010570972086563638
1346.5914358499244,1346.5914358499244,0.9998623403065461,0.0010571986507745238
1346.5983803665513,1346.5983803665513,0.9996317064248403,0.0010570148556281185
1346.605324883131,1346.605324883131,1.000305426293437,0.0010575536636403065
1346.612269399688,1346.612269399688,1.0005328420208586,0.0010577478487950375
1346.6192139162217,1346.6192139162217,0.9991776209318713,0.0010581529481709189
1346.626158432732,1346.626158432732,0.9993103449464069,0.0010580249501618468
1346.6331029491953,1346.6331029491953,1.0006497782559793,0.0010580087618638802
1346.640047465682,1346.640047465682,0.9999244465994082,0.0010577002535386536
1346.6475475433883,1346.6475475433883,0.9998097603247839,0.0010579021551349755
1346.655325401749,1346.655325401749,1.0008253133048646,0.0010577564615224099
1346.6622699181428,1346.6622699181428,0.9988671384840627,0.001057300184894811
1346.6708811183548,1346.6708811183548,0.9983279583096548,0.0010570239691508605
1346.6789367572787,1346.6789367572787,1.0002118910441713,0.0010569891458993795
1346.6858812735559,1346.6858812735559,1.000974432568917,0.0010574558488830757
1346.6928257897634,1346.6928257897634,1.0019461613857459,0.0010573727816817714
1346.6997703059944,1346.6997703059944,0.9999894808144777,0.0010573230833422365
1346.7067148221784,1346.7067148221784,1.000956569613703,0.001057550081632365
1346.7136593383166,1346.7136593383166,1.0003848421102712,0.0010571250668826467
1346.7219927577098,1346.7219927577098,1.0003918374175722,0.001057170130382574
1346.7289372737773,1346.7289372737773,0.9990393112914632,0.0010568394983886146
1346.7358817898446,1346.7358817898446,0.9992178786034627,0.001056503291424817
1346.7428263058896,1346.7428263058896,0.9990796173862482,0.0010565446518755084
1346.7497708219112,1346.7497708219112,0.9983586695339053,0.0010560950836600606
1346.756715337886,1346.756715337886,0.9990025526195476,0.001056449733730246
1346.763659853837,1346.763659853837,1.001960683958208,0.001057358854732644
1346.770604369765,1346.770604369765,1.0001887377710337,0.0010566632784273341
1346.7775488856703,1346.7775488856703,0.9999263130754557,0.0010569035099127731
1346.7844934015518,1346.7844934015518,1.0011875238628902,0.001056540959262113
1346.7914379173633,1346.7914379173633,0.9991880821833761,0.0010559488700727653
1346.798382433175,1346.798382433175,1.0000115541646744,0.0010563729865514435
1346.8053269489867,1346.8053269489867,0.9991624763989346,0.0010559391214239728
1346.8122714647523,1346.8122714647523,1.0007194595650093,0.001056132652638217
1346.819215980494,1346.819215980494,1.0001257788830966,0.0010565801707053493
1346.8261604961895,1346.8261604961895,1.001988515314611,0.0010574416347483933
1346.8331050118613,1346.8331050118613,0.9990257827793719,0.0010564772203092657
1346.8414384306257,1346.8414384306257,0.9994549382887534,0.001056490788294311
1346.8483829462516,1346.8483829462516,1.0015850708013223,0.001057298099597411
1346.855327461854,1346.855327461854,0.9983180688752116,0.0010563627914699162
1346.8622719773857,1346.8622719773857,0.998773250726672,0.001056753484268334
1346.8692164929182,1346.8692164929182,0.9996785255468975,0.0010568669340063966
1346.8761610084273,1346.8761610084273,1.0001618235641079,0.0010571068780524191
1346.883105523913,1346.883105523913,1.0015168935966705,0.0010570485259555802
1346.8900500393752,1346.8900500393752,0.9992556708132101,0.0010564592296961862
1346.8969945547683,1346.8969945547683,1.0018010213240345,0.0010569821069555947
1346.9039390701607,1346.9039390701607,0.999094307233678,0.0010558478434498507
1346.9108835855307,1346.9108835855307,0.9988118870078997,0.0010559632235730605
1346.9178281008535,1346.9178281008535,1.001435888565791,0.0010564423741578584
1346.9247726161761,1346.9247726161761,0.9992637107202315,0.00105572447050193
1346.9319949120381,1346.9319949120381,0.9997883969949287,0.0010557892652262695
1346.940050549798,1346.940050549798,1.000902097915456,0.001056266515360838
1346.9469950649343,1346.9469950649343,0.998862734625831,0.0010552180025388922
1346.9539395801407,1346.9539395801407,1.000391112061876,0.0010559965439123878
1346.9608840953003,1346.9608840953003,0.9999276345898986,0.0010550163328008366
1346.9678286104368,1346.9678286104368,1.0004893172750848,0.0010554783675948542
1346.9747731255502,1346.9747731255502,1.0002410476691297,0.0010552048140100498
1346.98171764064,1346.98171764064,0.9992268662089454,0.0010546159187895367
1346.9886621556602,1346.9886621556602,0.9999586559136239,0.001054753241711009
1346.9956066706804,1346.9956066706804,0.9994020824740547,0.0010543715945058423
1347.002551185677,1347.002551185677,1.000656528359778,0.0010544519713286762
1347.0094957006272,1347.0094957006272,1.0004432529828118,0.0010546267971184985
1347.0164402155547,1347.0164402155547,1.0008497444850135,0.0010544404028725346
1347.0233847304814,1347.0233847304814,0.9996012485358442,0.001053815349968098
1347.0303292453618,1347.0303292453618,0.9995453441322295,0.0010537607479570662
1347.0372737602188,1347.0372737602188,0.9987216941160588,0.00105366295021907
1347.0442182750298,1347.0442182750298,1.000875503546834,0.0010541121576559055
1347.051162789817,1347.051162789817,0.9988071417009847,0.0010530329058156909
1347.0594962075338,1347.0594962075338,1.0004689191073326,0.00105367196773036
1347.0678296252038,1347.0678296252038,1.0009523113554546,0.0010536796794170372
1347.0761630428278,1347.0761630428278,1.0008366239125488,0.0010535741778618854
1347.0831075574756,1347.0831075574756,1.0001867543866132,0.0010533837965664421
1347.090052072123,1347.090052072123,0.9985755302357203,0.0010525630159746737
1347.0969965867705,1347.0969965867705,1.0000930634733929,0.0010532291735613605
1347.1039411013016,1347.1039411013016,0.9993758687641069,0.001052893608369124
1347.110885615856,1347.110885615856,1.000890540204723,0.0010536191896464912
1347.1178301303873,1347.1178301303873,1.0002642239722288,0.001053505258028422
1347.124774644872,1347.124774644872,0.998936424916778,0.00105301351903642
1347.1317191593564,1347.1317191593564,1.0011158509604026,0.0010535649392328984
1347.1386636737711,1347.1386636737711,0.998360791444159,0.0010529984966721193
1347.145608188163,1347.145608188163,1.0009471251470923,0.0010540808151299538
1347.1525527025774,1347.1525527025774,1.0011116447082407,0.0010544627622093568
1347.159497216899,1347.159497216899,1.0001939015445809,0.001054531929366013
1347.1664417312204,1347.1664417312204,1.0008383349784669,0.0010549065220238727
1347.173386245519,1347.173386245519,0.9985114954861704,0.0010544106382026034
1347.1853308100146,1347.1853308100146,0.9992799511286545,0.0010545782532192065
1347.1997753995736,1347.1997753995736,1.0014269847343722,0.0010545126972190124
1347.2067199137323,1347.2067199137323,0.9990580443959397,0.0010536957611703352
1347.2136644278446,1347.2136644278446,0.9985353663688302,0.0010533286688298865
1347.2206089419099,1347.2206089419099,0.9999079871159609,0.0010536084520362267
1347.2275534559753,1347.2275534559753,1.001451039056669,0.0010538825939906784
1347.2344979700406,1347.2344979700406,1.0009141829755255,0.0010534781925983895
1347.241442484083,1347.241442484083,1.000819076744491,0.0010532022532960545
1347.2483869980556,1347.2483869980556,0.9999598606411016,0.001052372237928773
1347.2553315120044,1347.2553315120044,1.0000285559399393,0.0010524738674819217
1347.26227602593,1347.26227602593,0.9992914811323373,0.0010519807965090437
1347.269220539833,1347.269220539833,0.9983411697442838,0.0010513810815262928
1347.276165053689,1347.276165053689,1.0000710602821443,0.0010512716015415387
1347.2831095675451,1347.2831095675451,1.0000102317206392,0.0010509538971285417
1347.2900540813541,1347.2900540813541,0.9992089035042268,0.0010503106406575648
1347.2969985951404,1347.2969985951404,0.9993388709635704,0.001049960625922255
1347.30394310888,1347.30394310888,1.0002163660835555,0.0010506222036160116
1347.3108876226197,1347.3108876226197,1.0008543668326044,0.0010510654159247694
1347.3189432584932,1347.3189432584932,1.0010251066285663,0.0010513709588957324
1347.3261655527253,1347.3261655527253,1.0025383881648342,0.0010525253868757026
1347.3331100663486,1347.3331100663486,1.0037238085179825,0.0010532063779113612
1347.3400545799489,1347.3400545799489,1.0064465896502386,0.0010548024468957624
1347.3469990935018,1347.3469990935018,1.0054443023026596,0.0010548834000135
1347.3539436070346,1347.3539436070346,1.0026468478729356,0.0010542305409468502
1347.3636659256758,1347.3636659256758,0.9966235927838415,0.0010533827772414728
1347.3706104389853,1347.3706104389853,0.9954119279403466,0.001053241863469552
1347.378943854933,1347.378943854933,0.9972748023079123,0.0010550119699493277
1347.3956106866424,1347.3956106866424,0.998764266892076,0.0010565100177425033
1347.4025551998118,1347.4025551998118,0.9998090228463969,0.0010573313796651115
1347.4094997129814,1347.4094997129814,1.0001760589432926,0.0010571716760754458
1347.4164442260808,1347.4164442260808,0.9980042081383889,0.001056646265655725
1347.4233887391574,1347.4233887391574,0.9993121020732824,0.0010569034956485215
1347.4303332521872,1347.4303332521872,0.9995673839318121,0.001056979954340234
1347.43727776524,1347.43727776524,0.9982741074368601,0.0010560582282449324
1347.4442222782232,1347.4442222782232,1.0017419537008532,0.0010577213028993518
1347.4581113040967,1347.4581113040967,1.0015985324844583,0.001055159164959701
1347.4931116488933,1347.4931116488933,0.9996196456486718,0.0010471124118753119
1347.5100562600176,1347.5100562600176,0.997728034643201,0.0010453997206967946
1347.519223016724,1347.519223016724,1.0011136094188813,0.0010483535669571155
1347.5261675294048,1347.5261675294048,0.9976713778630002,0.001048145267404324
1347.5331120420153,1347.5331120420153,0.9998479425023838,0.0010489746814330233
1347.5400565546029,1347.5400565546029,1.001280780136342,0.0010493574258831247
1347.5470010671902,1347.5470010671902,0.9992925969185642,0.0010495984422889944
1347.5614456532203,1347.5614456532203,0.9993405723300748,0.0010484192469265125
1347.57200131217,1347.57200131217,1.000763380320141,0.0010506630591200577
1347.5789458246174,1347.5789458246174,1.001453035031704,0.0010505698278743003
1347.585890336995,1347.585890336995,0.9992342482667725,0.0010496970093316603
1347.5939459713632,1347.5939459713632,0.9989849761613735,0.001050541343684795
1347.6011682641802,1347.6011682641802,0.9983501881890419,0.0010511856610083505
1347.6133906058112,1347.6133906058112,1.0019447172324887,0.0010527105859877261
1347.6206128985584,1347.6206128985584,0.9995730554210599,0.0010524902093865995
1347.62755741082,1347.62755741082,1.0006831550956434,0.0010529720133001543
1347.6345019229648,1347.6345019229648,0.9999484026075244,0.0010528990905898281
1347.6414464351099,1347.6414464351099,1.0003568390754278,0.001053349218490372
1347.6483909472554,1347.6483909472554,1.0008697136479927,0.0010534096564684056
1347.6553354594005,1347.6553354594005,0.9996344405399687,0.001052966057155632
1347.6622799714755,1347.6622799714755,0.999527925003504,0.0010532469354700112
1347.6720022883624,1347.6720022883624,1.0002134236295706,0.001052923646067062
1347.6808912636984,1347.6808912636984,0.9995222630575625,0.0010529391661393583
1347.6886691171148,1347.6886691171148,1.0002188826088354,0.001052728647458421
1347.6967247509465,1347.6967247509465,0.9993984204746049,0.0010528364909528252
1347.7050581652413,1347.7050581652413,1.0021373852554565,0.0010527523835107235
1347.7122804575695,1347.7122804575695,0.9994637557438806,0.0010522259034348937
1347.7192249694122,1347.7192249694122,1.0012189504262126,0.0010525975191118576
1347.7378362609363,1347.7378362609363,0.9981448782541656,0.0010507796082821804
1347.7761699653688,1347.7761699653688,0.9993599874376716,0.0010533952519254798
1347.783114476932,1347.783114476932,1.0000323337201562,0.0010538207055684056
1347.790058988495,1347.790058988495,1.0007477678372276,0.0010538286783548468
1347.8133925470206,1347.8133925470206,1.0010667410267762,0.0010528436528912555
1347.82061483886,1347.82061483886,0.9994754555374843,0.0010525094292513763
1347.8283926916006,1347.8283926916006,1.0007909229429166,0.0010529725571030728
1347.8358927638558,1347.8358927638558,0.9987595768870164,0.0010525495587494892
1347.8428372751862,1347.8428372751862,0.9987659059215745,0.0010526819795278297
1347.8497817864468,1347.8497817864468,0.9972074169820999,0.0010524158115377915
1347.8567262976835,1347.8567262976835,0.9979590929341112,0.0010526545435828023
1347.863670808921,1347.863670808921,1.001722196036723,0.001054327109222539
1347.870615320111,1347.870615320111,0.9995216670418161,0.0010526879137431138
1347.877559831255,1347.877559831255,1.0014248983095426,0.0010538246466516097
1347.884504342399,1347.884504342399,1.0009835766133388,0.0010541188159467875
1347.8914488534963,1347.8914488534963,0.9996461139892103,0.0010535874006627126
1347.89839336457,1347.89839336457,1.003271572359447,0.0010537426848018531
1347.9053378755975,1347.9053378755975,1.0009536178836165,0.0010528829895771466
1347.9122823866485,1347.9122823866485,0.9991933839279328,0.0010530040835195912
1347.9197824585076,1347.9197824585076,0.997392097166075,0.0010528077495087608
1347.928949212886,1347.928949212886,0.9985920539429332,0.0010523381006265393
1347.9358937238205,1347.9358937238205,0.9985122183890208,0.001052342317171054
1347.9428382347082,1347.9428382347082,1.001021876210032,0.0010536511483443254
1347.9497827455496,1347.9497827455496,1.000319798713575,0.001053952984232376
1347.9567272563904,1347.9567272563904,1.0013650470772135,0.0010542515740222856
1347.963671767162,1347.963671767162,1.0009108191045424,0.0010529645776977223
1347.9706162779098,1347.9706162779098,1.0013507704617637,0.001052832445088119
1347.9775607886581,1347.9775607886581,0.9981036835091877,0.0010527616146912301
1347.9845052993596,1347.9845052993596,1.0007087538002122,0.0010530494755081308
1347.9914498099913,1347.9914498099913,0.9978899744831576,0.0010524133284204509
1347.9983943206462,1347.9983943206462,1.000657153815207,0.0010527540086447862
1348.0595060123192,1348.0595060123192,1.000527686175668,0.0010528508966397617
1348.1150620948579,1348.1150620948579,0.9994824427354019,0.0010519619716697901
1348.1220066049539,1348.1220066049539,0.998998345973044,0.0010523963649599118
1348.1289511150267,1348.1289511150267,1.0016336514337076,0.001053348498601782
1348.1358956250529,1348.1358956250529,0.9996997816399447,0.0010519990523670734
1348.1433956958645,1348.1433956958645,1.0009911337980757,0.0010530095407700832
1348.1583958373483,1348.1583958373483,0.9986533718718317,0.0010525982401387568
1348.1664514688753,1348.1664514688753,0.999418119495725,0.0010534253573921978
1348.177562684652,1348.177562684652,1.0000071084256001,0.0010529273089283455
1348.1858960964785,1348.1858960964785,0.9998547052071715,0.0010539289398028028
1348.1928406062023,1348.1928406062023,1.0029429119724906,0.0010541397946160424
1348.2006184571505,1348.2006184571505,1.0011429587597198,0.0010535811291188493
1348.2081185276595,1348.2081185276595,0.9999715900715979,0.0010537025823079424
1348.2442299772629,1348.2442299772629,1.0004636167479262,0.001052535820233394
1348.3361752813466,1348.3361752813466,1.0000000237693367,0.00104925915867707
1348.3764534338366,1348.3764534338366,0.9993143689923526,0.0010463602871031842
1348.385897966023,1348.385897966023,1.0002606844758362,0.0010461602402976509
1348.3928424749317,1348.3928424749317,0.9997745873909125,0.0010469601488068906
1348.3997869837942,1348.3997869837942,1.0001489151173157,0.0010473176543848255
1348.406731492633,1348.406731492633,1.000185918555196,0.0010469574445658863
1348.4136760014485,1348.4136760014485,0.998887358807275,0.0010460972435539972
1348.4206205102175,1348.4206205102175,1.000007590448796,0.001046997351686594
1348.4289539206936,1348.4289539206936,0.9988594639079496,0.0010453432739559283
1348.4822877467964,1348.4822877467964,0.998822172787252,0.0010469168197573587
1348.4900655962547,1348.4900655962547,0.9994195638999759,0.0010473119595530715
1348.497010104698,1348.497010104698,1.00059038589039,0.0010488262444522287
1348.5039546130943,1348.5039546130943,1.001545993202797,0.0010494156940431124
1348.5108991214674,1348.5108991214674,1.0001804022849847,0.0010495509076556583
1348.517843629794,1348.517843629794,1.0009428791796242,0.001049377186585566
1348.5247881380974,1348.5247881380974,0.998052097007369,0.0010488061443407217
1348.5525661710315,1348.5525661710315,1.0011285497241915,0.0010509327411606093
1348.5617329217778,1348.5617329217778,1.000285812502486,0.001051021760110586
1348.569232990517,1348.569232990517,0.9998180869323603,0.0010508670195564403
1348.5761774985879,1348.5761774985879,0.9995986513259647,0.0010508154023210297
1348.5958999013217,1348.5958999013217,1.000617391961562,0.0010509465069828369
1348.6103444778753,1348.6103444778753,0.9994707572738823,0.001052217279514402
1348.6178445463822,1348.6178445463822,0.9988482346863385,0.0010529257397934723
1348.6247890542202,1348.6247890542202,0.9989696836889159,0.0010529129124408655
1348.6514559635111,1348.6514559635111,1.0030637937031952,0.001054578239839771
1348.767845908552,1348.767845908552,0.9998823898073009,0.0010560300664083171
1348.8275686694142,1348.8275686694142,0.9987953022360887,0.0010565585964986462
1348.8400687817755,1348.8400687817755,1.0018388168254175,0.0010579537544347102
1348.8592356205347,1348.8592356205347,1.0027707920834914,0.0010605683131233708
1348.8742357550332,1348.8742357550332,0.9992781213545807,0.001059369792591846
1348.9209028392322,1348.9209028392322,1.0013951186782049,0.0010581507003683435
1348.928958466708,1348.928958466708,0.9998207342901386,0.0010587509123586784
1348.9359029731027,1348.9359029731027,0.9998261096451111,0.0010593910567732673
1348.9428474795432,1348.9428474795432,1.0008933078852296,0.0010592210321508136
1348.9500697661206,1348.9500697661206,1.0005038800667925,0.001059037655658479
1348.9639587786992,1348.9639587786992,1.0001356206816545,0.001057406898630372
1348.9720144059422,1348.9720144059422,0.999652064689305,0.001057919392053615
1348.982292275116,1348.982292275116,1.000944016986122,0.0010574808700775837
1349.0142370030903,1349.0142370030903,0.9994564223973663,0.0010557471653872455
1349.04257058745,1349.04257058745,1.0004742141924683,0.001056110932499298
1349.0553484782488,1349.0553484782488,1.0001809687244414,0.0010560624393010378
1349.0622929840374,1349.0622929840374,1.0007246352705574,0.0010554816560136497
1349.094515490565,1349.094515490565,1.0005660056498438,0.0010536621396822492
1349.1070156006913,1349.1070156006913,0.9988899582033174,0.0010544679973094257
1349.120349051344,1349.120349051344,0.9997912540952341,0.0010527255866003599
1349.1359047436245,1349.1359047436245,0.9996479891848293,0.0010555423594789302
1349.176738434758,1349.176738434758,1.0011811550028265,0.0010532426416812574
1349.2059053567798,1349.2059053567798,1.000629782020977,0.0010532100262835512
1349.2142387628787,1349.2142387628787,0.9981013544097316,0.0010519220086912216
1349.2245166303298,1349.2245166303298,0.9996232979729877,0.0010523449976891247
1349.2342389373443,1349.2342389373443,1.0003977920265092,0.001053009059198047
1349.2903505361282,1349.2903505361282,0.9986426217365647,0.001049215590587995
1349.3111840503284,1349.3111840503284,1.0004079056118964,0.001049903586406407
1349.319239675639,1349.319239675639,0.9996920206505479,0.001049464176030524
1349.3261841801007,1349.3261841801007,1.0006486892056323,0.0010499220262083554
1349.333128684632,1349.333128684632,1.000562319219015,0.0010496948994237313
1349.3400731890936,1349.3400731890936,0.9984393281218817,0.0010484467580537972
1349.3478510340817,1349.3478510340817,1.0000059489669486,0.0010486804883605627
1349.3553510988163,1349.3553510988163,1.000997331100374,0.001048984251022347
1349.3622956031613,1349.3622956031613,1.0009591672570075,0.0010481228818876621
1349.3695178876435,1349.3695178876435,0.9990890717427972,0.0010478987370301702
1349.377573512628,1349.377573512628,1.0010601972487603,0.0010476731831763253
1349.3845180168803,1349.3845180168803,0.9997509804974669,0.0010466149915159405
1349.3914625211087,1349.3914625211087,1.0013700654179787,0.0010475174034450222
1349.3997959261135,1349.3997959261135,0.998564669042833,0.0010461648701579286
1349.4067404302496,1349.4067404302496,0.9985835541234469,0.0010457987175193123
1349.413962714522,1349.413962714522,1.0004844243365139,0.001046112416660729
1349.4220183392038,1349.4220183392038,0.9988853415532342,0.0010453785265686672
1349.4289628432696,1349.4289628432696,1.0014354483300838,0.0010460934753183469
1349.4359073472654,1349.4359073472654,1.0006183123236612,0.0010455217410199511
1349.4428518511918,1349.4428518511918,0.9994700260597386,0.0010450492731963646
1349.4497963551412,1349.4497963551412,1.0001998650264723,0.0010451714653884584
1349.456740859021,1349.456740859021,0.999693095777747,0.0010449528596075974
1349.4653520438128,1349.4653520438128,1.0007606047776754,0.0010449198186094077
1349.4734076682387,1349.4734076682387,1.000783265627525,0.0010448208367360113
1349.4814632925948,1349.4814632925948,1.0000310672171964,0.001044036674500034
1349.4911855978166,1349.4911855978166,0.9986261477212182,0.001043729585079573
1349.4984078816465,1349.4984078816465,0.9991241823602678,0.001043763328260874
1349.5081301867287,1349.5081301867287,1.000639040327583,0.0010445278990852016
1349.5164635910583,1349.5164635910583,1.0007803820093288,0.0010445344814884396
1349.523963654885,1349.523963654885,0.9996244652583333,0.001043373321690065
1349.5317414988483,1349.5317414988483,0.9999980884145765,0.0010440323139061926
1349.5400749029918,1349.5400749029918,1.0014686644940576,0.0010441280086782253
1349.5475749667487,1349.5475749667487,0.9991170703176009,0.0010429935781362115
1349.5553528105258,1349.5553528105258,1.0009342318263195,0.0010436026654905596
1349.56229731387,1349.56229731387,0.9987205665197406,0.0010424583417902645
1349.5711862781466,1349.5711862781466,0.9984153025421241,0.001042202279278637
1349.578964121807,1349.578964121807,1.0006819871232018,0.001042767343187193
1349.585908625058,1349.585908625058,0.9996755588451854,0.0010425229826438918
1349.5928531282625,1349.5928531282625,0.9997218657657623,0.001042152823976885
1349.5997976314204,1349.5997976314204,1.001652454903615,0.0010425808173916992
1349.6067421345783,1349.6067421345783,0.9996097437898908,0.0010412990740746313
1349.6136866376428,1349.6136866376428,1.000505173227348,0.0010416075771396737
1349.620631140731,1349.620631140731,0.9998354538199339,0.0010412602397364694
1349.6275756437492,1349.6275756437492,0.9989570635213487,0.001040725855227117
1349.634520146744,1349.634520146744,1.001983221824569,0.001041541346817263
1349.6414646497155,1349.6414646497155,0.9985880992038876,0.001040087804942827
1349.6484091526172,1349.6484091526172,1.0014790779280942,0.0010409636145750972
1349.6567425561084,1349.6567425561084,1.001175912075655,0.001040817393293812
1349.6647981793935,1349.6647981793935,0.9996803085461095,0.0010402839997682974
1349.6720204623384,1349.6720204623384,1.0004780607550412,0.00104074812085555
1349.6814649860273,1349.6814649860273,0.9992088973062032,0.0010399934262718135
1349.6984095726339,1349.6984095726339,0.9993580315888677,0.0010395042797637015
1349.70535407528,1349.70535407528,1.0001313201503557,0.0010390292737847552
1349.7122985778558,1349.7122985778558,0.9995509823080454,0.0010384349364501238
1349.719243080408,1349.719243080408,1.0010745508739087,0.0010385629374880592
1349.7261875829367,1349.7261875829367,1.000392312379001,0.0010384787852148597
1349.7331320854432,1349.7331320854432,1.0008513144661784,0.0010382357923756811
1349.7400765878792,1349.7400765878792,0.9994781235671185,0.0010369952071879146
1349.7470210903152,1349.7470210903152,0.9999557899223867,0.0010373746461086971
1349.7539655926814,1349.7539655926814,0.9989251869619389,0.0010365288002136242
1349.7609100950244,1349.7609100950244,1.0015410847853154,0.00103710841552389
1349.7678545973442,1349.7678545973442,1.0004813422563903,0.001036840630555941
1349.7747990995936,1349.7747990995936,0.9998125086809561,0.0010364580368823818
1349.7817436018436,1349.7817436018436,0.9997175790496904,0.0010364227819959688
1349.78868810407,1349.78868810407,0.9999999472669033,0.0010360159525767602
1349.7956326062272,1349.7956326062272,0.9996177377667383,0.0010363290239907496
1349.8025771083371,1349.8025771083371,0.9975632375735717,0.0010351883485197277
1349.809521610447,1349.809521610447,0.9995173780144073,0.0010360414060929554
1349.8164661125109,1349.8164661125109,1.0002159079140749,0.0010364471022749867
1349.8234106145042,1349.8234106145042,1.0001540421320125,0.0010370872474963178
1349.8303551165216,1349.8303551165216,1.0050488307801348,0.0010393793337309938
1349.837299618445,1349.837299618445,1.0022391130379251,0.0010390472056249827
1349.8442441203692,1349.8442441203692,1.0053629063538274,0.001040793930657573
1349.8511886222461,1349.8511886222461,1.0044023082723996,0.0010412810804853103
1349.858133124077,1349.858133124077,0.9978342281452228,0.0010401314697946
1349.8650776258842,1349.8650776258842,0.9966720397226452,0.0010407116435948765
1349.8720221276453,1349.8720221276453,0.9994886431748953,0.0010423282448452232
1349.8789666293828,1349.8789666293828,0.997726282623584,0.001043021986409091
1349.8859111310505,1349.8859111310505,0.9981439897432847,0.0010440809936767001
1349.892855632718,1349.892855632718,0.9995026287161718,0.0010447770982511995
1349.8998001343393,1349.8998001343393,1.0016410410393768,0.001046560782766334
1349.9067446359143,1349.9067446359143,0.999149723828231,0.001045631929948942
1349.913689137465,1349.913689137465,0.9991378923968652,0.0010456289279133783
1349.92063363897,1349.92063363897,1.0006719238832562,0.0010457239358744159
1349.927578140428,1349.927578140428,0.9998289173291379,0.0010443024388246767
1349.9345226418864,1349.9345226418864,0.9987277015929307,0.0010425911759418896
1349.9414671432514,1349.9414671432514,0.9971824403283677,0.0010409402528653807
1349.9484116446397,1349.9484116446397,0.9966832326126633,0.001039358682250267
1349.9553561459584,1349.9553561459584,0.9977618015751035,0.0010380838542694167
1349.9623006472534,1349.9623006472534,1.0012351994089932,0.001038110280792795
1349.969245148525,1349.969245148525,1.0040348480069654,0.0010378939845204708
1349.9761896497043,1349.9761896497043,1.003762689900833,0.001036643164873226
1349.9831341509062,1349.9831341509062,1.002180970488357,0.0010350443597017232
1349.9900786519918,1349.9900786519918,1.0013701782506303,0.0010339956538852047
1349.9970231531474,1349.9970231531474,0.9999756414714668,0.0010331224316175282
1350.0039676541633,1350.0039676541633,1.0010826877177714,0.0010329186841675725
1350.0109121552491,1350.0109121552491,0.9964922268837249,0.0010311616490090675
1350.0178566562179,1350.0178566562179,0.9992825073206022,0.001031895240258058
1350.0248011571643,1350.0248011571643,0.9993064723748262,0.0010321420907718343
1350.031745658087,1350.031745658087,1.0002423037628525,0.0010325208709314787
1350.0386901589632,1350.0386901589632,0.9994800908894108,0.00103231930573244
1350.0456346598155,1350.0456346598155,0.9986959863471556,0.0010319105287118933
1350.052579160622,1350.052579160622,1.0016962993079017,0.0010330461993592961
1350.0595236613817,1350.0595236613817,1.0009971108185607,0.0010326154899971266
1350.0664681621179,1350.0664681621179,1.0015985863425294,0.0010324196532595679
1350.0734126627844,1350.0734126627844,1.0005239501072183,0.00103199768319058
1350.0803571634513,1350.0803571634513,0.9988925342392708,0.0010312781406282563
1350.0873016640478,1350.0873016640478,0.9997183227039633,0.0010315413880310881
1350.0942461646678,1350.0942461646678,1.0000977607038004,0.0010312910076597335
1350.1011906651715,1350.1011906651715,0.9988770135573191,0.001031063725934188
1350.108135165675,1350.108135165675,0.9999358388377202,0.0010312609218610478
1350.1150796661782,1350.1150796661782,0.9995230508897842,0.0010308647074063848
1350.1220241665658,1350.1220241665658,1.0008366730110445,0.0010312719908574046
1350.1289686669763,1350.1289686669763,1.000709559695867,0.0010310060031838229
1350.1359131672937,1350.1359131672937,1.0002456126373251,0.0010307767130191229
1350.1428576676105,1350.1428576676105,1.0009328836602276,0.0010310543435417352
1350.1498021679047,1350.1498021679047,1.0009629450801771,0.0010312448287843722
1350.1567466681292,1350.1567466681292,0.9991397497851878,0.001030602046682521
1350.1636911683297,1350.1636911683297,0.9992493320767689,0.0010304576851711783
1350.1706356685077,1350.1706356685077,0.9994349855506925,0.001030588161710887
1350.1775801686151,1350.1775801686151,1.000756575796722,0.0010309439144577386
1350.1845246686999,1350.1845246686999,1.0006051022831177,0.0010310270690773358
1350.1914691687377,1350.1914691687377,1.000145193183247,0.001030935919937941
1350.198413668729,1350.198413668729,1.000198937025186,0.0010304563607651657
1350.2053581687674,1350.2053581687674,1.0000500419974137,0.00103030536146157
1350.2123026686884,1350.2123026686884,0.9994847730786571,0.0010303095800573308
1350.21924716854,1350.21924716854,1.00077446857988,0.001030527564742271
1350.2261916684151,1350.2261916684151,0.9984039575339929,0.0010296149825651394
1350.2331361682204,1350.2331361682204,1.0015671513190934,0.0010309163175007752
1350.2400806679786,1350.2400806679786,1.000319355172929,0.0010301143617800494
1350.247025167714,1350.247025167714,1.000162833111069,0.0010301756379103963
1350.2539696674262,1350.2539696674262,1.0010341677355168,0.0010304655621103545
1350.260914167068,1350.260914167068,1.002117538573063,0.0010307686112017876
1350.2678586666868,1350.2678586666868,0.9981240463927653,0.0010293112489816476
1350.2748031662827,1350.2748031662827,0.999038574004987,0.001029802850863909
1350.2817476658547,1350.2817476658547,0.999259952770878,0.0010299622261898543
1350.288692165334,1350.288692165334,1.0017245308574243,0.0010305177682351546
1350.295636664813,1350.295636664813,0.9993521249461811,0.0010301551311517453
1350.3025811642456,1350.3025811642456,0.9987874560193661,0.0010298205976582856
1350.3095256636311,1350.3095256636311,1.0014200713406687,0.001030731210063778
1350.316470162971,1350.316470162971,1.0025645782155865,0.0010308030939528174
1350.3234146623104,1350.3234146623104,0.9976182353173065,0.0010291645173077543
1350.3303591615336,1350.3303591615336,0.9986341705781345,0.0010294689535832085
1350.3373036607795,1350.3373036607795,0.9989146033234977,0.001029402135399689
1350.3442481599793,1350.3442481599793,0.999841857015004,0.0010296213518241198
1350.3511926591327,1350.3511926591327,0.9999870268772089,0.001029551288593685
1350.3584149381895,1350.3584149381895,1.0001404659507185,0.0010294378309036046
1350.3664705571439,1350.3664705571439,1.0006542417639193,0.0010293049909412717
1350.3734150561575,1350.3734150561575,0.9993712449622653,0.0010289239984946751
1350.3803595551474,1350.3803595551474,1.0007229425826774,0.0010291735305722398
1350.3873040539913,1350.3873040539913,0.999567813817215,0.001028750745275677
1350.394248552471,1350.394248552471,1.000514510561387,0.0010287317576381826
1350.401193050925,1350.401193050925,1.0003320831911773,0.001029146358163964
1350.4081375492847,1350.4081375492847,1.0007466351395258,0.0010289040074837376
1350.4150820476675,1350.4150820476675,1.000921238507591,0.0010291686883747218
1350.4220265459803,1350.4220265459803,1.0005236456198965,0.00102902685086903
1350.4289710442013,1350.4289710442013,0.999367310146041,0.001028583573619787
1350.4359155424445,1350.4359155424445,0.999653499235652,0.001029163196980726
1350.442860040618,1350.442860040618,0.9985125428073175,0.0010284179454929409
1350.449804538768,1350.449804538768,1.0008021469750097,0.0010293381437802543
1350.4567490368725,1350.4567490368725,0.9991639896674389,0.00102855639272394
1350.4636935349527,1350.4636935349527,1.0010524495381081,0.0010292712622041328
1350.470638032986,1350.470638032986,1.001270742388547,0.0010296734721477435
1350.4775825309503,1350.4775825309503,1.0011388401223715,0.0010294015694108324
1350.4845270288915,1350.4845270288915,0.9997189172970226,0.0010286607889531843
1350.491471526809,1350.491471526809,1.0004190448349868,0.0010289273107159168
1350.498416024679,1350.498416024679,0.9987501721702582,0.0010283629313546131
1350.5053605224805,1350.5053605224805,1.0005207420111817,0.0010286128892418125
1350.5123050203053,1350.5123050203053,1.0013038720853518,0.001028803955321911
1350.5192495180595,1350.5192495180595,0.9990391745163754,0.0010285134321391825
1350.5261940157204,1350.5261940157204,1.0003576541763366,0.0010286848977886548
1350.5331385134054,1350.5331385134054,0.9999663203850258,0.00102905427295253
1350.5400830109973,1350.5400830109973,0.9989319710133288,0.0010287100406961122
1350.5470275085884,1350.5470275085884,1.0018139926674636,0.0010297419527270314
1350.5539720061333,1350.5539720061333,1.0005660991387626,0.001029114203986618
1350.560916503632,1350.560916503632,0.9990304266618024,0.0010285896231402942
1350.5678610011073,1350.5678610011073,1.0009266977027282,0.0010294592979174578
1350.5748054985124,1350.5748054985124,0.9988189760473695,0.0010284437319462417
1350.5817499958937,1350.5817499958937,0.9999474524528382,0.0010288492269333383
1350.5886944932297,1350.5886944932297,1.0006907835122298,0.0010289929416511412
1350.5956389905186,1350.5956389905186,0.9997029944893431,0.0010287777056497778
1350.6025834877842,1350.6025834877842,1.0007759050038587,0.0010289566096546088
1350.609527984956,1350.609527984956,0.9998748543243193,0.0010286382446305768
1350.616472482199,1350.616472482199,0.9998578613644591,0.0010285914506188124
1350.623416979255,1350.623416979255,1.0005877319686658,0.0010287625439306506
1350.6303614764038,1350.6303614764038,1.0001592697125872,0.0010286244132388337
1350.637305973436,1350.637305973436,0.9997481621403981,0.001028527936385369
1350.6442504704467,1350.6442504704467,0.9996806783799626,0.0010285694096393238
1350.651194967409,1350.651194967409,1.0001043944368173,0.0010286738414916562
1350.658139464325,1350.658139464325,1.0016566434469059,0.001029351232627096
1350.665083961218,1350.665083961218,0.9996070578423033,0.001028396696465118
1350.672028458042,1350.672028458042,0.9991934475553579,0.001028403214394396
1350.6789729548648,1350.6789729548648,1.0013830786018816,0.0010287938932051163
1350.6859174516176,1350.6859174516176,0.999356945356611,0.0010283935179734665
1350.6928619483244,1350.6928619483244,0.9982308910224005,0.0010280906141556306
1350.6998064449851,1350.6998064449851,0.9996967508080509,0.0010282119552258533
1350.7067509416688,1350.7067509416688,1.0007749348650443,0.0010286733534607534
1350.7136954382354,1350.7136954382354,1.0009840640217422,0.0010287162486705389
1350.7206399348024,1350.7206399348024,0.9991656008847494,0.0010283543657027554
1350.7275844312767,1350.7275844312767,1.00150666499573,0.001028965445460252
1350.7345289277505,1350.7345289277505,0.9998580313678384,0.001028653331726268
1350.7414734241775,1350.7414734241775,0.9997917213867407,0.001028475152088084
1350.748417920558,1350.748417920558,1.0008626609081492,0.001028925195888063
1350.7553624168934,1350.7553624168934,0.9997887422297526,0.0010286145208525002
1350.7623069131805,1350.7623069131805,0.9998557204483192,0.0010287195025279092
1350.7692514094447,1350.7692514094447,1.0018978196961783,0.0010293892806914557
1350.776195905663,1350.776195905663,0.9988872574080198,0.0010286411173439432
1350.7831404018343,1350.7831404018343,1.002006513340541,0.0010294936083218085
1350.7900848979584,1350.7900848979584,0.9986548345610601,0.0010283317878831176
1350.7970293940132,1350.7970293940132,1.000566617651891,0.0010290228646216474
1350.8039738901152,1350.8039738901152,1.001198476989182,0.0010288813849956692
1350.8109183861002,1350.8109183861002,0.9999772992254028,0.0010287282267836084
1350.8178628820383,1350.8178628820383,1.0002874925629377,0.0010287786196203086
1350.824807377953,1350.824807377953,0.9996965844217067,0.0010285704271793318
1350.831751873799,1350.831751873799,1.0005135673282122,0.0010283648577424653
1350.8386963696444,1350.8386963696444,0.9997781041141568,0.001028670441846629
1350.8456408654197,1350.8456408654197,1.001029415286131,0.001028782800482645
1350.8525853611714,1350.8525853611714,1.0000693199276323,0.0010287882617994121
1350.8595298568548,1350.8595298568548,0.9986362291827712,0.0010281805591930238
1350.8664743525133,1350.8664743525133,1.0007205547623796,0.0010288338926859708
1350.8734188481485,1350.8734188481485,1.001326524408594,0.0010293668404815497
1350.8803633436912,1350.8803633436912,1.0000391271750273,0.0010286753882328568
1350.8873078392346,1350.8873078392346,0.9992881821699596,0.0010283640464102588
1350.8942523346836,1350.8942523346836,1.0002255166767937,0.0010285645119896868
1350.9011968301797,1350.9011968301797,0.9999337123407764,0.0010289487215836108
1350.908141325559,1350.908141325559,1.0016995110101423,0.0010290717961040524
1350.9150858208693,1350.9150858208693,1.0004185625968427,0.0010287367080426871
1350.9220303162024,1350.9220303162024,1.0012625659616063,0.0010291148678194118
1350.9289748114652,1350.9289748114652,0.998936781116506,0.0010281952729862937
1350.9359193066816,1350.9359193066816,1.0010671999969036,0.0010291044573118638
1350.9428638018528,1350.9428638018528,0.9993977707806133,0.0010286102426338
1350.9498082969756,1350.9498082969756,0.9992746948368108,0.0010283817191190227
1350.9567527920758,1350.9567527920758,0.9988634961353868,0.0010284175046429065
1350.9636972871062,1350.9636972871062,1.0009012250530875,0.001029084115780188
1350.970641782114,1350.970641782114,0.9990308760319925,0.0010282433562019996
1350.9775862770741,1350.9775862770741,1.0016381704666646,0.0010290489500255097
1350.9845307719875,1350.9845307719875,1.0002468984052681,0.00102913008558066
1350.99258638598,1350.99258638598,0.9999168511944492,0.001028574042498905
1350.9998086605942,1350.9998086605942,0.9986444606187412,0.0010281445199877865
1351.0067531554146,1351.0067531554146,1.0002059425068943,0.0010288706445033202
1351.0136976501185,1351.0136976501185,1.001001257409612,0.0010288916181586713
1351.0206421448004,1351.0206421448004,1.0001561180041336,0.0010288715155104527
1351.0275866394581,1351.0275866394581,0.9992703178237502,0.0010285729677810018
1351.0345311340225,1351.0345311340225,1.000458531500597,0.0010290233818704816
1351.0414756285638,1351.0414756285638,0.9998550882675463,0.0010291385295449417
1351.048420123083,1351.048420123083,1.0000364570547173,0.0010288807592832609
1351.0553646175308,1351.0553646175308,1.0006577286407272,0.0010294708660754776
1351.0623091119555,1351.0623091119555,0.9990924035249108,0.001028970555757992
1351.0692536063336,1351.0692536063336,1.0004487134136457,0.0010295380538818618
1351.076198100643,1351.076198100643,0.999809761039003,0.0010294604016610866
1351.0831425949516,1351.0831425949516,1.001052817229506,0.0010302293835337084
1351.09008708919,1351.09008708919,0.9998333939178126,0.001029638981604718
1351.0970315833122,1351.0970315833122,1.0000172990017142,0.0010292437945014705
1351.103976077482,1351.103976077482,1.0006913986936463,0.0010298010793101647
1351.1109205715807,1351.1109205715807,0.9998182138512334,0.0010292074085631047
1351.117865065633,1351.117865065633,0.9999093695438951,0.0010292015853771062
1351.1248095596388,1351.1248095596388,0.9998053303016293,0.0010288792752701794
1351.1317540535988,1351.1317540535988,0.9979051630424489,0.0010284491776003173
1351.1386985475115,1351.1386985475115,1.0005090036742832,0.001029178087398662
1351.1456430414005,1351.1456430414005,1.0011616016705691,0.0010292959680132695
1351.1525875351967,1351.1525875351967,1.0003002440460824,0.0010289283700881048
1351.1595320289707,1351.1595320289707,0.9986303151916782,0.001028332092225848
1351.1664765226737,1351.1664765226737,1.001384272087899,0.0010296736882467327
1351.1734210164232,1351.1734210164232,1.0000924813289456,0.0010288938966615936
1351.18036551001,1351.18036551001,1.000552360863757,0.0010291120506959906
1351.1873100036441,1351.1873100036441,1.002083344339765,0.001029850409152763
1351.1942544971607,1351.1942544971607,0.9977119334375771,0.0010284290874050506
1351.2011989906773,1351.2011989906773,0.998528227985718,0.0010285042143729768
1351.2081434841248,1351.2081434841248,1.001352298800059,0.0010299792116685706
1351.2150879775488,1351.2150879775488,0.9994016776579155,0.0010290536490646406
1351.2220324709028,1351.2220324709028,0.9994831769656614,0.001028879056657343
1351.2289769642096,1351.2289769642096,0.9994125052256659,0.0010292551053641588
1351.2359214574712,1351.2359214574712,1.0005981674435227,0.0010290123823442972
1351.2428659506854,1351.2428659506854,1.0013438524074059,0.0010298717624902672
1351.249810443876,1351.249810443876,1.0003422409602287,0.0010293922829180406
1351.2567549369505,1351.2567549369505,0.9993400989721174,0.0010290886997246828
1351.265088328641,1351.265088328641,0.9990566002976087,0.0010289512818563858
1351.2720328217154,1351.2720328217154,1.0007608991196033,0.0010293881751030649
1351.2792550943964,1351.2792550943964,1.0011763589339275,0.0010297068556458845
1351.2873107061996,1351.2873107061996,0.9982325113718584,0.0010288076209341844
1351.294255199089,1351.294255199089,1.0002084488713023,0.0010294401351827226
1351.3011996919067,1351.3011996919067,0.9998164298534931,0.001029504795241073
1351.3086997441012,1351.3086997441012,1.0003422528947135,0.0010293727382042817
1351.318144254194,1351.318144254194,0.9993778674100937,0.0010296093701967963
1351.326199865672,1351.326199865672,1.0011615823987403,0.001029571044147212
1351.3339776974026,1351.3339776974026,1.0006425201829101,0.001029943713513112
1351.3414777493178,1351.3414777493178,1.000019770578977,0.0010296486813819738
1351.3484222418115,1351.3484222418115,0.9986631031697424,0.0010291622024203976
1351.3553667343035,1351.3553667343035,1.0000641957622483,0.0010292646799650315
1351.3623112267255,1351.3623112267255,1.0010366972171838,0.0010294434459441402
1351.3692557191018,1351.3692557191018,0.9974752563871203,0.001028767273394108
1351.3762002113856,1351.3762002113856,1.0017725968785443,0.0010301405979754475
1351.3831447036682,1351.3831447036682,1.0003754169144385,0.0010296056294086873
1351.390644755234,1351.390644755234,0.9989272734301393,0.0010291863369288445
1351.3984225864765,1351.3984225864765,1.000150892461167,0.0010294604282195855
1351.4053670785736,1351.4053670785736,1.0003271406606564,0.00102962008309183
1351.4123115706232,1351.4123115706232,1.0004756247327986,0.0010296409533597794
1351.4192560626495,1351.4192560626495,1.0008359536550966,0.0010296138226217094
1351.4262005545847,1351.4262005545847,0.9999218360860865,0.0010292931791579668
1351.4331450464947,1351.4331450464947,0.9988005117019911,0.001028578891502496
1351.440089538405,1351.440089538405,1.0011971857204582,0.0010297736251845564
1351.4470340301984,1351.4470340301984,0.999498633095568,0.0010293634637434062
1351.4539785219702,1351.4539785219702,1.0007834466931143,0.001029708773133535
1351.4609230136944,1351.4609230136944,0.9996644518746638,0.0010292699362563348
1351.4678675053715,1351.4678675053715,0.9998358862590351,0.0010295485612618913
1351.4748119970022,1351.4748119970022,1.000472987985908,0.0010294634735958708
1351.4817564885411,1351.4817564885411,1.0006773585822564,0.0010297299032042196
1351.4887009800786,1351.4887009800786,0.9995104430977977,0.0010293237798988915
1351.4956454715466,1351.4956454715466,0.9994894680816104,0.0010291551657781587
1351.502589962968,1351.502589962968,0.9995656268138926,0.0010292046085818571
1351.509534454367,1351.509534454367,0.9993622283975998,0.0010289369736763785
1351.5164789456953,1351.5164789456953,1.0008067076929819,0.0010297004459144956
1351.5234234369532,1351.5234234369532,0.9998716986546758,0.0010293230949111058
1351.5303679281888,1351.5303679281888,1.0004780965844016,0.0010293180670680638
1351.537312419378,1351.537312419378,0.9994193139333983,0.0010289691712144027
1351.544256910473,1351.544256910473,1.0004631715440673,0.001029466008691624
1351.551201401545,1351.551201401545,1.0013279008207134,0.0010296916578080644
1351.558145892594,1351.558145892594,1.0017515430854171,0.0010299207154714656
1351.5650903835508,1351.5650903835508,0.9987882900945563,0.0010288765417658947
1351.5720348744828,1351.5720348744828,0.9995941355779214,0.0010294701544049227
1351.5789793653685,1351.5789793653685,1.0009592050080147,0.0010298364167591386
1351.5859238561852,1351.5859238561852,1.00074780682194,0.0010298461186017992
1351.5942572450808,1351.5942572450808,0.9987904403017811,0.001029154007354051
1351.6012017358269,1351.6012017358269,0.9989830577923087,0.0010290527026738615
1351.6081462264797,1351.6081462264797,1.0002222888548142,0.0010295794296567404
1351.6150907171104,1351.6150907171104,1.0004648621811036,0.0010299334511990124
1351.6220352076703,1351.6220352076703,1.0006173720422369,0.0010298525741260943
1351.6289796981832,1351.6289796981832,1.001478007930576,0.00102995719477712
1351.6359241886498,1351.6359241886498,1.0009478780393248,0.0010295976750124814
1351.6428686790482,1351.6428686790482,0.9988672620476201,0.0010294546307598553
1351.6520354062973,1351.6520354062973,0.999533430092367,0.0010295893541476748
1351.6595354558372,1351.6595354558372,0.9989202460800624,0.001029312401138266
1351.6664799460486,1351.6664799460486,1.0014465759375513,0.0010300635657448846
1351.6745355546395,1351.6745355546395,0.9989661316807039,0.00102931462718029
1351.6817578244097,1351.6817578244097,1.0020639269987002,0.0010303927021584067
1351.6887023144805,1351.6887023144805,0.9997308396286533,0.0010294765428562108
1351.6970357024923,1351.6970357024923,1.0004054855978803,0.0010295925095896654
1351.7039801924466,1351.7039801924466,0.9995598547930937,0.00102946940961219
1351.7109246823777,1351.7109246823777,0.9990637628521372,0.001028969929293974
1351.7178691722156,1351.7178691722156,1.0002424571601995,0.0010291753202666689
1351.7248136620317,1351.7248136620317,0.9993766783926455,0.0010288479022734587
1351.7317581517764,1351.7317581517764,1.0003246855872951,0.001029255234248775
1351.7387026414747,1351.7387026414747,1.0003782045755631,0.0010292803422178945
1351.7456471311266,1351.7456471311266,1.0021786807283015,0.0010300287043798855
1351.7525916207094,1351.7525916207094,1.0007293420947507,0.0010295656899897176
1351.7606472286013,1351.7606472286013,0.9996743814796207,0.0010293035762358959
1351.7678694976498,1351.7678694976498,0.9996250559509509,0.0010292114942743566
1351.7748139870928,1351.7748139870928,1.0006109979235451,0.0010293514949280744
1351.7817584764657,1351.7817584764657,0.9999285447998693,0.0010294792193131699
1351.7906474228046,1351.7906474228046,0.9999525693620157,0.0010300569841742296
1351.7984252507401,1351.7984252507401,1.0009102717526022,0.0010298451593330914
1351.8053697399512,1351.8053697399512,0.9989074962493275,0.001029251643715651
1351.8123142290906,1351.8123142290906,1.0010429033099888,0.0010300357137755863
1351.8200920568866,1351.8200920568866,1.0000986281751283,0.0010292819087323712
1351.8275921050533,1351.8275921050533,0.9997423604933466,0.0010296719724974008
1351.8345365940306,1351.8345365940306,1.0003826415442363,0.0010299202324200757
1351.8414810829372,1351.8414810829372,1.0002847751423023,0.0010299914248719743
1351.8484255717976,1351.8484255717976,0.9988824017631959,0.0010294059420440245
1351.8553700606346,1351.8553700606346,1.0001997684157637,0.0010298956492245034
1351.862314549379,1351.862314549379,1.0010719958947851,0.0010301665751590414
1351.8692590380992,1351.8692590380992,0.9988923503166116,0.0010296049544093024
1351.8762035267735,1351.8762035267735,0.9991132762067595,0.0010295488795833572
1351.883148015378,1351.883148015378,0.99987007247674,0.0010298842401360061
1351.890092503913,1351.890092503913,1.0000953127959604,0.001029647996037264
1351.8970369924004,1351.8970369924004,1.0011933761807952,0.0010300178989039916
1351.9039814809107,1351.9039814809107,1.0003290175369668,0.0010299503195110517
1351.9109259692364,1351.9109259692364,1.0016386030644502,0.0010303349864771774
1351.917870457608,1351.917870457608,0.9987996261628558,0.0010292441990746792
1351.9248149458858,1351.9248149458858,0.9998763863860537,0.0010297816468311052
1351.9317594341173,1351.9317594341173,1.001505470814935,0.00103032277371498
1351.9387039222797,1351.9387039222797,0.9977162381567892,0.0010290084292710372
1351.9456484103953,1351.9456484103953,1.0017587858442707,0.001030242358245688
1351.9525928984872,1351.9525928984872,1.0003545514094982,0.0010297521090508741
1351.9595373864856,1351.9595373864856,0.9993818398563381,0.0010296260757662436
1351.9664818744623,1351.9664818744623,1.0010025920088887,0.0010300736894966593
1351.973426362391,1351.973426362391,1.0007410655914055,0.0010301554963527727
1351.98037085025,1351.98037085025,1.000988564514166,0.0010298436380724377
1351.9873153380158,1351.9873153380158,0.9974510834113349,0.0010290943979722263
1351.9942598257596,1351.9942598257596,0.9991537799119966,0.0010297071756046523
1352.0012043134552,1352.0012043134552,1.0009825330838458,0.0010299747767829903
1352.0081488010815,1352.0081488010815,1.0000775281231165,0.0010297112048439502
1352.0170377451857,1352.0170377451857,0.9992694918341487,0.0010294841323893605
1352.02481557119,1352.02481557119,1.002194337130494,0.0010309168800175493
1352.0317600586527,1352.0317600586527,0.9991559642709589,0.0010296955353655654
1352.038704546046,1352.038704546046,0.9999662932832664,0.0010301593491282976
1352.0456490333704,1352.0456490333704,1.0037919417647019,0.0010309647752376658
1352.0525935207174,1352.0525935207174,0.9999984651980961,0.0010297962658578962
1352.0595380079244,1352.0595380079244,0.9997143051044933,0.0010299340271878617
1352.066482495085,1352.066482495085,1.0000309241522205,0.0010298943878891509
1352.0734269821996,1352.0734269821996,0.9975053913643934,0.001029193541691962
1352.0803714692906,1352.0803714692906,1.0008634067460487,0.0010304095098000745
1352.0873159563112,1352.0873159563112,1.001794695838757,0.001030515443822487
1352.094260443262,1352.094260443262,1.0020046223117132,0.0010307401894202673
1352.1012049301676,1352.1012049301676,0.9991040331795957,0.0010296871664633438
1352.1081494170257,1352.1081494170257,1.000718951471436,0.0010307515408663902
1352.1150939037902,1352.1150939037902,0.9995902725750595,0.0010302701196969982
1352.122038390578,1352.122038390578,1.0002631508717272,0.0010301949215980406
1352.1289828772506,1352.1289828772506,1.0005002631294553,0.001030245447233542
1352.1359273638755,1352.1359273638755,1.0007097976975639,0.0010303263666217705
1352.142871850454,1352.142871850454,0.9989187753598522,0.0010297691701979506
1352.1498163369624,1352.1498163369624,1.0003999011367295,0.001030452408841535
1352.1567608234257,1352.1567608234257,1.001672515155354,0.0010307380509918388
1352.163705309818,1352.163705309818,0.9999360087347064,0.0010306450704324903
1352.1706497962098,1352.1706497962098,0.9996561468883589,0.0010302322436638012
1352.1775942825093,1352.1775942825093,0.9990665334106594,0.0010298547329494528
1352.1970388438397,1352.1970388438397,1.0003246839023219,0.0010292756138484713
1352.2039833299295,1352.2039833299295,0.9994793203246448,0.0010294717877101839
1352.2109278159967,1352.2109278159967,1.000507568717904,0.0010296060450822463
1352.2178723019697,1352.2178723019697,0.9995688212750015,0.0010296259308484905
1352.2248167878963,1352.2248167878963,1.0003314853551166,0.0010299932593541515
1352.2317612737763,1352.2317612737763,1.000261268547219,0.0010300796080590282
1352.2387057595872,1352.2387057595872,0.9996072233070066,0.0010296375689956045
1352.2456502453504,1352.2456502453504,1.0006486218834503,0.0010300852380464892
1352.2525947310673,1352.2525947310673,1.000518122206584,0.0010300308024193106
1352.2595392167148,1352.2595392167148,1.0008276093593957,0.001030227117180579
1352.266483702293,1352.266483702293,1.0004118122081822,0.0010302940043908726
1352.27342818787,1352.27342818787,0.9992664989165855,0.0010300823006798932
1352.2803726733077,1352.2803726733077,1.0000733862320734,0.0010302720047537742
1352.2873171587921,1352.2873171587921,0.999962335938912,0.0010301040930437058
1352.2942616441605,1352.2942616441605,0.9992671289320079,0.0010295868087849425
1352.3012061294817,1352.3012061294817,1.0003221814357528,0.0010296537547289833
1352.308150614756,1352.308150614756,1.000725219138517,0.0010299483271815253
1352.3150950999848,1352.3150950999848,0.998802102533584,0.0010297698577672767
1352.3220395851433,1352.3220395851433,1.0005633633037865,0.001030754987168857
1352.328984070255,1352.328984070255,1.0014442735776026,0.0010321218901000763
1352.3359285552965,1352.3359285552965,1.0016982478194385,0.0010329855700599152
1352.3428730403161,1352.3428730403161,1.0033033054626488,0.0010343741299310364
1352.3498175252414,1352.3498175252414,1.0038607683762026,0.0010356600994313187
1352.356762010167,1352.356762010167,0.9986575036015992,0.0010346625947441708
1352.3637064949758,1352.3637064949758,0.9972945430632801,0.0010355312128255542
1352.370650979739,1352.370650979739,0.9958672900009354,0.001036246084147769
1352.3775954644784,1352.3775954644784,0.9987887961193165,0.0010384923959279447
1352.3845399491472,1352.3845399491472,0.9997466826125392,0.0010396172337714907
1352.3914844337698,1352.3914844337698,1.000302126371069,0.0010404919170524055
1352.39842891837,1352.39842891837,1.0013144879434484,0.0010419590472085193
1352.4053734028766,1352.4053734028766,1.001262537247254,0.0010422136283114354
1352.412317887336,1352.412317887336,1.0001452289280717,0.0010414881497986998
1352.4192623717026,1352.4192623717026,0.9989786759220287,0.0010407640378152986
1352.4262068560474,1352.4262068560474,0.9982529806027053,0.0010395191620035877
1352.4331513403902,1352.4331513403902,0.9987059476553146,0.0010386324760022238
1352.4400958246636,1352.4400958246636,0.9968557026257177,0.0010370613346489018
1352.447040308844,1352.447040308844,0.9975970458240646,0.00103637616211946
1352.4539847930018,1352.4539847930018,0.9968288904102502,0.001035129687634817
1352.4609292770888,1352.4609292770888,1.0015721989418733,0.0010354627134619404
1352.4678737611296,1352.4678737611296,1.0044241487909695,0.0010356334239170141
1352.4748182451237,1352.4748182451237,1.0059273957187445,0.0010350548348296144
1352.4817627290722,1352.4817627290722,1.00240843233477,0.001033238924325781
1352.4887072129263,1352.4887072129263,1.0013391235409892,0.0010319181025480995
1352.4956516968039,1352.4956516968039,1.000548720188061,0.0010311549702456024
1352.5025961805652,1352.5025961805652,0.9987216535294297,0.0010302938347061474
1352.5095406643275,1352.5095406643275,1.0003989481497566,0.0010301176903407493
1352.516485147972,1352.516485147972,0.9977326502982808,0.0010294137467118517
1352.5234296315934,1352.5234296315934,0.9992557804542794,0.0010303370707672834
1352.5303741151924,1352.5303741151924,1.000565003362956,0.0010307429218305146
1352.5373185987212,1352.5373185987212,0.9985939136924987,0.001030659251970583
1352.544263082203,1352.544263082203,1.000477544703605,0.0010312369367067246
1352.5512075656377,1352.5512075656377,1.0005175027133446,0.0010314312976345851
1352.5581520490273,1352.5581520490273,1.000625431402234,0.0010313364522388277
1352.5650965323466,1352.5650965323466,1.0017638345859745,0.0010319570142017231
1352.5720410156187,1352.5720410156187,0.9989043744700684,0.001030892179010777
1352.5789854989143,1352.5789854989143,1.0013476996776864,0.001031680311604159
1352.5859299820943,1352.5859299820943,0.9982536353030627,0.0010305783121290512
1352.5928744652035,1352.5928744652035,0.9999310717413017,0.0010311512626288303
1352.5998189482896,1352.5998189482896,1.00103524613505,0.0010316084593449686
1352.606763431352,1352.606763431352,0.9989040289231971,0.0010306209516212314
1352.613707914346,1352.613707914346,1.0009476172553105,0.0010316218111556504
1352.6206523972924,1352.6206523972924,1.0001222567296264,0.0010313962874939349
1352.6275968802152,1352.6275968802152,0.9994404056478634,0.0010311418445591507
1352.6345413630684,1352.6345413630684,1.0013298602686926,0.001031691518360059
1352.6414858458993,1352.6414858458993,1.000394765737994,0.0010312943830647274
1352.6484303286593,1352.6484303286593,1.0002351921842356,0.0010308382736922178
1352.655374811373,1352.655374811373,1.000362189599296,0.0010308053286881631
1352.6623192940397,1352.6623192940397,0.9987975070203611,0.0010305261764682197
1352.6692637767308,1352.6692637767308,0.9997067422683379,0.0010305793790615497
1352.6762082593045,1352.6762082593045,0.9991543854377927,0.0010305566820062067
1352.6831527418317,1352.6831527418317,1.000376515969633,0.0010302903807695254
1352.6906527829672,1352.6906527829672,1.0004197981633052,0.001030443511508898
1352.6984306033132,1352.6984306033132,0.9997940962029125,0.0010307505464530946
1352.7053750857472,1352.7053750857472,1.000452551626479,0.0010308333025519424
1352.7123195681113,1352.7123195681113,1.00076272807046,0.001030868864937701
1352.7192640504297,1352.7192640504297,1.0005095379964144,0.001030816065523559
1352.726208532748,1352.726208532748,0.9998989960396324,0.0010308475970157687
1352.733153015019,1352.733153015019,1.0009446108842286,0.0010313399495409394
1352.74009749722,1352.74009749722,0.999688128103904,0.001031161263232253
1352.7470419794217,1352.7470419794217,0.9993198214549345,0.0010310109256157563
1352.7539864615537,1352.7539864615537,0.9992530448811763,0.0010311877786329919
1352.7609309436618,1352.7609309436618,1.0001517087345793,0.0010316042891093933
1352.7678754257463,1352.7678754257463,1.000846414510439,0.0010319414030242609
1352.7748199078092,1352.7748199078092,0.999329025790878,0.0010315433618439602
1352.781764389801,1352.781764389801,1.0006207704611527,0.0010317974750172476
1352.7887088717225,1352.7887088717225,0.9988761877160177,0.001031446705621297
1352.7956533536676,1352.7956533536676,1.000525138555542,0.0010323828010652466
1352.8025978355906,1352.8025978355906,1.0009026108734058,0.001032126347869196
1352.809542317466,1352.809542317466,0.9994442960133408,0.0010317191647680158
1352.8164867992712,1352.8164867992712,1.0003416942127614,0.0010321079910505864
1352.8234312810996,1352.8234312810996,0.9996310213979376,0.0010319464904253134
1352.8303757628598,1352.8303757628598,1.0008661613866403,0.0010322552481744425
1352.837320244642,1352.837320244642,0.9993975716450917,0.0010317897383669216
1352.8442647263541,1352.8442647263541,0.9992000809663498,0.0010314970119120128
1352.8512092080196,1352.8512092080196,0.9986525059886551,0.0010314148565233059
1352.8581536897098,1352.8581536897098,1.0010473568627951,0.0010321580052641975
1352.8650981713288,1352.8650981713288,1.001362681920961,0.0010320789153577049
1352.8720426529483,1352.8720426529483,0.9996176775646235,0.0010313707811399216
1352.8789871345207,1352.8789871345207,1.0000801495102807,0.0010316223040698243
1352.8859316161174,1352.8859316161174,0.9999716058324994,0.0010313954754366124
1352.8928760976437,1352.8928760976437,0.9996659849945863,0.0010315961530585778
1352.8998205791927,1352.8998205791927,1.0006044873748352,0.0010319504945609484
1352.9067650606726,1352.9067650606726,0.9999222906657803,0.0010313727730971891
1352.913709542176,1352.913709542176,1.0006053484782247,0.0010319507695454122
1352.920654023609,1352.920654023609,1.0004405392970808,0.0010318101934463579
1352.927598505042,1352.927598505042,0.998954596871642,0.0010317524662948553
1352.9345429864748,1352.9345429864748,0.998574998096319,0.0010317007086568142
1352.9414874679085,1352.9414874679085,1.000469998288557,0.001031992841545704
1352.9484319493415,1352.9484319493415,0.9996066436315335,0.001031960217342797
1352.9553764307275,1352.9553764307275,1.0009718172345508,0.0010324645715278674
1352.9623209120914,1352.9623209120914,1.0030078281923342,0.0010332638722637673
1352.9692653934783,1352.9692653934783,1.0016804862964437,0.0010326355973006463
1352.976209874841,1352.976209874841,0.9996815668606492,0.0010324269673086099
1352.9831543561575,1352.9831543561575,1.000548528172315,0.0010327039048079571
1352.9900988375214,1352.9900988375214,0.9992545767064591,0.0010319636825437315
1352.9970433188614,1352.9970433188614,0.9988006801143545,0.0010317553595613842
1353.0039878001778,1353.0039878001778,1.0008860355172287,0.001032427400043771
1353.0109322815174,1353.0109322815174,0.9989383490193131,0.001031840620343478
1353.017876762835,1353.017876762835,1.0002770945718755,0.0010321269659144669
1353.024821244175,1353.024821244175,0.998918625078321,0.0010320250685054446
1353.0317657254914,1353.0317657254914,1.0008798850278697,0.001032216864852404
1353.0387102068078,1353.0387102068078,1.0013188709287666,0.0010326947927022487
1353.0456546881483,1353.0456546881483,1.0012237878328627,0.0010326047039657432
1353.052599169488,1353.052599169488,1.0006057446109027,0.0010322666789150286
1353.059543650828,1353.059543650828,0.9986230873229809,0.001031794945835687
1353.0664881321907,1353.0664881321907,1.0019646059101066,0.0010329327109196954
1353.0734326135084,1353.0734326135084,0.9993125656598181,0.0010323373530326866
1353.0803770948946,1353.0803770948946,1.0001967479834666,0.0010325202140738815
1353.0873215762579,1353.0873215762579,0.9998231166390787,0.0010328278685842042
1353.0942660576907,1353.0942660576907,0.9987178300849744,0.0010325844723508336
1353.1012105390778,1353.1012105390778,1.0005246321433612,0.001033133809446012
1353.1081550204412,1353.1081550204412,1.0005877796647356,0.0010331641183807766
1353.1150995019204,1353.1150995019204,1.001007473123898,0.001033446368957519
1353.1220439834228,1353.1220439834228,0.9989765932334824,0.0010327068933533108
1353.1289884648572,1353.1289884648572,1.0007785490536212,0.0010331301650963476
1353.135932946383,1353.135932946383,0.9998477405108014,0.0010330961706138783
1353.1428774278857,1353.1428774278857,1.0021854660264056,0.0010340444681712273
1353.1498219094588,1353.1498219094588,0.9997182203275919,0.0010329250991877046
1353.156766391009,1353.156766391009,1.0000155680121332,0.0010328949388433307
1353.1637108726513,1353.1637108726513,1.0012959788637292,0.0010333134691378361
1353.1706553542704,1353.1706553542704,0.9981345153924298,0.0010322738022993279
1353.5503779710796,1353.5503779710796,1.0006949085918344,0.0010740980508796066
1354.1178785649456,1354.1178785649456,0.9998571989031593,0.0011327033078311693
1354.1248230612384,1354.1248230612384,1.0022499625268702,0.001133560293017705
1354.1317675576238,1354.1317675576238,0.9986832684161137,0.0011322525053001071
1354.1387120541026,1354.1387120541026,0.9971666449883194,0.0011322097644606648
1354.1456565506746,1354.1456565506746,0.999745704551611,0.0011321714061269627
1354.1526010472699,1354.1526010472699,1.0000848672895382,0.0011325254411675386
1354.159545543958,1354.159545543958,0.9990818750510153,0.0011325297108937275
1354.16649004074,1354.16649004074,1.0002702210401437,0.0011325747330589132
1354.1734345376144,1354.1734345376144,0.9988944181260366,0.0011321905907680319
1354.1803790344893,1354.1803790344893,1.000894273562952,0.0011326838839406188
1354.1873235315036,1354.1873235315036,1.0008945147817456,0.0011326275769171922
1354.1942680285179,1354.1942680285179,1.0014756415225055,0.0011325898342953286
1354.201212525672,1354.201212525672,0.9994350272543382,0.0011318729423365024
1354.2081570228493,1354.2081570228493,1.000475561132058,0.0011324577685534619
1354.2151015200966,1354.2151015200966,0.9988257361244418,0.0011314877454287604
1354.2220460174137,1354.2220460174137,0.9990338950343285,0.0011319811738190436
1354.2289905148236,1354.2289905148236,1.0004089477404858,0.0011323973369850265
1354.2359350122808,1354.2359350122808,0.999636769370644,0.00113209421896237
1354.2428795097373,1354.2428795097373,1.001494137401123,0.0011325660823085048
1354.2498240073335,1354.2498240073335,1.0003706417078153,0.001132909839612275
1354.2567685049532,1354.2567685049532,0.9991179587208645,0.001132035812112964
1354.2637130026662,1354.2637130026662,0.9984528067403756,0.0011320883115397294
1354.2706575004024,1354.2706575004024,0.9999181686842548,0.0011320089217946223
1354.2776019982316,1354.2776019982316,1.002068423330503,0.0011330693788843018
1354.284546496084,1354.284546496084,0.9989544964152202,0.0011322562270082938
1354.2914909940298,1354.2914909940298,1.0008682304424281,0.0011329208321664294
1354.2984354919522,1354.2984354919522,1.0007394004707781,0.0011331120157229975
1354.3053799899913,1354.3053799899913,0.9986100293989084,0.0011321914706811564
1354.3123244881467,1354.3123244881467,1.0011382216350715,0.0011329953303343342
1354.3192689862549,1354.3192689862549,0.9987821112019141,0.0011317287855597386
1354.3262134844567,1354.3262134844567,1.0009784528821775,0.0011328549550982197
1354.3331579827052,1354.3331579827052,0.9973279856642255,0.001132065450816623
1354.3401024809768,1354.3401024809768,1.0001249865841868,0.0011325970571086244
1354.3470469793417,1354.3470469793417,1.0012614315982309,0.0011326396684131054
1354.3539914777296,1354.3539914777296,1.0006820093999038,0.0011325115511405049
1354.3609359761874,1354.3609359761874,0.999892429411257,0.0011325023027851607
1354.3678804746692,1354.3678804746692,1.001469511790796,0.0011323566511782055
1354.3748249731732,1354.3748249731732,0.9995127725289332,0.001132241524593024
1354.3817694717943,1354.3817694717943,0.9996312230907629,0.001132416912592115
1354.3887139704152,1354.3887139704152,0.9994354128989166,0.0011319981994888232
1354.395658469059,1354.395658469059,0.9994847888365272,0.001132121735360275
1354.4026029677966,1354.4026029677966,1.0013981473555995,0.0011324661856159913
1354.4095474665573,1354.4095474665573,0.9986642890294568,0.0011320317578068628
1354.4164919653408,1354.4164919653408,1.0001026265346677,0.0011321286179578828
1354.4234364641948,1354.4234364641948,0.9997266436340044,0.0011323750382050573
1354.4303809630483,1354.4303809630483,1.0011878520633533,0.0011323926477053408
1354.437325461972,1354.437325461972,0.998440237975289,0.001131652963147866
1354.4442699609422,1354.4442699609422,1.000324129079805,0.0011318544705681455
1354.4512144599357,1354.4512144599357,1.0009803378627908,0.0011321810785370032
1354.458158958976,1354.458158958976,0.9997516585164773,0.0011317726400615253
1354.4651034580388,1354.4651034580388,0.9997604740854371,0.0011321349537209125
1354.4720479571254,1354.4720479571254,1.0002391376024904,0.0011319423358623285
1354.4789924563054,1354.4789924563054,1.0002164694072553,0.0011321143130523991
1354.485936955415,1354.485936955415,1.0006995937412997,0.001132272859626869
1354.4928814546413,1354.4928814546413,1.0008083854060699,0.0011326370391362092
1354.4998259539375,1354.4998259539375,0.9994280261520547,0.0011323227794334644
1354.5067704531866,1354.5067704531866,1.0000851276306046,0.0011327208012759916
1354.5137149525067,1354.5137149525067,0.9976875098817402,0.0011324936548874932
1354.5206594518493,1354.5206594518493,1.0004897222069657,0.001132646212372615
1354.527603951215,1354.527603951215,0.9997104792180036,0.0011322380328214338
1354.5345484506042,1354.5345484506042,0.999835368613278,0.001132668703585739
1354.54149295004,1354.54149295004,0.9989341900593256,0.0011321299860926409
1354.548437449499,1354.548437449499,1.0020840931462298,0.0011330935455561555
1354.555381948982,1354.555381948982,1.0004610298048102,0.0011327187206978658
1354.5623264485102,1354.5623264485102,0.9992316693471842,0.001132304252354098
1354.5692709480395,1354.5692709480395,1.0010009314362702,0.00113266436318079
1354.5762154476147,1354.5762154476147,1.0009006553203652,0.001133086899396637
1354.5831599472137,1354.5831599472137,1.0003593640619772,0.0011325532450211459
1354.590104446836,1354.590104446836,0.9985713780218537,0.0011322866894605125
1354.5970489464812,1354.5970489464812,0.9977750774483848,0.001131755631331555
1354.6039934461498,1354.6039934461498,1.0001364284677128,0.0011329413336972898
1354.6109379458417,1354.6109379458417,1.000632186539165,0.0011329975850710387
1354.617882445557,1354.617882445557,0.9998664351619141,0.001132848901086171
1354.6248269452956,1354.6248269452956,1.0011199461586344,0.001133023090761549
1354.6317714450806,1354.6317714450806,0.9994848468050692,0.0011324949292434224
1354.6387159448652,1354.6387159448652,1.001527435598146,0.0011326676798916828
1354.6456604446507,1354.6456604446507,1.0001504799858496,0.0011321685053342653
1354.6526049444587,1354.6526049444587,0.9987082280743124,0.001132230842979096
1354.6595494443372,1354.6595494443372,0.9992761639118471,0.0011321593541650855
1354.6664939441923,1354.6664939441923,1.0003195230416821,0.001132543548086926
1354.6734384440701,1354.6734384440701,1.0004106825979577,0.0011327446667080956
1354.6803829439718,1354.6803829439718,1.0003147797009633,0.001132566649208527
1354.6873274438963,1354.6873274438963,1.0005367446280538,0.0011326695762652365
1354.694271943821,1354.694271943821,0.9989855398667793,0.0011320287393912455
1354.7012164437926,1354.7012164437926,1.0000804334291515,0.0011324855184795684
1354.7081609437641,1354.7081609437641,0.9998485251405924,0.0011325080942941248
1354.7151054437352,1354.7151054437352,1.000300134931213,0.0011328233693228599
1354.7220499437533,1354.7220499437533,0.9994484181281102,0.0011328894738930732
1354.7289944437712,1354.7289944437712,1.0008956371761348,0.0011332094497763878
1354.7359389438125,1354.7359389438125,1.0006473458694856,0.0011333496370861838
1354.7428834438301,1354.7428834438301,0.9988679508839933,0.0011328596430571552
1354.7498279438944,1354.7498279438944,1.0026056609755354,0.0011336255326335222
1354.756772443982,1354.756772443982,0.9992580038233528,0.001132882549125136
1354.7637169440466,1354.7637169440466,0.9973553665056378,0.0011319925458921655
1354.7706614441809,1354.7706614441809,0.9998698219624478,0.0011329416384184062
1354.7776059442688,1354.7776059442688,1.0001297249417695,0.001133034172981023
1354.7845504444028,1354.7845504444028,0.9988411060088911,0.0011325857251117892
1354.7914949445371,1354.7914949445371,1.0015945675444338,0.0011325560020349994
1354.798439444695,1354.798439444695,0.9983146854782486,0.0011316410088507073
1354.8053839448294,1354.8053839448294,1.0006658630791203,0.0011326691798720112
1354.8123284450103,1354.8123284450103,1.0004938892819115,0.0011334455980010726
1354.819272945168,1354.819272945168,1.001558937133098,0.001133713450759148
1354.826217445395,1354.826217445395,1.0007313936724906,0.0011339454027791418
1354.8331619455528,1354.8331619455528,1.0015733452682167,0.0011348072820212113
1354.8401064457803,1354.8401064457803,1.0032801399809084,0.001136380518890023
1354.847050946008,1354.847050946008,1.0041263144122372,0.0011370913195666785
1354.8539954462117,1354.8539954462117,1.0007816077807348,0.0011370638180977016
1354.8609399464392,1354.8609399464392,0.9931639511239316,0.001135816307545536
1354.867884446667,1354.867884446667,0.9950473073985604,0.0011364602188555794
1354.8748289469174,1354.8748289469174,0.9948619555151149,0.0011375028671172425
1354.8817734471681,1354.8817734471681,0.994864870746578,0.0011372519470703587
1354.8887179474189,1354.8887179474189,0.9963612139188147,0.001139907402888771
1354.8956624476696,1354.8956624476696,0.9980850400524137,0.001141405497135759
1354.9026069479437,1354.9026069479437,0.9937801192810494,0.0011401563013668712
1354.9095514482174,1354.9095514482174,0.9941938106698665,0.001140002797550355
1354.9164959484915,1354.9164959484915,0.9960645081772697,0.0011398306570106099
1354.9234404487424,1354.9234404487424,0.9956278592480631,0.0011389046087975417
1354.9303849490398,1354.9303849490398,0.9930369369124907,0.0011374150676432338
1354.9387183494105,1354.9387183494105,0.992544259292256,0.0011366072004948301
1354.9456628496846,1354.9456628496846,0.9926180229017783,0.0011357861839599056
1354.952607349982,1354.952607349982,0.9960831359789,0.0011360753192665607
1354.9595518503024,1354.9595518503024,0.9971273210866854,0.0011358324024150408
1354.9664963505531,1354.9664963505531,1.0039014372709982,0.001136981066164089
1354.9734408508966,1354.9734408508966,1.0025580817125381,0.0011356987091503236
1354.9803853511712,1354.9803853511712,1.0023640986151823,0.0011350809067650304
1354.9873298514917,1354.9873298514917,1.0030519120624912,0.0011349619576195235
1354.9942743517888,1354.9942743517888,1.000509366651266,0.0011332700214201096
1355.0012188521093,1355.0012188521093,1.0003059235174612,0.001133224745478276
1355.0081633524067,1355.0081633524067,1.0006023259115222,0.001132816789477687
1355.0151078527274,1355.0151078527274,0.9993160962807393,0.0011320879118098123
1355.0220523530245,1355.0220523530245,0.9994562862211087,0.001131897183556978
1355.028996853345,1355.028996853345,0.9986250850507797,0.0011313055157494412
1355.0359413536426,1355.0359413536426,1.0000143610444407,0.0011320590209851968
1355.0428858539628,1355.0428858539628,1.0006190025239514,0.001132359795959217
1355.0498303542604,1355.0498303542604,1.0014736078539,0.0011325706109489683
1355.056774854581,1355.056774854581,0.9990486179103328,0.0011318728756805397
1355.0637193548785,1355.0637193548785,0.9992966197184174,0.0011320124155965471
1355.0706638551756,1355.0706638551756,1.0000147059481215,0.0011322000425030075
1355.077608355496,1355.077608355496,0.9994816386401665,0.0011321727791097696
1355.0845528557697,1355.0845528557697,0.9995157370813083,0.0011320306003312916
1355.0914973560907,1355.0914973560907,1.0020216255410772,0.001132665893597899
1355.0984418563648,1355.0984418563648,1.0012667753590692,0.0011326135388993448
1355.1053863566617,1355.1053863566617,0.9995878097575664,0.0011324087778519735
1355.112330856959,1355.112330856959,0.9996010768661693,0.0011324436612865326
1355.1192753572332,1355.1192753572332,1.0002969040096499,0.001132442203434315
1355.1262198575073,1355.1262198575073,0.9975304569748082,0.0011314951102262248
1355.1331643577814,1355.1331643577814,0.9992078239676239,0.0011322096495798054
1355.1401088580553,1355.1401088580553,0.9999200323290491,0.0011323191827722766
1355.1470533583295,1355.1470533583295,0.999296669908151,0.0011323338435362145
1355.1539978586034,1355.1539978586034,1.00041093267714,0.0011325222334805413
1355.1609423588538,1355.1609423588538,1.0027208690614269,0.0011328311563888068
1355.167886859105,1355.167886859105,1.0012030613959237,0.001132229371042944
1355.1748313593555,1355.1748313593555,1.000512398338353,0.0011315189539449458
1355.1817758596064,1355.1817758596064,0.9984415460203515,0.0011312286927322804
1355.188720359834,1355.188720359834,0.9982499772703441,0.0011312765478130482
1355.1956648600612,1355.1956648600612,1.0009937987143025,0.0011315600687019278
1355.202609360289,1355.202609360289,0.9991925927428292,0.0011310978652230039
1355.209553860516,1355.209553860516,0.9994511721300899,0.001131126477221454
1355.2164983607202,1355.2164983607202,1.0002945397168368,0.0011310838341569414
1355.223442860948,1355.223442860948,0.9997479781912816,0.0011315359052818694
1355.2303873611518,1355.2303873611518,0.9998807324217458,0.001131570758933163
1355.237331861333,1355.237331861333,1.0020054750792908,0.0011317062562212345
1355.2442763615136,1355.2442763615136,1.0007779190817498,0.0011310055915797377
1355.2512208616945,1355.2512208616945,0.9990497631102834,0.0011309588504945702
1355.2581653618522,1355.2581653618522,0.9999834611599028,0.0011312332739651914
1355.265109862033,1355.265109862033,1.0001798873101946,0.0011312809462625264
1355.2720543621906,1355.2720543621906,0.9992198779157843,0.0011312317038187285
1355.2789988623483,1355.2789988623483,0.9989678491766185,0.001131098734797748
1355.2859433624826,1355.2859433624826,1.0002227781115152,0.0011318618905434752
1355.2928878625937,1355.2928878625937,1.000714084387756,0.0011315462566252768
1355.2998323627278,1355.2998323627278,1.0003510745126671,0.001131839846386003
1355.306776862839,1355.306776862839,1.0003925881215276,0.001131941020574503
1355.3137213629504,1355.3137213629504,1.0001058604290596,0.0011318416526293188
1355.3206658630147,1355.3206658630147,1.0004819506113185,0.0011318475667650369
1355.3276103631024,1355.3276103631024,0.998571346465176,0.0011316906438342796
1355.3353882031874,1355.3353882031874,0.9988193740949086,0.001131300983515974
1355.3428882632581,1355.3428882632581,1.000727042899499,0.0011318952964677218
1355.3498327633458,1355.3498327633458,1.000604683142028,0.0011320138928660693
1355.3567772633637,1355.3567772633637,1.000500580745241,0.0011317395199958136
1355.363721763405,1355.363721763405,1.0001791968771083,0.0011319238386835267
1355.370666263446,1355.370666263446,1.0018411805341096,0.0011319145464830447
1355.3776107634408,1355.3776107634408,0.9976857787625966,0.0011312963505486794
1355.3845552634589,1355.3845552634589,0.9989018131248966,0.0011316060081643317
1355.3914997634301,1355.3914997634301,1.0007020091843963,0.0011316773885167563
1355.3995553834136,1355.3995553834136,0.999227832503675,0.0011311952221286104
1355.4067776633995,1355.4067776633995,1.0001136964477184,0.001131875939897666
1355.4137221633246,1355.4137221633246,1.0001536585240776,0.0011319301835908322
1355.4206666632958,1355.4206666632958,1.0012518440047107,0.0011320374923140177
1355.4276111632203,1355.4276111632203,1.0009666490477873,0.001131828656621282
1355.4345556631451,1355.4345556631451,0.9998352066590179,0.0011315009916123564
1355.4415001630466,1355.4415001630466,0.9981461687031299,0.0011310901654507841
1355.448444662948,1355.448444662948,1.0008637060306618,0.001131565656710068
1355.4553891628498,1355.4553891628498,0.9997354184609604,0.0011315284147712695
1355.4623336627049,1355.4623336627049,0.9990587489538797,0.0011312772823271768
1355.4692781625831,1355.4692781625831,1.000275935224186,0.0011317465703697656
1355.4762226624148,1355.4762226624148,1.0005277753079642,0.0011321888639719325
1355.4831671622694,1355.4831671622694,1.002096167384521,0.0011324440059795556
1355.4901116620547,1355.4901116620547,0.9993002254077112,0.0011318210279315634
1355.4970561618861,1355.4970561618861,1.0005248362682524,0.0011323225657244181
1355.504000661741,1355.504000661741,0.9986761229586355,0.0011317015039299006
1355.5109451615258,1355.5109451615258,0.998916950311512,0.0011317165057944723
1355.5178896612417,1355.5178896612417,0.9992884643141526,0.0011316844115682818
1355.52483416098,1355.52483416098,1.0006014215677639,0.0011320189026312684
1355.5317786607648,1355.5317786607648,0.9993369473178284,0.0011314988265098739
1355.5387231604805,1355.5387231604805,1.0007525844545626,0.0011319899216878809
1355.5456676602184,1355.5456676602184,1.0008985840302738,0.0011320327499712783
1355.5526121598873,1355.5526121598873,0.9995793265395324,0.0011313397487322172
1355.5595566595796,1355.5595566595796,1.000352920801436,0.0011313498425079315
1355.5665011592714,1355.5665011592714,1.001768111951521,0.0011321297019613649
1355.5734456589403,1355.5734456589403,0.9988066820330996,0.0011313789438553404
1355.5803901585855,1355.5803901585855,1.000801508055727,0.0011317682765141087
1355.5873346581839,1355.5873346581839,0.9985890336094088,0.0011315562358093514
1355.5942791578295,1355.5942791578295,0.999800718795633,0.0011319292802124464
1355.601223657405,1355.601223657405,0.9997667238644201,0.001131655760660982
1355.6081681570038,1355.6081681570038,1.0000272052506511,0.001131934523363342
1355.6151126565796,1355.6151126565796,1.000338737677333,0.0011316119523909801
1355.6220571561314,1355.6220571561314,0.9983966344779798,0.001131309721857684
1355.6290016556839,1355.6290016556839,1.0008882452048304,0.0011314615776182872
1355.6359461552133,1355.6359461552133,0.9992603288082215,0.0011310590583985022
1355.6428906547417,1355.6428906547417,1.0012868750793475,0.0011313342637547818
1355.6498351542245,1355.6498351542245,1.0001988739187802,0.0011312565505522231
1355.656779653707,1355.656779653707,0.9998437382896617,0.0011310843990597953
1355.6637241531657,1355.6637241531657,1.0005766884015597,0.0011308582895259325
1355.670668652625,1355.670668652625,1.0009750290438302,0.0011309673238139818
1355.6776131520608,1355.6776131520608,0.9995677038455245,0.0011309641106101024
1355.6845576514502,1355.6845576514502,0.9994636277890431,0.0011301924624959312
1355.6915021508628,1355.6915021508628,0.9979588122410463,0.0011302590204659894
1355.6984466502518,1355.6984466502518,1.0011293354142388,0.0011309701276736096
1355.705391149618,1355.705391149618,0.9988177684295165,0.001130830187634983
1355.712335648984,1355.712335648984,1.0010027067749359,0.0011314249166481214
1355.7192801483266,1355.7192801483266,1.0004367672572316,0.0011315357009380855
1355.7262246476462,1355.7262246476462,1.0014649790762467,0.00113165543519713
1355.7331691469421,1355.7331691469421,1.0009725077625287,0.0011317847421262457
1355.7401136462381,1355.7401136462381,0.9992466622489289,0.0011313319977234626
1355.7484470453285,1355.7484470453285,0.9990386390760083,0.0011315774275105681
1355.7553915446247,1355.7553915446247,0.9990499632893253,0.0011314211577654336
1355.7623360438508,1355.7623360438508,0.9991526786504652,0.0011316316840536008
1355.7692805430538,1355.7692805430538,1.0000333231530678,0.0011319378191824007
1355.7762250422566,1355.7762250422566,0.9992382002301097,0.001131441768044986
1355.78316954146,1355.78316954146,1.0008127318246878,0.001131855963520025
1355.7901140405932,1355.7901140405932,1.0013138055087252,0.0011320724235727385
1355.7970585397497,1355.7970585397497,0.9998974575195458,0.0011315838636332199
1355.8040030388825,1355.8040030388825,1.0011355203683123,0.0011315031370894009
1355.8109475379924,1355.8109475379924,0.9996610825826309,0.0011316046640000878
1355.8178920370794,1355.8178920370794,0.9995692302443707,0.0011314716003326614
1355.8248365361658,1355.8248365361658,1.0000515570678459,0.0011318879109335064
1355.8317810352291,1355.8317810352291,1.0006560772893058,0.0011320581277323688
1355.8387255342693,1355.8387255342693,0.9991020344816814,0.0011314945614367717
1355.8456700332858,1355.8456700332858,0.9999847362113684,0.0011316644041715503
1355.8526145322794,1355.8526145322794,0.9998170895592899,0.0011321190556841231
1355.8595590312962,1355.8595590312962,0.9994785397415828,0.0011319036868508614
1355.866503530243,1355.866503530243,0.9984659534202429,0.0011314434977111197
1355.8734480292135,1355.8734480292135,1.0004568521034198,0.0011321380467396362
1355.8803925281138,1355.8803925281138,1.0009879460216569,0.0011319043809953613
1355.8873370270371,1355.8873370270371,1.0028249702416656,0.0011324635198880822
1355.8942815259375,1355.8942815259375,0.9987366957014716,0.0011312553497457856
1355.9012260248378,1355.9012260248378,0.9991543513975557,0.0011312461053148144
1355.9081705236915,1355.9081705236915,0.9997410009939399,0.0011317851058914223
1355.915115022522,1355.915115022522,1.0000183207260873,0.0011320551289629027
1355.9220595213758,1355.9220595213758,1.0003163209771393,0.0011314440101567495
1355.9290040201363,1355.9290040201363,0.9991261114870256,0.0011315772425118803
1355.9359485189439,1355.9359485189439,1.0004401922228674,0.001131687292081178
1355.9428930177044,1355.9428930177044,1.0007325573351324,0.0011320958819270425
1355.9498375164653,1355.9498375164653,1.0006847027327133,0.0011320861555064448
1355.9567820151792,1355.9567820151792,0.9992737855332434,0.0011316391827137934
1355.96372651387,1355.96372651387,0.9980652658920116,0.00113128027287432
1355.9706710126075,1355.9706710126075,1.0005444130505239,0.0011319264055627072
1355.9776155112281,1355.9776155112281,1.0011643381087616,0.0011318026192193068
1355.9845600098495,1355.9845600098495,1.001879823955731,0.0011322208204506757
1355.9915045085863,1355.9915045085863,0.9980151347351954,0.0011310296794540206
1355.9984490071142,1355.9984490071142,0.9993158831003657,0.0011314472628406454
1356.0053935057122,1356.0053935057122,1.0001984831920567,0.0011315864330370047
1356.012338004333,1356.012338004333,0.9994588224889697,0.0011313486906332488
1356.0192825028375,1356.0192825028375,1.0009521546987918,0.0011314666845336657
1356.0262270013886,1356.0262270013886,0.9998556202648563,0.001131668127156769
1356.0331714999163,1356.0331714999163,1.0002576246099442,0.0011317482593061735
1356.0401159983976,1356.0401159983976,1.0008148873105855,0.0011321016601311409
1356.0470604968789,1356.0470604968789,1.0006781609099542,0.0011321536373331506
1356.0540049953138,1356.0540049953138,0.9987107314574175,0.0011315381768173861
1356.0609494937485,1356.0609494937485,0.9986045053662865,0.0011315853288325441
1356.0678939921831,1356.0678939921831,0.9997845209792429,0.0011320237315516595
1356.0748384905712,1356.0748384905712,1.001679659450551,0.001132811599150466
1356.0817829889359,1356.0817829889359,0.9997938532377827,0.0011322419834522014
1356.0887274873007,1356.0887274873007,0.999282815185494,0.001131869750299438
1356.0956719856656,1356.0956719856656,1.0003067882153442,0.0011317937816131799
1356.1034498237252,1356.1034498237252,1.0002532829700435,0.0011319178161060814
1356.1120610016424,1356.1120610016424,0.999904027148655,0.0011319554885227373
1356.1192832798126,1356.1192832798126,0.9998657519900686,0.0011319410962614203
1356.126227778061,1356.126227778061,0.9996900090065683,0.0011320834016668216
1356.1331722762861,1356.1331722762861,1.0003468785826448,0.0011316592942962893
1356.1401167744882,1356.1401167744882,1.00077681086074,0.001132120224177552
1356.1470612726666,1356.1470612726666,1.0000245193199666,0.0011319045983757612
1356.1540057708219,1356.1540057708219,0.9981512704942501,0.0011312688972967733
1356.1609502689773,1356.1609502689773,1.0005975665800169,0.0011319327115499403
1356.167894767086,1356.167894767086,1.00082580496388,0.001132283035101947
1356.1751170451164,1356.1751170451164,1.0004870667674692,0.0011321685577495564
1356.1831726628413,1356.1831726628413,1.0007904154447096,0.0011322494684789098
1356.1901171608802,1356.1901171608802,1.000721702347561,0.0011321088377063057
1356.1970616589192,1356.1970616589192,1.0002792704956058,0.0011319590124325282
1356.2048394967226,1356.2048394967226,0.9988357157251292,0.0011318520100864096
1356.214006234064,1356.214006234064,0.9989525571406604,0.00113163389185958
1356.2228951914606,1356.2228951914606,1.0007052928984357,0.0011321122666172272
1356.2303952492261,1356.2303952492261,1.0008283079727596,0.0011323255131096143
1356.237895306992,1356.237895306992,0.9995306996757753,0.001132019769858819
1356.245673144586,1356.245673144586,1.0001884838951718,0.0011315547641839634
1356.254284321944,1356.254284321944,0.9999611881916615,0.0011317310644645964
1356.262339939437,1356.262339939437,0.9990448128605323,0.0011316821707574804
1356.2692844372427,1356.2692844372427,1.000441066760343,0.0011319939636520375
1356.2762289350253,1356.2762289350253,1.0010486528085139,0.0011312765099615826
1356.2831734328315,1356.2831734328315,0.9987842355936671,0.0011314064747757514
1356.2901179305677,1356.2901179305677,0.9991847446171939,0.0011314511012474268
1356.2970624282575,1356.2970624282575,1.002533080858536,0.00113198446715115
1356.3040069259705,1356.3040069259705,0.999980154368567,0.001131792140164648
1356.3109514236598,1356.3109514236598,0.9991399713352103,0.0011313587324308751
1356.318451481123,1356.318451481123,0.9991827138631507,0.0011318973275578129
1356.326229318484,1356.326229318484,1.0014591664409536,0.001132073231750738
1356.33428493572,1356.33428493572,1.0005116587955432,0.0011316874104161131
1356.3415072131916,1356.3415072131916,0.9994208167202888,0.0011318965213741189
1356.348451710765,1356.348451710765,0.9998551701743335,0.0011320302715991826
1356.3553962082915,1356.3553962082915,0.9991634804466113,0.0011314962877608152
1356.3623407058417,1356.3623407058417,0.9992972577275809,0.0011313731799796178
1356.3692852032984,1356.3692852032984,0.9992335431728454,0.0011316022825810324
1356.3762297007547,1356.3762297007547,0.9993904311177412,0.001131340125858421
1356.3831741982117,1356.3831741982117,1.0009598323167992,0.001131744967694942
1356.3901186956687,1356.3901186956687,1.0019389126012612,0.0011320584527466492
1356.397063193102,1356.397063193102,1.0005360582136447,0.0011314171900371037
1356.4040076904657,1356.4040076904657,1.0017563311970072,0.0011314362480975798
1356.4109521878295,1356.4109521878295,0.9979445192049718,0.0011310489664604227
1356.41789668517,1356.41789668517,0.9996955134389383,0.0011313889850718601
1356.4248411825101,1356.4248411825101,0.9981548512199302,0.0011310571558371288
1356.4317856797807,1356.4317856797807,1.0020115163018979,0.0011321816478885324
1356.4387301770516,1356.4387301770516,0.9994559635358368,0.0011318553907539932
1356.445674674322,1356.445674674322,0.9997755101794835,0.0011319904534127917
1356.4526191715456,1356.4526191715456,1.000917113004921,0.0011324893658097974
1356.4595636687466,1356.4595636687466,1.0009816852447238,0.0011320605182319182
1356.4665081659236,1356.4665081659236,0.9986453137901048,0.001132277164396363
1356.4734526630787,1356.4734526630787,0.9995912944897392,0.0011321241947883287
1356.4803971602555,1356.4803971602555,0.9990953776701357,0.001131832572343974
1356.487341657363,1356.487341657363,1.0003432454618497,0.0011322861613288142
1356.4942861544473,1356.4942861544473,0.9990691032476844,0.0011318044347044189
1356.5012306515316,1356.5012306515316,0.9995210643439372,0.001131969790210321
1356.5081751485461,1356.5081751485461,1.001287981080408,0.0011322857220256355
1356.515119645607,1356.515119645607,1.000389583101069,0.0011320006836314084
1356.5220641425983,1356.5220641425983,1.0004808763516184,0.0011321372212547737
1356.5290086395662,1356.5290086395662,1.0013265683136674,0.0011324561693370852
1356.535953136557,1356.535953136557,0.9996853464499962,0.0011320518386090388
1356.5428976334317,1356.5428976334317,1.0002411737582262,0.00113203642250475
1356.5498421303998,1356.5498421303998,0.9990645169426069,0.0011318772040497282
1356.5567866272977,1356.5567866272977,0.9994667733440652,0.0011322966794673815
1356.5637311241724,1356.5637311241724,0.9984438649745055,0.001131722610534849
1356.5706756209308,1356.5706756209308,1.000219323352264,0.0011318652442793267
1356.5776201178055,1356.5776201178055,0.9990226454739141,0.0011318977811996152
1356.584564614564,1356.584564614564,1.0005727809251936,0.001132318900266193
1356.5915091113457,1356.5915091113457,1.0017491282259716,0.0011327821145858577
1356.5984536081037,1356.5984536081037,1.0019079634821504,0.001132713902822663
1356.6053981048158,1356.6053981048158,0.9987413011224628,0.0011323464057167135
1356.6123426015274,1356.6123426015274,1.0007784923947238,0.0011327352806525962
1356.6192870981924,1356.6192870981924,0.9994315194428067,0.0011322805406822193
1356.6262315948575,1356.6262315948575,0.9993594603887066,0.0011323680487172881
1356.651231782629,1356.651231782629,0.9994467649633887,0.0011319335312494478
1356.6581762791777,1356.6581762791777,0.9997523683914391,0.0011322724370493107
1356.6651207757031,1356.6651207757031,0.9999974068771488,0.001132394502465011
1356.6720652722054,1356.6720652722054,1.0000681533356475,0.001132572626167998
1356.679009768684,1356.679009768684,1.000865868293465,0.0011330555283848387
1356.6859542651398,1356.6859542651398,1.0021758028806134,0.0011334322152389649
1356.6928987615725,1356.6928987615725,0.9984756548980712,0.0011326046518495433
1356.6998432579817,1356.6998432579817,0.9993070959590445,0.0011330591102805107
1356.7067877543673,1356.7067877543673,1.0008362262794235,0.001133238907434784
1356.7137322507297,1356.7137322507297,1.000599057080974,0.0011330595639977635
1356.720676747022,1356.720676747022,0.9995386402201619,0.0011334358092543822
1356.7276212433849,1356.7276212433849,0.9997990343822926,0.0011337052111955062
1356.734565739654,1356.734565739654,0.9995407312458285,0.0011338626349185225
1356.7415102359,1356.7415102359,0.9996950656630759,0.0011340257467133475
1356.748454732193,1356.748454732193,0.9996650313436554,0.0011335396998062132
1356.7553992283692,1356.7553992283692,1.0005514987894653,0.0011332644762073745
1356.7623437245918,1356.7623437245918,0.9989732149678332,0.0011331333736303163
1356.769288220745,1356.769288220745,0.9994151219003775,0.0011332283515909823
1356.776232716898,1356.776232716898,1.0015176815091769,0.001133510366221295
1356.7831772130278,1356.7831772130278,0.9997925776099006,0.0011330173203576864
1356.7901217091337,1356.7901217091337,0.9999372894714222,0.0011329708590156412
1356.7970662051937,1356.7970662051937,1.0007189494748712,0.0011328224702157584
1356.8040107012305,1356.8040107012305,1.0017240020509386,0.0011334956467012297
1356.8109551972905,1356.8109551972905,0.9987344049455376,0.001132249201628797
1356.8178996932807,1356.8178996932807,1.00051418818372,0.0011328511084896307
1356.824844189247,1356.824844189247,0.9996821693852571,0.0011324754206943383
1356.8317886852133,1356.8317886852133,0.9991581963483502,0.001132494608544712
1356.8387331811339,1356.8387331811339,0.9983225518772685,0.0011320889171579375
1356.8456776770304,1356.8456776770304,1.000419887742733,0.001132410349980266
1356.8526221729276,1356.8526221729276,1.0003277964270327,0.0011323161010187335
1356.8595666687775,1356.8595666687775,1.0003412047064324,0.0011325260743525062
1356.8665111646046,1356.8665111646046,1.0002626848379073,0.0011322411670114216
1356.8734556604318,1356.8734556604318,1.000917005272623,0.001132455549062703
1356.880400156189,1356.880400156189,0.9990488544413145,0.0011315331505463658
1356.8873446519924,1356.8873446519924,1.0022837242451694,0.0011321052099289202
1356.8942891477031,1356.8942891477031,0.9994995182504111,0.0011319221892970744
1356.9012336434137,1356.9012336434137,0.9988329731265388,0.001131626301456086
1356.9081781391244,1356.9081781391244,1.000636188220795,0.0011324978669551918
1356.9151226347649,1356.9151226347649,0.9993762108207432,0.0011320673804110259
1356.9220671304288,1356.9220671304288,0.9993062632144681,0.0011323818326793341
1356.9304005251422,1356.9304005251422,1.0008344236782496,0.0011325637509621365
1356.9373450207363,1356.9373450207363,1.000093803997223,0.0011323684746736384
1356.944289516284,1356.944289516284,0.9986458796134,0.0011324391540534907
1356.9512340118315,1356.9512340118315,1.0000638593398965,0.0011325744938456145
1356.9581785073556,1356.9581785073556,1.000055832377449,0.001132316390551405
1356.9651230028333,1356.9651230028333,0.9998926741062174,0.001132527431524683
1356.9720674982884,1356.9720674982884,1.0014332234326055,0.0011331854265472514
1356.9790119937195,1356.9790119937195,1.001051883359745,0.0011332913790461985
1356.9859564891271,1356.9859564891271,0.9991365536296131,0.0011324933633237843
1356.992900984535,1356.992900984535,0.9978669647336785,0.0011321149588696265
1356.9998454798963,1356.9998454798963,1.0007259015998597,0.0011327646060258728
1357.0067899752344,1357.0067899752344,1.002718522768171,0.0011331521143700125
1357.0137344705493,1357.0137344705493,0.9986620044793918,0.0011322838947685884
1357.0206789658407,1357.0206789658407,0.9987128970590422,0.0011326595350295854
1357.027623461109,1357.027623461109,0.9998078851100015,0.0011327239608107341
1357.0345679563538,1357.0345679563538,0.9991591377023592,0.001132092990683517
1357.0415124515755,1357.0415124515755,1.0015464110294974,0.001132368208282011
1357.0484569467737,1357.0484569467737,0.9999512612806474,0.0011322784936062327
1357.0554014419024,1357.0554014419024,0.9996458000748227,0.0011319940191124175
1357.062345937031,1357.062345937031,0.9993142219735753,0.0011320516636427916
1357.0692904321595,1357.0692904321595,1.0010893950846698,0.001132536412014141
1357.0762349272877,1357.0762349272877,1.0018504608398795,0.0011329444178046289
1357.0831794223698,1357.0831794223698,1.0000389403786543,0.0011323805859714067
1357.0901239174052,1357.0901239174052,0.9992825757622041,0.0011322786277453234
1357.0970684124175,1357.0970684124175,0.9998409856653808,0.0011327796126003634
1357.1040129074063,1357.1040129074063,0.9989885153729154,0.0011327884296084385
1357.1109574023951,1357.1109574023951,0.9993709955751191,0.0011323988126633177
1357.1179018973141,1357.1179018973141,1.0001492760122956,0.0011329311704912771
1357.1248463922561,1357.1248463922561,0.9994202325743877,0.0011330361063331615
1357.131790887152,1357.131790887152,0.9991429976083737,0.0011329197757613434
1357.1387353820246,1357.1387353820246,1.0004504416878057,0.001133259464016659
1357.1456798768504,1357.1456798768504,1.000331762592558,0.001133208754515891
1357.1526243716994,1357.1526243716994,1.0015744265347357,0.001133447468543268
1357.1595688664786,1357.1595688664786,1.0031703358990383,0.0011337623784020315
1357.1665133612344,1357.1665133612344,0.9987078128334648,0.0011327069655239946
1357.1734578559906,1357.1734578559906,1.0007862280405917,0.0011329136337833545
1357.1804023506998,1357.1804023506998,0.9998502679756607,0.0011328014578804797
1357.1873468454094,1357.1873468454094,0.9983574465453596,0.0011323599786039963
1357.1942913400724,1357.1942913400724,1.0004817061472486,0.0011330422579529128
1357.2012358347117,1357.2012358347117,0.9998401254658926,0.0011326812862347826
1357.2081803293745,1357.2081803293745,0.9969689706813096,0.001131695285423991
1357.215124823921,1357.215124823921,1.0017887125860487,0.0011331683989837154
1357.2220693184677,1357.2220693184677,1.0005192565173249,0.001132605508412043
1357.229013813014,1357.229013813014,1.0016360212824156,0.0011331822614063605
1357.2359583075604,1357.2359583075604,0.9991765920725081,0.0011323906341525248
1357.2429028020836,1357.2429028020836,0.999979025640896,0.001132737230374845
1357.249847296537,1357.249847296537,1.0015642988628737,0.001133360719207805
1357.256791790967,1357.256791790967,0.9999620200195063,0.0011326963833540376
1357.2637362853739,1357.2637362853739,0.9996865136284689,0.0011327574598881405
1357.2706807797804,1357.2706807797804,0.9987699082880482,0.0011323645950190495
1357.2776252741405,1357.2776252741405,0.9987140497085478,0.0011324433627767226
1357.284569768501,1357.284569768501,0.9987592279715397,0.0011323574589571055
1357.2915142628144,1357.2915142628144,0.9993234357437073,0.0011323261053046104
1357.298458757105,1357.298458757105,1.000182904985906,0.0011326285368939341
1357.305681031131,1357.305681031131,0.9999420555372371,0.0011326499804527007
1357.3137366444785,1357.3137366444785,1.0015369147913673,0.0011336524038871635
1357.3206811386287,1357.3206811386287,1.0015169123753807,0.0011341702331805848
1357.327625632826,1357.327625632826,1.0024301114386596,0.0011346720314166934
1357.3345701269768,1357.3345701269768,1.0004278390427732,0.001135211520723816
1357.3415146211041,1357.3415146211041,1.0038427540550952,0.001137218665258091
1357.348459115208,1357.348459115208,1.003338167220576,0.0011378273494962667
1357.3554036093121,1357.3554036093121,0.9989308549797379,0.0011376820733161918
1357.3623481033699,1357.3623481033699,0.9950614255111982,0.0011375457671476716
1357.3692925973805,1357.3692925973805,0.9950985378543787,0.001137855342192318
1357.3762370913917,1357.3762370913917,0.9960872055871468,0.001138953491374944
1357.383181585426,1357.383181585426,0.9956305757700286,0.0011393131952236988
1357.3901260793668,1357.3901260793668,0.9958105065773202,0.0011399264839123487
1357.3970705732381,1357.3970705732381,0.9961872056945278,0.0011410858175073275
1357.4040150672026,1357.4040150672026,0.9975700666759144,0.0011419209073322597
1357.4109595610505,1357.4109595610505,0.9966118861300224,0.001141642423601893
1357.417904054922,1357.417904054922,0.9957003640851738,0.0011412538808301027
1357.4248485487233,1357.4248485487233,0.9943781057335226,0.0011412082688538674
1357.431793042548,1357.431793042548,0.9965265675819304,0.0011416482140252995
1357.438737536326,1357.438737536326,0.9970076128028399,0.0011418937170744896
1357.4456820300807,1357.4456820300807,0.995836098333141,0.001139416951062261
1357.4526265238123,1357.4526265238123,0.9947992928276423,0.0011355419773665686
1357.4595710174976,1357.4595710174976,0.9982073158038517,0.0011360551424903667
1357.4665155111593,1357.4665155111593,1.002720097212725,0.0011365612956217427
1357.4734600048444,1357.4734600048444,1.003310236778724,0.001135775560308262
1357.4804044984594,1357.4804044984594,1.0034733293836984,0.0011352639766013914
1357.4873489920508,1357.4873489920508,1.0011796446087784,0.0011339291090355066
1357.4942934856429,1357.4942934856429,1.0000604239327076,0.0011332289204779612
1357.5012379791647,1357.5012379791647,1.0008645205141367,0.0011331320540465411
1357.5081824726867,1357.5081824726867,0.9984497329728393,0.0011321323176096774
1357.5151269661858,1357.5151269661858,0.9988645170826136,0.0011318180799196548
1357.5220714596612,1357.5220714596612,1.000091182540391,0.0011317513441659818
1357.52901595309,1357.52901595309,0.9999436373230217,0.0011322011081347128
1357.535960446472,1357.535960446472,0.9999897212357622,0.001132840485096411
1357.5429049398542,1357.5429049398542,1.0000743199947377,0.001132465936937432
1357.549849433237,1357.549849433237,1.000292921821746,0.0011323179929603568
1357.5567939266189,1357.5567939266189,0.9993947841835981,0.0011325067382219963
1357.565405098343,1357.565405098343,0.999590349075226,0.001132408285928047
1357.5734607105273,1357.5734607105273,1.0002326233304903,0.0011325579086707011
1357.580405203793,1357.580405203793,1.0007978174898036,0.001132569413383907
1357.587349697012,1357.587349697012,1.000365441282936,0.0011324929379258888
1357.5942941902317,1357.5942941902317,0.9994243672762023,0.0011318630892225181
1357.601238683381,1357.601238683381,1.0000230429732342,0.001132020267775511
1357.6081831765307,1357.6081831765307,1.0004781070403508,0.0011325711952051255
1357.6151276696569,1357.6151276696569,0.999590778654883,0.001132606810365149
1357.6220721627599,1357.6220721627599,0.998761109683356,0.0011324181660927776
1357.6290166558395,1357.6290166558395,1.0005930113272703,0.0011332186073904306
1357.6359611488722,1357.6359611488722,1.0016060982341837,0.0011333567533443943
1357.642905641882,1357.642905641882,1.0006758292203197,0.001133181594898701
1357.6498501348685,1357.6498501348685,0.9995692453459721,0.001133271948535098
1357.656794627878,1357.656794627878,0.9985568289943247,0.0011329783430907207
1357.6637391207948,1357.6637391207948,0.999316332871192,0.0011332948195576825
1357.6706836137118,1357.6706836137118,1.0002620586424658,0.0011335483466672204
1357.6776281065816,1357.6776281065816,0.9997786011158443,0.001132759833773751
1357.6859614980583,1357.6859614980583,1.001222957601836,0.001133734669456458
1357.6929059908587,1357.6929059908587,0.9992824971741765,0.0011329091304073723
1357.6998504836588,1357.6998504836588,1.0001019625170802,0.0011335641093729303
1357.7067949764592,1357.7067949764592,1.0001853945726862,0.0011327936660675724
1357.713739469236,1357.713739469236,0.9987100988102903,0.001133609875476734
1357.7206839619432,1357.7206839619432,0.999541319244936,0.0011327708533388462
1357.7276284546501,1357.7276284546501,1.0016681935011713,0.0011330995572905063
1357.734572947334,1357.734572947334,1.0007235556280425,0.0011329738313809734
1357.7415174399712,1357.7415174399712,0.9984855602457283,0.0011323213310851419
1357.7484619326085,1357.7484619326085,1.0000542906256533,0.0011330270202403025
1357.7554064251992,1357.7554064251992,0.999411256945511,0.001132698642297117
1357.7623509177668,1357.7623509177668,0.9998405734086144,0.001132786464041579
1357.7692954103109,1357.7692954103109,1.0015858034866871,0.0011334746187396604
1357.7762399028547,1357.7762399028547,1.0002829681687464,0.001132842137970863
1357.7831843953293,1357.7831843953293,0.9994839622138068,0.001132700743761816
1357.7901288878033,1357.7901288878033,1.000684390675071,0.0011334049780812824
1357.7970733802308,1357.7970733802308,1.0001441672717788,0.0011332699608688067
1357.8040178726587,1357.8040178726587,0.9997501614812544,0.0011330285450144625
1357.8109623650396,1357.8109623650396,0.9988571256012093,0.0011325921080791387
1357.8179068573977,1357.8179068573977,1.0000340999314044,0.0011333939746142852
1357.8248513497556,1357.8248513497556,1.001288273845406,0.0011336545746502536
1357.831795842067,1357.831795842067,1.0018349528099677,0.001134071672637495
1357.838740334308,1357.838740334308,1.0008236065583322,0.0011337715499516183
1357.8456848266194,1357.8456848266194,0.9984162196135019,0.001133468134880765
1357.8526293188609,1357.8526293188609,1.0009491750053112,0.001133627253714833
1357.8595738110555,1357.8595738110555,0.9998205748911622,0.0011334686367362487
1357.8665183031808,1357.8665183031808,0.9987703143440934,0.001133530718995253
1357.8734627953759,1357.8734627953759,0.999843929632956,0.001133207313568294
1357.8804072875005,1357.8804072875005,1.0003235624796805,0.0011335543869133136
1357.8873517795794,1357.8873517795794,0.9976818355129673,0.0011327934528339184
1357.8942962716578,1357.8942962716578,1.001678869105392,0.0011337835045141082
1357.901240763736,1357.901240763736,1.0005011397425396,0.0011334229558635418
1357.9081852557447,1357.9081852557447,0.9996310846036451,0.001133027906579778
1357.91512974773,1357.91512974773,1.0007796123985884,0.0011333001794043417
1357.9220742396922,1357.9220742396922,1.0012279540813112,0.0011338366776268204
1357.9290187316542,1357.9290187316542,1.0013648795298244,0.0011332128472273343
1357.9359632235462,1357.9359632235462,0.9999694052343969,0.0011334159225678275
1357.9429077154387,1357.9429077154387,0.9972811980008889,0.001132444458290707
1357.9498522073075,1357.9498522073075,0.9997862986264151,0.0011327092126930296
1357.956796699153,1357.956796699153,1.0002723856561133,0.0011333067859505355
1357.963741190952,1357.963741190952,0.9988126608007496,0.0011333155551535201
1357.970685682751,1357.970685682751,1.0005893201983969,0.0011330326534649009
1357.9776301744803,1357.9776301744803,0.9995498804547523,0.0011334158806394188
1357.9845746662327,1357.9845746662327,1.0007567050586523,0.0011334735732318611
1357.9915191579385,1357.9915191579385,1.000941943838895,0.0011335046142865392
1357.9984636496215,1357.9984636496215,1.0001665179277839,0.001133163257643565
1358.0084637175773,1358.0084637175773,1.0005403183026562,0.0011331377817584626
1358.016519327875,1358.016519327875,0.9989357877276124,0.0011332190801827701
1358.0237415990605,1358.0237415990605,1.0004219342644474,0.0011338389164828495
1358.0317972092887,1358.0317972092887,0.9998442737155603,0.001133045899635635
1358.038741700808,1358.038741700808,1.000183719907234,0.0011334744546093727
1358.0456861923278,1358.0456861923278,0.9999981336203388,0.0011333819896004779
1358.0526306837776,1358.0526306837776,0.9989418023176644,0.0011328609428418166
1358.059575175227,1358.059575175227,0.9998839962624402,0.0011335360564855201
1358.0665196666541,1358.0665196666541,1.0001372767642882,0.0011336011628342638
1358.073464158034,1358.073464158034,0.998959652649147,0.0011333543783676324
1358.0804086493904,1358.0804086493904,1.0013938562410636,0.001133925311106301
1358.087353140724,1358.087353140724,1.0007950937538599,0.0011334861160903042
1358.0942976320573,1358.0942976320573,1.0006389319986793,0.0011334076963538068
1358.1012421233443,1358.1012421233443,1.000453572687428,0.0011334523854881577
1358.108186614608,1358.108186614608,0.9984364694980394,0.001132887429477808
1358.115131105825,1358.115131105825,0.9988970667018823,0.0011326423487412092
1358.1220755970417,1358.1220755970417,0.9986407708091913,0.0011329171558453282
1358.129020088212,1358.129020088212,1.0009322517559818,0.0011332438900059716
1358.135964579359,1358.135964579359,1.00029843145222,0.0011331679160493983
1358.1429090705064,1358.1429090705064,1.002313286817596,0.0011335087426396545
1358.1498535615838,1358.1498535615838,0.9996397178830785,0.0011327800586347955
1358.1567980526377,1358.1567980526377,0.9988649037090465,0.001132724838339716
1358.1637425436918,1358.1637425436918,1.0014231115568155,0.0011334019093143604
1358.1706870347457,1358.1706870347457,0.9989828278539898,0.0011324838894841936
1358.177631525707,1358.177631525707,1.0006030007335478,0.0011328521672513661
1358.184576016691,1358.184576016691,0.9985332006455707,0.0011326074883334792
1358.1915205076286,1358.1915205076286,0.9992233518593687,0.0011330719783664736
1358.198464998543,1358.198464998543,0.9998061618289554,0.0011328438084209605
1358.2054094894106,1358.2054094894106,1.0004893391709593,0.0011331952677293808
1358.212353980278,1358.212353980278,1.0011522953667145,0.0011336695526718778
1358.2192984710994,1358.2192984710994,1.0019833281422077,0.0011335270222942566
1358.226242961921,1358.226242961921,0.9988209816855752,0.0011332430564607702
1358.2331874526956,1358.2331874526956,1.0004836422771866,0.0011335293011307075
1358.2401319434466,1358.2401319434466,0.9994357606008123,0.001133122478774731
1358.2470764341747,1358.2470764341747,0.9977202188102607,0.0011324011279347122
1358.2540209248796,1358.2540209248796,1.0012622986487212,0.001133276499617558
1358.2609654155376,1358.2609654155376,0.9992828808364512,0.0011331078222197016
1358.2679099061959,1358.2679099061959,0.9996364261673893,0.0011328575162003792
1358.2748543968078,1358.2748543968078,1.0000823653727153,0.0011333296505686194
1358.281798887396,1358.281798887396,1.0007292173940985,0.0011333715071637294
1358.288743377961,1358.288743377961,1.000473790662412,0.0011331695451712136
1358.2956878684795,1358.2956878684795,1.0014146023229487,0.0011334863358393806
1358.302632358998,1358.302632358998,1.0003115596144763,0.0011333358219931648
1358.3095768495396,1358.3095768495396,0.9990254254195255,0.0011328941908040138
1358.3165213399182,1358.3165213399182,0.9998537345834573,0.0011332035053577148
1358.323465830367,1358.323465830367,0.9991886885358763,0.0011330725493778207
1358.3304103207693,1358.3304103207693,1.000488387781778,0.001133481177741182
1358.337354811148,1358.337354811148,0.9990392815488939,0.0011331599347930107
1358.3442993015037,1358.3442993015037,1.0000159801250266,0.001133060091332016
1358.3512437918357,1358.3512437918357,0.9988437517720948,0.0011331748108380747
1358.358188282098,1358.358188282098,1.0007259772036246,0.0011332385861255148
1358.3651327723837,1358.3651327723837,1.0000299549585727,0.0011328283709670251
1358.3720772626232,1358.3720772626232,1.0007975123904973,0.0011330649684524144
1358.379021752839,1358.379021752839,0.9998049387047925,0.0011329132925950113
1358.3859662430082,1358.3859662430082,1.001258406458004,0.0011330019545615399
1358.3929107332008,1358.3929107332008,1.0007067438590718,0.001133104450565713
1358.3998552233236,1358.3998552233236,0.9995757279902795,0.001132557738044222
1358.4067997134227,1358.4067997134227,0.9983463426264676,0.001132412965737911
1358.4137442035224,1358.4137442035224,0.9998094787923574,0.001133060271508225
1358.4206886935522,1358.4206886935522,1.001528663915594,0.0011334863202538412
1358.4276331835815,1358.4276331835815,0.9996876177432622,0.001133083733314012
1358.4345776736109,1358.4345776736109,0.9986554805806218,0.0011328608251411508
1358.4415221635704,1358.4415221635704,1.0017625929563958,0.001133818770461492
1358.4484666535068,1358.4484666535068,0.9990393287051902,0.0011328963808917153
1358.4554111433968,1358.4554111433968,1.0009760012011928,0.0011333840474496162
1358.4623556332867,1358.4623556332867,1.0001400510420304,0.0011331880938240748
1358.4693001231767,1358.4693001231767,0.9986642671247772,0.0011327023240580792
1358.4762446130433,1358.4762446130433,0.998504868219066,0.001132695424976241
1358.48318910284,1358.48318910284,1.0007418503266403,0.0011332353107079759
1358.4901335926133,1358.4901335926133,1.0009395979676807,0.0011333990368284836
1358.4970780823637,1358.4970780823637,0.9997406233656541,0.0011331941679392763
1358.5040225720902,1358.5040225720902,1.0014082600074292,0.0011332911188457252
1358.5109670618176,1358.5109670618176,1.0003932603346004,0.0011332651740306042
1358.5179115514745,1358.5179115514745,1.0002498405420783,0.0011334603091240015
1358.5248560411314,1358.5248560411314,0.9990138190156077,0.0011330112858178975
1358.5318005307654,1358.5318005307654,0.9991591769835914,0.0011328658409186319
1358.5387450203523,1358.5387450203523,1.000557037531035,0.001132901250386882
1358.545689509893,1358.545689509893,0.9983297360873333,0.001132713141207194
1358.5526339994572,1358.5526339994572,0.9987907517918234,0.0011328934636144683
1358.559578488951,1358.559578488951,1.00215072834319,0.0011338052426284279
1358.5665229784454,1358.5665229784454,1.0007408679669036,0.0011336946115285862
1358.573467467893,1358.573467467893,1.0003350344367732,0.0011334699982165548
1358.58041195734,1358.58041195734,0.999566221787181,0.0011331287048258762
1358.587356446741,1358.587356446741,0.999217234459131,0.0011326343193142478
1358.5943009360954,1358.5943009360954,0.9996878609809918,0.001132768776032609
1358.601245425496,1358.601245425496,1.0018790472520487,0.0011336132672091213
1358.608189914804,1358.608189914804,0.9996750113459065,0.0011331808257452906
1358.6151344041116,1358.6151344041116,0.999206604187736,0.0011330597408755346
1358.6220788933265,1358.6220788933265,0.9985347299053163,0.0011326445856548002
1358.6290233826107,1358.6290233826107,1.0000984318935981,0.0011333841066007296
1358.6359678718022,1358.6359678718022,1.0023284593840265,0.001133746103098656
1358.6429123609705,1358.6429123609705,1.0011811053224116,0.0011335016697822838
1358.6498568501383,1358.6498568501383,0.9991254415485491,0.0011329288956236408
1358.6568013392834,1358.6568013392834,0.9990184329950619,0.001132883708728742
1358.6637458283817,1358.6637458283817,0.9989372627840337,0.0011328824467537698
1358.6706903174565,1358.6706903174565,1.000201453500915,0.0011330912955551148
1358.6776348065084,1358.6776348065084,0.9999067279679543,0.0011332966876859414
1358.6845792955367,1358.6845792955367,1.0002882599789251,0.0011332687075175042
1358.691523784542,1358.691523784542,1.0001813721661243,0.0011334719468287526
1358.6984682735006,1358.6984682735006,1.0017570676261425,0.0011342939328392386
1358.7054127624358,1358.7054127624358,0.9987994631655772,0.0011335948008015474
1358.7123572513478,1358.7123572513478,1.0016443325897497,0.0011343450980300905
1358.7195795198088,1358.7195795198088,0.9991193296649336,0.0011336589997703892
1358.7276351268702,1358.7276351268702,0.9993750639996455,0.0011341701032759667
1358.7345796156892,1358.7345796156892,0.9988577488804202,0.0011339488024693992
1358.741524104508,1358.741524104508,1.0010300171962183,0.0011348757272808352
1358.7498574909787,1358.7498574909787,0.9990584484347387,0.001134031540540516
1358.7568019797045,1358.7568019797045,0.999576218087489,0.001134129851848866
1358.7651353661754,1358.7651353661754,1.0013778011448924,0.0011345969780161445
1358.7720798549012,1358.7720798549012,0.9994760240855591,0.0011340958266341811
1358.7790243435338,1358.7790243435338,0.9998638495641421,0.0011344224085516278
1358.7859688321664,1358.7859688321664,1.0003042252902759,0.0011346055076470719
1358.7940244389486,1358.7940244389486,0.999816277731156,0.0011341516762859829
1358.8043022820061,1358.8043022820061,0.9988919967198051,0.0011338476759454796
1358.8123578886957,1358.8123578886957,1.002477495790155,0.0011348158147543633
1358.8193023771885,1358.8193023771885,0.99902534482492,0.0011341076837502481
1358.8276357633565,1358.8276357633565,1.0007846815508872,0.0011341186159235434
1358.8359691494547,1358.8359691494547,0.9984258455020889,0.001134021732664161
1358.8429136378547,1358.8429136378547,1.0005261416127207,0.0011345927145429168
1358.8498581262313,1358.8498581262313,0.9998546193293322,0.0011344080417819847
1358.8568026145613,1358.8568026145613,1.0014824080147793,0.0011344585926334532
1358.8648582210174,1358.8648582210174,0.9996677942429637,0.0011344311042579848
1358.8720804888496,1358.8720804888496,0.9985382583332573,0.0011340019589221912
1358.8790249770864,1358.8790249770864,0.999053415115043,0.001134121329191503
1358.8859694653465,1358.8859694653465,1.0009125661846798,0.0011342341210793959
1358.89291395349,1358.89291395349,0.9995234575263805,0.0011341058947004655
1358.8998584417502,1358.8998584417502,0.9993109185867131,0.0011336436356981054
1358.9068029298937,1358.9068029298937,1.0013484596040132,0.0011339035268176573
1358.9137474179443,1358.9137474179443,1.0024292279353948,0.0011344327329048194
1358.9206919060648,1358.9206919060648,0.9985935039008462,0.0011339961821140846
1358.927636394115,1358.927636394115,1.0012662262596712,0.0011341695192815678
1358.9345808821656,1358.9345808821656,0.9995383812250214,0.0011341912987573582
1358.9415253701932,1358.9415253701932,0.9995460512785505,0.0011337926926904371
1358.9484698581505,1358.9484698581505,0.9994158455206751,0.0011341611532087105
1358.9554143461312,1358.9554143461312,0.9985536257274201,0.001134154369845808
1358.9623588340419,1358.9623588340419,1.000057965324329,0.0011342969520624694
1358.9693033219294,1358.9693033219294,1.0001504215508958,0.0011340726022428887
1358.976247809817,1358.976247809817,0.9994337480153813,0.0011342985037526435
1358.9831922976348,1358.9831922976348,1.0005624038651797,0.0011340888376624805
1358.990136785476,1358.990136785476,1.0003723584705484,0.0011345578002135985
1358.9970812732702,1358.9970812732702,1.0005173878028581,0.0011339721296549595
1359.0040257610412,1359.0040257610412,1.0005813208079757,0.0011340653110767133
1359.0109702487657,1359.0109702487657,1.0009558544964763,0.0011342434649506442
1359.0179147364902,1359.0179147364902,0.999710107544208,0.001134353651078856
1359.024859224145,1359.024859224145,0.9984970656296225,0.0011338593116064805
1359.0318037118232,1359.0318037118232,0.9993632367813448,0.0011336210185763133
1359.038748199408,1359.038748199408,0.9994411048390616,0.0011336838377149923
1359.0456926870625,1359.0456926870625,1.001158334201979,0.0011344782068026208
1359.0526371746241,1359.0526371746241,0.9995453832214902,0.0011337457818189497
1359.0595816621624,1359.0595816621624,0.9990064296923411,0.0011341150916520499
1359.066526149631,1359.066526149631,0.999871507214281,0.0011340370478723106
1359.0734706371459,1359.0734706371459,1.0009879007932092,0.001134272482073098
1359.080415124591,1359.080415124591,1.000662308921345,0.0011340529687401519
1359.0873596120362,1359.0873596120362,1.0002141568749918,0.0011342963848517125
1359.094304099458,1359.094304099458,0.9994140453529392,0.0011338625207673947
1359.10124858681,1359.10124858681,0.9992624461795746,0.0011341471719183106
1359.1081930741623,1359.1081930741623,1.0018721724804802,0.0011343377997714316
1359.1151375614907,1359.1151375614907,0.9975120088360976,0.0011334165643416823
1359.1220820487501,1359.1220820487501,1.0029088666488537,0.001134887952640208
1359.136248802723,1359.136248802723,0.9990198819772417,0.0011342178012470289
1359.1540266899497,1359.1540266899497,0.9995728599254058,0.0011339424667357809
1359.1609711771155,1359.1609711771155,1.001116684252183,0.0011340257256015165
1359.1679156642115,1359.1679156642115,0.9994833517141893,0.001133991340842377
1359.174860151284,1359.174860151284,1.0006327705233033,0.001134019146472832
1359.18180463838,1359.18180463838,1.0005912008574809,0.001133876560318805
1359.1887491253597,1359.1887491253597,0.9996503295178311,0.001134023345676647
1359.195693612339,1359.195693612339,1.0014537819326956,0.0011346916087998096
1359.2026380993186,1359.2026380993186,0.99959871895852,0.0011339576362101415
1359.2095825862982,1359.2095825862982,0.9999237834157672,0.0011343519689159954
1359.2165270732078,1359.2165270732078,0.9994684258873956,0.0011344231242739551
1359.2234715600941,1359.2234715600941,0.9983087520250196,0.0011345207809517557
1359.2304160469575,1359.2304160469575,1.000259148941398,0.0011346971773491881
1359.237360533797,1359.237360533797,0.999439578507244,0.0011345600697685104
1359.2443050205907,1359.2443050205907,0.9999017682345549,0.0011348132994475823
1359.2512495073602,1359.2512495073602,1.0018756846252392,0.0011352497814604225
1359.25819399413,1359.25819399413,1.000135765638193,0.001134985999523624
1359.2651384808305,1359.2651384808305,1.0005259216307945,0.0011351364840188176
1359.2720829675072,1359.2720829675072,0.9993834150900882,0.0011351960752046715
1359.2790274542074,1359.2790274542074,1.0005159103412604,0.0011352529213723872
1359.2859719408375,1359.2859719408375,0.9997382665423032,0.0011348455930235899
1359.2929164274444,1359.2929164274444,0.9988716748437788,0.0011345425366562482
1359.2998609140516,1359.2998609140516,0.9991106293019906,0.001134684688503628
1359.3068054005885,1359.3068054005885,1.0001474305320162,0.00113493329825979
1359.3137498871258,1359.3137498871258,1.0018119940321677,0.001135577486279529
1359.3218054914635,1359.3218054914635,0.9991048782196567,0.0011346180517535507
1359.3290277573399,1359.3290277573399,0.9999244857408224,0.001134967045608898
1359.3359722438533,1359.3359722438533,1.0007471350293407,0.001135119154505803
1359.342916730251,1359.342916730251,0.999300332792226,0.0011347645538658704
1359.3498612166482,1359.3498612166482,0.999469430234994,0.0011346666805943802
1359.3568057029293,1359.3568057029293,1.0006018206305032,0.0011348102185608027
1359.363750189304,1359.363750189304,1.0006481986019824,0.001134719650780244
1359.370694675585,1359.370694675585,1.0002871841013845,0.0011348943106050937
1359.3776391618428,1359.3776391618428,0.9981116292699592,0.0011344275875710132
1359.3845836481003,1359.3845836481003,1.0013575117178501,0.001135283296991278
1359.391528134288,1359.391528134288,1.0003048699308474,0.0011350922939165667
1359.3984726204994,1359.3984726204994,0.9993649325117474,0.0011349446023638933
1359.4054171066405,1359.4054171066405,0.9990448773917571,0.0011349245644730038
1359.4123615928052,1359.4123615928052,1.000743109482767,0.0011354996395339684
1359.4193060789,1359.4193060789,0.9999776385914435,0.0011349788090831748
1359.426250564948,1359.426250564948,1.000174353922424,0.0011356042206366857
1359.4331950510198,1359.4331950510198,1.0013749820022504,0.001135835084656764
1359.4401395370212,1359.4401395370212,0.9989084034297055,0.001134784728148715
1359.4470840230229,1359.4470840230229,0.9998523861938523,0.0011348495484758974
1359.4540285089781,1359.4540285089781,1.0001127276736583,0.0011351866843927476
1359.4609729949098,1359.4609729949098,0.9995344215983664,0.0011347038265699942
1359.4679174808414,1359.4679174808414,1.0000607420504126,0.0011351652744008094
1359.4748619666802,1359.4748619666802,0.9994709783678453,0.0011349025646898302
1359.481806452542,1359.481806452542,0.9989314024893355,0.0011349437073396459
1359.4887509384275,1359.4887509384275,1.0029359124822392,0.0011359236072302982
1359.4956954241263,1359.4956954241263,0.9996379281446561,0.0011348332936815613
1359.5026399099415,1359.5026399099415,0.999655218079414,0.0011349408590288904
1359.5095843956638,1359.5095843956638,1.0007848055502677,0.0011349525740085274
1359.5165288813862,1359.5165288813862,0.9997364954156589,0.0011349130836508811
1359.523473367085,1359.523473367085,0.9982462254720899,0.0011345318469475998
1359.5304178527142,1359.5304178527142,1.0003013233211104,0.0011346709866408185
1359.5373623383662,1359.5373623383662,0.9993762992995855,0.00113429078930382
1359.544306823949,1359.544306823949,0.9996731800769657,0.0011341104259678496
1359.5512513095082,1359.5512513095082,1.0017912280608257,0.0011347756862800918
1359.558195795044,1359.558195795044,1.0005573514419097,0.001134971611193953
1359.565140280557,1359.565140280557,0.9992037428756874,0.0011343505505582681
1359.5720847660696,1359.5720847660696,0.9987769961852783,0.0011341084066951194
1359.5790292515126,1359.5790292515126,1.0010268086901521,0.0011344995343674717
1359.5859737369324,1359.5859737369324,1.0011888673801157,0.0011345740075061578
1359.5929182223515,1359.5929182223515,0.998843159347006,0.0011343442401468226
1359.5998627077247,1359.5998627077247,0.9999474701914635,0.0011342954503131227
1359.6068071930742,1359.6068071930742,0.9989279652969495,0.0011341443637279851
1359.6137516783774,1359.6137516783774,1.0000834663105924,0.001134751327980232
1359.6206961636808,1359.6206961636808,1.0030769525277585,0.0011353949631448172
1359.627640648914,1359.627640648914,1.0010258138487909,0.0011350045214959907
1359.634585134147,1359.634585134147,1.0004459298462396,0.0011348413223397466
1359.6418073987898,1359.6418073987898,0.9979395564618988,0.001134328098791002
1359.6498630015672,1359.6498630015672,1.0009943207370382,0.0011355948709300008
1359.6568074867305,1359.6568074867305,0.9993534219622002,0.00113514970741911
1359.6637519718245,1359.6637519718245,0.9991081952193213,0.0011350809440434204
1359.670696456918,1359.670696456918,1.0011149026795747,0.0011354776461033858
1359.677640941965,1359.677640941965,0.9980622806193102,0.0011348701318094863
1359.6845854270118,1359.6845854270118,1.0007351855306814,0.0011357666967666223
1359.6915299120124,1359.6915299120124,1.0006717529327054,0.0011357681195086318
1359.6984743969897,1359.6984743969897,0.999812873603527,0.0011357073015728467
1359.70541888192,1359.70541888192,1.0003426197752068,0.0011358861569573
1359.7123633668507,1359.7123633668507,1.0005822831747857,0.0011356506421832805
1359.719307851735,1359.719307851735,0.9995298223772593,0.0011354611530964
1359.7262523365955,1359.7262523365955,1.0012419737201366,0.00113579703328602
1359.7331968214098,1359.7331968214098,0.999500774198405,0.0011350598346802144
1359.740141306224,1359.740141306224,0.9973948513166343,0.0011349966305377339
1359.7470857909916,1359.7470857909916,1.0010581051899883,0.0011358992746265677
1359.7540302757363,1359.7540302757363,0.9983093166189221,0.0011351192317789619
1359.7609747604806,1359.7609747604806,1.001835911797576,0.0011362144345217515
1359.767919245155,1359.767919245155,1.0005252091717591,0.0011358895840150411
1359.7748637298062,1359.7748637298062,1.0016067129044917,0.0011360655375813274
1359.7818082144572,1359.7818082144572,0.9985630602945139,0.0011352055185434528
1359.788752699062,1359.788752699062,1.0008120254746724,0.0011350013919596963
1359.7956971836431,1359.7956971836431,0.9977476994880965,0.0011342701954625265
1359.802641668178,1359.802641668178,0.9972159619726575,0.0011341796973931757
1359.8095861526895,1359.8095861526895,1.000079569211265,0.0011353390699164476
1359.8165306372014,1359.8165306372014,1.0012044131084463,0.001135716954138865
1359.8234751216662,1359.8234751216662,1.002248859543023,0.0011373024180796071
1359.8304196060847,1359.8304196060847,1.0027172425584971,0.0011379947722135217
1359.8373640905027,1359.8373640905027,1.004710188926913,0.0011391460905237193
1359.844308574898,1359.844308574898,1.0041662087332786,0.0011400301252323598
1359.8512530592466,1359.8512530592466,1.001200892880862,0.0011398425982928468
1359.8581975435484,1359.8581975435484,0.9954834100254517,0.001139185250039159
1359.8651420278507,1359.8651420278507,0.9952251054262675,0.001139889716046508
1359.8720865121059,1359.8720865121059,0.9963359287715857,0.001141132253771368
1359.879030996361,1359.879030996361,0.9930470072298079,0.0011407260911360745
1359.8859754805471,1359.8859754805471,0.9925680455098324,0.001140336086847303
1359.8929199647328,1359.8929199647328,0.9945662040127475,0.0011409235254337545
1359.8998644488718,1359.8998644488718,0.9940541917657976,0.0011417728769200007
1359.9068089330337,1359.9068089330337,0.995589473397073,0.0011431758671161933
1359.9137534171261,1359.9137534171261,0.9952185905274152,0.0011434687391024543
1359.9206979011954,1359.9206979011954,0.9976391921814816,0.001144083779664374
1359.9276423852177,1359.9276423852177,0.9952675873058748,0.0011424823938672518
1359.9345868692171,1359.9345868692171,0.9958728343134211,0.001141439118120319
1359.9415313531933,1359.9415313531933,0.9942252227981625,0.0011405645219190496
1359.948475837146,1359.948475837146,0.9943241097554651,0.0011398558974731472
1359.9554203210757,1359.9554203210757,0.9966741781817454,0.0011398469342661672
1359.9623648049817,1359.9623648049817,1.0018219476023318,0.001140316104004689
1359.9693092888178,1359.9693092888178,1.004459261915472,0.0011406085838387289
1359.9762537726774,1359.9762537726774,1.0036758276937028,0.0011387882584447733
1359.9831982564904,1359.9831982564904,1.0017041357767489,0.0011380302494992075
1359.9901427402801,1359.9901427402801,1.0004106710993717,0.0011365645667949682
1359.997087224,1359.997087224,0.999566807667699,0.0011358141535415805
1360.0040317077433,1360.0040317077433,1.0000314550667626,0.001135707368831396
1360.0109761914632,1360.0109761914632,0.9998186312828776,0.0011347898102517739
1360.0179206750902,1360.0179206750902,1.0000510218601764,0.0011347503918618172
1360.02486515874,1360.02486515874,1.0005718961875971,0.0011349995614221013
1360.0318096423437,1360.0318096423437,0.9996132695814834,0.001135592719501623
1360.038754125947,1360.038754125947,0.9994319777119746,0.0011353947006951311
1360.0456986094807,1360.0456986094807,0.9990542930729142,0.001135532130076112
1360.0526430930377,1360.0526430930377,0.9993957735103743,0.0011351705283319728
1360.0595875765248,1360.0595875765248,1.0008948848350971,0.0011359801435363928
1360.0665320600122,1360.0665320600122,0.9998327604865638,0.0011358150349167534
1360.0734765433826,1360.0734765433826,0.9986971112614927,0.0011356230048175792
1360.080421026823,1360.080421026823,0.9992665477091455,0.0011357382439097642
1360.0873655101936,1360.0873655101936,1.0012528723301402,0.001136380319509942
1360.0943099935641,1360.0943099935641,1.0004418539332391,0.0011360640255078287
1360.101254476865,1360.101254476865,0.9997841942323712,0.001135619606944827
1360.1081989601657,1360.1081989601657,0.9994215188691307,0.0011353938701636746
1360.1151434434437,1360.1151434434437,0.9999426457402075,0.0011356391312856548
1360.1220879266746,1360.1220879266746,0.9987854508511397,0.0011352828439801115
1360.129032409905,1360.129032409905,1.000110726206956,0.0011358869100753933
1360.1359768930429,1360.1359768930429,0.9995345613570444,0.0011355747809176895
1360.1429213762272,1360.1429213762272,1.0006414308469591,0.0011354732949695953
1360.1498658593418,1360.1498658593418,1.0013279732338831,0.0011354452253248466
1360.1568103424331,1360.1568103424331,1.0001238640162062,0.0011357317122380663
1360.1637548255012,1360.1637548255012,0.9980683283057401,0.001134992147461743
1360.170699308546,1360.170699308546,1.0003718521452298,0.0011354525773031158
1360.177643791544,1360.177643791544,1.0016927302673317,0.0011360642859953357
1360.1845882745188,1360.1845882745188,1.0010644062956418,0.0011353653178585552
1360.1915327574704,1360.1915327574704,0.9993977400148847,0.0011345197745031702
1360.1984772404453,1360.1984772404453,0.9992274508604048,0.0011350146906276295
1360.2054217232803,1360.2054217232803,0.9979797582864542,0.0011346077088351361
1360.212366206139,1360.212366206139,0.9993874746304447,0.001134949418734344
1360.2193106889974,1360.2193106889974,1.0008806184295838,0.001135837948360204
1360.2262551718093,1360.2262551718093,1.0012984347891802,0.001135942897509801
1360.2331996545745,1360.2331996545745,1.00051549316492,0.0011354033834070243
1360.2401441373397,1360.2401441373397,0.999433017228354,0.0011351359649873246
1360.2470886200351,1360.2470886200351,1.0007311972365103,0.0011361138176693903
1360.2540331027308,1360.2540331027308,0.9999563473830648,0.0011353552340081286
1360.260977585403,1360.260977585403,1.000036617430928,0.0011354954483322865
1360.2679220680052,1360.2679220680052,0.9988256681027291,0.0011354533636668902
1360.2748665506308,1360.2748665506308,0.9995851241571231,0.0011353634317799893
1360.2818110332098,1360.2818110332098,0.9997289228007151,0.0011357514179273743
1360.2887555157654,1360.2887555157654,1.0011161528076014,0.001136004105897814
1360.2956999982746,1360.2956999982746,0.9994680064686626,0.0011356932058472079
1360.3026444807842,1360.3026444807842,1.000022808326039,0.00113544637254009
1360.3095889632466,1360.3095889632466,0.9998672964773032,0.0011351800596763077
1360.3165334456626,1360.3165334456626,1.0001772603617234,0.0011349351919524092
1360.3234779280788,1360.3234779280788,0.9999781374152299,0.001135286942176494
1360.3304224104018,1360.3304224104018,1.000509265572509,0.0011356358893382385
1360.3373668928411,1360.3373668928411,0.9994951789548425,0.0011352595115640565
1360.3443113751173,1360.3443113751173,1.000475304357319,0.0011355959557514351
1360.3512558573705,1360.3512558573705,1.0012065488491366,0.0011356079620652932
1360.3582003396702,1360.3582003396702,0.9997084638135376,0.00113544336955699
1360.3651448218766,1360.3651448218766,0.9987513643144048,0.0011352683175979731
1360.3723670833763,1360.3723670833763,0.999732096846168,0.0011352811500855938
1360.3804226826844,1360.3804226826844,0.9994668270775667,0.001135729557649226
1360.3873671648212,1360.3873671648212,0.9998772192109511,0.001135600228158316
1360.3943116469345,1360.3943116469345,1.0009758836740774,0.0011362522098779843
1360.4012561290247,1360.4012561290247,1.000111647060783,0.0011355949105773902
1360.408478390338,1360.408478390338,0.9998392885109431,0.0011356969339524352
1360.416533989483,1360.416533989483,1.000784551962642,0.0011358919978761363
1360.4234784714567,1360.4234784714567,0.9978494077502551,0.0011350160476073041
1360.4304229534305,1360.4304229534305,1.0021464503809572,0.0011363990875327193
1360.4373674353342,1360.4373674353342,1.0003428125567215,0.0011359679292290994
1360.4443119172615,1360.4443119172615,0.9995997664009899,0.0011358239651029208
1360.4512563991186,1360.4512563991186,1.0003285839731928,0.001135684744473906
1360.4582008809525,1360.4582008809525,0.9993855547868724,0.001135728843189992
1360.4651453628098,1360.4651453628098,0.9993139816920319,0.0011357307615350234
1360.4720898445507,1360.4720898445507,0.9988860726706698,0.001135466702850595
1360.4790343262916,1360.4790343262916,1.0002998716885405,0.00113578838687837
1360.4859788080325,1360.4859788080325,1.0008199402820381,0.00113586563959658
1360.4929232897505,1360.4929232897505,1.0005913871268628,0.0011357114091094058
1360.499867771398,1360.499867771398,0.9996461986080618,0.0011353130955153881
1360.5068122530456,1360.5068122530456,1.0002310777906414,0.001135731013897808
1360.513756734647,1360.513756734647,1.0016081506396164,0.001135543756270797
1360.5207012162246,1360.5207012162246,0.9984222099126375,0.0011348546986126333
1360.5276456977795,1360.5276456977795,0.9995355214429796,0.0011350708626968868
1360.5345901793105,1360.5345901793105,0.9992301374370995,0.0011353386460779425
1360.5415346607952,1360.5415346607952,1.001127062365987,0.0011355779591731095
1360.54847914228,1360.54847914228,1.0010263311412089,0.0011354596846772486
1360.555423623695,1360.555423623695,0.9992130952965347,0.0011350501967186204
1360.5623681050865,1360.5623681050865,0.9985101184049336,0.001135129342606744
1360.5693125864782,1360.5693125864782,0.9996443909388522,0.001135181762643399
1360.576257067823,1360.576257067823,1.0004467394775753,0.0011354578462970677
1360.5832015491217,1360.5832015491217,1.000844867732791,0.0011358539086880825
1360.59014603042,1360.59014603042,0.9995430025618042,0.0011351358348081894
1360.5970905116951,1360.5970905116951,0.9991195378880533,0.0011349238387232485
1360.6040349929006,1360.6040349929006,1.000410478933133,0.0011355580813549957
1360.6109794741292,1360.6109794741292,0.9987526327406113,0.0011353229623068503
1360.617923955288,1360.617923955288,0.9994187620997307,0.0011356168499932688
1360.624868436447,1360.624868436447,1.0017020681889315,0.0011357507544403332
1360.6318129175359,1360.6318129175359,1.0005478931740626,0.0011356157198337995
1360.6387573986246,1360.6387573986246,0.9986607744716544,0.0011350639556138445
1360.6457018796668,1360.6457018796668,1.0006277622193889,0.0011353933340505725
1360.6526463606858,1360.6526463606858,1.0005416135028022,0.0011358522238796788
1360.6595908417057,1360.6595908417057,0.9994566836570256,0.0011355534022139098
1360.6665353226547,1360.6665353226547,0.9987717989930885,0.0011351553816828113
1360.6734798036036,1360.6734798036036,1.0010635833702162,0.0011358505197731376
1360.6804242845296,1360.6804242845296,1.0008300472139364,0.001135888193904875
1360.6873687653856,1360.6873687653856,1.000364022949876,0.0011356860064707626
1360.6943132462422,1360.6943132462422,1.0004257571145998,0.0011356783556524825
1360.7012577270516,1360.7012577270516,0.9979357619456162,0.0011349991534861448
1360.7082022078378,1360.7082022078378,0.999052085305515,0.0011356846213411396
1360.715146688601,1360.715146688601,1.0012282231260445,0.0011359421832451593
1360.7220911693407,1360.7220911693407,1.0002156178567307,0.0011360152937112914
1360.7290356500337,1360.7290356500337,0.9997396947133425,0.001135533125942911
1360.7359801307034,1360.7359801307034,1.000238821621945,0.0011357410250654215
1360.7429246113732,1360.7429246113732,1.0004861391955044,0.0011358936442670037
1360.74986909195,1360.74986909195,0.9993152654583712,0.0011354306178157632
1360.7568135725267,1360.7568135725267,1.0012229381625355,0.001135968572109284
1360.7637580531032,1360.7637580531032,1.0008430217032307,0.0011357948979548182
1360.7707025336567,1360.7707025336567,0.9980401984304651,0.0011352651956519383
1360.7776470141403,1360.7776470141403,1.0014037099026132,0.0011359336874329118
1360.7845914946006,1360.7845914946006,0.9991721986066079,0.0011356420351354816
1360.7915359750377,1360.7915359750377,0.9989683551702194,0.0011356439139291246
1360.7984804554515,1360.7984804554515,1.0005108864865988,0.0011360351550249424
1360.8054249358186,1360.8054249358186,1.0000004681630428,0.0011359519334584473
1360.8123694161854,1360.8123694161854,0.9998083503597256,0.0011360330065184766
1360.8193138965064,1360.8193138965064,0.997432649657813,0.0011352301715303094
1360.8262583768042,1360.8262583768042,1.0017415238903113,0.0011367654348140971
1360.8332028570312,1360.8332028570312,0.9995740953241148,0.0011360163420865664
1360.840147337282,1360.840147337282,1.0005585990321424,0.0011362078941716458
1360.847091817486,1360.847091817486,0.9999844603958618,0.0011362252467890025
1360.8540362976435,1360.8540362976435,0.998600056068646,0.0011357145182401026
1360.8609807778016,1360.8609807778016,1.0009588454803677,0.001136321109485351
1360.8679252579125,1360.8679252579125,1.0010517355205681,0.0011363281086726577
1360.8748697380001,1360.8748697380001,0.998159927669145,0.0011355060088005199
1360.8818142180182,1360.8818142180182,1.0001891392253888,0.001136051109553354
1360.888758698106,1360.888758698106,0.9997605543183304,0.0011358035678859812
1360.8957031781006,1360.8957031781006,1.001665834818892,0.0011365597764656057
1360.902647658002,1360.902647658002,0.9991122553183759,0.001135474937128953
1360.9095921379965,1360.9095921379965,1.000348187364312,0.0011356173344568507
1360.9165366178747,1360.9165366178747,0.9986424475567931,0.0011352624664285607
1360.9234810977532,1360.9234810977532,1.000719756903464,0.0011357257492629778
1360.9304255775846,1360.9304255775846,1.0024510577750274,0.001136136727677205
1360.93737005744,1360.93737005744,0.9991821165993177,0.0011353342046863018
1360.9443145372015,1360.9443145372015,0.9997308956279076,0.0011350524642918269
1360.9512590169634,1360.9512590169634,1.0005048368017742,0.0011354053350606092
1360.958203496702,1360.958203496702,0.9998374407920613,0.0011351219955530209
1360.965147976417,1360.965147976417,1.0002673948919838,0.0011353859841624942
1360.9720924560625,1360.9720924560625,1.0006728487915342,0.0011352227275862703
1360.9790369356847,1360.9790369356847,0.9992616993682141,0.001134306178370553
1360.985981415307,1360.985981415307,0.9991433550252401,0.001134800441690821
1360.9929258948825,1360.9929258948825,1.0007754009353045,0.001134927398927045
1360.999870374458,1360.999870374458,1.000143851705557,0.0011344061639100816
1361.0068148539633,1361.0068148539633,0.9994443953363217,0.0011344248705450247
1361.0137593334694,1361.0137593334694,0.9980734565826397,0.0011347476469551784
1361.0215371504344,1361.0215371504344,1.0011760310223023,0.001135267553816766
1361.0290371882002,1361.0290371882002,0.9997149558394067,0.0011349810791131203
1361.0359816676128,1361.0359816676128,1.000661458628762,0.0011350295373258735
1361.0429261470254,1361.0429261470254,0.9998337281815648,0.0011347623276096218
1361.050148405498,1361.050148405498,0.9987454730618779,0.0011347500686826125
1361.0582040015001,1361.0582040015001,1.0001774850884402,0.0011353557464387654
1361.0651484807495,1361.0651484807495,1.000302542226476,0.0011352652451803943
1361.0720929600227,1361.0720929600227,0.9993016963840177,0.0011349372867518047
1361.0804263350615,1361.0804263350615,1.0012073911507553,0.001135566828730809
1361.0873708142412,1361.0873708142412,1.0003361899272802,0.001135462748485037
1361.0943152933746,1361.0943152933746,1.0003922305705266,0.0011351438058717972
1361.1015375516613,1361.1015375516613,0.9989028510691416,0.0011351467141803844
1361.1109820432198,1361.1109820432198,0.9997315626114052,0.0011355411713964284
1361.117926522236,1361.117926522236,0.998727378799841,0.0011348028570747893
1361.1248710012533,1361.1248710012533,1.0008490715546057,0.0011352264953310425
1361.1318154802698,1361.1318154802698,0.9996025636750833,0.0011351053809429477
1361.1387599591935,1361.1387599591935,1.0001229007317705,0.0011352797999752476
1361.148760008849,1361.148760008849,1.0010570992297587,0.001135281437190574
1361.1582045001517,1361.1582045001517,1.0013783667171618,0.0011356272702650085
1361.1673712122079,1361.1673712122079,0.9990927319590845,0.0011347608851996064
1361.1787601573967,1361.1787601573967,0.999849953736678,0.0011352621411704438
1361.1868157527472,1361.1868157527472,0.9999307239525616,0.0011353457002471052
1361.1943157897676,1361.1943157897676,1.000370051926889,0.001135592142516662
1361.2015380475882,1361.2015380475882,0.9988662054960086,0.0011354826590720803
1361.2095936428454,1361.2095936428454,1.0004241800245428,0.0011355931078048261
1361.2165381214431,1361.2165381214431,0.9994010433056821,0.0011359291593097736
1361.2234826000408,1361.2234826000408,0.9999562847827452,0.0011359013250436477
1361.230427078615,1361.230427078615,1.000892813492278,0.0011359539461645062
1361.2373715571198,1361.2373715571198,0.9987155937249387,0.0011355837500796424
1361.2443160356243,1361.2443160356243,1.0004837833400813,0.0011360455046328032
1361.251260514105,1361.251260514105,1.00070340807505,0.0011359672015132673
1361.2582049925402,1361.2582049925402,1.0011958823603377,0.001136374034464169
1361.2651494709519,1361.2651494709519,0.9993617301544047,0.001135522042558828
1361.2720939493165,1361.2720939493165,0.9999599832305407,0.0011355040467331701
1361.2790384276811,1361.2790384276811,0.9990094770479445,0.001135676629572461
1361.2859829059762,1361.2859829059762,1.0010083430901298,0.001135977550236477
1361.2929273842713,1361.2929273842713,0.9999387507390918,0.0011360010494962966
1361.2998718625895,1361.2998718625895,0.9990666602704396,0.0011355257356026227
1361.3068163407215,1361.3068163407215,0.9998309733587043,0.0011359104084121044
1361.3137608189702,1361.3137608189702,1.0016648865762237,0.0011360132450022522
1361.3207052971252,1361.3207052971252,1.0000034467597991,0.001135598504741239
1361.3276497752804,1361.3276497752804,1.0005855269120516,0.0011356094508164693
1361.3345942533895,1361.3345942533895,0.9996180975293804,0.0011353649594187851
1361.3415387314512,1361.3415387314512,0.9998844288567739,0.001135171700144993
1361.3484832095137,1361.3484832095137,0.9997379391693373,0.001135446117627867
1361.3554276875057,1361.3554276875057,0.9999115658121797,0.001134796465331858
1361.3623721655213,1361.3623721655213,1.0002063523432898,0.0011348524079160492
1361.3693166434673,1361.3693166434673,1.0010968739323693,0.001135332343398333
1361.3762611213895,1361.3762611213895,1.0010646540146682,0.001135182012275592
1361.3832055992887,1361.3832055992887,0.9965846365044293,0.0011342262437741854
1361.3901500771417,1361.3901500771417,1.0002422812306542,0.0011352287579823098
1361.397094554994,1361.397094554994,0.999880025888975,0.0011355420987576093
1361.4040390327768,1361.4040390327768,0.9984142042613273,0.001135002162937907
1361.4109835105594,1361.4109835105594,0.999399974811902,0.0011354786795238728
1361.4179279882726,1361.4179279882726,1.0006712145283583,0.0011359338157639952
1361.4248724660556,1361.4248724660556,0.9994475334947677,0.001135626322848231
1361.4318169437215,1361.4318169437215,0.999099228969858,0.0011356166698958433
1361.438761421388,1361.438761421388,1.0004627621411308,0.0011360706731160211
1361.4457058989615,1361.4457058989615,0.998048906719991,0.0011356970604353125
1361.4526503765808,1361.4526503765808,1.0001563137709604,0.0011361027990939502
1361.4595948541312,1361.4595948541312,1.000068066625785,0.001136138655567684
1361.4665393316577,1361.4665393316577,1.0008462137319636,0.00113534531697187
1361.473483809184,1361.473483809184,0.9989575519376113,0.0011356774929789622
1361.4804282866412,1361.4804282866412,1.001073846771913,0.0011361613618339546
1361.4873727640745,1361.4873727640745,0.9995379945123026,0.0011358820755857017
1361.4943172414846,1361.4943172414846,0.9992870214605978,0.0011360638737151116
1361.5012617188718,1361.5012617188718,1.0013546315151576,0.0011362361224756938
1361.508206196212,1361.508206196212,1.0006988173382396,0.0011366266771168552
1361.5151506735526,1361.5151506735526,1.00182649701107,0.0011370419314766132
1361.5220951508231,1361.5220951508231,0.9986244481850146,0.0011360773277422403
1361.5290396280932,1361.5290396280932,0.9989338635120255,0.0011359695243196091
1361.5370952216513,1361.5370952216513,0.9981992420312917,0.0011366441554094462
1361.5443174779587,1361.5443174779587,1.0002259625045902,0.0011368859403347521
1361.5512619551123,1361.5512619551123,1.0008333140217114,0.0011368571158875082
1361.5587619904104,1361.5587619904104,1.0002109859885295,0.0011370352554676436
1361.5679287001615,1361.5679287001615,0.9997150172415307,0.0011368705385712105
1361.5765398517228,1361.5765398517228,1.0003355971131795,0.001136872550722677
1361.5845954450472,1361.5845954450472,1.0003768245153883,0.001137327459116831
1361.592095480205,1361.592095480205,0.9996934165514562,0.0011364758989963668
1361.5998732943767,1361.5998732943767,1.0005793461855006,0.0011369251486421726
1361.606817771298,1361.606817771298,0.9988937519468669,0.0011359573124375057
1361.6137622481726,1361.6137622481726,1.0004270608687558,0.001135783481923982
1361.6207067250475,1361.6207067250475,1.0001696649666143,0.001135973568512956
1361.6312623297497,1361.6312623297497,0.9993054859004736,0.0011352315288664962
1361.6526513181914,1361.6526513181914,1.0007135898963984,0.00113521508741992
1361.6595957948334,1361.6595957948334,0.9996668128983146,0.001135176686231635
1361.6665402715219,1361.6665402715219,1.0001064890864164,0.001135259070442042
1361.673484748117,1361.673484748117,1.0003303994066912,0.0011353990705450898
1361.680429224736,1361.680429224736,1.0009086308601878,0.0011352525002229072
1361.687373701238,1361.687373701238,0.9993832709845496,0.0011352411155336277
1361.6943181778568,1361.6943181778568,0.9998889924986516,0.0011355489712570324
1361.7012626543358,1361.7012626543358,0.9989201729867181,0.0011352857778030372
1361.7082071307445,1361.7082071307445,1.000198006083463,0.0011355241276055663
1361.7151516072233,1361.7151516072233,0.9995120680096321,0.001135518382697129
1361.7220960836094,1361.7220960836094,1.0019053294962017,0.0011363128710525125
1361.7290405599952,1361.7290405599952,0.9997191435689355,0.001136031722832695
1361.7359850363348,1361.7359850363348,1.0002402383957165,0.00113593887245505
1361.7429295126503,1361.7429295126503,0.9993146510625586,0.0011354760788733081
1361.749873988943,1361.749873988943,0.9991223575850757,0.001135182339983503
1361.7568184651893,1361.7568184651893,0.9998332704462107,0.0011354758221618546
1361.7637629413884,1361.7637629413884,1.0002697789265527,0.001135752757489614
1361.7707074176114,1361.7707074176114,1.000636604603376,0.001135851426140034
1361.7776518937644,1361.7776518937644,0.9987856537523594,0.0011359465537290475
1361.784596369894,1361.784596369894,1.0008609985413517,0.0011359101215120868
1361.7915408459771,1361.7915408459771,1.0013668781290312,0.0011361949121340754
1361.79848532206,1361.79848532206,1.001917775529566,0.001136463707205907
1361.8054297980736,1361.8054297980736,0.9995274119961328,0.0011355894253718157
1361.812374274087,1361.812374274087,0.9988341503189286,0.001135633126858922
1361.8193187500767,1361.8193187500767,1.0006695807488621,0.0011358576088863561
1361.8262632260437,1361.8262632260437,0.9994244399391363,0.001135686723824018
1361.8332077019636,1361.8332077019636,1.0003929169763106,0.0011363473404657582
1361.8401521777669,1361.8401521777669,1.0000300491560388,0.001136040750777569
1361.8470966536645,1361.8470966536645,1.0001725997761741,0.001136141020469042
1361.854041129468,1361.854041129468,0.999152504223846,0.001136061740559763
1361.8609856052483,1361.8609856052483,1.001301281511175,0.0011364503314601725
1361.867930081029,1361.867930081029,1.0008936325255802,0.0011359380228528591
1361.8748745567393,1361.8748745567393,0.9971257101512994,0.001134504073316001
1361.8818190324503,1361.8818190324503,1.0020284369085324,0.0011356162738055428
1361.8887635080907,1361.8887635080907,0.9971384968638018,0.0011345089067193912
1361.8957079837314,1361.8957079837314,0.9991412862267037,0.0011348214379114053
1361.9026524593255,1361.9026524593255,0.9998409622336449,0.0011345989021972363
1361.9095969349196,1361.9095969349196,1.0008599128565636,0.0011350797505471184
1361.916541410444,1361.916541410444,1.001288359662897,0.0011350729808550708
1361.923485885945,1361.923485885945,0.9996919204541383,0.0011348886493484154
1361.930430361423,1361.930430361423,1.000428526306956,0.0011348984106360704
1361.9373748368776,1361.9373748368776,1.0000776615903575,0.0011346662340761837
1361.944319312262,1361.944319312262,1.0000376755320795,0.0011346689281234227
1361.9512637877165,1361.9512637877165,0.9985983143363162,0.001134228286377784
1361.9582082630545,1361.9582082630545,1.0011057349819326,0.001135292256865601
1361.9651527383696,1361.9651527383696,1.0002349256907686,0.0011355171915426222
1361.9720972136142,1361.9720972136142,0.9993208981829007,0.0011347752015859742
1361.9790416889057,1361.9790416889057,0.9995589899942271,0.0011351137500986727
1361.9859861641276,1361.9859861641276,1.0015508849037225,0.001135719706357124
1361.992930639326,1361.992930639326,1.000228197283061,0.0011352621572556637
1361.9998751144776,1361.9998751144776,0.9990548691711995,0.0011350622671607033
1362.006819589606,1362.006819589606,0.9995434309124835,0.001135182687798831
1362.0137640647113,1362.0137640647113,1.0009048466030497,0.001135773043867875
1362.020708539793,1362.020708539793,1.0004449510585078,0.001135298243089705
1362.0276530148287,1362.0276530148287,1.0006139769253597,0.0011355758710258573
1362.0345974898407,1362.0345974898407,1.0006673250197031,0.0011348770336793317
1362.0415419648295,1362.0415419648295,0.999223397852473,0.001134794576616573
1362.0484864397488,1362.0484864397488,0.999561788574167,0.0011345276443177528
1362.0554309146676,1362.0554309146676,0.9996247891026669,0.0011346604339556418
1362.0623753895395,1362.0623753895395,0.9995705745792567,0.0011346464934174
1362.069319864389,1362.069319864389,1.0013869088347838,0.0011347814379367705
1362.076264339238,1362.076264339238,0.9997434208653724,0.0011347400035063367
1362.0832088140176,1362.0832088140176,0.9998692481909455,0.0011353778098210376
1362.0901532887735,1362.0901532887735,1.000113521481865,0.0011349077488963138
1362.0970977635293,1362.0970977635293,1.0008886600534126,0.0011349613869190958
1362.1040422381693,1362.1040422381693,0.9995550408288864,0.0011349804950804845
1362.1109867128553,1362.1109867128553,1.000892039295961,0.0011352284927029625
1362.1179311874946,1362.1179311874946,0.9976847434076918,0.0011347379985464632
1362.1248756620646,1362.1248756620646,0.9996602849032123,0.0011348308475496237
1362.1318201366573,1362.1318201366573,1.000189918654948,0.0011348967849224743
1362.1387646111805,1362.1387646111805,1.0006653521415037,0.0011354695513607009
1362.1457090856807,1362.1457090856807,1.0013947975194706,0.001135416268346377
1362.1526535601572,1362.1526535601572,1.0011199814070668,0.0011348457859294094
1362.1595980346106,1362.1595980346106,0.9998125227471748,0.0011348073041848952
1362.1665425090173,1362.1665425090173,0.9994585277859163,0.001134618565730435
1362.1734869834004,1362.1734869834004,0.9992808129465262,0.0011345021814037452
1362.1804314577378,1362.1804314577378,1.0010205465676099,0.0011350835069862358
1362.187375932051,1362.187375932051,0.9999090860722191,0.0011348546719464193
1362.1943204063414,1362.1943204063414,1.0006829448893133,0.0011349181055523236
1362.2012648805617,1362.2012648805617,0.9996002882061852,0.0011348377430731864
1362.2082093548288,1362.2082093548288,1.0001638140949942,0.0011350019035645384
1362.215153829026,1362.215153829026,0.9999463893385807,0.001134792514957807
1362.2220983031536,1362.2220983031536,0.999701917706826,0.0011348353763427133
1362.2290427772573,1362.2290427772573,1.000098886417448,0.0011348300163882322
1362.2359872513616,1362.2359872513616,0.9991708236871133,0.001134714149330591
1362.242931725419,1362.242931725419,1.0002706044051568,0.001134798917593751
1362.2498761994532,1362.2498761994532,0.9995224279635325,0.001134349408029878
1362.2568206734413,1362.2568206734413,1.0008704761987537,0.0011347145530090834
1362.2637651474286,1362.2637651474286,0.9997468114959874,0.0011345950739568718
1362.2707096213467,1362.2707096213467,0.9995251888790294,0.0011341652660365336
1362.2776540952411,1362.2776540952411,1.0008174896848052,0.0011347972094335119
1362.2845985691122,1362.2845985691122,0.9992506273347619,0.0011341821543410394
1362.2915430429605,1362.2915430429605,0.9997072527533252,0.0011342341648861737
1362.2984875167851,1362.2984875167851,0.9998101506475698,0.0011342513593703158
1362.3054319905398,1362.3054319905398,1.0008190530191947,0.0011345845390901513
1362.3123764642712,1362.3123764642712,1.0004173976704371,0.0011352381891318393
1362.3193209380026,1362.3193209380026,0.9993961770119476,0.0011350801756722759
1362.3262654116643,1362.3262654116643,1.0005517600693203,0.0011359726538007935
1362.3332098853261,1362.3332098853261,0.9998531632926755,0.0011364043958012296
1362.340154358918,1362.340154358918,1.001681602514901,0.001137220059851229
1362.34709883251,1362.34709883251,1.0027903139078103,0.0011386193533354356
1362.3540433061016,1362.3540433061016,0.999912211380183,0.0011379314209128783
1362.360987779577,1362.360987779577,0.9955369095866515,0.0011373649839961691
1362.3679322530759,1362.3679322530759,0.9919095013759422,0.001136989530988067
1362.3748767265279,1362.3748767265279,0.9927535652808428,0.0011396107844534533
1362.381821199957,1362.381821199957,0.9970844285455784,0.0011428421192375255
1362.388765673339,1362.388765673339,0.995028822655696,0.0011417250330699239
1362.3957101466979,1362.3957101466979,0.9971802584610036,0.0011416861341280997
1362.4026546200341,1362.4026546200341,0.9956551700313897,0.0011416484687404066
1362.4095990933463,1362.4095990933463,0.9957117861980551,0.0011421172693182485
1362.416543566589,1362.416543566589,0.9960095777264897,0.0011423352534282608
1362.423488039808,1362.423488039808,0.9964320668950464,0.0011425963028316986
1362.430432513004,1362.430432513004,0.9988814224591798,0.0011433050785490154
1362.4373769862002,1362.4373769862002,0.992820404121378,0.0011401735869893419
1362.444321459303,1362.444321459303,0.9946871422865374,0.0011383522450156849
1362.4512659324294,1362.4512659324294,0.9938469628525798,0.0011375800497632302
1362.4582104054855,1362.4582104054855,0.9986556363811736,0.001138750076171425
1362.4651548785653,1362.4651548785653,1.0026012082756024,0.0011388109458777293
1362.472099351575,1362.472099351575,1.003420516374347,0.0011382070039425477
1362.4790438244684,1362.4790438244684,1.00049583022143,0.0011369042282851542
1362.4859882974547,1362.4859882974547,1.0007921441068284,0.0011360831955129597
1362.492932770348,1362.492932770348,1.0008587001883882,0.0011357941850931555
1362.499877243218,1362.499877243218,1.0009334645418155,0.0011350149582082334
1362.5068217160883,1362.5068217160883,0.9987204263049371,0.0011339154985268722
1362.5137661888882,1362.5137661888882,1.000128336777259,0.0011341761431397212
1362.5207106616656,1362.5207106616656,0.9986980918966697,0.0011338647855052048
1362.527655134396,1362.527655134396,1.0008907820316524,0.001134706101327445
1362.5345996071262,1362.5345996071262,1.0013649296392289,0.0011345631201534448
1362.5415440797867,1362.5415440797867,0.9998582553729909,0.0011344824991466286
1362.548488552424,1362.548488552424,1.0009469195757967,0.001134620781980708
1362.5554330250611,1362.5554330250611,0.9969613530829216,0.0011337494006640522
1362.562377497652,1362.562377497652,1.0003743511614762,0.0011342417640880175
1362.5693219701957,1362.5693219701957,0.998425448821332,0.0011336804842827755
1362.5762664427168,1362.5762664427168,1.0000733512200024,0.0011338704445946863
1362.583210915191,1362.583210915191,1.001368620709976,0.001134411624572482
1362.590155387619,1362.590155387619,0.9999233763116153,0.001133580127350399
1362.5970998600467,1362.5970998600467,1.0009292812878834,0.0011340160368597358
1362.6040443324744,1362.6040443324744,1.00019762874506,0.00113398915465896
1362.6109888048088,1362.6109888048088,1.0000307730128069,0.001133473316133743
1362.6179332771437,1362.6179332771437,1.000354471759619,0.0011338244601129456
1362.6248777494316,1362.6248777494316,0.9994409160134842,0.0011335926912541246
1362.6318222216728,1362.6318222216728,0.9993478515807661,0.0011335855177534388
1362.638766693914,1362.638766693914,1.000204199448832,0.0011339608796277472
1362.6457111661089,1362.6457111661089,0.9993827880623432,0.0011339036528320561
1362.6526556382805,1362.6526556382805,1.0005054083714306,0.0011340938101073808
1362.6596001104056,1362.6596001104056,1.0013774589162165,0.0011337446125486623
1362.666544582484,1362.666544582484,0.9986363795780985,0.001133658383935056
1362.6734890545395,1362.6734890545395,0.9998554588108398,0.001134014139478582
1362.680433526571,1362.680433526571,0.998615100760907,0.0011336896655143093
1362.68737799858,1362.68737799858,1.0001694068291203,0.001134025183207447
1362.694322470542,1362.694322470542,1.0035669763631527,0.001134789621019398
1362.7012669424807,1362.7012669424807,0.9993932843061414,0.0011339832113448495
1362.7082114143498,1362.7082114143498,1.001273386641951,0.0011341739235491018
1362.7151558861951,1362.7151558861951,0.9992198055254654,0.001134539711943065
1362.7221003580405,1362.7221003580405,1.0015845402103123,0.0011350930886264853
1362.7290448298866,1362.7290448298866,0.9993318659630832,0.0011345403913574474
1362.735989301616,1362.735989301616,0.9989148768914633,0.0011348337713562302
1362.7429337733681,1362.7429337733681,0.9999269059227774,0.0011349540206453657
1362.7498782450507,1362.7498782450507,0.9994300305824442,0.001134668247101
1362.7568227167333,1362.7568227167333,1.0010594946148559,0.0011355183118585985
1362.7637671883692,1362.7637671883692,0.9989363975835858,0.0011347184583853317
1362.7707116599822,1362.7707116599822,0.9990584752210282,0.0011350414013069255
1362.7776561315482,1362.7776561315482,0.9993949726868102,0.001134755081388712
1362.7846006030682,1362.7846006030682,1.0019123311828584,0.0011353246271025277
1362.7915450745877,1362.7915450745877,1.0018457011932722,0.0011351752350965201
1362.7984895460609,1362.7984895460609,0.9991719184357495,0.001134561115036549
1362.8054340174874,1362.8054340174874,0.9992145450870746,0.0011349038496723841
1362.8123784888905,1362.8123784888905,0.9993682418495103,0.0011343486452575398
1362.8193229602707,1362.8193229602707,0.9996394708019677,0.0011348750133787684
1362.826267431604,1362.826267431604,1.000326335079583,0.0011351313076503895
1362.8332119029142,1362.8332119029142,1.0012649403964855,0.001134920836134298
1362.8401563741777,1362.8401563741777,1.0008286624688179,0.0011353652169027281
1362.8471008454414,1362.8471008454414,0.9985268038663137,0.0011349939150861012
1362.8540453165883,1362.8540453165883,1.0000162408847078,0.0011350231108501027
1362.8609897877823,1362.8609897877823,0.998926622829728,0.0011346098190600988
1362.868767595481,1362.868767595481,1.0003760292761146,0.001134521695207978
1362.8762676242363,1362.8762676242363,1.0009343862294797,0.001134819287756631
1362.8832120953134,1362.8832120953134,0.9988665806650922,0.0011344409928641208
1362.890156566344,1362.890156566344,1.000166027617532,0.0011348187371983556
1362.8971010373514,1362.8971010373514,0.9997957875017752,0.001135146258766825
1362.904045508312,1362.904045508312,1.001135432451013,0.0011354779927775856
1362.913212209938,1362.913212209938,1.0012397169216556,0.001135370833175767
1362.9207122384835,1362.9207122384835,1.0005155711665963,0.0011352268317991957
1362.9276567093511,1362.9276567093511,0.9992697422914361,0.0011353852757539887
1362.9346011801722,1362.9346011801722,1.0002706820281302,0.001135251395555949
1362.9415456509469,1362.9415456509469,1.0004192697149554,0.001134931591573608
1362.9498790158345,1362.9498790158345,0.9992949780167801,0.001134939288429016
1362.956823486516,1362.956823486516,1.0000431102746794,0.0011349135458429802
1362.9637679571974,1362.9637679571974,0.9994323281651321,0.0011351990506832587
1362.9707124278789,1362.9707124278789,0.9991660791856806,0.00113507947368251
1362.9776568984903,1362.9776568984903,1.0008349569484398,0.0011355538284528158
1362.9846013690792,1362.9846013690792,1.0026162467541897,0.0011359775365566984
1362.9915458396208,1362.9915458396208,0.9989323254679935,0.0011348595900628673
1362.9984903101163,1362.9984903101163,0.9997028358898291,0.0011351039629429727
1363.0054347805878,1363.0054347805878,0.9992849490904202,0.0011349879310772217
1363.0123792510367,1363.0123792510367,0.9995555179494445,0.001135284386080573
1363.0193237214621,1363.0193237214621,1.0001657471378156,0.001135591807187758
1363.0262681918407,1363.0262681918407,1.0003466563929908,0.0011358883318598957
1363.033212662173,1363.033212662173,0.9996426642910208,0.0011358778101782055
1363.040157132482,1363.040157132482,1.0006310524486768,0.0011358775009283472
1363.0471016027443,1363.0471016027443,0.999828912186137,0.0011360050425589135
1363.0540460729833,1363.0540460729833,1.0008634403019998,0.0011356821229433702
1363.0609905431993,1363.0609905431993,0.9992022565960064,0.0011354383995263288
1363.0679350133453,1363.0679350133453,0.9983820100870748,0.0011359180502739038
1363.0748794835379,1363.0748794835379,1.0004381059399192,0.001135996754960968
1363.0818239536604,1363.0818239536604,1.0006049109216089,0.0011359590647572744
1363.0887684236666,1363.0887684236666,0.9993937650760563,0.0011360622505459338
1363.095712893743,1363.095712893743,1.0039337591735038,0.0011369998781715017
1363.102657363726,1363.102657363726,1.0001178345563486,0.0011364113912823704
1363.1096018336855,1363.1096018336855,1.0010065933377716,0.001136712436999528
1363.1165463036452,1363.1165463036452,0.9993420873299419,0.0011363713731482666
1363.123490773535,1363.123490773535,0.9985420054415945,0.0011365377101348762
1363.130435243402,1363.130435243402,0.9996123683575133,0.0011362241821940991
1363.1373797132683,1363.1373797132683,0.9993510165534925,0.001136403499191588
1363.1443241830416,1363.1443241830416,0.999786713524129,0.0011366904566060413
1363.1512686528154,1363.1512686528154,1.0006215994594077,0.0011368198524825336
1363.1582131225423,1363.1582131225423,0.9998570062705984,0.0011362940593892166
1363.1651575922458,1363.1651575922458,0.9995341613811256,0.001136414454332335
1363.1721020619027,1363.1721020619027,1.0010312661376808,0.0011368968657971628
1363.1790465315364,1363.1790465315364,0.9998441363098353,0.0011363880292055797
1363.1859910011467,1363.1859910011467,1.0017247990620988,0.001136664141581506
1363.1929354707108,1363.1929354707108,1.0004359731270098,0.0011362562929890679
1363.1998799402281,1363.1998799402281,0.9995916468946291,0.0011360894955484253
1363.2068244097454,1363.2068244097454,0.9986683850214749,0.0011359114679274835
1363.2137688791697,1363.2137688791697,0.999312602838985,0.0011362754453097168
1363.2207133485938,1363.2207133485938,0.9992053498258204,0.0011362804918030572
1363.227657817995,1363.227657817995,0.9994779449602031,0.0011363420890625191
1363.2346022873492,1363.2346022873492,0.9999189292301709,0.0011360772897110222
1363.2415467566802,1363.2415467566802,1.000752621803061,0.001136324368358966
1363.2484912259647,1363.2484912259647,1.0016297574845512,0.0011364575806479004
1363.2554356952255,1363.2554356952255,1.000730129590537,0.0011364700913590509
1363.2623801644409,1363.2623801644409,0.9995081012163045,0.0011358128495815598
1363.2693246336087,1363.2693246336087,1.0007462845453579,0.0011360865672823256
1363.276269102777,1363.276269102777,0.9987874442571762,0.001135998843896792
1363.2832135718982,1363.2832135718982,0.9989362036099007,0.0011359622542588966
1363.2901580409734,1363.2901580409734,1.000746096818009,0.0011369051127868106
1363.2971025100253,1363.2971025100253,0.9993496249432832,0.0011364906062792967
1363.3040469790303,1363.3040469790303,0.9998598789181952,0.001136530300332331
1363.310991447965,1363.310991447965,1.0002295697413186,0.001136363017354329
1363.3179359169008,1363.3179359169008,1.0008043459994023,0.0011372001538756222
1363.3248803858355,1363.3248803858355,0.9998977008988691,0.001136763968936193
1363.331824854748,1363.331824854748,1.000474578497962,0.0011370821466821046
1363.3387693235668,1363.3387693235668,1.0005738272332878,0.001137078021280391
1363.3457137923856,1363.3457137923856,0.998515431564129,0.0011367670309762009
1363.352658261158,1363.352658261158,1.000793627013305,0.001136970962530436
1363.3596027298836,1363.3596027298836,1.0012690417565833,0.0011376543434297001
1363.3665471986092,1363.3665471986092,0.9977539844610351,0.0011364806197073812
1363.373491667242,1363.373491667242,1.0002193808302515,0.0011373491964444186
1363.3804361358975,1363.3804361358975,1.000109599319213,0.0011372358175260869
1363.3873806044837,1363.3873806044837,0.9982069820821359,0.0011364060452384727
1363.3943250730463,1363.3943250730463,0.999852123313785,0.00113725042050156
1363.4012695415859,1363.4012695415859,1.002686211505949,0.0011378644914029601
1363.408214010079,1363.408214010079,1.0001878208201866,0.0011371010198990559
1363.4151584785252,1363.4151584785252,0.9996976801352183,0.0011370169922789307
1363.4221029469713,1363.4221029469713,0.9997373102662692,0.0011374461991699083
1363.4290474153247,1363.4290474153247,0.9994977570164252,0.0011372705886330387
1363.4359918836778,1363.4359918836778,1.0002721962529044,0.0011374994968777375
1363.4429363520312,1363.4429363520312,1.0006125235407504,0.0011378371705938449
1363.4498808202911,1363.4498808202911,1.000437472319569,0.0011381043312621273
1363.456825288551,1363.456825288551,0.9999648036309393,0.0011380088105988144
1363.4637697567646,1363.4637697567646,0.9997006129032062,0.0011382874926137128
1363.4707142249313,1363.4707142249313,0.9997398675399388,0.001138775472634381
1363.4776586930752,1363.4776586930752,0.9993652816146152,0.0011389531712245225
1363.4846031611955,1363.4846031611955,0.9977816172847556,0.0011384361744986237
1363.491547629246,1363.491547629246,1.0006449285410866,0.0011394577796117085
1363.4984920972963,1363.4984920972963,1.0012819018099133,0.00113985907570689
1363.5054365653007,1363.5054365653007,0.9999787860963514,0.0011398970572545025
1363.5123810332811,1363.5123810332811,1.0006263842647793,0.0011401183460564136
1363.519325501192,1363.519325501192,1.002251027134536,0.0011405066362958909
1363.5262699691027,1363.5262699691027,1.0005190868790144,0.0011401066799682593
1363.5332144369668,1363.5332144369668,1.0002122857137128,0.0011402597290924657
1363.5401589047847,1363.5401589047847,0.9985931803525883,0.0011405512313804448
1363.5471033725557,1363.5471033725557,0.9992399871227917,0.0011404456925343475
1363.5540478403268,1363.5540478403268,1.00110779165682,0.001141344318416574
1363.560992308075,1363.560992308075,0.9985754107292409,0.001141276304312168
1363.567936775753,1363.567936775753,1.0007730515214774,0.0011416329156355924
1363.5748812433844,1363.5748812433844,0.9994154771478183,0.0011414914460616756
1363.5818257110157,1363.5818257110157,1.0031336967091913,0.0011422410059935217
1363.5887701786003,1363.5887701786003,0.9996688601772206,0.0011417313620520945
1363.5957146461385,1363.5957146461385,0.9985222811049261,0.001141121969249665
1363.6026591136538,1363.6026591136538,1.0005789453039047,0.0011420672347638107
1363.6096035811224,1363.6096035811224,0.9998998315794839,0.0011412808913478924
1363.616548048544,1363.616548048544,1.0010739822977035,0.0011416166635047481
1363.6234925159429,1363.6234925159429,0.9999796025990019,0.001141398991765453
1363.630436983318,1363.630436983318,0.9991685879057286,0.0011413389837621568
1363.639325901506,1363.639325901506,1.000449098854461,0.001141749490379162
1363.6471037048511,1363.6471037048511,1.0000231558482209,0.0011415032449342707
1363.6571037376964,1363.6571037376964,1.0000188574395419,0.0011419606191957305
1363.6682148851755,1363.6682148851755,1.0007148976421891,0.0011417512731366204
1363.676270467045,1363.676270467045,0.9988640233328973,0.0011416866519000951
1363.6851593849308,1363.6851593849308,1.0014698302676952,0.0011428040933056985
1363.6934927453942,1363.6934927453942,0.9999747705879077,0.0011420188933173449
1363.7012705484133,1363.7012705484133,0.9988818877214827,0.0011421300935163807
1363.708215015393,1363.708215015393,0.998971451465686,0.001142279834956844
1363.7151594823258,1363.7151594823258,1.000501974990982,0.001143234511790281
1363.722103949212,1363.722103949212,1.0011465157951172,0.0011434301648610428
1363.7290484160753,1363.7290484160753,0.9988464779610023,0.001143335482189911
1363.7359928828914,1363.7359928828914,1.0012610357012848,0.0011441094475467507
1363.7434929070137,1363.7434929070137,0.9997903101961005,0.0011440529997973881
1363.7512707097767,1363.7512707097767,1.0009386086545544,0.0011436697548067893
1363.7582151764996,1363.7582151764996,0.9986385848139936,0.001143985437657746
1363.7651596431067,1363.7651596431067,0.9992623907033569,0.001144159890238379
1363.77210410983,1363.77210410983,1.000089354912721,0.0011444402381558128
1363.7790485763903,1363.7790485763903,0.9998759913480161,0.0011447303090714764
1363.7859930429277,1363.7859930429277,1.0011958168774988,0.0011454805148131543
1363.7929375094648,1363.7929375094648,0.999075226622748,0.0011448712298037379
1363.7998819759548,1363.7998819759548,1.0001048396508394,0.001145818492335997
1363.8068264424223,1363.8068264424223,0.9998960759398348,0.0011464468271545365
1363.8137709088198,1363.8137709088198,1.0002318220441513,0.0011463454697503174
1363.8207153752173,1363.8207153752173,0.9999622746776489,0.0011466887697130672
1363.827659841545,1363.827659841545,1.0002284788886793,0.0011469663739954903
1363.8354376438188,1363.8354376438188,1.0012429928190092,0.0011478966828914704
1363.8429376673816,1363.8429376673816,0.9984013368667044,0.0011475578433133243
1363.8498821336166,1363.8498821336166,1.0005685959142776,0.0011484870230107573
1363.856826599804,1363.856826599804,1.000387889012951,0.0011482539094364347
1363.8637710659689,1363.8637710659689,0.9991090280940492,0.0011486709490272184
1363.8707155320633,1363.8707155320633,1.0008383751612804,0.0011497905630995491
1363.8776599981816,1363.8776599981816,1.000044295349347,0.0011493561608574444
1363.8846044642064,1363.8846044642064,0.9999444083664868,0.001149740089282667
1363.8915489302312,1363.8915489302312,0.9986330630392878,0.0011495880374092092
1363.8984933961865,1363.8984933961865,0.999487648952958,0.001149885188733699
1363.905437862118,1363.905437862118,1.0014513686962032,0.0011504057184835105
1363.9123823280265,1363.9123823280265,1.001322131388131,0.001150915025576484
1363.9193267938651,1363.9193267938651,1.0006491259400487,0.0011509063182837394
1363.9262712597038,1363.9262712597038,1.000250354178829,0.001150909920289798
1363.9332157254955,1363.9332157254955,0.9973315253263589,0.0011508995904342249
1363.9401601912646,1363.9401601912646,1.0015908153469,0.0011513081273968493
1363.9471046569402,1363.9471046569402,0.9982089770107411,0.0011504897223877642
1363.9540491226394,1363.9540491226394,0.9976652648472827,0.0011512954270027802
1363.9609935882686,1363.9609935882686,1.002036006439316,0.0011523358487950386
1363.9679380538973,1363.9679380538973,1.001379531676586,0.0011524831913350912
1363.974882519457,1363.974882519457,1.0003545667996618,0.001152415222368061
1363.9818269849695,1363.9818269849695,1.0010262274640358,0.0011527333757046536
1363.9887714505053,1363.9887714505053,0.9982442316235238,0.0011520841858501277
1363.995715915948,1363.995715915948,1.0001962543501082,0.0011527834951830548
1364.0026603813676,1364.0026603813676,0.9999121834094609,0.0011531146376062462
1364.0096048467174,1364.0096048467174,0.9981867761300292,0.0011521990317378506
1364.0165493120671,1364.0165493120671,0.998914564063561,0.0011528677960353536
1364.0234937773935,1364.0234937773935,1.001395913118818,0.001153390097109291
1364.0304382426505,1364.0304382426505,1.00022810338062,0.0011535700372640222
1364.0373827078834,1364.0373827078834,1.0015536283084765,0.0011543732686292332
1364.0443271730933,1364.0443271730933,0.9988794950245181,0.0011538804499179381
1364.05293830987,1364.05293830987,0.9999290641370304,0.0011545299992619092
1364.060993889411,1364.060993889411,1.002445670127699,0.0011552098525323552
1364.067938354458,1364.067938354458,0.9986427667893445,0.0011543553235526772
1364.074882819505,1364.074882819505,1.0000257024168664,0.0011550220363676885
1364.0818272845056,1364.0818272845056,0.9995240799872382,0.0011554975438014985
1364.0887717494593,1364.0887717494593,1.000063283807029,0.0011560478493569172
1364.0957162143668,1364.0957162143668,0.9967470080527129,0.00115524899837661
1364.1026606792275,1364.1026606792275,1.0004455872950717,0.001156708114050552
1364.1096051440882,1364.1096051440882,1.0015554331626355,0.0011573119493564577
1364.1165496089259,1364.1165496089259,0.9997038266195203,0.0011572207724859884
1364.12349407367,1364.12349407367,1.000297336664332,0.0011577942796904145
1364.1412719032483,1364.1412719032483,0.9985930491057419,0.0011567614695697024
1364.1554386111445,1364.1554386111445,1.0009881141573187,0.0011572536216925204
1364.1623830756794,1364.1623830756794,1.0016793245579572,0.0011572338956392894
1364.1693275402142,1364.1693275402142,1.0005826947485503,0.001157440622886613
1364.1762720047025,1364.1762720047025,0.9988119466508028,0.0011577207774707977
1364.183216469121,1364.183216469121,1.000514217835189,0.0011578590790497778
1364.1901609335393,1364.1901609335393,0.9994816244457561,0.0011579458125397961
1364.1971053979114,1364.1971053979114,1.000302480547673,0.0011581618709182743
1364.2040498622364,1364.2040498622364,0.9997461886685673,0.0011581570637779225
1364.210994326515,1364.210994326515,0.9996270189653307,0.0011580232376316804
1364.2179387907938,1364.2179387907938,0.9982407247096438,0.0011583485546465002
1364.2248832550026,1364.2248832550026,1.0006906064231145,0.0011584357769197757
1364.2318277191882,1364.2318277191882,0.9994345120271607,0.0011580204867583338
1364.238772183327,1364.238772183327,1.001093219037926,0.0011583860925351895
1364.245716647396,1364.245716647396,1.0005077014207138,0.0011580542608432588
1364.2526611114888,1364.2526611114888,1.0009869159298936,0.0011579431350345645
1364.2596055755112,1364.2596055755112,0.9997718668341813,0.0011581976382227786
1364.2665500394871,1364.2665500394871,1.000459596222007,0.0011578962237388784
1364.2734945034401,1364.2734945034401,0.9987157371471248,0.001157784444966648
1364.2804389673693,1364.2804389673693,1.0003302513494323,0.001158122527877522
1364.287383431229,1364.287383431229,1.0020846677409732,0.0011591789395478864
1364.2943278950652,1364.2943278950652,0.9984763443162514,0.0011583228392754437
1364.3012723588781,1364.3012723588781,0.9988194579685903,0.001158236160895329
1364.3082168225746,1364.3082168225746,1.0002406802576362,0.0011583872680393807
1364.3151612863644,1364.3151612863644,0.998890786418438,0.001158475359080024
1364.322105749968,1364.322105749968,0.9996946058787761,0.0011585807521516623
1364.3290502136647,1364.3290502136647,1.0014374351189885,0.0011595754192468685
1364.3359946772448,1364.3359946772448,0.9999400129391007,0.001158896145272381
1364.3429391408015,1364.3429391408015,1.0021572601734559,0.001159397179705993
1364.3498836043354,1364.3498836043354,0.9987431676890678,0.0011587388513484894
1364.3568280678223,1364.3568280678223,0.9999310070730407,0.00115876016841647
1364.3637725312863,1364.3637725312863,0.9999511841583587,0.001158265348640846
1364.3707169947033,1364.3707169947033,0.9992911426829127,0.0011584187608832462
1364.3776614580506,1364.3776614580506,0.9982383682683367,0.0011579625331242735
1364.3846059213752,1364.3846059213752,1.0002202989763607,0.0011587358261386327
1364.3915503846756,1364.3915503846756,0.9999873668994669,0.0011591264188141768
1364.3984948479297,1364.3984948479297,1.0022498913077715,0.0011597287717006026
1364.4054393111608,1364.4054393111608,1.0010336780594782,0.001159772338209354
1364.4146060024955,1364.4146060024955,1.0013856895050743,0.001160191261643527
1364.4221060226587,1364.4221060226587,0.998825153008694,0.0011598661465335722
1364.4290504857734,1364.4290504857734,0.9991114751080137,0.0011603793883539963
1364.4359949488182,1364.4359949488182,0.9998656370558511,0.0011604902985674862
1364.44293941184,1364.44293941184,0.9992181533285909,0.0011607448179667382
1364.449883874791,1364.449883874791,1.0003587983342774,0.0011612123460221602
1364.4568283377193,1364.4568283377193,0.9994875516986665,0.0011619664559795783
1364.4637728006012,1364.4637728006012,1.0002436189431458,0.0011621390138524268
1364.470717263436,1364.470717263436,0.9995986264221687,0.0011624958514404827
1364.4776617262714,1364.4776617262714,1.0002203940274286,0.001162557542064771
1364.4846061890134,1364.4846061890134,1.000092665786426,0.001162830478906382
1364.4915506517555,1364.4915506517555,1.000267203158364,0.001162782824543382
1364.4984951144274,1364.4984951144274,0.9990129191862801,0.0011626093227654769
1364.5054395770997,1364.5054395770997,0.9990015389830601,0.0011630374741890862
1364.5123840396786,1364.5123840396786,1.0022633826055827,0.0011639216598195502
1364.5193285023045,1364.5193285023045,0.999592822125934,0.0011635059989368172
1364.5262729648368,1364.5262729648368,1.0014226655508298,0.001164529091272345
1364.5332174272526,1364.5332174272526,0.9991438788140776,0.0011644663986909243
1364.5401618897383,1364.5401618897383,1.0006120646676906,0.0011653000764669335
1364.547106352155,1364.547106352155,0.9996651961214372,0.0011657388928324182
1364.554050814501,1364.554050814501,0.9996741648102369,0.0011658993775315273
1364.5609952768473,1364.5609952768473,0.9995687316106869,0.0011663935116837836
1364.5679397391236,1364.5679397391236,0.9994365514435639,0.001167045242656544
1364.5748842013768,1364.5748842013768,0.999401581489613,0.001167892927389365
1364.5818286636063,1364.5818286636063,1.0013558925100654,0.001168737608849333
1364.588773125766,1364.588773125766,0.999162594526501,0.0011686736083535447
1364.595717587903,1364.595717587903,1.0006048215748582,0.0011688909037458587
1364.602662049993,1364.602662049993,0.9997177157947208,0.0011693624590350267
1364.6096065120598,1364.6096065120598,1.0010583733065253,0.0011694568911977878
1364.6165509740335,1364.6165509740335,0.9988884894800913,0.0011697378298945143
1364.6234954359838,1364.6234954359838,1.0005387272972783,0.001170438366797838
1364.6304398979341,1364.6304398979341,0.9979848576000669,0.0011704091078947629
1364.6373843598608,1364.6373843598608,0.9999836889106476,0.0011710931253291837
1364.6443288216951,1364.6443288216951,1.0009676039855777,0.0011715055282624375
1364.651273283506,1364.651273283506,1.0023129978271597,0.0011723821081601937
1364.6582177452701,1364.6582177452701,0.9999938877215854,0.001172064095228119
1364.6651622070108,1364.6651622070108,0.9999410529453815,0.0011728362564217072
1364.672106668682,1364.672106668682,0.9999852091872781,0.0011729100536109246
1364.6790511303295,1364.6790511303295,0.9993418669078084,0.0011735600421484969
1364.685995591954,1364.685995591954,0.999383752265274,0.0011738395160727606
1364.6929400535087,1364.6929400535087,1.0002225729181027,0.0011743050983068423
1364.6998845150397,1364.6998845150397,0.9995427790434999,0.001174588974840364
1364.7068289765248,1364.7068289765248,1.002289809660919,0.0011764325032244684
1364.7137734379626,1364.7137734379626,0.9986242954064675,0.001175362330398396
1364.720717899331,1364.720717899331,0.9988829187076759,0.0011758900948869837
1364.7276623606997,1364.7276623606997,1.0007863168467566,0.001177238860351295
1364.734606822068,1364.734606822068,0.9994888748263087,0.0011770858489072162
1364.7415512833427,1364.7415512833427,1.002415517553278,0.0011783954717691034
1364.7484957445945,1364.7484957445945,1.0005974316171602,0.0011786895492719653
1364.7554402057767,1364.7554402057767,1.0002609458396792,0.0011792905240481124
1364.762384666959,1364.762384666959,0.9995894475103068,0.0011800364595714917
1364.769329128071,1364.769329128071,0.9989519578146515,0.001180377309005913
1364.7762735891367,1364.7762735891367,1.0004935982278256,0.001181252292608508
1364.7832180501787,1364.7832180501787,1.000154118210052,0.0011821395485406073
1364.7901625111979,1364.7901625111979,0.9995560516475871,0.0011827446468124201
1364.7971069721239,1364.7971069721239,0.998884268567241,0.0011838324462161219
1364.8040514330496,1364.8040514330496,0.9973152806319998,0.0011845706705228723
1364.8109958939292,1364.8109958939292,1.001498594633171,0.0011868142362433946
1364.817940354762,1364.817940354762,1.0006152847629937,0.0011882697682737923
1364.8248848155486,1364.8248848155486,1.0015239551186996,0.0011894473914911112
1364.8318292762883,1364.8318292762883,1.001968907172547,0.0011911667999459346
1364.838773736981,1364.838773736981,1.003969692913525,0.0011933055607143864
1364.8457181976507,1364.8457181976507,1.0011745548437856,0.00119420264333887
1364.8526626582739,1364.8526626582739,0.9961165144716941,0.0011943742492623352
1364.8596071188508,1364.8596071188508,0.9921436969981455,0.0011947425741283039
1364.8665515794044,1364.8665515794044,0.9966384054578826,0.0012011431015477264
1364.8734960399113,1364.8734960399113,0.9965225846858761,0.0012033244208689816
1364.880440500348,1364.880440500348,0.9968750023996389,0.0012046800365211937
1364.887384960762,1364.887384960762,0.9973995411579123,0.0012066130916553316
1364.894329421129,1364.894329421129,0.9975700686074067,0.0012072715051671325
1364.9012738814731,1364.9012738814731,0.9975972838068682,0.001208011537679719
1364.9082183417236,1364.9082183417236,0.9962101922016128,0.0012073358479337685
1364.915162802044,1364.915162802044,0.9976362128249849,0.0012078271357088353
1364.9221072622481,1364.9221072622481,0.9968495947942447,0.0012079364607926575
1364.929051722336,1364.929051722336,0.995238648815801,0.0012083626181445093
1364.9359961824935,1364.9359961824935,0.9959265994577408,0.0012103736815685725
1364.9429406425581,1364.9429406425581,0.9956837227368316,0.0012073757832468468
1364.949885102599,1364.949885102599,0.9975221898960399,0.0012067710446654267
1364.956829562594,1364.956829562594,0.9991645397129751,0.0012062750666669792
1364.9637740225653,1364.9637740225653,1.0024449315356736,0.0012061673594148288
1364.9707184824667,1364.9707184824667,1.0013914448647419,0.0012052203932191425
1364.9776629423218,1364.9776629423218,1.0014450311808856,0.001204892525264269
1364.9846074021534,1364.9846074021534,1.0025900876267384,0.0012043016530197722
1364.991551861915,1364.991551861915,1.0024491860110107,0.0012040313954437432
1364.998496321677,1364.998496321677,1.0012548079790005,0.001202755558777281
1365.0054407813454,1365.0054407813454,0.9988947497987241,0.0012023613642377642
1365.0123852410607,1365.0123852410607,0.9993548315722283,0.001202036443270659
1365.0193297006595,1365.0193297006595,0.9978497628555516,0.0012022239607901507
1365.0262741601884,1365.0262741601884,0.9998341020550449,0.0012029495248254568
1365.0332186197406,1365.0332186197406,0.999404835885094,0.0012036412989370707
1365.040163079223,1365.040163079223,0.9988988106433562,0.0012038286620489418
1365.0471075386588,1365.0471075386588,1.0006346853157493,0.0012045712231499304
1365.0540519980482,1365.0540519980482,1.002593971065102,0.0012058616230290844
1365.060996457391,1365.060996457391,0.9995673461031165,0.001205602987388022
1365.0679409167337,1365.0679409167337,0.9996735458542398,0.001206004625363828
1365.0748853759835,1365.0748853759835,0.9989189065882307,0.001206038136458774
1365.0818298352328,1365.0818298352328,1.0000779883964195,0.001206583212431794
1365.0887742943894,1365.0887742943894,1.0012447337216577,0.0012077583750038012
1365.095718753522,1365.095718753522,1.0013263302982427,0.0012082281098226488
1365.1026632126554,1365.1026632126554,1.0004740922890403,0.0012083111127782886
1365.1096076716954,1365.1096076716954,0.9991319446380418,0.001209024046989897
1365.1165521307123,1365.1165521307123,1.00041371861837,0.001209839135812829
1365.1234965896595,1365.1234965896595,1.0018305108626042,0.0012100904349234254
1365.130441048606,1365.130441048606,0.9999553379125734,0.0012100138888487054
1365.1373855074596,1365.1373855074596,0.9998696016333879,0.0012098785114336948
1365.1443299663135,1365.1443299663135,0.9989345750691925,0.001210104507366066
1365.1512744250974,1365.1512744250974,1.0008738023110992,0.0012108485643421477
1365.1582188838347,1365.1582188838347,0.9992105243648364,0.0012101757019953483
1365.165163342549,1365.165163342549,1.0006388056041045,0.0012106112167041346
1365.1721078012397,1365.1721078012397,1.0016913437044843,0.001210962950025539
1365.1790522598374,1365.1790522598374,0.999667845888532,0.0012106101378355158
1365.1859967184116,1365.1859967184116,1.0002624059670917,0.0012108324517374803
1365.1929411769156,1365.1929411769156,1.0012557466859449,0.0012106970605997537
1365.199885635374,1365.199885635374,0.9978204003651869,0.0012104787896253725
1365.2068300938317,1365.2068300938317,1.0008761338570369,0.0012112053197103892
1365.21377455229,1365.21377455229,1.0012857403547846,0.0012112565029194788
1365.2207190106317,1365.2207190106317,0.9992830516863889,0.0012107117067825424
1365.2276634689263,1365.2276634689263,0.9991647167596849,0.001210125355702912
1365.2346079271983,1365.2346079271983,0.9992286641956873,0.0012107931263974725
1365.2415523854231,1365.2415523854231,1.0000046271024239,0.0012112669861540375
1365.248496843625,1365.248496843625,1.0001374780657684,0.001211001266568639
1365.2554413017338,1365.2554413017338,1.0008110925616782,0.0012106877882359615
1365.2623857598192,1365.2623857598192,0.999981867029447,0.0012105788595460744
1365.2693302178816,1365.2693302178816,0.9998342279692295,0.0012106765750594115
1365.2762746758738,1365.2762746758738,1.0005627477983001,0.001210672993403899
1365.2834969121575,1365.2834969121575,0.9998869468859739,0.001209816253518564
1365.2915524832938,1365.2915524832938,1.0000165096582274,0.0012097434100420486
1365.2984969411693,1365.2984969411693,0.9988956578051921,0.0012095144613464772
1365.305441398999,1365.305441398999,1.0002861937818008,0.0012099002113036164
1365.31321919168,1365.31321919168,0.9991579031657156,0.0012092366518889506
1365.320719206023,1365.320719206023,1.0014038070163878,0.0012089323724494689
1365.3276636637124,1365.3276636637124,0.9996065881290537,0.0012083163007054934
1365.3351636779391,1365.3351636779391,0.9991854003522864,0.0012082394819649298
1365.34433036194,1365.34433036194,1.0018646989941187,0.0012082406309824798
1365.351274819443,1365.351274819443,1.0006718656906102,0.0012072222676555487
1365.3582192768995,1365.3582192768995,1.0001585359877052,0.0012066523870473361
1365.3651637343332,1365.3651637343332,0.998928584870702,0.001205924090758497
1365.3721081917433,1365.3721081917433,0.9992506780557724,0.001205823579349651
1365.379052649037,1365.379052649037,1.000489809546097,0.001205538864086259
1365.385997106331,1365.385997106331,0.9977541746312284,0.0012051091589865876
1365.3929415636248,1365.3929415636248,1.0011562015553976,0.001205240829212072
1365.3998860208023,1365.3998860208023,1.0013945864921265,0.001205026827806184
1365.4068304779562,1365.4068304779562,1.0002691041218505,0.0012047074934233971
1365.413774935087,1365.413774935087,1.0000853877885043,0.001204630187604829
1365.4207193921482,1365.4207193921482,0.9988917416073371,0.001203943316742276
1365.4276638491858,1365.4276638491858,0.9998130577018285,0.0012034953536334853
1365.4346083061305,1365.4346083061305,0.9996889852891317,0.001203717172539739
1365.441552763075,1365.441552763075,0.9999374990126102,0.0012034795358864415
1365.4484972199496,1365.4484972199496,1.0003088319968005,0.0012038487084268848
1365.455441676801,1365.455441676801,1.000127933191714,0.0012039320759667646
1365.4623861335826,1365.4623861335826,1.000966317474096,0.001204990297554752
1365.469330590364,1365.469330590364,0.9996314277626048,0.0012048040874797048
1365.4762750470525,1365.4762750470525,1.0003133991578468,0.001204499981768342
1365.483219503671,1365.483219503671,0.9999460467743942,0.0012050303811923942
1365.49016396029,1365.49016396029,0.9992334977795739,0.0012049991220831394
1365.4971084168615,1365.4971084168615,0.999469452361567,0.00120541218181825
1365.5040528733634,1365.5040528733634,0.9995565706963617,0.0012065343250965796
1365.5109973298427,1365.5109973298427,1.0003075568986677,0.0012066011286108182
1365.517941786275,1365.517941786275,0.9992000879122818,0.0012067767441572735
1365.5248862426376,1365.5248862426376,1.002139854768743,0.0012080431830759424
1365.5318306989768,1365.5318306989768,1.0009038313734506,0.0012083749025816044
1365.5387751552464,1365.5387751552464,0.9989788214310291,0.00120856285606231
1365.5457196115158,1365.5457196115158,0.9995088096070752,0.0012098094180907563
1365.5526640676453,1365.5526640676453,0.9987057633323732,0.0012097866231387242
1365.5596085238678,1365.5596085238678,1.0021195151877418,0.0012115791504281508
1365.5665529799046,1365.5665529799046,0.9997104496836762,0.0012119627990897987
1365.5734974359873,1365.5734974359873,0.9996800838004472,0.001212883239872627
1365.5804418920009,1365.5804418920009,0.9993183819263599,0.00121358669963936
1365.5873863479442,1365.5873863479442,1.0015343394503073,0.0012157879213255762
1365.594330803864,1365.594330803864,1.0016474454062494,0.0012168332822179802
1365.6012752597144,1365.6012752597144,0.9975713005981663,0.0012162023948890373
1365.6082197155415,1365.6082197155415,0.9991692765710638,0.0012174305917131197
1365.6151641713218,1365.6151641713218,1.0011246573424892,0.0012187366594982097
1365.6221086270325,1365.6221086270325,0.998666346904461,0.0012193494366482675
1365.6290530827196,1365.6290530827196,0.9991065628959367,0.0012200969132135275
1365.6359975383605,1365.6359975383605,1.0002719260230637,0.0012208281930021897
1365.6429419939545,1365.6429419939545,1.0010152208515317,0.0012216390444676271
1365.649886449502,1365.649886449502,1.0005694124731133,0.0012226160222328438
1365.6568309049567,1365.6568309049567,1.0007194678134463,0.0012235339239094264
1365.6637753604114,1365.6637753604114,1.0004977198153124,0.0012234571203036258
1365.6707198157953,1365.6707198157953,0.9990559772065456,0.0012233717442828407
1365.677664271157,1365.677664271157,0.9991482572056274,0.0012236829955113615
1365.6846087264482,1365.6846087264482,1.0001472671070324,0.001224477717033648
1365.6915531817165,1365.6915531817165,1.000593893777196,0.0012252033962473281
1365.6984976368917,1365.6984976368917,0.9997465891342692,0.0012248356323067166
1365.7054420920667,1365.7054420920667,0.9990135067169774,0.001225033934385183
1365.7123865471722,1365.7123865471722,1.001479754139401,0.0012258532917380212
1365.7193310022308,1365.7193310022308,1.0004886526815198,0.0012255402482991098
1365.726275457266,1365.726275457266,0.9997540272963292,0.0012254530444912666
1365.7332199122316,1365.7332199122316,0.999702069582853,0.0012253659110604432
1365.740164367127,1365.740164367127,0.9991408460952123,0.0012255088585609005
1365.7471088219995,1365.7471088219995,0.9987360291382504,0.0012252727766407408
1365.7540532768253,1365.7540532768253,1.0012134565123028,0.0012255763094353171
1365.760997731581,1365.760997731581,1.001089041032522,0.0012257985259969272
1365.7679421863372,1365.7679421863372,0.9985405923466416,0.0012254968395044765
1365.7748866409997,1365.7748866409997,1.001197855559074,0.001226210028661175
1365.7818310956393,1365.7818310956393,1.0011414396531793,0.0012261688283667907
1365.7887755502093,1365.7887755502093,1.0000820809891515,0.0012258784967278118
1365.7957200047554,1365.7957200047554,0.998838872582947,0.0012257254373131661
1365.8026644592321,1365.8026644592321,0.9987029725711277,0.0012260797093278772
1365.8096089137086,1365.8096089137086,1.0012144371070035,0.0012266132918195565
1365.8165533680922,1365.8165533680922,0.999026612902665,0.0012262653119805085
1365.823497822406,1365.823497822406,1.0003952399702098,0.0012269297173221035
1365.830442276696,1365.830442276696,0.9985026412005185,0.0012260933479069259
1365.8373867309397,1365.8373867309397,1.001187819048004,0.0012271077808103205
1365.8443311851602,1365.8443311851602,1.0012628576259837,0.0012272473486623072
1365.8512756392877,1365.8512756392877,1.001241582614798,0.0012273014782513622
1365.8582200933683,1365.8582200933683,0.9994561359476848,0.0012269771726798966
1365.8651645474488,1365.8651645474488,0.9994760692949056,0.0012269571573393198
1365.8721090014596,1365.8721090014596,0.998144541596079,0.0012268422333257076
1365.8790534554007,1365.8790534554007,1.001043489923656,0.0012277351797163145
1365.8859979092954,1365.8859979092954,0.9998507831981371,0.001227447430298204
1365.8929423631666,1365.8929423631666,0.9992265340678514,0.0012273945290683407
1365.8998868169679,1365.8998868169679,1.0007971304804106,0.0012277654507843697
1365.9068312707227,1365.9068312707227,0.9999312871220903,0.001226645184985235
1365.913775724431,1365.913775724431,1.000740878263085,0.001227152463269748
1365.9207201780928,1365.9207201780928,0.998075745159241,0.0012256847591443731
1365.9276646317078,1365.9276646317078,1.0013329008229077,0.0012255923077541947
1365.9346090852534,1365.9346090852534,0.9999703929350874,0.001224675069381146
1365.941553538752,1365.941553538752,0.9994648238226784,0.0012239301470599409
1365.948497992227,1365.948497992227,1.00097235986946,0.0012236256514933273
1365.955442445656,1365.955442445656,1.0007912354061679,0.0012229835930895635
1365.9634980115532,1365.9634980115532,0.9990366229196533,0.0012219355258042692
1365.9707202429713,1365.9707202429713,0.9998071451535253,0.0012213121276271784
1365.9776646962837,1365.9776646962837,0.9984252190040145,0.0012204237518657222
1365.985720261948,1365.985720261948,1.0014302987986032,0.0012198499338758513
1365.992942493226,1365.992942493226,1.0011968967432467,0.0012192903488989126
1365.9998869463293,1365.9998869463293,0.9991729422439845,0.001218035881201608
1366.0068313993854,1366.0068313993854,0.9990980260050965,0.0012173620234245757
1366.0137758523717,1366.0137758523717,1.000017449523337,0.0012164583549990966
1366.0207203053349,1366.0207203053349,0.9998018908704802,0.0012155941023244176
1366.0276647582282,1366.0276647582282,1.0004302394170712,0.0012149305250886931
1366.0357203235433,1366.0357203235433,1.0009733815813886,0.0012140218340688069
1366.0429425544257,1366.0429425544257,0.9997236089863735,0.0012138155532728152
1366.0498870071794,1366.0498870071794,0.999835701321323,0.001213147124766654
1366.0576647941562,1366.0576647941562,0.9989213424837177,0.0012125503469923465
1366.0684981402705,1366.0684981402705,1.0016554456310693,0.001212089439878479
1366.0782203738231,1366.0782203738231,1.0000005676925214,0.0012105871832151821
1366.0859981606368,1366.0859981606368,0.9999304145090984,0.0012105370491473934
1366.0929426130647,1366.0929426130647,0.9987063629165144,0.0012096069892771426
1366.099887065469,1366.099887065469,1.0016270993956087,0.0012094769437543322
1366.1068315177802,1366.1068315177802,0.9998981150783411,0.00120836583378383
1366.1137759700682,1366.1137759700682,0.9984792528682369,0.0012072471728487445
1366.1207204223097,1366.1207204223097,1.0002799555943263,0.0012069132169746527
1366.127664874481,1366.127664874481,1.0004152727462516,0.0012059935176960282
1366.1346093265831,1366.1346093265831,0.9991986719802499,0.0012045926048985904
1366.1415537787311,1366.1415537787311,0.9993426463673929,0.0012032636769993997
1366.1484982306931,1366.1484982306931,1.001291253785683,0.0012031871659366968
1366.155442682725,1366.155442682725,0.9979959848604185,0.0012012472570101641
1366.1623871346403,1366.1623871346403,0.9993060701658925,0.0012007434328019744
1366.1693315865557,1366.1693315865557,0.999757016230706,0.0012000484866116219
1366.176276038355,1366.176276038355,1.002013581156358,0.0012000049147636942
1366.1832204901539,1366.1832204901539,1.0013996761014927,0.0011990366005775778
1366.190442719942,1366.190442719942,1.000884665198777,0.001198330137547778
1366.1984982839067,1366.1984982839067,0.9983285681872495,0.0011964229212194073
1366.2054427355195,1366.2054427355195,0.9988500783339056,0.0011958145945774564
1366.2123871871092,1366.2123871871092,0.9994834417007461,0.0011952030746836728
1366.2193316386288,1366.2193316386288,0.9989829635165386,0.0011949936008276442
1366.2268316462196,1366.2268316462196,1.001110872805619,0.0011943590852358792
1366.2346094317995,1366.2346094317995,0.9994886260544797,0.0011930929156943589
1366.2415538831563,1366.2415538831563,1.0003966078882645,0.001192719015804527
1366.2484983344661,1366.2484983344661,1.0007930536534748,0.0011917401819980726
1366.2554427857297,1366.2554427857297,1.0008354498705072,0.001191285709933177
1366.2623872369697,1366.2623872369697,0.9992120344643889,0.0011899073674879837
1366.269331688117,1366.269331688117,0.997596239117513,0.0011879376033930218
1366.2762761392412,1366.2762761392412,1.0004840467351603,0.0011879049508209407
1366.2832205902948,1366.2832205902948,1.0006226241505296,0.0011871547136082664
1366.2901650413023,1366.2901650413023,1.0007856674353335,0.0011870136533091917
1366.2971094922632,1366.2971094922632,1.0007050639068047,0.0011862936480076713
1366.304053943224,1366.304053943224,1.0003959022529294,0.0011860712886080866
1366.3109983940221,1366.3109983940221,1.0008152035478852,0.0011856399467974669
1366.3179428448661,1366.3179428448661,0.9994477901315472,0.0011851509949843489
1366.3248872956178,1366.3248872956178,0.9998221811499318,0.0011841249874515987
1366.3318317463225,1366.3318317463225,0.9985877416070357,0.0011830327121006988
1366.3387761970037,1366.3387761970037,1.0019916331618415,0.001183371727075918
1366.3457206476155,1366.3457206476155,0.9984474994192055,0.0011823084932438524
1366.3534984322407,1366.3534984322407,0.9984519254025466,0.0011816564353830637
1366.3609984387838,1366.3609984387838,0.9993692418164699,0.0011810839495503456
1366.3679428892326,1366.3679428892326,1.0004364690874745,0.0011809729496457025
1366.3748873396344,1366.3748873396344,1.0007749185307195,0.0011803377002240919
1366.3818317899434,1366.3818317899434,1.0016207832503254,0.0011798652054323074
1366.3887762402524,1366.3887762402524,1.0005462172081372,0.0011788930835355794
1366.3957206905611,1366.3957206905611,1.0007305351271463,0.0011786293131922712
1366.403220696755,1366.403220696755,1.000622099632643,0.0011778855531249998
1366.4109984809381,1366.4109984809381,1.0007483440664946,0.0011772503779757348
1366.4179429310375,1366.4179429310375,0.9980426872750316,0.0011760225695741275
1366.424887381067,1366.424887381067,1.0009385679149487,0.001176453297034996
1366.431831831073,1366.431831831073,1.0001116353825688,0.0011757914026829257
1366.4387762810325,1366.4387762810325,1.0010518419807248,0.0011757715186388532
1366.445720730946,1366.445720730946,1.0007999499131288,0.001175497995396959
1366.452665180766,1366.452665180766,0.9988465097840529,0.0011742443161980821
1366.459609630609,1366.459609630609,0.9988956705187327,0.001173970358175212
1366.4665540803358,1366.4665540803358,1.0005205766235012,0.0011737038103193723
1366.4734985300624,1366.4734985300624,0.9999696474446338,0.0011730604574255303
1366.4804429796736,1366.4804429796736,1.000484208752693,0.001172634128315642
1366.487387429307,1366.487387429307,0.99971372430583,0.001172356709504296
1366.4943318788478,1366.4943318788478,1.000437210580325,0.0011717563321855474
1366.5021096622856,1366.5021096622856,1.0001573228686207,0.001171951810352503
1366.509609667688,1366.509609667688,1.0013606999474116,0.0011716415337167838
1366.5165541171118,1366.5165541171118,0.9984633403421693,0.001170619000949389
1366.5234985664663,1366.5234985664663,0.9999358946754551,0.0011710231301288385
1366.5304430157742,1366.5304430157742,1.0011492729224858,0.0011710115682999403
1366.5373874650118,1366.5373874650118,0.9987547908578505,0.0011708434713137443
1366.54433191425,1366.54433191425,0.999531262045727,0.0011710192523172829
1366.5512763633944,1366.5512763633944,0.9994145129912166,0.001170783900251022
1366.5582208125159,1366.5582208125159,1.0008116401709768,0.0011710314916999177
1366.5651652615677,1366.5651652615677,1.0012230344150954,0.001170861251502227
1366.5721097105727,1366.5721097105727,1.0005528391731773,0.0011703850419080158
1366.5790541595547,1366.5790541595547,0.9984570374781494,0.0011696265722441492
1366.5859986084665,1366.5859986084665,1.0000410506448014,0.0011704296005790162
1366.592943057355,1366.592943057355,0.9992360193874028,0.0011697724864933043
1366.5998875061741,1366.5998875061741,1.0000445554546082,0.0011696400654962588
1366.6068319549695,1366.6068319549695,1.0004399104946748,0.001169437574170464
1366.6137764036953,1366.6137764036953,1.0013644928715253,0.0011694383660656167
1366.6207208523745,1366.6207208523745,1.0007125807958661,0.0011689225222546434
1366.6312764142592,1366.6312764142592,0.999716884304671,0.001168927476982585
1366.6526653157393,1366.6526653157393,0.9980989995499797,0.0011692003309524033
1366.6596097641855,1366.6596097641855,1.0000437728225051,0.0011694069898895891
1366.666554212562,1366.666554212562,1.000714726118836,0.0011697353509024118
1366.673498660915,1366.673498660915,0.9998545261501798,0.0011697145456480123
1366.6804431091984,1366.6804431091984,1.001160776155504,0.0011697684572434092
1366.6873875574586,1366.6873875574586,0.9983430727366992,0.0011689081900465416
1366.6943320056484,1366.6943320056484,0.999215916587009,0.001169528597043682
1366.7012764538154,1366.7012764538154,1.0016495779200478,0.0011697956179973852
1366.708220901936,1366.708220901936,0.9997898504868926,0.001169829989414003
1366.7151653499864,1366.7151653499864,1.000547335643987,0.0011700018355935466
1366.7221097980369,1366.7221097980369,1.0003746597738783,0.0011692162473417702
1366.7290542460173,1366.7290542460173,0.9992321311803256,0.0011685832291236948
1366.7359986939514,1366.7359986939514,0.9992615186577165,0.0011682484422700238
1366.742943141839,1366.742943141839,1.0007375594892405,0.001168832970371636
1366.7498875897031,1366.7498875897031,1.000107396191886,0.001167796759884226
1366.7568320375208,1366.7568320375208,0.9995529558880104,0.001167187189669218
1366.763776485292,1366.763776485292,0.9984889630976175,0.0011670768738238214
1366.770720932993,1366.770720932993,1.0014004306399347,0.0011673730314711377
1366.7776653806943,1366.7776653806943,1.001078124660007,0.0011667211337510904
1366.784609828349,1366.784609828349,1.0005685398863784,0.0011664471876112587
1366.791554275934,1366.791554275934,0.9991440542353078,0.0011655548979023693
1366.7984987235186,1366.7984987235186,0.9989236423717724,0.001165774181049064
1366.8054431710334,1366.8054431710334,1.0010777200171121,0.001165893731567808
1366.812387618525,1366.812387618525,0.999951219382409,0.0011656119442400306
1366.8193320659234,1366.8193320659234,0.9993750864771475,0.0011646461969653447
1366.8262765133222,1366.8262765133222,0.9997942015763343,0.001164571320755487
1366.8332209607208,1366.8332209607208,0.9993367298930392,0.0011639283324423033
1366.8401654080494,1366.8401654080494,1.0001970136941642,0.0011638552467058982
1366.8471098553314,1366.8471098553314,1.0008957290860794,0.0011639062866721597
1366.8540543025906,1366.8540543025906,1.0010162082284464,0.0011632511098309832
1366.8609987498028,1366.8609987498028,0.9974125227491815,0.0011626256104995587
1366.8679431969688,1366.8679431969688,1.000859314608881,0.0011628666915500946
1366.8748876440877,1366.8748876440877,1.0024659984362516,0.0011632151845698483
1366.8818320912067,1366.8818320912067,0.9990302206137919,0.0011618328768112783
1366.888776538256,1366.888776538256,0.9999114794140104,0.001162212759757954
1366.895720985282,1366.895720985282,0.998600255751203,0.001161721296940738
1366.9026654322847,1366.9026654322847,1.0006663418407196,0.0011619934339549848
1366.909609879241,1366.909609879241,1.0001865362337148,0.001162420428450823
1366.9165543261506,1366.9165543261506,1.000204803645662,0.0011617891484504129
1366.9234987730601,1366.9234987730601,1.0003301767185149,0.001161439980781258
1366.9304432198765,1366.9304432198765,0.9993372604622577,0.0011613286449681129
1366.9373876666932,1366.9373876666932,0.9991231971840862,0.001161412929342837
1366.9443321135095,1366.9443321135095,1.0004421894828097,0.0011617826062676575
1366.9512765602794,1366.9512765602794,1.0005085025635665,0.0011616369121982368
1366.9582210070025,1366.9582210070025,1.0005959421123811,0.0011611982797846184
1366.9651654536794,1366.9651654536794,0.9996861357657971,0.0011610991194819583
1366.9721099003564,1366.9721099003564,1.000529584106171,0.0011613306713477258
1366.9790543469867,1366.9790543469867,0.9998711548645375,0.0011606809095315643
1366.9859987935938,1366.9859987935938,0.9996808627663574,0.00116023364810827
1366.992943240177,1366.992943240177,1.0000153524004518,0.0011599600927094458
1366.9998876867376,1366.9998876867376,0.9974285883184827,0.0011590347905002037
1367.0068321332512,1367.0068321332512,1.0003065335421526,0.0011597788743804708
1367.0137765797185,1367.0137765797185,1.001819235010848,0.0011597354810642263
1367.0207210262092,1367.0207210262092,1.0003994651739725,0.0011591461526176557
1367.0276654726297,1367.0276654726297,0.9991386941749617,0.0011586137028310618
1367.0346099190501,1367.0346099190501,1.0011075272952281,0.0011587995944927383
1367.0415543654242,1367.0415543654242,1.0009252377348892,0.0011585963731951137
1367.0484988117985,1367.0484988117985,0.9983423841494747,0.0011581072113917873
1367.0554432581491,1367.0554432581491,1.0002487798266118,0.0011583717585708635
1367.0623877044768,1367.0623877044768,0.9983425897564582,0.0011574748893004687
1367.0693321507345,1367.0693321507345,1.0015375152890749,0.001157893283393725
1367.076276597039,1367.076276597039,0.9997674588009243,0.0011575580375775953
1367.0832210433198,1367.0832210433198,1.0002516102572443,0.0011576088775423097
1367.0901654895542,1367.0901654895542,1.0002246104576742,0.001157186991718287
1367.0971099357419,1367.0971099357419,0.9991952915690414,0.001157020584863648
1367.1040543819065,1367.1040543819065,0.9997450347021977,0.0011568273268077675
1367.1109988281173,1367.1109988281173,1.0013266194091128,0.001156411524819314
1367.1179432742588,1367.1179432742588,1.0016996473581845,0.0011567345094090533
1367.1248877204002,1367.1248877204002,0.9986395330780111,0.001155818905702997
1367.1318321665415,1367.1318321665415,0.9983502858697847,0.0011555812600091912
1367.1387766126595,1367.1387766126595,1.0008842579812476,0.0011561234360917753
1367.145721058777,1367.145721058777,0.999296142737116,0.0011554888333110613
1367.442388020726,1367.442388020726,1.001004132041204,0.0011514262592008475
1368.6082225381303,1368.6082225381303,0.9992187085790555,0.0011332923404766067
1368.6151669974734,1368.6151669974734,1.0002954341890864,0.0011333706197790834
1368.6221114568625,1368.6221114568625,0.9990459446499376,0.0011327031072006118
1368.6290559162753,1368.6290559162753,1.0008703482263397,0.0011333254846971627
1368.6360003757577,1368.6360003757577,1.0002572443538593,0.0011329676999347468
1368.6429448352867,1368.6429448352867,1.0002752939822899,0.001133041797220262
1368.6498892948393,1368.6498892948393,0.9996889303711264,0.0011327490155846943
1368.6568337544613,1368.6568337544613,1.0001925169839896,0.0011328242224376036
1368.6637782140833,1368.6637782140833,0.9999886009562259,0.0011323627723749598
1368.6707226737758,1368.6707226737758,0.9999269983844918,0.0011322860003679645
1368.677667133491,1368.677667133491,0.9995546700513955,0.0011321859005707607
1368.6846115932526,1368.6846115932526,1.0003223233194658,0.0011325391037401852
1368.6915560530847,1368.6915560530847,0.9990128131215883,0.0011318585082640221
1368.6985005129159,1368.6985005129159,0.9994844094242408,0.0011319310716650143
1368.7054449728416,1368.7054449728416,1.0012574820736249,0.001132377252052222
1368.7123894327428,1368.7123894327428,0.999322942081579,0.001131701084308092
1368.7193338927138,1368.7193338927138,1.002151084792862,0.0011326916370378711
1368.726278352709,1368.726278352709,0.999524061456416,0.0011317138176467332
1368.733222812727,1368.733222812727,0.9987983128949747,0.001131166403566652
1368.740167272815,1368.740167272815,1.001406071987019,0.001132359432634364
1368.747111732926,1368.747111732926,0.9997837259776805,0.0011319955725496527
1368.7540561930373,1368.7540561930373,0.9993575221374407,0.0011319853018289512
1368.7610006532186,1368.7610006532186,0.9997474570101353,0.00113228553081903
1368.7679451134227,1368.7679451134227,1.0001846032466686,0.0011323667886630404
1368.7748895736734,1368.7748895736734,0.9991629814219245,0.0011315389209821545
1368.7818340339477,1368.7818340339477,1.0010159992748855,0.0011321397599525637
1368.788778494245,1368.788778494245,1.0009519562721167,0.0011325519794955277
1368.795722954566,1368.795722954566,1.0001172182080964,0.001132079771556351
1368.8026674149564,1368.8026674149564,0.9976574724607282,0.001131929952942267
1368.8096118753467,1368.8096118753467,1.0002021732335211,0.0011326091502657008
1368.8165563357609,1368.8165563357609,1.0008247830388324,0.0011324875625941969
1368.823500796198,1368.823500796198,1.0009384455564994,0.0011329422733249643
1368.8304452566815,1368.8304452566815,1.0000495191706569,0.0011324161190151125
1368.8373897171884,1368.8373897171884,0.9992728530935603,0.0011322501136798925
1368.844334177742,1368.844334177742,1.0001987254528417,0.0011324695930345343
1368.8512786382723,1368.8512786382723,0.9981545511067861,0.0011316572300929684
1368.8582230988725,1368.8582230988725,1.0007692755529938,0.0011325032525894487
1368.8651675594724,1368.8651675594724,1.0002244765912973,0.0011323768623377251
1368.8721120201192,1368.8721120201192,1.0002829464135716,0.0011324957806107907
1368.8790564807657,1368.8790564807657,0.999477544312463,0.0011321954314564525
1368.886000941459,1368.886000941459,1.0009604008293211,0.0011325700408457108
1368.8929454021757,1368.8929454021757,1.0011157996839652,0.001132582439950652
1368.899889862892,1368.899889862892,0.9988143476650034,0.0011320183656110187
1368.9068343236786,1368.9068343236786,1.0004127471967224,0.00113283607288095
1368.9137787844652,1368.9137787844652,0.9992169884898127,0.001132379580164494
1368.9207232452513,1368.9207232452513,0.99973521485381,0.0011325955447327733
1368.9276677060375,1368.9276677060375,0.99968043829591,0.0011323632898247904
1368.9346121668473,1368.9346121668473,1.0014663246583633,0.0011332411418711087
1368.9415566277266,1368.9415566277266,1.0000066477353695,0.0011330093921400753
1368.9485010886062,1368.9485010886062,0.9988879658564052,0.0011325946786580148
1368.9554455494856,1368.9554455494856,0.9993920397459565,0.001132734849333967
1368.9623900103884,1368.9623900103884,1.0010421033217145,0.0011332822166383197
1368.9693344713148,1368.9693344713148,0.998909159637386,0.0011326517823537188
1368.9762789322872,1368.9762789322872,1.000246220436263,0.0011323950145849494
1368.9832233932366,1368.9832233932366,1.0010582303049271,0.0011325383758690884
1368.9901678542328,1368.9901678542328,1.0002259421667117,0.0011327614263098589
1368.9971123152284,1368.9971123152284,1.0002703867663088,0.00113277772939445
1369.0040567762248,1369.0040567762248,0.9995519952914901,0.0011327789380476496
1369.011001237267,1369.011001237267,0.999533482609664,0.0011322921765735544
1369.0179456983096,1369.0179456983096,1.000014254638038,0.0011324922916362415
1369.024890159352,1369.024890159352,1.000753342671533,0.001132723011483715
1369.031834620418,1369.031834620418,1.0006940672395115,0.0011326302899084745
1369.038779081507,1369.038779081507,0.9998181781676353,0.0011322757741916336
1369.0457235426425,1369.0457235426425,0.9987694755215116,0.0011322750981249351
1369.0526680037315,1369.0526680037315,0.9991548296555068,0.0011323163219456648
1369.059612464867,1369.059612464867,1.0019726725677534,0.0011331480513741663
1369.066556926003,1369.066556926003,1.0007337503162386,0.0011325292994924826
1369.0735013871383,1369.0735013871383,0.9994594717847848,0.0011322103692069582
1369.0804458482971,1369.0804458482971,1.000404583171524,0.0011324429823106924
1369.0873903094794,1369.0873903094794,0.9999163472837047,0.0011324834111882222
1369.094334770662,1369.094334770662,1.0021218991233458,0.0011329546109397032
1369.1012792318438,1369.1012792318438,0.9983680563261668,0.0011318252170177438
1369.108223693049,1369.108223693049,0.998388778553438,0.0011318034072717548
1369.1151681542783,1369.1151681542783,0.9992050729056178,0.0011323294512559233
1369.1221126154835,1369.1221126154835,1.0007692556268915,0.001132936621581215
1369.129057076712,1369.129057076712,1.0002425633831922,0.0011329722976348854
1369.136001537941,1369.136001537941,1.0009322693996696,0.0011329142399514973
1369.1429459991932,1369.1429459991932,1.0010190581406992,0.0011330599301881297
1369.1498904604455,1369.1498904604455,1.0004118017580346,0.0011329493652201244
1369.156834921697,1369.156834921697,0.9993129638035185,0.0011327464296901075
1369.1637793829725,1369.1637793829725,1.000919258104975,0.0011330249726981675
1369.1707238442482,1369.1707238442482,0.9997079855482423,0.0011326974287065542
1369.1776683055234,1369.1776683055234,0.9986241808600388,0.0011325338115825744
1369.1846127667984,1369.1846127667984,1.0019986445019906,0.001133593296702616
1369.19155722812,1369.19155722812,0.9996127970438866,0.0011333685957644732
1369.1985016893957,1369.1985016893957,0.9988670217829825,0.001133023919236542
1369.2054461506946,1369.2054461506946,1.00076820462119,0.001133290603276251
1369.2123906120164,1369.2123906120164,1.0004550468219837,0.0011334045617908757
1369.2193350733146,1369.2193350733146,0.999854006764475,0.0011331947132705127
1369.226279534637,1369.226279534637,1.000417867341516,0.0011332690812641565
1369.233223995982,1369.233223995982,0.9998028556511894,0.0011329306958540685
1369.2401684572574,1369.2401684572574,0.9993158876468231,0.0011331879804168765
1369.2471129186256,1369.2471129186256,1.0006511973141425,0.0011335080975530079
1369.2540573799245,1369.2540573799245,0.999031653775819,0.001132603751747029
1369.2610018412465,1369.2610018412465,0.9999210249210952,0.0011329957035675735
1369.267946302615,1369.267946302615,1.000462362976812,0.0011331363066217175
1369.2748907639598,1369.2748907639598,1.0013413321220792,0.0011334211964020365
1369.281835225235,1369.281835225235,0.999731129364392,0.0011330537604175746
1369.288779686604,1369.288779686604,0.9992735566235336,0.0011330183572382723
1369.2957241479724,1369.2957241479724,1.0011724473633108,0.001133406135124217
1369.3026686093406,1369.3026686093406,0.9993593021024173,0.0011326515131934787
1369.3096130705924,1369.3096130705924,0.9999666755133079,0.001133031253430387
1369.3165575319613,1369.3165575319613,0.9995113929072295,0.0011326322351507454
1369.3235019933293,1369.3235019933293,0.998422663350002,0.0011324127894624847
1369.3304464546977,1369.3304464546977,0.9999021102072743,0.0011323952175176027
1369.3373909159732,1369.3373909159732,1.0020351401556868,0.0011332627783063745
1369.3443353773187,1369.3443353773187,1.0010677245771233,0.0011327234637691658
1369.3512798386869,1369.3512798386869,1.0007424143356978,0.0011326288257431374
1369.358224300055,1369.358224300055,0.9990962928930566,0.0011320557667346385
1369.3651687613306,1369.3651687613306,1.0009142017471424,0.0011327988514950621
1369.3721132226758,1369.3721132226758,1.000532901560282,0.0011321048459734836
1369.3790576840443,1369.3790576840443,0.9987571190734013,0.0011316390288189362
1369.386002145366,1369.386002145366,0.9984708614888784,0.0011318768553600868
1369.3929466066647,1369.3929466066647,1.0008896139511703,0.0011321082776650023
1369.3998910680334,1369.3998910680334,0.9987955669507425,0.001132008173679697
1369.406835529332,1369.406835529332,1.0022433390336776,0.0011328796454166865
1369.413779990654,1369.413779990654,1.001090810105973,0.0011324874877835917
1369.420724451976,1369.420724451976,0.9998763219490124,0.0011321850788052067
1369.4276689132744,1369.4276689132744,0.9989628140691658,0.0011320454701205173
1369.4346133745962,1369.4346133745962,0.9997589366336129,0.0011326186448999834
1369.441557835895,1369.441557835895,0.9998905885435658,0.001132754794446326
1369.4485022971935,1369.4485022971935,1.000073467679936,0.001132521417560262
1369.4554467585153,1369.4554467585153,0.9994083152634505,0.0011324275568156165
1369.4623912197676,1369.4623912197676,0.9980841765064831,0.0011325374505339156
1369.469335681066,1369.469335681066,1.0020212981037144,0.0011330034348787032
1369.4762801423649,1369.4762801423649,1.0002955186506375,0.001132975005207414
1369.4832246036399,1369.4832246036399,0.9999463319724047,0.0011325010110131099
1369.4901690648921,1369.4901690648921,0.9996763503059292,0.0011328014041490446
1369.4971135261674,1369.4971135261674,1.0019883965487864,0.0011332095735051252
1369.5040579874196,1369.5040579874196,0.9996210033967206,0.0011327527639567602
1369.5110024486946,1369.5110024486946,0.9999053911296247,0.0011328771604747878
1369.5179469099237,1369.5179469099237,0.9990482211221877,0.0011328136793037854
1369.5248913711755,1369.5248913711755,1.0006900853666867,0.001132998065474382
1369.5318358324043,1369.5318358324043,0.9992724775624297,0.0011327999688660305
1369.5387802936332,1369.5387802936332,0.9999993251798429,0.00113287963504508
1369.5457247548388,1369.5457247548388,0.9992405650693914,0.0011328274676320855
1369.5526692160674,1369.5526692160674,0.9981535308213585,0.0011324971255457373
1369.5596136772497,1369.5596136772497,1.0004476677502416,0.0011327161689520626
1369.5665581384783,1369.5665581384783,1.0021187963077967,0.0011330211699688358
1369.5735025996375,1369.5735025996375,0.9988946947253774,0.0011323899830637937
1369.5804470608196,1369.5804470608196,1.0003104247061108,0.0011327621021838224
1369.5873915220018,1369.5873915220018,1.000882066013827,0.0011327348370929256
1369.5943359831604,1369.5943359831604,1.0002400816101071,0.0011327683652686933
1369.6012804443194,1369.6012804443194,0.9981757053146151,0.0011321442574047983
1369.6082249054784,1369.6082249054784,0.9984570821794472,0.0011316601554647301
1369.6151693666138,1369.6151693666138,1.0014438694864995,0.0011327212816183438
1369.6221138277265,1369.6221138277265,0.9989437977268423,0.0011318546904167711
1369.6290582888626,1369.6290582888626,0.9997117215987437,0.0011321018542971607
1369.6360027499743,1369.6360027499743,1.0016921405764834,0.0011329637943443486
1369.6429472110635,1369.6429472110635,0.9992068817878053,0.0011323079922242294
1369.6498916721528,1369.6498916721528,1.0013070460804239,0.0011331518509542949
1369.6568361332186,1369.6568361332186,1.0008401395612865,0.0011331297192183458
1369.6637805943078,1369.6637805943078,1.000297432239011,0.0011325927130132094
1369.6707250553734,1369.6707250553734,0.9980538796715684,0.0011322027235502747
1369.677669516416,1369.677669516416,0.9998038716403453,0.0011328237509870662
1369.6846139774584,1369.6846139774584,1.0013942551934447,0.001133275182258257
1369.691558438501,1369.691558438501,0.9983378240767848,0.0011325483702862914
1369.6985028994973,1369.6985028994973,0.9983417670663938,0.0011325409356977081
1369.7054473605162,1369.7054473605162,1.001266728505503,0.0011330285820238897
1369.7123918215123,1369.7123918215123,1.0002743619513923,0.0011328798595602939
1369.7193362824848,1369.7193362824848,1.0015276158804904,0.0011328234538409445
1369.7262807434574,1369.7262807434574,1.000214185801465,0.0011324097345831283
1369.7332252044303,1369.7332252044303,0.9989845072099331,0.001132165904298824
1369.7401696653797,1369.7401696653797,0.9991549367764921,0.0011322940486614102
1369.7471141263054,1369.7471141263054,1.001032643233406,0.0011330203612271205
1369.754058587255,1369.754058587255,0.9978448445538955,0.0011319805019304578
1369.7610030481578,1369.7610030481578,1.001673717655747,0.0011328991504553376
1369.7679475090606,1369.7679475090606,1.000345147216062,0.0011323339378504931
1369.7748919699402,1369.7748919699402,1.0003183823769148,0.0011323510118417856
1369.7818364308428,1369.7818364308428,1.0009174933853446,0.001132466819085588
1369.7887808916992,1369.7887808916992,0.9982991093040627,0.001131342726507245
1369.7957253525324,1369.7957253525324,0.999419193220974,0.0011319138503214348
1369.802669813365,1369.802669813365,0.9988761983306187,0.0011315934636731213
1369.8096142742213,1369.8096142742213,0.9998915157825822,0.0011323337259824743
1369.816558735008,1369.816558735008,0.9999910174690573,0.001132912568817969
1369.8235031957943,1369.8235031957943,1.0015310230082843,0.0011335190512661816
1369.8304476565804,1369.8304476565804,1.001961379296984,0.0011342340646934436
1369.837392117367,1369.837392117367,1.0008792989578443,0.0011347442033600988
1369.8443365781536,1369.8443365781536,1.0043586313578516,0.0011360898780490552
1369.8512810388468,1369.8512810388468,1.001052930121291,0.0011358216715513627
1369.8582254996095,1369.8582254996095,0.9948082019507265,0.0011342790137179738
1369.865169960303,1369.865169960303,0.9932650615155613,0.0011347031266996412
1369.87211442102,1369.87211442102,0.9933747087958785,0.0011351932568878953
1369.8790588817126,1369.8790588817126,0.9950908830265905,0.0011382629874192218
1369.8860033423828,1369.8860033423828,0.9986274725577795,0.0011413365426317444
1369.8929478030295,1369.8929478030295,0.9969648701569866,0.0011406471560210867
1369.8998922636765,1369.8998922636765,0.9974644883591901,0.0011406204184075343
1369.907670059571,1369.907670059571,0.9969133668423268,0.0011412015597011202
1369.915170077057,1369.915170077057,0.9943827229200591,0.0011399912395633
1369.9232256513365,1369.9232256513365,0.9968575917444327,0.0011400318869580167
1369.9304478903218,1369.9304478903218,0.9946433477698395,0.0011392173870054384
1369.9373923508988,1369.9373923508988,0.9937374834747267,0.0011377574864326787
1369.9451701467,1369.9451701467,0.9924218284828921,0.001136038038806408
1369.9526701640698,1369.9526701640698,0.9950001377673299,0.001134862772036531
1369.9596146245765,1369.9596146245765,0.9987655153354276,0.0011355995174441326
1369.9676701987632,1369.9676701987632,1.0033424076858617,0.0011364670231960162
1369.9762813297427,1369.9762813297427,1.0012565066068058,0.0011345825362143003
1369.983225790203,1369.983225790203,1.00312658797289,0.001134657564560485
1369.9901702506631,1369.9901702506631,0.9995123659027463,0.0011326760418371266
1369.997114711077,1369.997114711077,0.9991633515139637,0.0011324702079708294
1370.0040591715144,1370.0040591715144,1.0002055472268676,0.0011321544178799626
1370.0110036318815,1370.0110036318815,1.0016757581384073,0.0011317173296021216
1370.0179480922723,1370.0179480922723,0.9972805716710512,0.001130229292833219
1370.0248925526164,1370.0248925526164,0.9990220352645398,0.0011306927801850817
1370.0318370129605,1370.0318370129605,0.9990741640760762,0.0011310796932753693
1370.0387814733044,1370.0387814733044,1.0001970861811162,0.0011316920606266596
1370.04600371201,1370.04600371201,1.0005666835662077,0.0011316508610539192
1370.0540592859636,1370.0540592859636,1.0003246498853513,0.001131721432304549
1370.0610037462145,1370.0610037462145,0.9999672079141764,0.0011312688228223415
1370.067948206512,1370.067948206512,1.0010858130070386,0.0011314843529164871
1370.074892666716,1370.074892666716,1.0000526474267677,0.001131932541083095
1370.0818371269202,1370.0818371269202,0.9990327342203686,0.001131721667806586
1370.0887815871251,1370.0887815871251,0.9976757818123468,0.00113085736661526
1370.0957260473292,1370.0957260473292,0.9996789937001251,0.0011318261179421856
1370.1026705075333,1370.1026705075333,1.0027458624163252,0.0011327226130694906
1370.1096149676446,1370.1096149676446,1.0011177894469037,0.001132616023154339
1370.1165594278027,1370.1165594278027,0.9988948019407822,0.0011318511101987001
1370.1235038879136,1370.1235038879136,0.9994510837865335,0.001132102094987732
1370.1304483480014,1370.1304483480014,0.9995465860104709,0.0011320031650723246
1370.1373928080893,1370.1373928080893,1.0013914429799737,0.0011325332940741821
1370.1443372681545,1370.1443372681545,0.9990386007121721,0.0011323183860419811
1370.1512817281953,1370.1512817281953,0.999749132104756,0.0011321458458269165
1370.1582261882365,1370.1582261882365,0.9996185177110746,0.0011319276343920827
1370.1651706482553,1370.1651706482553,1.000866011983847,0.0011322872949922555
1370.1721151082263,1370.1721151082263,1.0004814416197392,0.0011325438205160236
1370.1790595681978,1370.1790595681978,0.9997684773329605,0.0011318392192078278
1370.1860040281463,1370.1860040281463,0.9999612071279691,0.0011320719404366365
1370.1929484880714,1370.1929484880714,0.999312270528421,0.0011318361332746112
1370.199892947973,1370.199892947973,1.0012200031469631,0.0011328811037004673
1370.2068374078976,1370.2068374078976,1.0005640041671695,0.0011322770342797194
1370.2137818677763,1370.2137818677763,0.9987855407216142,0.0011322132157646364
1370.2207263276318,1370.2207263276318,1.0001836562012172,0.0011323685981842336
1370.2276707874864,1370.2276707874864,0.9983900738781768,0.0011318128217581414
1370.2346152472946,1370.2346152472946,0.9984883892194929,0.0011317873430461548
1370.2415597071035,1370.2415597071035,1.0015170062453913,0.0011326229446294365
1370.2485041668888,1370.2485041668888,1.0003622391935734,0.0011321611814512958
1370.2554486266272,1370.2554486266272,1.0015102226644388,0.001132666137301679
1370.2623930863895,1370.2623930863895,1.0001459345358796,0.0011319695756583082
1370.269337546105,1370.269337546105,1.0004950409859839,0.0011324920652752521
1370.2762820057972,1370.2762820057972,0.9992975491579703,0.001131648763124719
1370.2832264655121,1370.2832264655121,0.9991796375424868,0.0011319715700252558
1370.2901709251344,1370.2901709251344,1.000506084032968,0.0011319800351449517
1370.2971153848268,1370.2971153848268,1.0010619618538654,0.0011326850065429316
1370.3040598444957,1370.3040598444957,0.9993494703405474,0.0011324341913396497
1370.3110043040012,1370.3110043040012,1.0002074581345792,0.0011322688391863114
1370.3179487636237,1370.3179487636237,1.0008744009160986,0.0011324758930083378
1370.324893223223,1370.324893223223,1.001583181585948,0.001132689033138943
1370.331837682752,1370.331837682752,0.9984216494305832,0.00113163403294884
1370.338782142281,1370.338782142281,0.9991532345560665,0.0011318192144684721
1370.3457266017865,1370.3457266017865,1.0000681610913928,0.0011319845320742852
1370.3526710612928,1370.3526710612928,1.0010533926730778,0.0011322158285034733
1370.3596155207285,1370.3596155207285,0.9983222490388306,0.0011315241104792712
1370.3665599802112,1370.3665599802112,1.0009379683917163,0.0011319058550557431
1370.373504439624,1370.373504439624,1.0005161181309834,0.0011318376058503889
1370.3804488990133,1370.3804488990133,0.9996100013118328,0.0011320898266647887
1370.387393358403,1370.387393358403,1.0002242620786517,0.0011322213065098603
1370.3943378177457,1370.3943378177457,1.0017757612473173,0.0011324161333388244
1370.4012822771351,1370.4012822771351,0.9993011203286926,0.001131802688787618
1370.4082267364315,1370.4082267364315,0.9980635710112196,0.0011310564013609166
1370.4151711957506,1370.4151711957506,1.0013145203503466,0.0011323736863687768
1370.4221156550238,1370.4221156550238,1.0005244911507831,0.0011319205491040975
1370.429060114274,1370.429060114274,0.9985425565940362,0.0011315415539113263
1370.4360045735234,1370.4360045735234,0.9997047722708281,0.001131941135491304
1370.4429490327498,1370.4429490327498,1.0004970433685165,0.0011319680107787096
1370.4498934919534,1370.4498934919534,0.9993831642082067,0.0011317111900919926
1370.4568379511097,1370.4568379511097,1.0010481239905875,0.0011321843013143815
1370.4637824102663,1370.4637824102663,1.0000611542755156,0.0011319357164410323
1370.4707268693996,1370.4707268693996,0.9999014371057896,0.0011315610278752287
1370.4776713285332,1370.4776713285332,0.999404329460859,0.001131522806331583
1370.4846157875966,1370.4846157875966,1.0001876571495067,0.0011319194210059893
1370.4915602467295,1370.4915602467295,1.0003039969989236,0.0011316594671413657
1370.4985047057698,1370.4985047057698,0.9992266811269961,0.0011311677426523333
1370.5054491648102,1370.5054491648102,1.0002707517160367,0.0011315671543828624
1370.512393623757,1370.512393623757,1.001419470509829,0.0011319107773694504
1370.519338082774,1370.519338082774,0.9995152683745399,0.0011312482496834142
1370.5262825417212,1370.5262825417212,0.9993626290437219,0.0011315186698540845
1370.5332270006684,1370.5332270006684,1.000156241069446,0.0011314704549524024
1370.5401714595919,1370.5401714595919,0.9996564815078035,0.0011317103102612036
1370.5471159184926,1370.5471159184926,1.0012400009644113,0.0011315784560557067
1370.5540603773702,1370.5540603773702,0.9987783849840074,0.0011310556416944495
1370.561004836247,1370.561004836247,0.9997738604153019,0.0011312881559801887
1370.5679492950542,1370.5679492950542,1.00007709980982,0.0011314919133429905
1370.5748937538851,1370.5748937538851,0.9987847606977965,0.0011307425410034334
1370.5818382126458,1370.5818382126458,1.002145319517392,0.0011318755940353177
1370.5887826714531,1370.5887826714531,1.0003637000497336,0.0011318852101708816
1370.5957271301909,1370.5957271301909,0.999333276608105,0.0011315648685522913
1370.6032271456052,1370.6032271456052,1.0005740413021285,0.0011321974859275022
1370.6110049393342,1370.6110049393342,1.0007320396303412,0.0011321549710389376
1370.617949398025,1370.617949398025,1.000127161590814,0.0011318960373670442
1370.6248938566696,1370.6248938566696,0.998151303527918,0.0011317179077184505
1370.6318383153143,1370.6318383153143,0.9995957047606379,0.0011318842554909072
1370.6398938872885,1370.6398938872885,1.0001246069671976,0.0011319396527970484
1370.6471161242243,1370.6471161242243,0.9997399467025601,0.0011319408640855517
1370.6540605827759,1370.6540605827759,1.0000594516797559,0.0011320573338750417
1370.6632272680567,1370.6632272680567,0.9990174447501208,0.0011318456431976798
1370.670727283215,1370.670727283215,1.0011018442656163,0.0011321278144556057
1370.677671741673,1370.677671741673,1.0015467945904777,0.0011318209817414138
1370.688505096868,1370.688505096868,0.9992548411569686,0.0011312757307370374
1370.6996162304008,1370.6996162304008,1.0009590589297062,0.0011315721855225682
1370.706838467081,1370.706838467081,0.9999643820488366,0.0011312165858973079
1370.713782925469,1370.713782925469,0.9988049503207194,0.001130863864750706
1370.720727383811,1370.720727383811,0.999035184887753,0.0011308763099137562
1370.7276718421294,1370.7276718421294,0.9994153807511722,0.0011306618455254104
1370.7346163004013,1370.7346163004013,1.0017548712561286,0.0011316199726726988
1370.7415607587195,1370.7415607587195,1.0002930162155732,0.0011311687636738
1370.7485052169447,1370.7485052169447,1.0003415973593992,0.0011315287526752129
1370.7554496751702,1370.7554496751702,1.0000309902880464,0.001131486579789632
1370.7623941333723,1370.7623941333723,0.9992281578369401,0.0011311283384595314
1370.7693385915509,1370.7693385915509,1.000642245938838,0.0011316683311672494
1370.7762830497065,1370.7762830497065,0.999606627727119,0.0011312706290973512
1370.7832275078622,1370.7832275078622,0.9980602180703798,0.0011311178979564198
1370.7901719659706,1370.7901719659706,0.999836551880092,0.0011318464001789058
1370.7971164240564,1370.7971164240564,0.9993528424235123,0.001132142363162328
1370.8040608821188,1370.8040608821188,1.0004925937405305,0.0011326986495667248
1370.811005340181,1370.811005340181,1.0010060063720576,0.0011324030327007806
1370.8179497981969,1370.8179497981969,1.0002714289027916,0.00113209525642491
1370.8248942561893,1370.8248942561893,0.9998468717132256,0.0011319284551060947
1370.8318387141587,1370.8318387141587,0.9985387215568705,0.0011314013112956804
1370.838783172081,1370.838783172081,1.0004975325312084,0.001132344032877023
1370.8457276300735,1370.8457276300735,0.9985994980714574,0.0011315223187308434
1370.85267208795,1370.85267208795,1.000409223628076,0.0011321605094590345
1370.8596165458257,1370.8596165458257,1.0000471700217282,0.0011321258135250185
1370.8665610037017,1370.8665610037017,1.001238376579328,0.0011320985799694045
1370.873505461508,1370.873505461508,1.0009641246890717,0.0011324280341797497
1370.8804499193375,1370.8804499193375,0.9997086428448465,0.001131852336875155
1370.8873943770973,1370.8873943770973,0.999680653608587,0.0011319441416101424
1370.8943388348566,1370.8943388348566,1.0010134943229596,0.0011324537834195513
1370.9012832925932,1370.9012832925932,0.9983747613877829,0.001131655500273269
1370.9082277503062,1370.9082277503062,1.0014399716138354,0.0011326414604017983
1370.9151722080192,1370.9151722080192,0.9990458796902283,0.0011321759521109066
1370.9221166656625,1370.9221166656625,0.9994364019925662,0.0011324812393841079
1370.9290611233293,1370.9290611233293,0.9998955505224565,0.0011324538265861169
1370.9360055809254,1370.9360055809254,1.0001789412022744,0.0011324776905723192
1370.942950038499,1370.942950038499,0.9989684051081573,0.0011321224867482768
1370.949894496096,1370.949894496096,1.000770801619155,0.0011325977576567992
1370.9568389536457,1370.9568389536457,0.9998006445191875,0.0011317175621505147
1370.9637834111725,1370.9637834111725,1.0009452276637227,0.0011323822976663854
1370.970727868653,1370.970727868653,0.9993203837811011,0.001132004391349325
1370.9776723261566,1370.9776723261566,0.9991532762235668,0.0011315366908451411
1370.98461678359,1370.98461678359,1.000796652835266,0.0011319432685341641
1370.9915612410236,1370.9915612410236,1.0006624955771641,0.001131958068708068
1370.9985056984344,1370.9985056984344,1.00092236925558,0.0011322278492907913
1371.005450155798,1371.005450155798,1.000764214936892,0.0011324187388742507
1371.0123946131616,1371.0123946131616,1.0000283404503574,0.0011322920077844107
1371.0193390704558,1371.0193390704558,0.9985845355760257,0.0011318766603157704
1371.02628352775,1371.02628352775,0.9992775083064023,0.0011318996218630123
1371.0332279850436,1371.0332279850436,0.9993795934569099,0.001132599851444664
1371.0401724423377,1371.0401724423377,1.0006778752931482,0.0011328263180238002
1371.047116899562,1371.047116899562,0.9998276444312489,0.0011323233066585117
1371.0551724699296,1371.0551724699296,1.0006756225923028,0.0011326236425812728
1371.0637835968348,1371.0637835968348,0.9981367941332271,0.001131728947879565
1371.0707280539891,1371.0707280539891,1.0006538190589311,0.0011323021179822238
1371.0776725110968,1371.0776725110968,1.0010713440615218,0.001132466586584803
1371.0846169682047,1371.0846169682047,1.0004926298892154,0.001132701734966561
1371.0915614252885,1371.0915614252885,0.9990996217325904,0.0011315805631953327
1371.0985058823503,1371.0985058823503,1.0025988133963195,0.0011325573554729876
1371.1054503393648,1371.1054503393648,0.9998873206644167,0.0011318505566497517
1371.1123947963558,1371.1123947963558,1.000261515621356,0.001131715811620379
1371.1193392533473,1371.1193392533473,0.9981321283574385,0.001130852683219954
1371.1443392982787,1371.1443392982787,1.0010547860388035,0.0011327528775673707
1371.1512837551297,1371.1512837551297,0.9988885783009216,0.001132347339351282
1371.1582282119812,1371.1582282119812,0.998163407586777,0.0011321546373768254
1371.165172668787,1371.165172668787,1.0005056373463166,0.0011326333383470247
1371.1721171255683,1371.1721171255683,1.0027534438048435,0.001133379265302515
1371.1790615823732,1371.1790615823732,0.9998323552298725,0.0011326332779259857
1371.1860060391089,1371.1860060391089,1.0001483921582721,0.001133077054274852
1371.1929504958207,1371.1929504958207,0.9989226310093542,0.001132817109368077
1371.1998949525325,1371.1998949525325,1.000764632454938,0.0011327580000712084
1371.2068394091514,1371.2068394091514,1.0000000833690736,0.0011326052334546467
1371.2137838658166,1371.2137838658166,0.9980223072080682,0.0011320550905364875
1371.2207283224357,1371.2207283224357,0.9994604201686423,0.001132618564984317
1371.2276727790072,1371.2276727790072,0.9987847070476181,0.0011321377088545157
1371.23461723558,1371.23461723558,1.0017151098796542,0.001133369564737053
1371.2415616921521,1371.2415616921521,1.000406576907021,0.0011332552473216743
1371.2485061486543,1371.2485061486543,1.0003655782759955,0.0011328284829151998
1371.2554506051335,1371.2554506051335,1.0008236946925657,0.001132543019918718
1371.262395061613,1371.262395061613,0.9997978660488656,0.0011326788990624578
1371.269339518045,1371.269339518045,1.0000685309448347,0.0011327644134289498
1371.2762839744778,1371.2762839744778,0.9996598082896895,0.0011325986849453694
1371.2832284308638,1371.2832284308638,0.9994845908599634,0.001132641230731858
1371.2901728872262,1371.2901728872262,1.0009931150351117,0.0011328636292388453
1371.2971173435424,1371.2971173435424,0.998287146598997,0.001132170647849343
1371.3040617998818,1371.3040617998818,1.0008902563389968,0.0011332690513076306
1371.311006256175,1371.311006256175,1.0013205023630432,0.0011330915411476403
1371.3179507124441,1371.3179507124441,0.9981625838957993,0.0011325604879940305
1371.3248951686905,1371.3248951686905,0.999524912266828,0.0011325933420620316
1371.3318396249138,1371.3318396249138,1.000515729018149,0.0011327872740199449
1371.3387840810665,1371.3387840810665,0.9999743123454357,0.0011326464861591019
1371.3457285372194,1371.3457285372194,0.9998939381281804,0.001132492716069182
1371.3526729934197,1371.3526729934197,1.0020864678197137,0.0011330140885683893
1371.3596174494562,1371.3596174494562,0.9996460413607757,0.0011324700318833994
1371.366561905586,1371.366561905586,1.0001111951595032,0.0011326303569882518
1371.3735063616462,1371.3735063616462,0.9985705778475978,0.001131963829786485
1371.380450817683,1371.380450817683,0.9997738477637574,0.0011318817790537397
1371.387395273696,1371.387395273696,0.9994195467903794,0.0011316466981017574
1371.3943397296862,1371.3943397296862,1.000345456912675,0.0011315842153740287
1371.4012841856534,1371.4012841856534,1.0007911445188742,0.0011319078417234083
1371.4082286415967,1371.4082286415967,0.9999806945667753,0.0011315915684616154
1371.4151730974932,1371.4151730974932,1.0006582557038146,0.001131827960960085
1371.4221175533676,1371.4221175533676,1.0001165777645238,0.0011314453591556007
1371.4290620092413,1371.4290620092413,0.998964447633625,0.0011313248064125153
1371.436006465068,1371.436006465068,1.0003410078788186,0.0011318471403682642
1371.4429509208956,1371.4429509208956,1.0002489431752952,0.0011319131763634115
1371.449895376653,1371.449895376653,1.0000339684473043,0.001132065841441979
1371.4568398324334,1371.4568398324334,1.0008408605642134,0.0011321207404144842
1371.4637842881443,1371.4637842881443,0.9988375640177665,0.0011316149698863678
1371.470728743855,1371.470728743855,0.9992640349260338,0.0011317197011517883
1371.4776731995426,1371.4776731995426,0.9988913904458391,0.0011316874862960613
1371.4846176551832,1371.4846176551832,1.0022787625917358,0.0011321526999068924
1371.491562110801,1371.491562110801,0.9983888599125595,0.0011311548911600048
1371.498506566442,1371.498506566442,0.9997244554066361,0.0011318360203279288
1371.5054510220127,1371.5054510220127,1.0006246617394186,0.0011316625818218334
1371.5123954775604,1371.5123954775604,1.0028279339413175,0.001132449628500612
1371.5193399331085,1371.5193399331085,1.0000705524619506,0.0011315595855488627
1371.526284388563,1371.526284388563,0.9982774286419808,0.001131166047404409
1371.5332288440643,1371.5332288440643,1.0000326792958558,0.0011316923126932592
1371.5401732994956,1371.5401732994956,0.9998963555480034,0.0011315487605577652
1371.5471177549268,1371.5471177549268,0.9988513858698338,0.0011318510648848988
1371.554062210312,1371.554062210312,0.9994779072279064,0.0011320100524278066
1371.5610066656968,1371.5610066656968,1.0009985092980738,0.0011324159914058798
1371.5679511210349,1371.5679511210349,1.0000769065537773,0.0011323802504322599
1371.57489557635,1371.57489557635,1.0007522405787015,0.00113252410349914
1371.5818400316416,1371.5818400316416,1.0006061000160469,0.001132611396741958
1371.5887844869335,1371.5887844869335,1.0003690598979593,0.0011324240143264198
1371.5957289421551,1371.5957289421551,0.9996086617737852,0.0011322624446487388
1371.602673397377,1371.602673397377,0.9986879621852358,0.0011326831520129964
1371.6096178525524,1371.6096178525524,1.0005337856475645,0.0011325749870929789
1371.616562307704,1371.616562307704,1.000027530807302,0.0011323397672865403
1371.6235067628556,1371.6235067628556,0.9996274726994635,0.0011324819039754417
1371.6304512179615,1371.6304512179615,0.999521786220306,0.001132496462535634
1371.6373956730433,1371.6373956730433,1.0006154103268616,0.0011326248428792777
1371.644340128102,1371.644340128102,0.9988497509226238,0.0011322629010620633
1371.6512845831614,1371.6512845831614,1.0005644168944856,0.0011322890862288288
1371.658229038127,1371.658229038127,0.999643213399351,0.0011318518034657932
1371.6651734930924,1371.6651734930924,1.000311783865103,0.0011318328328928451
1371.6721179480578,1371.6721179480578,0.9993255367944698,0.0011319080087782607
1371.679062403024,1371.679062403024,1.0002773602680974,0.0011317799312905192
1371.6860068578965,1371.6860068578965,1.000901738696124,0.0011316476907478905
1371.692951312792,1371.692951312792,1.0019504491973106,0.0011320542528693784
1371.6998957676415,1371.6998957676415,0.9988029978225488,0.0011312019214742976
1371.706840222468,1371.706840222468,0.9991243379064372,0.0011311910590502002
1371.713784677247,1371.713784677247,0.99887809702157,0.001131502807312405
1371.7207291320265,1371.7207291320265,1.0011506447124163,0.001132064414854733
1371.7276735867595,1371.7276735867595,0.9987467318029051,0.0011315216077858682
1371.7346180414922,1371.7346180414922,1.0015779904505653,0.0011323213165914871
1371.7415624961784,1371.7415624961784,1.000498744193361,0.0011321356192027852
1371.7485069508416,1371.7485069508416,0.998427293983205,0.0011315976435699248
1371.7554514054814,1371.7554514054814,1.00100784082186,0.0011324632852860786
1371.7623958600977,1371.7623958600977,1.0007738104811965,0.0011324532098935156
1371.7693403146911,1371.7693403146911,1.0001130309554722,0.0011321197848557256
1371.7762847692375,1371.7762847692375,0.9992760778374855,0.0011320836632155774
1371.7832292237606,1371.7832292237606,1.0002834296033958,0.0011325816832449583
1371.7901736782842,1371.7901736782842,0.9993960764406395,0.0011322586501787849
1371.7971181327841,1371.7971181327841,1.0001028981906042,0.0011326719009144511
1371.804062587214,1371.804062587214,0.9988551023655164,0.0011322049225856892
1371.811007041668,1371.811007041668,1.000162684571377,0.001132557798697116
1371.8179514960516,1371.8179514960516,0.9988206501769579,0.0011323012635418293
1371.8248959504353,1371.8248959504353,1.0014273764796435,0.0011329743678115986
1371.8318404047955,1371.8318404047955,1.0012359348056434,0.0011328374357153792
1371.838784859086,1371.838784859086,1.0014957324301483,0.0011326178012871283
1371.8457293134002,1371.8457293134002,0.9973948903072507,0.001131818061586157
1371.852673767667,1371.852673767667,0.9992725640638438,0.0011321825890566676
1371.859618221911,1371.859618221911,1.0004110272818127,0.0011325525621259486
1371.8665626761085,1371.8665626761085,0.999883090687111,0.0011322216323361067
1371.8735071303056,1371.8735071303056,0.9992616295306413,0.0011317550942406822
1371.88045158448,1371.88045158448,0.9985398154584442,0.0011320712348971782
1371.8873960386306,1371.8873960386306,0.9994435436097955,0.0011321757223807113
1371.8943404927345,1371.8943404927345,1.0029497169501878,0.001132998887373279
1371.9012849468158,1371.9012849468158,1.0004354635690629,0.0011324697320126314
1371.9082294008736,1371.9082294008736,0.999256339405844,0.001132058973146985
1371.9151738549076,1371.9151738549076,1.000909803100627,0.001132250354050709
1371.9221183088957,1371.9221183088957,0.9994043137849415,0.0011318786648213742
1371.9290627628834,1371.9290627628834,0.9993610926433718,0.0011320207321524906
1371.9360072168247,1371.9360072168247,0.9990241572199112,0.0011318541233917903
1371.9429516707662,1371.9429516707662,1.0003271359098953,0.00113197656120639
1371.9498961246607,1371.9498961246607,1.00120904306515,0.0011319763309112405
1371.956840578509,1371.956840578509,0.9995883327911134,0.001131667721659923
1371.9637850324032,1371.9637850324032,0.9995043715038363,0.0011318668738669623
1371.970729486205,1371.970729486205,0.9996158730356829,0.001132104490616904
1371.977673940007,1371.977673940007,0.9996533787952101,0.0011318272006388865
1371.9846183937384,1371.9846183937384,1.0009741414870716,0.0011322431715599548
1371.9915628474935,1371.9915628474935,1.000376949144995,0.0011316109376240482
1371.9985073011787,1371.9985073011787,0.9980328266615451,0.0011313253470528022
1372.0054517548867,1372.0054517548867,1.001468746645676,0.001131898967147123
1372.0123962085258,1372.0123962085258,0.9993205513754699,0.001131630102254784
1372.0193406621643,1372.0193406621643,1.0009976970805503,0.0011318685004665877
1372.0262851157559,1372.0262851157559,0.998853390022105,0.0011315130895401678
1372.0332295693481,1372.0332295693481,1.0007384792945078,0.0011318190536318824
1372.0401740228936,1372.0401740228936,1.0017983090994076,0.001132570917511651
1372.0471184764156,1372.0471184764156,0.9989911133750196,0.0011321850098683212
1372.0540629299146,1372.0540629299146,0.9996329495788357,0.001132280465492236
1372.061007383367,1372.061007383367,1.0013642564510774,0.0011325197760565825
1372.0679518368192,1372.0679518368192,0.9990941692314467,0.0011320251557218873
1372.074896290248,1372.074896290248,0.9993478354451024,0.0011319919777744644
1372.0818407436075,1372.0818407436075,0.999799467947714,0.0011322058133278932
1372.088785196967,1372.088785196967,1.0006921837604505,0.0011328742244734178
1372.095729650326,1372.095729650326,0.9973469977332485,0.0011318971963364065
1372.1026741036387,1372.1026741036387,1.0010843713073563,0.0011323558996871367
1372.1096185568815,1372.1096185568815,1.001018972583663,0.0011327315103182628
1372.1165630101705,1372.1165630101705,1.0009083179393357,0.0011325967627496278
1372.123507463437,1372.123507463437,0.9975068595213175,0.0011321622442726155
1372.1304519165399,1372.1304519165399,1.000242378452261,0.0011328243021395171
1372.137396369759,1372.137396369759,0.999905606222964,0.0011324114701249314
1372.1443408229086,1372.1443408229086,1.0007857296536005,0.0011324158376171327
1372.151285276012,1372.151285276012,0.9992638312113151,0.0011322810696307371
1372.1582297291147,1372.1582297291147,0.999318197513848,0.0011319572322882113
1372.1651741821715,1372.1651741821715,0.9994363675188914,0.0011317562838881988
1372.172118635228,1372.172118635228,1.001967035628129,0.0011323459433207948
1372.1790630882147,1372.1790630882147,0.9991369058890894,0.001132067486111872
1372.1860075412242,1372.1860075412242,0.9985026146682152,0.0011315777787344237
1372.1929519941416,1372.1929519941416,1.0014638267940739,0.0011321955452923767
1372.1998964470815,1372.1998964470815,1.0008732981533022,0.0011325418358018647
1372.206840899998,1372.206840899998,1.000068063285503,0.001131851953293074
1372.2137853528689,1372.2137853528689,0.9996010672980933,0.0011321145386417803
1372.2207298057156,1372.2207298057156,1.000339207157659,0.0011323946683649108
1372.227674258539,1372.227674258539,0.9994491942476216,0.0011319614805192888
1372.2346187113167,1372.2346187113167,0.9981624034399719,0.0011312936551110887
1372.2415631641168,1372.2415631641168,1.000581135450421,0.0011323548535826663
1372.248507616847,1372.248507616847,1.0006813798433742,0.0011324353123331788
1372.255452069578,1372.255452069578,1.0003410842594516,0.00113274593398793
1372.2623965222388,1372.2623965222388,1.0016954593239356,0.0011329322467898378
1372.2693409748758,1372.2693409748758,0.9980733618007983,0.0011321379101086094
1372.276285427513,1372.276285427513,0.9995396662193292,0.0011320009551423235
1372.2832298801509,1372.2832298801509,1.000907232327106,0.0011325745652451301
1372.2901743327182,1372.2901743327182,0.9991583664982764,0.0011319330946780487
1372.2971187852625,1372.2971187852625,0.9988617503547491,0.0011316303535823555
1372.3040632377838,1372.3040632377838,0.9987608420505513,0.001131907663173119
1372.3110076902813,1372.3110076902813,1.0007491373573174,0.0011323289783000494
1372.3179521427555,1372.3179521427555,1.000641486571961,0.0011331186399894005
1372.324896595207,1372.324896595207,1.002012357290803,0.0011338696371983343
1372.3318410476115,1372.3318410476115,1.002020163734001,0.001135156644878776
1372.3387854999928,1372.3387854999928,1.003126672665796,0.0011359344992059911
1372.3457299523511,1372.3457299523511,1.0029355317229087,0.0011369453734807048
1372.3526744046856,1372.3526744046856,1.0004240339977661,0.0011372784367926867
1372.3596188569736,1372.3596188569736,0.9950991413270713,0.0011367348684499996
1372.3665633092621,1372.3665633092621,0.9956336855091449,0.0011377112201110186
1372.3735077615036,1372.3735077615036,0.9947618048707907,0.0011378703413710293
1372.380452213745,1372.380452213745,0.9951602401928042,0.0011391294275945637
1372.38739666594,1372.38739666594,0.9970822550037941,0.0011398445340668492
1372.3943411180885,1372.3943411180885,0.9965155842139763,0.0011394864898325043
1372.4012855702135,1372.4012855702135,0.9946510412008743,0.0011391593161105178
1372.4082300223854,1372.4082300223854,0.9946671331670739,0.0011394801299009756
1372.415174474441,1372.415174474441,0.9958765192948394,0.0011405041628591084
1372.422118926496,1372.422118926496,0.9960420755156777,0.001141007290605153
1372.4304522689627,1372.4304522689627,0.9982773993330059,0.001141927316400731
1372.4373967209017,1372.4373967209017,0.9977230816618115,0.0011413866069664952
1372.4443411729105,1372.4443411729105,0.9948488109705933,0.0011368562030232034
1372.4512856248496,1372.4512856248496,0.9941559661273842,0.0011356410189059046
1372.4582300767654,1372.4582300767654,0.9987667684529391,0.0011362845127614158
1372.466285640963,1372.466285640963,1.002313621785404,0.0011367385520826055
1372.473507870891,1372.473507870891,1.0014498008368922,0.0011355508554331617
1372.4804523227137,1372.4804523227137,1.0026558289792162,0.001135324085567609
1372.487396774513,1372.487396774513,1.0009515801159656,0.0011340838045438922
1372.4951745604887,1372.4951745604887,1.002781834930052,0.001133889060593223
1372.5026745683829,1372.5026745683829,1.0007587545639862,0.0011326476541511164
1372.5096190200888,1372.5096190200888,0.9995937089069866,0.0011321840461909194
1372.5165634717716,1372.5165634717716,0.9988924168769875,0.0011319405479752024
1372.523507923431,1372.523507923431,0.9991265111240779,0.001131751499424178
1372.5304523750442,1372.5304523750442,1.0013670624928328,0.0011323390117277908
1372.5373968266572,1372.5373968266572,0.9990977710334995,0.0011323496165741077
1372.5443412782465,1372.5443412782465,0.9998216882920792,0.001132400091333184
1372.55128572979,1372.55128572979,0.9993029728573927,0.001132568814436407
1372.5582301813101,1372.5582301813101,1.001284267448689,0.0011329727835366016
1372.565174632783,1372.565174632783,0.9992034974543694,0.001132637138034668
1372.5721190842564,1372.5721190842564,1.0005554255335753,0.0011328526557340462
1372.57906353573,1372.57906353573,1.0002898725822635,0.0011323876529592753
1372.5860079870863,1372.5860079870863,0.99890433798009,0.0011326003071814186
1372.5929524384896,1372.5929524384896,1.0007179614189199,0.0011329926227786323
1372.599896889847,1372.599896889847,0.9999512168200478,0.0011326494837621015
1372.6068413411801,1372.6068413411801,0.9998602112265444,0.0011324860802870704
1372.6137857924673,1372.6137857924673,0.9984522602231113,0.0011325404806621303
1372.6207302437545,1372.6207302437545,0.999939448388712,0.0011323549725460258
1372.6276746949945,1372.6276746949945,1.0014449008073167,0.0011327673006200551
1372.6346191462121,1372.6346191462121,0.9994373681902591,0.001132174250715532
1372.6415635973824,1372.6415635973824,1.0007424884333616,0.001132732097547193
1372.648508048553,1372.648508048553,0.9991460804483395,0.0011317921150089155
1372.6554524996773,1372.6554524996773,1.0006067145106199,0.0011323775913626
1372.6623969508012,1372.6623969508012,1.0002889166906632,0.0011322641971878342
1372.6693414018785,1372.6693414018785,1.0004551628788452,0.0011321642063473502
1372.676285852933,1372.676285852933,0.9997441227713525,0.0011320004374633093
1372.6832303039405,1372.6832303039405,1.0000966307324166,0.0011325962454855607
1372.690174754948,1372.690174754948,0.9990891007370406,0.0011321685026097713
1372.6971192058859,1372.6971192058859,1.0004934890175825,0.001132395175915494
1372.7040636568704,1372.7040636568704,1.0014540593378638,0.0011325638104356228
1372.7110081077847,1372.7110081077847,0.9982854602703124,0.0011319282174779626
1372.717952558676,1372.717952558676,0.9994275520796618,0.0011324624294759011
1372.7248970094975,1372.7248970094975,1.0007196025429135,0.0011325980432273037
1372.7318414603417,1372.7318414603417,0.999788132863103,0.0011326412397089246
1372.7387859111168,1372.7387859111168,0.9995031958576938,0.0011325732030033424
1372.7457303619149,1372.7457303619149,1.0008660564006766,0.0011323847712267792
1372.7526748126425,1372.7526748126425,1.00093554037961,0.0011322847335863478
1372.7596192633712,1372.7596192633712,0.9974879647791651,0.0011313355644734953
1372.766563714053,1372.766563714053,0.9992494417635609,0.0011319420267916764
1372.7735081647108,1372.7735081647108,1.002448351096612,0.0011329831509552448
1372.7804526153463,1372.7804526153463,0.9996109527292448,0.0011321356875232157
1372.7873970659814,1372.7873970659814,1.0014134133316923,0.0011321254789969626
1372.794341516523,1372.794341516523,0.9995975725848936,0.0011319886641337317
1372.8012859670885,1372.8012859670885,0.9995074170424703,0.0011318644030387545
1372.8082304176307,1372.8082304176307,1.0009274297200283,0.0011323593476192276
1372.8151748681025,1372.8151748681025,0.9983331101472164,0.0011319025429284838
1372.822119318575,1372.822119318575,1.0001426064773598,0.0011323596245956685
1372.8290637690236,1372.8290637690236,0.9986297777100578,0.0011318645224622326
1372.8360082194258,1372.8360082194258,1.000761747521587,0.0011324244569553092
1372.842952669828,1372.842952669828,1.0015192505661914,0.001132561430307176
1372.8498971201373,1372.8498971201373,1.0013308126549396,0.001132725195983484
1372.8568415704462,1372.8568415704462,0.9993637924862998,0.0011320250188066557
1372.8637860207555,1372.8637860207555,0.9977467582998865,0.0011319721153738554
1372.8707304710647,1372.8707304710647,0.9997738299126301,0.001132564878455276
1372.8776749213037,1372.8776749213037,0.99976247662979,0.0011325742299995267
1372.884619371543,1372.884619371543,1.0012520989379365,0.0011325461733399443
1372.891563821713,1372.891563821713,1.000012561561616,0.0011325160968007637
1372.8985082718818,1372.8985082718818,0.9978961327304668,0.0011317970602787999
1372.905452722028,1372.905452722028,1.0013282633944636,0.0011328697195581517
1372.9123971721049,1372.9123971721049,1.0014351301415991,0.0011326839365288456
1372.9193416222038,1372.9193416222038,1.0014414950543529,0.001132910200729862
1372.9262860722338,1372.9262860722338,0.9986708115119797,0.0011322994725004264
1372.9332305222406,1372.9332305222406,1.0000791594459926,0.0011324546034549125
1372.9401749722697,1372.9401749722697,0.9988125153569722,0.001131970961530114
1372.9471194222067,1372.9471194222067,1.0008189944159256,0.0011326127868090583
1372.954063872167,1372.954063872167,0.9987533887046002,0.0011325430194421369
1372.9610083220796,1372.9610083220796,0.9997829608453968,0.0011326941154280595
1372.9679527719468,1372.9679527719468,1.000253385133489,0.001133095453922733
1372.9748972218135,1372.9748972218135,1.0002933836972074,0.0011329997995127552
1372.9818416716103,1372.9818416716103,0.9999249317166921,0.001132735860114469
1372.9887861214306,1372.9887861214306,1.000524341860813,0.0011326264961642916
1372.9957305711575,1372.9957305711575,1.0018599303479496,0.001133212378390838
1373.0026750208845,1373.0026750208845,0.9996207498660844,0.0011328055872961422
1373.0096194706116,1373.0096194706116,0.9971232673916417,0.0011320209599368165
1373.0165639203387,1373.0165639203387,1.0001254485433901,0.001132447606448457
1373.0235083699727,1373.0235083699727,1.0015227628245071,0.0011326390837337733
1373.0304528196298,1373.0304528196298,0.9992588391758963,0.0011321228433700914
1373.0373972692175,1373.0373972692175,1.0005698217831598,0.0011324685205517707
1373.0443417188048,1373.0443417188048,0.9998859752153246,0.0011323459705220814
1373.0512861683453,1373.0512861683453,0.9993050370515597,0.0011320547291678597
1373.05823061784,1373.05823061784,1.000091249443475,0.0011324021905439745
1373.0651750673574,1373.0651750673574,1.00034873973144,0.0011323632157210666
1373.0721195167814,1373.0721195167814,1.002186098238374,0.0011328500138061113
1373.0790639662296,1373.0790639662296,0.9988733989739437,0.0011316262547099857
1373.0860084156304,1373.0860084156304,1.0001821408941283,0.0011325635675944272
1373.092952865008,1373.092952865008,0.9997615160811177,0.0011320699305886316
1373.0998973143396,1373.0998973143396,0.9994018976557626,0.0011321610103943633
1373.1068417636939,1373.1068417636939,1.0013471503205182,0.0011328985035471465
1373.113786212979,1373.113786212979,0.9988275683680333,0.0011322894785125441
1373.12073066224,1373.12073066224,0.9993932698490019,0.0011323253519755386
1373.1276751114544,1373.1276751114544,1.0011453091567832,0.001132939493230329
1373.1346195606934,1373.1346195606934,0.9986721982044411,0.0011320288508250152
1373.1415640098378,1373.1415640098378,1.0015410719115392,0.0011332028575166192
1373.1485084589826,1373.1485084589826,0.9991918415887475,0.0011319566827224725
1373.1554529081282,1373.1554529081282,0.9995295223181591,0.001132100193974176
1373.1629529131583,1373.1629529131583,0.9999474736229278,0.0011317898458396494
1373.170730696107,1373.170730696107,0.9996998749205478,0.0011324489566737921
1373.1776751451357,1373.1776751451357,0.999802453572844,0.0011321727369638878
1373.185175150073,1373.185175150073,1.0011103145899702,0.0011330754400135543
1373.1937862667564,1373.1937862667564,1.0003578932858925,0.0011330536020795483
1373.2012862716233,1373.2012862716233,1.0013142678283047,0.0011329878464998258
1373.2082307205358,1373.2082307205358,1.0000293808502405,0.0011327483070572328
1373.2160085032754,1373.2160085032754,0.999955150654831,0.001132723786481372
1373.2237862859915,1373.2237862859915,0.9987274108616161,0.0011321555190571522
1373.2318418466039,1373.2318418466039,0.9992454602282542,0.0011324344061148573
1373.2387862953765,1373.2387862953765,0.9995912156460047,0.0011325973300802218
1373.2457307441487,1373.2457307441487,0.9992651119569184,0.0011325484816956393
1373.2526751928744,1373.2526751928744,1.0000606791198017,0.0011326376365152077
1373.2596196415777,1373.2596196415777,1.001840863190439,0.0011332209949373939
1373.2665640902567,1373.2665640902567,0.9995326765150148,0.0011322895873756129
1373.2743418727405,1373.2743418727405,1.000338257466556,0.0011320209205444498
1373.2829529889818,1373.2829529889818,0.999786831165394,0.0011319485053224564
1373.2901752154874,1373.2901752154874,0.9993746163219687,0.001131687737547747
1373.29711966405,1373.29711966405,0.9995729367213606,0.0011320607801127828
1373.304064112613,1373.304064112613,1.0014325916532496,0.0011322798606783068
1373.3110085610597,1373.3110085610597,1.0009471193633033,0.0011322942789852206
1373.3179530095292,1373.3179530095292,0.9993599354524514,0.0011321228052945489
1373.324897457976,1373.324897457976,1.0003672825690253,0.0011326660289237198
1373.3318419063526,1373.3318419063526,0.999084133881591,0.0011319432680642857
1373.3387863547289,1373.3387863547289,0.9990357577457438,0.001132017840046349
1373.3457308030825,1373.3457308030825,0.9990811119271192,0.0011320504579033367
1373.3526752514124,1373.3526752514124,1.0006057529120391,0.0011322779862599796
1373.359619699696,1373.359619699696,1.0007073469485555,0.001132315736720861
1373.3665641479563,1373.3665641479563,1.0008552432756757,0.001132319076493167
1373.3748974858358,1373.3748974858358,1.0005695982527842,0.0011329273951646538
1373.3818419340262,1373.3818419340262,0.998748057253535,0.0011313035161430482
1373.389897493917,1373.389897493917,0.9978286598246939,0.001131307668503756
1373.397119719957,1373.397119719957,1.0022103011846206,0.00113271942500395
1373.4040641680772,1373.4040641680772,0.9994750107774035,0.0011325007108227494
1373.4110086161747,1373.4110086161747,1.0010125746334502,0.0011326885153411315
1373.4179530642255,1373.4179530642255,0.9999821869438146,0.0011327810768410396
1373.4248975122528,1373.4248975122528,1.0008357559186631,0.0011330832093809212
1373.4318419602337,1373.4318419602337,1.0005362542256813,0.0011328185351984225
1373.4396197419724,1373.4396197419724,1.0010849344932127,0.0011330528617558805
1373.4471197457217,1373.4471197457217,0.9980607247441553,0.0011325379870427655
1373.4540641936328,1373.4540641936328,0.9982148327822294,0.0011325233106462124
1373.461564197312,1373.461564197312,0.9994980985014724,0.0011327082036153503
1373.4693419789112,1373.4693419789112,1.0003993500094195,0.0011336913734851122
1373.4762864267288,1373.4762864267288,1.0005550362779836,0.0011332791599900365
1373.4832308745238,1373.4832308745238,0.9995438560967983,0.001132584122707551
1373.4901753222716,1373.4901753222716,1.0001977956157053,0.001132874654394475
1373.4971197699965,1373.4971197699965,1.0023072125249517,0.00113305926709922
1373.5040642176978,1373.5040642176978,0.9993558662186427,0.0011328366917962164
1373.5110086653758,1373.5110086653758,0.9979324184325937,0.0011318020763104774
1373.5179531130075,1373.5179531130075,0.9999887496713799,0.0011323385198768901
1373.5248975606164,1373.5248975606164,0.9994359974686369,0.0011316924212983906
1373.5318420082008,1373.5318420082008,1.0016940363264848,0.0011324962940939868
1373.5387864557392,1373.5387864557392,1.0016690834006,0.0011328671922618164
1373.5457309032781,1373.5457309032781,0.9992415732013425,0.0011319847058413905
1373.5526753507927,1373.5526753507927,0.9991753437678718,0.0011322017909794382
1373.5610086877646,1373.5610086877646,0.9999588884417031,0.0011324430760478723
1373.567953135187,1373.567953135187,0.9987855936619056,0.0011321837503865937
1373.5748975825854,1373.5748975825854,1.0020678062483905,0.0011326030661138859
1373.5818420299843,1373.5818420299843,0.9993666546502293,0.0011323508310534189
1373.5887864773135,1373.5887864773135,0.9996352880255275,0.0011320662826411287
1373.5957309246419,1373.5957309246419,0.9987285737545519,0.0011316781330486711
1373.6026753719248,1373.6026753719248,0.9996314664626513,0.0011322001952915248
1373.6096198191838,1373.6096198191838,1.000082753422613,0.0011322224638379357
1373.6165642664423,1373.6165642664423,1.002990399630217,0.0011329400105261661
1373.6343420511785,1373.6343420511785,1.001311464286025,0.0011325207783375044
1373.6485087233593,1373.6485087233593,0.9991039106594437,0.0011319628076776648
1373.6554531704326,1373.6554531704326,1.000379269303652,0.0011320742210770337
1373.6623976174817,1373.6623976174817,1.0009370646367697,0.0011326479086114039
1373.6693420644847,1373.6693420644847,0.9985166782479095,0.001132058986788148
1373.6762865114881,1373.6762865114881,0.9985881933071321,0.0011321780092924843
1373.6832309584438,1373.6832309584438,0.9999974698435231,0.0011322258168460096
1373.690175405354,1373.690175405354,1.000568418374877,0.0011330163933811696
1373.697119852264,1373.697119852264,0.9988124290403633,0.0011324278085975987
1373.70406429915,1373.70406429915,1.0018809302932614,0.0011329592122897513
1373.7110087460137,1373.7110087460137,0.9993089038412499,0.0011323393788959895
1373.7179531928305,1373.7179531928305,1.0011498249251904,0.0011326371918935862
1373.7248976396004,1373.7248976396004,1.000088337396522,0.0011323626835834887
1373.7318420863476,1373.7318420863476,0.9975444685458019,0.0011315187820589794
1373.7387865330709,1373.7387865330709,0.9997915085899421,0.0011321315047757672
1373.7457309797942,1373.7457309797942,1.0007409874682156,0.0011321345145919115
1373.7526754264713,1373.7526754264713,0.9997709343028103,0.0011323010345434853
1373.759619873102,1373.759619873102,1.0008513509469745,0.0011320026167294462
1373.7665643197324,1373.7665643197324,1.0016634389688615,0.0011323297893834788
1373.773508766293,1373.773508766293,0.9999636781111996,0.00113176401538442
1373.780453212877,1373.780453212877,0.9984640616379391,0.0011315210953288894
1373.7873976593908,1373.7873976593908,1.0009517686859108,0.0011322129527482937
1373.7943421058817,1373.7943421058817,0.9996187654147974,0.0011322383295889955
1373.8012865523724,1373.8012865523724,0.9991699082792209,0.001131885123315992
1373.8082309988165,1373.8082309988165,1.0009097384236825,0.0011325011733106121
1373.8151754452142,1373.8151754452142,0.9993558952236347,0.001132334827301075
1373.8221198916115,1373.8221198916115,1.0009674766638725,0.0011331705944089788
1373.8290643379628,1373.8290643379628,0.9994893557170889,0.0011329793003308987
1373.8360087842907,1373.8360087842907,0.9995725826736294,0.001132732158051061
1373.8429532305945,1373.8429532305945,0.9999076854073949,0.0011327608147698078
1373.849897676876,1373.849897676876,0.9986943860564302,0.0011321192032362035
1373.8568421231107,1373.8568421231107,1.0010196800662794,0.0011325615585987083
1373.863786569345,1373.863786569345,0.9995720870773009,0.0011321966306612615
1373.870731015464,1373.870731015464,0.9999132958151268,0.0011327772274462979
1373.8776754616515,1373.8776754616515,1.0002225587679603,0.0011323910966145813
1373.88461990777,1373.88461990777,1.0001660834592516,0.0011326522383849058
1373.891564353865,1373.891564353865,1.0019179112424779,0.0011330682942192855
1373.8985087999363,1373.8985087999363,1.000158170837179,0.0011326216866976283
1373.9054532459845,1373.9054532459845,1.0001451819491343,0.0011325123154526722
1373.9123976919636,1373.9123976919636,0.9995824612240949,0.0011321473733386038
1373.9193421379648,1373.9193421379648,0.9989613946014202,0.0011325672160265917
1373.9262865839207,1373.9262865839207,0.9990137143231521,0.0011325077033307331
1373.9332310298291,1373.9332310298291,0.9992601484318575,0.0011324180297481658
1373.9401754757143,1373.9401754757143,1.0009715410021596,0.0011329377305651321
1373.9471199216002,1373.9471199216002,1.0000340368695035,0.0011327545112726394
1373.954064367415,1373.954064367415,0.9999889770870659,0.0011325762837847593
1373.9610088132308,1373.9610088132308,1.0008641756784373,0.0011329565465206415
1373.9679532590003,1373.9679532590003,1.0007243117383746,0.0011331611535825242
1373.976008816073,1373.976008816073,0.9992929243050677,0.00113219258285776
1373.984619928752,1373.984619928752,0.9990699384412622,0.0011320474367210232
1373.9915643744746,1373.9915643744746,0.9986399075075051,0.0011317891347167157
1373.998508820127,1373.998508820127,1.0009026274023671,0.001132621173729505
1374.0054532656864,1374.0054532656864,1.0013577024511853,0.0011327261974734585
1374.012397711316,1374.012397711316,1.0009550216159142,0.0011325167517443945
1374.0193421568517,1374.0193421568517,1.0001229908069975,0.0011323127803680897
1374.0262866024116,1374.0262866024116,0.9986531419885665,0.0011321834878694555
1374.0332310479012,1374.0332310479012,1.0015927895130965,0.001133117333318444
1374.0401754933905,1374.0401754933905,0.9979857997110907,0.001132168546570164
1374.0471199388335,1374.0471199388335,0.999995029103046,0.0011324804170157654
1374.0540643842535,1374.0540643842535,0.9994373295679523,0.0011321296138717774
1374.0610088296264,1374.0610088296264,1.0001069251907562,0.0011322801988636264
1374.0679532749998,1374.0679532749998,1.000633511085748,0.0011324897653230972
1374.0748977203264,1374.0748977203264,0.9985739058079037,0.0011317715690571043
1374.0818421656297,1374.0818421656297,1.0013818660678262,0.0011320995573057924
1374.0887866108865,1374.0887866108865,0.9993242868053285,0.0011315734965172987
1374.095731056143,1374.095731056143,1.001175938559308,0.0011318746855335268
1374.1026755013534,1374.1026755013534,1.0010661694013365,0.0011321120095177798
1374.1096199465405,1374.1096199465405,0.9994521770754539,0.0011316324499679664
1374.1165643916806,1374.1165643916806,0.999587768648218,0.0011320533702345354
1374.1235088368442,1374.1235088368442,0.999015708698194,0.0011313781256591959
1374.1304532819381,1374.1304532819381,1.0024436001465777,0.0011323094854074037
1374.1373977270082,1374.1373977270082,0.9987762978652917,0.0011317968887222297
1374.1443421720323,1374.1443421720323,0.998478002061397,0.0011321114700324048
1374.1512866170333,1374.1512866170333,1.0000304793854364,0.0011326487523337697
1374.1582310620104,1374.1582310620104,1.0005547026117203,0.0011326078136390332
1374.1651755069647,1374.1651755069647,0.9999225350140328,0.0011324909084043616
1374.1721199518954,1374.1721199518954,1.0007411179883654,0.0011329467326351098
1374.1790643967795,1374.1790643967795,1.000170659111301,0.001132649516381164
1374.1860088416406,1374.1860088416406,1.0006328293073545,0.0011328884106592033
1374.1929532864779,1374.1929532864779,0.9984183732814058,0.0011323204060238372
1374.1998977312692,1374.1998977312692,0.9989926330863274,0.0011323648665309916
1374.2068421760603,1374.2068421760603,1.0001939792844017,0.0011325989469993017
1374.2137866208045,1374.2137866208045,0.9998291613288185,0.0011319879942238583
1374.220731065526,1374.220731065526,1.0016932375571834,0.0011325549807773877
1374.2276755102007,1374.2276755102007,1.0001591262352982,0.001132142598528007
1374.2346199548986,1374.2346199548986,1.0008656946984282,0.0011326399631102183
1374.2415643995037,1374.2415643995037,0.9985665043265719,0.0011319143967211268
1374.248508844108,1374.248508844108,0.9993824332155951,0.0011317860539151168
1374.2554532886666,1374.2554532886666,1.0003485724312384,0.0011321359233829385
1374.2623977332482,1374.2623977332482,1.0001154760971391,0.0011320225166225404
1374.2693421777594,1374.2693421777594,1.001104058068893,0.0011320696855227682
1374.276286622248,1374.276286622248,0.9997426306350163,0.0011324524050461474
1374.2832310666902,1374.2832310666902,0.9985637838621679,0.0011316589266364334
1374.2901755111084,1374.2901755111084,1.001562593439148,0.0011324010144760596
1374.2971199555043,1374.2971199555043,1.0006169865851349,0.0011321517836284797
1374.3040643998759,1374.3040643998759,0.9987495743111285,0.0011319089777261926
1374.3110088442013,1374.3110088442013,0.9997148580161511,0.001132065174901177
1374.3179532885272,1374.3179532885272,1.0000840730513296,0.0011323654457650284
1374.3248977327823,1374.3248977327823,0.9986354749248765,0.0011321287706604589
1374.331842177038,1374.331842177038,1.00152929139946,0.0011329645191943676
1374.3387866212704,1374.3387866212704,1.000933112628557,0.0011330472576554966
1374.345731065456,1374.345731065456,1.000157004966062,0.0011325330770389525
1374.3526755096186,1374.3526755096186,1.000395194255891,0.0011328842191480775
1374.3596199537344,1374.3596199537344,0.9993576926052997,0.0011323292782858165
1374.3665643978504,1374.3665643978504,0.9999694173089868,0.0011323398938071865
1374.3735088419198,1374.3735088419198,0.9993017661095515,0.0011324300611312143
1374.3804532859656,1374.3804532859656,0.9983268474345225,0.0011324731973854447
1374.3873977299886,1374.3873977299886,0.9995450547764996,0.0011321391661262077
1374.3943421739648,1374.3943421739648,1.0006587938743459,0.001132723184591762
1374.4012866179178,1374.4012866179178,1.0011175492183344,0.0011324493192452498
1374.4082310618242,1374.4082310618242,1.0017398678143057,0.0011322915373440752
1374.4151755057303,1374.4151755057303,0.9991833063639483,0.0011319307961831278
1374.4221199496367,1374.4221199496367,0.9986045162152608,0.001131520769925292
1374.4290643934269,1374.4290643934269,1.0002812132805836,0.0011314264273366316
1374.4360088372628,1374.4360088372628,1.0007485636566003,0.001131733361447852
1374.442953281053,1374.442953281053,1.0002251051842088,0.0011313666175333192
1374.4498977247729,1374.4498977247729,0.9995226061374607,0.001131547713386275
1374.456842168516,1374.456842168516,0.9987643339513415,0.0011312784433879248
1374.46378661219,1374.46378661219,1.0004427650742733,0.0011315534704738528
1374.47073105584,1374.47073105584,1.0015861184233186,0.0011320456736653168
1374.4776754995132,1374.4776754995132,1.0005146711652289,0.0011324195855138197
1374.484619943071,1374.484619943071,0.9988630396204805,0.0011321064884440765
1374.491564386674,1374.491564386674,1.0007257341212141,0.001132385378627232
1374.4985088302083,1374.4985088302083,1.0010910096304895,0.0011330633432508333
1374.505453273719,1374.505453273719,0.9995072652768139,0.001132093018320396
1374.5123977172059,1374.5123977172059,1.0006573665292977,0.0011328794352937143
1374.5193421606705,1374.5193421606705,1.0001462190592147,0.0011319804839744713
1374.5262866040873,1374.5262866040873,0.9978059355111283,0.001131860312708605
1374.5332310474814,1374.5332310474814,1.0003663937130711,0.0011326935766384255
1374.5401754908062,1374.5401754908062,1.000146575905509,0.0011324662418840347
1374.54711993413,1374.54711993413,1.0009555141518391,0.0011323596690512054
1374.5540643774543,1374.5540643774543,1.000369214050623,0.0011324526799913728
1374.5610088207789,1374.5610088207789,0.9997431080024922,0.0011321100263536942
1374.5679532640097,1374.5679532640097,1.00076826089267,0.0011324479579093794
1374.574897707241,1374.574897707241,0.999266441939463,0.001131813803944575
1374.5818421504255,1374.5818421504255,1.0007382726222,0.0011322200135895652
1374.5887865935633,1374.5887865935633,0.9995477483692966,0.0011323146189791136
1374.5957310367016,1374.5957310367016,1.000540363230372,0.0011322703420709713
1374.602675479816,1374.602675479816,0.9990762329539147,0.0011320148135350412
1374.609619922861,1374.609619922861,0.9998426512197899,0.0011322397141834456
1374.6165643659292,1374.6165643659292,1.0003316814353145,0.0011328060888759876
1374.6235088089275,1374.6235088089275,1.0005394286623022,0.0011324919779162248
1374.630453251903,1374.630453251903,0.9991286869640017,0.0011324729140126742
1374.637397694854,1374.637397694854,0.9986614127915938,0.0011319528567710513
1374.644342137783,1374.644342137783,1.0004528722799084,0.0011325004367863784
1374.6512865806883,1374.6512865806883,1.000300674562752,0.001132138317212639
1374.6582310235463,1374.6582310235463,1.001025480468908,0.001132245734550669
1374.6651754663585,1374.6651754663585,0.9996408700622148,0.0011321025908477007
1374.672119909194,1374.672119909194,0.9993213170761944,0.001131580530728298
1374.6790643519362,1374.6790643519362,1.0011885299091834,0.0011319975389417094
1374.6860087946786,1374.6860087946786,0.9993354155418392,0.0011318418561986955
1374.6929532374204,1374.6929532374204,1.0004686201075588,0.001131542997375511
1374.6998976800696,1374.6998976800696,0.9992069785283384,0.001131491504290353
1374.7068421227423,1374.7068421227423,1.000371321929546,0.001132261106107496
1374.7137865653679,1374.7137865653679,1.0006182985658787,0.0011322473209543697
1374.7207310079705,1374.7207310079705,0.9997041759653866,0.0011323673431674242
1374.727675450503,1374.727675450503,1.001095138690212,0.001132707620078698
1374.7346198930588,1374.7346198930588,0.9993326568617533,0.0011322825010347654
1374.7415643355685,1374.7415643355685,1.0008221499344536,0.0011329308396162226
1374.7485087780544,1374.7485087780544,0.9985719078839186,0.0011324738474978444
1374.755453220494,1374.755453220494,0.9995084580913762,0.001132584760398628
1374.7623976629104,1374.7623976629104,0.9998782642866633,0.0011328043614334245
1374.7693421053032,1374.7693421053032,0.9977650849254477,0.0011321132684930881
1374.7762865476498,1374.7762865476498,1.0013478951381998,0.0011325994916749802
1374.7832309899727,1374.7832309899727,1.0000190733506584,0.0011321516816841328
1374.7901754322725,1374.7901754322725,1.0013000379976713,0.0011320410160640753
1374.7971198745258,1374.7971198745258,0.9997600306607003,0.0011322008286817416
1374.8040643167556,1374.8040643167556,1.0007328234853554,0.0011326335738945123
1374.811008758986,1374.811008758986,1.0000732878891343,0.0011325654584228488
1374.8179532011923,1374.8179532011923,0.999020524623466,0.0011326935252859566
1374.8248976433292,1374.8248976433292,1.001274646237891,0.0011336744974828196
1374.8318420853961,1374.8318420853961,1.0010992761001956,0.0011343161980089081
1374.8387865275095,1374.8387865275095,1.0033704146321927,0.0011352414793390007
1374.8457309695768,1374.8457309695768,1.0013635328573063,0.0011355623566681595
1374.852675411597,1374.852675411597,0.9997321467044665,0.0011353922218074112
1374.859619853594,1374.859619853594,0.9926840711190639,0.0011341563885879928
1374.8665642955682,1374.8665642955682,0.9926189796229468,0.0011348066240837516
1374.8735087374955,1374.8735087374955,0.9913000127970915,0.0011354316446476353
1374.8804531793994,1374.8804531793994,0.992407081358461,0.0011363604939734837
1374.8873976213035,1374.8873976213035,0.9932158632223311,0.0011372898452927129
1374.8951753961505,1374.8951753961505,0.9946625704154816,0.0011385422742556251
1374.9026753933108,1374.9026753933108,0.997653207156753,0.0011403162492670186
1374.9096198350983,1374.9096198350983,0.998074798454191,0.001140623503214685
1374.9165642768394,1374.9165642768394,0.9960534603067602,0.0011401224237200728
1374.9235087185807,1374.9235087185807,0.9974658679043854,0.0011412251365799774
1374.9304531602515,1374.9304531602515,0.9973502230603574,0.0011414747274651866
1374.9373976019228,1374.9373976019228,0.9967441338605063,0.001140184577319887
1374.9443420435475,1374.9443420435475,0.9945105751314591,0.0011367574773479665
1374.9512864851954,1374.9512864851954,0.9938795561264173,0.0011327305069724267
1374.958230926774,1374.958230926774,0.9966100197221621,0.001133184187047604
1374.965175368235,1374.965175368235,1.000890656949054,0.0011339217392186463
1374.9735086980822,1374.9735086980822,1.00117102431892,0.0011336671043470391
1374.9804531395673,1374.9804531395673,1.002135316170158,0.0011334387609085476
1374.9873975810053,1374.9873975810053,1.0013576102937773,0.001133157316482706
1374.9943420224206,1374.9943420224206,1.003231280630931,0.0011333294540996168
1375.0012864638127,1375.0012864638127,1.0000147799759693,0.001132075159696335
1375.0082309051575,1375.0082309051575,0.9984796753814376,0.001131260939946484
1375.0151753464797,1375.0151753464797,1.001973012885656,0.001132073273479885
1375.0221197878013,1375.0221197878013,0.9978296924202947,0.0011309281304662424
1375.0290642290306,1375.0290642290306,0.9999320304431741,0.0011321220624676872
1375.0360086702826,1375.0360086702826,0.999270570244736,0.001131985716353195
1375.042953111511,1375.042953111511,0.9991789223564842,0.0011324420823164891
1375.049897552647,1375.049897552647,0.9988590235701977,0.0011320561884841768
1375.0568419938056,1375.0568419938056,1.0013925132091444,0.0011324383187779757
1375.063786434918,1375.063786434918,1.0002221268267708,0.0011320132353707126
1375.070730876031,1375.070730876031,1.0009020031152973,0.0011322765141797684
1375.0776753170262,1375.0776753170262,1.0002320662634407,0.0011317069753967574
1375.0846197581159,1375.0846197581159,0.9996065471025405,0.0011317406627788496
1375.0915641990885,1375.0915641990885,0.9990234399748811,0.0011317253870533168
1375.0985086400142,1375.0985086400142,1.0003212840845026,0.0011312969535097726
1375.1054530809874,1375.1054530809874,0.9996337670930547,0.0011311327840336839
1375.1123975218898,1375.1123975218898,0.999653853987003,0.001131113163773659
1375.1193419627464,1375.1193419627464,1.000236466615223,0.0011311178640521602
1375.126286403603,1375.126286403603,0.997509366470943,0.001130827057222731
1375.1332308444123,1375.1332308444123,0.9992795140668086,0.0011310461441610827
1375.140175285176,1375.140175285176,1.0015958142301529,0.0011322505255813122
1375.1471197259386,1375.1471197259386,1.0012891823289447,0.0011319012833026136
1375.1540641666784,1375.1540641666784,1.0000600141732288,0.0011318899544301051
1375.161008607349,1375.161008607349,1.0001210222259342,0.0011317017304353894
1375.1679530480185,1375.1679530480185,1.0003391498155065,0.0011320850168307626
1375.1748974886423,1375.1748974886423,0.9978217231555984,0.0011315862382402983
1375.1818419292424,1375.1818419292424,0.9988802322029116,0.0011319049587527152
1375.1887863697962,1375.1887863697962,0.9981938388792961,0.0011317451812419825
1375.1957308103497,1375.1957308103497,1.0000953378371977,0.001132154109178778
1375.2026752508796,1375.2026752508796,1.0010011673727135,0.0011319979867753156
1375.2096196913403,1375.2096196913403,1.0014939827781855,0.0011320730504324262
1375.2165641318238,1375.2165641318238,1.0005266028411124,0.001131728077725384
1375.2235085722382,1375.2235085722382,0.9989247219326559,0.0011316732510877176
1375.2304530126057,1375.2304530126057,1.0011519595425962,0.0011316486280677396
1375.2373974529494,1375.2373974529494,0.9993340794262252,0.001131010415479062
1375.2443418932703,1375.2443418932703,0.9995642628618928,0.0011309862315677594
1375.251286333591,1375.251286333591,1.000393292967877,0.0011314226038390903
1375.2582307738417,1375.2582307738417,1.0010768448995349,0.0011317225550057574
1375.265175214093,1375.265175214093,1.000607578527752,0.0011312825930179572
1375.2721196542739,1375.2721196542739,0.9992008239040325,0.0011309785693143569
1375.2790640944784,1375.2790640944784,0.9985292638816974,0.0011309274824984155
1375.2860085345897,1375.2860085345897,1.0008418069920915,0.0011314495772844313
1375.292952974724,1375.292952974724,1.0009862130520395,0.0011318135921110392
1375.2998974148122,1375.2998974148122,0.9973419429290363,0.0011308319624754803
1375.306841854877,1375.306841854877,0.9989121626815572,0.0011314326549426022
1375.313786294895,1375.313786294895,1.0017462188309896,0.0011320135594089426
1375.3207307348662,1375.3207307348662,1.000614431624304,0.0011316646543583129
1375.3276751748379,1375.3276751748379,1.001550622389178,0.0011321961380445088
1375.3346196147863,1375.3346196147863,1.000963663828274,0.0011323917934935568
1375.3415640546646,1375.3415640546646,0.9999535825740533,0.001131776047968859
1375.3485084945664,1375.3485084945664,0.9992762344105286,0.0011319591550780835
1375.3554529343983,1375.3554529343983,1.0002897198192557,0.0011319964733507459
1375.362397374207,1375.362397374207,0.9990367799245086,0.001131784293004527
1375.3693418139455,1375.3693418139455,0.9981701789999573,0.0011317375834704623
1375.3762862537073,1375.3762862537073,0.9989116993492161,0.0011321526100620109
1375.383230693423,1375.383230693423,1.0000089890698358,0.0011326781489096743
1375.3901751331382,1375.3901751331382,1.001951911811311,0.0011328139515114507
1375.3971195727604,1375.3971195727604,1.0006780445947103,0.0011322641669276915
1375.4040640124063,1375.4040640124063,1.0018093672985127,0.0011328731451297038
1375.4110084519814,1375.4110084519814,1.000166762595928,0.0011326349114697877
1375.417952891581,1375.417952891581,0.9988280663330169,0.0011320155769787201
1375.42489733111,1375.42489733111,1.0017864786880106,0.0011320598703099761
1375.4318417705922,1375.4318417705922,0.9994709548456002,0.0011316105904701245
1375.4387862100755,1375.4387862100755,0.9988548179073085,0.0011312341645727836
1375.445730649511,1375.445730649511,0.9998008762573576,0.0011319126995306262
1375.452675088924,1375.452675088924,0.998424527624449,0.0011310014239468906
1375.4596195283136,1375.4596195283136,1.0009660564938518,0.0011318809074015866
1375.4665639676327,1375.4665639676327,1.0012633976356566,0.0011319948232248042
1375.4735084069996,1375.4735084069996,0.9982393053485599,0.0011308251621912316
1375.480452846249,1375.480452846249,1.0002695534833232,0.001131086823148803
1375.487397285499,1375.487397285499,0.9998661105476911,0.0011310519496555399
1375.494341724749,1375.494341724749,0.9991261800544805,0.001131133135644465
1375.5012861639518,1375.5012861639518,0.9998579652110383,0.0011308825318411117
1375.5082306031086,1375.5082306031086,1.0000359260213654,0.0011311310004187916
1375.5151750422415,1375.5151750422415,1.0011139263321815,0.0011313813979822586
1375.522119481352,1375.522119481352,1.0009085331732734,0.0011315928408754156
1375.5290639204154,1375.5290639204154,1.0000674855963632,0.001131639638039556
1375.5360083594555,1375.5360083594555,1.0000386970304467,0.0011319143354330998
1375.5429527984727,1375.5429527984727,0.9994699482003682,0.0011315287072056275
1375.5498972374428,1375.5498972374428,0.998247646671436,0.0011313040735956008
1375.5568416763901,1375.5568416763901,1.000059141676611,0.0011319083127945967
1375.5648972255472,1375.5648972255472,0.9997305921379187,0.001131855426463459
1375.572119441971,1375.572119441971,1.0002378385976738,0.001132158053613563
1375.5790638808485,1375.5790638808485,0.9995243525615681,0.0011317610623178364
1375.5860083196555,1375.5860083196555,0.9996881378772974,0.0011321288976552566
1375.5929527584399,1375.5929527584399,1.002789129596572,0.001132521423130679
1375.5998971972008,1375.5998971972008,0.998842955086592,0.0011316575010398035
1375.6068416359383,1375.6068416359383,1.0005791818025114,0.0011318177229986126
1375.6137860746062,1375.6137860746062,1.000372608927593,0.0011318042287728762
1375.6218416234603,1375.6218416234603,0.9995493415753194,0.0011316960539767644
1375.6290638396747,1375.6290638396747,0.9991965393835427,0.0011315830018054597
1375.6360082782498,1375.6360082782498,1.0006955353691327,0.0011321139378923976
1375.6429527168236,1375.6429527168236,0.9986714246622606,0.0011316866465404096
1375.651286043039,1375.651286043039,1.0010861799946993,0.0011322861058470821
1375.658230481567,1375.658230481567,0.9995813208689247,0.0011321908927341786
1375.665174920025,1375.665174920025,0.9999741088116132,0.0011323698724096372
1375.6721193584603,1375.6721193584603,1.000934343068333,0.0011319277971222025
1375.6790637968948,1375.6790637968948,0.9993886529479064,0.001131928552821083
1375.6860082352598,1375.6860082352598,1.0003761137422567,0.0011320738910110303
1375.6929526735787,1375.6929526735787,0.9994379441333413,0.0011319729844625943
1375.6998971118967,1375.6998971118967,0.9992546832885569,0.00113141216930076
1375.7068415501924,1375.7068415501924,1.0001405630587512,0.0011318181958453449
1375.7137859884406,1375.7137859884406,0.9994158174883327,0.0011313370733486428
1375.7207304266663,1375.7207304266663,1.0017475410347207,0.0011319545532903603
1375.727674864845,1375.727674864845,0.9987863789748858,0.0011312976623754553
1375.7346193030003,1375.7346193030003,1.0010329039779282,0.0011317579574935358
1375.741563741086,1375.741563741086,1.0001582815147996,0.0011317009459576146
1375.7485081791713,1375.7485081791713,0.9999639898473728,0.0011316360234428524
1375.7554526172573,1375.7554526172573,0.9993274842984603,0.001131193972046831
1375.7623970553427,1375.7623970553427,1.000279184024226,0.001131209030209336
1375.7693414933121,1375.7693414933121,0.999645403270254,0.0011312614796452742
1375.7762859313045,1375.7762859313045,0.9996828134679621,0.0011319843736680914
1375.7832303692269,1375.7832303692269,1.0007769166350797,0.0011318415601964788
1375.7907303621735,1375.7907303621735,1.0008973926038405,0.0011319677942039428
1375.7985081325962,1375.7985081325962,0.9985103095669092,0.0011313661209301576
1375.805452570426,1375.805452570426,1.0009573300332193,0.0011319468004576815
1375.8123970082554,1375.8123970082554,1.0008456396380574,0.0011321790455709516
1375.8193414460147,1375.8193414460147,0.9992717300134333,0.0011319815581179026
1375.8265636612518,1375.8265636612518,1.000403566054792,0.0011323754929355302
1375.8346192090353,1375.8346192090353,0.9990061011431208,0.0011320101838462261
1375.8415636466782,1375.8415636466782,0.9997048322748394,0.0011319922606334225
1375.8485080843452,1375.8485080843452,0.9993464935552694,0.001131775710988695
1375.8554525219647,1375.8554525219647,0.9999802226195772,0.0011318157178891628
1375.862396959538,1375.862396959538,0.9988553333296528,0.0011317311465438471
1375.8715636170896,1375.8715636170896,1.0007812459985197,0.0011322200825762405
1375.879063609593,1375.879063609593,1.0021893853212889,0.0011327406365762651
1375.8860080470968,1375.8860080470968,0.9996132889909793,0.001132047935219213
1375.8929524845305,1375.8929524845305,1.000427436058313,0.0011319566608519963
1375.8998969219406,1375.8998969219406,1.00157886125578,0.0011322837618614454
1375.9068413593284,1375.9068413593284,0.9981391703881123,0.0011314531943951735
1375.9137857966916,1375.9137857966916,0.999128864037018,0.0011321318780443492
1375.9207302339862,1375.9207302339862,1.000968471121558,0.0011325142418939572
1375.9276746713035,1375.9276746713035,0.9990170284231619,0.0011323129942473345
1375.9348968860277,1375.9348968860277,0.999724471251595,0.0011322497107700362
1375.9429524332058,1375.9429524332058,1.0002396241840303,0.001132772022914542
1375.9498968704065,1375.9498968704065,0.9996967350341517,0.0011327317446529347
1375.9568413075613,1375.9568413075613,0.9998688687368293,0.0011318305809620462
1375.9637857446921,1375.9637857446921,0.9979548483646035,0.0011316632746516853
1375.9707301817766,1375.9707301817766,1.002508695863663,0.0011328907872274006
1375.9790635062457,1375.9790635062457,1.0019755263130163,0.0011325846662186775
1375.9868412757137,1375.9868412757137,1.000433741077217,0.001131991457574388
1375.9943412676819,1375.9943412676819,0.9987097389021088,0.0011318290779586632
1376.001563482127,1376.001563482127,0.9988952092910782,0.0011316366927097443
1376.0096190289555,1376.0096190289555,1.0006178594563022,0.0011320559602679818
1376.0165634658074,1376.0165634658074,0.9978131366082714,0.0011319596386467384
1376.0248967900438,1376.0248967900438,1.001078440276785,0.0011322353591855482
1376.0318412268482,1376.0318412268482,1.0016315443534423,0.0011329600388351854
1376.0387856636305,1376.0387856636305,0.9997725105883,0.0011319545788727999
1376.045730100412,1376.045730100412,0.9997248797366854,0.0011324385841313235
1376.052674537124,1376.052674537124,1.0013217693250454,0.0011329323818326414
1376.060730083674,1376.060730083674,0.9994344972162675,0.001132272214795254
1376.0685078527226,1376.0685078527226,0.9998020994793159,0.0011325323188791576
1376.0765633992028,1376.0765633992028,0.9994788045276021,0.0011323331000565758
1376.084618945636,1376.084618945636,1.00090356182102,0.0011326875366328474
1376.0915633821844,1376.0915633821844,1.000005496449345,0.001132293207657517
1376.098507818687,1376.098507818687,0.9991204167770361,0.0011315970300069607
1376.105452255166,1376.105452255166,1.0006264587252314,0.001131517874936086
1376.1126744690755,1376.1126744690755,1.0000102715668244,0.0011314646524892963
1376.1243411221956,1376.1243411221956,0.998026114690075,0.001131074154078511
1376.1457299861213,1376.1457299861213,0.9995874496144473,0.0011329562222774181
1376.1526744224138,1376.1526744224138,0.9998404204802954,0.0011326279761732648
1376.1596188586368,1376.1596188586368,0.9999280543102724,0.0011328712661880752
1376.1665632948368,1376.1665632948368,1.0003030991209318,0.0011325733177331193
1376.1735077310366,1376.1735077310366,1.0000494797254889,0.0011325354614009002
1376.1804521671431,1376.1804521671431,1.0007272172086512,0.0011328994826730662
1376.1873966032495,1376.1873966032495,1.0001345672999187,0.0011321294676698956
1376.1943410393328,1376.1943410393328,0.9985694612189903,0.0011318773083270465
1376.2018410302767,1376.2018410302767,0.9998663841020605,0.0011320250443348427
1376.209618798581,1376.209618798581,1.0011551401916958,0.0011324779830406886
1376.2165632345482,1376.2165632345482,1.0005694738635287,0.001132268231214179
1376.223507670491,1376.223507670491,0.9997997268501908,0.0011323267837970766
1376.2304521063886,1376.2304521063886,0.9995122116690665,0.0011322568518344434
1376.2373965422853,1376.2373965422853,0.9991887040982957,0.0011322974286659643
1376.2443409781358,1376.2443409781358,1.0010768153651088,0.0011327951184601595
1376.2512854139165,1376.2512854139165,1.000419532233736,0.0011324572174534646
1376.2582298496736,1376.2582298496736,0.9989496450717027,0.0011325190549264417
1376.2651742854316,1376.2651742854316,1.0001416306435043,0.0011325741343678566
1376.2721187211882,1376.2721187211882,1.001037243124792,0.001132667486417873
1376.2790631568762,1376.2790631568762,0.9982847390441025,0.001131975524502157
1376.2860075925405,1376.2860075925405,1.0004444493330567,0.0011322801636440244
1376.2929520281575,1376.2929520281575,0.9978735161645188,0.001131665631819792
1376.2998964637527,1376.2998964637527,1.0014113276111014,0.0011321322412223386
1376.3068408993,1376.3068408993,1.0005308146467067,0.001132440922796013
1376.3137853348248,1376.3137853348248,1.0000211435156685,0.001132181039364309
1376.3207297703025,1376.3207297703025,1.0013672640172209,0.001132167152491318
1376.3276742057571,1376.3276742057571,1.000209260253671,0.0011320631478800686
1376.3346186412118,1376.3346186412118,0.9997461934168683,0.0011319046606683577
1376.3415630765965,1376.3415630765965,0.9992642863936961,0.0011318474954525673
1376.3485075119584,1376.3485075119584,0.9995148070243589,0.001131888417154166
1376.3554519472962,1376.3554519472962,0.9988809249284909,0.0011321663405089214
1376.362396382588,1376.362396382588,1.0009280489915244,0.0011323242199331228
1376.369340817856,1376.369340817856,0.9999293928124591,0.0011321664069377255
1376.376285253125,1376.376285253125,1.0006485398178158,0.0011322358315506798
1376.3832296883002,1376.3832296883002,1.0003239475545476,0.0011325225399797512
1376.3901741234754,1376.3901741234754,0.9987735098150807,0.0011320783545272141
1376.397118558651,1376.397118558651,1.000708942877989,0.0011321506448290146
1376.4040629937094,1376.4040629937094,0.9988851140109883,0.0011316100031715849
1376.411007428792,1376.411007428792,1.0001520187382575,0.0011320770917505408
1376.4179518638507,1376.4179518638507,1.002814643703459,0.0011328237224937864
1376.4248962988395,1376.4248962988395,1.0001515307394881,0.0011322464371957724
1376.431840733829,1376.431840733829,0.9987447990060152,0.001131947737819135
1376.4387851687711,1376.4387851687711,1.0001089826102627,0.0011323671520181403
1376.4457296036903,1376.4457296036903,0.9994143158311664,0.0011321328781154938
1376.4526740385625,1376.4526740385625,1.0011155060176622,0.0011325093655364014
1376.4596184734123,1376.4596184734123,0.9980750782358907,0.0011316172703377445
1376.4665629082378,1376.4665629082378,0.99849414168804,0.0011322698477345574
1376.4735073430177,1376.4735073430177,1.0016092025593004,0.0011326513378761276
1376.4804517777734,1376.4804517777734,1.0003975315028546,0.0011321465901179598
1376.4873962124832,1376.4873962124832,0.9991444131882978,0.0011318106441991485
1376.4943406471464,1376.4943406471464,1.0003881237888368,0.0011321997683690671
1376.5012850818555,1376.5012850818555,1.0009994166622977,0.0011316831488805106
1376.5082295164493,1376.5082295164493,0.9994087115461031,0.0011309847540519678
1376.5151739510422,1376.5151739510422,1.0004869864412744,0.0011314203973871173
1376.5221183856124,1376.5221183856124,1.000245213194016,0.0011312790780839406
1376.5290628201126,1376.5290628201126,0.9997987146490053,0.0011315382206384366
1376.5360072546123,1376.5360072546123,0.9991384051942622,0.0011314318243840016
1376.5429516890895,1376.5429516890895,1.0003187476420399,0.001131503930781156
1376.549896123496,1376.549896123496,1.0000725463821485,0.0011313789418699628
1376.5568405579031,1376.5568405579031,1.001114646844728,0.0011320234072228351
1376.56378499224,1376.56378499224,1.0006592983690847,0.0011317583927072843
1376.5707294266006,1376.5707294266006,0.9986562855421262,0.0011319620265181514
1376.577673860891,1376.577673860891,0.9985955422634823,0.0011316526327093768
1376.5846182951348,1376.5846182951348,1.002331958870867,0.001132584264400408
1376.591562729379,1376.591562729379,0.99950503850413,0.0011319014536533064
1376.5985071635528,1376.5985071635528,0.9985595633976729,0.0011318721574083653
1376.6054515977503,1376.6054515977503,1.0007444499013132,0.0011322952428945766
1376.6123960318544,1376.6123960318544,0.9996152618544162,0.0011320874123158277
1376.619340465982,1376.619340465982,1.0007553388409418,0.001132059274531159
1376.6262849000166,1376.6262849000166,0.9985053985660717,0.0011316668252944846
1376.6332293341206,1376.6332293341206,1.000346546220709,0.0011318698311725993
1376.6401737680858,1376.6401737680858,1.0007114331060865,0.0011314583955734285
1376.6471182020264,1376.6471182020264,0.9990637754616503,0.0011316893295418226
1376.6540626359915,1376.6540626359915,1.001160498825795,0.0011319710260817024
1376.661007069886,1376.661007069886,0.9991131330700084,0.0011305826617628587
1376.6679515037572,1376.6679515037572,1.0009259600117306,0.0011317948105738962
1376.6748959376057,1376.6748959376057,1.0008820680036434,0.0011316817870421284
1376.6818403714071,1376.6818403714071,0.9982158118064394,0.0011309727696007658
1376.6887848051856,1376.6887848051856,1.0007588546968995,0.0011313197653944115
1376.6957292389166,1376.6957292389166,1.0000763675790836,0.0011316104884766987
1376.7026736726257,1376.7026736726257,0.9991664529789711,0.0011311325906072844
1376.709618106287,1376.709618106287,1.0004858581778635,0.0011312775012903343
1376.7165625399261,1376.7165625399261,1.0019920975882934,0.0011323333112358293
1376.7235069735411,1376.7235069735411,0.9993102718581545,0.00113190449771169
1376.7304514071097,1376.7304514071097,0.9984182972795701,0.0011317955180782842
1376.737395840679,1376.737395840679,1.0005611007110462,0.0011323646697619831
1376.7443402741776,1376.7443402741776,0.9993108175093459,0.0011318342337872747
1376.7512847076537,1376.7512847076537,1.0011334589435372,0.0011323810341106882
1376.7582291410822,1376.7582291410822,0.9991797143294434,0.0011323393609308546
1376.7651735745117,1376.7651735745117,0.9994102000359735,0.001132341584807758
1376.772118007894,1376.772118007894,1.0016069013787674,0.0011326031362194878
1376.7790624412298,1376.7790624412298,0.9995021326711641,0.001132349319484138
1376.7860068745426,1376.7860068745426,0.9990934965153778,0.0011323555278835852
1376.7929513078086,1376.7929513078086,1.000653323668266,0.0011324300008213775
1376.799895741075,1376.799895741075,0.9989585606868232,0.0011316915718000702
1376.8068401742705,1376.8068401742705,1.0010110792854743,0.0011320835887175219
1376.8137846074437,1376.8137846074437,0.9995477731365543,0.0011324535175127515
1376.82072904057,1376.82072904057,1.0003092947003747,0.0011322730838632992
1376.8276734737196,1376.8276734737196,0.9992518882877495,0.0011319279362172782
1376.8346179067762,1376.8346179067762,1.0015902608855551,0.0011323586117008757
1376.8415623398328,1376.8415623398328,1.000720173097217,0.0011323633658312298
1376.848506772843,1376.848506772843,1.000676898014286,0.0011322733381193624
1376.8554512058295,1376.8554512058295,0.998549429769614,0.0011313136306325892
1376.8623956387933,1376.8623956387933,0.9997018920243412,0.0011316593933288692
1376.869340071686,1376.869340071686,0.9973899068689926,0.0011315263480128662
1376.8762845046035,1376.8762845046035,1.0009745698455548,0.001132400557407037
1376.8832289374504,1376.8832289374504,1.0003558337472267,0.0011321888920133515
1376.8901733702273,1376.8901733702273,1.0012790692976359,0.0011321356752315465
1376.897117803028,1376.897117803028,1.0020038408835226,0.0011326032945815467
1376.9040622357584,1376.9040622357584,0.9980764311635987,0.001131396211628171
1376.911006668466,1376.911006668466,0.9990103895350984,0.0011314368588259017
1376.9179511011494,1376.9179511011494,0.9997325879313828,0.0011317717381240974
1376.9248955337873,1376.9248955337873,1.0005690620442673,0.0011320528464392274
1376.9318399664241,1376.9318399664241,1.000360479314467,0.0011317904875497475
1376.938784398969,1376.938784398969,1.000697604158844,0.001132134259538948
1376.9457288315364,1376.9457288315364,0.9998386928134794,0.0011318579265203633
1376.9526732640572,1376.9526732640572,0.9998245541305154,0.0011315846366012582
1376.9596176965554,1376.9596176965554,0.9989854663477926,0.0011316637507653468
1376.9665621289828,1376.9665621289828,0.9997747969026103,0.001131294946951262
1376.973506561388,1376.973506561388,0.9981650841028049,0.001131099503359576
1376.980450993792,1376.980450993792,1.0028798783721473,0.001132100430790248
1376.987395426104,1376.987395426104,0.9995920132170509,0.0011311640839196282
1376.994339858462,1376.994339858462,1.0003650387411491,0.0011314214710898812
1377.0012842907267,1377.0012842907267,0.9990856894301491,0.0011313782711070673
1377.0082287229918,1377.0082287229918,1.0005576477461782,0.0011315095066308063
1377.01517315514,1377.01517315514,0.9998135409910806,0.001131352725127804
1377.0221175873587,1377.0221175873587,1.00288542429082,0.001132137255560999
1377.0290620194833,1377.0290620194833,0.9986572548721157,0.0011316221001927155
1377.0360064516087,1377.0360064516087,0.9993055671011396,0.0011317162471963557
1377.0429508836871,1377.0429508836871,1.000184187865806,0.0011317395094527568
1377.0498953157196,1377.0498953157196,0.9987292955889048,0.0011317576134908184
1377.0576730795767,1377.0576730795767,1.0005379785936532,0.0011321242847885968
1377.0651730660734,1377.0651730660734,0.9990705254729567,0.0011319534833887721
1377.072117498036,1377.072117498036,1.0003656802846077,0.001132013122986829
1377.079061929928,1377.079061929928,0.9987692417295871,0.0011316977889684382
1377.086006361798,1377.086006361798,1.0011567389801104,0.001132196415912925
1377.092950793643,1377.092950793643,1.000628818399239,0.0011322834695605987
1377.0998952254427,1377.0998952254427,0.9997800964561037,0.0011321548701731968
1377.1068396571952,1377.1068396571952,1.0009154925504347,0.0011321996864503696
1377.1137840889478,1377.1137840889478,0.9993970321157191,0.0011319284337503767
1377.1207285206776,1377.1207285206776,1.001056169694538,0.001132278391830996
1377.1276729523136,1377.1276729523136,0.9989119561284661,0.001131702483163113
1377.1346173839268,1377.1346173839268,1.000800521187716,0.0011317777262720937
1377.1415618155393,1377.1415618155393,1.0002738588507032,0.0011320110235347191
1377.148506247106,1377.148506247106,0.9979933726039221,0.0011313859864443372
1377.1554506786256,1377.1554506786256,0.998425759676757,0.0011313927496048805
1377.1623951101224,1377.1623951101224,1.0013120505360715,0.0011323162884941261
1377.169617318816,1377.169617318816,1.0014383675541296,0.0011322079723749452
1377.177672859289,1377.177672859289,1.0001132069548968,0.0011317177059080338
1377.1846172906694,1377.1846172906694,0.999529331933276,0.0011317229711973807
1377.1915617220257,1377.1915617220257,1.0010338910477476,0.0011315518488701829
1377.1993394851152,1377.1993394851152,0.9994131867242185,0.0011314785533546145
1377.2079505798895,1377.2079505798895,0.9997958344863083,0.0011311839501109756
1377.215172788374,1377.215172788374,0.9997378837122761,0.0011309231296378094
1377.2221172195682,1377.2221172195682,1.0005009346191298,0.0011313635694404462
1377.2290616507382,1377.2290616507382,0.9990514228881343,0.0011310680762062404
1377.2360060818394,1377.2360060818394,0.9997224594219514,0.0011316900433964543
1377.2429505129398,1377.2429505129398,1.0005736606212334,0.0011318417216617852
1377.249894944041,1377.249894944041,1.0006668741887392,0.0011318421847910645
1377.2568393750716,1377.2568393750716,1.0008726017271397,0.0011319140764467245
1377.263783806056,1377.263783806056,1.0002989850227135,0.0011318757887150593
1377.2707282370404,1377.2707282370404,1.0000935850565025,0.0011322129810411407
1377.277672667932,1377.277672667932,0.9992109691490846,0.001131822423648865
1377.2846170988462,1377.2846170988462,0.9970583901519658,0.001130498933398837
1377.2915615297138,1377.2915615297138,0.9992264136204468,0.0011312499487072813
1377.2985059605592,1377.2985059605592,0.9998827841838818,0.001131113041934613
1377.30545039131,1377.30545039131,0.9996619035722553,0.0011312256567802402
1377.3123948220855,1377.3123948220855,1.00049932202542,0.0011319644494215528
1377.3193392527896,1377.3193392527896,0.9999541448590554,0.0011321875297383406
1377.3262836834951,1377.3262836834951,1.0022310806236285,0.00113397933590651
1377.3332281141534,1377.3332281141534,1.0034835691629707,0.001135066748480098
1377.3401725447418,1377.3401725447418,1.0047102673609114,0.0011361690112631365
1377.347116975377,1377.347116975377,1.0056151295082694,0.0011375238065359588
1377.3540614058957,1377.3540614058957,0.9993046084316987,0.0011365942754859044
1377.3610058364147,1377.3610058364147,0.995646972036494,0.001137270466728636
1377.3679502669097,1377.3679502669097,0.9961954860846728,0.001137868288710269
1377.3748946973355,1377.3748946973355,0.9953949011605759,0.0011386103564538493
1377.3818391277373,1377.3818391277373,0.9961346003994873,0.0011396841494597677
1377.3887835581168,1377.3887835581168,0.9979534351874575,0.0011407159570851891
1377.3957279884721,1377.3957279884721,0.9957558067128314,0.001140773172327713
1377.4026724187818,1377.4026724187818,0.9956406437891306,0.0011408605020587466
1377.4096168490207,1377.4096168490207,0.9966375475107773,0.0011413058764106463
1377.4165612792833,1377.4165612792833,0.996984430434668,0.0011412757498323123
1377.423505709476,1377.423505709476,0.9974394204469343,0.0011404026017330267
1377.4304501396687,1377.4304501396687,0.9965142941760355,0.0011400675846098966
1377.4373945697919,1377.4373945697919,0.9990336158668235,0.0011407520743457876
1377.444338999891,1377.444338999891,0.999823686875615,0.0011406515110180442
1377.4512834299446,1377.4512834299446,0.9927320450300081,0.0011349210921347123
1377.4582278599737,1377.4582278599737,0.996632055663621,0.0011333504237064453
1377.465172290004,1377.465172290004,1.0026836369864174,0.001134547747326966
1377.4721167199405,1377.4721167199405,1.0021154117342488,0.001134435082297117
1377.479061149877,1377.479061149877,1.0006378995989427,0.00113355311101679
1377.486005579744,1377.486005579744,1.0011602761662317,0.001133270739703654
1377.4929500096107,1377.4929500096107,0.9999141637959905,0.0011330672000661169
1377.4998944394308,1377.4998944394308,1.0012722704502341,0.0011327814293028405
1377.506838869204,1377.506838869204,1.0012068572996713,0.0011324584298636315
1377.5137832989546,1377.5137832989546,0.9989332766271122,0.001132103590049081
1377.5207277286815,1377.5207277286815,1.0002333893133153,0.0011321747715221427
1377.5276721583625,1377.5276721583625,0.9995063685395577,0.0011322015074786119
1377.534616587996,1377.534616587996,1.000870739115404,0.0011328800050794858
1377.5415610176071,1377.5415610176071,1.0004133740184424,0.0011330954745082168
1377.5485054471942,1377.5485054471942,0.9983573619739463,0.0011322994980149258
1377.5554498767121,1377.5554498767121,1.0003618087830082,0.0011328893338196648
1377.5623943062296,1377.5623943062296,0.9993474271375895,0.0011322180838320482
1377.569338735677,1377.569338735677,0.9990990336761915,0.0011323667858315885
1377.5762831651484,1377.5762831651484,1.0004365159594966,0.0011327285323898928
1377.5832275945027,1377.5832275945027,1.0000964571937834,0.0011326842565471818
1377.5901720238573,1377.5901720238573,0.9995205209422355,0.001132444565527779
1377.5971164532114,1377.5971164532114,1.001454156431005,0.0011328077501008066
1377.60406088252,1377.60406088252,0.9991553128538453,0.0011324102443081444
1377.6110053117575,1377.6110053117575,1.0017753274571422,0.0011328412399424696
1377.6179497409962,1377.6179497409962,1.0004306214190501,0.0011325714449997282
1377.6248941701638,1377.6248941701638,1.0000410213519808,0.0011324360204565992
1377.6318385993327,1377.6318385993327,0.998557572574741,0.0011319608744817862
1377.6387830284307,1377.6387830284307,0.9995344927748999,0.0011318469058286917
1377.645727457506,1377.645727457506,0.9993973197375882,0.0011321006281950793
1377.6526718865582,1377.6526718865582,1.0009952483265607,0.0011324931401290174
1377.6596163155862,1377.6596163155862,0.998669908756144,0.001132315614522562
1377.6665607445457,1377.6665607445457,1.0010951407355086,0.0011330250508382333
1377.673505173504,1377.673505173504,0.9999053169698907,0.0011328374207612876
1377.680449602393,1377.680449602393,1.0009608595437218,0.0011330661186458584
1377.6873940312585,1377.6873940312585,1.0001534271190842,0.001132937902023495
1377.694338460101,1377.694338460101,1.0000918496000004,0.0011330572319334614
1377.701282888873,1377.701282888873,0.9997897718364793,0.0011333515036978017
1377.7082273176459,1377.7082273176459,0.9995783029631913,0.0011334527071609204
1377.7151717463946,1377.7151717463946,1.0006597822675356,0.0011335136954866228
1377.7221161750745,1377.7221161750745,0.9982773415641004,0.0011332300140045799
1377.729060603707,1377.729060603707,1.0016684357768624,0.001134216490367533
1377.7360050323396,1377.7360050323396,0.9987525297125034,0.001133262427321395
1377.7429494609262,1377.7429494609262,1.0001628791110861,0.0011338720624317756
1377.7498938894655,1377.7498938894655,0.9981545031974711,0.001132713947317468
1377.756838317982,1377.756838317982,1.0018676567005482,0.0011339218938724847
1377.7637827464519,1377.7637827464519,0.9999350603158408,0.0011339495196176189
1377.7707271748984,1377.7707271748984,1.0007082846560371,0.0011338281828653907
1377.7776716032752,1377.7776716032752,1.0015581206530315,0.0011339980820423375
1377.7846160316517,1377.7846160316517,0.998761034211903,0.0011338571862993367
1377.7915604599816,1377.7915604599816,0.9995443810631063,0.001133905859540316
1377.7985048882888,1377.7985048882888,1.0000078368852197,0.001133974749735641
1377.8054493165253,1377.8054493165253,0.9987558743395626,0.001133951954646994
1377.8123937448095,1377.8123937448095,0.9999866659642789,0.0011341182657495891
1377.8193381729993,1377.8193381729993,1.0020499205333546,0.001134624340855996
1377.827671486711,1377.827671486711,1.0008174533785301,0.0011343525287375834
1377.8346159148323,1377.8346159148323,1.000017161977726,0.0011339009266505295
1377.8415603429057,1377.8415603429057,1.0000049640357458,0.0011339257601532325
1377.8485047709569,1377.8485047709569,1.0002893280074014,0.0011338878286909421
1377.8554491989375,1377.8554491989375,0.9994711457107,0.00113392274026088
1377.862393626919,1377.862393626919,0.999905211604033,0.0011339116739206823
1377.869338054829,1377.869338054829,0.999379833826709,0.0011337615962597949
1377.8762824827406,1377.8762824827406,1.0006719988716566,0.0011342725068108702
1377.883504687686,1377.883504687686,1.000554051111481,0.0011342245516643792
1377.8915602239676,1377.8915602239676,1.0013738834731194,0.0011345866105820677
1377.8998935372842,1377.8998935372842,0.9987770688422536,0.001134557670768694
1377.9090601818666,1377.9090601818666,0.9999206530782851,0.0011344519931173911
1377.9165601638,1377.9165601638,0.9994322954382555,0.001134627957531795
1377.9235045914318,1377.9235045914318,0.9991387433918104,0.0011344839612663408
1377.9310045732486,1377.9310045732486,1.000830063253802,0.0011349161573440442
1377.9387823321006,1377.9387823321006,1.0002884821046598,0.001135084181118315
1377.9457267596385,1377.9457267596385,0.9992770112038196,0.0011349753437802821
1377.9526711871308,1377.9526711871308,1.0006925021841386,0.0011352936131723496
1377.9615600542363,1377.9615600542363,0.9988972383102057,0.0011351026389404253
1377.969337812948,1377.969337812948,1.0002097924456443,0.0011357772920247869
1377.976282240324,1377.976282240324,1.0013460556537104,0.0011358411828338833
1377.9835044447568,1377.9835044447568,1.0004755520654955,0.0011357015858583241
1377.9915599803871,1377.9915599803871,0.9987165993130098,0.0011356642979541442
1377.9996155159934,1377.9996155159934,1.0003900785084738,0.0011362845943890753
1378.007115497368,1378.007115497368,0.9993694881425437,0.00113628380378704
1378.0151710328814,1378.0151710328814,0.9996176503468991,0.0011370618740790034
1378.0226710141862,1378.0226710141862,1.0002650487721942,0.0011375398096692808
1378.0315598808497,1378.0315598808497,1.0003882172523197,0.0011379024069767653
1378.0387820849567,1378.0387820849567,1.0009175751286514,0.0011383666321227906
1378.0457265119835,1378.0457265119835,1.001287094990451,0.0011384628814996552
1378.0526709389162,1378.0526709389162,1.000148849096125,0.0011386420673834357
1378.0596153658494,1378.0596153658494,0.9974987324244307,0.0011383944806872763
1378.0671153468747,1378.0671153468747,0.9995906451018028,0.001138647198708626
1378.074893104958,1378.074893104958,1.0002349144795442,0.001139287639706788
1378.0818375317515,1378.0818375317515,0.9987343475700664,0.0011392873906829113
1378.0896152897415,1378.0896152897415,1.0009787123257603,0.0011399381136829973
1378.097115270604,1378.097115270604,1.0007931568204351,0.0011400344149500416
1378.1040596972805,1378.1040596972805,1.000165287542973,0.0011399347957935075
1378.111004123935,1378.111004123935,1.0000549756630508,0.0011397731859213078
1378.1179485505418,1378.1179485505418,0.999838848640523,0.0011397744778900538
1378.1248929771257,1378.1248929771257,0.9997048383627046,0.0011395382607193054
1378.1318374036632,1378.1318374036632,0.9999832884432921,0.00113980930864669
1378.1387818301769,1378.1387818301769,1.000689998394875,0.0011401191303523415
1378.1457262566212,1378.1457262566212,1.0007656667475309,0.001140139807253253
1378.1526706830655,1378.1526706830655,0.9990565176486438,0.0011399321054883604
1378.1596151094395,1378.1596151094395,1.0000857572795412,0.0011403815355766627
1378.1665595357904,1378.1665595357904,1.0000195365778877,0.0011399228010555641
1378.1735039621185,1378.1735039621185,1.0007374017299908,0.0011398361723249603
1378.1804483883761,1378.1804483883761,0.9986206410283494,0.0011393496579824467
1378.1873928146347,1378.1873928146347,0.9998328265816709,0.0011396713474934792
1378.194337240822,1378.194337240822,0.9978439417931482,0.00113944139121711
1378.2012816669874,1378.2012816669874,1.0008421936819347,0.0011398628924498223
1378.2082260931286,1378.2082260931286,0.9995860837255419,0.0011395122245949124
1378.2151705192005,1378.2151705192005,1.0027914112902363,0.0011400690593639407
1378.2221149452487,1378.2221149452487,0.999400953728489,0.0011394021580121267
1378.229059371274,1378.229059371274,1.0019367531606806,0.0011398304156158175
1378.2360037972517,1378.2360037972517,0.9991009201883457,0.0011392566960440472
1378.2429482232078,1378.2429482232078,1.0000576438745972,0.0011390421117158157
1378.2498926490928,1378.2498926490928,0.9969775923489534,0.001138762905617503
1378.2573926290243,1378.2573926290243,1.0014297584613234,0.0011398752678151243
1378.265170385943,1378.265170385943,1.001046044571088,0.0011401130783080353
1378.2721148117348,1378.2721148117348,0.9997624666423001,0.0011405661620164354
1378.279059237458,1378.279059237458,1.0007608587202033,0.0011411599598596211
1378.2860036631569,1378.2860036631569,1.0002938347343273,0.001141049505292336
1378.2929480888329,1378.2929480888329,0.999724727669923,0.0011411746080508133
1378.2998925144618,1378.2998925144618,0.9979069135803526,0.0011408832509076628
1378.3068369400219,1378.3068369400219,1.000090898290688,0.0011415323727953929
1378.3137813656037,1378.3137813656037,1.0002441577452679,0.0011416987554750636
1378.3207257911174,1378.3207257911174,1.0001800115480368,0.0011415069921675545
1378.3276702165829,1378.3276702165829,0.9999562576471582,0.0011418894773220648
1378.3346146420267,1378.3346146420267,1.001250071545255,0.0011425055930244217
1378.3415590674456,1378.3415590674456,0.9998813144803579,0.0011420106309887523
1378.348503492796,1378.348503492796,0.9995233750304188,0.0011422252397761303
1378.3554479181225,1378.3554479181225,0.999577865429201,0.0011422368485567759
1378.3623923434027,1378.3623923434027,1.001244889218507,0.0011428551409599207
1378.369336768659,1378.369336768659,0.9992934987144351,0.0011425327669740385
1378.3762811938464,1378.3762811938464,0.9984984579225792,0.0011423280986933842
1378.383225619033,1378.383225619033,0.9998301778225048,0.0011430428124888634
1378.39017004415,1378.39017004415,1.0008547918131023,0.0011436009904192538
1378.3971144692673,1378.3971144692673,1.0011437687427156,0.0011438417145481516
1378.4040588942912,1378.4040588942912,0.9996746940075933,0.0011434921720808004
1378.4110033193383,1378.4110033193383,0.9998745375703326,0.0011438851267870304
1378.4179477442926,1378.4179477442926,0.9991698512184017,0.0011435830011204977
1378.4248921692465,1378.4248921692465,1.0023285263628394,0.0011451250615593803
1378.4318365941538,1378.4318365941538,1.0011584849894657,0.0011447470280918273
1378.4387810189917,1378.4387810189917,0.9976101757518083,0.0011435548701189118
1378.4457254438291,1378.4457254438291,0.9984574630593531,0.0011442919055532717
1378.4543365305478,1378.4543365305478,0.9990053423603669,0.001144084685671984
1378.462669840232,1378.462669840232,1.0023549684192787,0.001144980601024742
1378.4707253728818,1378.4707253728818,0.9973372853117972,0.0011439661933334625
1378.4787809054383,1378.4787809054383,1.0003264385901796,0.0011450496113984908
1378.486558661007,1378.486558661007,1.0022901638711859,0.0011455481979455108
1378.4948919704582,1378.4948919704582,1.0009780315348222,0.0011459745851921856
1378.5026697259102,1378.5026697259102,1.0007051887896665,0.0011465090329736078
1378.5096141503757,1378.5096141503757,0.9997900812567613,0.001145971840868838
1378.5165585748168,1378.5165585748168,0.9983453304473267,0.0011461544567579521
1378.5235029991895,1378.5235029991895,0.9986344647446629,0.0011463477485139629
1378.5304474235377,1378.5304474235377,1.0000806288297894,0.0011474442451786622
1378.538225178757,1378.538225178757,1.0000682040125386,0.0011474108879136289
1378.5457251569653,1378.5457251569653,1.000317089585818,0.001148256795216366
1378.5551695739027,1378.5551695739027,0.9992196666065469,0.0011494795647777262
1378.5623917750531,1378.5623917750531,1.0002772570490124,0.0011500178740097749
1378.5693361991684,1378.5693361991684,1.0001279554898062,0.0011512181123611229
1378.5762806232851,1378.5762806232851,1.001245552805976,0.0011517847589038977
1378.5918361330719,1378.5918361330719,0.9980271205365007,0.0011518708533977318
1378.6254471445122,1378.6254471445122,1.001639453183767,0.0011537223174961624
1378.648502631459,1378.648502631459,1.0001210005235965,0.001153475401746106
1378.6554470550866,1378.6554470550866,1.0010229863606142,0.0011539233840587152
1378.6623914787128,1378.6623914787128,0.999393084517456,0.0011534539935732031
1378.669335902247,1378.669335902247,0.9983603705817898,0.0011531414783025253
1378.6762803257802,1378.6762803257802,1.000397033763544,0.0011540240083681773
1378.6832247492682,1378.6832247492682,1.0004345270146646,0.001153747942083275
1378.6901691727082,1378.6901691727082,0.9990911165412509,0.0011534725160103876
1378.6971135961028,1378.6971135961028,0.9984162065015528,0.0011530967124878037
1378.7040580194503,1378.7040580194503,1.0014638425187237,0.0011541938705891854
1378.7110024427745,1378.7110024427745,1.0003341636861702,0.0011542477979957534
1378.7179468660752,1378.7179468660752,0.9996714880698008,0.001154280111355615
1378.724891289307,1378.724891289307,1.0015146240924355,0.0011551074249047547
1378.7318357124911,1378.7318357124911,1.0006118936090391,0.0011548553259195812
1378.7387801356526,1378.7387801356526,0.9989307112227481,0.0011551290760239182
1378.745724558767,1378.745724558767,0.9991274972451706,0.001155402606941696
1378.752668981859,1378.752668981859,0.9993410980222752,0.0011558383547537795
1378.7596134049268,1378.7596134049268,1.0015965136271636,0.0011567421503089026
1378.7665578278786,1378.7665578278786,0.9998786322928715,0.001157108893711571
1378.77350225083,1378.77350225083,1.0003265358273261,0.0011575609123567658
1378.780446673782,1378.780446673782,0.9986898625879395,0.0011582277358909332
1378.7873910966405,1378.7873910966405,1.001133846708302,0.0011592664633278743
1378.794335519499,1378.794335519499,1.000300145009764,0.0011594947640005513
1378.8012799422881,1378.8012799422881,0.9986275714927728,0.0011598010036054894
1378.8082243650535,1378.8082243650535,0.9999930763361979,0.0011609519252959472
1378.8151687877494,1378.8151687877494,0.9997295591543212,0.001161207356650783
1378.8221132104215,1378.8221132104215,1.000510682794554,0.0011619787903914692
1378.8290576330708,1378.8290576330708,1.001299033525555,0.0011623035490941009
1378.8360020556497,1378.8360020556497,0.99850042396959,0.0011621981025161086
1378.8429464782057,1378.8429464782057,1.0003822455689433,0.0011635225897677628
1378.8498909007149,1378.8498909007149,1.0001325638302796,0.0011632959810747654
1378.8568353232013,1378.8568353232013,1.0003848762328145,0.0011639015707237462
1378.8637797455938,1378.8637797455938,0.9991188868853588,0.0011636220837556725
1378.8707241679642,1378.8707241679642,1.0017996846715616,0.0011650060852472098
1378.8776685903335,1378.8776685903335,0.9972713674615148,0.0011638143156438325
1378.88461301268,1378.88461301268,1.0008497344553964,0.0011652314554490644
1378.8915574349332,1378.8915574349332,1.001579775468649,0.0011660420723110369
1378.8985018571634,1378.8985018571634,0.9990701519749031,0.0011655047953827381
1378.9054462793465,1378.9054462793465,1.0009889832826815,0.001166042994103191
1378.9123907014837,1378.9123907014837,0.9990928666111859,0.001166035951836837
1378.9193351235967,1378.9193351235967,1.0003373859484563,0.0011666950330278846
1378.9262795456411,1378.9262795456411,0.9985969086895032,0.001166556593717976
1378.9332239676608,1378.9332239676608,0.9993921101028078,0.0011667690740727603
1378.9401683896351,1378.9401683896351,1.001383004872356,0.0011678365733499235
1378.947112811562,1378.947112811562,0.9995849080592294,0.0011682544956955984
1378.9540572334668,1378.9540572334668,1.001087355797281,0.001168952759350431
1378.961001655277,1378.961001655277,0.9999123268654022,0.001169602889388581
1378.967946077158,1378.967946077158,0.9992514189214884,0.0011693332511102806
1378.9748904988521,1378.9748904988521,0.9996013679877839,0.001169667839519028
1378.9818349206403,1378.9818349206403,1.000445847044722,0.0011705498930686983
1378.9887793423106,1378.9887793423106,1.0014546072544321,0.001171354215476419
1378.9957237639358,1378.9957237639358,0.9982921658806923,0.0011713352175685564
1379.0026681855602,1379.0026681855602,0.9988390277470616,0.0011723260454701823
1379.0096126071153,1379.0096126071153,1.0003855944555515,0.001172880634158413
1379.016557028623,1379.016557028623,1.001722596817148,0.0011739060089350217
1379.0235014501088,1379.0235014501088,1.0010289137379718,0.0011744737299998714
1379.0304458715464,1379.0304458715464,0.9996079056880205,0.0011738758309100053
1379.0373902929389,1379.0373902929389,0.9993377770151225,0.0011749086002223728
1379.0443347142834,1379.0443347142834,0.9985996890840351,0.0011754230370008255
1379.051279135606,1379.051279135606,0.9998991906676533,0.0011755790970836865
1379.0582235568577,1379.0582235568577,1.0005609831097524,0.0011761767690969508
1379.0651679781333,1379.0651679781333,1.0008281049564107,0.0011766482051338623
1379.0721123992685,1379.0721123992685,0.9991652691843361,0.0011765805346574633
1379.079056820428,1379.079056820428,0.9997076511830612,0.0011768536474425692
1379.086001241493,1379.086001241493,1.0013642334013035,0.0011776484812387206
1379.0929456625597,1379.0929456625597,1.0004428350103756,0.001177914010064323
1379.0998900835782,1379.0998900835782,1.0002027943411815,0.0011780537969108434
1379.1068345045514,1379.1068345045514,1.0010261979707995,0.0011784330335247925
1379.1137789255006,1379.1137789255006,1.0004237418965638,0.0011784566324313215
1379.1207233463572,1379.1207233463572,0.999831781859605,0.001178743048519195
1379.12766776719,1379.12766776719,1.0000184769617975,0.0011796071595693044
1379.1346121880233,1379.1346121880233,0.9995349676669504,0.0011796553215383692
1379.1415566087628,1379.1415566087628,0.9989146075648548,0.0011795078829376989
1379.1485010294566,1379.1485010294566,1.0001107406021785,0.0011802564866008455
1379.1554454501957,1379.1554454501957,1.0003596734081204,0.0011804072346699532
1379.1623898708197,1379.1623898708197,1.0000417871401877,0.0011808582301209279
1379.1693342913495,1379.1693342913495,1.0002542442775924,0.0011808160191069316
1379.1762787119271,1379.1762787119271,0.9998660803407999,0.001181110173893655
1379.1832231324101,1379.1832231324101,0.9989141336372318,0.001180793120350765
1379.1901675528945,1379.1901675528945,1.0015248084882629,0.0011818609869317992
1379.1971119732846,1379.1971119732846,0.9995758123423799,0.0011815046347422385
1379.2040563936525,1379.2040563936525,0.9999789119771696,0.0011819177354843798
1379.211000813996,1379.211000813996,1.0013781640659973,0.0011819913542798727
1379.2179452342707,1379.2179452342707,0.998877478296758,0.0011824096779729238
1379.2248896545211,1379.2248896545211,1.0002711587833006,0.0011825419731118238
1379.2318340747026,1379.2318340747026,0.9997265373346677,0.0011827863043480202
1379.238778494883,1379.238778494883,1.0002921445854818,0.0011833344153841332
1379.2457229149718,1379.2457229149718,0.9980765884625505,0.0011827009835738904
1379.2526673350824,1379.2526673350824,1.0005845004900624,0.0011835651896134243
1379.259611755078,1379.259611755078,0.9999142664591998,0.00118356432593349
1379.266556175049,1379.266556175049,1.0001760424394424,0.0011839097221866355
1379.2735005949976,1379.2735005949976,1.0003991819466722,0.0011836492327698743
1379.2804450148756,1379.2804450148756,0.9994804178413205,0.00118412282169345
1379.287389434731,1379.287389434731,1.0006885891433566,0.0011841240051303347
1379.294333854539,1379.294333854539,0.9997753453547331,0.00118431915208899
1379.3012782743015,1379.3012782743015,1.0013804552617214,0.0011848256707672642
1379.3082226940164,1379.3082226940164,0.9998770002290674,0.0011847249329413067
1379.3151671137093,1379.3151671137093,0.9987011791476705,0.0011847062184843558
1379.3221115333308,1379.3221115333308,0.9997720741637519,0.0011851734705105271
1379.329055952907,1379.329055952907,0.9986345089089459,0.0011853570302555435
1379.336000372436,1379.336000372436,1.0011953943739984,0.0011865968574941497
1379.3429447919889,1379.3429447919889,1.0008278170027196,0.001186652227477488
1379.3498892114244,1379.3498892114244,0.9995223553354803,0.001186927041559972
1379.3568336308144,1379.3568336308144,1.0005575085433658,0.001187446989478889
1379.3646113805155,1379.3646113805155,1.0007886576158747,0.001188335749066125
1379.3732224604587,1379.3732224604587,1.0008685494434004,0.0011891382125891413
1379.3804446564868,1379.3804446564868,0.9995000471749584,0.0011895402175335973
1379.3873890757134,1379.3873890757134,0.9987025372084959,0.0011900257880828767
1379.3943334948697,1379.3943334948697,0.9991525087528593,0.0011902147561442466
1379.4012779140035,1379.4012779140035,1.0001652742137903,0.0011912962312604404
1379.4082223330897,1379.4082223330897,0.9997187219215011,0.0011918685100759676
1379.4151667521303,1379.4151667521303,0.9989943270024675,0.0011922602401769015
1379.4221111711236,1379.4221111711236,1.0007198612865458,0.0011933593699685557
1379.4290555900475,1379.4290555900475,1.000147820135935,0.0011937631832911468
1379.4360000089248,1379.4360000089248,1.0011298043260664,0.0011947088757944429
1379.442944427802,1379.442944427802,1.0000909074085114,0.0011943500601707012
1379.4498888466326,1379.4498888466326,1.0019108986002954,0.0011955192158838693
1379.4568332653937,1379.4568332653937,0.9997966332521386,0.0011960896619281742
1379.4637776841307,1379.4637776841307,0.9989103938031109,0.0011967608920487392
1379.470722102799,1379.470722102799,0.9993488958777039,0.0011979574371904856
1379.4776665214429,1379.4776665214429,0.9992566715112693,0.0011984016866933929
1379.4846109400412,1379.4846109400412,0.9997305340049734,0.001199372028293721
1379.4915553585688,1379.4915553585688,1.0001906549093809,0.0012006565476762752
1379.4984997770741,1379.4984997770741,1.0010757274556492,0.0012013345006350045
1379.5054441955317,1379.5054441955317,1.000658800308388,0.00120239301467726
1379.5123886139204,1379.5123886139204,0.9982674066617658,0.001203129952724703
1379.5193330323082,1379.5193330323082,1.0002439248751678,0.0012048777184426262
1379.526277450604,1379.526277450604,1.0002149750242162,0.001205314618957853
1379.5332218688986,1379.5332218688986,0.9999681271552255,0.0012059387706194336
1379.5401662870777,1379.5401662870777,0.9991475473971828,0.0012072194141577361
1379.547110705279,1379.547110705279,1.0015163329154908,0.0012089911432670223
1379.5540551233887,1379.5540551233887,0.9999835652411211,0.001209261664932171
1379.560999541497,1379.560999541497,0.9993571267205985,0.0012097251019829779
1379.567943959537,1379.567943959537,0.9996980641638284,0.0012104406714159917
1379.5748883775286,1379.5748883775286,1.000296963627339,0.00121194334824507
1379.5818327954987,1379.5818327954987,1.0007995006587789,0.001213214681974414
1379.5887772133742,1379.5887772133742,0.9996478966554108,0.001213676132452899
1379.5957216312504,1379.5957216312504,1.0005675443709428,0.001214036470239685
1379.6026660490563,1379.6026660490563,0.9993373061847881,0.001214393982166382
1379.609610466793,1379.609610466793,0.9975371294669422,0.0012145300668616468
1379.6165548845524,1379.6165548845524,1.000411392250629,0.0012156314089679743
1379.6234993021958,1379.6234993021958,0.9993396993606689,0.0012159369861103806
1379.6304437198387,1379.6304437198387,0.9994596933393567,0.0012162509597139393
1379.637388137436,1379.637388137436,0.9993472543361518,0.0012168188395708243
1379.6443325549392,1379.6443325549392,1.0007784502031025,0.001217227428816647
1379.6512769724427,1379.6512769724427,1.0029103025513069,0.0012176661849649742
1379.658221389853,1379.658221389853,0.9985833580905592,0.0012167857210989602
1379.6651658072635,1379.6651658072635,1.0013578830889995,0.001217017293059808
1379.672110224627,1379.672110224627,0.9994632431194284,0.0012170311476666885
1379.6790546418981,1379.6790546418981,0.9975350856421532,0.001216371976589929
1379.6859990591688,1379.6859990591688,1.0013326877563666,0.0012173023677929812
1379.692943476393,1379.692943476393,0.9987596644040634,0.0012170533571150062
1379.6998878935472,1379.6998878935472,0.9996595487409378,0.001218089265750218
1379.7068323106782,1379.7068323106782,1.0006062231170896,0.0012186394958102395
1379.713776727716,1379.713776727716,1.0006367993383471,0.0012188321096451135
1379.7207211447308,1379.7207211447308,1.0013652696634152,0.0012193457664735254
1379.727665561699,1379.727665561699,0.9993308704370708,0.001219440761623345
1379.7346099786434,1379.7346099786434,1.0002805395217356,0.0012198861351250857
1379.7415543954953,1379.7415543954953,1.000910630315556,0.0012208398446281294
1379.7484988123233,1379.7484988123233,0.9988825499244636,0.001220966724280576
1379.7554432291286,1379.7554432291286,0.9986215382257525,0.0012213319197916818
1379.76238764584,1379.76238764584,1.0011435613035808,0.0012229272259346546
1379.7693320625297,1379.7693320625297,1.0004043871769588,0.0012230745898444604
1379.7762764791942,1379.7762764791942,0.9999245206879065,0.001223652550636348
1379.7837764490673,1379.7837764490673,0.9983168561319268,0.0012238426963969583
1379.7915541956022,1379.7915541956022,0.9998644106323425,0.0012245638797737635
1379.7984986121278,1379.7984986121278,0.9980057161579478,0.001223896479260522
1379.805443028537,1379.805443028537,0.9982384632968259,0.0012249886082192011
1379.8123874449466,1379.8123874449466,1.002327054298756,0.0012275925747250716
1379.8193318612855,1379.8193318612855,1.0013109709864083,0.0012283240273365471
1379.8262762775557,1379.8262762775557,1.002388936077145,0.0012306835114308647
1379.8332206938244,1379.8332206938244,1.0051755639565507,0.0012324690856902972
1379.8401651100244,1379.8401651100244,1.0035347146445126,0.0012339801394878253
1379.847109526177,1379.847109526177,1.0020865215473425,0.001235373210513125
1379.8540539422845,1379.8540539422845,0.9982493478684354,0.0012360740608689381
1379.8609983583206,1379.8609983583206,0.9934943578257505,0.0012365237403659944
1379.8679427743814,1379.8679427743814,0.9927115105678592,0.001237469057732225
1379.874887190324,1379.874887190324,0.9946090095649716,0.0012386713854830927
1379.8818316061984,1379.8818316061984,0.9938764662248387,0.0012409290621589715
1379.8887760220716,1379.8887760220716,0.9967382143700846,0.0012434555449850435
1379.8957204378758,1379.8957204378758,0.9960749965312052,0.001244259517807609
1379.902664853656,1379.902664853656,0.9952835225373768,0.0012449229125973966
1379.909609269344,1379.909609269344,0.995485621427426,0.0012457435933976113
1379.9165536850078,1379.9165536850078,0.9936265052347621,0.001244804972092456
1379.923498100649,1379.923498100649,0.9924475562953916,0.0012443032524121112
1379.9304425161968,1379.9304425161968,0.9940841951265547,0.0012445031096797279
1379.9373869317214,1379.9373869317214,0.9939790729471418,0.0012448199261819166
1379.9443313472225,1379.9443313472225,0.9946119855877118,0.0012455342372656526
1379.9512757626073,1379.9512757626073,0.9962875780393252,0.0012459691521916818
1379.9582201779922,1379.9582201779922,1.001389166631085,0.0012476322985877314
1379.96516459333,1379.96516459333,1.0042393850053357,0.0012484032602579824
1379.9721090085989,1379.9721090085989,1.0016160768926832,0.001247405452581109
1379.9790534238434,1379.9790534238434,1.0024127010837156,0.001247373187514948
1379.9859978389954,1379.9859978389954,1.0009809277583583,0.0012469645744366878
1379.9929422541243,1379.9929422541243,0.9993966644883905,0.0012465953855940418
1379.999886669207,1379.999886669207,1.0009946829432492,0.001247138550363807
1380.0068310842184,1380.0068310842184,1.0004596750360826,0.0012470850919403913
1380.0137754991847,1380.0137754991847,1.0005039756991798,0.0012474324660594514
1380.0207199141266,1380.0207199141266,0.9995537159835541,0.0012472767715759254
1380.0276643290465,1380.0276643290465,0.998503346549661,0.0012482740556426916
1380.0346087438486,1380.0346087438486,0.9991476781229105,0.0012486410294300916
1380.0415531586516,1380.0415531586516,1.0001516765057956,0.0012496860678039901
1380.0484975733375,1380.0484975733375,1.0005984768608793,0.0012498689332536533
1380.0554419880243,1380.0554419880243,0.9992499399419836,0.0012496880643206919
1380.0623864026636,1380.0623864026636,0.9997828957202879,0.0012505296772241986
1380.069330817234,1380.069330817234,1.0008636200399699,0.0012511587888660496
1380.0762752317569,1380.0762752317569,0.9998356736670866,0.0012515270979164335
1380.0832196462338,1380.0832196462338,1.0015021697172855,0.0012521610555802328
1380.0901640606876,1380.0901640606876,1.00024508600598,0.0012521260825248156
1380.0976640281854,1380.0976640281854,0.9988478230853399,0.0012521866892229187
1380.1054417722519,1380.1054417722519,0.9980861178331738,0.0012527785363270617
1380.1123861864958,1380.1123861864958,1.0007281455718378,0.0012533832182568445
1380.1193306007165,1380.1193306007165,1.001787709358853,0.001254814685291615
1380.1262750148908,1380.1262750148908,1.0007819519193721,0.0012545506249462073
1380.1332194289948,1380.1332194289948,0.9986330742752505,0.0012543628490240086
1380.1401638430757,1380.1401638430757,0.9985709329007995,0.0012544171652894166
1380.1471082570874,1380.1471082570874,1.0012764297211743,0.0012548824049353462
1380.1540526710282,1380.1540526710282,0.9988087931155153,0.0012544994158347708
1380.1609970849695,1380.1609970849695,0.9986733584894042,0.001254397335617797
1380.1679414988175,1380.1679414988175,1.0004531021634224,0.001254220527785355
1380.1748859126426,1380.1748859126426,1.001146901039319,0.0012548824513106244
1380.181830326374,1380.181830326374,1.0008091422638627,0.0012546113650599654
1380.1887747401292,1380.1887747401292,1.0008308235623402,0.0012542183960788037
1380.1957191537672,1380.1957191537672,0.9997189700433852,0.0012531559425414131
1380.2032191204742,1380.2032191204742,1.0008836056430996,0.0012532712289760667
1380.212385746337,1380.212385746337,0.9988174897750666,0.0012522572872784694
1380.2193301598365,1380.2193301598365,0.9989486436500661,0.0012521420078588797
1380.2262745732419,1380.2262745732419,1.0005570311028738,0.0012519796942146559
1380.2332189866247,1380.2332189866247,0.9977313026659351,0.0012512557018400834
1380.24016339996,1380.24016339996,1.000980299177469,0.001251571503954689
1380.24710781325,1380.24710781325,1.0004706934396481,0.0012508610200885025
1380.2540522264458,1380.2540522264458,1.0001491762747567,0.0012495521467950066
1380.2609966396424,1380.2609966396424,0.9994425708585892,0.0012489604623149792
1380.2679410527912,1380.2679410527912,1.0010212511638379,0.0012484702183871012
1380.276274348483,1380.276274348483,0.9981939339817734,0.001246972646459496
1380.284607644034,1380.284607644034,0.9983803365910564,0.0012452172557560499
1380.2948853751946,1380.2948853751946,1.000980242147135,0.0012443692220944391
1380.302663117632,1380.302663117632,1.0002982163510679,0.0012432940311846792
1380.3096075304322,1380.3096075304322,0.9995046336564888,0.0012419380665047051
1380.316551943186,1380.316551943186,1.0019796932658669,0.0012411936036044024
1380.3234963559166,1380.3234963559166,0.999021403445807,0.0012398214114369415
1380.3304407685537,1380.3304407685537,1.0008083126507894,0.0012393728942663132
1380.3373851811684,1380.3373851811684,1.0015586475587122,0.0012383359613188038
1380.3443295937586,1380.3443295937586,0.9993464014145002,0.0012365000278035461
1380.3518295592314,1380.3518295592314,0.9990616292082493,0.0012355184534790051
1380.360718407152,1380.360718407152,1.0006245430314082,0.0012345480519393719
1380.369051702005,1380.369051702005,1.001188683313078,0.0012334862063275345
1380.3765516672909,1380.3765516672909,0.9987672097835217,0.0012319404084245812
1380.3846071855055,1380.3846071855055,0.999269534483887,0.0012315388177296229
1380.3915515977235,1380.3915515977235,0.9993762572121392,0.0012296655149435895
1380.3996071157746,1380.3996071157746,1.000894546453784,0.0012292571067392404
1380.4082181867775,1380.4082181867775,1.0005321403453882,0.0012278430853083886
1380.4151625987859,1380.4151625987859,1.0006598995054612,0.0012273660676278145
1380.423773669649,1380.423773669649,0.9984453667856368,0.0012263412733105673
1380.4318291874438,1380.4318291874438,1.0008118743398273,0.0012261838206244072
1380.439051375766,1380.439051375766,1.0016967991468055,0.0012259188481704639
1380.4471068934206,1380.4471068934206,1.0024367542284514,0.0012253413658714933
1380.4540513051509,1380.4540513051509,0.9995769184391076,0.0012236451781862247
1380.4609957168327,1380.4609957168327,0.997094232710636,0.001222794175867407
1380.4679401284466,1380.4679401284466,0.9986499492500769,0.0012226626374517552
1380.4748845400122,1380.4748845400122,0.999647079747761,0.0012229358929233614
1380.4818289515094,1380.4818289515094,1.0005199293465294,0.0012222972938472265
1380.488773363006,1380.488773363006,0.9983872870367516,0.001221126662069355
1380.4957177744093,1380.4957177744093,1.0009407427279016,0.001221413556855761
1380.5037732915291,1380.5037732915291,0.9994812093323343,0.0012205374412258582
1380.5109954792918,1380.5109954792918,1.0012184824704216,0.0012202089444896499
1380.5179398905789,1380.5179398905789,1.0020110015566512,0.0012199597214420405
1380.5248843017491,1380.5248843017491,0.9989663866370263,0.001218939154688055
1380.5318287128734,1380.5318287128734,0.9988660099909559,0.0012186232033768764
1380.538773123974,1380.538773123974,0.999472170153618,0.001218278600099084
1380.5457175350052,1380.5457175350052,1.0003288492187148,0.0012188449320601029
1380.552661945989,1380.552661945989,0.9997390277040303,0.0012182056950341114
1380.5596063569042,1380.5596063569042,0.9995875575500339,0.0012184030185715265
1380.5665507677716,1380.5665507677716,1.001609579002824,0.0012187236646348187
1380.5734951786162,1380.5734951786162,0.9992867490614479,0.0012184230222814733
1380.5804395893676,1380.5804395893676,0.9999813906950774,0.0012187319320765197
1380.587384000096,1380.587384000096,0.9990935001574265,0.0012182646467155925
1380.594328410731,1380.594328410731,0.9998472681570725,0.001217962797550074
1380.601272821343,1380.601272821343,1.0001704254371495,0.0012185231432323134
1380.6082172318845,1380.6082172318845,1.00074547904549,0.0012180654921096481
1380.6151616424036,1380.6151616424036,0.9986933686571753,0.0012169964395356042
1380.6221060528292,1380.6221060528292,1.0002356268340793,0.0012169203535428099
1380.6304393453302,1380.6304393453302,0.9999668249434223,0.0012166421738345865
1380.6384948613093,1380.6384948613093,0.9994291553333495,0.0012161259857315294
1380.6457170480012,1380.6457170480012,1.000558016745638,0.00121582003809808
1380.6526614581937,1380.6526614581937,1.000925158651401,0.0012158621130292327
1380.6596058684095,1380.6596058684095,1.0008859201052371,0.0012157318309392665
1380.6665502784626,1380.6665502784626,1.0000978351145888,0.0012158102341123258
1380.6734946885385,1380.6734946885385,1.0004883877004054,0.0012152129775322518
1380.6804390985458,1380.6804390985458,1.0001195562078515,0.0012143798275619975
1380.6873835084816,1380.6873835084816,0.9986137790033152,0.0012133630116961604
1380.694327918419,1380.694327918419,0.9995343726284558,0.0012132832231207074
1380.701272328262,1380.701272328262,0.9984495657119405,0.0012123971466536216
1380.7082167380358,1380.7082167380358,1.0002099486523162,0.0012122537489318084
1380.7151611477861,1380.7151611477861,0.9980871783814692,0.0012105911547287008
1380.7221055574896,1380.7221055574896,1.0020847857829356,0.0012112160788860507
1380.7298832962247,1380.7298832962247,1.001007076814768,0.001210204977723937
1380.7384943641075,1380.7384943641075,1.0016703873192927,0.0012094265361249456
1380.7457165500307,1380.7457165500307,0.9990995486935252,0.0012085155573872681
1380.7526609595016,1380.7526609595016,0.9998917768936814,0.0012080569217329724
1380.7596053688794,1380.7596053688794,0.9998122057015515,0.0012075676466110343
1380.7665497782573,1380.7665497782573,1.00096074905341,0.001207388713466907
1380.7734941875653,1380.7734941875653,0.999647167395992,0.0012065516522214415
1380.7804385968266,1380.7804385968266,0.9984588814220245,0.0012058110558368798
1380.7873830060184,1380.7873830060184,1.000040978838029,0.0012057527349440332
1380.794327415163,1380.794327415163,1.0005157520360821,0.0012053897331436559
1380.801271824262,1380.801271824262,1.000542363870046,0.0012050526562822034
1380.808216233313,1380.808216233313,1.0001869358980549,0.001205185798193943
1380.8151606422957,1380.8151606422957,1.001609853608602,0.0012049118656821778
1380.8221050512534,1380.8221050512534,1.0018233129756522,0.001205127996595106
1380.8290494601194,1380.8290494601194,1.0003056807444815,0.0012040946313043015
1380.8359938689616,1380.8359938689616,0.9989596566527161,0.0012036698763610025
1380.843216054117,1380.843216054117,0.9993696715764482,0.0012040299286124635
1380.8512715682095,1380.8512715682095,1.0009145749534336,0.0012039391559508128
1380.8582159769126,1380.8582159769126,1.0011459309713313,0.0012038611241778853
1380.865160385522,1380.865160385522,0.9979026758451617,0.0012035468326384979
1380.8726603468035,1380.8726603468035,0.9994698736916305,0.0012037721596129861
1380.8804380843276,1380.8804380843276,1.000038883635709,0.0012040618755442367
1380.8873824927975,1380.8873824927975,0.999699302764097,0.0012039555818609705
1380.8943269011975,1380.8943269011975,1.0005788803616569,0.0012039879047739807
1380.9012713095967,1380.9012713095967,1.001727518240469,0.0012041073031837106
1380.9082157178811,1380.9082157178811,0.9997081963115461,0.0012036726449456041
1380.9151601261406,1380.9151601261406,0.9994177964787315,0.0012042272904568471
1380.922104534378,1380.922104534378,1.000374313465491,0.0012040350447179997
1380.9290489425214,1380.9290489425214,0.9998060042323968,0.0012033881357330996
1380.9359933506425,1380.9359933506425,0.998653236350734,0.0012028757641329504
1380.942937758716,1380.942937758716,1.00095085100882,0.001203248247440739
1380.9498821667203,1380.9498821667203,1.0004557397617557,0.0012030862537887334
1380.956826574678,1380.956826574678,0.9986539373494192,0.0012022518059812176
1380.9637709826118,1380.9637709826118,0.9992530651250504,0.001201936964821969
1380.9707153904533,1380.9707153904533,1.0010941118578838,0.00120204470003812
1380.9776597982705,1380.9776597982705,1.000163498555404,0.001201492845276145
1380.9846042060894,1380.9846042060894,0.9999328728063951,0.0012011469791041512
1380.9926597190176,1380.9926597190176,1.0009542565566305,0.0012005493017494503
1380.999881903009,1380.999881903009,1.000448083725065,0.0012000983504807784
1381.0073818632422,1381.0073818632422,0.9986229378843339,0.0011993794446280219
1381.0151595996963,1381.0151595996963,1.0004953098302565,0.001199744322492995
1381.0221040072338,1381.0221040072338,1.0004572363117783,0.0011990911334252635
1381.029048414703,1381.029048414703,0.9985085971054772,0.0011987655832882776
1381.0359928221246,1381.0359928221246,1.0009518977032426,0.001199030927041656
1381.0429372295234,1381.0429372295234,1.0000778472926466,0.0011987047460776269
1381.0504371894315,1381.0504371894315,1.0005399160403095,0.00119835364056006
1381.0582149255818,1381.0582149255818,0.9992161252896803,0.0011975333739414112
1381.0651593328175,1381.0651593328175,1.0009671655403454,0.0011977684508210464
1381.07210374003,1381.07210374003,0.9997184186166497,0.00119647734792184
1381.0815481337074,1381.0815481337074,1.0003955404921812,0.001196244518023465
1381.0912703036051,1381.0912703036051,0.9984415996894744,0.0011951223271363992
1381.0998813683207,1381.0998813683207,0.9981742263408486,0.0011948371923642639
1381.1068257753243,1381.1068257753243,1.0016138782807713,0.0011944277445250092
1381.1137701822104,1381.1137701822104,1.0004211022282388,0.001193646780492094
1381.1243256806506,1381.1243256806506,0.9996785394733972,0.001193067541447984
1381.1457144535625,1381.1457144535625,0.998646902131266,0.0011920638759022367
1381.1526588602633,1381.1526588602633,1.000019644375308,0.0011923116065175213
1381.1596032669163,1381.1596032669163,1.001810072413517,0.001193021737960633
1381.1665476735236,1381.1665476735236,1.0000491887414076,0.0011923151148373
1381.1734920801075,1381.1734920801075,1.0003371373484657,0.0011917884664814295
1381.1804364866216,1381.1804364866216,1.0005936540772924,0.001191704974216393
1381.1873808931355,1381.1873808931355,1.0000123070167763,0.0011914604053383337
1381.194325299603,1381.194325299603,0.9995683462766622,0.0011916127067830014
1381.2012697060006,1381.2012697060006,1.0004841582850232,0.001190832010937132
1381.208214112421,1381.208214112421,1.002508041200388,0.0011909999956863401
1381.215158518726,1381.215158518726,0.9992523227593638,0.0011906920922569305
1381.2221029250532,1381.2221029250532,0.9965002177860681,0.0011897296049851957
1381.2290473313117,1381.2290473313117,0.9999799085562898,0.0011901772849658176
1381.2359917375693,1381.2359917375693,1.0008671726929486,0.0011901391586329562
1381.2429361437808,1381.2429361437808,1.0002391642006012,0.0011897069617567155
1381.2498805499458,1381.2498805499458,1.0012741770698927,0.0011894191913369117
1381.25682495611,1381.25682495611,1.000503148319212,0.0011889204790287843
1381.2637693621823,1381.2637693621823,0.9998861315974784,0.0011883909097820879
1381.270713768253,1381.270713768253,1.001208196672573,0.0011881456906619398
1381.277658174325,1381.277658174325,0.9988044579582777,0.0011873903025825254
1381.2846025803033,1381.2846025803033,0.999649959333268,0.0011866815828380638
1381.2915469863053,1381.2915469863053,0.9992489092395566,0.001186032576794987
1381.2984913922605,1381.2984913922605,0.9999626754706359,0.0011866074485366923
1381.3054357981923,1381.3054357981923,0.9991650146452942,0.001185824007291891
1381.3123802040545,1381.3123802040545,1.001029402939476,0.0011859572235088127
1381.3193246099395,1381.3193246099395,1.0008870863442942,0.0011851839647677145
1381.3262690157787,1381.3262690157787,0.9985934728989779,0.0011842847856314302
1381.3332134215937,1381.3332134215937,1.0016961152516042,0.0011843935343847007
1381.3401578273633,1381.3401578273633,1.0002185761637548,0.001183973847760794
1381.347102233155,1381.347102233155,0.9996938655977428,0.0011831415451384831
1381.354046638878,1381.354046638878,0.9998723032148493,0.0011829024279605535
1381.3609910445768,1381.3609910445768,1.0006467115979658,0.0011824867648279123
1381.3679354502758,1381.3679354502758,0.9990697126508297,0.0011815051678479857
1381.3748798559523,1381.3748798559523,0.9987841044848018,0.0011812092015433433
1381.381824261604,1381.381824261604,1.0003416296764556,0.0011807316989348034
1381.3887686672335,1381.3887686672335,0.9990111176502573,0.00118043051663098
1381.395713072839,1381.395713072839,0.9992856124486235,0.0011795477889588728
1381.4026574784223,1381.4026574784223,1.0017471377502873,0.0011799974105818549
1381.4096018839814,1381.4096018839814,1.0018618207302645,0.0011793938636782677
1381.4165462895876,1381.4165462895876,1.0005891553665223,0.00117868765239436
1381.4234906950771,1381.4234906950771,0.9994345357117156,0.0011781472213212513
1381.4304351006128,1381.4304351006128,0.9999123241446994,0.0011781616852154756
1381.4373795061724,1381.4373795061724,0.9987850870547469,0.0011775405773679563
1381.4443239116615,1381.4443239116615,0.9984005149899959,0.0011773528102757497
1381.451268317152,1381.451268317152,1.0012605776643637,0.0011775936668881005
1381.4582127226176,1381.4582127226176,1.0035840923700596,0.0011778186382067736
1381.4651571280144,1381.4651571280144,0.9982236013589592,0.0011769513373017962
1381.472101533504,1381.472101533504,0.9971380383350542,0.0011759471564300333
1381.4790459389933,1381.4790459389933,1.0001651335784754,0.0011762755700261177
1381.4859903443669,1381.4859903443669,0.9995779154424913,0.001175873634456527
1381.4929347498557,1381.4929347498557,1.0000564670744103,0.001175775097476185
1381.4998791552525,1381.4998791552525,0.9990381710887289,0.0011755662641209268
1381.5068235607182,1381.5068235607182,1.0012671464382743,0.00117569891377813
1382.4004311069725,1382.4004311069725,1.0000529745373812,0.001153742299982254
1385.9540280817587,1385.9540280817587,1.000899405392831,0.0010624884983583432
1385.9609724967718,1385.9609724967718,1.0010010340734128,0.0010626467400449316
1385.9679169118074,1385.9679169118074,0.9992945423205569,0.0010620296621572662
1385.9748613267495,1385.9748613267495,0.999680403700632,0.0010625194572932324
1385.981805741716,1385.981805741716,1.000034183062853,0.0010627100015224895
1385.9887501566354,1385.9887501566354,0.9999932489259951,0.0010623404755421575
1385.9956945715537,1385.9956945715537,0.9993782458222823,0.0010618077895784128
1386.002638986404,1386.002638986404,0.9990190650880024,0.0010625801974349365
1386.0095834012768,1386.0095834012768,1.0004462168851922,0.0010625112614598311
1386.0165278160794,1386.0165278160794,0.9996323132442273,0.0010625627810538255
1386.0234722308826,1386.0234722308826,1.0002316162345706,0.001062609833784341
1386.0304166456392,1386.0304166456392,0.9992019748811677,0.0010621560214335074
1386.037361060372,1386.037361060372,1.000710544192096,0.0010624762165732074
1386.0443054750817,1386.0443054750817,1.0006685540487588,0.0010625642496918243
1386.0512498897688,1386.0512498897688,0.999371192671137,0.0010621891989976509
1386.0581943044085,1386.0581943044085,1.000902389031906,0.0010626618454778562
1386.0651387190478,1386.0651387190478,0.9999598743838707,0.0010627602379992287
1386.072083133642,1386.072083133642,1.000357341451154,0.0010629552337347446
1386.0790275482354,1386.0790275482354,0.9994119450221707,0.0010623150438867372
1386.0859719628047,1386.0859719628047,0.9991765077462895,0.0010626514403952523
1386.0929163773058,1386.0929163773058,1.0007527149761233,0.0010629960935806036
1386.0998607918293,1386.0998607918293,0.9992987959905187,0.0010626338346341102
1386.1068052062824,1386.1068052062824,0.9995908646235467,0.0010627892983440458
1386.1137496207132,1386.1137496207132,0.9998696594741572,0.001063280416731412
1386.120694035144,1386.120694035144,1.0007974318853936,0.0010635284658050402
1386.1276384495272,1386.1276384495272,1.000735333939233,0.0010634223719828348
1386.134582863911,1386.134582863911,0.9991711743917495,0.0010627014222104867
1386.1415272782256,1386.1415272782256,1.0017957009109824,0.0010636270820248534
1386.1484716925625,1386.1484716925625,0.9984677906863553,0.0010626570698609066
1386.1554161068066,1386.1554161068066,0.9996816660985888,0.0010628397420444726
1386.1623605211212,1386.1623605211212,0.9993101236894717,0.0010626732905501227
1386.1693049353419,1386.1693049353419,0.9998888082469062,0.0010627498524207247
1386.176249349562,1386.176249349562,1.0010659795566865,0.0010634379655913239
1386.1831937636673,1386.1831937636673,1.0007822038719625,0.0010632359230667338
1386.1901381778414,1386.1901381778414,0.9995538520561389,0.0010631418727074075
1386.1970825919686,1386.1970825919686,1.0008588514328514,0.0010632576073496673
1386.2040270060504,1386.2040270060504,0.9994872879669338,0.0010627512445684766
1386.210971420132,1386.210971420132,0.9985402825161195,0.0010624889040718945
1386.2179158341423,1386.2179158341423,1.0008489993945349,0.0010629184590329062
1386.2248602481773,1386.2248602481773,0.9990429895881974,0.0010626960500337808
1386.2318046621658,1386.2318046621658,0.9993575374143997,0.0010628945867849262
1386.23874907613,1386.23874907613,1.001920558248095,0.0010637451367882377
1386.245693490048,1386.245693490048,0.9992132863618378,0.0010628940043195141
1386.2526379039668,1386.2526379039668,0.9999169388549101,0.0010631155620083243
1386.2595823178385,1386.2595823178385,1.0010190472094014,0.0010632768683372389
1386.2665267316863,1386.2665267316863,1.0011017368368136,0.0010631872395485378
1386.2734711455118,1386.2734711455118,0.9974705003934925,0.0010624846216262542
1386.2804155593137,1386.2804155593137,1.0002339921084915,0.0010629498295547316
1386.2873599730915,1386.2873599730915,1.0010609404414639,0.0010637549607510999
1386.294304386824,1386.294304386824,1.00048268640302,0.0010632068824918185
1386.301248800533,1386.301248800533,1.0001666252837287,0.001063650227593944
1386.308193214264,1386.308193214264,0.9999918993787708,0.0010636308263178352
1386.3151376279263,1386.3151376279263,0.9988220299563484,0.0010630482808771202
1386.3220820415656,1386.3220820415656,0.9990127540708318,0.0010634762413169348
1386.3290264551338,1386.3290264551338,1.0007426511857271,0.001063758088669799
1386.3359708687262,1386.3359708687262,0.9992400921262428,0.0010634848219315501
1386.3429152822723,1386.3429152822723,0.9998614086106237,0.0010634619934484914
1386.349859695795,1386.349859695795,1.0023082792412652,0.0010642935860886817
1386.3568041093167,1386.3568041093167,0.9993841819241537,0.0010634140439888767
1386.3640262993151,1386.3640262993151,1.0001271196061952,0.0010635190605042563
1386.3720818189036,1386.3720818189036,0.9992697816054203,0.0010633731432922076
1386.379026232309,1386.379026232309,0.9993544273300451,0.001063343469996252
1386.385970645692,1386.385970645692,1.0011148825335396,0.001063461242055869
1386.3929150590752,1386.3929150590752,0.9998616094935345,0.0010634552460040557
1386.399859472364,1386.399859472364,1.0002249993934376,0.0010640869364990672
1386.4068038857,1386.4068038857,0.999667541495725,0.0010633984814264804
1386.413748298967,1386.413748298967,1.0007299610563263,0.0010635207439338996
1386.420692712209,1386.420692712209,0.9992866896664744,0.0010632446841808024
1386.4276371254293,1386.4276371254293,0.9988527082792441,0.0010628287471802166
1386.434581538626,1386.434581538626,0.9998187815674863,0.001063349019962979
1386.4415259517991,1386.4415259517991,1.0006519949922388,0.0010634728847414815
1386.4484703649255,1386.4484703649255,0.9993180933714223,0.0010631053383717674
1386.4554147780755,1386.4554147780755,1.0013504142107466,0.0010638084614559725
1386.4623591911325,1386.4623591911325,1.0014630139391705,0.0010638323259673896
1386.4693036041886,1386.4693036041886,1.0007254552983724,0.0010636796296570467
1386.4762480172456,1386.4762480172456,0.9983023241352147,0.0010633830880161462
1386.4831924302096,1386.4831924302096,1.0000630146341698,0.0010632963957081967
1386.4901368431958,1386.4901368431958,0.999280132184364,0.0010634643106807993
1386.497081256136,1386.497081256136,0.9995386068548902,0.0010633168187852821
1386.5040256690768,1386.5040256690768,1.0008185757984358,0.0010636960775245688
1386.5109700819708,1386.5109700819708,0.9990125122270233,0.001063394690414952
1386.5179144948172,1386.5179144948172,0.9996347343833936,0.0010633263930000458
1386.524858907665,1386.524858907665,0.9999023040922858,0.0010636126162661484
1386.531803320489,1386.531803320489,1.0005136986210401,0.001063892779716287
1386.5387477332658,1386.5387477332658,1.0012482379501217,0.0010640128010595865
1386.5456921460202,1386.5456921460202,0.9994153807207222,0.0010634819336001074
1386.5526365587511,1386.5526365587511,1.0003541771572682,0.0010633938461267357
1386.5595809714353,1386.5595809714353,1.000327477290652,0.001063921812497677
1386.5679142666374,1386.5679142666374,1.000067483087264,0.0010638064751588923
1386.5748586792988,1386.5748586792988,0.9999851284629923,0.0010640197092035356
1386.581803091913,1386.581803091913,0.9991120816502388,0.001063420924291202
1386.5887475044801,1386.5887475044801,1.0003005031395844,0.0010638895700944722
1386.5956919170483,1386.5956919170483,1.0007218048242383,0.0010639068491242883
1386.6026363295937,1386.6026363295937,0.999554187301759,0.0010638663890459405
1386.6095807421136,1386.6095807421136,0.9974932446174407,0.0010634301663949805
1386.616525154589,1386.616525154589,1.0007636144321324,0.0010643106000128605
1386.6234695670173,1386.6234695670173,1.0007638625027508,0.001064158991792303
1386.6304139794215,1386.6304139794215,1.0001457999129488,0.001063917791982765
1386.6373583918264,1386.6373583918264,1.00024570332992,0.0010641038311193748
1386.6443028041851,1386.6443028041851,1.001310784752079,0.0010645017074548
1386.6512472165427,1386.6512472165427,0.9997249289886307,0.0010639972780725911
1386.6581916288312,1386.6581916288312,1.000334502784709,0.0010638310461283738
1386.665136041143,1386.665136041143,1.000051441640013,0.0010638553510129854
1386.6720804533854,1386.6720804533854,0.999268764390056,0.0010641033518406723
1386.679024865603,1386.679024865603,0.9987754901916516,0.0010638213006198148
1386.6859692777984,1386.6859692777984,0.999451248218373,0.0010639193317696495
1386.6929136899712,1386.6929136899712,1.0012805474990392,0.0010647433918117134
1386.6998581021192,1386.6998581021192,1.0011988810461743,0.0010645476962037109
1386.7068025142446,1386.7068025142446,0.9988765983864013,0.0010641275193943207
1386.713746926324,1386.713746926324,0.999083261407107,0.001063742244512825
1386.7206913384027,1386.7206913384027,1.0003573757749664,0.0010641139232671006
1386.7276357504347,1386.7276357504347,0.999833827417978,0.0010636582841284338
1386.7345801624438,1386.7345801624438,1.0007827076666378,0.001063975048246037
1386.7415245744064,1386.7415245744064,0.9999499210736454,0.0010636492629402816
1386.7484689863686,1386.7484689863686,0.9989905030184945,0.0010632030862612611
1386.7554133982612,1386.7554133982612,0.9996542002703313,0.0010635296381720587
1386.7623578101543,1386.7623578101543,1.0012434750801487,0.0010639070365880674
1386.7693022220467,1386.7693022220467,0.9998588470261943,0.0010633753021962711
1386.7776355162707,1386.7776355162707,1.0007030651738524,0.0010634920928573803
1386.7845799280706,1386.7845799280706,0.9994683170274614,0.0010634492298884435
1386.791524339847,1386.791524339847,1.000411547796348,0.0010633578780917291
1386.798468751599,1386.798468751599,1.0012949833061582,0.0010640895757657173
1386.8054131633526,1386.8054131633526,0.9994911792606782,0.0010634096570740989
1386.8123575750358,1386.8123575750358,0.9992637983017121,0.0010633725535307223
1386.819301986695,1386.819301986695,0.9988971703238386,0.0010634097459675759
1386.8262463983315,1386.8262463983315,0.9996893948716543,0.0010635213731410435
1386.8331908099685,1386.8331908099685,0.9992581655001551,0.0010634574758804345
1386.8401352215117,1386.8401352215117,0.9995585504295537,0.0010636375262108916
1386.8470796331014,1386.8470796331014,1.0011579008513152,0.001064016247891351
1386.8540240446214,1386.8540240446214,1.000955603105867,0.0010643771091541905
1386.860968456119,1386.860968456119,1.0016562043445891,0.0010640294903593937
1386.8679128675917,1386.8679128675917,1.0008789131590277,0.001064116935457188
1386.8748572790419,1386.8748572790419,0.9995236008781581,0.0010633610991506114
1386.8818016904693,1386.8818016904693,1.000194875506369,0.0010640393930111231
1386.8887461018494,1386.8887461018494,0.9973899779716232,0.0010632148025823355
1386.8956905132527,1386.8956905132527,0.9982016780967313,0.0010630727700798952
1386.9026349245637,1386.9026349245637,0.9998058122264876,0.001063730421200732
1386.9095793358745,1386.9095793358745,1.0017315271638842,0.0010643716440374735
1386.9165237471843,1386.9165237471843,0.9999395528486851,0.0010639052208612214
1386.9234681583785,1386.9234681583785,1.0007005774035198,0.001064144067497641
1386.9304125696194,1386.9304125696194,1.0008474637770322,0.0010641865524480512
1386.9373569808135,1386.9373569808135,1.0009824707540287,0.0010640757853357726
1386.9443013920074,1386.9443013920074,0.9993788604263493,0.001063659856083192
1386.9512458031088,1386.9512458031088,0.9987438697561413,0.0010631924182167387
1386.9581902142334,1386.9581902142334,0.9991300277964481,0.0010632511434926686
1386.9651346253333,1386.9651346253333,1.0001948585680407,0.0010640288758279584
1386.9720790363883,1386.9720790363883,1.0008516796581233,0.0010641444290134428
1386.9795790003243,1386.9795790003243,0.9998565490679445,0.001063748725069877
1386.987356740596,1386.987356740596,0.9995511332014384,0.0010633712459439562
1386.9943011515807,1386.9943011515807,0.998717343496423,0.0010633518829659392
1387.0012455625422,1387.0012455625422,1.0006148391734846,0.001063703712609273
1387.0081899734334,1387.0081899734334,1.0027743213312963,0.001064772031837923
1387.0151343843245,1387.0151343843245,1.0004970821302774,0.0010638495828801033
1387.0220787951698,1387.0220787951698,0.9995090711638065,0.0010637511143426895
1387.0290232059917,1387.0290232059917,0.9990334951909456,0.0010635273577658715
1387.035967616813,1387.035967616813,0.9993347593218431,0.001063620492513458
1387.0429120275644,1387.0429120275644,1.0003207834604637,0.001064135686347556
1387.0498564382935,1387.0498564382935,0.9988640339499621,0.0010636297782824864
1387.056800849022,1387.056800849022,0.9994747243681225,0.0010635840197179085
1387.0637452597496,1387.0637452597496,1.0007131157605493,0.0010644442402393695
1387.070689670362,1387.070689670362,1.000146453089195,0.0010641288543248857
1387.077634081021,1387.077634081021,1.000350979109809,0.001064210719569888
1387.0845784916323,1387.0845784916323,0.999172480923202,0.0010637478381249036
1387.091522902198,1387.091522902198,1.0018623143057979,0.0010639068196960301
1387.0984673127405,1387.0984673127405,1.001021082119729,0.0010639371561705694
1387.1054117232597,1387.1054117232597,0.999019248192029,0.001063347524498753
1387.1123561337542,1387.1123561337542,0.9981746857007032,0.0010630229642568678
1387.1193005442037,1387.1193005442037,0.9987223009434316,0.0010629727457355889
1387.1262449546534,1387.1262449546534,1.0010600491921564,0.001063641516667505
1387.1331893650554,1387.1331893650554,1.0015608228805561,0.0010643089753918293
1387.1401337754346,1387.1401337754346,0.9998207453407547,0.0010634944791544437
1387.1470781857909,1387.1470781857909,0.9998519803850552,0.0010637603759725818
1387.1540225961237,1387.1540225961237,1.0008460314606602,0.0010639833466586268
1387.160967006409,1387.160967006409,1.000337971022347,0.0010638051533400105
1387.1679114166952,1387.1679114166952,0.9988155508030342,0.0010633953815550488
1387.1748558269119,1387.1748558269119,0.9996010246433744,0.0010631743237390656
1387.181800237128,1387.181800237128,1.000641245799104,0.001063492568360551
1387.188744647274,1387.188744647274,0.9983608785952814,0.0010629413881416922
1387.1956890574206,1387.1956890574206,1.0008890577958143,0.001063833651790076
1387.2026334675672,1387.2026334675672,0.9991295737253717,0.0010633816879324308
1387.209577877713,1387.209577877713,1.0010829713789897,0.0010633816022820348
1387.2165222877666,1387.2165222877666,0.9999766836383748,0.0010632921965078547
1387.22346669782,1387.22346669782,1.0002170923117215,0.0010633953126294583
1387.2304111078265,1387.2304111078265,1.0006156674782563,0.0010635719801262674
1387.2373555178096,1387.2373555178096,1.0007384568110074,0.0010636255381527614
1387.24429992777,1387.24429992777,0.9987326921915731,0.0010627225362404727
1387.2512443377072,1387.2512443377072,0.9997712452930004,0.0010632598894085416
1387.2581887475972,1387.2581887475972,0.9993247901783295,0.00106313924379983
1387.2651331574639,1387.2651331574639,1.0006697321282274,0.0010635407947086116
1387.2720775673083,1387.2720775673083,1.001012740539076,0.001063389532864036
1387.2790219771518,1387.2790219771518,0.9981842695413683,0.001062456135538812
1387.285966386925,1387.285966386925,0.9997699786991134,0.0010632566897187921
1387.2929107966759,1387.2929107966759,1.0006652055633882,0.0010635463801059808
1387.2998552064266,1387.2998552064266,0.999408158301946,0.0010630424334264873
1387.3073551688954,1387.3073551688954,1.0011508903643622,0.001063670904464967
1387.3159662368948,1387.3159662368948,1.0008556906365218,0.0010640482278133356
1387.3234661993179,1387.3234661993179,1.0008057979239733,0.0010643910954490365
1387.3309661616706,1387.3309661616706,1.001620298989072,0.0010646383902150635
1387.3387439003823,1387.3387439003823,1.0022755470011526,0.0010648271013355857
1387.3456883099468,1387.3456883099468,0.9993060777803533,0.0010648852583512675
1387.3540216013778,1387.3540216013778,0.9946972069758659,0.0010630756373268026
1387.3609660108482,1387.3609660108482,0.9931427254053936,0.0010654784861363468
1387.3679104202965,1387.3679104202965,0.9967768949674273,0.001069977140813112
1387.3748548297215,1387.3748548297215,0.9969864975829751,0.0010705494016966409
1387.3817992391457,1387.3817992391457,0.9953463450732694,0.0010695221028220493
1387.3887436485,1387.3887436485,0.9962212796935226,0.0010697053396677464
1387.395688057855,1387.395688057855,0.9956129538968927,0.0010697617132616427
1387.4026324671638,1387.4026324671638,0.9940931019685596,0.001068206483911233
1387.4095768764478,1387.4095768764478,0.9951658663347167,0.0010682144300673611
1387.41652128571,1387.41652128571,0.9951183190370647,0.0010694375985896894
1387.4234656949252,1387.4234656949252,0.9946443660022574,0.0010692456170065083
1387.4304101041403,1387.4304101041403,0.9987492621573193,0.0010707725019327937
1387.4373545133317,1387.4373545133317,0.9936415968674981,0.0010680973334573408
1387.444298922454,1387.444298922454,0.9907720542165265,0.0010656060122316846
1387.4512433315763,1387.4512433315763,0.9937804206456701,0.0010649660309519642
1387.458187740674,1387.458187740674,0.9985529058907863,0.0010662355880924686
1387.4651321497029,1387.4651321497029,1.0024953431996215,0.0010670867441422086
1387.4720765587786,1387.4720765587786,1.002211090917721,0.001066068757927393
1387.4790209677612,1387.4790209677612,1.0014961145402348,0.0010654718382815198
1387.4859653767423,1387.4859653767423,1.003025186417278,0.001065277862947807
1387.4929097856786,1387.4929097856786,1.0018278162892278,0.0010649770333501416
1387.499854194591,1387.499854194591,1.0006284010253883,0.0010642239876279163
1387.5067986034803,1387.5067986034803,0.9986744717646863,0.0010633854921973786
1387.5137430123455,1387.5137430123455,0.9983308815356026,0.0010629636584357628
1387.520687421165,1387.520687421165,0.9992127085905678,0.0010630140416793413
1387.5276318299852,1387.5276318299852,0.9986752555996137,0.0010631242843168614
1387.5345762387572,1387.5345762387572,1.0003142467537853,0.0010637251407627133
1387.5415206475066,1387.5415206475066,0.9999213492747326,0.0010640312376834578
1387.5484650562098,1387.5484650562098,1.001785898529773,0.0010644153652623865
1387.5554094649128,1387.5554094649128,1.0000122886578409,0.0010643048143516023
1387.5623538735683,1387.5623538735683,0.9993153379563019,0.001063744909855798
1387.5692982822015,1387.5692982822015,1.0004783797562502,0.0010635886557732713
1387.5762426907881,1387.5762426907881,0.9992476184819251,0.0010633326954921343
1387.5831870993982,1387.5831870993982,1.0001741033379759,0.0010636449347989772
1387.590131507937,1387.590131507937,1.0004365610388946,0.0010637172226975863
1387.597075916454,1387.597075916454,0.9998404088572356,0.001063966709882116
1387.6040203249245,1387.6040203249245,0.9984302369240027,0.0010629239400115416
1387.6109647334174,1387.6109647334174,1.00179486054363,0.0010641308759435579
1387.6179091418173,1387.6179091418173,0.9999008037303521,0.0010635875122724208
1387.6248535502177,1387.6248535502177,1.0016104016714382,0.0010641347137499443
1387.6317979586186,1387.6317979586186,0.9999695464433305,0.0010635619456018917
1387.6387423669717,1387.6387423669717,0.9988269028377825,0.001063462655886686
1387.6456867753016,1387.6456867753016,0.9999798006642899,0.0010636117657857077
1387.6526311835623,1387.6526311835623,0.9980891900794375,0.0010631032120461848
1387.659575591823,1387.659575591823,0.9995986118137938,0.0010633370888133392
1387.6665200000828,1387.6665200000828,1.000262618441759,0.0010637043678550968
1387.6734644082737,1387.6734644082737,1.0007235326535215,0.001064287346983966
1387.680408816465,1387.680408816465,1.0013349590142053,0.0010644109731591915
1387.6873532246086,1387.6873532246086,1.0010030172597717,0.0010643861804023
1387.6942976327289,1387.6942976327289,1.0007638155970355,0.0010641983590139092
1387.7012420408269,1387.7012420408269,1.000365824114504,0.001064206244110678
1387.708186448878,1387.708186448878,0.9980139203911067,0.001063549549402593
1387.7151308569053,1387.7151308569053,0.9998261623941274,0.0010634101130276704
1387.7220752649093,1387.7220752649093,0.9973644486757397,0.0010629389880219082
1387.729019672891,1387.729019672891,1.0009793173186972,0.0010639693133979316
1387.7359640808493,1387.7359640808493,1.000282665744712,0.0010637415094040155
1387.7429084887594,1387.7429084887594,1.0012371004983356,0.001063866579564784
1387.7642972649792,1387.7642972649792,0.9991272701276751,0.0010638974813331915
1387.7748527647927,1387.7748527647927,1.001297148141195,0.0010641984570160625
1387.781797172611,1387.781797172611,0.9985648039099214,0.001063733975841003
1387.7895749092281,1387.7895749092281,0.9987860128674292,0.0010635680494659994
1387.7970748695543,1387.7970748695543,1.0021064298597755,0.0010645058591100746
1387.8040192772326,1387.8040192772326,0.9997872675933014,0.0010635599062819442
1387.810963684865,1387.810963684865,1.0007737584416287,0.0010636581926164997
1387.8190191976778,1387.8190191976778,1.0000144309634573,0.0010641499688596894
1387.826241381575,1387.826241381575,0.9988144834071921,0.0010634621832697091
1387.8331857890912,1387.8331857890912,1.0012624014123455,0.0010639576688503654
1387.8401301966303,1387.8401301966303,0.9987296324296938,0.00106307573519145
1387.8470746041219,1387.8470746041219,1.0009464077586379,0.0010641131615000562
1387.8540190115905,1387.8540190115905,0.9999870720555701,0.0010639477081507726
1387.8609634190132,1387.8609634190132,0.9995753556742774,0.0010635222931064967
1387.8679078264356,1387.8679078264356,0.9994553462197364,0.0010637051414052585
1387.8748522337878,1387.8748522337878,1.0009101962148093,0.0010640809742046122
1387.88179664114,1387.88179664114,0.9998056032082706,0.0010638877637667544
1387.8887410484695,1387.8887410484695,0.9995863170312498,0.0010636742820138742
1387.895685455706,1387.895685455706,0.9997630629740343,0.0010637747538432695
1387.9026298630574,1387.9026298630574,1.000904766280688,0.0010642146045539496
1387.909574270247,1387.909574270247,0.9989949855949203,0.0010637971293279446
1387.9165186774135,1387.9165186774135,1.0011600065614523,0.0010644670635309103
1387.9234630846265,1387.9234630846265,0.9996582349856336,0.0010638119541900924
1387.9317963731926,1387.9317963731926,0.9994050224687518,0.0010638782456645133
1387.9387407802892,1387.9387407802892,1.000911413127716,0.0010643579426132573
1387.945685187386,1387.945685187386,0.9993403892958808,0.0010640445251996725
1387.9526295944122,1387.9526295944122,1.0009302456681035,0.0010643246855399921
1387.9595740014615,1387.9595740014615,0.9994519568946792,0.0010639525114740673
1387.9665184084417,1387.9665184084417,0.9994172312021352,0.0010640675161888292
1387.9734628154454,1387.9734628154454,1.0001652391507865,0.001064174473603008
1387.9804072223546,1387.9804072223546,0.9997077821696525,0.0010642773039644562
1387.987351629265,1387.987351629265,0.9999105050306889,0.0010647192265817451
1387.9942960361286,1387.9942960361286,1.0009906205252617,0.001064811625193037
1388.0012404429692,1388.0012404429692,0.9995460033004893,0.0010645643145006276
1388.008184849832,1388.008184849832,1.0004458741728244,0.0010646373659389634
1388.0151292566022,1388.0151292566022,0.9992530153489894,0.0010644589310290606
1388.0220736633732,1388.0220736633732,1.0015293745525562,0.0010652040193131838
1388.0290180700972,1388.0290180700972,0.9991700780110738,0.0010644706461211218
1388.0359624768203,1388.0359624768203,0.9983951399497648,0.001063897047365995
1388.0429068835213,1388.0429068835213,0.9998784521560642,0.0010644062731584943
1388.0498512901752,1388.0498512901752,0.9996178018940898,0.0010645468619792013
1388.0567956967363,1388.0567956967363,1.0019129138069711,0.0010649642156562856
1388.0637401033662,1388.0637401033662,1.0010887160586641,0.0010645108834464003
1388.070684509904,1388.070684509904,0.9993967872938521,0.0010639684455257179
1388.0776289164419,1388.0776289164419,0.9992947970024424,0.0010640130811659296
1388.084573322933,1388.084573322933,0.9997654632890942,0.0010641259835525707
1388.0915177294464,1388.0915177294464,1.000451460979234,0.001064522536748768
1388.098462135868,1388.098462135868,0.9994558354300844,0.0010635391554050311
1388.1054065422893,1388.1054065422893,0.9985563088904573,0.00106323217717147
1388.1123509486874,1388.1123509486874,1.0017540413195054,0.0010645262949081605
1388.119295355061,1388.119295355061,0.9988144552283819,0.0010633649053213223
1388.126239761366,1388.126239761366,1.001934987680484,0.0010644501158340726
1388.1331841676713,1388.1331841676713,0.9996556324727918,0.0010635236104929338
1388.140128573953,1388.140128573953,0.9999525719504467,0.0010636152141123424
1388.1470729801867,1388.1470729801867,1.001424206321638,0.0010642271344069045
1388.154017386399,1388.154017386399,0.9986817309997335,0.0010634818354992332
1388.1609617925874,1388.1609617925874,0.9991537574440332,0.001063271033080202
1388.167906198752,1388.167906198752,0.9999645018950408,0.001063927302101934
1388.174850604847,1388.174850604847,1.00095262913337,0.0010644377967320233
1388.1817950110121,1388.1817950110121,0.999573899265323,0.0010639231670327202
1388.1887394170844,1388.1887394170844,1.0002433976579606,0.001064264759138843
1388.1956838230399,1388.1956838230399,0.999741612313105,0.0010642685493714153
1388.202628229111,1388.202628229111,0.9992566767779438,0.0010640732088819827
1388.2095726350667,1388.2095726350667,1.0013610026735702,0.0010649624231947347
1388.2165170410226,1388.2165170410226,1.0002430881939017,0.001064537421414343
1388.2234614469548,1388.2234614469548,0.9993285372721296,0.00106420427049188
1388.2304058528632,1388.2304058528632,0.9994602333209043,0.0010645609951634724
1388.2373502587259,1388.2373502587259,0.999290010076748,0.0010641144546405554
1388.244294664542,1388.244294664542,1.0006701237971285,0.001064718374062495
1388.2512390703578,1388.2512390703578,1.0001729841355964,0.0010644450907876864
1388.2581834761495,1388.2581834761495,0.9990420546909904,0.001064170349566794
1388.265127881896,1388.265127881896,1.001103156171997,0.0010645757235562558
1388.2720722876188,1388.2720722876188,0.99928425073408,0.0010643374493918738
1388.2790166932946,1388.2790166932946,0.9999866768291422,0.00106428084484953
1388.2859610989703,1388.2859610989703,0.9996147200350114,0.0010640497131352892
1388.2929055046002,1388.2929055046002,1.0012886182844132,0.001064253331392062
1388.2998499102068,1388.2998499102068,1.000191355995638,0.0010637938257235754
1388.3067943157662,1388.3067943157662,0.9999464045522629,0.0010639427107991663
1388.3137387213483,1388.3137387213483,1.000288486233352,0.0010640601757942072
1388.3206831268621,1388.3206831268621,0.9992358224609414,0.0010637757299855875
1388.3276275323522,1388.3276275323522,1.0000236788131347,0.0010638128181055518
1388.334571937795,1388.334571937795,0.999372118180586,0.001063497436416982
1388.3415163432148,1388.3415163432148,1.0006162925975253,0.0010640196021477687
1388.3484607486116,1388.3484607486116,0.9998601521180305,0.001064208400820579
1388.3554051539854,1388.3554051539854,1.0002369601491397,0.0010642723645833498
1388.3623495593358,1388.3623495593358,0.9998377891432009,0.0010644295683010588
1388.3692939646385,1388.3692939646385,1.000136276607882,0.001064310363878449
1388.376238369919,1388.376238369919,1.0001163441080814,0.0010646988546420158
1388.3831827751997,1388.3831827751997,1.0001525566308236,0.001064906226721663
1388.3901271803866,1388.3901271803866,1.0015141485476295,0.0010652119646437197
1388.3970715855964,1388.3970715855964,1.0000860399501061,0.0010649403035036327
1388.4040159907838,1388.4040159907838,0.9996362278335328,0.0010650325796341727
1388.4109603959016,1388.4109603959016,1.0000970961468785,0.0010650913108712563
1388.4179048009955,1388.4179048009955,0.9997276285697311,0.0010647469614703156
1388.424849206112,1388.424849206112,1.0001896006204531,0.0010649642560089149
1388.4317936111368,1388.4317936111368,1.0003564440972623,0.001065423721353105
1388.438738016161,1388.438738016161,0.9993927950953282,0.0010654214081304296
1388.4456824211388,1388.4456824211388,0.9996384045679925,0.0010651342494326379
1388.452626826139,1388.452626826139,1.001553245343596,0.0010657449315511886
1388.4595712310702,1388.4595712310702,0.9998327832666185,0.001064839231820241
1388.4665156359783,1388.4665156359783,1.0004949154092286,0.001065320449497445
1388.4734600408397,1388.4734600408397,0.9982499659571914,0.0010647462389782552
1388.4804044456766,1388.4804044456766,0.999494995068838,0.0010646476239266323
1388.4873488504916,1388.4873488504916,1.0000721998133233,0.0010647386434418395
1388.4942932552833,1388.4942932552833,1.001393745753163,0.0010650073275751677
1388.5012376600284,1388.5012376600284,0.9997258488579586,0.0010643800822489442
1388.5095709457073,1388.5095709457073,0.9994127631691251,0.0010642079200271892
1388.5165153504054,1388.5165153504054,0.9995640226228859,0.001064532574311546
1388.5234597550575,1388.5234597550575,1.0006920398565675,0.001065030925026712
1388.5304041597096,1388.5304041597096,1.0006485449007292,0.0010643788160235867
1388.5373485643136,1388.5373485643136,1.0002269621603592,0.0010644854822198905
1388.5442929688725,1388.5442929688725,1.0002363394017308,0.001064542894670399
1388.551237373408,1388.551237373408,1.0003629135539884,0.001064393432779147
1388.5581817779203,1388.5581817779203,0.9980836860967843,0.0010636976873439818
1388.5651261824314,1388.5651261824314,0.9995906036443489,0.0010641898803289622
1388.5720705868735,1388.5720705868735,0.9997655261691328,0.0010640301669890598
1388.5790149912925,1388.5790149912925,1.0005497052801706,0.001064542945184477
1388.5859593957352,1388.5859593957352,1.0001906126005782,0.0010642956430309668
1388.5929038000597,1388.5929038000597,1.0004655796929005,0.0010645980765492992
1388.5998482043858,1388.5998482043858,1.000823699246051,0.0010646501964886482
1388.6067926087114,1388.6067926087114,1.0004481801037932,0.0010649791404953339
1388.6137370130375,1388.6137370130375,0.9990048723677235,0.0010648865224482265
1388.6206814172463,1388.6206814172463,1.000523133685528,0.0010649451598737547
1388.627625821479,1388.627625821479,0.9991537970623096,0.0010647135909971663
1388.6345702256885,1388.6345702256885,1.0005669751554105,0.0010649731044325493
1388.6415146298284,1388.6415146298284,1.0000698768141365,0.0010653384600677889
1388.6484590339671,1388.6484590339671,0.999718859974729,0.0010649160313649293
1388.6554034380829,1388.6554034380829,0.9986172002228999,0.0010647729014832445
1388.6623478421295,1388.6623478421295,1.00036632318476,0.0010652805216827257
1388.6692922462225,1388.6692922462225,0.9995221943549953,0.001064864005811642
1388.676236650199,1388.676236650199,1.0005337918417614,0.0010648784754181402
1388.683181054198,1388.683181054198,0.9998673483011175,0.0010647777425563116
1388.6901254581283,1388.6901254581283,1.0012018440878874,0.0010651014696063583
1388.6979031905544,1388.6979031905544,0.999950341254403,0.0010644028419646565
1388.7054031467371,1388.7054031467371,0.9993288879837434,0.0010643374856071195
1388.7123475506196,1388.7123475506196,0.999916318896678,0.0010644459537371878
1388.7192919544568,1388.7192919544568,1.0010317856425963,0.0010650206387337615
1388.726236358224,1388.726236358224,1.0005708790449899,0.001064483093055084
1388.7331807620144,1388.7331807620144,0.9990207892069998,0.0010645167136999725
1388.740125165757,1388.740125165757,0.9997569665482835,0.0010647601540698564
1388.7470695694542,1388.7470695694542,0.9997990327839977,0.0010649484635997933
1388.754013973175,1388.754013973175,0.9997891327450807,0.0010647679222689833
1388.7609583768258,1388.7609583768258,1.0005652580984266,0.0010650461863006152
1388.7679027804286,1388.7679027804286,1.0000962606988453,0.0010646546237742067
1388.7748471840328,1388.7748471840328,1.0003430926286243,0.0010648638530339105
1388.781791587637,1388.781791587637,0.9987554388247556,0.0010643618455683892
1388.7887359911479,1388.7887359911479,1.0017684833521814,0.0010654077114254355
1388.795680394635,1388.795680394635,0.998920612914444,0.001064185766606543
1388.8026247981456,1388.8026247981456,0.9993728535069233,0.0010645138689370872
1388.8095692015872,1388.8095692015872,0.9995979581291584,0.0010644999785618555
1388.816513605005,1388.816513605005,1.0000350854683169,0.0010646651389371762
1388.8234580083756,1388.8234580083756,1.0024328399147806,0.0010650994752991014
1388.8304024117465,1388.8304024117465,0.9999141516832832,0.0010647460542334492
1388.8373468150712,1388.8373468150712,0.9980126422557924,0.0010639345253664362
1388.8442912183727,1388.8442912183727,1.0008135926235098,0.0010647692500063532
1388.8512356216509,1388.8512356216509,0.9999889646657907,0.0010645316555130547
1388.8581800249044,1388.8581800249044,0.9995421927512126,0.0010644107410891991
1388.8662355325955,1388.8662355325955,0.9999227655695744,0.001064378556898561
1388.8734577118837,1388.8734577118837,0.9991207563114439,0.001064200026394993
1388.8804021150456,1388.8804021150456,1.001529175640345,0.0010645449497068134
1388.8873465181828,1388.8873465181828,1.0006228919673572,0.0010647513526452154
1388.8942909212515,1388.8942909212515,0.9990649638225069,0.0010642024863333215
1388.9012353243202,1388.9012353243202,0.9993700840808714,0.0010643568759653665
1388.9081797273193,1388.9081797273193,0.9999345811154198,0.0010647602320067826
1388.9151241303402,1388.9151241303402,1.0006818609271777,0.0010648843156186535
1388.9220685333155,1388.9220685333155,1.0004172277886922,0.0010645462747521934
1388.9290129362448,1388.9290129362448,1.0004702538844945,0.0010644674960735734
1388.9359573391503,1388.9359573391503,0.9997077907560152,0.0010648846118395479
1388.9429017420086,1388.9429017420086,0.9995674861999673,0.0010644623792076032
1388.9498461448673,1388.9498461448673,0.9994196567897703,0.0010649972524453906
1388.95679054768,1388.95679054768,1.0001023790220422,0.001064501569847685
1388.9637349504694,1388.9637349504694,0.9996921177637393,0.0010645586636819613
1388.970679353235,1388.970679353235,0.9994154454099237,0.0010647414317862351
1388.9776237559763,1388.9776237559763,1.0015696818185122,0.001065259579934336
1388.9845681586496,1388.9845681586496,1.0017952842541047,0.0010650582960238502
1388.991512561322,1388.991512561322,0.9986819269801662,0.001064107577794742
1388.998456963972,1388.998456963972,0.9983912028714161,0.0010641659496751171
1389.0054013665972,1389.0054013665972,1.0000441219715368,0.001064760309863353
1389.0123457691766,1389.0123457691766,1.0006291042910944,0.0010649580827122732
1389.01929017171,1389.01929017171,1.000688296855476,0.0010647075120220524
1389.0262345742199,1389.0262345742199,0.9994741907254815,0.00106431002511182
1389.0331789767058,1389.0331789767058,0.9995415157180887,0.001064231363864046
1389.0401233791686,1389.0401233791686,1.0005134382864285,0.0010648331773675248
1389.0470677816086,1389.0470677816086,1.000019075686921,0.0010649054686990731
1389.0540121840022,1389.0540121840022,0.9989374707558824,0.0010641226864517024
1389.060956586372,1389.060956586372,1.000529449634045,0.0010648886073311506
1389.0679009887178,1389.0679009887178,1.0004929415560457,0.0010650543515423627
1389.0748453910182,1389.0748453910182,0.9998368334985613,0.0010646346822546593
1389.0817897933184,1389.0817897933184,1.0011361716387446,0.0010649156317130428
1389.088734195549,1389.088734195549,0.9990031550207495,0.0010640300400021228
1389.0956785977555,1389.0956785977555,0.9996965440660143,0.0010647906011769658
1389.102622999962,1389.102622999962,0.9992779910854248,0.0010641903563468418
1389.109567402123,1389.109567402123,1.0002983829001626,0.0010649255506053556
1389.1165118042602,1389.1165118042602,1.0016215767281575,0.0010656384407337297
1389.1234562063505,1389.1234562063505,0.9997402341913304,0.0010645538663122194
1389.1306783844975,1389.1306783844975,1.000160018371559,0.0010648332533464329
1389.140956099524,1389.140956099524,0.9991175523153277,0.0010648816194111532
1389.1484560536812,1389.1484560536812,1.0005423627329717,0.0010648517377753876
1389.1554004556315,1389.1554004556315,0.9989254247432748,0.0010643392379356903
1389.1634559618783,1389.1634559618783,0.9998450748472137,0.0010645545562480614
1389.1706781398393,1389.1706781398393,1.0009186153881082,0.0010650292926304766
1389.1776225416975,1389.1776225416975,0.9999477058743615,0.0010647089937744708
1389.184566943532,1389.184566943532,1.0005033158126533,0.0010648772501067212
1389.191511345342,1389.191511345342,0.9984263767734575,0.0010644853459398323
1389.1984557471073,1389.1984557471073,1.0014221680445157,0.0010649933053336958
1389.2054001488718,1389.2054001488718,0.9999040460948123,0.0010646937434554986
1389.212344550567,1389.212344550567,0.999271273951039,0.0010641254817889071
1389.2192889522612,1389.2192889522612,0.9992343207793872,0.0010645270707352894
1389.226233353909,1389.226233353909,1.0015030862731578,0.0010650282214134644
1389.2331777555576,1389.2331777555576,0.9995286027124901,0.001064528723972851
1389.2401221571363,1389.2401221571363,1.0013041148936053,0.0010649928699348545
1389.247066558714,1389.247066558714,0.9981683542658579,0.0010641145413688047
1389.2540109602455,1389.2540109602455,0.9999730149235937,0.001064366301815898
1389.2609553617308,1389.2609553617308,1.0006066346772635,0.001064839277410347
1389.2678997632397,1389.2678997632397,0.9996100666871601,0.0010644431267469545
1389.2748441646786,1389.2748441646786,1.0019657717341914,0.0010651533340477527
1389.281788566093,1389.281788566093,0.99766242157914,0.0010638253705066675
1389.2887329674618,1389.2887329674618,1.0000987325696118,0.0010649012693820087
1389.295677368808,1389.295677368808,0.9988066628846399,0.0010644527500301077
1389.30262177013,1389.30262177013,1.000473895084547,0.0010645868096661125
1389.3095661714292,1389.3095661714292,0.9981091887838268,0.0010635598917126637
1389.3165105726805,1389.3165105726805,0.9999532937160858,0.0010642400408518988
1389.3234549739332,1389.3234549739332,1.000302137710467,0.0010643374952622395
1389.330399375116,1389.330399375116,1.0021484028331842,0.0010653874931386884
1389.3373437762987,1389.3373437762987,0.99956244730465,0.0010645294716785385
1389.3442881774572,1389.3442881774572,0.9994268869254472,0.0010645047497355922
1389.3512325785464,1389.3512325785464,1.0003273181425236,0.0010645895612464101
1389.358176979636,1389.358176979636,1.0010192602311834,0.0010644599269579865
1389.3651213806793,1389.3651213806793,0.9999234782440783,0.0010645314363913999
1389.3720657816987,1389.3720657816987,0.9996071248239561,0.0010644642581228224
1389.379010182694,1389.379010182694,0.9989075840988277,0.0010640694133740422
1389.3859545836442,1389.3859545836442,0.9991638126689761,0.0010643553796169825
1389.3928989845706,1389.3928989845706,1.0001452165342275,0.0010646918226573138
1389.3998433854974,1389.3998433854974,1.000791560698636,0.001064634235884863
1389.4067877863301,1389.4067877863301,0.9990437040814015,0.0010643336727862683
1389.4153988433634,1389.4153988433634,1.001168754845732,0.0010651453982961408
1389.4234543483303,1389.4234543483303,1.0012701776122608,0.0010651962069366725
1389.4303987490707,1389.4303987490707,0.9994884815130158,0.001065171316806856
1389.4373431498102,1389.4373431498102,1.0011173174086476,0.0010652228630258936
1389.4442875505265,1389.4442875505265,0.9994333492493667,0.0010644939560009226
1389.4512319511973,1389.4512319511973,0.9989712603115786,0.0010645157778534312
1389.4581763518443,1389.4581763518443,0.9997746771820928,0.0010650639451390144
1389.4651207524453,1389.4651207524453,0.9988187869044187,0.0010647822161479348
1389.4720651530213,1389.4720651530213,0.9999893634480304,0.0010652279672157302
1389.4790095535752,1389.4790095535752,1.0010399160143018,0.0010654114969697013
1389.4859539541062,1389.4859539541062,0.9991334602382468,0.001065268172824021
1389.4928983546138,1389.4928983546138,1.001023334126708,0.0010655670305944188
1389.4998427550513,1389.4998427550513,1.000818309413334,0.0010654963316533406
1389.5067871554882,1389.5067871554882,1.0002772344057724,0.0010650922178429589
1389.513731555879,1389.513731555879,0.9986312635890642,0.0010646856440907134
1389.5206759562705,1389.5206759562705,1.0002956615209515,0.0010647584892022526
1389.527898132625,1389.527898132625,1.0005675745144564,0.0010648204195367464
1389.535953636939,1389.535953636939,0.9985111473584419,0.0010643227662180742
1389.54289803719,1389.54289803719,0.9993354588384309,0.001064780467291864
1389.5498424374414,1389.5498424374414,1.00223153928732,0.00106547534622175
1389.556786837693,1389.556786837693,0.9997864233422288,0.0010649805305254492
1389.5637312378744,1389.5637312378744,0.9997226051138537,0.001064942030559715
1389.5706756380312,1389.5706756380312,1.000621142574565,0.001064934914172531
1389.577620038143,1389.577620038143,0.9997602415916426,0.0010648426910222493
1389.584564438232,1389.584564438232,1.0000294869315056,0.0010645591919813753
1389.5915088382967,1389.5915088382967,0.9989038712286037,0.0010646411752488236
1389.598453238315,1389.598453238315,0.9983407256545013,0.0010644568536085247
1389.6053976383096,1389.6053976383096,1.0014060959108941,0.00106523880928192
1389.6128975902784,1389.6128975902784,1.0017151282418446,0.0010656171549428414
1389.620675318211,1389.620675318211,0.9992629884298644,0.0010650810862480409
1389.6276197180898,1389.6276197180898,1.0017958413697896,0.0010659761589791267
1389.6345641179905,1389.6345641179905,0.9997170769086751,0.0010654107945314768
1389.6415085177998,1389.6415085177998,0.9998213974855634,0.0010654100050706138
1389.6484529176087,1389.6484529176087,0.9986195390073755,0.0010651463254662886
1389.6553973173945,1389.6553973173945,0.9993918883336883,0.0010652071026359291
1389.66234171711,1389.66234171711,0.9996978313385233,0.0010655367805070305
1389.6692861168715,1389.6692861168715,0.9991358803941063,0.001065369504506202
1389.6762305165414,1389.6762305165414,1.0000490755924907,0.0010660034261718255
1389.6831749162102,1389.6831749162102,0.9997985969242041,0.0010659253981612608
1389.6901193157864,1389.6901193157864,1.0025373367084014,0.001066496965466684
1389.6978970433458,1389.6978970433458,1.0004703977325462,0.0010654293867658595
1389.7053969948718,1389.7053969948718,0.9998004447178224,0.0010648742285537627
1389.7123413944014,1389.7123413944014,0.999687245332573,0.0010651439668024009
1389.7192857938614,1389.7192857938614,0.9995848049785965,0.0010645623049748165
1389.7262301933445,1389.7262301933445,0.9988897714117121,0.0010647249308387064
1389.7331745927797,1389.7331745927797,0.9990664046557844,0.0010645076626713153
1389.7401189921927,1389.7401189921927,1.0009346820837168,0.001065204059811508
1389.7470633915593,1389.7470633915593,1.0001696647324931,0.0010649596147281528
1389.7540077908795,1389.7540077908795,1.0008020681771927,0.0010650828260363961
1389.7609521901995,1389.7609521901995,0.9998402489088309,0.0010651849874538611
1389.7678965894718,1389.7678965894718,1.0016116723117086,0.0010654497847396775
1389.7748409887222,1389.7748409887222,0.9984990632641241,0.0010646489857084871
1389.781785387926,1389.781785387926,1.0005950032683515,0.0010653369901587964
1389.7887297871064,1389.7887297871064,0.999315801999227,0.0010643751004970766
1389.7956741863102,1389.7956741863102,0.9994451383120015,0.0010646743833071625
1389.8026185853962,1389.8026185853962,0.9984989863682833,0.0010649185151333175
1389.8095629844836,1389.8095629844836,1.000089961473089,0.001066002528767157
1389.8165073835708,1389.8165073835708,0.99841621572223,0.0010657786419783692
1389.823451782565,1389.823451782565,1.0019695960574286,0.0010675680674165997
1389.8303961815816,1389.8303961815816,1.0034040437160008,0.0010681529239497528
1389.8384516843828,1389.8384516843828,1.0032146911788966,0.0010691826782848277
1389.8456738592704,1389.8456738592704,1.0038033425759514,0.0010702654143297198
1389.8526182581713,1389.8526182581713,0.9986993329271115,0.0010693775890666395
1389.8595626570493,1389.8595626570493,0.9956529638221584,0.0010690923082895838
1389.866507055856,1389.866507055856,0.9947894565384031,0.0010692148026417239
1389.873729230604,1389.873729230604,0.9939670190485579,0.0010694721570030062
1389.8820625091594,1389.8820625091594,0.9918618085838815,0.0010686273502534074
1389.8901180116816,1389.8901180116816,0.9918474603389379,0.0010682117579329394
1389.897062410396,1389.897062410396,0.9922281462275645,0.0010687111458095454
1389.904006809063,1389.904006809063,0.9932804104182036,0.0010701210176258895
1389.910951207708,1389.910951207708,0.9943379387361526,0.0010714983844396675
1389.9190067100906,1389.9190067100906,0.9966528795228712,0.001073005210658845
1389.927617764307,1389.927617764307,0.9949899128345214,0.0010708687420484192
1389.9345621628108,1389.9345621628108,0.9935906396843356,0.001069682203728877
1389.9415065613161,1389.9415065613161,0.993130289838912,0.0010686209663092613
1389.9487287357613,1389.9487287357613,0.9951681016822626,0.001068980748839559
1389.9567842379342,1389.9567842379342,0.9997112242204235,0.00106963105794919
1389.9640064122864,1389.9640064122864,1.0017369586527995,0.0010694967812023962
1389.9720619143882,1389.9720619143882,1.0029908825361598,0.0010690111957097819
1389.9803951924084,1389.9803951924084,1.0039066595156882,0.0010682386932945587
1389.9873395906811,1389.9873395906811,1.001526760768612,0.0010668825067489624
1389.9942839889532,1389.9942839889532,1.0001860762618089,0.0010660689963064847
1390.0012283872015,1390.0012283872015,1.0001648547759132,0.0010654901097349203
1390.0081727853806,1390.0081727853806,1.0000003861327311,0.0010647722851723908
1390.0153949594999,1390.0153949594999,0.9984046142383474,0.001064160051613583
1390.0234504613002,1390.0234504613002,0.9975204670106954,0.0010642626240959718
1390.031228187207,1390.031228187207,1.0002970637161674,0.0010648890446691675
1390.0392836889362,1390.0392836889362,1.0000184442644011,0.0010654473016894024
1390.0470614147496,1390.0470614147496,1.000188200618338,0.0010655725232787418
1390.054005812766,1390.054005812766,1.0008155941892258,0.0010654159131527404
1390.0609502107125,1390.0609502107125,1.000273288238406,0.0010650179429425803
1390.067894608635,1390.067894608635,1.00139867826677,0.0010656194405005994
1390.0748390065573,1390.0748390065573,0.999992888864116,0.0010654525282806752
1390.0817834044108,1390.0817834044108,0.99909594982798,0.0010650649809353667
1390.0887278022642,1390.0887278022642,0.9995974844148063,0.0010653382385752094
1390.0956722000706,1390.0956722000706,0.9999021376632926,0.0010649537477576715
1390.1026165978537,1390.1026165978537,0.9996984461690432,0.0010654486337106964
1390.1095609955896,1390.1095609955896,0.9988769324638949,0.0010645412691385361
1390.1165053933032,1390.1165053933032,0.9991440223202052,0.0010651296962575826
1390.1234497909934,1390.1234497909934,1.0014557737304284,0.0010656764363258344
1390.1303941886374,1390.1303941886374,1.000747006307889,0.0010656393796098166
1390.1373385862576,1390.1373385862576,1.0002156455982398,0.001065229535245907
1390.1442829838536,1390.1442829838536,1.0006375770139333,0.0010653456624507495
1390.1512273814274,1390.1512273814274,0.9992677203449143,0.0010650300908913487
1390.1581717789318,1390.1581717789318,1.0015870222451444,0.001065715011885101
1390.1651161764355,1390.1651161764355,0.998665323764904,0.0010645964033157008
1390.1720605738926,1390.1720605738926,0.9993303141720821,0.0010652924877708344
1390.179004971326,1390.179004971326,0.9987008794062598,0.0010648703647722318
1390.1859493687136,1390.1859493687136,0.999773131169697,0.0010651733018787204
1390.1928937661246,1390.1928937661246,1.0006031520540657,0.0010657556836964628
1390.1998381634658,1390.1998381634658,1.0003480991707867,0.0010652596628582534
1390.20678256069,1390.20678256069,1.0002427356082595,0.0010654251931242861
1390.2137269580066,1390.2137269580066,0.9990166139125632,0.0010652759736122235
1390.2206713552314,1390.2206713552314,1.0003576638918812,0.0010653755508720593
1390.2276157524561,1390.2276157524561,1.0004525409758762,0.001065164621989891
1390.234560149634,1390.234560149634,1.0005228294474384,0.0010656191112500795
1390.2415045467653,1390.2415045467653,1.0011929098273638,0.0010657515125625588
1390.2592822032825,1390.2592822032825,0.9993156507514198,0.00106584563286083
1390.2734487732528,1390.2734487732528,0.9994059079883669,0.001065941770486044
1390.2803931702208,1390.2803931702208,1.0004801769380087,0.0010661504218176007
1390.2873375671418,1390.2873375671418,0.9977692050247109,0.0010657716209721156
1390.2942819640639,1390.2942819640639,1.0017822125561926,0.0010665362032756705
1390.3012263609162,1390.3012263609162,0.9997727863363636,0.0010660615474295102
1390.3081707577915,1390.3081707577915,0.9993665001977761,0.0010662988114123243
1390.3151151545499,1390.3151151545499,1.0006196406197045,0.0010659092685250946
1390.322059551308,1390.322059551308,0.9993014539012013,0.0010660001496582134
1390.3290039480667,1390.3290039480667,1.0010806624181876,0.0010661684767810792
1390.335948344826,1390.335948344826,1.0003710747629926,0.0010664148390441466
1390.342892741515,1390.342892741515,0.9993921700614624,0.0010661744402332642
1390.3498371381575,1390.3498371381575,1.0011106405668357,0.0010664957385239525
1390.3567815347756,1390.3567815347756,0.9992808130076443,0.0010662794005095696
1390.3637259313484,1390.3637259313484,0.9987776065818463,0.0010658309064100432
1390.370670327921,1390.370670327921,1.0007794311464664,0.0010661842769369547
1390.3776147244475,1390.3776147244475,1.000064842693224,0.001066154381162554
1390.3845591209501,1390.3845591209501,0.9996929218567245,0.0010663449295182903
1390.3915035174057,1390.3915035174057,1.0009678681528549,0.0010666358908854204
1390.3984479138148,1390.3984479138148,1.0003769105027704,0.0010662017700120837
1390.4053923102247,1390.4053923102247,0.99970385728822,0.0010661924493056214
1390.4123367065881,1390.4123367065881,0.9987304399052638,0.001066100738543038
1390.4192811029277,1390.4192811029277,1.0000190032794016,0.0010661824073944807
1390.4262254992202,1390.4262254992202,0.9989590903488477,0.0010659950631857933
1390.4331698954898,1390.4331698954898,0.9999066824423698,0.0010663657722404637
1390.4401142917363,1390.4401142917363,1.0021084217021765,0.0010668592935064807
1390.4470586879602,1390.4470586879602,1.0013199166752809,0.001066868078857307
1390.454003084137,1390.454003084137,0.9995691570482856,0.001066206174055747
1390.46094748022,1390.46094748022,1.000413071918429,0.0010667304975823804
1390.4678918763498,1390.4678918763498,0.9982246720780592,0.0010658445270443043
1390.4748362724335,1390.4748362724335,0.9988914597443885,0.0010660507503549026
1390.4817806684707,1390.4817806684707,1.000993843841028,0.0010669050258250107
1390.4887250644847,1390.4887250644847,0.9990314507143123,0.0010661789875954374
1390.495669460452,1390.495669460452,1.001485041336466,0.0010666728700869058
1390.5026138564183,1390.5026138564183,0.9997169515820541,0.001066342332786603
1390.5095582523156,1390.5095582523156,0.9995197386201887,0.0010663255263631494
1390.5165026481898,1390.5165026481898,1.0000631921594747,0.0010665370356434812
1390.5234470440641,1390.5234470440641,1.0001751055974695,0.0010663289442483322
1390.5303914398685,1390.5303914398685,1.0004172826814173,0.0010660743125785986
1390.5384469389905,1390.5384469389905,0.999959611253676,0.00106592730171198
1390.5456691105715,1390.5456691105715,0.999906717997787,0.0010662081731949457
1390.552613506283,1390.552613506283,1.000303683848036,0.001066440130556404
1390.5595579019475,1390.5595579019475,0.9995648895254232,0.0010663241425104154
1390.566502297636,1390.566502297636,1.0004215923187902,0.0010664956130925116
1390.573446693253,1390.573446693253,1.0017471384264582,0.0010672376241947106
1390.5803910888474,1390.5803910888474,0.9985877848605285,0.0010659107348981647
1390.5873354843723,1390.5873354843723,0.9990321900860067,0.0010660552725222732
1390.5942798799206,1390.5942798799206,0.9985432495626118,0.001066150866631004
1390.6012242753754,1390.6012242753754,1.0008573506262328,0.001066775969065458
1390.6081686708305,1390.6081686708305,1.0006167090439113,0.001066170132821735
1390.6151130662843,1390.6151130662843,0.9995312455623313,0.0010658419857138511
1390.6220574616698,1390.6220574616698,1.0010364511008434,0.0010665108278475797
1390.6290018570317,1390.6290018570317,1.0000026976563094,0.0010661924075512975
1390.6359462523474,1390.6359462523474,0.9995382313997645,0.0010660136910979237
1390.6428906476626,1390.6428906476626,1.0013463438318764,0.0010660789919887596
1390.6498350429076,1390.6498350429076,0.9987165442647175,0.0010653498874878473
1390.6567794381294,1390.6567794381294,0.9998327513341927,0.0010656021762264556
1390.6640016091521,1390.6640016091521,1.0002071333708602,0.0010658341584417089
1390.6720571075298,1390.6720571075298,0.9997955905434978,0.0010661209671169423
1390.6790015026593,1390.6790015026593,1.0012032312610202,0.001066540442045889
1390.6859458977644,1390.6859458977644,1.0011204772662337,0.0010665343223955986
1390.692890292823,1390.692890292823,1.000734791935363,0.0010663432419254723
1390.6998346878358,1390.6998346878358,1.0013218168322968,0.0010666137037001176
1390.7067790828485,1390.7067790828485,0.9982021093164505,0.0010656015658192333
1390.7137234778147,1390.7137234778147,0.9993027983748515,0.001066072322808327
1390.7206678727346,1390.7206678727346,0.998507773473051,0.0010657395321543052
1390.7276122676294,1390.7276122676294,1.0001235170375242,0.0010660598319159437
1390.7345566625024,1390.7345566625024,1.0004401608522189,0.0010663589159579112
1390.7415010573288,1390.7415010573288,1.0005102105593076,0.001066323391016249
1390.7484454521323,1390.7484454521323,0.9992744871192457,0.0010656395347453
1390.7553898469123,1390.7553898469123,1.0010729896099453,0.0010665480207791762
1390.762334241645,1390.762334241645,1.0003225010456351,0.0010660602915076437
1390.7692786363543,1390.7692786363543,1.0003933961090776,0.00106653039383253
1390.7762230310177,1390.7762230310177,1.0003872016655038,0.0010659728156834781
1390.783167425658,1390.783167425658,1.0001437338873278,0.0010660077223746962
1390.7901118202517,1390.7901118202517,0.9983605060602914,0.0010653208308970803
1390.7970562148219,1390.7970562148219,1.00105529638584,0.0010666897408880354
1390.8040006093681,1390.8040006093681,0.999008506419182,0.0010660241396046313
1390.810945003845,1390.810945003845,0.9999947183843391,0.0010660318267112817
1390.8178893983688,1390.8178893983688,1.0003295731184663,0.001066087982758866
1390.824833792823,1390.824833792823,0.9990611083569627,0.0010656692510325146
1390.8317781871838,1390.8317781871838,0.9991950141296618,0.0010660501323665338
1390.8387225815675,1390.8387225815675,1.0013746951900104,0.0010668072200294557
1390.8456669759044,1390.8456669759044,0.9983297276770978,0.001065437631631035
1390.8526113702185,1390.8526113702185,0.9999485711676144,0.001065946319746033
1390.8595557644862,1390.8595557644862,1.0007043464301568,0.0010661990242082022
1390.8665001587538,1390.8665001587538,1.0007506429215147,0.00106635239580518
1390.8734445529517,1390.8734445529517,0.9988327528007808,0.001065437478548397
1390.8803889471255,1390.8803889471255,1.0001356042605822,0.0010661103834195057
1390.8873333412762,1390.8873333412762,0.9996089934402719,0.0010656097148392194
1390.8942777353807,1390.8942777353807,1.0007777882423654,0.00106630060015227
1390.9012221294622,1390.9012221294622,0.9987265326712738,0.0010654535079866784
1390.908166523497,1390.908166523497,1.0007818531875912,0.0010661140817945578
1390.915110917532,1390.915110917532,1.001492582586301,0.0010662052432916646
1390.922055311496,1390.922055311496,0.9996527454532625,0.001065874595210548
1390.9289997054375,1390.9289997054375,0.9983491204079575,0.0010656957880140641
1390.9359440993562,1390.9359440993562,1.0007355550591481,0.0010659517795231078
1390.942888493251,1390.942888493251,0.99758107324792,0.0010652180027191894
1390.9498328870998,1390.9498328870998,1.0026838065214134,0.0010661230784081187
1390.9567772809019,1390.9567772809019,0.99958244998823,0.001065534756194589
1390.9637216746792,1390.9637216746792,0.9991757604109086,0.0010654640431053612
1390.9706660684114,1390.9706660684114,1.000327566704474,0.0010654955388669167
1390.9776104621203,1390.9776104621203,1.0011705742460726,0.0010659408469752979
1390.984554855806,1390.984554855806,0.9992449671647637,0.0010654713898569257
1390.991499249445,1390.991499249445,1.0014911201071128,0.0010658408869330413
1390.9984436430836,1390.9984436430836,0.9996621412064867,0.001065466329291641
1391.0053880366283,1391.0053880366283,0.9987613338834457,0.001065452733370727
1391.0123324301978,1391.0123324301978,0.9992145797606995,0.0010656459771486396
1391.0192768237205,1391.0192768237205,1.0011198244620967,0.0010661623203213322
1391.0262212171733,1391.0262212171733,1.001047574717681,0.0010663286092143392
1391.0331656106496,1391.0331656106496,0.9994541380678438,0.0010660000640844002
1391.0401100040547,1391.0401100040547,0.9998616282389079,0.0010660253241319012
1391.0470543974375,1391.0470543974375,0.9981715606470128,0.0010656478247288964
1391.0539987907737,1391.0539987907737,1.0020333631346483,0.0010666095210379828
1391.0609431841333,1391.0609431841333,0.9991150781643784,0.001065367907274178
1391.0678875774,1391.0678875774,0.9998949538250763,0.0010659943544249063
1391.0748319706663,1391.0748319706663,0.9994713326244371,0.0010657162718379792
1391.0817763638156,1391.0817763638156,1.0001756128788852,0.0010658152803825966
1391.0887207570352,1391.0887207570352,1.0024504886628471,0.0010668099668243794
1391.0956651501851,1391.0956651501851,0.9969467862684759,0.0010648968950691512
1391.102609543289,1391.102609543289,0.9998063668871037,0.0010654749941718398
1391.1095539363691,1391.1095539363691,0.9994994346571249,0.0010656769274644225
1391.1164983294261,1391.1164983294261,0.9994896207166134,0.0010656061895346035
1391.1234427224356,1391.1234427224356,1.0006739442638988,0.001066012372463127
1391.1314982182753,1391.1314982182753,1.0000067308875706,0.0010655698076784672
1391.1387203869465,1391.1387203869465,0.9995419547352704,0.0010653785831106818
1391.1456647798407,1391.1456647798407,1.0005867542531597,0.0010655147792946937
1391.1526091727344,1391.1526091727344,1.0004643535674425,0.0010656363357027141
1391.1595535655583,1391.1595535655583,0.9997801632104497,0.0010657391014922142
1391.166497958358,1391.166497958358,1.0004296307158005,0.0010653987413060172
1391.1734423511123,1391.1734423511123,1.0002658139455496,0.0010656852395020126
1391.1803867438898,1391.1803867438898,0.9990123961134991,0.0010655627403487068
1391.1873311365744,1391.1873311365744,0.999178289593992,0.0010654026937670946
1391.194275529259,1391.194275529259,0.9988854791582149,0.001065643634430302
1391.201219921873,1391.201219921873,1.0016303798387294,0.00106625583240233
1391.2081643144868,1391.2081643144868,1.0006232421018908,0.0010664846617456669
1391.2151087070317,1391.2151087070317,1.0011046555883607,0.0010666560036454932
1391.2220530995764,1391.2220530995764,0.9998876309731124,0.0010664013392435244
1391.2289974920511,1391.2289974920511,0.9988999815583643,0.0010656511387496488
1391.2359418845494,1391.2359418845494,1.0008551011840292,0.0010663541803912178
1391.2428862769775,1391.2428862769775,0.9998866026096713,0.0010663836849405626
1391.2501084450657,1391.2501084450657,0.9985744600268538,0.0010657686189780924
1391.2581639402072,1391.2581639402072,0.9999666652462492,0.0010663895871556224
1391.2651083325422,1391.2651083325422,0.9990004592945185,0.0010658409595413298
1391.2720527248307,1391.2720527248307,1.0008625555890016,0.0010664547919333005
1391.278997117073,1391.278997117073,1.0019229433383399,0.0010669320593101465
1391.2867748363667,1391.2867748363667,0.9988043203289857,0.001066108598338415
1391.294274779953,1391.294274779953,0.9991759099735867,0.0010657451914881696
1391.3012191720554,1391.3012191720554,1.000788714757062,0.0010661804712025187
1391.308163564158,1391.308163564158,1.00052615279189,0.0010663305982957284
1391.3151079562601,1391.3151079562601,1.0006568253471548,0.001066238138095051
1391.3220523483162,1391.3220523483162,0.9980033898820085,0.0010655085616055058
1391.3289967403243,1391.3289967403243,1.0011534406925195,0.0010665435506740702
1391.3359411322867,1391.3359411322867,1.0001204050190489,0.0010661123982836267
1391.3428855242494,1391.3428855242494,0.9997989666860013,0.0010663521890566352
1391.3498299161422,1391.3498299161422,1.0001653735772869,0.0010660972030561372
1391.3567743080118,1391.3567743080118,0.9997649739944438,0.0010656867657940915
1391.3637186998346,1391.3637186998346,0.9985338600794922,0.0010654398534724603
1391.3706630916568,1391.3706630916568,0.9989183929616349,0.0010657806012010266
1391.3776074834327,1391.3776074834327,1.0023112646902557,0.0010665676034342596
1391.3845518751855,1391.3845518751855,0.9992179598567745,0.0010659127314747022
1391.3914962668691,1391.3914962668691,1.0022256416030655,0.001066915214014494
1391.3984406585291,1391.3984406585291,0.9994314779036554,0.0010662778404288927
1391.4053850501891,1391.4053850501891,0.9996762836873005,0.0010661282686227317
1391.4123294417557,1391.4123294417557,1.000294672402735,0.0010662812325124803
1391.4192738333682,1391.4192738333682,0.999233225461554,0.0010657946037800944
1391.4262182248883,1391.4262182248883,0.9997897157754826,0.0010659918154350535
1391.433162616409,1391.433162616409,0.998386316396197,0.0010654538701209784
1391.4401070078125,1391.4401070078125,1.0009195224229601,0.0010670267479504691
1391.4470513992633,1391.4470513992633,0.9990344207962432,0.001065969169047621
1391.4539957906668,1391.4539957906668,1.0011877118125114,0.0010668248300758037
1391.4609401819996,1391.4609401819996,1.002711092795825,0.0010671094335281135
1391.4678845733338,1391.4678845733338,0.9989188324356764,0.0010660014347171364
1391.474828964621,1391.474828964621,0.9996256253970135,0.0010660250773306705
1391.4817733558623,1391.4817733558623,0.9991834892386471,0.0010660499051422354
1391.4887177470796,1391.4887177470796,1.0004294966954548,0.001066109640697496
1391.4956621382742,1391.4956621382742,0.9993128205588814,0.001065761965792927
1391.5026065294442,1391.5026065294442,0.9993998595053833,0.0010658961641304122
1391.509550920545,1391.509550920545,1.0001694297249704,0.0010661799203090492
1391.5164953116232,1391.5164953116232,1.000334397991441,0.0010658243868656525
1391.523439702678,1391.523439702678,0.9999763543813666,0.0010662051162459185
1391.530384093709,1391.530384093709,1.0003543936412718,0.0010664648142514077
1391.5373284846705,1391.5373284846705,1.0006475795935263,0.0010659520533472038
1391.5448284268828,1391.5448284268828,1.0025272741610134,0.0010667530676149663
1391.5526061447097,1391.5526061447097,0.9990110824809963,0.0010661210232280369
1391.5595505355548,1391.5595505355548,0.9985783901193743,0.001065747074771127
1391.5664949264003,1391.5664949264003,0.9988956161806362,0.0010655534995962666
1391.5734393171751,1391.5734393171751,1.0001789128926102,0.0010662444844049888
1391.5803837079507,1391.5803837079507,0.9997393467731028,0.0010659921870304731
1391.5873280986787,1391.5873280986787,1.0012162835761393,0.0010662829045774683
1391.5942724893598,1391.5942724893598,0.9995671041378447,0.0010657949677786995
1391.6012168800423,1391.6012168800423,1.0012424381570777,0.0010662626360284882
1391.6081612706312,1391.6081612706312,0.9996120198365721,0.0010656306502319977
1391.6151056612434,1391.6151056612434,1.0016029911770887,0.0010660463835016993
1391.6220500517861,1391.6220500517861,1.0005238578170912,0.001065386605570769
1391.6289944423047,1391.6289944423047,0.9985772914280698,0.0010649593288453597
1391.6359388327764,1391.6359388327764,0.9993402116281518,0.0010653264647425221
1391.6428832232023,1391.6428832232023,1.0007049378425505,0.0010660818715201297
1391.649827613675,1391.649827613675,1.0003045488277453,0.0010659859949583416
1391.6567720040312,1391.6567720040312,0.9989845023548669,0.0010653689628149388
1391.6637163943872,1391.6637163943872,1.00183436455738,0.0010663488251977898
1391.670660784627,1391.670660784627,0.9988479737122867,0.0010653973527198835
1391.6776051749355,1391.6776051749355,1.0000393791141302,0.001066312619903467
1391.6845495651748,1391.6845495651748,0.9994630304887588,0.0010657993656620385
1391.691493955368,1391.691493955368,0.9996816605065323,0.0010660680795815847
1391.6984383455379,1391.6984383455379,0.999278665031542,0.0010659540641728819
1391.7053827356615,1391.7053827356615,1.001074447578713,0.0010665089979362487
1391.7123271257383,1391.7123271257383,0.9999276224560102,0.0010661770528263281
1391.7192715158149,1391.7192715158149,1.0012001741994023,0.0010665388915577514
1391.7262159058434,1391.7262159058434,1.0012085440509935,0.001066099438427642
1391.733160295804,1391.733160295804,0.9992036813946363,0.0010658067585894628
1391.7401046857874,1391.7401046857874,1.0002934957775023,0.001065600113940221
1391.7470490756782,1391.7470490756782,0.9999374024221147,0.0010656523196602243
1391.7539934655686,1391.7539934655686,0.9990687113666178,0.0010653635910797424
1391.7609378554123,1391.7609378554123,1.001183653767326,0.001065791178835426
1391.767882245186,1391.767882245186,1.0004109824038783,0.0010658152286970642
1391.7748266349595,1391.7748266349595,0.9990578463627017,0.0010651633215845004
1391.7817710247334,1391.7817710247334,0.9998249112375379,0.0010655449311433745
1391.7887154144378,1391.7887154144378,1.000069993277974,0.0010652966187838398
1391.7956598041187,1391.7956598041187,1.00104007951113,0.0010657660368565628
1391.8039930716611,1391.8039930716611,0.9988566773230309,0.0010649309659293885
1391.810937461249,1391.810937461249,1.0003973067676473,0.0010655021527126655
1391.820104055447,1391.820104055447,1.0004174363573548,0.0010651762335722144
1391.8276039961,1391.8276039961,1.000227823976505,0.0010652797243890923
1391.8345483855949,1391.8345483855949,1.0000908844874374,0.0010650814767059185
1391.8414927750196,1391.8414927750196,0.9998761229511638,0.0010651340116450236
1391.8484371644213,1391.8484371644213,1.0000602062008361,0.0010653866698492583
1391.8564926560935,1391.8564926560935,1.0000620317869318,0.0010652095417149773
1391.8637148209682,1391.8637148209682,0.9992262509296117,0.0010646426312237597
1391.8706592102303,1391.8706592102303,1.0000849621184655,0.001064990017577096
1391.8776035995154,1391.8776035995154,0.9998156472163497,0.0010647375990539697
1391.8845479887304,1391.8845479887304,0.9993054670263648,0.0010646660232662328
1391.8914923778993,1391.8914923778993,1.000230945839284,0.0010651451464091298
1391.8984367669982,1391.8984367669982,0.999953609217053,0.0010647323223810664
1391.9053811561196,1391.9053811561196,1.0007759563876202,0.0010651759670388574
1391.9123255451946,1391.9123255451946,1.001522349654786,0.0010652756677952179
1391.9192699342002,1391.9192699342002,1.0013714073560245,0.0010654537123823795
1391.9270476498855,1391.9270476498855,0.9980262206689829,0.0010643961808151354
1391.934547589957,1391.934547589957,0.9986558314178314,0.0010646661882072789
1391.9414919788462,1391.9414919788462,1.000244917333965,0.0010653354997422816
1391.9484363677354,1391.9484363677354,0.9996677060275954,0.0010650908976063715
1391.9553807565776,1391.9553807565776,1.000201814506865,0.0010653836831098463
1391.9623251453963,1391.9623251453963,1.0001030870447438,0.0010650047181094118
1391.9692695341464,1391.9692695341464,1.0010042138817448,0.0010656547006675239
1391.9762139228958,1391.9762139228958,0.9993775394807753,0.0010647817178686676
1391.9831583115756,1391.9831583115756,0.9992733712677445,0.0010647850166761136
1391.9901027002556,1391.9901027002556,0.9996612084348641,0.0010649975053061748
1391.9970470888652,1391.9970470888652,1.0016662868333388,0.0010651980309029558
1392.003991477474,1392.003991477474,0.9993829518705983,0.0010647279030670616
1392.0109358659906,1392.0109358659906,1.0004625475846989,0.001064691879903056
1392.0178802545306,1392.0178802545306,0.9988646593731996,0.001064360158986717
1392.0248246430008,1392.0248246430008,0.9998167119058484,0.001064196885820455
1392.0317690314478,1392.0317690314478,0.9998665968470964,0.0010645312520659559
1392.0387134198481,1392.0387134198481,1.000687030584817,0.0010643927472759056
1392.0456578082253,1392.0456578082253,0.9996111990225494,0.0010641194369807169
1392.0526021965545,1392.0526021965545,1.0005555427432906,0.001064253238845271
1392.0595465848387,1392.0595465848387,1.0003625482350085,0.0010646983783335743
1392.0664909730992,1392.0664909730992,1.0003173886398222,0.0010641523775778022
1392.0734353613134,1392.0734353613134,1.0000775078132984,0.0010645432858395368
1392.0812130760678,1392.0812130760678,1.000814881813281,0.0010646680185455067
1392.088713015254,1392.088713015254,0.9998860565581797,0.001064474531403785
1392.0956574033978,1392.0956574033978,0.9982053654630153,0.0010640120042598594
1392.1028795669458,1392.1028795669458,1.0005883255643044,0.001065161066803169
1392.1109350570582,1392.1109350570582,1.0002330121814844,0.0010646374818913636
1392.1178794450857,1392.1178794450857,0.9984445168950643,0.0010642587177423202
1392.1248238329974,1392.1248238329974,1.000588703738101,0.0010645212387092678
1392.1317682209321,1392.1317682209321,1.0005300236728032,0.0010647615580862677
1392.1387126087968,1392.1387126087968,0.999636930868928,0.0010645093859537
1392.1462125476573,1392.1462125476573,0.9984971905386824,0.0010640151539359295
1392.153990261991,1392.153990261991,1.0001029666825478,0.0010645382547199785
1392.1609346497396,1392.1609346497396,1.0005777442524662,0.0010643826125960017
1392.167879037465,1392.167879037465,1.0014245343871557,0.0010644863235171763
1392.1748234251668,1392.1748234251668,0.9999738530286904,0.0010641903438412363
1392.1817678127986,1392.1817678127986,1.0012382147442416,0.001064669540524907
1392.1887122003843,1392.1887122003843,0.9997136165628524,0.001063921523637761
1392.195656587969,1392.195656587969,0.998951358972546,0.0010639326211614732
1392.2026009755307,1392.2026009755307,1.0001625092712723,0.0010645460160192187
1392.2095453629763,1392.2095453629763,0.9998778093252746,0.0010644277441157165
1392.2164897504222,1392.2164897504222,1.00011199175282,0.0010650020220046594
1392.223434137868,1392.223434137868,1.0007575465438572,0.0010648901546181715
1392.2303785252902,1392.2303785252902,0.9974058423070117,0.0010639283865733565
1392.23732291262,1392.23732291262,1.00024277187537,0.0010652966863045044
1392.2442672999255,1392.2442672999255,1.0009842035313474,0.0010650880070182318
1392.254267217567,1392.254267217567,1.0008909908129149,0.0010648569328004158
1392.2623227067713,1392.2623227067713,0.9982849091468001,0.0010642833422062283
1392.273433726219,1392.273433726219,1.0001683944403963,0.0010643653280240654
1392.285933623016,1392.285933623016,0.9988369155521545,0.0010635999741219126
1392.293711336489,1392.293711336489,1.000552544958158,0.0010641852575209386
1392.3012112744639,1392.3012112744639,0.9990243434065749,0.001064593389805029
1392.3081556614438,1392.3081556614438,1.000605506858677,0.0010653305037656214
1392.3159333747546,1392.3159333747546,1.0024647021295683,0.001065940325979417
1392.3234333126607,1392.3234333126607,1.0004749052764241,0.0010660538692656809
1392.3320443522784,1392.3320443522784,1.0031252981408172,0.0010675762620371712
1392.3400998409938,1392.3400998409938,1.0021768333559848,0.0010679077925808396
1392.3470442277173,1392.3470442277173,1.001898765605071,0.0010686254424170794
1392.3539886144404,1392.3539886144404,0.997988424660444,0.00106808553674693
1392.360933001118,1392.360933001118,0.9941645878799669,0.0010674116980449763
1392.3678773877489,1392.3678773877489,0.9948047194634257,0.0010685821583356456
1392.3748217743796,1392.3748217743796,0.9942762792688897,0.001069064241791475
1392.3817661609405,1392.3817661609405,0.9950135670088365,0.0010707676686531934
1392.3892660983574,1392.3892660983574,0.9983905384379141,0.0010724898709664186
1392.398154913077,1392.398154913077,0.9972200985449942,0.0010721092512387081
1392.4053770749485,1392.4053770749485,0.9970536741153813,0.0010727036019498163
1392.4123214613464,1392.4123214613464,0.9990806629248432,0.0010730663823237962
1392.4192658476982,1392.4192658476982,0.9974776146226996,0.0010724967481527384
1392.4262102340497,1392.4262102340497,0.9955438661959564,0.0010716505767610505
1392.4331546203312,1392.4331546203312,0.9953784467687958,0.0010704575424025134
1392.440099006543,1392.440099006543,0.9956268365635704,0.0010696617811196167
1392.4470433927547,1392.4470433927547,0.9971808086698356,0.0010690334439426474
1392.4539877789184,1392.4539877789184,0.9979054362568555,0.0010681672554574517
1392.4609321650373,1392.4609321650373,1.0025901418084486,0.001068664596822014
1392.4678765511094,1392.4678765511094,1.00432487508053,0.0010684092600882111
1392.4762098143678,1392.4762098143678,1.0027186101522552,0.0010670054094725136
1392.48315420037,1392.48315420037,1.0017568365036724,0.001065923578955053
1392.490098586349,1392.490098586349,0.9999175640207894,0.001064637620502507
1392.4970429722812,1392.4970429722812,0.9983811046157129,0.0010633493077244552
1392.5039873581431,1392.5039873581431,1.0016198194533477,0.0010641689428272834
1392.510931744005,1392.510931744005,0.9983360832538383,0.0010628284249289543
1392.5178761298212,1392.5178761298212,1.0004847065621885,0.0010637388509138672
1392.5248205156136,1392.5248205156136,0.9989181739272468,0.0010634901423863614
1392.5317649013364,1392.5317649013364,0.9994117638329596,0.0010637977040549907
1392.5387092870365,1392.5387092870365,1.000645288768691,0.0010642045163992587
1392.5456536726892,1392.5456536726892,0.9996276821983943,0.0010641625985271864
1392.5525980582956,1392.5525980582956,1.0005463710368299,0.0010644145516704611
1392.5595424438773,1392.5595424438773,1.0010964335014207,0.0010643687174431715
1392.5664868294139,1392.5664868294139,1.000102483504484,0.0010646310133302786
1392.5734312149038,1392.5734312149038,0.9972581908887557,0.0010638642890145658
1392.5803756003704,1392.5803756003704,0.9991230697850533,0.0010639553014610565
1392.5873199857904,1392.5873199857904,1.0007548555264747,0.001064679905938926
1392.5942643711642,1392.5942643711642,0.9993706552566414,0.0010639308673278058
1392.6012087565143,1392.6012087565143,1.0022052105191346,0.0010648549298750162
1392.608153141818,1392.608153141818,0.9991693361400513,0.0010641373922364128
1392.6150975270973,1392.6150975270973,1.0013795320002425,0.0010645118263346355
1392.6220419123078,1392.6220419123078,1.0004134532852433,0.0010642365513549806
1392.6289862975186,1392.6289862975186,0.99886695927284,0.001063615429382789
1392.635930682636,1392.635930682636,0.9993120924217122,0.0010638025699501274
1392.6428750677535,1392.6428750677535,0.9989057866742952,0.0010635205596903215
1392.6498194528244,1392.6498194528244,1.0010841510950086,0.0010639068009817424
1392.6570416132533,1392.6570416132533,0.9992226316578245,0.0010635541183251077
1392.665097099826,1392.665097099826,1.0008899725776075,0.0010640860204035791
1392.6723192601846,1392.6723192601846,1.0007018125162586,0.0010642332657510565
1392.6803747466645,1392.6803747466645,0.9998024308923504,0.0010633395904519347
1392.6887080084562,1392.6887080084562,1.0011659057240825,0.0010643447718490895
1392.695652393271,1392.695652393271,1.0004746902857984,0.0010639317291396854
1392.703707879635,1392.703707879635,1.000155945018183,0.0010639233081283284
1392.7123189166684,1392.7123189166684,0.9982221207341121,0.0010632071966793423
1392.7192633013199,1392.7192633013199,0.9996014708516568,0.0010637863042507788
1392.7262076859708,1392.7262076859708,1.0003544146025714,0.0010642535070817592
1392.7331520705525,1392.7331520705525,1.0011907953362384,0.0010640776901989163
1392.7400964550882,1392.7400964550882,0.9995248012075881,0.0010643786345392973
1392.7542629994236,1392.7542629994236,0.9995002514157243,0.001063935797896807
1392.7720406235317,1392.7720406235317,0.9994438624867694,0.0010642500034998468
1392.7789850078561,1392.7789850078561,1.0020044294259622,0.001065269098356272
1392.7859293921588,1392.7859293921588,0.99917721096921,0.0010645100788603226
1392.7928737764146,1392.7928737764146,1.000193047027954,0.0010650050654481707
1392.7998181606006,1392.7998181606006,0.9995237562900343,0.0010647391662305147
1392.806762544764,1392.806762544764,1.0006087963690502,0.001064991347768918
1392.8137069289035,1392.8137069289035,0.9990675892518383,0.0010644994100754675
1392.8206513129962,1392.8206513129962,0.9991560022009047,0.001064417718371881
1392.827595697043,1392.827595697043,1.000509820954504,0.0010650348815876769
1392.8345400810417,1392.8345400810417,0.9999872086875005,0.001064775822877619
1392.8414844649947,1392.8414844649947,0.9997303232046952,0.001064923547601225
1392.8484288489478,1392.8484288489478,1.000242219822454,0.001064694917099368
1392.8553732328314,1392.8553732328314,1.000014487090822,0.00106476799027436
1392.8623176166682,1392.8623176166682,1.0001196344982943,0.001064909308750963
1392.8692620004817,1392.8692620004817,0.9997243259334123,0.0010646109982404594
1392.8762063842487,1392.8762063842487,1.000985924134243,0.0010649170770435361
1392.8831507679693,1392.8831507679693,0.9990996380886491,0.0010644066927164354
1392.890095151643,1392.890095151643,1.0010960054848896,0.0010646907559677583
1392.8970395352928,1392.8970395352928,1.0009801808949699,0.001064877689660544
1392.9039839188968,1392.9039839188968,0.9985783476073149,0.0010643904480249486
1392.910928302454,1392.910928302454,0.9993106080164285,0.0010642225958614787
1392.9178726859652,1392.9178726859652,1.000035444423522,0.0010647215793399957
1392.9248170694295,1392.9248170694295,0.9997450762608191,0.0010647397095965663
1392.9317614528939,1392.9317614528939,0.9993969054643577,0.0010644351791801723
1392.9387058362652,1392.9387058362652,1.0012579259406613,0.0010651329067804312
1392.9456502196363,1392.9456502196363,1.000659112755816,0.0010649212257967632
1392.9525946029364,1392.9525946029364,0.999686831369152,0.0010644211978138136
1392.9595389862145,1392.9595389862145,0.9982538247058368,0.0010641066142911945
1392.966483369446,1392.966483369446,1.0004103834703213,0.0010646395069830565
1392.973427752608,1392.973427752608,1.0004369714185697,0.0010647093968228826
1392.9803721357696,1392.9803721357696,1.0001284300322173,0.001064496732064391
1392.9873165189078,1392.9873165189078,1.000067466108214,0.001064886208928179
1392.9942609019533,1392.9942609019533,1.001473294276232,0.001065317295561404
1393.0012052849752,1393.0012052849752,1.0002990057855954,0.0010649881645769385
1393.00814966795,1393.00814966795,0.9995809197869565,0.0010648077207010265
1393.0150940509016,1393.0150940509016,0.9990584754664102,0.0010648579142129703
1393.022038433807,1393.022038433807,0.9988454812525734,0.0010650177765823515
1393.028982816666,1393.028982816666,1.0006048438452535,0.001065476689341742
1393.0359271995017,1393.0359271995017,1.000424221251749,0.0010656175073725333
1393.042871582291,1393.042871582291,1.0000861206241727,0.0010654304572902287
1393.0498159649635,1393.0498159649635,0.9998144529617712,0.0010653376854337184
1393.0567603476825,1393.0567603476825,1.0011525512950081,0.0010655197695018115
1393.0637047303323,1393.0637047303323,0.9988169657764283,0.0010648745429628031
1393.0706491129342,1393.0706491129342,0.9984980212135788,0.001064773464768979
1393.0775934955134,1393.0775934955134,0.9999387208816464,0.0010649596968859132
1393.084537878,1393.084537878,1.0007496589059846,0.0010652456847319697
1393.0914822605096,1393.0914822605096,1.0008752268759902,0.0010650391989788317
1393.0984266429264,1393.0984266429264,0.9994641908421633,0.0010648062975037059
1393.1053710253432,1393.1053710253432,1.0008414812069286,0.0010652316564957712
1393.1123154076897,1393.1123154076897,1.0005329051551015,0.001064716645378385
1393.119259790013,1393.119259790013,1.00126398337938,0.0010649691342899709
1393.1262041722669,1393.1262041722669,0.9987800375595464,0.0010642472829639118
1393.1331485544727,1393.1331485544727,0.9992420822622161,0.0010642854179591455
1393.1400929366798,1393.1400929366798,0.9992934285163161,0.0010645312484961961
1393.1470373188401,1393.1470373188401,0.9984001072899419,0.0010641479304308993
1393.153981700954,1393.153981700954,1.0007997296081006,0.0010646219046167955
1393.1609260829985,1393.1609260829985,1.001532196568268,0.00106493291442328
1393.1678704650192,1393.1678704650192,1.0000622543842932,0.0010643788339590504
1393.1748148469935,1393.1748148469935,1.0001902216332241,0.001064413115236778
1393.181759228898,1393.181759228898,0.9997617545097297,0.00106449294679559
1393.188703610825,1393.188703610825,1.0004813670598973,0.001064751729198022
1393.195647992659,1393.195647992659,1.0001646501049593,0.0010646300004651054
1393.20259237447,1393.20259237447,0.999431151145697,0.0010645566396928641
1393.2095367562347,1393.2095367562347,1.0000841775263556,0.001064738504308567
1393.2164811379298,1393.2164811379298,0.9995925457350664,0.0010650187662917423
1393.2234255196477,1393.2234255196477,1.0010858920864332,0.0010651076110797808
1393.230369901296,1393.230369901296,0.9987189773258107,0.0010644252458148833
1393.2373142828278,1393.2373142828278,0.9998020937543025,0.0010647440445011999
1393.2450919901546,1393.2450919901546,0.9999322262060655,0.0010645290510075981
1393.252591922193,1393.252591922193,0.9982230057453322,0.0010641054691526242
1393.259536303654,1393.259536303654,1.0008854996560086,0.0010651569303618217
1393.2664806850462,1393.2664806850462,1.0017781726681292,0.0010654663732084038
1393.273425066415,1393.273425066415,0.9994079574321282,0.0010646524448636042
1393.2803694477375,1393.2803694477375,1.0011490793869036,0.0010646927244054014
1393.2873138290133,1393.2873138290133,1.000688540931177,0.0010646490121512472
1393.2942582102428,1393.2942582102428,0.9982070997644676,0.0010639570803413227
1393.3012025914484,1393.3012025914484,0.9994009618086063,0.0010645472637913563
1393.3081469725844,1393.3081469725844,1.0005015072729566,0.0010648630952554117
1393.315091353697,1393.315091353697,1.0001211130939351,0.0010647534897510413
1393.322035734785,1393.322035734785,1.0001016188304779,0.0010644856912031722
1393.3289801157816,1393.3289801157816,1.0004736741963338,0.0010644955169814647
1393.3359244967546,1393.3359244967546,0.9989356825228674,0.0010641646846006386
1393.3428688776578,1393.3428688776578,0.9992378175558428,0.0010646123343847457
1393.3498132585612,1393.3498132585612,0.9999211429519349,0.0010645186907198838
1393.3567576393946,1393.3567576393946,1.0007881674122314,0.0010644478377607803
1393.3637020202048,1393.3637020202048,1.0011372407408352,0.001064490138691553
1393.3706464009451,1393.3706464009451,1.0007836497724925,0.0010645609942718979
1393.377590781662,1393.377590781662,0.9992939699045482,0.0010640996714913467
1393.3845351623545,1393.3845351623545,1.000205517071494,0.0010642360187338496
1393.3914795429548,1393.3914795429548,1.0002675033635913,0.0010643904514490475
1393.398423923532,1393.398423923532,0.9975502327978676,0.0010641473821971685
1393.4053683040397,1393.4053683040397,0.9998864096771328,0.0010644980841418381
1393.4123126845002,1393.4123126845002,1.0013768950051276,0.0010650899511445862
1393.4192570649611,1393.4192570649611,1.0004449038734846,0.0010648887979876108
1393.426201445422,1393.426201445422,1.0004395855458956,0.0010649615923230846
1393.4331458257664,1393.4331458257664,0.9987730858094321,0.0010650845850599022
1393.4400902060647,1393.4400902060647,1.0005322753415857,0.0010656131662645752
1393.4470345863385,1393.4470345863385,1.0002926834334986,0.0010654733286615421
1393.4539789665655,1393.4539789665655,1.0003615306950182,0.001066064464612791
1393.4609233467706,1393.4609233467706,1.0004528308560663,0.0010663759366451122
1393.467867726882,1393.467867726882,1.0002872038133563,0.0010661772404846983
1393.4748121069704,1393.4748121069704,0.9986104724401306,0.0010663655192901368
1393.4817564869888,1393.4817564869888,0.9983878796560605,0.001066610394867599
1393.4887008670073,1393.4887008670073,1.00007498292014,0.0010672224151841703
1393.4956452470026,1393.4956452470026,1.0001674379781007,0.001067202139613348
1393.5025896268812,1393.5025896268812,0.9996871270036571,0.0010674088522934346
1393.50953400676,1393.50953400676,1.0013411291263812,0.0010686756454952027
1393.516478386568,1393.516478386568,1.0003623200267087,0.0010685761106919585
1393.5234227663298,1393.5234227663298,1.0004396570168446,0.0010689094488222925
1393.5303671460922,1393.5303671460922,1.0007187751105568,0.0010692643720952835
1393.5373115257619,1393.5373115257619,1.000161339775199,0.0010699199411581053
1393.5442559054075,1393.5442559054075,0.9987861739481199,0.0010698013600077792
1393.551200285007,1393.551200285007,1.0012197263345053,0.001070989369700668
1393.5581446645363,1393.5581446645363,0.998274957289712,0.0010707853423246442
1393.5650890440425,1393.5650890440425,0.9986190662698767,0.0010710135061790399
1393.5720334235025,1393.5720334235025,1.0008267777532023,0.001072437559133936
1393.5789778029152,1393.5789778029152,1.0008576820395896,0.0010731550786103041
1393.585922182281,1393.585922182281,0.9999574025162717,0.0010738243245542044
1393.5928665615775,1393.5928665615775,1.0004061680044987,0.001074354652960742
1393.599810940874,1393.599810940874,0.9999786725589719,0.001074964337443414
1393.6073108704447,1393.6073108704447,0.9992693968728308,0.00107529701397979
1393.6164774509532,1393.6164774509532,1.0004233895961507,0.0010763673193087742
1393.623421830087,1393.623421830087,1.0007186283894425,0.0010774685001945412
1393.630366209151,1393.630366209151,0.998676438588984,0.0010776440378808686
1393.6373105881685,1393.6373105881685,1.000611879163025,0.0010788393775841652
1393.6442549671622,1393.6442549671622,1.0005169050834655,0.0010798704673620832
1393.6511993461097,1393.6511993461097,0.9997945002281738,0.0010804802249392616
1393.658143724986,1393.658143724986,1.0010842236729232,0.0010816647440887721
1393.6650881038402,1393.6650881038402,0.9986036797207293,0.0010819457417448838
1393.672032482648,1393.672032482648,1.0003200330526667,0.0010831496701291386
1393.6789768613626,1393.6789768613626,0.9988890251800319,0.0010835013539945112
1393.6859212400773,1393.6859212400773,0.9994410149159163,0.0010850003008457726
1393.6928656187688,1393.6928656187688,1.0009934807600271,0.0010866053120197556
1393.6998099973666,1393.6998099973666,0.9995918953566862,0.0010869449159274596
1393.706754375942,1393.706754375942,1.0003151891389255,0.0010884797677543688
1393.7136987544468,1393.7136987544468,1.0007439041327062,0.0010899015784947236
1393.7206431329284,1393.7206431329284,1.0007673884772366,0.0010904883108238154
1393.7275875113398,1393.7275875113398,0.9990961229530045,0.0010917238928898182
1393.734531889728,1393.734531889728,0.9993433735649934,0.0010932003500981554
1393.74147626807,1393.74147626807,1.0002587725165601,0.0010947375094017603
1393.7484206463657,1393.7484206463657,0.9990367739751763,0.0010958413708932575
1393.7553650245914,1393.7553650245914,1.0014312758365889,0.0010983507537953346
1393.7623094027938,1393.7623094027938,1.0003806497111056,0.0010995819478503682
1393.7692537809262,1393.7692537809262,1.0001256147346496,0.0011010135872212196
1393.7761981590588,1393.7761981590588,1.0007878771498742,0.0011030996046519298
1393.783142537075,1393.783142537075,0.9992927397770914,0.0011043631314152419
1393.7900869150676,1393.7900869150676,0.998432894597655,0.001106289438020821
1393.7981423934914,1393.7981423934914,0.9994099675542962,0.0011082788750537737
1393.8053645465388,1393.8053645465388,1.000181348872306,0.0011109970841370052
1393.813420024847,1393.813420024847,0.999421371816821,0.0011133489860256532
1393.8206421777552,1393.8206421777552,1.0018980962210655,0.0011161676033795693
1393.8275865554922,1393.8275865554922,1.0006254673644854,0.0011178202131329243
1393.8345309332055,1393.8345309332055,0.9992357116768217,0.0011199851044871776
1393.841475310849,1393.841475310849,0.9996461510085076,0.001122370512566836
1393.8484196884929,1393.8484196884929,1.0014400951290423,0.0011250145463264929
1393.8553640660432,1393.8553640660432,0.9986600622286543,0.0011266013685917113
1393.862308443524,1393.862308443524,0.9998454716366577,0.0011291222940616114
1393.8692528210045,1393.8692528210045,0.9992944368386464,0.0011311053944477486
1393.8761971984138,1393.8761971984138,1.000868722953103,0.0011339288110908722
1393.8831415757782,1393.8831415757782,1.000235363021745,0.0011360031874590331
1393.8900859530959,1393.8900859530959,1.0008540445755436,0.001138725787032593
1393.89703033039,1393.89703033039,1.0006640780573448,0.001140641407532099
1393.9039747075913,1393.9039747075913,0.9987193845365766,0.0011420050356798805
1393.9109190847694,1393.9109190847694,0.9997793033590087,0.0011447627390866217
1393.9178634619007,1393.9178634619007,0.9994263028295732,0.0011471267944750403
1393.9248078389855,1393.9248078389855,0.9996646680412027,0.001149645541674795
1393.9317522160238,1393.9317522160238,1.001348762482337,0.001152387674615456
1393.938696593039,1393.938696593039,0.999889545500966,0.0011543587321855343
1393.9459187449927,1393.9459187449927,0.998719205428501,0.0011563387811118497
1393.9539742222048,1393.9539742222048,1.0008719136202249,0.0011596729602225023
1393.9609185990334,1393.9609185990334,1.0014590956353486,0.0011618398899618178
1393.967862975792,1393.967862975792,1.000730846979803,0.001163780872391286
1393.9748073525511,1393.9748073525511,0.9992695283173273,0.0011656610947880868
1393.981751729217,1393.981751729217,0.9989131579579238,0.0011677907041391382
1393.9886961058594,1393.9886961058594,1.0000264436351338,0.0011704129923228075
1393.995640482432,1393.995640482432,0.9998608343541011,0.0011727281337392099
1394.0025848589812,1394.0025848589812,1.000428034730279,0.0011753858630825923
1394.010362560627,1394.010362560627,0.9999246443307547,0.0011780139308645884
1394.0178624872176,1394.0178624872176,1.000810742284429,0.0011807041039495522
1394.0248068636035,1394.0248068636035,0.9999923921613917,0.0011824873575626321
1394.0317512398724,1394.0317512398724,1.0009822109358852,0.001185561869004168
1394.0386956161888,1394.0386956161888,0.9989984217846033,0.001187517001225871
1394.045639992412,1394.045639992412,1.0008372389539055,0.0011901998507753105
1394.0525843686119,1394.0525843686119,0.9994557462711097,0.0011927604339056405
1394.0595287447425,1394.0595287447425,1.0008018031325814,0.0011958178320956498
1394.0664731208258,1394.0664731208258,1.0006174592862682,0.0011982246895246595
1394.0734174968632,1394.0734174968632,1.0003571947133614,0.0012008705472118949
1394.0803618728537,1394.0803618728537,0.9987180490564282,0.0012030189360904713
1394.0873062487974,1394.0873062487974,0.9981926306949418,0.001206063737513079
1394.0942506246715,1394.0942506246715,1.0009948340445607,0.001208984531596687
1394.1011950004759,1394.1011950004759,0.99953558545176,0.0012113546589195639
1394.1081393762793,1394.1081393762793,1.0011559714586824,0.0012142179098459623
1394.1150837520597,1394.1150837520597,0.9997517036485469,0.0012165140401088942
1394.1220281277474,1394.1220281277474,0.9992916335391042,0.0012184337563840575
1394.128972503389,1394.128972503389,0.9999449565364855,0.001221506135289359
1394.1359168789834,1394.1359168789834,0.999380455100374,0.0012227537928312135
1394.1428612545083,1394.1428612545083,0.9985410095620685,0.0012251708861705974
1394.14980563001,1394.14980563001,1.0016500551565386,0.0012280581460640374
1394.1567500054648,1394.1567500054648,1.002414072948047,0.001230495072247878
1394.1636943808267,1394.1636943808267,1.000035914809064,0.0012319348972439355
1394.1706387561885,1394.1706387561885,0.9988321848985414,0.0012335411236003974
1394.177583131504,1394.177583131504,1.0008090851942324,0.0012352821274320392
1394.1845275067494,1394.1845275067494,0.9995883286156196,0.0012368587510146636
1394.191471881924,1394.191471881924,0.9992610906214445,0.0012381468593369882
1394.198416257076,1394.198416257076,0.9995129896283945,0.0012397392927185856
1394.2053606321585,1394.2053606321585,1.0011195155377712,0.0012408932891766063
1394.2123050072175,1394.2123050072175,1.0000848872506638,0.0012420075560078741
1394.2192493821835,1394.2192493821835,0.9996787634591188,0.0012426640054027144
1394.2261937571263,1394.2261937571263,1.0001264393877696,0.0012437836489844274
1394.2331381320225,1394.2331381320225,1.0014785789346181,0.0012449103788602072
1394.240082506849,1394.240082506849,1.0004303235397316,0.0012452936157991896
1394.2470268816755,1394.2470268816755,0.9990814568424439,0.00124621769743938
1394.2539712564085,1394.2539712564085,1.000593927141873,0.001246946420308011
1394.2609156310486,1394.2609156310486,1.0008182054102135,0.0012479197499170207
1394.2678600056888,1394.2678600056888,0.9994209685943825,0.001247835702817873
1394.274804380328,1394.274804380328,0.9993478437044863,0.001248062153655937
1394.2817487548746,1394.2817487548746,0.9989324024072916,0.0012488726849456384
1394.2886931293513,1394.2886931293513,0.9992615768980245,0.001248807496801583
1394.2956375038054,1394.2956375038054,1.0001628685382633,0.0012493928866821541
1394.3025818781662,1394.3025818781662,1.0013585988159073,0.0012492918655972022
1394.3095262525035,1394.3095262525035,0.9993715357460937,0.0012492275857014386
1394.3164706268176,1394.3164706268176,1.001181485988009,0.0012493480706039276
1394.3234150010383,1394.3234150010383,1.0007686611183746,0.0012491806330212922
1394.3303593752364,1394.3303593752364,0.9997805487302228,0.0012490719253971097
1394.3373037493875,1394.3373037493875,1.0001864377657046,0.0012487538848043524
1394.3442481234683,1394.3442481234683,0.9990377905947275,0.0012479633281113588
1394.3511924975035,1394.3511924975035,1.0005067607857538,0.0012485152196683607
1394.3581368714683,1394.3581368714683,0.9999200295717013,0.0012480503931366026
1394.3650812453855,1394.3650812453855,0.9991976432023046,0.0012479252768050337
1394.3720256192805,1394.3720256192805,0.9998380459982752,0.001248218080573386
1394.3789699931053,1394.3789699931053,1.0006403630723786,0.0012478421605177728
1394.3859143669074,1394.3859143669074,0.9995883996460118,0.0012473885359610987
1394.3928587406162,1394.3928587406162,0.9990179750872172,0.0012470435769056072
1394.3998031143014,1394.3998031143014,1.0019491223379116,0.0012473308642387813
1394.4067474879173,1394.4067474879173,0.9981664945386678,0.0012461597983359348
1394.4136918614863,1394.4136918614863,0.9999328704632809,0.0012464822452708034
1394.4206362350553,1394.4206362350553,1.000068068841511,0.0012467282974760443
1394.4275806085313,1394.4275806085313,1.0002580493789908,0.0012467307782147692
1394.434524981914,1394.434524981914,0.9976301243832083,0.0012469374874421503
1394.4414693552972,1394.4414693552972,1.0002588624786346,0.0012479493793932262
1394.44841372861,1394.44841372861,1.0028101707119688,0.0012489628787254717
1394.4553581018984,1394.4553581018984,0.9993847747854685,0.0012491667597511423
1394.462302475095,1394.462302475095,0.9991157045531252,0.0012510205593848677
1394.469246848268,1394.469246848268,1.0003328842372676,0.0012526066071410309
1394.4761912213949,1394.4761912213949,1.0002050666427738,0.0012542016456065
1394.4831355944518,1394.4831355944518,1.0009524411262698,0.0012560525527111738
1394.4900799674851,1394.4900799674851,0.9986016898173578,0.001257315401943093
1394.4970243404023,1394.4970243404023,0.9988905009384474,0.0012590075443542664
1394.5039687133892,1394.5039687133892,1.000398335272703,0.0012621800452951456
1394.51091308619,1394.51091308619,0.9999382084143924,0.0012631791792464203
1394.5178574590375,1394.5178574590375,0.9994065555766449,0.0012653073171218102
1394.5248018317916,1394.5248018317916,0.999856883968182,0.0012677823789220455
1394.531746204499,1394.531746204499,1.0004196527946692,0.0012694599104619796
1394.5386905771604,1394.5386905771604,0.999369370449147,0.0012717727970212684
1394.5456349497508,1394.5456349497508,1.0011605905208878,0.0012740935363652057
1394.5525793223178,1394.5525793223178,0.9999915169046394,0.001275899142846601
1394.5595236948393,1394.5595236948393,1.0010041419974365,0.0012783800853734392
1394.5664680672908,1394.5664680672908,1.0006743324546088,0.0012804815589838774
1394.5734124396724,1394.5734124396724,0.9996893041393091,0.0012825243087748663
1394.5809123618624,1394.5809123618624,0.9987735981839663,0.0012849001004303924
1394.5886900587816,1394.5886900587816,1.0010845652070168,0.0012881618255670723
1394.5956344310466,1394.5956344310466,0.9981882228696705,0.001290342148068552
1394.602578803242,1394.602578803242,0.9994875493635884,0.001292830931198863
1394.609523175391,1394.609523175391,1.0009111171021308,0.001295562331348908
1394.6164675474697,1394.6164675474697,0.998795622658206,0.0012976932921777364
1394.6234119195256,1394.6234119195256,0.9999135024876628,0.0013007972282394766
1394.6306340663573,1394.6306340663573,1.001787329624245,0.0013037341611335765
1394.63868953782,1394.63868953782,1.00145872004777,0.001306851909706856
1394.645633909688,1394.645633909688,0.9976467478234673,0.0013089164018245968
1394.652578281534,1394.652578281534,0.9995395740203561,0.001312321193836412
1394.6595226533104,1394.6595226533104,1.001587104836824,0.0013158924090987715
1394.6667447999093,1394.6667447999093,0.9998778988522309,0.001318257156537468
1394.6748002710224,1394.6748002710224,1.0005304826610035,0.0013214922005730068
1394.681744642659,1394.681744642659,0.997947980173134,0.0013242201741070069
1394.6886890142257,1394.6886890142257,1.000346765233012,0.0013275427040584532
1394.6975778097371,1394.6975778097371,1.0007494125182843,0.0013312722602177032
1394.7053555057714,1394.7053555057714,1.000020401986569,0.0013349824013244873
1394.7134109765825,1394.7134109765825,1.0001203140608277,0.0013386860475067062
1394.7220219970618,1394.7220219970618,0.9993707966801845,0.0013422049732491408
1394.7289663683252,1394.7289663683252,1.0016482229390251,0.001346117654336875
1394.7359107395432,1394.7359107395432,0.999595439115413,0.0013489400021327667
1394.7442439849194,1394.7442439849194,1.0001764347928561,0.001353339884963677
1394.75229945545,1394.75229945545,1.0006716060274807,0.0013575005014567446
1394.7600771510656,1394.7600771510656,0.9986686228890773,0.0013607617947286128
1394.7678548465644,1394.7678548465644,1.0002009700752508,0.0013660244624630388
1394.7759103168628,1394.7759103168628,0.9985845973593891,0.0013698298270947247
1394.7831324626236,1394.7831324626236,0.9988811211811356,0.0013732448094329569
1394.7900768334684,1394.7900768334684,0.9998170659895258,0.0013776789283412763
1394.7970212042437,1394.7970212042437,0.9983572362906503,0.001381247187876321
1394.8039655749953,1394.8039655749953,1.0004912129154409,0.001386141398089786
1394.810909945701,1394.810909945701,1.0016060295533598,0.0013912828664075989
1394.818132091182,1394.818132091182,1.0019575348964547,0.0013967599693277587
1394.8261875610847,1394.8261875610847,1.0010491254871063,0.0014026727290088164
1394.8334097064496,1394.8334097064496,1.0039689815389727,0.0014094282649799118
1394.8414651762128,1394.8414651762128,1.0038469565688213,0.001415924353103745
1394.8484095466379,1394.8484095466379,1.0032196144775567,0.001421923614986234
1394.8553539170396,1394.8553539170396,0.9950889379457996,0.0014256594333328357
1394.8631316118167,1394.8631316118167,0.9964379588176249,0.0014327375101473847
1394.8706315317481,1394.8706315317481,0.9961078352716944,0.0014391352873394305
1394.8775759019877,1394.8775759019877,0.9959816295752091,0.0014448951955196294
1394.884520272204,1394.884520272204,0.9980942529005098,0.0014509065714196794
1394.8914646423505,1394.8914646423505,0.9974450137418029,0.001456175769382492
1394.8984090124507,1394.8984090124507,1.0005134427255165,0.0014613495958364579
1394.9053533825038,1394.9053533825038,0.9967032976302812,0.0014643583700146095
1394.9122977524873,1394.9122977524873,0.9945464330394274,0.0014656520363345547
1394.9192421224711,1394.9192421224711,0.9943968617242025,0.0014667423569551927
1394.9261864924076,1394.9261864924076,0.9965259193777278,0.0014678174123638273
1394.933130862275,1394.933130862275,0.9951595806723595,0.001467933144368497
1394.9420196556675,1394.9420196556675,0.9934390094124232,0.001469569594788602
1394.9511862237662,1394.9511862237662,0.9939477283593569,0.0014715417715805384
1394.9581305934703,1394.9581305934703,1.001726777699726,0.0014743349916066227
1394.965630512725,1394.965630512725,1.0050790733113126,0.0014759854986718254
1394.973408206664,1394.973408206664,1.0024025677461819,0.0014761219838346806
1394.980352576275,1394.980352576275,1.0012612595046353,0.0014767245928134966
1394.987296945793,1394.987296945793,1.002223676593611,0.0014769816185334415
1394.9953524143687,1394.9953524143687,1.0020202829651819,0.0014778171087583985
1395.0025745586622,1395.0025745586622,0.9992976186628008,0.00147751060505774
1395.0095189280405,1395.0095189280405,1.0008828905494072,0.0014777162560646406
1395.0164632973488,1395.0164632973488,0.9999970145649465,0.0014778530431351587
1395.0234076666802,1395.0234076666802,0.9984048727309384,0.001478602489632409
1395.0303520359653,1395.0303520359653,0.9989083666396027,0.0014801513266254013
1395.0372964051571,1395.0372964051571,1.0006211390826243,0.0014808451190590917
1395.0442407743724,1395.0442407743724,0.9995493248381966,0.0014814047834842323
1395.0511851435174,1395.0511851435174,0.9993475607446015,0.0014823276842660747
1395.0581295126162,1395.0581295126162,0.9988370565275082,0.0014831129751991011
1395.0650738816917,1395.0650738816917,1.0012397300040952,0.0014844558119632572
1395.072018250697,1395.072018250697,0.9988692485596682,0.001484483510308254
1395.078962619702,1395.078962619702,1.0011653535455114,0.001485523651685089
1395.0859069886603,1395.0859069886603,0.9997429070692874,0.0014856994753404064
1395.0945180060899,1395.0945180060899,0.9996350714320779,0.0014861882761784595
1395.1025734739665,1395.1025734739665,1.002977588422725,0.0014871432860280721
1395.109517842786,1395.109517842786,0.9982907733377212,0.00148640834257046
1395.1164622116053,1395.1164622116053,1.0020620015797772,0.0014872187154456014
1395.1234065803314,1395.1234065803314,1.0023387662196643,0.0014870598786264526
1395.1303509490576,1395.1303509490576,1.0000469084892367,0.0014864239167524619
1395.1372953177372,1395.1372953177372,0.9989361743962253,0.001486161646490128
1395.1442396863704,1395.1442396863704,0.9984967426551389,0.0014863200081138487
1395.1511840549801,1395.1511840549801,0.9979549159618445,0.0014858738280735643
1395.1581284235665,1395.1581284235665,1.0035897322448921,0.0014873467873245385
1395.1650727920833,1395.1650727920833,1.0006551117825153,0.001486499154085378
1395.1720171605998,1395.1720171605998,1.0009564016387482,0.0014863945478820308
1395.1789615290702,1395.1789615290702,0.9988794410328247,0.0014864318780011192
1395.185905897517,1395.185905897517,1.000072918752006,0.0014861240111542187
1395.192850265917,1395.192850265917,1.0001041820470147,0.0014864363444383123
1395.1997946342938,1395.1997946342938,1.0020702264122674,0.0014856820665362308
1395.2067390026464,1395.2067390026464,0.9973978856559256,0.0014841172267201128
1395.2142389204357,1395.2142389204357,1.0019036917076443,0.0014840516409446826
1395.2220166128848,1395.2220166128848,0.9995310041483911,0.0014827379129750352
1395.2289609811219,1395.2289609811219,0.9982391076476599,0.0014809369612977428
1395.235905349359,1395.235905349359,0.9998907956133077,0.001479772927306723
1395.2428497175965,1395.2428497175965,1.0020563423569082,0.001478974738852709
1395.2642383714642,1395.2642383714642,1.0006554343890488,0.001475546996474722
1395.2747938109524,1395.2747938109524,1.0016155374423374,0.00147357466863306
1395.2817381790267,1395.2817381790267,1.0005754894067107,0.0014711852995103595
1395.2886825470312,1395.2886825470312,1.0011522903207488,0.0014688082546739493
1395.2956269150586,1395.2956269150586,1.001449753120633,0.0014664738103060807
1395.30257128304,1395.30257128304,1.0002233223759807,0.0014629897044052388
1395.3095156510212,1395.3095156510212,0.9992450688021389,0.0014596859450225395
1395.3164600189555,1395.3164600189555,0.9964259334452266,0.0014557526903637053
1395.32340438689,1395.32340438689,0.9994065518688569,0.0014529334784187252
1395.3303487548012,1395.3303487548012,1.0001371859814454,0.0014492529640405707
1395.3378486721008,1395.3378486721008,1.0017539443822454,0.0014445026027113902
1395.3456263641303,1395.3456263641303,1.0007228226038813,0.0014385354271558637
1395.3525707319718,1395.3525707319718,0.9986222233948606,0.0014324222925339908
1395.3595150998133,1395.3595150998133,1.0004482224695572,0.001427196505251654
1395.3664594676313,1395.3664594676313,0.9997112796294637,0.0014222327436068753
1395.3734038354264,1395.3734038354264,1.0009113225668806,0.0014164803981392047
1395.3803482032445,1395.3803482032445,0.9995489265660294,0.0014110800084202008
1395.3872925710161,1395.3872925710161,1.0002068333714693,0.0014058206123685744
1395.3942369387876,1395.3942369387876,1.001584950737032,0.0014009898760042312
1395.401181306559,1395.401181306559,1.0006092154562405,0.0013962867104522596
1395.4081256743073,1395.4081256743073,0.9990285795768218,0.0013915189206578137
1395.4150700420555,1395.4150700420555,0.9987164993506052,0.001386724895034806
1395.4220144097806,1395.4220144097806,0.9993239475220715,0.0013828584020879986
1395.4289587775056,1395.4289587775056,0.9976976236955839,0.0013786564190140815
1395.4359031452539,1395.4359031452539,1.0011582943307784,0.0013753134993558366
1396.1603400745712,1396.1603400745712,1.0020020845996573,0.0011942704665933012
1396.647001702243,1396.647001702243,0.9984561930106605,0.0010631136649526375
1396.6539460820047,1396.6539460820047,0.9995550666918049,0.0010633798770848797
1396.6608904618136,1396.6608904618136,1.0003981747525903,0.0010632730399606346
1396.6678348417158,1396.6678348417158,1.000032451836004,0.0010635652661026202
1396.6747792217107,1396.6747792217107,1.0000328312711826,0.0010631945994088623
1396.6817236017525,1396.6817236017525,1.0010516223505774,0.0010635739939325877
1396.6886679818413,1396.6886679818413,0.999777256449795,0.0010633336977786474
1396.695612361999,1396.695612361999,0.9991706865997685,0.0010630396504145263
1396.7025567422504,1396.7025567422504,0.9997652401905108,0.00106283345154743
1396.7095011225251,1396.7095011225251,0.9985654140800996,0.0010625897666471222
1396.7164455028928,1396.7164455028928,0.9986584121067231,0.001062066736712772
1396.7233898832837,1396.7233898832837,0.999649535834496,0.0010625290682750794
1396.7303342637679,1396.7303342637679,1.000796491324595,0.0010629204139779305
1396.7372786443218,1396.7372786443218,1.0020276301974806,0.0010633786238851205
1396.7442230249458,1396.7442230249458,1.0008815108111508,0.001062823874926095
1396.751722956053,1396.751722956053,1.00056366376247,0.0010628170626896922
1396.759500662472,1396.759500662472,0.9990417798607695,0.0010623351015509772
1396.7664450432355,1396.7664450432355,1.0001104768181357,0.0010623287814791869
1396.7733894240687,1396.7733894240687,0.9999662516866771,0.0010627484453447772
1396.7803338049719,1396.7803338049719,0.9993904035894954,0.0010622438399288735
1396.7872781859219,1396.7872781859219,0.9990293425758082,0.0010621368222848428
1396.7942225668949,1396.7942225668949,1.0002472461867873,0.0010631875149003413
1396.801166947961,1396.801166947961,1.0003645070589884,0.0010630987031291013
1396.8081113290973,1396.8081113290973,1.0000771104050645,0.0010634484571140626
1396.8150557102797,1396.8150557102797,1.0002098753161388,0.0010633704840080321
1396.8220000914625,1396.8220000914625,1.0012913892549402,0.0010634701517891405
1396.8289444727382,1396.8289444727382,0.9990698001998904,0.0010627033849652087
1396.8358888540604,1396.8358888540604,0.9987743512894716,0.001062305540323731
1396.8428332354063,1396.8428332354063,0.9998253319157786,0.001062668249130475
1396.8497776168217,1396.8497776168217,0.9993630389506356,0.0010622732241184316
1396.856721998307,1396.856721998307,1.0009796937995463,0.0010628454170868678
1396.8636663797924,1396.8636663797924,0.9984114287178711,0.0010623043546810602
1396.870610761394,1396.870610761394,1.0009482124663829,0.0010629245538948107
1396.8775551429494,1396.8775551429494,1.001798463432955,0.001062791653913029
1396.884499524644,1396.884499524644,1.0012396285177552,0.0010630836907161724
1396.8914439062924,1396.8914439062924,1.0000784975532624,0.0010626644270135864
1396.8983882880339,1396.8983882880339,0.9983145278836127,0.0010621993224781121
1396.9053326698217,1396.9053326698217,1.0000948434627335,0.0010630360064974313
1396.9122770516328,1396.9122770516328,1.0011375262494375,0.0010632363170138678
1396.9192214334907,1396.9192214334907,0.9988223522122617,0.0010629554574658733
1396.9261658154185,1396.9261658154185,0.9989356238874635,0.0010631568655923673
1396.9331101973464,1396.9331101973464,1.0008223438316317,0.0010630013680714768
1396.9400545793205,1396.9400545793205,0.997675467959723,0.001062486610182544
1396.9469989613644,1396.9469989613644,1.0012641465999095,0.001063369429438542
1396.9539433434088,1396.9539433434088,1.0005327667500374,0.001062988482636557
1396.960887725546,1396.960887725546,1.0005453149093264,0.0010626518691618477
1396.9678321076367,1396.9678321076367,0.9997274620901668,0.0010626870896872933
1396.9747764898439,1396.9747764898439,0.9996730760916319,0.0010626679527765844
1396.9817208720508,1396.9817208720508,1.0021541861749461,0.0010633761027223421
1396.9886652542814,1396.9886652542814,1.000524507829159,0.0010625908087193827
1396.995609636581,1396.995609636581,0.9997571969703316,0.001062482655478838
1397.002554018905,1397.002554018905,0.9996915023909418,0.0010624420222946017
1397.009498401275,1397.009498401275,0.999762870440257,0.0010620279980789742
1397.0175538848212,1397.0175538848212,1.0004609571636325,0.0010628125332498217
1397.0261649190375,1397.0261649190375,1.0006901410838256,0.0010629136991345861
1397.0331093015243,1397.0331093015243,0.9974322608118902,0.0010618086239863695
1397.0400536840102,1397.0400536840102,0.9995232339684332,0.0010622775454309059
1397.0469980665202,1397.0469980665202,1.001134539743752,0.0010626552430875774
1397.0539424491,1397.0539424491,1.0019451810256021,0.0010627601812207678
1397.0608868316795,1397.0608868316795,0.9999580295310893,0.0010621995896548087
1397.0678312142823,1397.0678312142823,0.9990143601375803,0.0010617353803679635
1397.0747755969319,1397.0747755969319,0.9997311042944077,0.0010619300183717277
1397.0817199796045,1397.0817199796045,1.00058564595135,0.0010623779513460217
1397.088664362324,1397.088664362324,0.9995626271397221,0.0010616925050939625
1397.0956087450197,1397.0956087450197,0.9996217211993826,0.0010616997483604668
1397.102553127809,1397.102553127809,1.0002800462168142,0.001061722736015402
1397.109497510598,1397.109497510598,1.0005658850029777,0.0010622149319911517
1397.1164418933872,1397.1164418933872,0.9994425935434321,0.0010619440010957715
1397.1233862762,1397.1233862762,1.000750635928321,0.0010623254917801832
1397.1303306590821,1397.1303306590821,0.99923573090398,0.0010617266449840046
1397.1372750419646,1397.1372750419646,0.99938743896397,0.0010622267639021196
1397.1442194248698,1397.1442194248698,1.0007344195808143,0.0010626489992553306
1397.1511638077754,1397.1511638077754,1.0012981324575343,0.0010630051438161908
1397.1581081907511,1397.1581081907511,1.0003773150149136,0.001062536707081494
1397.1650525737264,1397.1650525737264,0.9989967832021878,0.0010624970998326642
1397.1719969567016,1397.1719969567016,0.9989063282139004,0.0010622497909014814
1397.178941339724,1397.178941339724,0.9997122957284569,0.0010624272554697074
1397.185885722769,1397.185885722769,0.9990163759038865,0.0010624127055079142
1397.1928301058376,1397.1928301058376,1.0009293684851521,0.0010629693373261657
1397.1997744889295,1397.1997744889295,1.0010246409602392,0.0010628065411817243
1397.206718871998,1397.206718871998,1.0001392140055834,0.001062895134185426
1397.2136632551133,1397.2136632551133,1.0004076643525013,0.0010629958670364727
1397.2206076382517,1397.2206076382517,0.999638389067556,0.0010627847292230632
1397.2275520214134,1397.2275520214134,0.9994612171016728,0.0010626022997610846
1397.234496404575,1397.234496404575,1.0007390447541358,0.0010630450668035701
1397.24144078776,1397.24144078776,0.9994743097549772,0.0010625624707950624
1397.2483851709683,1397.2483851709683,0.9992482989066083,0.0010626218062364018
1397.2553295541998,1397.2553295541998,1.0013021170526124,0.0010631899710406758
1397.2622739374312,1397.2622739374312,0.9991142040334171,0.0010630553165690102
1397.2692183206862,1397.2692183206862,0.9997768916898886,0.00106333261393131
1397.2761627039408,1397.2761627039408,1.000858832805488,0.0010627551092700805
1397.2831070872423,1397.2831070872423,0.999892935869761,0.0010628349662284895
1397.290051470567,1397.290051470567,0.9984725539139161,0.0010615021164581964
1397.296995853822,1397.296995853822,0.9987913209382648,0.001061450062221634
1397.3039402371933,1397.3039402371933,0.9997767894107371,0.0010623608821569393
1397.3108846205644,1397.3108846205644,0.9997927301976851,0.001062776049063272
1397.3178290038657,1397.3178290038657,1.0000142467956619,0.0010630616357124678
1397.3247733871906,1397.3247733871906,1.0025979358518,0.0010646606702968426
1397.331717770608,1397.331717770608,1.0046371146207225,0.0010660440938122147
1397.3386621540492,1397.3386621540492,1.0023068862895161,0.0010663173611119825
1397.3456065374207,1397.3456065374207,1.0029227580020381,0.001067413665495527
1397.3525509207916,1397.3525509207916,0.9976959374183032,0.001066500775572191
1397.3594953042561,1397.3594953042561,0.9958499851672903,0.001066519953666731
1397.3664396876507,1397.3664396876507,0.9941281092606022,0.0010669673036047087
1397.3733840711382,1397.3733840711382,0.9966740306926098,0.0010682907391457324
1397.3803284545795,1397.3803284545795,0.9949939428360859,0.0010677376031733214
1397.3883839393834,1397.3883839393834,0.9967484051946786,0.0010693196707489666
1397.3956060982057,1397.3956060982057,0.99596842870981,0.0010689387841972702
1397.4025504816702,1397.4025504816702,0.9950486257237416,0.0010688779981531391
1397.4094948651812,1397.4094948651812,0.9945088046025674,0.0010692994793625762
1397.4164392486687,1397.4164392486687,0.9952551557874463,0.001069228781063855
1397.4233836321796,1397.4233836321796,0.9963318887638941,0.0010692145193559265
1397.4303280156673,1397.4303280156673,0.9942415715542431,0.0010670564043269207
1397.4372723992014,1397.4372723992014,0.9942438154359804,0.00106650281469052
1397.4442167827358,1397.4442167827358,0.994355251013151,0.0010662059280333131
1397.4511611662465,1397.4511611662465,0.9951163832655858,0.0010654304858406915
1397.4581055498043,1397.4581055498043,1.0012878515669865,0.0010666646650920554
1397.4650499333384,1397.4650499333384,1.003646094797104,0.001066535627983718
1397.4719943168961,1397.4719943168961,1.0018166258292973,0.0010651109761674027
1397.4789387004305,1397.4789387004305,1.0022842309997153,0.0010644511671154076
1397.4858830840108,1397.4858830840108,0.9992768776257744,0.0010629887799480768
1397.4928274675688,1397.4928274675688,1.0019856533486184,0.0010627923816258452
1397.4997718511263,1397.4997718511263,1.000377993046615,0.0010619362406145921
1397.506716234707,1397.506716234707,0.9989955027079779,0.0010615438381546462
1397.5136606182643,1397.5136606182643,0.9982020119213569,0.001060887754121475
1397.5206050018683,1397.5206050018683,1.000572280738235,0.001061659150885258
1397.5275493854256,1397.5275493854256,1.000061660718842,0.0010621564059668741
1397.5344937690302,1397.5344937690302,1.0005303541358042,0.0010622144157200449
1397.5414381526105,1397.5414381526105,0.9992760219645398,0.0010619696279807228
1397.5483825362148,1397.5483825362148,1.0021854107792791,0.0010630796356825413
1397.5553269197965,1397.5553269197965,1.0006026325412647,0.00106270347627855
1397.5622713033777,1397.5622713033777,0.997436319618536,0.0010620546550471743
1397.5692156869823,1397.5692156869823,0.9997126634998377,0.0010622940461930707
1397.576160070586,1397.576160070586,0.9992382220374918,0.0010624910070892617
1397.583104454167,1397.583104454167,0.9996104736412587,0.0010623086579753741
1397.5900488377708,1397.5900488377708,1.0002110997551217,0.001062501663880298
1397.5969932213516,1397.5969932213516,0.999842984558704,0.0010624230752251244
1397.6039376049557,1397.6039376049557,0.9994557260271687,0.0010621753007153656
1397.6108819885599,1397.6108819885599,1.0030178697494871,0.0010634337573303047
1397.6178263721638,1397.6178263721638,0.9991366579815055,0.001062136758374954
1397.6247707557445,1397.6247707557445,1.0013497889766618,0.0010623282413512029
1397.6317151393484,1397.6317151393484,0.9983362562521358,0.0010615712931642384
1397.6386595229528,1397.6386595229528,1.0004804282169582,0.0010623148359072342
1397.6456039065336,1397.6456039065336,1.0004179632550236,0.0010622082343674194
1397.6525482901145,1397.6525482901145,0.99891682812895,0.0010620352527976682
1397.6594926737184,1397.6594926737184,0.9985442777747331,0.0010617471574323255
1397.6664370572992,1397.6664370572992,0.9998810485676074,0.0010622348138412784
1397.6733814408801,1397.6733814408801,0.9991090175725279,0.0010620027638509261
1397.6803258244843,1397.6803258244843,1.0014839409643663,0.0010625868381305748
1397.687270208065,1397.687270208065,1.0003598202942552,0.0010621220403922273
1397.6942145916223,1397.6942145916223,0.9985256033354645,0.0010620762325612833
1397.7011589752262,1397.7011589752262,1.0013609472602372,0.0010622586781401776
1397.7081033587838,1397.7081033587838,0.9981344799486876,0.001061261112353518
1397.7150477423645,1397.7150477423645,1.0015341321654778,0.0010622547870113351
1397.721992125922,1397.721992125922,1.0001219451686647,0.0010621219172260304
1397.7289365094796,1397.7289365094796,0.9999144209983006,0.0010621317247998991
1397.7358808930376,1397.7358808930376,0.9999836512878518,0.0010619099466253074
1397.7428252765717,1397.7428252765717,0.9989082099946259,0.001061901239344255
1397.7506029861802,1397.7506029861802,1.0006451469995696,0.0010623477651758087
1397.7581029203843,1397.7581029203843,1.0010181560409135,0.0010624726549663213
1397.7650473039182,1397.7650473039182,1.0000242758800244,0.0010623212334408482
1397.7719916874526,1397.7719916874526,0.9993086516296735,0.0010623313103125993
1397.7789360709867,1397.7789360709867,0.9987415461888285,0.001061870641230187
1397.7858804544976,1397.7858804544976,1.0009577756286054,0.001062603857620565
1397.7928248380085,1397.7928248380085,1.000952910949023,0.0010626333354292578
1397.7997692215195,1397.7997692215195,0.9987893542382368,0.0010620262588036924
1397.8067136050304,1397.8067136050304,1.0002973351138562,0.0010624076701178692
1397.8136579885413,1397.8136579885413,0.9987772749563362,0.0010620041786502867
1397.820602372029,1397.820602372029,1.001260771947337,0.001062649487536339
1397.8275467554934,1397.8275467554934,0.9989815824824602,0.0010619431536714025
1397.834491138981,1397.834491138981,1.0001067533608388,0.0010617638562094938
1397.8414355224688,1397.8414355224688,1.0013669588154772,0.0010626115478207707
1397.8483799059334,1397.8483799059334,1.0018251030772234,0.0010627335851761863
1397.8553242893743,1397.8553242893743,0.9987990805896215,0.0010618557237240833
1397.8622686728154,1397.8622686728154,0.999034852351077,0.0010617503176327528
1397.86921305628,1397.86921305628,0.9999805508351253,0.0010620378003980099
1397.8761574396742,1397.8761574396742,1.000212670238826,0.0010620242613583286
1397.8831018231383,1397.8831018231383,1.000844336351493,0.0010625390047648866
1397.8900462065328,1397.8900462065328,0.9992843850804022,0.0010624364147944476
1397.8969905899041,1397.8969905899041,0.9992166788445068,0.0010624784237604993
1397.9039349733923,1397.9039349733923,0.9995802387950714,0.0010625430820966311
1397.910879356763,1397.910879356763,1.000455263780855,0.0010624796835734434
1397.9178237401343,1397.9178237401343,0.9989920841506909,0.0010621720017968683
1397.924768123506,1397.924768123506,1.0013146136413837,0.0010631508468054445
1397.9317125068774,1397.9317125068774,1.0001679984095366,0.0010627717540916902
1397.9386568902496,1397.9386568902496,1.0004625372791194,0.0010628886666401351
1397.9456012735743,1397.9456012735743,1.0004691911493113,0.0010629404853708835
1397.9525456568756,1397.9525456568756,1.0000314932007357,0.0010632729175853114
1397.959490040247,1397.959490040247,1.0006855626397977,0.0010630664062166659
1397.9664344235482,1397.9664344235482,0.9987422270045094,0.0010624823504407405
1397.973378806873,1397.973378806873,0.9984933495444341,0.0010624388277542445
1397.9803231901278,1397.9803231901278,0.9999640409038528,0.0010629848055535784
1397.9872675734525,1397.9872675734525,1.000571767080125,0.0010632003625489204
1397.9942119567306,1397.9942119567306,0.9997179886404343,0.0010630569095573107
1398.0011563399855,1398.0011563399855,1.0015618811437628,0.0010635225263877245
1398.0081007232402,1398.0081007232402,0.9985286010932157,0.0010628431261003241
1398.015045106472,1398.015045106472,1.0001772431568394,0.0010626157727606346
1398.0219894897266,1398.0219894897266,1.0000902582363067,0.001062521513378817
1398.028933872958,1398.028933872958,0.9989979848885424,0.0010617752499914618
1398.0364338067898,1398.0364338067898,1.0010971992248416,0.0010624656019095635
1398.0442115160022,1398.0442115160022,0.9995090090932793,0.0010618917281906388
1398.051155899187,1398.051155899187,1.001061415623487,0.001062328926979076
1398.0581002823724,1398.0581002823724,1.0012635298513382,0.001062229740108636
1398.0650446655104,1398.0650446655104,0.9981798607225185,0.0010613364847176928
1398.071989048672,1398.071989048672,1.00115520782662,0.0010623718669259853
1398.0789334318108,1398.0789334318108,1.0004855905464671,0.001062365388320696
1398.085877814949,1398.085877814949,0.9985517580166918,0.0010618905420580226
1398.0928221980412,1398.0928221980412,1.0002231901622536,0.0010623812909256645
1398.0997665811797,1398.0997665811797,0.9997866699929052,0.0010619627529223144
1398.1080998408756,1398.1080998408756,0.9999693127900876,0.001062463237371938
1398.1150442239443,1398.1150442239443,1.000481268311247,0.0010625367375358516
1398.1219886069896,1398.1219886069896,0.9989258774746851,0.0010624735985787113
1398.1289329900578,1398.1289329900578,1.0007137689019185,0.0010628978842646766
1398.1358773730801,1398.1358773730801,1.0004055098961646,0.0010626896062498757
1398.142821756102,1398.142821756102,1.0006600482492476,0.0010622986776341185
1398.149766139124,1398.149766139124,0.9980924027872874,0.001061626670341442
1398.1567105221227,1398.1567105221227,1.0018393315912746,0.0010626281531094324
1398.1636549051213,1398.1636549051213,0.9992893626632549,0.0010620358436368939
1398.1705992880504,1398.1705992880504,1.0011520385837627,0.0010623525263605265
1398.177543671049,1398.177543671049,1.000087438102463,0.0010623740471824036
1398.184488053978,1398.184488053978,1.0003539967298476,0.0010623403611036354
1398.1919879875313,1398.1919879875313,0.9989815539582969,0.0010620242114855781
1398.199765696395,1398.199765696395,1.0026203350354834,0.0010630014576939264
1398.2067100793006,1398.2067100793006,1.0000123681861752,0.0010623875910359556
1398.213654462183,1398.213654462183,0.9980794448266007,0.0010619436965449657
1398.2205988450419,1398.2205988450419,0.9998734626254275,0.0010626769302671509
1398.227543227901,1398.227543227901,1.0000784850129136,0.0010628519980165787
1398.2344876107595,1398.2344876107595,0.9992795016154234,0.0010624397161617932
1398.2414319935954,1398.2414319935954,1.000002836354492,0.0010625471625658734
1398.248376376385,1398.248376376385,0.9993688574088327,0.0010621977585643118
1398.2553207591736,1398.2553207591736,1.0002344727906929,0.0010623654797595034
1398.2622651419629,1398.2622651419629,1.0007155755179107,0.001062721002802608
1398.2692095247526,1398.2692095247526,1.000025627751138,0.0010623589502798698
1398.276153907495,1398.276153907495,1.001112140164484,0.0010628548511238908
1398.2830982902142,1398.2830982902142,0.9998241020203421,0.001062372873675978
1398.2900426729568,1398.2900426729568,1.0009215431794318,0.0010629945383010164
1398.2969870556528,1398.2969870556528,0.9996157187253019,0.0010627409064121103
1398.3039314383489,1398.3039314383489,0.9996378107772752,0.0010628341888868418
1398.3108758210215,1398.3108758210215,1.000275995257411,0.0010627715947868577
1398.317820203671,1398.317820203671,0.9995585474332241,0.0010626780831304728
1398.3247645863205,1398.3247645863205,0.9979335539687048,0.0010625409879468993
1398.3317089689701,1398.3317089689701,1.001016124081732,0.0010633480647670452
1398.3386533515495,1398.3386533515495,0.9989024075414376,0.0010625531699149902
1398.3455977341525,1398.3455977341525,0.9999409236128718,0.001062617699514724
1398.3525421167556,1398.3525421167556,0.9999806927559034,0.0010625016248354102
1398.359486499312,1398.359486499312,1.0010090874534716,0.001062552020169354
1398.3664308818447,1398.3664308818447,1.0001512343291348,0.0010620770287280996
1398.3733752644011,1398.3733752644011,1.0007486842768043,0.001062509642395596
1398.3803196469112,1398.3803196469112,1.0000200498316807,0.001062367073112788
1398.3872640293973,1398.3872640293973,1.0008355343826951,0.0010624243392927206
1398.3942084119085,1398.3942084119085,0.9994628748668744,0.00106201288982052
1398.4011527943483,1398.4011527943483,1.0001397542912203,0.0010623772772362717
1398.4080971768115,1398.4080971768115,0.9992318635886299,0.0010618480260459393
1398.4150415592517,1398.4150415592517,0.999916174660361,0.0010625598884026653
1398.4219859416448,1398.4219859416448,1.0004697952261858,0.00106250546491544
1398.4289303240614,1398.4289303240614,1.000198097343071,0.0010626207442601128
1398.4358747064318,1398.4358747064318,0.998336926229241,0.0010622266317024923
1398.4428190888016,1398.4428190888016,0.999400674696439,0.0010621997114717012
1398.4497634711483,1398.4497634711483,1.0005179800562742,0.0010628096984576546
1398.4567078534722,1398.4567078534722,1.0009179655472198,0.0010628609663872522
1398.4636522357955,1398.4636522357955,1.0009641407320284,0.0010629182216383975
1398.4705966180725,1398.4705966180725,0.9997169778112373,0.0010623838605316625
1398.4775410003958,1398.4775410003958,0.9996607313005008,0.0010626349155295274
1398.484485382603,1398.484485382603,1.000439988504803,0.0010630526063375326
1398.4914297649034,1398.4914297649034,1.001196364396812,0.0010632478663412301
1398.4983741471335,1398.4983741471335,1.0012289467040856,0.00106356735881981
1398.5053185293407,1398.5053185293407,0.9992744960415887,0.0010631120194205298
1398.5122629115474,1398.5122629115474,0.9994581155718484,0.0010635015524600206
1398.5192072936384,1398.5192072936384,1.0011588939358458,0.0010638056185205266
1398.5272627769755,1398.5272627769755,0.999341926999447,0.0010633885728096055
1398.535873810819,1398.535873810819,0.9997184889470407,0.0010635993261215798
1398.5428181929328,1398.5428181929328,0.9987655757714586,0.001063038033837879
1398.5497625750236,1398.5497625750236,0.9997511583663968,0.0010633471600850655
1398.5567069571143,1398.5567069571143,1.001708993217224,0.0010639241306901392
1398.5636513391582,1398.5636513391582,0.9987938608981839,0.0010627925089637424
1398.5705957212037,1398.5705957212037,1.001517516976887,0.0010635185718263095
1398.5775401032013,1398.5775401032013,0.9994497127103461,0.0010630823304058816
1398.5844844852222,1398.5844844852222,1.0005577001892985,0.001062976705641622
1398.5914288671966,1398.5914288671966,0.9987214747267223,0.0010626282696615966
1398.5994843503006,1398.5994843503006,1.000736165887512,0.0010628909454710172
1398.6067065074933,1398.6067065074933,0.9990759030942267,0.0010624876956817201
1398.6136508894213,1398.6136508894213,0.999729107317688,0.0010627649332522534
1398.6205952713256,1398.6205952713256,1.0009486413263455,0.001063387571904192
1398.6275396532299,1398.6275396532299,1.0005657299182504,0.001063273392192178
1398.6344840350878,1398.6344840350878,1.001288592872707,0.0010632135315440975
1398.6414284169455,1398.6414284169455,0.9992379482141647,0.0010624533447251014
1398.6492061245983,1398.6492061245983,0.9984491144081101,0.0010623941091102344
1398.6567060569396,1398.6567060569396,1.001096959485906,0.0010632049940892095
1398.6636504387275,1398.6636504387275,0.998225730193683,0.0010626414613947633
1398.6705948204924,1398.6705948204924,0.9996530807699993,0.0010626333964138149
1398.677539202234,1398.677539202234,1.000131837960445,0.0010630311414163566
1398.68531690977,1398.68531690977,1.000295363721156,0.001063127246799649
1398.6928168420186,1398.6928168420186,1.0003976100084577,0.0010627523994468952
1398.6997612236898,1398.6997612236898,1.0002846784434987,0.0010628928208007017
1398.7139277622753,1398.7139277622753,0.9996120554238811,0.0010631217858653274
1398.7317053792128,1398.7317053792128,1.0006419870540737,0.0010632560468498884
1398.7386497607913,1398.7386497607913,0.9999042684347792,0.0010631402492848354
1398.7455941423464,1398.7455941423464,0.999358892338831,0.001063202594486792
1398.7525385239016,1398.7525385239016,0.9995480893849156,0.0010628915341562015
1398.7594829054106,1398.7594829054106,0.99955830486516,0.0010633537811332954
1398.7664272868956,1398.7664272868956,1.0002306427625398,0.001063664808927662
1398.7733716683808,1398.7733716683808,1.00026837867497,0.0010632492250375633
1398.7803160498431,1398.7803160498431,1.0020362959713356,0.0010639466783205387
1398.7872604312818,1398.7872604312818,0.9994502260285495,0.0010629512471684996
1398.7942048126972,1398.7942048126972,1.0008428998300125,0.0010635448736649265
1398.801149194113,1398.801149194113,1.0002943423818846,0.0010632883412112258
1398.8080935754815,1398.8080935754815,1.0007351750551619,0.0010636352266570296
1398.8150379568274,1398.8150379568274,0.9989983258915792,0.001063113366374455
1398.8219823381728,1398.8219823381728,0.9978071130524185,0.001062733287963401
1398.828926719495,1398.828926719495,1.0000168212290408,0.0010633249174040072
1398.8358711007943,1398.8358711007943,0.9985711831422067,0.0010629326727281917
1398.84281548207,1398.84281548207,1.0002636376021983,0.0010633930238958815
1398.8497598633226,1398.8497598633226,1.001470134764545,0.0010635855145263338
1398.8567042445516,1398.8567042445516,1.0005929120105337,0.0010629966041651915
1398.8636486257808,1398.8636486257808,0.9993398420497813,0.0010629175240177574
1398.870593006965,1398.870593006965,1.0011251210570526,0.00106337621839184
1398.8775373881476,1398.8775373881476,1.0006727341863155,0.0010631684750056136
1398.8844817693066,1398.8844817693066,0.9999590101201397,0.0010629167350801523
1398.8914261504196,1398.8914261504196,1.0003555893063947,0.0010629080384017327
1398.8983705315322,1398.8983705315322,0.9993417521004535,0.0010626625218116384
1398.9053149126216,1398.9053149126216,0.999218358771367,0.001062924368767967
1398.9122592937347,1398.9122592937347,0.9985114305479689,0.001062679521069996
1398.9192036747775,1398.9192036747775,1.001706190178658,0.0010636868244034302
1398.926425831039,1398.926425831039,0.998750712775396,0.0010627202998735158
1398.934481312956,1398.934481312956,1.000583902790766,0.0010634702254206714
1398.9414256939751,1398.9414256939751,0.9986372679900215,0.0010632844032892627
1398.9483700749254,1398.9483700749254,1.0024981760043212,0.0010637333694318283
1398.9553144558515,1398.9553144558515,1.000092795909676,0.0010634910910479421
1398.962258836778,1398.962258836778,1.000705262225301,0.0010635490984201687
1398.9705920938436,1398.9705920938436,0.999978336753111,0.0010634390130039597
1398.9775364747234,1398.9775364747234,0.9989104165616807,0.0010628911625724512
1398.9844808555802,1398.9844808555802,0.9984960319520886,0.0010626914622080535
1398.9914252364133,1398.9914252364133,0.999640288017201,0.001063232336604843
1398.9983696172235,1398.9983696172235,0.9996141794598097,0.001062928600159508
1399.0053139979887,1399.0053139979887,1.0010489466304715,0.0010632249870966234
1399.013369479672,1399.013369479672,1.0017855158701965,0.0010633771282705993
1399.0205916356542,1399.0205916356542,0.9991205592435144,0.0010627458781415648
1399.0275360163712,1399.0275360163712,1.0001070549409268,0.0010631498851424485
1399.0344803970652,1399.0344803970652,0.9995237096689091,0.0010633234298450917
1399.0414247777585,1399.0414247777585,1.0011831311470627,0.0010633287002696184
1399.0483691584059,1399.0483691584059,0.9998737293278724,0.001062941947164881
1399.0553135390296,1399.0553135390296,0.9994438842772941,0.0010633631295311231
1399.0622579196533,1399.0622579196533,1.0006301221245697,0.0010635497930878207
1399.0692023002307,1399.0692023002307,0.9991674775784313,0.0010630878209183683
1399.0761466807846,1399.0761466807846,0.9996540490443918,0.001062885439239971
1399.0830910613386,1399.0830910613386,0.9999113433141698,0.001063050424293686
1399.0900354418693,1399.0900354418693,0.9990233384556969,0.0010628604166980312
1399.0969798223766,1399.0969798223766,1.0008981621324042,0.0010635500615694166
1399.1039242028378,1399.1039242028378,0.9999969386684826,0.0010630367900678055
1399.1108685832985,1399.1108685832985,1.0010584759813168,0.0010630247521192242
1399.1178129637592,1399.1178129637592,0.9995575345331659,0.001062843193401696
1399.124757344128,1399.124757344128,1.000806077840516,0.001063174408583444
1399.1317017245426,1399.1317017245426,0.9974907926901277,0.0010621492723349294
1399.1386461049103,1399.1386461049103,0.9989680329775501,0.0010625319097405926
1399.145590485255,1399.145590485255,1.0012313598377747,0.0010628533082367316
1399.152534865576,1399.152534865576,1.0002208385230027,0.0010627427716546145
1399.159479245874,1399.159479245874,1.0008423436628386,0.0010624641743760105
1399.1664236261718,1399.1664236261718,0.998690886396371,0.0010622930440612995
1399.173368006423,1399.173368006423,1.0000645554980072,0.001062623971547474
1399.1803123866512,1399.1803123866512,0.9991911265086533,0.001062397648575317
1399.1872567668793,1399.1872567668793,1.001077351851454,0.001062642038911771
1399.1942011470608,1399.1942011470608,0.9996921600374561,0.0010624335483707848
1399.201145527219,1399.201145527219,0.9991780879935634,0.0010625239206862413
1399.208089907377,1399.208089907377,1.0021261348780777,0.0010634267507801897
1399.2150342874888,1399.2150342874888,1.000016419057717,0.001062729190987028
1399.2219786676003,1399.2219786676003,0.9993468513816144,0.0010625339817477227
1399.2289230476886,1399.2289230476886,0.9978640559187877,0.0010619473803926479
1399.2358674277305,1399.2358674277305,1.0014832091232013,0.0010630231553546707
1399.2428118077728,1399.2428118077728,1.0001222994754209,0.0010627505327555225
1399.2497561877917,1399.2497561877917,1.0003668988075294,0.001062892770890562
1399.256700567764,1399.256700567764,0.9988152952338065,0.001062379800115056
1399.2636449477354,1399.2636449477354,0.9992215782715037,0.001062587938328562
1399.2705893277077,1399.2705893277077,1.002445809378631,0.0010639514989294844
1399.2775337076098,1399.2775337076098,1.0006038227187632,0.0010632778263548876
1399.2844780874884,1399.2844780874884,0.9989657509550162,0.0010629936336594313
1399.291422467367,1399.291422467367,1.0005908975762394,0.0010631915071851235
1399.298366847223,1399.298366847223,0.9997928567987426,0.0010633765670929238
1399.3053112270086,1399.3053112270086,1.000126001039813,0.0010629927951479698
1399.3122556068404,1399.3122556068404,0.9992811122928901,0.0010628532645006136
1399.3191999866262,1399.3191999866262,0.9988565480686684,0.0010624960584861875
1399.3261443663887,1399.3261443663887,0.9996552970259568,0.001062533737464466
1399.3330887461277,1399.3330887461277,0.9989587793205166,0.0010625936404481172
1399.3400331258667,1399.3400331258667,1.0010667328484701,0.0010629172770077959
1399.346977505536,1399.346977505536,1.0002914764985402,0.0010630099966532297
1399.3539218852063,1399.3539218852063,1.0024868060071503,0.0010638125048170954
1399.3608662648523,1399.3608662648523,0.999152792916265,0.0010626804583075014
1399.3678106444981,1399.3678106444981,1.0013567227849725,0.0010635192737537464
1399.3747550240748,1399.3747550240748,0.9994929560253991,0.001062985367690571
1399.381699403674,1399.381699403674,0.9997380330990723,0.0010625171344427102
1399.3886437832268,1399.3886437832268,0.9987616959462644,0.0010625191627990937
1399.3955881627567,1399.3955881627567,0.9995903809645004,0.0010625331618742445
1399.4025325422626,1399.4025325422626,0.9986950903030969,0.0010621113251585773
1399.4094769217456,1399.4094769217456,0.9997493748312897,0.0010624042894607244
1399.4164213012052,1399.4164213012052,1.0003757104214288,0.001062830850512056
1399.423365680665,1399.423365680665,1.0018218613187333,0.0010630733958846034
1399.430310060078,1399.430310060078,0.9992010685947769,0.0010619513887938983
1399.4372544394678,1399.4372544394678,1.0007358399541268,0.0010624838301826335
1399.4441988188578,1399.4441988188578,1.0003294622343444,0.00106213744301872
1399.4511431981778,1399.4511431981778,1.0014588842002876,0.0010626381304341518
1399.4580875774755,1399.4580875774755,0.9998232741514446,0.00106215278576158
1399.4650319567725,1399.4650319567725,0.9984314843576089,0.0010614389866499244
1399.4719763360695,1399.4719763360695,0.9991237645854216,0.0010617141434003563
1399.4789207153658,1399.4789207153658,1.000849354530998,0.001062576817885312
1399.4858650945464,1399.4858650945464,0.999942906325191,0.0010625136819130956
1399.492809473773,1399.492809473773,0.9989271534448093,0.001062143745651435
1399.4997538529765,1399.4997538529765,1.0001310593791055,0.0010625054845101415
1399.5066982321337,1399.5066982321337,1.0004214515157188,0.0010628799845284428
1399.5136426112672,1399.5136426112672,1.0005483155244526,0.00106281611173151
1399.5205869903778,1399.5205869903778,0.9998121929969516,0.0010623375724512284
1399.5275313694651,1399.5275313694651,0.9995366235842755,0.0010625801238310804
1399.5344757485286,1399.5344757485286,0.9995171919505086,0.0010623564433370626
1399.5414201275696,1399.5414201275696,1.0003756717545966,0.0010629796498663985
1399.5483645066101,1399.5483645066101,1.002117429743764,0.0010630883277832764
1399.5553088856038,1399.5553088856038,0.9989365631831847,0.0010623462112599115
1399.5622532645762,1399.5622532645762,0.9992603649583174,0.0010626278641551242
1399.5691976435003,1399.5691976435003,1.0011167575728526,0.0010630701935509437
1399.5761420224476,1399.5761420224476,0.9997897101442886,0.001062661610909886
1399.5830864013487,1399.5830864013487,0.9998657242891312,0.001063136340264337
1399.5900307802262,1399.5900307802262,0.998311367027134,0.00106232075563333
1399.5969751590806,1399.5969751590806,1.0004741197341036,0.0010634240178485803
1399.6039195379117,1399.6039195379117,0.9997170871397654,0.0010627853350245482
1399.6108639167192,1399.6108639167192,1.0014450185468005,0.0010632770131313765
1399.6178082954807,1399.6178082954807,1.0001432650533513,0.0010628054430535257
1399.6247526742418,1399.6247526742418,0.9983819716134434,0.0010620140756543897
1399.6316970530265,1399.6316970530265,1.0001121728935463,0.0010625332610513546
1399.638641431741,1399.638641431741,1.0006021078985832,0.001062349129075534
1399.6455858103625,1399.6455858103625,0.9996038061700567,0.0010623806593497047
1399.6525301890538,1399.6525301890538,1.0009915096690023,0.0010623624762449361
1399.6594745676769,1399.6594745676769,0.9998059344396181,0.0010619969802570601
1399.6664189462983,1399.6664189462983,1.0003910181829072,0.0010623651724223043
1399.6733633248964,1399.6733633248964,0.9995930098270017,0.001062193648601421
1399.680307703471,1399.680307703471,1.0005449332695984,0.001062242317446498
1399.6872520819998,1399.6872520819998,0.9993494917584078,0.00106157201262985
1399.694196460528,1399.694196460528,1.0004150592368106,0.0010621535261400045
1399.7011408390329,1399.7011408390329,1.0005485232673126,0.0010619700895400672
1399.708085217515,1399.708085217515,0.9983393125441253,0.0010614291524278408
1399.7150295959502,1399.7150295959502,1.000336238383454,0.0010619841881303012
1399.7219739743623,1399.7219739743623,0.9982576351420525,0.0010613092388648709
1399.7289183527744,1399.7289183527744,1.000874223193473,0.0010620781696689945
1399.7358627311394,1399.7358627311394,1.0018619331215217,0.0010625866097034998
1399.7428071095048,1399.7428071095048,0.9990726403597356,0.0010619379029261759
1399.749751487848,1399.749751487848,1.0015002127295471,0.0010622173893140314
1399.7566958661205,1399.7566958661205,1.000646075351001,0.0010619977028475946
1399.7636402443927,1399.7636402443927,0.9982368675395721,0.001061339974769091
1399.770584622665,1399.770584622665,0.9992019536501673,0.00106167139928852
1399.777529000914,1399.777529000914,1.0002279428471552,0.0010617636026480411
1399.7844733791164,1399.7844733791164,0.9980303130502166,0.001060868535976854
1399.7914177572957,1399.7914177572957,0.9983772603024373,0.0010607038180713189
1399.798362135428,1399.798362135428,1.0021883625976327,0.0010623020976264705
1399.8053065135607,1399.8053065135607,1.001038385624914,0.0010620568383952398
1399.8122508916933,1399.8122508916933,0.999887263267927,0.001062201597516686
1399.8191952697794,1399.8191952697794,1.00197653740213,0.0010638134484396503
1399.826139647842,1399.826139647842,1.0009734632607903,0.0010640769842827549
1399.8330840258814,1399.8330840258814,1.0042803297287453,0.0010656410843082676
1399.8400284038985,1399.8400284038985,1.0052852004461754,0.00106658837670548
1399.8469727818683,1399.8469727818683,1.001889855715152,0.0010664060988201311
1399.853917159838,1399.853917159838,0.9958592478241515,0.0010657122263914205
1399.860861537761,1399.860861537761,0.9941663045166503,0.0010655150376736443
1399.867805915707,1399.867805915707,0.9945283613672504,0.001066392699397834
1399.874750293584,1399.874750293584,0.994379106914711,0.0010676555938545645
1399.8816946714835,1399.8816946714835,0.9965390555061354,0.001068998287488164
1399.888639049313,1399.888639049313,0.997758542478825,0.0010694282394171479
1399.8955834270969,1399.8955834270969,0.9960021503970102,0.001069331626511517
1399.9025278049032,1399.9025278049032,0.997260736360831,0.0010695407091157656
1399.9094721826864,1399.9094721826864,0.9939406153756399,0.0010674707495990363
1399.9164165604234,1399.9164165604234,0.9950990372130246,0.0010683624134091648
1399.9233609381367,1399.9233609381367,0.9954292966677633,0.001068923413524103
1399.9303053158283,1399.9303053158283,0.9985481889530297,0.0010701909625159337
1399.9386385690518,1399.9386385690518,0.9951403122474138,0.0010673438955979594
1399.9455829466951,1399.9455829466951,0.9937628442651268,0.001064904702411044
1399.9525273242693,1399.9525273242693,0.9955315225383087,0.0010638699617654076
1399.9594717019359,1399.9594717019359,1.0001592844424214,0.0010652460986950313
1399.9664160794862,1399.9664160794862,1.0028776612379793,0.0010654085206458887
1399.9744715574452,1399.9744715574452,1.0030068247423816,0.0010648037956566315
1399.9830825854915,1399.9830825854915,1.0002772543801985,0.0010632967622713977
1399.9900269630184,1399.9900269630184,1.0004901472705328,0.001062852308843566
1399.996971340476,1399.996971340476,1.0009506022862853,0.0010626184647519103
1400.0039157178867,1400.0039157178867,0.9995232622426832,0.0010616621698881796
1400.0108600952979,1400.0108600952979,1.000591296206753,0.0010619159376608726
1400.0178044727095,1400.0178044727095,0.9977386163053085,0.0010609339244499658
1400.0247488500504,1400.0247488500504,1.0002609577085966,0.001061771271724466
1400.0316932273913,1400.0316932273913,1.001311988414814,0.0010618386979450983
1400.038637604709,1400.038637604709,0.9995519635904803,0.0010618106392660898
1400.0455819819801,1400.0455819819801,1.0010157506517263,0.0010622885704173995
1400.0525263592513,1400.0525263592513,1.000046244461633,0.0010623412362899772
1400.0594707364758,1400.0594707364758,0.9999553510606066,0.0010625013855572588
1400.0664151137003,1400.0664151137003,0.9987742280664756,0.0010619917243069588
1400.0733594909016,1400.0733594909016,1.001868746202785,0.0010630895603821432
1400.080303868056,1400.080303868056,0.9972712666125794,0.0010622137208021786
1400.0872482451873,1400.0872482451873,1.0005257073600482,0.0010629643138310436
1400.0941926222965,1400.0941926222965,1.000244122277977,0.0010633569008183523
1400.1022480996967,1400.1022480996967,0.9990978022030772,0.0010627590606804317
1400.1108591272773,1400.1108591272773,0.998200600339603,0.0010624391517198074
1400.117803504269,1400.117803504269,1.00197087464363,0.0010634353889394394
1400.1247478813307,1400.1247478813307,1.0023187695385534,0.001063192590575642
1400.1316922583221,1400.1316922583221,0.9988279873780875,0.001061760167033589
1400.138636635244,1400.138636635244,0.9995044498696816,0.0010620209364980919
1400.1455810121427,1400.1455810121427,0.9982801092094468,0.0010615383837004348
1400.152525389088,1400.152525389088,1.0006282619896552,0.001061721833713659
1400.159469765963,1400.159469765963,1.000776745166673,0.0010620856448655474
1400.1664141427916,1400.1664141427916,1.0003234076547456,0.0010617179585282895
1400.1733585196212,1400.1733585196212,1.0013173363327095,0.0010620897050786146
1400.1803028964503,1400.1803028964503,1.0003175773854265,0.0010618571787844658
1400.187247273209,1400.187247273209,0.9988965010086239,0.0010616091818246851
1400.194191649968,1400.194191649968,1.000164499568435,0.0010618962220349817
1400.2011360267036,1400.2011360267036,1.0000585138274483,0.001061886223042581
1400.2080804033926,1400.2080804033926,0.9985993220311794,0.0010611208768881697
1400.2150247800816,1400.2150247800816,0.9992096713701809,0.0010618176648399611
1400.2219691567238,1400.2219691567238,1.0000549276395987,0.0010620410508137103
1400.2289135333667,1400.2289135333667,1.0012402831501919,0.0010624475004136448
1400.2358579099857,1400.2358579099857,1.0006109169882542,0.0010624960141376292
1400.242802286535,1400.242802286535,1.0001281536660702,0.00106182859803022
1400.249746663108,1400.249746663108,0.999139043515019,0.0010616671115125276
1400.256691039635,1400.256691039635,1.0006120491445618,0.001062278106145164
1400.2636354161377,1400.2636354161377,1.0001235746617143,0.0010618269650671914
1400.2705797925937,1400.2705797925937,0.9987072636983475,0.001061511059801533
1400.277524169073,1400.277524169073,1.0004377156703308,0.0010620296607477266
1400.2844685454597,1400.2844685454597,1.0009083705454604,0.001062293556129083
1400.2914129218457,1400.2914129218457,0.9998153296958294,0.0010621572588709802
1400.2983572982325,1400.2983572982325,0.9999510941470652,0.0010623904500934541
1400.3053016746185,1400.3053016746185,0.9996152527579435,0.0010626252433890504
1400.3122460509583,1400.3122460509583,1.0011589483219756,0.0010627327915178025
1400.3205793025056,1400.3205793025056,0.9998428179847425,0.0010620359276438747
1400.3275236787763,1400.3275236787763,0.9987385443129044,0.0010621388108158795
1400.3344680550235,1400.3344680550235,0.9996985626221238,0.0010621075061718404
1400.341412431247,1400.341412431247,0.9998071632490024,0.0010625062384115131
1400.3483568074469,1400.3483568074469,0.9991272666416414,0.0010618306321449806
1400.3553011836236,1400.3553011836236,1.001777561395987,0.0010623765776528076
1400.3622455597538,1400.3622455597538,1.0004955859689775,0.0010622606445955247
1400.369189935884,1400.369189935884,1.0006965849476648,0.001062432405896008
1400.3761343119909,1400.3761343119909,0.9985272994845562,0.0010617172192947245
1400.3830786880512,1400.3830786880512,1.00003268603593,0.0010620577976599467
1400.3900230640886,1400.3900230640886,0.999837429141406,0.001062095860112923
1400.3969674401255,1400.3969674401255,0.9997140262851574,0.0010622155486881232
1400.4039118161174,1400.4039118161174,1.002083610460494,0.0010630678979759547
1400.4108561920614,1400.4108561920614,0.9999097287488213,0.001062657407435047
1400.4178005680287,1400.4178005680287,1.000099134789705,0.001062359055277957
1400.4247449439258,1400.4247449439258,0.9982976583523838,0.0010620701296178616
1400.4316893198466,1400.4316893198466,0.9998164895810999,0.0010626438489790447
1400.438633695674,1400.438633695674,0.999733061000752,0.0010626414271733729
1400.4455780715714,1400.4455780715714,1.0001847750919444,0.0010626667479032108
1400.4525224473757,1400.4525224473757,0.9997866447781287,0.001062552805508433
1400.45946682318,1400.45946682318,1.0006145942963682,0.0010622367393810007
1400.466411198891,1400.466411198891,1.000215231563021,0.0010620930092202507
1400.4733555746727,1400.4733555746727,1.0009245262358906,0.0010626879777573387
1400.4802999503613,1400.4802999503613,0.9987820276527233,0.0010617806147569556
1400.487244326049,1400.487244326049,0.998963575750215,0.0010616905087599971
1400.4941887017137,1400.4941887017137,1.0006606733920234,0.0010622397549412588
1400.5011330773548,1400.5011330773548,1.0004016833453446,0.0010623677365902214
1400.5080774529497,1400.5080774529497,1.001456989793763,0.0010628057447571878
1400.5150218285676,1400.5150218285676,1.0017272167378652,0.0010627446034936316
1400.5219662041156,1400.5219662041156,0.9967783235256189,0.0010614691715316981
1400.528910579664,1400.528910579664,1.0000877470851568,0.0010623571479093303
1400.5358549551652,1400.5358549551652,0.9988227325674899,0.0010618647369962278
1400.542799330644,1400.542799330644,1.000112222368933,0.0010624407492137358
1400.5497437061235,1400.5497437061235,1.0004841185415985,0.0010621475170247213
1400.5566880815318,1400.5566880815318,0.9997151002398643,0.0010618559761305043
1400.5636324569405,1400.5636324569405,1.0004655030197693,0.001062022119534978
1400.5705768323485,1400.5705768323485,1.0002317622938302,0.0010619903461654714
1400.5775212076871,1400.5775212076871,0.999313250536242,0.0010618152644173398
1400.5844655830258,1400.5844655830258,1.0018664509538913,0.0010624490308655309
1400.591409958341,1400.591409958341,0.9999135603500264,0.001061470423061614
1400.5983543335865,1400.5983543335865,1.0006581031544133,0.0010619666234992042
1400.605298708902,1400.605298708902,0.9988960736625287,0.0010616078152929594
1400.612520859133,1400.612520859133,1.0003845295146105,0.001062022972925921
1400.6205763343455,1400.6205763343455,0.9993683482386843,0.0010618048187705444
1400.6275207094975,1400.6275207094975,1.0018508134175168,0.0010625609909931588
1400.63446508465,1400.63446508465,0.9981336295048863,0.001061533321168037
1400.641965009797,1400.641965009797,0.9986925499282983,0.0010618646275530731
1400.650020484915,1400.650020484915,1.0001384102231665,0.0010623703434551727
1400.6602981599644,1400.6602981599644,1.0003780639200912,0.0010620905177222703
1400.6686314100214,1400.6686314100214,0.9988896358573118,0.0010616439345658792
1400.6761313350053,1400.6761313350053,1.0010068855849945,0.0010622953937746687
1400.6841868099611,1400.6841868099611,1.000861400444378,0.0010617768732572518
1400.6947422598569,1400.6947422598569,1.000178108774895,0.0010616882107930337
1400.7033532847367,1400.7033532847367,0.9994153315821945,0.001060746513240902
1400.728908584111,1400.728908584111,1.0000714416276129,0.001063402558100678
1400.7358529588905,1400.7358529588905,1.0011107033033528,0.0010637621698437907
1400.742797333647,1400.742797333647,0.9984935025509694,0.001062692143214542
1400.7497417083573,1400.7497417083573,1.0012974393719771,0.0010636127986992038
1400.756686083045,1400.756686083045,0.999316313198514,0.0010632367302506633
1400.7636304576852,1400.7636304576852,1.000258615009333,0.001063129400004516
1400.770574832325,1400.770574832325,0.9995627365086938,0.0010629609488850644
1400.7775192069653,1400.7775192069653,1.001524221791244,0.0010636148088941943
1400.7844635816055,1400.7844635816055,0.9986828079423005,0.001062608289629108
1400.791407956129,1400.791407956129,0.9998319579824926,0.0010631177848242673
1400.7983523306762,1400.7983523306762,1.000739833739407,0.001063204886747444
1400.8052967051995,1400.8052967051995,0.9999259260611867,0.001063161447058944
1400.8122410796768,1400.8122410796768,1.0004518614308668,0.0010631650875499966
1400.8191854541553,1400.8191854541553,0.9997911756327674,0.0010632792402341686
1400.8261298285859,1400.8261298285859,1.0011262380517056,0.0010636999765296885
1400.833074202993,1400.833074202993,1.0007444381726192,0.001063462171206331
1400.8400185773771,1400.8400185773771,0.9998286327035417,0.0010630754391195876
1400.8469629517608,1400.8469629517608,0.9987140313270852,0.0010627794920891056
1400.8539073260517,1400.8539073260517,0.9994283866423441,0.001063286829639396
1400.8608517003893,1400.8608517003893,0.9996860563658059,0.0010632979016953902
1400.8677960746568,1400.8677960746568,1.000864214372388,0.001063914365395698
1400.8747404489013,1400.8747404489013,0.9988196228516332,0.001063003326077631
1400.881684823146,1400.881684823146,0.99983391309922,0.0010631807550887285
1400.8886291973445,1400.8886291973445,1.0005690298808587,0.001063395839723433
1400.8955735715422,1400.8955735715422,1.0015317028340003,0.0010636983917412367
1400.9025179456935,1400.9025179456935,0.9999319564435037,0.001063690843566631
1400.9094623197748,1400.9094623197748,0.9993629247088436,0.0010630042930117585
1400.916406693949,1400.916406693949,0.9998662206994858,0.001063082335952971
1400.9233510680072,1400.9233510680072,0.9999208916308818,0.0010629919742436594
1400.930295442065,1400.930295442065,1.0008151791257227,0.0010633755400176073
1400.93723981603,1400.93723981603,1.0007133482841275,0.0010634613220070204
1400.944184190065,1400.944184190065,0.998317552776078,0.0010626348248801605
1400.9511285640078,1400.9511285640078,0.999040227392151,0.0010630971788857047
1400.9580729379727,1400.9580729379727,1.0004291306185817,0.0010633017294442587
1400.9650173118675,1400.9650173118675,1.0007045923236455,0.0010635970335035978
1400.9719616857626,1400.9719616857626,1.000340985192489,0.0010634418089311298
1400.9789060596345,1400.9789060596345,0.9993902235096677,0.0010629719715928806
1400.985850433483,1400.985850433483,1.001432950537144,0.0010634865216023982
1400.992794807285,1400.992794807285,0.999937626464703,0.0010629566041435853
1400.99973918111,1400.99973918111,0.9997631627889281,0.0010631373420542235
1401.0066835548425,1401.0066835548425,0.9971762493996955,0.0010621424239689562
1401.0136279285755,1401.0136279285755,1.0010541824251311,0.0010633392525853415
1401.020572302284,1401.020572302284,1.0004195128212572,0.0010631942956769859
1401.0275166759698,1401.0275166759698,1.0003876843034276,0.0010632830612613364
1401.0344610496318,1401.0344610496318,1.00014929727788,0.0010628875807602287
1401.0414054232476,1401.0414054232476,1.0023950598210114,0.0010639737208340582
1401.0483497968632,1401.0483497968632,0.9991769155847745,0.0010629678065325993
1401.0552941704555,1401.0552941704555,0.9989237189066771,0.0010628069476871617
1401.0622385440015,1401.0622385440015,0.9992203657594384,0.0010628420851775647
1401.0691829175244,1401.0691829175244,0.9993515895032109,0.0010626279963704638
1401.076127291001,1401.076127291001,0.9990449983280142,0.00106283308385708
1401.0830716644773,1401.0830716644773,1.000669979012788,0.0010633746389009796
1401.0900160379529,1401.0900160379529,1.0002480799010662,0.0010629116931921802
1401.0969604113825,1401.0969604113825,1.0009156775471066,0.0010632844581010758
1401.1039047847885,1401.1039047847885,1.0006563597433686,0.0010634502810892925
1401.1108491581479,1401.1108491581479,1.0009513700789578,0.0010632560357337493
1401.1177935314843,1401.1177935314843,0.9981924019810375,0.0010623330288738633
1401.124737904797,1401.124737904797,1.0011541675351745,0.0010633478198205097
1401.1316822781114,1401.1316822781114,0.9990759717906688,0.0010625853459800168
1401.138626651355,1401.138626651355,0.9995052768687357,0.0010626533674583372
1401.1455710245978,1401.1455710245978,1.0005082769827784,0.0010629659988731998
1401.1525153978178,1401.1525153978178,0.9992454647825255,0.0010625335576576935
1401.1594597709911,1401.1594597709911,1.0006126049605133,0.0010628693234244833
1401.1664041441643,1401.1664041441643,1.002578603410204,0.0010636267936577801
1401.1733485172908,1401.1733485172908,0.9982287933905631,0.0010624204055120511
1401.180292890394,1401.180292890394,0.9966990542225158,0.0010620227104848625
1401.1872372634743,1401.1872372634743,1.0008067443629973,0.001063460982223804
1401.1941816365324,1401.1941816365324,1.001810601855368,0.001063444785020936
1401.201126009566,1401.201126009566,1.0018249977158358,0.001063404525047371
1401.2080703825766,1401.2080703825766,0.9990752511356323,0.0010625815812698042
1401.2150147555399,1401.2150147555399,0.9999555637757755,0.0010630484105553929
1401.221959128527,1401.221959128527,0.9982703922790315,0.0010624500362871351
1401.2289035014214,1401.2289035014214,1.0008914321439257,0.0010631481170100324
1401.235847874315,1401.235847874315,0.9995177081624304,0.001062569468783241
1401.2427922472089,1401.2427922472089,1.0006805286954623,0.0010632516426362939
1401.2497366200337,1401.2497366200337,1.0002851093165082,0.001062990091282423
1401.2566809928815,1401.2566809928815,0.9996354714257425,0.0010627177727073876
1401.263625365659,1401.263625365659,0.9995978483560866,0.0010625098005084142
1401.270569738413,1401.270569738413,0.9989774584937674,0.0010626184044707297
1401.2789029857227,1401.2789029857227,1.0000994916605463,0.0010627897110809664
1401.2858473584072,1401.2858473584072,1.0016151009962277,0.0010630953779951254
1401.2927917310913,1401.2927917310913,0.9997999710707717,0.0010628559433810063
1401.2997361037521,1401.2997361037521,1.0011149917671922,0.0010633426391824488
1401.3066804763907,1401.3066804763907,0.9992984934173845,0.0010627356312983424
1401.313624849006,1401.313624849006,1.0004136875624687,0.0010629620097390882
1401.3205692215506,1401.3205692215506,1.000561716155635,0.0010627515063756441
1401.3275135941185,1401.3275135941185,0.9978974634119083,0.0010623369775198913
1401.3344579666398,1401.3344579666398,0.9998393767426992,0.0010627633855471103
1401.3414023391147,1401.3414023391147,0.9980930743622055,0.0010622214497033576
1401.3483467116125,1401.3483467116125,1.0019076574619663,0.0010633940149595302
1401.3552910840406,1401.3552910840406,1.0013808645726652,0.0010636976862958632
1401.3622354564461,1401.3622354564461,0.9998184594403543,0.001063014849773113
1401.369179828875,1401.369179828875,0.9995640254373738,0.0010626029256064439
1401.3761242011872,1401.3761242011872,1.0003557829247245,0.0010631816105276639
1401.3830685735222,1401.3830685735222,1.0001298653089203,0.0010627930074110059
1401.3900129458575,1401.3900129458575,0.997992809305648,0.001062006402495636
1401.3969573181225,1401.3969573181225,1.0015965319714968,0.0010629572127271785
1401.4039016904342,1401.4039016904342,0.9995249734448455,0.001062779463850868
1401.4108460626298,1401.4108460626298,1.0002386881059588,0.001062826014242803
1401.4177904348485,1401.4177904348485,0.9997783981576658,0.001062606530226736
1401.424734807045,1401.424734807045,1.0002266178421642,0.0010625918931633348
1401.4316791791705,1401.4316791791705,1.000122116637937,0.0010624668714114566
1401.4386235513193,1401.4386235513193,1.000439429661754,0.0010625376852882655
1401.4455679234215,1401.4455679234215,0.9996982461570265,0.0010623855272439522
1401.4525122954772,1401.4525122954772,0.9994730910299625,0.0010624793510476392
1401.4594566675564,1401.4594566675564,1.000698304154826,0.0010626819416101954
1401.4664010395886,1401.4664010395886,1.000686894216907,0.0010628637336105085
1401.4733454115512,1401.4733454115512,0.9996003382320893,0.001062617787291518
1401.480289783538,1401.480289783538,0.9987803251802362,0.00106212090779951
1401.4872341554542,1401.4872341554542,0.9995446739444885,0.0010625474400538187
1401.4941785273936,1401.4941785273936,0.9995675216522836,0.001062449659869317
1401.501122899263,1401.501122899263,0.9992382057196261,0.0010625384997884817
1401.5080672711324,1401.5080672711324,0.9999075042453919,0.0010627356000229141
1401.5150116429784,1401.5150116429784,1.0002616743329884,0.001062650302154412
1401.521956014778,1401.521956014778,1.0009599895528687,0.0010631055860341166
1401.5289003865778,1401.5289003865778,0.9997039265364555,0.001062615878115894
1401.5358447583085,1401.5358447583085,1.0014881985512403,0.0010629431845912798
1401.5427891300383,1401.5427891300383,0.9992104414495525,0.0010623462159199714
1401.5497335017685,1401.5497335017685,0.9997511785378779,0.0010625147158141034
1401.5566778734278,1401.5566778734278,0.9993369017751238,0.0010627939638167042
1401.563622245088,1401.563622245088,1.0002376138270848,0.00106274703844085
1401.570566616701,1401.570566616701,1.000048948196405,0.0010627733125513484
1401.5775109882911,1401.5775109882911,0.9982961256936139,0.001062127233555571
1401.5844553598818,1401.5844553598818,0.9999179756337394,0.0010627245988167554
1401.5913997314028,1401.5913997314028,1.0022546910578067,0.0010633092977118332
1401.5983441029462,1401.5983441029462,0.9995460055245985,0.0010623403025741703
1401.6052884744197,1401.6052884744197,1.000326716384478,0.0010629231548241315
1401.6122328459164,1401.6122328459164,0.9989971060144093,0.0010624951588945688
1401.6191772173436,1401.6191772173436,1.0007119576363854,0.0010630726877374045
1401.626121588724,1401.626121588724,0.9997173549624303,0.0010626273134315095
1401.6330659601276,1401.6330659601276,1.0004702259557257,0.0010630524484931878
1401.6400103315093,1401.6400103315093,1.0006821765845149,0.0010629743632888493
1401.6469547027968,1401.6469547027968,0.9990754337401601,0.0010623543907501017
1401.653899074131,1401.653899074131,0.9991172971858677,0.0010627280323001666
1401.6608434453951,1401.6608434453951,1.0004847423396643,0.0010629048027203328
1401.6677878166358,1401.6677878166358,0.9991249324579871,0.00106265074147488
1401.6747321878997,1401.6747321878997,1.0003915956979585,0.0010625635823706366
1401.6816765590472,1401.6816765590472,1.0012792534768475,0.0010630293439238274
1401.6886209301952,1401.6886209301952,1.0000849534567127,0.001062708821238319
1401.6955653013433,1401.6955653013433,0.9999778337935534,0.0010625376183214003
1401.7025096724915,1401.7025096724915,0.9983085665509964,0.001062008622750785
1401.7094540435926,1401.7094540435926,0.9992448739287536,0.0010618161259100644
1401.7163984146703,1401.7163984146703,1.0002619914738944,0.0010620243256558109
1401.7244538850387,1401.7244538850387,1.0006165448741626,0.0010622324513633635
1401.7316760308927,1401.7316760308927,0.9989680182579207,0.001061812621419198
1401.7386204018771,1401.7386204018771,1.0009049900221019,0.0010624141664502189
1401.7455647728395,1401.7455647728395,0.9993799565273047,0.001061906291520719
1401.7525091437549,1401.7525091437549,0.9996230469270835,0.0010620480502076042
1401.7594535146463,1401.7594535146463,1.0005360577312759,0.001062317599224797
1401.7663978855148,1401.7663978855148,1.000407655031888,0.001062157040667392
1401.7733422563595,1401.7733422563595,1.0005486252255256,0.0010622474998738722
1401.7802866271809,1401.7802866271809,0.9985203636130222,0.0010619661057854183
1401.7872309979793,1401.7872309979793,1.0005763734521902,0.0010622681280910557
1401.7941753687312,1401.7941753687312,1.0000695116619678,0.001062291743444196
1401.8011197394844,1401.8011197394844,0.9992352990248721,0.0010621014680409903
1401.80806411019,1401.80806411019,0.9993530305858348,0.001062383731292958
1401.8150084808717,1401.8150084808717,1.0010111552427015,0.0010627165206082453
1401.8219528515306,1401.8219528515306,1.0001413431105124,0.0010623637731561814
1401.8288972221426,1401.8288972221426,1.000358628241439,0.0010627568116541692
1401.835841592778,1401.835841592778,1.0002295780801405,0.0010625344450175083
1401.8427859633903,1401.8427859633903,0.9992907898836089,0.0010620644555949482
1401.8497303338863,1401.8497303338863,1.000124825317721,0.0010625292969024132
1401.8566747044063,1401.8566747044063,1.000251269219119,0.0010627657841871126
1401.8636190749019,1401.8636190749019,1.0008216386505522,0.0010625993207437135
1401.870563445374,1401.870563445374,0.9987451726018752,0.0010622079347826952
1401.8791744647358,1401.8791744647358,0.9986012825071894,0.0010616807328460447
1401.8872299343825,1401.8872299343825,1.0004636424539326,0.0010624313194605845
1401.8941743047617,1401.8941743047617,1.0016178813852776,0.0010627731322290683
1401.9011186751188,1401.9011186751188,1.0002856088609242,0.0010627754135126549
1401.9080630454519,1401.9080630454519,0.9991414340292621,0.0010620256065467357
1401.915007415738,1401.915007415738,1.0014145374082355,0.0010627935401347152
1401.921951786001,1401.921951786001,0.9997980580421715,0.0010622991942056768
1401.9288961562638,1401.9288961562638,0.9993787086545887,0.001062330985716052
1401.93584052648,1401.93584052648,0.9991525759629066,0.001062183202039406
1401.942784896673,1401.942784896673,1.0006607462015722,0.0010623875959865385
1401.9497292668198,1401.9497292668198,0.9985051802409434,0.0010619503688769339
1401.9566736369675,1401.9566736369675,1.0011234722503386,0.0010622947878082165
1401.9636180070672,1401.9636180070672,0.9992001068501286,0.0010618277537915773
1401.9705623771438,1401.9705623771438,1.0004785071410398,0.0010616790796525132
1401.9780622968426,1401.9780622968426,1.0001596158610466,0.00106207694361576
1401.9858399912239,1401.9858399912239,0.9999965208426105,0.0010616530540673785
1401.9927843612072,1401.9927843612072,1.0008547828854066,0.0010622009804514584
1402.0002842807903,1402.0002842807903,0.9996516631485468,0.001061783252104962
1402.0080619751493,1402.0080619751493,1.000352609592953,0.0010620892993893167
1402.0150063450396,1402.0150063450396,1.001835459716307,0.0010627135746255655
1402.02195071493,1402.02195071493,0.997858313849697,0.0010613702562336795
1402.0297284091716,1402.0297284091716,1.0003791254820218,0.0010619402235736313
1402.0372283285674,1402.0372283285674,0.9987820839979487,0.0010612422813777807
1402.0441726983415,1402.0441726983415,0.9989597589702667,0.0010615471383280967
1402.0511170681398,1402.0511170681398,0.9999087884832782,0.0010619841576220315
1402.0580614378675,1402.0580614378675,1.0001384740193962,0.0010617502215514816
1402.0650058076183,1402.0650058076183,1.0010839117966288,0.0010621711965764168
1402.0719501772755,1402.0719501772755,1.0003418105050086,0.001061989664059787
1402.0788945469333,1402.0788945469333,1.0000706998866957,0.0010619245621223063
1402.0858389165674,1402.0858389165674,1.0011050732421531,0.0010621939581119282
1402.0927832861782,1402.0927832861782,0.999757047697875,0.0010615081145530145
1402.0997276557669,1402.0997276557669,0.9996756993549946,0.001061897553755691
1402.1066720253082,1402.1066720253082,0.9995970641243535,0.001061956559327217
1402.113616394826,1402.113616394826,1.0013432710699923,0.001062495509454827
1402.1205607643442,1402.1205607643442,1.0004651997454013,0.00106244887053761
1402.1275051337684,1402.1275051337684,0.9988722771572436,0.0010621875411002363
1402.1344495032868,1402.1344495032868,0.9996418510800374,0.00106232239331651
1402.141393872688,1402.141393872688,0.9984032537580317,0.001061890112398227
1402.1483382420902,1402.1483382420902,0.9987795699204888,0.0010620383778518609
1402.1552826113993,1402.1552826113993,1.0025337534411953,0.0010629516896200548
1402.1622269807772,1402.1622269807772,0.9989168565490214,0.0010619596341728298
1402.1691713500622,1402.1691713500622,1.000921690271427,0.0010624904919299583
1402.176115719324,1402.176115719324,1.0017952428200012,0.001062651995986833
1402.1830600885855,1402.1830600885855,0.9983986746612858,0.001061768791595105
1402.1900044578474,1402.1900044578474,1.0017457593399517,0.0010625117358750717
1402.196948827017,1402.196948827017,0.997351972703534,0.0010610517092398042
1402.2038931961856,1402.2038931961856,1.0001165920498696,0.001061900420312483
1402.210837565331,1402.210837565331,1.0000791164843263,0.0010617556283785982
1402.2177819344531,1402.2177819344531,1.0008867283221679,0.001062267496898477
1402.224726303552,1402.224726303552,1.0004388684689998,0.001062147991465271
1402.2316706726042,1402.2316706726042,0.9989426207400977,0.0010617766620102838
1402.2386150416562,1402.2386150416562,0.9991955258025005,0.001061822889998776
1402.245837185416,1402.245837185416,1.0010036692770488,0.0010621357774009278
1402.2538926534326,1402.2538926534326,0.9999565759432285,0.0010618737007301998
1402.2608370223916,1402.2608370223916,1.0003917550391945,0.001061984891569393
1402.267781391304,1402.267781391304,0.9982212580741858,0.0010613104704200276
1402.2747257601932,1402.2747257601932,1.0009515818471488,0.001062190557897235
1402.2816701290822,1402.2816701290822,1.0000885618567976,0.0010616846729623027
1402.2886144979489,1402.2886144979489,1.0008183858789574,0.001061879609227894
1402.2955588667692,1402.2955588667692,1.0002947888732607,0.0010619267736644079
1402.3025032354951,1402.3025032354951,0.9990451167088625,0.0010611572250796308
1402.3094476042913,1402.3094476042913,0.9987588822669766,0.0010617097119864007
1402.3163919729943,1402.3163919729943,1.0000974310676907,0.0010621093944661575
1402.3233363417207,1402.3233363417207,1.0003536024730473,0.001062333323071412
1402.3302807103769,1402.3302807103769,1.0026923377749373,0.0010634779962277866
1402.337225079034,1402.337225079034,1.0029207031905276,0.001063572926239379
1402.3441694476444,1402.3441694476444,1.0010483895750135,0.0010634939546334077
1402.351113816254,1402.351113816254,0.9956540724350278,0.0010621740118216855
1402.3580581848405,1402.3580581848405,0.9920922475860378,0.0010627018904865652
1402.365002553357,1402.365002553357,0.9961588536908792,0.0010670517037838765
1402.371946921897,1402.371946921897,0.9965609510097215,0.001068317192860184
1402.3788912903674,1402.3788912903674,0.9963185047527283,0.0010683381986412025
1402.3858356588153,1402.3858356588153,0.995135687433919,0.0010676709432274364
1402.392780027262,1402.392780027262,0.9968663236058675,0.0010683483441411407
1402.3997243956624,1402.3997243956624,0.9946454729663078,0.0010677294020691105
1402.4069465387922,1402.4069465387922,0.9955740751491238,0.001068513979478305
1402.4150020060406,1402.4150020060406,0.9978101641541741,0.0010694041020039595
1402.421946374394,1402.421946374394,0.9958210615124632,0.0010688063475626194
1402.4288907426321,1402.4288907426321,0.9985553503909956,0.0010695111274715776
1402.43583511087,1402.43583511087,0.9936476463082219,0.0010652353303701675
1402.442779479107,1402.442779479107,0.9936523452689674,0.0010628452408904918
1402.4497238473443,1402.4497238473443,0.9930565944626115,0.0010618167468523102
1402.4566682155587,1402.4566682155587,0.9981352132201049,0.0010635422519841402
1402.4636125837023,1402.4636125837023,1.004618525010211,0.0010646175855341818
1402.4705569518233,1402.4705569518233,1.0022470189841264,0.001064070621907709
1402.4775013199226,1402.4775013199226,1.0014085835383146,0.0010628899080962443
1402.4844456879966,1402.4844456879966,1.002386505163205,0.0010629321382698953
1402.4913900560243,1402.4913900560243,0.9994442419462249,0.0010614189728087864
1402.4983344240522,1402.4983344240522,1.000443488762286,0.0010608436684837008
1402.5052787920563,1402.5052787920563,1.0009634341866576,0.001061040857595642
1402.5122231599912,1402.5122231599912,1.000165607980574,0.0010606772976762765
1402.5191675279498,1402.5191675279498,0.9988062196735811,0.001059855667195776
1402.526111895838,1402.526111895838,0.9992883219087304,0.001060377299360428
1402.533056263703,1402.533056263703,0.9995165914794326,0.0010605946144475059
1402.5400006315674,1402.5400006315674,1.0003057122777057,0.0010609081307055028
1402.546944999386,1402.546944999386,0.9991264926820829,0.0010603934851129628
1402.5538893671805,1402.5538893671805,1.0006298597560686,0.0010608210149473042
1402.5608337349524,1402.5608337349524,1.0006057295616058,0.0010604590165452924
1402.567778102702,1402.567778102702,0.9984694592958657,0.0010598829066683815
1402.5747224703805,1402.5747224703805,1.001201655788369,0.0010606865022126039
1402.5816668380824,1402.5816668380824,0.9998919490295168,0.0010603224832487464
1402.5886112057606,1402.5886112057606,0.9999752373268868,0.001060614061462523
1402.5955555733458,1402.5955555733458,1.0010557990313993,0.0010607961644558516
1402.6024999410008,1402.6024999410008,0.9994078520781935,0.0010606460425869677
1402.609444308541,1402.609444308541,1.001112737096241,0.0010609564528287277
1402.616388676103,1402.616388676103,0.9993708371821034,0.0010604288839244004
1402.6233330436423,1402.6233330436423,0.998851788597972,0.0010602473194188113
1402.6302774111107,1402.6302774111107,0.9996962292222819,0.0010603420030056091
1402.6372217785797,1402.6372217785797,1.0001404353033359,0.0010607541314668037
1402.6441661460258,1402.6441661460258,0.9993112115818483,0.0010599378711727264
1402.6511105134484,1402.6511105134484,1.000573700932613,0.001060769567357668
1402.658054880825,1402.658054880825,1.0017145419428874,0.0010609050623968963
1402.6649992481775,1402.6649992481775,0.9997251330880331,0.0010606383275956284
1402.6719436155067,1402.6719436155067,0.9988127287045623,0.0010599880680208164
1402.6799990815675,1402.6799990815675,0.999766522858031,0.0010597302358454478
1402.688610096971,1402.688610096971,1.0003037030034965,0.0010598932079084835
1402.6955544641846,1402.6955544641846,0.9999972330309467,0.0010604537194519677
1402.7027766061042,1402.7027766061042,1.0001292621008289,0.0010601245375034547
1402.7288874265087,1402.7288874265087,0.9994011884256263,0.0010615065225587131
1402.735831793582,1402.735831793582,0.9997075291090223,0.0010613426636031824
1402.7427761606564,1402.7427761606564,1.0008928880081203,0.0010616860699562036
1402.7497205276827,1402.7497205276827,0.9993796485486619,0.0010612728507985625
1402.756664894686,1402.756664894686,1.0015761717500988,0.0010619140592828555
1402.7636092616194,1402.7636092616194,1.0001216299040925,0.0010615668337505444
1402.7705536285528,1402.7705536285528,0.9998381081265248,0.001061720475300535
1402.7774979954863,1402.7774979954863,0.9985228799702183,0.0010613323330515513
1402.784442362351,1402.784442362351,0.99943287586199,0.0010617903662187209
1402.7913867292148,1402.7913867292148,1.000802118757695,0.0010617339726844135
1402.7983310960315,1402.7983310960315,0.9999954674978637,0.0010615842947506204
1402.8052754628254,1402.8052754628254,0.9999109624534736,0.0010617109240330755
1402.812219829596,1402.812219829596,1.001538358511632,0.0010622119860007335
1402.8191641963429,1402.8191641963429,1.0001831622174027,0.0010616399477858004
1402.8261085630447,1402.8261085630447,0.9991404032232503,0.0010615573618969042
1402.8330529297455,1402.8330529297455,1.0004190208421546,0.0010617822601005976
1402.839997296376,1402.839997296376,0.9992293269531789,0.0010614514375568754
1402.8469416630066,1402.8469416630066,1.000677520911022,0.0010620938619935049
1402.8538860296376,1402.8538860296376,0.9976467045607406,0.0010613203531162267
1402.8608303961983,1402.8608303961983,1.0015026809389926,0.0010622342124393899
1402.8677747627376,1402.8677747627376,1.0003326330141107,0.0010619015178646141
1402.8747191292284,1402.8747191292284,1.0007166232793296,0.0010620533403896408
1402.8816634957193,1402.8816634957193,0.9992774927782202,0.0010614732189281133
1402.8886078622104,1402.8886078622104,0.9994277168538623,0.001061450212793199
1402.8955522286549,1402.8955522286549,1.0002017575093531,0.001062141142293157
1402.9024965950762,1402.9024965950762,1.0003090939476402,0.0010619398481408033
1402.9094409614286,1402.9094409614286,1.0010930801955513,0.001062441686190896
1402.91638532778,1402.91638532778,1.0000151633399574,0.0010621874680661046
1402.9233296941316,1402.9233296941316,0.9998266856251912,0.0010622790773315888
1402.930274060413,1402.930274060413,0.9992248568635258,0.0010623713061738928
1402.937218426671,1402.937218426671,0.9995116306081137,0.0010622920260337794
1402.9441627929293,1402.9441627929293,1.0003647879421271,0.0010627413449669472
1402.9511071591419,1402.9511071591419,1.0001285839707623,0.001062536273352399
1402.9580515253074,1402.9580515253074,0.998193174901939,0.0010623058231886003
1402.9649958914727,1402.9649958914727,1.0011050230990377,0.0010626218375544886
1402.9719402575909,1402.9719402575909,1.0014398848510355,0.0010628387301894297
1402.9788846236863,1402.9788846236863,0.9998616516952927,0.0010626221491909294
1402.9858289897813,1402.9858289897813,0.9987181825367379,0.001062152619357223
1402.992773355808,1402.992773355808,1.0008575544956737,0.0010620209062053969
1402.9997177218333,1402.9997177218333,0.9986451528580822,0.0010616937595865482
1403.006662087812,1403.006662087812,1.0015195612304428,0.001062701268752595
1403.0136064538142,1403.0136064538142,0.9990488516578484,0.0010617076007305686
1403.0205508197232,1403.0205508197232,1.0012362969927353,0.0010621914091413825
1403.027495185632,1403.027495185632,0.9998028050691191,0.0010621613121651785
1403.0344395515192,1403.0344395515192,0.9989673410353191,0.0010619739615338232
1403.041383917335,1403.041383917335,0.9999781523333331,0.0010620200458939387
1403.0483282831742,1403.0483282831742,1.0005353334334095,0.0010619526729912887
1403.055272648967,1403.055272648967,1.0005566248860513,0.0010622593340650392
1403.0622170147358,1403.0622170147358,1.0000231000953028,0.0010619144461269869
1403.0691613804586,1403.0691613804586,1.0003694639870626,0.0010621525692676033
1403.0761057461827,1403.0761057461827,0.9988269981457683,0.0010619114752755871
1403.0830501118587,1403.0830501118587,0.998559329279242,0.0010615532192886964
1403.0899944775115,1403.0899944775115,1.0000913432736604,0.0010621447448576414
1403.0969388431179,1403.0969388431179,1.0009630974845831,0.0010626207867992913
1403.1038832087474,1403.1038832087474,1.0013813708507704,0.001062249002380615
1403.110827574284,1403.110827574284,1.0005752599080568,0.0010621268575357337
1403.117771939845,1403.117771939845,0.9990114453334096,0.0010620227312995684
1403.124716305358,1403.124716305358,1.0006244165680656,0.0010626480796193528
1403.131660670848,1403.131660670848,0.9993601452999779,0.001062028315386212
1403.1386050362912,1403.1386050362912,1.0001166089547227,0.0010624062568191264
1403.1455494017114,1403.1455494017114,0.998542250730176,0.0010615020794293775
1403.1524937671081,1403.1524937671081,1.0002555775484392,0.0010622538797560434
1403.1594381325058,1403.1594381325058,1.000840901181054,0.0010625753903694313
1403.1663824978793,1403.1663824978793,1.000241508315917,0.001062388340004041
1403.1733268631829,1403.1733268631829,0.9998728903098545,0.0010623426699441925
1403.1802712284166,1403.1802712284166,0.9996467788776918,0.001062086787326041
1403.187215593697,1403.187215593697,1.000719094624237,0.001062493907751082
1403.1941599589313,1403.1941599589313,0.9997513167797191,0.0010622597701163393
1403.2011043241425,1403.2011043241425,0.9999773881518879,0.0010625912118108413
1403.2088820131455,1403.2088820131455,0.9986746433422364,0.001061878410042972
1403.2163819274892,1403.2163819274892,1.0004603889403625,0.0010624116345536304
1403.2233262925834,1403.2233262925834,1.0008198386952842,0.0010627289296600987
1403.2302706577007,1403.2302706577007,1.0001934328408546,0.001062426136997911
1403.237215022726,1403.237215022726,0.9998423090920907,0.0010624174746579514
1403.2441593877736,1403.2441593877736,1.0000563551952233,0.001062334181230407
1403.2511037527743,1403.2511037527743,0.9998799244203219,0.0010620150849716722
1403.258048117752,1403.258048117752,0.9995473692693697,0.001061814562880147
1403.264992482683,1403.264992482683,0.9991928558566006,0.0010621050946053223
1403.2719368476146,1403.2719368476146,1.0004891903008166,0.0010620477932716404
1403.2788812125002,1403.2788812125002,0.999932204657432,0.0010617370928759317
1403.2858255773378,1403.2858255773378,0.9996969386760032,0.001062257808054109
1403.2927699421757,1403.2927699421757,1.0009434189324113,0.0010622573204336066
1403.2997143069674,1403.2997143069674,1.0002205564166151,0.0010621728775629161
1403.3066586717819,1403.3066586717819,1.0003011475340293,0.0010622002931412616
1403.3136030365276,1403.3136030365276,1.0004272684031548,0.001062222321702611
1403.3205474012261,1403.3205474012261,1.0001731657095,0.001062024173527079
1403.3274917659012,1403.3274917659012,0.9989168402075419,0.0010614848257774667
1403.3344361305528,1403.3344361305528,0.9997627592422832,0.0010621653287418845
1403.3413804952045,1403.3413804952045,0.9997744994247835,0.0010620117022817966
1403.3483248598097,1403.3483248598097,0.9996501757485193,0.0010619200974538883
1403.3552692243695,1403.3552692243695,0.9994560748068266,0.0010621570846516557
1403.3622135889282,1403.3622135889282,1.000914255613878,0.0010627346468278477
1403.36915795344,1403.36915795344,1.002269184885185,0.0010631189269010573
1403.376102317929,1403.376102317929,0.9981084988380132,0.0010614768001727737
1403.3830466823708,1403.3830466823708,1.0007809519697783,0.001062741444424633
1403.389991046837,1403.389991046837,0.9990542785005919,0.0010622221850727683
1403.396935411233,1403.396935411233,0.9998345463218422,0.0010622870047880182
1403.4038797756052,1403.4038797756052,1.0007648031017582,0.001062566479062518
1403.4108241399776,1403.4108241399776,0.9996567371860998,0.001062420411046374
1403.41776850428,1403.41776850428,1.000342969118606,0.0010625578658126186
1403.4247128685824,1403.4247128685824,0.9993562808196046,0.0010622332526026431
1403.4316572328396,1403.4316572328396,1.0001280482336123,0.0010625659899561922
1403.4386015970488,1403.4386015970488,0.9995341662220152,0.0010619355902093937
1403.445545961305,1403.445545961305,0.9993385710368485,0.0010619921642961768
1403.4524903254908,1403.4524903254908,0.9995377080962184,0.0010621162639860165
1403.4594346896533,1403.4594346896533,1.0006867746963661,0.0010620418741781224
1403.4663790537008,1403.4663790537008,1.0019504624297864,0.0010626474899886424
1403.4738789669505,1403.4738789669505,1.0001486092335217,0.0010621799284852448
1403.4816566546963,1403.4816566546963,0.9996554000461415,0.0010617118825810702
1403.4886010187195,1403.4886010187195,0.9997359634679572,0.001061785137566104
1403.495545382719,1403.495545382719,1.0006083553994334,0.0010623006315437957
1403.502489746696,1403.502489746696,0.9993442222963665,0.0010620020605425682
1403.50943411065,1403.50943411065,0.998025525366397,0.0010615264799005925
1403.5163784745566,1403.5163784745566,1.0000620925851593,0.0010619345620287593
1403.5233228384634,1403.5233228384634,1.0012352117499765,0.0010626861614795116
1403.5302672023,1403.5302672023,0.9998798426009037,0.0010623111251111125
1403.5372115661364,1403.5372115661364,1.0014762730155167,0.001062996456480386
1403.5441559299516,1403.5441559299516,0.99962655916583,0.0010619973446890972
1403.5511002937183,1403.5511002937183,1.0000735742796496,0.0010620972220519297
1403.5580446574618,1403.5580446574618,0.998333120281076,0.0010615636432040154
1403.5649890211823,1403.5649890211823,0.9992349871713241,0.0010618371646838052
1403.571933384856,1403.571933384856,0.9999413301159121,0.0010620719891816296
1403.5788777485072,1403.5788777485072,0.9994175826734493,0.0010616495514056883
1403.5858221121816,1403.5858221121816,0.9998355636539727,0.001061660184845971
1403.5927664757623,1403.5927664757623,1.0006846575093522,0.0010617012794915406
1403.599710839343,1403.599710839343,0.9999243343696806,0.0010615799398364055
1403.606655202877,1403.606655202877,0.9999551146908858,0.0010614322871019591
1403.613599566388,1403.613599566388,1.0003252487930447,0.00106146731979157
1403.6216550280265,1403.6216550280265,0.9999480533637536,0.0010621082118790891
1403.6288771660106,1403.6288771660106,1.0008452470055136,0.001061989627565449
1403.635821529428,1403.635821529428,1.000139983372622,0.0010615924858247013
1403.642765892846,1403.642765892846,0.9996537909515505,0.001061688913326051
1403.6497102561937,1403.6497102561937,0.9982509373911453,0.0010612855027238226
1403.6566546195195,1403.6566546195195,1.0014184598707572,0.0010625392742565402
1403.6635989828674,1403.6635989828674,0.9999211608408565,0.0010618356697588388
1403.6705433461218,1403.6705433461218,1.0002350099674466,0.0010620731175673504
1403.67859880748,1403.67859880748,0.9997620502350726,0.0010622422910614715
1403.6858209452312,1403.6858209452312,0.9998135915323847,0.0010622964614565734
1403.6927653084167,1403.6927653084167,0.999604945041386,0.0010623087137811788
1403.699709671579,1403.699709671579,1.0001484668772094,0.001062295058083198
1403.7066540347173,1403.7066540347173,0.9998721302278512,0.001062420621956713
1403.713598397809,1403.713598397809,0.9995065408652387,0.0010622732150761477
1403.7205427608774,1403.7205427608774,1.0011054686875807,0.001062693462026487
1403.7274871239229,1403.7274871239229,1.0007104816005101,0.0010625619267381826
1403.7347092615123,1403.7347092615123,0.9985064736299385,0.001062030530503586
1403.7427647224972,1403.7427647224972,1.0012441365139781,0.001062506292577601
1403.7497090854724,1403.7497090854724,1.0010648906049062,0.0010629420048639895
1403.7572089974412,1403.7572089974412,0.9998939990741551,0.0010625562152906385
1403.7649866838606,1403.7649866838606,1.0005877869261575,0.0010623956400569044
1403.7719310467435,1403.7719310467435,0.9981395107798081,0.0010622070260553024
1403.7794309585956,1403.7794309585956,0.9994837621552181,0.0010621650961630913
1403.7872086449213,1403.7872086449213,1.0004392266644473,0.0010626040029446907
1403.7941530076869,1403.7941530076869,1.0012769490739148,0.001061968597609066
1403.8010973704068,1403.8010973704068,0.9999079606241305,0.0010621802044680116
1403.8080417331264,1403.8080417331264,0.998305220792212,0.001061311953841727
1403.814986095799,1403.814986095799,1.0014559646305443,0.0010623716701454633
1403.8219304584486,1403.8219304584486,0.9994709148209951,0.001061834451944349
1403.8288748210512,1403.8288748210512,1.0012670322072084,0.0010623224942209674
1403.8358191836776,1403.8358191836776,1.000270673353424,0.0010617917869481174
1403.8427635462351,1403.8427635462351,0.999919761328637,0.0010615956837987162
1403.8497079087676,1403.8497079087676,0.9997964041773478,0.0010617252803822525
1403.8566522712542,1403.8566522712542,0.9998391376773599,0.0010615635229634104
1403.8635966337636,1403.8635966337636,1.000297796694492,0.0010619545352744293
1403.8705409961801,1403.8705409961801,0.9985500665996943,0.0010613536837221545
1403.8774853585978,1403.8774853585978,1.00012903966158,0.0010615194618712688
1403.8844297210146,1403.8844297210146,0.9975946733626009,0.0010609770330430248
1403.891374083361,1403.891374083361,0.9997962855293416,0.0010615840611784217
1403.8983184457077,1403.8983184457077,1.001951020094077,0.0010625515118017708
1403.9052628079846,1403.9052628079846,0.9996989471310235,0.0010617126831370628
1403.9122071702627,1403.9122071702627,1.0006765246457738,0.0010621747923923869
1403.919151532516,1403.919151532516,0.9992158787445824,0.0010612057698307516
1403.926095894723,1403.926095894723,0.9993417539330653,0.0010614108161941106
1403.9330402569071,1403.9330402569071,1.0003068935511605,0.00106172556751072
1403.940262393564,1403.940262393564,1.0009399404005994,0.0010616334764372989
1403.9483178536188,1403.9483178536188,0.9985277524512224,0.0010613094504752442
1403.9552622157096,1403.9552622157096,0.9994218449518113,0.0010611042037439304
1403.9622065777767,1403.9622065777767,1.0015268889398286,0.0010621724077665745
1403.9691509398206,1403.9691509398206,0.9990543267456633,0.0010613298978044063
1403.976095301818,1403.976095301818,0.9988799691115722,0.0010617494797200582
1403.9830396637933,1403.9830396637933,1.0020925668922978,0.0010626411310779684
1403.9899840257444,1403.9899840257444,1.0011917341820407,0.0010623625544841494
1403.9969283876253,1403.9969283876253,1.0004978655660157,0.0010623670644851462
1404.0038727495762,1404.0038727495762,0.9998220941291253,0.0010621198965602176
1404.0108171114107,1404.0108171114107,0.9986544409307921,0.0010616302676605773
1404.017761473246,1404.017761473246,1.0003503418039028,0.0010624098052928745
1404.0247058350344,1404.0247058350344,0.9986971655818069,0.001061852599421075
1404.0316501967986,1404.0316501967986,0.9988964393859234,0.0010615777049867085
1404.0397056564336,1404.0397056564336,0.9983963964366745,0.0010617465740270454
1404.0469277925786,1404.0469277925786,1.000982079006258,0.00106250845738337
1404.0538721542744,1404.0538721542744,1.0016888125066419,0.0010627266402090025
1404.0608165159224,1404.0608165159224,1.0006177067441346,0.0010621417108990507
1404.067760877524,1404.067760877524,1.0007292840588224,0.0010619679862356637
1404.0747052391255,1404.0747052391255,1.0008636523804895,0.0010622817400936786
1404.0816496007042,1404.0816496007042,0.9987700059861258,0.0010617988868239306
1404.088593962214,1404.088593962214,0.9993843296629775,0.001061712917811626
1404.0955383237222,1404.0955383237222,0.9998138756078404,0.0010621328737037542
1404.102482685184,1404.102482685184,1.001101239428587,0.0010623287722482705
1404.1094270466228,1404.1094270466228,0.9990213233830183,0.001062215552374249
1404.1163714080153,1404.1163714080153,0.9996407833418246,0.0010617278134629241
1404.1233157694082,1404.1233157694082,0.998897943432412,0.001062176005378205
1404.1302601307768,1404.1302601307768,1.0010232329133528,0.0010623807879617834
1404.1372044920993,1404.1372044920993,0.9999856361910725,0.001062796059982191
1404.1441488533978,1404.1441488533978,1.0028658571706583,0.0010627627309365906
1404.1510932146505,1404.1510932146505,0.9985325559329578,0.0010616533654757647
1404.158037575904,1404.158037575904,0.9986306761166782,0.0010616999333352482
1404.1649819371096,1404.1649819371096,1.0001201124826866,0.001062242765635924
1404.1719262982924,1404.1719262982924,1.0010936238891723,0.0010626879544850735
1404.1788706594282,1404.1788706594282,1.000343437324204,0.0010621878850182156
1404.1858150205408,1404.1858150205408,0.9989394720617414,0.001061824916044785
1404.192759381632,1404.192759381632,1.0004944467981853,0.0010623631624906743
1404.1997037426743,1404.1997037426743,0.9996104098954615,0.0010620849078150877
1404.206648103717,1404.206648103717,1.0005581065820868,0.001062058197415763
1404.2135924647366,1404.2135924647366,0.9990186100577635,0.0010620304909995408
1404.2205368256866,1404.2205368256866,0.9988248605259287,0.0010614116862055333
1404.2274811866373,1404.2274811866373,1.0016156053433707,0.0010626653961713635
1404.2344255475405,1404.2344255475405,0.9996995152349972,0.0010620212829983951
1404.2441476527579,1404.2441476527579,0.99937871847055,0.0010617306934350835
1404.2510920135912,1404.2510920135912,1.0012338569161627,0.0010622266077526426
1404.2580363744025,1404.2580363744025,0.9990599228581083,0.0010614834654663237
1404.2649807351893,1404.2649807351893,1.001220786028855,0.0010618642520896298
1404.2719250959296,1404.2719250959296,0.9997855668607525,0.0010617686171555476
1404.278869456693,1404.278869456693,0.999704325404697,0.0010616926319915062
1404.2858138173633,1404.2858138173633,1.0001205095044303,0.0010617646975988341
1404.2927581780345,1404.2927581780345,0.9996146980711954,0.001061763888022819
1404.2997025386585,1404.2997025386585,1.0001070094848896,0.0010618075780587126
1404.3066468992588,1404.3066468992588,0.9997753379343429,0.0010613598933232279
1404.3135912598125,1404.3135912598125,0.9992543154402787,0.00106151203459032
1404.320535620343,1404.320535620343,1.000966077081523,0.0010621677887270886
1404.327479980875,1404.327479980875,0.9994192323627434,0.0010614913843016403
1404.3344243413592,1404.3344243413592,1.0000070949962334,0.0010612928426894529
1404.3413687018196,1404.3413687018196,1.0005063193620656,0.0010612542309364878
1404.3483130622342,1404.3483130622342,1.0008197280765398,0.0010617671861403379
1404.3552574226483,1404.3552574226483,1.000319831742751,0.0010617908278541589
1404.3622017829937,1404.3622017829937,0.9998515428128139,0.0010615317777795809
1404.369146143315,1404.369146143315,0.9986371520321418,0.0010606756918644558
1404.3760905036356,1404.3760905036356,0.9995432122874203,0.0010610338191645683
1404.3830348639103,1404.3830348639103,1.000380032988106,0.0010611362873507056
1404.3899792241384,1404.3899792241384,1.0016831790161445,0.0010617575926824916
1404.3969235843672,1404.3969235843672,1.0005952862961685,0.0010613326471772106
1404.4038679445487,1404.4038679445487,0.9987019225672766,0.0010611341389062875
1404.41081230466,1404.41081230466,0.9986455182180436,0.0010606295096031162
1404.4177566648648,1404.4177566648648,0.9988411817376648,0.0010608050826443284
1404.4247010249535,1404.4247010249535,1.0022985559749316,0.0010618903028519833
1404.4316453849729,1404.4316453849729,1.0005266111061726,0.001061451276182686
1404.4385897450145,1404.4385897450145,1.0006417632817104,0.0010614060539490692
1404.4455341050093,1404.4455341050093,0.9984043578221561,0.0010603561482805395
1404.4524784650043,1404.4524784650043,0.999684638832172,0.0010610804608724407
1404.459422824954,1404.459422824954,1.0004367048438891,0.001061282342830179
1404.4663671848562,1404.4663671848562,0.9989716290645692,0.0010604247277593527
1404.4733115447348,1404.4733115447348,1.0000049592081712,0.001060849144569289
1404.4808114533737,1404.4808114533737,1.0009418094509555,0.0010609461836022839
1404.4885891363936,1404.4885891363936,0.9998508434339449,0.0010614073214555565
1404.495533496157,1404.495533496157,1.0005432847330005,0.0010614511234736188
1404.5024778559193,1404.5024778559193,1.001008862285856,0.001061452444443106
1404.5094222156579,1404.5094222156579,0.9998222963935973,0.0010607378090781482
1404.5163665753505,1404.5163665753505,0.999631315587537,0.0010608209993282036
1404.5233109350202,1404.5233109350202,0.9991054543654366,0.0010605979078458846
1404.5302552946434,1404.5302552946434,0.9995240893312773,0.0010608670074295208
1404.537199654266,1404.537199654266,1.000465436655825,0.001061029437962727
1404.5441440138186,1404.5441440138186,0.9994347933250969,0.0010609412968568608
1404.551088373371,1404.551088373371,1.0003527902163991,0.0010611888686811752
1404.5580327329485,1404.5580327329485,1.0010952229641772,0.0010611089341979129
1404.5649770923615,1404.5649770923615,1.000065515663929,0.0010610813654853876
1404.5730325493653,1404.5730325493653,0.9977342586749115,0.001060064805615695
1404.580254683135,1404.580254683135,1.001220360258887,0.0010611878924025736
1404.5874768169056,1404.5874768169056,1.000188785094908,0.0010609600924350164
1404.5955322737707,1404.5955322737707,0.9996684008566739,0.0010603844016756326
1404.6030321818275,1404.6030321818275,1.0014601110331056,0.0010613512489255363
1404.6108098642417,1404.6108098642417,0.9999004603781388,0.00106052650549525
1404.618031997849,1404.618031997849,0.9982973615695119,0.001060648314440959
1404.628309649523,1404.628309649523,1.0007240573173193,0.0010610275437038514
1404.6358095574171,1404.6358095574171,1.0000942969357742,0.0010613323198149858
1404.6427539165506,1404.6427539165506,1.0005301980398618,0.0010611139395465647
1404.650531598779,1404.650531598779,0.9999377747675343,0.0010612214035479967
1404.6580315065576,1404.6580315065576,0.9994181067184474,0.0010612397900819461
1404.6649758656213,1404.6649758656213,0.9999373707557051,0.0010607165779051287
1404.6719202246618,1404.6719202246618,1.0002433013370728,0.001061562720352443
1404.678864583609,1404.678864583609,0.9993779298498733,0.0010612534399357303
1404.685808942627,1404.685808942627,0.9992806646161678,0.0010615262167990162
1404.6927533015516,1404.6927533015516,0.9994162921184284,0.0010620962828056305
1404.6996976604055,1404.6996976604055,0.9999217472913589,0.00106172661325816
1404.7138641524252,1404.7138641524252,1.0010622228755437,0.0010631445060696534
1404.7316417109453,1404.7316417109453,0.9993723611439134,0.0010635301923552511
1404.7385860696834,1404.7385860696834,1.0001624710105483,0.0010636974982010917
1404.7455304283744,1404.7455304283744,1.0007356903126392,0.0010638896570893351
1404.7524747870439,1404.7524747870439,1.0016881637828083,0.0010642959887661573
1404.7594191456888,1404.7594191456888,1.0000815099898666,0.0010642015153884854
1404.7663635042632,1404.7663635042632,1.000481923339795,0.001064330082673081
1404.7733078628612,1404.7733078628612,0.999043504733845,0.0010632196977774359
1404.7802522213901,1404.7802522213901,1.0010047090815377,0.0010639803686900747
1404.787196579919,1404.787196579919,1.0014411157154242,0.001064348711967349
1404.7941409383773,1404.7941409383773,1.000524504253974,0.0010639951140100966
1404.8010852968123,1404.8010852968123,1.0010882478705665,0.0010643618080878484
1404.8080296552707,1404.8080296552707,1.0012376510276881,0.0010644749005738053
1404.8149740136141,1404.8149740136141,1.0000536438366692,0.0010640480150061536
1404.8219183719561,1404.8219183719561,0.9996814427292074,0.0010637187467085472
1404.828862730298,1404.828862730298,1.0007568256262633,0.0010643034148435932
1404.8358070886402,1404.8358070886402,1.0010217390603866,0.0010643035522937825
1404.8427514468663,1404.8427514468663,1.003127143292056,0.00106505231126825
1404.8496958051157,1404.8496958051157,0.9954337817257943,0.0010622749960059138
1404.8566401633411,1404.8566401633411,0.9922154108304095,0.0010630908218365797
1404.8635845214967,1404.8635845214967,0.9954987789790423,0.001068278516993753
1404.8705288796525,1404.8705288796525,0.9963501581507093,0.001069803265294061
1404.8774732377394,1404.8774732377394,0.995916560124787,0.001068924759753345
1404.8844175958488,1404.8844175958488,0.995301046980531,0.001069086907985688
1404.8913619538882,1404.8913619538882,0.9954481423605939,0.0010693947545048605
1404.8983063118808,1404.8983063118808,0.9973669227193731,0.001070183638448978
1404.9052506698977,1404.9052506698977,0.9974427343491105,0.0010703420950409384
1404.9121950278445,1404.9121950278445,0.9988597462035053,0.0010708433738669874
1404.9205282573425,1404.9205282573425,0.9937284904713664,0.0010676593716294261
1404.927472615242,1404.927472615242,0.9926426646920742,0.0010659140406382994
1404.9344169730953,1404.9344169730953,0.9926767918689331,0.0010653043316478242
1404.9413613309027,1404.9413613309027,0.991813439189064,0.0010648642618643566
1404.948305688686,1404.948305688686,0.9924649193069554,0.0010648404920132895
1404.9552500464922,1404.9552500464922,0.9967517705258541,0.0010660758136575694
1404.9621944041824,1404.9621944041824,1.0049306763464636,0.0010682006922905047
1404.96913876192,1404.96913876192,1.0038508964272803,0.0010673903126471322
1404.9760831195872,1404.9760831195872,1.0020296917393148,0.0010662958041867026
1404.9830274772073,1404.9830274772073,1.0017807058163182,0.0010657632536859001
1404.9899718348274,1404.9899718348274,1.0008526134939,0.0010651522178729696
1404.9969161924014,1404.9969161924014,1.0007053335436324,0.0010644849379485895
1405.003860549953,1405.003860549953,0.9996005658346705,0.0010637055189644821
1405.01080490748,1405.01080490748,1.000164094737041,0.0010630515373919124
1405.0177492649605,1405.0177492649605,0.998060222980909,0.0010630980067401325
1405.0246936224175,1405.0246936224175,0.9992501630793802,0.0010638441273539512
1405.0316379798294,1405.0316379798294,0.9993362938977983,0.0010636120066922388
1405.038582337217,1405.038582337217,0.9994622974061047,0.001063402137134202
1405.045526694581,1405.045526694581,1.0002913496755514,0.0010635317993121745
1405.0524710518982,1405.0524710518982,0.9992285120385335,0.001063642304474719
1405.0594154092166,1405.0594154092166,1.0019671307843763,0.0010642651204786331
1405.0663597664884,1405.0663597664884,1.0006651844101957,0.0010635310679150516
1405.0733041236895,1405.0733041236895,1.0017199208658134,0.0010640346908658564
1405.080248480867,1405.080248480867,1.0002971010198884,0.0010633079644780353
1405.087192838045,1405.087192838045,0.9980758934497924,0.0010625954843339642
1405.0941371952242,1405.0941371952242,0.9977786733793741,0.001062831420454134
1405.1010815523089,1405.1010815523089,0.9997782152746334,0.001063386080039114
1405.1080259093935,1405.1080259093935,1.0013403565622703,0.001063915645474497
1405.1149702664547,1405.1149702664547,1.0005069046962187,0.0010635642589063767
1405.121914623447,1405.121914623447,1.0023115388734918,0.0010643780202914887
1405.1288589804394,1405.1288589804394,0.998877388686364,0.0010633395668578965
1405.135803337384,1405.135803337384,1.0014010865429264,0.0010642081761804392
1405.1438587914308,1405.1438587914308,0.9991499038843221,0.0010635257768480213
1405.1510809225706,1405.1510809225706,0.9986247569108315,0.001063241299700385
1405.1580252794233,1405.1580252794233,0.998183170469369,0.0010633407582511317
1405.1649696362285,1405.1649696362285,0.9998193251783001,0.0010641437016318707
1405.1719139930105,1405.1719139930105,1.0000296334763572,0.001064080886963101
1405.1788583497926,1405.1788583497926,1.0001208314896541,0.0010638464459813625
1405.185802706506,1405.185802706506,1.0005231342294298,0.0010639847789735049
1405.192747063195,1405.192747063195,1.0011964308558912,0.001064170135848242
1405.1996914198603,1405.1996914198603,0.9992811663623773,0.0010634961400297353
1405.2066357765027,1405.2066357765027,1.001977305853909,0.0010643883239884683
1405.2135801330994,1405.2135801330994,1.0003360327997353,0.001063621003687322
1405.220524489649,1405.220524489649,0.9993504243258367,0.001063357867651113
1405.227468846175,1405.227468846175,0.9989327444787095,0.0010632414959039801
1405.2344132026774,1405.2344132026774,0.9997946817298085,0.0010636869802939167
1405.2413575591574,1405.2413575591574,0.9988431642014068,0.0010634118812499393
1405.2483019155675,1405.2483019155675,1.0004733516932978,0.0010638999615512116
1405.2552462719768,1405.2552462719768,0.9995801932958553,0.0010637293182594368
1405.262190628363,1405.262190628363,1.0014170595740448,0.0010644606792149006
1405.2691349847032,1405.2691349847032,0.9985829669253243,0.0010632466431778399
1405.2760793410202,1405.2760793410202,1.0026787219156428,0.0010643192470958154
1405.2830236972902,1405.2830236972902,0.9990584758100699,0.001063623021858135
1405.2899680535365,1405.2899680535365,1.0000604979689398,0.001063794921643759
1405.2969124097594,1405.2969124097594,0.9989878481627196,0.0010631192820510736
1405.3038567659146,1405.3038567659146,1.00002910847536,0.001063783380080089
1405.3108011220913,1405.3108011220913,1.000704829326692,0.0010639143164089071
1405.317745478198,1405.317745478198,1.0006438632114052,0.0010641205818280714
1405.3246898343048,1405.3246898343048,0.9998445365086311,0.001063826649873207
1405.3316341903426,1405.3316341903426,0.99858402473746,0.0010633899549454295
1405.3385785463568,1405.3385785463568,1.0000709230222629,0.001063044695336975
1405.3455229023702,1405.3455229023702,1.000110256328001,0.0010633253943684337
1405.3524672582907,1405.3524672582907,1.0005406525880551,0.0010635309281644704
1405.3594116142353,1405.3594116142353,0.9999116954853541,0.0010633308702122373
1405.366355970133,1405.366355970133,0.9992316596324432,0.0010631075976411182
1405.3733003260072,1405.3733003260072,0.9993393114342132,0.0010631281203990367
1405.3802446818113,1405.3802446818113,1.0007821593331931,0.0010634787899128028
1405.3871890376154,1405.3871890376154,1.0010950517378745,0.0010639391809492901
1405.3941333933976,1405.3941333933976,1.000619971754685,0.0010635138442978052
1405.4010777491087,1405.4010777491087,1.0002478616882517,0.0010633341224935903
1405.4080221048196,1405.4080221048196,0.9999559375562488,0.0010632698319564574
1405.414966460484,1405.414966460484,0.9982804633754165,0.0010630698497091544
1405.4219108161265,1405.4219108161265,1.000945035186041,0.0010639645101138736
1405.4288551717207,1405.4288551717207,0.9992758369202475,0.0010632587338806803
1405.435799527292,1405.435799527292,0.9986096113600482,0.0010629092396451112
1405.44274388284,1405.44274388284,1.0012694743158863,0.0010641526885262404
1405.4496882383428,1405.4496882383428,1.0002521740444696,0.0010635150058823073
1405.456632593821,1405.456632593821,0.9997818270291585,0.0010633295829597196
1405.4635769492525,1405.4635769492525,0.9994158673668698,0.001063302285849697
1405.4705213046843,1405.4705213046843,1.0007578663524843,0.001063608059789074
1405.4774656600468,1405.4774656600468,1.0015381250045734,0.0010638032599116487
1405.4844100153855,1405.4844100153855,0.9997778315722007,0.0010635949835944903
1405.491354370701,1405.491354370701,0.999476550864461,0.0010637201418090569
1405.4982987259925,1405.4982987259925,0.9978779239466122,0.0010629097618474706
1405.5052430812157,1405.5052430812157,1.0013496761397913,0.0010640234721760533
1405.5121874364381,1405.5121874364381,1.0020805513651911,0.0010643939341155265
1405.5191317916367,1405.5191317916367,0.9981063955488612,0.0010632314847589855
1405.5260761467657,1405.5260761467657,0.9997007027248548,0.0010636111708610847
1405.533020501895,1405.533020501895,0.9995768928153945,0.0010633225246932556
1405.5399648569783,1405.5399648569783,1.0010500511927056,0.0010642007621236434
1405.5482980830307,1405.5482980830307,0.9992293955514719,0.0010637216754836214
1405.5552424380198,1405.5552424380198,0.9992262390771327,0.0010634481708855568
1405.5621867930095,1405.5621867930095,1.0003816468160722,0.0010631867082183033
1405.5691311479763,1405.5691311479763,1.0001088561925673,0.0010638983490926265
1405.576075502872,1405.576075502872,1.0020841768854147,0.0010642792767077886
1405.5830198577917,1405.5830198577917,1.0005237272361,0.001064083760156535
1405.590241986835,1405.590241986835,1.0005730865479763,0.0010637722738828285
1405.5982974383685,1405.5982974383685,0.9985855778561676,0.001063000430879076
1405.605241793172,1405.605241793172,0.9992106426892147,0.0010630199182908317
1405.6121861479046,1405.6121861479046,0.9996801620287135,0.0010631825906128316
1405.6191305026148,1405.6191305026148,1.0008930202603354,0.0010634851244237542
1405.6260748572793,1405.6260748572793,0.9987468881203745,0.0010629722448615693
1405.6330192119424,1405.6330192119424,1.001226703468681,0.0010638820064264947
1405.6399635665357,1405.6399635665357,1.0019679815322635,0.001063700080780295
1405.6469079211063,1405.6469079211063,0.9999664030550542,0.0010636172866275483
1405.653852275654,1405.653852275654,1.0007632722834003,0.0010637457252841013
1405.6607966301776,1405.6607966301776,0.9990832258702851,0.001062806601765321
1405.6691298555547,1405.6691298555547,0.9982693497190251,0.0010628830903120065
1405.6760742100084,1405.6760742100084,0.9999868328977909,0.001063147187778097
1405.6830185643937,1405.6830185643937,0.9991214460597468,0.001063104472055412
1405.6899629187537,1405.6899629187537,1.0008800730685126,0.0010635046256220262
1405.6969072731376,1405.6969072731376,1.00091626712925,0.0010638765014508228
1405.7038516274056,1405.7038516274056,0.9997239583574944,0.0010638159287859532
1405.710795981674,1405.710795981674,1.0000174764090954,0.001063566263758148
1405.7177403359415,1405.7177403359415,0.9996826287905209,0.0010631563590026674
1405.7246846901392,1405.7246846901392,1.0014133489973505,0.0010640011775954624
1405.7316290443136,1405.7316290443136,1.0003977144093246,0.0010636801746157216
1405.7385733984656,1405.7385733984656,0.9993510016242666,0.0010634046913352668
1405.7455177525467,1405.7455177525467,0.9989119980784846,0.0010629295632529254
1405.7524621066277,1405.7524621066277,0.9988644403385823,0.0010633515366324708
1405.759406460686,1405.759406460686,1.0005263609091184,0.001063799757396431
1405.766350814675,1405.766350814675,1.0007258709876876,0.0010636504766887924
1405.7732951686633,1405.7732951686633,0.9992163808210058,0.0010630008089182492
1405.780239522605,1405.780239522605,0.9991109817913859,0.0010633505258820061
1405.7871838764995,1405.7871838764995,1.0004237388021118,0.0010631697300714116
1405.7941282303727,1405.7941282303727,1.0017795300058787,0.0010636766172413047
1405.801072584221,1405.801072584221,0.9995323981804779,0.0010631177293239295
1405.8080169380225,1405.8080169380225,1.0009552856077317,0.0010635853052251767
1405.8157946142437,1405.8157946142437,1.0004705114832024,0.0010634389683017316
1405.8232945162713,1405.8232945162713,1.0002315103604684,0.0010632767381774065
1405.8302388699565,1405.8302388699565,0.9980083416275066,0.0010627741488507792
1405.8371832236421,1405.8371832236421,0.9982629698258533,0.0010628271142976379
1405.8441275772814,1405.8441275772814,1.0006824005617587,0.0010635738262857806
1405.8521830274408,1405.8521830274408,1.000414046352231,0.0010632522423122189
1405.859405155134,1405.859405155134,1.0007719281417269,0.0010633393481956123
1405.8663495086562,1405.8663495086562,0.999800115208368,0.001063182820220539
1405.8732938621558,1405.8732938621558,0.9998825567504568,0.001063171396549266
1405.8802382156093,1405.8802382156093,1.0014731431972663,0.001063372607932354
1405.8871825690383,1405.8871825690383,0.9984630736443059,0.0010622165008542389
1405.8941269224445,1405.8941269224445,1.0003296023605768,0.001062331263496063
1405.901071275781,1405.901071275781,0.9996265841360291,0.0010625548911007562
1405.9080156290943,1405.9080156290943,1.0004667088809995,0.001062677498183884
1405.914959982384,1405.914959982384,0.9997819185510342,0.0010618900265974922
1405.9219043356502,1405.9219043356502,1.0000236706853245,0.001062694879337555
1405.9288486888474,1405.9288486888474,1.000847828398293,0.0010627617793808788
1405.9357930420215,1405.9357930420215,1.0010498429907746,0.0010629699592398175
1405.9427373952174,1405.9427373952174,0.9999109428894466,0.001062729442032124
1405.9496817483443,1405.9496817483443,0.9988006138330056,0.0010628908890991371
1405.9566261014015,1405.9566261014015,0.9996940793676243,0.0010629383795561593
1405.9635704544357,1405.9635704544357,0.9986610508584279,0.0010624604132092059
1405.9705148074459,1405.9705148074459,1.0003745366048544,0.001063213984404341
1405.9774591604325,1405.9774591604325,1.0000953019843184,0.0010629544404275053
1405.9844035133738,1405.9844035133738,1.0011869151237869,0.0010627062442724942
1405.9913478662913,1405.9913478662913,1.0008030944174404,0.001062970886204146
1405.9982922191616,1405.9982922191616,0.9982817046682122,0.0010626882811008318
1406.005236572009,1406.005236572009,0.9999851590996638,0.0010626408213500584
1406.0121809248103,1406.0121809248103,1.0003607734395135,0.001062753353605276
1406.019125277588,1406.019125277588,1.0009675354943617,0.0010631365934005558
1406.0260696303421,1406.0260696303421,0.9999510209861068,0.001062858769921377
1406.0330139830494,1406.0330139830494,1.0002228066112817,0.0010628216943305215
1406.0399583357114,1406.0399583357114,1.000216466571565,0.001062548040216397
1406.0469026883493,1406.0469026883493,0.99877676818409,0.0010621301006017761
1406.0538470409404,1406.0538470409404,0.999367601517562,0.0010625175404834451
1406.0607913935314,1406.0607913935314,1.0001779238292496,0.001062799362567382
1406.068013520201,1406.068013520201,1.001011829164891,0.0010632128564662853
1406.0760689690094,1406.0760689690094,1.0015976790247296,0.0010632225122861505
1406.0830133215077,1406.0830133215077,0.9981140046513162,0.0010619539031384083
1406.0899576739357,1406.0899576739357,0.9994987007897617,0.0010620144147568266
1406.0969020263183,1406.0969020263183,1.000446018623712,0.0010624173097247675
1406.1041241527541,1406.1041241527541,0.9996675142442195,0.0010622247499282107
1406.112179601446,1406.112179601446,0.9989400747761042,0.001061693109832345
1406.119123953735,1406.119123953735,1.0006094041092937,0.0010619338614202682
1406.1266238541557,1406.1266238541557,0.9996157038888167,0.0010614780948114434
1406.134401528607,1406.134401528607,1.0000304987285602,0.0010622318774036203
1406.1413458807788,1406.1413458807788,1.002012891656555,0.0010631989600456736
1406.1482902329058,1406.1482902329058,1.0000456993205762,0.0010622143303552504
1406.1552345850075,1406.1552345850075,0.9993525273911489,0.0010619368380048943
1406.1621789370633,1406.1621789370633,0.999851259812834,0.0010618804855704264
1406.169123289072,1406.169123289072,1.0003688981617154,0.00106263703320084
1406.1760676411056,1406.1760676411056,1.0006459755089085,0.0010626513904967321
1406.1830119930685,1406.1830119930685,0.9985832170012964,0.0010624909112606053
1406.189956344984,1406.189956344984,0.9985261555008416,0.0010620324150598785
1406.1969006968302,1406.1969006968302,1.0003435934156601,0.0010630355370315847
1406.203845048701,1406.203845048701,1.0011505328287242,0.0010635548405784276
1406.2107894005233,1406.2107894005233,0.9996712423834548,0.0010630739588185722
1409.9676820609366,1409.9676820609366,1.0008764067920828,0.0010821772278919119
1410.9121134851748,1410.9121134851748,0.9989855406064775,0.0010863216283395554
1410.9190578318764,1410.9190578318764,0.9993714370744371,0.0010863476931324942
1410.9260021786936,1410.9260021786936,1.002031794604132,0.00108702779316818
1410.9329465254639,1410.9329465254639,0.9985402543391725,0.0010860757420753043
1410.9398908723288,1410.9398908723288,0.9998311143600287,0.0010864313607754673
1410.9468352192616,1410.9468352192616,0.9996570498627305,0.001086338484055855
1410.9537795662193,1410.9537795662193,1.0002880232241917,0.001086509373441568
1410.9615572348735,1410.9615572348735,1.0014743634032823,0.0010866772444005236
1410.9743348335478,1410.9743348335478,1.0014393474098076,0.0010851083170401227
1410.9857235628829,1410.9857235628829,0.9984717547110072,0.0010861362177736734
1410.9932234579487,1410.9932234579487,1.0015999490822343,0.0010854960432497543
1411.0051677352753,1411.0051677352753,1.0002530560473222,0.0010859118228656584
1411.0121120826516,1411.0121120826516,0.9991391039704729,0.0010854052626073471
1411.0190564300506,1411.0190564300506,0.999379985933284,0.0010857762495488467
1411.0260007775207,1411.0260007775207,0.9997063008128393,0.001085493691895276
1411.0329451250125,1411.0329451250125,0.9994373063931776,0.0010845124186428874
1411.0398894725288,1411.0398894725288,1.0011589671719896,0.0010852948100130782
1411.0473893679437,1411.0473893679437,0.9999174032148133,0.0010852770564796618
1411.055167037273,1411.055167037273,0.9999816697116678,0.0010835795131013172
1411.062111384929,1411.062111384929,1.002855373672564,0.0010862699183269821
1411.0690557326539,1411.0690557326539,0.9982848786536366,0.0010840679716430097
1411.076000080403,1411.076000080403,0.9989731391609593,0.0010842732798684936
1411.0829444281983,1411.0829444281983,1.0004655654001127,0.0010849611590667727
1411.0898887759697,1411.0898887759697,0.9995240695653616,0.001085021868545466
1411.0968331238355,1411.0968331238355,0.9999743499747578,0.0010851361398889186
1411.1037774717468,1411.1037774717468,1.0004459670966797,0.0010851375844745399
1411.1107218196819,1411.1107218196819,1.0009703062504833,0.001085369999144098
1411.1176661676404,1411.1176661676404,0.9977457613449564,0.0010850355737430449
1411.1246105156679,1411.1246105156679,1.0002218035335817,0.0010846837546521588
1411.1315548636735,1411.1315548636735,1.0003123608197024,0.0010847526369658865
1411.1384992117476,1411.1384992117476,1.0001165324962615,0.0010844123259027897
1411.1454435598457,1411.1454435598457,1.000401165716171,0.0010848268454668364
1411.1523879079436,1411.1523879079436,1.000310725007321,0.001085144299898691
1411.1593322561114,1411.1593322561114,1.000130025874108,0.0010842200295994968
1411.166276604326,1411.166276604326,0.9992720066689778,0.001083572051196824
1411.1732209525169,1411.1732209525169,1.0012307769344533,0.00108447935278141
1411.1801653007783,1411.1801653007783,1.000200154074929,0.0010844123051021593
1411.1871096490622,1411.1871096490622,0.9996293596240502,0.0010847116218685297
1411.194053997369,1411.194053997369,0.9992901936559127,0.0010840410660304947
1411.2009983456771,1411.2009983456771,0.9989064351519378,0.0010837554360183825
1411.207942694054,1411.207942694054,0.9993104120985766,0.0010841109731368585
1411.2148870424319,1411.2148870424319,1.000772311764503,0.0010843499441353295
1411.2218313908788,1411.2218313908788,0.9996413023213535,0.0010834821918838456
1411.228775739326,1411.228775739326,1.0014863312577678,0.0010844158863300142
1411.2357200877736,1411.2357200877736,0.9987550777669135,0.0010837377096428568
1411.24266443622,1411.24266443622,1.0009470995968879,0.0010847939044089103
1411.2496087847612,1411.2496087847612,1.0007745065577276,0.0010849022146734385
1411.256553133278,1411.256553133278,1.0016143665828143,0.0010845916403025156
1411.2634974818416,1411.2634974818416,0.998613008106847,0.0010842656143431758
1411.2704418304054,1411.2704418304054,0.9987556889048562,0.0010836234361247684
1411.2773861789917,1411.2773861789917,0.9999791184886746,0.0010843324952960315
1411.284330527649,1411.284330527649,1.0006077691042106,0.001084816094463664
1411.2912748762822,1411.2912748762822,0.998616864057545,0.0010837470947621095
1411.2982192249387,1411.2982192249387,1.001386552764585,0.0010850990720651568
1411.3051635736192,1411.3051635736192,0.9998438917978703,0.001084661281711806
1411.312107922322,1411.312107922322,0.9994841834534437,0.0010848821286328792
1411.319052271026,1411.319052271026,1.0005402925217672,0.001084678553823657
1411.3259966197757,1411.3259966197757,0.9987866079427936,0.0010844118369248237
1411.3329409685484,1411.3329409685484,1.0001277663887354,0.0010836807396460005
1411.339885317299,1411.339885317299,1.0000591409845294,0.0010838124102774524
1411.346829666118,1411.346829666118,1.0015458181994839,0.0010849241721247569
1411.3537740149152,1411.3537740149152,0.9997190262808315,0.0010840157022174034
1411.3607183637343,1411.3607183637343,0.9999662697002085,0.0010837025143259468
1411.3676627125776,1411.3676627125776,1.0004715187808126,0.0010836030566410864
1411.3746070614438,1411.3746070614438,1.0003465170358645,0.0010841433554295084
1411.38155141031,1411.38155141031,0.998790742512265,0.0010839634928016518
1411.3884957592,1411.3884957592,0.9990816316821596,0.0010832774923550893
1411.3954401080896,1411.3954401080896,1.000655771439847,0.0010837501173156278
1411.4023844570256,1411.4023844570256,0.999745339745249,0.0010836099534601179
1411.4093288059387,1411.4093288059387,0.9996256260167689,0.0010838653946493102
1411.4162731548743,1411.4162731548743,0.9996610359719105,0.0010836486600704512
1411.4232175038342,1411.4232175038342,1.0015230194481803,0.0010842850773041125
1411.4301618527932,1411.4301618527932,1.002197987830622,0.0010839833108765885
1411.4371062017995,1411.4371062017995,0.9986487048917851,0.001082868261028123
1411.4440505507355,1411.4440505507355,0.9992311915097136,0.001082645706539325
1411.4509948997643,1411.4509948997643,0.9986930118970264,0.001082894992014171
1411.4579392487944,1411.4579392487944,1.0017931644793845,0.0010840046349137552
1411.464883597823,1411.464883597823,0.9976407235214347,0.001082554046473497
1411.471827946853,1411.471827946853,0.9998234980735518,0.0010835800480359233
1411.478772295882,1411.478772295882,1.0010044364464468,0.0010835914772184972
1411.4857166449112,1411.4857166449112,1.002857387884665,0.001084966898075073
1411.4926609939641,1411.4926609939641,1.0001272898935398,0.0010839889920191998
1411.499605343086,1411.499605343086,1.0011666466634668,0.0010846474267016744
1411.5065496921156,1411.5065496921156,0.9989301671298453,0.001083568117627766
1411.513494041238,1411.513494041238,1.000032154955849,0.0010834905463766218
1411.5204383902903,1411.5204383902903,1.0001847062224232,0.0010840423838389152
1411.5273827394365,1411.5273827394365,0.999035123205869,0.0010840500619573995
1411.5343270885116,1411.5343270885116,0.9997259365944584,0.0010836859807542647
1411.5412714376348,1411.5412714376348,0.9995105863342358,0.0010839376963445346
1411.5482157867568,1411.5482157867568,0.9999559567457341,0.0010834579030572981
1411.5551601358793,1411.5551601358793,0.9998554899649328,0.0010842528875569073
1411.5621044850254,1411.5621044850254,1.0007596379286743,0.0010841642239666717
1411.5690488341472,1411.5690488341472,0.9996875068226933,0.0010839507360995355
1411.5759931832936,1411.5759931832936,1.0007470300551842,0.0010830916821875638
1411.5829375324388,1411.5829375324388,1.000172802090354,0.0010841690152696918
1411.589881881608,1411.589881881608,0.9995242468139999,0.0010834737605488194
1411.5968262307535,1411.5968262307535,0.9989265157125239,0.001083712485566813
1411.603770579899,1411.603770579899,1.0019634818009497,0.001084487560518104
1411.6107149290917,1411.6107149290917,0.999135688889987,0.0010833236745242455
1411.6176592782606,1411.6176592782606,0.99916049325365,0.0010835007629204142
1411.6246036274297,1411.6246036274297,1.0009371930683657,0.0010845579682364074
1411.6315479765985,1411.6315479765985,1.0007200760283184,0.0010848078860509328
1411.6384923257906,1411.6384923257906,0.9992250558045788,0.0010843295445372735
1411.64543667496,1411.64543667496,1.001837814346785,0.0010848370380064332
1411.6523810241283,1411.6523810241283,1.0004839432280048,0.0010846894912490677
1411.6593253733213,1411.6593253733213,0.9981496007985975,0.0010837628210803602
1411.666269722513,1411.666269722513,0.999963397377063,0.0010844668472274677
1411.6732140716824,1411.6732140716824,0.9988104784627174,0.0010845072075841146
1411.6801584208747,1411.6801584208747,0.9983550110166621,0.001084343943561325
1411.6871027700663,1411.6871027700663,1.0018962336895314,0.0010848137480482015
1411.6940471192365,1411.6940471192365,1.0007832346103966,0.0010851959819253311
1411.700991468451,1411.700991468451,0.999578004691928,0.0010844066982793016
1411.7079358176438,1411.7079358176438,0.9998808384516578,0.0010839662297618346
1411.7148801668127,1411.7148801668127,0.9995691307664314,0.00108442659013597
1411.721824516028,1411.721824516028,1.000945946082203,0.0010844824344995486
1411.7287688651975,1411.7287688651975,0.9987944863800171,0.0010838817811649787
1411.735713214389,1411.735713214389,1.0012245691644945,0.001084043039894818
1411.742657563582,1411.742657563582,0.9995436295427564,0.0010836476624414204
1411.7496019127507,1411.7496019127507,0.9999610879720615,0.0010847128720620721
1411.756546261943,1411.756546261943,1.001683167948334,0.0010846068907000802
1411.7634906111355,1411.7634906111355,0.9998631052321881,0.001084389741085611
1411.770434960304,1411.770434960304,0.998248946545982,0.001083508288778841
1411.7773793094734,1411.7773793094734,1.0005091389297427,0.0010849165279958454
1411.7843236586655,1411.7843236586655,0.9986942689676365,0.0010840083154450679
1411.7912680078348,1411.7912680078348,1.0008656752695173,0.0010845785907942274
1411.7982123570036,1411.7982123570036,1.0007940488781213,0.0010851592624144047
1411.8051567061725,1411.8051567061725,1.000890570274,0.0010845034397841723
1411.8121010553182,1411.8121010553182,0.9999275301415113,0.001084234794622082
1411.8190454045102,1411.8190454045102,0.99923289982717,0.001084103435198885
1411.8259897536566,1411.8259897536566,0.9997569573320415,0.0010846592306278592
1411.8329341028018,1411.8329341028018,1.0017073408266959,0.0010844141691130945
1411.839878451948,1411.839878451948,1.0004328906950946,0.0010845299183163282
1411.8468228010938,1411.8468228010938,1.000214418567505,0.0010844049740687315
1411.8537671502388,1411.8537671502388,0.9988648537903743,0.0010841807415660105
1411.8607114993622,1411.8607114993622,1.0003926674637762,0.0010846462172035493
1411.867655848507,1411.867655848507,0.9991274793422071,0.0010844359440648028
1411.874600197653,1411.874600197653,1.000164940755731,0.001084254652256597
1411.8815445467521,1411.8815445467521,0.9991646071249555,0.0010841699529452059
1411.8884888958744,1411.8884888958744,0.9999144017191682,0.001084540221775566
1411.8954332449741,1411.8954332449741,1.0012924685883453,0.001084802557951407
1411.902377594096,1411.902377594096,1.0013116953683476,0.00108481198279861
1411.9093219431725,1411.9093219431725,0.9986734547026135,0.0010839158982383558
1411.9162662922947,1411.9162662922947,0.9990724379003948,0.0010829890233085503
1411.9232106413474,1411.9232106413474,0.9998981032148292,0.0010843609918775835
1411.9301549904696,1411.9301549904696,1.0016384031047312,0.0010850304485750452
1411.937099339499,1411.937099339499,0.9997904188957325,0.0010843020315632458
1411.9440436885748,1411.9440436885748,1.0007190596770021,0.0010842364432203135
1411.9509880376736,1411.9509880376736,0.9998113546743534,0.0010845493684870813
1411.9579323867035,1411.9579323867035,0.9981486779384227,0.0010845425521160436
1411.9648767357323,1411.9648767357323,1.0004102773248147,0.0010848469399136725
1411.9718210847618,1411.9718210847618,1.0014752834697007,0.0010850232207535422
1411.978765433791,1411.978765433791,0.9970004161755337,0.0010836333360802817
1411.9857097828203,1411.9857097828203,1.0015322145862287,0.001085208818506871
1411.99265413185,1411.99265413185,1.0000573297949433,0.0010844024570159665
1411.9995984808788,1411.9995984808788,1.0001349172304264,0.0010851843846086315
1412.0065428299088,1412.0065428299088,1.0000783262538073,0.001084679406418949
1412.0134871788212,1412.0134871788212,1.001139340941633,0.0010847798527060055
1412.0204315278504,1412.0204315278504,0.9988092210764382,0.0010841534949564606
1412.0273758768103,1412.0273758768103,1.000553725732478,0.0010853130841908588
1412.0343202257923,1412.0343202257923,1.0001392592457239,0.0010846363705459077
1412.0412645747292,1412.0412645747292,0.9994925488858429,0.0010833312376436342
1412.048208923688,1412.048208923688,0.9996942736014178,0.001083377944219924
1412.0551532726245,1412.0551532726245,0.9998580800897354,0.0010842344753629882
1412.062097621561,1412.062097621561,0.9995244477673803,0.0010843757595972853
1412.0690419704736,1412.0690419704736,1.001115908219428,0.0010851291021828939
1412.0759863193866,1412.0759863193866,0.9990999320033225,0.0010840229655787903
1412.082930668276,1412.082930668276,1.0002183648489644,0.001083665087801097
1412.0898750171662,1412.0898750171662,1.0008360346454999,0.0010843266420029452
1412.0968193660551,1412.0968193660551,1.0006720172532895,0.0010851160047580543
1412.1037637149452,1412.1037637149452,1.0004083714459349,0.0010845199140424428
1412.1107080637878,1412.1107080637878,0.9986126877549566,0.0010843522256426027
1412.1176524126545,1412.1176524126545,1.0009913654935025,0.00108543173337367
1412.1245967614975,1412.1245967614975,0.9983403538250852,0.0010841696021816152
1412.131541110317,1412.131541110317,1.0019037059940599,0.001085490087553698
1412.1384854591374,1412.1384854591374,0.9983540251491476,0.0010841548266492858
1412.1454298079566,1412.1454298079566,1.000183071398247,0.0010842504775234194
1412.1523741567532,1412.1523741567532,1.0003407013992613,0.0010848066465799484
1412.1593185055265,1412.1593185055265,0.999071007564859,0.0010847875831025008
1412.1662628542995,1412.1662628542995,1.0001172350161096,0.001085174851607678
1412.1732072030961,1412.1732072030961,1.0003412271036904,0.0010846819333107033
1412.1801515518223,1412.1801515518223,1.0001422435962384,0.0010848319104278957
1412.1870959005728,1412.1870959005728,0.9997955039448776,0.0010847286827155038
1412.1940402492992,1412.1940402492992,1.0029461866222196,0.00108545155678659
1412.200984598026,1412.200984598026,0.9996858846284541,0.0010848027802080379
1412.2079289467295,1412.2079289467295,0.9983057871515729,0.001084082212796919
1412.214873295409,1412.214873295409,1.0005657392080305,0.0010849264552020873
1412.221817644113,1412.221817644113,1.0006561924959856,0.001084688274737545
1412.2287619927693,1412.2287619927693,0.9998989618370866,0.0010847292023073258
1412.2357063414265,1412.2357063414265,0.999790324951577,0.001084779193895972
1412.2426506900824,1412.2426506900824,0.9998574541925634,0.0010843477318735694
1412.2498728126545,1412.2498728126545,1.0007570351112622,0.0010845041923185422
1412.2584838049381,1412.2584838049381,0.9998186084156109,0.0010822707297207545
1412.2679281190367,1412.2679281190367,0.9995178068539314,0.0010826120920392327
1412.278483528909,1412.278483528909,0.9992950102597818,0.0010829117638928962
1412.2882056168746,1412.2882056168746,0.9993606543553708,0.00108207987908568
1412.295427739376,1412.295427739376,0.9992104633943075,0.0010838742883119183
1412.3023720879169,1412.3023720879169,1.0015721073316477,0.0010846461053820701
1412.3093164364102,1412.3093164364102,1.000466224658567,0.0010843501068178905
1412.3162607849747,1412.3162607849747,1.000253466302765,0.0010853291555149075
1412.323205133421,1412.323205133421,1.001114460388553,0.0010852971003410827
1412.3301494819154,1412.3301494819154,1.0034360592096914,0.001087127729938147
1412.337093830432,1412.337093830432,1.0024503178133362,0.0010874813246326688
1412.3440381788794,1412.3440381788794,1.0002206843296588,0.0010869317432773483
1412.350982527327,1412.350982527327,0.9984567332734381,0.001085585677751471
1412.357926875704,1412.357926875704,0.9925251138580518,0.0010839101239352785
1412.3648712241052,1412.3648712241052,0.9919771532953284,0.0010851185856531392
1412.3718155725521,1412.3718155725521,0.9931752911240004,0.0010872109126678505
1412.3787599208833,1412.3787599208833,0.9957075322200645,0.0010890157010606453
1412.3857042692835,1412.3857042692835,0.9967612017035519,0.0010908570385105515
1412.3926486176379,1412.3926486176379,0.994536488802293,0.001090182354813138
1412.3995929659684,1412.3995929659684,0.9935902480624297,0.0010894153803713788
1412.4065373142996,1412.4065373142996,0.9961707060709468,0.0010903157007423584
1412.413481662607,1412.413481662607,0.9940097433665438,0.001087062462151221
1412.420426010914,1412.420426010914,0.9962462449120093,0.001089388751772897
1412.4273703591991,1412.4273703591991,0.9936671383065697,0.0010889939099448524
1412.4343147074599,1412.4343147074599,0.9951763898049422,0.0010897987489278975
1412.4412590556976,1412.4412590556976,0.9952082841129318,0.0010890185708553454
1412.4482034039586,1412.4482034039586,0.992807931507475,0.0010859154405630656
1412.4551477521727,1412.4551477521727,0.9964241990258836,0.001085230957563413
1412.4620921003875,1412.4620921003875,1.0044417409850575,0.001086803674690974
1412.4690364485782,1412.4690364485782,1.0025854617941161,0.0010864852036765254
1412.4759807967696,1412.4759807967696,1.0008162247143968,0.0010844142442932117
1412.4829251449373,1412.4829251449373,1.001145666946679,0.0010853774567556314
1412.4898694930587,1412.4898694930587,0.9989713804518067,0.001085123394687297
1412.4968138412032,1412.4968138412032,1.0008001512981397,0.0010847344697877297
1412.5037581893014,1412.5037581893014,1.000663355862045,0.0010846695292810813
1412.5107025374227,1412.5107025374227,0.9986124396264501,0.0010834024198063436
1412.5176468854975,1412.5176468854975,1.0000617025054896,0.0010843638325011911
1412.5245912335722,1412.5245912335722,0.9995173814605769,0.0010844674302916855
1412.5315355816228,1412.5315355816228,0.9994354643882188,0.0010844575613652026
1412.5384799296519,1412.5384799296519,1.0006517641178063,0.0010847125657902615
1412.5454242776564,1412.5454242776564,1.0006853112733989,0.0010847157285553829
1412.5523686256847,1412.5523686256847,1.0004066790927122,0.0010846160531410062
1412.5593129736662,1412.5593129736662,1.0003334397727737,0.0010850602938451137
1412.566257321624,1412.566257321624,0.9991781775895209,0.0010846375689238666
1412.5732016696065,1412.5732016696065,0.9997539845845169,0.0010849323806354741
1412.5801460175408,1412.5801460175408,1.0001640075127134,0.0010848340632052087
1412.5870903654532,1412.5870903654532,1.0008087219036021,0.0010854035602926456
1412.5940347133178,1412.5940347133178,1.0000292382722933,0.0010852715338089413
1412.6009790612998,1412.6009790612998,0.9995146312968851,0.001084734466629969
1412.6079234091646,1412.6079234091646,0.9986055537699915,0.0010848711989781472
1412.61486775703,1412.61486775703,1.0004357759753428,0.0010852950594458415
1412.6218121047787,1412.6218121047787,1.0013971371330954,0.0010850924726285452
1412.6287564526438,1412.6287564526438,0.9981665922747422,0.0010829744703506686
1412.6357008004395,1412.6357008004395,0.9996245681058369,0.0010846741589385432
1412.6426451482573,1412.6426451482573,0.9998153122591551,0.0010848157780505923
1412.6495894960071,1412.6495894960071,1.0015211946396951,0.0010859399685514237
1412.6565338437551,1412.6565338437551,1.0006496605226964,0.0010849081565530842
1412.6634781915043,1412.6634781915043,1.000338737282802,0.0010852415059179024
1412.6704225392295,1412.6704225392295,0.9996733542078328,0.001084853235087088
1412.6773668869316,1412.6773668869316,0.999693738560528,0.0010838290419490787
1412.684311234611,1412.684311234611,1.001421297783155,0.0010850618454964589
1412.6912555822896,1412.6912555822896,0.9991590898081499,0.001084982024845927
1412.6981999299455,1412.6981999299455,0.9973952454177916,0.0010846207447642022
1412.7051442775773,1412.7051442775773,1.00104072342661,0.0010861846574839221
1412.712088625187,1412.712088625187,1.0004033789495899,0.0010853702624893783
1412.7190329727723,1412.7190329727723,1.000417396831119,0.0010853030366434159
1412.7259773203352,1412.7259773203352,0.9995856331904305,0.0010851681514806046
1412.7329216679207,1412.7329216679207,0.9994766579684594,0.001083912895835361
1412.7398660154834,1412.7398660154834,0.9987738290250068,0.0010833328191078354
1412.7468103629994,1412.7468103629994,1.00130560553573,0.0010849494897820662
1412.7537547105148,1412.7537547105148,1.0003438191659824,0.0010852626404235263
1412.7606990580082,1412.7606990580082,1.0007676358159805,0.0010845935956456923
1412.7676434054767,1412.7676434054767,0.998727776864522,0.0010840344255461545
1412.774587752947,1412.774587752947,1.0001315157715216,0.0010845255913323904
1412.7815321003923,1412.7815321003923,1.001037880283595,0.0010849858216262075
1412.7884764477922,1412.7884764477922,0.9999772316052145,0.0010843955148589625
1412.795420795215,1412.795420795215,0.9994102170491017,0.001084674544362127
1412.802365142591,1412.802365142591,1.000425148553803,0.0010844977638131497
1412.809309489944,1412.809309489944,1.000214988751725,0.0010841720607874885
1412.8162538373203,1412.8162538373203,1.0001508231087268,0.0010850358030517755
1412.8231981846038,1412.8231981846038,1.0001460880799873,0.0010845511845367583
1412.8301425319792,1412.8301425319792,0.9995967362853181,0.0010846483438756212
1412.8370868792867,1412.8370868792867,0.9998899095715398,0.0010844285524970652
1412.8440312265454,1412.8440312265454,0.9999520785975193,0.0010848839694645887
1412.8509755737364,1412.8509755737364,0.9996860984458908,0.0010851483914639593
1412.857919921019,1412.857919921019,0.9999341288305615,0.0010850875853578813
1412.8648642682322,1412.8648642682322,0.9992005440471956,0.001084675558793193
1412.8718086154456,1412.8718086154456,0.9999563304112213,0.0010850566489006288
1412.878752962612,1412.878752962612,1.0002170984171697,0.001084363570730441
1412.8856973097793,1412.8856973097793,1.0002868663185134,0.001085070266651555
1412.892641656922,1412.892641656922,1.000649647906529,0.0010847583547233261
1412.8995860040661,1412.8995860040661,1.0002079458472262,0.0010846526833461784
1412.906530351139,1412.906530351139,1.000437469553068,0.0010849749199238505
1412.9134746982363,1412.9134746982363,0.9984982200422022,0.0010840686159578291
1412.9204190453095,1412.9204190453095,1.0005743476101878,0.0010849062182357466
1412.9273633923603,1412.9273633923603,1.0008706716578026,0.0010849069053142754
1412.93430773941,1412.93430773941,0.9986967240990341,0.001083838243254854
1412.941252086414,1412.941252086414,1.0013702005974245,0.0010855038489261221
1412.9481964333947,1412.9481964333947,0.9994893741576585,0.001085079519472463
1412.9551407803979,1412.9551407803979,0.9997549669008535,0.0010850370477830519
1412.9620851273326,1412.9620851273326,1.0002253015474225,0.0010854676332727807
1412.9690294742654,1412.9690294742654,1.0007227740606022,0.0010853072683349484
1412.9759738211767,1412.9759738211767,0.9983415056818868,0.001084572284391155
1412.9829181680868,1412.9829181680868,1.0002598717019713,0.0010847985538010253
1412.9898625149513,1412.9898625149513,0.9993889956875541,0.0010847031677655614
1412.9968068618382,1412.9968068618382,0.9993145754045198,0.0010843402716901322
1413.0037512086558,1413.0037512086558,0.9995398385925961,0.0010840449715849982
1413.0106955554734,1413.0106955554734,1.001169089242619,0.0010848695150301743
1413.0176399022673,1413.0176399022673,1.000807890477742,0.0010845284186972687
1413.024584249062,1413.024584249062,1.0012181807488125,0.0010844114490509054
1413.0315285958322,1413.0315285958322,0.9994375083915268,0.0010834230186315776
1413.0384729425807,1413.0384729425807,0.9991846454837635,0.001083561283961505
1413.0454172892807,1413.0454172892807,1.0018346326077725,0.0010848354636857518
1413.0523616359826,1413.0523616359826,0.9990031688340204,0.0010835348374398498
1413.0593059826829,1413.0593059826829,0.9997382403822612,0.0010843615502191789
1413.066250329361,1413.066250329361,0.9990249456448982,0.0010836700868626621
1413.073194675969,1413.073194675969,0.9994451145723231,0.0010843390657771098
1413.0801390226002,1413.0801390226002,1.0002387361858145,0.001084370443054233
1413.0870833692081,1413.0870833692081,1.0002572721581233,0.0010843135645191076
1413.0940277157922,1413.0940277157922,1.0007804173774644,0.0010848372001612996
1413.1009720623777,1413.1009720623777,0.9997613043381971,0.0010845649164422995
1413.107916408915,1413.107916408915,1.0002232680473049,0.0010849231164630072
1413.1148607554303,1413.1148607554303,1.0009610319595899,0.0010854384391825265
1413.1218051019446,1413.1218051019446,1.0006378730009602,0.001085106765378888
1413.1287494484134,1413.1287494484134,1.0001186232906831,0.001084745448886666
1413.135693794904,1413.135693794904,0.9985238467183188,0.0010844560402743708
1413.1426381413262,1413.1426381413262,0.9989086010161596,0.0010847388683297276
1413.1495824877713,1413.1495824877713,0.9986338204933626,0.0010847715118070171
1413.156526834146,1413.156526834146,1.0011349886046825,0.0010855935235428685
1413.1634711805448,1413.1634711805448,1.0012696090981943,0.0010856419427538947
1413.1704155269197,1413.1704155269197,1.0002581405833904,0.001085193894253125
1413.1773598732718,1413.1773598732718,1.000989154282736,0.0010855588305657274
1413.1843042195762,1413.1843042195762,0.9993406862941757,0.00108495777323349
1413.1912485658822,1413.1912485658822,0.9997483151432386,0.0010851063135201395
1413.1981929121866,1413.1981929121866,0.9993686277247738,0.00108485685148902
1413.205137258446,1413.205137258446,0.9999592877898369,0.001085066485928248
1413.212081604681,1413.212081604681,0.999699018157516,0.0010849610434342215
1413.2190259508934,1413.2190259508934,1.0005382210997584,0.0010847964897229094
1413.2259702971053,1413.2259702971053,0.9985330630745931,0.0010844201736053942
1413.2329146432712,1413.2329146432712,1.0003628871223342,0.0010842283547792138
1413.2481922048025,1413.2481922048025,1.0004399113085296,0.0010831527085678706
1413.2631919924195,1413.2631919924195,0.9998585159710933,0.0010864169004946363
1413.2718029814905,1413.2718029814905,0.9987785517108987,0.001088438602004586
1413.2787473275632,1413.2787473275632,1.0002109274168167,0.0010889367973828381
1413.2856916735889,1413.2856916735889,1.0015921522394255,0.0010890714641018126
1413.292636019591,1413.292636019591,0.9988588510493855,0.0010885251490065132
1413.2995803655708,1413.2995803655708,1.0006288786867792,0.0010897634735112223
1413.3065247115496,1413.3065247115496,1.000638613983223,0.0010891567463206795
1413.3134690574593,1413.3134690574593,1.001710307612428,0.0010896805086685233
1413.3204134033917,1413.3204134033917,1.0018361943864356,0.0010900073470650096
1413.3273577493017,1413.3273577493017,0.9992463890431914,0.0010891721917438034
1413.3343020951875,1413.3343020951875,0.9992423872356312,0.0010890525113870678
1413.3412464410508,1413.3412464410508,0.9982771788896097,0.0010879803009047966
1413.3481907869132,1413.3481907869132,1.0000576052553034,0.001089108432076805
1413.355135132707,1413.355135132707,0.9991268244852083,0.0010894522604575668
1413.362079478499,1413.362079478499,0.9993517999983486,0.0010889302245838603
1413.3690238242693,1413.3690238242693,0.9994615031800255,0.001089141665417369
1413.3759681700153,1413.3759681700153,1.0012795775229621,0.0010898274891486717
1413.3829125157388,1413.3829125157388,1.0011705979868541,0.0010895826181402167
1413.3898568614852,1413.3898568614852,1.0008155455139662,0.0010895044772068299
1413.3968012071618,1413.3968012071618,0.9998990408052769,0.0010892232686359848
1413.4037455528385,1413.4037455528385,1.0003130302533867,0.0010894694530211564
1413.4106898984915,1413.4106898984915,0.9996711850959373,0.0010891128442983623
1413.417634244122,1413.417634244122,0.999601757877777,0.0010892352743596951
1413.4245785897049,1413.4245785897049,0.999881279247495,0.00108927364306331
1413.4315229353356,1413.4315229353356,0.9980682400297118,0.001088637576002556
1413.4384672808949,1413.4384672808949,1.0009129815151485,0.001089726486431767
1413.4454116264328,1413.4454116264328,1.0013645208657316,0.0010896765585011229
1413.452355971969,1413.452355971969,0.9997448521256305,0.0010894493286155726
1413.4593003174364,1413.4593003174364,0.9993064149976343,0.0010889973834213658
1413.4662446629268,1413.4662446629268,1.0009417792406081,0.001089844553642759
1413.4731890083701,1413.4731890083701,0.9996060021712345,0.001089390558075636
1413.480133353814,1413.480133353814,1.0006717525726943,0.001089055118879342
1413.4870776992343,1413.4870776992343,1.0006912425665215,0.0010892077199264837
1413.494022044632,1413.494022044632,0.9996058540911289,0.001088841843438429
1413.5009663899823,1413.5009663899823,0.9985273218446998,0.0010888136117748995
1413.50791073538,1413.50791073538,0.9991216056983354,0.0010885087901495592
1413.5148550806832,1413.5148550806832,0.9999309617019699,0.0010887624653493466
1413.521799425988,1413.521799425988,1.0006274098186059,0.0010888336767052582
1413.5287437712682,1413.5287437712682,0.9999907997585566,0.0010885028537514561
1413.5356881165494,1413.5356881165494,1.0008011514660495,0.0010891086187253128
1413.5426324617833,1413.5426324617833,1.001256681546017,0.0010893166093156115
1413.5495768070182,1413.5495768070182,0.9989903842764292,0.0010885975938186886
1413.5565211522055,1413.5565211522055,1.0008952303191125,0.0010893479050168317
1413.5634654973933,1413.5634654973933,1.0007901772834804,0.001089351834714904
1413.5704098425574,1413.5704098425574,0.998071929731096,0.0010884680238616427
1413.5773541876988,1413.5773541876988,0.9985498047151136,0.0010886318905122558
1413.5842985328168,1413.5842985328168,0.9992690050875874,0.0010885261083959825
1413.5912428779106,1413.5912428779106,1.0010346713346943,0.0010893550140196717
1413.5981872229822,1413.5981872229822,1.0014875100508427,0.0010895187137497616
1413.6051315680302,1413.6051315680302,1.0012676512711987,0.0010896887890487485
1413.6120759130317,1413.6120759130317,0.9988472308087808,0.001088791083297194
1413.6190202580794,1413.6190202580794,0.9995578473001461,0.0010884723695995123
1413.625964603058,1413.625964603058,1.0001919164627977,0.0010883681629572856
1413.6329089480123,1413.6329089480123,0.9994285578728623,0.001088337309018392
1413.6398532929675,1413.6398532929675,0.9996885990129456,0.0010888612716935854
1413.6467976378754,1413.6467976378754,0.9995020533163546,0.0010885561326452087
1413.653741982761,1413.653741982761,0.999501152597858,0.0010887773630063274
1413.6606863276452,1413.6606863276452,1.0016074850535714,0.001089333371024248
1413.6676306725076,1413.6676306725076,0.9990874894320051,0.0010888992597228382
1413.6745750173225,1413.6745750173225,1.0020420882876215,0.0010897533548088092
1413.681519362161,1413.681519362161,1.000845613287995,0.0010891879776735883
1413.6884637069295,1413.6884637069295,0.9997318474245562,0.001088986963968803
1413.6954080517212,1413.6954080517212,1.0011889436230683,0.0010894907665909928
1413.702352396443,1413.702352396443,0.9998731429409963,0.001089332032037343
1413.7092967411652,1413.7092967411652,0.9998169852249935,0.0010895046362317238
1413.716241085864,1413.716241085864,0.9989117026397271,0.0010889977757579687
1413.7231854305392,1413.7231854305392,0.9989607198659864,0.001088717527587139
1413.730129775192,1413.730129775192,0.9999197194916303,0.0010885206654024095
1413.7370741198433,1413.7370741198433,1.0002754789878772,0.0010891360753355465
1413.74401846445,1413.74401846445,0.9998696987267384,0.0010889918757884117
1413.7509628090547,1413.7509628090547,1.0006569597536248,0.001089272696428153
1413.7579071536377,1413.7579071536377,0.99976050169897,0.001088754332331097
1413.7648514981495,1413.7648514981495,0.9999901551721028,0.0010885407313218729
1413.7717958426624,1413.7717958426624,0.9998761205961273,0.001088482155330027
1413.7787401871979,1413.7787401871979,1.0007764117034426,0.0010885748230076452
1413.785684531664,1413.785684531664,1.0002689961087747,0.001088621617202554
1413.7926288761528,1413.7926288761528,1.0003331149591497,0.0010887863174663735
1413.7995732205259,1413.7995732205259,1.0001165495090596,0.0010888946020078303
1413.806517565015,1413.806517565015,0.9997406823834389,0.0010884064832113482
1413.8134619093876,1413.8134619093876,0.9992914853517908,0.0010880798522916691
1413.8204062537607,1413.8204062537607,1.0006450260452575,0.0010884625259895402
1413.8273505981101,1413.8273505981101,0.9996281848211679,0.001088188897255979
1413.8342949423895,1413.8342949423895,0.9997190484863475,0.0010884017384430408
1413.8412392867158,1413.8412392867158,1.0000183081885268,0.0010890493736859896
1413.8481836309954,1413.8481836309954,0.9996326193987572,0.0010886847466760462
1413.8551279752514,1413.8551279752514,0.9996930401255764,0.0010883275310256439
1413.862072319485,1413.862072319485,1.0003669820138354,0.0010887407298100233
1413.8690166637175,1413.8690166637175,0.9991754555768608,0.0010880759491114762
1413.8759610078816,1413.8759610078816,1.0001981925567112,0.0010885872227985136
1413.8829053520672,1413.8829053520672,1.0008699212639505,0.0010891527440728044
1413.8898496962079,1413.8898496962079,0.9999961156063947,0.0010890163477182352
1413.896794040324,1413.896794040324,1.0023822000519165,0.0010891867261543242
1413.9037383844645,1413.9037383844645,1.0006183242987077,0.001089359994761776
1413.910682728534,1413.910682728534,0.9984692486189068,0.0010889510153323178
1413.9176270725814,1413.9176270725814,0.9993224136865209,0.0010890817319889892
1413.924571416604,1413.924571416604,1.0001008082750071,0.0010893395965494248
1413.9315157606281,1413.9315157606281,0.9997039682015174,0.0010894579202344761
1413.9529043400153,1413.9529043400153,0.9995279586119279,0.0010884630274824937
1413.9634597428108,1413.9634597428108,1.0023519307615634,0.0010900240492138875
1413.9704040866939,1413.9704040866939,0.9987106397319797,0.001088907967997011
1413.977348430532,1413.977348430532,0.9996176912786767,0.0010889222763669237
1413.984292774415,1413.984292774415,0.9984494510556727,0.0010880266707886733
1413.9912371182293,1413.9912371182293,1.0015219659510368,0.0010888397793736028
1413.9981814620198,1413.9981814620198,1.0000899723877545,0.001087859922967753
1414.0056813533142,1414.0056813533142,1.0002198249141965,0.0010882253282946965
1414.013459018266,1414.013459018266,0.9999102331649252,0.001087445470283033
1414.0204033620344,1414.0204033620344,0.9993879744254806,0.001087480513586836
1414.0273477057076,1414.0273477057076,0.999591193509275,0.001088298565797522
1414.0342920493827,1414.0342920493827,0.9996665333708247,0.0010882660717926136
1414.041236393033,1414.041236393033,0.9994450227232301,0.0010884385066122378
1414.0481807366846,1414.0481807366846,1.0025033308730333,0.001088699327746661
1414.0551250802887,1414.0551250802887,1.0007165030542495,0.0010886325607216917
1414.062069423893,1414.062069423893,0.9994720403477337,0.001088500203353015
1414.0690137674505,1414.0690137674505,0.999257329439823,0.0010885704898788502
1414.0759581109855,1414.0759581109855,1.000165015802244,0.0010892632552842209
1414.082902454497,1414.082902454497,0.99827989401096,0.0010883523477095748
1414.089846797985,1414.089846797985,1.0006642515872222,0.0010893089566535474
1414.0967911414962,1414.0967911414962,1.0009426274052644,0.0010893286513815074
1414.1037354849375,1414.1037354849375,1.000483957577535,0.0010889746407113875
1414.110679828356,1414.110679828356,0.9981815503402206,0.0010890174946345764
1414.1176241717742,1414.1176241717742,1.0003937906836542,0.0010895212951431703
1414.1245685151457,1414.1245685151457,0.9993003531092738,0.001088709697738014
1414.1320684059974,1414.1320684059974,0.9995488288981653,0.0010878215436372234
1414.1398460705304,1414.1398460705304,0.999289129275113,0.0010888390044283384
1414.1467904138322,1414.1467904138322,1.003148062381857,0.001090054104902065
1414.1537347571107,1414.1537347571107,0.9990785390700813,0.001088876820843287
1414.1606791004124,1414.1606791004124,1.0006867511841384,0.001089447377287954
1414.1676234436443,1414.1676234436443,0.9998060089168102,0.0010893906793220643
1414.174567786853,1414.174567786853,0.9993723523472248,0.0010893072339054296
1414.1815121300617,1414.1815121300617,1.0018104999414565,0.0010900237879940106
1414.1884564732468,1414.1884564732468,0.9996789530903545,0.0010893691718999634
1414.1954008163627,1414.1954008163627,0.9971089658627823,0.0010883411606816427
1414.2034562543913,1414.2034562543913,1.0007158736652821,0.001089339144411798
1414.2106783712354,1414.2106783712354,1.0012411727910766,0.0010899590731976035
1414.2176227143277,1414.2176227143277,0.9990919196057874,0.0010887349829316064
1414.2245670573732,1414.2245670573732,0.9993976365515287,0.0010888875535198309
1414.2315114003952,1414.2315114003952,0.9999178485974689,0.0010893201013787285
1414.2384557433943,1414.2384557433943,1.0002042115144705,0.0010892543201884552
1414.2454000863936,1414.2454000863936,1.002173383539723,0.001089212162675439
1414.2523444293697,1414.2523444293697,0.9988603933885812,0.0010882417518896924
1414.2592887722753,1414.2592887722753,0.9997879680633528,0.0010887098887368664
1414.2662331152048,1414.2662331152048,0.999937699330926,0.0010889680589916992
1414.2731774581105,1414.2731774581105,1.0011618825925184,0.0010897243814416496
1414.2801218009931,1414.2801218009931,0.9999452399880189,0.001089157651641671
1414.2870661438524,1414.2870661438524,0.9984545744930979,0.0010888031382025177
1414.2940104866657,1414.2940104866657,1.000545737728523,0.0010896181541179895
1414.3009548294544,1414.3009548294544,1.000744414774445,0.0010897343360451622
1414.3078991722448,1414.3078991722448,1.00032211452312,0.0010895576267195557
1414.314843514987,1414.314843514987,0.9997711867867561,0.0010894578522756917
1414.3217878577311,1414.3217878577311,0.999439836163359,0.0010888417904609793
1414.3287322004498,1414.3287322004498,0.998699048910793,0.0010890126425564845
1414.3356765431236,1414.3356765431236,1.0009195631804828,0.001089788669939645
1414.3426208857495,1414.3426208857495,1.0001515902628102,0.0010896544129468631
1414.3495652284928,1414.3495652284928,0.9999251585415134,0.0010888500485139968
1414.356509571026,1414.356509571026,1.0002146284065248,0.001088747220944497
1414.3634539136297,1414.3634539136297,0.9997729132661808,0.0010891970298937187
1414.3703982562324,1414.3703982562324,1.0003586690486148,0.0010891227861826954
1414.3773425987665,1414.3773425987665,1.0010816821237134,0.0010895454014994686
1414.3842869412995,1414.3842869412995,0.9980221753322956,0.0010883291290729197
1414.39123128381,1414.39123128381,0.9989433435658384,0.0010881031286246832
1414.3981756262733,1414.3981756262733,0.9996199407037715,0.0010881299198749763
1414.4051199687372,1414.4051199687372,1.0026103069971626,0.00108925442255645
1414.4120643111535,1414.4120643111535,1.0008628002133888,0.001089516773022647
1414.419008653571,1414.419008653571,0.9992887831758953,0.0010893092086704417
1414.4259529959643,1414.4259529959643,0.9998085701484575,0.0010893885952237528
1414.4328973383351,1414.4328973383351,0.9989429763890783,0.001088371766995127
1414.439841680682,1414.439841680682,0.9999635956397637,0.001088375039422285
1414.4478971177564,1414.4478971177564,1.001007152937928,0.001089061654468331
1414.4551192337387,1414.4551192337387,1.0007821396572734,0.0010893196743924605
1414.4620635759932,1414.4620635759932,0.9996894679564126,0.0010898964139865424
1414.4690079182467,1414.4690079182467,1.0007541948918819,0.0010896493396350022
1414.4759522604547,1414.4759522604547,0.9990931136181176,0.0010888552854636407
1414.4828966026619,1414.4828966026619,0.9991161317185385,0.0010893366939721933
1414.489840944823,1414.489840944823,1.000175369254523,0.0010890137173037067
1414.4967852869836,1414.4967852869836,0.9981488283956189,0.0010874632512647467
1414.503729629098,1414.503729629098,1.0004612028637567,0.001089148264277583
1414.510673971212,1414.510673971212,0.9986915617338703,0.00108913911019608
1414.5176183133033,1414.5176183133033,0.9995419979718628,0.0010890192162834422
1414.5245626553474,1414.5245626553474,1.0020948197157409,0.0010895409977134149
1414.5315069973924,1414.5315069973924,1.0001260471332354,0.0010889478175735664
1414.53845133939,1414.53845133939,0.9989929396094824,0.0010888552456187809
1414.5453956813649,1414.5453956813649,1.0011139525184647,0.0010894659232531972
1414.5523400233394,1414.5523400233394,0.9995512561268549,0.0010887099557062528
1414.5592843652676,1414.5592843652676,1.0000338959618715,0.001088955250135222
1414.5662287071957,1414.5662287071957,0.9995837044604823,0.0010891403821033953
1414.5731730490775,1414.5731730490775,0.9991039073265504,0.0010890318844300017
1414.5801173909585,1414.5801173909585,1.0013674699296435,0.001090007937234489
1414.587061732794,1414.587061732794,0.9994287615727,0.0010890850763084466
1414.5940060746282,1414.5940060746282,1.000207982025271,0.001089658253666084
1414.6009504164172,1414.6009504164172,0.9990154793502413,0.0010892378093742311
1414.6078947581818,1414.6078947581818,1.0013396674839457,0.0010896815288505854
1414.6148390999238,1414.6148390999238,0.999719533539583,0.001089599252505759
1414.6217834416655,1414.6217834416655,0.9997688989325091,0.0010894676509724112
1414.6287277833842,1414.6287277833842,1.0006449340639745,0.0010898321281362356
1414.635672125079,1414.635672125079,0.9988782404229986,0.0010893880053275938
1414.642616466728,1414.642616466728,1.0009026034379491,0.0010899344575769651
1414.6495608083535,1414.6495608083535,0.999885917199782,0.001089542225568576
1414.6565051499554,1414.6565051499554,0.9994959552202334,0.0010893917637394136
1414.6634494915577,1414.6634494915577,1.000605136869782,0.0010896503679128696
1414.6703938331132,1414.6703938331132,0.9977643154927834,0.0010882530852335608
1414.6773381746455,1414.6773381746455,0.9999196081174094,0.0010891553364944051
1414.684282516201,1414.684282516201,1.002287491897638,0.0010898722097295293
1414.691226857663,1414.691226857663,1.000765226113552,0.001089647657844957
1414.6981711991261,1414.6981711991261,0.9986762873359293,0.0010885589878970514
1414.7051155405882,1414.7051155405882,1.000514252359281,0.0010890929436556734
1414.7120598820272,1414.7120598820272,1.0002976541902606,0.001089465359882332
1414.7190042233965,1414.7190042233965,1.0001770949999078,0.0010890630831128013
1414.725948564789,1414.725948564789,0.999332231041526,0.001088509497133788
1414.7328929061355,1414.7328929061355,0.9978748791555972,0.00108852417814782
1414.739837247458,1414.739837247458,1.0013515062736977,0.001089707527984137
1414.7467815887571,1414.7467815887571,1.000731788065131,0.0010891892044407971
1414.7537259300568,1414.7537259300568,1.000709045298629,0.0010887930599639951
1414.7606702713097,1414.7606702713097,0.9996943298446453,0.0010888499293077742
1414.7676146125393,1414.7676146125393,0.999542687697294,0.0010885616930388067
1414.7745589537458,1414.7745589537458,0.9991927378249658,0.0010886547139282192
1414.7815032949518,1414.7815032949518,1.0000769390471764,0.0010887263532960317
1414.7884476361116,1414.7884476361116,0.9999910041647517,0.0010885141935703222
1414.7953919772478,1414.7953919772478,0.9985940415182961,0.0010883103409661124
1414.8023363183609,1414.8023363183609,1.0012980381997263,0.0010895966640315491
1414.809280659451,1414.809280659451,0.9994538739493339,0.0010886995625948247
1414.816225000541,1414.816225000541,1.0015350036437862,0.0010907737658747787
1414.823169341561,1414.823169341561,1.0012530094569467,0.00109089001535703
1414.8301136825812,1414.8301136825812,1.002155373067007,0.0010920286309302435
1414.8370580235778,1414.8370580235778,1.0034051981513636,0.001093060144826395
1414.8440023645749,1414.8440023645749,1.0028527101134128,0.0010932627310897385
1414.8509467054787,1414.8509467054787,0.997689642497526,0.001093035250098307
1414.857891046475,1414.857891046475,0.9939330740508019,0.001092690116737263
1414.8648353873557,1414.8648353873557,0.9935368220141287,0.0010926690646619562
1414.8717797282354,1414.8717797282354,0.9924628773160631,0.0010928004765730513
1414.878724069116,1414.878724069116,0.9945299294208745,0.0010950506252000336
1414.8856684098798,1414.8856684098798,0.9961933395172938,0.0010973352730301715
1414.8926127507136,1414.8926127507136,0.9971334649209954,0.0010972033665669731
1414.8995570915008,1414.8995570915008,0.9940148097117778,0.0010955269315738453
1414.906501432265,1414.906501432265,0.9939640600228795,0.0010954802123645687
1414.9134457730054,1414.9134457730054,0.9927804606737007,0.0010950870450827908
1414.9203901136998,1414.9203901136998,0.9937766210425292,0.001095159063165299
1414.9273344543938,1414.9273344543938,0.9960707454302009,0.0010958146737901856
1414.9342787950645,1414.9342787950645,0.9967069199206599,0.0010962979747579096
1414.9423342302061,1414.9423342302061,0.995021237704484,0.0010937760280595229
1414.9495563444427,1414.9495563444427,0.9935054225716584,0.0010912166803593594
1414.9565006850198,1414.9565006850198,0.9963177010534624,0.0010914675712394941
1414.9634450256212,1414.9634450256212,1.0026633880251716,0.0010926484302610623
1414.9703893661517,1414.9703893661517,1.0023628207758286,0.0010922827435304616
1414.9773337066604,1414.9773337066604,1.0033990724459891,0.0010922147073872761
1414.9842780471677,1414.9842780471677,1.000676062760438,0.0010904620315668003
1414.9912223876295,1414.9912223876295,1.0011393203606116,0.0010903205637630157
1414.9981667280902,1414.9981667280902,0.9998669536239955,0.0010897664444617895
1415.0051110685051,1415.0051110685051,0.9975232274961388,0.001089214309940216
1415.0120554088962,1415.0120554088962,0.9988318245534498,0.0010886388580962291
1415.018999749288,1415.018999749288,0.9999038246099087,0.0010891997860549842
1415.025944089609,1415.025944089609,1.0006056382168498,0.0010887684240678797
1415.032888429908,1415.032888429908,0.9994645486681956,0.0010893684500572116
1415.0398327702055,1415.0398327702055,1.000379620956498,0.0010889874008959577
1415.0467771105045,1415.0467771105045,0.9994222486873351,0.0010885903778929745
1415.0537214508024,1415.0537214508024,0.9998352155663103,0.0010887226819476276
1415.060665791008,1415.060665791008,1.001832613110334,0.0010883292768334321
1415.0676101312356,1415.0676101312356,1.0003249694535388,0.0010891429918242783
1415.0745544714182,1415.0745544714182,1.0000135932047804,0.0010883053182512903
1415.0814988115765,1415.0814988115765,0.9989673489518693,0.001088511963135032
1415.088443151712,1415.088443151712,0.9986804510533362,0.0010887357489272002
1415.0953874918237,1415.0953874918237,1.0007400463823746,0.0010889392892462274
1415.1023318319126,1415.1023318319126,1.0003278514667273,0.0010886158015578672
1415.109276171978,1415.109276171978,1.000058098250112,0.0010879402002219362
1415.1162205119967,1415.1162205119967,0.9995137984141493,0.00108822185808899
1415.1231648520156,1415.1231648520156,1.0012311618926792,0.0010895025787015238
1415.1301091920116,1415.1301091920116,0.999655885287679,0.0010890842302220655
1415.1370535319834,1415.1370535319834,1.000695720303947,0.001088241874595958
1415.143997871933,1415.143997871933,0.9997206088006477,0.001088546577499765
1415.1509422118818,1415.1509422118818,0.9987982132817338,0.001088623069637795
1415.1578865517376,1415.1578865517376,1.0007609839996345,0.0010895823286086617
1415.1648308916401,1415.1648308916401,0.9988679376947885,0.001088734471920067
1415.1717752314726,1415.1717752314726,1.0012745803720464,0.0010889074957653485
1415.178719571282,1415.178719571282,1.0007931348828898,0.0010893092905697277
1415.1856639111145,1415.1856639111145,0.998891307530074,0.0010880564962609622
1415.1926082508542,1415.1926082508542,0.9996905823516503,0.0010896580609645325
1415.1995525906636,1415.1995525906636,1.0007928598490743,0.0010898741039528593
1415.2064969303797,1415.2064969303797,0.9997434133078134,0.001090083507563733
1415.2134412700957,1415.2134412700957,1.0006510350289908,0.0010902734247157553
1415.2203856097424,1415.2203856097424,0.9989252557524205,0.001089548404783261
1415.2273299494118,1415.2273299494118,0.9989794699750559,0.0010897474407855086
1415.234274289035,1415.234274289035,1.0007770643947898,0.0010905859523714033
1415.2412186286347,1415.2412186286347,1.0010669783402846,0.0010899806812026016
1415.2481629682345,1415.2481629682345,1.0004543194811497,0.0010894106622015326
1415.2551073077645,1415.2551073077645,0.9997028426148686,0.001088891471810189
1415.2620516473414,1415.2620516473414,0.9979756704408487,0.0010890593349410563
1415.2689959868242,1415.2689959868242,1.0009545673446076,0.0010898769695268941
1415.2759403263315,1415.2759403263315,0.9991415264568048,0.0010898799790744571
1415.2828846657674,1415.2828846657674,1.0003143186812289,0.0010891606106207743
1415.2898290052283,1415.2898290052283,1.0009130381212517,0.001089546624187351
1415.296773344618,1415.296773344618,1.0010476427941932,0.0010891918891330014
1415.3037176840319,1415.3037176840319,1.0000202349611067,0.0010892350973747769
1415.3106620233987,1415.3106620233987,1.0004590824799178,0.001089455806649498
1415.3176063627425,1415.3176063627425,0.9981062835844264,0.0010886159349598411
1415.3245507020624,1415.3245507020624,0.9995286880881734,0.0010896086724594227
1415.33149504136,1415.33149504136,1.0003970768570118,0.0010889502530460984
1415.3384393806334,1415.3384393806334,1.0001211827087018,0.0010896241423279467
1415.3453837198845,1415.3453837198845,1.0013688784445047,0.0010900110782584042
1415.3523280590882,1415.3523280590882,0.9971760044238085,0.0010887699705716286
1415.3592723983156,1415.3592723983156,0.9994490709515669,0.0010898633942768637
1415.3662167374496,1415.3662167374496,1.0025533715564896,0.001090668147328226
1415.3731610765838,1415.3731610765838,1.0005103616790056,0.0010900458776498213
1415.380105415718,1415.380105415718,0.9991432098069393,0.0010899412116234545
1415.387049754852,1415.387049754852,0.9989901001702777,0.0010896293687629247
1415.3939940939163,1415.3939940939163,1.0008785350906801,0.0010902553779865844
1415.4009384329806,1415.4009384329806,1.0004806058601556,0.0010899037758507753
1415.4078827719982,1415.4078827719982,1.000125379841282,0.0010896800562607755
1415.4148271110157,1415.4148271110157,0.999551240641144,0.0010895964146458257
1415.4217714499875,1415.4217714499875,0.9996700538300868,0.00108953200054993
1415.428715788958,1415.428715788958,0.9997706798533497,0.0010895413225531438
1415.4356601278828,1415.4356601278828,1.0006139596080277,0.0010902679909609609
1415.4426044667841,1415.4426044667841,0.9990494408232864,0.0010900068866147167
1415.4495488056855,1415.4495488056855,1.0015613932245555,0.0010903369127473522
1415.45649314454,1415.45649314454,0.9994950209837411,0.0010897955296985478
1415.463437483372,1415.463437483372,0.9999730609131625,0.0010899160276533538
1415.4703818221794,1415.4703818221794,1.000813001307327,0.0010904621732025725
1415.4773261609648,1415.4773261609648,0.9986564340371686,0.0010895153469566237
1415.4842704997493,1415.4842704997493,1.000198276873109,0.001090301264087692
1415.491214838465,1415.491214838465,0.9991802107023762,0.001089514383834898
1415.4981591771793,1415.4981591771793,1.0002360106057455,0.0010906904654638771
1415.5051035158717,1415.5051035158717,1.0015336579568952,0.001090713183744184
1415.5120478545398,1415.5120478545398,1.0009208247515988,0.0010906971941117066
1415.518992193162,1415.518992193162,0.998528003412299,0.0010897276995915552
1415.5259365318068,1415.5259365318068,0.9988880471174557,0.001089709514307974
1415.5328808703828,1415.5328808703828,0.9998801256845337,0.0010899380535671415
1415.539825208934,1415.539825208934,1.0015107210519598,0.0010898321765242557
1415.5467695474867,1415.5467695474867,0.9985496280249734,0.0010894291192801776
1415.5537138860386,1415.5537138860386,0.9993312884199398,0.00108955802627554
1415.5606582244977,1415.5606582244977,1.0003674089973398,0.0010896005328161179
1415.5676025629796,1415.5676025629796,1.0009384857338541,0.0010897474481982874
1415.5745469014153,1415.5745469014153,1.0006068876362266,0.0010894130067986422
1415.581491239851,1415.581491239851,0.9989837456152794,0.001088539991099795
1415.5884355782632,1415.5884355782632,1.0007350006410118,0.0010886023147061463
1415.595379916606,1415.595379916606,1.000348604785451,0.0010882732857486468
1415.6023242549713,1415.6023242549713,1.0000786987073915,0.0010887715748532454
1415.6092685932908,1415.6092685932908,0.9991231591966627,0.0010885778889188427
1415.6162129315865,1415.6162129315865,1.0010392459052495,0.0010894887789469575
1415.6231572698366,1415.6231572698366,0.999643360461366,0.0010892408159594784
1415.6301016081084,1415.6301016081084,0.9988487998890321,0.0010891606238154024
1415.6370459463353,1415.6370459463353,1.001930037176091,0.0010901814953879145
1415.6439902845377,1415.6439902845377,0.9996089254693142,0.0010895053940575496
1415.6509346227408,1415.6509346227408,1.000168400882942,0.0010896638620676922
1415.6578789608734,1415.6578789608734,1.0000577209419028,0.0010893302744634365
1415.664823299007,1415.664823299007,1.0022399965920485,0.0010902434084136248
1415.6717676371159,1415.6717676371159,0.9987352395672578,0.001089262543049428
1415.678711975203,1415.678711975203,0.9987992443018117,0.0010893528411743344
1415.6856563132656,1415.6856563132656,0.9966212234858947,0.0010890134510853863
1415.6926006512595,1415.6926006512595,1.0022149716034865,0.0010910188553124775
1415.6995449892759,1415.6995449892759,1.0006776764904715,0.001089957599765092
1415.7064893273155,1415.7064893273155,0.9998535467263684,0.0010899283921541284
1415.7134336652157,1415.7134336652157,1.000389574350478,0.0010903108822812317
1415.7203780031389,1415.7203780031389,0.9986820851487123,0.0010890237335267898
1415.727322341086,1415.727322341086,1.0009385673742999,0.001089863719652043
1415.7342666789623,1415.7342666789623,1.0003675419743754,0.0010898722311811688
1415.7412110168161,1415.7412110168161,1.0000443413881264,0.0010893605666614787
1415.7481553546463,1415.7481553546463,0.9996169757820883,0.001089070932809195
1415.7550996924538,1415.7550996924538,1.0008451886118415,0.0010895783633222077
1415.7620440302603,1415.7620440302603,0.9994742314339422,0.0010893207821449466
1415.768988367998,1415.768988367998,0.9990837065285263,0.0010890584348190436
1415.7759327057345,1415.7759327057345,0.9998789945351654,0.0010888044227778313
1415.7828770434492,1415.7828770434492,1.000679450125174,0.001089283877459811
1415.7898213811156,1415.7898213811156,1.0000648136512253,0.0010891446386955717
1415.796765718807,1415.796765718807,0.9998352123382791,0.0010891112485243268
1415.8037100564507,1415.8037100564507,1.000426607364317,0.001089085862410638
1415.8106543940714,1415.8106543940714,0.9992942690705174,0.0010887975323483588
1415.8175987316456,1415.8175987316456,0.9997410189903129,0.0010888754004009036
1415.8245430692198,1415.8245430692198,1.001631916072959,0.001089234478823133
1415.8314874067473,1415.8314874067473,0.9988612092972275,0.0010887277876836762
1415.8384317442749,1415.8384317442749,1.0037420556100662,0.001090729230938228
1415.8453760817563,1415.8453760817563,1.0003394787069768,0.0010892912645702917
1415.8523204192136,1415.8523204192136,1.000810823436175,0.0010898956694039954
1415.8592647566952,1415.8592647566952,0.9999931186801,0.0010895708820054533
1415.866209094106,1415.866209094106,1.0012479370602787,0.001090069870607324
1415.873153431494,1415.873153431494,0.9990688078644903,0.0010891526245319322
1415.8800977688818,1415.8800977688818,1.00020958636896,0.001089431172436909
1415.887042106177,1415.887042106177,0.9998465801970058,0.0010901983517481845
1415.893986443541,1415.893986443541,0.9998925862837573,0.001089978606051171
1415.9009307808133,1415.9009307808133,1.0002169472178992,0.0010903244510358705
1415.9078751180841,1415.9078751180841,1.0008716067754932,0.0010902616868145912
1415.9148194553331,1415.9148194553331,0.9981234065217528,0.0010893952677470502
1415.9217637925574,1415.9217637925574,0.9999321440281058,0.001090057892531814
1415.9287081297362,1415.9287081297362,0.9997602346355091,0.0010898422517890561
1415.9356524669145,1415.9356524669145,1.000327164627692,0.0010899169179168253
1415.9425968040691,1415.9425968040691,0.9990818496888869,0.0010897084094179511
1415.9495411411779,1415.9495411411779,1.0011703073969158,0.0010893979302082127
1415.9564854782861,1415.9564854782861,1.001175395869468,0.0010895718387280507
1415.9634298153483,1415.9634298153483,1.0013088579962433,0.001089668710636192
1415.9703741524104,1415.9703741524104,0.9999435217676702,0.0010893303638352544
1415.9773184894493,1415.9773184894493,1.0005864408600733,0.0010898780969257713
1415.984262826441,1415.984262826441,0.9988374744497021,0.0010893005702106375
1415.9912071634103,1415.9912071634103,1.0018177526071186,0.001089975464671148
1415.9981515003553,1415.9981515003553,0.9988227953829927,0.0010892108948581168
1416.005095837278,1416.005095837278,1.0013112721694988,0.0010903119090252336
1416.0120401741767,1416.0120401741767,0.9992214380539375,0.0010894468632515716
1416.0189845110526,1416.0189845110526,1.0006448817646247,0.0010899786958888148
1416.0259288478583,1416.0259288478583,1.0008106434239228,0.0010897890510339432
1416.0328731847808,1416.0328731847808,0.9998954534659431,0.0010899689906022736
1416.0398175215398,1416.0398175215398,0.9984143289064551,0.0010893953023465692
1416.0467618582759,1416.0467618582759,1.0016406751640088,0.0010900579527080754
1416.0537061950822,1416.0537061950822,0.9986332028812444,0.0010894196060070613
1416.0606505317712,1416.0606505317712,0.9991990393172643,0.0010891795802070695
1416.067594868484,1416.067594868484,1.001368138520048,0.0010900972266737886
1416.074539205173,1416.074539205173,1.0000589278517875,0.0010898822035075085
1416.0814835418164,1416.0814835418164,1.0017550913316269,0.0010899113835723426
1416.088427878459,1416.088427878459,0.9995604587947218,0.0010897404810240312
1416.0953722150555,1416.0953722150555,0.9991356851387296,0.0010895298153640897
1416.1023165516283,1416.1023165516283,1.0012068553058642,0.0010900416412946653
1416.109260888155,1416.109260888155,0.9993384050474404,0.0010891249054011307
1416.1162052247043,1416.1162052247043,1.0000301349654148,0.0010891358872400455
1416.1231495611848,1416.1231495611848,1.0001233542728916,0.0010896073768184565
1416.1300938976879,1416.1300938976879,1.0010173981415444,0.0010900329066693179
1416.1370382341445,1416.1370382341445,1.0000538025242718,0.0010898905218056725
1416.143982570578,1416.143982570578,0.9995848247270152,0.001089483048216364
1416.1509269069643,1416.1509269069643,0.9996668907022821,0.0010892932249705754
1416.1578712433516,1416.1578712433516,0.9997239194782551,0.0010896310853104447
1416.1648155797143,1416.1648155797143,1.0008863053664314,0.0010896819325111194
1416.1717599160318,1416.1717599160318,1.0002277483543363,0.0010898777789305415
1416.178704252348,1416.178704252348,0.9985872519554662,0.00108964040088085
1416.1856485885958,1416.1856485885958,0.999764927531292,0.0010900144961701072
1416.1925929249126,1416.1925929249126,1.000255866114608,0.0010902668843723944
1416.1995372611364,1416.1995372611364,1.0013022119783481,0.0010902751644954324
1416.2064815973367,1416.2064815973367,1.000200307107707,0.0010896734164322645
1416.2134259334675,1416.2134259334675,0.9991079093969374,0.0010891197106590589
1416.2203702696445,1416.2203702696445,0.9984426866680345,0.0010891035326571594
1416.2273146057753,1416.2273146057753,1.0013076423832479,0.0010898644298319336
1416.2342589418827,1416.2342589418827,0.9982590077510316,0.0010889812697005106
1416.2412032779664,1416.2412032779664,1.0016461797455005,0.0010900243784846362
1416.2481476140047,1416.2481476140047,1.0021583358315183,0.001090436364891836
1416.2550919500416,1416.2550919500416,0.9991148628251212,0.0010893237592413153
1416.2620362860562,1416.2620362860562,1.0005603587930383,0.00109016568391626
1416.2689806220235,1416.2689806220235,0.999279126995577,0.001089651558335757
1416.2759249579917,1416.2759249579917,0.9993217672418957,0.0010897141704203296
1416.2828692939356,1416.2828692939356,0.9994476769590929,0.0010898714638479425
1416.2898136298338,1416.2898136298338,0.999104467746255,0.0010900315487208997
1416.2967579657081,1416.2967579657081,1.0002273955218282,0.0010898778557993948
1416.3037023015593,1416.3037023015593,1.0000637529474692,0.0010902390798937915
1416.3106466373872,1416.3106466373872,1.0002390349036443,0.0010904043896057844
1416.3175909731917,1416.3175909731917,1.0008964303721775,0.0010905805997189464
1416.3245353089737,1416.3245353089737,0.999736032913848,0.0010899946215098138
1416.3314796447312,1416.3314796447312,0.9998093047620762,0.00108989641788033
1416.3384239804898,1416.3384239804898,1.0003569425454024,0.0010901575267064025
1416.3453683161547,1416.3453683161547,1.000705592709942,0.0010904185410247136
1416.3523126518899,1416.3523126518899,1.0012167060248887,0.0010903802108270476
1416.3592569875311,1416.3592569875311,0.9987446706274943,0.0010900995298218019
1416.366201323173,1416.366201323173,0.9983611891236478,0.0010898830740406404
1416.3731456587216,1416.3731456587216,1.0007276068333681,0.0010902743524198693
1416.38008999434,1416.38008999434,0.9994608427986569,0.0010899109920677465
1416.3870343298652,1416.3870343298652,1.0002161595880152,0.0010900520308497112
1416.3939786654137,1416.3939786654137,1.0003434611821125,0.0010905780893607758
1416.4009230008928,1416.4009230008928,0.999568176024907,0.0010897042651808163
1416.4078673363942,1416.4078673363942,0.999222925492047,0.001089620517308794
1416.4148116718504,1416.4148116718504,1.0008639370391799,0.0010901526148463722
1416.4217560072818,1416.4217560072818,1.001216967125549,0.0010902318802359535
1416.4287003426914,1416.4287003426914,0.9999660451344926,0.0010895794806958824
1416.4356446780534,1416.4356446780534,0.9999519763818503,0.0010895243589784135
1416.4425890133923,1416.4425890133923,0.9992779679368509,0.001089780942364092
1416.4495333487548,1416.4495333487548,0.9993132066968962,0.0010891276581145813
1416.456477684047,1416.456477684047,0.9993933401747064,0.0010890497018687753
1416.463422019316,1416.463422019316,1.0011439198733627,0.0010901576485443094
1416.4703663545856,1416.4703663545856,1.0000835412540252,0.001089916893998596
1416.4773106898083,1416.4773106898083,1.0003232875036514,0.0010899822627450262
1416.4842550250305,1416.4842550250305,1.0005198594018576,0.0010901794274434146
1416.4911993601838,1416.4911993601838,0.9992962174223091,0.0010899003271266105
1416.4981436953597,1416.4981436953597,0.9999828661878413,0.0010899477499788503
1416.5050880304893,1416.5050880304893,1.0010617361239098,0.0010900408655690323
1416.5120323655951,1416.5120323655951,0.9993625846307663,0.001089626347617434
1416.518976700655,1416.518976700655,0.9988303957434074,0.0010898353157291674
1416.5259210357149,1416.5259210357149,1.0002336795866076,0.001090189870676878
1416.5328653707743,1416.5328653707743,1.0007339976962988,0.0010901600277941465
1416.5398097057175,1416.5398097057175,0.9991796006203092,0.001089954229092479
1416.5467540407074,1416.5467540407074,1.0011844318498684,0.001090712711400364
1416.5536983756742,1416.5536983756742,0.9998258399339512,0.0010902550618939843
1416.5606427105936,1416.5606427105936,0.9994951714624275,0.0010901475707896574
1416.5675870454909,1416.5675870454909,0.9998996447603894,0.0010906553494048736
1416.5745313803634,1416.5745313803634,0.9997496044561333,0.0010898530164100266
1416.581475715214,1416.581475715214,1.0010449332270805,0.0010905379527388582
1416.5884200500636,1416.5884200500636,1.0003985625642715,0.0010901814896132926
1416.5953643848206,1416.5953643848206,0.9988927120525032,0.0010898969893711893
1416.6023087196243,1416.6023087196243,0.9998222633749412,0.001090387330810837
1416.6092530543579,1416.6092530543579,0.9994915451656844,0.0010898974710677365
1416.6161973890917,1416.6161973890917,1.0015432817768817,0.0010906821144002134
1416.623141723802,1416.623141723802,0.9999208795994642,0.0010894752019186473
1416.630086058466,1416.630086058466,0.9992893937868603,0.0010895613341109845
1416.6370303931296,1416.6370303931296,0.9996673175904561,0.0010895836612693065
1416.6439747277475,1416.6439747277475,0.999839862991205,0.0010896852146024905
1416.6509190623408,1416.6509190623408,1.0002795351637483,0.0010897868633944323
1416.657863396912,1416.657863396912,0.9996675942433481,0.00108939585458494
1416.664807731436,1416.664807731436,0.999781849445377,0.0010891557340644465
1416.6717520660065,1416.6717520660065,1.0005909287322168,0.0010894104626333386
1416.6786964005078,1416.6786964005078,1.000295323357069,0.0010898351334573994
1416.6856407349846,1416.6856407349846,1.0013929941177595,0.001090198366078997
1416.6925850693701,1416.6925850693701,0.9998955157333501,0.0010892021577087576
1416.6995294038236,1416.6995294038236,0.9986364204398697,0.0010891004308123304
1416.7064737382086,1416.7064737382086,0.9990914098729002,0.0010895419986040153
1416.7134180725693,1416.7134180725693,1.0014226532000796,0.0010904794794644149
1416.7203624069305,1416.7203624069305,1.0006240260104666,0.0010896592553467706
1416.727306741222,1416.727306741222,0.9986881303027946,0.0010891061899367131
1416.734251075513,1416.734251075513,0.9994808424253145,0.0010896869487248186
1416.7411954098045,1416.7411954098045,0.9994892934745915,0.001089687512403164
1416.7481397440258,1416.7481397440258,1.000271628563794,0.0010900306311744578
1416.755084078271,1416.755084078271,0.9997542005235808,0.0010897896032271196
1416.7620284124687,1416.7620284124687,1.0009251980052962,0.0010903090208512862
1416.7689727466209,1416.7689727466209,1.0009552604967558,0.0010904706588070708
1416.7759170807487,1416.7759170807487,1.000505107127474,0.0010897968120907359
1416.7828614148773,1416.7828614148773,1.0000349304782337,0.0010898506266544558
1416.789805748959,1416.789805748959,0.9999785227110183,0.001089861546557805
1416.7967500830405,1416.7967500830405,0.9978979519941831,0.0010889773652431496
1416.803694417076,1416.803694417076,0.9993004930456848,0.0010893804451432283
1416.8106387510645,1416.8106387510645,1.001570740668324,0.0010904399738487498
1416.8175830850532,1416.8175830850532,0.9989207862431337,0.001089470721860875
1416.8245274190415,1416.8245274190415,1.0010726987840552,0.0010904468558836707
1416.8314717529609,1416.8314717529609,1.00079257822548,0.0010904777608834312
1416.838416086856,1416.838416086856,0.9992563414069153,0.0010900801143777252
1416.8453604207518,1416.8453604207518,1.0000289884427649,0.001089859157242382
1416.852304754647,1416.852304754647,1.000976683364501,0.0010902808954902222
1416.8592490884262,1416.8592490884262,0.999802046814845,0.0010898154171633102
1416.8661934222516,1416.8661934222516,0.9991856924995007,0.001089699233743788
1416.8731377560537,1416.8731377560537,0.9995380132751602,0.001089393303895157
1416.88008208981,1416.88008208981,0.9992893044561117,0.0010895676975414786
1416.8870264235422,1416.8870264235422,0.9998811099768942,0.001089744383696565
1416.8939707572517,1416.8939707572517,0.9997499401643566,0.0010894513431774424
1416.9009150909144,1416.9009150909144,0.999877101536331,0.0010899202047393922
1416.907859424577,1416.907859424577,1.0015420994635176,0.0010902527288446208
1416.9148037582165,1416.9148037582165,0.9984220457645737,0.001089315477251648
1416.9217480918326,1416.9217480918326,1.0020044891487578,0.0010902867862920963
1416.9286924253788,1416.9286924253788,1.0001349174746739,0.0010894987755112769
1416.942858865804,1416.942858865804,0.9995428570152786,0.0010888750543562706
1416.9606363595283,1416.9606363595283,0.998714789232887,0.0010885326792883425
1416.9675806929586,1416.9675806929586,1.0008603582818902,0.0010890742984033864
1416.974525026365,1416.974525026365,1.0008185503098335,0.0010893247253117677
1416.9814693597486,1416.9814693597486,0.9984490851290765,0.0010881382116783684
1416.9884136930616,1416.9884136930616,1.0007958222237712,0.001088216970261276
1416.9953580264914,1416.9953580264914,1.001071525293122,0.001088785859199521
1417.0050800930371,1417.0050800930371,0.9983784242364033,0.0010872383551343721
1417.0134132929902,1417.0134132929902,0.9999879628233026,0.00108649842037434
1417.0253575461495,1417.0253575461495,0.9993016289556026,0.001086461265275272
1417.0342462926274,1417.0342462926274,1.0017855594936111,0.001089730204247802
1417.0411906257782,1417.0411906257782,0.9987240714172326,0.0010888073026691504
1417.0481349589286,1417.0481349589286,0.9995615643500985,0.0010892847971393995
1417.0550792920326,1417.0550792920326,1.0023548219682712,0.0010898809088882306
1417.0620236251132,1417.0620236251132,1.0005770113265167,0.001089560398457883
1417.0695235048354,1417.0695235048354,0.9990369229619578,0.0010882237093323198
1417.07757893113,1417.07757893113,1.0004948916027785,0.0010878224925271883
1417.0856343574007,1417.0856343574007,0.9996171173181285,0.0010881206180402133
1417.0934120103393,1417.0934120103393,0.9981637805260677,0.00108727021301465
1417.100911889899,1417.100911889899,0.9982640806379164,0.0010881179727991526
1417.107856222839,1417.107856222839,1.0026938833052639,0.0010902560378160254
1417.114800555711,1417.114800555711,1.0000220935493975,0.001088188370880966
1417.1228559818187,1417.1228559818187,1.0004525798172714,0.0010872443863743013
1417.1325780477825,1417.1325780477825,0.9988237912760214,0.0010873707121002527
1417.1414667937718,1417.1414667937718,1.0002894785799292,0.0010882151431985975
1417.1509110863099,1417.1509110863099,1.0011513957817744,0.0010896216607291938
1417.1578554190407,1417.1578554190407,1.0009655158118649,0.0010895774372645022
1417.1647997517725,1417.1647997517725,0.9984284219096325,0.0010880943054547246
1417.1717440844104,1417.1717440844104,0.9998762402511371,0.0010889168583644575
1417.1800772836184,1417.1800772836184,1.0012644990145956,0.0010882605822415234
1417.1884104827566,1417.1884104827566,0.9990352909370481,0.0010888370254774726
1417.1953548153474,1417.1953548153474,0.9992704721489215,0.0010883369894271187
1417.2022991478934,1417.2022991478934,0.9993402349719844,0.0010884703098943188
1417.2092434804383,1417.2092434804383,1.0000499277507715,0.001088118996381657
1417.2161878129366,1417.2161878129366,1.0006818462654334,0.001088842969120171
1417.2231321454124,1417.2231321454124,1.0007945144801806,0.001088674745991186
1417.23007647791,1417.23007647791,1.0000198238114906,0.0010888646036234044
1417.2370208103162,1417.2370208103162,0.9988568945801957,0.001088313373290155
1417.2439651427208,1417.2439651427208,0.9993808586346518,0.0010891868129952868
1417.2509094751033,1417.2509094751033,1.0006214527911539,0.0010888432020740367
1417.2578538074622,1417.2578538074622,1.0011347330821039,0.0010877990246632371
1417.2647981397977,1417.2647981397977,1.0001443643468029,0.0010881868325928789
1417.271742472087,1417.271742472087,1.000079234022455,0.0010882624378224875
1417.2786868043754,1417.2786868043754,1.0003952803842795,0.0010887290038585319
1417.2875755496198,1417.2875755496198,0.9990494373198079,0.0010871591276273578
1417.2953532017434,1417.2953532017434,0.9977917448877156,0.0010869015789396002
1417.3022975339159,1417.3022975339159,0.9994351090052567,0.0010891939942290186
1417.3092418660653,1417.3092418660653,1.000542833580295,0.001089791327084334
1417.3161861982144,1417.3161861982144,1.0003342339419983,0.001090326201565736
1417.323130530341,1417.323130530341,1.0018250712018868,0.0010918399342081564
1417.3300748623967,1417.3300748623967,1.0026393738765405,0.0010925703406270517
1417.3370191944532,1417.3370191944532,1.0035542326074185,0.0010936383282078375
1417.3439635264858,1417.3439635264858,1.004294042574274,0.001093444905969965
1417.3522967248784,1417.3522967248784,0.9987870735189046,0.0010932572426376522
1417.3592410568885,1417.3592410568885,0.9953012348508977,0.0010934100001808596
1417.3661853888048,1417.3661853888048,0.9940920483296303,0.001092741395883666
1417.3731297207446,1417.3731297207446,0.994929223348419,0.0010941228439742192
1417.3800740526144,1417.3800740526144,0.9933009807062954,0.0010940566580210512
1417.3870183844842,1417.3870183844842,0.9959538513634433,0.0010961822813164324
1417.393962716331,1417.393962716331,0.996082828433879,0.0010961510713361005
1417.400907048154,1417.400907048154,0.9976078292975847,0.0010978497127093379
1417.4078513799543,1417.4078513799543,0.9988446304891626,0.0010975055655137365
1417.4147957117077,1417.4147957117077,0.9935204338540465,0.0010942503206822051
1417.4217400434381,1417.4217400434381,0.9949220623301152,0.0010948876477650693
1417.4286843751447,1417.4286843751447,0.99516586946923,0.0010947288581229383
1417.4356287068517,1417.4356287068517,0.9943574495728278,0.0010932633349022833
1417.4425730385124,1417.4425730385124,0.9942835129893194,0.0010934492614640703
1417.4495173701257,1417.4495173701257,0.9963115945519408,0.0010932128228966441
1417.4564617016936,1417.4564617016936,1.0012520911676475,0.0010941256793583563
1417.4634060333765,1417.4634060333765,1.0055794092194859,0.0010946452063604554
1417.470350364828,1417.470350364828,1.0026871038103862,0.0010924108493887967
1417.477294696395,1417.477294696395,1.0025068974228948,0.001092069498551117
1417.4842390278923,1417.4842390278923,1.0012402147592543,0.0010913243924582853
1417.49118335939,1417.49118335939,1.0004279501901499,0.0010904333951142831
1417.4981276908168,1417.4981276908168,0.9995913850974147,0.0010902912917854454
1417.5050720222448,1417.5050720222448,0.9978800472941955,0.001088804809748486
1417.5120163536487,1417.5120163536487,1.0002730419775423,0.0010896276156740201
1417.5189606850295,1417.5189606850295,0.9989578827464516,0.0010888915793491245
1417.525905016341,1417.525905016341,1.0002619468285234,0.0010900897584322877
1417.532849347675,1417.532849347675,1.0007657640663752,0.0010903237623321655
1417.5397936789636,1417.5397936789636,0.9990244379843606,0.0010897645196763861
1417.5467380102275,1417.5467380102275,1.0003309302095056,0.0010899791294774253
1417.553682341469,1417.553682341469,1.0010187151165741,0.0010902389860224233
1417.5606266726868,1417.5606266726868,0.9999738481601501,0.001089867898590113
1417.5675710038581,1417.5675710038581,0.9998376383622405,0.0010897867471434358
1417.5745153350065,1417.5745153350065,0.9993513816436241,0.0010899330459317375
1417.5814596661544,1417.5814596661544,0.9991611924621061,0.001087982872369104
1417.5884039972564,1417.5884039972564,0.9996082680786363,0.0010896644121938315
1417.5953483283342,1417.5953483283342,1.0005893077596677,0.001090105932027015
1417.6022926593664,1417.6022926593664,1.0011238718966946,0.0010905913344938893
1417.6092369903977,1417.6092369903977,1.0002795753252482,0.0010903356610218117
1417.6161813214528,1417.6161813214528,0.9999222784311537,0.0010904693451910669
1417.6231256523915,1417.6231256523915,0.9985729937248321,0.001089742653329335
1417.6300699833064,1417.6300699833064,0.9986414743869453,0.0010899997284431469
1417.6370143142456,1417.6370143142456,1.0022894443979067,0.0010904198110121424
1417.6439586451372,1417.6439586451372,0.9996102906208059,0.0010901099827249241
1417.650902976006,1417.650902976006,0.9997943966554491,0.0010894673706679024
1417.6578473068516,1417.6578473068516,1.000363472275653,0.0010903038421643811
1417.66479163765,1417.66479163765,1.0000619886074202,0.0010903899707970053
1417.6717359684496,1417.6717359684496,0.9997974102892364,0.0010899597826066801
1417.6786802992012,1417.6786802992012,1.0003899015046833,0.0010899870482450444
1417.6856246299308,1417.6856246299308,1.000953871385116,0.0010908756120014454
1417.6925689606364,1417.6925689606364,0.9997255874070163,0.0010900941438593144
1417.6995132913187,1417.6995132913187,0.9996896623730116,0.001090255411261504
1417.706457621978,1417.706457621978,1.0000553298079138,0.0010907729533912646
1417.7134019526134,1417.7134019526134,0.9992558896345101,0.0010904114013241832
1417.7203462832033,1417.7203462832033,1.0003131781704941,0.001090603749230819
1417.7272906137691,1417.7272906137691,0.99901407432151,0.0010894521275059252
1417.734234944312,1417.734234944312,0.9994341287220954,0.0010900647534057247
1417.7411792748549,1417.7411792748549,1.0015101302641958,0.0010900931098017951
1417.7481236053272,1417.7481236053272,0.9980131315982421,0.0010894156532231028
1417.755067935801,1417.755067935801,1.0013324772023917,0.0010906083170574947
1417.7620122662033,1417.7620122662033,1.001464023087908,0.0010905254098688099
1417.7689565966068,1417.7689565966068,0.9985343246351608,0.0010893326352170514
1417.7759009270098,1417.7759009270098,0.999873283997189,0.0010898151432418837
1417.7828452574129,1417.7828452574129,1.0006631099847803,0.0010899760283814963
1417.7897895877227,1417.7897895877227,1.0012957682201677,0.0010902517846534004
1417.7967339180327,1417.7967339180327,0.9977591728747777,0.0010891490402495099
1417.8036782483198,1417.8036782483198,0.9994353958448405,0.0010895048760151901
1417.8106225785825,1417.8106225785825,1.000696568228313,0.001088912970615433
1417.8175669087998,1417.8175669087998,1.0007741972348083,0.0010906142248662423
1417.8245112389932,1417.8245112389932,1.0013682036064995,0.0010902826028540828
1417.8314555691634,1417.8314555691634,1.0002261430362247,0.001089571110598517
1417.8383998993338,1417.8383998993338,0.999588665155537,0.001089034988467383
1417.845344229434,1417.845344229434,0.9985956885878184,0.0010896499451879917
1417.8522885595114,1417.8522885595114,1.0000390212382473,0.0010900329313492116
1417.8592328895884,1417.8592328895884,0.9995385096686323,0.0010902559706706966
1417.8661772196187,1417.8661772196187,0.9976006188701992,0.0010897080887911485
1417.8731215496261,1417.8731215496261,1.0008099975872304,0.0010907497792442366
1417.8800658796097,1417.8800658796097,1.003472393732654,0.001091795629834995
1417.8870102095711,1417.8870102095711,1.0008809831052325,0.001091441543721139
1417.893954539508,1417.893954539508,0.9996203435649733,0.0010904825486473546
1417.9008988693759,1417.9008988693759,0.9993738024040889,0.001090096712855804
1417.9078431993132,1417.9078431993132,0.9979902679602832,0.0010899480487472518
1417.914787529134,1417.914787529134,1.000258810554313,0.0010900923080607752
1417.9217318589554,1417.9217318589554,0.9992463225438447,0.0010904320560493354
1417.9286761887756,1417.9286761887756,1.0002981730146894,0.001090240750544046
1417.9356205184806,1417.9356205184806,0.9997358615728305,0.0010904580239084372
1417.9425648482552,1417.9425648482552,1.0003543741588177,0.0010907169354581483
1417.9495091779595,1417.9495091779595,1.000758120787062,0.0010891814851763544
1417.9564535076643,1417.9564535076643,1.0024268214416188,0.0010903020066369972
1417.963397837299,1417.963397837299,0.9998553700451499,0.0010902840598077947
1417.970342166934,1417.970342166934,0.9977645493597809,0.0010890661019559173
1417.977286496545,1417.977286496545,0.9983574086485293,0.0010895701970984298
1417.9842308261334,1417.9842308261334,1.002551843762199,0.00109125880884856
1417.9911751556751,1417.9911751556751,0.9981973232464011,0.001089591822106326
1417.9981194852164,1417.9981194852164,0.9990215366624223,0.0010896940782095389
1418.0050638146886,1418.0050638146886,1.0023298802411578,0.001090130533463611
1418.0120081441833,1418.0120081441833,0.9993134058503943,0.0010898446322816634
1418.0189524736088,1418.0189524736088,1.000089730430874,0.0010898604309769783
1418.0258968030341,1418.0258968030341,0.9998947297256798,0.0010898380773427462
1418.0328411324122,1418.0328411324122,1.0004774413406834,0.001090135514083786
1418.0397854617681,1418.0397854617681,1.0008257623370658,0.0010904997594758138
1418.0467297910998,1418.0467297910998,1.0018196885714126,0.0010908620719008461
1418.053674120432,1418.053674120432,0.9985631143669211,0.001089574235754218
1418.060618449671,1418.060618449671,0.9990546000318776,0.001089907870408829
1418.0675627789096,1418.0675627789096,0.9998074116698159,0.0010908335012335948
1418.0745071081492,1418.0745071081492,0.9996129584872755,0.0010910593620989768
1418.0814514373874,1418.0814514373874,0.9993913814278944,0.0010906043278533866
1418.0883957665337,1418.0883957665337,0.9999008121161896,0.0010908756275773003
1418.0953400956794,1418.0953400956794,1.000583816829198,0.0010910096956472351
1418.1022844248018,1418.1022844248018,1.0010208250724415,0.0010908422279770175
1418.109228753878,1418.109228753878,1.0000642003798839,0.0010903236509664845
1418.1161730829535,1418.1161730829535,0.9986658859254343,0.0010900332050503482
1418.1231174119835,1418.1231174119835,0.9987987996878698,0.00109018717671393
1418.1300617409893,1418.1300617409893,1.000774674392836,0.0010904255706020883
1418.137006069972,1418.137006069972,1.0006425082879147,0.0010901314852007308
1418.1439503989318,1418.1439503989318,1.0002855747128874,0.001090099450048323
1418.1508947278212,1418.1508947278212,1.0006552327362717,0.0010902740468579167
1418.1578390567345,1418.1578390567345,0.9995064778618256,0.0010896684953696377
1418.1647833856239,1418.1647833856239,1.0007139831072693,0.001090362557028384
1418.171727714444,1418.171727714444,0.9992400121167202,0.001089825325034326
1418.1786720432638,1418.1786720432638,0.9989238450428056,0.0010898861983476061
1418.1856163720367,1418.1856163720367,1.002025354874926,0.0010908372659694306
1418.192560700787,1418.192560700787,1.0004298891617016,0.001090093685302985
1418.19950502956,1418.19950502956,1.0000018816623801,0.0010903488505156086
1418.206449358217,1418.206449358217,0.997871022869187,0.0010898371887223812
1418.2133936868738,1418.2133936868738,1.000087745761382,0.0010905288887357284
1418.2203380155304,1418.2203380155304,0.9995642933409291,0.0010902047209454236
1418.2272823441876,1418.2272823441876,0.9998560148571636,0.0010905898358401652
1418.2342266727746,1418.2342266727746,0.999979355208947,0.0010904763385892135
1418.2411710013619,1418.2411710013619,1.0011831028193032,0.0010909298474190113
1418.2481153298786,1418.2481153298786,1.0001646155793662,0.001090772831891244
1418.2550596583956,1418.2550596583956,1.0001613872791428,0.0010907612308223584
1418.26200398689,1418.26200398689,1.000980729684429,0.0010907211106579088
1418.268948315337,1418.268948315337,0.9995611508962767,0.0010901214653886199
1418.2758926437614,1418.2758926437614,0.999995888676873,0.0010906942510035802
1418.2828369721851,1418.2828369721851,0.9992373377948827,0.001090134779426564
1418.2897813005625,1418.2897813005625,0.9993172009563545,0.0010901478075426995
1418.2967256288707,1418.2967256288707,0.9980753761811625,0.00108957635666603
1418.303669957201,1418.303669957201,1.001489491284467,0.0010908688049610657
1418.310614285509,1418.310614285509,1.0008236020666808,0.001090450345837247
1418.3175586137468,1418.3175586137468,1.0004031516828973,0.0010905634198641611
1418.3245029419845,1418.3245029419845,0.9997490255875077,0.0010907415148859194
1418.331447270199,1418.331447270199,1.0008623233846712,0.001090646089156867
1418.3383915983898,1418.3383915983898,1.0000491724072982,0.0010903780491162917
1418.3453359265347,1418.3453359265347,1.001199868747094,0.0010913771828676643
1418.3522802546563,1418.3522802546563,0.9994931849655702,0.0010908657846466683
1418.3592245827308,1418.3592245827308,0.9998040080888554,0.0010904833170711967
1418.366168910806,1418.366168910806,0.9984557392655129,0.0010908320250366495
1418.37311323888,1418.37311323888,0.9989545149925817,0.0010910984137799456
1418.380057566839,1418.380057566839,1.0002494187815518,0.0010915873976785142
1418.387001894844,1418.387001894844,0.9994584506562123,0.0010906222643790142
1418.3939462228022,1418.3939462228022,0.9997675763629805,0.001090747926144099
1418.4008905507376,1418.4008905507376,1.00109195532576,0.001091302748847845
1418.4078348786256,1418.4078348786256,1.0019902098357782,0.0010912311004740267
1418.4147792065144,1418.4147792065144,0.9993431230840496,0.0010901809400091001
1418.4217235343328,1418.4217235343328,0.998015225299493,0.0010895993007750304
1418.4286678621747,1418.4286678621747,1.0019445537389857,0.0010908781500426792
1418.4356121899475,1418.4356121899475,0.9983743829510384,0.0010901024008393844
1418.4425565177191,1418.4425565177191,1.0030332160372386,0.001091241253242585
1418.4495008454446,1418.4495008454446,1.0015615901572803,0.001090982009098335
1418.4564451731471,1418.4564451731471,0.9982427171838593,0.0010903939616823631
1418.463389500826,1418.463389500826,0.9996317737974738,0.001091146834767752
1418.470333828482,1418.470333828482,1.0011301989177677,0.0010914753015194973
1418.4772781560907,1418.4772781560907,1.0001749001235092,0.0010917577043587769
1418.4842224836766,1418.4842224836766,0.9995963794007796,0.001091842925247785
1420.6711282016897,1420.6711282016897,1.0001787282883536,0.0010211910458931554
1421.2230628650955,1421.2230628650955,0.9997276257346845,0.0009998438811547662
1421.2300071795617,1421.2300071795617,0.9997546754266609,0.0009988740622949893
1421.2369514939692,1421.2369514939692,0.9999112441649475,0.0009978409341668314
1421.2438958083535,1421.2438958083535,0.9998297507513113,0.000998422825360895
1421.25084012268,1421.25084012268,0.999556702750338,0.0009978495687335263
1421.2577844369712,1421.2577844369712,1.0000019178698203,0.000997578781737432
1421.264728751216,1421.264728751216,0.9999527718674444,0.0009976385547113208
1421.271673065426,1421.271673065426,1.001067890570584,0.0009980521896960624
1421.2786173795892,1421.2786173795892,1.0005520612934167,0.0009995577436232592
1421.2855616936943,1421.2855616936943,1.0002531643251966,0.000998573199702937
1421.2925060077991,1421.2925060077991,1.0003589406969517,0.0010011137863394466
1421.2994503218345,1421.2994503218345,0.9996726074106776,0.0010019566528475924
1421.3063946358347,1421.3063946358347,1.0004645459655754,0.0010037917954720309
1421.3133389497884,1421.3133389497884,1.0002080621718403,0.0010045966923715502
1421.3202832637076,1421.3202832637076,0.9982993138553574,0.0010045865993198347
1421.3272275775678,1421.3272275775678,1.0001887688715656,0.0010058788215789513
1421.3341718913819,1421.3341718913819,0.9994682762102791,0.0010067707330518746
1421.3411162051846,1421.3411162051846,0.9993883046728961,0.0010080736709574488
1421.3480605189284,1421.3480605189284,0.9998977832778033,0.0010083979049165825
1421.3550048326258,1421.3550048326258,1.0002811045442066,0.0010097259815736183
1421.3619491462773,1421.3619491462773,1.000798591946242,0.0010116455826943236
1421.3688934598933,1421.3688934598933,1.0004063004046821,0.0010126090413538783
1421.3758377734507,1421.3758377734507,1.0008318486452596,0.0010142098760053326
1421.382782086974,1421.382782086974,0.9984603159783066,0.0010140944781450605
1421.389726400474,1421.389726400474,1.0012938164451555,0.0010159700907985813
1421.3966707139036,1421.3966707139036,1.0001658424838997,0.0010166710193134972
1421.4036150272989,1421.4036150272989,1.0001701320858456,0.0010184854317573544
1421.410559340659,1421.410559340659,0.9983967296458133,0.0010188754533615942
1421.4175036539602,1421.4175036539602,0.9995026923394601,0.001020606675978272
1421.424447967239,1421.424447967239,1.000658738800214,0.00102230107848062
1421.4313922804592,1421.4313922804592,1.0013546574121643,0.0010234663660254233
1421.4383365936326,1421.4383365936326,0.9996435465889082,0.0010241801933781381
1421.445280906772,1421.445280906772,0.9993785392294198,0.0010255613176844212
1421.4522252198644,1421.4522252198644,1.000859819429008,0.0010265844527412948
1421.4591695329095,1421.4591695329095,0.9999093284844859,0.0010274577770932843
1421.4661138459091,1421.4661138459091,0.9998312593407579,0.0010283688090329715
1421.4730581588733,1421.4730581588733,0.9999190932697661,0.0010294323518185032
1421.480002471779,1421.480002471779,0.9983946881477858,0.0010300645006720657
1421.4869467846618,1421.4869467846618,1.0006744986397844,0.0010316610651504585
1421.493891097475,1421.493891097475,0.9995663541848522,0.0010326822783723322
1421.5008354102642,1421.5008354102642,1.0012519552171386,0.0010339859189485469
1421.5077797229956,1421.5077797229956,0.9993803847625327,0.0010346067242956217
1421.514724035704,1421.514724035704,0.9994473392120893,0.001035534807888336
1421.521668348342,1421.521668348342,1.001532723824863,0.0010367625072292858
1421.5286126609333,1421.5286126609333,1.0004019239736028,0.0010374529137308513
1421.5355569735025,1421.5355569735025,0.9993125916230168,0.00103834361364446
1421.542501286012,1421.542501286012,1.00091586744506,0.0010396055145830566
1421.5494455984756,1421.5494455984756,0.9986621923797468,0.0010396017502540963
1421.5563899109047,1421.5563899109047,1.0001775920596532,0.0010413082605270167
1421.5633342232636,1421.5633342232636,1.000040630382982,0.0010421887917342778
1421.5702785356102,1421.5702785356102,0.9989934220941684,0.0010430549530433817
1421.5772228478995,1421.5772228478995,0.9996535299574811,0.0010432267134137389
1421.5841671601536,1421.5841671601536,1.0002055326206467,0.0010447416536194382
1421.5911114723492,1421.5911114723492,1.0003833497816785,0.0010448227745496947
1421.598055784499,1421.598055784499,1.0003462777537238,0.0010460010393508526
1421.6050000966013,1421.6050000966013,0.9995334982087272,0.0010463855646132524
1421.6119444086692,1421.6119444086692,0.9993029127126611,0.001046819011604544
1421.6188887206672,1421.6188887206672,1.0011479166315886,0.001047536862187627
1421.6258330326418,1421.6258330326418,1.0014665648063041,0.001048806901675902
1421.63277734457,1421.63277734457,0.9996883009608759,0.0010490259385083672
1421.6397216564396,1421.6397216564396,1.0007148973739237,0.0010504950504097309
1421.6466659682633,1421.6466659682633,1.0021639281256334,0.0010516430335651959
1421.6536102800633,1421.6536102800633,1.0011664309236383,0.0010518806591161998
1421.6605545917932,1421.6605545917932,1.0000422617285416,0.0010525154768042245
1421.6674989034889,1421.6674989034889,0.9990476249440802,0.001052603713160478
1421.6744432151377,1421.6744432151377,0.9991709930541883,0.0010532390989091906
1421.6813875267276,1421.6813875267276,0.9984816912642718,0.0010536778699711392
1421.688331838272,1421.688331838272,0.9987625863068483,0.0010543624089777112
1421.6952761498158,1421.6952761498158,1.0008466640111804,0.0010558610866332422
1421.7022204612435,1421.7022204612435,0.9997001512637599,0.0010559023773837374
1421.709164772659,1421.709164772659,1.0027769067389387,0.0010576830708296605
1421.7161090840286,1421.7161090840286,1.0012365594868413,0.001057388815263675
1421.7230533953514,1421.7230533953514,0.9999542394513238,0.0010571898056928085
1421.7299977066157,1421.7299977066157,0.9997378052551186,0.0010577208443432486
1421.7369420178572,1421.7369420178572,0.999875937626072,0.0010586086565523188
1421.7438863290172,1421.7438863290172,0.9991391535231466,0.0010589596394671274
1421.7508306401533,1421.7508306401533,0.9981051090508503,0.001059207951217302
1421.7577749512202,1421.7577749512202,1.0003949523860234,0.0010605681279543934
1421.7647192622633,1421.7647192622633,0.999519397136534,0.0010609190761429262
1421.7716635732481,1421.7716635732481,1.0001620962809596,0.0010619444422373951
1421.7786078842105,1421.7786078842105,1.001254894449865,0.001062853705302919
1421.7855521950794,1421.7855521950794,1.0006561470782178,0.001063146616601442
1421.7924965059244,1421.7924965059244,1.0007937780377851,0.0010631732431525803
1421.7994408167233,1421.7994408167233,0.9994493650128135,0.0010633666759476434
1421.8063851274642,1421.8063851274642,0.9996962333062894,0.0010642691014507593
1421.8133294381698,1421.8133294381698,1.0003320462553271,0.0010647424268005689
1421.8202737488175,1421.8202737488175,0.999265188090115,0.0010651044125755595
1421.8272180594304,1421.8272180594304,0.997814682632385,0.0010653797904499392
1421.834162369973,1421.834162369973,1.0000413581969834,0.0010659744493537566
1421.8411066804806,1421.8411066804806,1.001945213456451,0.0010673347593318097
1421.848050990942,1421.848050990942,1.0006369327858375,0.0010674106381588224
1421.854995301345,1421.854995301345,0.9991966621869428,0.0010672114629406368
1421.8619396117128,1421.8619396117128,0.9990877289144204,0.0010678208469064717
1421.8688839220117,1421.8688839220117,1.0014790213260714,0.001068405587918153
1421.8758282322867,1421.8758282322867,0.9997090588663964,0.0010680273975946578
1421.882772542503,1421.882772542503,1.000408900200336,0.0010688146357934478
1421.8897168526505,1421.8897168526505,0.9993497240736104,0.0010685068272607962
1421.896661162774,1421.896661162774,1.000283833382242,0.001069321936663602
1421.9036054728508,1421.9036054728508,0.9993357899060417,0.001069774495818886
1421.9105497828582,1421.9105497828582,1.0001926061463668,0.0010704164672387057
1421.9174940928308,1421.9174940928308,1.000643252755356,0.0010704770072574067
1421.9244384027447,1421.9244384027447,1.0007054268250632,0.0010708932166354054
1421.931382712601,1421.931382712601,0.998563310921263,0.0010705648251205058
1421.9383270224334,1421.9383270224334,0.9997056994054475,0.001070910155735514
1421.9452713322194,1421.9452713322194,1.0004636254994814,0.0010712652629418155
1421.9522156419123,1421.9522156419123,1.0007294682843042,0.0010718325701718618
1421.959159951582,1421.959159951582,0.9995853706997705,0.0010721680631459952
1421.9661042612167,1421.9661042612167,0.9980607821480303,0.0010714726000675616
1421.97304857077,1421.97304857077,1.0013821294964922,0.0010726789719611538
1421.9799928802881,1421.9799928802881,1.0006231416860554,0.0010730507763509433
1421.9869371897835,1421.9869371897835,1.0001750121853652,0.001073111781872709
1421.9938814991735,1421.9938814991735,1.0000001378512478,0.0010734841743322162
1422.0008258085404,1422.0008258085404,1.0003894272673897,0.0010738231248010916
1422.0077701178727,1422.0077701178727,1.000394246043065,0.001074635984220228
1422.0147144271348,1422.0147144271348,0.9995966360521571,0.0010743095695413597
1422.0216587363504,1422.0216587363504,0.9987151063880224,0.00107501924799454
1422.0286030455195,1422.0286030455195,1.0004088063981165,0.0010755118610329983
1422.0355473546306,1422.0355473546306,1.0002386547271316,0.0010759658402519725
1422.0424916636948,1422.0424916636948,1.0002508708014726,0.0010764618994847787
1422.0494359727006,1422.0494359727006,0.9997466627259538,0.0010766909922433861
1422.0563802816723,1422.0563802816723,1.0004660176773994,0.0010768879441321604
1422.0633245905733,1422.0633245905733,0.9994418987880582,0.001077126431777865
1422.0702688994395,1422.0702688994395,1.0004201927340204,0.0010775439789420392
1422.0772132082368,1422.0772132082368,0.9999207791933875,0.0010775080416294742
1422.0841575169982,1422.0841575169982,0.9989948204260808,0.0010773566033853842
1422.0911018257011,1422.0911018257011,0.9999643486698437,0.001077422114636684
1422.0980461343584,1422.0980461343584,0.9994541598126577,0.0010777560294192618
1422.104990442957,1422.104990442957,0.9999007661138168,0.001078057163198606
1422.1119347515091,1422.1119347515091,1.0015369516237245,0.001079404176137929
1422.118879060003,1422.118879060003,0.9991506642690299,0.0010790062482045374
1422.1258233684503,1422.1258233684503,1.000682398324574,0.0010802962367902837
1422.1327676768392,1422.1327676768392,1.0010609601602904,0.0010815049651404659
1422.1397119851933,1422.1397119851933,1.000526650194385,0.0010815757810956022
1422.146656293478,1422.146656293478,0.999998252491548,0.0010822311313419056
1422.1536006017154,1422.1536006017154,0.9986104559591343,0.0010834784494003146
1422.1605449098831,1422.1605449098831,0.9988215466712724,0.001084297219722546
1422.1674892180167,1422.1674892180167,1.0007184386715033,0.0010865492333002823
1422.174433526103,1422.174433526103,0.9999034886470384,0.0010870443507121808
1422.1813778341425,1422.1813778341425,1.000126321062208,0.001089023409399785
1422.1883221421012,1422.1883221421012,1.000834760625676,0.001090848397508697
1422.1952664500363,1422.1952664500363,0.999333683297731,0.0010920024942977897
1422.2022107579014,1422.2022107579014,0.9990391993667108,0.00109360153578127
1422.2091550657083,1422.2091550657083,0.9988632593458096,0.001095330233997583
1422.216099373469,1422.216099373469,1.0012394826356463,0.001098123671755425
1422.223043681171,1422.223043681171,1.001092599980605,0.0010999620201359744
1422.2299879888383,1422.2299879888383,1.0001765673333423,0.0011026067727855596
1422.2369322964473,1422.2369322964473,0.9996020212146555,0.0011051167058389031
1422.2438766039986,1422.2438766039986,1.0006950303218276,0.0011084264477136414
1422.2508209114912,1422.2508209114912,0.9988847872348879,0.0011106286209265671
1422.2577652189254,1422.2577652189254,1.0000284041519218,0.0011139651409418983
1422.2647095263253,1422.2647095263253,1.0021785236525855,0.0011170400383233002
1422.2716538336667,1422.2716538336667,1.0002582506973199,0.001119378402260235
1422.2785981409384,1422.2785981409384,0.998859253452606,0.0011217110148265036
1422.2855424481747,1422.2855424481747,0.9981836662663086,0.0011245430200435187
1422.2924867553415,1422.2924867553415,0.9996765644352129,0.001127907969706257
1422.2994310624613,1422.2994310624613,0.9994053867539193,0.0011308836598117103
1422.3063753695467,1422.3063753695467,1.0010099636923349,0.0011342526501828337
1422.3133196765507,1422.3133196765507,1.0005216254335247,0.0011375872044285488
1422.3202639835076,1422.3202639835076,1.0004581429799253,0.001140149104653028
1422.3272082904182,1422.3272082904182,1.0020838390712585,0.0011438527470779684
1422.3341525972476,1422.3341525972476,1.0005363130013447,0.0011460092253909693
1422.3410969040654,1422.3410969040654,1.0014872494339069,0.0011492936794595143
1422.3480412108124,1422.3480412108124,0.9967272955329255,0.0011499425682846508
1422.3549855175138,1422.3549855175138,0.9930145937526931,0.0011536794872451625
1422.3619298241451,1422.3619298241451,0.9951426369502425,0.0011603641439044536
1422.3688741307296,1422.3688741307296,0.9977042518317806,0.001165271065445861
1422.3758184372443,1422.3758184372443,0.9967002616416956,0.001166869481971689
1422.3827627437363,1422.3827627437363,0.995146480290184,0.0011694406340229785
1422.3897070501464,1422.3897070501464,0.9970612493499773,0.0011718825514952294
1422.3966513564978,1422.3966513564978,0.9947119096366148,0.001173334811181141
1422.4035956628036,1422.4035956628036,0.9959982176001058,0.0011762942536157291
1422.4105399690507,1422.4105399690507,0.9929891580301767,0.0011779740455756743
1422.417484275274,1422.417484275274,0.9962829447197994,0.0011815041472309326
1422.4244285814164,1422.4244285814164,0.9950708989046315,0.0011836975691372203
1422.4313728875122,1422.4313728875122,0.9957540344311149,0.0011862465783318882
1422.4383171935492,1422.4383171935492,0.9943581144882885,0.0011889848288046362
1422.4452614995287,1422.4452614995287,0.9963161328079077,0.0011915460733782368
1422.4522058054504,1422.4522058054504,0.9924692635373902,0.0011877903781576285
1422.4591501113243,1422.4591501113243,0.9993669447835132,0.001192244048761452
1422.4660944171405,1422.4660944171405,1.0022011885707038,0.0011967350366191955
1422.4730387229106,1422.4730387229106,1.0007047605610948,0.0012004312540236414
1422.4799830286106,1422.4799830286106,0.9993720564362324,0.0012045975253510675
1422.4869273342754,1422.4869273342754,1.0002847185911654,0.0012092149901295898
1422.493871639859,1422.493871639859,0.9992872940503468,0.0012134176454438573
1422.5008159454194,1422.5008159454194,1.0000502614500184,0.0012181484611821218
1422.507760250898,1422.507760250898,0.9990372520711178,0.0012225762937584507
1422.5147045563415,1422.5147045563415,1.00068420159242,0.0012272172866516925
1422.5216488617273,1422.5216488617273,0.9998894941950661,0.001232047910723523
1422.5285931670317,1422.5285931670317,1.0000889938638282,0.0012366066893720682
1422.5355374723122,1422.5355374723122,0.9985094736909262,0.0012406499546081715
1422.542481777523,1422.542481777523,0.9990188881795955,0.0012456829871200872
1422.5494260826881,1422.5494260826881,1.0005528051337178,0.0012505439226614763
1422.5563703877824,1422.5563703877824,1.0024101971377049,0.0012556315068451749
1422.5633146928417,1422.5633146928417,1.0014141710270466,0.0012595958154768857
1422.5702589978437,1422.5702589978437,0.9985798108093963,0.0012641057833755278
1422.5772033027865,1422.5772033027865,1.0009943550806275,0.0012699396543110887
1422.5841476076714,1422.5841476076714,1.0010705957145578,0.0012743322282004704
1422.5910919124985,1422.5910919124985,0.9987662284136463,0.0012789970475764489
1422.5980362172904,1422.5980362172904,0.9996051541124986,0.0012841963367767324
1422.6049805220007,1422.6049805220007,0.9995712364322719,0.0012889697009252992
1422.6119248266875,1422.6119248266875,1.0011312960406744,0.0012945294838240852
1422.6188691312934,1422.6188691312934,0.9987352401251292,0.0012988759844460725
1422.6258134358643,1422.6258134358643,1.0004904915517812,0.0013043774233596744
1422.6327577403765,1422.6327577403765,1.001218993813294,0.0013099559550712892
1422.6397020448076,1422.6397020448076,1.0011121268780325,0.0013155787556604487
1422.6466463492154,1422.6466463492154,0.9978802733542229,0.001319888659548675
1422.6535906535646,1422.6535906535646,0.9987013795236322,0.0013250615667960606
1422.6605349578563,1422.6605349578563,1.0016638021254138,0.0013307822836559839
1422.6674792621009,1422.6674792621009,1.0003622081315628,0.0013363367093898917
1422.6744235662757,1422.6744235662757,0.9993228596719014,0.001341286863463981
1422.6813678704043,1422.6813678704043,0.9978057054905791,0.0013462737411181988
1422.6883121744738,1422.6883121744738,1.0008002306929005,0.001352937911476847
1422.695256478521,1422.695256478521,1.0008228330146023,0.0013588928627827023
1422.7022007824748,1422.7022007824748,0.9998342398727988,0.0013645906752658271
1422.7091450863932,1422.7091450863932,1.0004276334206963,0.0013702887718992933
1422.7160893902774,1422.7160893902774,1.0018126553542523,0.0013772119863711425
1422.723033694068,1422.723033694068,1.000781893226758,0.0013828343656729584
1422.7299779978352,1422.7299779978352,0.998649009682337,0.001389873288125958
1422.7369223015444,1422.7369223015444,1.0007316981034768,0.0013969546940013234
1422.7438666052308,1422.7438666052308,0.9977448757915155,0.001402740014020395
1422.7508109088003,1422.7508109088003,1.000704035034956,0.0014111087878733602
1422.7577552123462,1422.7577552123462,0.999275685722392,0.0014180536395421597
1422.7646995158696,1422.7646995158696,1.0006337449824525,0.0014262108670216628
1422.771643819311,1422.771643819311,0.9991740840426864,0.0014345686708639887
1422.7785881227057,1422.7785881227057,1.0010947904174379,0.0014427924352299086
1422.7855324260656,1422.7855324260656,0.9987420905136618,0.0014508887508605842
1422.7924767293446,1422.7924767293446,0.9973292651291084,0.0014586369956917675
1422.7994210325992,1422.7994210325992,1.001714564263803,0.0014689005105791386
1422.8063653357847,1422.8063653357847,1.0018746815049058,0.0014777452553345215
1422.8133096389238,1422.8133096389238,1.0024674252271355,0.0014860915301998883
1422.8202539420274,1422.8202539420274,0.9985370932981403,0.0014936910559477778
1422.8271982450729,1422.8271982450729,0.9987408714715788,0.001502076615313796
1422.8341425480605,1422.8341425480605,0.9999223376696579,0.0015103359535982579
1422.841086851013,1422.841086851013,0.9991603271214495,0.0015185429938804258
1422.8480311539074,1422.8480311539074,0.999943095275848,0.0015265241369558675
1422.8549754567666,1422.8549754567666,0.999550119515861,0.0015344045700672268
1422.8619197595679,1422.8619197595679,1.0011220069113742,0.00154233425934685
1422.8688640623227,1422.8688640623227,0.9995882629211437,0.0015498381361532547
1422.8758083650075,1422.8758083650075,1.0025160615114748,0.001558259880587947
1422.8827526676807,1422.8827526676807,1.0004741465953153,0.0015647036128481468
1422.8896969702955,1422.8896969702955,0.9996683938650879,0.0015720022351404749
1422.8966412728523,1422.8966412728523,1.0001399942381335,0.0015791338139561483
1422.9035855753857,1422.9035855753857,0.9990008379468328,0.001586046753012861
1422.9105298778607,1422.9105298778607,0.9993415577584731,0.0015929516580379082
1422.917474180278,1422.917474180278,0.9984770824446734,0.001598140277106682
1422.9244184826716,1422.9244184826716,0.9997063742525825,0.0016037572253532542
1422.9313627850067,1422.9313627850067,1.000658907239893,0.0016087328880447505
1422.9555289567656,1422.9555289567656,0.9990443893044236,0.0016275026625924426
1422.9688620169018,1422.9688620169018,0.9979228483078773,0.0016363190498430622
1422.9760840910449,1422.9760840910449,0.9998729043300836,0.0016424499511160414
1422.984139481402,1422.984139481402,0.9993789132099897,0.0016477988234861456
1422.9910837833881,1422.9910837833881,1.000911752297057,0.0016516321259888126
1422.9980280853276,1422.9980280853276,1.0037784775120717,0.0016574224417751815
1423.004972387233,1423.004972387233,0.998407522585637,0.0016606855847910332
1423.0119166890913,1423.0119166890913,1.001821548371464,0.001665371521849456
1423.0188609909142,1423.0188609909142,1.0015039332577,0.0016696619783503827
1423.0258052927031,1423.0258052927031,0.9991089987616558,0.0016735076143534963
1423.0327495944566,1423.0327495944566,0.9992964436805771,0.0016777384377446238
1423.0396938961749,1423.0396938961749,0.9993275029371473,0.001681800238445812
1423.046638197858,1423.046638197858,0.9982997972156106,0.001685842316359288
1423.0535824995188,1423.0535824995188,1.0012824283120263,0.0016904543091756934
1423.060526801121,1423.060526801121,0.9994222402789253,0.001693845223440918
1423.0674711027111,1423.0674711027111,1.001911357280661,0.0016975959647715394
1423.0744154042668,1423.0744154042668,0.9996770497255068,0.0017005337726701832
1423.0813597057877,1423.0813597057877,0.9979845125517322,0.001702745184075078
1423.088304007273,1423.088304007273,1.0005675895668134,0.0017053476317731044
1423.0952483087356,1423.0952483087356,0.9989829601031834,0.0017061780579393265
1423.1021926101748,1423.1021926101748,1.000454529229265,0.0017078305100922126
1423.109136911579,1423.109136911579,1.0018523884788868,0.0017088405694892085
1423.1160812129483,1423.1160812129483,0.9994670167428525,0.0017080123503683173
1423.123025514306,1423.123025514306,1.0002058773194986,0.0017082835898762575
1423.1299698156286,1423.1299698156286,0.998846430593683,0.0017070187397754302
1423.1369141169282,1423.1369141169282,1.00079518543746,0.001707280267781753
1423.1438584182274,1423.1438584182274,0.9992076552453708,0.001705899554275258
1423.1508027194686,1423.1508027194686,0.9972630391771787,0.0017058965944411956
1423.1591358809587,1423.1591358809587,0.9985368453236975,0.0017057804172836036
1423.1660801821763,1423.1660801821763,1.0016699496364923,0.0017065108114764076
1423.173024483359,1423.173024483359,1.0004629110016627,0.0017067980542106807
1423.1799687845305,1423.1799687845305,1.0037812255100091,0.0017075694786172207
1423.1869130857021,1423.1869130857021,0.9998527088666294,0.0017074513426756956
1423.1938573868388,1423.1938573868388,0.9996167225083289,0.0017091528792515878
1423.200801687975,1423.200801687975,0.9959978337466125,0.0017097472922796189
1423.2077459890997,1423.2077459890997,0.9996529043471118,0.0017123798338722432
1423.2158013783742,1423.2158013783742,0.999829920030983,0.0017147758169533383
1423.2230234515046,1423.2230234515046,1.0025843827933498,0.001717695556004566
1423.229967752606,1423.229967752606,0.9984956718874736,0.001719742485905986
1423.2369120536725,1423.2369120536725,0.9985598244562212,0.0017223352565015585
1423.2438563547394,1423.2438563547394,1.0029078406759626,0.0017254891976190452
1423.250800655806,1423.250800655806,0.9997181651981816,0.0017267378129758662
1423.257744956861,1423.257744956861,1.0005790470767288,0.0017296969519872058
1423.2646892579273,1423.2646892579273,1.0012470635743114,0.0017321040113255095
1423.2716335589828,1423.2716335589828,0.9991454300475289,0.0017341055190302033
1423.2785778600376,1423.2785778600376,1.0020559750927889,0.0017373458523951522
1423.285522161092,1423.285522161092,0.9998384483337592,0.0017397337128049026
1423.2924664621478,1423.2924664621478,0.999355831170327,0.0017420471226460641
1423.2994107632142,1423.2994107632142,1.0022067030924287,0.0017448984590840004
1423.3063550642923,1423.3063550642923,0.9991114075733509,0.0017466700837187794
1423.3132993653703,1423.3132993653703,0.9987402851955662,0.0017487382815705131
1423.3202436664606,1423.3202436664606,0.9999521955261269,0.0017504784064939136
1423.3271879675506,1423.3271879675506,1.0002952516669872,0.0017513360689138703
1423.3341322686633,1423.3341322686633,1.0016482308120267,0.0017531331835675828
1423.3410765697884,1423.3410765697884,1.0006746479720072,0.0017532104875665915
1423.3480208709134,1423.3480208709134,0.9976607182005062,0.0017537162787913507
1423.3549651720846,1423.3549651720846,1.0002911413288065,0.0017542002835443326
1423.3619094732562,1423.3619094732562,1.0029686587302842,0.0017547111301466044
1423.3688537744506,1423.3688537744506,0.99908010963325,0.001754537906256113
1423.3757980756686,1423.3757980756686,1.00136067727802,0.0017543451621808803
1423.3827423769098,1423.3827423769098,1.0013319697856995,0.001753734924094297
1423.3896866781743,1423.3896866781743,0.9977658704497943,0.0017537554153211027
1423.3966309794737,1423.3966309794737,0.9976694354620916,0.0017544178196799392
1423.4035752807965,1423.4035752807965,1.0015309737223101,0.0017554088783148943
1423.4105195821544,1423.4105195821544,0.9988292386064384,0.0017550796496738099
1423.4174638835352,1423.4174638835352,0.9996864045162536,0.001755588786117607
1423.4244081849515,1423.4244081849515,1.0010765003707498,0.0017574006454369952
1423.4313524864137,1423.4313524864137,0.9997007395334139,0.001758119507387292
1423.4382967878994,1423.4382967878994,0.9992631294825017,0.0017585389380961284
1423.445241089443,1423.445241089443,1.0014363029420585,0.0017590730650214911
1423.4521853910337,1423.4521853910337,0.9980655120869318,0.001758849125005541
1423.459129692636,1423.459129692636,1.0042847009312925,0.001758423950274839
1423.466073994296,1423.466073994296,1.001439804275408,0.001755575376703109
1423.4730182960263,1423.4730182960263,0.998079341494169,0.0017521341406893578
1423.47996259778,1423.47996259778,0.9999719709205506,0.0017486930999138128
1423.4869068995915,1423.4869068995915,0.9988737518923919,0.0017436009579254257
1423.4938512014498,1423.4938512014498,1.0012221181469863,0.0017384143583891389
1423.500795503378,1423.500795503378,1.001099581608907,0.001731491647205849
1423.5077398053525,1423.5077398053525,0.999383171639766,0.001723397291004514
1424.5591083654094,1424.5591083654094,1.0004489403605505,0.00109623318388302
1424.5660526832282,1424.5660526832282,0.9989143263397902,0.001095631537488
1424.572997001117,1424.572997001117,1.0019887824749034,0.0010968424431357046
1424.5799413190757,1424.5799413190757,1.001294632435634,0.0010966066670684833
1424.5868856370691,1424.5868856370691,0.9982947144415487,0.001095899279802473
1424.5938299551437,1424.5938299551437,0.9989483692059336,0.001095878982128019
1424.600774273254,1424.600774273254,0.9994544662511415,0.001096286084639245
1424.6077185914219,1424.6077185914219,0.9993939438216856,0.0010963895352339823
1424.6146629096484,1424.6146629096484,1.0011079125163003,0.0010966035491360082
1424.6216072279444,1424.6216072279444,0.9978163935038221,0.0010958222206664424
1424.6285515462755,1424.6285515462755,1.0000562132551043,0.001096282732602942
1424.6354958646648,1424.6354958646648,1.0009434072045313,0.0010965256185631578
1424.6424401830768,1424.6424401830768,0.9996741402026863,0.00109592266225536
1424.6493845015825,1424.6493845015825,1.0013509006542953,0.001096534595406895
1424.6563288201116,1424.6563288201116,1.0000511063339124,0.0010958518833595902
1424.6632731387103,1424.6632731387103,1.0014510066384998,0.0010965669919261835
1424.6702174573443,1424.6702174573443,0.9992772996691788,0.001096009352528599
1424.6771617760246,1424.6771617760246,0.9994028208581055,0.0010957755666693371
1424.6841060947747,1424.6841060947747,0.9999655089834197,0.0010961365700054675
1424.6910504135367,1424.6910504135367,0.99916464811788,0.0010959749162510225
1424.697994732345,1424.697994732345,1.0003297516212275,0.0010962153696555282
1424.7049390512234,1424.7049390512234,0.9996593938634053,0.0010956355111753084
1424.7118833701243,1424.7118833701243,0.9986255037061766,0.0010961075431255196
1424.7188276890727,1424.7188276890727,0.9999900703309776,0.001096159379281461
1424.725772008056,1424.725772008056,1.0006864123187713,0.001096171771432948
1424.7327163270968,1424.7327163270968,1.0010571741802177,0.0010962654810477048
1424.739660646173,1424.739660646173,0.9999201767526265,0.00109576888719918
1424.7466049652958,1424.7466049652958,1.0010223727189618,0.0010961129001063395
1424.7535492844534,1424.7535492844534,0.9988624016620087,0.0010956978651116733
1424.7604936036457,1424.7604936036457,1.0002407939524656,0.0010961107489900362
1424.767437922885,1424.767437922885,1.0011793266601632,0.0010965864684006972
1424.774382242147,1424.774382242147,0.9997575231690486,0.0010962976355919896
1424.7813265614561,1424.7813265614561,0.9997414862995508,0.0010961550873159532
1424.7882708808002,1424.7882708808002,0.9981061827609832,0.0010957143570027303
1424.7952152001906,1424.7952152001906,0.9998413503659467,0.0010965237563456617
1424.8021595196037,1424.8021595196037,0.9989487168495301,0.0010963148059982529
1424.8091038390533,1424.8091038390533,1.000291670976243,0.0010969328670529424
1424.816048158537,1424.816048158537,0.9995407473953023,0.0010973317453355379
1424.8229924780665,1424.8229924780665,1.001525509883325,0.0010983757699873915
1424.8299367976083,1424.8299367976083,1.0039207559005123,0.001099739530082193
1424.8368811171968,1424.8368811171968,1.0032817654215056,0.0010994609326193101
1424.8438254368084,1424.8438254368084,1.0040405864969952,0.0011006271087762756
1424.8507697564667,1424.8507697564667,0.9998342518379614,0.0010999398033732107
1424.8577140761247,1424.8577140761247,0.9944765156540974,0.0010983826962327995
1424.8646583958296,1424.8646583958296,0.9934977715511618,0.0010988405204778414
1424.8716027155692,1424.8716027155692,0.9929873001662115,0.001099125986493762
1424.8785470353437,1424.8785470353437,0.9928647034321149,0.0010992306973758182
1424.8854913551188,1424.8854913551188,0.9945543961872285,0.0011015286465769912
1424.8941023116984,1424.8941023116984,0.9965253961654842,0.0011029612762318553
1424.9021577227427,1424.9021577227427,0.997716608254785,0.0011042299365758902
1424.9091020426224,1424.9091020426224,0.9976622729087368,0.0011036087023266468
1424.9171574537363,1424.9171574537363,0.9981872029986624,0.001102023048620665
1424.9243795464592,1424.9243795464592,0.9981404724773988,0.0011033077171234374
1424.9313238664322,1424.9313238664322,0.9978459136612626,0.0011022238833329604
1424.938268186416,1424.938268186416,0.9956319678676826,0.001100090763479174
1424.945212506435,1424.945212506435,0.9951907826518204,0.0010990962913152067
1424.9521568264663,1424.9521568264663,0.9972673781323996,0.001098676751477625
1424.9591011465432,1424.9591011465432,1.0054520414398502,0.0011005047424556874
1424.9660454666089,1424.9660454666089,1.0060006307761582,0.0011001966665994838
1424.9729897867207,1424.9729897867207,1.0023280582156917,0.0010981504643561926
1424.979934106845,1424.979934106845,1.0020234603603957,0.0010972187010711136
1424.9868784269925,1424.9868784269925,1.0017596329628897,0.0010967909667604417
1424.9938227471741,1424.9938227471741,0.9995305656530172,0.0010949320990756028
1425.000767067333,1425.000767067333,1.000052147512635,0.0010942996895834966
1425.00771138755,1425.00771138755,0.998925219786107,0.0010938937141021956
1425.0146557077787,1425.0146557077787,0.9979630207597289,0.001093179638708277
1425.0216000280423,1425.0216000280423,1.0004244728641851,0.0010944156540262367
1425.0285443483058,1425.0285443483058,1.000736064640405,0.001094340765362685
1425.0354886685807,1425.0354886685807,1.0001214155881892,0.001094699755227113
1425.042432988891,1425.042432988891,1.0010382827942599,0.001095086199983425
1425.0493773092014,1425.0493773092014,1.000979625305672,0.0010951015061668986
1425.0563216295461,1425.0563216295461,0.9992757855570835,0.0010944428903073254
1425.0632659498797,1425.0632659498797,0.9988501006222945,0.0010945797607175881
1425.0702102702596,1425.0702102702596,0.9997967015722636,0.0010945726935499308
1425.0771545906398,1425.0771545906398,0.9984143316311647,0.0010947341957602964
1425.0840989110432,1425.0840989110432,0.9992448316237652,0.0010944298388653624
1425.091043231458,1425.091043231458,1.001833701198962,0.0010950422867897274
1425.097987551896,1425.097987551896,1.0009273860555652,0.0010949376323648172
1425.1077096005142,1425.1077096005142,0.9985509213588951,0.0010934993390862063
1425.1146539209753,1425.1146539209753,1.0010278780971567,0.0010950280289886449
1425.1215982414374,1425.1215982414374,0.9995741617921479,0.0010946423402455538
1425.1285425619453,1425.1285425619453,1.000687912149958,0.0010954332373063038
1425.1354868824533,1425.1354868824533,1.0011060554926134,0.0010949340683308717
1425.1424312029612,1425.1424312029612,0.9991808653393452,0.0010942395980440786
1425.150764387571,1425.150764387571,0.9983440280001133,0.0010928428822353487
1425.1577087081255,1425.1577087081255,0.9988217733082001,0.0010938141549369793
1425.1646530286685,1425.1646530286685,1.001701028803898,0.0010951455434852478
1425.1715973492348,1425.1715973492348,1.0010678818557512,0.0010953071142078131
1425.1785416698006,1425.1785416698006,0.9995424233091702,0.001094235761683962
1425.1854859903788,1425.1854859903788,0.9996253561715795,0.0010943681331961282
1425.1924303109804,1425.1924303109804,1.0011782304008316,0.0010950945966261246
1425.1993746315698,1425.1993746315698,0.9988674603894884,0.0010946460330732793
1425.2063189521823,1425.2063189521823,0.9992762569583835,0.0010942890720182358
1425.2132632728067,1425.2132632728067,0.9998470313690261,0.0010947529813044468
1425.2202075934315,1425.2202075934315,1.0010490423632323,0.001095334443638534
1425.227151914079,1425.227151914079,1.0008202730518792,0.0010955145657793755
1425.2340962347034,1425.2340962347034,0.9999597985006036,0.0010948463478283727
1425.2410405553514,1425.2410405553514,0.9998943165941924,0.0010946987652958357
1425.2479848760338,1425.2479848760338,0.9993356148950518,0.0010947066425813176
1425.2549291966934,1425.2549291966934,1.0002558509133899,0.0010950728548550534
1425.2618735173644,1425.2618735173644,0.9995291821354775,0.0010948761688746212
1425.268817838047,1425.268817838047,0.9988765693182018,0.001094390207188406
1425.2757621587298,1425.2757621587298,1.0003166372872783,0.001095074776283608
1425.282706479424,1425.282706479424,1.000192284179704,0.001095144138247617
1425.2896508001186,1425.2896508001186,1.001425263422489,0.001095333205051376
1425.2965951208243,1425.2965951208243,1.0005901859670439,0.0010948776275216399
1425.3035394415417,1425.3035394415417,0.9990346081648468,0.0010946407010214549
1425.3104837622475,1425.3104837622475,0.9999661833766924,0.0010946338349450912
1425.3174280829774,1425.3174280829774,0.9992448872031151,0.0010949368704065942
1425.3243724036947,1425.3243724036947,1.0009990841879564,0.0010953236210324035
1425.3313167244241,1425.3313167244241,0.9991402521468575,0.001094719425725937
1425.338261045153,1425.338261045153,1.0003542770349867,0.0010949237918123447
1425.3452053658823,1425.3452053658823,1.0000988950248115,0.0010947231211817514
1425.3521496866233,1425.3521496866233,1.0000418467995547,0.0010955869266131837
1425.359094007364,1425.359094007364,1.0015335969569459,0.0010954077750868299
1425.3660383281167,1425.3660383281167,0.9995541597990212,0.0010952045801616238
1425.3729826488575,1425.3729826488575,0.9974228253735635,0.0010941241546049629
1425.3799269696099,1425.3799269696099,0.9991609672126582,0.0010943608658512108
1425.3868712903745,1425.3868712903745,1.0005865764373003,0.0010946778775827123
1425.393815611115,1425.393815611115,1.0004362335030552,0.0010945846985512037
1425.400759931879,1425.400759931879,0.999750197323762,0.001094394751383829
1425.4077042526437,1425.4077042526437,1.0004437390202592,0.001094509046566749
1425.4146485733963,1425.4146485733963,1.0007622926563489,0.0010949268677276347
1425.4215928941485,1425.4215928941485,1.0012472241482613,0.0010947132945671246
1425.4285372149245,1425.4285372149245,1.000810823694017,0.001094116591811486
1425.4354815356767,1425.4354815356767,0.9997685756930709,0.001094336807572626
1425.442425856441,1425.442425856441,0.9988629628931204,0.0010937264038510426
1425.449370177217,1425.449370177217,1.000256311522676,0.0010939868628179641
1425.4563144979693,1425.4563144979693,0.9981538887331007,0.0010942734537399592
1425.4632588187453,1425.4632588187453,0.9999929532836196,0.0010941557693143413
1425.4702031394977,1425.4702031394977,0.9998703761433856,0.001094335764857768
1425.477147460262,1425.477147460262,1.0004073545659284,0.0010949313778325384
1425.484091781038,1425.484091781038,1.0005534930471236,0.0010949300768725067
1425.4910361017785,1425.4910361017785,1.0007182302597464,0.0010949249877554618
1425.4979804225545,1425.4979804225545,1.0002835606009612,0.0010945021278922359
1425.5049247433185,1425.5049247433185,0.9993339146367125,0.0010938239775322976
1425.5118690640595,1425.5118690640595,0.9987923041325754,0.0010940874090732743
1425.5188133848237,1425.5188133848237,1.0016378019365635,0.0010950407738928314
1425.5257577055877,1425.5257577055877,0.998478852096563,0.001094525784319423
1425.5327020263405,1425.5327020263405,1.0008514544122638,0.0010955334163920798
1425.539646347081,1425.539646347081,1.0004241852018478,0.0010950288412807036
1425.5465906678337,1425.5465906678337,1.0019741973159169,0.0010952500049778938
1425.5535349885863,1425.5535349885863,0.999065572704313,0.001094299504763372
1425.560479309327,1425.560479309327,0.9981193597772876,0.0010938059196512865
1425.5674236300677,1425.5674236300677,0.9997056077011861,0.0010944684869488356
1425.574367950809,1425.574367950809,1.0001628007080825,0.0010946635621355521
1425.5813122715385,1425.5813122715385,0.9992072820999527,0.001094720348759681
1425.5882565922793,1425.5882565922793,1.000617369864011,0.0010948297773059096
1425.5952009129965,1425.5952009129965,1.0005885853734655,0.0010949275553170398
1425.6021452337259,1425.6021452337259,1.0004991284533336,0.0010951786360575034
1425.6090895544553,1425.6090895544553,1.0006584561298613,0.0010952132489244364
1425.6160338751613,1425.6160338751613,1.0003079106528916,0.0010947322165361661
1425.6229781958787,1425.6229781958787,1.0004068418139362,0.0010948527183999772
1425.6299225165847,1425.6299225165847,0.9971679698478091,0.0010939061953596572
1425.6368668373023,1425.6368668373023,1.000413016727073,0.0010951229342659435
1425.6438111579967,1425.6438111579967,1.0006857874602642,0.0010948052199382596
1425.6507554786792,1425.6507554786792,0.9995695867978881,0.0010950902822477607
1425.6576997993739,1425.6576997993739,1.001087706143718,0.0010953157391374957
1425.6646441200567,1425.6646441200567,0.9992268483196745,0.001094698810602495
1425.671588440739,1425.671588440739,1.0017805644222306,0.0010955530306962517
1425.678532761422,1425.678532761422,0.99940630119532,0.0010947271206648503
1425.6854770820814,1425.6854770820814,0.9981299090511554,0.0010942335769159395
1425.6924214027522,1425.6924214027522,0.9999117821109043,0.0010946185353169124
1425.6993657234113,1425.6993657234113,1.0010061066950544,0.0010950043993294216
1425.7063100440594,1425.7063100440594,0.999781867370239,0.0010947467942228743
1425.7132543647188,1425.7132543647188,1.0007125756337574,0.00109506159087206
1425.7201986853433,1425.7201986853433,0.9996156173257417,0.0010945318904850986
1425.7271430059793,1425.7271430059793,0.9999047298386767,0.0010942645753344044
1425.7340873266035,1425.7340873266035,0.9991512364537799,0.0010947558784202265
1425.7410316472283,1425.7410316472283,1.000297033891996,0.00109468626355013
1425.7479759678527,1425.7479759678527,1.0015177440573093,0.0010950260460861725
1425.754920288454,1425.754920288454,0.9997201036647991,0.001094385247227517
1425.7618646090555,1425.7618646090555,0.9994521964418478,0.0010940302080282576
1425.7688089296444,1425.7688089296444,0.9999438257274438,0.0010946100362307042
1425.7757532502342,1425.7757532502342,1.0001021853281817,0.001094241461915006
1425.7826975708124,1425.7826975708124,0.9993285736718793,0.0010935592762738775
1425.7896418913901,1425.7896418913901,0.9994504813577638,0.0010936270019051494
1425.7965862119447,1425.7965862119447,1.000459759145987,0.001094737216026942
1425.8035305324993,1425.8035305324993,1.0013992588810787,0.0010948399064177358
1425.8104748530657,1425.8104748530657,1.0005246282404707,0.0010950631918057745
1425.817419173597,1425.817419173597,0.9998669490159264,0.0010949558160507525
1425.82436349414,1425.82436349414,0.998982394625107,0.00109470045451769
1425.8313078146482,1425.8313078146482,0.999990783293468,0.0010946233717981859
1425.838252135156,1425.838252135156,1.0000856850201065,0.0010951663848856783
1425.8451964556639,1425.8451964556639,0.9988733509406318,0.0010945590088092772
1425.8521407761727,1425.8521407761727,0.9995452813779065,0.0010948084007417576
1425.8590850966807,1425.8590850966807,0.9995086825680245,0.0010945390016338747
1425.866029417165,1425.866029417165,1.0007827227701884,0.0010950818404256793
1425.8729737376382,1425.8729737376382,1.0016455154854849,0.0010952033589828275
1425.8799180580997,1425.8799180580997,1.0005252045664121,0.0010942772384426782
1425.8868623785615,1425.8868623785615,0.9983638113230524,0.0010937225055108613
1425.8938066990113,1425.8938066990113,1.0013134211209405,0.0010945476486431702
1425.9007510194492,1425.9007510194492,0.9982411286454342,0.001093852527071532
1425.907695339876,1425.907695339876,1.0028439712223953,0.0010951346899976395
1425.9146396603023,1425.9146396603023,0.9981328148068723,0.0010941611698979897
1425.921583980706,1425.921583980706,1.0003081187288296,0.001093833018321269
1425.9285283011093,1425.9285283011093,0.9997125189469115,0.0010938355500882508
1425.9354726215008,1425.9354726215008,0.999935804703681,0.0010944221016570754
1425.9424169418924,1425.9424169418924,0.9997053003417463,0.0010940268537980194
1425.949361262249,1425.949361262249,1.000294539494641,0.001094415575061203
1425.9563055826177,1425.9563055826177,0.998236284574465,0.0010937066599959666
1425.9632499029744,1425.9632499029744,1.002338613871637,0.001094854367365761
1425.9701942233073,1425.9701942233073,1.0008064329775663,0.0010940271984152179
1425.977138543653,1425.977138543653,0.99982585550963,0.0010939214537101104
1425.984082863963,1425.984082863963,0.9979478190828157,0.0010933492831406255
1425.9910271842732,1425.9910271842732,1.0009732356921188,0.0010941538843752205
1425.9979715045833,1425.9979715045833,0.9988642968164203,0.0010936953185077644
1426.00491582487,1426.00491582487,1.0007822547598206,0.0010946637995659478
1426.0118601451568,1426.0118601451568,1.0001138006472057,0.0010945554944655788
1426.0188044654205,1426.0188044654205,1.0004245041299407,0.0010950034791145128
1426.0257487856727,1426.0257487856727,1.0004182067500582,0.0010945284366640142
1426.0326931059365,1426.0326931059365,1.001036498943097,0.0010947432128160233
1426.039637426165,1426.039637426165,1.000358120335175,0.0010943690596170014
1426.0465817463814,1426.0465817463814,0.9975334570635624,0.0010933748953718895
1426.0535260665993,1426.0535260665993,0.9986185070193464,0.0010935361831846515
1426.0604703868162,1426.0604703868162,1.0000254790648537,0.0010943588142923002
1426.067414706998,1426.067414706998,0.9998698322889439,0.0010939863446185977
1426.0743590271918,1426.0743590271918,1.001845545084046,0.0010950107567801412
1426.0813033473507,1426.0813033473507,1.0014648107448179,0.001095005361046789
1426.0882476675094,1426.0882476675094,0.9999961727579099,0.0010944927473660218
1426.0951919876452,1426.0951919876452,0.9999533794031695,0.001094453717908743
1426.102136307792,1426.102136307792,0.9999365646347289,0.0010945419063641709
1426.1090806279049,1426.1090806279049,0.9996504660650516,0.0010938921376935345
1426.1160249480283,1426.1160249480283,0.9989784085054246,0.0010939254551350483
1426.1229692681175,1426.1229692681175,0.9981555960940669,0.0010938738252625924
1426.1299135882184,1426.1299135882184,0.9996307641863454,0.0010944417308189698
1426.136857908284,1426.136857908284,1.0008902583636765,0.0010948834971224706
1426.1438022283496,1426.1438022283496,1.0013798528733253,0.0010945576853265485
1426.1507465484035,1426.1507465484035,1.0010368328781913,0.0010947427297793978
1426.1576908684342,1426.1576908684342,0.9990491060695273,0.0010938497708616465
1426.1646351884651,1426.1646351884651,1.0007072862300648,0.001094030110934117
1426.1715795084726,1426.1715795084726,0.9997483354921849,0.0010942561649941902
1426.17852382848,1426.17852382848,0.9985383382663449,0.0010932549270832657
1426.1854681484645,1426.1854681484645,0.9992176113536317,0.0010933276957745745
1426.192412468437,1426.192412468437,1.0001566241725723,0.0010935975914462233
1426.1993567884213,1426.1993567884213,1.0021872850881175,0.0010947169082275205
1426.206301108347,1426.206301108347,1.0003658410106717,0.0010940781823118428
1426.213245428273,1426.213245428273,1.0001651776927427,0.0010942626627978807
1426.2201897481991,1426.2201897481991,0.999804924642306,0.001094155770233297
1426.227134068125,1426.227134068125,0.9989287808121616,0.0010938201882496738
1426.2340783880395,1426.2340783880395,0.9997500513669924,0.0010939491210759087
1426.2410227079192,1426.2410227079192,1.0007694327186438,0.0010941204139458438
1426.2479670277983,1426.2479670277983,0.9987393162568694,0.001093844224057081
1426.2549113476662,1426.2549113476662,0.9999112322774335,0.0010936491630409687
1426.261855667499,1426.261855667499,0.9992560156806922,0.0010936628265432297
1426.268799987332,1426.268799987332,1.0018311695141626,0.0010943262196245573
1426.2757443071532,1426.2757443071532,0.9995539597562775,0.0010935171296826327
1426.2826886269627,1426.2826886269627,0.9982552310571098,0.0010935035765510292
1426.2896329467487,1426.2896329467487,1.0013482709944204,0.0010940588420409595
1426.2965772665234,1426.2965772665234,1.0004948087998238,0.0010938913101383163
1426.30352158631,1426.30352158631,0.9973553145901326,0.0010928413511059084
1426.31046590605,1426.31046590605,1.0013377457069161,0.0010938368295191603
1426.3174102258013,1426.3174102258013,0.9996940671934583,0.001093486631135814
1426.3243545455293,1426.3243545455293,0.9990613552679474,0.0010937019899289995
1426.331298865234,1426.331298865234,1.0003246452427743,0.001093589685498848
1426.3382431849388,1426.3382431849388,1.002013741960321,0.0010945668890524718
1426.3451875046087,1426.3451875046087,0.999660195457654,0.0010936710305078417
1426.3521318242902,1426.3521318242902,0.9998348369366828,0.0010938087687491721
1426.3590761439252,1426.3590761439252,0.9997805330028944,0.0010941310949373363
1426.3660204635603,1426.3660204635603,0.9989322238199282,0.0010936629813907506
1426.3729647831951,1426.3729647831951,1.0008333406187153,0.0010942552144129387
1426.3799091028304,1426.3799091028304,0.99982954746196,0.0010943018494655819
1426.386853422419,1426.386853422419,1.0007064629678983,0.0010944420847234563
1426.3937977420187,1426.3937977420187,0.9984573855430281,0.0010934397744110625
1426.4007420615835,1426.4007420615835,1.0008126354904987,0.0010942913807124178
1426.4076863811374,1426.4076863811374,0.9995887717108627,0.0010940973489268165
1426.414630700679,1426.414630700679,0.9977376245834986,0.0010929602211444647
1426.4215750202093,1426.4215750202093,1.0012478201832313,0.0010941139544868726
1426.428519339728,1426.428519339728,1.000789549641041,0.0010940054184780462
1426.4354636592234,1426.4354636592234,1.0004430173590055,0.0010934215407933552
1426.4424079787182,1426.4424079787182,1.0005470269004075,0.001093357699762805
1426.4493522981786,1426.4493522981786,1.0012843082021932,0.0010934138522732365
1426.4562966176277,1426.4562966176277,0.9987045645774113,0.0010927509906478409
1426.4632409370765,1426.4632409370765,0.9997603341992022,0.0010932985912551088
1426.47018525649,1426.47018525649,0.9995921071577124,0.0010927899064800144
1426.4771295759035,1426.4771295759035,1.0003723706054353,0.001093390674990996
1426.484073895306,1426.484073895306,0.9984188708897008,0.0010923410003342148
1426.4910182146732,1426.4910182146732,1.0005172201121375,0.0010936675283900975
1426.4979625340638,1426.4979625340638,1.0014433477635996,0.0010935447150675621
1426.5049068534074,1426.5049068534074,0.9989992124867737,0.0010927543667989324
1426.5118511727514,1426.5118511727514,0.9999971225102617,0.0010934511912968552
1426.5187954920489,1426.5187954920489,1.0022730733541527,0.0010940390469182165
1426.5257398113695,1426.5257398113695,0.9980592963503048,0.0010926799084184395
1426.5326841306555,1426.5326841306555,0.9991598256492988,0.00109331195156597
1426.5396284499298,1426.5396284499298,1.001701375618087,0.001093707742567066
1426.5465727691803,1426.5465727691803,0.9999149564357067,0.001093880237345206
1426.553517088431,1426.553517088431,0.9990127117469217,0.0010934597335520379
1426.5604614076585,1426.5604614076585,1.0010386704231826,0.0010941747559265501
1426.5674057268745,1426.5674057268745,0.9993198393388021,0.0010938227002382443
1426.5743500460787,1426.5743500460787,0.9990527570904384,0.0010932157582231798
1426.5812943652595,1426.5812943652595,1.0017779197516703,0.0010947798626548787
1426.5882386844291,1426.5882386844291,0.9985075208496793,0.0010934391261620533
1426.595183003575,1426.595183003575,0.9995295375265665,0.00109323290436941
1426.6021273227093,1426.6021273227093,1.0003218307812587,0.001093512362827604
1426.609071641832,1426.609071641832,1.0006891887097222,0.0010934353201890905
1426.616015960932,1426.616015960932,0.9997157952960993,0.001093460518319392
1426.622960280031,1426.622960280031,0.9996066427045924,0.0010933053109355678
1426.6299045990957,1426.6299045990957,1.0003148284665624,0.0010934553467937843
1426.6368489181484,1426.6368489181484,1.0012800738519712,0.001093316345689246
1426.6437932372014,1426.6437932372014,1.0001358808157508,0.0010935692145762571
1426.650737556231,1426.650737556231,0.9994330248105685,0.001092747602671534
1426.6576818752371,1426.6576818752371,0.9995586297257422,0.0010926537139554211
1426.664626194232,1426.664626194232,0.999869946378223,0.0010929482017652356
1426.6715705132033,1426.6715705132033,1.000864452541806,0.0010936567532289574
1426.6785148321746,1426.6785148321746,0.9984648768686075,0.001092773880565294
1426.6854591511114,1426.6854591511114,1.0007032651015122,0.0010934099039744626
1426.6924034700482,1426.6924034700482,1.0002386873630065,0.0010930730681033098
1426.699347788973,1426.699347788973,1.0000022778684798,0.0010931437693709732
1426.7062921078511,1426.7062921078511,0.9998755760253439,0.001093286295306649
1426.7132364267409,1426.7132364267409,0.9996643509379876,0.001093084068990949
1426.7201807455963,1426.7201807455963,0.9997868067506719,0.0010928802041660541
1426.7271250644626,1426.7271250644626,1.0002294344075366,0.001093729586980503
1426.7340693832941,1426.7340693832941,0.9999471716583648,0.0010931622955304538
1426.7410137021027,1426.7410137021027,1.001830502930129,0.0010938072059084915
1426.7479580208994,1426.7479580208994,0.999149231473728,0.0010928381396209741
1426.7549023396962,1426.7549023396962,1.0000266756348801,0.0010936654672169138
1426.7618466584815,1426.7618466584815,0.9993770740240928,0.001093708049072075
1426.7687909772087,1426.7687909772087,1.0003221103497233,0.0010940781154881141
1426.7757352959472,1426.7757352959472,0.9995929308109825,0.0010938839704036844
1426.7826796146624,1426.7826796146624,1.0011993845520581,0.0010943169384756153
1426.7896239333659,1426.7896239333659,0.9982079905448623,0.0010937222671711998
1426.7965682520467,1426.7965682520467,1.000290541987201,0.0010936291012544398
1426.803512570727,1426.803512570727,1.0003508171716966,0.0010940369861367591
1426.810456889372,1426.810456889372,1.0002499119708488,0.0010935761788059108
1426.8174012080058,1426.8174012080058,0.9980985126155362,0.0010929977728744546
1426.824345526628,1426.824345526628,1.000612888376287,0.0010937429293251732
1426.8312898452273,1426.8312898452273,1.0007998337303488,0.0010935583118724937
1426.8382341638144,1426.8382341638144,0.9993199177418468,0.0010929030580514633
1426.8451784823783,1426.8451784823783,1.0014709971089109,0.0010935463623933175
1426.8521228009424,1426.8521228009424,1.0006244388975523,0.001093333419990323
1426.859067119471,1426.859067119471,0.9995769594495545,0.0010927606850108739
1426.8660114379884,1426.8660114379884,0.9997495113334048,0.0010929292051305751
1426.8729557565061,1426.8729557565061,0.9994285105285646,0.0010929841283876304
1426.8799000749887,1426.8799000749887,0.9995680782481864,0.0010928134835266653
1426.8868443934596,1426.8868443934596,1.0010713937016298,0.0010931261287825292
1426.8937887118952,1426.8937887118952,1.0008467164299693,0.0010937445522633527
1426.9007330303314,1426.9007330303314,0.9988217238849311,0.0010930182472894336
1426.9076773487438,1426.9076773487438,0.9980894310982474,0.0010929607821280418
1426.9146216671447,1426.9146216671447,1.0021935172561172,0.001093924636804843
1426.9215659855229,1426.9215659855229,0.9992503713100895,0.0010931683755535204
1426.9285103039006,1426.9285103039006,1.0008615350106262,0.0010934946464163232
1426.9354546222428,1426.9354546222428,0.9998248063992184,0.0010933692841708282
1426.9423989405739,1426.9423989405739,1.00033820625097,0.0010935164550051094
1426.9493432588938,1426.9493432588938,0.998751294347484,0.0010926644986086267
1426.9562875771899,1426.9562875771899,0.9985887591905026,0.0010929426795123543
1426.963231895474,1426.963231895474,1.0005551593836777,0.0010938402734248774
1426.9701762137356,1426.9701762137356,1.0013814657845406,0.001093458993467528
1426.977120531974,1426.977120531974,1.0010164372986199,0.0010934936673719009
1426.9840648502,1426.9840648502,0.9995721531997667,0.0010933669276359408
1426.9910091684264,1426.9910091684264,0.9995400814822503,0.001093406743638329
1426.9979534866063,1426.9979534866063,1.0014656468149243,0.0010937389043736716
1427.004897804786,1427.004897804786,0.998086675321874,0.0010928568449171858
1427.0118421229542,1427.0118421229542,0.9991757754685064,0.0010931598641797217
1427.0187864410877,1427.0187864410877,1.0011556809579059,0.0010937508601132078
1427.0257307592206,1427.0257307592206,0.9993308398637432,0.0010929213234044204
1427.032675077319,1427.032675077319,1.0004588520529798,0.0010934276126706706
1427.0396193954175,1427.0396193954175,1.0001022073435841,0.0010934492102326171
1427.0465637134807,1427.0465637134807,1.0001015425553703,0.0010933932156585145
1427.0535080315324,1427.0535080315324,1.001295203244083,0.0010939672856678478
1427.0604523495726,1427.0604523495726,1.0004281858395405,0.001093381053232477
1427.067396667589,1427.067396667589,1.0001723558336248,0.001093413967231107
1427.0743409855943,1427.0743409855943,1.0004512904153622,0.001092995715371178
1427.0812853035766,1427.0812853035766,0.9995957594622977,0.0010928785894024726
1427.0882296215468,1427.0882296215468,0.999967403666238,0.0010931039847811865
1427.0951739394936,1427.0951739394936,1.0007873530340596,0.0010932128730698266
1427.1021182574407,1427.1021182574407,0.9977925910095197,0.001091910523495472
1427.1090625753295,1427.1090625753295,0.9996471944826559,0.0010927214386312332
1427.1160068932181,1427.1160068932181,1.0004875227160386,0.0010931729465742768
1427.1229512111072,1427.1229512111072,1.001021524801161,0.0010929674897941146
1427.129895528984,1427.129895528984,1.0016123800177903,0.0010931422922482899
1427.1368398468146,1427.1368398468146,0.9980737374500392,0.0010919901139006824
1427.1437841646452,1427.1437841646452,0.9990453890822828,0.0010926743054663335
1427.1507284824522,1427.1507284824522,1.000205948434139,0.0010929169191087724
1427.1576728002367,1427.1576728002367,0.999988402551599,0.0010928467087071901
1427.1646171180205,1427.1646171180205,0.9999103706923652,0.0010931497886300413
1427.1715614357577,1427.1715614357577,0.9986602789989243,0.0010927446607178024
1427.1785057535067,1427.1785057535067,1.0010364667053149,0.0010932795571744502
1427.185450071221,1427.185450071221,1.0008096675639562,0.0010934131977411766
1427.1923943889235,1427.1923943889235,0.9995325857328806,0.0010926468061161032
1427.1993387066027,1427.1993387066027,0.9995861270169868,0.0010925857757131717
1427.20628302427,1427.20628302427,0.9961007055371403,0.0010914894781601852
1427.213227341915,1427.213227341915,1.0008237693339772,0.001092705136901927
1427.2201716595473,1427.2201716595473,1.000164526245669,0.0010926676914915679
1427.227115977168,1427.227115977168,1.0002263846914468,0.0010925110665147343
1427.2340602947663,1427.2340602947663,1.0014681381845167,0.0010931110977724673
1427.2410046123057,1427.2410046123057,1.0011919457880267,0.001092869803174122
1427.2479489298798,1427.2479489298798,0.9985673665124601,0.0010924717350444513
1427.2548932474197,1427.2548932474197,0.9996663967296768,0.0010925448060154542
1427.2618375649356,1427.2618375649356,0.9997576019863571,0.0010926605303723947
1427.2687818824404,1427.2687818824404,0.9998699304525204,0.0010923698032908726
1427.2757261999216,1427.2757261999216,1.0002443990535137,0.0010924987664731197
1427.2826705173798,1427.2826705173798,0.9980606157847565,0.0010921136879737097
1427.289614834838,1427.289614834838,0.9995149872232932,0.0010917970727094917
1427.2965591522611,1427.2965591522611,1.0001879388968546,0.0010926041149352855
1427.3035034696723,1427.3035034696723,1.0002795560850255,0.0010924071559081975
1427.3104477870722,1427.3104477870722,0.9996361707953912,0.00109320547581066
1427.317392104437,1427.317392104437,1.0016230727845028,0.0010939195421834959
1427.3243364217906,1427.3243364217906,1.00156853224834,0.0010945922749034825
1427.3312807391435,1427.3312807391435,1.0038696094829354,0.0010959658500395136
1427.338225056462,1427.338225056462,1.0015956194037003,0.0010961264227098463
1427.345169373769,1427.345169373769,1.004223030916511,0.001097743695712395
1427.3521136910408,1427.3521136910408,0.9955495074794769,0.0010956434707658515
1427.3590580083005,1427.3590580083005,0.9962407248893863,0.0010968144864497234
1427.3660023255493,1427.3660023255493,0.9939663174371283,0.0010963290632454517
1427.3729466427862,1427.3729466427862,0.9913131787929258,0.001095644673914376
1427.3798909599882,1427.3798909599882,0.9936313578992504,0.0010971554722114508
1427.3868352771783,1427.3868352771783,0.9931982855977424,0.0010982298699612205
1427.3937795943452,1427.3937795943452,0.9973882010794031,0.00110000875211673
1427.4007239115124,1427.4007239115124,0.9945005740224475,0.0010991593276307957
1427.4076682286443,1427.4076682286443,0.997002414705673,0.0010999367157457128
1427.4146125457648,1427.4146125457648,0.9961015092938572,0.0010996423701793848
1427.4215568628504,1427.4215568628504,0.9965642739577287,0.0011002101713279155
1427.428501179936,1427.428501179936,0.9975520565570744,0.001100772537203155
1427.4354454970098,1427.4354454970098,0.9955124756078414,0.0010985254483270922
1427.442389814037,1427.442389814037,0.9959080812224428,0.0010976924082823274
1427.4493341310992,1427.4493341310992,0.9959780210418078,0.0010965528520968935
1427.4562784480686,1427.4562784480686,1.00198692771886,0.0010978735759702783
1427.4632227650723,1427.4632227650723,1.0048869735230617,0.0010977094207462205
1427.4701670820414,1427.4701670820414,1.0005902524571155,0.00109568775312829
1427.4771113989987,1427.4771113989987,1.004150858753627,0.0010956228697425745
1427.4840557159212,1427.4840557159212,1.0006370611695026,0.0010936101532202772
1427.4910000328323,1427.4910000328323,1.001490113324141,0.0010930780298870517
1427.4979443497316,1427.4979443497316,0.9975747065044903,0.001091905990721347
1427.504888666596,1427.504888666596,0.9984630465891478,0.0010914897616394917
1427.5118329834718,1427.5118329834718,1.0009192764155075,0.0010920365635271614
1427.518777300301,1427.518777300301,0.9989597063415196,0.0010915346710498005
1427.5257216171306,1427.5257216171306,0.9996747390905444,0.0010915889640975818
1427.5326659339253,1427.5326659339253,0.996639824085095,0.0010909651392605386
1427.539610250708,1427.539610250708,0.9986707060250846,0.0010918612728435682
1427.5465545674558,1427.5465545674558,0.9976887250159983,0.001091771293577687
1427.5534988842385,1427.5534988842385,0.9988014780398162,0.0010924770542703828
1427.5604432009636,1427.5604432009636,0.9991420131277019,0.0010933613447134827
1427.567387517653,1427.567387517653,1.0009976533266491,0.001094187306849357
1427.5743318343425,1427.5743318343425,1.0021371653042837,0.001095655302994203
1427.5884982403097,1427.5884982403097,1.0025704050966646,0.0010949138248996077
1427.6062756908689,1427.6062756908689,0.9992905817919988,0.001092452113437327
1427.6132200074421,1427.6132200074421,0.9997147973248511,0.0010924302842070103
1427.620164324027,1427.620164324027,0.9981346798034625,0.0010923739564076833
1427.6271086405652,1427.6271086405652,1.0016872585868664,0.0010934941578387574
1427.6354418204019,1427.6354418204019,1.0007059701602392,0.0010932555545712318
1427.6423861369053,1427.6423861369053,0.9988391752057668,0.0010932146469987782
1427.6493304533967,1427.6493304533967,1.0001132100678014,0.0010936325121652356
1427.6562747698422,1427.6562747698422,0.9988777892037929,0.001093079195981973
1427.6632190862995,1427.6632190862995,0.9999064569519092,0.0010935989408336578
1427.6701634027097,1427.6701634027097,1.0015647686415992,0.001094121542610022
1427.6771077191431,1427.6771077191431,0.9991246770873754,0.001093015774113437
1427.6840520355304,1427.6840520355304,1.001249546432991,0.0010938908590267954
1427.6909963519056,1427.6909963519056,0.9986044690949125,0.0010926400071761193
1427.6979406682578,1427.6979406682578,1.0002550628432314,0.0010930627308804025
1427.7048849845864,1427.7048849845864,0.9997922810891021,0.0010929224956768915
1427.7118293009155,1427.7118293009155,1.0001988833494275,0.0010928470910744224
1427.718773617209,1427.718773617209,0.9993205652502851,0.001092801168765552
1427.72571793348,1427.72571793348,0.999335159958504,0.0010925731303655672
1427.732662249739,1427.732662249739,1.0018256531508876,0.0010933253969602143
1427.7396065659746,1427.7396065659746,1.0012578903712446,0.0010932202464020186
1427.7465508821988,1427.7465508821988,0.9994942710317554,0.0010923999608336314
1427.7534951983994,1427.7534951983994,1.0003617549394597,0.001092901151361142
1427.7604395145884,1427.7604395145884,0.9995468295750859,0.0010926753653365182
1427.7673838307426,1427.7673838307426,0.9989570080850193,0.0010927146026337555
1427.7743281468852,1427.7743281468852,0.9993986682566984,0.0010925994643879115
1427.781272463028,1427.781272463028,1.0003511653715442,0.0010928322163416152
1427.7882167791122,1427.7882167791122,0.999986143191934,0.001092878218402238
1427.7951610952082,1427.7951610952082,0.9990397874620947,0.0010928566623049207
1427.8021054112696,1427.8021054112696,1.0011291978442904,0.0010932171191886252
1427.809049727319,1427.809049727319,1.0002020934264364,0.0010934029954833876
1427.8159940433447,1427.8159940433447,1.0001978173229753,0.0010926666526967907
1427.8229383593475,1427.8229383593475,1.0010156225480196,0.0010929801724690303
1427.829882675339,1427.829882675339,0.9992030694770883,0.001092442182603483
1427.8368269913185,1427.8368269913185,1.0005201506398638,0.0010932006054418097
1427.843771307263,1427.843771307263,0.9983458311314003,0.001092641509629832
1427.850715623196,1427.850715623196,1.000101652569414,0.0010931640941257406
1427.8576599391176,1427.8576599391176,1.001790177303243,0.0010936085452779888
1427.8646042549926,1427.8646042549926,1.0002777546337323,0.0010930044192635512
1427.8715485709022,1427.8715485709022,0.9993606443864496,0.0010932231067248403
1427.878492886754,1427.878492886754,1.0000168999976262,0.0010932158297053628
1427.8854372025821,1427.8854372025821,0.9988825533316146,0.0010928879629336177
1427.8923815183985,1427.8923815183985,0.9997610724772436,0.0010930602469203065
1427.8993258341918,1427.8993258341918,0.9997868672344238,0.001092984852180213
1427.9062701499615,1427.9062701499615,0.9995667410862932,0.0010929236147053745
1427.9132144657203,1427.9132144657203,1.0017722271141725,0.0010938272658197843
1427.9201587814666,1427.9201587814666,1.0005980096830087,0.001093289789232758
1427.9271030971786,1427.9271030971786,1.0002758560195475,0.0010930925729174664
1427.9340474128794,1427.9340474128794,0.9995637005743976,0.0010926172264706761
1427.940991728568,1427.940991728568,0.9989684552032783,0.0010925248334217297
1427.9479360442444,1427.9479360442444,0.9998538949398931,0.0010924191206396836
1427.954880359875,1427.954880359875,1.0002515762068216,0.001092362084709722
1427.9618246755049,1427.9618246755049,0.9991411841123854,0.0010925408572730123
1427.9687689911007,1427.9687689911007,0.9991785365607548,0.0010919714921595772
1427.9757133066958,1427.9757133066958,1.0014080121653708,0.0010930359712576696
1427.9826576222563,1427.9826576222563,1.0003178515810902,0.0010925531960045561
1427.989601937817,1427.989601937817,1.0006203915231446,0.0010928126866827771
1427.9965462533196,1427.9965462533196,0.9992757767092251,0.001091783725906461
1428.0034905688333,1428.0034905688333,0.9997798250947669,0.0010921894162752527
1428.0104348843238,1428.0104348843238,1.0007383743041545,0.001092528068592976
1428.017379199791,1428.017379199791,1.0001461436367847,0.0010921809562331852
1428.0243235152352,1428.0243235152352,0.9994780436284527,0.0010918153947391132
1428.0312678306677,1428.0312678306677,1.0002398655858509,0.0010920784115055662
1428.0382121460882,1428.0382121460882,0.9993001371244873,0.0010918262284290304
1428.0451564614625,1428.0451564614625,0.9980508781009307,0.0010915461439754803
1428.052100776837,1428.052100776837,1.00249402966449,0.0010927920511201142
1428.059045092188,1428.059045092188,0.9995775381540739,0.0010922359908307597
1428.0659894075272,1428.0659894075272,1.000074905034682,0.0010923200282611446
1428.0729337228433,1428.0729337228433,1.0009277300787691,0.0010923801623700948
1428.0798780381247,1428.0798780381247,0.9990548027603803,0.0010916964639992835
1428.086822353394,1428.086822353394,1.0016699277501744,0.0010926479314136727
1428.093766668663,1428.093766668663,0.9991112468805596,0.0010924023050440845
1428.100710983886,1428.100710983886,0.999066479445988,0.0010922776443417904
1428.1076552991092,1428.1076552991092,0.9998987571928571,0.0010925052465633562
1428.114599614297,1428.114599614297,1.0009879156785575,0.0010929129991678554
1428.1215439294733,1428.1215439294733,0.9983952726551195,0.0010924777603106687
1428.1284882446382,1428.1284882446382,1.0011553290326414,0.0010934219812285752
1428.135432559768,1428.135432559768,1.0031411662439853,0.0010941705220745964
1428.142376874886,1428.142376874886,0.9997243839128244,0.001093123616778721
1428.1493211899804,1428.1493211899804,0.9997825645636957,0.001093435703360473
1428.156265505064,1428.156265505064,0.9991716602818643,0.0010925337930865777
1428.1632098201121,1428.1632098201121,0.9989441805052651,0.0010929320555901456
1428.1701541351606,1428.1701541351606,0.9994009176767426,0.0010925911380654139
1428.1770984501738,1428.1770984501738,1.001002621002248,0.0010936427547747177
1428.184042765187,1428.184042765187,0.9993410847434738,0.001093031347272288
1428.1909870801658,1428.1909870801658,1.0024114299296822,0.0010938929531119465
1428.1979313951092,1428.1979313951092,0.9993900114756501,0.0010931146275344704
1428.2048757100524,1428.2048757100524,1.0014378792476788,0.0010935710521195268
1428.211820024973,1428.211820024973,0.9993116931442876,0.001092787091076237
1428.2187643398697,1428.2187643398697,0.9987087112458888,0.0010926385877001719
1428.225708654755,1428.225708654755,1.0002069085029368,0.0010929170460003675
1428.232652969617,1428.232652969617,0.9991032160574138,0.0010925547763730192
1428.2395972844442,1428.2395972844442,1.0002490281339225,0.0010932823179114844
1428.2465415992829,1428.2465415992829,0.9998714268524582,0.0010935297900813744
1428.253485914075,1428.253485914075,1.000422764893685,0.0010930186661610036
1428.260430228867,1428.260430228867,1.0017852205762094,0.001093528256108408
1428.2673745436246,1428.2673745436246,0.9992463583863002,0.0010931391503272393
1428.2743188583702,1428.2743188583702,0.998373131704431,0.0010925815347511483
1428.2812631730808,1428.2812631730808,1.0012916371480196,0.0010932814856339434
1428.288207487803,1428.288207487803,1.0013735223796894,0.0010936272472390342
1428.295151802467,1428.295151802467,0.9977354737974828,0.0010925053990165578
1428.302096117143,1428.302096117143,1.00107839034576,0.0010934555808348105
1428.3090404317836,1428.3090404317836,1.0002057084744802,0.0010925295396599787
1428.3159847464128,1428.3159847464128,0.9998742346966587,0.0010934550376416683
1428.3229290610075,1428.3229290610075,0.9991246792469182,0.001091870995325333
1428.3298733756014,1428.3298733756014,0.9983250417347194,0.001092525441607508
1428.3368176901606,1428.3368176901606,1.002513955597134,0.0010937800389642948
1428.3437620047084,1428.3437620047084,0.9988697833776762,0.0010925685471020769
1428.3507063192442,1428.3507063192442,1.0007548840744551,0.0010930192423849502
1428.3576506337456,1428.3576506337456,0.9993233559029818,0.0010926989207849043
1428.3645949482348,1428.3645949482348,1.0022565872892997,0.00109344583913912
1428.3715392627012,1428.3715392627012,0.9991338853938077,0.0010928375564886325
1428.3784835771326,1428.3784835771326,0.9985989170920236,0.0010921670038941415
1428.3854278915874,1428.3854278915874,1.0001739361082786,0.0010924082255266612
1428.3923722059835,1428.3923722059835,1.0002010497121026,0.0010927137617924862
1428.3993165203797,1428.3993165203797,1.0004133301120022,0.0010930322937751044
1428.4062608347178,1428.4062608347178,0.9997209011467779,0.001092289901862251
1428.4132051490794,1428.4132051490794,0.9994256456003663,0.001092419150385779
1428.4201494634058,1428.4201494634058,1.0006811833014466,0.00109260157321324
1428.427093777709,1428.427093777709,1.0003467715315737,0.0010923545680828234
1428.4340380919894,1428.4340380919894,0.999713441209048,0.0010918477553318992
1428.4409824062457,1428.4409824062457,0.9999568851913725,0.001092387694076317
1428.4479267205022,1428.4479267205022,0.99845868265883,0.0010916119577879047
1428.4548710347356,1428.4548710347356,1.000672666822175,0.0010924264790764678
1428.4618153489341,1428.4618153489341,1.0007044006712429,0.0010922451499250497
1428.4687596631327,1428.4687596631327,1.0011822303672877,0.001092538139117465
1428.4757039772962,1428.4757039772962,1.000118105615269,0.0010919491664975172
1428.4826482914477,1428.4826482914477,0.9996333403656938,0.0010918936112401887
1428.489592605553,1428.489592605553,1.0010142824559123,0.0010925485666173076
1428.4965369196589,1428.4965369196589,0.9982418818163031,0.0010916590980944185
1428.503481233764,1428.503481233764,0.9983937332803559,0.001091742042323649
1428.5104255478343,1428.5104255478343,1.0000274068719803,0.0010923099055146705
1428.5173698618814,1428.5173698618814,1.000981892714718,0.001092447035650416
1428.5243141759056,1428.5243141759056,1.0019976278914986,0.001093038088053539
1428.5312584899175,1428.5312584899175,0.9990585099262701,0.0010921675384513384
1428.5382028039062,1428.5382028039062,0.999348777839319,0.0010920819382430912
1428.5451471178835,1428.5451471178835,1.0000156391588224,0.0010923221576566867
1428.5520914318145,1428.5520914318145,1.0005392876691066,0.0010922992369355928
1428.5590357457565,1428.5590357457565,0.9998546763512405,0.0010922511762974864
1428.5659800596525,1428.5659800596525,0.9988866176279607,0.0010920642319374994
1428.5729243735484,1428.5729243735484,1.0016026794230442,0.0010927579202885786
1428.5798686874095,1428.5798686874095,0.9999281190932134,0.0010920190106142292
1428.58681300127,1428.58681300127,0.9986469075672428,0.0010920129612478652
1428.5937573150957,1428.5937573150957,0.9995263915510779,0.0010924210695507511
1428.6007016289102,1428.6007016289102,1.0012121386536963,0.001092452959781244
1428.607645942678,1428.607645942678,0.9989663291077727,0.0010923182216931063
1428.6145902564454,1428.6145902564454,0.9994178501575954,0.001092256379956272
1428.6215345702017,1428.6215345702017,1.0029828357930668,0.0010935326997991049
1428.6284788839112,1428.6284788839112,0.9986823059409875,0.0010922879108958097
1428.6354231976325,1428.6354231976325,1.0008097571315797,0.0010922287683065772
1428.6423675113188,1428.6423675113188,0.9992649235860499,0.0010932590608138558
1428.6493118249814,1428.6493118249814,1.000327444602059,0.0010931227188652793
1428.656256138633,1428.656256138633,0.9980696853789445,0.0010925872685879881
1428.6632004522492,1428.6632004522492,0.9998330281628265,0.001093242895977871
1428.6701447658656,1428.6701447658656,1.0009815005101417,0.0010934749121612308
1428.677089079447,1428.677089079447,1.0003722186557193,0.0010934198503358642
1428.684033393017,1428.684033393017,1.0006350906086976,0.0010935480259432703
1428.6909777065753,1428.6909777065753,1.0011805392691353,0.0010937589190293667
1428.6979220200983,1428.6979220200983,0.9990857979841321,0.0010927438205493424
1428.7048663335981,1428.7048663335981,1.000374035313552,0.0010933494786290012
1428.7118106470866,1428.7118106470866,0.9993044657177471,0.0010930334623910226
1428.71875496054,1428.71875496054,0.9987947665610651,0.001092608336100771
1428.7256992739933,1428.7256992739933,0.9998262822684971,0.001093146353943747
1428.7326435874234,1428.7326435874234,0.9996323382031879,0.0010931820546035416
1428.7395879008186,1428.7395879008186,0.9999988804483226,0.0010931518932549562
1428.7465322142023,1428.7465322142023,1.0018879919248955,0.0010940543187853455
1428.7534765275743,1428.7534765275743,1.0001795338224544,0.0010931685328823032
1428.7604208409111,1428.7604208409111,0.9992031334243355,0.0010927697198227682
1428.7673651542482,1428.7673651542482,0.9989540010791844,0.0010924221399603714
1428.7743094675502,1428.7743094675502,1.0008695142211517,0.0010928924156329192
1428.781253780829,1428.781253780829,1.0000471480491648,0.0010927211882856788
1428.788198094096,1428.788198094096,1.0004278827023891,0.0010931349270459708
1428.7951424073283,1428.7951424073283,1.0000053001758835,0.0010928691739891553
1428.8020867205607,1428.8020867205607,1.0003806454499125,0.0010927105003430135
1428.809031033758,1428.809031033758,1.001151726573147,0.0010932299146280114
1428.815975346943,1428.815975346943,0.9997555684878041,0.0010932248076102277
1428.822919660106,1428.822919660106,1.0019737996153242,0.0010935687177595582
1428.8298639732566,1428.8298639732566,0.9989623152579951,0.0010924759301422851
1428.8368082863724,1428.8368082863724,0.9984666684269626,0.0010920358576336521
1428.8437525994764,1428.8437525994764,0.999349451252918,0.0010922274433240178
1428.8506969125572,1428.8506969125572,0.9988113302618913,0.0010921818352776116
1428.857641225615,1428.857641225615,1.0028056397777498,0.0010932747830234813
1428.864585538661,1428.864585538661,1.0001043457870717,0.0010924235398451147
1428.8715298516834,1428.8715298516834,1.0001891520260782,0.0010926004610280994
1428.878474164683,1428.878474164683,1.0006035807922626,0.0010928525283850359
1428.885418477659,1428.885418477659,1.002094449840807,0.001093251391869608
1428.8923627906004,1428.8923627906004,0.9997912488032552,0.0010928104709305806
1428.8993071035416,1428.8993071035416,1.001011663987887,0.0010928050389600128
1428.9062514164825,1428.9062514164825,0.9980316927560633,0.001091814590953199
1428.9131957293773,1428.9131957293773,0.998477799934801,0.0010923863631308614
1428.92014004226,1428.92014004226,1.0012735141712725,0.001093199091992171
1428.927084355108,1428.927084355108,0.9992811294598777,0.001092905121716314
1428.9340286679565,1428.9340286679565,0.9993022500759364,0.0010932206769509237
1428.9409729807694,1428.9409729807694,0.9998286363597231,0.0010927909829579294
1428.9479172935594,1428.9479172935594,1.0010922648295444,0.001093164489835053
1428.9548616063491,1428.9548616063491,0.9992655361665296,0.001092706041858974
1428.961805919104,1428.961805919104,1.0017635777593372,0.0010933786091510806
1428.9687502318359,1428.9687502318359,0.9982584578507503,0.0010920319146687596
1428.9756945445556,1428.9756945445556,0.9993393913415343,0.0010923635347082768
1428.9826388572637,1428.9826388572637,1.0023067643071815,0.0010931186624227962
1428.9895831699143,1428.9895831699143,1.0015977268372258,0.001093110657687971
1428.996527482564,1428.996527482564,0.9988530320369531,0.0010922737256278065
1429.0034717952144,1429.0034717952144,0.9981386989356296,0.001092458378998747
1429.0104161078298,1429.0104161078298,1.00065572435153,0.0010926808436852477
1429.0173604204215,1429.0173604204215,0.9993665648298039,0.0010929185340447622
1429.024304733002,1429.024304733002,1.001170456843879,0.0010933090858497232
1429.0312490455472,1429.0312490455472,0.9987297450344709,0.001092941093835496
1429.0381933580811,1429.0381933580811,0.9983767328574453,0.001092499312212014
1429.045137670603,1429.045137670603,1.001201364808805,0.0010937058269205112
1429.0520819830783,1429.0520819830783,1.0027930110389895,0.0010941877109492892
1429.0590262955657,1429.0590262955657,1.0003408785785606,0.001093676553915598
1429.0659706080064,1429.0659706080064,0.998966168018409,0.001093113514551321
1429.0729149204353,1429.0729149204353,0.9999951482709204,0.0010935831704402023
1429.0798592328526,1429.0798592328526,0.9996025096224888,0.0010935940724505924
1429.0868035452347,1429.0868035452347,0.9994343008542621,0.0010933204131029135
1429.0937478576293,1429.0937478576293,0.9987287009856838,0.0010930085439399637
1429.1006921699532,1429.1006921699532,1.0010090847533086,0.0010938117125745303
1429.1076364822889,1429.1076364822889,0.9979911498250622,0.0010928026986128305
1429.1145807945898,1429.1145807945898,1.0016875472227076,0.0010935921096489735
1429.1215251068793,1429.1215251068793,1.0002338803631643,0.0010933592978541315
1429.1284694191568,1429.1284694191568,0.9999687400314254,0.0010928656141303721
1429.1354137313879,1429.1354137313879,1.0015519998078677,0.0010933061214561449
1429.1423580436308,1429.1423580436308,0.9996278301528625,0.001092637755535964
1429.1493023558153,1429.1493023558153,0.9999937472035644,0.00109279878674315
1429.1562466680111,1429.1562466680111,0.9997641989367017,0.0010924741278513146
1429.1631909801724,1429.1631909801724,0.9998362923638361,0.0010928053061359576
1429.1701352923217,1429.1701352923217,0.9984556969881124,0.0010920431730131197
1429.1770796044368,1429.1770796044368,1.0009564398392645,0.0010934172696241639
1429.1840239165513,1429.1840239165513,1.0018045811886978,0.0010933404144019682
1429.1909682286196,1429.1909682286196,1.000047598279873,0.0010929505712257777
1429.1979125406874,1429.1979125406874,0.9990208046391083,0.0010929166206522
1429.204856852732,1429.204856852732,0.999336758149215,0.0010929617486501511
1429.211801164754,1429.211801164754,0.9994760939741024,0.0010927433869823127
1429.218745476752,1429.218745476752,1.00104143093372,0.0010930323912003962
1429.2256897887266,1429.2256897887266,0.9994761382510683,0.0010923630459372647
1429.2326341006901,1429.2326341006901,0.9976022870774033,0.0010922549499480375
1429.2395784126302,1429.2395784126302,1.0023657995064237,0.0010932402195084272
1429.2465227245355,1429.2465227245355,0.9998979966134292,0.0010930741593338656
1429.25346703644,1429.25346703644,0.9992578162499857,0.001092574326397051
1429.260411348334,1429.260411348334,1.0016938015418506,0.0010931702689229645
1429.267355660181,1429.267355660181,1.0006659728775482,0.0010932608587023696
1429.2742999720158,1429.2742999720158,0.9998296217090319,0.001092991053210032
1429.2812442838162,1429.2812442838162,1.0001593527814792,0.001092875209308396
1429.28818859564,1429.28818859564,0.999019982839941,0.0010926344074273858
1429.2951329073935,1429.2951329073935,1.0005369505877528,0.0010931085063567287
1429.3020772191471,1429.3020772191471,0.9994671662171724,0.001093004762834112
1429.3090215308898,1429.3090215308898,0.9989355018870414,0.0010927770737893506
1429.3159658425966,1429.3159658425966,0.9984721687273819,0.0010926519638193995
1429.3229101542804,1429.3229101542804,0.9990353395951107,0.0010930284346181737
1429.3298544659647,1429.3298544659647,1.0028110916370756,0.0010939514073049258
1429.3367987776135,1429.3367987776135,1.000134132515191,0.0010931171901357858
1429.343743089239,1429.343743089239,1.0012110589885146,0.0010935297480770254
1429.3506874008533,1429.3506874008533,1.000846978733295,0.0010938432585957266
1429.3576317124325,1429.3576317124325,0.9996856455533004,0.001093447636661512
1429.3645760239997,1429.3645760239997,0.9990602425387574,0.0010929779860140237
1429.3715203355557,1429.3715203355557,0.9998855589140003,0.0010932152451472866
1429.3784646470654,1429.3784646470654,0.9990709825116049,0.0010929867638864662
1429.3854089585975,1429.3854089585975,1.0002864110976515,0.0010934769924061927
1429.3923532700837,1429.3923532700837,0.9995809158672447,0.0010938195185838974
1429.399297581523,1429.399297581523,0.9994272135361509,0.0010935223636042524
1429.406241892974,1429.406241892974,1.0001956869177187,0.001093857735350185
1429.4131862044019,1429.4131862044019,1.000665161495961,0.0010935337002944776
1429.4201305158062,1429.4201305158062,1.0016032833206565,0.0010934778209708274
1429.4270748271877,1429.4270748271877,1.0011710278713917,0.0010935055243569206
1429.4340191385456,1429.4340191385456,0.996828140679141,0.0010918787882487414
1429.440963449892,1429.440963449892,0.9982782945373451,0.0010924008680662659
1429.4479077612032,1429.4479077612032,0.9999998469653395,0.001092765181626227
1429.454852072503,1429.454852072503,1.0018585119802528,0.0010931803032256185
1429.4617963837795,1429.4617963837795,0.9996781069796707,0.0010926732738194937
1429.468740695044,1429.468740695044,1.0022103082948266,0.0010931703307388604
1429.4756850062856,1429.4756850062856,1.000279122255635,0.0010927500724545911
1429.4826293174924,1429.4826293174924,0.9995642676997896,0.0010927341264428466
1429.4895736286874,1429.4895736286874,0.998825901315832,0.0010924873116588975
1429.496517939871,1429.496517939871,0.9995108314747618,0.0010928007403976513
1429.5034622510193,1429.5034622510193,1.001627147437281,0.001093568113892613
1429.510406562144,1429.510406562144,0.9989692568632226,0.0010930621804006782
1429.517350873258,1429.517350873258,0.9999256879612405,0.0010930810742295698
1429.524295184348,1429.524295184348,0.9987140986805206,0.001092814562951007
1429.5312394954262,1429.5312394954262,1.0003097754153893,0.0010934980132675334
1429.5381838064818,1429.5381838064818,1.0013394532579032,0.0010937504036236374
1429.545128117502,1429.545128117502,0.9986128183630727,0.0010929028968354611
1429.5520724285109,1429.5520724285109,1.002032399357802,0.0010940378773926986
1429.5590167394962,1429.5590167394962,0.9988448356784125,0.0010924811746096314
1429.56596105047,1429.56596105047,1.000139663602886,0.0010932363007266181
1429.5729053613973,1429.5729053613973,0.9997537390218776,0.0010931543232050997
1429.5798496723594,1429.5798496723594,1.0005053132019095,0.0010932653067708105
1429.586793983263,1429.586793983263,1.0010036507652,0.0010936303906382704
1429.5937382941092,1429.5937382941092,0.998896317060012,0.0010929512414697977
1429.6006826049895,1429.6006826049895,0.9994945022221593,0.0010930370904405201
1429.6076269158352,1429.6076269158352,1.0007566262346335,0.0010933639656031619
1429.6145712266461,1429.6145712266461,1.0008342435909328,0.0010936055494616276
1429.621515537457,1429.621515537457,0.9982577393327065,0.0010928125470713364
1429.628459848233,1429.628459848233,0.9994476163584425,0.0010930811551442235
1429.635404158997,1429.635404158997,1.0002656060457895,0.001093436709527727
1429.6423484697261,1429.6423484697261,0.9997474825888961,0.0010933707249792984
1429.6492927804443,1429.6492927804443,1.000429902096148,0.001093802986022717
1429.6562370911502,1429.6562370911502,1.000911857893314,0.0010941708448484033
1429.6631814018094,1429.6631814018094,0.9992469791095416,0.0010932514006944964
1429.6701257124807,1429.6701257124807,1.0002128448636263,0.0010940134078239255
1429.6770700230936,1429.6770700230936,1.0017029233179244,0.0010947068089051568
1429.6840143337067,1429.6840143337067,1.0010239995603853,0.0010942473699076271
1429.6909586443194,1429.6909586443194,0.9992929018416505,0.0010935318679521774
1429.6979029548738,1429.6979029548738,0.997975306682404,0.0010933065620629136
1429.704847265417,1429.704847265417,0.9994025259029542,0.0010936123236900618
1429.7117915759604,1429.7117915759604,0.9992265079118334,0.001093440585416359
1429.7187358864683,1429.7187358864683,1.0010272377912943,0.0010940619177456786
1429.725680196965,1429.725680196965,1.000433638786879,0.001093713320755852
1429.7326245074262,1429.7326245074262,0.9991484642860516,0.0010927708404717812
1429.7395688178647,1429.7395688178647,0.9994417121450925,0.001093257522896279
1429.746513128291,1429.746513128291,1.0005259575457146,0.0010932072702396801
1429.7534574386946,1429.7534574386946,1.0013627496551778,0.0010933278446447197
1429.7604017490746,1429.7604017490746,0.9988587421943139,0.0010921624818665478
1429.7673460594317,1429.7673460594317,1.0000547787224163,0.001092502578342396
1429.7742903697535,1429.7742903697535,1.0023549988846643,0.0010934405859432618
1429.7812346800752,1429.7812346800752,1.0016828188195641,0.001092860540432353
1429.788178990397,1429.788178990397,0.9994000730428134,0.0010923582683931713
1429.7951233006725,1429.7951233006725,0.9988043108712684,0.0010925303018508691
1429.802067610936,1429.802067610936,0.9982176764221558,0.001092224487368013
1429.8090119211645,1429.8090119211645,1.0003596903391831,0.0010934940775944569
1429.8159562313817,1429.8159562313817,1.0010587814056975,0.0010940557169943858
1429.8229005415874,1429.8229005415874,1.0009801490891856,0.0010940630647952236
1429.829844851758,1429.829844851758,1.0000445885033935,0.0010944462600967503
1429.8367891619052,1429.8367891619052,1.001425291526576,0.0010949624587682921
1429.843733472029,1429.843733472029,1.0014830653287943,0.0010953121071457278
1429.8506777821412,1429.8506777821412,0.9971200059013867,0.001094373985170837
1429.8576220922305,1429.8576220922305,0.9920374545464833,0.0010945158281318208
1429.8645664023074,1429.8645664023074,0.9954694303547008,0.0010984825160941874
1429.8715107123385,1429.8715107123385,0.9974550086162045,0.0010993368960034136
1429.8784550223693,1429.8784550223693,0.9955446961215586,0.0010989446105937816
1429.8853993323771,1429.8853993323771,0.9955043070220032,0.0010993446459923175
1429.8923436423615,1429.8923436423615,0.9970466944215917,0.0011000202517042754
1429.8992879523223,1429.8992879523223,0.9940509282917429,0.001098014230527602
1429.90623226226,1429.90623226226,0.9942058655196542,0.0010977401362023812
1429.9131765721859,1429.9131765721859,0.9949171502081835,0.0010982533406959725
1429.920120882077,1429.920120882077,0.9956606015164878,0.0010989845366157845
1429.9270651919567,1429.9270651919567,0.9942672515780785,0.0010987062651265657
1429.9340095018242,1429.9340095018242,0.998380235957223,0.001099441540975934
1429.9409538116572,1429.9409538116572,0.9908324550631418,0.0010942129138863644
1429.9478981214788,1429.9478981214788,0.989913773471115,0.0010912320062274482
1429.954842431265,1429.954842431265,0.9970864193286728,0.001093667255032404
1429.9617867410516,1429.9617867410516,1.0001341593619757,0.0010942554242831105
1429.9687310507911,1429.9687310507911,1.0007538934539641,0.0010944029374678845
1429.975675360531,1429.975675360531,1.0013427790101292,0.0010941717249625667
1429.9826196702245,1429.9826196702245,1.0010292794257847,0.0010937429196929136
1429.9895639799174,1429.9895639799174,1.0012307378795844,0.001093584413461594
1429.9965082895874,1429.9965082895874,1.0015115458037607,0.001093528891715671
1430.0034525992342,1430.0034525992342,1.0003373040107586,0.0010926202893130153
1430.0103969088575,1430.0103969088575,0.9978803338852125,0.001091975338293093
1430.0173412184577,1430.0173412184577,0.9981095600789051,0.001091726547243012
1430.024285528046,1430.024285528046,0.9999603117808455,0.0010925157648319294
1430.0312298376116,1430.0312298376116,1.0008297781351,0.001092880323116961
1430.0381741471533,1430.0381741471533,0.9996147606363559,0.0010928659048589312
1430.0451184566718,1430.0451184566718,1.000347027139675,0.0010932087298495916
1430.0520627661554,1430.0520627661554,1.0007267732516703,0.0010929892816104957
1430.0590070756625,1430.0590070756625,1.0009416548060837,0.001092850725918046
1430.065951385111,1430.065951385111,1.000255793073895,0.0010925738408661572
1430.0728956945484,1430.0728956945484,0.9981962418620463,0.001091593991835798
1430.0798400039505,1430.0798400039505,1.000310477197271,0.0010924801482524705
1430.0867843133408,1430.0867843133408,0.9989210168409468,0.0010919579287501585
1430.0937286227086,1430.0937286227086,0.999635364970462,0.0010920618860980414
1430.100672932064,1430.100672932064,1.0003094203027496,0.0010923889185323564
1430.1076172413846,1430.1076172413846,1.002459585786104,0.0010925539479771193
1430.1145615507053,1430.1145615507053,0.9984845256719315,0.0010913126700643906
1430.1215058599907,1430.1215058599907,0.9982671188280452,0.001091428202189989
1430.1284501692537,1430.1284501692537,1.0004686465568,0.0010922451651373215
1430.1353944785044,1430.1353944785044,1.0011262714410627,0.001092426032370059
1430.1423387877203,1430.1423387877203,0.9996327900101025,0.0010917129930515606
1430.1492830969246,1430.1492830969246,0.9993337848377495,0.001092042689779606
1430.1562274060823,1430.1562274060823,0.9990249606948639,0.001092192526296852
1430.1631717152402,1430.1631717152402,1.0014776306008883,0.0010923748517410463
1430.1701160243979,1430.1701160243979,0.9997816391037426,0.0010918250802646897
1430.177060333509,1430.177060333509,0.9995298279457956,0.001092280096791003
1430.1840046426084,1430.1840046426084,1.0003314320991958,0.0010927290159696754
1430.190948951673,1430.190948951673,1.0002115105875187,0.0010923093779154494
1430.1978932607376,1430.1978932607376,0.9994858723506189,0.0010923643267675052
1430.2048375697675,1430.2048375697675,0.999872360316537,0.0010925146845593623
1430.2117818787735,1430.2117818787735,0.9997843385034699,0.0010918443854758286
1430.2187261877687,1430.2187261877687,0.9995572111954438,0.0010920098661768075
1430.2256704967283,1430.2256704967283,0.999828666936064,0.001092262104602852
1430.2326148056766,1430.2326148056766,0.9992822043052019,0.0010915895003056953
1430.2395591146014,1430.2395591146014,1.0009703284407463,0.001092305778058925
1430.2465034235029,1430.2465034235029,1.0002723959805442,0.001091932794857106
1430.2534477323698,1430.2534477323698,1.001373900431737,0.001092174036889517
1430.2603920412364,1430.2603920412364,1.0015584382995224,0.0010924684028766215
1430.2673363500915,1430.2673363500915,0.9980077399218349,0.0010910999189612668
1430.2742806589,1430.2742806589,0.9991252792212417,0.0010913745111687334
1430.2812249676967,1430.2812249676967,0.9998006995395998,0.0010915509527833114
1430.2881692764818,1430.2881692764818,1.0001425763164196,0.0010919865432607381
1430.2951135852325,1430.2951135852325,0.9995717750653178,0.0010918851251788433
1430.302057893959,1430.302057893959,1.0003694533786456,0.0010922098367655375
1430.3090022026747,1430.3090022026747,1.0020171383137062,0.001092949760140916
1430.3159465113667,1430.3159465113667,1.000413473609954,0.0010922217028032485
1430.3228908200354,1430.3228908200354,0.998594350544362,0.001091758521436624
1430.3298351286808,1430.3298351286808,0.9998188657552168,0.001092069693740561
1430.3367794373148,1430.3367794373148,0.9985977933221732,0.0010914945482229594
1430.3437237458904,1430.3437237458904,1.0002448428897126,0.0010921384789564052
1430.350668054501,1430.350668054501,0.9997451820268299,0.0010917987529783007
1430.3576123630419,1430.3576123630419,0.9999621523378546,0.0010919087731322305
1430.3645566716054,1430.3645566716054,1.000509134822728,0.0010916065097082905
1430.3715009801117,1430.3715009801117,1.000362512669804,0.0010913614633008028
1430.3784452886173,1430.3784452886173,1.001547354324207,0.0010920434711987914
1430.3853895970883,1430.3853895970883,0.9986010710700007,0.001091237125101382
1430.3923339055473,1430.3923339055473,1.0001044104191057,0.001091123711220964
1430.3992782139835,1430.3992782139835,1.0009265898078967,0.00109188686385103
1430.4062225223847,1430.4062225223847,0.9996202938434724,0.001091228272301536
1430.4131668307741,1430.4131668307741,1.0018004919886976,0.0010920798370859437
1430.4201111391517,1430.4201111391517,0.9978852852733773,0.0010910281358129355
1430.4270554474945,1430.4270554474945,0.999431744963615,0.0010910634287251886
1430.4339997558022,1430.4339997558022,1.0006506969110691,0.0010915762337074613
1430.4409440641452,1430.4409440641452,1.00006921836931,0.00109112203744182
1430.4478883724182,1430.4478883724182,0.998236229143377,0.0010907682222161387
1430.4548326806562,1430.4548326806562,0.9995772992773062,0.001090799016581815
1430.461776988906,1430.461776988906,1.0000045579859003,0.0010915428780505837
1430.4687212971326,1430.4687212971326,1.0007994684148465,0.001091641711660582
1430.475665605312,1430.475665605312,1.0018012736181132,0.0010915954384703203
1430.482609913492,1430.482609913492,1.0006722370670211,0.0010916373528266105
1430.4895542216602,1430.4895542216602,1.0010503166174765,0.0010919737733616534
1430.4964985297818,1430.4964985297818,0.9991815117379976,0.0010912448882506387
1430.5034428378922,1430.5034428378922,0.9990202014282247,0.0010911365543992233
1430.5103871459783,1430.5103871459783,1.0018222717565313,0.0010920515393145847
1430.517331454042,1430.517331454042,0.9980985605350231,0.001091184948675621
1430.5242757620936,1430.5242757620936,0.9996562434985323,0.001091732752896541
1430.5312200700992,1430.5312200700992,1.0006850511590546,0.0010914876604066572
1430.5381643780925,1430.5381643780925,0.9992110887240553,0.0010911143768476549
1430.5451086860862,1430.5451086860862,0.9984600472594494,0.0010910620586712116
1430.5520529940563,1430.5520529940563,1.0014161282504384,0.0010919211502446347
1430.558997301992,1430.558997301992,0.9993417994818478,0.0010913551030063342
1430.5659416099156,1430.5659416099156,1.0011057120339826,0.001091592340316049
1430.5728859178048,1430.5728859178048,0.9992251638201328,0.00109119848700111
1430.5834412657453,1430.5834412657453,1.0006153966688633,0.0010915138874591222
1430.6048297338416,1430.6048297338416,0.9998799259013322,0.0010918714292640118
1430.6117740416137,1430.6117740416137,1.000090571245644,0.0010918858367336903
1430.6187183493632,1430.6187183493632,1.0008945227068522,0.0010922241141323283
1430.6256626571007,1430.6256626571007,0.9998588297774853,0.0010922876965532918
1430.6326069648262,1430.6326069648262,0.9995843143847349,0.001092267827909562
1430.6395512724707,1430.6395512724707,0.9997345865128666,0.001092668325626015
1430.6464955801498,1430.6464955801498,0.9999536082490147,0.0010924873397166323
1430.6534398877943,1430.6534398877943,1.0004780681542806,0.0010928609944080478
1430.660384195427,1430.660384195427,0.9997442722523925,0.0010927758335888885
1430.6673285030133,1430.6673285030133,1.0008301482369057,0.0010931060920874147
1430.6742728105874,1430.6742728105874,0.9995015326778152,0.0010923965454040147
1430.6812171181505,1430.6812171181505,0.9991915967104298,0.0010925081254992302
1430.68816142569,1430.68816142569,0.9985132176409863,0.0010924830720903155
1430.6951057331949,1430.6951057331949,1.0000680216701485,0.0010925025898932737
1430.7020500406877,1430.7020500406877,1.0013610713088568,0.0010931093208298832
1430.7089943481574,1430.7089943481574,1.000983482821013,0.0010930119973875528
1430.7159386556273,1430.7159386556273,0.9999633815600821,0.0010926073286312195
1430.722882963039,1430.722882963039,0.9989568820244991,0.0010923590701768693
1430.7298272704502,1430.7298272704502,1.0005062206787965,0.0010926822441325156
1430.7367715778153,1430.7367715778153,0.999586454556732,0.0010924128840846343
1430.7437158851797,1430.7437158851797,1.0006073657056214,0.0010924309941219403
1430.7506601925218,1430.7506601925218,1.0007585358181914,0.0010925785395950434
1430.75760449984,1430.75760449984,0.9996471532415478,0.001092436330070079
1430.764548807135,1430.764548807135,0.9999027178958786,0.001092886732438
1430.771493114407,1430.771493114407,0.9997161511012127,0.001092886086784225
1430.7784374216558,1430.7784374216558,0.9996798882483207,0.00109290747701609
1430.7853817288926,1430.7853817288926,1.0007667420065176,0.001093089122258515
1430.7923260360944,1430.7923260360944,0.9989750044849484,0.0010924862267423564
1430.7992703432844,1430.7992703432844,0.9998756865302557,0.0010930233826140926
1430.806214650452,1430.806214650452,1.0001778986079262,0.0010932926173652792
1430.8131589575837,1430.8131589575837,1.000499470385169,0.0010931697981293683
1430.8201032647044,1430.8201032647044,1.0008175352176745,0.0010930580756662775
1430.8270475718134,1430.8270475718134,0.9984018005829824,0.0010924502374954187
1430.833991878887,1430.833991878887,0.9986867496190577,0.0010921643142831235
1430.8409361859378,1430.8409361859378,1.0025131237716107,0.0010935209783698011
1430.8478804929769,1430.8478804929769,1.000642381004143,0.001092802732878879
1430.8548247999806,1430.8548247999806,0.9987145089110859,0.0010922287701779488
1430.8617691069735,1430.8617691069735,1.0004651088203467,0.001092938495561213
1430.8687134139423,1430.8687134139423,0.9998475493617276,0.0010924274912452324
1430.8756577208883,1430.8756577208883,0.9997967426256533,0.0010921406271191814
1430.8826020278111,1430.8826020278111,0.9993769379525507,0.0010918202981296467
1430.88954633471,1430.88954633471,1.0004492229802997,0.0010921887538224507
1430.8964906415745,1430.8964906415745,0.9985947188376961,0.0010919661669923993
1430.9034349484623,1430.9034349484623,1.000395702081834,0.0010922195546161954
1430.9103792552917,1430.9103792552917,1.0011944854274033,0.001092583551588934
1430.9173235620979,1430.9173235620979,1.0003892550558784,0.0010918996404305343
1430.9242678688806,1430.9242678688806,1.0002700370379605,0.0010919331827507564
1430.9312121756516,1430.9312121756516,1.0008295010462773,0.0010922295720307601
1430.9381564824,1430.9381564824,1.0003070551300557,0.0010923830804321134
1430.9451007891244,1430.9451007891244,0.998784086623291,0.0010916774242106136
1430.9520450958257,1430.9520450958257,0.9986719803842294,0.0010918874441056554
1430.958989402504,1430.958989402504,0.9987136617343889,0.0010920252853700162
1430.9659337091703,1430.9659337091703,1.0024262976044933,0.001093197049429255
1430.9728780158023,1430.9728780158023,0.9999579063979465,0.0010929101300067798
1430.979822322422,1430.979822322422,1.0004412410563563,0.0010929318079719416
1430.9867666290183,1430.9867666290183,1.0006468111956106,0.0010928965050631863
1430.993710935592,1430.993710935592,0.9994122576076727,0.00109298571174022
1431.0006552421532,1431.0006552421532,0.998095275987447,0.0010919704978749288
1431.0075995486686,1431.0075995486686,1.0001184159256231,0.001092987635735575
1431.0145438551722,1431.0145438551722,0.9986848420020467,0.0010921344911101593
1431.021488161652,1431.021488161652,1.0005594073714348,0.0010931618895363932
1431.0284324681093,1431.0284324681093,1.001870552609923,0.0010936319998518097
1431.0353767745546,1431.0353767745546,1.0007148458586153,0.001093239294448084
1431.0423210809647,1431.0423210809647,0.9996527530214945,0.001092882985006796
1431.049265387352,1431.049265387352,1.000689284088223,0.0010929458742685804
1431.0562096937388,1431.0562096937388,1.0013509086546488,0.0010933471838493393
1431.0631540000911,1431.0631540000911,0.997901655169315,0.0010921262752640725
1431.0700983064085,1431.0700983064085,0.998581157632078,0.0010923628687550867
1431.0770426127253,1431.0770426127253,1.0012655558616301,0.0010932716556979443
1431.0839869189847,1431.0839869189847,1.0001939735824568,0.0010929383221842711
1431.0909312252902,1431.0909312252902,1.0005265868597355,0.0010931040034594772
1431.0978755315025,1431.0978755315025,1.0004624786357164,0.0010930206040335724
1431.104819837727,1431.104819837727,1.0003316913412263,0.0010928107538112465
1431.1117641439162,1431.1117641439162,1.001302186774557,0.0010933991512020046
1431.1187084500816,1431.1187084500816,0.9998760166238148,0.0010931664576594635
1431.125652756236,1431.125652756236,0.9979351379850001,0.0010919419375356627
1431.1325970623784,1431.1325970623784,1.0008513437990199,0.0010926909608712538
1431.1395413684863,1431.1395413684863,0.9988198346083255,0.0010921369968494678
1431.1464856745592,1431.1464856745592,1.0010765819908503,0.0010929437359740797
1431.15342998062,1431.15342998062,0.9991760392679702,0.0010923526675727124
1431.1603742866698,1431.1603742866698,1.0004491968190727,0.0010926806762891616
1431.1673185926727,1431.1673185926727,0.9995081443124215,0.001092359640250839
1431.1742628986872,1431.1742628986872,0.99998569964892,0.00109198678064372
1431.1812072046434,1431.1812072046434,1.0010650627584232,0.001092404710297465
1431.1881515105997,1431.1881515105997,0.9998101893645549,0.0010917844708663907
1431.195095816533,1431.195095816533,0.999117104152367,0.001092075285102221
1431.202040122431,1431.202040122431,1.000879077728692,0.0010922320978833853
1431.2089844283175,1431.2089844283175,1.0007410910802883,0.001092151977401293
1431.2159287341688,1431.2159287341688,0.9992174040257525,0.0010918190644865302
1431.2228730400204,1431.2228730400204,0.9998340957328441,0.0010920063785842841
1431.2298173458257,1431.2298173458257,1.0004896296081385,0.0010925372557010755
1431.2367616516306,1431.2367616516306,0.998911116427179,0.0010919424774755407
1431.2437059574006,1431.2437059574006,1.0009368820022393,0.00109271590654015
1431.2506502631475,1431.2506502631475,1.0009631897114832,0.0010926395524546366
1431.2575945688827,1431.2575945688827,1.000126623359226,0.0010926794381899362
1431.2645388745827,1431.2645388745827,0.9992978069215626,0.0010920506739616153
1431.2714831802716,1431.2714831802716,0.9988613111106943,0.0010924899884784474
1431.2784274859366,1431.2784274859366,1.0004541343646536,0.0010926783308035574
1431.2853717915555,1431.2853717915555,0.9993991569936572,0.0010920242075864155
1431.2923160971743,1431.2923160971743,1.0015638253222987,0.0010926931870024344
1431.299260402781,1431.299260402781,0.9990403529100753,0.0010919975589916365
1431.306204708342,1431.306204708342,1.0010742870462448,0.0010921489058051724
1431.3131490138908,1431.3131490138908,0.9994997977825936,0.0010919695956904368
1431.3200933194162,1431.3200933194162,0.9983065894536551,0.0010910707208447318
1431.3270376249188,1431.3270376249188,1.0006392422453954,0.0010921159680292293
1431.3339819304094,1431.3339819304094,0.9987896443190817,0.0010911792139300758
1431.3409262358532,1431.3409262358532,1.000681407273003,0.0010916933005199092
1431.3478705412974,1431.3478705412974,1.001441179415437,0.0010919396077467163
1431.354814846695,1431.354814846695,1.0003814358406238,0.0010919149911797492
1431.361759152116,1431.361759152116,1.0007418928521736,0.0010921139308475675
1431.3687034574668,1431.3687034574668,1.0008007252604654,0.00109221495148328
1431.3756477628062,1431.3756477628062,0.9993466286706301,0.0010920329892657157
1431.382592068134,1431.382592068134,0.9995442242377439,0.001091633511049084
1431.3895363734264,1431.3895363734264,0.9990149537123836,0.00109206495197013
1431.3964806787196,1431.3964806787196,0.9988737540228099,0.001091790091100461
1431.403424983966,1431.403424983966,0.9987844439216721,0.0010917281668289434
1431.4103692892002,1431.4103692892002,1.0012018978509154,0.0010924877023584356
1431.4173135944116,1431.4173135944116,0.99861706040489,0.0010915965766971785
1431.424257899588,1431.424257899588,1.0014059525771517,0.001092657502556357
1431.431202204764,1431.431202204764,1.0003308256899466,0.0010922716285142677
1431.4381465099057,1431.4381465099057,0.9999682351746244,0.0010919008124687993
1431.4450908150354,1431.4450908150354,1.001796972049097,0.0010924903881195185
1431.4520351201186,1431.4520351201186,0.9997458545451245,0.0010917190021311352
1431.4589794252022,1431.4589794252022,1.000794223930845,0.0010918521993926826
1431.4659237302503,1431.4659237302503,0.9988148067902873,0.0010915142358025264
1431.4728680352755,1431.4728680352755,0.9991007810120127,0.001091281442018205
1431.4798123402886,1431.4798123402886,0.9994394753537257,0.0010917470176037016
1431.4867566452672,1431.4867566452672,1.0004855095452458,0.0010921990110259714
1431.4937009502225,1431.4937009502225,0.9998465134742137,0.0010918441616042534
1431.5006452551656,1431.5006452551656,1.001782887500727,0.0010929369069654971
1431.5075895600862,1431.5075895600862,1.0004978073343633,0.001092649644224196
1431.5145338649716,1431.5145338649716,1.00010452607057,0.0010920909888256487
1431.5214781698567,1431.5214781698567,0.9987859509415544,0.001091922137575921
1431.5284224746958,1431.5284224746958,0.9980329388848425,0.0010915573780176965
1431.5353667795346,1431.5353667795346,0.9985014839702371,0.0010916515643337944
1431.542311084338,1431.542311084338,1.0018598852263136,0.0010921589234594996
1431.5492553891067,1431.5492553891067,0.9990953643565854,0.0010914128294462818
1431.5561996938645,1431.5561996938645,1.0010383856717948,0.001091782094002429
1431.5631439985866,1431.5631439985866,1.0009980582888773,0.0010917181898063189
1431.5700883033087,1431.5700883033087,1.0002851349855229,0.0010913972757421026
1431.5770326079962,1431.5770326079962,0.9996271423927048,0.0010912299541209684
1431.5839769126726,1431.5839769126726,1.0016476279682718,0.0010921341907613505
1431.5909212173015,1431.5909212173015,0.9985968335031202,0.0010911061504537715
1431.597865521919,1431.597865521919,1.0006834293321019,0.001092148889107808
1431.6048098265132,1431.6048098265132,0.9999970769641188,0.0010920970905847472
1431.611754131096,1431.611754131096,1.0000651919611103,0.0010922610928249766
1431.618698435655,1431.618698435655,0.9995672189161577,0.0010923053662545892
1431.6256427401568,1431.6256427401568,0.9988063841911379,0.0010919598054083763
1431.6325870446576,1431.6325870446576,1.0004259086402931,0.0010922691136732378
1431.6395313491587,1431.6395313491587,0.999514369272512,0.0010922978176727029
1431.646475653625,1431.646475653625,0.9999544529598783,0.0010925800449383453
1431.6534199580678,1431.6534199580678,0.9996022641433147,0.0010921533656136338
1431.6603642624643,1431.6603642624643,1.001213395799178,0.0010932136856887918
1431.6673085668608,1431.6673085668608,1.00056229075531,0.0010925747762479177
1431.6742528712455,1431.6742528712455,1.0007349452398295,0.0010928998697653956
1431.681197175572,1431.681197175572,0.999093455560117,0.0010921433376885148
1431.6881414798986,1431.6881414798986,0.9999021927674214,0.0010921808575465434
1431.6950857842016,1431.6950857842016,0.9991984215117551,0.0010917586737381867
1431.7020300884815,1431.7020300884815,0.999226848634688,0.0010923514890515775
1431.708974392715,1431.708974392715,0.9998118850300075,0.0010919980293697218
1431.7159186969834,1431.7159186969834,1.0003984555646612,0.0010924312531561836
1431.7228630011705,1431.7228630011705,1.000882352139771,0.0010926938686186525
1431.7298073053457,1431.7298073053457,1.0014211781744424,0.0010927278622356103
1431.7367516095087,1431.7367516095087,0.9994496860830175,0.001091971526151297
1431.7436959136494,1431.7436959136494,0.9998003697021598,0.0010915182384458467
1431.7506402177662,1431.7506402177662,0.9989077356425409,0.0010916460917947822
1431.7575845218485,1431.7575845218485,0.9993993921460103,0.001091761064265764
1431.7645288259187,1431.7645288259187,1.0012231631526944,0.0010923291449645939
1431.771473129966,1431.771473129966,1.0002737417539929,0.001091800746876909
1431.77841743399,1431.77841743399,0.9991852644774253,0.0010914820179761774
1431.785361738002,1431.785361738002,1.0006451693450138,0.00109186130308438
1431.7923060419678,1431.7923060419678,1.000680575776329,0.0010922496966889973
1431.7992503459336,1431.7992503459336,1.000125457971906,0.0010916805144261933
1431.8061946498526,1431.8061946498526,0.999670564891073,0.001091643866163013
1431.8131389537714,1431.8131389537714,0.9995400798029707,0.0010915095569836314
1431.8200832576442,1431.8200832576442,1.0003503861114056,0.0010919156091439264
1431.827027561505,1431.827027561505,0.9988494319672038,0.001091559217519656
1431.833971865331,1431.833971865331,0.9994839481213453,0.001091675412672867
1431.8409161691568,1431.8409161691568,1.0016465641298953,0.0010922105314949335
1431.8478604729478,1431.8478604729478,0.9991721646027629,0.0010917233052647407
1431.8548047767158,1431.8548047767158,1.000294400614346,0.0010922514870188018
1431.8617490804604,1431.8617490804604,0.9997945597391233,0.0010918066459811753
1431.8686933841811,1431.8686933841811,1.0001662412417172,0.0010917451373623707
1431.8756376878791,1431.8756376878791,1.0004604517151923,0.0010920752710169067
1431.8825819915653,1431.8825819915653,0.9998861030481203,0.001091789378296133
1431.8895262951937,1431.8895262951937,0.9988461682832341,0.0010918028948203695
1431.8964705988215,1431.8964705988215,0.9996976004881354,0.0010921786428294558
1431.9034149024496,1431.9034149024496,1.0004512683753277,0.0010921196407294683
1431.9103592060196,1431.9103592060196,0.9998922823051466,0.0010918993252104464
1431.9173035095778,1431.9173035095778,1.0017240033932417,0.001092680531134027
1431.9242478131125,1431.9242478131125,1.001453234599738,0.001092301029370773
1431.9311921166243,1431.9311921166243,0.9971986711143487,0.0010916978909249703
1431.9381364201126,1431.9381364201126,0.9998510873860849,0.0010922975343490003
1431.9450807235776,1431.9450807235776,1.0008207189274005,0.001092091551951062
1431.952025027008,1431.952025027008,0.9999612350897913,0.0010921260211830953
1431.958969330438,1431.958969330438,0.9989956121905827,0.0010916001382218082
1431.9659136338219,1431.9659136338219,0.998402152727184,0.0010917100645635243
1431.9728579372168,1431.9728579372168,1.0015222074697652,0.001092198932657656
1431.979802240554,1431.979802240554,1.0006402194518105,0.0010917013606120557
1431.9867465438795,1431.9867465438795,1.0001333347875963,0.001091755655073349
1431.9936908471698,1431.9936908471698,1.0003615505528465,0.0010917319442087737
1432.000635150437,1432.000635150437,0.999910361576716,0.0010916873346102506
1432.0075794537038,1432.0075794537038,0.9994834415363825,0.0010915407972266829
1432.0145237569361,1432.0145237569361,1.0016606013750446,0.0010918390104292448
1432.021468060122,1432.021468060122,0.9994177079267322,0.0010916565903347226
1432.0284123633196,1432.0284123633196,0.9999101452690805,0.0010917144690163556
1432.0353566664699,1432.0353566664699,0.9990731250996964,0.00109140601186155
1432.0423009696208,1432.0423009696208,0.9996521924588034,0.001091772790352876
1432.0492452727249,1432.0492452727249,1.0001482248997384,0.0010917900883774029
1432.056189575806,1432.056189575806,1.0004953738698714,0.001092163348383857
1432.0631338788867,1432.0631338788867,0.9984846306874827,0.0010915914071476058
1432.0700781819094,1432.0700781819094,1.001152122105032,0.0010926309095642614
1432.0770224849439,1432.0770224849439,1.0012189472404138,0.001092784089407492
1432.0839667879316,1432.0839667879316,1.0001185653101856,0.0010924789677876187
1432.090911090896,1432.090911090896,1.0003310207202598,0.0010920586361019588
1432.097855393849,1432.097855393849,0.9993656690345547,0.0010921493938823106
1432.1047996967668,1432.1047996967668,0.998764547043215,0.0010920084877233142
1432.111743999673,1432.111743999673,0.9991977177765466,0.001092221041718935
1432.1186883025562,1432.1186883025562,1.0007033940973609,0.0010922167937275462
1432.1256326054042,1432.1256326054042,0.9998967650463267,0.0010919130367037246
1432.132576908229,1432.132576908229,1.0003751939970287,0.0010920812897164533
1432.1395212110306,1432.1395212110306,1.0002932298767422,0.0010922569172360183
1432.146465513832,1432.146465513832,1.001253772680941,0.001092728198641668
1432.153409816587,1432.153409816587,1.0005213563293294,0.001092213983747448
1432.1603541193072,1432.1603541193072,0.9981811352372392,0.0010917805958669243
1432.1672984220154,1432.1672984220154,0.9989099111894921,0.0010915341174354122
1432.1742427247007,1432.1742427247007,1.0014609019948852,0.0010923616954560127
1432.1811870273625,1432.1811870273625,0.9998549967223227,0.0010918576975557184
1432.1881313300007,1432.1881313300007,0.9991251180798321,0.0010914787411919428
1432.1950756326046,1432.1950756326046,1.0002901827303057,0.0010921853450492314
1432.202019935208,1432.202019935208,1.0001234406847483,0.0010923095758189293
1432.208964237777,1432.208964237777,0.999967354555918,0.0010919442581198131
1432.2159085403105,1432.2159085403105,1.0009103030085913,0.0010923678934185068
1432.2228528428327,1432.2228528428327,1.0003245768434372,0.0010924059091382498
1432.2297971453202,1432.2297971453202,1.0002119892872785,0.0010921485918144438
1432.236741447784,1432.236741447784,0.9994328503113848,0.0010920056844401153
1432.2436857502476,1432.2436857502476,0.9998229178291915,0.0010920581119885824
1432.250630052665,1432.250630052665,0.9995786356350962,0.0010919427056563038
1432.2575743550708,1432.2575743550708,0.9999360011719866,0.001092007779173974
1432.2645186574418,1432.2645186574418,1.0000777380447095,0.001091962266730241
1432.271462959789,1432.271462959789,0.9989423343581013,0.0010915316174598662
1432.2784072621132,1432.2784072621132,0.99948026914189,0.0010917738201032187
1432.285351564426,1432.285351564426,1.000316409044351,0.001091594894792909
1432.2922958667036,1432.2922958667036,1.0007494734462379,0.0010915198516091359
1432.2992401689582,1432.2992401689582,0.9998529768126512,0.0010915968362455188
1432.306184471189,1432.306184471189,0.9988838933748377,0.0010912766067319407
1432.3131287733736,1432.3131287733736,1.0017269838123593,0.00109256035057247
1432.3200730755577,1432.3200730755577,1.0004715527645174,0.0010928636689896127
1432.327017377719,1432.327017377719,1.0027716526334869,0.0010940759131797609
1432.333961679869,1432.333961679869,1.0013744387267036,0.0010946238475714842
1432.3409059819837,1432.3409059819837,1.0034239464039132,0.0010958152668894344
1432.347850284063,1432.347850284063,1.000735938935572,0.0010958323304660182
1432.3547945861314,1432.3547945861314,0.9957480550433024,0.0010946910989898901
1432.3617388881644,1432.3617388881644,0.9926259522865271,0.0010943428990251598
1432.3686831901746,1432.3686831901746,0.9922576629431257,0.001094489649499618
1432.3756274921611,1432.3756274921611,0.9930359797860154,0.0010954551462764774
1432.3825717941359,1432.3825717941359,0.9926485835058451,0.0010968172738711995
1432.3895160960642,1432.3895160960642,0.9949382905568338,0.0010982798820447404
1432.3964603979928,1432.3964603979928,0.9977065259275081,0.0011000076723560234
1432.4034046998747,1432.4034046998747,0.9969018670420897,0.001099400535542156
1432.410349001757,1432.410349001757,0.9960211437317248,0.001099560392144168
1432.41729330358,1432.41729330358,0.9951436439303813,0.0010990634833156854
1432.4242376054153,1432.4242376054153,0.9972645256794621,0.0010987623193003675
1432.4311819072043,1432.4311819072043,0.9932989245552261,0.001096041887730493
1432.4381262089696,1432.4381262089696,0.9934863939753316,0.0010942551372125383
1432.4450705107117,1432.4450705107117,0.9928748910804186,0.0010934635104759263
1432.4520148124423,1432.4520148124423,0.9951508511638215,0.0010940602075946199
1432.4589591141375,1432.4589591141375,1.0034286946764486,0.0010959406015759179
1432.4659034158103,1432.4659034158103,1.0031858734829986,0.001095154963201741
1432.4728477174592,1432.4728477174592,0.9998469896171012,0.0010935006977976316
1432.4797920190615,1432.4797920190615,1.001716842606545,0.0010935021634873746
1432.4867363206524,1432.4867363206524,1.0019215532199368,0.0010932890364905566
1432.493680622243,1432.493680622243,1.0010699570803179,0.0010926347920479685
1432.5006249238106,1432.5006249238106,0.9986107171972234,0.0010917362124658173
1432.5075692253317,1432.5075692253317,0.9995808663932501,0.0010913641334301598
1432.5145135268292,1432.5145135268292,0.9996343536319843,0.0010914445325700083
1432.521457828304,1432.521457828304,0.9994768037527102,0.0010919132092920294
1432.5284021297666,1432.5284021297666,0.999799349515755,0.0010923792006484953
1432.5353464311825,1432.5353464311825,0.9996349170698264,0.0010919478523513627
1432.5422907325874,1432.5422907325874,1.001560329639677,0.0010925095801766062
1432.5492350339687,1432.5492350339687,1.0001380264879647,0.0010924737309599382
1432.5561793353265,1432.5561793353265,1.0012001818895488,0.0010929677684723648
1432.563123636638,1432.563123636638,0.9986061421245663,0.001091691318621862
1432.5700679379374,1432.5700679379374,0.9987255667035176,0.0010916600446713763
1432.5770122392375,1432.5770122392375,0.9989802021101652,0.0010916797966235303
1432.5839565404906,1432.5839565404906,1.0002495588310403,0.0010920908971738539
1432.5909008417204,1432.5909008417204,1.0009462555021718,0.0010925040181455326
1432.5978451429273,1432.5978451429273,1.0008471482968908,0.0010924734570206477
1432.604789444099,1432.604789444099,0.999041895104343,0.0010919307693819848
1432.611733745259,1432.611733745259,0.9997279967926642,0.0010919296399016206
1432.6186780463956,1432.6186780463956,1.0014581778613965,0.0010922777092488456
1432.6256223474975,1432.6256223474975,0.99994319876274,0.0010920386186397371
1432.6325666485761,1432.6325666485761,1.0006202582864838,0.0010924778107125736
1432.6395109496432,1432.6395109496432,0.9998004122952711,0.001092381039784973
1432.6464552506636,1432.6464552506636,0.9998926566916901,0.001092171241357484
1432.6533995516722,1432.6533995516722,0.9996307876950198,0.0010921611300019373
1432.6603438526577,1432.6603438526577,1.0003492695147145,0.0010926100038483777
1432.6672881536201,1432.6672881536201,0.999387865814518,0.001092596872189404
1432.674232454547,1432.674232454547,0.9971068035356649,0.0010918128455849126
1432.6811767554514,1432.6811767554514,0.999805209270767,0.0010928155882113859
1432.6881210563438,1432.6881210563438,1.0027215955180828,0.001093466345624686
1432.695065357189,1432.695065357189,0.9997822934595352,0.001092612398518308
1432.7020096580347,1432.7020096580347,1.0017961924237893,0.001092935456016479
1432.7089539588344,1432.7089539588344,1.0022064133536766,0.0010929881384472073
1432.7158982596218,1432.7158982596218,0.9998032694190238,0.0010923150115360522
1432.7228425603628,1432.7228425603628,0.9989834637811053,0.001092117180359418
1432.7297868610806,1432.7297868610806,1.0000830533761953,0.0010924012657367796
1432.7367311617977,1432.7367311617977,0.9999514498144422,0.0010920194525457334
1432.7436754624923,1432.7436754624923,0.9966904191191851,0.0010908341096504599
1432.750619763152,1432.750619763152,1.0018254527045998,0.0010928031824498472
1432.7575640637765,1432.7575640637765,0.9989686207436286,0.0010919733550102382
1432.7645083643897,1432.7645083643897,1.0007778024553946,0.001092716305109085
1432.7714526649675,1432.7714526649675,0.999308683503431,0.001091881372134773
1432.7783969655338,1432.7783969655338,1.0005176505518873,0.001091879854743997
1432.7853412660654,1432.7853412660654,1.0014756935384443,0.0010922091756896313
1432.7922855665618,1432.7922855665618,0.9996675689465052,0.0010915609402849151
1432.7992298670351,1432.7992298670351,1.0008502223971223,0.0010918949502755054
1432.8061741675199,1432.8061741675199,0.9995469239315387,0.0010912650823881483
1432.8131184679464,1432.8131184679464,0.9987208686034205,0.001091333204939475
1432.8200627683268,1432.8200627683268,0.9999085602638772,0.0010916293778690553
1432.8270070687186,1432.8270070687186,1.0007951480628723,0.0010917910768430234
1432.833951369075,1432.833951369075,1.000629595599091,0.0010921122018807917
1432.840895669397,1432.840895669397,0.9999790505740244,0.0010916639429554473
1432.8478399696955,1432.8478399696955,0.9997805924085188,0.0010916347392350171
1432.8547842699713,1432.8547842699713,0.9975453858003048,0.0010908642077273212
1432.8617285702348,1432.8617285702348,1.0029149044869075,0.0010924719670832189
1432.8686728704633,1432.8686728704633,1.0003266901358288,0.0010918512922703815
1432.875617170657,1432.875617170657,0.9990494988426647,0.0010913007873510564
1432.882561470816,1432.882561470816,0.9993127273103072,0.0010910731644828398
1432.8895057710101,1432.8895057710101,1.000298465992752,0.001091539270558454
1432.8964500710993,1432.8964500710993,0.9996587025918565,0.0010911505174009816
1432.9033943712113,1432.9033943712113,1.0001754645227448,0.001091667649381154
1432.9103386712773,1432.9103386712773,0.9985897622808887,0.0010903105651484534
1432.9172829713314,1432.9172829713314,1.0008135192669418,0.0010912151590936814
1432.9242272713507,1432.9242272713507,1.0020726291683968,0.0010921331668902077
1432.9311715713468,1432.9311715713468,0.9986404205823515,0.0010906729425398537
1432.938115871319,1432.938115871319,0.9998345930383128,0.0010912037143904992
1432.9450601712567,1432.9450601712567,1.0012272886932783,0.0010914506081984698
1432.952004471183,1432.952004471183,0.9992289113205874,0.0010911621896723942
1432.9589487710857,1432.9589487710857,1.0011565829985183,0.0010918204882319742
1432.9658930709306,1432.9658930709306,0.9982624347543446,0.001090353831093735
1432.9728373707753,1432.9728373707753,1.0004409848873652,0.0010914019237148287
1432.9797816706196,1432.9797816706196,0.9996895140770381,0.0010913612722627559
1432.9867259703942,1432.9867259703942,0.999398326132531,0.0010911934968761794
1432.9936702701686,1432.9936702701686,0.998979063365445,0.0010907781127748786
1433.0006145699087,1433.0006145699087,1.000419789912143,0.0010914193325722485
1433.0075588696254,1433.0075588696254,1.0015323734091437,0.0010915678610061885
1433.0145031693069,1433.0145031693069,1.0009995791406676,0.001091599512358952
1433.0214474689656,1433.0214474689656,1.0002801596255777,0.001091025048505509
1433.028391768612,1433.028391768612,0.9988712703293956,0.001090641883837028
1433.0353360682125,1433.0353360682125,0.9989497449901013,0.001090023781868299
1433.0422803678123,1433.0422803678123,1.0016388501721438,0.0010914390263909806
1433.0492246673773,1433.0492246673773,0.9985144151517936,0.0010905532525899678
1433.0561689668843,1433.0561689668843,1.0000983767200406,0.0010908228367292334
1433.063113266403,1433.063113266403,1.0005940735371976,0.0010906433742435162
1433.070057565887,1433.070057565887,0.9993534797369021,0.0010905714201658117
1433.077001865336,1433.077001865336,1.00112129244371,0.0010910541468159088
1433.083946164773,1433.083946164773,0.9990432203518488,0.001090304710431853
1433.0908904641633,1433.0908904641633,0.9991118070753803,0.0010902901294737293
1433.0978347635541,1433.0978347635541,1.0009809047630864,0.0010909876841162266
1433.104779062898,1433.104779062898,1.000133019594291,0.0010904730940735838
1433.1117233622185,1433.1117233622185,0.9986765974416076,0.0010905401626456622
1433.118667661516,1433.118667661516,1.0011378282641283,0.0010913907353629659
1433.1256119607783,1433.1256119607783,0.9996116905325246,0.0010906989396228081
1433.132556260041,1433.132556260041,0.9988530255485385,0.0010902423960414945
1433.1395005592453,1433.1395005592453,0.99992075246343,0.001090628248074626
1433.1464448584381,1433.1464448584381,1.001164522412146,0.0010910980215448692
1433.1533891576078,1433.1533891576078,1.0002113368687742,0.0010908886517329358
1433.1603334567537,1433.1603334567537,0.9983251241996738,0.001090830336823942
1433.1672777558647,1433.1672777558647,0.9995982889008056,0.0010912837264253003
1433.1742220549527,1433.1742220549527,1.0009424100115203,0.0010911150329700357
1433.1811663540173,1433.1811663540173,1.0007546694270062,0.0010910784255545336
1433.1881106530354,1433.1881106530354,1.0005396212860815,0.0010910608326467547
1433.195054952065,1433.195054952065,0.9985414392968692,0.0010903523321368089
1433.2019992510363,1433.2019992510363,0.99859911439795,0.0010907181226220788
1433.2089435499968,1433.2089435499968,1.0008061155945591,0.0010914220258852773
1433.2158878489215,1433.2158878489215,1.00131868830913,0.00109156629375884
1433.2228321478115,1433.2228321478115,1.0009972676169583,0.0010911538020472304
1433.2297764466898,1433.2297764466898,0.9993197131327367,0.0010907038204775658
1433.2367207455331,1433.2367207455331,1.000125491932763,0.0010907071779493313
1433.243665044353,1433.243665044353,0.9994025588875888,0.0010904830089981535
1433.2506093431618,1433.2506093431618,0.9992736923448156,0.0010904488939590994
1433.2575536419236,1433.2575536419236,1.0006306608213884,0.0010903566280548835
1433.2644979406741,1433.2644979406741,0.9993809506149681,0.00109048539623639
1433.2714422393894,1433.2714422393894,0.9988477099872887,0.001089895377900067
1433.2783865380932,1433.2783865380932,1.000725627693264,0.001090615915738345
1433.285330836727,1433.285330836727,1.0013267615238006,0.0010911560989902273
1433.2922751353726,1433.2922751353726,1.0001956253256712,0.0010907452068087938
1433.2992194339834,1433.2992194339834,1.0008273789261064,0.0010908118776807936
1433.3061637325588,1433.3061637325588,0.9986110804499182,0.0010901552636850358
1433.3131080310993,1433.3131080310993,0.9988545966018597,0.0010905170686975954
1433.32005232964,1433.32005232964,1.000137012338079,0.0010904351328654286
1433.3269966281346,1433.3269966281346,0.9989552560646702,0.0010896400352536106
1433.333940926617,1433.333940926617,1.0001592432501376,0.001090684887067714
1433.340885225053,1433.340885225053,1.0003970352323177,0.0010903730013136531
1433.3478295235004,1433.3478295235004,0.9995711806008305,0.0010904358276773126
1433.35477382189,1433.35477382189,1.000405341379442,0.001090817424352589
1433.3617181202328,1433.3617181202328,0.9989397073679251,0.0010899195470787295
1433.3686624185757,1433.3686624185757,1.00010407967059,0.0010901118295517892
1433.3756067168838,1433.3756067168838,1.0020637963068524,0.001090671823600202
1433.3825510151685,1433.3825510151685,0.9993792255808993,0.0010901005052568703
1433.3894953134413,1433.3894953134413,0.9987873091663426,0.0010897609491522819
1433.3964396116562,1433.3964396116562,1.0002369273000056,0.001090351708336437
1433.4033839098593,1433.4033839098593,1.0018590758296921,0.0010908212073491006
1433.4103282080391,1433.4103282080391,0.9988407636360233,0.0010896858888826062
1433.417272506184,1433.417272506184,1.0002662968890863,0.001090094177271434
1433.4242168043288,1433.4242168043288,0.9985808255960407,0.0010893240677115929
1433.4311611024157,1433.4311611024157,1.0003364164865105,0.0010898782099002396
1433.4381054004675,1433.4381054004675,1.0008211108874523,0.0010904256663989407
1433.4450496985194,1433.4450496985194,1.0008837006923186,0.001090062502968211
1433.4519939965246,1433.4519939965246,0.9989363110058834,0.0010897906231393203
1433.4589382945064,1433.4589382945064,0.9993038784118621,0.0010896851037416155
1433.4658825924653,1433.4658825924653,0.9999111068314992,0.001090023122450759
1433.4728268904007,1433.4728268904007,0.9993505567340881,0.0010902275739588065
1433.4797711882895,1433.4797711882895,1.0021476342469822,0.0010906660928710406
1433.486715486167,1433.486715486167,0.9995788144611464,0.001089957633061546
1433.4936597840322,1433.4936597840322,0.9994584251185035,0.0010899069117347232
1433.5006040818396,1433.5006040818396,0.999514548274635,0.0010903621917938934
1433.5075483796354,1433.5075483796354,1.0010008109140376,0.001090074972692945
1433.514492677396,1433.514492677396,1.0009424945699243,0.0010903006278859245
1433.521436975122,1433.521436975122,0.9979456769063129,0.0010895231939863752
1433.5283812728362,1433.5283812728362,0.998974273848512,0.0010897787761258244
1433.5353255705154,1433.5353255705154,1.000650459912101,0.0010901439393088358
1433.5422698681716,1433.5422698681716,1.0015159826869788,0.0010906505264432936
1433.5492141657926,1433.5492141657926,1.000081228635779,0.0010900534795840748
1433.556158463402,1433.556158463402,1.0003130178746769,0.0010900753507608507
1433.5631027609647,1433.5631027609647,0.9997547607781829,0.0010899838803355298
1433.5700470585157,1433.5700470585157,0.9996876402544549,0.0010900566269820516
1433.5769913560325,1433.5769913560325,0.9997703956031012,0.0010899274314206124
1433.598379792173,1433.598379792173,0.9990105744626089,0.0010908433104487862
1433.6089351242465,1433.6089351242465,1.0008054470191898,0.0010920386062052818
1433.615879421588,1433.615879421588,1.000287760846064,0.0010915569282644803
1433.6228237189184,1433.6228237189184,1.0010697042678762,0.001091661296218307
1433.6297680162133,1433.6297680162133,0.999437446450232,0.0010913998266240395
1433.6367123134967,1433.6367123134967,0.9993087262249432,0.0010912243100868629
1433.6436566107336,1433.6436566107336,0.9992004943025041,0.001091407991466998
1433.650600907959,1433.650600907959,1.0008220718287881,0.0010914808314602552
1433.6575452051493,1433.6575452051493,1.0008268645254526,0.0010917234677382706
1433.6644895023048,1433.6644895023048,0.9996181591306297,0.001091216913851886
1433.6714337994367,1433.6714337994367,0.999321541429415,0.0010911826295170043
1433.6783780965457,1433.6783780965457,1.0008935154817216,0.0010916510952876338
1433.6853223936196,1433.6853223936196,1.0013296538901504,0.0010918385903103196
1433.6922666906705,1433.6922666906705,0.999045552616235,0.001090717302105419
1433.6992109876862,1433.6992109876862,0.9995597982152871,0.001091114758353525
1433.706155284667,1433.706155284667,0.9994655271405071,0.001091059299773538
1433.7130995816476,1433.7130995816476,0.9998530792605254,0.0010910832076639688
1433.720043878582,1433.720043878582,1.000372715116715,0.0010911496481073014
1433.7269881754694,1433.7269881754694,0.9995247700847371,0.0010907285775444812
1433.7339324723573,1433.7339324723573,0.9998711971472634,0.0010911138199131898
1433.7408767691868,1433.7408767691868,1.0002562726738033,0.0010911656932138525
1433.747821066016,1433.747821066016,1.000988638853959,0.0010915322809722998
1433.7547653627994,1433.7547653627994,1.0006837366068577,0.0010914570317910263
1433.7617096595702,1433.7617096595702,0.9995910569307325,0.0010911284659935894
1433.768653956295,1433.768653956295,1.0004049655038059,0.0010911710042163145
1433.7755982530084,1433.7755982530084,0.9998553228270435,0.0010909443642816963
1433.7825425496862,1433.7825425496862,0.9985005261153749,0.001090639207084626
1433.789486846341,1433.789486846341,0.9992220420373432,0.0010909553728717198
1433.7964311429378,1433.7964311429378,1.0003673901272532,0.0010916931604170626
1433.8033754395342,1433.8033754395342,1.001300754891194,0.0010915522298709838
1433.8103197360847,1433.8103197360847,1.0002875264160913,0.0010912277174514096
1433.8172640326227,1433.8172640326227,1.0004478661766165,0.001091439039884314
1433.8242083291143,1433.8242083291143,1.0019417572192895,0.0010922956892777426
1433.8311526256064,1433.8311526256064,0.9996248193212871,0.0010911204035555042
1433.8380969220516,1433.8380969220516,0.9992894463713444,0.0010912110078055163
1433.8450412184507,1433.8450412184507,1.0003909536563984,0.0010916199626620124
1433.8519855148609,1433.8519855148609,1.000824188164179,0.001091741363640997
1433.8589298112129,1433.8589298112129,0.999335156373272,0.001091501377384742
1433.86587410753,1433.86587410753,0.9980753616823609,0.001091119012163307
1433.872818403824,1433.872818403824,1.0000202538859781,0.001091491347108603
1433.879762700095,1433.879762700095,1.00074419300967,0.001091534864470199
1433.8867069963421,1433.8867069963421,1.000114652040165,0.001091222547248512
1433.8936512925548,1433.8936512925548,1.0003297043026913,0.001091316946125903
1433.9005955887205,1433.9005955887205,1.0007637175951731,0.0010917765986107897
1433.907539884886,1433.907539884886,0.999734436107226,0.0010911248727389535
1433.914484180994,1433.914484180994,0.9993141760441088,0.0010908365478461603
1433.921428477102,1433.921428477102,1.0002059245572095,0.0010911404752687224
1433.9283727731627,1433.9283727731627,1.0002234024271022,0.0010909531337001497
1433.935317069189,1433.935317069189,0.9987732210658328,0.0010904074656067416
1433.9422613651923,1433.9422613651923,1.0004190564465059,0.0010908869735214359
1433.9492056611716,1433.9492056611716,1.0011345817637463,0.001091304971286279
1433.956149957105,1433.956149957105,0.9983312404924151,0.0010905461079062585
1433.9630942530148,1433.9630942530148,1.000722400659146,0.0010911820106944959
1433.9700385489127,1433.9700385489127,1.0006845418268235,0.0010912078329208298
1433.9769828447643,1433.9769828447643,1.0007696287207763,0.0010910642420861644
1433.9839271405926,1433.9839271405926,0.998860091653734,0.001090680506504751
1433.9908714363744,1433.9908714363744,1.0001032512286687,0.0010913047123460346
1433.9978157321443,1433.9978157321443,0.9996693255493913,0.0010910424441526278
1434.0047600278913,1434.0047600278913,1.001152008740793,0.0010914891330053185
1434.0117043235914,1434.0117043235914,0.9991693403600301,0.0010909279855870532
1434.0186486192683,1434.0186486192683,0.9998600189488972,0.0010910997266175202
1434.025592914922,1434.025592914922,0.9996231063356562,0.001091404374071549
1434.0325372105292,1434.0325372105292,1.0004448815975233,0.0010915149450327194
1434.039481506113,1434.039481506113,0.9996921084111683,0.0010911938989926757
1434.0464258016734,1434.0464258016734,1.0002250709446983,0.001091362784554853
1434.053370097199,1434.053370097199,0.9993134224364105,0.0010911288803239628
1434.060314392678,1434.060314392678,1.0013094945895311,0.0010914770945692662
1434.0672586881574,1434.0672586881574,1.0008377225146954,0.0010917008908443572
1434.0742029835897,1434.0742029835897,0.9987121553339285,0.0010903566811224113
1434.0811472789992,1434.0811472789992,0.9995126965281246,0.0010911277011017811
1434.0880915743733,1434.0880915743733,0.9992636403986677,0.0010910982047802737
1434.0950358697123,1434.0950358697123,1.001071542775243,0.0010916688735042473
1434.1019801650286,1434.1019801650286,1.0004522671913936,0.0010913542429175503
1434.10892446031,1434.10892446031,1.0005950460846775,0.0010914441568120414
1434.1158687555676,1434.1158687555676,0.9999192714688114,0.0010915034323804224
1434.1228130507675,1434.1228130507675,0.9984388326030678,0.0010907438013187287
1434.129757345955,1434.129757345955,0.9990704749032915,0.0010910853161403226
1434.1367016411318,1434.1367016411318,1.0016327493111277,0.0010921460804446026
1434.1436459362617,1434.1436459362617,1.00006311849595,0.0010916064672444443
1434.150590231368,1434.150590231368,0.9990257522635837,0.0010913445900353135
1434.157534526428,1434.157534526428,1.0017209380416565,0.0010918404724078131
1434.1644788214646,1434.1644788214646,0.9998879696532272,0.0010910691846003238
1434.1714231164663,1434.1714231164663,1.0007107904226682,0.0010913863169892996
1434.1783674114447,1434.1783674114447,0.9992022293157348,0.0010910596176967
1434.1853117064002,1434.1853117064002,0.9992002639395043,0.0010912022953199368
1434.1922560013088,1434.1922560013088,0.998445664229029,0.0010907655970838874
1434.199200296194,1434.199200296194,1.0015217859625203,0.0010921778129287225
1434.2061445910326,1434.2061445910326,1.0008952065654335,0.0010920000318381327
1434.2130888858599,1434.2130888858599,1.000342995242446,0.0010916462334872015
1434.2200331806405,1434.2200331806405,0.9981862416503668,0.0010909719226216334
1434.226977475398,1434.226977475398,1.0000859646680031,0.0010918561988566978
1434.2339217701317,1434.2339217701317,1.0008687488381764,0.0010917754517293654
1434.240866064819,1434.240866064819,0.9992210124541119,0.0010914396370609704
1434.2478103594951,1434.2478103594951,0.9999138220855647,0.0010914408132619525
1434.254754654101,1434.254754654101,1.001268369730614,0.0010918991936304198
1434.2616989487071,1434.2616989487071,0.9994813701804673,0.001091446346485949
1434.26864324329,1434.26864324329,0.9996666016988642,0.00109154535431147
1434.275587537826,1434.275587537826,1.000511625236215,0.0010912034871622123
1434.282531832327,1434.282531832327,1.0007813350266122,0.0010914102231459133
1434.2894761267933,1434.2894761267933,0.9996873159877605,0.001091033115406363
1434.2964204212476,1434.2964204212476,0.9983527799944778,0.0010908417256613285
1434.3033647156678,1434.3033647156678,0.9991503372032151,0.0010911195949621611
1434.3103090100408,1434.3103090100408,1.0014525465178767,0.0010918801251486457
1434.3172533043903,1434.3172533043903,1.0009798289853304,0.001091247544608112
1434.3241975987055,1434.3241975987055,0.9982092096085108,0.001090709564286528
1434.3311418929852,1434.3311418929852,1.0011061718441252,0.0010911726796645122
1434.338086187242,1434.338086187242,0.9999660918397553,0.001090956864813961
1434.345030481452,1434.345030481452,0.9994510929452736,0.001090595482958775
1434.351974775639,1434.351974775639,1.0009876392552584,0.0010907961091495943
1434.3589190698026,1434.3589190698026,0.9999812704371343,0.001090966487850697
1434.3658633639195,1434.3658633639195,0.9998966291286487,0.0010906240939932191
1434.372807658013,1434.372807658013,1.0008012511117974,0.0010912119314960699
1434.3797519520608,1434.3797519520608,0.9991048776908956,0.0010911756739688072
1434.3866962460845,1434.3866962460845,1.0001365290922508,0.0010908644756921044
1434.3936405400966,1434.3936405400966,1.000298661654983,0.0010912182134156236
1434.4005848340507,1434.4005848340507,0.999994896986301,0.0010910746921617594
1434.4075291279928,1434.4075291279928,0.9988732732779086,0.0010906292147586862
1434.4144734218771,1434.4144734218771,0.9994967426785136,0.001090869489284986
1434.4214177157496,1434.4214177157496,1.0002191578109942,0.0010910781264332381
1434.4283620095755,1434.4283620095755,1.0011269454159888,0.0010911838767772245
1434.4353063033782,1434.4353063033782,0.9993469568630517,0.0010902836302570744
1434.4422505971693,1434.4422505971693,1.000255593093741,0.001090360408435862
1434.4491948909024,1434.4491948909024,0.999949187828987,0.0010904671373677022
1434.4561391845768,1434.4561391845768,1.000041713352727,0.0010905474243076835
1434.4630834782515,1434.4630834782515,0.9997489855674158,0.0010901262243828472
1434.4700277718914,1434.4700277718914,1.0010593794250782,0.0010904050290558999
1434.476972065496,1434.476972065496,0.9983339389531511,0.0010898426086613274
1434.4839163590657,1434.4839163590657,1.0016445849203535,0.0010906710703519242
1434.4908606525892,1434.4908606525892,0.9997035170655388,0.0010903329513505212
1434.497804946101,1434.497804946101,0.9990484444965524,0.0010902997884698687
1434.5047492395893,1434.5047492395893,1.0006438338634784,0.0010904830380879726
1434.5116935330077,1434.5116935330077,0.9999688665303917,0.0010905050353783683
1434.5186378264143,1434.5186378264143,0.9997644528540619,0.0010904718788831036
1434.5255821197866,1434.5255821197866,0.9991142005728999,0.001090663435117308
1434.5325264131232,1434.5325264131232,1.0011944116086948,0.001091107850343611
1434.5394707064256,1434.5394707064256,1.0012440945972654,0.0010914830389482566
1434.5464149997044,1434.5464149997044,0.999722588710035,0.0010911722998016135
1434.5533592929366,1434.5533592929366,0.9978115331800061,0.0010905215515957033
1434.5603035861454,1434.5603035861454,1.0019250276716862,0.001092128932594185
1434.5672478792962,1434.5672478792962,1.0002078233942668,0.001091392822515294
1434.5741921724473,1434.5741921724473,0.9985280089947992,0.001090699741076852
1434.5811364655517,1434.5811364655517,0.9994563275927778,0.0010912285577404186
1434.588080758609,1434.588080758609,1.0000304939386289,0.0010915642035531534
1434.5950250516548,1434.5950250516548,0.999389733333728,0.0010911042480385462
1434.6019693446544,1434.6019693446544,0.9992555953284471,0.0010911916699144863
1434.608913637619,1434.608913637619,1.003389476537777,0.0010926143887855025
1434.6158579305602,1434.6158579305602,1.0002896276657984,0.0010914032871266782
1434.622802223455,1434.622802223455,0.9998650016663065,0.0010918135325415793
1434.6297465163143,1434.6297465163143,1.000421168817578,0.0010916446397299618
1434.6366908091627,1434.6366908091627,0.9984316092574647,0.001091146556224203
1434.6436351019524,1434.6436351019524,0.9998716715826985,0.0010912479718377956
1434.650579394719,1434.650579394719,0.9999580994089848,0.00109148136600675
1434.6575236874507,1434.6575236874507,0.9985746492736982,0.0010911740556345541
1434.6644679801357,1434.6644679801357,1.0001284949448912,0.0010916821617553201
1434.6714122727976,1434.6714122727976,1.0011340448867838,0.0010919914622298864
1434.678356565413,1434.678356565413,1.0018763292290136,0.0010924353458654102
1434.6853008580283,1434.6853008580283,0.9982352228957353,0.0010908599252518372
1434.6922451505739,1434.6922451505739,0.9998629748354247,0.0010913325260979642
1434.6991894430844,1434.6991894430844,1.0004478672024992,0.001091377196105858
1434.7061337355829,1434.7061337355829,0.9988640124605137,0.0010907187094714372
1434.7130780280236,1434.7130780280236,0.9994405172513318,0.0010906898483374267
1434.7200223204406,1434.7200223204406,0.999116654732612,0.0010906785502914642
1434.7269666128234,1434.7269666128234,1.000954625193812,0.0010911144460013474
1434.7339109051711,1434.7339109051711,1.0020290415480049,0.0010916178344988756
1434.7408551974718,1434.7408551974718,1.0001035077697187,0.0010913141971606057
1434.7477994897495,1434.7477994897495,1.0002351620100043,0.0010911165410755165
1434.754743782004,1434.754743782004,1.0000406884295954,0.0010912854685494306
1434.7616880742116,1434.7616880742116,1.000122414599802,0.001091171927242767
1434.7686323663847,1434.7686323663847,1.0004599776105265,0.0010914490574932267
1434.7755766585226,1434.7755766585226,0.9987090573069961,0.0010910788419442805
1434.782520950614,1434.782520950614,0.9992861559639218,0.0010914699628891051
1434.789465242682,1434.789465242682,0.9977762988284568,0.0010907172395359015
1434.7964095347033,1434.7964095347033,0.9997343165295977,0.0010915012264230398
1434.8033538266902,1434.8033538266902,0.9997909927902544,0.0010915448816760263
1434.8102981186653,1434.8102981186653,1.0012000194325763,0.0010923453768138878
1434.817242410582,1434.817242410582,1.0026430975907141,0.0010931447921456055
1434.8241867024753,1434.8241867024753,1.0003887737537165,0.0010932773218357717
1434.8311309943338,1434.8311309943338,1.001506284288039,0.0010939477150430335
1434.8380752861344,1434.8380752861344,1.0027122531080188,0.0010945440102834395
1434.845019577923,1434.845019577923,1.0019000988726727,0.0010950904009020663
1434.8519638696653,1434.8519638696653,0.9971047751441049,0.0010940196983914336
1434.8589081613611,1434.8589081613611,0.9944168730542818,0.0010934463860336992
1434.865852453045,1434.865852453045,0.9929903198261558,0.0010944823200518751
1434.8727967446705,1434.8727967446705,0.9957614200388643,0.0010979730630881245
1434.879741036273,1434.879741036273,0.9961094456050459,0.0010986284975615435
1434.88668532784,1434.88668532784,0.9975928134570606,0.0010995262738636535
1434.8936296193497,1434.8936296193497,0.9968415014594502,0.0010992772982065181
1434.9005739108475,1434.9005739108475,0.9970177532284794,0.0010990600942500566
1434.9075182022984,1434.9075182022984,0.9960650101420905,0.0010989859229260624
1434.9144624937032,1434.9144624937032,0.9971299300995146,0.0010991974305781557
1434.921406785096,1434.921406785096,0.9960110985926702,0.0010981992548482848
1434.9283510764308,1434.9283510764308,0.9942974897616293,0.0010969200554231458
1434.9352953677305,1434.9352953677305,0.9948081957687405,0.001095655171874576
1434.9422396590069,1434.9422396590069,0.9937861144623248,0.0010941699586182938
1434.9491839502366,1434.9491839502366,0.9963224742634313,0.0010944971376651946
1434.9561282414202,1434.9561282414202,0.9983680688646945,0.00109463439743479
1434.9630725325917,1434.9630725325917,1.005362665873936,0.0010961061988780552
1434.970016823717,1434.970016823717,1.001845551271642,0.0010940574645224943
1434.9769611147842,1434.9769611147842,1.0023521099086454,0.0010937293380069715
1434.9839054058277,1434.9839054058277,1.0027601125681596,0.0010932512889352455
1434.9908496968364,1434.9908496968364,1.0000581640269979,0.0010918946232606058
1434.9977939878102,1434.9977939878102,0.9990459593121654,0.0010914009418048587
1435.0047382787375,1435.0047382787375,1.001701606642513,0.0010913910338523018
1435.0116825696298,1435.0116825696298,1.0006783217509758,0.001090893309904872
1435.0186268604639,1435.0186268604639,0.9994308060144663,0.0010903744773774215
1435.0255711512864,1435.0255711512864,0.9989503192049828,0.0010907635572849435
1435.0325154420857,1435.0325154420857,0.9996927061122578,0.0010910645059633369
1435.0394597328382,1435.0394597328382,1.0018529296375074,0.0010916639047744011
1435.0464040235327,1435.0464040235327,0.9989139402526737,0.0010909324020185384
1435.053348314204,1435.053348314204,1.0000429255912284,0.001091358470819316
1435.06029260484,1435.06029260484,0.998048008946383,0.0010908296482785816
1435.0672368954179,1435.0672368954179,1.0002096139730008,0.00109168101474525
1435.0741811859957,1435.0741811859957,0.9998815303097442,0.0010916136315088129
1435.0811254764808,1435.0811254764808,1.000436245771347,0.0010918125612072135
1435.0880697669659,1435.0880697669659,1.0006966735063376,0.0010917478113695984
1435.0950140573925,1435.0950140573925,1.0001628676367786,0.0010916295860590895
1435.1019583477844,1435.1019583477844,1.0017025195321876,0.0010922980411794945
1435.1089026381528,1435.1089026381528,0.9984446314805726,0.0010910646253278805
1435.1158469284744,1435.1158469284744,1.0019689125169786,0.00109237092379712
1435.1227912187614,1435.1227912187614,0.9993425375346302,0.0010916159809690777
1435.1297355090132,1435.1297355090132,1.0007914138061835,0.0010918452748528225
1435.1366797992073,1435.1366797992073,0.9995370057692682,0.0010914975815488912
1435.1436240893665,1435.1436240893665,0.9999104644491738,0.0010915409212871878
1435.1505683795017,1435.1505683795017,1.001068959356927,0.0010921205333667048
1435.1575126695793,1435.1575126695793,0.9976790046791988,0.0010910557993937266
1435.1644569596217,1435.1644569596217,1.0013087014046786,0.0010921381564792027
1435.171401249641,1435.171401249641,1.0000383471822156,0.0010915120577937938
1435.178345539602,1435.178345539602,0.9997946087760706,0.0010915808217505062
1435.1852898295278,1435.1852898295278,1.0003990872694442,0.0010917071170673995
1435.192234119419,1435.192234119419,1.000770187761487,0.0010916238230472982
1435.1991784092638,1435.1991784092638,0.9993037996179354,0.0010911731964898081
1435.2061226990618,1435.2061226990618,1.0000292911956552,0.001091633686445078
1435.2130669888484,1435.2130669888484,0.9991416987116036,0.0010913867177641309
1435.2200112785763,1435.2200112785763,1.0005605411026848,0.001091697933242806
1435.226955568258,1435.226955568258,1.0003490367210035,0.0010916110389009065
1435.2338998579164,1435.2338998579164,0.9992832806953942,0.0010914578822484573
1435.2408441475045,1435.2408441475045,1.0010003870627466,0.001092213625987311
1435.2477884370815,1435.2477884370815,0.9999118622367252,0.0010915085011575227
1435.2547327266118,1435.2547327266118,0.9996319905002105,0.0010912273183489277
1435.2616770160955,1435.2616770160955,0.9989987823213735,0.0010909447504006038
1435.2686213055445,1435.2686213055445,1.000104178788784,0.0010916638424005444
1435.2755655949347,1435.2755655949347,1.0005175823118098,0.0010917651892018666
1435.2825098843018,1435.2825098843018,0.9993122984583781,0.0010914543105494034
1435.2894541736346,1435.2894541736346,1.0020297182256102,0.0010924509428374828
1435.2963984629203,1435.2963984629203,1.000295633362542,0.0010921895409628849
1435.3033427521598,1435.3033427521598,1.0005473594997665,0.0010919197385120538
1435.310287041364,1435.310287041364,0.9992374642490087,0.0010919318903583651
1435.3172313305215,1435.3172313305215,0.9985681966140169,0.0010916390042598212
1435.3241756196326,1435.3241756196326,0.9980629245711492,0.001091827493571251
1435.3311199087088,1435.3311199087088,1.001957968104135,0.0010930751252785063
1435.3380641977506,1435.3380641977506,1.0002010107488646,0.0010926526070837547
1435.3450084867338,1435.3450084867338,0.9996299252674076,0.0010925879554013749
1435.3519527756937,1435.3519527756937,1.0003803404545828,0.001092395957785307
1435.3588970645837,1435.3588970645837,1.001216791709469,0.0010926565858239002
1435.3658413534617,1435.3658413534617,0.9983050169872083,0.0010918641701346957
1435.3727856422934,1435.3727856422934,0.9997582195228096,0.0010919340770011673
1435.3797299310786,1435.3797299310786,1.0009898869240348,0.001092048881037373
1435.3866742198175,1435.3866742198175,0.9998190027975111,0.0010915820995220516
1435.3936185085095,1435.3936185085095,1.000095203536469,0.00109174265243339
1435.400562797155,1435.400562797155,1.0001661074936563,0.0010916064102685838
1435.4075070857887,1435.4075070857887,0.9994951410301869,0.0010914081510588363
1435.414451374353,1435.414451374353,1.000344900088992,0.0010919416622615342
1435.4213956628585,1435.4213956628585,0.9989687337264183,0.0010917222957016529
1435.4283399513529,1435.4283399513529,1.001171072277521,0.0010918468557396285
1435.4352842398125,1435.4352842398125,1.0008393606316783,0.0010919459654222326
1435.442228528213,1435.442228528213,0.9998219651432901,0.0010916060316993642
1435.449172816556,1435.449172816556,0.9997230422976514,0.0010920663961546766
1435.456117104887,1435.456117104887,0.998998458766963,0.0010916037463001784
1435.4630613931483,1435.4630613931483,0.999638763296845,0.0010919518070803469
1435.4700056813867,1435.4700056813867,1.0001248705682488,0.0010923548621041752
1435.4769499695667,1435.4769499695667,1.0016150878219798,0.0010925496276272333
1435.4838942576996,1435.4838942576996,0.9997968082977874,0.0010919226386529354
1435.4908385457982,1435.4908385457982,0.9999005898466828,0.0010925167890405616
1435.49778283385,1435.49778283385,0.9990607284282005,0.0010919678015443202
1435.504727121855,1435.504727121855,1.0000019834923333,0.0010921698863416486
1435.5116714098256,1435.5116714098256,0.9981743004129356,0.0010915150059724456
1435.518615697761,1435.518615697761,1.0011040963719455,0.0010922909912706614
1435.525559985615,1435.525559985615,1.0004268674557188,0.0010918975676209182
1435.5325042734453,1435.5325042734453,1.000809086277942,0.0010916469864093515
1435.5394485612526,1435.5394485612526,0.9998204016404711,0.0010915913844203678
1435.5463928489785,1435.5463928489785,0.9996045236731611,0.0010913447810513269
1435.5533371366812,1435.5533371366812,0.999713213251504,0.0010911595138753118
1435.560281424349,1435.560281424349,1.0010936103879093,0.0010915899455834106
1435.567225711935,1435.567225711935,1.000432653540394,0.0010912004584062566
1435.5741699995092,1435.5741699995092,0.9994332725615779,0.0010911326657540826
1435.5811142870257,1435.5811142870257,1.0003007081935626,0.001091836408334046
1435.5880585744953,1435.5880585744953,0.9998091507212317,0.0010917284883731604
1435.5950028619304,1435.5950028619304,0.9982792329067001,0.00109108681270669
1435.6019471493187,1435.6019471493187,0.9988486816937637,0.001091506879653668
1435.6088914366603,1435.6088914366603,1.0010921768236531,0.001092287521874994
1435.6158357239435,1435.6158357239435,1.000355016245356,0.001092042667066734
1435.6227800111806,1435.6227800111806,0.9991135638492947,0.0010919606957717717
1435.6297242983942,1435.6297242983942,1.0009897901424127,0.0010924430473331793
1435.6366685855496,1435.6366685855496,0.9988453674010765,0.0010917604333967198
1435.6436128726587,1435.6436128726587,1.0011051467876775,0.001091923725372422
1435.650557159709,1435.650557159709,1.000025934315082,0.0010919191337203612
1435.6575014467364,1435.6575014467364,0.9991579894293856,0.0010915530466860481
1435.6644457337054,1435.6644457337054,1.0000960154808018,0.0010920666198771791
1435.6713900206282,1435.6713900206282,1.0004339444979824,0.0010916103207782124
1435.6783343074926,1435.6783343074926,1.000994647495312,0.001092033159881297
1435.6852785943336,1435.6852785943336,1.0006563927949197,0.0010916157053324238
1435.6922228811281,1435.6922228811281,1.0008069263442567,0.0010913084594704643
1435.699167167853,1435.699167167853,0.9986339958053074,0.0010909834115167471
1435.7061114545425,1435.7061114545425,1.0000686790928206,0.0010908778818873148
1435.7130557411858,1435.7130557411858,0.9988686185365264,0.001090478521242909
1435.7200000277826,1435.7200000277826,1.0010429161351353,0.0010915336440816457
1435.726944314321,1435.726944314321,0.9996629922665322,0.001090751346529945
1435.7338886008245,1435.7338886008245,0.9989881936144442,0.0010909468606430399
1435.7408328872696,1435.7408328872696,1.000538019989604,0.0010915267183044623
1435.7477771736799,1435.7477771736799,1.0004706587564571,0.0010911328186101997
1435.7547214600436,1435.7547214600436,1.0001848362902068,0.0010904926657182084
1435.761665746349,1435.761665746349,1.0001876810350463,0.0010908478059968804
1435.7686100326084,1435.7686100326084,1.000477040151744,0.0010910471079947478
1435.7755543188325,1435.7755543188325,0.9985498852526632,0.0010901363245542387
1435.7824986049984,1435.7824986049984,1.00117122682988,0.0010908794193743988
1435.7894428910943,1435.7894428910943,0.9982787052087085,0.0010894563847162106
1435.7963871771667,1435.7963871771667,1.0009017876551298,0.0010905960545695645
1435.803331463193,1435.803331463193,1.000864413608323,0.0010909123742363922
1435.8102757491615,1435.8102757491615,0.9996425417832357,0.001090602522830197
1435.8172200350825,1435.8172200350825,0.9983469179124393,0.0010905484053531018
1435.8241643209576,1435.8241643209576,1.0003738552268113,0.0010909157787578295
1435.8311086067622,1435.8311086067622,0.9999774256491951,0.0010908246914190821
1435.838052892544,1435.838052892544,1.0001902106043625,0.0010909448857104303
1435.844997178268,1435.844997178268,0.9990984130248887,0.0010905878531478719
1435.8519414639447,1435.8519414639447,1.000038912347407,0.00109105260926745
1435.8588857495752,1435.8588857495752,1.0012895934457409,0.0010918427669398497
1435.865830035147,1435.865830035147,0.9990876982734,0.0010909895071164793
1435.872774320661,1435.872774320661,1.0014564081931023,0.0010920054645823327
1435.8797186061402,1435.8797186061402,0.9980702915603727,0.0010902040558938386
1435.8866628915725,1435.8866628915725,0.9993414427940944,0.0010906993625975415
1435.8936071769472,1435.8936071769472,1.0005532121835314,0.0010910531087006705
1435.9005514622634,1435.9005514622634,0.9995793371725789,0.0010905573914611673
1435.9074957475443,1435.9074957475443,1.0002584091431794,0.0010908791539937853
1435.9144400327673,1435.9144400327673,0.9995482718035354,0.0010910311145293098
1435.9213843179318,1435.9213843179318,1.0022362081682605,0.0010915162557107842
1435.9283286030613,1435.9283286030613,1.0006904107456247,0.0010915341904927703
1435.935272888133,1435.935272888133,0.9989585807193115,0.0010905888667318037
1435.9422171731464,1435.9422171731464,1.0012188360646852,0.001091120605917991
1435.949161458125,1435.949161458125,1.0003680007750106,0.0010910425999221087
1435.9561057430335,1435.9561057430335,0.998095653728283,0.0010903769750699073
1435.963050027907,1435.963050027907,0.99998579601226,0.0010912925349888573
1435.9699943127112,1435.9699943127112,1.0003499330467722,0.0010910773069854557
1435.9769385974564,1435.9769385974564,1.0000431044708908,0.0010909853250809357
1435.9838828821673,1435.9838828821673,1.0011185069919748,0.0010914029386905996
1435.9908271668432,1435.9908271668432,0.999861681048279,0.001091130094199678
1435.9977714514491,1435.9977714514491,0.9992985659565168,0.0010910274216794187
1436.0047157360084,1436.0047157360084,1.0000695711067684,0.0010909317476084696
1436.0116600205097,1436.0116600205097,1.001939625386732,0.001091398711866127
1436.0186043049641,1436.0186043049641,0.9986058505486058,0.001089966958337334
1436.0255485893492,1436.0255485893492,0.9992256717753409,0.0010906382761910736
1436.0324928736873,1436.0324928736873,1.0008343442101886,0.0010912357477571646
1436.0394371579785,1436.0394371579785,0.9989988422160112,0.0010908117371917496
1436.0463814422121,1436.0463814422121,1.000415630612261,0.0010912338067610007
1436.0533257264105,1436.0533257264105,0.9999693104746367,0.001091069086396789
1436.0602700105508,1436.0602700105508,1.0002940661672253,0.0010908328135616377
1436.0672142946096,1436.0672142946096,1.0003620867573881,0.00109075167824741
1436.074158578645,1436.074158578645,0.9992965010587793,0.0010908298554418887
1436.0811028626108,1436.0811028626108,1.0004306926846667,0.001090647616661215
1436.08804714653,1436.08804714653,1.000360251086445,0.0010908295817153638
1436.094991430379,1436.094991430379,0.9995216334616632,0.001090715124554357
1436.1019357141934,1436.1019357141934,0.9993841918081146,0.00109031293514897
1436.1088799979493,1436.1088799979493,1.0011152659422848,0.0010912241456590625
1436.1158242816475,1436.1158242816475,1.0001863145988783,0.0010909960083588677
1436.1227685652989,1436.1227685652989,0.9991978652334612,0.0010914710401039853
1436.1297128488684,1436.1297128488684,1.0003355772852582,0.0010915978702746392
1436.136657132415,1436.136657132415,0.9999483814435403,0.001091729577728954
1436.1436014159035,1436.1436014159035,0.9985325475640877,0.0010919735278561023
1436.1505456993452,1436.1505456993452,1.00074053269593,0.0010933753911123556
1436.1574899827056,1436.1574899827056,1.0009491138708737,0.0010946472370795873
1436.164434266019,1436.164434266019,0.9998218722892716,0.0010947736387522944
1436.1713785492746,1436.1713785492746,1.0003550147121893,0.0010959687041184624
1436.178322832495,1436.178322832495,1.000948014342844,0.0010974764459296745
1436.1852671156573,1436.1852671156573,0.9993151614252025,0.0010982913274363653
1436.1922113987503,1436.1922113987503,0.9985647516027276,0.0010995769528348686
1436.1991556817843,1436.1991556817843,1.0001910694238885,0.00110150983442414
1436.206099964784,1436.206099964784,0.9995890646628129,0.0011027899602813987
1436.2130442476903,1436.2130442476903,1.0002425306743141,0.0011047445639204645
1436.219988530573,1436.219988530573,1.0006415097957617,0.0011070898602118006
1436.2269328133864,1436.2269328133864,1.0008578821065641,0.0011092802088764843
1436.2338770961528,1436.2338770961528,1.0000502208637714,0.0011117955720119821
1436.240821378861,1436.240821378861,0.9997948980042419,0.0011140102013109147
1436.2477656615113,1436.2477656615113,0.9990363105008686,0.001116132327931695
1436.254709944092,1436.254709944092,1.0005337955137086,0.0011193555546820983
1436.2616542266371,1436.2616542266371,0.9998433879823472,0.0011221626236352692
1436.2685985091125,1436.2685985091125,0.9999935099181168,0.0011248594757739341
1436.2755427915297,1436.2755427915297,0.9980223265315302,0.0011270465783232695
1436.282487073901,1436.282487073901,1.0018815558951064,0.001130609816093463
1436.2894313562015,1436.2894313562015,1.0002526768282398,0.0011331955259680651
1436.2963756384559,1436.2963756384559,0.998877105434375,0.001135581843168206
1436.3033199206407,1436.3033199206407,1.0015165657425815,0.001139066539966174
1436.3102642028014,1436.3102642028014,0.9987543411508248,0.0011413009582138408
1436.3172084848698,1436.3172084848698,1.0001837246727334,0.001144632358899985
1436.324152766891,1436.324152766891,1.0012775954841027,0.0011480125943265653
1436.3310970488546,1436.3310970488546,0.9994030388284788,0.0011500375069627684
1436.3380413307482,1436.3380413307482,1.0008068727925852,0.001154580031788297
1436.344985612618,1436.344985612618,0.9987223996766676,0.0011567724788824917
1436.3519298943952,1436.3519298943952,0.9996827703091128,0.00115997214588096
1436.3588741761257,1436.3588741761257,0.9988841658208963,0.0011631296205838453
1436.3658184577976,1436.3658184577976,1.0004002805728036,0.0011675822896380313
1436.3727627394233,1436.3727627394233,1.0011768171804265,0.001170885386074265
1436.3797070209794,1436.3797070209794,0.9989680504535468,0.0011744039327337547
1436.3866513024889,1436.3866513024889,1.0020027077033355,0.0011789330360762469
1436.3935955839165,1436.3935955839165,1.0007909444712697,0.0011820502197672572
1436.4005398653092,1436.4005398653092,0.999990766981196,0.0011865593092195356
1436.4074841466322,1436.4074841466322,0.9998385818931286,0.0011904601269150201
1436.4144284278857,1436.4144284278857,0.9984089742298522,0.001194366252305922
1436.4213727091037,1436.4213727091037,0.999183076677603,0.001199882101198951
1436.428316990264,1436.428316990264,1.0008914219871272,0.0012054862639302387
1436.435261271354,1436.435261271354,1.0007663744058017,0.0012106352600352794
1436.442205552386,1436.442205552386,0.9982565910485139,0.0012154972360225477
1436.4491498333714,1436.4491498333714,0.9997875989498194,0.0012212940620539238
1436.4560941142754,1436.4560941142754,1.001924473546812,0.0012278616455320098
1436.4630383951444,1436.4630383951444,0.9992801212801712,0.0012332223420123928
1436.4699826759436,1436.4699826759436,0.9989232656035192,0.0012394859175535269
1436.4769269566843,1436.4769269566843,0.9999560329828245,0.0012455240208434557
1436.4838712373792,1436.4838712373792,0.9999788253961732,0.0012521410828264432
1436.4908155179917,1436.4908155179917,1.0003064414030383,0.00125834368664562
1436.497759798558,1436.497759798558,1.0006571504306936,0.0012644562667908144
1436.5047040790662,1436.5047040790662,1.0015288422006223,0.0012717986556480666
1436.5116483595164,1436.5116483595164,0.9995891066340488,0.0012784483200424129
1436.518592639908,1436.518592639908,0.9993271714901166,0.0012846700651989603
1436.5255369202298,1436.5255369202298,1.001647141694929,0.0012921818106531862
1436.5324812005051,1436.5324812005051,0.996382736831262,0.001297778745830971
1436.539425480722,1436.539425480722,1.0012491820231206,0.001305543679675807
1436.5463697608807,1436.5463697608807,1.0006909767644177,0.0013120701174662098
1436.5533140409584,1436.5533140409584,0.9976339726023886,0.0013176023429239615
1436.5602583210127,1436.5602583210127,1.000432935363643,0.0013240462149126985
1436.5672026009852,1436.5672026009852,0.9993187949457066,0.0013299260035642343
1436.5741468809229,1436.5741468809229,1.0012174782265664,0.00133688404947379
1436.588313211721,1436.588313211721,0.999361658425453,0.0013473055888722815
1436.60609056781,1436.60609056781,0.9998640759312651,0.0013606304142867718
1436.6130348474096,1436.6130348474096,0.9998079902132663,0.0013662981770728839
1436.6199791269514,1436.6199791269514,1.000934882635256,0.0013723899710102292
1436.626923406447,1436.626923406447,0.9994032994673828,0.0013782603097566054
1436.633867685849,1436.633867685849,1.0011434214323356,0.0013845965392008208
1436.6408119652278,1436.6408119652278,1.0019830430178875,0.0013909187475313494
1436.6477562445486,1436.6477562445486,0.9985102274207573,0.0013961597689483415
1436.6547005237994,1436.6547005237994,1.0018052566897473,0.0014027083350564293
1436.6616448029922,1436.6616448029922,0.9989887849739543,0.0014081220159998112
1436.668589082138,1436.668589082138,1.0012290399312405,0.0014150590650569307
1436.6755333612261,1436.6755333612261,0.9992959793782159,0.0014213162387062936
1436.682477640256,1436.682477640256,0.998378074191417,0.0014278006562035857
1436.689421919227,1436.689421919227,1.000024583853153,0.0014356301436690728
1436.6963661981408,1436.6963661981408,0.999493761459418,0.0014435477510987814
1436.703310477007,1436.703310477007,1.0010075440589798,0.0014517708421245353
1436.7102547558154,1436.7102547558154,0.9996687881798589,0.0014607649660801352
1436.7171990345657,1436.7171990345657,1.0000416002976673,0.0014695330804130038
1436.7241433132692,1436.7241433132692,1.0012216897356558,0.0014785169803678846
1436.7310875918918,1436.7310875918918,1.000821934909235,0.001487153631174867
1436.7380318704909,1436.7380318704909,0.9989030015903412,0.0014949916070298936
1436.7449761490316,1436.7449761490316,0.997912397426199,0.0015035109553105954
1436.7519204275256,1436.7519204275256,1.0020440303836717,0.0015129452654684312
1436.7588647059501,1436.7588647059501,0.9989931549404985,0.0015202624995869795
1436.7658089843276,1436.7658089843276,1.0007607183558218,0.0015297193512535162
1436.7727532626702,1436.7727532626702,0.9990934821829255,0.0015378641576240253
1436.7796975409196,1436.7796975409196,1.0000766717605805,0.0015463423438000254
1436.7866418191466,1436.7866418191466,1.000031574071085,0.0015549481032562725
1436.7935860973146,1436.7935860973146,1.001228249895007,0.0015637038986635507
1436.8005303754476,1436.8005303754476,1.0003890062699399,0.0015735452123851004
1436.8074746535115,1436.8074746535115,0.9990359680296083,0.0015831728092818027
1436.814418931528,1436.814418931528,1.0017702963855346,0.001593681555734874
1436.8213632095217,1436.8213632095217,1.0011381627418392,0.0016036262142091382
1436.8283074874457,1436.8283074874457,0.9995485834291346,0.0016138243899992682
1436.8352517653225,1436.8352517653225,0.9986341792301439,0.0016243153440678175
1480.6744841801358,1480.6744841801358,0.9991163793310344,0.0020616761070701792
1491.6395005124796,1491.6395005124796,0.9999743491501659,0.002147579573367479
1491.6464448128768,1491.6464448128768,0.999460994533343,0.002145542486903827
1491.6533891133208,1491.6533891133208,1.0021050196798784,0.002140128297860491
1491.660333413823,1491.660333413823,0.9997320188130938,0.002132774201228459
1491.6672777143717,1491.6672777143717,1.000215525524137,0.0021266399109270842
1491.6742220149667,1491.6742220149667,0.9992621628610424,0.002122400881554174
1491.681166315597,1491.681166315597,0.9987392656999908,0.0021206599190561775
1491.688110616274,1491.688110616274,1.0004285821456396,0.0021168630334167373
1491.6950549170203,1491.6950549170203,1.0018809165558775,0.0021133824647821386
1491.7019992177902,1491.7019992177902,0.9995418392931613,0.002104353406453566
1491.7089435186185,1491.7089435186185,0.9999638637289433,0.002101909394322045
1491.7158878194698,1491.7158878194698,1.0000852191667506,0.0021015877649291415
1491.7228321203797,1491.7228321203797,1.000505921979612,0.002097823380764003
1491.7297764213358,1491.7297764213358,0.9972322110832202,0.0020957289293885516
1491.736720722315,1491.736720722315,1.001785395764318,0.0020905910849080217
1491.7436650233294,1491.7436650233294,0.9999009964310528,0.0020833996939390153
1491.7506093243903,1491.7506093243903,0.9999759436409834,0.0020811119485313985
1491.7575536254976,1491.7575536254976,0.9985521440054296,0.0020797401783810635
1491.7644979266283,1491.7644979266283,1.0015405617491608,0.002080044467148664
1491.7714422278061,1491.7714422278061,0.9984662982518266,0.002075129167100731
1491.7783865290064,1491.7783865290064,0.9970697928507459,0.002072589925463977
1491.785330830242,1491.785330830242,1.000988468624995,0.0020671969983242196
1491.792275131536,1491.792275131536,1.0001275246228953,0.00206740716250526
1491.7992194328294,1491.7992194328294,1.0033613342479184,0.002061866629990711
1491.8061637341814,1491.8061637341814,0.9984736416341373,0.0020592649268681732
1491.813108035557,1491.813108035557,1.0001152478577975,0.002059813553628039
1491.820052336967,1491.820052336967,0.9994433442829429,0.002052980008340006
1491.8269966384003,1491.8269966384003,1.0001371424648453,0.0020531395132276373
1491.8339409398802,1491.8339409398802,1.0003415977871082,0.0020514557288475468
1491.8408852413718,1491.8408852413718,1.0017090387118426,0.0020498608005946185
1491.8478295428984,1491.8478295428984,0.9995074799707633,0.002046327945911827
1491.8547738444488,1491.8547738444488,0.9999032302534012,0.002042758885582492
1491.861718146057,1491.861718146057,1.0019510299114978,0.002039431604871559
1491.8686624476645,1491.8686624476645,0.9987467171255761,0.0020410789972134602
1491.8756067493193,1491.8756067493193,0.9995351926057292,0.0020388308063378916
1491.8825510509741,1491.8825510509741,0.9996858760170703,0.002037697881823202
1491.8894953526635,1491.8894953526635,0.9996411541655081,0.0020383635470662582
1491.8964396543997,1491.8964396543997,1.0011201189749581,0.002037359847892369
1491.9033839561475,1491.9033839561475,1.0020284028514015,0.0020359313129980966
1491.9103282579185,1491.9103282579185,0.9992305331784666,0.002036968988582059
1491.9172725597127,1491.9172725597127,0.9992455133390589,0.0020355888582787667
1491.9242168615306,1491.9242168615306,0.9985528252919286,0.0020298921191697953
1491.9311611633595,1491.9311611633595,0.998557386683272,0.002031949469342032
1491.938105465259,1491.938105465259,1.0001544830313722,0.002031017906515029
1491.9450497671346,1491.9450497671346,1.00011379668423,0.002036461941794551
1491.951994069057,1491.951994069057,1.0010514585659098,0.0020304045375976313
1491.9589383709792,1491.9589383709792,1.001701707831637,0.002036878855872994
1491.9658826729483,1491.9658826729483,1.0005690757260584,0.002029267154791789
1491.972826974929,1491.972826974929,1.0011857809515547,0.002032806011066384
1491.979771276921,1491.979771276921,0.9977480829058027,0.0020290781236344062
1491.9867155789484,1491.9867155789484,0.9994271635068219,0.0020281639463528216
1491.9936598809877,1491.9936598809877,0.9991772926210745,0.0020295933447158367
1492.0006041830377,1492.0006041830377,0.9993070569882347,0.0020295145896263825
1492.0075484851232,1492.0075484851232,1.0000101213096058,0.0020282097080776044
1492.0144927872204,1492.0144927872204,1.0020479549727566,0.002030039431253611
1492.0214370893636,1492.0214370893636,0.9994904981363858,0.002033529300417134
1492.0283813914607,1492.0283813914607,1.001489027116025,0.00203026303487105
1492.035325693651,1492.035325693651,0.9998697303657185,0.002029001122955868
1492.0422699957944,1492.0422699957944,0.998546510951491,0.0020286041179293996
1492.0492142979963,1492.0492142979963,1.0001882757752971,0.0020300185201620686
1492.05615860021,1492.05615860021,0.9997196275983541,0.0020314614800243476
1492.063102902423,1492.063102902423,1.0015230272808249,0.0020328455798437044
1492.0700472046597,1492.0700472046597,0.999898975196607,0.0020326062609442143
1492.0769915069197,1492.0769915069197,0.9991416933325807,0.002033087564202468
1492.0839358091912,1492.0839358091912,0.9998402559675414,0.0020304226301042184
1492.090880111486,1492.090880111486,0.9993625105133302,0.0020309926886852383
1492.097824413793,1492.097824413793,1.0014744171089551,0.0020314138866683287
1492.104768716111,1492.104768716111,0.9983847567089251,0.00202983039477169
1492.111713018429,1492.111713018429,1.0003887118463535,0.0020339844807051827
1492.1186573207938,1492.1186573207938,1.0009379155245546,0.002033329849640682
1492.1256016231587,1492.1256016231587,0.9993919248451799,0.0020329489804040857
1492.1325459255352,1492.1325459255352,1.000191466556096,0.0020347655055404264
1492.1394902279235,1492.1394902279235,1.0011881806642067,0.0020301111371164473
1492.146434530335,1492.146434530335,0.9993148341166185,0.0020290208141563503
1492.1533788327692,1492.1533788327692,0.9994899133511657,0.002031679779247398
1492.160323135204,1492.160323135204,0.9993258538694466,0.0020349962519213083
1492.167267437639,1492.167267437639,1.0002086338377547,0.00203054534650715
1492.1742117400734,1492.1742117400734,1.0008514748099628,0.0020309869431599918
1492.1811560425663,1492.1811560425663,1.0019313367462042,0.0020316453450375167
1492.1881003450476,1492.1881003450476,0.9993227853216012,0.002032789480185577
1492.1950446475398,1492.1950446475398,0.9976709875380946,0.0020314020991525957
1492.2019889500561,1492.2019889500561,1.0018053042442465,0.0020285267282057038
1492.2089332525725,1492.2089332525725,1.0005649851450493,0.002031299080171394
1492.2158775551,1492.2158775551,1.000052691029105,0.002028967580178246
1492.2228218576395,1492.2228218576395,1.0002970059184058,0.0020368440215523353
1492.2297661602022,1492.2297661602022,0.9992047390231512,0.0020314418899920264
1492.236710462753,1492.236710462753,1.000550404987864,0.0020357736530714583
1492.2436547653388,1492.2436547653388,1.0017056495443322,0.0020304498501633917
1492.2505990679135,1492.2505990679135,0.9995634894944276,0.0020361776230750856
1492.2575433705224,1492.2575433705224,0.9983348167796147,0.00203184072701328
1492.2644876731315,1492.2644876731315,0.9993680007547334,0.002029179530688632
1492.2714319757526,1492.2714319757526,1.0001911524289888,0.0020306581904950666
1492.2783762783736,1492.2783762783736,0.9988376402110216,0.0020309858945982686
1492.2853205810181,1492.2853205810181,0.9989835653978278,0.002032089379535129
1492.2922648836623,1492.2922648836623,0.9993954313519161,0.0020289686354336245
1492.2992091863184,1492.2992091863184,1.0010876521099383,0.002033734474240667
1492.3061534889853,1492.3061534889853,0.9997467225711597,0.0020326584283272614
1492.3130977916644,1492.3130977916644,1.0035500290776318,0.002032752805734058
1492.3200420943438,1492.3200420943438,1.004135302548826,0.0020359743019912916
1492.326986397034,1492.326986397034,1.0041246394463186,0.0020348482662175893
1492.3339306997366,1492.3339306997366,1.005688106973301,0.0020391126139760836
1492.3408750024626,1492.3408750024626,1.0014314747157365,0.0020394019815551984
1492.3478193051878,1492.3478193051878,0.9961164470667129,0.0020431309367464913
1492.3547636079136,1492.3547636079136,0.9950770857016222,0.0020451625588113215
1492.3617079106393,1492.3617079106393,0.9954111647441358,0.002044076092785633
1492.3686522133646,1492.3686522133646,0.9952607179815454,0.002044885426498434
1492.3755965161486,1492.3755965161486,0.9948806221802068,0.0020480884250651454
1492.382540818898,1492.382540818898,0.995708903178059,0.0020473087648940395
1492.389485121658,1492.389485121658,0.9964956007367153,0.0020512375952326627
1492.396429424442,1492.396429424442,0.9979221378937618,0.002053711720480255
1492.403373727226,1492.403373727226,0.997166828138164,0.0020552533447817396
1492.4103180300212,1492.4103180300212,0.9925229715479261,0.002048558892368347
1492.4172623328168,1492.4172623328168,0.9945904845708426,0.0020485594267898007
1492.4242066356126,1492.4242066356126,0.9946404884608725,0.0020454136568466745
1492.431150938431,1492.431150938431,0.9951946675062034,0.0020493584076149885
1492.4380952412387,1492.4380952412387,0.9952449793431348,0.0020456852376038183
1492.4450395440695,1492.4450395440695,0.9958128289671432,0.0020412404618352802
1492.4519838469112,1492.4519838469112,1.0020499343818197,0.002042664870775889
1492.4589281497415,1492.4589281497415,1.0040276180874135,0.002040334331958803
1492.4658724525837,1492.4658724525837,1.0040958733490153,0.00203852514430225
1492.4728167554374,1492.4728167554374,0.9993702895448404,0.0020323742312225164
1492.4797610583023,1492.4797610583023,1.0019031255962898,0.002034217049612419
1492.4867053611679,1492.4867053611679,1.0009730593305441,0.0020310208541135803
1492.4936496640453,1492.4936496640453,0.9999623841968607,0.0020291710075939105
1492.5005939669104,1492.5005939669104,0.9999321895894452,0.002033565691024198
1492.5075382697873,1492.5075382697873,1.000073059467891,0.0020266147141410405
1492.514482572688,1492.514482572688,0.9978714783651753,0.002030519334596412
1492.521426875576,1492.521426875576,0.9993243185207928,0.002029605389849789
1492.5283711784764,1492.5283711784764,1.0012158438727496,0.002029118701247521
1492.535315481377,1492.535315481377,0.9995692135756729,0.002032397802339083
1492.5422597842885,1492.5422597842885,0.9987340305201841,0.0020300129517543865
1492.5492040872007,1492.5492040872007,1.0015571905951812,0.002029910336878173
1492.5561483901242,1492.5561483901242,1.000514659518314,0.0020325321825700703
1492.5630926930476,1492.5630926930476,0.9998539689311453,0.002033859036986858
1492.5700369959827,1492.5700369959827,0.9987938701679019,0.002031200473013385
1492.5769812989183,1492.5769812989183,1.0007172858205915,0.0020279126980896874
1492.583925601853,1492.583925601853,0.9994147225518735,0.0020325921072678276
1492.5908699048,1492.5908699048,0.9998623225414818,0.0020322905399106526
1492.597814207759,1492.597814207759,0.9991713212129975,0.002028321004724994
1492.6047585107176,1492.6047585107176,1.0018266337854955,0.002031666509437739
1492.6117028136757,1492.6117028136757,1.0005604529494705,0.0020318346528757545
1492.6186471166343,1492.6186471166343,0.9987906590332196,0.002031004559444918
1492.625591419605,1492.625591419605,0.9993853059059623,0.0020294673331627605
1492.6325357225862,1492.6325357225862,1.0014559799928964,0.0020313610504608713
1492.6394800255446,1492.6394800255446,0.9988304987420843,0.0020307098410644684
1492.6464243285498,1492.6464243285498,1.0013396663378127,0.0020306941165745135
1492.6533686315195,1492.6533686315195,0.9990739860304885,0.002028886763732292
1492.6603129345365,1492.6603129345365,0.9993863111543856,0.0020356551388344916
1492.6672572374953,1492.6672572374953,1.0011861722879385,0.002033247188455093
1492.6742015405116,1492.6742015405116,0.9994191321119686,0.0020303706914539406
1492.6811458435284,1492.6811458435284,0.9995955476880412,0.0020286609622385317
1492.6880901465452,1492.6880901465452,1.000335895973516,0.0020339755509474183
1492.6950344495615,1492.6950344495615,0.9994722251916498,0.0020329621410752185
1492.70197875252,1492.70197875252,0.9993684914504959,0.002027058003479575
1492.7089230555837,1492.7089230555837,1.0011923640027274,0.002034769722325547
1492.7158673586116,1492.7158673586116,0.999788131468148,0.002033415079310131
1492.7228116616284,1492.7228116616284,1.0013849640474275,0.0020361033199080532
1492.7297559646452,1492.7297559646452,0.9992944210785719,0.0020324405724316537
1492.7367002676617,1492.7367002676617,1.0020077767121869,0.002032691754317771
1492.7436445707249,1492.7436445707249,0.9980640161944537,0.002032326678531378
1492.7505888737537,1492.7505888737537,0.9996725224476382,0.0020334281900203214
1492.757533176794,1492.757533176794,0.9989355516248197,0.0020304143782665044
1492.7644774798453,1492.7644774798453,1.0004570889527642,0.0020338859882401547
1492.7714217828966,1492.7714217828966,0.9991759779388648,0.002033180747329623
1492.778366085937,1492.778366085937,1.0001499127921352,0.0020295145187759303
1492.7853103890116,1492.7853103890116,1.00119509464862,0.0020303514805803144
1492.7922546920634,1492.7922546920634,1.0024298674384788,0.002034329462430714
1492.7991989951267,1492.7991989951267,0.9997817156697162,0.0020323807992513356
1492.8061432981897,1492.8061432981897,0.9999442354656292,0.0020332004273400156
1492.813087601253,1492.813087601253,1.0002225915258858,0.002032689538050556
1492.8200319043285,1492.8200319043285,0.9996930966751247,0.0020314620092710214
1492.826976207403,1492.826976207403,0.9989437765898179,0.002030797477890121
1492.8339205104778,1492.8339205104778,1.0005203052308496,0.00203293760890147
1492.8408648135646,1492.8408648135646,0.9981136272109291,0.0020320881818972217
1492.8478091166508,1492.8478091166508,0.9997030210839112,0.002032438416926804
1492.8547534197255,1492.8547534197255,1.0019998640923287,0.0020323095358056654
1492.8616977228126,1492.8616977228126,1.002138552431197,0.002032038845786636
1492.8686420258987,1492.8686420258987,0.9987293873606415,0.002027958051800866
1492.8755863290087,1492.8755863290087,0.9997651377994542,0.0020332302552079785
1492.8825306320953,1492.8825306320953,0.9995305675553767,0.002029561071734806
1492.8894749351934,1492.8894749351934,1.0002174453410126,0.002032549960053479
1492.8964192382914,1492.8964192382914,0.9992599282791937,0.002031775393592154
1492.9033635414012,1492.9033635414012,1.0007619960452123,0.0020308176695516865
1492.910307844511,1492.910307844511,0.9998100900553425,0.002026984288695558
1492.9172521476094,1492.9172521476094,0.9986539122985253,0.0020288499703022427
1492.9241964507194,1492.9241964507194,1.0027237755007996,0.0020265592667569636
1492.9311407538412,1492.9311407538412,0.9990181706491882,0.0020308679916739036
1492.9380850569507,1492.9380850569507,0.9983429340321364,0.0020283153734612486
1492.9450293600607,1492.9450293600607,1.0009633866993597,0.0020301886601382163
1492.9519736631942,1492.9519736631942,0.9993211732092029,0.0020292160736278698
1492.958917966315,1492.958917966315,0.999183941967982,0.0020245056480680734
1492.9658622694365,1492.9658622694365,1.0022317760222292,0.0020310587095943838
1492.972806572558,1492.972806572558,1.001002707806394,0.0020287168227290466
1492.9797508756908,1492.9797508756908,1.0002500483437973,0.002030534212705172
1492.9866951788242,1492.9866951788242,0.9978017717030883,0.0020315999935561295
1492.9936394819574,1492.9936394819574,1.000835488020663,0.002033290253246046
1493.0005837850904,1493.0005837850904,1.0008818035227052,0.002029835440619458
1493.0075280882234,1493.0075280882234,0.999535496727687,0.002027633255662853
1493.0144723913681,1493.0144723913681,1.0000034961908622,0.00203093003456435
1493.021416694501,1493.021416694501,0.9979754941690133,0.002027926844915927
1493.028360997646,1493.028360997646,1.0003329924137367,0.00203223324308919
1493.0353053007912,1493.0353053007912,0.999675287278882,0.0020325776799834253
1493.0422496039355,1493.0422496039355,1.0006074586531133,0.002029505770837852
1493.049193907092,1493.049193907092,0.9997008334460962,0.0020310447403634906
1493.056138210225,1493.056138210225,1.0008672876962676,0.0020298701290385975
1493.063082513393,1493.063082513393,1.000526543617064,0.0020313277755235684
1493.0700268165378,1493.0700268165378,1.0003624466220535,0.002032563385083344
1493.0769711196829,1493.0769711196829,0.9999363748339144,0.002031716276506605
1493.0839154228506,1493.0839154228506,1.0000834752496524,0.002030402943187456
1493.090859726007,1493.090859726007,0.9990121531483702,0.0020308904600586024
1493.0978040291752,1493.0978040291752,1.0004431200693162,0.0020346130931814584
1493.1047483323318,1493.1047483323318,0.9996109887215467,0.0020336054340325503
1493.1116926354996,1493.1116926354996,1.0003142310083395,0.0020323047748148364
1493.1186369386562,1493.1186369386562,1.0003779419529046,0.002033633937724259
1493.1255812418244,1493.1255812418244,0.9995440021936084,0.0020297960680213086
1493.1325255449804,1493.1325255449804,1.0021746529680755,0.002036700315906504
1493.1394698481486,1493.1394698481486,1.0003265165981918,0.002034387921304067
1493.14641415134,1493.14641415134,1.0020609437074617,0.00203286121629981
1493.1533584544961,1493.1533584544961,0.9983460866787004,0.002035508292012195
1493.160302757676,1493.160302757676,0.999915040397298,0.0020346998312413987
1493.167247060856,1493.167247060856,1.0005357614193116,0.002034546726236441
1493.1741913640235,1493.1741913640235,1.00005107362187,0.0020323151458878134
1493.181135667203,1493.181135667203,1.0005262109227908,0.0020306985940363874
1493.1880799703831,1493.1880799703831,1.0000241009197741,0.0020302673906845356
1493.1950242735625,1493.1950242735625,0.9995538725110059,0.002029046342265282
1493.201968576754,1493.201968576754,0.999023802239042,0.0020337080685970733
1493.2089128799337,1493.2089128799337,0.9996564915413296,0.0020329109364643555
1493.2158571831133,1493.2158571831133,1.001141709258073,0.0020328655102938875
1493.2228014862926,1493.2228014862926,1.0004284239243453,0.0020321652619176983
1493.2297457894842,1493.2297457894842,1.0013095542156798,0.0020310284266908535
1493.2366900926754,1493.2366900926754,1.0000378958539968,0.0020310517800979306
1493.2436343958666,1493.2436343958666,1.0007116843248973,0.0020333596276947696
1493.2505786990582,1493.2505786990582,0.9979541399311345,0.0020326440025956504
1493.2575230022494,1493.2575230022494,0.9980520457680147,0.0020290786312153826
1493.2644673054406,1493.2644673054406,1.0023297796275341,0.0020297770752086912
1493.271411608632,1493.271411608632,1.0004471147486922,0.0020297491712549273
1493.2783559118357,1493.2783559118357,1.000080233461738,0.002034945306878394
1493.2853002150264,1493.2853002150264,0.9989529473256017,0.002033835139804557
1493.2922445182296,1493.2922445182296,1.0011727951791656,0.0020326456229601175
1493.299188821421,1493.299188821421,0.9987365409219343,0.002031949842759686
1493.3061331246236,1493.3061331246236,0.999401411871767,0.0020341474474735574
1493.3130774278268,1493.3130774278268,1.0002173554681417,0.0020316262023670007
1493.32002173103,1493.32002173103,0.9999723224053831,0.0020358772938179194
1493.3269660342326,1493.3269660342326,0.9997709147554499,0.002032664166386952
1493.3339103374356,1493.3339103374356,1.0010831479590467,0.0020310755346002935
1493.3408546406386,1493.3408546406386,0.9996008562153108,0.002029100391564496
1493.3477989438413,1493.3477989438413,0.9997998533823098,0.0020343410911729466
1493.354743247056,1493.354743247056,1.0010363063956467,0.002034643768740051
1493.3616875502591,1493.3616875502591,1.000775026673244,0.0020354024757063553
1493.3686318534735,1493.3686318534735,0.9986427112588844,0.0020324306273239363
1493.375576156688,1493.375576156688,1.0016459915101663,0.0020355172111893556
1493.382520459891,1493.382520459891,0.9987315883372899,0.0020318859990356673
1493.3894647631057,1493.3894647631057,1.0017667920159838,0.0020328223344585786
1493.39640906632,1493.39640906632,1.0002909521693153,0.0020304550203035926
1493.4033533695233,1493.4033533695233,0.9983891143163091,0.0020323827195015925
1493.4102976727495,1493.4102976727495,0.9991280680287501,0.0020314196998273146
1493.4172419759639,1493.4172419759639,1.0009793855828222,0.0020322215740125444
1493.4241862791787,1493.4241862791787,1.0008767552895232,0.002033653418874665
1493.4311305823933,1493.4311305823933,1.0001736495541143,0.0020302293848855095
1493.4380748856192,1493.4380748856192,1.0001561959016558,0.0020323524517240673
1493.445019188834,1493.445019188834,0.9985558287349088,0.002030127250793839
1493.4519634920603,1493.4519634920603,0.9993973842438587,0.002031353234971624
1493.4589077952749,1493.4589077952749,1.002170835463802,0.0020323306203383616
1493.4658520985015,1493.4658520985015,1.0006976566379426,0.0020356334007325607
1493.472796401716,1493.472796401716,0.9991285901456658,0.0020327738758603112
1493.4797407049423,1493.4797407049423,0.9999814489711432,0.002030307520403835
1493.4866850081685,1493.4866850081685,1.0000024550020399,0.0020297564197341755
1493.493629311395,1493.493629311395,0.9992531794716306,0.0020295104503970365
1493.5005736146209,1493.5005736146209,0.9994009080798305,0.0020323615879642566
1493.507517917847,1493.507517917847,0.999910620804845,0.0020316938668760174
1493.5144622210737,1493.5144622210737,1.0006714483658563,0.002031239893960905
1493.5214065242994,1493.5214065242994,1.0000425463992548,0.002032134847876603
1493.5283508275375,1493.5283508275375,1.0013414490766521,0.00202886846258491
1493.535295130752,1493.535295130752,1.0004719864893616,0.0020268968062871527
1493.54223943399,1493.54223943399,0.9988205164081594,0.002026519531282416
1493.5491837372278,1493.5491837372278,0.9982661232348619,0.0020299970625110584
1493.556128040454,1493.556128040454,1.001674852519192,0.002030373818167235
1493.5630723436802,1493.5630723436802,0.9984219239694105,0.0020282813451460934
1493.5700166469182,1493.5700166469182,1.0007612975069629,0.002030683908825483
1493.5769609501563,1493.5769609501563,1.0011380599042028,0.0020308574187565777
1493.5839052533825,1493.5839052533825,1.0011510444083733,0.0020309172582309454
1493.59084955662,1493.59084955662,0.9986554458426553,0.0020364617765244583
1493.597793859858,1493.597793859858,1.0002197360673162,0.0020301510787951033
1493.604738163096,1493.604738163096,0.9997535791601742,0.002032233934818013
1493.6116824663452,1493.6116824663452,0.9995280776751294,0.0020327160064048523
1493.6186267695716,1493.6186267695716,1.0004498191339037,0.002031602219976478
1493.6255710728094,1493.6255710728094,0.9999981031515564,0.002032906536096648
1493.632515376047,1493.632515376047,1.0004168886331168,0.002034479379984527
1493.639459679297,1493.639459679297,0.9982369275692194,0.0020301253285200374
1493.6464039825348,1493.6464039825348,0.9989383311735416,0.002032150636526662
1493.6533482857724,1493.6533482857724,1.0011363302104923,0.002033067691957575
1493.6602925890106,1493.6602925890106,1.0008513555416871,0.0020304089079604677
1493.6672368922605,1493.6672368922605,0.9995705107147025,0.0020322043215587108
1493.6741811954982,1493.6741811954982,1.000224603790335,0.0020343738895729066
1493.6811254987476,1493.6811254987476,1.0001524283454617,0.0020311064862405795
1493.6880698019975,1493.6880698019975,1.0008332510189537,0.00203093957306595
1493.6950141052353,1493.6950141052353,1.000029794984319,0.0020365910668923557
1493.7019584084846,1493.7019584084846,0.9999811422236116,0.0020284549437514566
1493.708902711734,1493.708902711734,0.9997333375287474,0.002032150984019994
1493.715847014972,1493.715847014972,1.0000862317944619,0.0020306317990202247
1493.7227913182214,1493.7227913182214,0.9990776619596173,0.0020318498799026773
1493.729735621471,1493.729735621471,1.0014678265688692,0.002035373804656692
1493.7366799247206,1493.7366799247206,0.9980954217213023,0.002032689822514743
1493.74362422797,1493.74362422797,1.0002445089873038,0.0020330243324260633
1493.7505685312194,1493.7505685312194,1.000121872904192,0.0020284749049660207
1493.757512834469,1493.757512834469,1.0004062649920191,0.002034403287023899
1493.7644571377184,1493.7644571377184,0.9980823936556249,0.002028672689572709
1493.7714014409682,1493.7714014409682,1.000608848043901,0.0020335841929045553
1493.7783457442292,1493.7783457442292,1.0005188439162436,0.0020316541488191128
1493.7852900474786,1493.7852900474786,0.9995830850952551,0.0020296907510714943
1493.7922343507282,1493.7922343507282,1.0020664870872549,0.0020350112799167866
1493.7991786539894,1493.7991786539894,1.0008223560923604,0.0020284823619062457
1493.8061229572388,1493.8061229572388,1.000266415708325,0.002033253318246278
1493.8130672605002,1493.8130672605002,0.9984492552632306,0.0020326435544174054
1493.8200115637496,1493.8200115637496,0.9998150545544426,0.002032609313766418
1493.8269558670106,1493.8269558670106,0.9993164633301538,0.0020289683407307196
1493.8339001702602,1493.8339001702602,0.9987136319408997,0.0020302093399932283
1493.8408444735214,1493.8408444735214,0.9997711074394801,0.0020351194374840452
1493.8477887767708,1493.8477887767708,1.001518430031189,0.0020353345174861444
1493.854733080032,1493.854733080032,1.0010716871959207,0.0020345095276889675
1493.8616773832932,1493.8616773832932,1.0000105222460804,0.002032260253130784
1493.868621686555,1493.868621686555,1.000674401671418,0.0020302190102852494
1493.8755659898159,1493.8755659898159,1.0003866342581251,0.0020303675119699984
1493.8825102930655,1493.8825102930655,0.9993502326400525,0.0020323927078912942
1493.8894545963262,1493.8894545963262,0.997823095591929,0.0020333224482055002
1493.8963988995995,1493.8963988995995,1.0000810294647162,0.002032936533913792
1493.9033432028605,1493.9033432028605,0.9994623560621079,0.002032953246920954
1493.9102875061217,1493.9102875061217,0.9999793489886549,0.0020340401580867477
1493.917231809371,1493.917231809371,1.0011551523528506,0.0020332901643531237
1493.924176112644,1493.924176112644,1.0004524102268018,0.0020338165650581877
1493.9311204159053,1493.9311204159053,1.0003972288886729,0.002033393011935495
1493.9380647191779,1493.9380647191779,1.0008556937248356,0.002033656704055193
1493.9450090224275,1493.9450090224275,0.9999021317933545,0.002031470973091074
1493.9519533257003,1493.9519533257003,0.9990621023401605,0.002031680267029143
1493.9588976289729,1493.9588976289729,1.000888351914477,0.002029668603876885
1493.9658419322345,1493.9658419322345,0.9991264642740925,0.002031160837847048
1493.9727862354955,1493.9727862354955,0.9987981435045725,0.00203151709183412
1493.9797305387679,1493.9797305387679,0.998909579016248,0.002035516087621738
1493.986674842041,1493.986674842041,1.0003965472185157,0.0020324796161006967
1493.9936191452903,1493.9936191452903,1.0004737191911988,0.0020301797346052733
1494.0005634485747,1494.0005634485747,0.9995689052548868,0.0020313919479635644
1494.0075077518477,1494.0075077518477,1.0028943381231301,0.00203192511396441
1494.0144520550973,1494.0144520550973,1.003100158457099,0.002030960054154918
1494.0213963583815,1494.0213963583815,0.9990371353467793,0.002030949838413859
1494.028340661654,1494.028340661654,0.9970406106771001,0.0020304819913951892
1494.0352849649155,1494.0352849649155,1.000391370965794,0.0020282651589392333
1494.0422292682001,1494.0422292682001,1.0002047518918187,0.002031977214283048
1494.049173571461,1494.049173571461,1.0020721553352232,0.002030660443288746
1494.056117874734,1494.056117874734,1.0013904332814447,0.00203100820425183
1494.0630621780188,1494.0630621780188,0.9985553046477346,0.0020309869729919065
1494.0700064812677,1494.0700064812677,0.9992965172288045,0.0020297631390415525
1494.076950784564,1494.076950784564,0.997683135234255,0.0020322499945905656
1494.083895087825,1494.083895087825,0.9997600030042815,0.002030383056626211
1494.0908393910981,1494.0908393910981,0.9993035257779693,0.0020310420470294006
1494.097783694383,1494.097783694383,1.0026862728217945,0.002029339991376758
1494.104727997644,1494.104727997644,1.0004444811974529,0.00203008415874257
1494.1116723009397,1494.1116723009397,0.999734155066389,0.00203372929815141
1494.1186166041894,1494.1186166041894,1.000288835800004,0.002032395247000105
1494.1255609074974,1494.1255609074974,0.9990420941129579,0.002029959307706777
1494.1325052107466,1494.1325052107466,1.0011435791883794,0.002033198407897511
1494.1394495140428,1494.1394495140428,1.0007061473040924,0.002036979862774676
1494.146393817304,1494.146393817304,1.0002432001683295,0.0020319353343108176
1494.1533381206,1494.1533381206,0.9990587480742089,0.0020297672363580833
1494.1602824238612,1494.1602824238612,0.9995512678322201,0.002030737770696864
1494.1672267271688,1494.1672267271688,0.9994559681892465,0.0020341874940353858
1494.1741710304182,1494.1741710304182,0.998796494084646,0.002033779889890821
1494.1811153337262,1494.1811153337262,0.9997585331338488,0.0020344452921053115
1494.1880596369756,1494.1880596369756,1.0010669370510061,0.0020355516198999396
1494.1950039402834,1494.1950039402834,1.0000685385476447,0.00203440458687901
1494.2019482435444,1494.2019482435444,1.001857366707246,0.0020343980261292778
1494.2088925468404,1494.2088925468404,0.9999455368797339,0.0020305539410609046
1494.2158368501252,1494.2158368501252,0.9996968239235624,0.002032438885172453
1494.2227811533978,1494.2227811533978,0.9999767759366209,0.0020369764175388627
1494.2297254567054,1494.2297254567054,0.9989201428165077,0.002030507465036672
1494.236669759955,1494.236669759955,0.9993774519697005,0.002034072361854231
1494.2436140632626,1494.2436140632626,0.9982385194688298,0.002032325377940187
1494.250558366547,1494.250558366547,1.0009756251744588,0.002031336423187361
1494.25750266982,1494.25750266982,1.0014728926602356,0.0020371105514857693
1494.2644469731276,1494.2644469731276,1.0004592981468412,0.0020383659715982327
1494.2713912763886,1494.2713912763886,1.0012235270047045,0.002033783126300265
1494.2783355796848,1494.2783355796848,0.9990504051612398,0.002032987242653043
1494.2852798829929,1494.2852798829929,0.9992760134220993,0.0020301211472227763
1494.292224186242,1494.292224186242,0.9998717384578917,0.0020318152972473875
1494.2991684895499,1494.2991684895499,0.9999889337321417,0.002030898954245142
1494.3061127928577,1494.3061127928577,0.9998377458322871,0.002030831840590831
1494.313057096107,1494.313057096107,1.0007550240008065,0.0020306286640379865
1494.3200013994149,1494.3200013994149,1.0009462003405478,0.002033500842658701
1494.3269457027225,1494.3269457027225,0.999665432784575,0.002035025629865929
1494.333890005984,1494.333890005984,1.0004950161452295,0.002032601211269078
1494.3408343092804,1494.3408343092804,0.998702080048632,0.0020306481555616663
1494.3477786125882,1494.3477786125882,0.9997979494395682,0.002032582038927434
1494.3547229158837,1494.3547229158837,0.9998490011968275,0.0020300369088762683
1494.3616672191451,1494.3616672191451,0.9985323519875247,0.0020310436596049186
1494.368611522453,1494.368611522453,1.0001280195555053,0.0020323547223470625
1494.3755558257603,1494.3755558257603,1.0013122076157193,0.002037439953654542
1494.3825001290566,1494.3825001290566,1.000435802541872,0.0020319106611200828
1494.389444432318,1494.389444432318,0.9997854702384024,0.0020310368302431836
1494.3963887356254,1494.3963887356254,1.0016163509727611,0.00203290951155339
1494.4033330389332,1494.4033330389332,1.0000672990618733,0.002029982089983791
1494.410277342241,1494.410277342241,0.9985487293743007,0.002033945860598466
1494.4172216455138,1494.4172216455138,0.9999531649200464,0.00203073988650033
1494.4241659487982,1494.4241659487982,0.9997077643397866,0.002032090443602489
1494.4311102521058,1494.4311102521058,0.9994885379150006,0.0020340372512931753
1494.4380545554136,1494.4380545554136,0.9986730254788372,0.0020325423689818035
1494.4449988587212,1494.4449988587212,1.0019696447893545,0.0020333192667897847
1494.451943162029,1494.451943162029,0.9990924522296785,0.0020306871694125675
1494.4588874652786,1494.4588874652786,1.0005577147607592,0.002030823276589588
1494.4658317685862,1494.4658317685862,1.0001812829399432,0.0020321769612243216
1494.472776071894,1494.472776071894,1.00045534310496,0.0020302105196855413
1494.4797203752019,1494.4797203752019,1.0007012398661508,0.0020304919599070407
1494.486664678509,1494.486664678509,0.9989469707434708,0.0020291056744919434
1494.493608981817,1494.493608981817,1.0005405582667255,0.00203145530920399
1494.5005532851249,1494.5005532851249,0.999784768723378,0.0020324408887580545
1494.5074975884324,1494.5074975884324,0.9997341914504222,0.0020329203947415378
1494.5144418916939,1494.5144418916939,0.9995034297503496,0.0020307084344013035
1494.5213861949899,1494.5213861949899,1.0003156479220714,0.002030957045797953
1494.5283304982972,1494.5283304982972,1.000143452210335,0.0020279777428519096
1494.5352748016053,1494.5352748016053,0.9999901979827056,0.002033053441561688
1494.542219104913,1494.542219104913,0.9995728692873618,0.0020279859175446144
1494.5491634082205,1494.5491634082205,0.9996202291167536,0.0020315826275492535
1494.5561077115283,1494.5561077115283,1.0000645859756936,0.002033840901233877
1494.563052014836,1494.563052014836,0.9999269094493399,0.0020279002444696533
1494.5699963181437,1494.5699963181437,0.9998995941045923,0.0020322901157996225
1494.5769406214517,1494.5769406214517,1.0010350236096892,0.002028615109412554
1494.5838849247593,1494.5838849247593,1.0013463874874202,0.0020291323498843558
1494.590829228067,1494.590829228067,0.9998307614451667,0.0020333463143410615
1494.597773531375,1494.597773531375,1.000459682696895,0.0020334568738237086
1494.6047178346828,1494.6047178346828,0.9988466489511895,0.0020337583169202514
1494.6116621379908,1494.6116621379908,0.9988009458649522,0.0020341311434243503
1494.6186064412982,1494.6186064412982,0.9988416769088835,0.0020321412887718687
1494.625550744606,1494.625550744606,1.0003246660016596,0.002030807669315769
1494.6324950479136,1494.6324950479136,1.0009294422596784,0.002028726064804102
1494.6394393512214,1494.6394393512214,1.0000594985580242,0.0020343644335397448
1494.6463836545292,1494.6463836545292,1.000783804508892,0.0020317440708571047
1494.6533279578368,1494.6533279578368,1.0019590476107931,0.002030871249798408
1494.6602722611558,1494.6602722611558,0.9982811343274811,0.0020327443040152977
1494.6672165645107,1494.6672165645107,1.0000582414268917,0.0020302425679344822
1494.674160867818,1494.674160867818,0.9998532004841749,0.0020289160390902596
1494.6811051711256,1494.6811051711256,0.9985405833358811,0.0020294791688628437
1494.6880494744335,1494.6880494744335,0.9992910617378741,0.002028352253295217
1494.6949937777413,1494.6949937777413,1.0003182089816807,0.0020298677631653884
1494.7019380810489,1494.7019380810489,1.001399044983617,0.00203336561938564
1494.708882384357,1494.708882384357,1.0011683010436219,0.002032176868502491
1494.7158266876763,1494.7158266876763,0.9997153884056462,0.00203487632520029
1494.72277099103,1494.72277099103,1.0004863782112952,0.0020322160790973336
1494.7297152943381,1494.7297152943381,0.99961476167841,0.002033040266475234
1494.736659597646,1494.736659597646,1.0000471111345488,0.002029045510498894
1494.7436039009533,1494.7436039009533,0.9988192369025505,0.002028842199101914
1494.7505482042613,1494.7505482042613,0.998609701780439,0.00203144587622284
1494.7574925076156,1494.7574925076156,1.0005080580705878,0.0020303546540029072
1494.7644368109347,1494.7644368109347,0.99938186488899,0.002029375764438446
1494.7713811142423,1494.7713811142423,1.0015326241123286,0.0020292425303721365
1494.7783254175506,1494.7783254175506,1.0010967408155524,0.0020307440075338283
1494.7852697208814,1494.7852697208814,0.9982860515516739,0.0020300212800083506
1494.7961028340762,1494.7961028340762,1.000745499042824,0.002030257388186927
1494.8088803521625,1494.8088803521625,1.0011447739213117,0.0020298226959263575
1494.8158246555286,1494.8158246555286,1.0010604020738898,0.0020353185805278514
1494.8233245031008,1494.8233245031008,1.0001820285341414,0.0020320350244771163
1494.831102122805,1494.831102122805,1.0005306064988264,0.0020358702891088124
1494.8380464261595,1494.8380464261595,0.9984799472565644,0.002034839944320265
1494.8449907294794,1494.8449907294794,0.9945086307916007,0.0020352860708713564
1494.8519350327867,1494.8519350327867,0.9930098255208193,0.002035385683915192
1494.8588793361293,1494.8588793361293,0.9959043885318788,0.002048358566448659
1494.8658236394604,1494.8658236394604,0.996659045043774,0.002054787061910775
1494.8727679427682,1494.8727679427682,0.9955103897949142,0.002057682566639164
1494.8797122461224,1494.8797122461224,0.9949287688023218,0.002054128067758684
1494.8866565494418,1494.8866565494418,0.9968835277594469,0.002052797974217529
1494.893600852761,1494.893600852761,0.9979719124017766,0.002048109434077222
1494.9005451561154,1494.9005451561154,0.9947415183780757,0.002050564160462801
1494.9074894594232,1494.9074894594232,0.9957861348796362,0.0020523177282744166
1494.9144337627663,1494.9144337627663,0.9942651848999542,0.0020495918365480387
1494.921378066097,1494.921378066097,0.9933825663332826,0.0020449472378054273
1494.9283223694165,1494.9283223694165,0.992394770525236,0.0020426269923334954
1494.9352666727711,1494.9352666727711,0.9915206410706972,0.0020441097879539986
1494.9422109760785,1494.9422109760785,0.9930213042399751,0.0020446886755111733
1494.9491552794445,1494.9491552794445,0.9986408926944239,0.00203874051626282
1494.9560995827521,1494.9560995827521,1.0011740169809404,0.00203733110953904
1494.9630438861063,1494.9630438861063,1.0027928619089328,0.0020392504682903248
1494.969988189426,1494.969988189426,1.0017615205100572,0.002036121048302179
1494.9769324927804,1494.9769324927804,1.0014004498090965,0.0020320278570805433
1494.9838767960994,1494.9838767960994,1.000463025422615,0.0020326177739053977
1494.9908210994536,1494.9908210994536,0.9999971702276511,0.002030475454902101
1494.9977654027734,1494.9977654027734,0.9975227298615532,0.002032386022947108
1495.0047097061274,1495.0047097061274,0.9994333024686245,0.002030513932691459
1495.0116540094466,1495.0116540094466,1.0013776608521952,0.002036616953323386
1495.0185983128126,1495.0185983128126,1.000675285044659,0.0020336157126737966
1495.0255426161318,1495.0255426161318,1.000442073771138,0.002028982171883723
1495.0324869194862,1495.0324869194862,0.9986743041544415,0.0020300629308736768
1495.0394312228173,1495.0394312228173,1.0010195438768363,0.00203049105750688
1495.0463755261596,1495.0463755261596,0.9995367521212615,0.002030154730252926
1495.0533198295143,1495.0533198295143,0.9999635443346475,0.0020307620733169057
1495.0602641328453,1495.0602641328453,0.9989189524183895,0.002030347454380267
1495.0672084361995,1495.0672084361995,0.9999788390085111,0.0020358133549053846
1495.0741527395303,1495.0741527395303,0.9991522483142987,0.002032607294715619
1495.0810970428734,1495.0810970428734,1.000843780804839,0.002030151437186331
1495.088041346239,1495.088041346239,1.000460786880033,0.0020322613993807954
1495.09498564957,1495.09498564957,1.0012930628314112,0.0020303532696608613
1495.1019299529128,1495.1019299529128,0.9993443855254516,0.00203100017285102
1495.108874256267,1495.108874256267,1.0000253500743004,0.0020344981654562134
1495.1158185596094,1495.1158185596094,1.000268382016177,0.002032374032120034
1495.1227628629526,1495.1227628629526,0.9989937313773917,0.0020311645276395443
1495.1297071663184,1495.1297071663184,1.0001605774732898,0.0020349730647804647
1495.1366514696606,1495.1366514696606,0.9995400025935481,0.002036954743083327
1495.1435957730037,1495.1435957730037,1.0009555905372252,0.002030635557870656
1495.1505400763576,1495.1505400763576,0.9993606239160364,0.0020307933168432716
1495.157484379712,1495.157484379712,0.9996629150640441,0.0020305013826632965
1495.1644286830665,1495.1644286830665,0.9997344790004388,0.00203269809933269
1495.171372986409,1495.171372986409,1.0000852656415025,0.0020335189209555573
1495.1783172897633,1495.1783172897633,1.0012314425794213,0.0020335779830856714
1495.1852615931289,1495.1852615931289,1.0002378177281035,0.0020335790024453675
1495.1922058964717,1495.1922058964717,0.9997918026619557,0.00202944879642699
1495.1991501998261,1495.1991501998261,1.0004876559694673,0.0020317176306875245
1495.2060945031803,1495.2060945031803,0.9984559226008903,0.00203418749887854
1495.2130388065348,1495.2130388065348,0.9999801717799478,0.002033205923274976
1495.2199831099006,1495.2199831099006,1.0000618408504764,0.0020312064829382517
1495.2269274132548,1495.2269274132548,0.9991184185081732,0.0020315779752191183
1495.233871716609,1495.233871716609,0.9995276678629643,0.0020345939588242395
1495.2408160199634,1495.2408160199634,1.001424949834466,0.0020354272139401146
1495.2477603233292,1495.2477603233292,1.001597984440936,0.0020311802529674725
1495.2547046266836,1495.2547046266836,1.0000880958725622,0.00203216689608382
1495.261648930038,1495.261648930038,1.0001433314830215,0.0020318911931318994
1495.2685932334039,1495.2685932334039,0.9980483199918811,0.002032965426221381
1495.2755375367697,1495.2755375367697,1.00089429243643,0.0020317958761834646
1495.2824818401245,1495.2824818401245,0.9996147358986004,0.0020318375289031824
1495.2894261434903,1495.2894261434903,0.9980683646172942,0.0020363909756296915
1495.2963704468564,1495.2963704468564,0.9993866050665174,0.002030320097283864
1495.3033147502106,1495.3033147502106,1.0018738426345721,0.0020334487758731186
1495.3102590535764,1495.3102590535764,1.001032733119291,0.002032787358786932
1495.3172033569424,1495.3172033569424,1.0003643871221637,0.0020305671040838844
1495.3241476603084,1495.3241476603084,0.9986907299373531,0.0020307235224206557
1495.3310919636742,1495.3310919636742,1.00121779430391,0.0020302742005498414
1495.3380362670403,1495.3380362670403,0.9991811984107857,0.0020308081192127194
1495.3449805704063,1495.3449805704063,1.001792666730751,0.0020331814125971732
1495.351924873772,1495.351924873772,0.9976955978705512,0.00202995147406462
1495.3588691771379,1495.3588691771379,1.0003706817571065,0.0020297126367866264
1495.3658134805155,1495.3658134805155,1.000236530547967,0.0020327842064549488
1495.3727577838815,1495.3727577838815,1.000462404413282,0.0020337783249006897
1495.3797020872476,1495.3797020872476,0.9998334120826058,0.0020316362624000794
1495.386646390625,1495.386646390625,0.999788881472076,0.002034292475110315
1495.393590693991,1495.393590693991,0.9993436695412704,0.002032522456777941
1495.4005349973684,1495.4005349973684,1.0020727288797269,0.002031231084414667
1495.4074793007344,1495.4074793007344,0.9986975369496,0.0020336621205911823
1495.4144236041118,1495.4144236041118,0.9986394691880432,0.002030977899673125
1495.4213679074896,1495.4213679074896,1.0008273053790977,0.0020319197229913964
1495.4283122108552,1495.4283122108552,1.0006666634592307,0.0020327840367132498
1495.435256514233,1495.435256514233,0.9997568181734497,0.002029758225871145
1495.4422008176105,1495.4422008176105,1.0001676984317895,0.002030885769892402
1495.4491451209883,1495.4491451209883,1.0007008709195837,0.002031755797802105
1495.456089424366,1495.456089424366,0.9992349995135321,0.0020343302461138515
1495.4630337277436,1495.4630337277436,1.0003307925806963,0.002031314076864142
1495.4699780311207,1495.4699780311207,0.9998793085051171,0.002033564977758966
1495.476922334487,1495.476922334487,0.9985206848490054,0.0020334601610780207
1495.483866637876,1495.483866637876,1.0001876412915969,0.00203235164873956
1495.4908109412536,1495.4908109412536,0.9998373414203213,0.002030179626145067
1495.4977552446312,1495.4977552446312,1.0011685628022176,0.002033038059502547
1495.5046995480086,1495.5046995480086,1.0010000594763793,0.0020324830000505835
1495.5116438514096,1495.5116438514096,0.9998680167384091,0.0020331896550930396
1495.518588154787,1495.518588154787,1.0005048309909121,0.0020330328833541972
1495.5255324581647,1495.5255324581647,0.9997647985467244,0.0020331546030653213
1495.5324767615537,1495.5324767615537,0.998837271017738,0.002033951385067394
1495.5394210649315,1495.5394210649315,0.9982142193648762,0.002028193421021564
1495.5463653683205,1495.5463653683205,0.9987898456682878,0.0020286782449852204
1495.5533096717095,1495.5533096717095,1.0018531824803436,0.0020322044855643684
1495.5602539750876,1495.5602539750876,1.000509001713027,0.0020320780732416897
1495.5671982784766,1495.5671982784766,1.00118014118107,0.00202976140302287
1495.5741425818658,1495.5741425818658,0.9997315911737583,0.0020313314040632064
1495.5810868852552,1495.5810868852552,1.0012069317005876,0.0020313050043879125
1495.5880311886444,1495.5880311886444,1.0011137289878802,0.0020330927761598124
1495.5949754920334,1495.5949754920334,0.9986090975313602,0.002030128024458955
1495.6019197954229,1495.6019197954229,0.9992187966537986,0.002033218445016725
1495.6088640988235,1495.6088640988235,1.000310479239568,0.0020297199927122246
1495.6158084022009,1495.6158084022009,0.9987846446721058,0.0020355513611633913
1495.622752705602,1495.622752705602,0.9992805399155879,0.0020323355164964607
1495.6296970089911,1495.6296970089911,1.000173706417304,0.0020348710304068894
1495.63664131238,1495.63664131238,0.9998602284349334,0.002030356853607693
1495.643585615781,1495.643585615781,1.001161574060203,0.0020322154655552684
1495.6505299191708,1495.6505299191708,1.0004380828139514,0.0020324414988677933
1495.6574742225714,1495.6574742225714,0.9995007764442558,0.002031166468914635
1495.6644185259604,1495.6644185259604,1.0016583970413768,0.0020355027940343914
1495.6713628293614,1495.6713628293614,0.9988776966913292,0.0020291777969345644
1495.6783071327504,1495.6783071327504,1.0001119253402473,0.0020324325051242543
1495.6852514361512,1495.6852514361512,0.9998597580169498,0.00203129666699164
1495.6921957395639,1495.6921957395639,1.0008313487315132,0.002032196433130096
1495.699140042941,1495.699140042941,1.000099149482658,0.002030020865499047
1495.706084346354,1495.706084346354,1.0002157345260432,0.002037552161354638
1495.713028649755,1495.713028649755,0.9999781128164861,0.002030624341031532
1495.7199729531555,1495.7199729531555,0.9999432735205611,0.0020351987179468957
1495.7269172565561,1495.7269172565561,1.0011837540148967,0.00203362988064426
1495.733861559946,1495.733861559946,0.9980363411383795,0.002036575444525083
1495.740805863358,1495.740805863358,0.9998821534475795,0.0020327233168141523
1495.7477501667588,1495.7477501667588,1.0014072037648083,0.0020285670841281075
1495.7546944701598,1495.7546944701598,0.9978091442112612,0.0020333572963173513
1495.7616387735725,1495.7616387735725,1.0004186552189303,0.002030745786450335
1495.768583076973,1495.768583076973,1.0008792647364726,0.0020275219485995583
1495.775527380374,1495.775527380374,1.000755464949109,0.002032619981721297
1495.7824716837865,1495.7824716837865,1.0013405926658814,0.002028728047525994
1495.7894159872108,1495.7894159872108,0.9993149555594089,0.0020330503835806067
1495.7963602906116,1495.7963602906116,1.000039767788184,0.0020325078748576297
1495.8033045940124,1495.8033045940124,0.9998836290548534,0.0020295870232182496
1495.8102488974243,1495.8102488974243,0.9988347638048743,0.002031487952266378
1495.8171932008377,1495.8171932008377,1.0006184613580817,0.002030430455528234
1495.8241375042503,1495.8241375042503,0.9983699327605361,0.002029494609407011
1495.8310818076511,1495.8310818076511,0.9991719247730465,0.0020309926239688364
1495.8380261110751,1495.8380261110751,1.0011973484426488,0.0020326592980817915
1495.8449704144878,1495.8449704144878,0.9999399079962806,0.002033811988277413
1495.8519147179,1495.8519147179,0.999759456767678,0.002031969872708571
1495.8588590213126,1495.8588590213126,0.99830624318007,0.0020323830142122525
1495.8658033247254,1495.8658033247254,1.0004356318014307,0.0020302872860395588
1495.8727476281376,1495.8727476281376,0.9989835240232529,0.0020317927771473314
1495.8796919315619,1495.8796919315619,1.0019239181612767,0.0020318888682887637
1495.8866362349743,1495.8866362349743,1.0016326426428932,0.0020283866823948664
1495.8935805383985,1495.8935805383985,0.9980039062776541,0.002030455242508578
1495.900524841811,1495.900524841811,1.0003329317717613,0.0020293015005381386
1495.9074691452238,1495.9074691452238,1.0008507169993306,0.002036461679803107
1495.9144134486476,1495.9144134486476,0.9991708576401637,0.0020285525479794985
1495.9213577520718,1495.9213577520718,1.0002893562741249,0.002029274477167501
1495.9283020554842,1495.9283020554842,0.9979378900049769,0.002033406759151043
1495.9352463589082,1495.9352463589082,0.9995366404989017,0.002029486206067466
1495.9421906623322,1495.9421906623322,1.0025978808850167,0.0020339404650379827
1495.9491349657567,1495.9491349657567,0.9991541010769508,0.0020349959616277544
1495.9560792691805,1495.9560792691805,0.9993914477639565,0.002030595040002271
1495.9630235726047,1495.9630235726047,0.9992657450600152,0.002027296471933376
1495.969967876029,1495.969967876029,1.0011060272508747,0.002032954555045628
1495.9769121794532,1495.9769121794532,0.9977270713307499,0.0020291609823394775
1495.9838564828774,1495.9838564828774,1.0008669819885325,0.0020318607748753986
1495.9908007863016,1495.9908007863016,1.000602917862264,0.0020315259024422465
1495.9977450897254,1495.9977450897254,0.9997633261356451,0.0020280819536837185
1496.004689393161,1496.004689393161,0.9989306844785106,0.0020349144153853
1496.0116336965852,1496.0116336965852,1.0010423728013471,0.0020333418928534545
1496.0185780000213,1496.0185780000213,1.001148965646768,0.002033604733591156
1496.025522303445,1496.025522303445,0.9995642238618136,0.0020312370332022283
1496.0324666068695,1496.0324666068695,1.0000675626135689,0.002030354353002496
1496.0394109103052,1496.0394109103052,0.999178858676515,0.002030333874612422
1496.046355213741,1496.046355213741,1.0004546173989557,0.0020294573434898513
1496.0532995171766,1496.0532995171766,0.9985003736987753,0.0020311280789877227
1496.0602438206008,1496.0602438206008,1.0000989532704279,0.0020341966575398466
1496.0671881240364,1496.0671881240364,1.0014501494279526,0.002031907413762254
1496.0741324274725,1496.0741324274725,0.9980848310774784,0.0020366736202177002
1496.081076730908,1496.081076730908,1.0011196611546755,0.0020321550897962
1496.0880210343557,1496.0880210343557,1.0008441772424825,0.0020279809058967274
1496.0949653377797,1496.0949653377797,1.0007155879801672,0.0020303420633040396
1496.101909641227,1496.101909641227,1.0000221428153426,0.00202835279634518
1496.1088539446514,1496.1088539446514,0.9997289558607433,0.00202994207555898
1496.1157982480986,1496.1157982480986,1.0006104180423745,0.00202964154374967
1496.1227425515344,1496.1227425515344,0.9989174281922999,0.0020339519645051524
1496.129686854982,1496.129686854982,0.9972821061752463,0.0020362291217693633
1496.1366311584059,1496.1366311584059,1.0004104452582774,0.0020308761230699926
1496.1435754618649,1496.1435754618649,1.0007068821466791,0.0020352937754413167
1496.1505197652891,1496.1505197652891,0.9997768337893463,0.0020290993223867127
1496.1574640687365,1496.1574640687365,1.0028175647149085,0.0020299918221494307
1496.1644083721953,1496.1644083721953,1.0004625364184414,0.0020307057189140297
1496.1713526756198,1496.1713526756198,0.999036468109531,0.002030645697427251
1496.1782969790675,1496.1782969790675,1.0005785990866953,0.0020309786784474923
1496.1852412825262,1496.1852412825262,0.9990855693300003,0.002031468333637717
1496.192185585962,1496.192185585962,0.999303696552316,0.002028007670619448
1496.1991298893977,1496.1991298893977,0.9994848451660445,0.002032070570920775
1496.2060741928567,1496.2060741928567,1.0005146171052948,0.0020301743515315366
1496.2130184963044,1496.2130184963044,0.9994739309385949,0.0020301702517569586
1496.2199627997634,1496.2199627997634,1.0008121771039986,0.0020294130009898734
1496.226907103199,1496.226907103199,1.0005788989639595,0.0020345164528015173
1496.233851406635,1496.233851406635,0.9999118892613085,0.002030826471003712
1496.2407957100943,1496.2407957100943,0.9994296726521373,0.002035393313058514
1496.2477400135415,1496.2477400135415,0.999278118342426,0.0020387120459515948
1496.2546843170003,1496.2546843170003,0.999114127540895,0.002032302437279851
1496.261628620448,1496.261628620448,1.0013627511538354,0.002031084586219034
1496.2685729239067,1496.2685729239067,1.0002917618254046,0.0020324108570238903
1496.2755172273544,1496.2755172273544,1.000336029140579,0.0020309193070405123
1496.2824615308134,1496.2824615308134,1.0000411060399395,0.0020304392948545117
1496.2894058342604,1496.2894058342604,1.0005047932844682,0.0020342070683108905
1496.2963501377199,1496.2963501377199,0.9995102988954448,0.0020351907608176746
1496.3032944411673,1496.3032944411673,0.9990092128217963,0.0020306428106290283
1496.310238744626,1496.310238744626,0.9997599296411934,0.002032442277318575
1496.3171830480971,1496.3171830480971,0.9990917415865981,0.002031711630180379
1496.3241273515562,1496.3241273515562,1.0009986242856872,0.0020355923029850586
1496.331071655015,1496.331071655015,0.9996651989678227,0.0020357203967622337
1496.3380159584622,1496.3380159584622,1.0013538628034246,0.0020313255430950646
1496.3449602619216,1496.3449602619216,0.9993552088179447,0.0020319749440776106
1496.3519045653923,1496.3519045653923,0.9999287350525272,0.0020315833076881536
1496.3588488688513,1496.3588488688513,1.0006058028438765,0.002031165062641224
1496.3657931723105,1496.3657931723105,1.0007362937425754,0.002032574587972111
1496.3727374757696,1496.3727374757696,0.9990407633469639,0.0020351254370302723
1496.37968177924,1496.37968177924,1.0000984024700768,0.002031177037900923
1496.3866260826994,1496.3866260826994,1.0006900603350029,0.002033229918596165
1496.3935703861584,1496.3935703861584,1.0000775095525252,0.0020328984096257296
1496.4005146896288,1496.4005146896288,0.9992914680410976,0.002032751890511551
1496.4074589930883,1496.4074589930883,0.9978877808541771,0.002034492930751394
1496.4144032965703,1496.4144032965703,1.0000240707528907,0.0020326383672370284
1496.4213476000175,1496.4213476000175,0.9999672862798802,0.0020323985674963094
1496.4282919035002,1496.4282919035002,1.000097929928257,0.0020325904116002763
1496.4352362069592,1496.4352362069592,1.0009700994404875,0.0020317407274437873
1496.4421805104416,1496.4421805104416,1.0000582505097113,0.002034972389180765
1496.4491248138888,1496.4491248138888,0.9993924340357054,0.0020313767771105483
1496.4560691173713,1496.4560691173713,0.9992832298285836,0.0020353052366114998
1496.4630134208421,1496.4630134208421,1.0000902985687594,0.0020318514827022288
1496.4699577243125,1496.4699577243125,1.001496763957069,0.0020345029363441893
1496.4769020277834,1496.4769020277834,0.9984025132985483,0.0020313334073240085
1496.483846331254,1496.483846331254,1.001077656585776,0.002033955676060976
1496.4907906347248,1496.4907906347248,0.9989780981755512,0.0020316276827923216
1496.4977349382073,1496.4977349382073,1.0002529668210074,0.002033511991991064
1496.5046792416779,1496.5046792416779,1.00010567678016,0.002030719931943778
1496.5116235451483,1496.5116235451483,0.9990947402335575,0.0020334519302327115
1496.518567848631,1496.518567848631,1.0004724168816779,0.002031808438667781
1496.5255121521016,1496.5255121521016,0.9997111835392994,0.0020308807649242573
1496.5324564555722,1496.5324564555722,1.0012643775451122,0.002028938263054213
1496.5394007590544,1496.5394007590544,0.9997623219179375,0.002030746702227511
1496.5463450625368,1496.5463450625368,1.0006789059014802,0.0020301065264146075
1496.5532893660077,1496.5532893660077,1.0007035808960645,0.002028668365122485
1496.56023366949,1496.56023366949,0.9995591805274373,0.0020315988382089705
1496.5671779729723,1496.5671779729723,0.9989841383507982,0.0020323591034924
1496.5741222764545,1496.5741222764545,0.9993406639843379,0.002035820661183717
1496.5810665799252,1496.5810665799252,0.9990254499436612,0.002031888694437884
1496.5880108834076,1496.5880108834076,1.0003700432606648,0.002031062807089788
1496.59495518689,1496.59495518689,1.0011852700233452,0.0020320609765493965
1496.6018994903723,1496.6018994903723,1.0006911103429448,0.002033245162364441
1496.6088437938547,1496.6088437938547,0.9992727738587458,0.002037707371699771
1496.6157880973485,1496.6157880973485,0.9989741539267936,0.002033835917841127
1496.622732400831,1496.622732400831,1.000683801784731,0.0020296623132526857
1496.6296767043134,1496.6296767043134,1.0011652549261982,0.0020324203379119164
1496.6366210077958,1496.6366210077958,0.9991434908478567,0.0020288203451925006
1496.6435653112899,1496.6435653112899,1.00112201977665,0.002032595710610802
1496.650509614772,1496.650509614772,0.9993135793859341,0.0020315283723973997
1496.6574539182543,1496.6574539182543,0.999970895869245,0.002031336803244468
1496.6643982217481,1496.6643982217481,0.99919661697271,0.0020303325680981286
1496.6713425252306,1496.6713425252306,1.0004374099583935,0.00203128523574108
1496.6782868287244,1496.6782868287244,0.9999105976814423,0.0020352665834440687
1496.6852311322186,1496.6852311322186,0.9995545479493702,0.0020298330300255693
1496.692175435701,1496.692175435701,1.0003303647906698,0.002032773457969927
1496.6991197391949,1496.6991197391949,1.0015045211265816,0.0020320634964677287
1496.7060640426887,1496.7060640426887,0.9987943578120703,0.0020303985753885216
1496.713008346183,1496.713008346183,1.0004840961991293,0.002035271654897663
1496.7199526496656,1496.7199526496656,0.9993047159423873,0.002033931146301719
1496.7268969531708,1496.7268969531708,1.0002421799957706,0.002033055428085664
1496.733841256653,1496.733841256653,0.9981853428083346,0.0020350288688080914
1496.7407855601589,1496.7407855601589,1.0011708730616333,0.0020308579265878152
1496.7477298636409,1496.7477298636409,1.0009988816543924,0.0020375039824175054
1496.7546741671351,1496.7546741671351,0.9994235901468229,0.002032558286240598
1496.761618470641,1496.761618470641,1.0005568475795212,0.002035754944232848
1496.7685627741346,1496.7685627741346,1.000026192537851,0.0020342795436639354
1496.7755070776288,1496.7755070776288,0.9987899957776889,0.0020324676066750687
1496.7824513811229,1496.7824513811229,1.001342540993683,0.0020323551267461314
1496.7893956846283,1496.7893956846283,0.9989469797599501,0.0020300065969545357
1496.796339988134,1496.796339988134,1.0008208492212196,0.0020313792192267178
1496.803284291628,1496.803284291628,0.9991330949661601,0.0020299182650024136
1496.8102285951102,1496.8102285951102,1.0002362187007587,0.0020366608293019353
1496.8171728986158,1496.8171728986158,0.9996788570789376,0.0020319120207127
1496.8241172021214,1496.8241172021214,1.0026186956831193,0.0020356887769595023
1496.8310615056155,1496.8310615056155,1.0009839174698225,0.0020329588814978847
1496.8380058091211,1496.8380058091211,0.999122786334641,0.0020357120735434667
1496.8449501126267,1496.8449501126267,0.9987577044117947,0.0020331477328753645
1496.8518944161208,1496.8518944161208,0.9972076247411634,0.0020326817593933496
1496.8588387196262,1496.8588387196262,0.9996836435217291,0.002032623014242204
1496.8657830231436,1496.8657830231436,1.0006540780726931,0.0020322338002452933
1496.8738384152132,1496.8738384152132,0.9994799713179822,0.0020353783929132636
1496.8810604908513,1496.8810604908513,1.0023171552452452,0.0020342717735285045
1496.8880047943571,1496.8880047943571,1.0004483673554727,0.002031453526771297
1496.8949490978512,1496.8949490978512,1.0005469271429175,0.002033068532615625
1496.9018934013798,1496.9018934013798,0.9981361453343993,0.0020305218740297778
1496.9088377048738,1496.9088377048738,1.0016011342760627,0.0020301929374994428
1496.9157820083797,1496.9157820083797,0.9985070580502204,0.002029902257430913
1496.922726311885,1496.922726311885,1.0013550480295312,0.0020298635528011597
1496.9296706154023,1496.9296706154023,0.9987427983094888,0.002031672794545745
1496.936614918908,1496.936614918908,0.9995645437971277,0.002032037778778065
1496.9435592224131,1496.9435592224131,1.002451980800433,0.0020323712606251767
1496.9505035259308,1496.9505035259308,0.999449794432173,0.0020309809609978667
1496.9574478294367,1496.9574478294367,1.0009107183889756,0.002030296523570904
1496.9643921329534,1496.9643921329534,0.9969554363307889,0.0020288591663586023
1496.9713364364593,1496.9713364364593,0.9995482433629845,0.002031201613443325
1496.9782807399765,1496.9782807399765,1.00001389963927,0.0020310189237944974
1496.9852250434822,1496.9852250434822,0.9999993153798187,0.002033578873794689
1496.9921693469992,1496.9921693469992,1.0006470427592837,0.0020322997500200318
1496.9991136505168,1496.9991136505168,1.000515164473511,0.002030625283574149
1497.006057954022,1497.006057954022,1.0020878866949976,0.002033149193820954
1497.0130022575397,1497.0130022575397,1.0008802498127287,0.002029530375157059
1497.019946561057,1497.019946561057,0.9993651035306679,0.0020332277254765754
1497.0268908645742,1497.0268908645742,1.0000639909334326,0.0020326345462793197
1497.0338351680798,1497.0338351680798,0.9977510802089015,0.002031093892870351
1497.0407794716089,1497.0407794716089,0.9989574336039976,0.0020321816922015683
1497.0477237751143,1497.0477237751143,0.999067345935494,0.002031147210063067
1497.0546680786315,1497.0546680786315,1.000861806352553,0.002033804047000671
1497.0616123821605,1497.0616123821605,0.9995485195531995,0.0020315441027245486
1497.068556685666,1497.068556685666,1.0014335340841032,0.0020350554265558237
1497.075500989195,1497.075500989195,1.0005350383808014,0.0020362094016299964
1497.0824452927122,1497.0824452927122,0.9987435768553539,0.0020323387615419674
1497.0893895962295,1497.0893895962295,1.0018551758760812,0.00203166140372692
1497.0963338997583,1497.0963338997583,0.9998911377860047,0.0020322857066230626
1497.103278203264,1497.103278203264,1.000769823987992,0.0020373071943888144
1497.110222506793,1497.110222506793,0.999390651810302,0.002032670532743422
1497.1171668103218,1497.1171668103218,0.9988741548766592,0.0020342263339118167
1497.1241111138274,1497.1241111138274,0.9996044249619918,0.0020333532859740716
1497.1310554173565,1497.1310554173565,1.000833769342414,0.002030172054929243
1497.1379997208853,1497.1379997208853,1.0017755194384814,0.0020313667749330623
1497.1449440244025,1497.1449440244025,0.9983378299973044,0.0020363123184387122
1497.1518883279198,1497.1518883279198,0.9997921825875267,0.0020339420395413454
1497.1588326314488,1497.1588326314488,0.9994756424338002,0.0020345889169788205
1497.1657769349777,1497.1657769349777,1.0000988805811697,0.002035016730847313
1497.172721238495,1497.172721238495,0.9994296015249449,0.0020345968547846966
1497.179665542024,1497.179665542024,0.9998738582026068,0.0020308335028060747
1497.1866098455525,1497.1866098455525,0.9992875421079995,0.002031442545911883
1497.1935541490816,1497.1935541490816,1.0014649472114334,0.002034073403557375
1497.2004984525984,1497.2004984525984,1.000563946879528,0.0020345194453773334
1497.2074427561272,1497.2074427561272,1.0003957564665538,0.0020309424090731876
1497.2143870596562,1497.2143870596562,1.0001617701350707,0.0020330814454456534
1497.221331363185,1497.221331363185,0.998920683795696,0.0020305204443828817
1497.2282756667023,1497.2282756667023,1.0002131741931197,0.0020357184655946446
1497.2352199702314,1497.2352199702314,1.0011404862494824,0.002034304740694896
1497.2421642737604,1497.2421642737604,1.0000853112037902,0.0020334408224694832
1497.2491085773006,1497.2491085773006,0.9994569934556203,0.002032759104798057
1497.2560528808294,1497.2560528808294,0.9998965760557704,0.002029696617294131
1497.262997184347,1497.262997184347,0.9991485069059488,0.002030542593595406
1497.2699414878755,1497.2699414878755,0.9999394850833874,0.0020356316096524106
1497.2768857914164,1497.2768857914164,0.9993349526889654,0.0020293315536091226
1497.2838300949456,1497.2838300949456,0.9986590178894783,0.002031486963458433
1497.290774398474,1497.290774398474,0.9999615645606962,0.0020294726066187986
1497.2977187020147,1497.2977187020147,1.0004196334062603,0.0020311725768852604
1497.3046630055321,1497.3046630055321,1.000352594161201,0.0020296981103846055
1497.3116073090723,1497.3116073090723,1.0037598417665048,0.0020354000170788628
1497.3185516126014,1497.3185516126014,1.0012008132212737,0.0020353173953552663
1497.3254959161306,1497.3254959161306,1.0008649165739578,0.0020366764882438345
1497.3324402196708,1497.3324402196708,1.004295696296428,0.0020391174382413434
1497.3393845232,1497.3393845232,1.0019145473335513,0.0020374364946116877
1497.3463288267403,1497.3463288267403,0.994561948365394,0.0020431870499209187
1497.3532731302691,1497.3532731302691,0.9895874547322107,0.0020406630969823547
1497.360217433798,1497.360217433798,0.9905247958007681,0.0020392044443105144
1497.3671617373388,1497.3671617373388,0.9924636267345466,0.002039689491781458
1497.3741060408677,1497.3741060408677,0.9949391989958876,0.0020482692708123492
1497.381050344408,1497.381050344408,0.9967107338277026,0.002053523722010428
1497.3879946479487,1497.3879946479487,0.9965480077182004,0.0020519963843339453
1497.3949389514776,1497.3949389514776,0.9965884325135959,0.002055421359456517
1497.4018832550178,1497.4018832550178,0.9966498886774515,0.0020547795347330674
1497.408827558547,1497.408827558547,0.9969913016091597,0.0020522127927321207
1497.4157718620877,1497.4157718620877,0.9977362018771933,0.002050088418387156
1497.4227161656281,1497.4227161656281,0.9939019885136364,0.0020434529398725447
1497.4296604691685,1497.4296604691685,0.9913207286277522,0.002042270534575745
1497.4366047726976,1497.4366047726976,0.9925694494492528,0.002040573140205209
1497.4435490762382,1497.4435490762382,0.9948211158375514,0.002040765310929339
1497.450493379779,1497.450493379779,0.9992361442100247,0.002039784053398024
1497.4574376833075,1497.4574376833075,1.0053321160702424,0.0020424167366718668
1497.464381986848,1497.464381986848,1.0040144711084307,0.0020382247151135412
1497.4713262903886,1497.4713262903886,1.0011080231832366,0.0020360740772261336
1497.4782705939292,1497.4782705939292,1.0007650083537305,0.0020314925682524817
1497.4852148974696,1497.4852148974696,1.0005185765237494,0.0020319554089112844
1497.4921592010103,1497.4921592010103,1.0003518681951948,0.0020332034828895603
1497.499103504551,1497.499103504551,0.99965315840545,0.002028557381484441
1497.5060478080914,1497.5060478080914,0.9990034810609094,0.002030202861661513
1497.5129921116318,1497.5129921116318,0.9998289623202259,0.0020304282790632325
1497.5199364151724,1497.5199364151724,0.9997797231914017,0.00203235315505905
1497.5268807187128,1497.5268807187128,1.0001497946650952,0.0020320551073573856
1497.5338250222535,1497.5338250222535,0.9996463849821637,0.0020328876215871153
1497.5407693257941,1497.5407693257941,0.9999174756912919,0.002029480268617631
1497.5477136293348,1497.5477136293348,0.9990281628858645,0.002033731403615709
1497.5546579328752,1497.5546579328752,1.0006675719726474,0.002031602560110029
1497.5616022364156,1497.5616022364156,0.9996826197769112,0.0020326795632334394
1497.5685465399565,1497.5685465399565,1.0005947243714626,0.0020295192365607276
1497.575490843497,1497.575490843497,1.0005022237644974,0.00203186014038135
1497.5824351470374,1497.5824351470374,1.000125836921251,0.002032642030345101
1497.5893794505896,1497.5893794505896,1.0000854630701614,0.002034557454028535
1497.59632375413,1497.59632375413,0.9995886303953385,0.002033757022371117
1497.6032680576704,1497.6032680576704,1.0014752784843794,0.002030295687181451
1497.6102123612113,1497.6102123612113,0.999567621816739,0.002032530748191109
1497.6171566647517,1497.6171566647517,0.9979962908455612,0.0020329876852466632
1497.6241009682922,1497.6241009682922,0.9991361486469887,0.0020313206900919767
1497.6310452718444,1497.6310452718444,1.001586720167988,0.002035226275135694
1497.6379895753853,1497.6379895753853,1.0006007439930396,0.0020357144053021964
1497.6449338789257,1497.6449338789257,0.9995483001954263,0.002034558932750036
1497.6518781824661,1497.6518781824661,1.000466012779785,0.002034097524295133
1497.6588224860184,1497.6588224860184,0.9991146679254357,0.0020310577723215138
1497.6657667895588,1497.6657667895588,1.0004708286448143,0.0020319357992481047
1497.6727110930995,1497.6727110930995,0.99871218365945,0.002031430181030388
1497.6796553966517,1497.6796553966517,1.0009512511050893,0.002029863828658011
1497.6865997001921,1497.6865997001921,1.0001804536497398,0.002034214398442668
1497.6935440037328,1497.6935440037328,0.9998553165488143,0.002034387947964819
1497.7004883072846,1497.7004883072846,1.0008140487163706,0.0020315297348580765
1497.707432610825,1497.707432610825,1.0002119414567014,0.002033089946783742
1497.7143769143656,1497.7143769143656,0.9999040539423503,0.0020335669132280835
1497.7213212179174,1497.7213212179174,0.9997362195856194,0.002029363894554582
1497.728265521458,1497.728265521458,0.9988081052201052,0.002030221062047448
1497.735209824999,1497.735209824999,0.9990941672824656,0.0020340917794272394
1497.742154128551,1497.742154128551,1.0003993968095766,0.0020322684486480252
1497.7490984320916,1497.7490984320916,1.0008606313604038,0.0020317865095657735
1497.756042735632,1497.756042735632,0.9989844629865384,0.002033906874991505
1497.7629870391843,1497.7629870391843,1.0022159901288414,0.0020325449678766042
1497.769931342725,1497.769931342725,1.0016171076726688,0.002030375437304902
1497.7768756462772,1497.7768756462772,1.0003886949294016,0.0020327648459376483
1497.7838199498176,1497.7838199498176,0.9992695555117844,0.002035112822890674
1497.7907642533696,1497.7907642533696,0.9970120318855791,0.0020330339691721207
1497.7977085569103,1497.7977085569103,1.0003914065119806,0.0020297675580174613
1497.804652860451,1497.804652860451,0.9994675309004538,0.0020307786088737878
1497.8115971640032,1497.8115971640032,0.9992053845973767,0.00203317893381767
1497.8185414675436,1497.8185414675436,1.0008991282600808,0.002033734178047923
1497.8254857710842,1497.8254857710842,1.0009243388264715,0.0020295537452158043
1497.8324300746362,1497.8324300746362,1.0005288614178023,0.002031618676976736
1497.8393743781767,1497.8393743781767,0.9998807126754203,0.0020315624325091346
1497.8463186817291,1497.8463186817291,0.9993268057412873,0.002031367337293686
1497.8532629852696,1497.8532629852696,1.0005725806038377,0.0020297590713426283
1497.860207288822,1497.860207288822,0.9996674089132618,0.0020313154886944756
1497.8671515923622,1497.8671515923622,0.9996426247760043,0.0020321301021438746
1497.8740958959029,1497.8740958959029,1.0006589223762865,0.0020311240454846022
1497.881040199455,1497.881040199455,0.9993327425979439,0.0020318076311374904
1497.8879845029956,1497.8879845029956,0.9997838788556015,0.002032436231631242
1497.894928806548,1497.894928806548,1.0000842428021828,0.002028963575105165
1497.9018731100882,1497.9018731100882,0.9997886229082722,0.0020284105653319852
1497.9088174136289,1497.9088174136289,0.9994600001524809,0.002030858955888554
1497.917706122154,1497.917706122154,0.9996624401764089,0.0020353466991344465
1497.93242804569,1497.93242804569,1.0025042906121373,0.002035268146821645
1497.9393723492308,1497.9393723492308,1.000035220079114,0.002032107132586571
1497.946316652771,1497.946316652771,0.9998289876702972,0.002034270459345361
1497.9532609563116,1497.9532609563116,1.0003558761685105,0.002031819767937241
1497.9602052598643,1497.9602052598643,0.9995396035440015,0.00203088238919219
1497.9671495634043,1497.9671495634043,0.999495173616315,0.0020296990308194137
1497.9740938669452,1497.9740938669452,0.9993592793102636,0.0020306976626889945
1497.9810381704856,1497.9810381704856,0.99979127916334,0.0020327915820606856
1497.9879824740374,1497.9879824740374,0.9989965408507787,0.002031022499704697
1497.9949267775783,1497.9949267775783,0.999271373247564,0.0020317677086444303
1498.0018710811191,1498.0018710811191,1.0013425946423642,0.0020321880921118393
1498.008815384659,1498.008815384659,1.0007431864348935,0.0020285166698322957
1498.0157596882116,1498.0157596882116,1.0001386279657996,0.0020298109996382766
1498.0227039917522,1498.0227039917522,1.0006062807651734,0.002030948785478647
1498.0296482952926,1498.0296482952926,0.9996680562128606,0.002031090628208355
1498.0365925988326,1498.0365925988326,1.0003980208037002,0.002031405373536648
1498.0435369023733,1498.0435369023733,0.9991192374960125,0.0020325017438042117
1498.0504812059137,1498.0504812059137,1.0004918481514504,0.002032313005292016
1498.057425509466,1498.057425509466,0.9997663241035679,0.0020284380189396047
1498.0643698130066,1498.0643698130066,1.0000066391694415,0.0020330251912776295
1498.071314116547,1498.071314116547,0.9998864296201221,0.002032755560444099
1498.0782584200874,1498.0782584200874,0.9999974125387958,0.002030606795887552
1498.0852027236283,1498.0852027236283,0.9993916038086847,0.002029947204089811
1498.092147027169,1498.092147027169,0.9978693735628127,0.002030995830661881
1498.0990913307091,1498.0990913307091,1.0012001045031824,0.002034323569007475
1498.1060356342498,1498.1060356342498,1.0016595900052268,0.002029096156765396
1498.1129799377902,1498.1129799377902,1.000767482040056,0.002031083961512
1498.1199242413309,1498.1199242413309,1.0002258617039792,0.0020330026759959284
1498.12686854486,1498.12686854486,0.9996848190741183,0.0020318712470820586
1498.1338128484006,1498.1338128484006,0.9983976038408386,0.0020310182731181404
1498.1407571519408,1498.1407571519408,1.000829080036436,0.0020329873626857937
1498.1477014554812,1498.1477014554812,0.9994045557200908,0.002033023964223484
1498.154645759022,1498.154645759022,0.9996305049369058,0.0020325460472813426
1498.1615900625625,1498.1615900625625,1.0008713588348692,0.002030329241710827
1498.1685343660915,1498.1685343660915,0.9989961891853104,0.0020312756460671728
1498.1754786696322,1498.1754786696322,1.0008863442584437,0.0020372942090153973
1498.1824229731724,1498.1824229731724,1.0004313115801604,0.0020340900261674533
1498.1893672767012,1498.1893672767012,1.0008220191453694,0.002031979912668252
1498.196311580242,1498.196311580242,0.9990624531107075,0.0020351739186712306
1498.2032558837825,1498.2032558837825,1.0010424319982032,0.0020361053627420593
1498.2102001873113,1498.2102001873113,0.9985526101558534,0.0020347599384158417
1498.2171444908404,1498.2171444908404,0.9995266390776962,0.002032555257756571
1498.2240887943813,1498.2240887943813,0.9993002909968716,0.002032065339845993
1498.2310330979212,1498.2310330979212,1.0007135109593346,0.0020351929710868736
1498.2379774014505,1498.2379774014505,1.000813931022401,0.002032598979915631
1498.244921704979,1498.244921704979,1.0007435263086761,0.002033521520842945
1498.2518660085198,1498.2518660085198,0.9977568757666905,0.0020294033423777225
1498.2588103120488,1498.2588103120488,1.0005718581816045,0.0020321268701730755
1498.2657546155892,1498.2657546155892,0.9999455533929902,0.0020319816000565144
1498.2726989191065,1498.2726989191065,1.0002151638652748,0.0020339864992752607
1498.279643222647,1498.279643222647,1.0007545014219634,0.0020303847894135576
1498.2865875261764,1498.2865875261764,0.9997755768408793,0.002030253682011375
1498.2935318297048,1498.2935318297048,1.0006272919207624,0.002030074258545604
1498.3004761332454,1498.3004761332454,1.000298794057523,0.0020318478991781814
1498.3074204367742,1498.3074204367742,1.0003527165883026,0.0020349527606805173
1498.3143647402908,1498.3143647402908,0.999134496679351,0.0020333965602455815
1498.32130904382,1498.32130904382,0.9988139751280611,0.00203342972680945
1498.328253347349,1498.328253347349,1.0016263218056234,0.002030248347054452
1498.3351976508777,1498.3351976508777,0.9973704410308148,0.0020293490708285958
1498.3421419544068,1498.3421419544068,1.0001359152590088,0.0020320066483899227
1498.3490862579356,1498.3490862579356,0.999919223906114,0.002031783471959269
1498.3560305614646,1498.3560305614646,1.0013625201795866,0.0020299687038023125
1498.3629748649937,1498.3629748649937,1.001852119992673,0.002033699120917906
1498.369919168511,1498.369919168511,1.0000777520741027,0.0020306117844055395
1498.3768634720277,1498.3768634720277,0.9993557010792953,0.0020330668964735565
1498.383807775557,1498.383807775557,0.9992617020087355,0.002029012702319773
1498.3907520790858,1498.3907520790858,0.9998499064495174,0.002030761893870705
1498.397696382603,1498.397696382603,1.0024446918222556,0.002034256118636222
1498.404640686132,1498.404640686132,0.9976303936742452,0.002030900885744192
1498.4115849896493,1498.4115849896493,0.9975913703786606,0.0020344648398880317
1498.4185292931666,1498.4185292931666,1.0012290783502746,0.00203545094992734
1498.4254735966836,1498.4254735966836,1.0001450437587098,0.002034768820081372
1498.4324179002126,1498.4324179002126,1.001192804559515,0.002033110648853725
1498.4393622037182,1498.4393622037182,0.9995447761982229,0.002036386100378645
1498.446306507247,1498.446306507247,0.9999266533859645,0.0020310299067163515
1498.4532508107645,1498.4532508107645,1.0022033910596146,0.0020312670166888766
1498.4601951142818,1498.4601951142818,0.9990332780117901,0.00203134441434384
1498.467139417799,1498.467139417799,0.9981917976492728,0.0020329119023350275
1498.4740837213044,1498.4740837213044,1.0005390753986636,0.0020315163258099282
1498.4810280248334,1498.4810280248334,0.9996688624149217,0.0020321310651426065
1498.487972328339,1498.487972328339,0.999381188138253,0.002029508921439994
1498.4949166318563,1498.4949166318563,1.0012646850067237,0.002027317201995623
1498.5018609353738,1498.5018609353738,1.000018577978518,0.0020323378859909594
1498.5088052388792,1498.5088052388792,0.9999878386165768,0.002029272608075421
1498.5157495423964,1498.5157495423964,0.9994391239372247,0.002028075971474394
1498.5226938459023,1498.5226938459023,1.0005201512102944,0.002030239279513465
1498.5296381494195,1498.5296381494195,1.0006711900737322,0.0020303028162726054
1498.536582452925,1498.536582452925,0.9994360774673995,0.002031209821389498
1498.5435267564303,1498.5435267564303,0.9995338455916845,0.002029234130710211
1498.5504710599475,1498.5504710599475,0.9996585890891412,0.0020268093289555556
1498.5574153634411,1498.5574153634411,1.0005401618953331,0.0020317728572812927
1498.5643596669474,1498.5643596669474,0.9993288251089038,0.002030403195459854
1498.5713039704528,1498.5713039704528,1.00025614480367,0.002030344766969768
1498.5782482739698,1498.5782482739698,1.000759488339732,0.0020305989989598313
1498.5851925774757,1498.5851925774757,1.000858395200852,0.0020314571229385465
1498.5921368809695,1498.5921368809695,1.000365790491659,0.002030030598513367
1498.599081184475,1498.599081184475,0.999527713950018,0.002031794204560488
1498.6060254879808,1498.6060254879808,0.9990625632212053,0.002029293072487424
1498.612969791475,1498.612969791475,0.9991891244401211,0.002029858447567423
1498.6199140949805,1498.6199140949805,0.9990872207482594,0.0020309691521656044
1498.626858398463,1498.626858398463,1.0012450181128825,0.0020351849803055765
1498.6338027019683,1498.6338027019683,1.0009908223614117,0.002032690551394105
1498.6407470054621,1498.6407470054621,1.0012664249273258,0.002034042046478948
1498.6476913089682,1498.6476913089682,0.998197783488053,0.002035230515535988
1498.6546356124504,1498.6546356124504,0.9986833188654662,0.0020306501613205873
1498.6615799159558,1498.6615799159558,1.0003163747251387,0.002035536495847445
1498.6685242194383,1498.6685242194383,0.9997728250366427,0.00203279079644708
1498.6754685229323,1498.6754685229323,1.001949014720966,0.0020299334096418368
1498.6824128264263,1498.6824128264263,1.0002074008798028,0.0020308141341459445
1498.6893571299202,1498.6893571299202,0.9985453927832768,0.00203080770535524
1498.6963014334026,1498.6963014334026,0.9995757927716523,0.0020349238972188774
1498.7032457368964,1498.7032457368964,1.000431082078926,0.0020294908422945016
1498.7101900403788,1498.7101900403788,1.0016200777853164,0.0020313174735386206
1498.7171343438727,1498.7171343438727,0.9994745882670821,0.0020306178421831233
1498.724078647355,1498.724078647355,0.998589376453241,0.0020288753161607598
1498.7310229508375,1498.7310229508375,1.0000814863622316,0.002030280441392564
1498.7379672543198,1498.7379672543198,1.0012510987821757,0.0020347849106032794
1498.744911557802,1498.744911557802,0.9997627887758448,0.0020284120879580053
1498.751855861284,1498.751855861284,1.0010713197701386,0.002028950417278617
1498.7588001647662,1498.7588001647662,1.000589574594737,0.0020325906748794756
1498.7657444682375,1498.7657444682375,0.998376143377343,0.002030868108218499
1498.7726887717195,1498.7726887717195,0.9993673646200065,0.0020338182800843244
1498.779633075202,1498.779633075202,0.9998509850917184,0.002032679357340618
1498.7865773786727,1498.7865773786727,0.9992501537695869,0.0020297626357681712
1498.793521682143,1498.793521682143,1.0012205502199865,0.0020304370827283385
1498.8004659856256,1498.8004659856256,0.9996428546370948,0.00202776271199477
1498.8074102890964,1498.8074102890964,0.9998345938283816,0.0020317467727577554
1498.8143545925552,1498.8143545925552,0.9990793211397111,0.0020313734184908036
1498.8212988960377,1498.8212988960377,1.001658117943721,0.002030919595158733
1498.828243199497,1498.828243199497,1.0001732689135943,0.0020288929550709546
1498.835187502979,1498.835187502979,0.9999786996419088,0.0020282422640770523
1498.842131806426,1498.842131806426,0.9999697691916009,0.0020297140983749924
1498.8490761099088,1498.8490761099088,1.0003871732049254,0.0020309460932729237
1498.8560204133678,1498.8560204133678,1.0010673975801696,0.002028873325374243
1498.8629647168152,1498.8629647168152,0.9984771804345446,0.0020328649123694835
1498.8699090202977,1498.8699090202977,0.9990407750258867,0.002028694830429147
1498.8768533237567,1498.8768533237567,1.0010739656456988,0.0020293802179875194
1498.8837976272039,1498.8837976272039,0.9993802882675868,0.002032893415989174
1498.8907419306631,1498.8907419306631,1.000579554999112,0.0020380376921647707
1498.8976862341108,1498.8976862341108,0.9983960747618742,0.002028784153292779
1498.9046305375696,1498.9046305375696,1.0010116191747203,0.0020340588900057766
1498.9115748410172,1498.9115748410172,1.000002430070714,0.002029479677834026
1498.9185191444762,1498.9185191444762,0.9994420963383627,0.0020309825513389426
1498.9254634479234,1498.9254634479234,1.0005474738336824,0.0020313697716604845
1498.9324077513822,1498.9324077513822,1.00060712674783,0.002029805875624285
1498.9393520548297,1498.9393520548297,1.000306972453389,0.002029315571997499
1498.9462963582769,1498.9462963582769,1.0008783387377453,0.0020275597840112977
1498.9532406617127,1498.9532406617127,0.9982306377227672,0.002027077803555868
1498.96018496516,1498.96018496516,0.9988258418012508,0.002032151432196415
1498.9671292686076,1498.9671292686076,1.0009237693379474,0.0020308342903151556
1498.9740735720432,1498.9740735720432,1.0005163007466016,0.002031579833585446
1498.9810178754908,1498.9810178754908,1.0006670930326362,0.0020295179356806343
1498.9879621789148,1498.9879621789148,0.9992530858561992,0.0020304672197579776
1498.994906482362,1498.994906482362,0.9999210249548843,0.0020296736812799184
1499.001850785798,1499.001850785798,0.9994618075845745,0.0020332073721802185
1499.008795089222,1499.008795089222,1.0013313010354885,0.0020376678164463627
1499.015739392658,1499.015739392658,1.0020120184374512,0.0020321683274012554
1499.0226836960937,1499.0226836960937,0.9984413739794593,0.0020333198570527157
1499.0296279995182,1499.0296279995182,0.9991082965223071,0.0020295649133756843
1499.036572302942,1499.036572302942,0.999390181380169,0.002028601689759005
1499.0435166063776,1499.0435166063776,0.9987109605217395,0.0020311164145285464
1499.050460909802,1499.050460909802,1.0021659163374994,0.002029837453814176
1499.0574052132258,1499.0574052132258,0.9995246868507024,0.0020299101886847924
1499.0643495166387,1499.0643495166387,1.0000488560365026,0.0020315982874841705
1499.0712938200627,1499.0712938200627,0.9992991816395594,0.002031567557723552
1499.0782381234749,1499.0782381234749,0.9995395133178798,0.0020316368299305833
1499.085182426899,1499.085182426899,1.0005453062324994,0.0020304081805444804
1499.0921267303117,1499.0921267303117,1.0019557777461388,0.0020303180219480377
1499.0990710337242,1499.0990710337242,0.9991565715193909,0.0020305363607052455
1499.1060153371363,1499.1060153371363,0.9995379797854744,0.0020300135786004113
1499.1129596405372,1499.1129596405372,0.9996264651936915,0.0020312607854946606
1499.1199039439612,1499.1199039439612,0.9998287601356697,0.0020292111005083832
1499.126848247362,1499.126848247362,0.9998550216924486,0.00203102571444483
1499.1337925507746,1499.1337925507746,0.9995204900093528,0.0020283274150955342
1499.140736854152,1499.140736854152,0.9999141259547164,0.0020323169076162046
1499.1476811575646,1499.1476811575646,0.9997807351486412,0.0020313301141610673
1499.1546254609655,1499.1546254609655,0.9995451238127323,0.002030157168605258
1499.1615697643665,1499.1615697643665,0.9984535559478213,0.002029611059932635
1499.1685140677555,1499.1685140677555,1.001988848999425,0.002031586624925473
1499.1754583711563,1499.1754583711563,1.0007507730780856,0.0020329104732806696
1499.1824026745455,1499.1824026745455,0.9995635199789341,0.002029438047932694
1499.1893469779347,1499.1893469779347,1.0000332511565158,0.0020284512684629586
1499.1962912813121,1499.1962912813121,0.9998030602369372,0.0020304627161579288
1499.2032355847132,1499.2032355847132,0.9997913535008601,0.0020360148079359265
1499.2101798880908,1499.2101798880908,1.0001044283924174,0.002034079655249231
1499.2171241914684,1499.2171241914684,1.0011892673813059,0.0020330795434060816
1499.224068494846,1499.224068494846,0.9997235770030979,0.0020324718309694
1499.231012798235,1499.231012798235,0.9984708068737407,0.002034680492142729
1499.2379571016127,1499.2379571016127,1.0006695569241197,0.0020335994730414793
1499.2449014049903,1499.2449014049903,0.9980990288767387,0.0020294555055212563
1499.251845708356,1499.251845708356,0.9999490335327726,0.0020301421513407663
1499.2587900117335,1499.2587900117335,1.0001784954647248,0.002031880325182857
1499.2657343150995,1499.2657343150995,1.0014071980110635,0.002033938486691531
1499.272678618465,1499.272678618465,0.998418815614459,0.002027910053910264
1499.2796229218309,1499.2796229218309,1.0022557929596967,0.0020323406732335224
1499.286567225197,1499.286567225197,1.0012948323598423,0.0020299149929382298
1499.293511528551,1499.293511528551,0.9988566591507292,0.002031806247713981
1499.3004558319055,1499.3004558319055,1.0003529899732257,0.0020315233249781294
1499.3074001352602,1499.3074001352602,0.9976435416066538,0.0020291878823525777
1499.314344438614,1499.314344438614,1.0007991207983788,0.002032657540738209
1499.32128874198,1499.32128874198,1.0005292963124617,0.002031044089390083
1499.3282330453226,1499.3282330453226,0.9999499397431257,0.0020306112400191407
1499.3351773486652,1499.3351773486652,1.0006559759290674,0.002030264519441635
1499.3421216520196,1499.3421216520196,0.9982743762393884,0.0020315681916278456
1499.3490659553624,1499.3490659553624,1.0010435471291508,0.0020320351193080627
1499.3560102586932,1499.3560102586932,0.9994275291254769,0.002031531314872347
1499.3629545620474,1499.3629545620474,1.0011899367335435,0.002033523757374857
1499.3698988653668,1499.3698988653668,0.9999169947078916,0.0020297644524270757
1499.376843168721,1499.376843168721,0.9997983065464597,0.002029679687580749
1499.3837874720402,1499.3837874720402,0.9991710575662136,0.002030403020021513
1499.3907317753715,1499.3907317753715,1.0020413267012616,0.0020303557907404525
1499.397676078714,1499.397676078714,0.9981129137423496,0.002031967568299313
1499.4046203820217,1499.4046203820217,1.0011938825783306,0.0020321937131143877
1499.4115646853293,1499.4115646853293,0.9997794245728482,0.002032309995336042
1499.418508988695,1499.418508988695,0.9987120867572404,0.0020313916292545174
1499.4254532920027,1499.4254532920027,1.0009896713926394,0.0020338966536603506
1499.4323975953105,1499.4323975953105,0.999400997196811,0.0020344889380514916
1499.4393418986183,1499.4393418986183,1.000880830213387,0.0020335447818376124
1499.446286201926,1499.446286201926,0.999302825750665,0.002030066290166225
1499.4532305052335,1499.4532305052335,0.9989101555421014,0.0020304707295794636
1499.4601748085413,1499.4601748085413,1.0002285964708864,0.0020313425202726286
1499.4671191118491,1499.4671191118491,1.0003053637983959,0.0020384956310186414
1499.4740634151567,1499.4740634151567,1.000086266619618,0.0020302215785975297
1499.4810077184645,1499.4810077184645,1.0017022313777844,0.002027725964519165
1499.4879520217607,1499.4879520217607,0.9990273444057071,0.002032845629097093
1499.4948963250213,1499.4948963250213,1.0012281239214849,0.002032358041190315
1499.5018406283293,1499.5018406283293,0.9991090801942732,0.0020309125130331574
1499.5087849316371,1499.5087849316371,0.99955348666644,0.0020301370233914017
1499.5157292348865,1499.5157292348865,0.9994771717997797,0.002032979692641722
1499.5226735381943,1499.5226735381943,0.9998962908584021,0.002034872414613788
1499.5296178414671,1499.5296178414671,1.0004580127995955,0.002031732974022501
1499.5365621447513,1499.5365621447513,0.9994504488195224,0.0020326916356665477
1499.5435064480246,1499.5435064480246,1.0019227090821918,0.0020332218581256183
1499.5504507513092,1499.5504507513092,1.0002457561073341,0.002028450132647343
1499.557395054558,1499.557395054558,0.9990297671433754,0.0020313433719870095
1499.5643393578307,1499.5643393578307,0.99924454035989,0.0020313277654703155
1499.5712836611033,1499.5712836611033,0.9998477872938387,0.002031672908209548
1499.5782279643643,1499.5782279643643,0.9988477595295346,0.002031357951464253
1499.5851722676143,1499.5851722676143,1.0007587801703628,0.0020288739819770887
1499.5921165708753,1499.5921165708753,1.0008493366371745,0.0020295520041905364
1499.5990608741363,1499.5990608741363,1.0006272301168146,0.0020305715007928517
1499.606005177386,1499.606005177386,1.000265674909572,0.002029989130542545
1499.6129494806355,1499.6129494806355,0.9998464106273067,0.0020358146747937217
1499.6198937838733,1499.6198937838733,0.9992355042551587,0.002029755883210914
1499.6268380871227,1499.6268380871227,1.0008587472871031,0.002028016161194333
1499.633782390349,1499.633782390349,0.9994733069489324,0.0020311094194727865
1499.6407266935869,1499.6407266935869,0.999052444441595,0.0020288152146796293
1499.6476709968247,1499.6476709968247,0.9999978283012052,0.0020317988480243587
1499.6546153000625,1499.6546153000625,1.0004442363113486,0.0020338345701691658
1499.661559603277,1499.661559603277,1.0006807810839362,0.0020320276185226737
1499.668503906515,1499.668503906515,0.9991368544627968,0.0020317106239790836
1499.6754482097297,1499.6754482097297,1.000307067393607,0.0020306624437570506
1499.682392512956,1499.682392512956,0.9998433817334635,0.0020333733998612095
1499.6893368161586,1499.6893368161586,1.001176042827168,0.0020340547312744854
1499.6962811193728,1499.6962811193728,0.9995599361242217,0.0020317922563383383
1499.7032254225876,1499.7032254225876,0.9991300668073446,0.0020342028977701145
1499.7101697257904,1499.7101697257904,0.9996562493622442,0.0020296702802415
1499.7171140289934,1499.7171140289934,1.0000252090073534,0.0020310503136912288
1499.7240583321966,1499.7240583321966,1.0014385973699758,0.0020302762808721998
1499.7310026353875,1499.7310026353875,0.9994126229571393,0.0020321866050829447
1499.7379469385905,1499.7379469385905,0.9994658378900325,0.0020305486234024938
1499.744891241782,1499.744891241782,0.99993967852467,0.0020358591004197408
1499.7518355449615,1499.7518355449615,0.9990089517793124,0.0020302052780899952
1499.7587798481413,1499.7587798481413,1.001849720879514,0.0020316165919342425
1499.7657241513327,1499.7657241513327,0.9989944322393199,0.0020314810652393585
1499.772668454512,1499.772668454512,0.9999755695218016,0.0020285053144450367
1499.7796127576798,1499.7796127576798,1.0010148714455154,0.002029070813665463
1499.7865570608483,1499.7865570608483,0.9977101052382581,0.002030137818022671
1499.7935013640044,1499.7935013640044,0.99780018889323,0.0020325429610584416
1499.8004456671727,1499.8004456671727,1.0013350112754384,0.0020315417858118483
1499.807389970329,1499.807389970329,0.999011546353737,0.002028883764317689
1499.814334273497,1499.814334273497,0.9997564314482341,0.0020327607914322654
1499.8212785766527,1499.8212785766527,1.0040498205660204,0.0020415647716032293
1499.8282228798093,1499.8282228798093,1.0023513830181083,0.002037817085642853
1499.8351671829541,1499.8351671829541,1.0050311828320224,0.00204059021939355
1499.842111486099,1499.842111486099,0.9981865653222458,0.0020424476320826364
1499.8490557892317,1499.8490557892317,0.9957584678710265,0.0020458268341255726
1499.8560000923767,1499.8560000923767,0.9947420018626442,0.0020425890916346877
1499.8629443954978,1499.8629443954978,0.9966461010298955,0.0020472881067161307
1499.869888698631,1499.869888698631,0.9948681064779124,0.002052206545871636
1499.8768330017645,1499.8768330017645,0.9944833029044522,0.002048833322195633
1499.883777304874,1499.883777304874,0.9959203325289906,0.0020524235122472414
1499.8907216079956,1499.8907216079956,0.9961101430646835,0.002056757824823156
1499.8976659111052,1499.8976659111052,0.9958139093161836,0.0020501747223252488
1499.904610214215,1499.904610214215,0.9971272992850289,0.002051395361109201
1499.9115545173365,1499.9115545173365,0.9975643221245996,0.002052175350181341
1499.9184988204347,1499.9184988204347,0.9957680548147823,0.002053449310989013
1499.9254431235445,1499.9254431235445,0.9932410127839839,0.0020493346243854
1499.9323874266308,1499.9323874266308,0.9927879400285698,0.002042665418729221
1499.9393317297177,1499.9393317297177,0.9940251756291497,0.002043993588144524
1499.9462760328154,1499.9462760328154,0.9974323652000878,0.002041066053941377
1499.95322033589,1499.95322033589,1.0019587652707838,0.0020404808237442723
1499.960164638977,1499.960164638977,1.0034303628668018,0.002036605694642402
1499.9671089420513,1499.9671089420513,1.0020583283425255,0.0020381859635783704
1499.9740532451265,1499.9740532451265,1.003877445870613,0.002036712043767597
1499.9809975481899,1499.9809975481899,1.002547716489103,0.002031670459135844
1499.987941851253,1499.987941851253,1.000445875417622,0.0020308012186952256
1499.9948861543278,1499.9948861543278,1.0012532711753388,0.0020290174336599137
1500.0018304573796,1500.0018304573796,0.999569313407604,0.002030057428644962
1500.0087747604196,1500.0087747604196,0.998877806672021,0.0020282725960690104
1500.0157190634825,1500.0157190634825,0.9989276014135354,0.0020290140720598563
1500.022663366511,1500.022663366511,0.9981379406518058,0.0020306017351850976
1500.029607669574,1500.029607669574,1.0006757829198047,0.002030386257731618
1500.0365519726024,1500.0365519726024,0.9997329576556393,0.0020309795411963937
1500.0434962756194,1500.0434962756194,0.9992122297331798,0.0020325029313759224
1500.050440578636,1500.050440578636,1.000659310443721,0.0020319177504160278
1500.0573848816873,1500.0573848816873,1.0025470917146673,0.002031693459083678
1500.0643291847268,1500.0643291847268,0.999714370288371,0.0020325822865416014
1500.071273487732,1500.071273487732,0.9991324712352379,0.0020296129770236834
1500.0782177907022,1500.0782177907022,0.9992186508481599,0.002029152424551544
1500.0851620937187,1500.0851620937187,0.9997488380569228,0.0020331433552921024
1500.0921063967357,1500.0921063967357,1.0003434753806542,0.002031781746746408
1500.099050699752,1500.099050699752,0.999056382225614,0.00203108455983965
1500.1059950027106,1500.1059950027106,1.0013459278924408,0.0020312200935324134
1500.1129393057277,1500.1129393057277,0.9996608595774598,0.0020310978355792676
1500.1198836086855,1500.1198836086855,1.0006895703591387,0.002035577574825054
1500.1268279116791,1500.1268279116791,1.0012857735182574,0.002031802102505177
1500.1337722146495,1500.1337722146495,0.9993143592447019,0.0020357721695717203
1500.1407165176195,1500.1407165176195,1.000080383563004,0.002034006652601502
1500.1476608205778,1500.1476608205778,0.9982418365149932,0.002032515399828504
1500.154605123548,1500.154605123548,0.9991710160265926,0.002029844535575265
1500.1615494265066,1500.1615494265066,0.9995851682991495,0.0020340456908284196
1500.168493729453,1500.168493729453,1.0002602716319808,0.002032556115602954
1500.1754380323996,1500.1754380323996,0.9991997745501948,0.0020310005604919764
1500.1823823353466,1500.1823823353466,1.0022056064092948,0.0020301623286723735
1500.1893266382929,1500.1893266382929,1.0010352364828694,0.002032811733673911
1500.1962709412169,1500.1962709412169,1.0003420774289438,0.0020290263215180402
1500.203215244152,1500.203215244152,0.999087144032833,0.0020334406810191006
1500.2101595470638,1500.2101595470638,0.9994089408973466,0.0020305097141028105
1500.2171038499876,1500.2171038499876,0.9995375602184516,0.0020337580150409313
1500.224048152911,1500.224048152911,1.000914871317311,0.0020297636647493896
1500.2309924558226,1500.2309924558226,1.0005990525462134,0.002031043760180842
1500.2379367587232,1500.2379367587232,0.9992390580531161,0.002030690027576199
1500.2448810616238,1500.2448810616238,0.999255789651371,0.002032215379191386
1500.251825364512,1500.251825364512,0.9999788027302182,0.0020261926227140427
1500.2587696674009,1500.2587696674009,1.0003819736895427,0.0020316668127321738
1500.265713970301,1500.265713970301,1.0001750902964521,0.0020275584042400924
1500.272658273178,1500.272658273178,0.9999926928446901,0.00203399936814688
1500.279602576043,1500.279602576043,0.9993675288889449,0.002031314437817024
1500.28654687892,1500.28654687892,1.0001490474374877,0.002030793718157226
1500.2934911817852,1500.2934911817852,1.0000578696787623,0.0020320244225134772
1500.300435484639,1500.300435484639,0.999996276482532,0.0020312466693899788
1500.307379787504,1500.307379787504,0.9996718049230513,0.0020294937687552043
1500.3143240903462,1500.3143240903462,1.0012116712248877,0.002028148826982283
1500.3212683931881,1500.3212683931881,1.0023563675506346,0.0020306977616807668
1500.3282126960305,1500.3282126960305,1.0002094851536023,0.002029111445794932
1500.3351569988608,1500.3351569988608,0.9982655015379354,0.002027964450770316
1500.342101301691,1500.342101301691,1.0005041610256487,0.002036495816718959
1500.34904560451,1500.34904560451,1.0007937760671495,0.0020294887736984867
1500.3559899073286,1500.3559899073286,0.9986767451290737,0.0020305452099821666
1500.3629342101474,1500.3629342101474,1.0000996717862018,0.0020312182637036947
1500.3698785129432,1500.3698785129432,0.9991230402732055,0.002036801842859529
1500.3768228157503,1500.3768228157503,0.9997971879560292,0.0020315285076708063
1500.3837671185454,1500.3837671185454,0.9990245793489476,0.002028180670367243
1500.3907114213293,1500.3907114213293,1.0015396317354046,0.002031392196005797
1500.3976557241128,1500.3976557241128,1.000973945108706,0.0020347066992838555
1500.4046000268968,1500.4046000268968,1.000658896828691,0.0020316578780222535
1500.411544329669,1500.411544329669,0.9999266527227352,0.0020320501561416787
1500.4184886324413,1500.4184886324413,1.0016622007430356,0.0020292914238627053
1500.42543293519,1500.42543293519,0.9963954597777688,0.0020291102384118976
1500.432377237962,1500.432377237962,1.0008091667692922,0.002031235195584815
1500.4393215406994,1500.4393215406994,0.9998998486102776,0.002030122144061086
1500.4462658434368,1500.4462658434368,1.0011438642438368,0.0020316602236947964
1500.4532101462091,1500.4532101462091,0.9986464346593014,0.0020305849034324645
1500.4601544489346,1500.4601544489346,1.0002002587901324,0.0020322058231926326
1500.4670987516604,1500.4670987516604,0.9989959903420607,0.0020286542480825462
1500.4740430543857,1500.4740430543857,1.0003750123223705,0.002031056265434501
1500.4809873570766,1500.4809873570766,1.0026952945728351,0.002028755396582621
1500.4879316597787,1500.4879316597787,0.9987475893646792,0.0020271544963569835
1500.494875962504,1500.494875962504,1.0008794590127856,0.0020292868176796236
1500.5018202651831,1500.5018202651831,0.9994898726331158,0.0020333457559841123
1500.5087645678857,1500.5087645678857,1.0002177340397254,0.0020289972046207486
1500.5157088705644,1500.5157088705644,0.9987699032828535,0.0020313232493286973
1500.5226531732437,1500.5226531732437,0.9988583788785181,0.002031058982106365
1500.5295974759115,1500.5295974759115,0.9990793016522371,0.002030239752596146
1500.5365417785786,1500.5365417785786,1.0004635389486192,0.0020365873184923023
1500.543486081246,1500.543486081246,1.0002031678849377,0.0020311047252094287
1500.5504303838902,1500.5504303838902,1.0020225218711962,0.0020314519158420603
1500.5573746865457,1500.5573746865457,1.0015309426733763,0.002029922389190705
1500.5643189891784,1500.5643189891784,0.99909197292579,0.002031346635176506
1500.5712632918112,1500.5712632918112,1.0004000786812843,0.0020322749833842657
1500.5782075944317,1500.5782075944317,0.9995682488217174,0.0020333089366468275
1500.5851518970644,1500.5851518970644,1.0007316784683142,0.0020324167801010168
1500.592096199673,1500.592096199673,0.9981804775763923,0.0020334808277184245
1500.5990405022824,1500.5990405022824,1.0003896478539196,0.0020348205014368297
1500.6059848048917,1500.6059848048917,0.9981529570675406,0.0020315568192819837
1500.612929107489,1500.612929107489,1.0009485196291155,0.0020323730696662793
1500.619873410063,1500.619873410063,0.9996160505723809,0.0020316009138277745
1500.6268177126492,1500.6268177126492,0.9995957602928984,0.002031178279329417
1500.6337620152237,1500.6337620152237,1.0003646415449718,0.0020305376765937647
1500.640706317798,1500.640706317798,1.0003144670830366,0.0020313551549874355
1500.6476506203605,1500.6476506203605,1.0011875881049148,0.002034783218171979
1500.6545949229117,1500.6545949229117,1.0001223093694098,0.002027233483696898
1500.6615392254512,1500.6615392254512,0.9999949484915305,0.0020313232091111314
1500.668483528002,1500.668483528002,1.0011042724250867,0.0020330021819972956
1500.6754278305414,1500.6754278305414,1.0000942892806632,0.002031280892747388
1500.6823721330577,1500.6823721330577,0.998513290992344,0.002028726800108334
1500.6893164355847,1500.6893164355847,0.9974806094475703,0.0020316028089940176
1500.6962607380894,1500.6962607380894,1.0011757360002815,0.0020316416204617755
1500.7032050405937,1500.7032050405937,1.000575300593471,0.0020353891565876195
1500.710149343098,1500.710149343098,1.0003153673069995,0.0020347135354309323
1500.7170936455907,1500.7170936455907,0.9993588075087768,0.0020329478174445177
1500.7240379480722,1500.7240379480722,1.0012248980716314,0.0020314736576401184
1500.7309822505533,1500.7309822505533,1.0015498441731314,0.0020338480816058176
1500.7379265530112,1500.7379265530112,0.9989416804229799,0.0020356590096779785
1500.7448708554807,1500.7448708554807,0.9984966477635178,0.002030292375466273
1500.7518151579384,1500.7518151579384,1.0004042859241462,0.002032362263802053
1500.758759460373,1500.758759460373,0.999373293654326,0.0020302931704195342
1500.7657037628078,1500.7657037628078,1.00195119706735,0.002035076451888598
1500.7726480652423,1500.7726480652423,0.9994238972183037,0.002034883549124977
1500.779592367677,1500.779592367677,0.9991561436516155,0.0020274106780003463
1500.7865366701112,1500.7865366701112,0.9984868715366912,0.0020326885749928714
1500.7934809724877,1500.7934809724877,1.0008347249551746,0.0020325539909259475
1500.8004252749104,1500.8004252749104,1.001908289427514,0.0020334400066013133
1500.8073695772987,1500.8073695772987,0.9999359016568985,0.002030025781943677
1500.8143138796863,1500.8143138796863,0.999546844271595,0.002031117719824008
1500.821258182063,1500.821258182063,0.999258406566058,0.0020354966857948726
1500.8282024844395,1500.8282024844395,0.9996212511075113,0.002034495840570096
1500.8351467867924,1500.8351467867924,1.0011429688429423,0.002036370456756152
1500.8420910891452,1500.8420910891452,0.9987808377821276,0.00203237159531834
1500.8490353914985,1500.8490353914985,1.0000805904677579,0.002033495930252601
1500.8559796938403,1500.8559796938403,1.0008036451092874,0.0020321396026661246
1500.86292399617,1500.86292399617,1.0011363961165505,0.002033452635616416
1500.869868298488,1500.869868298488,1.0002031964342366,0.0020319228112600585
1500.8768126008058,1500.8768126008058,0.9991053706430597,0.0020356114968942372
1500.8837569031004,1500.8837569031004,0.9979386094790585,0.0020339512922937135
1500.8907012054074,1500.8907012054074,0.9998937530710311,0.002033470510714268
1500.8976455077025,1500.8976455077025,0.9999751701954802,0.0020326418118464
1500.9045898099735,1500.9045898099735,1.0000739198859747,0.0020321032006710774
1500.9115341122572,1500.9115341122572,1.00037266502151,0.0020304353918464404
1500.918478414517,1500.918478414517,1.0023153016864903,0.0020334662280477385
1500.9254227167771,1500.9254227167771,0.9993240921323208,0.0020324186634076576
1500.9323670190254,1500.9323670190254,1.0000463028834348,0.002031587821551444
1500.9393113212623,1500.9393113212623,1.0002951278147978,0.0020349622867999093
1500.9462556234873,1500.9462556234873,1.0004055157074678,0.0020314302088573883
1500.9531999257122,1500.9531999257122,0.9987101957222453,0.002033463244969675
1500.9601442279256,1500.9601442279256,0.9997897868520507,0.0020306090056750785
1500.967088530127,1500.967088530127,1.0003720676878043,0.002029127459421343
1500.9740328323285,1500.9740328323285,0.9992519598868362,0.002031370087840615
1500.9809771345072,1500.9809771345072,0.9994232606774816,0.002031969050915943
1500.9879214366974,1500.9879214366974,1.0001908718301178,0.0020304169488873183
1500.9948657388409,1500.9948657388409,0.9999936188234277,0.0020325146103668504
1501.0018100410425,1501.0018100410425,0.9989813644423797,0.0020389073761690924
1501.0087543431862,1501.0087543431862,1.0031823632548362,0.0020283007058930044
1501.0156986453298,1501.0156986453298,0.9993245389072495,0.002031232044749803
1501.02264294745,1501.02264294745,1.00109625418343,0.0020328699552338196
1501.0295872495587,1501.0295872495587,0.9984924469355663,0.0020338648450294408
1501.0365315516906,1501.0365315516906,0.9996198178168004,0.0020314966238469765
1501.0493090675413,1501.0493090675413,1.0015306896229992,0.0020371711119958743
1501.0601421788033,1501.0601421788033,0.9999732561524208,0.0020326731085351904
1501.0670864808774,1501.0670864808774,1.0004841915984315,0.0020349230405127777
1501.0740307829396,1501.0740307829396,0.9982649949055563,0.00203943724305839
1501.0809750849899,1501.0809750849899,0.9991938059316912,0.0020286472896370276
1501.0879193870405,1501.0879193870405,1.0013680451469245,0.0020305296753865506
1501.0948636890791,1501.0948636890791,0.9991031566251347,0.002032244487018789
1501.101807991106,1501.101807991106,0.9990132436514063,0.002030219629423475
1501.10875229311,1501.10875229311,1.0016357597166468,0.002033408826245988
1501.1156965951257,1501.1156965951257,0.9983626151037044,0.00203117260386373
1501.1226408971177,1501.1226408971177,1.0002554283791938,0.0020309258736085508
1501.1295851990985,1501.1295851990985,1.0006102708731188,0.00202898701792822
1501.1365295010787,1501.1365295010787,1.0004779741506513,0.0020323522729460575
1501.1434738030478,1501.1434738030478,1.0003601383396525,0.0020310418938792353
1501.150418104993,1501.150418104993,0.9993785684248893,0.002034538356319135
1501.1573624069388,1501.1573624069388,1.0002243844486969,0.0020331780872877786
1501.1643067088844,1501.1643067088844,1.0004183254632115,0.0020311642388218696
1501.1712510108068,1501.1712510108068,1.0003544654181789,0.0020314456431525284
1501.1781953127177,1501.1781953127177,0.9996159877352915,0.0020326236130332152
1501.1851396146283,1501.1851396146283,0.9983966676957767,0.0020285288442411895
1501.1920839165155,1501.1920839165155,1.000394381290524,0.002034709020514605
1501.1990282184147,1501.1990282184147,0.9992460348794726,0.0020353305276361536
1501.2059725202794,1501.2059725202794,1.0016692067046988,0.0020329547960549954
1501.2129168221315,1501.2129168221315,0.9983549654409118,0.0020356947259269204
1501.219861123984,1501.219861123984,1.0018967334031565,0.0020331628364977238
1501.2268054258361,1501.2268054258361,1.0010378504949227,0.002031865970197885
1501.2337497276767,1501.2337497276767,0.9984039366555804,0.0020343434998809887
1501.240694029483,1501.240694029483,0.9998366780915694,0.0020337751577546638
1501.247638331289,1501.247638331289,0.9995171384559025,0.002030256466398496
1501.2545826330947,1501.2545826330947,1.0007538979467419,0.002031997817807186
1501.2615269348776,1501.2615269348776,0.9994939271275604,0.002033670521726417
1501.2684712366486,1501.2684712366486,0.9978826364436657,0.002029508351709572
1501.2754155384196,1501.2754155384196,1.0010740367983388,0.0020327344044401186
1501.2823598401671,1501.2823598401671,1.0015090866004546,0.002031913110903728
1501.2893041419152,1501.2893041419152,0.999196153074387,0.0020322925163660938
1501.2962484436512,1501.2962484436512,0.9992286547791263,0.002029544807645953
1501.303192745375,1501.303192745375,1.0011807116150404,0.002033174671728203
1501.3101370470881,1501.3101370470881,1.0014355946313824,0.0020366555102127324
1501.317081348766,1501.317081348766,1.000800364329386,0.0020314434072037416
1501.3240256504669,1501.3240256504669,0.999981798938823,0.0020358695788298057
1501.3309699521333,1501.3309699521333,0.9991775886049072,0.0020373705303752465
1501.3379142538115,1501.3379142538115,0.9975353595646844,0.002031837165152748
1501.3448585554424,1501.3448585554424,1.0003623053145618,0.0020322931067903597
1501.351802857097,1501.351802857097,0.9996432503378931,0.002031577504825983
1501.358747158717,1501.358747158717,0.9986271774087783,0.0020289305049529093
1501.3656914603248,1501.3656914603248,1.0003535165496271,0.0020300250711175064
1501.3726357619448,1501.3726357619448,1.0025897660314178,0.0020333436865810624
1501.379580063506,1501.379580063506,1.0006159963993198,0.002034465189895386
1501.3865243651253,1501.3865243651253,1.0023874135595077,0.0020285133353033745
1501.3934686666869,1501.3934686666869,0.999735130978614,0.0020284528887556403
1501.4004129682485,1501.4004129682485,0.999724406705333,0.002033946227469051
1501.4073572697514,1501.4073572697514,0.9992115046169141,0.002031762947112045
1501.4143015713016,1501.4143015713016,1.0007582713147225,0.002030412507466343
1501.4212458728166,1501.4212458728166,0.9990569102374615,0.002033717253618665
1501.4281901743195,1501.4281901743195,0.9988544606119973,0.0020324776127649577
1501.4351344758113,1501.4351344758113,1.0008776508220927,0.00203126906634833
1501.4420787772913,1501.4420787772913,1.0006736750768488,0.0020326334095065275
1501.4490230787596,1501.4490230787596,0.9977476609707688,0.002031850126770228
1501.4559673802164,1501.4559673802164,1.0006884961960119,0.002034982079392007
1501.462911681661,1501.462911681661,1.0003426175861967,0.0020317738046728086
1501.4698559830945,1501.4698559830945,1.0005601155075576,0.0020336775500732905
1501.4768002845044,1501.4768002845044,1.0000777468149074,0.002033203641786275
1501.4837445859032,1501.4837445859032,0.9997773318807482,0.0020336229360375414
1501.49068888729,1501.49068888729,1.001487358752364,0.002032121827557844
1501.497633188677,1501.497633188677,0.9999339656271851,0.002033474349624479
1501.5045774900289,1501.5045774900289,0.9989519987444279,0.0020338809758561937
1501.5115217913924,1501.5115217913924,1.0012656803800684,0.0020331933446174214
1501.5184660927207,1501.5184660927207,0.9984836024530868,0.0020299442755008536
1501.525410394038,1501.525410394038,1.0004800339879831,0.002032730785093753
1501.5323546953553,1501.5323546953553,0.9991928768771482,0.0020328582151759784
1501.5392989966367,1501.5392989966367,1.0002983785085486,0.002031861717612315
1501.5462432979537,1501.5462432979537,0.9991737143222114,0.002033316243724293
1501.5531875992124,1501.5531875992124,0.9994115591628235,0.00203280894212255
1501.560131900436,1501.560131900436,1.0011865846475048,0.002033815844232217
1501.5670762017066,1501.5670762017066,1.000680538919929,0.0020327088979683787
1501.5740205029192,1501.5740205029192,0.9981202329320531,0.0020318900680269757
1501.580964804131,1501.580964804131,1.0027364866693973,0.002032737732719491
1501.5879091053318,1501.5879091053318,0.9986298840364055,0.0020315846575765803
1501.5948534065208,1501.5948534065208,0.9995382513315585,0.0020305386395738753
1501.6017977076867,1501.6017977076867,1.0002123020728473,0.002034172497745619
1501.6087420088404,1501.6087420088404,0.999068039298777,0.0020300537963346484
1501.615686309971,1501.615686309971,1.0002736309648497,0.002029988318563157
1501.6226306111014,1501.6226306111014,1.0015438433374473,0.0020327171361838687
1501.6295749122205,1501.6295749122205,0.9996359038493974,0.002030358959762925
1501.6365192133164,1501.6365192133164,0.9999537053774222,0.002030771289281059
1501.6434635144008,1501.6434635144008,0.9998044198065678,0.002030976823400178
1501.6504078154614,1501.6504078154614,1.00014940425888,0.002031246298735836
1501.6573521165108,1501.6573521165108,1.000697823794064,0.0020325712835258486
1501.6642964175603,1501.6642964175603,1.0005819794434934,0.0020347134033603556
1501.6712407185742,1501.6712407185742,0.9983207050462685,0.002030163758643632
1501.6781850195887,1501.6781850195887,1.0009736257318735,0.002034111692880649
1501.6851293205684,1501.6851293205684,0.9986322609313625,0.002032332001135428
1501.692073621547,1501.692073621547,1.000772637494042,0.0020370752460006298
1501.6990179225268,1501.6990179225268,0.999097803567887,0.002033126051552473
1501.7059622234478,1501.7059622234478,0.9998535499257073,0.0020322763535358342
1501.712906524392,1501.712906524392,1.0005123830838136,0.0020302066100845698
1501.7198508253018,1501.7198508253018,0.9999332710447296,0.002031871904781338
1501.7267951261997,1501.7267951261997,1.0007794966672996,0.0020356703406734142
1501.7337394270858,1501.7337394270858,0.9997691233697639,0.0020367670224373715
1501.740683727949,1501.740683727949,0.9992582320104413,0.0020316688587993545
1501.7476280288006,1501.7476280288006,1.000608571695133,0.002032409777743703
1501.7545723296398,1501.7545723296398,1.001615082518832,0.0020283600922974196
1501.761516630456,1501.761516630456,0.9989794868665903,0.0020284228968693923
1501.7684609312494,1501.7684609312494,1.000495099105753,0.002031175488001372
1501.7754052320424,1501.7754052320424,0.998245851747005,0.0020290935035114288
1501.7823495328007,1501.7823495328007,1.0003349163077613,0.00203119404623713
1501.7892938335588,1501.7892938335588,1.0000042942920335,0.002032518195341865
1501.7962381342936,1501.7962381342936,1.000826538876557,0.0020335919110954755
1501.803182435005,1501.803182435005,0.9980298802513881,0.00203612215835132
1501.8101267356938,1501.8101267356938,1.0004583316712314,0.002033766775418948
1501.8170710363822,1501.8170710363822,1.0010520689221467,0.002032083726143082
1501.8240153370705,1501.8240153370705,1.0021815766046105,0.00203747547991459
1501.8309596377123,1501.8309596377123,0.9994029661063024,0.002031986989720782
1501.8379039383535,1501.8379039383535,0.999763903605024,0.0020326250067799214
1501.8448482389717,1501.8448482389717,0.9981565198076575,0.0020342254318561582
1501.8517925395674,1501.8517925395674,0.9991787035896962,0.002036285497121145
1501.8587368401509,1501.8587368401509,1.0002892376384112,0.00203278095923005
1501.8656811407113,1501.8656811407113,1.0008006440217172,0.0020304671515063506
1501.87262544126,1501.87262544126,0.9979138796526221,0.0020318369580417666
1501.8795697417852,1501.8795697417852,1.0014636233211636,0.0020335065357381973
1501.886514042299,1501.886514042299,1.0031153383601976,0.0020354815726885698
1501.8934583427895,1501.8934583427895,0.999016668446958,0.002034754154105152
1501.9004026432565,1501.9004026432565,0.999016893356049,0.002031392140876155
1501.907346943712,1501.907346943712,1.000223036483437,0.0020295905083115183
1501.9142912441555,1501.9142912441555,0.9990190652998038,0.002034887577525982
1501.9212355445532,1501.9212355445532,1.0014665535802134,0.002033297912059164
1501.9281798449506,1501.9281798449506,0.9990970566835617,0.002034014719142336
1501.9351241453476,1501.9351241453476,0.9991209998381102,0.0020319432288185965
1501.9420684457104,1501.9420684457104,1.000372271894575,0.002031737372527387
1501.9490127460608,1501.9490127460608,0.9995935319822842,0.0020313206892836897
1501.9559570463884,1501.9559570463884,1.001284399825174,0.0020343108543385583
1501.9629013466806,1501.9629013466806,0.9995730253156646,0.002032711621147405
1501.9698456469737,1501.9698456469737,1.000175350094414,0.002033045642318081
1501.9767899472538,1501.9767899472538,0.9991020663603057,0.002031675411450385
1501.9837342475,1501.9837342475,1.001252420121041,0.002034319985734419
1501.9906785477226,1501.9906785477226,1.000323094903819,0.0020362939757088993
1501.9976228479336,1501.9976228479336,0.9993878092357079,0.0020321090078757502
1502.0045671481216,1502.0045671481216,1.0004818796348023,0.0020297398777057735
1502.011511448286,1502.011511448286,0.9997638144000038,0.0020338983429768025
1502.018455748427,1502.018455748427,0.9987159640736365,0.0020331840988118653
1502.0254000485802,1502.0254000485802,1.0012111877516818,0.0020295042997445873
1502.0323443486982,1502.0323443486982,0.9979291983511052,0.002031380549165118
1502.039288648746,1502.039288648746,0.999734437836213,0.0020313687797520485
1502.04623294884,1502.04623294884,1.0009771260316962,0.0020368095870902437
1502.0531772488769,1502.0531772488769,1.0011016335232508,0.0020354445838408597
1502.0601215489132,1502.0601215489132,1.0002057345616877,0.0020350728397019453
1502.0670658489148,1502.0670658489148,0.9994538799197613,0.0020325976519112734
1502.0740101489048,1502.0740101489048,1.000247509623714,0.002034125339071433
1502.0809544488711,1502.0809544488711,1.000728412158881,0.002033375370220458
1502.0878987488027,1502.0878987488027,1.0010487968041697,0.0020322651300973197
1502.0948430487347,1502.0948430487347,0.9992142043448331,0.0020355692731475897
1502.1017873486312,1502.1017873486312,0.9994128296261241,0.002035162565452798
1502.1087316485161,1502.1087316485161,0.9980941386695399,0.0020321191239654995
1502.1156759483779,1502.1156759483779,1.0013738468984714,0.0020340629226770434
1502.1226202482162,1502.1226202482162,1.0007035367043031,0.0020364024955900717
1502.1295645480313,1502.1295645480313,0.9995818331254093,0.0020323488207521986
1502.136508847812,1502.136508847812,0.9995301132197346,0.0020357159083673926
1502.143453147592,1502.143453147592,1.000283592611818,0.0020345806864944453
1502.1503974473376,1502.1503974473376,0.9974114158638429,0.0020324210364503197
1502.1573417470597,1502.1573417470597,1.0009015377520318,0.0020348425466839024
1502.1642860467703,1502.1642860467703,0.9992239708509987,0.002036446730203609
1502.1712303464456,1502.1712303464456,1.0005153047678756,0.0020350729443064436
1502.178174646109,1502.178174646109,1.000168061840514,0.0020359676093183146
1502.1851189457382,1502.1851189457382,1.0015192854631532,0.002035209508863554
1502.1920632453555,1502.1920632453555,0.9991975357434277,0.002031709592249009
1502.1990075449496,1502.1990075449496,0.9985752163950407,0.002032845623645815
1502.205951844509,1502.205951844509,1.0004739199559878,0.0020303048300391443
1502.2128961440678,1502.2128961440678,0.9999103421958724,0.002032772441768419
1502.219840443592,1502.219840443592,0.9994231401133543,0.002034360829783962
1502.2267847430699,1502.2267847430699,1.0006763493632438,0.0020345743390244716
1502.2337290425473,1502.2337290425473,1.001298322367544,0.0020295727840722463
1502.24067334199,1502.24067334199,1.0004438641771567,0.0020301726958331097
1502.247617641421,1502.247617641421,0.9989529760713334,0.0020321372866624055
1502.254561940817,1502.254561940817,0.9992539253194256,0.002032052073497034
1502.2615062402015,1502.2615062402015,0.9990294517334662,0.002032214835161616
1502.2684505395396,1502.2684505395396,1.0010337966199112,0.0020302823682669417
1502.2753948388772,1502.2753948388772,1.0013632608108716,0.0020333426094478603
1502.2823391381803,1502.2823391381803,0.998711196807202,0.0020301462851056
1502.2892834374484,1502.2892834374484,0.9986887862605259,0.002030379046438457
1502.2962277367283,1502.2962277367283,0.9990777389204236,0.002033766003325164
1502.3031720359497,1502.3031720359497,0.9996680256998329,0.002034020311233933
1502.310116335136,1502.310116335136,1.0024203854227707,0.0020350999327313933
1502.3170606343224,1502.3170606343224,1.0017955272570345,0.002033602002329951
1502.3240049334624,1502.3240049334624,1.0016336389660587,0.002038465011709439
1502.3309492326025,1502.3309492326025,1.0031149764450251,0.0020371388391607747
1502.3378935317078,1502.3378935317078,1.0025271380242056,0.0020412753094195815
1502.344837830778,1502.344837830778,0.9969882630198473,0.002040812783533712
1502.3517821298133,1502.3517821298133,0.9920563302980785,0.002042040112179121
1502.3587264288485,1502.3587264288485,0.9936383598215436,0.002042316309692924
1502.3656707278371,1502.3656707278371,0.9909841993092254,0.0020459136710334726
1502.3726150268135,1502.3726150268135,0.9924415507799168,0.002047045430387869
1502.3795593257562,1502.3795593257562,0.9958901792356961,0.00205204157460265
1502.3865036246632,1502.3865036246632,0.9955561374349591,0.0020511489107622157
1502.3934479235588,1502.3934479235588,0.9959336882075732,0.002050503123932072
1502.4003922224078,1502.4003922224078,0.9948382562532722,0.0020518740087080564
1502.4073365212566,1502.4073365212566,0.9984332566282308,0.0020513788477581263
1502.4142808200709,1502.4142808200709,0.9961708346431495,0.0020560336884453494
1502.4212251188385,1502.4212251188385,0.9955874623853408,0.0020494393749336897
1502.428169417594,1502.428169417594,0.9931993688863734,0.0020467728187570735
1502.435113716315,1502.435113716315,0.9933964288218435,0.002041350239362113
1502.442058015024,1502.442058015024,0.9931871865685018,0.002042900603946989
1502.449002313687,1502.449002313687,0.9968414325151619,0.002046231393808463
1502.4559466123378,1502.4559466123378,1.0028483427172785,0.00203917194227263
1502.4628909109306,1502.4628909109306,1.0049424438418932,0.0020375595013894833
1502.469835209512,1502.469835209512,1.0026228023000356,0.0020349376820049357
1502.4767795080702,1502.4767795080702,1.0019029476374626,0.002033963178499787
1502.483723806593,1502.483723806593,0.9996162710687424,0.0020347658680621838
1502.490668105081,1502.490668105081,0.9996238620099509,0.0020382628313210635
1502.497612403557,1502.497612403557,0.9987525794889216,0.0020343192171969576
1502.5045567019872,1502.5045567019872,0.9997612693016364,0.0020302533355995135
1502.5115010003824,1502.5115010003824,0.9974670550628872,0.0020303024196053655
1502.5184452988003,1502.5184452988003,1.001820630430829,0.0020377493197932645
1502.525389597114,1502.525389597114,1.0024701943212375,0.0020302102960235756
1502.532333895439,1502.532333895439,0.9985749902376752,0.0020332990050491526
1502.539278193729,1502.539278193729,0.9988172601590588,0.002033731938850137
1502.5462224919845,1502.5462224919845,1.0000134473608056,0.0020312450083624584
1502.5531667902053,1502.5531667902053,0.9991083616337832,0.0020313957204465254
1502.5601110884131,1502.5601110884131,1.000320261142793,0.002033318710331549
1502.5670553865752,1502.5670553865752,0.9991029072077101,0.002035214440529605
1502.5739996847026,1502.5739996847026,0.9997084627782777,0.002032342493682734
1502.5809439828183,1502.5809439828183,1.0000400903331546,0.0020293319499900013
1502.587888280887,1502.587888280887,1.0018123313139562,0.002032213418452695
1502.5948325789213,1502.5948325789213,1.000035838969787,0.002028641649047971
1502.601776876932,1502.601776876932,1.0007599214506053,0.002030086441242073
1502.6087211748963,1502.6087211748963,0.9970683363507048,0.0020304821966583035
1502.6156654728607,1502.6156654728607,0.9999927241411026,0.002034051439619467
1502.6226097707663,1502.6226097707663,1.001200855029112,0.00203090177802493
1502.6295540686374,1502.6295540686374,0.9990107042541843,0.002030228958325455
1502.6364983664853,1502.6364983664853,1.0006956317725857,0.0020329459508267264
1502.64344266431,1502.64344266431,1.0016694836885907,0.002031139439438501
1502.6503869620992,1502.6503869620992,1.0007550775194527,0.002031324334067964
1502.657331259831,1502.657331259831,0.9996367309642024,0.0020339278073320793
1502.6642755575506,1502.6642755575506,0.9993574470885479,0.002038367561312482
1502.6712198552352,1502.6712198552352,0.9985837382517776,0.002034080494760012
1502.678164152885,1502.678164152885,1.0007188210293039,0.002032401923123915
1502.6851084505001,1502.6851084505001,0.999082700076821,0.0020347053683109273
1502.6920527480684,1502.6920527480684,0.9985051774566124,0.0020350602102174728
1502.698997045625,1502.698997045625,1.0006819908628202,0.0020316245010341214
1502.705941343112,1502.705941343112,1.00086738413353,0.002032519760586959
1502.712885640599,1502.712885640599,1.0013701657548115,0.002033495242648632
1502.719829938063,1502.719829938063,0.9990235333335891,0.0020347227503515115
1502.7267742354798,1502.7267742354798,1.0015361404539647,0.0020368733224538087
1502.7337185328383,1502.7337185328383,0.9993583718052242,0.002032204347846594
1502.7406628301853,1502.7406628301853,1.001263168542812,0.002031921183062813
1502.7476071274862,1502.7476071274862,1.000166507193919,0.0020337595642176422
1502.7545514247636,1502.7545514247636,0.9989523236594312,0.002032847185099319
1502.761495722006,1502.761495722006,1.0000257584131285,0.0020337276872776145
1502.7684400192136,1502.7684400192136,0.9992332240297255,0.002034070223040922
1502.7753843163514,1502.7753843163514,0.9991087607625253,0.0020327071782383866
1502.7823286134887,1502.7823286134887,1.0004640277561678,0.002033052942627339
1502.7892729105802,1502.7892729105802,0.9988382109168068,0.002035716535575254
1502.7962172076361,1502.7962172076361,1.0013334311775057,0.0020323258399618394
1502.8031615046455,1502.8031615046455,0.9996756712035243,0.002029883750163334
1502.810105801632,1502.810105801632,0.9991461188466257,0.0020330968671601027
1502.8170500985948,1502.8170500985948,1.0010990795194394,0.00203337122852229
1502.8239943954998,1502.8239943954998,1.0012473614449402,0.0020321482168030197
1502.8309386923581,1502.8309386923581,1.000223188727172,0.0020316527806400883
1502.8378829891933,1502.8378829891933,0.9984192927388056,0.002032471207221168
1502.8448272859932,1502.8448272859932,0.9993827697630377,0.002033428695375709
1502.8517715827581,1502.8517715827581,0.9999778864291684,0.0020314505766810577
1502.8587158794767,1502.8587158794767,1.000036071026856,0.002035391428955346
1502.8656601761602,1502.8656601761602,1.0012446221077562,0.002036739182310349
1502.872604472809,1502.872604472809,1.0006031777431144,0.002032622968002582
1502.8795487694115,1502.8795487694115,1.0005856374840607,0.002032630418858536
1502.88649306599,1502.88649306599,0.9979597617993015,0.002033234415062654
1502.8934373625339,1502.8934373625339,1.000057624677104,0.0020331067851271515
1502.9003816590198,1502.9003816590198,1.0005728006420411,0.0020309873327614735
1502.907325955482,1502.907325955482,0.9992570332555051,0.0020320368586040417
1502.9142702519096,1502.9142702519096,1.0003896198819633,0.0020302099844593433
1502.921214548279,1502.921214548279,0.9996881654020683,0.0020302174819349724
1502.9281588446481,1502.9281588446481,1.0006335219741467,0.002031125599264722
1502.9351031409246,1502.9351031409246,0.9988343050848434,0.002035922065138487
1502.9420474372007,1502.9420474372007,1.0007161262610076,0.002032332974352206
1502.9489917334188,1502.9489917334188,0.9996027693290923,0.0020312341568816897
1502.9559360296018,1502.9559360296018,1.00082622765049,0.0020319133585463838
1502.9628803257617,1502.9628803257617,1.0006533079943876,0.002033468884996742
1502.969824621863,1502.969824621863,0.99987490062805,0.002033394557473288
1502.9767689179178,1502.9767689179178,0.9994507687408284,0.0020316680689431267
1502.9837132139496,1502.9837132139496,1.0004525118957337,0.002031446914861974
1502.990657509958,1502.990657509958,0.9996413611959223,0.002033570269568102
1502.9976018059199,1502.9976018059199,1.000549614521913,0.0020288349898458006
1503.0045461018237,1503.0045461018237,0.9995893613024471,0.0020381882878446255
1503.0114903977042,1503.0114903977042,0.9986856694774499,0.0020323200280762087
1503.018434693538,1503.018434693538,1.0004818922342176,0.002036143957024906
1503.0253789893247,1503.0253789893247,0.9994939629453563,0.002035309808525925
1503.0323232850656,1503.0323232850656,1.0004842877960143,0.0020333729928148038
1504.3759074687532,1504.3759074687532,1.0010057337153835,0.0021813178842800935
1504.717011760415,1504.717011760415,1.0020670378195968,0.0022095237252914074
1504.7239560828036,1504.7239560828036,1.0004102274226192,0.002201994928333685
1504.73090040525,1504.73090040525,0.999285819463825,0.0021916296262030235
1504.7378447277192,1504.7378447277192,1.000699745397035,0.0021875732247420314
1504.7447890502588,1504.7447890502588,0.9965622767174157,0.002179592406134788
1504.7517333728333,1504.7517333728333,0.999144629204828,0.0021735739332263892
1504.7586776954543,1504.7586776954543,0.9975202764963894,0.002169968378709425
1504.7656220181218,1504.7656220181218,0.9989503301487703,0.002165577667948181
1504.7725663408355,1504.7725663408355,1.000564156669786,0.002156518425318098
1504.7795106635729,1504.7795106635729,0.9986884159906764,0.002149539275469368
1504.7864549863802,1504.7864549863802,0.9972017861244282,0.0021423219039074888
1504.7933993091876,1504.7933993091876,0.9992587859025788,0.0021432352854932214
1504.8003436320646,1504.8003436320646,1.0003841646545044,0.002139338147436412
1504.8072879549647,1504.8072879549647,1.0027393264835145,0.0021323520882808853
1504.8142322779117,1504.8142322779117,1.0029994687081292,0.0021292408068439134
1504.8211766009053,1504.8211766009053,1.003232549934552,0.0021230002719097043
1504.8281209239217,1504.8281209239217,1.0060613576568453,0.0021220193517784056
1504.8350652469735,1504.8350652469735,1.0041462072932796,0.002116718437796411
1504.84200957006,1504.84200957006,0.9982312411223975,0.0021169399961215854
1504.848953893205,1504.848953893205,0.9935690234245781,0.002115811971389085
1504.855898216373,1504.855898216373,0.9944601424054762,0.0021122300460032625
1504.8628425395646,1504.8628425395646,0.9950823591465843,0.0021085094150606045
1504.869786862791,1504.869786862791,0.9954562260437723,0.0021129253073969606
1504.8767311860636,1504.8767311860636,0.9954545048867356,0.0021045367663392383
1504.88367550936,1504.88367550936,0.9957249682499306,0.0021008576135946437
1504.8906198326792,1504.8906198326792,0.9940184905719656,0.002097629886713804
1504.897564156045,1504.897564156045,0.9963415938122762,0.002095080381200892
1504.9045084794348,1504.9045084794348,0.994060535191089,0.0020931924425034725
1504.9114528028472,1504.9114528028472,0.9970094284559581,0.0020887556736999516
1504.918397126306,1504.918397126306,0.9971906350764341,0.002084555817334626
1504.9253414497773,1504.9253414497773,0.9996095112195093,0.002078953472102551
1504.9322857732943,1504.9322857732943,0.9968144122044084,0.0020750751791027756
1504.9392300968234,1504.9392300968234,0.9957441333484207,0.002066819996886789
1504.9461744203754,1504.9461744203754,0.9976179884154363,0.0020601000128786834
1504.953118743963,1504.953118743963,1.0026369036818596,0.0020595473029881625
1504.9600630675848,1504.9600630675848,1.005394132139139,0.00205407561834754
1504.967007391242,1504.967007391242,1.0045823093687154,0.002051045697964419
1504.9739517149221,1504.9739517149221,1.000340303727293,0.002048733075121023
1504.9808960386024,1504.9808960386024,1.0018370274460096,0.002043339386917264
1504.987840362306,1504.987840362306,1.0009329196917878,0.0020403685248556805
1504.9947846860564,1504.9947846860564,1.0003418067909755,0.002038054404027137
1505.001729009818,1505.001729009818,0.9984597639982846,0.002033785625027071
1505.0086733336152,1505.0086733336152,0.9990801105085169,0.002038569458223685
1505.0156176574233,1505.0156176574233,0.9987396118299916,0.002034752729388491
1505.0225619812666,1505.0225619812666,1.0006631237535772,0.0020354547539728407
1505.0295063051212,1505.0295063051212,0.9994657218143408,0.002034216624776878
1505.0364506290114,1505.0364506290114,1.0005652110977181,0.0020321473784714475
1505.0433949529245,1505.0433949529245,0.9991138442680528,0.002036359400448757
1505.050339276861,1505.050339276861,1.0002733773132664,0.0020383846555530787
1505.057283600774,1505.057283600774,1.0000075843737994,0.002032218322784066
1505.0642279247454,1505.0642279247454,0.9995371667793223,0.0020338715977729167
1505.0711722487747,1505.0711722487747,0.9987387239645326,0.0020300376440433995
1505.0781165727699,1505.0781165727699,1.000878671976339,0.00203291294675278
1505.0850608967994,1505.0850608967994,0.9984628173330314,0.0020307732461174602
1505.09200522084,1505.09200522084,0.9999840680159204,0.002033144871675899
1505.0989495449166,1505.0989495449166,1.0009456541924908,0.0020356474244513857
1505.1058938690155,1505.1058938690155,1.000581541665476,0.0020316813079955883
1505.1128381931153,1505.1128381931153,0.9999050626984524,0.0020348647334974272
1505.1197825172499,1505.1197825172499,1.001996215241346,0.0020348872881026233
1505.1267268413956,1505.1267268413956,0.9996941560036691,0.0020304449400895086
1505.1336711655645,1505.1336711655645,0.9982099668173541,0.0020346440787480827
1505.1406154897456,1505.1406154897456,0.999370854119699,0.002034002034167744
1505.1475598139384,1505.1475598139384,0.9977416267718212,0.002031893788017947
1505.1545041381657,1505.1545041381657,1.000277847855465,0.0020320597670090397
1505.1614484623817,1505.1614484623817,1.0013476756145046,0.0020303325769987614
1505.1683927866438,1505.1683927866438,1.0009000103631653,0.0020325369354852493
1505.1753371109062,1505.1753371109062,1.00104400098643,0.0020297252709356186
1505.1822814351922,1505.1822814351922,1.0001728735396196,0.002031030647943475
1505.1892257594895,1505.1892257594895,0.9998904121403271,0.002031306731734253
1505.1961700838099,1505.1961700838099,0.9992861624304877,0.002029267553067304
1505.2031144081425,1505.2031144081425,0.9999821879084637,0.002028693392930135
1505.210058732486,1505.210058732486,1.0000693938370169,0.0020349314530356613
1505.2170030568534,1505.2170030568534,0.9987920223072125,0.0020329632113294123
1505.223947381232,1505.223947381232,1.0001647020232944,0.002032158640749821
1505.2308917056343,1505.2308917056343,0.9994302625703326,0.002033325450046134
1505.2378360300363,1505.2378360300363,1.002830863271139,0.002032736861782626
1505.2447803544499,1505.2447803544499,1.0000406589420883,0.002029839802613596
1505.2517246788868,1505.2517246788868,0.9993776521699591,0.0020288487692293276
1505.2586690033354,1505.2586690033354,0.9995553186391313,0.0020320282315440885
1505.2656133277958,1505.2656133277958,0.9987258937756547,0.002031957940427136
1505.2725576522796,1505.2725576522796,0.9993922693417844,0.0020319981668066723
1505.279501976775,1505.279501976775,1.0011029339044515,0.002035937848482212
1505.2864463012697,1505.2864463012697,0.9992930946978961,0.002036040719571848
1505.2933906258,1505.2933906258,1.0011110209796679,0.0020307340731798556
1505.3003349503067,1505.3003349503067,1.0000281092933838,0.002039686493070724
1505.3072792748603,1505.3072792748603,0.9984979021115062,0.002030123673443138
1505.3142235994142,1505.3142235994142,1.0014687017346846,0.0020310002454998087
1505.321167923967,1505.321167923967,0.999920958794849,0.002031763870039625
1505.3281122485787,1505.3281122485787,1.0000901668476978,0.0020305492593012094
1505.3350565731555,1505.3350565731555,1.0014097409334657,0.0020312614554324135
1505.3420008977673,1505.3420008977673,0.999330620333782,0.002033887198053876
1505.348945222379,1505.348945222379,0.9994418933808087,0.0020328288647053264
1505.3558895470019,1505.3558895470019,0.9993889819182549,0.0020371219581796765
1505.3628338716603,1505.3628338716603,1.0000986453233172,0.0020319011882864472
1505.3697781963067,1505.3697781963067,1.0002801110944717,0.002033293321893801
1505.3767225209651,1505.3767225209651,0.9993431428613693,0.0020359506846201513
1505.3836668456354,1505.3836668456354,1.0004581976758218,0.002036210889259303
1505.3906111703282,1505.3906111703282,1.000184551590828,0.0020330928030665345
1505.397555495021,1505.397555495021,1.0001887387429202,0.0020383119306599503
1505.4044998197257,1505.4044998197257,0.9992731472557461,0.002034171430563559
1505.4114441444422,1505.4114441444422,0.9994783643746971,0.002033474343315527
1505.4183884691706,1505.4183884691706,1.0003158345255803,0.0020357500403489
1505.4253327938986,1505.4253327938986,0.999231459269985,0.0020321511605423006
1505.4322771186498,1505.4322771186498,1.001027278863543,0.0020337987899968256
1505.4392214434006,1505.4392214434006,1.000796118830153,0.002033590280693626
1505.4461657681754,1505.4461657681754,0.9996608103379294,0.002030533410450143
1505.4531100929505,1505.4531100929505,1.0005796727521108,0.0020348018074945397
1505.4600544177367,1505.4600544177367,1.000381833542249,0.0020332475261374498
1505.4669987425464,1505.4669987425464,0.9991421660134934,0.002033824912588126
1505.473943067344,1505.473943067344,1.0000633494262767,0.0020343522031845158
1505.4808873921652,1505.4808873921652,0.9990735721552948,0.0020384062631904946
1505.4878317169748,1505.4878317169748,0.9996723747550496,0.002035076966929637
1505.4947760418195,1505.4947760418195,1.0007057638054544,0.002033193963371218
1505.5017203666637,1505.5017203666637,0.9998983751012235,0.0020333550110633236
1505.508664691508,1505.508664691508,1.0004834123920503,0.0020321999368177386
1505.515609016376,1505.515609016376,1.0011647021666747,0.0020317177473485044
1505.5225533412552,1505.5225533412552,0.999396776243603,0.0020352057892567624
1505.5294976661346,1505.5294976661346,1.0010052414261987,0.002033878333941624
1505.5364419910143,1505.5364419910143,1.002145639536486,0.0020368976093245767
1505.5433863159167,1505.5433863159167,0.9988967213156574,0.002035945911739897
1505.5503306408193,1505.5503306408193,0.9994071365339365,0.0020373015745069273
1505.5572749657338,1505.5572749657338,1.001043944181962,0.0020321666731191327
1505.564219290648,1505.564219290648,1.0002223852854752,0.0020336082116844023
1505.5711636155972,1505.5711636155972,0.9989314175757693,0.0020319269353946397
1505.5781079405233,1505.5781079405233,1.0014575181710306,0.0020367590181152944
1505.585052265472,1505.585052265472,1.0002635615306055,0.0020319223897323014
1505.5919965904218,1505.5919965904218,1.0004396594365956,0.002034625201780347
1505.5989409153826,1505.5989409153826,0.9986999303501959,0.002033031182036113
1505.605885240367,1505.605885240367,0.9991048057462493,0.002032540569345748
1505.6128295653275,1505.6128295653275,1.0005595479858749,0.002034712374131041
1505.6197738903115,1505.6197738903115,0.9999310651404126,0.0020345532897212168
1505.6267182153078,1505.6267182153078,1.0001270311990607,0.0020330396913821754
1505.633662540315,1505.633662540315,1.001135175533388,0.0020303933775153264
1505.6406068653228,1505.6406068653228,0.9998977758185907,0.00203641649878947
1505.647551190342,1505.647551190342,0.9995553018704129,0.0020335358825719152
1505.6544955153602,1505.6544955153602,1.0007069191227054,0.00203221128250283
1505.6614398403915,1505.6614398403915,0.9997747609695665,0.0020334345378702464
1505.668384165434,1505.668384165434,0.998995315189189,0.002034330576642713
1505.675328490476,1505.675328490476,0.9997890939272865,0.002036603523579064
1505.682272815519,1505.682272815519,1.0004457465143048,0.0020330814651806518
1505.6892171405723,1505.6892171405723,0.9997821060377168,0.002036993899023543
1505.6961614656498,1505.6961614656498,0.9988475502103157,0.002034395285329437
1505.7031057907154,1505.7031057907154,1.0011883763383396,0.0020325068003577166
1505.710050115793,1505.710050115793,1.0004227569034922,0.0020339097245560592
1505.7169944408702,1505.7169944408702,0.9994272402656446,0.002034804720218328
1505.7239387659704,1505.7239387659704,0.9999466711375353,0.0020330873523662332
1505.730883091071,1505.730883091071,1.0000819079449692,0.0020314949164152393
1505.7378274161715,1505.7378274161715,1.0008645860153642,0.002033111813173223
1505.7447717412838,1505.7447717412838,1.0003664347711487,0.0020382373620460273
1505.7517160664197,1505.7517160664197,0.999157683415832,0.0020330057647094156
1505.7586603915315,1505.7586603915315,0.9993669018601906,0.0020318574273930426
1505.7656047166322,1505.7656047166322,0.9982686016057769,0.0020308201040580213
1505.7725490417674,1505.7725490417674,1.000985873295012,0.0020306983911542393
1505.7794933669616,1505.7794933669616,1.0031719475666452,0.0020352366234613955
1505.786437692097,1505.786437692097,1.0006985040658987,0.0020318378199280828
1505.7933820172323,1505.7933820172323,0.9990100455483051,0.002040051003970528
1505.8003263424148,1505.8003263424148,0.9986348143801319,0.0020332829679897456
1505.8072706675616,1505.8072706675616,0.9990253571529856,0.0020315691404329465
1505.8142149927553,1505.8142149927553,0.9991720667273194,0.002033281530850128
1505.8211593179262,1505.8211593179262,1.0012641493149281,0.002034306301177961
1505.8281036431076,1505.8281036431076,1.0013484481467538,0.0020349634240244196
1505.8350479683015,1505.8350479683015,0.9989077931758205,0.0020293592862678698
1505.8419922934952,1505.8419922934952,1.000797956170041,0.0020322315968080767
1505.8489366187005,1505.8489366187005,0.9988656890024625,0.0020323592137280093
1505.855880943906,1505.855880943906,1.0004852316822237,0.0020358294003597487
1505.8628252691346,1505.8628252691346,0.9995149317668502,0.002033368320698653
1505.8697695943397,1505.8697695943397,1.0007745354593889,0.0020340679670710704
1505.8767139195802,1505.8767139195802,0.9999696217823912,0.0020319297195448864
1505.8836582448089,1505.8836582448089,0.9997754701851276,0.002031365534385522
1505.8906025700376,1505.8906025700376,1.0004077053233367,0.0020316313636665377
1505.8975468952772,1505.8975468952772,0.9998640112212176,0.002030697870954842
1505.9044912205295,1505.9044912205295,0.9992015442363588,0.002034186606132383
1505.9114355457812,1505.9114355457812,0.9989882165869016,0.0020317680970548284
1505.918379871045,1505.918379871045,0.9993774128991684,0.0020301747208011805
1505.925324196309,1505.925324196309,1.0020928064416073,0.002034603825115251
1505.932268521572,1505.932268521572,1.0022169671268846,0.002031599286145303
1505.9392128468355,1505.9392128468355,0.9993591959453182,0.002030845746485003
1505.9461571721226,1505.9461571721226,0.9987661552212262,0.002036269985256716
1505.9531014973982,1505.9531014973982,0.9994167111980248,0.00203057747615278
1505.960045822708,1505.960045822708,0.9984668856065564,0.002029654533239257
1505.9669901479945,1505.9669901479945,1.0023853425484741,0.0020306744538468465
1505.9739344733048,1505.9739344733048,0.9995699350669824,0.0020307406713205908
1505.980878798603,1505.980878798603,0.9992755098234684,0.0020340049099535143
1505.9878231239136,1505.9878231239136,1.0004680509536332,0.0020375941657634644
1505.994767449224,1505.994767449224,0.9996600050495275,0.002032054135240006
1506.0017117745567,1506.0017117745567,1.000243510096255,0.0020336805191951694
1506.008656099867,1506.008656099867,1.0019098217814097,0.0020335951286682974
1506.0156004252003,1506.0156004252003,0.999737442197182,0.0020320451055629725
1506.0225447505456,1506.0225447505456,0.997707112395857,0.002037149283092895
1506.0294890758792,1506.0294890758792,0.9999775276272265,0.002033805799049356
1506.036433401224,1506.036433401224,1.0008681440981257,0.0020345735177690074
1506.0433777265687,1506.0433777265687,1.0004096307869066,0.0020338156406040997
1506.0503220519254,1506.0503220519254,0.9985500031687907,0.002036808157485721
1506.0572663772941,1506.0572663772941,0.9998173204324289,0.0020365304835951717
1506.064210702651,1506.064210702651,1.0006795667862645,0.0020385377757969362
1506.071155028019,1506.071155028019,1.0005006697861163,0.002034341747635111
1506.078099353399,1506.078099353399,0.9996719602443049,0.002036516714890391
1506.0850436787791,1506.0850436787791,0.9990351385792268,0.002033240980145684
1506.0919880041706,1506.0919880041706,1.0013126281139588,0.0020339373282829217
1506.0989323295391,1506.0989323295391,1.0005768124298964,0.002032196554924167
1506.105876654942,1506.105876654942,1.0006939760560516,0.0020374456921561394
1506.1128209803337,1506.1128209803337,0.9996918303094129,0.00203170532371908
1506.1197653057486,1506.1197653057486,0.9980661447587444,0.0020330728782863056
1506.126709631129,1506.126709631129,0.9999705968179631,0.0020338645296903686
1506.133653956555,1506.133653956555,1.0013524923073835,0.0020346383838283372
1506.1405982819813,1506.1405982819813,0.9993504730782916,0.002036196697618387
1506.1475426074085,1506.1475426074085,1.0005735353081526,0.002037972394298052
1506.1544869328347,1506.1544869328347,0.9993224236327226,0.0020319598055777662
1506.1614312582612,1506.1614312582612,1.0006606810842968,0.002036306432951436
1506.168375583688,1506.168375583688,0.9996972470081266,0.0020345985786155386
1506.175319909114,1506.175319909114,0.9996390099208515,0.002033859219782163
1506.1822642345408,1506.1822642345408,0.9985669362459898,0.002034344909261305
1506.1892085600023,1506.1892085600023,1.0008848032203113,0.002035813748463541
1506.1961528854522,1506.1961528854522,1.0007919426930398,0.0020326025879012976
1506.203097210902,1506.203097210902,1.0018531341163501,0.002031908616026321
1506.2100415363634,1506.2100415363634,0.9995931357401246,0.002032559118827661
1506.216985861825,1506.216985861825,0.9999636045343168,0.0020337614971443424
1506.2239301872862,1506.2239301872862,0.9987110051245247,0.0020381647906678162
1506.2308745127598,1506.2308745127598,0.9998915045138927,0.002034002984932356
1506.2378188382438,1506.2378188382438,0.9993497258880895,0.00203575457974373
1506.2447631637287,1506.2447631637287,1.0003185535004735,0.0020316756818488588
1506.251707489202,1506.251707489202,1.000338538252057,0.002036786367238073
1506.2586518146986,1506.2586518146986,1.0009568242055749,0.002031402335298319
1506.2655961401947,1506.2655961401947,0.9986662969527236,0.002032972558882669
1506.2725404656908,1506.2725404656908,1.000002966657533,0.002031301828916786
1506.2794847911875,1506.2794847911875,0.9987069545197498,0.0020313104739818266
1506.2864291166957,1506.2864291166957,0.9999234518653127,0.0020328927043281476
1506.2933734422036,1506.2933734422036,1.0015514714298426,0.0020343597449355264
1506.3003177677233,1506.3003177677233,1.0020281612798443,0.0020349423486897317
1506.3072620932307,1506.3072620932307,1.0007923880207668,0.0020361370532062982
1506.314206418751,1506.314206418751,0.9994862181834971,0.002035077880173366
1506.3211507442825,1506.3211507442825,0.9997989762041719,0.0020311973363067153
1506.3280950698133,1506.3280950698133,0.996787694506193,0.0020327385164642152
1506.3350393953447,1506.3350393953447,1.0006455960104503,0.0020329698401340434
1506.3419837208876,1506.3419837208876,0.999785636128441,0.0020337850927031704
1506.3489280464307,1506.3489280464307,1.000587558200976,0.0020351171819107273
1506.3558723719736,1506.3558723719736,1.0015154045920442,0.0020363781016496914
1506.3628166975282,1506.3628166975282,0.9997666727954625,0.002033943978364292
1506.3697610230824,1506.3697610230824,0.9977937383721279,0.002033731581702628
1506.3767053486372,1506.3767053486372,0.9998224670443194,0.002033049155977349
1506.383649674192,1506.383649674192,1.0002018243724486,0.0020340067019043013
1506.3905939997699,1506.3905939997699,1.0022344033479975,0.0020355035504575204
1506.397538325336,1506.397538325336,1.000927890561945,0.002031601883669332
1506.404482650914,1506.404482650914,0.9993001059689186,0.002030522031133509
1506.4114269764802,1506.4114269764802,0.9991066013700444,0.0020339516418098093
1506.4183713020814,1506.4183713020814,0.9991817943910662,0.0020353237844505318
1506.4253156276595,1506.4253156276595,0.9999159939662702,0.0020338122639953333
1506.4322599532484,1506.4322599532484,0.998976990857068,0.0020308771451489445
1506.4392042788381,1506.4392042788381,1.0011327301832378,0.002033365212926125
1506.4461486044393,1506.4461486044393,1.0002178124145467,0.0020328116987649377
1506.4530929300406,1506.4530929300406,1.0020678147566422,0.0020354620943327083
1506.4600372556533,1506.4600372556533,0.9997492241166628,0.0020296428075226173
1506.4669815812542,1506.4669815812542,0.9985911035100283,0.002030925998354985
1506.4739259068788,1506.4739259068788,0.9998114701774282,0.0020332360493735837
1506.4808702324917,1506.4808702324917,0.9995073721006437,0.0020324820886011155
1506.4878145581163,1506.4878145581163,0.9994927717527833,0.0020310356969547886
1506.4947588837408,1506.4947588837408,1.0003724648707186,0.0020317018478924987
1506.5017032093647,1506.5017032093647,1.0007266866216722,0.0020361545571724914
1506.508647535001,1506.508647535001,1.0003609499772517,0.00203067589795911
1506.5155918606372,1506.5155918606372,0.9997346339091407,0.0020348677226468457
1506.5225361862733,1506.5225361862733,0.9997714056031531,0.0020324740931357966
1506.5294805119088,1506.5294805119088,1.0006746110989806,0.0020322160675581144
1506.5364248375686,1506.5364248375686,1.0000837044332491,0.0020302185502008023
1506.5433691632165,1506.5433691632165,1.000593946653078,0.002032080527640374
1506.5503134888756,1506.5503134888756,0.999227129905576,0.002033426967732946
1506.5572578145348,1506.5572578145348,0.998949114336995,0.002035994938292867
1506.564202140194,1506.564202140194,1.0011186461729484,0.0020342173242538083
1506.5711464658652,1506.5711464658652,0.9987520257537186,0.002035174111222738
1506.5780907915364,1506.5780907915364,0.999798370511721,0.002033331579736234
1506.5850351171962,1506.5850351171962,1.0006320543377147,0.002036338802877548
1506.5919794428899,1506.5919794428899,1.001763753345568,0.0020330417071933427
1506.5989237685724,1506.5989237685724,0.9986705267036703,0.002031686955421711
1506.6058680942438,1506.6058680942438,0.9991797013219514,0.002035817215962607
1506.6128124199497,1506.6128124199497,1.000364537633278,0.0020331454806136132
1506.6197567456325,1506.6197567456325,1.0010909770951701,0.0020324823363204337
1506.6267010713266,1506.6267010713266,0.9997843999702472,0.002031170429860213
1506.633645397044,1506.633645397044,0.9995127973851698,0.00203583541793327
1506.640589722762,1506.640589722762,0.9992244216540772,0.0020320008074634875
1506.6475340484212,1506.6475340484212,1.0001267372371245,0.0020321920693488404
1506.654478374138,1506.654478374138,0.9997216363305613,0.0020336307622909463
1506.6614226998558,1506.6614226998558,0.9992839064920499,0.0020323528937297884
1506.6683670255738,1506.6683670255738,1.0012984034742354,0.0020371295529338545
1506.6753113512914,1506.6753113512914,1.0017337252800778,0.0020325006293631337
1506.6822556770553,1506.6822556770553,0.998621164989301,0.0020310173935265082
1506.6892000027844,1506.6892000027844,0.9982467231354265,0.002029538112846966
1506.696144328502,1506.696144328502,0.9989189222079645,0.002027463161502538
1506.7030886542311,1506.7030886542311,1.0015688862537737,0.0020302620461527744
1506.7100329799955,1506.7100329799955,1.0006426891570412,0.0020326241800761764
1506.7169773057128,1506.7169773057128,0.9998432698291154,0.0020301928660134707
1506.7239216314888,1506.7239216314888,0.9986809065877653,0.0020366196210318574
1506.7308659572298,1506.7308659572298,1.000152758531303,0.0020333097609322136
1506.7378102829823,1506.7378102829823,1.0008139857938836,0.002034589053831629
1506.744754608746,1506.744754608746,1.0011960944977445,0.002033230206487597
1506.7516989345102,1506.7516989345102,0.999054192438973,0.002034081555310413
1506.7586432602745,1506.7586432602745,0.9992851269444515,0.0020324587096458673
1506.7655875860503,1506.7655875860503,0.9995491698779151,0.0020306302157729063
1506.7725319118144,1506.7725319118144,1.0011925884332715,0.0020323438721403194
1506.7794762376018,1506.7794762376018,0.998299508236523,0.002032224790434068
1506.7864205633773,1506.7864205633773,0.9996614374875199,0.0020334271038297434
1506.793364889165,1506.793364889165,1.0007342614605768,0.0020385703162314564
1506.8003092149524,1506.8003092149524,0.9999135078050905,0.002034977452977841
1506.8072535407514,1506.8072535407514,1.0017483949156718,0.0020332719908677504
1506.8141978665387,1506.8141978665387,0.99971061637197,0.002036873022445296
1506.821142192338,1506.821142192338,0.9991861729337611,0.0020316764726645118
1506.8280865181484,1506.8280865181484,0.9994994734035462,0.0020305084461138797
1506.8350308439592,1506.8350308439592,1.0000063662086354,0.002030671810660677
1506.8419751697584,1506.8419751697584,0.9992718104254557,0.0020335170172442393
1506.8489194955687,1506.8489194955687,1.000253492027337,0.002031475341215251
1506.855863821403,1506.855863821403,1.000832231016161,0.0020341017071161416
1506.8628081472139,1506.8628081472139,1.0009422245123596,0.002032617230618562
1506.869752473036,1506.869752473036,1.0003376786099316,0.0020302786741067114
1506.87669679887,1506.87669679887,1.0010830680723894,0.0020320679110302033
1506.883641124704,1506.883641124704,0.9993202795872234,0.002032365274437692
1506.8905854505379,1506.8905854505379,0.9985285631845269,0.002034644719981657
1506.8975297763834,1506.8975297763834,0.9982157501583542,0.00203281087089821
1506.9044741022292,1506.9044741022292,1.000507889884034,0.0020348186116695044
1506.9114184280634,1506.9114184280634,0.9990953860339923,0.002036903412672156
1506.9183627539205,1506.9183627539205,1.000105052866878,0.0020314840066242125
1506.925307079778,1506.925307079778,0.999262451877774,0.0020337768840000977
1506.9322514056234,1506.9322514056234,0.9995576676329513,0.002033477322087177
1506.9391957314804,1506.9391957314804,1.000532057041854,0.002029805261166623
1506.9461400573496,1506.9461400573496,1.0012835504330897,0.0020327571657721595
1506.9530843832304,1506.9530843832304,1.0002419720678821,0.002030939811687793
1506.9600287090984,1506.9600287090984,0.9994554350320228,0.002031830586706527
1506.9669730349676,1506.9669730349676,1.0015790177925545,0.0020313664465057978
1506.97391736086,1506.97391736086,0.9987761714764776,0.0020317144732164066
1506.9808616867406,1506.9808616867406,0.998934703084913,0.002033890175273565
1506.9878060126211,1506.9878060126211,1.0006536194842586,0.0020333863732896118
1506.9947503385133,1506.9947503385133,1.000606558516913,0.0020336016632318704
1507.0016946644052,1507.0016946644052,0.9996096453435326,0.002031369356445904
1507.0086389902976,1507.0086389902976,0.9984988201218312,0.002030325696627712
1507.0155833162019,1507.0155833162019,1.0016265942579108,0.0020351905078955642
1507.0225276421165,1507.0225276421165,1.0011343110553679,0.0020327962197697128
1507.029471968009,1507.029471968009,0.9975900894270922,0.0020297749462238313
1507.0364162939245,1507.0364162939245,1.0003246332773517,0.002030748119991651
1507.043360619852,1507.043360619852,0.9999622898496181,0.0020299607336098234
1507.050304945767,1507.050304945767,1.0007071960668426,0.0020349097550577257
1507.0572492716824,1507.0572492716824,1.0003383026828012,0.0020326031680196082
1507.0641935976098,1507.0641935976098,1.001025623539347,0.0020305658925696937
1507.0711379235486,1507.0711379235486,0.9998928740163107,0.002035415607621782
1507.0780822494753,1507.0780822494753,0.9993210014111492,0.0020301128437660867
1507.0850265754143,1507.0850265754143,0.9994673217576657,0.0020311298515823016
1507.0919709013529,1507.0919709013529,0.999698680913647,0.0020346016677559144
1507.0989152273037,1507.0989152273037,0.9997072478825869,0.002034073095362822
1507.105859553254,1507.105859553254,1.0000016907257634,0.002032023992146981
1507.112803879204,1507.112803879204,1.0014599088306269,0.002034428672250998
1507.1197482051546,1507.1197482051546,1.001119592350024,0.002034286163150205
1507.1266925311168,1507.1266925311168,0.998263685210158,0.002036868537160321
1507.1336368570787,1507.1336368570787,1.0015484661413243,0.0020301536495201415
1507.1405811830405,1507.1405811830405,0.9988041002420294,0.0020338265628960708
1507.1475255090143,1507.1475255090143,0.9990348835196489,0.0020319867059918418
1507.1544698349994,1507.1544698349994,0.9993924678234851,0.002033318167839662
1507.16141416095,1507.16141416095,1.000181418584997,0.0020333826545961605
1507.1683584869584,1507.1683584869584,0.9993281981880914,0.0020313208768748528
1507.175302812909,1507.175302812909,1.0003536127678962,0.002035396189081312
1507.1822471389175,1507.1822471389175,1.0011654437408648,0.0020361381832693275
1507.1891914649264,1507.1891914649264,0.9994218903089058,0.002031562848378493
1507.196135790888,1507.196135790888,0.9998892772994388,0.002030521769963017
1507.203080116885,1507.203080116885,1.0006405188123924,0.002033505567100731
1507.2100244428937,1507.2100244428937,1.0000728384325464,0.0020326758784262743
1507.2169687689025,1507.2169687689025,1.0001243774699933,0.002033020430961517
1507.223913094911,1507.223913094911,0.998984857578378,0.002033160225503805
1507.2308574209196,1507.2308574209196,0.9984353972129879,0.002032931350738066
1507.2378017469284,1507.2378017469284,1.0000936616363212,0.002034899881662609
1507.2447460729716,1507.2447460729716,0.9994085260446235,0.0020351389996493886
1507.2516903990036,1507.2516903990036,0.9999066908021131,0.00203296131225512
1507.2586347250121,1507.2586347250121,1.00005347782994,0.002036841422838577
1507.2655790510555,1507.2655790510555,0.9991242388515638,0.002032006470462967
1507.2725233770875,1507.2725233770875,1.002383711766694,0.0020298635361695482
1507.2794677031195,1507.2794677031195,0.999487743134108,0.002031002329400031
1507.2864120291626,1507.2864120291626,0.999769520056803,0.0020286088353387542
1507.2933563552178,1507.2933563552178,0.998467577438009,0.002030936040339955
1507.300300681262,1507.300300681262,1.0018187911458363,0.0020285053669725716
1507.307245007305,1507.307245007305,0.9999538579382283,0.0020341590158313933
1507.3141893333718,1507.3141893333718,1.0003356557338674,0.002032634930360854
1507.3211336594388,1507.3211336594388,1.0019167376975808,0.002035181646825832
1507.328077985494,1507.328077985494,1.0037497256183479,0.002035914909282955
1507.3350223115608,1507.3350223115608,1.0023758999365666,0.0020409625010530063
1507.3419666376271,1507.3419666376271,0.9980890627879537,0.0020404379260730867
1507.3489109637171,1507.3489109637171,0.9955027342721134,0.0020465990376435303
1507.3558552897844,1507.3558552897844,0.9940685196696253,0.0020434240387631674
1507.3627996158743,1507.3627996158743,0.9938659644222352,0.0020473835061284385
1507.3697439419527,1507.3697439419527,0.993533382192106,0.002045512972481818
1507.3766882680543,1507.3766882680543,0.9910219914923399,0.0020438608188603526
1507.3836325941331,1507.3836325941331,0.9922691113683573,0.0020442689813344756
1507.3905769202468,1507.3905769202468,0.9920887821830083,0.002041971291758159
1507.3975212463247,1507.3975212463247,0.9939798296396741,0.002047135178831781
1507.404465572438,1507.404465572438,0.9917256021519286,0.002044085299370182
1507.41140989854,1507.41140989854,0.9942274376192664,0.0020470905207055196
1507.418354224665,1507.418354224665,0.9927750234109933,0.0020469077492493736
1507.4252985507665,1507.4252985507665,0.9963345335419398,0.002050481131197094
1507.4322428768917,1507.4322428768917,0.995537273293522,0.0020493883211621967
1507.4391872030167,1507.4391872030167,0.9937844950434893,0.002043838587889858
1507.4461315291417,1507.4461315291417,0.9980849486768312,0.002040633852436285
1507.4530758552785,1507.4530758552785,1.0025812637972191,0.0020461672831119746
1507.4600201814033,1507.4600201814033,1.0033279849086458,0.0020431765418977297
1507.4669645075398,1507.4669645075398,1.002371545061825,0.0020413219972536577
1507.473908833677,1507.473908833677,1.0020165071597167,0.002036475834789399
1507.4808531598362,1507.4808531598362,1.0004465644794358,0.0020335331001307025
1507.487797485973,1507.487797485973,1.000914142759033,0.00203289142197973
1507.4947418121096,1507.4947418121096,0.9997741284596854,0.0020319444842058073
1507.5016861382815,1507.5016861382815,0.9984171223465055,0.002032079119169415
1507.508630464453,1507.508630464453,1.0000122779268916,0.002029416912278241
1507.5155747906012,1507.5155747906012,0.9990962563017742,0.0020308470760842185
1507.5225191167615,1507.5225191167615,0.9986617115530192,0.002030286033813988
1507.5294634429442,1507.5294634429442,0.9997039080544574,0.002031442292976338
1507.536407769116,1507.536407769116,1.001423536252527,0.002032104361635541
1507.5433520952872,1507.5433520952872,1.0004225019860202,0.0020345765358127563
1507.5502964214706,1507.5502964214706,1.000391831918917,0.0020355245384415326
1507.5572407476543,1507.5572407476543,0.9997934085413192,0.0020368927876390453
1507.5641850738486,1507.5641850738486,1.0002156001168188,0.002031744740074993
1507.5711294000319,1507.5711294000319,0.9990917149928791,0.002031058990821171
1507.5780737262385,1507.5780737262385,1.0001372518892953,0.0020345400999064313
1507.5850180524453,1507.5850180524453,0.9986806309932381,0.002030516970840633
1507.59196237864,1507.59196237864,1.0000326685002174,0.0020309625676987173
1507.5989067048463,1507.5989067048463,1.0016718104695586,0.002033237393438976
1507.605851031053,1507.605851031053,1.0004849611494366,0.0020342827498944396
1507.612795357271,1507.612795357271,0.9994963888447508,0.002032467265392103
1507.6197396834891,1507.6197396834891,0.997808325022613,0.002031566081319937
1507.626684009719,1507.626684009719,0.9975406131087212,0.0020310324019386728
1507.6336283359487,1507.6336283359487,1.0001963925153925,0.0020347316436120553
1507.640572662167,1507.640572662167,1.0004954034317632,0.0020310326806562483
1507.6475169883963,1507.6475169883963,1.0022668753289048,0.002033023558801454
1507.6544613146382,1507.6544613146382,1.0003440227043083,0.0020317214967732144
1507.6614056408794,1507.6614056408794,1.0002694932600682,0.002033537827403081
1507.668349967121,1507.668349967121,1.000439446240766,0.002035918262694636
1507.6752942933738,1507.6752942933738,1.0009746434678726,0.0020327313236256266
1507.6822386196268,1507.6822386196268,0.9981074486539206,0.0020324705972551826
1507.6891829458684,1507.6891829458684,0.999815069674073,0.002033424037430771
1507.6961272721333,1507.6961272721333,0.9996155809145636,0.0020285712109360077
1507.7030715984095,1507.7030715984095,0.9996554714586269,0.0020334109926835133
1507.7100159246506,1507.7100159246506,0.9999494464216667,0.0020331686871254877
1507.7169602509507,1507.7169602509507,1.0000635621349152,0.0020338676014610454
1507.7239045772037,1507.7239045772037,0.9991358437834826,0.002032062593806506
1507.7308489034913,1507.7308489034913,1.0019564291130183,0.002032406660670359
1507.7377932297911,1507.7377932297911,0.9999410250208403,0.0020301651837636775
1507.7447375560441,1507.7447375560441,0.999839331480934,0.0020330455983270136
1507.7516818823326,1507.7516818823326,0.9990107291748979,0.0020341790636759947
1507.7586262086318,1507.7586262086318,0.9999392072477384,0.002032494934195618
1507.7655705349312,1507.7655705349312,1.0009267990524133,0.0020339584416051264
1507.7725148612312,1507.7725148612312,1.0002574352557854,0.0020333656848376827
1507.7794591875306,1507.7794591875306,1.0020330681921794,0.0020309351141668216
1507.7864035138302,1507.7864035138302,1.0016762638172747,0.002032440328859938
1507.7933478401649,1507.7933478401649,0.998952813922606,0.0020312236736281736
1507.800292166488,1507.800292166488,0.9992256078215569,0.002035879832699754
1507.8072364927873,1507.8072364927873,0.9977325771418674,0.0020319056167526686
1507.8141808191217,1507.8141808191217,0.9987176347084038,0.002032249639856523
1507.821125145445,1507.821125145445,1.0016799259457396,0.002033386954900621
1507.8280694717791,1507.8280694717791,1.0005385454111952,0.002033017286971437
1507.8350137981026,1507.8350137981026,1.000977196094457,0.002031648317066917
1507.84195812446,1507.84195812446,0.9995828185927659,0.0020364976222358067
1507.8489024507946,1507.8489024507946,0.999548370490904,0.002035775810181796
1507.861680011279,1507.861680011279,0.99953000096617,0.0020314306258013243
1507.872513160388,1507.872513160388,1.000971577646507,0.002030694923048829
1507.8794574867457,1507.8794574867457,0.9999512501314959,0.0020335605987660864
1507.886401813104,1507.886401813104,1.0001623477059973,0.0020305137165562604
1507.8933461394731,1507.8933461394731,0.9994055196623656,0.0020313597264266575
1507.9002904658312,1507.9002904658312,0.9990626321056665,0.002032672137060034
1507.9072347922122,1507.9072347922122,1.0003681310673156,0.00203251289726666
1507.9141791185934,1507.9141791185934,1.000562127028068,0.0020346469843825995
1507.921123444974,1507.921123444974,0.9992563060283117,0.002032713116307381
1507.9280677713555,1507.9280677713555,1.0007788434174332,0.0020318320888430426
1507.9350120977485,1507.9350120977485,0.9999248979140063,0.0020306644395142064
1507.941956424141,1507.941956424141,0.9995765608008916,0.0020323240342192033
1507.9489007505451,1507.9489007505451,1.0012763244299263,0.0020350041191332354
1507.955845076938,1507.955845076938,1.0011351457781388,0.0020334876776284426
1507.9627894033424,1507.9627894033424,0.9980695875617656,0.0020312187894397224
1507.969733729747,1507.969733729747,1.000037861268374,0.0020318781989723997
1507.9766780561629,1507.9766780561629,0.9997772813002597,0.00203175667758011
1507.9836223825791,1507.9836223825791,1.0004276163687988,0.002029775454665218
1507.990566708995,1507.990566708995,0.9987938014175413,0.0020316281899142776
1507.9975110354226,1507.9975110354226,1.0002803093051738,0.0020314222626001
1508.0044553618504,1508.0044553618504,1.0023920688649046,0.0020298513536346173
1508.0113996882778,1508.0113996882778,1.0004240373632982,0.0020316162416406437
1508.0183440147177,1508.0183440147177,0.9983487965123565,0.0020301029116871388
1508.0252883411445,1508.0252883411445,0.9989305837992992,0.00203050718643792
1508.0322326675841,1508.0322326675841,1.0010705671554594,0.0020302528383915617
1508.0391769940352,1508.0391769940352,0.9977331751915411,0.002029524616376125
1508.046121320498,1508.046121320498,1.0007229949466268,0.002030957944014337
1508.0530656469487,1508.0530656469487,1.0002795265966937,0.002033575468599437
1508.0600099733997,1508.0600099733997,0.9986458433988789,0.0020309974661511443
1508.0669542998744,1508.0669542998744,1.0004531775808405,0.0020362443480066387
1508.0738986263364,1508.0738986263364,0.9992789431599555,0.00203224354993102
1508.0808429527992,1508.0808429527992,1.0014807371799468,0.0020324120278991725
1508.0877872792735,1508.0877872792735,1.0004558069827134,0.0020303158671943653
1508.0947316057477,1508.0947316057477,1.0000715484763782,0.0020324093923442883
1508.1016759322338,1508.1016759322338,0.9996178920486006,0.0020298711035468433
1508.1086202587078,1508.1086202587078,0.9996702660664252,0.002034253304594197
1508.1155645852054,1508.1155645852054,0.998961871867215,0.0020305056269607105
1508.1225089117029,1508.1225089117029,0.9997046829949088,0.002030756387870941
1508.129453238189,1508.129453238189,1.001107379903922,0.0020303245618546006
1508.1363975646977,1508.1363975646977,0.9999973448250643,0.0020333174201235303
1508.1433418911954,1508.1433418911954,1.0002150237865888,0.0020322381174130255
1508.1502862177163,1508.1502862177163,1.001322126922259,0.0020298882427052505
1508.1572305442137,1508.1572305442137,0.9988691884628824,0.0020345355229102018
1508.1641748707345,1508.1641748707345,0.9996816658452999,0.002032552551062157
1508.1711191972556,1508.1711191972556,0.9982444498684195,0.0020327337035323093
1508.178063523776,1508.178063523776,1.0017584237287473,0.0020342608663956574
1508.1850078503085,1508.1850078503085,1.0004007702264104,0.0020341761017324067
1508.191952176841,1508.191952176841,1.0008361294526877,0.002032483252754032
1508.1988965033738,1508.1988965033738,0.9991193542105353,0.0020349064682972946
1508.2058408299058,1508.2058408299058,1.0004041439544036,0.002031802315679113
1508.21278515645,1508.21278515645,0.9997516634180135,0.0020339079746804056
1508.2197294830057,1508.2197294830057,0.9985292388637301,0.0020322980691642794
1508.2266738095502,1508.2266738095502,1.0011575773737806,0.0020380051531247397
1508.2336181361056,1508.2336181361056,0.9993872096367094,0.0020319610128205685
1508.240562462673,1508.240562462673,0.9999683304954845,0.0020316802063944724
1508.2475067892171,1508.2475067892171,0.9994954063358639,0.002036772312062644
1508.2544511157962,1508.2544511157962,0.9989371451837485,0.0020284750027061748
1508.2613954423753,1508.2613954423753,1.0005025806637016,0.002030086121993148
1508.2683397689193,1508.2683397689193,1.0002399384119758,0.002031814735981596
1508.2752840955102,1508.2752840955102,0.998327813184835,0.002030815799490428
1508.2822284221006,1508.2822284221006,0.9983917862353782,0.0020287040943934888
1508.289172748691,1508.289172748691,1.0001000152556077,0.0020324586304751374
1508.296117075282,1508.296117075282,1.0012522948809313,0.0020297325478689
1508.3030614018726,1508.3030614018726,1.000416861325665,0.0020276159645295205
1508.310005728463,1508.310005728463,0.9991744212846866,0.0020284190139109445
1508.3169500550537,1508.3169500550537,1.00100494214904,0.002031477799819433
1508.323894381668,1508.323894381668,0.9998551401449669,0.0020293167731900968
1508.3308387082934,1508.3308387082934,0.9992167636727679,0.0020317823516756233
1508.337783034884,1508.337783034884,1.000594886728607,0.002033006555723022
1508.3447273615213,1508.3447273615213,1.0009892210716136,0.002031798485286067
1508.3516716881236,1508.3516716881236,0.9986412991988883,0.0020327504688158688
1508.3586160147606,1508.3586160147606,0.9993480365772383,0.002033972159807414
1508.3655603413863,1508.3655603413863,0.9990533714036725,0.0020348193031965683
1508.372504668012,1508.372504668012,1.0006321931946975,0.0020333058433070193
1508.3794489946606,1508.3794489946606,0.9994200748503095,0.0020297576193674133
1508.3863933212979,1508.3863933212979,0.9995142920940028,0.002034117670076891
1508.3933376479354,1508.3933376479354,1.0006193222147093,0.002030879949237844
1508.4002819745842,1508.4002819745842,0.9999496795805467,0.0020317131646145734
1508.4072263012445,1508.4072263012445,1.001796424467587,0.0020346002858776186
1508.4141706278933,1508.4141706278933,1.0005910431057585,0.002028857196838816
1508.4211149545656,1508.4211149545656,1.0006207730536751,0.0020325235582024106
1508.4280592812263,1508.4280592812263,0.9978876457195585,0.002033303404935213
1508.4350036078865,1508.4350036078865,0.99980272488749,0.0020286739592333537
1508.4419479345586,1508.4419479345586,0.9999937353049644,0.002028953323829477
1508.4488922612425,1508.4488922612425,1.0013196068824821,0.0020315003382948968
1508.4558365879152,1508.4558365879152,1.0003402870249534,0.002035755205954515
1508.4627809145982,1508.4627809145982,0.9976504007570801,0.002029297250155615
1508.4697252412939,1508.4697252412939,1.000582830015213,0.002033288280975911
1508.4766695679778,1508.4766695679778,0.9991048773988156,0.0020322506646187895
1508.4836138946844,1508.4836138946844,1.0013863852647469,0.0020302016497439216
1508.49055822138,1508.49055822138,1.0020512719112304,0.002033522837222882
1508.4975025480755,1508.4975025480755,0.9986087643457017,0.0020307831656208248
1508.5044468747944,1508.5044468747944,1.000896186016104,0.0020321110724596516
1508.511391201501,1508.511391201501,0.9993402289887363,0.0020337264732084373
1508.5183355282084,1508.5183355282084,0.9992136826414901,0.0020322587960578554
1508.525279854939,1508.525279854939,0.9991042800238533,0.0020323948849515798
1508.5322241816452,1508.5322241816452,0.9997002283796433,0.0020312599256588153
1508.539168508388,1508.539168508388,0.9991119915296001,0.0020354761874107298
1508.546112835118,1508.546112835118,1.0018221834477279,0.0020322260921148147
1508.5530571618604,1508.5530571618604,0.9988786464970054,0.0020281770347474375
1508.5600014885904,1508.5600014885904,1.001100574352946,0.0020318918179614886
1508.5669458153325,1508.5669458153325,1.0007733979026732,0.002033214959631365
1508.5738901420862,1508.5738901420862,0.9996762311401515,0.0020314645587199637
1508.580834468828,1508.580834468828,0.9997023230258598,0.002032356141863
1508.5877787955935,1508.5877787955935,1.0005183843093506,0.0020337146955967263
1508.594723122347,1508.594723122347,1.0002639703496832,0.0020312959186381077
1508.6016674491125,1508.6016674491125,1.000177616560752,0.002032553233381047
1508.6086117758773,1508.6086117758773,0.9993285642210956,0.002032800449778019
1508.6155561026426,1508.6155561026426,1.0000486344510346,0.002028743735364775
1508.6225004294315,1508.6225004294315,0.9996832813375807,0.002030578129995423
1508.6294447561968,1508.6294447561968,1.0002970023118383,0.0020304284406054422
1508.6363890829734,1508.6363890829734,1.000417407062755,0.0020290416024468885
1508.6433334097737,1508.6433334097737,0.9989990442436204,0.0020291722025324076
1508.6502777365624,1508.6502777365624,1.0008097338261688,0.0020340526504005916
1508.6572220633623,1508.6572220633623,0.999366243111014,0.002031367034571117
1508.664166390151,1508.664166390151,0.9999199393074656,0.0020320142489589103
1508.671110716963,1508.671110716963,0.9991905607788041,0.00203256115176561
1508.6780550437747,1508.6780550437747,1.0007027766556398,0.0020319878300067
1508.684999370575,1508.684999370575,0.9991779060964753,0.0020318643017457156
1508.6919436973867,1508.6919436973867,1.0005658483949313,0.002030329710350903
1508.6988880242104,1508.6988880242104,0.9998529874315183,0.002031888469012867
1508.7058323510335,1508.7058323510335,1.001795789026769,0.002030686590801863
1508.7127766778572,1508.7127766778572,1.0008539264827505,0.00203209136353785
1508.7197210046927,1508.7197210046927,0.9973071176189977,0.0020288199006726765
1508.7266653315273,1508.7266653315273,0.9998603630581699,0.002029369169896383
1508.7336096583508,1508.7336096583508,0.9997652969398139,0.002028648011572463
1508.7405539852093,1508.7405539852093,1.0013184989012642,0.0020283489958964653
1508.7474983120562,1508.7474983120562,1.0009842640314335,0.0020304826086357543
1508.754442638891,1508.754442638891,0.999512473855739,0.0020304569713159937
1508.7613869657614,1508.7613869657614,0.999275902965534,0.002029254243508713
1508.7683312926197,1508.7683312926197,0.9990022331186761,0.0020339015601964655
1508.7752756194664,1508.7752756194664,1.0015152731206982,0.002030644459926707
1508.7822199463485,1508.7822199463485,1.0003489767129878,0.0020318610618070944
1508.78916427323,1508.78916427323,0.9998009434097115,0.002033861186754884
1508.7961086001117,1508.7961086001117,0.9992381296962611,0.0020306294646053385
1508.8030529269931,1508.8030529269931,0.9984237787760565,0.002032732143771751
1508.8099972538746,1508.8099972538746,1.0013050272454092,0.0020328937122824947
1508.8169415807565,1508.8169415807565,0.9996759022511779,0.002036443638220556
1508.823885907638,1508.823885907638,0.9997698294050614,0.002029748257276102
1508.83083023452,1508.83083023452,0.999724106674828,0.0020278196429469675
1508.8377745614016,1508.8377745614016,1.0002965121686518,0.002029966447375837
1508.8447188883417,1508.8447188883417,1.0016372288697022,0.002031267487805883
1508.851663215223,1508.851663215223,0.9997514307782653,0.002031837171828446
1508.8586075421513,1508.8586075421513,1.0002604625680747,0.002029646784741531
1508.8655518690452,1508.8655518690452,1.000199517818683,0.002027531293071046
1508.8724961959845,1508.8724961959845,1.0004660254714945,0.0020309289872272062
1508.8794405229014,1508.8794405229014,0.9981967513208782,0.0020340594255545373
1508.886384849818,1508.886384849818,1.0006736481945766,0.0020345772526011332
1508.8933291767464,1508.8933291767464,0.9996813310383867,0.0020326310946678907
1508.9002735036856,1508.9002735036856,0.9999748915122837,0.0020305091817114846
1508.907217830626,1508.907217830626,1.0010080133073171,0.0020380780464525176
1508.914162157578,1508.914162157578,0.9983636693054858,0.002030475148171601
1508.9211064845172,1508.9211064845172,0.9996496832222102,0.002033472024195412
1508.928050811469,1508.928050811469,1.001049760081766,0.0020368070017954994
1508.9349951384206,1508.9349951384206,1.0006064332013795,0.002030885814063684
1508.9419394653833,1508.9419394653833,0.9983988175465008,0.002035770594651861
1508.9488837923466,1508.9488837923466,1.0018335379687455,0.0020335688583037045
1508.95582811931,1508.95582811931,0.9996401559427996,0.0020292319164129085
1508.9627724462848,1508.9627724462848,0.9995237022713681,0.0020319191178468335
1508.9697167732595,1508.9697167732595,1.0005514898014094,0.0020321734200230103
1508.9766611002344,1508.9766611002344,1.0005682821595774,0.002029694900498099
1508.983605427221,1508.983605427221,0.9975961559859495,0.00203041213457729
1508.9905497542072,1508.9905497542072,1.0008699906117722,0.0020325850607037363
1508.9974940811937,1508.9974940811937,1.0009441237887369,0.002030306315680271
1509.0044384081918,1509.0044384081918,1.0002729147515095,0.00202907376770061
1509.0113827351897,1509.0113827351897,1.000050523148178,0.0020270562562122252
1509.018327062188,1509.018327062188,0.9991517186744077,0.002030182924203817
1509.0252713891978,1509.0252713891978,0.9990531690058267,0.0020304855643272475
1509.0322157162075,1509.0322157162075,1.0003144186672777,0.002030787180010457
1509.039160043229,1509.039160043229,0.9989975624098392,0.0020307272345977756
1509.0461043702503,1509.0461043702503,1.002002531875053,0.0020272217263900077
1509.0530486972716,1509.0530486972716,0.9988663642528219,0.0020273399001393784
1509.059993024293,1509.059993024293,1.0010789754763918,0.0020272841895472705
1509.0669373513376,1509.0669373513376,0.9994996334508883,0.0020347455995571866
1509.073881678359,1509.073881678359,1.0007531325371462,0.0020285502352477497
1509.080826005392,1509.080826005392,1.0000273378160307,0.0020341546825710446
1509.0877703324484,1509.0877703324484,0.9997678342681546,0.002030224973217105
1509.0947146594929,1509.0947146594929,0.999015937146966,0.0020307588081439148
1509.101658986538,1509.101658986538,0.9991257534831325,0.002032356155523145
1509.108603313594,1509.108603313594,1.0006256013644055,0.0020315492437628065
1509.1155476406504,1509.1155476406504,0.9994819853102184,0.002029207412435209
1509.1224919677186,1509.1224919677186,0.9993671631069863,0.002030414818376796
1509.129436294775,1509.129436294775,0.9999538416873379,0.002030131030226604
1509.1363806218537,1509.1363806218537,1.0003703902614123,0.0020307173518317742
1509.1433249489337,1509.1433249489337,1.0005976987783356,0.002032071985605706
1509.1502692760018,1509.1502692760018,1.0008539426638419,0.0020321850398956334
1509.1572136030927,1509.1572136030927,0.9988235698158657,0.0020294140791820973
1509.1641579301727,1509.1641579301727,0.9993373344083005,0.0020328089711873424
1509.1711022572756,1509.1711022572756,0.9998943970683495,0.0020325896261171486
1509.1780465843665,1509.1780465843665,1.0013152397515444,0.0020315902888111063
1509.1849909114576,1509.1849909114576,0.9991796768594009,0.002030179578931188
1509.1919352385726,1509.1919352385726,1.0001208072945793,0.002029771124619467
1509.198879565675,1509.198879565675,0.9996723468373971,0.0020339193982147246
1509.2058238927898,1509.2058238927898,0.9988294402221947,0.0020311737402594833
1509.2127682199043,1509.2127682199043,1.0012894144333537,0.0020317924995531885
1509.2197125470188,1509.2197125470188,1.0005382866822583,0.002026708740867692
1509.2266568741445,1509.2266568741445,0.9991803290456543,0.0020288673707000732
1509.2336012012827,1509.2336012012827,0.9993443170231032,0.0020298632986963513
1509.2405455283974,1509.2405455283974,1.0022777946154613,0.002027059779058845
1509.247489855535,1509.247489855535,1.0008186422323588,0.002035009665517866
1509.2544341826842,1509.2544341826842,0.9995181543826925,0.002033560435790489
1509.2613785098224,1509.2613785098224,0.9996191198492685,0.002028643984283276
1509.2683228369713,1509.2683228369713,0.9984042130282116,0.0020284967355880066
1509.2752671641326,1509.2752671641326,1.0005919430261023,0.002028749577265721
1509.2822114912592,1509.2822114912592,0.9998444770283296,0.002031795371129257
1509.2891558184315,1509.2891558184315,1.000302035195054,0.0020282417971497096
1509.2961001456044,1509.2961001456044,0.9980621037029923,0.0020298046364699246
1509.303044472777,1509.303044472777,1.0014777448753074,0.0020344198862725397
1509.30998879995,1509.30998879995,0.9996097003381941,0.002030846696952393
1509.3169331271224,1509.3169331271224,1.0009031517929627,0.0020335805499222853
1509.3238774542954,1509.3238774542954,1.0005393357938888,0.0020284763349408355
1509.3308217814679,1509.3308217814679,0.9996744226462797,0.002032914238835632
1509.3377661086638,1509.3377661086638,1.0001485073415326,0.0020295905959596453
1509.3447104358715,1509.3447104358715,0.999626508201974,0.002029648846092788
1509.351654763044,1509.351654763044,0.9985376143329097,0.0020310941941893224
1509.3585990902634,1509.3585990902634,1.001547828078877,0.0020327671795024762
1509.365543417448,1509.365543417448,1.0003443128427674,0.0020303758973884787
1509.372487744679,1509.372487744679,1.0001692484207831,0.0020334898719776584
1509.3794320718748,1509.3794320718748,1.0000801193659026,0.0020304864527583145
1509.3863763990823,1509.3863763990823,0.9988488950087625,0.0020323206784510035
1509.3933207263133,1509.3933207263133,0.9986405313991803,0.002031182009024358
1509.4002650535442,1509.4002650535442,1.0005623161183026,0.002030968281513311
1509.4072093807636,1509.4072093807636,0.99993214970462,0.002034633485940724
1509.4141537079945,1509.4141537079945,1.0017885346135613,0.0020312154731560667
1509.4210980352254,1509.4210980352254,1.0001980921354516,0.002027118625550577
1509.4280423624793,1509.4280423624793,0.9995542842266281,0.00203183465518248
1509.4349866897223,1509.4349866897223,1.0003913288832538,0.0020298217843284596
1509.441931016965,1509.441931016965,0.9998299052928182,0.0020278308754816264
1509.448875344207,1509.448875344207,0.9995991911993576,0.0020313860471886003
1509.4558196714731,1509.4558196714731,0.9992415750064133,0.0020353051113559967
1509.462763998727,1509.462763998727,0.9988034106114938,0.002035214603853772
1509.469708325993,1509.469708325993,1.001091275200135,0.002032575221143103
1509.476652653259,1509.476652653259,1.0011516284283601,0.0020308633685173364
1509.483596980525,1509.483596980525,0.9994137211593946,0.0020339077227395793
1509.490541307814,1509.490541307814,1.0002494660690775,0.002032629928013354
1509.4974856350914,1509.4974856350914,1.0000967631402924,0.0020293627780344423
1509.504429962381,1509.504429962381,1.0008182276379363,0.0020313144096696387
1509.511374289658,1509.511374289658,0.9974559921618236,0.0020289442690196286
1509.5183186169472,1509.5183186169472,0.9992983648443653,0.002033141115774362
1509.525262944248,1509.525262944248,1.0021282118327055,0.002032113833690878
1509.5322072715487,1509.5322072715487,1.001727780434372,0.0020347259988011406
1509.5391515988495,1509.5391515988495,0.9994659470745105,0.0020329526668885446
1509.5460959261618,1509.5460959261618,1.00067337409697,0.0020320503786999617
1509.553040253486,1509.553040253486,0.998842017024652,0.002030832142316074
1509.559984580798,1509.559984580798,0.9996316189150708,0.002031421344864279
1509.5669289081227,1509.5669289081227,0.9996513218423251,0.002026127765092994
1509.5738732354348,1509.5738732354348,0.9992513752779473,0.002031369016195135
1509.580817562759,1509.580817562759,0.999850132512352,0.002029297410832626
1509.5877618900945,1509.5877618900945,0.9984383492097113,0.002028704089906756
1509.5947062174187,1509.5947062174187,1.0021968063461155,0.0020329536061939432
1509.601650544766,1509.601650544766,1.0009904016980484,0.0020293203516768476
1509.6085948721134,1509.6085948721134,0.9997834055276098,0.002029144256767319
1509.6155391994607,1509.6155391994607,1.0007388498314984,0.0020308565116910855
1509.622483526808,1509.622483526808,0.9984962289192143,0.002030025743642141
1509.629427854167,1509.629427854167,1.0006888542593795,0.0020320693624002392
1509.6363721815262,1509.6363721815262,1.0004321444040856,0.0020322145170978386
1509.643316508897,1509.643316508897,0.9974037090910535,0.0020347118726614754
1509.650260836267,1509.650260836267,1.003128211923074,0.002033728332862523
1509.657205163626,1509.657205163626,0.9990650769014741,0.0020340925422151273
1509.6641494910086,1509.6641494910086,1.0015370730100528,0.002031893275081191
1509.671093818379,1509.671093818379,0.9991227012469525,0.002035584822509029
1509.6780381457731,1509.6780381457731,0.9972224089410412,0.0020305786135434056
1509.6849824731435,1509.6849824731435,1.0012689434808928,0.0020328311777514175
1509.6919268005374,1509.6919268005374,0.9999626335942006,0.002035314498649626
1509.6988711279432,1509.6988711279432,1.000031776061114,0.002035965654453667
1509.705815455337,1509.705815455337,1.0005835271581174,0.002031561419020869
1509.7127597827425,1509.7127597827425,1.000111015632126,0.0020316220637875493
1509.7197041101479,1509.7197041101479,1.000817804441276,0.0020342687288951488
1509.7266484375655,1509.7266484375655,0.9980246783956325,0.0020307329705765735
1509.7335927649824,1509.7335927649824,1.0004911458601236,0.0020303401542917663
1509.7405370923996,1509.7405370923996,1.0006654015926915,0.0020320170675803594
1509.7474814198165,1509.7474814198165,0.9997572212458354,0.0020330611802497453
1509.7544257472453,1509.7544257472453,1.0002949534326115,0.0020305322265425896
1509.7613700746742,1509.7613700746742,0.9998343830946756,0.0020338166733216635
1509.7683144021148,1509.7683144021148,0.9992759244410465,0.002029259922139491
1509.7752587295438,1509.7752587295438,1.0002178542237605,0.002028137587526951
1509.7822030570073,1509.7822030570073,0.9997683559550756,0.0020288299018294672
1509.7891473844363,1509.7891473844363,0.9975552385610325,0.002030825558475054
1509.7960917118767,1509.7960917118767,0.9999740260839787,0.0020327084223438806
1509.8030360393404,1509.8030360393404,1.0014759119468706,0.0020362610815545645
1509.8099803668042,1509.8099803668042,1.0007332448590827,0.0020357613740277893
1509.8169246942682,1509.8169246942682,1.0014074816943652,0.0020363320922826425
1509.8238690217318,1509.8238690217318,1.001393497136871,0.002037996857029443
1509.8308133491955,1509.8308133491955,1.003113840480142,0.002037654005145144
1509.8377576766593,1509.8377576766593,1.0031653966672347,0.0020419576801330355
1509.8447020041694,1509.8447020041694,0.9976353433332228,0.002043967702865176
1509.851646331645,1509.851646331645,0.9939081128303451,0.0020403837127411627
1509.8585906591086,1509.8585906591086,0.9943510738714518,0.002045804009985664
1509.8655349866306,1509.8655349866306,0.9931158590938154,0.0020452475744564386
1509.872479314094,1509.872479314094,0.9942269248967316,0.002046482484102255
1509.8794236416163,1509.8794236416163,0.9929785136638521,0.0020489393631896065
1509.8863679691149,1509.8863679691149,0.9942045751938547,0.0020503029568228635
1509.8933122966137,1509.8933122966137,0.9959891728202901,0.0020527934850303655
1509.900256624124,1509.900256624124,0.9941619255128039,0.0020512279618710412
1509.9072009516456,1509.9072009516456,0.99372112875682,0.0020535535495742846
1509.9141452791562,1509.9141452791562,0.9943731031915929,0.0020490043864418686
1509.9210896066784,1509.9210896066784,0.9944496199005656,0.0020453121887078164
1509.9280339342001,1509.9280339342001,0.9921574283824999,0.0020466413344007893
1509.9349782617337,1509.9349782617337,0.9931909365625969,0.0020427769107487642
1509.9419225892557,1509.9419225892557,0.9976073006378388,0.0020455309442366427
1509.9488669168124,1509.9488669168124,0.9990557519911538,0.0020432903165963873
1509.955811244346,1509.955811244346,1.0059899195814475,0.002041602794914962
1509.96275557188,1509.96275557188,1.00364884999551,0.002036973549850414
1509.9696998994596,1509.9696998994596,1.0020665279790049,0.0020348919974875
1509.9766442269936,1509.9766442269936,1.0012504012639287,0.002031750815027948
1509.9835885545504,1509.9835885545504,0.9987480252480356,0.0020309000330421692
1509.9905328821073,1509.9905328821073,0.9990642758627784,0.0020278440715519696
1509.997477209664,1509.997477209664,1.0006254009945927,0.0020294709178667243
1510.0044215372443,1510.0044215372443,0.9980738499293633,0.0020292204811532565
1510.0113658648243,1510.0113658648243,1.0006527310450741,0.002028800123904306
1510.0183101923815,1510.0183101923815,1.000158719869344,0.0020316711529817302
1510.0252545199617,1510.0252545199617,1.0000184527475098,0.0020303743050124456
1510.0321988475414,1510.0321988475414,0.998935860033782,0.002028480347712999
1510.039143175145,1510.039143175145,1.001271239508215,0.002034259987833823
1510.0460875027252,1510.0460875027252,1.0013845799097276,0.0020311003764519895
1510.0530318303286,1510.0530318303286,1.0009529647696627,0.0020341500678931236
1510.059976157932,1510.059976157932,0.9980154967662258,0.002029887795847416
1510.0669204855358,1510.0669204855358,0.9986727049697329,0.002031896768153777
1510.0738648131387,1510.0738648131387,0.9971337744269523,0.002031257737256569
1510.0808091407657,1510.0808091407657,1.000751720041834,0.0020338150506289737
1510.087753468369,1510.087753468369,1.0022042282409758,0.002032780642615934
1510.0946977959725,1510.0946977959725,1.0003113033666118,0.0020321260338682216
1510.1016421235995,1510.1016421235995,1.0013192411124607,0.0020330823059381887
1510.108586451226,1510.108586451226,0.9999499566793123,0.002032747075636618
1510.1155307788529,1510.1155307788529,0.9987712306784905,0.0020369313859379136
1510.1224751065024,1510.1224751065024,0.998701954901121,0.0020295963346341145
1510.1294194341062,1510.1294194341062,1.0008488229031784,0.0020318200547646157
1510.1363637617794,1510.1363637617794,0.9998102545954083,0.0020286738715086664
1510.1433080894296,1510.1433080894296,0.9999967605316137,0.0020314554478879075
1510.1502524170562,1510.1502524170562,1.0009766994345948,0.002030400397343666
1510.157196744706,1510.157196744706,1.0011833690251457,0.0020293804453460984
1510.164141072356,1510.164141072356,0.9978648818999301,0.002031541163096893
1510.1710854000296,1510.1710854000296,1.0008101659865694,0.0020299871895828082
1510.178029727703,1510.178029727703,1.001403621035497,0.0020314340899132517
1510.184974055376,1510.184974055376,0.9983936244620952,0.0020342574411872883
1510.1919183830264,1510.1919183830264,1.0006822662160517,0.002029760587393061
1510.1988627107226,1510.1988627107226,1.000869228234572,0.002035006412944354
1510.205807038396,1510.205807038396,0.9985799018180831,0.0020328326062703634
1510.2127513660928,1510.2127513660928,0.9991405974535456,0.002028953403885373
1510.2196956937657,1510.2196956937657,1.0034345137460083,0.0020358554672810824
1510.2266400214623,1510.2266400214623,0.9989142562577046,0.0020294171972167164
1510.2335843491592,1510.2335843491592,0.9997270726781002,0.0020301626968161103
1510.2405286768555,1510.2405286768555,0.9990755438645446,0.0020340456717519934
1510.247473004552,1510.247473004552,1.0019485941098982,0.002032820109532068
1510.2544173322487,1510.2544173322487,1.000800109077496,0.002028609584306636
1510.2613616599685,1510.2613616599685,0.9995810198815865,0.00203442910874768
1510.268305987688,1510.268305987688,1.001576344353027,0.0020325818007168725
1510.2752503154084,1510.2752503154084,0.9981255706151104,0.0020304220505308296
1510.2821946431045,1510.2821946431045,0.9998166920977068,0.0020305695617272965
1510.289138970848,1510.289138970848,0.9988195532424153,0.002027015690427345
1510.2960832985677,1510.2960832985677,1.0003244485254361,0.0020335338040437206
1510.3030276263112,1510.3030276263112,1.0002570037740128,0.00203236344868117
1510.3099719540542,1510.3099719540542,1.0004590070440296,0.002028514342124102
1510.316916281774,1510.316916281774,0.9995360788169523,0.002032986893809995
1510.3238606095167,1510.3238606095167,1.0005132787701978,0.0020325602020066524
1510.3308049372602,1510.3308049372602,1.0008850273972079,0.0020283898848610722
1510.3377492650268,1510.3377492650268,0.9991758919262473,0.0020269828163513377
1510.3446935927695,1510.3446935927695,0.9994826896047264,0.0020281473941706598
1510.3516379205362,1510.3516379205362,1.0021052344157027,0.0020286777038168073
1510.358582248279,1510.358582248279,0.9986674793800484,0.0020321966500831926
1510.3655265760688,1510.3655265760688,1.0001394786033928,0.0020281869776533085
1510.3724709038588,1510.3724709038588,0.9995518920497594,0.0020331120619888022
1510.379415231602,1510.379415231602,0.9995305600252072,0.002030580279900987
1510.3863595593914,1510.3863595593914,1.0003967186833884,0.0020292772319000585
1510.3933038871812,1510.3933038871812,0.9996279890150535,0.002035268652814067
1510.4002482149474,1510.4002482149474,1.0018094750867292,0.0020335916824398277
1510.4071925427372,1510.4071925427372,0.9986111903640493,0.0020308510456724287
1510.4141368705505,1510.4141368705505,0.9997066733659052,0.002029829205841739
1510.42108119834,1510.42108119834,0.9991461821236369,0.0020301621797336523
1510.4280255261297,1510.4280255261297,1.0015726630312964,0.0020290556512570193
1510.434969853943,1510.434969853943,0.9996264069283294,0.0020317590730198334
1510.4419141817557,1510.4419141817557,1.0008966668147685,0.002031242493443
1510.4488585095685,1510.4488585095685,0.9993216738792932,0.0020273046252035592
1510.4558028373817,1510.4558028373817,0.9995694221173501,0.002033355580789923
1510.4627471651943,1510.4627471651943,1.0015033802028035,0.0020338377226424864
1510.4696914930075,1510.4696914930075,0.9990213308377204,0.0020314871123913785
1510.476635820844,1510.476635820844,0.9991351848537888,0.0020281463301701315
1510.4835801486568,1510.4835801486568,0.9991590455212481,0.002034210851720204
1510.4905244765164,1510.4905244765164,1.0002844848816077,0.0020360215103314098
1510.4974688043294,1510.4974688043294,1.000901384771038,0.0020337502864896323
1510.5044131321658,1510.5044131321658,1.0010291833909697,0.0020326638446495973
1510.511357460025,1510.511357460025,0.9987575308244182,0.0020304187329200003
1510.5183017878849,1510.5183017878849,0.9976500103797434,0.002031562657286819
1510.5252461157208,1510.5252461157208,1.0024417528928262,0.002031313083804868
1510.5321904435802,1510.5321904435802,1.0021370313841105,0.0020347151676972245
1510.5391347714406,1510.5391347714406,0.9982984555807141,0.0020259953077285844
1510.5460790992765,1510.5460790992765,1.000707815004875,0.002030284348574793
1510.5530234271823,1510.5530234271823,1.000079067847071,0.002031692475011772
1510.5599677550185,1510.5599677550185,0.9997277754970881,0.0020303897993543844
1510.5669120829016,1510.5669120829016,0.9994275637113603,0.002028835140613476
1510.573856410761,1510.573856410761,0.9996216394680839,0.0020315291043325997
1510.5808007386674,1510.5808007386674,0.9989558758737331,0.00203071522078778
1510.5877450665268,1510.5877450665268,1.000531161465908,0.0020320280687533268
1510.5946893944329,1510.5946893944329,1.00155501779072,0.0020358985104085084
1510.6016337223389,1510.6016337223389,1.001503021268776,0.002034763708356547
1510.6085780501985,1510.6085780501985,0.9985520790032499,0.002032558801310864
1510.6155223781047,1510.6155223781047,1.0020281098203878,0.002031459596906977
1510.6224667060105,1510.6224667060105,0.9983037013700965,0.0020289880295454974
1510.629411033917,1510.629411033917,1.0001356661450265,0.002036935194212701
1510.6363553618464,1510.6363553618464,1.0005789795516324,0.0020315435669871276
1510.6432996897288,1510.6432996897288,0.9985603240093504,0.0020301569438962914
1510.6502440176582,1510.6502440176582,1.0012923147055097,0.0020355138308668958
1510.6571883455647,1510.6571883455647,1.000541587659181,0.0020315428446130374
1510.664132673494,1510.664132673494,0.9990796090570058,0.0020295793544744113
1510.6710770014233,1510.6710770014233,1.0006920159936377,0.002032416427215539
1510.6780213293532,1510.6780213293532,1.0004918221672683,0.002032603298902502
1510.6849656572817,1510.6849656572817,0.9992716656928181,0.00203639982604452
1510.691909985235,1510.691909985235,0.9993723559589597,0.0020305092635946632
1510.6988543131645,1510.6988543131645,0.9995937834747137,0.0020309568104436753
1510.7057986411169,1510.7057986411169,1.0014024219087108,0.0020329325268353777
1510.7127429690465,1510.7127429690465,1.0004179204018069,0.0020339107212455276
1510.719687296999,1510.719687296999,0.9989652468532471,0.002028988545834067
1510.7266316249747,1510.7266316249747,1.0008098128693987,0.0020339354987216124
1510.7335759529274,1510.7335759529274,0.9986896947283501,0.0020306191712449436
1510.7405202808804,1510.7405202808804,1.0010413850200908,0.002031128483353273
1510.7474646088328,1510.7474646088328,1.000560895036403,0.002030316335572762
1510.7544089368325,1510.7544089368325,1.0002311628882357,0.002031154401151514
1510.761353264785,1510.761353264785,0.9985752808074043,0.002027003646015691
1510.768297592761,1510.768297592761,0.9990036314533842,0.0020295739605061857
1510.7752419207602,1510.7752419207602,1.0009216413666973,0.0020281623700229923
1510.7821862487126,1510.7821862487126,0.999783255620215,0.0020286088074188665
1510.789130576735,1510.789130576735,0.9994006002756493,0.0020332192264591303
1510.7960749046883,1510.7960749046883,1.0008596576850686,0.0020350223952389076
1510.8030192327103,1510.8030192327103,1.000509632294308,0.0020299847854271897
1510.8099635606868,1510.8099635606868,1.0011046415914664,0.002029430931547483
1510.8169078886856,1510.8169078886856,1.0009019088566435,0.0020319776615321805
1510.8238522167314,1510.8238522167314,0.9996176843055409,0.002032043478615236
1510.8307965446843,1510.8307965446843,0.9991032511964285,0.0020271346098347373
1510.8377408727065,1510.8377408727065,0.9987554318914912,0.0020281854775444654
1510.8446852007523,1510.8446852007523,1.0011355846445085,0.002032086718571133
1510.851629528775,1510.851629528775,0.998181470651688,0.0020333978815878237
1510.8585738567276,1510.8585738567276,1.0013442734548663,0.002033142598400161
1510.8655181847735,1510.8655181847735,1.0000574338547956,0.0020344326154564654
1510.8724625128195,1510.8724625128195,0.9982495278037815,0.002031079310405913
1510.879406840865,1510.879406840865,1.0029612891882334,0.002031626773741624
1510.886351168911,1510.886351168911,0.9993152577058536,0.002035231063268608
1510.8932954969566,1510.8932954969566,0.99791678202537,0.0020317225652284757
1510.9002398250025,1510.9002398250025,1.000538298621085,0.0020304831238419172
1510.9071841530485,1510.9071841530485,1.0012843220970562,0.0020347610031544905
1510.9141284810944,1510.9141284810944,0.9989614536656066,0.0020310085358963663
1510.9210728091398,1510.9210728091398,1.0007052813581376,0.002029964878779742
1510.928017137186,1510.928017137186,1.0010048717735975,0.0020382667858746865
1510.9349614652315,1510.9349614652315,0.998957032501784,0.0020291652239471146
1510.941905793277,1510.941905793277,0.9995912862278832,0.00203117976117023
1510.9488501213232,1510.9488501213232,1.0001836510161648,0.0020347946738806717
1510.955794449369,1510.955794449369,1.000277385130217,0.0020324722687714266
1510.962738777508,1510.962738777508,0.9996618556433994,0.002028637350712491
1510.969683105577,1510.969683105577,1.000095877532273,0.0020329711404668115
1510.9766274336228,1510.9766274336228,1.0002533495218062,0.0020318795457290846
1510.993293821049,1510.993293821049,0.9995246243021618,0.002028757741266713
1511.000238149095,1511.000238149095,1.0003852713186234,0.002032071403730625
1511.007182477234,1511.007182477234,1.000028516459288,0.002031097118615079
1511.0141268053026,1511.0141268053026,0.9997052407940558,0.002029069418993966
1511.0210711334187,1511.0210711334187,1.00021556699554,0.002031395298180436
1511.0280154615111,1511.0280154615111,1.000263981283712,0.002027879789176643
1511.0349597896266,1511.0349597896266,1.0000630800759374,0.0020285091282171716
1511.041904117719,1511.041904117719,0.9987131982839405,0.0020321696592478303
1511.0488484458579,1511.0488484458579,1.0007034203500305,0.0020304860641209045
1511.055792773927,1511.055792773927,0.9996834642823111,0.0020317999363076177
1511.0627371020892,1511.0627371020892,1.0002918966622256,0.0020279668785452413
1511.0696814301816,1511.0696814301816,1.0014061883970222,0.0020333266210286445
1511.076625758297,1511.076625758297,1.0007002568784664,0.0020325783585154796
1511.0835700864598,1511.0835700864598,1.0004352072813663,0.002029638026169383
1511.0905144145752,1511.0905144145752,0.99864245986883,0.002031459240879833
1511.0974587427143,1511.0974587427143,0.9998175595542239,0.0020279269992580654
1511.1044030708301,1511.1044030708301,0.9984696936924473,0.002030184127790195
1511.1113473989922,1511.1113473989922,1.0008625273516119,0.0020303144784915342
1511.1182917271308,1511.1182917271308,0.9991638389752129,0.0020354004251047298
1511.1252360552928,1511.1252360552928,1.0013968688388555,0.00203002903920005
1511.1321803834321,1511.1321803834321,1.0000022656285306,0.002031343008798139
1511.1391247115941,1511.1391247115941,0.999625574125609,0.0020282652071626434
1511.1460690397332,1511.1460690397332,1.0004033276360065,0.0020293313776809123
1511.1530133678955,1511.1530133678955,1.0001518480393263,0.002033469054189841
1511.1599576960577,1511.1599576960577,0.9984970996009459,0.0020274726875686277
1511.1669020242196,1511.1669020242196,1.0005347761867713,0.002031113836293895
1511.1738463524055,1511.1738463524055,0.9999037896514513,0.002033799279593821
1511.1807906805673,1511.1807906805673,1.000225688808375,0.002030954118420494
1511.187735008753,1511.187735008753,1.0014546412024312,0.002032877703423593
1511.1946793369157,1511.1946793369157,0.999778099739055,0.0020292358993465906
1511.201623665124,1511.201623665124,1.001321763403272,0.00203606035996831
1511.2085679932864,1511.2085679932864,1.0000757470744317,0.002028010133314269
1511.2155123214716,1511.2155123214716,0.9972646555627973,0.0020313170537152227
1511.2224566496575,1511.2224566496575,1.0007170247561832,0.0020300607267628133
1511.229400977843,1511.229400977843,0.9992597139906991,0.0020336549924926065
1511.2363453060748,1511.2363453060748,1.0000014845911516,0.002032627940459374
1511.2432896342602,1511.2432896342602,0.9992468742538401,0.0020293383438388783
1511.2502339624457,1511.2502339624457,1.0012264715544565,0.002034461247581568
1511.2571782906778,1511.2571782906778,0.9996598024105703,0.0020342328855776836
1511.2641226188637,1511.2641226188637,0.9994843664901314,0.0020302126062256534
1511.2710669470955,1511.2710669470955,1.0020731413076565,0.0020294276131866073
1511.278011275304,1511.278011275304,1.0001553605071312,0.002036469582313224
1511.2849556035133,1511.2849556035133,0.9984400830523181,0.0020309051135838285
1511.291899931745,1511.291899931745,1.001438766554814,0.00203329357485471
1511.2988442599772,1511.2988442599772,0.9998533412288525,0.002034104675944913
1511.305788588186,1511.305788588186,0.998298228342027,0.002031120026522895
1511.312732916441,1511.312732916441,1.0009724526178192,0.0020296681573705438
1511.3196772446734,1511.3196772446734,0.9999308698503485,0.002030831007947795
1511.3266215729052,1511.3266215729052,0.9990742427299162,0.0020294087360740185
1511.3335659011605,1511.3335659011605,1.0012076674815875,0.0020335361033120463
1511.3405102293927,1511.3405102293927,0.9991834321142722,0.002030205084403897
1511.347454557625,1511.347454557625,0.9994930074935553,0.0020319057932864956
1511.3543988858805,1511.3543988858805,1.0003583331430943,0.0020320197968764337
1511.3613432141124,1511.3613432141124,0.9998114372020016,0.0020325970189380097
1511.3682875423676,1511.3682875423676,1.0020592932560188,0.002029573445248463
1511.3752318706229,1511.3752318706229,1.0008069633305936,0.0020294481189131156
1511.3821761988784,1511.3821761988784,0.9981583482223145,0.002032200591428986
1511.389120527157,1511.389120527157,1.0001037917730244,0.002030996524225875
1511.3960648554125,1511.3960648554125,0.999955894637011,0.0020333471779507366
1511.4030091836908,1511.4030091836908,0.9985206982129766,0.0020300016117048773
1511.4099535119462,1511.4099535119462,0.9987671216790528,0.002032942190815579
1511.4168978402254,1511.4168978402254,0.9999856773867648,0.002032893489658163
1511.4238421685034,1511.4238421685034,1.0027775977293594,0.002033362845790619
1511.430786496782,1511.430786496782,1.0008468745617516,0.002030997516639723
1511.437730825061,1511.437730825061,0.9996782700402622,0.00203380585926146
1511.4446751533626,1511.4446751533626,1.0000219263815844,0.0020336091863257305
1511.4516194816413,1511.4516194816413,1.0004969042577232,0.0020293015323057106
1511.45856380992,1511.45856380992,0.9986873083749052,0.002032656239435643
1511.465508138222,1511.465508138222,0.9996331545046397,0.0020321426969538035
1511.472452466524,1511.472452466524,1.0005760634089758,0.0020321978060305916
1511.4793967948258,1511.4793967948258,0.9980497490129798,0.0020293629175908113
1511.4863411231277,1511.4863411231277,1.0000011070110086,0.0020321857346742313
1511.4932854514295,1511.4932854514295,1.0002834875990088,0.0020335491011287034
1511.5002297797314,1511.5002297797314,1.0014148124540412,0.0020315697336741835
1511.5071741080567,1511.5071741080567,0.9995060961467628,0.002028660821730055
1511.5141184363583,1511.5141184363583,1.0004089445162456,0.0020314512853955293
1511.5210627646607,1511.5210627646607,0.9999622433702452,0.0020310789028484245
1511.528007093009,1511.528007093009,1.0005541740741746,0.002031577105337387
1511.5349514213337,1511.5349514213337,1.0010778499361044,0.0020307563374321567
1511.541895749613,1511.541895749613,1.0002520864814524,0.002032414437429631
1511.5488400779611,1511.5488400779611,0.9997930259036428,0.002031411872175276
1511.5557844062864,1511.5557844062864,0.9983834351160505,0.002031447832359605
1511.5627287346347,1511.5627287346347,0.9996229396602555,0.0020298182409140076
1511.5696730629602,1511.5696730629602,0.9998701249220137,0.002030291482004132
1511.5766173913084,1511.5766173913084,0.9987795695266211,0.0020333187374172866
1511.5835617196337,1511.5835617196337,1.0001878157948647,0.00203304503971943
1511.5905060479822,1511.5905060479822,1.0018010983412082,0.002032609770937106
1511.5974503763073,1511.5974503763073,1.0003445578375167,0.002030366113580925
1511.604394704679,1511.604394704679,1.0006167893101394,0.0020337780878535204
1511.6113390330506,1511.6113390330506,0.99976414157224,0.0020350597967825216
1511.6182833613761,1511.6182833613761,0.9981887548806909,0.0020326763400934913
1511.6252276897244,1511.6252276897244,1.001379898982631,0.0020300667152977916
1511.63217201812,1511.63217201812,0.9999509520785919,0.0020313432985473424
1511.6391163464446,1511.6391163464446,0.9987288498761707,0.0020328514319023737
1511.6460606748165,1511.6460606748165,1.0000339680751078,0.002030028953836542
1511.6530050031884,1511.6530050031884,1.0015042015085032,0.0020345785227679734
1511.6599493315603,1511.6599493315603,0.9991481987545381,0.002032663984189936
1511.6668936599085,1511.6668936599085,0.9994523429023869,0.002030994081171008
1511.6738379883036,1511.6738379883036,0.9998104184585266,0.0020292772632291758
1511.6807823166753,1511.6807823166753,0.9989043052414944,0.0020291962976022844
1511.6877266450472,1511.6877266450472,1.0012243037443849,0.002039132373801639
1511.6946709734418,1511.6946709734418,1.0020174392159098,0.0020292699478724275
1511.701615301814,1511.701615301814,1.0007741596348754,0.0020324128969172973
1511.7085596302088,1511.7085596302088,0.9991365803438323,0.002035129306173701
1511.7155039586041,1511.7155039586041,0.9991314000027007,0.0020286045050979407
1511.7224482869758,1511.7224482869758,0.9982310673595454,0.0020298668994875777
1511.7293926153704,1511.7293926153704,0.9998849459616739,0.0020288464201283626
1511.7363369437658,1511.7363369437658,1.0002147524507383,0.0020276197548382002
1511.743281272184,1511.743281272184,1.0015348677387323,0.002027932978234839
1511.7502256005791,1511.7502256005791,1.0017339862590346,0.002031274390445118
1511.7571699289742,1511.7571699289742,0.9992699195219205,0.0020283109368208997
1511.7641142573693,1511.7641142573693,0.9989572241028725,0.002027959404131161
1511.7710585857874,1511.7710585857874,0.9987385842391128,0.002029267435448528
1511.7780029142057,1511.7780029142057,1.0010838501595605,0.002030733706306671
1511.784947242601,1511.784947242601,1.0004364885845531,0.0020304921917482233
1511.7918915710425,1511.7918915710425,0.9983617941788561,0.002029720685040376
1511.7988358994373,1511.7988358994373,1.0002332194284747,0.0020335176645383643
1511.8057802278558,1511.8057802278558,1.000325757500507,0.0020316599546682506
1511.8127245562976,1511.8127245562976,1.0007149888139788,0.002032422394764286
1511.8196688847388,1511.8196688847388,0.9995269845299293,0.002031045014546672
1511.8266132131344,1511.8266132131344,0.9993548418595466,0.0020342176647566027
1511.8335575415522,1511.8335575415522,1.001013879127343,0.0020286138739535526
1511.8405018699941,1511.8405018699941,1.0006270993867248,0.002029557951933111
1511.8474461984356,1511.8474461984356,1.0007849554799146,0.0020328580715332405
1511.8543905268539,1511.8543905268539,0.9993064644989407,0.0020292131687465105
1511.8613348552956,1511.8613348552956,0.9987907369823648,0.0020346924825917507
1511.8682791837605,1511.8682791837605,0.9998765799519591,0.0020332646968550462
1511.8752235122022,1511.8752235122022,1.000165461559054,0.002031675480994977
1511.882167840644,1511.882167840644,0.9993533154086232,0.002031091799071772
1511.8891121690617,1511.8891121690617,1.0009624743769678,0.002031435525947217
1511.8960564975503,1511.8960564975503,0.9999752274694018,0.002030830278940953
1511.903000825968,1511.903000825968,1.0000779010821361,0.0020370017859174887
1511.9099451544566,1511.9099451544566,0.9991380495768782,0.002028095514383307
1511.916889482875,1511.916889482875,1.0003500984472402,0.0020306661466573204
1511.9238338113628,1511.9238338113628,1.0001423267828162,0.0020293679367040995
1511.9307781398047,1511.9307781398047,0.9996504918125929,0.0020277850343872676
1511.9377224682694,1511.9377224682694,1.0001043514594066,0.0020349670462577072
1511.9446667967345,1511.9446667967345,1.0014908374348475,0.002029342710661759
1511.9516111251992,1511.9516111251992,1.0001850571855164,0.002030713539986073
1511.9585554536875,1511.9585554536875,1.0002712619842773,0.0020324304678541747
1511.965499782129,1511.965499782129,0.9984536628233158,0.0020299422939001957
1511.9724441106173,1511.9724441106173,0.9992322561699867,0.0020340295863504275
1511.9793884391052,1511.9793884391052,0.9999213432638452,0.0020302889064736174
1511.986332767547,1511.986332767547,1.0024712381146899,0.0020322227677467197
1511.993277096035,1511.993277096035,0.9995270102977851,0.0020311782708252136
1512.0002214245237,1512.0002214245237,0.9990980706441853,0.002032456634554284
1512.0071657530113,1512.0071657530113,0.9995879997139554,0.0020288902516334417
1512.0141100814762,1512.0141100814762,0.9998795431256582,0.0020328842578488755
1512.0210544099878,1512.0210544099878,0.999529526897831,0.0020289846861009622
1512.0279987384758,1512.0279987384758,1.0004782963974914,0.002033903632183522
1512.0349430669642,1512.0349430669642,1.0015903685326544,0.0020306941514208294
1512.041887395452,1512.041887395452,1.0004640611983144,0.0020298200588729646
1512.048831723964,1512.048831723964,0.9994543507725346,0.0020330805936699917
1512.0557760524284,1512.0557760524284,1.0000993992270883,0.002028923335256041
1512.0627203809402,1512.0627203809402,0.9986062098233088,0.0020310875142218274
1512.069664709452,1512.069664709452,0.9997662422004332,0.00203048979169536
1512.0766090379398,1512.0766090379398,0.9987322746521616,0.0020322181298201908
1512.0835533664513,1512.0835533664513,1.000090260603862,0.002030332884216908
1512.0904976949626,1512.0904976949626,1.0008046797678705,0.0020332705519181056
1512.0974420234506,1512.0974420234506,1.0014803155724845,0.0020303900488276255
1512.1043863519621,1512.1043863519621,0.9991173534979367,0.0020290217021490054
1512.1113306804734,1512.1113306804734,1.0016382789441196,0.0020308031739528463
1512.1182750089852,1512.1182750089852,0.9999851297194855,0.0020321419133636043
1512.1252193374964,1512.1252193374964,0.9988821942148409,0.002033747916016695
1512.1321636660314,1512.1321636660314,0.9984422155979338,0.002032183836121188
1512.1391079945429,1512.1391079945429,1.0013071875693544,0.0020299341129529675
1512.146052323054,1512.146052323054,1.000025112799927,0.0020282758136939867
1512.1529966515889,1512.1529966515889,0.9999350993569374,0.002027185297870558
1512.1599409801238,1512.1599409801238,1.0015034128490874,0.0020300656598168693
1512.1668853086353,1512.1668853086353,0.9985050560378607,0.002031499913440983
1512.1738296371466,1512.1738296371466,0.9999681812799028,0.002031826833823132
1512.180773965681,1512.180773965681,0.9983689484109671,0.0020276492226596757
1512.1877182942158,1512.1877182942158,1.0007453514854139,0.0020328597238938035
1512.194662622751,1512.194662622751,1.0007654439330627,0.002033138384915305
1512.2016069512854,1512.2016069512854,1.001249892753989,0.002029806465679836
1512.2085512798203,1512.2085512798203,1.0004962346598738,0.0020316517328291825
1512.2154956083546,1512.2154956083546,0.9990205502399897,0.0020279333033446827
1512.2224399368897,1512.2224399368897,0.9999038726657478,0.002033186382838548
1512.2293842654474,1512.2293842654474,0.9998547138718115,0.002026505062500753
1512.2363285939823,1512.2363285939823,0.9991387979132437,0.0020280463571110945
1512.2432729225172,1512.2432729225172,1.0007222046314939,0.0020327663736754197
1512.250217251075,1512.250217251075,0.9992167558943464,0.0020298277010291363
1512.2571615796335,1512.2571615796335,0.9992010187413036,0.0020316025154172987
1512.2641059081445,1512.2641059081445,1.001823198948593,0.00202859005816969
1512.2710502367026,1512.2710502367026,0.9999901139162904,0.002031208854151907
1512.277994565284,1512.277994565284,0.9982224777802997,0.002032102596636055
1512.2849388937955,1512.2849388937955,0.9995499663236513,0.002029504624721598
1512.2918832223768,1512.2918832223768,1.0013957117783543,0.0020317711266251803
1512.2988275509344,1512.2988275509344,0.99906774575018,0.002028657377788924
1512.3057718794694,1512.3057718794694,0.9996156099320004,0.002035688234638951
1512.3127162080507,1512.3127162080507,1.0014428728389984,0.0020314788206600492
1512.3196605365852,1512.3196605365852,1.0044006316214322,0.0020352808231723168
1512.326604865167,1512.326604865167,1.0016426541319103,0.0020397016354362953
1512.3335491937246,1512.3335491937246,1.0029658325180903,0.00203987691262421
1512.3404935222593,1512.3404935222593,1.0024387172035063,0.002039735355538316
1512.347437850864,1512.347437850864,0.9946287963625539,0.002042435520137521
1512.3543821793987,1512.3543821793987,0.9949539406220435,0.002043620275926812
1512.3613265080032,1512.3613265080032,0.992102371612846,0.0020449717091126545
1512.3682708365147,1512.3682708365147,0.9930718727066182,0.002047216720267602
1512.375215165143,1512.375215165143,0.9950203528317161,0.0020551152815755412
1512.382159493677,1512.382159493677,0.999267558308594,0.0020544809697508716
1512.3891038222819,1512.3891038222819,0.9974501719118237,0.00205491727365008
1512.3960481508166,1512.3960481508166,0.9968921494171177,0.0020530699307502428
1512.4029924794208,1512.4029924794208,0.994735122754351,0.00205289621894018
1512.4099368079792,1512.4099368079792,0.9967382034542158,0.002050265171816821
1512.4168811365603,1512.4168811365603,0.9940992061062521,0.0020478414967682467
1512.4238254651652,1512.4238254651652,0.9958504478221635,0.002048011787550344
1512.4307697936997,1512.4307697936997,0.9935455641737031,0.0020421604060820667
1512.4377141223274,1512.4377141223274,0.992488597272134,0.0020443418333608173
1512.4446584508626,1512.4446584508626,0.9965342282287126,0.0020380989952832372
1512.4516027794668,1512.4516027794668,1.003361133045003,0.0020381792692124113
1512.458547108095,1512.458547108095,1.0033054187972281,0.0020392057015089374
1512.465491436606,1512.465491436606,1.000189869461981,0.002036027996380864
1512.472435765234,1512.472435765234,1.0022076970384248,0.0020336624452123074
1512.479380093839,1512.479380093839,1.0025213002022126,0.0020341200847012017
1512.4863244223736,1512.4863244223736,1.0017063714936147,0.0020292254871582312
1512.4932687510013,1512.4932687510013,0.9995874495038493,0.002031416618067615
1512.5002130796058,1512.5002130796058,0.9996304374286791,0.002032228208470476
1512.5071574081408,1512.5071574081408,0.9982997222745361,0.002029289916439481
1512.514101736768,1512.514101736768,1.0007206387240417,0.002030945059096589
1512.5210460653966,1512.5210460653966,0.9997105290604548,0.0020302587029784936
1512.5279903939313,1512.5279903939313,0.9997814143996209,0.0020343524701442505
1512.5349347225356,1512.5349347225356,0.9986189544198145,0.002034939255581885
1512.5418790511633,1512.5418790511633,1.000570320670441,0.0020325365849661486
1512.548823379768,1512.548823379768,0.9992056882883638,0.0020311206986877908
1512.555767708303,1512.555767708303,0.9994357227190122,0.0020287482169210357
1512.5627120369304,1512.5627120369304,1.0006893186572623,0.0020295486783549407
1512.5696563655586,1512.5696563655586,1.0008257196845582,0.0020321996398130994
1512.5766006941628,1512.5766006941628,1.000278041707508,0.002027813965663797
1512.5835450226975,1512.5835450226975,1.000124130389541,0.002033398113478285
1512.5904893513255,1512.5904893513255,0.9993866307991517,0.002029796538486772
1512.5974336799532,1512.5974336799532,0.9993198365459695,0.0020310165863772454
1512.604378008581,1512.604378008581,1.0003506061146683,0.002031371025802302
1512.6113223371392,1512.6113223371392,1.0019531043945542,0.0020312360857749298
1512.6182666657207,1512.6182666657207,0.9995794557215962,0.0020276193518393225
1512.6252109943482,1512.6252109943482,1.0012337146477712,0.0020311588255407472
1512.6321553229761,1512.6321553229761,0.9984138474185755,0.002029268751104383
1512.6390996516043,1512.6390996516043,0.9995283457608395,0.0020345455406051262
1512.6460439802083,1512.6460439802083,0.9989165774354017,0.0020307007194046824
1512.6529883087437,1512.6529883087437,1.0005055492284316,0.0020322705400416608
1512.6599326373712,1512.6599326373712,0.9985612549560502,0.0020283525596609528
1512.666876965999,1512.666876965999,0.9993228988770444,0.0020286104308718895
1512.6738212946268,1512.6738212946268,1.00266386853724,0.002032259613954401
1512.680765623255,1512.680765623255,1.0009722314227207,0.0020370828832153172
1512.6877099518829,1512.6877099518829,1.0003040393318603,0.0020327862050348515
1512.6946542804176,1512.6946542804176,0.9998002784042658,0.0020342669199451924
1512.7015986090223,1512.7015986090223,0.9998514806590192,0.0020324425768679694
1512.7085429376496,1512.7085429376496,0.9996257412902588,0.0020316646137754986
1512.7154872662775,1512.7154872662775,0.9989778240959852,0.002032463972752205
1512.7224315949056,1512.7224315949056,0.9997805340561925,0.0020300422270360676
1512.7293759235333,1512.7293759235333,0.9987584066132899,0.0020298483503590095
1512.7363202521612,1512.7363202521612,1.001539129044089,0.002033040969169359
1512.743264580789,1512.743264580789,1.000166519077885,0.002030807996105795
1512.7502089093007,1512.7502089093007,0.999616436591839,0.002031326051406531
1512.7571532379284,1512.7571532379284,1.0004109692862255,0.0020315744346137226
1512.764097566556,1512.764097566556,1.0000510214439504,0.0020287278498316405
1512.771041895184,1512.771041895184,0.9998004969373433,0.002031405143139985
1512.7779862238117,1512.7779862238117,1.0003837813385434,0.0020297619621549015
1512.7849305524398,1512.7849305524398,1.001029640675302,0.0020312286910626016
1512.7918748810673,1512.7918748810673,0.9992363205278718,0.002030623771464517
1512.7988192096952,1512.7988192096952,0.9984305830968445,0.0020268605828252417
1512.805763538323,1512.805763538323,0.9996378646718908,0.0020322356000564124
1512.8127078669281,1512.8127078669281,1.0014109064988646,0.0020299030934090006
1512.8196521954624,1512.8196521954624,1.0019838969837351,0.0020276563900694577
1512.8265965240903,1512.8265965240903,0.999948576131097,0.002028731743804494
1512.8335408527184,1512.8335408527184,0.9987139552036469,0.0020288904327875465
1512.840485181346,1512.840485181346,1.000220938853905,0.00203407487086009
1512.8474295099738,1512.8474295099738,0.9993066368754008,0.0020328965989830855
1512.854373838602,1512.854373838602,1.0000063770792744,0.0020299882657069993
1512.8613181672295,1512.8613181672295,0.9995220437718689,0.0020337493549666672
1512.8682624958574,1512.8682624958574,1.0000689760467454,0.002032644865157084
1512.8752068244853,1512.8752068244853,0.9995617593887612,0.0020342605303907734
1512.8821511531135,1512.8821511531135,1.000679438183391,0.0020316877550574544
1512.8890954817175,1512.8890954817175,0.9991472329482658,0.0020320568172666
1512.896039810253,1512.896039810253,1.0010012110209157,0.002033471471429239
1512.9029841388801,1512.9029841388801,1.0006017365913238,0.002029293501893649
1512.909928467508,1512.909928467508,0.9990503870919273,0.0020312990487728784
1512.916872796136,1512.916872796136,1.0002655081088783,0.0020360630943038376
1512.923817124764,1512.923817124764,1.0011904127751738,0.002031164375781558
1512.9307614533916,1512.9307614533916,0.9997401309909048,0.0020318986119382586
1512.9377057820195,1512.9377057820195,0.9990706621493931,0.0020330944977093508
1512.944650110648,1512.944650110648,0.9997698750597028,0.002030926587225219
1512.951594439275,1512.951594439275,1.0000182671381816,0.0020302484695797407
1512.9585387678799,1512.9585387678799,0.9996480369793339,0.0020349328798408657
1512.9654830964141,1512.9654830964141,1.001938016861826,0.00202942003867382
1512.9724274250425,1512.9724274250425,0.9988856455854476,0.0020306402029125663
1512.9793717536702,1512.9793717536702,0.9988050524081669,0.002032357505497038
1512.9863160822981,1512.9863160822981,1.0000018112606983,0.0020311556673165273
1512.9932604109256,1512.9932604109256,1.0019943450811613,0.0020290784046753585
1513.0002047395535,1513.0002047395535,0.9979920937212352,0.0020298179008224485
1513.0071490681817,1513.0071490681817,1.0006855375751456,0.0020287066065499556
1513.0140933968094,1513.0140933968094,0.9986867499604019,0.0020316421928478715
1513.021037725344,1513.021037725344,1.002633558160788,0.002032476452218079
1513.0279820539488,1513.0279820539488,1.0001974795428725,0.0020308681028711646
1513.0349263825763,1513.0349263825763,0.9980087171988907,0.0020303401527673602
1513.0418707112046,1513.0418707112046,1.000628747796249,0.0020318170277756975
1513.0488150398323,1513.0488150398323,0.9995740908193946,0.0020333319940293703
1513.0557593684603,1513.0557593684603,1.000751849127902,0.0020321875220743056
1513.0627036970411,1513.0627036970411,1.001023707279185,0.0020337168525028674
1513.0696480255997,1513.0696480255997,1.0016721058045597,0.0020334213405579548
1513.0765923542274,1513.0765923542274,0.9995811868435245,0.002031608189276999
1513.0835366828549,1513.0835366828549,0.9992681967863382,0.002029905924978619
1513.090481011483,1513.090481011483,0.999806887265823,0.002031636663244994
1513.0974253401107,1513.0974253401107,1.000613252648742,0.002034650198084763
1513.1043696686222,1513.1043696686222,0.9985881622864772,0.0020375606978659854
1513.11131399725,1513.11131399725,0.9988140350882819,0.0020357806652265996
1513.118258325878,1513.118258325878,1.000640194087039,0.002033029951995956
1513.1252026545055,1513.1252026545055,1.0010219392036384,0.0020366328563918633
1513.132146983087,1513.132146983087,0.9997896706314784,0.0020360401690909203
1513.139091311645,1513.139091311645,1.0008564914130287,0.0020355193990804752
1513.1460356402729,1513.1460356402729,0.999905184365294,0.002031885235204543
1513.1529799689008,1513.1529799689008,1.000437727351056,0.002035309422301743
1513.1599242974821,1513.1599242974821,0.9998770117370868,0.002031347504265112
1513.1668686260396,1513.1668686260396,0.9999812327715638,0.002032012362904663
1513.173812954668,1513.173812954668,1.0002107517755834,0.0020307747413700096
1513.1807572832956,1513.1807572832956,0.9992624457814504,0.0020307359080872812
1513.18770161183,1513.18770161183,0.9991064048238787,0.002028803663313328
1513.1946459404348,1513.1946459404348,1.0009882314068939,0.0020306513765825087
1513.2015902690628,1513.2015902690628,0.9994658719626344,0.00203062712010074
1513.2085345976207,1513.2085345976207,0.9999468017117221,0.0020288180278924756
1513.2154789262017,1513.2154789262017,0.9983418006923397,0.0020309303966252476
1513.22242325483,1513.22242325483,1.001346972308177,0.002033085755991611
1513.2293675833648,1513.2293675833648,1.0008283165932608,0.002032455956759481
1513.2363119119689,1513.2363119119689,1.0005430624349416,0.0020312278726692034
1513.2432562405738,1513.2432562405738,1.000963723642294,0.00203028750285716
1513.2502005691083,1513.2502005691083,1.000050336607699,0.0020303029766835855
1513.2571448977365,1513.2571448977365,0.9967564397855861,0.002032665040364037
1513.2640892262941,1513.2640892262941,1.0021006813638489,0.0020304701323846782
1513.2710335548759,1513.2710335548759,0.999470221336157,0.0020288345459495067
1513.277977883457,1513.277977883457,1.0015244710128803,0.0020323878168436826
1513.2849222120146,1513.2849222120146,0.9994439227328931,0.0020298285783399697
1513.2918665406194,1513.2918665406194,1.0007987463893044,0.0020300893829331788
1513.2988108691538,1513.2988108691538,1.0001577268832436,0.002030762946177191
1513.305755197782,1513.305755197782,0.999224979026739,0.0020284680745459435
1513.3126995262933,1513.3126995262933,0.9998680210948601,0.002034316217872063
1513.319643854898,1513.319643854898,0.9998722628856495,0.0020291346751711774
1513.3265881834325,1513.3265881834325,1.0000427404026493,0.0020309276412777315
1513.3335325120374,1513.3335325120374,1.0011683565806013,0.002030330494858875
1513.3404768405715,1513.3404768405715,0.9989715991154682,0.002027276651322698
1513.34742116913,1513.34742116913,1.0011988126651705,0.0020327482724791885
1513.3543654977113,1513.3543654977113,0.9988619864232569,0.002031745279286371
1513.3613098262456,1513.3613098262456,1.0004509717103436,0.0020311755485802408
1513.368254154827,1513.368254154827,1.0008694608811888,0.0020304698407945295
1513.375198483362,1513.375198483362,1.00055240674593,0.002031502526502782
1513.3821428119197,1513.3821428119197,0.9992219149238366,0.0020384244043979327
1513.3890871404778,1513.3890871404778,0.9997346196343649,0.002032059799776319
1513.3960314690125,1513.3960314690125,1.0008830471160253,0.0020326160756739637
1513.4029757975472,1513.4029757975472,0.9994951964779265,0.002033674652381934
1513.4099201261051,1513.4099201261051,1.0000323997865608,0.002031589772166379
1513.416864454663,1513.416864454663,0.9991870226223218,0.0020329166828329352
1513.4238087831743,1513.4238087831743,1.0012347259237995,0.0020325765330088752
1513.4307531117324,1513.4307531117324,0.9985878467501255,0.0020337767444726547
1513.4376974402671,1513.4376974402671,0.9997895318357649,0.0020333423498144227
1513.4446417688025,1513.4446417688025,1.0022504025596313,0.0020310695592507806
1513.4515860973365,1513.4515860973365,1.001066715014025,0.002029267001333448
1513.4585304258483,1513.4585304258483,0.9994122407001349,0.002029717527820552
1513.4654747543827,1513.4654747543827,1.0001184964471306,0.0020315803752038657
1513.472419082918,1513.472419082918,0.9980228992208021,0.002031035366125128
1513.480474503986,1513.480474503986,1.0001495002843546,0.0020281292776991836
1513.4876966056659,1513.4876966056659,1.0017255980465758,0.0020288546179688957
1513.4946409341771,1513.4946409341771,1.0003451083355848,0.002031029467903013
1513.5015852626889,1513.5015852626889,0.9988559243641317,0.0020287526043325393
1513.5085295912236,1513.5085295912236,1.0000028024963912,0.002031804106802223
1513.5154739197346,1513.5154739197346,0.9994813836835206,0.002031428226135594
1513.522418248223,1513.522418248223,1.0005791610531596,0.0020300670894039864
1513.5293625767347,1513.5293625767347,0.9985910424084554,0.0020321768062698258
1513.536306905246,1513.536306905246,1.0012527756741276,0.00203000402894364
1513.5432512337343,1513.5432512337343,0.9996414698261123,0.0020285550607742177
1513.5501955622458,1513.5501955622458,1.0012211278758527,0.0020343897915675946
1513.5571398907337,1513.5571398907337,1.001412604783317,0.0020324530333213717
1513.5640842192217,1513.5640842192217,0.9980671334761752,0.00202939376663017
1513.5710285477096,1513.5710285477096,0.9997585357750355,0.0020297872732675756
1513.5779728761981,1513.5779728761981,0.9980750096867087,0.002034878426381387
1513.5849172047094,1513.5849172047094,0.9992406026645563,0.0020301363171631695
1513.5918615331743,1513.5918615331743,1.0013730394097062,0.0020314980114454957
1513.598805861639,1513.598805861639,0.9994489555395887,0.0020341802584308228
1513.6057501901273,1513.6057501901273,1.0015232650715107,0.0020333027146906936
1513.6126945186156,1513.6126945186156,0.9984005377527403,0.0020308569170384783
1513.6196388470566,1513.6196388470566,1.0008277886792687,0.0020326067461400995
1513.6265831755452,1513.6265831755452,1.000202027929371,0.002030931023578969
1513.6335275040099,1513.6335275040099,0.9988866016054369,0.002031214482876037
1513.640471832475,1513.640471832475,0.9999445363827746,0.0020326921487703836
1513.6474161609392,1513.6474161609392,1.00083655720326,0.0020280987041830403
1513.6543604893811,1513.6543604893811,0.9989180054186475,0.0020343624214083245
1513.6613048178228,1513.6613048178228,1.0011193092999116,0.0020347133332363934
1513.6682491462877,1513.6682491462877,0.9996895324502588,0.0020342761214441956
1513.6751934747292,1513.6751934747292,1.002076411605202,0.00203567776804633
1513.682137803171,1513.682137803171,0.9993197046069378,0.0020315216369051277
1513.6890821315887,1513.6890821315887,0.9983304805315397,0.00203351486598834
1513.6960264600307,1513.6960264600307,1.0005821541268305,0.002031088862666351
1513.7029707884722,1513.7029707884722,0.9990270704439729,0.0020352087377114034
1513.7099151168907,1513.7099151168907,0.9990658118125717,0.002033818587598071
1513.716859445332,1513.716859445332,1.0002198943804563,0.002032777134967666
1513.7238037737739,1513.7238037737739,1.0009061761629272,0.0020286213294214463
1513.7307481021687,1513.7307481021687,1.001198442149833,0.0020297526228701948
1513.737692430587,1513.737692430587,0.9995000882945358,0.00203398892028783
1513.7446367590053,1513.7446367590053,0.999281745538658,0.002032775246227453
1513.7515810874002,1513.7515810874002,1.0009792562501685,0.002031446491677247
1513.7585254158184,1513.7585254158184,0.9998863719425408,0.0020341454360765076
1513.7654697442135,1513.7654697442135,0.9992609656407041,0.002030477662054611
1513.7724140726084,1513.7724140726084,1.0024340739770312,0.002031951518829389
1513.7793584010037,1513.7793584010037,1.0005676017161418,0.0020337234599427803
1513.7863027293988,1513.7863027293988,0.9991514486492725,0.002031975980384376
1513.7932470577703,1513.7932470577703,0.9984856729501814,0.0020337566596986593
1513.8001913861651,1513.8001913861651,0.9981287413277198,0.0020344922346023082
1513.8071357145368,1513.8071357145368,1.0007076041418068,0.0020321913290252238
1513.8140800429087,1513.8140800429087,1.0002935065971816,0.0020306071150781916
1513.8210243712804,1513.8210243712804,0.998925284348236,0.002030716232789048
1513.8279686996289,1513.8279686996289,1.001702768498671,0.002032312202235091
1513.8349130280237,1513.8349130280237,0.9994277436784881,0.00203132108005169
1513.841857356349,1513.841857356349,1.0009023240703663,0.0020373384716553212
1513.8488016846973,1513.8488016846973,1.0014007126183098,0.0020313425199430146
1513.8557460130924,1513.8557460130924,0.9985307761569846,0.002031848997104421
1513.8626903414174,1513.8626903414174,0.9996801002043345,0.0020350436884956926
1513.869634669766,1513.869634669766,0.9989158087694274,0.002029481524590584
1513.8765789980914,1513.8765789980914,1.0007674264076647,0.002034367257008814
1513.8835233264392,1513.8835233264392,0.9996497280203188,0.0020360287077911474
1513.890467654765,1513.890467654765,1.0013852351725832,0.0020394611538931827
1513.8974119830432,1513.8974119830432,1.0010505625450468,0.0020320123737501195
1513.904356311392,1513.904356311392,0.9988666806157305,0.002034935085580248
1513.911300639717,1513.911300639717,0.9996239611357384,0.0020341781792450374
1513.9182449679956,1513.9182449679956,0.9997842832101325,0.00203406637969519
1513.9251892963207,1513.9251892963207,1.000357051555132,0.0020325760071244004
1513.9321336246226,1513.9321336246226,0.9989431823897293,0.002034169817130435
1513.939077952901,1513.939077952901,1.0001054302980046,0.002033876594630558
1513.9460222812029,1513.9460222812029,0.9998434243132088,0.0020322263456370258
1513.9529666094818,1513.9529666094818,0.9999729354997401,0.0020340769884741134
1513.9599109377602,1513.9599109377602,1.0007433256157177,0.0020353705016386637
1513.966855266039,1513.966855266039,1.000695708319713,0.002032240794756498
1513.9737995943171,1513.9737995943171,0.9993629281838391,0.0020338664661494776
1513.9807439225729,1513.9807439225729,1.0002588558934202,0.002035533137515001
1513.9876882508281,1513.9876882508281,1.000155037946019,0.002032755916709614
1513.9946325790831,1513.9946325790831,0.9999968508031462,0.002035978325076025
1514.0015769073616,1514.0015769073616,1.0004239780269926,0.002033703999314404
1514.008521235594,1514.008521235594,0.9993084090189865,0.0020320332970952025
1514.0154655638257,1514.0154655638257,0.9991829115625247,0.002031474600533638
1514.022409892081,1514.022409892081,0.999055340895907,0.0020349501095747093
1514.0293542202667,1514.0293542202667,1.0016768445875948,0.0020363455694068573
1514.0362985485215,1514.0362985485215,0.9989205574980131,0.0020355096082251235
1514.0432428767303,1514.0432428767303,0.9997805012410129,0.0020350952448143843
1514.0501872049629,1514.0501872049629,1.002666765526082,0.002031272363020418
1514.057131533148,1514.057131533148,0.9976788114812019,0.002031218203573731
1514.0640758613335,1514.0640758613335,1.0006968924457613,0.0020292610593560245
1514.0710201895654,1514.0710201895654,1.0012333505156463,0.002032990569207636
1514.077964517751,1514.077964517751,0.9980974278052288,0.002031776363315129
1514.084908845913,1514.084908845913,0.9988728535838056,0.0020277153767647273
1514.0918531740986,1514.0918531740986,0.999110286112271,0.0020319679948517396
1514.098797502284,1514.098797502284,1.0007424704400392,0.0020328632075299327
1514.111575066121,1514.111575066121,1.0003482942317432,0.002030700437410049
1514.122408218012,1514.122408218012,0.9992252425840007,0.002029548143937675
1514.1293525461742,1514.1293525461742,1.0015404363180722,0.0020341335161974715
1514.136296874313,1514.136296874313,0.9980662440205,0.002032519676113463
1514.143241202452,1514.143241202452,1.0003980617067394,0.0020346063883681905
1514.1501855305673,1514.1501855305673,1.0022267988924036,0.002037314705987358
1514.1571298586832,1514.1571298586832,0.9993606478459938,0.0020329858794058387
1514.1640741868455,1514.1640741868455,0.9994916912104059,0.0020363644581041485
1514.1710185148909,1514.1710185148909,1.000543347541438,0.002036255836915066
1514.1779628430536,1514.1779628430536,1.002131448814697,0.0020366187876590986
1514.1849071710992,1514.1849071710992,0.9979210872704927,0.002036684705510632
1514.191851499238,1514.191851499238,1.0001049184741053,0.0020335012326255326
1514.198795827307,1514.198795827307,1.0002620783817586,0.002032295013641149
1514.2057401553527,1514.2057401553527,0.9971094874669891,0.002032152716408805
1514.2126844834218,1514.2126844834218,0.999226166760784,0.002032421301570786
1514.2196288115606,1514.2196288115606,1.0007976395842015,0.002032431985251034
1514.2265731396067,1514.2265731396067,1.0023613040527661,0.002032916715626567
1514.233517467652,1514.233517467652,1.0010811580962096,0.0020365490106048806
1514.2404617956977,1514.2404617956977,0.9989798369031215,0.0020293037918839036
1514.2474061237438,1514.2474061237438,1.000020281091761,0.0020307870907966172
1514.2543504517428,1514.2543504517428,1.00008691417665,0.0020352276345762125
1514.2612947797188,1514.2612947797188,0.9997687872156025,0.0020322370420068165
1514.2682391077644,1514.2682391077644,0.9999857310815882,0.0020298341266357235
1514.27518343581,1514.27518343581,0.9992697239644679,0.0020296802243485006
1514.2821277637627,1514.2821277637627,0.9997552499827206,0.00203074391114036
1514.2890720917853,1514.2890720917853,1.0010900777111638,0.002034571678075951
1514.2960164197611,1514.2960164197611,1.000368676168528,0.0020335812486478675
1514.3029607477604,1514.3029607477604,0.9998595458525343,0.002035187117905745
1514.3099050756896,1514.3099050756896,0.9999007946722115,0.0020335827029888914
1514.3168494036888,1514.3168494036888,0.9997903075384806,0.002032609269389152
1514.3237937316412,1514.3237937316412,0.9994194875627492,0.002034127392659269
1514.3307380595938,1514.3307380595938,0.997569793330421,0.002029778875384636
1514.337682387523,1514.337682387523,1.0018884706897375,0.0020292175231870716
1514.3446267154527,1514.3446267154527,1.0014431559225803,0.0020370809197071673
1514.351571043382,1514.351571043382,1.00000136744012,0.002036218836623913
1514.358515371288,1514.358515371288,1.0004504445528355,0.0020354191768479123
1514.3654596992171,1514.3654596992171,1.0000491626008723,0.0020333395194740405
1514.3724040271234,1514.3724040271234,1.0000774265407926,0.002033993212321045
1514.3793483550296,1514.3793483550296,1.0000920336019938,0.0020318607903623046
1514.386292682889,1514.386292682889,0.9987042379846965,0.0020315457257102034
1514.393237010772,1514.393237010772,0.9992240064385289,0.002034268162677539
1514.4001813386544,1514.4001813386544,0.9993531919771682,0.002030669602841613
1514.4071256665143,1514.4071256665143,1.0013828643281932,0.0020310302469570057
1514.4140699943503,1514.4140699943503,1.0005458579961335,0.0020319494658566444
1514.42101432221,1514.42101432221,0.9996892494413727,0.002029435737871136
1514.4279586500456,1514.4279586500456,0.9993716311816632,0.0020363903620952977
1514.4349029778823,1514.4349029778823,1.000936817150027,0.002031109878796239
1514.4418473056949,1514.4418473056949,1.0003522375146603,0.0020316090780562227
1514.448791633508,1514.448791633508,0.9996740389612977,0.0020332164508202227
1514.4557359612975,1514.4557359612975,0.9996377939903269,0.0020309731296268285
1514.4626802891107,1514.4626802891107,0.9983667032846654,0.0020345836599719746
1514.4696246168764,1514.4696246168764,1.0012027297172745,0.002034644586671381
1514.476568944643,1514.476568944643,1.0006039441982575,0.0020330817229733756
1514.4835132724327,1514.4835132724327,1.0017251789167618,0.00203131723983972
1514.4904576001995,1514.4904576001995,0.9980042651830988,0.0020308515334345268
1514.497401927942,1514.497401927942,0.9991157849986321,0.0020358866843366227
1514.5043462556391,1514.5043462556391,1.00105677536354,0.002032011882192219
1514.511290583405,1514.511290583405,1.000569006551001,0.0020289225103107293
1514.5182349111014,1514.5182349111014,0.9992624886266152,0.0020310620001763326
1514.5251792388212,1514.5251792388212,0.9989854059171591,0.0020317438402457427
1514.5321235665183,1514.5321235665183,1.0006157224236207,0.0020318546574498403
1514.5390678942142,1514.5390678942142,1.0001665390762846,0.0020337540182040433
1514.5460122219108,1514.5460122219108,0.9997756315227218,0.0020303151629702393
1514.5529565495606,1514.5529565495606,1.0006869238799165,0.002033149918646961
1514.559900877234,1514.559900877234,1.0007967264868214,0.0020333644543165273
1514.5668452048835,1514.5668452048835,0.9991090685794208,0.0020349586072062383
1514.5737895325342,1514.5737895325342,1.0016336556767838,0.002030200548364927
1514.5807338601603,1514.5807338601603,0.9986059189316021,0.0020285324252073624
1514.5876781877873,1514.5876781877873,0.9985190487680511,0.0020304205418877888
1514.5946225153905,1514.5946225153905,1.0003349154255798,0.0020298139258355403
1514.6015668429939,1514.6015668429939,1.000208572384882,0.002033012780322027
1514.608511170597,1514.608511170597,1.0017941344101324,0.0020318439531850424
1514.6154554981774,1514.6154554981774,0.9985457882214643,0.0020313963447867846
1514.6223998257572,1514.6223998257572,1.0001077877635967,0.002030783011035463
1514.6293441533142,1514.6293441533142,1.0003984942785984,0.0020336198398197445
1514.636288480871,1514.636288480871,1.0000580192841861,0.0020298406397169606
1514.6432328083813,1514.6432328083813,0.9989749739246875,0.002032040833536687
1514.650177135961,1514.650177135961,1.0006693857335602,0.002035791552909871
1514.6571214634246,1514.6571214634246,1.0005463939515362,0.002034093636435737
1514.6640657909818,1514.6640657909818,0.9985626005481775,0.002027025822869929
1514.6710101184685,1514.6710101184685,0.9992057152896408,0.002035086348749767
1514.677954445932,1514.677954445932,1.000296290878921,0.0020291143521306027
1514.684898773396,1514.684898773396,1.0000954294077355,0.002028942707115379
1514.6918431008594,1514.6918431008594,0.9992772978293125,0.002034046080658599
1514.6987874283234,1514.6987874283234,0.999998916234486,0.0020369440293008198
1514.7057317557872,1514.7057317557872,1.0005919266514958,0.0020327037569444137
1514.7126760832039,1514.7126760832039,1.0012511247931042,0.0020361940368144606
1514.719620410598,1514.719620410598,0.9991623874771957,0.0020347993461724435
1514.7265647380382,1514.7265647380382,0.9996013240358017,0.0020350885517202064
1514.7335090654085,1514.7335090654085,1.0003520110661608,0.002032083997545258
1514.7404533927793,1514.7404533927793,0.9997714084935945,0.002030840722124239
1514.7473977201732,1514.7473977201732,0.9996199185403682,0.002032893133994505
1514.7543420475201,1514.7543420475201,0.9991791818592963,0.002031131462747527
1514.7612863748675,1514.7612863748675,0.9994412320593387,0.0020349915487218708
1514.7682307022146,1514.7682307022146,1.000644532595858,0.002031282233966086
1514.7751750295388,1514.7751750295388,0.9999492554524979,0.0020325452844433293
1514.7821193568393,1514.7821193568393,0.9979223912697158,0.0020286077610388573
1514.7890636841403,1514.7890636841403,1.0006896643517489,0.0020354223408446765
1514.7960080114176,1514.7960080114176,1.0021847437831846,0.0020306303327554554
1514.802952338695,1514.802952338695,0.9991131714693285,0.002030726413049138
1514.8098966659488,1514.8098966659488,1.0025921334313543,0.0020338736857774893
1514.8168409932034,1514.8168409932034,1.001055572279843,0.0020400285691051377
1514.8237853204341,1514.8237853204341,1.0000824512158009,0.0020376090418780385
1514.8307296476648,1514.8307296476648,1.0025258759544413,0.0020356879162210287
1514.8376739748724,1514.8376739748724,1.003526097345867,0.0020400265825844875
1514.8446183020565,1514.8446183020565,0.9953997693168193,0.0020429227208022998
1514.8515626292408,1514.8515626292408,0.994417368494056,0.002042549976232536
1514.858506956402,1514.858506956402,0.9924920883215128,0.0020438901537667064
1514.8654512835863,1514.8654512835863,0.9945804408578093,0.0020447486126507017
1514.8723956107006,1514.8723956107006,0.9929914495645507,0.0020476006125319463
1514.8793399378385,1514.8793399378385,0.9932680968735508,0.002049875885734439
1514.8862842649526,1514.8862842649526,0.9975606507061041,0.0020504834952470956
1514.8932285920669,1514.8932285920669,0.9944130499187649,0.002051199435464452
1514.900172919135,1514.900172919135,0.9952986691058836,0.002053014710112267
1514.907117246226,1514.907117246226,0.9962403442011972,0.0020518375845254783
1514.9140615732706,1514.9140615732706,0.9934420814626199,0.0020501194066673096
1514.9210059003385,1514.9210059003385,0.9971425891773315,0.002049772126738943
1514.9279502273598,1514.9279502273598,0.9984455519878337,0.002050467651825202
1514.934894554381,1514.934894554381,0.9908319558373524,0.0020401628096046137
1514.941838881379,1514.941838881379,0.9917204610526154,0.0020379207832885112
1514.9487832083769,1514.9487832083769,0.9991030359047762,0.0020371257549811725
1514.9557275353516,1514.9557275353516,0.9992510680391877,0.002038283775984526
1514.9626718622799,1514.9626718622799,1.002015269610299,0.002038661611797639
1514.9696161892782,1514.9696161892782,1.0030310250740913,0.002034577055582072
1514.9765605161592,1514.9765605161592,1.0003581777693322,0.0020353259128580393
1514.9835048430411,1514.9835048430411,1.0006399859334727,0.0020316091794468443
1514.990449170016,1514.990449170016,0.9988166250884026,0.0020294265975626152
1514.9973934969205,1514.9973934969205,1.0020437033819212,0.002032190215127525
1515.004337823709,1515.004337823709,1.0014881318690292,0.002040216078888292
1515.011282150567,1515.011282150567,1.0002046426688043,0.0020323025084710835
1515.0182264774487,1515.0182264774487,0.998477077330924,0.0020331259337822982
1515.0251708042372,1515.0251708042372,0.9986114801794626,0.0020313768340678847
1515.0321151310727,1515.0321151310727,0.9983769769847424,0.002031079213912473
1515.0390594578605,1515.0390594578605,1.000522628585641,0.002032421922294188
1515.0460037846262,1515.0460037846262,0.9987739827498607,0.0020331984827605828
1515.0529481113676,1515.0529481113676,0.999227347259785,0.0020337790596932177
1515.0598924381097,1515.0598924381097,1.0002390148604092,0.00203184329361837
1515.0668367648516,1515.0668367648516,0.9999379393659906,0.0020304489613650204
1515.0737810915707,1515.0737810915707,1.0022907423071072,0.0020339066637952924
1515.0807254182655,1515.0807254182655,1.0007730302778215,0.00203218935577951
1515.0876697449373,1515.0876697449373,0.999782258417094,0.002029815848503494
1515.0946140715864,1515.0946140715864,1.0002486877570322,0.0020308718961731683
1515.101558398235,1515.101558398235,0.9988518668895268,0.002031708916879582
1515.1085027248373,1515.1085027248373,1.000368289739051,0.0020309340569381862
1515.115447051486,1515.115447051486,1.0000271473600395,0.002029573872149102
1515.122391378065,1515.122391378065,0.9985882956412165,0.0020290561284194058
1515.1293357046204,1515.1293357046204,1.000588143337557,0.0020336156229761415
1515.1362800311995,1515.1362800311995,0.9999806735882133,0.002030105988304041
1515.1432243577317,1515.1432243577317,1.0021766164629113,0.0020332730101588706
1515.1501686842407,1515.1501686842407,0.9986496007883213,0.0020335458714700713
1515.1571130107268,1515.1571130107268,0.9974061643295571,0.0020307154596598065
1515.1640573372358,1515.1640573372358,1.0008098626946815,0.0020327632859354077
1515.171001663698,1515.171001663698,1.0007934743924347,0.002031842383985166
1515.1779459901604,1515.1779459901604,1.0011619265395835,0.0020313401185304567
1515.1848903165996,1515.1848903165996,0.9998181684147847,0.002031024637764045
1515.1918346429925,1515.1918346429925,1.0003638437098494,0.002029156384780395
1515.1987789693849,1515.1987789693849,0.997421139656937,0.002029785395845221
1515.2057232958011,1515.2057232958011,1.0009978800978045,0.002031547260350407
1515.2126676221,1515.2126676221,1.0009276271109102,0.00203353297807534
1515.219611948493,1515.219611948493,1.0001775085586815,0.002029042003323565
1515.2265562748157,1515.2265562748157,1.0002661657687588,0.002028372708251139
1515.2335006011156,1515.2335006011156,0.9998092062315871,0.002034087306355848
1515.2404449273913,1515.2404449273913,0.999906020784157,0.002032145100258057
1515.247389253598,1515.247389253598,0.9978957708491174,0.002030480408185839
1515.2543335798975,1515.2543335798975,1.0011950307771817,0.002034097008941478
1515.2612779060805,1515.2612779060805,1.0015145954316274,0.002029976212268866
1515.268222232287,1515.268222232287,0.9986052905372926,0.002030197137998288
1515.2751665584933,1515.2751665584933,1.0008091363395248,0.0020298968643422633
1515.2821108846529,1515.2821108846529,0.9991570512738335,0.0020318094249193023
1515.2890552107665,1515.2890552107665,1.0009328551904502,0.002031618341886005
1515.295999536926,1515.295999536926,0.9996072331890357,0.0020343659712332056
1515.302943863016,1515.302943863016,0.9984798397379123,0.0020339925617309323
1515.3098881890824,1515.3098881890824,1.0018076394852828,0.0020339265279224793
1515.3168325151496,1515.3168325151496,0.9994380490839683,0.0020324560182630414
1515.3237768411695,1515.3237768411695,1.000021784413168,0.002034432129807042
1515.3307211671895,1515.3307211671895,1.0010992485415127,0.0020294058962187205
1515.3376654931865,1515.3376654931865,0.9972277532669003,0.0020303169988808516
1515.344609819183,1515.344609819183,1.0008379480025003,0.0020336319931297726
1515.3515541451336,1515.3515541451336,1.0003480055717728,0.002033827533618916
1515.358498471084,1515.358498471084,1.0006923488656028,0.002032485111972893
1515.3654427969873,1515.3654427969873,1.0013219262128779,0.002030878744197316
1515.3723871228678,1515.3723871228678,0.9997416936134522,0.0020307078414692455
1515.3793314487248,1515.3793314487248,0.998675843574919,0.0020284270762756227
1515.3862757745821,1515.3862757745821,0.9986583530900421,0.0020263711557409543
1515.3932201004159,1515.3932201004159,1.0010604390253204,0.002029123605230726
1515.4001644262266,1515.4001644262266,1.0010604040809326,0.002030303191217576
1515.4071087519667,1515.4071087519667,0.9991249300494989,0.0020305637742956623
1515.4140530777777,1515.4140530777777,1.0004457462873542,0.0020304570746247598
1515.4209974035182,1515.4209974035182,0.9999685776180108,0.0020306100713945808
1515.4279417292357,1515.4279417292357,0.9997936065206432,0.002031504201237847
1515.4348860548366,1515.4348860548366,1.0006489791042965,0.0020313809957048508
1515.4418303805544,1515.4418303805544,0.9992000232748486,0.0020343074526232223
1515.4487747061787,1515.4487747061787,1.00008793759756,0.002031222132950703
1515.4557190318026,1515.4557190318026,1.0001964937028847,0.0020330472222785854
1515.4626633574037,1515.4626633574037,1.0001175491532657,0.0020302071731931395
1515.4696076829582,1515.4696076829582,0.9994450861433553,0.002034176016012448
1515.4765520085125,1515.4765520085125,1.0010231078274725,0.002031369968063023
1515.483496334044,1515.483496334044,1.000154267717933,0.0020324375289674664
1515.4904406595285,1515.4904406595285,0.9986524613631882,0.002033699414910368
1515.4973849849891,1515.4973849849891,0.9990561326207062,0.002028893215570513
1515.504329310474,1515.504329310474,1.000951851900148,0.0020324458112272016
1515.5112736358656,1515.5112736358656,0.9989227802132798,0.002030307737085704
1515.5182179612573,1515.5182179612573,1.00153244239133,0.0020316568014960047
1515.5251622866485,1515.5251622866485,1.0005393826141256,0.002031068675821843
1515.5321066119707,1515.5321066119707,1.000154674375912,0.0020339624580276534
1515.5390509372914,1515.5390509372914,1.0010831960693027,0.0020308327746376164
1515.5473841276637,1515.5473841276637,0.9991400413730874,0.002033770252117802
1515.5543284529392,1515.5543284529392,0.9991660703182366,0.0020325424927435773
1515.5612727781672,1515.5612727781672,0.9992143465789927,0.00203318375477161
1515.5682171033727,1515.5682171033727,0.9998235641003849,0.0020300887450026587
1515.5751614285778,1515.5751614285778,0.9996728977513012,0.0020308445393392776
1515.5821057537596,1515.5821057537596,1.0008044454631524,0.0020333194269084526
1515.5890500788948,1515.5890500788948,1.000092487902287,0.0020336376108331996
1515.5959944039603,1515.5959944039603,1.0007476054759168,0.0020334077932433665
1515.6029387290491,1515.6029387290491,0.9999825891823519,0.0020271635285652513
1515.6098830540914,1515.6098830540914,0.9999115489554302,0.002032885474590033
1515.6168273791336,1515.6168273791336,1.000010619142172,0.002034546332145772
1515.6237717041292,1515.6237717041292,0.998902962006466,0.002030461629263952
1515.6307160291014,1515.6307160291014,1.0011937750904973,0.002033793921334563
1515.6376603540507,1515.6376603540507,0.9997157670722402,0.0020334982355332916
1515.6446046789536,1515.6446046789536,0.9989433916460735,0.0020291526097511517
1515.6515490038555,1515.6515490038555,1.0018016091557391,0.0020340115550542574
1515.6584933287118,1515.6584933287118,0.9989285971251887,0.0020315073771855355
1515.6654376535441,1515.6654376535441,1.0008821459950086,0.0020304078148472363
1515.6723819783303,1515.6723819783303,1.0001818481762341,0.0020311104885082005
1515.6793263031163,1515.6793263031163,0.9982688849023734,0.0020295173565385623
1515.686270627856,1515.686270627856,0.999795574197465,0.002027510120382693
1515.693214952595,1515.693214952595,1.0005420311468853,0.0020292883364084464
1515.7001592772651,1515.7001592772651,1.0008409285805704,0.0020353247021115154
1515.7071036019117,1515.7071036019117,1.0001510087650287,0.0020297633320747422
1515.714047926558,1515.714047926558,0.9991002172824306,0.0020332398915331885
1515.720992251111,1515.720992251111,1.0001645427136456,0.002030447847706924
1515.7279365756644,1515.7279365756644,1.0007011018560799,0.002030668602775372
1515.7348809002176,1515.7348809002176,1.000091632363744,0.0020281630285464746
1515.741825224771,1515.741825224771,0.9993148158327788,0.002028890943619309
1515.7487695492314,1515.7487695492314,1.0011906320284214,0.002030645499613975
1515.7557138736913,1515.7557138736913,0.9989229700364619,0.0020251368839196227
1515.762658198128,1515.762658198128,0.9994418968570006,0.0020330703184288897
1515.7696025224955,1515.7696025224955,0.9986367362191964,0.0020299676493946246
1515.7765468468388,1515.7765468468388,0.9997043839473758,0.002031042596081223
1515.7834911711825,1515.7834911711825,1.0029484279449674,0.0020316193332604753
1515.7904354954564,1515.7904354954564,1.000973888377689,0.0020318341653078847
1515.7973798197067,1515.7973798197067,0.9996523479091373,0.002030104251401614
1515.8043241439575,1515.8043241439575,0.998390592353928,0.002032096235925557
1515.8112684681614,1515.8112684681614,1.001107839817255,0.00203011008905958
1515.8182127923424,1515.8182127923424,0.9981207221606482,0.0020308936242387147
1515.825157116453,1515.825157116453,1.00024363007285,0.002030718609270679
1515.8321014405642,1515.8321014405642,1.0002710855476853,0.002029012969220029
1515.8390457646283,1515.8390457646283,1.0006130510448439,0.002033495930464354
1515.8459900886462,1515.8459900886462,1.0000440356342355,0.002030458887162535
1515.852934412617,1515.852934412617,1.0007909014993857,0.002034532039964463
1515.8598787365888,1515.8598787365888,0.9993463346452301,0.0020284564350029834
1515.8668230605595,1515.8668230605595,0.9990375389155135,0.0020292411490656108
1515.8737673844844,1515.8737673844844,1.0009750697276096,0.002029225370381412
1515.8807117083622,1515.8807117083622,0.9990473043947945,0.0020301532308344738
1515.8876560321937,1515.8876560321937,1.0000365806798557,0.0020267773223637893
1515.8946003560018,1515.8946003560018,0.9996322600725556,0.002028267132616268
1515.9015446797637,1515.9015446797637,1.0004247214566744,0.0020304931726550348
1515.9084890035017,1515.9084890035017,1.0000427043070763,0.002029300355622565
1515.9154333272168,1515.9154333272168,1.0018137406709002,0.0020282365031147444
1515.9223776508857,1515.9223776508857,0.9996754487806074,0.002024601788828874
1515.9293219745073,1515.9293219745073,0.9995851208240836,0.0020297991768670745
1515.9362662981061,1515.9362662981061,0.9990545518240724,0.0020277614642114144
1515.9432106216814,1515.9432106216814,1.0006196707521204,0.0020305857643895396
1515.95015494521,1515.95015494521,1.0001735305448773,0.002029538705381439
1515.9570992686927,1515.9570992686927,0.9992220250263328,0.0020303194632769746
1515.9640435921979,1515.9640435921979,1.0001998019100289,0.0020263216532237743
1515.9709879155873,1515.9709879155873,1.0002551283361236,0.002032833256999213
1515.977932238976,1515.977932238976,0.9996366605195555,0.002027905607723676
1515.9848765623651,1515.9848765623651,0.9999652991712132,0.0020316850292028113
1515.9918208856611,1515.9918208856611,0.9993790745465603,0.0020318814229471362
1515.9987652089571,1515.9987652089571,1.000260162368092,0.0020275715974077428
1516.0057095322068,1516.0057095322068,1.0010352819018618,0.0020297330504269293
1516.0126538554098,1516.0126538554098,0.999137865861243,0.0020268815175108314
1516.0195981786123,1516.0195981786123,1.0006042497663477,0.002030994787885284
1516.026542501745,1516.026542501745,0.9997512911086378,0.0020271794550183585
1516.0334868248322,1516.0334868248322,1.0005998738061188,0.002034522227066648
1516.0404311479413,1516.0404311479413,1.0000786965259787,0.0020301336993595372
1516.0473754709578,1516.0473754709578,1.0009402038825286,0.0020333385028451873
1516.0543197939746,1516.0543197939746,1.0001816476497842,0.002030341726120291
1516.0612641169444,1516.0612641169444,0.9995294442889403,0.002031270684718712
1516.068208439868,1516.068208439868,1.0007303375190595,0.0020321635038221516
1516.0751527627917,1516.0751527627917,0.9990093287391808,0.002032535469604145
1516.0820970856216,1516.0820970856216,0.9998243928823243,0.002036900083102079
1598.3668665389746,1598.3668665389746,1.0012621661037588,0.001608996502941458
1598.3738111016087,1598.3738111016087,1.0008951123374072,0.0016061737224913112
1598.3807556642191,1598.3807556642191,0.9978529718245552,0.0016024298677086723
1598.3877002268537,1598.3877002268537,0.9997532032507535,0.001600016813882722
1598.3946447894639,1598.3946447894639,1.0000261822617353,0.0015974287504753523
1598.4015893521218,1598.4015893521218,0.9998357693399754,0.001593808121381269
1598.4085339147555,1598.4085339147555,1.0031096536393584,0.0015916972802224566
1598.4154784773896,1598.4154784773896,0.9996708227886313,0.001588761729459658
1598.4224230400705,1598.4224230400705,0.9983657306673089,0.001585095752506327
1598.429367602704,1598.429367602704,0.9976945748401953,0.0015828104863557999
1598.4363121653848,1598.4363121653848,0.9984843185061212,0.0015822126579840528
1598.4432567280417,1598.4432567280417,1.0006106504946963,0.0015796770714311373
1598.4502012907228,1598.4502012907228,0.9999660218778184,0.0015768672254401859
1598.4571458534033,1598.4571458534033,0.9999208163377673,0.001575483418360124
1598.4640904160842,1598.4640904160842,1.0009453761140708,0.0015742112637028628
1598.471034978765,1598.471034978765,1.0010856253553158,0.0015717692981287417
1598.4779795414681,1598.4779795414681,1.00094148067978,0.0015712857225117526
1598.4849241041727,1598.4849241041727,0.9996761914676805,0.0015697400449619617
1598.491868666853,1598.491868666853,0.9978912927734204,0.0015670503889497114
1598.4988132295805,1598.4988132295805,0.9985992939281859,0.001567027655207601
1598.5057577923076,1598.5057577923076,0.997526948687951,0.0015635798022246624
1598.512702355011,1598.512702355011,0.9996496323293291,0.0015641839312295787
1598.519646917762,1598.519646917762,1.000291044741404,0.0015626897565184379
1598.5265914804652,1598.5265914804652,0.9992399639337716,0.0015602783586422917
1598.5335360432164,1598.5335360432164,1.0019234609729808,0.0015597719210747362
1598.5404806059432,1598.5404806059432,1.0001117735202654,0.0015582335218758056
1598.547425168717,1598.547425168717,0.9991766318737358,0.0015578258719177005
1598.554369731421,1598.554369731421,1.0005807089267278,0.0015572249083863829
1598.5613142941943,1598.5613142941943,0.9992844861832838,0.0015555972515314636
1598.5682588569452,1598.5682588569452,0.9991795661125902,0.0015564663425367208
1598.5752034197185,1598.5752034197185,0.9981380335532222,0.001554825592263246
1598.5821479824929,1598.5821479824929,1.0007465067112054,0.0015559405995219395
1598.589092545266,1598.589092545266,0.9999645069256248,0.0015544029389527928
1598.59603710804,1598.59603710804,1.0000758538525247,0.0015560811219983328
1598.602981670814,1598.602981670814,1.0006460273452276,0.0015552240651706488
1598.6099262336108,1598.6099262336108,0.9993204414966105,0.0015554470958096616
1598.6168707964082,1598.6168707964082,0.9994024339308579,0.0015539536093868444
1598.6238153592046,1598.6238153592046,0.9989961115380617,0.0015550891456540025
1598.6307599220024,1598.6307599220024,1.0004506890738991,0.0015541158299518165
1598.637704484822,1598.637704484822,0.9991004327533115,0.0015559978395172965
1598.6446490476192,1598.6446490476192,1.000663086505061,0.001553481560028073
1598.6515936104165,1598.6515936104165,1.0012407549512432,0.001553922760612949
1598.6585381732598,1598.6585381732598,0.9991954857262355,0.0015536110311562378
1598.6654827360803,1598.6654827360803,0.9988468736968674,0.0015526712331420222
1598.6724272989004,1598.6724272989004,1.0001527093025258,0.0015524997770707861
1598.6793718617212,1598.6793718617212,1.0017580020501133,0.001551182586333684
1598.6863164245876,1598.6863164245876,0.9995779993018147,0.0015497714998676704
1598.693260987408,1598.693260987408,1.0017470102249943,0.0015498359015133202
1598.7002055502285,1598.7002055502285,0.9970128679679988,0.0015479410818519217
1598.7071501130952,1598.7071501130952,0.9993421299401861,0.00154602712237558
1598.714094675939,1598.714094675939,0.9996268176358803,0.0015434166401190022
1598.7210392388054,1598.7210392388054,1.0008234870530375,0.0015421830027566024
1598.7279838016493,1598.7279838016493,1.0005361749487045,0.0015413024995308887
1598.7349283645392,1598.7349283645392,1.000587888198194,0.0015414099702455194
1598.7418729274293,1598.7418729274293,1.001777394003502,0.001538793736984539
1598.748817490273,1598.748817490273,0.9995237740772055,0.001538682226689417
1598.755762053163,1598.755762053163,0.9976225487393794,0.0015365889473320895
1598.7627066160535,1598.7627066160535,1.0005624841662903,0.0015358643596761375
1598.7696511789202,1598.7696511789202,1.0008927419284646,0.0015372212910576156
1598.7765957418105,1598.7765957418105,0.9998982374438643,0.0015364717857961486
1598.783540304724,1598.783540304724,0.9989626233165657,0.0015365135045474956
1598.7904848676135,1598.7904848676135,1.0002990649286303,0.0015339095771474004
1598.7974294305045,1598.7974294305045,0.9995012540432618,0.0015335934995155624
1598.8043739934174,1598.8043739934174,0.9986438790982906,0.0015327846768635844
1598.811318556331,1598.811318556331,1.0008643841249512,0.001532091884626524
1598.8182631192444,1598.8182631192444,1.0008167873614036,0.0015312423757814348
1598.8252076821577,1598.8252076821577,1.0000591868288968,0.0015340112141665606
1598.832152245072,1598.832152245072,0.9979796380205423,0.001530924167063127
1598.839096808008,1598.839096808008,1.0018195372345253,0.001530441561688496
1598.8460413709213,1598.8460413709213,0.9990714009152036,0.0015293477574606232
1598.8529859338817,1598.8529859338817,0.9990751215532911,0.0015296090834191266
1598.859930496795,1598.859930496795,0.9991256830793118,0.0015295288927263243
1598.8668750597312,1598.8668750597312,1.0001666171561927,0.0015279931428639855
1598.8738196226914,1598.8738196226914,1.0022103864921532,0.0015295522258259896
1598.8807641856517,1598.8807641856517,1.000863080979215,0.0015287546752028335
1598.8877087485882,1598.8877087485882,0.9992976445091587,0.0015250185007442299
1598.8946533115482,1598.8946533115482,0.9994400397629084,0.0015266402688183603
1598.9015978745078,1598.9015978745078,0.9996902179264147,0.00152781921971382
1598.9085424374448,1598.9085424374448,1.00006740966059,0.0015215616928820918
1598.9154870004518,1598.9154870004518,1.0004588035606066,0.0015216380108433458
1598.922431563388,1598.922431563388,1.0000625774358345,0.0015208288090294954
1598.9293761263948,1598.9293761263948,0.9982875064312198,0.0015200730959080166
1598.9363206893315,1598.9363206893315,1.0016722926783967,0.001519102007992536
1598.9432652523378,1598.9432652523378,1.0004000774501087,0.001516924926185726
1598.9502098153214,1598.9502098153214,0.9998795254772048,0.0015145128739308665
1598.9571543783045,1598.9571543783045,0.9997472079543057,0.0015130644005820226
1598.9640989413115,1598.9640989413115,1.0027086465156618,0.0015118427702024344
1598.9710435042944,1598.9710435042944,0.9997409238824344,0.0015098115982831433
1598.9779880672777,1598.9779880672777,0.9980386428682901,0.0015076488749062298
1598.9849326302842,1598.9849326302842,0.9997115045888727,0.0015072129127294753
1598.9918771933142,1598.9918771933142,1.0002686709656217,0.0015057184541999566
1598.998821756321,1598.998821756321,1.000605279589955,0.0015037810126813061
1599.005766319327,1599.005766319327,1.0023484700164311,0.0015028088017450783
1599.012710882334,1599.012710882334,0.9983082836826032,0.0015001627472666546
1599.0196554453637,1599.0196554453637,0.9984398012175252,0.0014996904595000803
1599.0266000083932,1599.0266000083932,0.9991405839463019,0.0014980081128530627
1599.0335445714234,1599.0335445714234,1.0009900538072511,0.001497408742908289
1599.0404891344529,1599.0404891344529,0.9979675300396256,0.001495190136993342
1599.047433697483,1599.047433697483,0.9999124792799373,0.0014929890521140831
1599.0543782605132,1599.0543782605132,1.0002590063792531,0.0014924398573617878
1599.061322823566,1599.061322823566,0.9991960964393234,0.0014909882713881946
1599.0682673865963,1599.0682673865963,0.9999103332066179,0.0014900819257199435
1599.0752119496487,1599.0752119496487,1.001115090465942,0.0014887891004552287
1599.0821565127026,1599.0821565127026,1.0004809850394405,0.0014865326280589252
1599.0891010757546,1599.0891010757546,1.001160600623226,0.0014837451580400757
1599.0960456388316,1599.0960456388316,1.0002771038102585,0.0014842169640277819
1599.1029902018613,1599.1029902018613,0.9989062720316202,0.0014807726753050757
1599.1099347649374,1599.1099347649374,1.0003925103581697,0.001480671300514462
1599.1168793280378,1599.1168793280378,1.001124764058629,0.001478777816065459
1599.123823891067,1599.123823891067,0.998378365689853,0.00147758775617344
1599.130768454167,1599.130768454167,0.9989312673063117,0.0014785905578969573
1599.1377130172436,1599.1377130172436,1.0009729104157017,0.0014754259306864388
1599.1446575802966,1599.1446575802966,0.999428797128165,0.0014746184584522987
1599.15160214342,1599.15160214342,0.9998314789508053,0.001473585616257531
1599.1585467064726,1599.1585467064726,1.0001456116274754,0.0014726625068123503
1599.1654912695958,1599.1654912695958,1.0004114396066872,0.001472763281709897
1599.1724358326717,1599.1724358326717,1.0011923217449532,0.0014705949257193803
1599.1793803957717,1599.1793803957717,0.9984897805687094,0.0014686431224731366
1599.1863249589182,1599.1863249589182,0.9995198720703625,0.001470004098212668
1599.1932695219475,1599.1932695219475,1.0000393509997338,0.0014678643054703317
1599.200214085094,1599.200214085094,1.0010347632929555,0.001466387792839671
1599.2071586482402,1599.2071586482402,0.9999969987614852,0.001466600399772845
1599.2141032112936,1599.2141032112936,0.9999697359625095,0.0014646792010752497
1599.2210477744165,1599.2210477744165,0.9995226292356525,0.0014636472286729037
1599.2279923375622,1599.2279923375622,1.0009910046622055,0.0014653191792382853
1599.2349369007086,1599.2349369007086,1.000428601930389,0.0014622925927152885
1599.241881463855,1599.241881463855,0.9986346229286707,0.001462314244251126
1599.2488260269547,1599.2488260269547,0.9997895181211958,0.0014599422520732163
1599.2557705900313,1599.2557705900313,1.0006185405029788,0.0014592463736425587
1599.2627151531772,1599.2627151531772,1.0001138213962801,0.0014602237869614195
1599.269659716324,1599.269659716324,1.0017307567053524,0.001458415343962749
1599.2766042794701,1599.2766042794701,0.9999311707137473,0.001459126297926664
1599.283548842616,1599.283548842616,1.00007252110919,0.001456026791578595
1599.2904934057628,1599.2904934057628,1.0005531805338042,0.0014549844808974808
1599.2974379689083,1599.2974379689083,1.0005808393088558,0.001455731705988001
1599.304382532102,1599.304382532102,0.998250006613649,0.0014526969935394316
1599.3113270953174,1599.3113270953174,0.9990332100897467,0.001452001794142796
1599.3182716584638,1599.3182716584638,0.9992161420001331,0.0014506346737226468
1599.3252162216104,1599.3252162216104,1.0003489245467279,0.0014493527446812733
1599.332160784756,1599.332160784756,1.00283982794607,0.001449583364024403
1599.3391053479027,1599.3391053479027,0.999922148206424,0.001447358478086706
1599.3460499111654,1599.3460499111654,1.0007716985062634,0.0014450774190300825
1599.3529944743111,1599.3529944743111,0.9997644505802441,0.0014432204036844316
1599.359939037458,1599.359939037458,0.9988823996475323,0.0014425821363021772
1599.3668836006734,1599.3668836006734,0.9987949281344376,0.001439341260279879
1599.373828163867,1599.373828163867,1.0000451198538132,0.0014415306400370924
1599.3807727270125,1599.3807727270125,0.9982530105783823,0.0014375752001258464
1599.3877172902753,1599.3877172902753,1.0017539157439541,0.0014381743914080578
1599.3946618534214,1599.3946618534214,1.000892338789076,0.001436128296446338
1599.4016064166613,1599.4016064166613,1.00001333097285,0.0014338275248793565
1599.4085509798308,1599.4085509798308,1.0001029405426225,0.0014348901920225115
1599.41549554307,1599.41549554307,1.0020611508342765,0.0014330938002603507
1599.4224401062395,1599.4224401062395,1.0000746518154848,0.0014317656597533997
1599.4293846695023,1599.4293846695023,1.000299331298051,0.001430943612968863
1599.4363292326952,1599.4363292326952,0.9989963379530913,0.0014307097296400945
1599.4432737959112,1599.4432737959112,0.9971778346308012,0.0014292297191497707
1599.4502183591503,1599.4502183591503,1.0028599299638667,0.0014306268028825514
1599.457162922367,1599.457162922367,0.9994451179889294,0.001429303618241868
1599.4641074855826,1599.4641074855826,1.0025143643180505,0.0014300019381421514
1599.471052048845,1599.471052048845,0.9987606698460721,0.0014299655788527848
1599.477996612073,1599.477996612073,1.00012589455548,0.0014283569274085744
1599.4849411753007,1599.4849411753007,1.0006340449264486,0.0014268487686424488
1599.4918857385405,1599.4918857385405,0.9980792345708018,0.0014270112054340154
1599.4988303017913,1599.4988303017913,1.0016637116761864,0.0014279442816858645
1599.505774865042,1599.505774865042,0.9988490414339164,0.0014285034389990244
1599.5127194282818,1599.5127194282818,0.9997598063427372,0.0014284017483900849
1599.519663991544,1599.519663991544,1.0015344037992133,0.0014271588750974168
1599.5266085547948,1599.5266085547948,0.9993411977182065,0.0014268832867997817
1599.5335531180579,1599.5335531180579,0.9983080538863038,0.0014284188239032662
1599.5404976813202,1599.5404976813202,0.999751877036441,0.0014293592192468213
1599.5474422445952,1599.5474422445952,0.9997930173759748,0.0014281709737994895
1599.554386807869,1599.554386807869,1.0000559889988516,0.001429323800888282
1599.5613313711315,1599.5613313711315,1.0019065228226962,0.001427950182951596
1599.5682759344181,1599.5682759344181,0.9975855087464589,0.0014280232768598062
1599.5752204976802,1599.5752204976802,1.0015822590444903,0.001427208850845521
1599.5821650609782,1599.5821650609782,1.0016773139739426,0.001428074333924462
1599.5891096242635,1599.5891096242635,0.9978494127350684,0.0014282747809418572
1599.5960541875381,1599.5960541875381,1.0009517209328345,0.0014291449712247452
1599.602998750824,1599.602998750824,0.9990331059492472,0.0014279364497900623
1599.609943314133,1599.609943314133,0.9993596822911337,0.0014297436445335405
1599.6168878774308,1599.6168878774308,1.000155087929691,0.001431050847532841
1599.6238324407284,1599.6238324407284,1.0010309864769578,0.0014324785217740758
1599.6307770040262,1599.6307770040262,1.0005992418006422,0.0014322548865231973
1599.6377215673353,1599.6377215673353,1.0003709073485902,0.0014319239856953373
1599.644666130644,1599.644666130644,0.9998643404368103,0.001432963669297392
1599.651610693954,1599.651610693954,0.9992900227239263,0.0014333643590518715
1599.6585552572744,1599.6585552572744,0.9991200719079828,0.0014341833091070272
1599.6654998205954,1599.6654998205954,1.0002415463203573,0.0014344684646989806
1599.6724443839164,1599.6724443839164,1.0004838446977113,0.0014352940292789579
1599.6793889472367,1599.6793889472367,0.9997424546837799,0.0014338278008127398
1599.6863335105693,1599.6863335105693,0.9990993002862728,0.0014344451411053675
1599.6932780738903,1599.6932780738903,0.9992420507333051,0.001436583266856688
1599.7002226372347,1599.7002226372347,1.0029713454044284,0.0014357229509935226
1599.7071672005673,1599.7071672005673,1.0009700446707508,0.0014331600751666099
1599.7141117639112,1599.7141117639112,0.9985522176350041,0.0014324041584707994
1599.7210563272552,1599.7210563272552,1.0014663648177615,0.0014323366278025068
1599.7280008905877,1599.7280008905877,1.0005252440451016,0.0014333372283580757
1599.734945453955,1599.734945453955,1.0006513288378982,0.0014328986570999315
1599.741890017288,1599.741890017288,0.9990907790337833,0.0014332704812268047
1599.7488345806548,1599.7488345806548,0.9985996291397627,0.0014305245472270832
1599.755779144011,1599.755779144011,1.0000125716965624,0.0014295478636674663
1599.7627237073666,1599.7627237073666,0.9997587761106648,0.001428975924607057
1599.7696682707342,1599.7696682707342,1.001712669766438,0.0014293881721885219
1599.7766128341018,1599.7766128341018,0.9983743296170491,0.0014281936643401325
1599.78355739748,1599.78355739748,0.9979595500267969,0.0014278656483054605
1599.7905019608481,1599.7905019608481,1.0000768222685767,0.0014279611915083896
1599.7974465242273,1599.7974465242273,1.0015954931793125,0.0014293883606332817
1599.8043910876058,1599.8043910876058,1.002941053493694,0.0014293631258171866
1599.8113356509855,1599.8113356509855,1.0037800048083227,0.001431126059026451
1599.8182802143638,1599.8182802143638,1.002613620232875,0.0014308221475254654
1599.825224777755,1599.825224777755,1.003725106214834,0.0014321452374227476
1599.8321693411453,1599.8321693411453,1.0021128638876138,0.0014316619062874918
1599.8391139045477,1599.8391139045477,1.0010648342092316,0.0014341474320672095
1599.846058467939,1599.846058467939,0.9964896329857991,0.001434613134578681
1599.853003031341,1599.853003031341,0.9964860339695936,0.0014357587283769712
1599.859947594755,1599.859947594755,0.9958790415898857,0.0014352627264113001
1599.8668921581343,1599.8668921581343,0.9963732449789262,0.0014374807428698898
1599.8738367215713,1599.8738367215713,0.9963388860719673,0.0014383755292779496
1599.880781284962,1599.880781284962,0.997357620171624,0.001438141538275302
1599.8877258483876,1599.8877258483876,0.9960423796095845,0.0014378568290845252
1599.8946704118248,1599.8946704118248,0.9965219231640787,0.0014362505715993213
1599.9016149752158,1599.9016149752158,0.9982691186346209,0.0014363018669313599
1599.908559538641,1599.908559538641,0.9982236576746839,0.001436608458005062
1599.9155041020788,1599.9155041020788,0.9982230557573484,0.001436272508320045
1599.922448665516,1599.922448665516,0.9988772917475869,0.0014362379152514895
1599.9293932289531,1599.9293932289531,0.999880218450247,0.0014359437093036094
1599.9388378352282,1599.9388378352282,1.0018576400235757,0.0014333534915673568
1599.9602270906141,1599.9602270906141,1.0010292340415232,0.0014261969622130412
1599.9707828270743,1599.9707828270743,1.0000294740201778,0.0014258005307066206
1599.9838386063595,1599.9838386063595,0.9994990877600676,0.0014237097617091298
1599.9960610380672,1599.9960610380672,0.9994762683278748,0.00142246617318055
1600.0030056015162,1600.0030056015162,0.9992560678459397,0.0014226524941209182
1600.0107835126123,1600.0107835126123,0.9991445866130201,0.001420535057733199
1600.0196725538704,1600.0196725538704,1.002197648148957,0.001422474957955454
1600.0271726824055,1600.0271726824055,0.9981585410591887,0.0014181370775727792
1600.0377284189003,1600.0377284189003,1.0018691955517585,0.0014190053678619183
1600.0463396776206,1600.0463396776206,1.000832367156878,0.0014199159695627423
1600.0557842839648,1600.0557842839648,1.0002485935961054,0.00141687762926238
1600.0627288474607,1600.0627288474607,1.000814748110543,0.0014167991097033899
1600.0696734109563,1600.0696734109563,0.998135809139953,0.0014137620386055149
1600.0766179744514,1600.0766179744514,0.9976436495591432,0.001413866784409644
1600.0835625379473,1600.0835625379473,1.0008331548720366,0.0014147858509910693
1600.093284926852,1600.093284926852,1.0012640527392274,0.0014129359622095839
1600.1002294903592,1600.1002294903592,0.9994635767578629,0.0014147497213209
1600.1071740538669,1600.1071740538669,1.0007644833443359,0.0014123140383211956
1600.1141186173968,1600.1141186173968,1.000101982593232,0.001411856305589403
1600.1216187459788,1600.1216187459788,1.000005810599901,0.0014121555631838646
1600.1293966571334,1600.1293966571334,0.9999247444150724,0.001411523891368754
1600.1363412206524,1600.1363412206524,1.0026991103918217,0.0014112053081783715
1600.1432857841824,1600.1432857841824,0.998600928039294,0.0014088632785231561
1600.1502303477132,1600.1502303477132,0.9987059398546757,0.001408769484159869
1600.1571749112431,1600.1571749112431,1.000835001528388,0.0014102107636093384
1600.1646750398722,1600.1646750398722,0.9991243343989034,0.0014078250784639377
1600.1738418637258,1600.1738418637258,1.0005853655554262,0.0014083136992872206
1600.1807864272791,1600.1807864272791,1.0020990344982084,0.0014078922009549508
1600.1877309908214,1600.1877309908214,0.9995596287655356,0.0014075880320975267
1600.1955089020107,1600.1955089020107,1.000635835639931,0.0014058934129087047
1600.2030090306391,1600.2030090306391,0.9992470606121776,0.0014055360814907427
1600.209953594193,1600.209953594193,1.0005835019185505,0.0014066434864973053
1600.2168981577468,1600.2168981577468,0.9990902542983422,0.0014056448393669622
1600.2243982863984,1600.2243982863984,1.0000043455489962,0.0014054768130957978
1600.23356511031,1600.23356511031,0.9998375808364139,0.0014068566811058503
1600.2418985865866,1600.2418985865866,0.9981292249404866,0.0014045229908440893
1600.2493987152498,1600.2493987152498,1.001373525020959,0.001405470001775613
1600.2580099740633,1600.2580099740633,0.9995227294862806,0.0014026215712966894
1600.2655101027385,1600.2655101027385,0.9995104572727864,0.0014035625817284555
1600.2724546663158,1600.2724546663158,1.0012477415173031,0.0014040595929252447
1600.2793992299041,1600.2793992299041,1.000324789876509,0.001401069920771146
1600.2863437935162,1600.2863437935162,0.9984036883830644,0.0014016955180055585
1600.2946772698156,1600.2946772698156,1.003931802201771,0.0014017603106969122
1600.303010746126,1600.303010746126,0.9998926873796833,0.0014014541376436568
1600.3099553097268,1600.3099553097268,0.9989659911597621,0.0013993981358537014
1600.3168998733386,1600.3168998733386,0.998019842083998,0.0013992696646472414
1600.324677784563,1600.324677784563,1.0007273949944069,0.00139994895347915
1600.3321779132732,1600.3321779132732,0.9993890397680524,0.0013989058473710843
1600.3391224768732,1600.3391224768732,0.998685918049036,0.0013984559726977314
1600.3460670404963,1600.3460670404963,1.0010109998644618,0.0013980533612933583
1600.3530116041206,1600.3530116041206,1.000149202681641,0.001397708116276421
1600.359956167732,1600.359956167732,1.0008275086244283,0.0013968596714885012
1600.3669007313558,1600.3669007313558,0.9997898829593289,0.0013944247704757958
1600.373845294991,1600.373845294991,0.9997171314315633,0.001395351149612465
1600.3807898586256,1600.3807898586256,0.9999373706965491,0.0013932565542721061
1600.3877344222497,1600.3877344222497,1.0006284201893303,0.0013919242750508347
1600.3946789858846,1600.3946789858846,0.9986076268550768,0.0013926985729691274
1600.4016235495196,1600.4016235495196,1.0010634160914695,0.0013933036486324982
1600.4107903735246,1600.4107903735246,1.0007341747867051,0.0013900973914051195
1600.4182905022699,1600.4182905022699,0.9981433235766829,0.001389221864670805
1600.4252350659165,1600.4252350659165,1.0000790826414736,0.0013891556363855577
1600.4321796295749,1600.4321796295749,1.0003480542153604,0.0013890095650691955
1600.439124193233,1600.439124193233,0.9996631771380617,0.0013884328418951198
1600.44606875688,1600.44606875688,0.9979703683389051,0.0013879408917910757
1600.4530133205503,1600.4530133205503,0.9991085917394896,0.0013898678760675873
1600.45995788422,1600.45995788422,1.0016361343751383,0.0013888806829110542
1600.4669024478785,1600.4669024478785,1.0000977862578868,0.0013894170192753994
1600.4738470115603,1600.4738470115603,1.0015481800095907,0.0013876750115971019
1600.4807915752303,1600.4807915752303,0.999209739188615,0.0013872479632578362
1600.4877361389124,1600.4877361389124,1.000194220031053,0.0013871689646342447
1600.4946807025822,1600.4946807025822,0.9991261209299251,0.0013866261925702423
1600.501625266264,1600.501625266264,1.0009058101611024,0.0013856361785442163
1600.5085698299577,1600.5085698299577,0.9991980714441484,0.0013864371361041934
1600.516069958749,1600.516069958749,1.000148427613055,0.0013865664801375427
1600.5238478700662,1600.5238478700662,0.9996757652831274,0.0013878082155598017
1600.5307924337835,1600.5307924337835,1.000431938896557,0.001386221690385051
1600.537736997465,1600.537736997465,0.9993080995108036,0.0013873040869998008
1600.5466260390142,1600.5466260390142,0.9999639446751598,0.0013871816198604491
1600.5544039503548,1600.5544039503548,1.0008902521324583,0.00138663473810393
1600.5613485140825,1600.5613485140825,0.9990702558754831,0.0013857451601298758
1600.5682930777991,1600.5682930777991,1.0016110264640201,0.0013858441487962496
1600.575237641481,1600.575237641481,0.9994294029027359,0.0013854266643840735
1600.5821822052094,1600.5821822052094,1.000523977267783,0.001386732508123298
1600.5896823340358,1600.5896823340358,0.9992515331221062,0.0013874164786237535
1600.5974602454116,1600.5974602454116,0.9988342070139986,0.0013861048114866595
1600.60440480914,1600.60440480914,1.0004146565278031,0.0013879190178187604
1600.6113493728678,1600.6113493728678,1.0010567773207524,0.0013864582244238009
1600.6182939365965,1600.6182939365965,0.999978591589017,0.0013887961208307554
1600.6252385003245,1600.6252385003245,0.9990364477352717,0.0013876619411398677
1600.6321830640877,1600.6321830640877,1.000419194696791,0.0013875898400215558
1600.6391276278393,1600.6391276278393,1.0009552813139764,0.001387255859863052
1600.6460721915676,1600.6460721915676,1.0003784071794237,0.0013886624465526895
1600.6538501029784,1600.6538501029784,1.0005554411929136,0.001389778430493828
1600.6613502318282,1600.6613502318282,0.9995027286918317,0.00138864202518173
1600.668294795591,1600.668294795591,0.9962761290198948,0.0013895353634312917
1600.6752393593429,1600.6752393593429,1.0005546525106812,0.0013901668765753015
1600.6821839231175,1600.6821839231175,0.9989854267518806,0.0013917966729464263
1600.6891284868693,1600.6891284868693,1.0009579473946029,0.0013913896001898284
1600.6960730506444,1600.6960730506444,1.0014756052911653,0.0013915336070840134
1600.7044065271764,1600.7044065271764,1.0002611515807558,0.0013913170701847304
1600.7113510909508,1600.7113510909508,0.9987986429215662,0.0013909975289129164
1600.7182956547263,1600.7182956547263,1.000473694479357,0.0013919755173760994
1600.7252402185004,1600.7252402185004,0.9998583178719549,0.0013922007120005463
1600.732184782287,1600.732184782287,0.9996652976768148,0.0013904622903259966
1600.7391293460737,1600.7391293460737,0.9997337426917337,0.0013894868783263224
1600.7460739098715,1600.7460739098715,0.9997571633805465,0.0013898218916206437
1600.7532962562072,1600.7532962562072,1.000607049303777,0.0013882564889291602
1600.7619075153234,1600.7619075153234,0.9986678606314626,0.0013880486406705106
1600.7721854697463,1600.7721854697463,1.0012444467066761,0.0013878423655137309
1600.7807967288625,1600.7807967288625,0.9987439413901381,0.0013889793695779625
1600.7877412926834,1600.7877412926834,0.9999597146419712,0.001387250959353253
1600.796074769251,1600.796074769251,1.0009221825234984,0.0013887360825164436
1600.803019333072,1600.803019333072,1.0021080505999014,0.0013894723901823243
1600.8099638968938,1600.8099638968938,1.000149767902401,0.0013858780686611541
1600.8169084607155,1600.8169084607155,0.9993873414064222,0.001385908581239352
1600.8238530245483,1600.8238530245483,0.9987800430594529,0.0013864330827598093
1600.8307975883695,1600.8307975883695,0.9993768614436714,0.0013858271901872423
1600.8377421521914,1600.8377421521914,1.0008543749945136,0.0013878793081267878
1600.8446867160353,1600.8446867160353,1.0005386618226737,0.0013841555769771305
1600.8516312798688,1600.8516312798688,0.9987266928017954,0.0013851407193128927
1600.8585758437134,1600.8585758437134,0.999305088925448,0.0013850221786502388
1600.865520407558,1600.865520407558,1.001161990819505,0.0013857969544863165
1600.8724649714027,1600.8724649714027,0.999793962116182,0.0013857815123031274
1600.8794095352591,1600.8794095352591,1.0012380581190234,0.0013852745250849928
1600.8871874467743,1600.8871874467743,0.9984006991859522,0.0013847324105686286
1600.8957987059487,1600.8957987059487,1.0015164864131763,0.0013840830846286976
1600.9030210523658,1600.9030210523658,0.9991556572773874,0.0013826405719863067
1600.909965616222,1600.909965616222,1.0008614886326934,0.00138340385857422
1600.9169101801012,1600.9169101801012,1.000506024901044,0.0013845858432956994
1600.9238547439697,1600.9238547439697,0.9984540773070872,0.0013826132668911173
1600.930799307849,1600.930799307849,0.999858646792094,0.0013837033226622264
1600.9377438717172,1600.9377438717172,0.9993047223433275,0.0013822753404398465
1600.9446884355968,1600.9446884355968,1.0013048685781967,0.0013824913021107418
1600.9516329994647,1600.9516329994647,1.0002822668450253,0.0013819179905280366
1600.9585775633682,1600.9585775633682,0.9990821334207489,0.0013813400725059626
1600.9655221272471,1600.9655221272471,1.0001645194635838,0.0013818667720838216
1600.9724666911502,1600.9724666911502,1.0012475979466506,0.0013816140018515577
1600.9808001678105,1600.9808001678105,0.9983919496070557,0.0013797892387535158
1600.9877447317133,1600.9877447317133,0.9986790283302073,0.001380582308830397
1600.994689295616,1600.994689295616,1.00038073209596,0.001381648228525261
1601.0016338595194,1601.0016338595194,1.0017328958977347,0.001381486175556044
1601.0085784234216,1601.0085784234216,1.0001365514565297,0.0013797789302916162
1601.0155229873365,1601.0155229873365,1.0006916172252325,0.001379354959660904
1601.0224675512509,1601.0224675512509,0.9997286769397853,0.0013791045779602237
1601.029412115165,1601.029412115165,0.9986455082546188,0.001377490114244639
1601.0363566790918,1601.0363566790918,0.9987842092081728,0.001376986541476793
1601.043301243018,1601.043301243018,1.0006296007788325,0.0013772697667092696
1601.0513569371637,1601.0513569371637,1.0009649438531798,0.001377765330557486
1601.0585792836391,1601.0585792836391,1.0002563509226698,0.001376536088013964
1601.0666349778082,1601.0666349778082,1.0002338920098992,0.0013776872813878024
1601.0738573243068,1601.0738573243068,1.0018825894615304,0.0013767329610232366
1601.0808018882447,1601.0808018882447,0.9997801830732719,0.0013768683847657215
1601.0877464521827,1601.0877464521827,0.9982092092563264,0.0013761926109840668
1601.0955243638023,1601.0955243638023,0.9999407052406012,0.0013764460617835515
1601.1035800579834,1601.1035800579834,0.9996115386304553,0.0013749972007107015
1601.1113579696155,1601.1113579696155,0.999921400812225,0.001376448786944022
1601.1183025335647,1601.1183025335647,0.9999454183814785,0.0013756245807225558
1601.1252470975257,1601.1252470975257,0.9999368237140425,0.0013735529716009858
1601.132191661487,1601.132191661487,0.9993708209747739,0.0013746382258034485
1601.1391362254594,1601.1391362254594,0.999595916839205,0.0013732010594847406
1601.1460807894323,1601.1460807894323,1.0009401801602247,0.0013744099404297745
1601.1530253533936,1601.1530253533936,0.9986866151364385,0.0013716905079965854
1601.1599699173657,1601.1599699173657,1.0010722154273424,0.0013731255538335933
1601.1669144813507,1601.1669144813507,1.0009756496420672,0.0013734996208333873
1601.1738590453347,1601.1738590453347,0.9995887746658708,0.0013718453086367349
1601.1808036093073,1601.1808036093073,1.0027498974479645,0.0013738075658880316
1601.1877481733154,1601.1877481733154,0.9990310737570042,0.0013729432147272576
1601.1946927372765,1601.1946927372765,1.0008665181100356,0.0013718955641942897
1601.2016373012957,1601.2016373012957,0.9981167487222267,0.00137104192022178
1601.2085818652683,1601.2085818652683,0.9996411421064195,0.001372025504530642
1601.215526429276,1601.215526429276,0.9990707319396537,0.001373241114107226
1601.2224709932948,1601.2224709932948,0.9985384289390487,0.0013731459881642686
1601.2294155572913,1601.2294155572913,1.0003162733489663,0.0013741981656199872
1601.2363601212755,1601.2363601212755,1.0013179448352725,0.0013736783154315226
1601.2433046852948,1601.2433046852948,0.9998059481133348,0.001372848840807657
1601.2502492493145,1601.2502492493145,1.0020544585030478,0.0013732032888227833
1601.2571938133335,1601.2571938133335,0.9986123067006727,0.0013717049669917498
1601.2641383773528,1601.2641383773528,1.0002871440599679,0.0013724269783935471
1601.2710829413722,1601.2710829413722,1.0009796591689972,0.0013725127322876496
1601.2780275053915,1601.2780275053915,0.9998189331794828,0.001372140675405787
1601.2849720694455,1601.2849720694455,1.00005020944549,0.001369462457766996
1601.2919166334887,1601.2919166334887,0.9984246377553694,0.0013704930646369817
1601.2988611975074,1601.2988611975074,1.0006801302780106,0.0013705504075919302
1601.3058057615385,1601.3058057615385,0.99948062646428,0.001370939104582294
1601.3127503256042,1601.3127503256042,0.999258106861175,0.001368760001700236
1601.3196948896232,1601.3196948896232,0.999503206673792,0.0013689272639292663
1601.326639453701,1601.326639453701,1.0020805783798974,0.0013695436993262319
1601.3335840177322,1601.3335840177322,0.9999965285339012,0.0013685505579249771
1601.3405285817976,1601.3405285817976,1.0013416472540773,0.001367651924282891
1601.3474731458523,1601.3474731458523,0.9985428566721231,0.001365685158728268
1601.3544177099063,1601.3544177099063,0.9988979374570588,0.00136624658142243
1601.3613622739722,1601.3613622739722,0.9999583104356585,0.0013652683116305098
1601.36830683805,1601.36830683805,1.000013857232216,0.0013650227866423136
1601.3752514021155,1601.3752514021155,1.0007659671138087,0.0013640055958924822
1601.3821959661811,1601.3821959661811,1.000160502873054,0.001364757243555718
1601.389140530259,1601.389140530259,0.9997789570558595,0.0013653460910688334
1601.396085094336,1601.396085094336,0.9984018033223545,0.0013634914091344027
1601.4030296584256,1601.4030296584256,1.0022144920851885,0.0013639137791228856
1601.4099742225033,1601.4099742225033,0.996785224286086,0.001361659468567187
1601.4169187866034,1601.4169187866034,1.0012550923222587,0.0013633811861619367
1601.4238633506932,1601.4238633506932,0.9998890819096186,0.0013632362829555877
1601.430807914782,1601.430807914782,1.0009652453256712,0.0013631731515061196
1601.4377524788827,1601.4377524788827,0.9998004622434609,0.0013626955397593216
1601.4446970429835,1601.4446970429835,0.9994328827395087,0.001363707105939671
1601.4516416070844,1601.4516416070844,0.9992539462844471,0.0013646761620462076
1601.4585861711962,1601.4585861711962,0.999125330734875,0.001363468868719322
1601.4655307353091,1601.4655307353091,0.9998941817664541,0.0013630668516514803
1601.4724752994214,1601.4724752994214,1.0002850422208893,0.001362651767376275
1601.4794198635338,1601.4794198635338,1.0007957448821807,0.0013634190459545317
1601.4863644276581,1601.4863644276581,1.0008582320570925,0.0013623085955647293
1601.4933089917704,1601.4933089917704,1.0000866568488738,0.0013615097441559507
1601.5002535558942,1601.5002535558942,1.0000625776265049,0.0013625787916211156
1601.5071981200304,1601.5071981200304,0.9989323915928102,0.0013614882162189036
1601.5141426841658,1601.5141426841658,0.9985833468571915,0.0013622851139387063
1601.52108724829,1601.52108724829,1.0015589037322574,0.001361949562232199
1601.5280318124255,1601.5280318124255,1.0002564278999768,0.0013614834324986293
1601.534976376573,1601.534976376573,0.9988301879637786,0.0013619933425229555
1601.5419209407203,1601.5419209407203,1.0005147737940816,0.0013604078356513386
1601.5488655048678,1601.5488655048678,1.0013307867802004,0.0013616267615591368
1601.5558100690153,1601.5558100690153,1.0010884635845851,0.0013613228256376983
1601.5627546331625,1601.5627546331625,0.9991731430014079,0.0013620639377257351
1601.5696991973332,1601.5696991973332,0.9989029933158516,0.0013607907926933597
1601.5766437614918,1601.5766437614918,1.0008933786784096,0.001361849065970771
1601.5835883256393,1601.5835883256393,0.9995044774731247,0.0013621939075610266
1601.59053288981,1601.59053288981,0.9996059538357853,0.0013617975749845635
1601.5974774539923,1601.5974774539923,0.9984790475387213,0.0013633674315513098
1601.604422018151,1601.604422018151,1.0012377152645207,0.001363344517200645
1601.611366582322,1601.611366582322,0.9993421745445572,0.0013613414001293663
1601.6183111465039,1601.6183111465039,1.001189910680319,0.0013642851508861764
1601.6252557106748,1601.6252557106748,0.9998760980568864,0.0013624841079532802
1601.6322002748686,1601.6322002748686,0.9988873923783516,0.0013620241598174274
1601.6391448390507,1601.6391448390507,0.9994002615804256,0.001364386045644974
1601.6460894032448,1601.6460894032448,1.0020167943173237,0.0013621454979763582
1601.6530339674387,1601.6530339674387,0.9995784728398901,0.0013621395089240705
1601.659978531632,1601.659978531632,0.9988568972242298,0.0013632699244844864
1601.6669230958266,1601.6669230958266,1.00058446505211,0.0013625863108684944
1601.6738676600319,1601.6738676600319,0.9990585773128904,0.0013617389668088037
1601.6808122242373,1601.6808122242373,0.9995948017385832,0.0013625315662098379
1601.687756788443,1601.687756788443,1.0012068444464295,0.0013655405763325626
1601.69470135266,1601.69470135266,0.9998030068533282,0.0013635000142231764
1601.7016459168776,1601.7016459168776,0.9999468666139035,0.0013647255015842201
1601.7085904810829,1601.7085904810829,1.0001449271737752,0.0013644212339226668
1601.7155350453118,1601.7155350453118,0.999044753005834,0.0013654068264909076
1601.7224796095288,1601.7224796095288,1.0002912107875244,0.0013650382756443705
1601.7294241737695,1601.7294241737695,1.0016859579172395,0.0013659013057204638
1601.7363687379864,1601.7363687379864,1.0005601447261592,0.0013643040233332951
1601.7433133022155,1601.7433133022155,0.9979169035227278,0.0013651055840334528
1601.750257866456,1601.750257866456,1.0004059653273971,0.0013655733698127886
1601.757202430696,1601.757202430696,1.0011548383265754,0.0013658892126564882
1601.7641469949365,1601.7641469949365,0.9999558025715938,0.0013635089138667672
1601.7710915591774,1601.7710915591774,0.9994114879354685,0.001363436151597165
1601.778036123429,1601.778036123429,1.0003236942897118,0.001363353851932695
1601.7849806876814,1601.7849806876814,0.9995582421889472,0.0013633601675509094
1601.7919252519337,1601.7919252519337,1.0010316780919832,0.0013635966639664473
1601.798869816197,1601.798869816197,1.0001269164066153,0.0013622260324289187
1601.805814380449,1601.805814380449,0.9998822939522789,0.0013618652908794254
1601.8127589447136,1601.8127589447136,0.9987321767754247,0.0013620280962949184
1601.8197035089765,1601.8197035089765,1.0022470210367982,0.0013629389936814294
1601.8266480732523,1601.8266480732523,0.9986613148597512,0.001363327983519061
1601.8335926375278,1601.8335926375278,0.9996415359538451,0.0013612483432005541
1601.8405372017908,1601.8405372017908,1.0006376241391557,0.001361371953724253
1601.8474817660901,1601.8474817660901,1.0004296162738335,0.0013625168233588176
1601.8544263303422,1601.8544263303422,0.9997178120032302,0.0013609403847625776
1601.8613708946523,1601.8613708946523,0.9998166475187572,0.0013609643299975801
1601.8683154589162,1601.8683154589162,0.998861698997662,0.0013609320268581277
1601.875260023215,1601.875260023215,0.9998038768519256,0.001365701416572875
1601.8822045875247,1601.8822045875247,1.0003858401196783,0.001361527587252493
1601.8891491518007,1601.8891491518007,1.0002686864100174,0.0013604595346704063
1601.8960937160875,1601.8960937160875,1.0006524157899055,0.001361152353053082
1601.9030382803976,1601.9030382803976,0.999990108866287,0.0013603502936946799
1601.909982844708,1601.909982844708,1.000687939961432,0.0013599358269770067
1601.9169274090186,1601.9169274090186,1.0000086626894578,0.0013601316666859826
1601.923871973329,1601.923871973329,0.999405767696936,0.0013599231411574066
1601.9308165376392,1601.9308165376392,0.9982215497440083,0.0013593001331114745
1601.9377611019495,1601.9377611019495,1.0000946630187,0.0013592547067204914
1601.944705666271,1601.944705666271,1.0001603039718137,0.0013612646207164718
1601.9516502306278,1601.9516502306278,1.001636987631872,0.0013598038006121514
1601.9585947949386,1601.9585947949386,1.0014979289391983,0.0013600944207567643
1601.9655393592484,1601.9655393592484,0.9995826294976551,0.0013603423624379129
1601.9724839236053,1601.9724839236053,0.9995859956197753,0.001358417699785883
1601.9794284879279,1601.9794284879279,1.0000074125361644,0.001358302977846558
1601.9863730522727,1601.9863730522727,0.9987706678305466,0.0013593641693985861
1601.9933176166062,1601.9933176166062,0.9999440990798713,0.001358450182479648
1602.0002621809635,1602.0002621809635,0.9997732101155539,0.0013575209470028241
1602.0072067452968,1602.0072067452968,0.9986298724789948,0.0013568867682340947
1602.0141513096537,1602.0141513096537,0.9995553108977664,0.0013575178197242162
1602.0210958740108,1602.0210958740108,1.0000285479350783,0.001357582324084234
1602.028040438367,1602.028040438367,1.001745390998414,0.001357851975845334
1602.0349850027244,1602.0349850027244,1.0012707824721747,0.0013560651355804109
1602.041929567081,1602.041929567081,1.0000887129157083,0.0013562535442709603
1602.0488741314498,1602.0488741314498,1.000270990199349,0.0013557229763230785
1602.0558186958183,1602.0558186958183,0.9996841904262725,0.00135629518302441
1602.062763260187,1602.062763260187,0.9991849442589963,0.0013573900181162765
1602.0697078245666,1602.0697078245666,0.999858441947252,0.001355074382115603
1602.0766523889354,1602.0766523889354,0.9994975182693553,0.001354923860972395
1602.0835969533155,1602.0835969533155,1.0011923956054776,0.0013571657631031649
1602.0905415176956,1602.0905415176956,1.0011043662353185,0.0013568181938400858
1602.0974860820988,1602.0974860820988,1.0003639111765557,0.0013559737663562375
1602.1044306464796,1602.1044306464796,0.9985915095943921,0.0013545331918970427
1602.1113752108708,1602.1113752108708,0.9975104394670267,0.001355191293767231
1602.1183197752625,1602.1183197752625,0.999046316451299,0.0013551005844631594
1602.1252643396663,1602.1252643396663,1.001435816083158,0.0013540809344074647
1602.1322089040696,1602.1322089040696,0.9994178668847079,0.0013533059498766404
1602.1391534684615,1602.1391534684615,1.0007747242067766,0.0013534124782851238
1602.1460980328652,1602.1460980328652,1.0019809959542554,0.0013533505526325386
1602.1530425972912,1602.1530425972912,1.0014484500254528,0.001355365474880164
1602.1599871617068,1602.1599871617068,0.9989946976048637,0.001352974685614319
1602.1669317261103,1602.1669317261103,1.0019599832782837,0.0013540995715448287
1602.1738762905366,1602.1738762905366,1.0011385241792903,0.0013532588290928347
1602.180820854952,1602.180820854952,0.9973553766688459,0.001355146022910364
1602.1877654193788,1602.1877654193788,0.9974284364209796,0.001355289884432865
1602.1947099838048,1602.1947099838048,1.0009832360099247,0.0013541078105916836
1602.2016545482438,1602.2016545482438,1.000695448665147,0.0013538853210677882
1602.2085991126708,1602.2085991126708,1.0023120608880443,0.0013572764219437047
1602.2155436771088,1602.2155436771088,1.0013863362735596,0.0013547085674093817
1602.2224882415471,1602.2224882415471,1.0001045108812499,0.0013538996188807069
1602.2294328059972,1602.2294328059972,0.9988436306409824,0.001354921861386757
1602.2363773704353,1602.2363773704353,0.9998632862734095,0.001354249225856235
1602.2433219348736,1602.2433219348736,0.9996192978668794,0.0013529851880697942
1602.2502664993353,1602.2502664993353,0.999654479048866,0.0013537435030503142
1602.2572110637852,1602.2572110637852,0.9992816357300371,0.0013519421030975499
1602.264155628247,1602.264155628247,1.000906356956168,0.0013555481170710358
1602.271100192697,1602.271100192697,0.9990225465732083,0.0013506648569190129
1602.27804475717,1602.27804475717,1.00040442140376,0.0013539729190386195
1602.2849893216437,1602.2849893216437,1.000026221365672,0.0013526046674606437
1602.2919338860934,1602.2919338860934,1.0010197495496387,0.0013530123087252
1602.2988784505785,1602.2988784505785,1.0018653741957473,0.0013559482851206337
1602.3058230150516,1602.3058230150516,1.0001391381624025,0.0013550000172091185
1602.3127675795254,1602.3127675795254,0.999763699716595,0.001354450125782389
1602.3197121440096,1602.3197121440096,1.0026321623581744,0.0013565754599211151
1602.326656708495,1602.326656708495,1.0040688331280136,0.001357702959760954
1602.33360127298,1602.33360127298,0.9993318698779123,0.001356969791847781
1602.3405458374648,1602.3405458374648,0.9953795568550123,0.0013561780770275694
1602.347490401961,1602.347490401961,0.9944397074495207,0.0013554005808457676
1602.3544349664464,1602.3544349664464,0.9960211414905757,0.0013626126424944702
1602.3613795309545,1602.3613795309545,0.995504975587739,0.001363847678125992
1602.368324095451,1602.368324095451,0.9984293580728772,0.0013637298547353825
1602.3752686599591,1602.3752686599591,0.9961155668773009,0.0013618411110771051
1602.3822132244673,1602.3822132244673,0.9959697170211598,0.001363353092051219
1602.3891577889638,1602.3891577889638,0.9966316218571023,0.0013651223242451256
1602.3961023534837,1602.3961023534837,0.9960323539483849,0.001362158879840253
1602.4030469179916,1602.4030469179916,0.9969289241199771,0.0013638676482138439
1602.4099914825233,1602.4099914825233,0.9974222472427773,0.0013628083887687774
1602.4169360470319,1602.4169360470319,0.9956540776347553,0.001361281878976051
1602.4238806115632,1602.4238806115632,0.9963872809144461,0.0013617661364986168
1602.430825176094,1602.430825176094,0.9967131988346865,0.0013579831184114253
1602.4377697406262,1602.4377697406262,0.9914323918345531,0.0013491415792126417
1602.444714305146,1602.444714305146,0.9993556240815422,0.0013500333621482732
1602.4516588696886,1602.4516588696886,1.0015784094796225,0.0013537279041999258
1602.4586034342205,1602.4586034342205,1.0011614187585056,0.0013526432972031878
1602.4655479987637,1602.4655479987637,1.0007265312306615,0.001352536337999317
1602.4724925633063,1602.4724925633063,1.0020563109668568,0.0013502180159809403
1602.4794371278613,1602.4794371278613,1.00014650428535,0.0013495631825599875
1602.4863816924046,1602.4863816924046,0.9978410056382365,0.0013499859506740524
1602.493326256959,1602.493326256959,1.0010424993931841,0.0013511763201677286
1602.5002708215022,1602.5002708215022,0.9996236393544129,0.0013481372849892853
1602.507215386069,1602.507215386069,0.9979168174422608,0.001348615808670616
1602.514159950635,1602.514159950635,0.9997691414743404,0.0013504661468721369
1602.5211045151902,1602.5211045151902,1.00168509537688,0.001348359785218414
1602.528049079768,1602.528049079768,1.0013279114529274,0.0013490202144917697
1602.534993644334,1602.534993644334,0.9985466988447509,0.001348545167421021
1602.5419382089008,1602.5419382089008,1.0009698799236053,0.0013484501996555247
1602.548882773479,1602.548882773479,0.9993796915518434,0.0013476695182745697
1602.555827338068,1602.555827338068,0.9999800218081711,0.001347445313832483
1602.562771902623,1602.562771902623,1.0001162453097923,0.0013472579027517585
1602.5697164672247,1602.5697164672247,0.9980777072501443,0.0013463804111615415
1602.576661031826,1602.576661031826,1.0007349319773904,0.0013477682831572215
1602.5836055964035,1602.5836055964035,0.9992790801274936,0.0013503291657326825
1602.5905501609707,1602.5905501609707,0.9983760402841032,0.0013485589715366156
1602.5974947255713,1602.5974947255713,1.0007050730578535,0.001347613365266994
1602.604439290173,1602.604439290173,1.0009158853515472,0.0013467921496478283
1602.6113838547742,1602.6113838547742,0.9991213905124207,0.0013505997899439593
1602.6183284193758,1602.6183284193758,1.0004853601730468,0.0013474389790593178
1602.6252729839766,1602.6252729839766,0.9986329146577857,0.0013471880125744758
1602.63221754859,1602.63221754859,0.9997219253692418,0.0013474984836507491
1602.6391621132377,1602.6391621132377,1.0019887977847401,0.001348085473942788
1602.6461066778388,1602.6461066778388,1.0008923111778703,0.0013463102173847997
1602.6530512424404,1602.6530512424404,0.9998984583755524,0.0013464161501916874
1602.6599958070651,1602.6599958070651,0.9997731325182997,0.001348365780361863
1602.666940371701,1602.666940371701,1.0000950214014601,0.0013476791645229708
1602.6738849363026,1602.6738849363026,0.9991336801488281,0.00134980715854087
1602.680829500962,1602.680829500962,0.999803842075839,0.001347206747277783
1602.6877740655632,1602.6877740655632,1.0010139337175457,0.001348684525964187
1602.694718630223,1602.694718630223,0.9989010634778126,0.0013474783482784979
1602.7016631948477,1602.7016631948477,0.9995728222324438,0.001348311061706077
1602.7086077594836,1602.7086077594836,1.0009230797509692,0.0013485335712945085
1602.7155523241315,1602.7155523241315,0.9984681000826594,0.0013482095431222218
1602.72249688878,1602.72249688878,1.001186102214189,0.001346920386549467
1602.7294414534274,1602.7294414534274,1.0006224284744125,0.0013468902603861405
1602.736386018075,1602.736386018075,0.9992907113647546,0.001347454428003231
1602.7433305827228,1602.7433305827228,1.0009638151116556,0.0013481732047436181
1602.7502751473826,1602.7502751473826,1.000336849648642,0.0013476206348444941
1602.757219712042,1602.757219712042,0.9986687413379987,0.0013469511658149409
1602.7641642767016,1602.7641642767016,0.9994696585760918,0.0013468698836752262
1602.771108841373,1602.771108841373,0.9999265549582919,0.0013455131321681933
1602.778053406044,1602.778053406044,0.9993562385603001,0.00134638474438557
1602.7849979707032,1602.7849979707032,1.0015302603478877,0.001347769132956777
1602.7919425353746,1602.7919425353746,1.0005988995850505,0.0013456003348744278
1602.7988871000457,1602.7988871000457,1.0006241221450196,0.0013461273453865504
1602.8058316647403,1602.8058316647403,0.9981912642274466,0.0013443809293726327
1602.8127762294118,1602.8127762294118,1.0004761791993002,0.0013466079890967623
1602.8197207940939,1602.8197207940939,0.9997608355242018,0.0013475003681702388
1602.8266653587891,1602.8266653587891,0.9993884481418919,0.0013460315772412437
1602.8336099234716,1602.8336099234716,0.9999970970740595,0.0013457195235435369
1602.8405544881657,1602.8405544881657,1.0004064671410862,0.0013476896155055933
1602.8474990528605,1602.8474990528605,1.0016541846381068,0.0013446717962080177
1602.854443617543,1602.854443617543,1.0006652180708313,0.0013454950064071762
1602.8613881822607,1602.8613881822607,0.9990587193329704,0.0013452143389323168
1602.8683327469669,1602.8683327469669,0.9998214953518971,0.0013447791734388268
1602.8752773116614,1602.8752773116614,0.9994366338143064,0.001345429344432597
1602.8822218763678,1602.8822218763678,0.9989041274599499,0.001346666372971917
1602.8891664410846,1602.8891664410846,0.9999225392584886,0.001344670856182358
1602.8961110057912,1602.8961110057912,1.0008638488683264,0.0013463236112732195
1602.903055570509,1602.903055570509,1.0007799694296171,0.0013453939773607844
1602.9100001352265,1602.9100001352265,0.9980367279902069,0.001344647791766571
1602.916944699956,1602.916944699956,0.9998773605353787,0.0013437420743775295
1602.923889264674,1602.923889264674,1.0014120149148134,0.0013441078198811155
1602.9308338294031,1602.9308338294031,0.9998980576806012,0.001344027502718686
1602.9377783941327,1602.9377783941327,1.0000761715048523,0.0013432470473180142
1602.9447229588623,1602.9447229588623,0.9996648369549274,0.001342601972040881
1602.951667523603,1602.951667523603,1.0000162541949082,0.0013423294953686733
1602.958612088344,1602.958612088344,1.0013134771495769,0.0013439401842972156
1602.9655566530616,1602.9655566530616,1.0009837465762366,0.001342247708359333
1602.9725012178144,1602.9725012178144,0.998520116342999,0.001341683245994602
1602.9794457825553,1602.9794457825553,0.9986421905934186,0.0013433661970144225
1602.986390347308,1602.986390347308,1.0011888879770576,0.0013437274853961784
1602.993334912049,1602.993334912049,0.9990823748563621,0.0013431363348016402
1603.000279476813,1603.000279476813,0.9997200661855061,0.001342492357564927
1603.0072240415775,1603.0072240415775,1.000642088472979,0.0013412006462337812
1603.014168606319,1603.014168606319,0.9998395251297156,0.0013434670194284203
1603.0211131710942,1603.0211131710942,0.9993688022562296,0.0013424082175181626
1603.0280577358471,1603.0280577358471,1.0013463020147784,0.001341801986121909
1603.035002300623,1603.035002300623,0.9995775160307199,0.001345130121658235
1603.0419468653872,1603.0419468653872,1.0001582588110207,0.0013435029919397527
1603.048891430163,1603.048891430163,1.000888771813784,0.0013425205460502955
1603.0558359949277,1603.0558359949277,0.9999078160518813,0.0013422687233759583
1603.0666695159737,1603.0666695159737,0.9991493011008888,0.0013425801034387544
1603.0794475151888,1603.0794475151888,1.000647192412085,0.0013413499002846976
1603.0863920799652,1603.0863920799652,0.9992241355941471,0.0013423590030750133
1603.0961144706746,1603.0961144706746,0.9995366952888516,0.0013415143428552618
1603.1033368180463,1603.1033368180463,1.0014363238019415,0.0013421183662132284
1603.1113925132045,1603.1113925132045,0.9999612100002956,0.0013407809827627746
1603.1197259909593,1603.1197259909593,0.9983870135992925,0.0013408967712824856
1603.1266705557816,1603.1266705557816,1.0004006224927982,0.001342297057873874
1603.1336151205694,1603.1336151205694,1.0010336096976595,0.0013396889390903817
1603.1405596853797,1603.1405596853797,0.9993771638581688,0.0013412735301560493
1603.147504250179,1603.147504250179,1.0006632966217537,0.0013421720720465517
1603.1544488150018,1603.1544488150018,1.000632767919786,0.0013410578664959484
1603.1613933798124,1603.1613933798124,1.0000015219641765,0.0013421751139667986
1603.1683379446233,1603.1683379446233,0.999582293185248,0.0013397747869264244
1603.1752825094463,1603.1752825094463,1.0019944850316191,0.0013420122527822505
1603.1822270742682,1603.1822270742682,1.0002541385532164,0.0013422167705245433
1603.1891716390794,1603.1891716390794,0.9988849926506337,0.0013412516720129057
1603.1961162039136,1603.1961162039136,0.9992681400996866,0.0013413517215441987
1603.2030607687361,1603.2030607687361,1.000996021191952,0.0013406747746470757
1603.2100053335698,1603.2100053335698,0.9987039098194668,0.0013418605573102301
1603.2169498984044,1603.2169498984044,0.9990370269179879,0.0013399190482686828
1603.2238944632381,1603.2238944632381,1.00016424039981,0.001340795814994813
1603.2316723758595,1603.2316723758595,1.0015539553204005,0.0013418299299136614
1603.2400058536605,1603.2400058536605,0.9999041643671281,0.0013431606925754824
1603.2475059836977,1603.2475059836977,1.000552926423207,0.0013405406091393408
1603.2544505485553,1603.2544505485553,1.0006253016132043,0.0013397649936334876
1603.261395113389,1603.261395113389,0.9985055447476476,0.0013393827771881485
1603.2683396782465,1603.2683396782465,1.0004571744579251,0.0013407829200285414
1603.2752842431041,1603.2752842431041,1.000458340805645,0.0013412825669789237
1603.2822288079499,1603.2822288079499,0.9989345731033359,0.001339512374250583
1603.2891733728188,1603.2891733728188,1.0002932807943588,0.0013416764937655634
1603.2961179376764,1603.2961179376764,1.0010765351131732,0.0013404201764911669
1603.3030625025453,1603.3030625025453,1.0016927649869796,0.0013415027446757003
1603.3100070674022,1603.3100070674022,0.9975316881095851,0.0013405527875747177
1603.3169516322832,1603.3169516322832,0.9999486685420897,0.0013410154997913367
1603.3238961971292,1603.3238961971292,0.9988533036832555,0.0013407166371847484
1603.3308407620211,1603.3308407620211,0.9987983057409527,0.0013393890091380615
1603.337785326914,1603.337785326914,1.0017561332399867,0.001342093813828334
1603.3447298917597,1603.3447298917597,1.0001741378120361,0.0013407631631234937
1603.3516744566405,1603.3516744566405,1.0009110795702205,0.001339622453516608
1603.3586190215324,1603.3586190215324,1.0004820471065679,0.001340446931860475
1603.3655635864247,1603.3655635864247,0.9986222287411604,0.0013407656363041312
1603.372508151317,1603.372508151317,1.0006821720580945,0.0013412412979393062
1603.3794527162095,1603.3794527162095,0.9999666522289792,0.0013397673409305706
1603.3863972811018,1603.3863972811018,0.9998607272521646,0.0013399093514756106
1603.3933418459942,1603.3933418459942,0.9980637736450866,0.0013382448991046383
1603.4002864108863,1603.4002864108863,1.0010490390195215,0.0013400904372232211
1603.407230975779,1603.407230975779,1.0014981763483366,0.0013408271464682132
1603.4141755406715,1603.4141755406715,1.0008246119800117,0.001338805122606291
1603.4211201055866,1603.4211201055866,0.9991755254535167,0.0013403155029968372
1603.4294535834924,1603.4294535834924,0.9994775168766796,0.0013379775257562686
1603.436398148385,1603.436398148385,0.9995110876815675,0.00133878979557509
1603.4433427132892,1603.4433427132892,0.9990704946433674,0.0013371025194076308
1603.4513984086104,1603.4513984086104,0.9993286288461849,0.001339285319129722
1603.4586207560983,1603.4586207560983,1.0013253361307668,0.0013406976408955242
1603.465565321049,1603.465565321049,1.0008836642829855,0.00133922695197905
1603.4736210163358,1603.4736210163358,1.0009437966260637,0.0013396116793436695
1603.4811211464662,1603.4811211464662,1.0005480365900659,0.001339368243758039
1603.4891768417879,1603.4891768417879,0.9990446004408376,0.0013396670123629498
1603.4961214067037,1603.4961214067037,0.999357335783451,0.001338065827289518
1603.5030659716426,1603.5030659716426,1.0002436451955774,0.0013385227361279305
1603.5100105365811,1603.5100105365811,0.9985263525759006,0.0013404774238878878
1603.5169551015083,1603.5169551015083,1.0002004807545013,0.0013394477979497019
1603.524733014246,1603.524733014246,1.000134737284745,0.0013394425550022889
1603.5322331443763,1603.5322331443763,1.002512791849759,0.0013425751713984828
1603.5400110571256,1603.5400110571256,1.000228245893511,0.001340184399091884
1603.5475111872554,1603.5475111872554,0.9991773603114119,0.0013395867661764671
1603.5544557522064,1603.5544557522064,0.9993948816680133,0.0013409564808535088
1603.5616780997527,1603.5616780997527,0.9987238964816834,0.0013395888081561623
1603.5711227080992,1603.5711227080992,0.998637154031298,0.0013389566468315116
1603.5794561860516,1603.5794561860516,1.000844346153456,0.0013396325029393934
1603.5864007510015,1603.5864007510015,1.0007647834038866,0.0013415122421841113
1603.5933453159646,1603.5933453159646,0.9996763394842431,0.0013406453608461066
1603.6002898809268,1603.6002898809268,1.0010100454690594,0.001342174801091591
1603.6072344458883,1603.6072344458883,1.0009860598709657,0.00133875992683533
1603.6141790108627,1603.6141790108627,0.9996407667070735,0.0013401916347345502
1603.6211235758365,1603.6211235758365,1.0005778005918826,0.001339233372318752
1603.62806814081,1603.62806814081,1.0009901406522304,0.0013404429157835775
1603.6350127057838,1603.6350127057838,0.9994366205226506,0.0013394028712528142
1603.6425128359606,1603.6425128359606,1.0010671913910514,0.0013397134991963878
1603.6502907487331,1603.6502907487331,0.9994562461914157,0.0013390140486088903
1603.6572353137187,1603.6572353137187,0.9988391811828192,0.001338905530068448
1603.664179878692,1603.664179878692,0.9995149004680852,0.0013395783513509047
1603.6711244436897,1603.6711244436897,0.9995034020623489,0.0013385336498092405
1603.6780690086748,1603.6780690086748,0.9999633293471982,0.0013394053427125277
1603.6850135736604,1603.6850135736604,1.001290118756175,0.0013399479749171856
1603.6919581386574,1603.6919581386574,1.0005156764788947,0.0013386238068394223
1603.6989027036548,1603.6989027036548,1.0006744004417911,0.0013397411248656783
1603.7058472686517,1603.7058472686517,0.999541361399225,0.0013409622967484008
1603.7127918336487,1603.7127918336487,0.9999017987826155,0.0013383736213481285
1603.719736398646,1603.719736398646,1.0001820726798343,0.001339988677592258
1603.7266809636549,1603.7266809636549,0.9991539148081129,0.0013400199427927475
1603.7336255286632,1603.7336255286632,1.0003834114318304,0.0013406464228987846
1603.740570093672,1603.740570093672,0.9995802657349433,0.0013400416664569768
1603.7475146586812,1603.7475146586812,1.000278843810896,0.0013403387870035656
1603.7544592236893,1603.7544592236893,0.9997309545653547,0.0013403097360662206
1603.76140378871,1603.76140378871,1.0000532379141374,0.0013412829194956398
1603.768348353719,1603.768348353719,1.0008116483025682,0.0013386270077968983
1603.775292918739,1603.775292918739,0.9996651582744163,0.0013391362961143588
1603.7822374837592,1603.7822374837592,0.9995850789475156,0.0013392050156210737
1603.7891820487798,1603.7891820487798,1.000183841971963,0.001340173232944956
1603.796126613812,1603.796126613812,0.9992122483505483,0.001341594600137367
1603.803071178844,1603.803071178844,1.0009325272365608,0.0013416058895751978
1603.8100157438523,1603.8100157438523,1.0005791211914308,0.0013393264867514326
1603.8169603088966,1603.8169603088966,0.9994523838735321,0.00134149603089525
1603.8239048739283,1603.8239048739283,1.0007119967037883,0.0013408726035632828
1603.8308494389717,1603.8308494389717,0.999337249299282,0.001339593338265812
1603.837794004004,1603.837794004004,1.0001451363617888,0.0013419820667739072
1603.8447385690476,1603.8447385690476,0.9992494915481338,0.0013402656544017728
1603.8516831340796,1603.8516831340796,1.000138468870452,0.001340181088091278
1603.8586276991232,1603.8586276991232,0.9994351583685059,0.0013389955055469933
1603.8655722641554,1603.8655722641554,0.9995481169430818,0.0013390478118638885
1603.872516829222,1603.872516829222,1.0006540101931172,0.001340847761098517
1603.879461394266,1603.879461394266,1.000083366212405,0.0013394371520230497
1603.8864059593095,1603.8864059593095,0.999720297257831,0.0013376857241071602
1603.8933505243651,1603.8933505243651,1.0003245242437746,0.0013387344578920505
1603.9002950894196,1603.9002950894196,1.0008702087311967,0.0013389204953977254
1603.9072396544755,1603.9072396544755,1.0013715868842252,0.0013408448435519057
1603.9141842195422,1603.9141842195422,1.0003150096818119,0.001340554368108431
1603.9211287845976,1603.9211287845976,0.9978679809056364,0.0013388053826444654
1603.9280733496646,1603.9280733496646,0.999590321469892,0.001341266615620324
1603.9350179147318,1603.9350179147318,1.0008659688406134,0.0013407036229502423
1603.9419624797986,1603.9419624797986,0.9978820432920943,0.001339360357764618
1603.948907044865,1603.948907044865,0.9993211532837776,0.001341261910334244
1603.955851609932,1603.955851609932,1.0008228215547992,0.0013417450075953901
1603.9627961749998,1603.9627961749998,1.0023302409367119,0.001339529097733009
1603.969740740089,1603.969740740089,1.0009194051747463,0.0013394443700855115
1603.9766853051563,1603.9766853051563,1.000328807798537,0.0013400965062076299
1603.9836298702467,1603.9836298702467,0.9984397579228519,0.0013401052512525922
1603.9905744353134,1603.9905744353134,0.9996632536215838,0.0013416468643229129
1603.997519000392,1603.997519000392,0.9995310041575657,0.0013394461372457605
1604.0044635654824,1604.0044635654824,1.0003849278878167,0.0013400294878222463
1604.0114081305728,1604.0114081305728,0.9990726976774835,0.0013401491593983711
1604.0183526956512,1604.0183526956512,1.0007553102783464,0.0013419728002911243
1604.0252972607414,1604.0252972607414,1.0012288318675904,0.001341568854015756
1604.0322418258434,1604.0322418258434,0.9993451678252621,0.0013415430547545149
1604.0391863909335,1604.0391863909335,0.998633990203723,0.0013397367806648962
1604.0461309560235,1604.0461309560235,1.0004011981443461,0.0013432745834018552
1604.0530755211253,1604.0530755211253,0.9998924387780768,0.0013401484970365957
1604.0600200862275,1604.0600200862275,1.0002378588372383,0.0013412750822965264
1604.066964651329,1604.066964651329,1.0018640848887597,0.0013417636090568336
1604.0739092164192,1604.0739092164192,0.9984751185579336,0.0013409047535371248
1604.0808537815328,1604.0808537815328,0.9998294494250815,0.0013384659375946157
1604.0877983466464,1604.0877983466464,0.9993097771096527,0.001340360691429214
1604.0947429117482,1604.0947429117482,0.9997953417734081,0.00133943761303935
1604.1016874768616,1604.1016874768616,1.0020065334263764,0.0013411160393900549
1604.1086320419754,1604.1086320419754,0.9983397284232887,0.0013430555433345882
1604.1155766070885,1604.1155766070885,1.0007462334266404,0.0013413239041088207
1604.12252117219,1604.12252117219,0.9999140931801891,0.0013400907803896955
1604.1294657373155,1604.1294657373155,1.0012267150659122,0.0013405217013751384
1604.136410302429,1604.136410302429,0.9999180836468243,0.0013396393373541818
1604.1433548675543,1604.1433548675543,0.999753603640198,0.0013402937591712335
1604.1502994326795,1604.1502994326795,0.9988028652410937,0.0013401882561908747
1604.1572439978045,1604.1572439978045,1.0002023311532782,0.0013400007660593917
1604.16418856293,1604.16418856293,0.9996111228581338,0.0013399317349658542
1604.1711331280546,1604.1711331280546,1.0002952458043084,0.0013406371113833424
1604.1780776931798,1604.1780776931798,1.0008614934294202,0.0013413645949088
1604.185022258317,1604.185022258317,0.9983936291043394,0.0013401726807025238
1604.1919668234532,1604.1919668234532,0.9995603671501696,0.0013401040509506453
1604.1989113885786,1604.1989113885786,0.9994168106305116,0.0013400166901754002
1604.2058559537154,1604.2058559537154,1.0011390276328984,0.0013411493517741545
1604.2128005188522,1604.2128005188522,1.001762839992061,0.0013394324084864695
1604.2197450840006,1604.2197450840006,1.0001864036437742,0.0013401283706366758
1604.2266896491376,1604.2266896491376,0.9987852636099632,0.0013393609482714997
1604.2336342142742,1604.2336342142742,0.9993249130017713,0.0013420471806548867
1604.2405787794228,1604.2405787794228,1.001486211973799,0.0013407738760823815
1604.2475233445707,1604.2475233445707,1.0001742487308145,0.0013400753361654202
1604.254467909708,1604.254467909708,1.0005566566257311,0.0013396422609081682
1604.2614124748677,1604.2614124748677,0.9980503105006064,0.0013398090655047526
1604.2683570400043,1604.2683570400043,1.000684289935436,0.0013394549222889417
1604.2753016051759,1604.2753016051759,1.0000838457313281,0.0013406407757206966
1604.282246170313,1604.282246170313,0.9993394114794588,0.001340231118518716
1604.2891907354847,1604.2891907354847,0.9980858507734908,0.001338799185974573
1604.2961353006212,1604.2961353006212,1.0023186133240114,0.001339948642735361
1604.3030798658049,1604.3030798658049,0.9996572588049247,0.0013413753494834711
1604.310024430942,1604.310024430942,1.000810897763809,0.0013388943886067704
1604.3169689961132,1604.3169689961132,0.9990010173969713,0.0013395142112912306
1604.3239135612966,1604.3239135612966,1.0010535642900982,0.0013394040271138931
1604.3308581264337,1604.3308581264337,1.0006964359822732,0.0013392900557010923
1604.3378026916052,1604.3378026916052,0.9998008365847267,0.0013412003799136954
1604.3447472567882,1604.3447472567882,0.9997431339309173,0.0013400812294853146
1604.3516918219718,1604.3516918219718,0.9995507253252072,0.00133834798154292
1604.3586363871086,1604.3586363871086,0.9996233837963538,0.0013417577737591666
1604.3655809522804,1604.3655809522804,0.9987069002570493,0.0013393727570705067
1604.3725255174636,1604.3725255174636,0.9986314610702275,0.001338782306390385
1604.3794700826468,1604.3794700826468,0.9993013574236393,0.0013397547752579508
1604.3864146478304,1604.3864146478304,0.9995258086642386,0.0013386291528638876
1604.3933592130134,1604.3933592130134,1.0019648409248565,0.0013397352609917058
1604.4003037781968,1604.4003037781968,1.002445301148783,0.0013395297102616259
1604.40724834338,1604.40724834338,1.0002807644985174,0.0013392081936088734
1604.4141929085636,1604.4141929085636,0.9987840305178374,0.0013397140072611852
1604.4211374737465,1604.4211374737465,0.9999196815875081,0.0013394853619018202
1604.4280820389301,1604.4280820389301,0.9982860754695325,0.0013388210192850935
1604.4350266041138,1604.4350266041138,0.9990836750987215,0.0013420001214544594
1604.441971169297,1604.441971169297,1.0010413426111053,0.001339412385632032
1604.4489157344801,1604.4489157344801,0.9999042949334834,0.001340420415863297
1604.4558602996635,1604.4558602996635,0.999078714593956,0.001340289426467177
1604.4628048648588,1604.4628048648588,1.002133441027925,0.0013415120511935095
1604.4697494300883,1604.4697494300883,1.0010889822206714,0.001341405599527028
1604.476693995272,1604.476693995272,0.9994977058429748,0.0013407436615858134
1604.4836385604551,1604.4836385604551,0.9991944690530982,0.0013400818193491809
1604.4905831256385,1604.4905831256385,0.9990519303188489,0.0013397973313058103
1604.4975276908797,1604.4975276908797,1.0001717353920325,0.0013412209781472463
1604.5044722560633,1604.5044722560633,1.0001942105611423,0.0013394969770829488
1604.511416821247,1604.511416821247,0.9980278433879001,0.0013399202541018406
1604.5183613864883,1604.5183613864883,1.0002659359309924,0.0013398848344244852
1604.5253059516713,1604.5253059516713,1.0021828927357423,0.0013396252646181667
1604.532250516878,1604.532250516878,0.9985898134293671,0.0013393024031751266
1604.5391950820963,1604.5391950820963,1.0014184704033744,0.0013390558319124118
1604.5461396472915,1604.5461396472915,1.0009023436313436,0.0013400315625689244
1604.5530842125208,1604.5530842125208,0.9997250033665622,0.0013399707891590827
1604.5600287777163,1604.5600287777163,1.0003134557285074,0.0013402087830519554
1604.5669733429463,1604.5669733429463,0.9980997508210233,0.0013405391472477318
1604.5739179081525,1604.5739179081525,0.9996072500986793,0.001339167091975328
1604.5808624733709,1604.5808624733709,0.9997259491366238,0.0013413004818199356
1604.5878070385893,1604.5878070385893,1.001580144356856,0.001339322897920944
1604.5947516037959,1604.5947516037959,1.0010185458841483,0.0013398561476302448
1604.601696169037,1604.601696169037,0.9993722483265348,0.0013404509259237174
1604.608640734244,1604.608640734244,0.9993871952754318,0.0013396225688807912
1604.6155852994623,1604.6155852994623,1.0000538520898237,0.0013393584237462312
1604.6225298647037,1604.6225298647037,1.0013071710236774,0.0013405820214059138
1604.6294744299219,1604.6294744299219,0.9974592183409976,0.001338730840811387
1604.6364189951403,1604.6364189951403,1.001347657666333,0.0013414783567609599
1604.6433635603703,1604.6433635603703,0.9994874137280773,0.001340215592008477
1604.6503081255998,1604.6503081255998,0.9989064629713645,0.0013425550272798815
1604.6572526908299,1604.6572526908299,1.0024774559805665,0.0013423104961991375
1604.6641972560599,1604.6641972560599,1.0010015277987923,0.0013406184636057354
1604.67114182129,1604.67114182129,0.9978921943022204,0.001339024354564599
1604.6780863865195,1604.6780863865195,0.9998954543363576,0.001340920806558801
1604.685030951761,1604.685030951761,1.000370146384195,0.0013408640110900857
1604.6919755170024,1604.6919755170024,0.999389408241248,0.0013412628218132316
1604.6989200822325,1604.6989200822325,0.9990550607602048,0.0013405379170965148
1604.7058646474736,1604.7058646474736,1.0016559785833437,0.0013416670845764257
1604.7128092127036,1604.7128092127036,0.9983919657930528,0.0013409680999079128
1604.7197537779455,1604.7197537779455,1.0014412117924933,0.0013408283420660492
1604.7266983431869,1604.7266983431869,1.0001945241183043,0.0013404935429529624
1604.7336429084285,1604.7336429084285,1.0000327932112238,0.001341316235705201
1604.7405874736698,1604.7405874736698,1.0009937558327313,0.001342036443958854
1604.7475320389233,1604.7475320389233,1.0001504371485075,0.001340935858540783
1604.7544766041647,1604.7544766041647,0.9991135970992608,0.0013398519120701442
1604.761421169406,1604.761421169406,0.9989829595610921,0.0013397603393413113
1604.7683657346597,1604.7683657346597,0.9997013064164737,0.0013395072045930437
1604.7753102999127,1604.7753102999127,0.9981820272294668,0.0013387800595248685
1604.7822548651543,1604.7822548651543,1.0015767616805964,0.0013409944006185903
1604.7891994304068,1604.7891994304068,0.9999577628784696,0.0013422162043031623
1604.7961439956605,1604.7961439956605,0.9990305430136113,0.0013403598664995676
1604.803088560902,1604.803088560902,1.0015117190774085,0.0013410939369764246
1604.810033126155,1604.810033126155,1.0006204585867837,0.001339924300910038
1604.81697769142,1604.81697769142,1.0035854046262016,0.0013424142803675648
1604.8239222566735,1604.8239222566735,1.002378853647675,0.00134378179749029
1604.830866821926,1604.830866821926,1.000039952036585,0.0013436850351773314
1604.8378113871793,1604.8378113871793,0.9943659645663295,0.001340882767903844
1604.844755952444,1604.844755952444,0.9922981729894176,0.0013436303263018473
1604.8517005176975,1604.8517005176975,0.9948854600705417,0.0013490367262779146
1604.858645082962,1604.858645082962,0.99608762942069,0.001351874476505545
1604.8655896482271,1604.8655896482271,0.9951122828377313,0.0013510743902228307
1604.8725342134805,1604.8725342134805,0.9964815906937983,0.0013520259888599256
1604.8794787787451,1604.8794787787451,0.9953764291709808,0.0013511837659191245
1604.8864233440097,1604.8864233440097,0.9973099154722685,0.0013527830201051074
1604.8933679092745,1604.8933679092745,0.9960938001157931,0.0013506786244494035
1604.9003124745398,1604.9003124745398,0.9972535379501043,0.0013504872478054418
1604.9072570398043,1604.9072570398043,0.997167112733236,0.0013513066971656204
1604.914201605069,1604.914201605069,0.9963757129508144,0.0013519774333120706
1604.9211461703453,1604.9211461703453,0.996743248387934,0.001350402136410136
1604.928090735599,1604.928090735599,0.9961531054959423,0.001345933262741654
1604.9350353008867,1604.9350353008867,0.9937571568583191,0.001343931257429947
1604.9419798661397,1604.9419798661397,0.9986317736830017,0.0013459112319160727
1604.9489244314168,1604.9489244314168,1.005092152823312,0.0013469983536198017
1604.9558689966811,1604.9558689966811,1.0021634805929989,0.0013431372464232012
1604.9628135619694,1604.9628135619694,1.0025166246586514,0.0013439463616009995
1604.9697581272223,1604.9697581272223,1.0024050309064894,0.001341538371355618
1604.9767026925106,1604.9767026925106,0.9985593225358447,0.0013420710484137414
1604.983647257787,1604.983647257787,0.9992763721553353,0.0013403149601195169
1604.9905918230518,1604.9905918230518,0.9991668227004166,0.00133941794713483
1604.9975363883277,1604.9975363883277,0.9999890324588631,0.0013404901040842139
1605.0044809536043,1605.0044809536043,1.0004468520339551,0.0013405921433947722
1605.0114255188928,1605.0114255188928,0.9993644239244434,0.0013399093098846735
1605.0183700841692,1605.0183700841692,0.9986133832721009,0.001340952155930246
1605.0253146494456,1605.0253146494456,1.0022052627351345,0.0013424426506311604
1605.0322592147336,1605.0322592147336,1.0016995633339776,0.0013406076456160066
1605.0392037800102,1605.0392037800102,0.9998165697766588,0.0013392024062970226
1605.0461483452866,1605.0461483452866,0.9988353640577575,0.0013414194622753273
1605.0530929105746,1605.0530929105746,0.998977127105183,0.0013405616358447457
1605.0600374758515,1605.0600374758515,0.9993795532180736,0.0013383544408746204
1605.0669820411276,1605.0669820411276,1.0005556933614277,0.001339665475995525
1605.0739266064154,1605.0739266064154,0.9986257658789534,0.0013399253210744293
1605.0808711716916,1605.0808711716916,1.0016113440472676,0.0013405122698750564
1605.0878157369687,1605.0878157369687,1.0001469288757128,0.0013428505279956863
1605.0947603022682,1605.0947603022682,0.9991088179768471,0.0013423236380649746
1605.1017048675562,1605.1017048675562,1.0013629534168023,0.0013398915990789095
1605.1086494328326,1605.1086494328326,0.9989438134484896,0.0013410930295682266
1605.1155939981213,1605.1155939981213,1.0001741760860203,0.0013402323091531228
1605.1225385634093,1605.1225385634093,1.0004164637370414,0.0013396321704374466
1605.129483128697,1605.129483128697,1.0009808184863724,0.0013406615602476568
1605.1364276939846,1605.1364276939846,0.9996304186436659,0.0013394782662320308
1605.1433722592733,1605.1433722592733,0.9990444815868088,0.001340167556650534
1605.1503168245613,1605.1503168245613,0.9995705377123579,0.0013393872361802098
1605.1572613898493,1605.1572613898493,1.001323752008537,0.0013402113591996804
1605.1642059551373,1605.1642059551373,0.9990404860658373,0.0013398589400357417
1605.1711505204373,1605.1711505204373,0.9999892978868521,0.0013402562006188438
1605.1780950857137,1605.1780950857137,0.9995364128832331,0.0013398205824346127
1605.185039651013,1605.185039651013,1.0009495850579522,0.0013390990083719985
1605.1919842163015,1605.1919842163015,1.0004584998383894,0.0013392564975089668
1605.1989287815893,1605.1989287815893,1.0003468903033097,0.0013393621484902908
1605.2058733468893,1605.2058733468893,0.9991407523601398,0.0013405406810037374
1605.212817912177,1605.212817912177,0.9993791962285588,0.0013390770157938887
1605.2197624774772,1605.2197624774772,1.0005010548052766,0.0013416571052566736
1605.226707042765,1605.226707042765,1.0006674300187308,0.0013411250733651539
1605.2336516080532,1605.2336516080532,0.9987361510515991,0.0013406180404147573
1605.2405961733527,1605.2405961733527,1.0006041069672915,0.0013388543780906482
1605.2475407386526,1605.2475407386526,1.0013756163614151,0.0013410192942038914
1605.2544853039406,1605.2544853039406,0.9986039178915844,0.0013414088866335713
1605.2614298692406,1605.2614298692406,0.9992030581396374,0.0013405335141521977
1605.2683744345284,1605.2683744345284,0.998643922314713,0.0013406412242087614
1605.2753189998282,1605.2753189998282,1.002470543279732,0.0013403594208605285
1605.2822635651282,1605.2822635651282,1.0014107122171125,0.00134034394980426
1605.2892081304158,1605.2892081304158,0.9998112085174325,0.001340758548563307
1605.2961526957151,1605.2961526957151,1.0003041951002207,0.0013389245869085448
1605.3030972610154,1605.3030972610154,0.9990828852917841,0.001339234750232387
1605.3100418263152,1605.3100418263152,1.0015193809594538,0.0013386479807228862
1605.3169863916032,1605.3169863916032,0.9994780846836113,0.0013394162083970834
1605.3239309569028,1605.3239309569028,0.9989016543331166,0.0013399793095176778
1605.3308755222029,1605.3308755222029,1.001462326169639,0.001339359329830827
1605.3378200875027,1605.3378200875027,1.0001397008894113,0.001340553804536507
1605.3447646527904,1605.3447646527904,0.9989105923229765,0.0013381674280676038
1605.35170921809,1605.35170921809,1.000457567201789,0.001340125525757446
1605.3586537833896,1605.3586537833896,0.9992480492040542,0.0013390462119189453
1605.3655983486897,1605.3655983486897,1.0003661072430172,0.0013388913654378666
1605.372542913989,1605.372542913989,0.9991461940832101,0.0013388435025256066
1605.3794874792889,1605.3794874792889,1.0005439021904068,0.0013399681953045754
1605.386432044589,1605.386432044589,0.9999063248856992,0.001338801269805967
1605.393376609877,1605.393376609877,1.000967948435556,0.001339636456766686
1605.4003211751765,1605.4003211751765,0.9997352670649585,0.001338685377261009
1605.4072657404763,1605.4072657404763,1.0004703091436074,0.0013410351727527932
1605.4142103057761,1605.4142103057761,1.000430454469935,0.0013399834570531391
1605.4211548710757,1605.4211548710757,1.0005192132495864,0.0013409212910787133
1605.4280994363755,1605.4280994363755,0.9991390379393641,0.0013413093464319382
1605.435044001675,1605.435044001675,0.998861852355595,0.001339780398263718
1605.4419885669745,1605.4419885669745,0.999134730564235,0.0013414683282309422
1605.4489331322743,1605.4489331322743,1.0004469146328325,0.0013406110427373738
1605.4558776975625,1605.4558776975625,1.0013820319119142,0.0013407006813021742
1605.4628222628621,1605.4628222628621,0.999293274174857,0.001342903926040244
1605.469766828162,1605.469766828162,0.9998187198566134,0.0013411853560806543
1605.4767113934618,1605.4767113934618,1.000071384092088,0.0013421066356157946
1605.4836559587616,1605.4836559587616,0.9998594608426277,0.001339394290909433
1605.490600524061,1605.490600524061,0.9995746558203387,0.0013394226983145655
1605.497545089361,1605.497545089361,0.9991768934018926,0.0013386030689811214
1605.5044896546603,1605.5044896546603,1.0001022341577765,0.0013392686267488098
1605.5114342199488,1605.5114342199488,1.0011109317532974,0.0013421684894750134
1605.518378785248,1605.518378785248,1.0008440343638918,0.0013400891178207423
1605.5253233505478,1605.5253233505478,0.9999449545337166,0.001339430992809502
1605.5322679158478,1605.5322679158478,1.000553414905652,0.001338848684694942
1605.5392124811474,1605.5392124811474,0.9997363071707964,0.0013387037728273521
1605.5461570464354,1605.5461570464354,0.9994597971635729,0.0013380955368629533
1605.5531016117352,1605.5531016117352,0.9998076106751654,0.0013404787830117017
1605.560046177035,1605.560046177035,0.9998413648752885,0.0013385276171181382
1605.566990742323,1605.566990742323,0.9992072121636904,0.0013394969695626876
1605.5739353076228,1605.5739353076228,0.9998233968380346,0.00133875163924568
1605.5808798729222,1605.5808798729222,1.0009037215144976,0.0013403271016370851
1605.5878244382106,1605.5878244382106,1.00221520721383,0.001340039935991631
1605.59476900351,1605.59476900351,0.998991617218514,0.0013385514257850256
1605.6017135687982,1605.6017135687982,0.9998315485130028,0.0013391002442059634
1605.6086581340976,1605.6086581340976,0.998324769508036,0.0013385449052166507
1605.6156026993976,1605.6156026993976,0.9990901535671695,0.0013377882770480747
1605.6225472646859,1605.6225472646859,1.0017893232941515,0.0013401298910573943
1605.6294918299855,1605.6294918299855,1.0004079350826771,0.0013405319231642476
1605.6364363952732,1605.6364363952732,0.9991381838995729,0.0013413600412049997
1605.6433809605617,1605.6433809605617,1.0008702683209503,0.0013407500184331456
1605.6503255258613,1605.6503255258613,1.001066705272383,0.001339292058679572
1605.6572700911493,1605.6572700911493,1.0004154331168382,0.0013400796899798654
1605.664214656437,1605.664214656437,0.9990122434247668,0.0013412531429484644
1605.6711592217257,1605.6711592217257,0.9989668195244729,0.0013396859462086225
1605.6781037870253,1605.6781037870253,0.999930626035529,0.0013408094203545952
1605.685048352313,1605.685048352313,1.0006622253148703,0.0013397893995033838
1605.6919929176015,1605.6919929176015,0.9990886948727408,0.0013384488076588678
1605.6989374828895,1605.6989374828895,0.9988488119465246,0.00134022781735232
1605.7058820481775,1605.7058820481775,1.000724723818538,0.001340371556066846
1605.7128266134655,1605.7128266134655,1.0001470613991157,0.0013410751090816154
1605.7197711787535,1605.7197711787535,1.001629529606311,0.001340039902539781
1605.7267157440415,1605.7267157440415,0.9990938064202212,0.0013410638669231843
1605.7336603093179,1605.7336603093179,1.0000035169668673,0.001340504479412316
1605.7406048746059,1605.7406048746059,1.000317710791529,0.0013395129557412153
1605.7475494399055,1605.7475494399055,1.000694586827901,0.001340295384017061
1605.7544940051823,1605.7544940051823,0.9998063362597451,0.0013401967180697635
1605.7614385704587,1605.7614385704587,0.9994617953815398,0.0013387316216138512
1605.7683831357467,1605.7683831357467,0.9997647276027081,0.001338389460699504
1605.775327701023,1605.775327701023,0.9986350284242562,0.0013402511590283623
1605.7822722662993,1605.7822722662993,1.0014366552208918,0.0013392169695111136
1605.7892168315877,1605.7892168315877,0.999839696415427,0.0013398107055371158
1605.7961613968637,1605.7961613968637,0.9994197604937686,0.0013386778672594799
1605.80310596214,1605.80310596214,1.000734591257452,0.0013403275979579931
1605.8100505274283,1605.8100505274283,1.001211847264789,0.0013417774614148553
1605.8169950927052,1605.8169950927052,0.9998698279804612,0.0013404615980066655
1605.8239396579816,1605.8239396579816,1.0002637425730314,0.0013416977530991104
1605.830884223269,1605.830884223269,0.9988569478660023,0.0013397781264013402
1605.8378287885457,1605.8378287885457,0.9993579804482995,0.0013402060639722839
1605.8447733538105,1605.8447733538105,0.9997941544328086,0.0013393444839556417
1605.8517179190872,1605.8517179190872,0.9984240705559237,0.0013394520423133205
1605.8586624843633,1605.8586624843633,1.001557482932348,0.0013405069101429402
1605.8656070496395,1605.8656070496395,1.0006603799405598,0.0013406624323697629
1605.8725516149043,1605.8725516149043,1.0002013422128804,0.0013399413967769974
1605.8794961801816,1605.8794961801816,1.000271662501015,0.0013401604496380561
1605.8864407454457,1605.8864407454457,0.9988756093284042,0.0013409440947485844
1605.8933853107221,1605.8933853107221,1.0013030136181251,0.0013393769439832624
1605.9003298759867,1605.9003298759867,0.9991157519539078,0.0013391272684504763
1605.9072744412517,1605.9072744412517,0.9995878947555916,0.0013377135709788364
1605.9142190065163,1605.9142190065163,1.0012001186253214,0.0013414703736901957
1605.9211635717813,1605.9211635717813,0.9997491523440832,0.0013388560673077395
1605.9281081370457,1605.9281081370457,0.9992275800506709,0.0013393126288020808
1605.935052702311,1605.935052702311,1.0007078438153523,0.001338494517501632
1605.9419972675637,1605.9419972675637,1.0005466708271653,0.0013387642911586034
1605.9489418328405,1605.9489418328405,0.9987615521261353,0.001338346775823199
1605.9558863980933,1605.9558863980933,0.9994625917052995,0.001339601909628815
1605.9628309633467,1605.9628309633467,1.0008956347985876,0.0013386967821900817
1605.9697755286115,1605.9697755286115,1.0007029148984201,0.001339551119560374
1605.976720093864,1605.976720093864,0.9996269935957562,0.0013378100255469817
1605.9836646591177,1605.9836646591177,1.0000275171582944,0.0013392462089758428
1605.990609224371,1605.990609224371,0.9990936871433954,0.001337976108194917
1605.9975537896357,1605.9975537896357,1.0007650480563026,0.0013391301484941415
1606.0044983548887,1606.0044983548887,0.9997353193626404,0.0013394569781425118
1606.0114429201299,1606.0114429201299,0.9995342592179117,0.0013394071720936112
1606.0183874853833,1606.0183874853833,1.0000741355276914,0.001341281952451011
1606.0253320506367,1606.0253320506367,1.0014558274972754,0.0013401398297281748
1606.0322766158781,1606.0322766158781,0.9989783546377053,0.001339083832935171
1606.0392211811309,1606.0392211811309,1.0010744102072693,0.001340933764587483
1606.0461657463723,1606.0461657463723,0.9986026739401815,0.0013376579659525084
1606.053110311614,1606.053110311614,0.9994919446642043,0.0013404117373434184
1606.0600548768555,1606.0600548768555,1.0008469005260108,0.001341042662484086
1606.0669994420969,1606.0669994420969,0.9989903099372477,0.0013398960909732883
1606.0739440073382,1606.0739440073382,0.9996857176373533,0.001339704048086893
1606.0808885725799,1606.0808885725799,1.000436745867734,0.0013393054748087867
1606.0878331378215,1606.0878331378215,1.002205441941991,0.001338909150035208
1606.0947777030512,1606.0947777030512,1.0007368149838327,0.001339493148982178
1606.1017222682924,1606.1017222682924,0.9986602676718638,0.0013398039474172383
1606.1086668335224,1606.1086668335224,1.0000585071865267,0.0013403434688422046
1606.1156113987522,1606.1156113987522,0.9998632258778656,0.0013388043962593247
1606.1225559639709,1606.1225559639709,0.9982493447726604,0.0013379583523704303
1606.1295005292122,1606.1295005292122,1.0003332723509968,0.0013394904040471489
1606.1364450944416,1606.1364450944416,0.9984539460507623,0.001338225352467698
1606.1433896596602,1606.1433896596602,1.0008978481105943,0.0013396910541738163
1606.1503342248784,1606.1503342248784,1.0015594860579788,0.0013390036973510724
1606.1572787901198,1606.1572787901198,1.001774362792744,0.0013400925347595686
1606.1642233553262,1606.1642233553262,1.0002998558150693,0.0013391167420685464
1606.1711679205443,1606.1711679205443,0.9995011661141431,0.0013422426418209785
1606.1781124857746,1606.1781124857746,0.9993535932911204,0.001341429415452254
1606.1850570509691,1606.1850570509691,0.999234187635442,0.0013398933658194502
1606.2020017901095,1606.2020017901095,1.0033176567057418,0.001341975633208154
1606.210057485745,1606.210057485745,0.9994340783675757,0.0013398269037536727
1606.2170020509634,1606.2170020509634,0.9990939490320482,0.0013421233436609918
1606.2239466161702,1606.2239466161702,0.9978671502518683,0.0013384343029642486
1606.2308911813536,1606.2308911813536,1.001793761963896,0.00134050732493199
1606.237835746595,1606.237835746595,0.9994828614874202,0.0013388916581997669
1606.2447803117782,1606.2447803117782,0.9992348509784286,0.0013394743395493116
1606.2517248769614,1606.2517248769614,1.0024845310539034,0.0013408453436499859
1606.2586694421916,1606.2586694421916,1.0008882821008647,0.0013389027633234625
1606.2656140073861,1606.2656140073861,1.0010255762259521,0.0013392321132685418
1606.2725585725693,1606.2725585725693,0.9989175562190926,0.0013397258362647826
1606.2795031377525,1606.2795031377525,1.0015065192552122,0.001340788123185274
1606.2864477029361,1606.2864477029361,0.9990305492277368,0.0013397339771184142
1606.293392268119,1606.293392268119,0.9988237336763067,0.0013393825372157026
1606.3003368333143,1606.3003368333143,0.9991397004832343,0.0013390817395738542
1606.307281398544,1606.307281398544,1.0005146007958758,0.0013392127259930868
1606.3142259637275,1606.3142259637275,1.0003115960669147,0.0013393214911604505
1606.3211705288875,1606.3211705288875,0.9998787432183462,0.0013385225518373547
1606.3281150940356,1606.3281150940356,0.9990424727835766,0.001338383800768176
1606.335059659219,1606.335059659219,0.9999537570956021,0.001339804163817324
1606.342004224402,1606.342004224402,0.9983504107858175,0.0013386774197611032
1606.3489487895858,1606.3489487895858,1.000573851837359,0.001338674976129169
1606.3558933547686,1606.3558933547686,1.000483633606312,0.0013376441510682857
1606.3628379199517,1606.3628379199517,1.0001992849486354,0.0013367113063937222
1606.369782485077,1606.369782485077,0.9998576294767558,0.0013382065918999039
1606.3767270502606,1606.3767270502606,1.0017772753060519,0.0013396277196695517
1606.3836716154435,1606.3836716154435,0.9989128914311405,0.001339229153924702
1606.3906161805685,1606.3906161805685,1.0000885584715038,0.0013393815766265223
1606.397560745752,1606.397560745752,0.9989462298360724,0.0013390298251995199
1606.4045053109003,1606.4045053109003,0.9998588050870625,0.0013372556053386224
1606.4114498760605,1606.4114498760605,0.999461784997923,0.0013375501834836723
1606.4183944412084,1606.4183944412084,1.0007627949088516,0.0013389177604419115
1606.4253390063682,1606.4253390063682,0.9997844012338032,0.0013391639324102438
1606.4322835715052,1606.4322835715052,0.9999971532481929,0.00133744403461431
1606.4392281366654,1606.4392281366654,1.0003042095309576,0.001338678020014079
1606.446172701802,1606.446172701802,1.0012195066315421,0.0013405198270029066
1606.4531172669383,1606.4531172669383,0.9997255579559207,0.0013385446458905642
1606.4600618320753,1606.4600618320753,0.9992672298198915,0.0013385558249297948
1606.4670063972237,1606.4670063972237,1.000501626355471,0.0013386722071275874
1606.4739509623487,1606.4739509623487,0.9975353173136806,0.001339294895076241
1606.4808955274852,1606.4808955274852,1.0010889411061221,0.001340198088039562
1606.48784009261,1606.48784009261,1.0014611811248946,0.0013386916804638033
1606.4947846577359,1606.4947846577359,1.0019550556111274,0.0013388346426058545
1606.5017292228604,1606.5017292228604,0.9974948017786153,0.001338856177420315
1606.5086737879853,1606.5086737879853,0.9990805321558508,0.0013381730917604608
1606.5156183530987,1606.5156183530987,0.9999358307430324,0.0013381558550511854
1606.5225629182237,1606.5225629182237,1.0009561228031352,0.0013390152024090139
1606.529507483337,1606.529507483337,1.0005291048976876,0.001340188254588258
1606.5364520484509,1606.5364520484509,1.0003762710438844,0.0013396813640386136
1606.543396613564,1606.543396613564,0.9990466594933164,0.0013380921630935729
1606.550341178666,1606.550341178666,1.0000780493854697,0.001340372949478715
1606.5572857437678,1606.5572857437678,1.000273463713403,0.0013378633372484318
1606.5642303088696,1606.5642303088696,0.9977289752667057,0.0013389274847096192
1606.5711748739711,1606.5711748739711,1.0001987140333766,0.0013377003289488472
1606.5781194390734,1606.5781194390734,1.0004001131316502,0.0013398285675959225
1606.585064004163,1606.585064004163,1.0008878696056502,0.001341891507461995
1606.5920085692535,1606.5920085692535,1.0009702108270027,0.0013381759794478673
1606.5989531343437,1606.5989531343437,1.0006011090878855,0.0013382133871195005
1606.605897699422,1606.605897699422,1.0014884388613416,0.0013394000365132678
1606.6128422645122,1606.6128422645122,0.9968860768339791,0.001337977997458609
1606.6197868295906,1606.6197868295906,0.9978634091581824,0.0013378500161682588
1606.6267313946694,1606.6267313946694,0.9999576796289397,0.001337670921371967
1606.633675959736,1606.633675959736,1.0005030807404807,0.0013388950774106468
1606.6406205248145,1606.6406205248145,1.0008460243696455,0.0013395965794681375
1606.6475650898815,1606.6475650898815,0.9983394841716567,0.0013365740663851561
1606.6545096549482,1606.6545096549482,1.000898561088305,0.0013405401975379004
1606.6614542200145,1606.6614542200145,1.0007872181671624,0.0013383234996054653
1606.6683987850702,1606.6683987850702,1.0007277750765484,0.0013376456663567468
1606.6753433501253,1606.6753433501253,0.9996526654475485,0.0013397649334315033
1606.6822879151803,1606.6822879151803,0.9998918885326592,0.0013396978849172859
1606.689232480236,1606.689232480236,0.9990593971332424,0.0013377808605604387
1606.6961770452676,1606.6961770452676,1.0006973293856736,0.0013373646667970058
1606.7031216103344,1606.7031216103344,0.998366043889727,0.0013367841217933937
1606.710066175378,1606.710066175378,1.0021366481638774,0.0013385964841173621
1606.7170107404097,1606.7170107404097,0.9990909631302319,0.0013391014297997816
1606.7239553054537,1606.7239553054537,0.998747419722007,0.0013408279594034384
1606.7308998704736,1606.7308998704736,1.0016089235273915,0.0013404346706844192
1606.7378444354938,1606.7378444354938,0.9986316542820074,0.0013375498659170138
1606.7447890005376,1606.7447890005376,1.000377747128481,0.0013374866088989947
1606.7517335655461,1606.7517335655461,0.9998875455576426,0.001338454590011157
1606.7586781305786,1606.7586781305786,1.000933035628261,0.0013391190807223897
1606.7656226955867,1606.7656226955867,0.9998126035494126,0.0013397076275400298
1606.7725672605952,1606.7725672605952,1.0007423775867894,0.0013377433703693176
1606.7795118256156,1606.7795118256156,1.000214321212956,0.0013391596782564412
1606.7864563906246,1606.7864563906246,0.9996836920817515,0.0013387217972205669
1606.7934009556216,1606.7934009556216,1.0005723193084481,0.001340037100535098
1606.8003455206183,1606.8003455206183,0.9998145296620133,0.0013395376753592902
1606.8072900856146,1606.8072900856146,0.9992476359787787,0.0013377196706575226
1606.8142346506124,1606.8142346506124,0.9989444393273157,0.001342559038359732
1606.8211792156092,1606.8211792156092,1.0005998898812822,0.0013403983758937356
1606.828123780583,1606.828123780583,0.9995591287475033,0.0013384818943367035
1606.8350683455678,1606.8350683455678,0.9990762896872152,0.001339316206178311
1606.8428462583404,1606.8428462583404,1.000370610662174,0.0013407348827857153
1606.8503463885174,1606.8503463885174,1.0007074880977957,0.0013395198164615565
1606.8572909534912,1606.8572909534912,0.9998116168121554,0.0013378141059908854
1606.8647910836557,1606.8647910836557,1.0013316774713321,0.0013387117429914856
1606.8725689964172,1606.8725689964172,1.0014821706558859,0.0013386086672527698
1606.879513561367,1606.879513561367,0.9998884195882238,0.0013391762674768912
1606.8864581263297,1606.8864581263297,0.9973267071721862,0.0013375440965393143
1606.8934026912798,1606.8934026912798,1.0000058624666512,0.001338405074386909
1606.9003472562304,1606.9003472562304,0.9992166984783113,0.0013405961524432313
1606.907291821181,1606.907291821181,1.0015807303168462,0.001339371101195847
1606.9142363861195,1606.9142363861195,0.9992966540062543,0.001340338106040736
1606.9211809510584,1606.9211809510584,1.0003091239192181,0.0013394248717210268
1606.9281255159854,1606.9281255159854,1.0005646991395694,0.0013386522018116844
1606.9350700809243,1606.9350700809243,1.0004131507059149,0.0013415034207118833
1606.9420146458513,1606.9420146458513,0.9998296905751618,0.0013386379988333276
1606.9489592107668,1606.9489592107668,1.0001508193134714,0.0013390727168037565
1606.9559037756821,1606.9559037756821,0.9986173290263849,0.001338793489192225
1606.9628483406098,1606.9628483406098,0.9979743724398504,0.0013384370315549664
1606.9697929055014,1606.9697929055014,1.0005202236156898,0.0013388929686247893
1606.9767374704054,1606.9767374704054,1.0006866768221234,0.001338909666172559
1606.983682035344,1606.983682035344,1.0015155284441941,0.0013382581128565357
1606.9906266002363,1606.9906266002363,1.0006933218386884,0.001337739697496268
1606.9975711651289,1606.9975711651289,1.0002541885977567,0.0013395422409233795
1607.0045157300208,1607.0045157300208,1.0006680586381862,0.0013390579127397465
1607.011460294913,1607.011460294913,0.9986044523138176,0.0013381497372600582
1607.018404859759,1607.018404859759,1.0006427549984405,0.0013387161739523347
1607.025349424639,1607.025349424639,0.9994976785401383,0.0013395462693585863
1607.0322939895316,1607.0322939895316,0.9995574263201942,0.0013383646851402105
1607.0392385544005,1607.0392385544005,1.0004326521987896,0.0013402946015971424
1607.0461831192574,1607.0461831192574,1.0010626550748971,0.0013396911084593748
1607.0531276841264,1607.0531276841264,0.9994292409533099,0.001338158127988827
1607.0600722489835,1607.0600722489835,0.9984088850735164,0.0013392342800597529
1607.0670168138295,1607.0670168138295,0.9982057527499931,0.0013380168352186274
1607.073961378675,1607.073961378675,1.0006606869797525,0.0013403761688889743
1607.0809059435207,1607.0809059435207,1.001345332752167,0.0013377115695732274
1607.0878505083665,1607.0878505083665,1.0010883309556307,0.0013390238543115529
1607.0947950732007,1607.0947950732007,0.9992163221641658,0.0013390385529146733
1607.1017396380344,1607.1017396380344,1.000933019286936,0.0013376976589017022
1607.108684202857,1607.108684202857,1.0003806889889595,0.0013382805850902751
1607.1156287676788,1607.1156287676788,1.0009273518816775,0.001337846869521798
1607.1225733325011,1607.1225733325011,0.9984185817812927,0.0013390331940308533
1607.1295178973007,1607.1295178973007,0.9999200000071582,0.0013398220434330565
1607.136462462123,1607.136462462123,0.9988989607768373,0.0013385654114179565
1607.1434070269102,1607.1434070269102,1.000654185846869,0.0013382832348124655
1607.1503515917325,1607.1503515917325,1.0003685939386324,0.001339059402097198
1607.1572961565084,1607.1572961565084,0.9995922708054902,0.0013383240358267273
1607.164240721296,1607.164240721296,0.9990850170732172,0.0013391635519107677
1607.171185286095,1607.171185286095,0.9997812752456292,0.001341933171598602
1607.1781298508708,1607.1781298508708,0.999977849498233,0.0013389970369831225
1607.1850744156459,1607.1850744156459,1.0011684924730213,0.0013371101487509819
1607.1920189804107,1607.1920189804107,0.9996250294784195,0.0013388479438426171
1607.1989635451864,1607.1989635451864,1.000194566400828,0.0013407452066919927
1607.2059081099392,1607.2059081099392,1.0012790749605565,0.0013418121768934799
1607.212852674703,1607.212852674703,1.0007814606300427,0.0013391499876871614
1607.2197972394551,1607.2197972394551,0.9988694555902731,0.0013385264303563875
1607.2267418041965,1607.2267418041965,0.9994722736878797,0.0013391587440595026
1607.233686368949,1607.233686368949,1.0005205070197574,0.0013403821734922182
1607.2406309336666,1607.2406309336666,0.9979292897664467,0.001337489889614313
1607.2475754984073,1607.2475754984073,1.000505658101482,0.0013385100939739914
1607.254520063125,1607.254520063125,1.0009581856688003,0.001339234037089911
1607.261464627854,1607.261464627854,0.9995230923164501,0.0013397632252357453
1607.2684091925719,1607.2684091925719,0.9999939470850748,0.0013394462828329788
1607.2753537572894,1607.2753537572894,1.0006073079559132,0.0013381115287120716
1607.2822983219835,1607.2822983219835,0.9994855178721664,0.0013402459340052567
1607.289242886678,1607.289242886678,0.999663763172441,0.0013410290816399464
1607.2961874513837,1607.2961874513837,1.0020504025159505,0.0013414164665638017
1607.303132016078,1607.303132016078,0.9994928962778303,0.0013407091820435845
1607.3100765807608,1607.3100765807608,1.0001700362839716,0.0013401132646841754
1607.3170211454315,1607.3170211454315,1.0009922427420483,0.0013389923224904636
1607.3239657101144,1607.3239657101144,1.0020489991521129,0.001342822741935736
1607.330910274785,1607.330910274785,1.0000388132469336,0.0013409021199056648
1607.3378548394448,1607.3378548394448,0.9937489904619141,0.0013387635138126025
1607.3447994041042,1607.3447994041042,0.9933467657643706,0.0013457071998599548
1607.3517439687516,1607.3517439687516,0.9985226028112265,0.001351190484938515
1607.3586885334112,1607.3586885334112,0.9969013606746019,0.0013514487175697938
1607.365633098047,1607.365633098047,0.9965241862538138,0.0013525987346277445
1607.372577662672,1607.372577662672,0.9980636403630898,0.00135391598856213
1607.379522227331,1607.379522227331,0.9953201898684348,0.0013513045695057024
1607.3864667919322,1607.3864667919322,0.9961664243023494,0.001350615646165326
1607.3934113565567,1607.3934113565567,0.9985148624510132,0.0013515771389469278
1607.4003559211928,1607.4003559211928,0.9965278022329491,0.0013510808201172343
1607.407300485794,1607.407300485794,0.9966863896955708,0.001349702041639874
1607.4142450503953,1607.4142450503953,0.9954338461239904,0.0013483454440089122
1607.421189614996,1607.421189614996,0.9952509074805704,0.0013480075991827416
1607.4281341795972,1607.4281341795972,0.9968359748337774,0.0013499111845826002
1607.4350787441401,1607.4350787441401,0.995650743593707,0.001344770604868875
1607.4420233087417,1607.4420233087417,0.9997633512010615,0.001345773554218274
1607.4489678733075,1607.4489678733075,1.004370053734282,0.0013448114247465981
1607.4559124378854,1607.4559124378854,1.0028058997945164,0.0013437196764843587
1607.4628570024402,1607.4628570024402,1.0029876778359785,0.0013426590301203133
1607.4698015669946,1607.4698015669946,1.0012303210160551,0.0013446945712570183
1607.4767461315491,1607.4767461315491,1.0020874925138747,0.0013402304454209779
1607.4836906960923,1607.4836906960923,1.000692103210218,0.0013386471229713348
1607.4906352606347,1607.4906352606347,0.9982500889153494,0.001337075470107151
1607.4975798251664,1607.4975798251664,1.0001301676628507,0.0013371637086582668
1607.5045243896861,1607.5045243896861,0.9999837179393063,0.0013393854509407555
1607.5114689542058,1607.5114689542058,0.9988034500149642,0.001339633948125418
1607.5184135187142,1607.5184135187142,1.0012272768040664,0.0013393122384245206
1607.5253580832334,1607.5253580832334,1.0008997339188213,0.0013388115508821542
1607.5323026477186,1607.5323026477186,0.9988129899533768,0.0013375301238974144
1607.5392472122262,1607.5392472122262,0.9985632694911646,0.0013392311318575797
1607.5461917767109,1607.5461917767109,1.0004461678704335,0.0013392002376672522
1607.5531363411956,1607.5531363411956,1.0004611824958747,0.0013393687971704506
1607.5600809056687,1607.5600809056687,0.9994899193376172,0.0013372984482161606
1607.5670254701417,1607.5670254701417,1.0009538239730653,0.001341622429780096
1607.5739700346035,1607.5739700346035,0.9996844187041031,0.0013378705706644524
1607.580914599065,1607.580914599065,0.9976877857079758,0.001337474902627238
1607.5878591635148,1607.5878591635148,0.999167242890738,0.0013369301849472585
1607.594803727941,1607.594803727941,1.00098164647123,0.0013385903539699993
1607.6017482923908,1607.6017482923908,1.0009389693278086,0.001338859671216538
1607.6086928568172,1607.6086928568172,1.0000438771349542,0.0013388956486996937
1607.6156374212442,1607.6156374212442,0.9984524993926376,0.0013376570295753544
1607.6225819856586,1607.6225819856586,1.0013086151948711,0.0013410742550626752
1607.6295265500619,1607.6295265500619,1.0005131900624324,0.0013378598672877451
1607.6364711144652,1607.6364711144652,0.9984485405406873,0.0013382544442590136
1607.6434156788685,1607.6434156788685,0.9996330703295044,0.0013377129389749633
1607.65036024326,1607.65036024326,0.9995046487485879,0.0013362115466819563
1607.6573048076402,1607.6573048076402,1.0000489000424628,0.0013374214811846718
1607.6642493720203,1607.6642493720203,1.0002363071514644,0.001339966932892137
1607.6711939363881,1607.6711939363881,1.0006142446920852,0.0013378589747469697
1607.6781385007566,1607.6781385007566,1.0018384967861262,0.0013373404724449128
1607.6850830651133,1607.6850830651133,1.0002417489113418,0.0013384486963280216
1607.692027629447,1607.692027629447,0.9990393280932931,0.001339270380271046
1607.6989721938032,1607.6989721938032,0.9989056652298178,0.0013381031320660523
1607.7059167581133,1607.7059167581133,1.0011279076420363,0.0013386324698499632
1607.71286132247,1607.71286132247,0.9992434710647566,0.0013400385355376043
1607.719805886792,1607.719805886792,0.9994815704799036,0.00133752471621856
1607.726750451102,1607.726750451102,1.0000635402824645,0.0013379343974697362
1607.7336950154122,1607.7336950154122,1.0015802649314416,0.0013379565785133617
1607.7406395796872,1607.7406395796872,0.9987788122309421,0.0013395777350149781
1607.747584143974,1607.747584143974,0.9989542872894551,0.0013395285460131485
1607.7545287082844,1607.7545287082844,0.9979369040269639,0.0013381020604255965
1607.7614732725365,1607.7614732725365,1.000883288504005,0.0013402486296552804
1607.7684178368113,1607.7684178368113,1.0008835013625317,0.0013400664790146394
1607.775362401075,1607.775362401075,1.0011234381405594,0.00133863972462137
1607.7823069653264,1607.7823069653264,1.0005180158209352,0.0013381928209828865
1607.7892515295785,1607.7892515295785,1.0003316509565308,0.0013375208046081583
1607.7961960938187,1607.7961960938187,0.9982086352242737,0.001337108143429804
1607.8031406580476,1607.8031406580476,0.9999201716501502,0.0013386133922358317
1607.8100852222765,1607.8100852222765,0.9985394146602158,0.0013400251371285864
1607.817029786493,1607.817029786493,1.000643693702189,0.001338903922680225
1607.8239743506986,1607.8239743506986,1.000569461418128,0.0013414317266582402
1607.830918914892,1607.830918914892,0.9999201611268941,0.001341025432506007
1607.8378634790859,1607.8378634790859,1.0001763497982834,0.001338917297141317
1607.8448080432797,1607.8448080432797,0.9994929272734788,0.0013370549748994583
1607.85175260745,1607.85175260745,1.000045788017062,0.0013385590230033306
1607.8586971716084,1607.8586971716084,0.9997100974164053,0.0013381786757255096
1607.865641735779,1607.865641735779,1.0009144049965,0.0013389637359127115
1607.8725862999381,1607.8725862999381,0.9988788382904115,0.0013393276015249834
1607.8795308640852,1607.8795308640852,0.9996056013113528,0.0013372949696201725
1607.8864754282204,1607.8864754282204,1.0016125097795971,0.0013396236869859383
1607.8934199923558,1607.8934199923558,1.0008190367780612,0.0013377601638603443
1607.900364556468,1607.900364556468,0.9999109963948406,0.001338956853396964
1607.9073091205805,1607.9073091205805,1.0000373801334186,0.0013373777269365364
1607.9142536846925,1607.9142536846925,0.9997159299067299,0.0013386009682550923
1607.9211982487932,1607.9211982487932,0.9994060768138766,0.00133843257216342
1607.9281428128818,1607.9281428128818,0.999687941331209,0.0013387316818110194
1607.9350873769592,1607.9350873769592,0.9989134467136985,0.0013379498112128648
1607.9420319410365,1607.9420319410365,1.0000894091106916,0.0013386363620442134
1607.9489765051019,1607.9489765051019,1.0001619659553114,0.0013386405351271304
1607.9559210691446,1607.9559210691446,0.9992910337300916,0.0013388270706658613
1607.9628656332102,1607.9628656332102,1.0019137786162804,0.0013386173739415807
1607.9698101972408,1607.9698101972408,1.001192795387426,0.0013386473829446728
1607.9767547612598,1607.9767547612598,0.998400045658028,0.0013368268881733237
1607.983699325279,1607.983699325279,1.000003584568356,0.001337685829383305
1607.990643889298,1607.990643889298,1.0005018786416293,0.0013406580423254507
1607.9975884533167,1607.9975884533167,1.0004649381406097,0.0013382188694955328
1608.004533017301,1608.004533017301,0.9994378170797145,0.0013384177306306362
1608.0114775812967,1608.0114775812967,0.9994671912008755,0.0013392734222691747
1608.0184221452696,1608.0184221452696,1.0005813017740106,0.0013383705951222483
1608.025366709242,1608.025366709242,0.998550340704683,0.001337568467298098
1608.0323112732028,1608.0323112732028,1.0009067790675223,0.0013377465018883665
1608.0392558371636,1608.0392558371636,1.001001057217596,0.0013405187495215784
1608.046200401101,1608.046200401101,1.0000941515547903,0.001339639779382801
1608.0531449650387,1608.0531449650387,0.9998327345113014,0.0013398319360388438
1608.0600895289645,1608.0600895289645,1.000316699864967,0.0013380849412036053
1608.0670340928789,1608.0670340928789,0.9990325684553536,0.0013392027246578767
1608.0739786567815,1608.0739786567815,0.9982739866893446,0.0013386417169478225
1608.080923220684,1608.080923220684,1.0000304291133588,0.0013389169713876378
1608.0878677845635,1608.0878677845635,1.0006247124430954,0.0013385077094559504
1608.0948123484663,1608.0948123484663,1.0026917848832249,0.0013379144168963314
1608.1017569123342,1608.1017569123342,0.9993940311656704,0.0013376523890886545
1608.1087014761783,1608.1087014761783,1.0002676318817472,0.0013378486890363692
1608.1156460400343,1608.1156460400343,1.0012057441243722,0.0013374876550333466
1608.1225906038787,1608.1225906038787,0.9997157116335929,0.001337491458942263
1608.1295351677231,1608.1295351677231,0.9996784605073948,0.0013377787055435092
1608.1364797315443,1608.1364797315443,1.0005880462574788,0.001340335947474337
1608.143424295354,1608.143424295354,0.9999938744867178,0.0013398298735751155
1608.1503688591633,1608.1503688591633,0.9997556823531184,0.0013380641774566704
1608.1573134229495,1608.1573134229495,0.9994662535475394,0.0013378414379165812
1608.1642579867475,1608.1642579867475,0.999494225146926,0.0013381293091172285
1608.1712025505226,1608.1712025505226,1.0008094461268386,0.0013398230266777954
1608.1781471142854,1608.1781471142854,0.9992433658207155,0.0013397156996651758
1608.1850916780481,1608.1850916780481,0.9996492837745684,0.0013395459256894753
1608.1920362417761,1608.1920362417761,1.0005311269587212,0.0013391967120150573
1608.1989808055273,1608.1989808055273,1.0000773853680902,0.0013391602538868864
1608.205925369255,1608.205925369255,1.0003401971465278,0.001338400434260392
1608.21286993296,1608.21286993296,1.0013633243248754,0.0013407128329130874
1608.2198144966878,1608.2198144966878,0.9991691582647106,0.0013386872757006232
1608.2267590603929,1608.2267590603929,0.9989248267196611,0.0013394297509112688
1608.2337036240856,1608.2337036240856,0.999466433613879,0.0013381963323378008
1608.2406481877556,1608.2406481877556,1.0005875800424193,0.0013379530901843483
1608.2475927514256,1608.2475927514256,1.0005998488042196,0.0013382853341597954
1608.2545373150838,1608.2545373150838,1.0003892437105506,0.0013382381702147336
1608.2614818787301,1608.2614818787301,0.9999511004817283,0.0013398684108223518
1608.2684264423765,1608.2684264423765,0.9995976014804899,0.001339315028274528
1608.275371006,1608.275371006,1.0007640509162261,0.0013388119009870904
1608.2823155696112,1608.2823155696112,0.9987772570878652,0.001338306104761385
1608.289260133223,1608.289260133223,0.9990905723878782,0.0013394569079242687
1608.296204696823,1608.296204696823,0.9997823290908967,0.0013376774588323172
1608.303149260423,1608.303149260423,1.0006429168050117,0.0013393520440617116
1608.3100938239882,1608.3100938239882,1.0009008853507593,0.001339379667355908
1608.317038387553,1608.317038387553,1.0002391841241334,0.0013385924118138257
1608.3239829511065,1608.3239829511065,1.00008532308668,0.0013381717233011555
1608.3309275146482,1608.3309275146482,1.0001138275048205,0.0013397816909928126
1608.3378720781782,1608.3378720781782,0.9999217300590019,0.001339452905332199
1608.3448166417197,1608.3448166417197,1.0000208278743083,0.0013401609311968195
1608.3517612052265,1608.3517612052265,0.9989075266793392,0.0013380876383800085
1608.3587057687334,1608.3587057687334,0.9985072698015331,0.0013380038341550464
1608.365650332229,1608.365650332229,1.001557821292942,0.0013394189850922927
1608.372594895701,1608.372594895701,1.0016533440163164,0.0013390458242664952
1608.3795394591725,1608.3795394591725,1.0000312629517065,0.0013393892622799526
1608.3864840226329,1608.3864840226329,0.9984770485256614,0.0013397100376870087
1608.3934285861046,1608.3934285861046,1.001204559254374,0.001339609436808277
1608.4003731495418,1608.4003731495418,0.9992826961296821,0.001339433792080293
1608.4073177129555,1608.4073177129555,1.0000896227410485,0.001339704561336732
1608.4142622763575,1608.4142622763575,0.9984620214281493,0.001339827263349872
1608.4212068397715,1608.4212068397715,1.0000932274318766,0.0013383671729593843
1608.428151403173,1608.428151403173,1.0005401373732563,0.0013382476312837868
1608.4350959665521,1608.4350959665521,0.999453633957392,0.0013402246843084607
1608.4420405299188,1608.4420405299188,1.0017229496538897,0.0013379878320274922
1608.4489850932862,1608.4489850932862,0.9991093876933095,0.0013399523618140316
1608.4559296566301,1608.4559296566301,1.0007290861229106,0.001340257116555967
1608.4628742199736,1608.4628742199736,1.0013723231910088,0.0013393901140390774
1608.4698187832942,1608.4698187832942,0.9982631040363632,0.0013401828574935702
1608.476763346603,1608.476763346603,0.9992202419342966,0.0013388016305581445
1608.4837079099239,1608.4837079099239,1.0008756578967033,0.001341399291071202
1608.4906524732214,1608.4906524732214,0.9995949278424667,0.0013398674238527379
1608.4975970364837,1608.4975970364837,1.0006732962908464,0.0013389504163758043
1608.5045415997574,1608.5045415997574,1.0009351576764194,0.00133898100855513
1608.5114861630195,1608.5114861630195,0.9996031153876019,0.001338811672644314
1608.5184307262587,1608.5184307262587,0.9997577687695653,0.0013407845427808487
1608.5253752895098,1608.5253752895098,0.9985775597268048,0.0013403606323811746
1608.5323198527253,1608.5323198527253,0.9981825859543048,0.0013393159492529148
1608.5392644159297,1608.5392644159297,1.001121073008368,0.0013393043203614385
1608.5462089791333,1608.5462089791333,1.001020359834208,0.0013411290222344334
1608.5531535423145,1608.5531535423145,1.0008180777552356,0.0013431510077846092
1608.5600981055068,1608.5600981055068,1.0005518082306306,0.00133920998856484
1608.567042668653,1608.567042668653,0.998837787854821,0.0013400194829661948
1608.5739872317986,1608.5739872317986,1.0005090115219564,0.001338840325514917
1608.5809317949447,1608.5809317949447,0.9995407025000349,0.001340145296635085
1608.5878763580904,1608.5878763580904,0.9985740541641336,0.0013389134376198919
1608.5948209212015,1608.5948209212015,1.0012910404355921,0.0013391517057944808
1608.6017654843126,1608.6017654843126,1.0001979801133776,0.001342246375261406
1608.6087100474,1608.6087100474,1.000641052772643,0.0013399000664041346
1608.6156546104764,1608.6156546104764,1.0019201547685228,0.001338404316686313
1608.6225991735523,1608.6225991735523,0.9986941364719415,0.0013397463133212968
1608.6295437365939,1608.6295437365939,0.9992028853026682,0.0013394964962890942
1608.6364882996463,1608.6364882996463,0.9997404132749923,0.0013394450312765186
1608.643432862676,1608.643432862676,0.9998369141487643,0.0013394928884735689
1608.6503774256937,1608.6503774256937,0.9983114193406607,0.0013375086178678288
1608.6573219886882,1608.6573219886882,1.0004920920280955,0.0013403427713538096
1608.6642665516945,1608.6642665516945,1.0000792149576208,0.001339530213236073
1608.6712111146892,1608.6712111146892,1.000675300671969,0.0013391520053580728
1608.6781556776484,1608.6781556776484,1.0011551212395182,0.001339024565945323
1608.685100240597,1608.685100240597,1.000796516094661,0.0013392570768005455
1608.6920448035567,1608.6920448035567,0.9991651976899399,0.0013393867605607122
1608.698989366481,1608.698989366481,0.9998235018136519,0.001339090320416709
1608.7059339294058,1608.7059339294058,0.9997287234008383,0.001340427092413314
1608.7128784923189,1608.7128784923189,0.9982025627550662,0.001339732256560115
1608.7198230552083,1608.7198230552083,0.9997971007097931,0.0013415073117909319
1608.7267676180986,1608.7267676180986,0.9999447732722816,0.0013399315171858308
1608.7337121809535,1608.7337121809535,1.001777156057154,0.0013391808482887217
1608.7406567438084,1608.7406567438084,1.0008182162779833,0.0013393958703847686
1608.7476013066632,1608.7476013066632,0.9997676565736391,0.0013409113642138643
1608.7545458694947,1608.7545458694947,0.9996862650201133,0.0013410727797595397
1608.761490432315,1608.761490432315,1.0001890718637951,0.0013410603876992551
1608.7684349951112,1608.7684349951112,1.0017433919826069,0.0013414076328166873
1608.7753795579085,1608.7753795579085,0.9997177181313855,0.0013412374546163649
1608.7823241206816,1608.7823241206816,0.9981215679787544,0.0013400436553541518
1608.7892686834668,1608.7892686834668,0.9998723159580603,0.0013398389629452221
1608.7962132462048,1608.7962132462048,0.9999004459474611,0.0013407026448399692
1608.8031578089547,1608.8031578089547,0.9985707132583524,0.0013395712097406109
1608.8101023716702,1608.8101023716702,0.9998593960263475,0.0013393049339987763
1608.8170469343854,1608.8170469343854,0.9999113104955549,0.0013405839027638192
1608.8239914970889,1608.8239914970889,1.0006420475455182,0.001339857028651184
1608.830936059781,1608.830936059781,0.9994855805836822,0.001340730375637093
1608.837880622461,1608.837880622461,1.0032998972095073,0.00134013079890718
1608.8448251851182,1608.8448251851182,0.9996549626472306,0.0013404806580127081
1608.851769747775,1608.851769747775,1.0010772614447585,0.001340116158952322
1608.858714310409,1608.858714310409,0.9982645465438169,0.0013392551510546442
1608.8656588730307,1608.8656588730307,0.9987951539288591,0.001340644086324496
1608.8726034356414,1608.8726034356414,0.9995581334436829,0.0013399213131555544
1608.8795479982282,1608.8795479982282,1.0018249567367503,0.0013422403722368752
1608.8864925608273,1608.8864925608273,1.000211329147608,0.0013399555748448157
1608.8934371234143,1608.8934371234143,0.9985915546637157,0.0013396987984547202
1608.9003816859547,1608.9003816859547,0.9985815690013524,0.0013401026531956455
1608.907326248484,1608.907326248484,1.0011842994647506,0.0013410519556352801
1608.9142708110244,1608.9142708110244,1.000486754523384,0.001339357565500171
1608.9212153735418,1608.9212153735418,0.9999845731508079,0.0013402220948379626
1608.928159936047,1608.928159936047,1.0002193279269433,0.001340685422678135
1608.9351044985412,1608.9351044985412,1.0004565956615241,0.0013400346803181733
1608.9420490610119,1608.9420490610119,1.001125081303669,0.0013415263800491864
1608.9489936234822,1608.9489936234822,0.9994785687029919,0.0013408800576096389
1608.95593818593,1608.95593818593,1.000055191538268,0.0013414373743067518
1608.962882748366,1608.962882748366,0.9990515694684493,0.0013403353474399388
1608.9698273107897,1608.9698273107897,0.9996455528065324,0.0013418133171051927
1608.9767718732026,1608.9767718732026,0.9990029430054198,0.001339662286772319
1608.9837164355918,1608.9837164355918,0.9985509099770924,0.001341328082290504
1608.990660997981,1608.990660997981,1.0028751291878195,0.0013424856697092742
1608.9976055603468,1608.9976055603468,0.9995608714849264,0.0013422566119995955
1609.0045501227128,1609.0045501227128,1.001189591330274,0.0013422417057457844
1609.011494685055,1609.011494685055,0.9983572959260038,0.0013413851628690477
1609.0184392473864,1609.0184392473864,0.999630596970358,0.0013405366334677507
1609.0253838096937,1609.0253838096937,1.0018621307485476,0.0013397946516258944
1609.0323283720131,1609.0323283720131,1.000062636349726,0.0013423000757643365
1609.0392729342861,1609.0392729342861,0.9988281760706391,0.0013410820112720137
1609.046217496559,1609.046217496559,0.998803227217491,0.0013397030315238103
1609.0531620588317,1609.0531620588317,1.0012383039796737,0.0013397671984710271
1609.0601066210925,1609.0601066210925,1.0017683624110698,0.001342301853157323
1609.067051183319,1609.067051183319,0.9990214382387121,0.0013403245494747172
1609.0739957455455,1609.0739957455455,0.9996271300754266,0.0013408305976629006
1609.0809403077603,1609.0809403077603,0.9998590969868857,0.0013394808312363548
1609.087884869951,1609.087884869951,0.9991258451185349,0.0013406625652030975
1609.0948294321427,1609.0948294321427,0.9993762907358625,0.0013404063179951826
1609.1017739943104,1609.1017739943104,1.0011336449742134,0.0013404533093468371
1609.108718556467,1609.108718556467,0.9994957865460858,0.0013412527017133743
1609.1156631186,1609.1156631186,1.0042913761028143,0.0013443381463204116
1609.1226076807332,1609.1226076807332,1.000743453651817,0.0013401470644943691
1609.1295522428543,1609.1295522428543,0.998210089006838,0.0013394476065450556
1609.1364968049645,1609.1364968049645,1.0003633477100642,0.001340022776315294
1609.1434413670625,1609.1434413670625,0.9987869246519034,0.0013402127176998743
1609.1503859291374,1609.1503859291374,1.0008379762797854,0.0013410072202548987
1609.1573304912006,1609.1573304912006,1.000385496145919,0.0013422098379175349
1609.1642750532524,1609.1642750532524,0.9976745232153477,0.0013412274765241896
1609.1712196152919,1609.1712196152919,1.0020950028906914,0.001343390618977426
1609.1781641773202,1609.1781641773202,1.0007142213308238,0.0013437092310638365
1609.185108739337,1609.185108739337,1.0007162772239095,0.001341321745599916
1609.1920533013188,1609.1920533013188,0.9988267154271846,0.0013415391139314256
1609.198997863301,1609.198997863301,0.9987479745050056,0.0013411167369321668
1609.2059424252827,1609.2059424252827,0.9991321209877247,0.0013403419043779572
1609.2128869872643,1609.2128869872643,1.0007593088659117,0.001341502969258732
1609.2198315492228,1609.2198315492228,1.0005432704998911,0.0013461240652497231
1609.226776111158,1609.226776111158,0.9988790518061597,0.0013403083303025905
1609.2337206730813,1609.2337206730813,1.0012202647574624,0.0013425952565322662
1609.2406652349935,1609.2406652349935,1.001609685374552,0.0013442967779957794
1609.2476097969052,1609.2476097969052,1.0007286270690874,0.001341226849350689
1609.2545543587821,1609.2545543587821,1.0007874725607597,0.0013421061998728347
1609.2614989206709,1609.2614989206709,0.997728592344736,0.0013408834421278957
1609.2684434825246,1609.2684434825246,0.9980675073122072,0.001340621543415249
1609.2753880443895,1609.2753880443895,1.0006540999685534,0.0013420960612675202
1609.28233260622,1609.28233260622,1.0002920377294044,0.001342879668775522
1609.2892771680622,1609.2892771680622,1.0006334331118902,0.0013436350502298963
1609.2962217298696,1609.2962217298696,0.9999831082120657,0.0013429801880630438
1609.3031662916765,1609.3031662916765,1.0005638053396182,0.0013421026724077614
1609.310110853472,1609.310110853472,0.9991513652809061,0.0013428322753149741
1609.3170554152555,1609.3170554152555,0.9999874339715376,0.001342788785932365
1609.3239999770278,1609.3239999770278,1.0004095314873394,0.0013426169959320164
1609.3309445387888,1609.3309445387888,0.9995354189948094,0.0013428119464817144
1609.3378891005375,1609.3378891005375,0.99889113142569,0.0013428998575071803
1609.344833662275,1609.344833662275,1.0016856292894247,0.0013415654976515388
1609.3517782239887,1609.3517782239887,0.9989928271724535,0.0013418882680589835
1609.3587227857377,1609.3587227857377,1.0010535057792525,0.0013441642038969038
1609.3656673474281,1609.3656673474281,0.9992960894450096,0.0013414342619488117
1609.372611909119,1609.372611909119,1.0007659349186406,0.0013422942270242557
1609.3795564708096,1609.3795564708096,0.9997927676759744,0.0013401167308427482
1609.3865010325007,1609.3865010325007,1.000926451720355,0.0013420401796956877
1609.3934455941446,1609.3934455941446,0.9988792146650948,0.001342003954492788
1609.4003901558121,1609.4003901558121,1.0014571543510489,0.001341993698972567
1609.407334717456,1609.407334717456,0.998139151870477,0.0013421913504454517
1609.4142792790888,1609.4142792790888,1.0003210768601083,0.001342748258516619
1609.4212238407213,1609.4212238407213,0.9982693180664868,0.0013405395564895465
1609.4281684023306,1609.4281684023306,1.0003817208856312,0.001345264293108863
1609.435112963951,1609.435112963951,1.000180235035875,0.0013416102047897293
1609.4420575255374,1609.4420575255374,1.0013081660442325,0.0013431446746732956
1609.4490020871344,1609.4490020871344,1.000443495490381,0.0013436455786915555
1609.4559466487322,1609.4559466487322,1.0004301471892851,0.0013426866129491893
1609.4628912103062,1609.4628912103062,0.9999872263920405,0.0013432085545582672
1609.4698357718694,1609.4698357718694,0.9991141962086253,0.0013444746475043
1609.476780333432,1609.476780333432,1.000592054626908,0.001342946464143766
1609.4837248949946,1609.4837248949946,1.000812342854597,0.0013443334836906347
1609.4906694565343,1609.4906694565343,0.9959580124270918,0.0013425535788018034
1609.4976140180731,1609.4976140180731,0.9981245779018391,0.001343686537318527
1609.5045585796008,1609.5045585796008,1.0021729955765502,0.001347646190117951
1609.5115031411285,1609.5115031411285,1.0013288069062334,0.0013447654700183666
1609.5184477026448,1609.5184477026448,0.9999152434154309,0.0013430918179566044
1609.525392264161,1609.525392264161,1.0003751572370418,0.0013440131218195662
1609.5323368256654,1609.5323368256654,0.9991981066794903,0.0013429861438597397
1609.53928138717,1609.53928138717,1.0000300338704942,0.001342694678944547
1609.546225948674,1609.546225948674,1.0013568413141873,0.001343226994471086
1609.5531705101553,1609.5531705101553,0.9983754495680573,0.0013430752333854407
1609.5601150716482,1609.5601150716482,1.00047664743539,0.0013434666998716042
1609.5670596331177,1609.5670596331177,0.9998953815632821,0.0013419858372825826
1609.5740041946106,1609.5740041946106,0.999593239727606,0.001343007356683584
1609.5809487560798,1609.5809487560798,0.9983348838949944,0.0013434350781054132
1609.5878933175495,1609.5878933175495,1.0017786202162298,0.0013463313740254106
1609.5948378790188,1609.5948378790188,1.0010039965091755,0.0013441211195586837
1609.6017824405,1609.6017824405,1.0002329385805235,0.0013457462629687732
1609.6087270019696,1609.6087270019696,1.000490404085621,0.0013443915008198141
1609.6156715634277,1609.6156715634277,0.9991700600360043,0.0013440963518859751
1609.6226161248853,1609.6226161248853,0.9996861475973258,0.0013454785817336111
1609.6295606863546,1609.6295606863546,0.9983196355596459,0.0013437315370284533
1609.6365052478127,1609.6365052478127,0.9998647976229293,0.0013447325275691758
1609.6434498092701,1609.6434498092701,0.999493986568389,0.001345896956984009
1609.6503943707403,1609.6503943707403,1.001089448436017,0.0013459566318725419
1609.657338932198,1609.657338932198,1.0013869491269611,0.0013450894924685027
1609.6642834936677,1609.6642834936677,0.9996751580007128,0.0013436824752385151
1609.6712280551371,1609.6712280551371,0.9992869335966308,0.0013436558582788408
1609.6781726166064,1609.6781726166064,1.000151579512357,0.0013433432249788766
1609.6851171780759,1609.6851171780759,1.0009562293371845,0.0013441751294470845
1610.292628883993,1610.292628883993,0.999032097255949,0.0014078976701267126
1612.701842038911,1612.701842038911,0.9998814775609531,0.0016328142046195325
1612.7087866264692,1612.7087866264692,1.001086534023188,0.0016315186644813538
1612.715731214039,1612.715731214039,1.001122432838018,0.0016306470626332634
1612.722675801632,1612.722675801632,0.9981857729089993,0.001628291310868974
1612.72962038919,1612.72962038919,0.9996907766436047,0.0016289324883154998
1612.7365649767596,1612.7365649767596,1.000690721974313,0.0016280303156548496
1612.743509564353,1612.743509564353,0.9996796630310367,0.0016269702024179714
1612.7504541519459,1612.7504541519459,0.9990709965139988,0.0016264414411395148
1612.7573987394921,1612.7573987394921,1.001195543175297,0.0016265359017480802
1612.7643433270737,1612.7643433270737,1.0009520042964215,0.0016224577783241576
1612.7712879146663,1612.7712879146663,1.0006627871565374,0.0016225532064437856
1612.7782325022595,1612.7782325022595,0.9991331827926675,0.0016195366655134638
1612.7851770898524,1612.7851770898524,0.9994722957432332,0.001619039079673089
1612.7921216774455,1612.7921216774455,1.0007856297550188,0.001618577630627898
1612.7990662650386,1612.7990662650386,1.001317023804145,0.0016179514828982265
1612.8060108525733,1612.8060108525733,0.9969148648287611,0.0016153701564327282
1612.8129554401662,1612.8129554401662,1.0003489175489306,0.0016133789569910382
1612.8199000277596,1612.8199000277596,0.9990402925652357,0.00161301992521618
1612.8268446153525,1612.8268446153525,0.9984033586521465,0.0016124851064008734
1612.8337892029454,1612.8337892029454,0.9994418216377202,0.0016106423345872843
1612.8407337905383,1612.8407337905383,1.0001238925626976,0.001608876615209194
1612.8476783781311,1612.8476783781311,1.0009831938480906,0.0016079909245084762
1612.8546229657245,1612.8546229657245,0.9989345161907044,0.0016063914611493834
1612.8615675533176,1612.8615675533176,1.0012483044792568,0.001605005297628893
1612.8685121409103,1612.8685121409103,1.0010648919036886,0.0016033941024304397
1612.8754567285152,1612.8754567285152,0.9996381133099623,0.0016016331194316576
1612.8824013161548,1612.8824013161548,0.9996238652307469,0.001601812948152173
1612.8893459037477,1612.8893459037477,1.0004226443264945,0.001600487008057698
1612.896290491341,1612.896290491341,0.9986762077713583,0.0015977200084124916
1612.9032350789337,1612.9032350789337,1.0002441923671876,0.0015980015984754892
1612.9101796665266,1612.9101796665266,0.9977070473442684,0.001594971504353952
1612.9171242541197,1612.9171242541197,1.0011812894299115,0.0015917843686911518
1612.9240688417126,1612.9240688417126,1.0000271804230312,0.0015921176464401819
1612.9310134293053,1612.9310134293053,1.0018213462618348,0.0015890306553249627
1612.9379580169566,1612.9379580169566,1.0011687781201726,0.0015890642765014607
1612.9449026045497,1612.9449026045497,0.9989515789296721,0.0015854134274891484
1612.9518471921426,1612.9518471921426,1.0002809452490098,0.0015839988048093636
1612.9587917797357,1612.9587917797357,0.9983114789648166,0.0015811181334032004
1612.9657363673289,1612.9657363673289,0.9996581805056008,0.0015806733555110974
1612.9726809549568,1612.9726809549568,1.0016590021790182,0.0015784245133591667
1612.979625542573,1612.979625542573,0.9995536771853661,0.0015770334268725501
1612.986570130166,1612.986570130166,0.9986528118653727,0.00157563700682038
1612.993514717759,1612.993514717759,1.0026829937648905,0.0015756454717090098
1613.0004593053518,1613.0004593053518,0.9999147360669998,0.0015702880991518378
1613.007403893003,1613.007403893003,1.0012573141741494,0.0015708719450593823
1613.0143484805963,1613.0143484805963,0.9989063400406376,0.0015660338942165592
1613.0212930681894,1613.0212930681894,1.000253293490557,0.0015650839494148771
1613.0282376557823,1613.0282376557823,0.9987378185128837,0.0015627986544266125
1613.0351822434332,1613.0351822434332,0.9998425433405913,0.0015605401715063653
1613.0421268310267,1613.0421268310267,1.0016664918453069,0.001558555241403799
1613.0490714186194,1613.0490714186194,1.0000610523675983,0.0015570929954045382
1613.0560160062128,1613.0560160062128,0.9985802527182717,0.0015557445053979353
1613.0629605938636,1613.0629605938636,1.0020700843380688,0.0015555169884325765
1613.0699051814568,1613.0699051814568,0.9993424624330114,0.0015521300553715304
1613.0768497690497,1613.0768497690497,1.0001797395251066,0.0015489579697287605
1613.0837943566657,1613.0837943566657,0.9989280455315013,0.001547840513274711
1613.0907389442937,1613.0907389442937,0.999508104795013,0.0015465987614979014
1613.097683531887,1613.097683531887,1.002345942280018,0.001543888507730145
1613.10462811948,1613.10462811948,0.9989568066843578,0.001543673714491963
1613.1115727071078,1613.1115727071078,0.999538395359807,0.0015406668713116155
1613.1185172947237,1613.1185172947237,0.998868103791786,0.0015404216178933816
1613.1254618823173,1613.1254618823173,0.9990837192285191,0.0015370997404944942
1613.1324064699097,1613.1324064699097,1.0017757486642462,0.0015366689999469286
1613.139351057561,1613.139351057561,1.0005514097601265,0.0015370234621411819
1613.1462956451542,1613.1462956451542,0.998898292881646,0.0015352470104415485
1613.1532402327473,1613.1532402327473,1.0011335194479947,0.00153492210683204
1613.1601848203634,1613.1601848203634,0.9993891333763394,0.0015327167001591387
1613.1671294079915,1613.1671294079915,0.9995827199782461,0.0015341209969477738
1613.1740739955844,1613.1740739955844,1.0001642258144392,0.0015307127145650777
1613.1810185831773,1613.1810185831773,1.0009197133078085,0.0015312084262343632
1613.187963170817,1613.187963170817,0.9983069987037935,0.0015295241402740606
1613.1949077584216,1613.1949077584216,1.00137226977998,0.0015305678359779167
1613.2018523460144,1613.2018523460144,1.0002990523346826,0.0015293212926471241
1613.2087969336076,1613.2087969336076,1.0004706793071203,0.001527559030847404
1613.215741521247,1613.215741521247,0.9976354807220347,0.0015255557494458136
1613.2226861088516,1613.2226861088516,1.0002720361677735,0.001524785165560668
1613.2296306964442,1613.2296306964442,1.0015047719213115,0.0015227781047311728
1613.2365752840376,1613.2365752840376,0.9991838579837573,0.0015218701018191473
1613.243519871677,1613.243519871677,0.9983002820419966,0.0015230809016166563
1613.2504644592816,1613.2504644592816,1.0019031904149345,0.0015183599602906705
1613.2574090468747,1613.2574090468747,0.9998761118675988,0.0015180789525006053
1613.2643536344676,1613.2643536344676,0.9995312567778342,0.0015156259721889364
1613.2712982220958,1613.2712982220958,0.9995555299891992,0.0015138384361955862
1613.278242809712,1613.278242809712,1.001036062598328,0.0015136690790068428
1613.285187397305,1613.285187397305,1.0008193840553818,0.0015118933886687697
1613.2921319848979,1613.2921319848979,1.000113020896747,0.0015106174794249233
1613.2999099230024,1613.2999099230024,0.9997973114767656,0.001506826417052511
1613.3074100776605,1613.3074100776605,1.0011893334979205,0.0015078110253775446
1613.3143546652539,1613.3143546652539,0.9958111541081948,0.0015046127088709723
1613.321299252847,1613.321299252847,0.998287756529102,0.0015029552961205736
1613.3282438404397,1613.3282438404397,0.9994083277389916,0.0015008494949951792
1613.3351884280328,1613.3351884280328,1.000148042752583,0.0015002445589656081
1613.342133015661,1613.342133015661,0.9987078632104047,0.0014976448700261622
1613.3490776032772,1613.3490776032772,1.0033621100932284,0.0014981691481101046
1613.3560221908697,1613.3560221908697,1.0008139775633638,0.0014958240265961322
1613.3629667784626,1613.3629667784626,1.0000674552260516,0.0014934479045715097
1613.3699113660555,1613.3699113660555,0.9993223148874663,0.0014908716049516712
1613.3768559536488,1613.3768559536488,0.9987000551718441,0.0014910370925414053
1613.3838005412417,1613.3838005412417,0.9970570431853932,0.0014885081113305506
1613.3907451288578,1613.3907451288578,1.0003291507226393,0.001485761838944813
1613.397689716486,1613.397689716486,0.999676536071686,0.0014839813031891163
1613.404634304079,1613.404634304079,1.0000026020493777,0.0014824243659648292
1613.411578891672,1613.411578891672,1.0020790625657972,0.0014819181547242248
1613.4185234792649,1613.4185234792649,1.0026009936927942,0.0014794464027732429
1613.425468066858,1613.425468066858,0.9977854018222179,0.0014783968673015547
1613.4324126544511,1613.4324126544511,1.0016066828979442,0.0014759589767263583
1613.4393572420438,1613.4393572420438,0.9993604149967708,0.0014748731880019949
1613.446301829637,1613.446301829637,0.998197417123826,0.0014779122965654942
1613.4532464172298,1613.4532464172298,0.9990778315999688,0.0014737139301988808
1613.4601910048227,1613.4601910048227,1.0008890119589502,0.0014726968012708918
1613.4671355924158,1613.4671355924158,1.0002350374988747,0.0014713687914828923
1613.474080180009,1613.474080180009,0.9991853906812113,0.0014697984484930867
1613.4810247676019,1613.4810247676019,1.0038251778479494,0.001471067985278416
1613.4879693551945,1613.4879693551945,1.001862350379253,0.0014699860962891532
1613.4949139427881,1613.4949139427881,0.9970289603642458,0.0014688093069160125
1613.5018585303806,1613.5018585303806,0.9993745874426292,0.001469988944384027
1613.5088031179737,1613.5088031179737,1.0021959865842236,0.0014696363431093054
1613.5157477055668,1613.5157477055668,0.998784903140977,0.001467850958175955
1613.5226922931597,1613.5226922931597,0.9989889982438817,0.0014672305110685834
1613.5296368807528,1613.5296368807528,1.000917616828917,0.0014671168392849392
1613.5365814683457,1613.5365814683457,1.000546879228445,0.0014673584060664025
1613.5435260559384,1613.5435260559384,0.9986886856213039,0.0014684947044575395
1613.5504706435318,1613.5504706435318,1.0016753125861706,0.001469421458333487
1613.5574152311244,1613.5574152311244,1.00180487694393,0.001468158747093635
1613.5643598187178,1613.5643598187178,0.99971909695373,0.001467393710210111
1613.5713044062873,1613.5713044062873,0.9994658228188176,0.001467473589620948
1613.5782489938454,1613.5782489938454,0.9975817010272372,0.001466606375676804
1613.5851935814385,1613.5851935814385,1.0001782722185282,0.0014677948852951648
1613.5921381690314,1613.5921381690314,0.9999487081591607,0.0014691103023726873
1613.5990827566243,1613.5990827566243,1.000757879105372,0.0014680466366742222
1613.6060273442172,1613.6060273442172,1.0012821325245072,0.0014684885982197168
1613.6129719317985,1613.6129719317985,0.9988672928163249,0.0014678945781063297
1613.6199165193452,1613.6199165193452,0.999202750409594,0.0014670764322633743
1613.626861106938,1613.626861106938,0.9997010097590874,0.0014663999469957487
1613.633805694531,1613.633805694531,1.0019188313300762,0.0014661576681839809
1613.640750282124,1613.640750282124,0.9991400476971961,0.0014666249451048643
1613.6476948696818,1613.6476948696818,0.9994886720244223,0.0014659005111503332
1613.654639457252,1613.654639457252,1.000131958050488,0.0014647278246581203
1613.6615840448444,1613.6615840448444,1.0002864296145482,0.0014659619163971062
1613.6685286324378,1613.6685286324378,1.0008164282374503,0.00146580754699318
1613.6754732199724,1613.6754732199724,0.9992744818756378,0.001464628716119193
1613.6824178075653,1613.6824178075653,0.9988450346894104,0.0014643403017438636
1613.6893623951582,1613.6893623951582,1.0003789158098648,0.001463316960201592
1613.6963069827166,1613.6963069827166,1.0027688583903434,0.0014649311321421163
1613.703251570286,1613.703251570286,0.9995375120174719,0.0014614938283098572
1613.710196157879,1613.710196157879,0.9979230059715949,0.001460626117139512
1613.7171407454252,1613.7171407454252,0.9998926279640553,0.0014625662904796718
1613.724085333007,1613.724085333007,0.9998652640488501,0.0014603947561518124
1613.731029920588,1613.731029920588,0.9993102565489485,0.0014585417834741517
1613.7379745081344,1613.7379745081344,0.9999058847090316,0.0014593898361148238
1613.7449190957273,1613.7449190957273,1.000439486289696,0.0014578082203679777
1613.7518636832735,1613.7518636832735,1.0000272244113253,0.0014585817569197238
1613.7588082708555,1613.7588082708555,1.0000473853586151,0.0014571091827219316
1613.7657528584248,1613.7657528584248,0.9995386779416213,0.0014566601686899928
1613.772697445983,1613.772697445983,1.0004286439357233,0.0014577914976330118
1613.7796420335526,1613.7796420335526,0.9996457052263008,0.0014571703282635236
1613.786586621111,1613.786586621111,1.0004237780262053,0.0014573503552854806
1613.793531208692,1613.793531208692,1.001138339096776,0.001457722167204951
1613.8004757962385,1613.8004757962385,0.999847349129733,0.0014565902705094796
1613.8074203838082,1613.8074203838082,0.9994869420344431,0.0014564555789845308
1613.8143649713663,1613.8143649713663,0.9983637771597358,0.001456679843180003
1613.8213095589242,1613.8213095589242,0.9988211309698917,0.0014564495761682603
1613.828254146494,1613.828254146494,0.9978107230544007,0.0014581843889546419
1613.8351987340407,1613.8351987340407,1.0005016407809701,0.001457873859628821
1613.8421433216217,1613.8421433216217,1.0014657687284998,0.0014584654204802825
1613.8490879091564,1613.8490879091564,1.0005295607635545,0.001458369502991754
1613.8560324967261,1613.8560324967261,1.0007934872250335,0.001459410867223701
1613.862977084284,1613.862977084284,0.9995328513881132,0.0014567550675973202
1613.869921671831,1613.869921671831,0.9991296098939063,0.001458559061957315
1613.8768662593884,1613.8768662593884,0.9996771183038031,0.0014576982335419923
1613.8838108469467,1613.8838108469467,1.0016456840327752,0.0014572086038142106
1613.8907554344926,1613.8907554344926,0.9978901010503429,0.0014560887509988073
1613.8977000220511,1613.8977000220511,1.000470817302165,0.0014569407034289695
1613.9046446096092,1613.9046446096092,1.0008144320376597,0.001458864030854563
1613.911589197144,1613.911589197144,1.0007021696977008,0.0014573646619256643
1613.9185337847023,1613.9185337847023,1.0019515542112922,0.0014592847081853003
1613.9254783722483,1613.9254783722483,0.9976767959775008,0.001456111040671004
1613.9324229598067,1613.9324229598067,0.9991616426959204,0.0014579199615962525
1613.9452010008845,1613.9452010008845,0.9993163531107209,0.0014554430910514486
1613.9560345574594,1613.9560345574594,1.0015367739314527,0.0014538654142311406
1613.962979145006,1613.962979145006,1.0004589123245613,0.0014515870690041742
1613.9699237325524,1613.9699237325524,1.0007097614431362,0.0014535917871675425
1613.9768683200987,1613.9768683200987,0.9992270445378255,0.001452497032410328
1613.9838129076336,1613.9838129076336,1.0005038776459345,0.001451276679934791
1613.99075749518,1613.99075749518,0.9994526399759532,0.0014526398864140777
1613.9988132167066,1613.9988132167066,0.9986668333126177,0.0014496746837136996
1614.0074245052747,1614.0074245052747,1.0005898971636498,0.0014506491601021941
1614.0157580103169,1614.0157580103169,0.9992883411936866,0.001448566765386039
1614.0227025978631,1614.0227025978631,1.000768313010289,0.001448059815900758
1614.0296471853978,1614.0296471853978,0.9991223797338078,0.0014460435328570562
1614.0365917729325,1614.0365917729325,1.0000132230212018,0.0014483948905049165
1614.0435363604672,1614.0435363604672,0.9990272000777676,0.0014464239861362545
1614.050480948002,1614.050480948002,1.0009081934746737,0.0014464737069524757
1614.0574255355368,1614.0574255355368,1.0005836407296005,0.0014443060454042236
1614.0643701230717,1614.0643701230717,0.9992918772987824,0.0014448148568423943
1614.0713147106064,1614.0713147106064,1.002466581972763,0.001443834191032338
1614.0782592981293,1614.0782592981293,0.999247516108715,0.001443475501401896
1614.0852038856642,1614.0852038856642,0.9993947211771058,0.0014413601653110175
1614.0921484731994,1614.0921484731994,0.9980770476074721,0.0014408542704867865
1614.0990930607222,1614.0990930607222,0.9997579783400322,0.0014399509895520318
1614.106037648257,1614.106037648257,1.0019795091517316,0.0014393010687051996
1614.1129822357798,1614.1129822357798,0.9995797236816811,0.001440217829471664
1614.119926823315,1614.119926823315,1.000690420961571,0.0014387366972593144
1614.1268714108262,1614.1268714108262,0.9998087472934454,0.0014390950645978508
1614.1338159983493,1614.1338159983493,1.0020516731941136,0.00143761074635813
1614.140760585884,1614.140760585884,0.9971868119796866,0.0014368118454833917
1614.1477051734075,1614.1477051734075,1.0011988260650257,0.001437376234385547
1614.1546497609302,1614.1546497609302,0.9995019938675537,0.0014368751863161624
1614.1615943484417,1614.1615943484417,0.9992973949567692,0.0014367265450615904
1614.168538935965,1614.168538935965,0.9988979589977598,0.0014356296987847864
1614.1754835234879,1614.1754835234879,1.0023955328873333,0.0014359957096154081
1614.182428111011,1614.182428111011,0.9982517871080429,0.0014364470852451946
1614.1893726985224,1614.1893726985224,1.001319200237087,0.0014358000097820386
1614.1968728530533,1614.1968728530533,1.0004710882091177,0.0014368790941996319
1614.204650791064,1614.204650791064,0.998885931175337,0.001434497537785261
1614.2115953785756,1614.2115953785756,0.9999208111161169,0.0014347891817040718
1614.218539966099,1614.218539966099,1.0008574810127635,0.0014361438958718196
1614.2254845536104,1614.2254845536104,0.9991783257392939,0.001433328713654655
1614.2324291411217,1614.2324291411217,0.999928217133793,0.0014334458622741594
1614.2393737286332,1614.2393737286332,1.0001976071946803,0.0014348787641568555
1614.2463183161442,1614.2463183161442,0.9997090452406863,0.001435911939744611
1614.2532629036564,1614.2532629036564,1.0012218971483058,0.001434467247405704
1614.2602074911674,1614.2602074911674,1.0012909879423437,0.0014336992599145093
1614.2671520786794,1614.2671520786794,1.000133771153792,0.0014319426949110777
1614.2740966661786,1614.2740966661786,0.9983966766016803,0.001432391251682596
1614.2810412536903,1614.2810412536903,0.9981393141048474,0.0014316895922991833
1614.2879858412016,1614.2879858412016,0.999818736463245,0.0014306114483331202
1614.2949304287017,1614.2949304287017,1.001341200078082,0.0014306913298363256
1614.3018750162132,1614.3018750162132,0.9989141600033203,0.001430611153323323
1614.308819603713,1614.308819603713,0.9987013944807804,0.0014287129635728248
1614.3157641912126,1614.3157641912126,1.0025398695817533,0.0014298877140039498
1614.3227087787122,1614.3227087787122,1.0013972357307805,0.0014289248926812514
1614.3296533662237,1614.3296533662237,0.9995873031977899,0.0014279255019012582
1614.3365979537239,1614.3365979537239,0.9989742503515604,0.0014254461424969534
1614.3435425412117,1614.3435425412117,0.9997170189110747,0.0014251777498011536
1614.3504871287118,1614.3504871287118,1.0007902387569745,0.0014242477598994407
1614.3574317162115,1614.3574317162115,0.9989420139879902,0.0014233539422042044
1614.364376303723,1614.364376303723,1.0009471475718075,0.0014226335581719561
1614.3713208912231,1614.3713208912231,0.9988314908756838,0.0014212683233806697
1614.3782654787112,1614.3782654787112,0.9985687776432426,0.0014188724998312973
1614.3852100661993,1614.3852100661993,1.0012823634679682,0.0014195210008506398
1614.3921546536874,1614.3921546536874,1.00029270273409,0.0014187166335174746
1614.3990992411873,1614.3990992411873,0.9998537839742546,0.0014177729204337692
1614.4060438286754,1614.4060438286754,1.00205028694612,0.0014167247541778708
1614.4129884161753,1614.4129884161753,0.9999922136909474,0.0014161541877125384
1614.4199330036633,1614.4199330036633,1.0007100958421902,0.0014176678139578617
1614.4268775911514,1614.4268775911514,0.9989235663123102,0.0014160251829215065
1614.4338221786395,1614.4338221786395,1.0010593201459765,0.0014149017185463603
1614.440766766128,1614.440766766128,0.9983293125446661,0.0014144820438627343
1614.4477113536163,1614.4477113536163,1.0012875441340852,0.0014161723983600535
1614.4546559411042,1614.4546559411042,1.0006153089869296,0.0014142612356650244
1614.4616005285925,1614.4616005285925,0.9987384347464479,0.0014147842792024774
1614.4685451160808,1614.4685451160808,0.997401945114539,0.0014129834954127237
1614.475489703557,1614.475489703557,1.0012533426375463,0.0014122535811234304
1614.4824342910338,1614.4824342910338,1.0010316485156094,0.001411977112946276
1614.4893788785216,1614.4893788785216,1.0018137039696087,0.0014125081553710602
1614.49632346601,1614.49632346601,1.0008057373285664,0.0014111346263013696
1614.5032680534866,1614.5032680534866,1.0003136240390453,0.0014119226371692793
1614.5102126409631,1614.5102126409631,0.9993781385149152,0.0014093362793591868
1614.5171572284398,1614.5171572284398,0.9992245618709867,0.0014102312459983804
1614.5241018159281,1614.5241018159281,1.0000016762881203,0.0014094367207157503
1614.5310464034044,1614.5310464034044,0.9994909907895831,0.0014093230703855532
1614.5379909908806,1614.5379909908806,1.0004036046987066,0.0014106182056264802
1614.5449355783578,1614.5449355783578,1.0008221237771515,0.001410050565604598
1614.5518801658338,1614.5518801658338,1.000607707247304,0.0014092750188977056
1614.5591025368026,1614.5591025368026,1.0008100987465667,0.0014097341178426006
1614.567158258271,1614.567158258271,0.9994725499091646,0.0014095266532711261
1614.5741028457473,1614.5741028457473,0.9984693744722615,0.0014085216781759822
1614.5810474332125,1614.5810474332125,0.9993161219926586,0.0014097016551070916
1614.5879920206771,1614.5879920206771,0.9992314985696146,0.0014084363414886094
1614.5949366081536,1614.5949366081536,0.9999691720560039,0.0014094389247608712
1614.60188119563,1614.60188119563,1.0020628277846397,0.0014107332648945253
1614.6088257830834,1614.6088257830834,1.0007960151792576,0.0014107026220955047
1614.6157703705599,1614.6157703705599,1.0001278869659063,0.001410588437466654
1614.622714958025,1614.622714958025,1.000374620373345,0.001410305746940093
1614.6296595454896,1614.6296595454896,0.9992356802538804,0.0014101303722344988
1614.6366041329543,1614.6366041329543,0.997673244444296,0.001410979354293302
1614.6435487204194,1614.6435487204194,1.0003604654517635,0.0014128716024849864
1614.6504933078843,1614.6504933078843,1.0003005830640057,0.0014117804493397348
1614.6577156788412,1614.6577156788412,0.9998054086713684,0.0014101767687544407
1614.6657714002977,1614.6657714002977,0.9982032477611001,0.0014103883400562577
1614.672715987763,1614.672715987763,1.0018705480164514,0.0014105505046134218
1614.6796605752158,1614.6796605752158,1.0011095455913208,0.001410582214562975
1614.686605162669,1614.686605162669,0.9989926726495192,0.0014102880470359424
1614.6935497501458,1614.6935497501458,1.0017582407268797,0.0014117788466201727
1614.700494337587,1614.700494337587,0.9982522022578284,0.0014089029863351683
1614.7074389250406,1614.7074389250406,1.0007577652435864,0.0014077432956955515
1614.714383512517,1614.714383512517,1.0010315732025095,0.0014085867942757566
1614.721328099959,1614.721328099959,0.9997630639144284,0.0014075777623472775
1614.7282726874116,1614.7282726874116,0.9994224373077305,0.0014074260215302325
1614.7352172748538,1614.7352172748538,0.9974538887444033,0.0014075267696682422
1614.7421618623184,1614.7421618623184,1.0007242446082147,0.0014070249742621846
1614.7491064497833,1614.7491064497833,1.0003224379492763,0.0014054509836162966
1614.7560510372248,1614.7560510372248,1.0005150214594933,0.0014057779730212603
1614.7629956246783,1614.7629956246783,1.0000871204615114,0.0014073113299379126
1614.7699402121198,1614.7699402121198,0.9992337249333281,0.001404121272891639
1614.776884799573,1614.776884799573,0.999870493295076,0.001404062238909057
1614.7838293870143,1614.7838293870143,0.9967457610782466,0.001403615107249321
1614.7907739744678,1614.7907739744678,1.0015778889982445,0.0014054862176815395
1614.797718561909,1614.797718561909,1.0019768021372895,0.001404194375056968
1614.8046631493628,1614.8046631493628,0.9998778961517006,0.0014071056227490278
1614.8116077368045,1614.8116077368045,1.0021411593965202,0.0014075004234041558
1614.8185523242344,1614.8185523242344,1.0030474596711407,0.0014087363107424349
1614.8254969116758,1614.8254969116758,1.0024446022664324,0.0014104504008036953
1614.8324414991175,1614.8324414991175,1.0009295119670572,0.0014096284871834008
1614.8393860865708,1614.8393860865708,0.9947298320081319,0.001410970923792081
1614.8463306740123,1614.8463306740123,0.9939992378193626,0.0014110095665517558
1614.8532752614306,1614.8532752614306,0.9940547308200248,0.001413366093500796
1614.8602198488838,1614.8602198488838,0.9938668665011635,0.0014148885705433385
1614.8671644363255,1614.8671644363255,0.9968681754530616,0.0014194319775811483
1614.8741090237438,1614.8741090237438,0.9952728382196616,0.0014169612502606041
1614.881053611197,1614.881053611197,0.9955847827936832,0.0014158442268066413
1614.887998198627,1614.887998198627,0.9963501960632752,0.0014174623037380117
1614.894942786057,1614.894942786057,0.9968981603533822,0.001416562911150535
1614.9018873734985,1614.9018873734985,0.9963195254991424,0.0014153699548254037
1614.9088319609284,1614.9088319609284,0.9969558257815659,0.0014170739914429215
1614.9157765483587,1614.9157765483587,0.9921711930336912,0.0014117522165749772
1614.9227211357884,1614.9227211357884,0.9921752431183277,0.0014077701582319905
1614.9296657232185,1614.9296657232185,0.9902427104731336,0.0014065894618409032
1614.93661031066,1614.93661031066,0.9922599436115899,0.001405868890088998
1614.9435548980782,1614.9435548980782,1.0023591585211635,0.0014073789280224242
1614.9504994855083,1614.9504994855083,1.0032583794879986,0.0014082004624664933
1614.957444072938,1614.957444072938,1.0026376834619846,0.001406943806259185
1614.9643886603565,1614.9643886603565,1.0019038591433658,0.0014046984105406798
1614.9713332477863,1614.9713332477863,1.0011403092058366,0.0014046627182321262
1614.9782778352162,1614.9782778352162,1.000280044636735,0.001403176665581534
1614.985222422635,1614.985222422635,0.9991691770203179,0.0014048589039711058
1614.9921670100643,1614.9921670100643,0.9986057949638212,0.001403201724267087
1614.999111597483,1614.999111597483,1.0003884730085446,0.001402206966737519
1615.0060561849011,1615.0060561849011,0.9982883835539198,0.0014014635969747868
1615.0130007723194,1615.0130007723194,0.9988458786783385,0.0014005376627605254
1615.0199453597493,1615.0199453597493,0.999203266623234,0.0014019816756116956
1615.0268899471678,1615.0268899471678,1.001184126594827,0.001402089487110096
1615.0338345345858,1615.0338345345858,1.000301517183562,0.0014007073943933118
1615.0407791220046,1615.0407791220046,1.0012953558572744,0.0014014670950565583
1615.047723709411,1615.047723709411,1.0006062016860924,0.00140073286587065
1615.0546682968295,1615.0546682968295,0.9994193433935544,0.0013993199621059086
1615.061612884248,1615.061612884248,1.000696954853416,0.0013990349920535332
1615.0685574716542,1615.0685574716542,0.9988478086001958,0.0013977879586768705
1615.0755020590727,1615.0755020590727,0.9999036838001001,0.0013975994687043887
1615.082446646491,1615.082446646491,0.9999496072596805,0.0013982406521970197
1615.0893912338975,1615.0893912338975,1.000248922087963,0.0013986764555947058
1615.0963358213157,1615.0963358213157,0.999080318806655,0.0013988123131833605
1615.1032804087222,1615.1032804087222,1.0004302581165418,0.0013996129878097465
1615.1102249961295,1615.1102249961295,1.0002554055972324,0.0013988845177418127
1615.1171695835362,1615.1171695835362,1.0014107695644796,0.0013970783382444348
1615.1241141709427,1615.1241141709427,0.9983245914505614,0.0013993095204286995
1615.1310587583496,1615.1310587583496,1.0015980435321707,0.0013979779510973137
1615.1380033457676,1615.1380033457676,0.9985119797278392,0.0013957375935538532
1615.144947933163,1615.144947933163,1.0001970361969121,0.0013983006158374061
1615.1518925205692,1615.1518925205692,0.9983339983951929,0.001397210650734237
1615.1588371079763,1615.1588371079763,1.0002622820052838,0.0013961493251975568
1615.1657816953825,1615.1657816953825,1.0014267836198663,0.001398482993740429
1615.1727262827776,1615.1727262827776,1.0002923394175915,0.0013962614341231972
1615.1796708701727,1615.1796708701727,1.0012729325001746,0.0013957247262765167
1615.1866154575796,1615.1866154575796,1.0009301508282824,0.0013973603372368988
1615.1935600449865,1615.1935600449865,0.9978532835362574,0.001393844976987373
1615.2005046323932,1615.2005046323932,0.998930897764267,0.0013971167595545903
1615.2074492197762,1615.2074492197762,1.0008698543881351,0.0013941668849030235
1615.2143938071715,1615.2143938071715,0.9983151976817943,0.0013937757374499087
1615.2213383945666,1615.2213383945666,1.001172598829958,0.0013954313334846474
1615.2282829819728,1615.2282829819728,1.000649452779593,0.0013963351541533672
1615.2352275693677,1615.2352275693677,1.0001296179865722,0.001396601782538668
1615.242172156763,1615.242172156763,1.0007380258946317,0.0013941075440293829
1615.2491167441576,1615.2491167441576,1.0003303136253137,0.0013952525514006188
1615.256061331541,1615.256061331541,0.9997694342460015,0.0013922864965395802
1615.263005918948,1615.263005918948,0.9987858302512578,0.001392556768270368
1615.2699505063315,1615.2699505063315,0.997552812545799,0.0013917924062848942
1615.2768950937266,1615.2768950937266,1.0016914421277812,0.0013922532168747141
1615.2838396811098,1615.2838396811098,1.0008789991904197,0.0013918379987714348
1615.290784268505,1615.290784268505,1.0007489211301706,0.001391177191806388
1615.2977288558882,1615.2977288558882,0.9998655829658476,0.0013914750001158994
1615.3046734432833,1615.3046734432833,0.9993046160741226,0.0013903741262419936
1615.311618030655,1615.311618030655,0.999483839952787,0.0013891204835886845
1615.31856261805,1615.31856261805,0.9992270861377728,0.0013892785288693395
1615.325507205433,1615.325507205433,1.0007417214994665,0.001388832600806106
1615.3324517928165,1615.3324517928165,0.9994069201951469,0.0013882384150150202
1615.3393963802,1615.3393963802,1.0020932335317343,0.0013884419784442683
1615.3463409675833,1615.3463409675833,1.0014629229055283,0.0013898906520456856
1615.3532855549668,1615.3532855549668,0.9996317438044221,0.0013874403638942556
1615.3602301423502,1615.3602301423502,0.9998217537697156,0.001387286628360783
1615.3671747297224,1615.3671747297224,0.9980660502629732,0.0013854627345969294
1615.3741193171168,1615.3741193171168,0.9985195431540628,0.00138668398015395
1615.3810639044887,1615.3810639044887,1.0005372351695456,0.0013845361489889
1615.3880084918605,1615.3880084918605,0.9988352341218951,0.0013842074216454457
1615.3949530792438,1615.3949530792438,1.0002890243045957,0.0013857563590449263
1615.4018976666152,1615.4018976666152,1.0020170720080173,0.0013838764875622237
1615.4088422539874,1615.4088422539874,1.0008976708939856,0.0013859571485441671
1615.415786841359,1615.415786841359,0.9999025286942818,0.0013832512916274015
1615.4227314287425,1615.4227314287425,1.0008354790352672,0.0013834180705015534
1615.4296760161137,1615.4296760161137,0.9990277654289537,0.0013812198146968826
1615.4366206034858,1615.4366206034858,0.9994742176277454,0.0013826874037303019
1615.4435651908573,1615.4435651908573,0.9995603461374716,0.001382127440352954
1615.4505097782408,1615.4505097782408,0.999252649384812,0.0013819688222181064
1615.4574543656006,1615.4574543656006,1.0001647003936753,0.001383515851603549
1615.4643989529725,1615.4643989529725,0.9983509536712489,0.0013821911149377293
1615.4713435403444,1615.4713435403444,1.000975132593201,0.001381755746014342
1615.4782881277047,1615.4782881277047,1.0007955914993942,0.0013829467303870145
1615.485232715076,1615.485232715076,1.0026414873785852,0.0013812434480277545
1615.4921773024366,1615.4921773024366,0.9998312996084309,0.0013806617209694777
1615.4991218898083,1615.4991218898083,0.9995807976299306,0.001380009044257092
1615.5060664771681,1615.5060664771681,1.0008893506094119,0.0013805670371458772
1615.51301106454,1615.51301106454,0.9977157116486121,0.001380455618177049
1615.5199556519,1615.5199556519,1.000192387466336,0.0013814406947165923
1615.5269002392604,1615.5269002392604,0.9986219354494725,0.0013803929617846366
1615.53384482662,1615.53384482662,0.9995850243210906,0.0013791855596393561
1615.54078941398,1615.54078941398,0.999914027366265,0.0013812054850445303
1615.54773400134,1615.54773400134,0.9998817710768575,0.0013805464553465364
1615.5546785887004,1615.5546785887004,1.00208754795893,0.0013798680666816377
1615.5616231760607,1615.5616231760607,0.9998326804959401,0.0013794858496093848
1615.5685677634206,1615.5685677634206,1.0011773901357124,0.00137956418527584
1615.575512350769,1615.575512350769,1.0005571135322735,0.0013808089131326984
1615.582456938129,1615.582456938129,1.0001316377753562,0.0013796305466616215
1615.589401525489,1615.589401525489,0.9991639792721907,0.0013802773783572167
1615.5963461128376,1615.5963461128376,0.9978971252158239,0.001379709711831241
1615.6032907001977,1615.6032907001977,0.9986595481134435,0.001378496810999583
1615.6102352875464,1615.6102352875464,1.00050999189646,0.0013800927959234663
1615.6171798748946,1615.6171798748946,1.000630172850577,0.0013795361258041336
1615.6241244622433,1615.6241244622433,1.0013161710651264,0.0013801493625934696
1615.6310690495916,1615.6310690495916,1.0003841599625793,0.0013806163887598207
1615.6380136369517,1615.6380136369517,1.0000483208216076,0.0013787012707811607
1615.6449582243004,1615.6449582243004,1.0004501899344416,0.0013801848894897891
1615.6519028116486,1615.6519028116486,0.9985867985992426,0.0013770500809657967
1615.6588473989855,1615.6588473989855,0.9991640711848555,0.0013786360256175805
1615.6657919863337,1615.6657919863337,1.0017577188761884,0.0013789238977340024
1615.6727365736938,1615.6727365736938,0.9991882892831587,0.0013791597117013767
1615.6796811610307,1615.6796811610307,1.000661285147427,0.0013773710497006152
1615.686625748367,1615.686625748367,1.0000234517154527,0.0013774012075673434
1615.6935703357158,1615.6935703357158,0.9998537957427786,0.0013777532772890752
1615.7005149230645,1615.7005149230645,1.000129847562537,0.0013764564055185225
1615.7074595103893,1615.7074595103893,1.0007899371675566,0.0013774588240100657
1615.7144040977382,1615.7144040977382,1.000877615849134,0.0013757325901997911
1615.7213486850865,1615.7213486850865,0.9981781431772395,0.001375945539159577
1615.7282932724115,1615.7282932724115,0.9996402655742006,0.001374215958014306
1615.73523785976,1615.73523785976,0.9987486298997215,0.0013762138271165988
1615.7421824470969,1615.7421824470969,1.001271395267877,0.0013760259929362032
1615.7491270344217,1615.7491270344217,1.0001666074958968,0.0013749256019363592
1615.756071621782,1615.756071621782,0.9999198986855433,0.0013746016187645722
1615.7630162090954,1615.7630162090954,1.0003795853407902,0.0013750286090869212
1615.769960796444,1615.769960796444,0.9999149861281434,0.0013738586975064306
1615.776905383769,1615.776905383769,0.9988152496975335,0.001372384049570308
1615.7838499711058,1615.7838499711058,0.9987179760659594,0.0013730682080939755
1615.790794558431,1615.790794558431,0.9985883256066236,0.0013730803659871402
1615.7977391457675,1615.7977391457675,0.9998744882946348,0.0013742341033050032
1615.804683733093,1615.804683733093,0.9995649007323406,0.0013733014534109678
1615.8116283204295,1615.8116283204295,1.002268077014575,0.0013758545743267783
1615.818572907755,1615.818572907755,1.0003599113452828,0.0013740035853809563
1615.8255174950918,1615.8255174950918,0.9999315443846409,0.001374288814185535
1615.8324620823937,1615.8324620823937,1.0019763402749742,0.0013754704490346542
1615.839406669754,1615.839406669754,0.9993318898512161,0.0013738029978745659
1615.8463512570556,1615.8463512570556,0.997817749787659,0.0013741715020658316
1615.8532958443925,1615.8532958443925,0.9991166609902298,0.0013736910567494415
1615.8602404317176,1615.8602404317176,1.00043396515937,0.0013744506136638339
1615.8671850190194,1615.8671850190194,1.000408908233504,0.001374365389349905
1615.874129606368,1615.874129606368,1.0007253836451893,0.001374095804522604
1615.8810741936813,1615.8810741936813,1.000227564857506,0.001375726792076417
1615.8880187809832,1615.8880187809832,0.9995502033540102,0.001374528832937474
1615.894963368332,1615.894963368332,0.9994804505489505,0.001374046541666536
1615.9019079556454,1615.9019079556454,0.9996185001445234,0.0013753571391417981
1615.9088525429472,1615.9088525429472,1.0015137736304076,0.0013757098890715635
1615.9157971302607,1615.9157971302607,0.9995512640918918,0.0013753201002662495
1615.9227417176091,1615.9227417176091,1.00125049377418,0.0013740464430569157
1615.9296863049108,1615.9296863049108,0.9996738420551798,0.0013762639269036695
1615.9366308922129,1615.9366308922129,1.0001920509396078,0.001373842004011598
1615.9435754795147,1615.9435754795147,0.9986994247576005,0.0013747638209849775
1615.9505200668632,1615.9505200668632,1.0003417244106845,0.001373724446791728
1615.9574646541766,1615.9574646541766,0.999455958810227,0.001373884745444687
1615.9644092414787,1615.9644092414787,1.000257917193545,0.0013750667040690178
1615.9713538287801,1615.9713538287801,0.9998669920045463,0.0013766499790783355
1615.9782984160825,1615.9782984160825,1.0002259893295036,0.001375673037432001
1615.9852430033839,1615.9852430033839,1.0001591529330094,0.0013735025084451965
1615.9921875906857,1615.9921875906857,1.0006902240767916,0.0013749330077669326
1615.9991321780342,1615.9991321780342,0.9985120583112831,0.0013722580702999591
1616.006076765348,1616.006076765348,1.0003549296721705,0.0013718765555092028
1616.0130213526495,1616.0130213526495,0.9990237171880517,0.0013728920814230297
1616.0199659399518,1616.0199659399518,0.9996881234120067,0.0013727773749492107
1616.0269105272532,1616.0269105272532,1.0020585100386903,0.0013740425906163018
1616.0338551145553,1616.0338551145553,1.0000549508756786,0.0013709369242129504
1616.0407997018572,1616.0407997018572,0.9996060027089693,0.0013720152184739278
1616.0477442891593,1616.0477442891593,1.0003125417563745,0.0013727327641617772
1616.054688876461,1616.054688876461,1.0004662077426,0.0013729414937234305
1616.0616334637627,1616.0616334637627,1.0017605034340307,0.0013716603864743638
1616.0685780510646,1616.0685780510646,0.9989187388731022,0.0013709073694690248
1616.0755226383665,1616.0755226383665,0.999510272040298,0.0013714636863217376
1616.0824672256688,1616.0824672256688,0.9980375176665707,0.0013712861337959851
1616.0894118129354,1616.0894118129354,1.0007516838410306,0.0013721519671192038
1616.0963564002143,1616.0963564002143,0.9998488636148479,0.0013728288980634383
1616.103300987516,1616.103300987516,0.999003551373314,0.0013695694227903888
1616.1102455748178,1616.1102455748178,0.9999210072595568,0.0013711050306477704
1616.1171901621196,1616.1171901621196,1.0002922048413807,0.001370713103849511
1616.1241347494215,1616.1241347494215,1.001378553664468,0.0013704823581628417
1616.1310793367234,1616.1310793367234,1.0003215896812376,0.0013703897699292047
1616.1380239239784,1616.1380239239784,0.9995246794120847,0.001369918028905036
1616.1449685112689,1616.1449685112689,0.9994370752771584,0.0013704257938983214
1616.1519130985707,1616.1519130985707,1.0004441610836334,0.0013704774030600315
1616.1588576858726,1616.1588576858726,1.0001599017974019,0.0013708261722460025
1616.1658022731513,1616.1658022731513,0.9989615944333762,0.00136808926485315
1616.1727468604179,1616.1727468604179,0.9996964048712925,0.001369523085338341
1616.1796914477197,1616.1796914477197,1.0001661174922305,0.0013684987658222228
1616.1866360350214,1616.1866360350214,0.9985898520938497,0.0013681708106515222
1616.1935806222768,1616.1935806222768,0.9986008323134854,0.0013676155198660625
1616.200525209567,1616.200525209567,0.9992681386799542,0.0013675760642350176
1616.207469796869,1616.207469796869,0.9994701462898196,0.001367228278297147
1616.214414384124,1616.214414384124,1.0010161919101175,0.0013694562280413727
1616.2213589714145,1616.2213589714145,1.001062136906841,0.0013669212281286125
1616.2283035587047,1616.2283035587047,1.0002769570643344,0.001366925972262368
1616.2352481459598,1616.2352481459598,1.0002793366820544,0.001367605352729904
1616.242192733262,1616.242192733262,0.9993703017086604,0.0013667877567666246
1616.2491373205169,1616.2491373205169,1.0007389265935822,0.0013667682805344314
1616.2560819078076,1616.2560819078076,0.9992942091004589,0.0013656298924976632
1616.2630264950742,1616.2630264950742,0.9997215090843472,0.0013672903908283156
1616.269971082353,1616.269971082353,1.0004106791770846,0.0013660555706739475
1616.2769156696315,1616.2769156696315,1.000869676351676,0.0013675945097695627
1616.2838602568984,1616.2838602568984,0.9989864331053615,0.001366780121236436
1616.2908048441773,1616.2908048441773,0.9998566724632252,0.0013666772300246076
1616.297749431444,1616.297749431444,1.0000789388907394,0.0013656968663036842
1616.304694018711,1616.304694018711,1.000301145162579,0.0013674447237089229
1616.3116386059896,1616.3116386059896,0.9989582082302222,0.0013660545531549763
1616.3185831932446,1616.3185831932446,0.9996618200841517,0.0013665356426201902
1616.3255277805233,1616.3255277805233,0.9993422847471282,0.0013647366305600986
1616.3324723677786,1616.3324723677786,1.0010694203189463,0.001367545179251169
1616.3394169550456,1616.3394169550456,1.0001685716871247,0.0013642626807298568
1616.346361542324,1616.346361542324,1.000125310631523,0.0013645097889411438
1616.3533061295675,1616.3533061295675,1.0003067401340762,0.0013635417167988865
1616.3602507168348,1616.3602507168348,1.0008756291187502,0.001364635304249605
1616.3671953041132,1616.3671953041132,0.9997921791001392,0.0013638488378688815
1616.3741398913571,1616.3741398913571,0.9993618354551621,0.001363146153883201
1616.381084478624,1616.381084478624,0.9970813276863415,0.0013621413143846525
1616.3880290658792,1616.3880290658792,1.0010322049198435,0.0013637201774218193
1616.394973653146,1616.394973653146,1.0023554468727098,0.0013625338852643562
1616.4019182403895,1616.4019182403895,1.0011261750927996,0.0013624789992982514
1616.4088628276563,1616.4088628276563,0.9991965191551087,0.0013630526663384545
1616.4158074149123,1616.4158074149123,0.9991740388615067,0.0013593529488687534
1616.4227520021668,1616.4227520021668,0.9998343678784731,0.0013605347156832191
1616.4296965894223,1616.4296965894223,1.000227809947952,0.001361258287484785
1616.4366411766662,1616.4366411766662,0.9992720830308693,0.0013600025442057598
1616.4435857639214,1616.4435857639214,1.0000817455560804,0.0013593327346200451
1616.4505303511767,1616.4505303511767,0.9991983754092244,0.0013589776495587624
1616.4574749384205,1616.4574749384205,1.0008638042079592,0.0013604545853754698
1616.4644195256756,1616.4644195256756,1.0004764175431398,0.0013590084129758606
1616.471364112919,1616.471364112919,1.001129090161973,0.0013600391853871806
1616.4783087001629,1616.4783087001629,0.999103634372425,0.001358714915651153
1616.4852532874186,1616.4852532874186,0.9990384805847523,0.001358478630405165
1616.4921978746618,1616.4921978746618,1.0002946675076274,0.0013580245046472706
1616.4991424619056,1616.4991424619056,0.9995323742627813,0.0013585440725609797
1616.5060870491493,1616.5060870491493,1.0022972830344425,0.0013596618736572586
1616.5130316363927,1616.5130316363927,1.0007734792841434,0.0013599536591452752
1616.519976223625,1616.519976223625,0.998953241329013,0.0013585205581866085
1616.5269208108682,1616.5269208108682,0.9987836073394647,0.0013586334971447357
1616.533865398112,1616.533865398112,0.999274875638228,0.0013594818935978663
1616.5408099853441,1616.5408099853441,0.9994943539667552,0.0013610250257387725
1616.5477545725876,1616.5477545725876,0.9998831957102313,0.0013578397931726593
1616.5546991598198,1616.5546991598198,1.0013027381922845,0.001357358061420214
1616.561643747063,1616.561643747063,0.9987801918683784,0.0013583615606646364
1616.5685883342953,1616.5685883342953,1.0015409808729565,0.0013588098506851897
1616.5755329215274,1616.5755329215274,1.0009606289374342,0.0013578970035563037
1616.5824775087592,1616.5824775087592,1.0002226410884174,0.0013583121887169411
1616.5894220959915,1616.5894220959915,0.9992544526263885,0.001358656730642044
1616.5963666832233,1616.5963666832233,1.001305527924034,0.0013593085372074888
1616.6033112704438,1616.6033112704438,0.9991959061886979,0.0013580111613753154
1616.6102558576756,1616.6102558576756,0.9982157183189363,0.0013571209821299822
1616.6172004449077,1616.6172004449077,0.9996670632258879,0.0013571370478138935
1616.62414503214,1616.62414503214,1.0003337749521497,0.0013575832519413075
1616.6310896193602,1616.6310896193602,0.998826523105012,0.0013586126376993817
1616.638034206592,1616.638034206592,1.0013035736870974,0.0013588987667626034
1616.644978793824,1616.644978793824,1.003041144656105,0.001359603514563019
1616.6519233810327,1616.6519233810327,0.9993995915600259,0.0013573616977856514
1616.6588679682648,1616.6588679682648,0.9994436863579373,0.0013578409927956152
1616.6658125554852,1616.6658125554852,0.9994981147855558,0.0013553529585417965
1616.6727571426939,1616.6727571426939,0.9999406835118115,0.001358060835257803
1616.6797017299257,1616.6797017299257,1.0002462179878868,0.0013572914200650934
1616.6866463171348,1616.6866463171348,1.0016484622585664,0.0013566382869380444
1616.693590904355,1616.693590904355,0.9993460582558471,0.0013561569537891497
1616.7005354915752,1616.7005354915752,0.999434033557321,0.0013549744736345345
1616.7074800787843,1616.7074800787843,0.9997234062398235,0.0013569271917997078
1616.7144246660043,1616.7144246660043,1.0021782026867823,0.0013559039990342406
1616.7213692532132,1616.7213692532132,0.998637208372919,0.001357081466379142
1616.7283138404332,1616.7283138404332,1.0008305317892616,0.0013566890414245833
1616.735258427642,1616.735258427642,0.9978690158814933,0.0013548002763697933
1616.742203014839,1616.742203014839,0.9997154290142376,0.001356974184433196
1616.7491476020712,1616.7491476020712,1.0007594721924795,0.0013571875308364904
1616.756092189268,1616.756092189268,1.0003356290403882,0.0013545836306266465
1616.763036776477,1616.763036776477,0.9995613920109816,0.0013550142796411862
1616.7699813636855,1616.7699813636855,1.0015766570911104,0.0013559925990728374
1616.7769259508827,1616.7769259508827,0.9996113794245961,0.0013556399349131303
1616.7838705380914,1616.7838705380914,0.9992985764178091,0.0013549269540581732
1616.7908151253002,1616.7908151253002,1.0026098625339726,0.0013547949009481233
1616.7977597124973,1616.7977597124973,1.0001243620526046,0.001353870503954741
1616.8047042996943,1616.8047042996943,0.9991111083106723,0.0013552209940596999
1616.8116488868914,1616.8116488868914,0.9983274218204288,0.001356518017052309
1616.8185934741,1616.8185934741,1.0013942652080945,0.0013544107606963444
1616.8255380612973,1616.8255380612973,1.0004589932290116,0.001353601179162892
1616.8324826484825,1616.8324826484825,0.9999869726722181,0.0013548644768318996
1616.8394272356913,1616.8394272356913,0.999923716600686,0.001355475976702837
1616.8463718228766,1616.8463718228766,0.9994108746043896,0.0013555622176286805
1616.8533164100738,1616.8533164100738,1.0008488482753273,0.0013536334635505924
1616.8602609972709,1616.8602609972709,0.9990276000705167,0.0013537490244644897
1616.8672055844563,1616.8672055844563,1.0013333086098528,0.0013544048733078451
1616.8741501716418,1616.8741501716418,0.9999266797446833,0.0013530152385655126
1616.8810947588386,1616.8810947588386,0.9986574768292258,0.0013542937993073405
1616.8880393460242,1616.8880393460242,1.0003595037458102,0.0013544830947164756
1616.8949839332095,1616.8949839332095,1.0013570690271443,0.001354906846711972
1616.9019285203947,1616.9019285203947,0.9998206386864741,0.0013540237029198209
1616.9088731075803,1616.9088731075803,0.9990327761243656,0.00135264577812762
1616.9158176947653,1616.9158176947653,0.999745272535715,0.0013545869001237083
1616.9227622819512,1616.9227622819512,1.0015313838396054,0.0013550252824944787
1616.9297068691365,1616.9297068691365,0.9994136961363365,0.0013524791282544817
1616.9366514563103,1616.9366514563103,0.9980006005980131,0.0013529811517508142
1616.9435960434844,1616.9435960434844,1.00267817652866,0.0013542810154182601
1616.95054063067,1616.95054063067,0.9996123816644765,0.0013530741117574884
1616.9574852178434,1616.9574852178434,1.0007917356658056,0.0013545703597391732
1616.964429805017,1616.964429805017,0.9983567255210246,0.0013544745099082426
1616.9713743922025,1616.9713743922025,0.9997416015849261,0.0013525355877162105
1616.9783189793761,1616.9783189793761,0.9983125386734255,0.0013531537971605847
1616.9852635665388,1616.9852635665388,1.0026789065965132,0.001353220450124331
1616.9922081537238,1616.9922081537238,0.9988617730409107,0.001352963613457927
1616.9991527408863,1616.9991527408863,1.0004337590479793,0.001353619266252024
1617.0060973280602,1617.0060973280602,1.001832685241534,0.00135353781330614
1617.0130419152222,1617.0130419152222,0.9983204482072188,0.001351649145468876
1617.0199865023842,1617.0199865023842,1.0003950177449752,0.0013513725451413743
1617.0269310895694,1617.0269310895694,0.99979617408936,0.0013538642193398403
1617.03387567672,1617.03387567672,0.999291706096877,0.0013519152971291294
1617.0408202638823,1617.0408202638823,1.001201860822095,0.001352520059170073
1617.0477648510562,1617.0477648510562,1.0004775653488978,0.0013524162788024646
1617.0547094382184,1617.0547094382184,1.0000481088921418,0.0013509537182007975
1617.063598509778,1617.063598509778,0.9988522750978612,0.001351899246065617
1617.0783210345555,1617.0783210345555,0.9995232112731056,0.0013514141402770946
1617.085265621706,1617.085265621706,1.0009042403036343,0.0013510539270680127
1617.0922102088682,1617.0922102088682,0.9982958202697866,0.0013508267984285028
1617.0991547960184,1617.0991547960184,1.0004149541249843,0.0013517715496906084
1617.1060993831804,1617.1060993831804,1.0012858041864356,0.001351736125955608
1617.1130439703313,1617.1130439703313,1.0004239765714558,0.001350601873302625
1617.1199885574583,1617.1199885574583,1.0004834589535547,0.0013485325425173912
1617.1269331446208,1617.1269331446208,0.9999280955175186,0.0013499527860942238
1617.133877731771,1617.133877731771,1.000944251335172,0.0013511725287522547
1617.1408223189214,1617.1408223189214,0.9985143302596844,0.0013500346439735043
1617.14776690606,1617.14776690606,1.0001111907125293,0.0013477221877701852
1617.1547114932107,1617.1547114932107,1.002029544953713,0.0013493669000115985
1617.1616560803498,1617.1616560803498,0.9989553630538721,0.001349860929651197
1617.1686006675002,1617.1686006675002,0.9994913145349307,0.0013498361945755723
1617.1755452546274,1617.1755452546274,0.9988207990697822,0.0013471170149085298
1617.1824898417779,1617.1824898417779,0.9998277719136922,0.0013506170477471607
1617.1894344289053,1617.1894344289053,0.9999761768675292,0.0013483741171833284
1617.1963790160557,1617.1963790160557,1.001472468495552,0.001349731696112519
1617.2033236031943,1617.2033236031943,0.999366923604299,0.0013489811257056139
1617.2102681903216,1617.2102681903216,0.9991725598944357,0.0013486954745904115
1617.2172127774488,1617.2172127774488,1.0006031866993157,0.0013498117005771128
1617.2241573645879,1617.2241573645879,0.9993603901638581,0.0013474667339896445
1617.2311019517151,1617.2311019517151,1.000413584829918,0.0013488447429683315
1617.2380465388537,1617.2380465388537,1.0007312984391765,0.001346572964628982
1617.244991125981,1617.244991125981,0.9988483012076819,0.001347210510181652
1617.2519357131077,1617.2519357131077,1.0013511254128198,0.0013470114072958793
1617.2588803002354,1617.2588803002354,0.9995844928528494,0.0013474570215103203
1617.2658248873508,1617.2658248873508,0.9991956315273303,0.0013461397179987933
1617.2727694744783,1617.2727694744783,0.9989689571512337,0.0013448252897330579
1617.2797140616053,1617.2797140616053,0.9978625841838402,0.0013447691695539772
1617.2866586487212,1617.2866586487212,0.9988226303327187,0.0013466298955070494
1617.2936032358364,1617.2936032358364,1.002115064058456,0.0013506206152607467
1617.3005478229636,1617.3005478229636,1.0002790895750917,0.0013480852925268408
1617.3074924100792,1617.3074924100792,1.0013304872324922,0.0013496856927124963
1617.3144369971947,1617.3144369971947,1.0018372192834544,0.0013494451741402225
1617.3213815843105,1617.3213815843105,1.0038099486931293,0.0013510380212639471
1617.3283261714143,1617.3283261714143,1.0055428176057866,0.0013528383998552985
1617.3352707585298,1617.3352707585298,0.9972730952667173,0.001351914628063822
1617.342215345657,1617.342215345657,0.9948768371034425,0.0013532295121306682
1617.3491599327613,1617.3491599327613,0.9960208776897744,0.0013526010483783128
1617.356104519865,1617.356104519865,0.9966272053544796,0.001353179002486643
1617.3630491069805,1617.3630491069805,0.9968512352698028,0.001355789252479749
1617.3699936940725,1617.3699936940725,0.9958458989696928,0.0013552287206665516
1617.3769382811765,1617.3769382811765,0.9956440775471835,0.0013571681210814862
1617.3838828682806,1617.3838828682806,0.9945825538747952,0.001355803155033534
1617.3908274553842,1617.3908274553842,0.997029180552923,0.001355516363588943
1617.397772042488,1617.397772042488,0.9973575536044802,0.0013576402552063654
1617.4047166295804,1617.4047166295804,0.9951142293962862,0.001356205890449182
1617.4116612166847,1617.4116612166847,0.993651029239947,0.0013521640052800404
1617.418605803777,1617.418605803777,0.9947766218159579,0.0013519747576559303
1617.4255503908694,1617.4255503908694,0.9958781886625216,0.00135231222417197
1617.4324949779616,1617.4324949779616,0.994973570910475,0.0013502100618398621
1617.4394395650538,1617.4394395650538,0.9983302636998834,0.001350820842084473
1617.4463841521574,1617.4463841521574,1.0030902061903113,0.001348600785850937
1617.4533287392385,1617.4533287392385,1.0050152522441276,0.001349420209717182
1617.4602733263189,1617.4602733263189,1.0025982730550151,0.0013468311857916483
1617.467217913411,1617.467217913411,1.0024119483205998,0.0013460458221110497
1617.474162500503,1617.474162500503,0.999977744232136,0.0013458517805755546
1617.481107087584,1617.481107087584,0.9996355525957977,0.0013461923916143512
1617.4880516746648,1617.4880516746648,0.9995199734942719,0.0013424156372933405
1617.4949962617454,1617.4949962617454,0.999806830087245,0.0013411828816312053
1617.5019408488263,1617.5019408488263,1.0006691265309602,0.0013420760644150224
1617.5088854359067,1617.5088854359067,0.9988327924233038,0.0013425721830019354
1617.5158300229755,1617.5158300229755,1.0003098398577674,0.001342652464038084
1617.5227746100563,1617.5227746100563,1.0005955413990912,0.001343004243267962
1617.5297191971251,1617.5297191971251,0.9983940902783829,0.001342941983213076
1617.5366637842058,1617.5366637842058,1.0000592053686208,0.001343487532930488
1617.5436083712748,1617.5436083712748,0.9997581308419521,0.0013422112038093902
1617.5505529583438,1617.5505529583438,0.9991462866136057,0.0013418970632260115
1617.5574975454128,1617.5574975454128,1.0010790374748968,0.0013433143651854333
1617.5644421324819,1617.5644421324819,0.9999832442554064,0.0013435177102385774
1617.5713867195507,1617.5713867195507,1.0006310542179802,0.0013426007195306998
1617.578331306608,1617.578331306608,0.9995048033927626,0.0013431553445697527
1617.5852758936774,1617.5852758936774,0.9993468368124379,0.0013419426556006693
1617.5922204807346,1617.5922204807346,1.0022558666950423,0.001343121092964741
1617.5991650677922,1617.5991650677922,0.9991827456946327,0.0013414670901297253
1617.6061096548488,1617.6061096548488,1.0003623463464397,0.0013412707727238162
1617.6130542419064,1617.6130542419064,1.0003681584184334,0.0013431733351145865
1617.6199988289638,1617.6199988289638,0.9999855386051143,0.001340908162531547
1617.626943416021,1617.626943416021,0.9989280081548134,0.001342574764019548
1617.633888003067,1617.633888003067,0.9991384307741191,0.0013418149525156744
1617.6408325901243,1617.6408325901243,1.0006646257883358,0.0013429270135737682
1617.6477771771702,1617.6477771771702,0.9990039240985986,0.0013408530083191899
1617.6547217642042,1617.6547217642042,0.9989559642464771,0.0013422942099410111
1617.661666351273,1617.661666351273,1.0013101605470072,0.0013407074943363954
1617.6686109383072,1617.6686109383072,1.0008473450536695,0.0013417173346480797
1617.6755555253526,1617.6755555253526,1.0014195758346252,0.00134125772088924
1617.6825001123866,1617.6825001123866,0.9988720073091176,0.001340377030408672
1617.6894446994324,1617.6894446994324,1.0005565984632288,0.0013410504956633056
1617.6963892864667,1617.6963892864667,0.9997003576635425,0.0013420589911651187
1617.7033338735123,1617.7033338735123,1.0004864962093687,0.0013403293571003733
1617.7102784605347,1617.7102784605347,0.9994335203659803,0.0013411773265479818
1617.717223047592,1617.717223047592,0.9986094249946351,0.0013398238478066038
1617.7241676346027,1617.7241676346027,1.000342725533031,0.0013420921760620016
1617.7311122216372,1617.7311122216372,0.9991340010109871,0.0013396762113670189
1617.7380568086826,1617.7380568086826,1.001221459239304,0.0013413119160230133
1617.7450013956936,1617.7450013956936,1.000255303203996,0.0013406215413153146
1617.7519459827042,1617.7519459827042,1.0008096935989432,0.0013415077654920769
1617.758890569773,1617.758890569773,1.0006394052947358,0.001342139373199738
1617.7658351567839,1617.7658351567839,0.9990379173815356,0.0013406541809756797
1617.7727797437947,1617.7727797437947,0.9997031459585628,0.0013412955940218557
1617.7797243308055,1617.7797243308055,1.0006588283249482,0.00134208145342043
1617.7866689178165,1617.7866689178165,1.0004029011235007,0.0013416846404322494
1617.7936135048271,1617.7936135048271,0.9996972401146692,0.0013410287839917088
1617.800558091838,1617.800558091838,0.9980083260147733,0.00134128871207399
1617.807502678872,1617.807502678872,0.9991705715542334,0.0013410544211722958
1617.8144472659176,1617.8144472659176,1.0009785344902467,0.0013406086058726301
1617.8213918529168,1617.8213918529168,0.999631758992591,0.0013398064877428045
1617.8283364398808,1617.8283364398808,1.0012050948278675,0.0013400874632887433
1617.8352810268916,1617.8352810268916,0.9999741240067802,0.0013407580963026564
1617.8422256139024,1617.8422256139024,1.0008685813134484,0.0013401754331425128
1617.8491702009132,1617.8491702009132,0.9997053555167051,0.001340318984485574
1617.8561147879238,1617.8561147879238,0.9996781549694609,0.001340861675583061
1617.8630593749344,1617.8630593749344,0.9999363129966886,0.0013420662554879312
1617.8700039619455,1617.8700039619455,1.000483979142253,0.0013402341063439203
1617.8769485489097,1617.8769485489097,1.0006418492834146,0.001340380498912669
1617.883893135909,1617.883893135909,0.9999525502080016,0.001341780559554158
1617.8908377229197,1617.8908377229197,0.9992054459531012,0.0013405883337194887
1617.8977823099067,1617.8977823099067,1.0007599357910384,0.0013409690276256123
1617.904726896883,1617.904726896883,0.9982074188432986,0.001341664692098116
1617.9116714838935,1617.9116714838935,0.9995570975919763,0.0013428778401276
1617.918616070858,1617.918616070858,1.0004187855826316,0.0013416310554667506
1617.9255606578572,1617.9255606578572,1.0000932812364738,0.0013427408564717345
1617.932505244833,1617.932505244833,1.0017435363739386,0.001342779927307238
1617.9394498318204,1617.9394498318204,0.9991716182973427,0.0013408453180416612
1617.9463944187962,1617.9463944187962,0.999323927056191,0.0013400366694011306
1617.953339005784,1617.953339005784,0.9997513897304156,0.0013416201595385156
1617.9602835927478,1617.9602835927478,1.0011084244417678,0.001343657031295993
1617.9672281797357,1617.9672281797357,0.9989239622558334,0.0013414737763139425
1617.9741727666994,1617.9741727666994,0.9995520529434279,0.0013405175823496607
1617.981117353675,1617.981117353675,1.000410760813865,0.001342241756990528
1617.9880619406513,1617.9880619406513,1.0013967874831424,0.001341456126991345
1617.9950065276155,1617.9950065276155,1.0004846776477094,0.0013409988904639315
1618.0019511145679,1618.0019511145679,0.9995730801590046,0.0013410496844458901
1618.008895701544,1618.008895701544,0.9994829472825341,0.0013408300316726084
1618.015840288508,1618.015840288508,0.9991446043546768,0.0013401894946504004
1618.0227848754726,1618.0227848754726,1.000473127344616,0.0013412560457870782
1618.0297294624247,1618.0297294624247,0.9991285868115642,0.0013413285230569841
1618.0366740493891,1618.0366740493891,1.0009001447166952,0.0013413158274421541
1618.0436186363418,1618.0436186363418,1.0010834903596002,0.0013412510726061523
1618.0505632232944,1618.0505632232944,0.9978147368219176,0.0013408292813534225
1618.0575078102465,1618.0575078102465,1.000323355223874,0.0013415721098856657
1618.0644523971878,1618.0644523971878,1.0012936160942125,0.0013406340059797183
1618.0713969841404,1618.0713969841404,0.9993210873425855,0.001342467465616217
1618.0783415710816,1618.0783415710816,0.9975571085924319,0.001338709532404709
1618.0852861580338,1618.0852861580338,1.0004175019742472,0.0013413838601745102
1618.0922307449746,1618.0922307449746,1.0020774226873754,0.001342567722576032
1618.0991753319154,1618.0991753319154,1.0016206373646466,0.0013399547572501523
1618.1061199188448,1618.1061199188448,0.9995413759601008,0.0013400897683204366
1618.113064505786,1618.113064505786,0.9998250698427414,0.0013416786907666297
1618.1200090927264,1618.1200090927264,1.0000523095308105,0.0013409102347337637
1618.1269536796674,1618.1269536796674,0.9998457340151296,0.0013413798473656776
1618.1338982665852,1618.1338982665852,1.0012547445899203,0.0013413720066674244
1618.1408428535262,1618.1408428535262,0.9994743732100847,0.0013433322355919123
1618.1477874404438,1618.1477874404438,0.9973151024591103,0.0013400374547728538
1618.154732027373,1618.154732027373,0.9997564738677888,0.001342440615272915
1618.1616766143022,1618.1616766143022,0.9995530913768574,0.0013417623586399975
1618.1686212012198,1618.1686212012198,0.9992038472162792,0.0013419144629912352
1618.1755657881372,1618.1755657881372,1.0015315040418065,0.0013416330638410172
1618.1825103750668,1618.1825103750668,1.000841425827891,0.0013410384509566528
1618.1894549619726,1618.1894549619726,1.0008427290235062,0.0013407067586096771
1618.1963995488907,1618.1963995488907,1.0006890833289503,0.0013411600886235665
1618.2033441358078,1618.2033441358078,0.9993706987807238,0.001340162433298166
1618.210288722714,1618.210288722714,0.9996044017671585,0.001340834253261519
1618.2172333096084,1618.2172333096084,1.0005762425012896,0.0013413275174947606
1618.224177896526,1618.224177896526,0.9989284958675733,0.0013425604655443555
1618.231122483432,1618.231122483432,0.9994866193190173,0.0013396008789466182
1618.238067070338,1618.238067070338,1.000283733527261,0.0013408623227311226
1618.2450116572322,1618.2450116572322,1.000832121092261,0.0013407612593240806
1618.2519562441266,1618.2519562441266,0.9988703101983345,0.0013392010026179527
1618.2589008310213,1618.2589008310213,1.0016065285763314,0.0013417866354196316
1618.2658454179152,1618.2658454179152,1.0000908530602988,0.0013399843871532275
1618.2727900048096,1618.2727900048096,0.9996753040853946,0.0013398313607101296
1618.2797345917038,1618.2797345917038,0.9993457639252252,0.0013407936513680754
1618.2866791785868,1618.2866791785868,0.9997851405510246,0.00133924774471451
1618.293623765481,1618.293623765481,1.000487235781717,0.001340048660769247
1618.3005683523638,1618.3005683523638,0.9995645208386674,0.001340398435608322
1618.3075129392464,1618.3075129392464,0.9997894222550878,0.0013403669562162162
1618.3144575261294,1618.3144575261294,1.0002179374133424,0.0013417157914327427
1618.321402113,1618.321402113,0.9999395116977979,0.001340241632071115
1618.3283466998714,1618.3283466998714,0.9989494879501674,0.0013407630897280796
1618.3352912867542,1618.3352912867542,1.0014120911034277,0.0013404666488072718
1618.3422358736254,1618.3422358736254,1.000660629714972,0.0013414635171810185
1618.3491804604957,1618.3491804604957,0.9994590586431723,0.0013399037305345948
1618.3561250473554,1618.3561250473554,1.000961550217907,0.0013402898597120422
1618.3630696342266,1618.3630696342266,1.000848363718256,0.001340477117781452
1618.3700142210862,1618.3700142210862,0.9991071905584065,0.001339860039557368
1618.3769588079572,1618.3769588079572,0.9986434734551007,0.0013406343879151085
1618.3839033948163,1618.3839033948163,0.9995328003784574,0.0013417339772330283
1618.3908479816644,1618.3908479816644,0.9994340135398675,0.0013423376828920544
1618.3977925685238,1618.3977925685238,1.0013270281155287,0.0013403313270892218
1618.4047371553831,1618.4047371553831,0.9997241965520816,0.0013405849658261453
1618.411681742219,1618.411681742219,0.9989365818368124,0.0013416765025229109
1618.4186263290787,1618.4186263290787,1.002126926545907,0.0013417254467082361
1618.4255709159265,1618.4255709159265,1.0002544983503507,0.0013416006331711393
1618.4325155027625,1618.4325155027625,1.0001368373279316,0.0013412851969661099
1618.4394600896103,1618.4394600896103,0.9986801559934267,0.0013403320609514443
1618.4464046764465,1618.4464046764465,1.000992374011235,0.0013414534219813264
1618.4533492632825,1618.4533492632825,0.9997370930621046,0.001339989414983859
1618.460293850119,1618.460293850119,0.9999727338161094,0.0013408639545769633
1618.4672384369549,1618.4672384369549,0.9995922436490694,0.0013397188107149227
1618.4741830237795,1618.4741830237795,0.9993441064626735,0.0013408811774380605
1618.4811276106036,1618.4811276106036,1.0003906281540096,0.0013414430608845744
1618.48807219744,1618.48807219744,0.9999011336511694,0.0013393898160461426
1618.4950167842642,1618.4950167842642,1.000041740901596,0.0013403973977160661
1618.5019613710774,1618.5019613710774,0.9990412594526635,0.0013404587106786649
1618.5089059579018,1618.5089059579018,1.0009999778021663,0.0013420992077423561
1618.5158505447264,1618.5158505447264,0.9997902152612653,0.001340192325116056
1618.5227951315396,1618.5227951315396,1.0012648224578025,0.0013406245137463136
1618.5297397183406,1618.5297397183406,0.9994080344837919,0.0013400628365699816
1618.5366843051647,1618.5366843051647,1.0010446206072563,0.0013430818383409718
1618.5436288919664,1618.5436288919664,0.9989943427888553,0.0013411120298538718
1618.550573478779,1618.550573478779,0.9998390387018696,0.001340339542351788
1618.5575180655685,1618.5575180655685,0.9996325411939928,0.0013404501050892227
1618.5644626523815,1618.5644626523815,1.0003026351491238,0.0013398387263831072
1618.5714072391825,1618.5714072391825,1.000837082144215,0.0013422349663415856
1618.5783518259723,1618.5783518259723,0.9975179982858421,0.00133983233990794
1618.5852964127735,1618.5852964127735,1.0008534248977536,0.0013407334840367297
1618.5922409995628,1618.5922409995628,1.0001322446709981,0.0013398962209300428
1618.5991855863522,1618.5991855863522,1.0008279397732498,0.0013402765143587984
1618.606130173142,1618.606130173142,0.9995135395865263,0.0013385910254072977
1618.6130747599195,1618.6130747599195,1.0008294286386208,0.0013398590038177405
1618.6200193467096,1618.6200193467096,1.0002842933759302,0.0013410230230375985
1618.6269639334873,1618.6269639334873,1.0010627572474342,0.001339690025903988
1618.6339085202653,1618.6339085202653,0.9985845323076811,0.0013418809305632054
1618.6408531070433,1618.6408531070433,0.9982965586610598,0.0013413284835289625
1618.6477976938095,1618.6477976938095,0.9994137953585479,0.0013401652715479538
1618.6547422805875,1618.6547422805875,1.0001684971124578,0.001339881817335782
1618.6616868673539,1618.6616868673539,1.0010270679026985,0.0013409701076165929
1618.6686314541203,1618.6686314541203,1.0012377437629754,0.0013410462897582727
1618.6755760408746,1618.6755760408746,0.998384239964221,0.0013399797277608956
1618.6825206276524,1618.6825206276524,1.0015196473774222,0.0013416415318292189
1618.6894652143956,1618.6894652143956,0.9999886568283867,0.001341000893957884
1618.6964098011504,1618.6964098011504,0.9991307327692818,0.001339547992717299
1618.7033543879163,1618.7033543879163,0.9999661687427883,0.0013397964061700053
1618.7102989746477,1618.7102989746477,1.0010330483836343,0.0013412609038182576
1618.7172435614257,1618.7172435614257,1.0003943059032394,0.0013415631402333343
1618.7241881481452,1618.7241881481452,0.9994387428608267,0.0013404042135120324
1618.7311327349003,1618.7311327349003,1.0002569546267055,0.0013404448812674072
1618.738077321643,1618.738077321643,0.9987886497011603,0.0013391669209876682
1618.7450219083628,1618.7450219083628,0.9997794545907158,0.0013424939963918776
1618.7519664951174,1618.7519664951174,0.9992697450140151,0.0013404353591653206
1618.7589110818603,1618.7589110818603,0.9989162845947968,0.0013395915213337798
1618.7658556685801,1618.7658556685801,0.9998708976389384,0.0013390767099877062
1618.7728002553,1618.7728002553,1.000961897529025,0.0013392053672285167
1618.7797448420192,1618.7797448420192,1.0003728729073882,0.001340012047744644
1618.786689428739,1618.786689428739,0.9991089348149199,0.0013402583098033123
1618.7936340154588,1618.7936340154588,0.9986080018234421,0.001340222763489719
1618.8005786021786,1618.8005786021786,1.0009593750132157,0.0013396272286995236
1618.8075231888984,1618.8075231888984,0.9993918475206491,0.0013404694010235607
1618.8144677756181,1618.8144677756181,1.0006284335590805,0.0013389424145063367
1618.8214123623375,1618.8214123623375,0.9998375125815073,0.0013399584182592038
1618.8283569490573,1618.8283569490573,0.9997863512505957,0.0013409858567609598
1618.8353015357309,1618.8353015357309,0.9985378189181583,0.0013383891434538939
1618.8422461224386,1618.8422461224386,1.0009244835129736,0.001339374739170128
1618.8491907091582,1618.8491907091582,1.0009839604791717,0.0013420842263432659
1618.8561352958316,1618.8561352958316,1.0006196450211182,0.0013404014351106465
1618.8630798825395,1618.8630798825395,0.9994731750694366,0.001340453528808707
1618.8700244692245,1618.8700244692245,0.9988763115923941,0.0013398286483141451
1618.8769690559209,1618.8769690559209,1.0001236012929684,0.0013404399329124473
1618.883913642594,1618.883913642594,1.0004364820060325,0.0013393778539482106
1618.8908582292904,1618.8908582292904,0.999708315292527,0.0013413544125959703
1618.8978028159636,1618.8978028159636,0.9991072520395399,0.0013404663408975968
1618.9047474026363,1618.9047474026363,1.0011302757962879,0.0013403524860073673
1618.911691989321,1618.911691989321,0.9995314684690764,0.0013417211856239434
1618.9186365759942,1618.9186365759942,1.000326809475079,0.001339335897083052
1618.9255811626676,1618.9255811626676,1.0000425279032696,0.0013403983149330233
1618.9325257493288,1618.9325257493288,1.0002526885521819,0.0013410297446227997
1618.9394703359908,1618.9394703359908,1.0000531213870016,0.0013401074623131419
1618.946414922652,1618.946414922652,1.000333087208699,0.0013401458069047952
1618.9533595093133,1618.9533595093133,0.9995009086016611,0.001340858323633363
1618.9603040959635,1618.9603040959635,1.0004298800869982,0.0013409402056006356
1618.9672486826132,1618.9672486826132,0.9993955685676514,0.0013425933889558359
1618.9741932692748,1618.9741932692748,0.9998311612229618,0.0013415921272876149
1618.9811378559243,1618.9811378559243,1.0009037983645932,0.0013409842133382346
1618.9880824425632,1618.9880824425632,0.9998576272561615,0.0013418913238428534
1618.995027029201,1618.995027029201,0.997775062772735,0.0013407856037691325
1619.0019716158508,1619.0019716158508,1.0012273952203379,0.001341068780802986
1619.0089162024774,1619.0089162024774,1.0004103524856027,0.0013395862408664956
1619.0158607891158,1619.0158607891158,1.0002521904417045,0.0013397077784563286
1619.0228053757305,1619.0228053757305,0.9982828498814426,0.0013411897624324661
1619.0297499623805,1619.0297499623805,1.0002569057099944,0.0013393560428916662
1619.0366945489955,1619.0366945489955,1.0011217801275758,0.0013416860896141355
1619.043639135622,1619.043639135622,1.0002944539259162,0.0013409792108534614
1619.0505837222368,1619.0505837222368,0.9986013252932464,0.001340355160411417
1619.0575283088517,1619.0575283088517,1.0013822171547655,0.001339818869114681
1619.0644728954665,1619.0644728954665,1.0000585038318037,0.001339257215347737
1619.07141748207,1619.07141748207,1.0009918542451477,0.0013397971739950057
1619.0783620686732,1619.0783620686732,1.0006022459208954,0.0013407798569709099
1619.0853066552882,1619.0853066552882,0.9997979403684909,0.0013398332742919482
1619.0922512418915,1619.0922512418915,0.9998700351917776,0.0013416841175767477
1619.0991958284833,1619.0991958284833,0.9992286967783516,0.0013396205677542806
1619.1061404150746,1619.1061404150746,0.9995424669680611,0.0013391534198064566
1619.1130850016664,1619.1130850016664,0.9979063809546881,0.0013390646521947956
1619.1200295882581,1619.1200295882581,1.0006201603312037,0.0013403231599697619
1619.1269741748497,1619.1269741748497,0.9986522425446921,0.0013410202584087105
1619.1339187614183,1619.1339187614183,1.0029901892084656,0.0013416159766519676
1619.140863347998,1619.140863347998,0.9997991435903536,0.0013412392588283547
1619.1478079345663,1619.1478079345663,1.0009586704272553,0.0013398056574425111
1619.1547525211463,1619.1547525211463,1.0000378666643825,0.0013402557710971105
1619.1616971077146,1619.1616971077146,0.9997222048222552,0.0013415604241496027
1619.1686416942946,1619.1686416942946,0.9996537056925646,0.0013401032548067742
1619.1755862808632,1619.1755862808632,0.9997359415288166,0.0013411279420008607
1619.1825308674202,1619.1825308674202,0.9996881439295249,0.0013404469237519802
1619.189475453988,1619.189475453988,1.0006190406511588,0.0013393507069804505
1619.1964200405337,1619.1964200405337,0.9970792286247703,0.001339813918708557
1619.2033646270786,1619.2033646270786,1.0011528661529074,0.0013414328502140515
1619.210309213635,1619.210309213635,1.000923580647729,0.0013410941230358419
1619.21725380018,1619.21725380018,0.9995915420070778,0.0013394654311092828
1619.224198386725,1619.224198386725,1.0009728153741966,0.0013389628879199667
1619.2311429732586,1619.2311429732586,0.9997785825457204,0.0013402843393709456
1619.238087559792,1619.238087559792,1.0000470331752471,0.001339926122757568
1619.2450321463252,1619.2450321463252,1.000611298913124,0.001343062914349056
1619.2519767328706,1619.2519767328706,1.0005381462840988,0.0013377504217572682
1619.2589213193924,1619.2589213193924,0.9995079618356588,0.0013386613898979465
1619.2658659059143,1619.2658659059143,0.9994381366370542,0.0013396482928809252
1619.2728104924242,1619.2728104924242,1.0010733876922737,0.0013406088191990088
1619.2797550789462,1619.2797550789462,0.9995600238250442,0.001339643446688161
1619.2866996654561,1619.2866996654561,0.9998047031049321,0.0013397369560754434
1619.2936442519663,1619.2936442519663,0.9982576778119583,0.0013401151813776106
1619.3005888384764,1619.3005888384764,1.0010269723670724,0.0013401474304933626
1619.3075334249866,1619.3075334249866,1.000868235483372,0.0013411630409455987
1619.3144780114853,1619.3144780114853,0.9978749748532307,0.001340487859544206
1619.3214225979723,1619.3214225979723,1.0009181769640194,0.0013396473512981605
1619.3283671844706,1619.3283671844706,1.0009743555716133,0.001340592603895408
1619.3353117709573,1619.3353117709573,1.0010090364308333,0.00134010858691038
1619.342256357444,1619.342256357444,0.9995928370507704,0.0013411353828432226
1619.3492009439312,1619.3492009439312,1.0006920016959977,0.0013405888489625999
1619.3561455304061,1619.3561455304061,0.9992133095796337,0.0013400982166890103
1619.3630901168813,1619.3630901168813,1.0008383932642304,0.0013407573941441914
1619.3700347033566,1619.3700347033566,0.9998365675584079,0.0013401070421985713
1619.3769792898436,1619.3769792898436,1.000032563272875,0.001339102729536334
1619.3839238762955,1619.3839238762955,0.9986737160912333,0.0013389953343063551
1619.390868462759,1619.390868462759,0.9993420946254948,0.0013411604120398789
1619.3978130492228,1619.3978130492228,1.0009234938305103,0.0013396074906561427
1619.4047576356747,1619.4047576356747,1.0000358465000163,0.001339983113463616
1619.4117022221267,1619.4117022221267,1.0011053303487345,0.0013399018873859498
1619.41864680859,1619.41864680859,1.0000895052115264,0.0013388023045486325
1619.4255913950187,1619.4255913950187,1.0005541400217766,0.0013398086176772785
1619.4325359814472,1619.4325359814472,1.0006320071939339,0.0013405364389582296
1619.439480567911,1619.439480567911,0.999490822699582,0.0013393757981419265
1619.4464251543627,1619.4464251543627,0.9993494870073395,0.0013420659844156837
1619.453369740792,1619.453369740792,0.9987086247571636,0.0013393426760520374
1619.4603143272202,1619.4603143272202,0.9995756905489109,0.0013409872375054997
1619.4672589136487,1619.4672589136487,1.0011050826910215,0.001339505284303304
1619.4742035000431,1619.4742035000431,1.000098913034492,0.001339890627182145
1619.481148086448,1619.481148086448,0.9981365966873381,0.0013394508644872607
1619.488092672877,1619.488092672877,1.0011002611662714,0.001340856485902012
1619.4950372593048,1619.4950372593048,1.0003073600107564,0.0013407199586718624
1619.5019818456758,1619.5019818456758,1.0001253219473936,0.001340167511592075
1619.5089264321045,1619.5089264321045,0.999978805405029,0.0013416087619992768
1619.5158710184978,1619.5158710184978,0.9992972255264864,0.0013392193160361296
1619.5228156049034,1619.5228156049034,1.0000185836725746,0.0013398915664147098
1619.5297601912735,1619.5297601912735,0.9992823753572132,0.0013398186101277897
1619.5367047776792,1619.5367047776792,0.9995561069655897,0.0013403963999875832
1619.5436493640614,1619.5436493640614,0.9998064817080952,0.0013397466117376486
1619.5505939504433,1619.5505939504433,1.0012494352171197,0.0013415093634649617
1619.5575385368143,1619.5575385368143,1.0005173897028752,0.0013397330692330597
1619.5644831231843,1619.5644831231843,0.9997731962169206,0.0013413621809764957
1619.5714277095663,1619.5714277095663,0.9989007913624226,0.0013417775964791865
1619.578372295925,1619.578372295925,1.0004534701236254,0.001341680002824338
1619.5853168822844,1619.5853168822844,0.9986751398053351,0.0013401424138524888
1619.5922614686428,1619.5922614686428,1.0001451815779951,0.0013406044498667329
1619.5992060550016,1619.5992060550016,1.0009018461148804,0.00134157499927602
1619.6061506413603,1619.6061506413603,1.0005941924172874,0.0013409864155961182
1619.6130952276958,1619.6130952276958,1.0007286707307779,0.0013426005307753078
1619.6200398140545,1619.6200398140545,1.0005138837792837,0.0013437005561367787
1619.6269844003787,1619.6269844003787,0.9987625975090755,0.0013404553699603587
1619.6339289867144,1619.6339289867144,1.0004536559979607,0.0013418387804106841
1619.6408735730492,1619.6408735730492,0.9980683576839106,0.0013422865206975123
1619.6478181593734,1619.6478181593734,1.0006826999845946,0.0013422481066549335
1619.654762745709,1619.654762745709,0.9990446531906905,0.0013398009558237623
1619.6617073320208,1619.6617073320208,1.0004387154847576,0.0013418053050797644
1619.6686519183452,1619.6686519183452,1.0012137434885244,0.0013407378868869392
1619.675596504657,1619.675596504657,1.000859922027821,0.0013424967867363218
1619.6825410909576,1619.6825410909576,0.9996700377508555,0.0013428696045224154
1619.68948567727,1619.68948567727,1.0003979195492518,0.0013414301880012203
1619.6964302635706,1619.6964302635706,0.999568394027887,0.0013412363734250621
1619.7033748498598,1619.7033748498598,0.9994252974493744,0.0013425655123217074
1619.71031943616,1619.71031943616,0.9987964343935738,0.0013400498181315459
1619.7172640224492,1619.7172640224492,0.9998735734271389,0.001341783112183625
1619.7242086087265,1619.7242086087265,0.999434646490774,0.0013397202254864526
1619.7311531950152,1619.7311531950152,1.0007627197656679,0.0013405123735083502
1619.7380977812925,1619.7380977812925,1.00135805865251,0.001340636251483127
1619.7450423675582,1619.7450423675582,1.0003249388070672,0.0013400795555094885
1619.7519869538355,1619.7519869538355,0.9998323301159626,0.0013400748900455092
1619.7589315400899,1619.7589315400899,1.0009193245592722,0.0013400442832512411
1619.7658761263554,1619.7658761263554,1.000669589619007,0.0013401652554443997
1619.7728207126092,1619.7728207126092,0.9984123952953714,0.0013386409400490296
1619.7797652988634,1619.7797652988634,0.998911716000553,0.0013404581070140698
1619.7867098851057,1619.7867098851057,0.9996829265224854,0.0013403790668571555
1619.793654471348,1619.793654471348,0.9979610200118916,0.001339722076702968
1619.8005990575907,1619.8005990575907,1.0013616780122796,0.0013430542917634018
1619.807543643821,1619.807543643821,1.0035237321733415,0.0013438851852144572
1619.8144882300517,1619.8144882300517,1.0040885274983427,0.0013449452996710026
1619.8214328162944,1619.8214328162944,1.0042824783199475,0.0013471513651826213
1619.8283774025017,1619.8283774025017,1.0017890641977079,0.0013479851017059224
1619.8353219887326,1619.8353219887326,0.9963798366818575,0.0013458048564485628
1619.84226657494,1619.84226657494,0.9974848180256707,0.0013490431069607266
1619.8492111611474,1619.8492111611474,0.9953745084736443,0.0013498875414383216
1619.856155747355,1619.856155747355,0.9971881275091962,0.0013498303884156063
1619.863100333562,1619.863100333562,0.9972415292723372,0.0013494865815917702
1619.8700449197581,1619.8700449197581,0.9952983439040416,0.0013499684294592993
1619.8769895059538,1619.8769895059538,0.9941116870829132,0.0013514199048509444
1619.8839340921497,1619.8839340921497,0.9927428484604992,0.0013475808839804233
1619.890878678334,1619.890878678334,0.994251097650588,0.001348187420221887
1619.8978232645063,1619.8978232645063,0.9917662016514548,0.0013476750837243053
1619.9047678506788,1619.9047678506788,0.9917675097137046,0.0013471264496223404
1619.9117124368634,1619.9117124368634,0.99550378206334,0.0013471884820136623
1619.9186570230122,1619.9186570230122,0.9941967981736701,0.0013473642045932152
1619.9256016091847,1619.9256016091847,0.9948408072688453,0.001345972495258783
1619.9325461953456,1619.9325461953456,0.9941475895060753,0.0013450749629837617
1619.9394907814835,1619.9394907814835,0.9981770224745041,0.0013449316839666797
1619.9464353676208,1619.9464353676208,1.0028141630901253,0.0013462374734345191
1619.953379953805,1619.953379953805,1.0041379529197534,0.0013442036696959792
1619.9603245399542,1619.9603245399542,1.0022920146460357,0.0013451571656539643
1619.9672691260917,1619.9672691260917,1.002719827614003,0.0013438095618062387
1619.9742137121714,1619.9742137121714,1.002272642292755,0.0013401600020737032
1619.9811582983086,1619.9811582983086,0.9995428136976161,0.0013406667374684645
1619.9881028844463,1619.9881028844463,0.9993910889605251,0.0013384263039921088
1619.9950474705838,1619.9950474705838,0.9988208504099314,0.0013379103358279285
1620.0019920566633,1620.0019920566633,0.9985772679840537,0.0013401065893585665
1620.0089366428012,1620.0089366428012,0.9997710927062096,0.001340526117469885
1620.0158812288803,1620.0158812288803,1.0019271252019315,0.0013407537414874702
1620.022825814995,1620.022825814995,1.0007641955595517,0.0013399322809577172
1620.0297704010857,1620.0297704010857,1.0004425860130826,0.0013408382584336781
1620.0367149871768,1620.0367149871768,0.9983171930860901,0.0013402808212269624
1620.043659573256,1620.043659573256,0.9981889719762987,0.0013408791649210288
1620.0506041593358,1620.0506041593358,0.9988411389888018,0.0013400498910747238
1620.0575487454153,1620.0575487454153,1.0003322340536533,0.0013415609056120306
1620.0644933314825,1620.0644933314825,1.0009960530343422,0.0013411676552735432
1620.0714379175508,1620.0714379175508,0.9986836620074246,0.0013401656323026188
1620.0783825036178,1620.0783825036178,1.0016547254798747,0.0013404483540724779
1620.0853270896746,1620.0853270896746,1.000480800956542,0.0013404042820136975
1620.092271675731,1620.092271675731,1.0000072277960934,0.0013396935174462216
1620.099216261775,1620.099216261775,1.0017376107322065,0.0013400298777718688
1620.1061608478194,1620.1061608478194,1.0002013710832354,0.0013413113946207447
1620.1131054338523,1620.1131054338523,0.998683168791431,0.001340141850270525
1620.1200500198966,1620.1200500198966,0.999908354208548,0.00134011256494373
1620.1269946059178,1620.1269946059178,0.9993033128735667,0.0013401698937344875
1620.1339391919387,1620.1339391919387,0.9981714279148747,0.0013404842418814418
1620.1408837779604,1620.1408837779604,0.9994814643418742,0.0013398970483422027
1620.1478283639694,1620.1478283639694,1.0016612803536638,0.0013405212580234016
1620.1547729499907,1620.1547729499907,1.0003179503584796,0.0013398593831963118
1620.1617175359768,1620.1617175359768,0.9999480290711722,0.0013423458072687425
1620.1686621219985,1620.1686621219985,0.9996435148738323,0.0013396616589558613
1620.1756067079962,1620.1756067079962,1.0000663331593629,0.0013409580824730633
1620.1825512939824,1620.1825512939824,1.000551106574647,0.0013433399276542208
1620.1953293321726,1620.1953293321726,0.9994122841146543,0.001341835739692387
1620.206162886303,1620.206162886303,1.0008588458081022,0.0013412232930834736
1620.213107472266,1620.213107472266,0.9999053594568048,0.0013428873714750318
1620.220052058229,1620.220052058229,1.000781087753299,0.001341494899411049
1620.2269966441804,1620.2269966441804,0.9983578712958888,0.0013405273132920952
1620.2339412301317,1620.2339412301317,1.0000046998023318,0.001341061908716524
1620.2408858160948,1620.2408858160948,0.9990793022098956,0.0013410185914811245
1620.2478304020226,1620.2478304020226,1.0013575133074595,0.0013421873656809435
1620.254774987962,1620.254774987962,0.9997245132387981,0.0013419995198822824
1620.26171957389,1620.26171957389,1.0011959470806011,0.0013414138732448604
1620.2686641598298,1620.2686641598298,0.9991120054005588,0.0013408969555600107
1620.2756087457467,1620.2756087457467,1.001136673573573,0.0013423806423933033
1620.2825533316627,1620.2825533316627,1.0006850529208071,0.0013417548493553824
1620.2894979175676,1620.2894979175676,1.000092615527894,0.0013393900052621685
1620.2964425034725,1620.2964425034725,0.9985473230470783,0.0013410798225143158
1620.303387089377,1620.303387089377,0.9971281772987888,0.0013383360666725684
1620.3103316752702,1620.3103316752702,1.0029085015295083,0.0013401087379172787
1620.3172762611634,1620.3172762611634,0.9997583729559845,0.0013408345173143046
1620.3242208470447,1620.3242208470447,1.000506413749192,0.0013388407766742611
1620.3311654329266,1620.3311654329266,1.0012259561407144,0.0013425568439600975
1620.3381100187958,1620.3381100187958,1.000440623391453,0.0013410878431155833
1620.3450546046545,1620.3450546046545,0.9985637671252983,0.0013399770420384224
1620.3519991905475,1620.3519991905475,0.9993685056617216,0.0013409478971878927
1620.3589437763937,1620.3589437763937,1.0000102578890866,0.001340182000474951
1620.3658883622406,1620.3658883622406,0.9989642258487997,0.0013381150635627527
1620.372832948087,1620.372832948087,0.9982942472850777,0.0013393044747051972
1620.3797775339337,1620.3797775339337,1.0014335258193872,0.0013414365102529646
1620.3867221197802,1620.3867221197802,1.0009437010434956,0.001339276586663288
1620.3936667055918,1620.3936667055918,1.0009980766310504,0.0013401180141790676
1620.4006112914149,1620.4006112914149,0.999861772060249,0.0013399163160437277
1620.4075558772502,1620.4075558772502,1.0014037547627763,0.001340802333561969
1620.4145004630495,1620.4145004630495,0.9983046150529231,0.0013404613367885387
1620.4214450488612,1620.4214450488612,1.0005549999295593,0.00134023251878691
1620.4283896346728,1620.4283896346728,0.9981373234489282,0.0013396536797667417
1620.4353342204613,1620.4353342204613,1.0005131284126687,0.0013400473352614423
1620.4422788062616,1620.4422788062616,1.0014245034756883,0.0013414633108582608
1620.4492233920384,1620.4492233920384,0.9998017707841271,0.0013405838312099743
1620.4561679778262,1620.4561679778262,0.9985643250613017,0.0013403147165834477
1620.4631125636033,1620.4631125636033,0.999992549714872,0.0013404152517391835
1620.470057149368,1620.470057149368,0.9996591725591608,0.001340504265801879
1620.4770017351216,1620.4770017351216,1.0015355980003808,0.0013396843643580375
1620.4839463208987,1620.4839463208987,1.000447287669725,0.0013393219084020965
1620.4908909066398,1620.4908909066398,0.9981841041309881,0.0013408598750875589
1620.4978354923933,1620.4978354923933,0.9996748521157848,0.0013388204063611256
1620.5047800781235,1620.5047800781235,1.0001102464143479,0.00134092234390264
1620.5117246638652,1620.5117246638652,1.0002548949364218,0.001340760672261037
1620.5186692495956,1620.5186692495956,1.0017611115758618,0.0013408586171700892
1620.5256138353138,1620.5256138353138,0.9997366370287095,0.001339777634371236
1620.5325584210325,1620.5325584210325,1.0009016127437687,0.0013400350210793803
1620.5395030067398,1620.5395030067398,1.000085473621266,0.0013413572729492024
1620.5464475924578,1620.5464475924578,1.0003511592153465,0.0013414130761832926
1620.5533921781648,1620.5533921781648,0.9986346663786924,0.0013395152230984116
1620.5603367638364,1620.5603367638364,0.9998081739991669,0.001340660625989521
1620.5672813495316,1620.5672813495316,0.9998451502368079,0.0013416787340822455
1620.574225935215,1620.574225935215,0.9986520083815036,0.0013406570601913342
1620.581170520887,1620.581170520887,0.9990946459738067,0.0013413434133514924
1620.5881151065591,1620.5881151065591,1.0009981511284924,0.0013438538777592796
1620.5950596922312,1620.5950596922312,1.0010559013712654,0.0013420405871383506
1620.6020042778798,1620.6020042778798,1.0012692893695647,0.0013434704323596284
1620.6089488635287,1620.6089488635287,1.0004178774091126,0.0013426662966346255
1620.6158934491887,1620.6158934491887,0.9972414543332888,0.001341003625048604
1620.6228380348143,1620.6228380348143,0.9992533900846914,0.0013416945018149833
1620.6297826204623,1620.6297826204623,1.0001754563575338,0.0013402898319043043
1620.6367272060882,1620.6367272060882,1.0002507635234974,0.0013423250882086562
1620.6436717917013,1620.6436717917013,1.0019068029898495,0.001342282536288744
1620.6506163773156,1620.6506163773156,1.0000110291966822,0.001339640623418933
1620.6575609629294,1620.6575609629294,0.9997150821010233,0.001341225234670429
1620.6645055485194,1620.6645055485194,1.000461663777045,0.0013409985302563886
1620.6714501341335,1620.6714501341335,0.9997922734259774,0.0013401020394242307
1620.6783947197237,1620.6783947197237,1.0002988552629122,0.001339050303706451
1620.6853393053027,1620.6853393053027,0.9988924941722285,0.0013394435927531001
1620.6922838908697,1620.6922838908697,0.9997531495270371,0.0013400987535425418
1620.6992284764715,1620.6992284764715,0.9999142483134538,0.0013411390848586194
1620.7061730620271,1620.7061730620271,0.999890451291451,0.0013408032113275943
1620.7131176475825,1620.7131176475825,1.0013466605883707,0.0013418205869101963
1620.720062233138,1620.720062233138,0.9986727296307893,0.0013397130665878643
1620.7270068186938,1620.7270068186938,1.0015805918209633,0.0013413819587599887
1620.7339514042026,1620.7339514042026,1.0003057816436929,0.0013415200204198265
1620.7408959897466,1620.7408959897466,0.9999443349975777,0.0013406389386116987
1620.7478405752786,1620.7478405752786,0.9994939752889234,0.0013395672562329622
1620.7547851607992,1620.7547851607992,0.999058870635001,0.001340605869470071
1620.761729746308,1620.761729746308,0.9990690520861568,0.001341386742446004
1620.7686743318168,1620.7686743318168,1.0008811536985216,0.0013413918598701277
1620.7756189173142,1620.7756189173142,1.0006461793598542,0.0013424201114260541
1620.7825635028116,1620.7825635028116,0.9996347610818314,0.0013413332539819467
1620.789508088297,1620.789508088297,1.0014728396539476,0.001342389865314532
1620.7964526737717,1620.7964526737717,0.9991481452752069,0.001340169252641589
1620.803397259257,1620.803397259257,0.9988288822141642,0.0013410698428844114
1620.8103418447192,1620.8103418447192,1.000444472564257,0.0013408628018202915
1620.8172864301819,1620.8172864301819,0.9991926838408638,0.0013416960984212662
1620.8242310156324,1620.8242310156324,1.0003491033274987,0.0013406381831387764
1620.8311756010833,1620.8311756010833,0.9988614743670645,0.001340781082682691
1620.8381201865222,1620.8381201865222,1.0003942925974132,0.0013396030747188747
1620.8450647719615,1620.8450647719615,1.0001363103443188,0.001339031370011009
1620.8520093574002,1620.8520093574002,1.0011838591102014,0.0013398707844269786
1620.8589539428046,1620.8589539428046,1.0004546120252331,0.0013398043879276915
1620.8658985282202,1620.8658985282202,1.0000527913142778,0.001340335138982293
1620.8728431136244,1620.8728431136244,1.0000197562607114,0.0013393176195181703
1620.8797876990402,1620.8797876990402,1.0003447050535421,0.0013395927563498492
1620.8867322844212,1620.8867322844212,1.0015828123224315,0.001340420157169649
1620.8936768698138,1620.8936768698138,0.9986493774980557,0.0013417711189339363
1620.9006214551946,1620.9006214551946,0.9990770812749442,0.001339988723528721
1620.9075660405638,1620.9075660405638,0.9990827151666289,0.0013397543204265495
1620.9145106259332,1620.9145106259332,0.9997034039280802,0.0013428388943285262
1620.9214552112905,1620.9214552112905,1.000436281017796,0.0013398309405163358
1620.9283997966365,1620.9283997966365,0.999576257434897,0.0013402985957951825
1620.935344381994,1620.935344381994,1.0008306900385204,0.0013412498587490464
1620.9422889673283,1620.9422889673283,0.9988558776548793,0.0013393202134705934
1620.949233552651,1620.949233552651,1.0015820104194986,0.0013411649295579562
1620.9561781379734,1620.9561781379734,1.0000847773505364,0.001340377146012267
1620.9631227232849,1620.9631227232849,1.0005228224388616,0.0013426034686616875
1620.9700673085958,1620.9700673085958,1.000103772610178,0.0013431423164273636
1620.9770118939068,1620.9770118939068,0.9999435838157094,0.0013406031627546532
1620.983956479183,1620.983956479183,0.9986051028022368,0.0013400041057929093
1620.9909010645056,1620.9909010645056,1.0007361963374677,0.0013402375232825958
1620.9978456497697,1620.9978456497697,1.0002984837476274,0.0013409837522001475
1621.0047902350343,1621.0047902350343,0.9992329521801657,0.0013401727888144
1621.011734820299,1621.011734820299,0.9996219955536845,0.0013418009697010963
1621.0186794055633,1621.0186794055633,1.000514353184869,0.0013412125347574888
1621.0256239908279,1621.0256239908279,0.9998942897617564,0.0013399453542069857
1621.0325685760458,1621.0325685760458,1.0014141711872326,0.0013418561225399693
1621.0395131612981,1621.0395131612981,0.9989153549719898,0.001339692510752762
1621.0464577465166,1621.0464577465166,0.9995736518725866,0.001339784106235424
1621.0534023317457,1621.0534023317457,0.9992154722309534,0.0013397014749249843
1621.0603469169523,1621.0603469169523,1.001104964419852,0.0013421911031575855
1621.0672915021582,1621.0672915021582,0.999003875265428,0.0013403143165831041
1621.0742360873646,1621.0742360873646,1.0015819458626596,0.0013407313872213856
1621.0811806725592,1621.0811806725592,0.9992977002030553,0.0013396623890023045
1621.0881252577306,1621.0881252577306,1.0000393242871737,0.0013402685403420917
1621.0950698429135,1621.0950698429135,1.00069329286549,0.0013410515868227343
1621.102014428073,1621.102014428073,1.0009360053485152,0.0013411846927301515
1621.1089590132444,1621.1089590132444,0.9980654585868411,0.0013408453908993292
1621.1159035983926,1621.1159035983926,1.0005174579510534,0.0013405806703041428
1621.122848183541,1621.122848183541,0.9982366684612384,0.0013389435766801702
1621.1297927686767,1621.1297927686767,0.9996125958030577,0.0013395030623716126
1621.1367373538135,1621.1367373538135,1.0022834147895523,0.0013408690529599786
1621.1436819389378,1621.1436819389378,0.9991389035734886,0.0013406339422152307
1621.1506265240512,1621.1506265240512,1.0005421570739566,0.0013409834684346557
1621.1575711091525,1621.1575711091525,0.9998226233805763,0.001341042875423503
1621.164515694254,1621.164515694254,1.0005090913016337,0.0013414397266959435
1621.171460279344,1621.171460279344,1.0008802138543547,0.0013411695906430103
1621.1784048644338,1621.1784048644338,1.000644804193731,0.0013395984691309578
1621.1853494495003,1621.1853494495003,1.0015371925448533,0.001340566946446544
1621.1922940345785,1621.1922940345785,0.9991508571231973,0.0013397956998548069
1621.1992386196214,1621.1992386196214,0.999658723875933,0.0013403975054685287
1621.2061832046882,1621.2061832046882,0.998732010013969,0.0013399386325247298
1621.2131277897195,1621.2131277897195,0.9977890652103726,0.001339231647503906
1621.2200723747515,1621.2200723747515,1.0012326386014585,0.001341583484867277
1621.2270169597828,1621.2270169597828,1.0001831692124319,0.001342003950553295
1621.2339615448032,1621.2339615448032,1.0021124846071163,0.001340706011264601
1621.2409061298229,1621.2409061298229,1.0019609167638106,0.0013408367916158356
1621.2478507148085,1621.2478507148085,0.9994282278067861,0.0013393006681816444
1621.2547952998164,1621.2547952998164,0.9999350941319811,0.0013407251632211632
1621.2617398848129,1621.2617398848129,0.9989200519828791,0.0013408357808430212
1621.2686844697866,1621.2686844697866,1.0010460558208971,0.001339851309613733
1621.2756290547597,1621.2756290547597,0.9994225727787411,0.0013408543968060002
1621.2825736397217,1621.2825736397217,0.9979024546198737,0.0013405064901121514
1621.2895182246484,1621.2895182246484,1.0012855429362344,0.0013413243683689986
1621.2964628096101,1621.2964628096101,1.0013987269786284,0.0013408001076305697
1621.303407394537,1621.303407394537,1.0008952072373818,0.0013410648573022746
1621.3103519794643,1621.3103519794643,1.0018406724052074,0.001342666149734398
1621.317296564391,1621.317296564391,0.9985556750884437,0.0013402981095556466
1621.324241149306,1621.324241149306,0.999847847991651,0.0013395360119765876
1621.3311857342098,1621.3311857342098,0.9990985843235917,0.0013403568059405387
1621.3381303190902,1621.3381303190902,0.9989241875130237,0.0013401675039847467
1621.3450749039935,1621.3450749039935,0.9997656079658274,0.0013398218543516748
1621.352019488862,1621.352019488862,1.0009339691540329,0.0013414885236107332
1621.3589640737305,1621.3589640737305,0.9997878523933659,0.0013410091154490733
1621.3659086585878,1621.3659086585878,1.000356308112251,0.0013398983273289191
1621.3728532434448,1621.3728532434448,1.0019653753191362,0.0013412926845875691
1621.3797978282898,1621.3797978282898,1.0011624771563796,0.0013398256748379021
1621.3867424131236,1621.3867424131236,0.9974758378211279,0.0013416949924923097
1621.3936869979575,1621.3936869979575,0.9986017450601615,0.0013386924113835104
1621.400631582756,1621.400631582756,1.000262307887804,0.001339598166473825
1621.407576167567,1621.407576167567,1.0011513387795095,0.0013416352213485158
1621.4145207523657,1621.4145207523657,0.9995465191788231,0.0013402022136078766
1621.4214653371641,1621.4214653371641,0.9999558994372437,0.0013401193383162
1621.4284099219399,1621.4284099219399,1.000489748973255,0.0013423826261651848
1621.4353545067152,1621.4353545067152,0.9992805580566275,0.0013405750269013792
1621.4422990914675,1621.4422990914675,1.0004995046834875,0.0013408179612566038
1621.4492436762196,1621.4492436762196,0.999089088283722,0.0013390176524123482
1621.4561882609719,1621.4561882609719,1.000600548364698,0.0013412095014216556
1621.4631328457124,1621.4631328457124,1.0013886963010266,0.00134070656224709
1621.47007743043,1621.47007743043,1.0006396330678022,0.00133962794355742
1621.477022015147,1621.477022015147,0.999394381684619,0.0013400140096128
1621.483966599864,1621.483966599864,0.9991294143094255,0.00133929420462706
1621.49091118457,1621.49091118457,0.9989378940176181,0.0013402281362857535
1621.497855769252,1621.497855769252,1.0009022006051342,0.001339008676675402
1621.5048003539346,1621.5048003539346,0.9990794817011004,0.0013397703041569612
1621.5117449386169,1621.5117449386169,1.000369192245719,0.0013411621368508472
1621.5186895232641,1621.5186895232641,1.000371133407334,0.0013418417346268044
1621.5256341079235,1621.5256341079235,1.0005715061173848,0.0013406967001951355
1621.5325786925591,1621.5325786925591,1.0009262579613385,0.0013406530743519196
1621.5395232772066,1621.5395232772066,0.9990349451488088,0.001338436359163726
1621.5464678618312,1621.5464678618312,0.9985815690001655,0.0013389182020846079
1621.5534124464434,1621.5534124464434,0.9995362793273574,0.0013409102952574524
1621.5603570310561,1621.5603570310561,1.001295082011883,0.001342488090603913
1621.567301615645,1621.567301615645,1.002478633785978,0.001341806088184299
1621.5742462002345,1621.5742462002345,0.9993792464917297,0.0013400362701043598
1621.5811907848117,1621.5811907848117,0.9998760929539421,0.0013413993300474135
1621.5881353693778,1621.5881353693778,0.9986245131819711,0.0013406601967878976
1621.5950799539437,1621.5950799539437,0.9983185098294876,0.0013402735904376397
1621.6020245384866,1621.6020245384866,1.0000776212958413,0.0013410778259073405
1621.6089691230177,1621.6089691230177,1.0002277068501535,0.00134032594228633
1621.6159137075601,1621.6159137075601,0.9991710564791989,0.0013412927097798837
1621.6228582920796,1621.6228582920796,1.0016610534607069,0.001341992383538501
1621.6298028765873,1621.6298028765873,1.0011368002402823,0.0013400391811983125
1621.636747461095,1621.636747461095,1.0000164094833328,0.0013397218112420081
1621.6436920455794,1621.6436920455794,0.9987520258794881,0.0013408993620629792
1621.650636630064,1621.650636630064,1.0004542149895679,0.001339845171721087
1621.657581214525,1621.657581214525,1.0011360736849404,0.0013396567317033622
1621.6645257989862,1621.6645257989862,0.9999577885202996,0.001339879761763638
1621.6714703834473,1621.6714703834473,0.9993466687578179,0.001339459274216251
1621.6784149678854,1621.6784149678854,1.000022279424273,0.0013406533372204252
1621.6853595523,1621.6853595523,0.9998145721066123,0.0013400131189655144
1621.6923041367495,1621.6923041367495,1.0001487930975472,0.0013409820051471948
1621.6992487211405,1621.6992487211405,0.9979670452215046,0.0013404777324214777
1621.7061933055318,1621.7061933055318,1.001633053580052,0.0013425256700468654
1621.7131378899235,1621.7131378899235,0.9999492335446597,0.0013398072964781568
1621.7200824743145,1621.7200824743145,1.0003462231029252,0.0013397305489975934
1621.7270270586944,1621.7270270586944,0.9999836217358349,0.0013405870140890156
1621.7339716430392,1621.7339716430392,0.9983850237220496,0.0013431952492083709
1621.7409162273955,1621.7409162273955,1.0015310396595203,0.0013414256712009245
1621.7478608117285,1621.7478608117285,0.9995231560578866,0.0013394540070489366
1621.7548053960613,1621.7548053960613,1.0004834135021203,0.0013399884225402533
1621.7617499803832,1621.7617499803832,1.0010196824596265,0.001339039795547044
1621.7686945646815,1621.7686945646815,0.9991996771539776,0.0013410230943401813
1621.7756391489795,1621.7756391489795,0.9992739039230646,0.0013386366128669979
1621.7825837332664,1621.7825837332664,0.9992715410380019,0.0013403146429273242
1621.7895283175408,1621.7895283175408,1.0010215823539377,0.0013379463957126979
1621.7964729018156,1621.7964729018156,0.9997756065302313,0.0013387741012848395
1621.8034174860672,1621.8034174860672,0.9991640663176723,0.0013380681195543746
1621.8103620703073,1621.8103620703073,1.001766617027378,0.0013383955937091151
1621.8173066545473,1621.8173066545473,1.000339614264794,0.0013419236927929078
1621.8242512387637,1621.8242512387637,1.0003279128729878,0.0013390946829660304
1621.831195822981,1621.831195822981,0.9985237719598052,0.0013397769466223725
1621.838140407186,1621.838140407186,0.999159803229136,0.0013382473627168757
1621.8450849913675,1621.8450849913675,1.0010235996771228,0.0013413225094655922
1621.8520295755495,1621.8520295755495,0.9998431072210561,0.0013390729499702552
1621.8589741597193,1621.8589741597193,1.000677064314146,0.00134011393883052
1621.8659187438777,1621.8659187438777,0.9994698579636188,0.0013387526757401166
1621.8728633280132,1621.8728633280132,0.99980495194167,0.001338830007761599
1621.8798079121716,1621.8798079121716,0.9995539378712767,0.0013402298981976105
1621.886752496272,1621.886752496272,1.0011043414524257,0.0013398856589688535
1621.8936970803722,1621.8936970803722,0.9989547828341365,0.0013385653447407346
1621.9006416644727,1621.9006416644727,1.0007173949691048,0.0013401384224606327
1621.907586248573,1621.907586248573,1.0010675153406638,0.0013405209757971688
1621.914530832673,1621.914530832673,1.000595818702576,0.0013403837502341572
1621.9214754167267,1621.9214754167267,0.9990779808810126,0.0013404886419885378
1621.9284200007926,1621.9284200007926,0.9984583280200006,0.001338497652783446
1621.935364584834,1621.935364584834,0.9982357121268357,0.0013382839293617985
1621.9423091688764,1621.9423091688764,0.9998545250592642,0.0013392049905137078
1621.9492537529065,1621.9492537529065,1.0009720080041,0.0013406025672966996
1621.9561983369022,1621.9561983369022,1.0018570936655622,0.0013391432722172547
1621.9631429209091,1621.9631429209091,0.9985577743614271,0.0013400740888770317
1621.9700875048932,1621.9700875048932,1.0022526903146276,0.001340357204793706
1621.9770320888767,1621.9770320888767,1.0002092979482167,0.0013404549874780226
1621.9839766728496,1621.9839766728496,1.000148249539862,0.0013384697700260522
1621.9909212567982,1621.9909212567982,0.9982668977102506,0.0013389305278300487
1621.9978658407356,1621.9978658407356,1.0008932199888219,0.0013412982944398986
1622.0048104246612,1622.0048104246612,0.9996564512220747,0.0013392229300960563
1622.011755008587,1622.011755008587,0.9984900236504654,0.001340749725133946
1622.0186995924892,1622.0186995924892,1.0009195872797385,0.0013411031623832815
1622.0256441763916,1622.0256441763916,1.0006457154275505,0.0013404639415064367
1622.0325887602703,1622.0325887602703,0.9998145807122636,0.001340754618635434
1622.0395333441381,1622.0395333441381,1.0007369926262177,0.0013425762197533237
1622.0464779280053,1622.0464779280053,0.9996367447231712,0.0013386859955766867
1622.053422511838,1622.053422511838,0.9989813150228851,0.0013376746576728691
1622.060367095694,1622.060367095694,1.001318122674585,0.0013382542657116505
1622.0673116795028,1622.0673116795028,1.001641301673224,0.001341516619288572
1622.0742562633125,1622.0742562633125,0.9991661589477546,0.0013404518658639483
1622.0812008471216,1622.0812008471216,1.0011701321958744,0.0013389608353659118
1622.0881454309076,1622.0881454309076,0.9995341413494699,0.0013393664690801914
1622.0950900146818,1622.0950900146818,0.9997451247627692,0.0013381855121472603
1622.1020345984325,1622.1020345984325,0.9983814416024825,0.0013377945449976395
1622.1089791821953,1622.1089791821953,1.001276328151668,0.0013387041883021213
1622.115923765923,1622.115923765923,0.999116901193746,0.0013402182547312313
1622.1228683496508,1622.1228683496508,1.000203313915126,0.0013391526675062867
1622.1298129333554,1622.1298129333554,1.0013238691565545,0.0013388944769574434
1622.1367575170598,1622.1367575170598,0.9993853657381472,0.0013397118196271673
1622.1437021007528,1622.1437021007528,0.9997979488930884,0.0013399390078932699
1622.1506466844335,1622.1506466844335,0.999535902962587,0.0013379839808097343
1622.1575912680917,1622.1575912680917,1.0008181344908889,0.0013403297094563445
1622.1645358517378,1622.1645358517378,0.999374308333777,0.001339139995447987
1622.1714804353724,1622.1714804353724,1.000104430127178,0.0013394743289843643
1622.1784250189953,1622.1784250189953,1.0006487438890763,0.0013393767705480232
1622.185369602607,1622.185369602607,0.9991783223350821,0.0013402627553987443
1622.1923141862178,1622.1923141862178,1.0004855465974594,0.001339875827562773
1622.1992587697946,1622.1992587697946,1.0003059620681813,0.0013399440528841645
1622.2062033533707,1622.2062033533707,0.9987658620038694,0.0013398666729159156
1622.2131479369357,1622.2131479369357,1.0004416926499622,0.0013388754485462516
1622.2200925204656,1622.2200925204656,0.9992105696670025,0.001338838220933813
1622.2270371040304,1622.2270371040304,1.0016570669217733,0.001339183290322126
1622.2339816875483,1622.2339816875483,1.0004442338823236,0.0013401416676029345
1622.2409262710432,1622.2409262710432,0.9994044110233518,0.0013389827110138306
1622.2478708545266,1622.2478708545266,0.998049351792958,0.0013383881046284654
1622.2548154380215,1622.2548154380215,1.000398651213054,0.0013393925795606334
1622.2617600214812,1622.2617600214812,1.002108415120319,0.0013382745490743144
1622.2687046049414,1622.2687046049414,0.9982757158902062,0.0013384245167116617
1622.2756491883902,1622.2756491883902,0.9992013301396054,0.0013389856326021224
1622.282593771803,1622.282593771803,0.9988802718090172,0.001338402696723091
1622.2895383552282,1622.2895383552282,1.00078397984598,0.0013388199405696768
1622.2964829386183,1622.2964829386183,1.0016572417969345,0.001339162845536423
1622.3034275220202,1622.3034275220202,0.9996397000955639,0.0013403682119670387
1622.310372105387,1622.310372105387,1.0029200904979392,0.0013437111114542248
1622.317316688742,1622.317316688742,1.0022373295924942,0.0013422681801442537
1622.3242612720974,1622.3242612720974,1.0042955198131955,0.0013446370246844917
1622.3312058554293,1622.3312058554293,1.0016002773639776,0.0013457917862579054
1622.338150438738,1622.338150438738,0.994239500937453,0.0013462980350497345
1622.3450950220465,1622.3450950220465,0.9955061555901459,0.0013458484472498766
1622.3520396053436,1622.3520396053436,0.995364202840442,0.0013486875487547913
1622.3589841886173,1622.3589841886173,0.9978074418564817,0.001352152963608906
1622.3659287718913,1622.3659287718913,0.9974993886843236,0.0013514676876616003
1622.3728733551184,1622.3728733551184,0.9981186980562008,0.001351633185609344
1622.3798179383455,1622.3798179383455,0.9979862145969717,0.0013540034279018352
1622.386762521572,1622.386762521572,0.9976858015210203,0.0013522190809209574
1622.3937071048,1622.3937071048,0.9981524625121144,0.0013526857888997862
1622.4006516879804,1622.4006516879804,0.9974386039598618,0.0013539310683733361
1622.4075962711722,1622.4075962711722,0.9962728516142121,0.0013498151550463806
1622.4145408543295,1622.4145408543295,0.9941060408957298,0.0013472221529798275
1622.421485437487,1622.421485437487,0.992178239943026,0.0013444445460811067
1622.4284300206207,1622.4284300206207,0.9923665223208227,0.001345519135654226
1622.4353746037436,1622.4353746037436,0.9941468518668952,0.0013460562650610532
1622.4423191868536,1622.4423191868536,1.0030668788567039,0.001344380141048411
1622.44926376993,1622.44926376993,1.001436475111277,0.0013448183635740808
1622.4562083530172,1622.4562083530172,1.0031788671715465,0.0013435155451634825
1622.4631529360818,1622.4631529360818,1.0011820556576172,0.001340697085302304
1622.470097519134,1622.470097519134,1.0000426861999587,0.0013399896151139062
1622.4770421021633,1622.4770421021633,1.000315163458162,0.0013377478792885881
1622.4839866851926,1622.4839866851926,1.0007813889620616,0.0013388066942296149
1622.4909312681868,1622.4909312681868,0.9986893953547711,0.0013391586456667263
1622.4978758511697,1622.4978758511697,1.000540317405198,0.0013375535905558744
1622.5048204341633,1622.5048204341633,1.0009704705836133,0.0013388950772336657
1622.5117650171003,1622.5117650171003,0.9989160837607779,0.0013381941117044268
1622.518709600036,1622.518709600036,1.000246688087772,0.0013399082378885655
1622.5256541829724,1622.5256541829724,0.9985910020123349,0.001338877066620061
1622.5325987659082,1622.5325987659082,1.0009407311538847,0.001337832612036478
1622.539543348798,1622.539543348798,1.0013599558289592,0.0013399502491210965
1622.5464879316874,1622.5464879316874,0.9993190672387561,0.001338684938750148
1622.5534325145538,1622.5534325145538,1.0003361771106052,0.0013389225265881054
1622.5603770973967,1622.5603770973967,0.9979432326485803,0.0013389224054057233
1622.5673216802395,1622.5673216802395,1.0005081451983517,0.0013387353401170638
1622.5742662630705,1622.5742662630705,0.9998634523220495,0.0013392539166731826
1622.5812108458672,1622.5812108458672,0.9993278833497262,0.0013392161404139472
1622.588155428652,1622.588155428652,0.999971383259593,0.0013392209002029817
1622.5951000114485,1622.5951000114485,1.0001322534330641,0.0013389464282973235
1622.602044594198,1622.602044594198,1.001120370645523,0.0013396260398266019
1622.608989176948,1622.608989176948,1.0004846489073373,0.001338372227890483
1622.6159337596746,1622.6159337596746,0.9991807201786166,0.0013380706082534563
1622.6228783423896,1622.6228783423896,1.0011623249355375,0.0013394149259597769
1622.6298229250926,1622.6298229250926,1.0004401373873013,0.0013391795089262436
1622.6367675077845,1622.6367675077845,0.9987823193452201,0.001341776393423704
1622.643712090441,1622.643712090441,0.9999605117663037,0.0013386550205276722
1622.6506566730864,1622.6506566730864,0.9986005527012857,0.0013378346044301812
1622.6576012557314,1622.6576012557314,1.000361471250069,0.001339783875968144
1622.6645458383414,1622.6645458383414,1.000518158859404,0.0013385718849616732
1622.6714904209516,1622.6714904209516,0.9997332098438289,0.0013384554337802423
1622.6784350035264,1622.6784350035264,1.0010516405274181,0.0013405641224381744
1622.685379586102,1622.685379586102,1.0010094246089956,0.0013394758310975043
1622.6923241686422,1622.6923241686422,1.0002664587086272,0.0013392376744570766
1622.6992687511943,1622.6992687511943,0.9988091345634927,0.0013395536275807563
1622.706213333711,1622.706213333711,0.9988426282513124,0.0013399349561945537
1622.713157916205,1622.713157916205,1.0000959396663056,0.0013381171382712087
1622.7201024987103,1622.7201024987103,0.9980682467993842,0.0013390351568148776
1622.7270470811688,1622.7270470811688,1.0004941943780985,0.0013385607881545162
1622.7339916636279,1622.7339916636279,1.0013758516667823,0.001338655422527237
1622.7409362460633,1622.7409362460633,1.000652094904738,0.0013383811537020143
1622.7478808284873,1622.7478808284873,0.999648864608667,0.0013393495340307878
1622.7548254108992,1622.7548254108992,1.0013731027817052,0.0013389860755800877
1622.7617699932766,1622.7617699932766,1.001422869350071,0.0013385153433534392
1622.7687145756656,1622.7687145756656,0.9978583679221937,0.001336783647141884
1622.7756591580196,1622.7756591580196,1.0000528348579554,0.0013394067949850934
1622.7826037403388,1622.7826037403388,0.9992682575561329,0.0013388158486174226
1622.7895483226698,1622.7895483226698,1.000110178804179,0.001338535067569275
1622.7964929049654,1622.7964929049654,1.000838585639492,0.0013396108704720236
1622.8034374872495,1622.8034374872495,1.0001230569598178,0.0013392865365829596
1622.810382069522,1622.810382069522,0.9992479114865788,0.0013390392915869367
1622.8173266517713,1622.8173266517713,0.9994231689336275,0.0013389426788823218
1622.8242712340088,1622.8242712340088,0.9989764811033266,0.0013385377189896552
1622.8312158162232,1622.8312158162232,1.001144712899512,0.001338227841186625
1622.8381603984258,1622.8381603984258,0.9995639778701072,0.0013379606304252958
1622.8451049806051,1622.8451049806051,1.000061337000305,0.001338637911415308
1622.852049562773,1622.852049562773,1.0012183018601182,0.0013402001505168019
1622.8589941449177,1622.8589941449177,1.0004420108222534,0.0013383689711894725
1622.8659387270502,1622.8659387270502,1.001504649439082,0.001339166488797282
1622.8728833091716,1622.8728833091716,0.9993678179636498,0.0013393382369961929
1622.8798278912577,1622.8798278912577,0.9985420313991653,0.0013382181692641827
1622.8867724733554,1622.8867724733554,1.000368447598375,0.0013398872431343886
1622.8937170554186,1622.8937170554186,0.9999571827958453,0.0013374246937692335
1622.9006616374231,1622.9006616374231,0.999645492145086,0.0013393886808480175
1622.907606219463,1622.907606219463,0.9978809173955432,0.0013389271629956176
1622.9145508014676,1622.9145508014676,0.9995298434956229,0.0013402328031031576
1622.9214953834612,1622.9214953834612,1.0009532248200252,0.001340315396000219
1622.9284399654193,1622.9284399654193,1.000402974266551,0.0013384028511863539
1622.9353845473775,1622.9353845473775,1.0016041104321514,0.0013395728277351838
1622.9423291293238,1622.9423291293238,1.001228863865895,0.001339066167403105
1622.9492737112355,1622.9492737112355,0.997512140048159,0.001338563796841747
1622.956218293124,1622.956218293124,1.0000955412462111,0.0013374252639066877
1622.9631628750008,1622.9631628750008,0.9996467567410441,0.0013390282325621687
1622.9701074568652,1622.9701074568652,1.0005317247431562,0.0013387924557588815
1622.9770520387076,1622.9770520387076,0.9984779327726605,0.00133971678119179
1622.9839966205375,1622.9839966205375,1.0005574850926198,0.0013397237500642216
1622.9909412023214,1622.9909412023214,1.0006615006505253,0.0013402515876640591
1622.9978857841395,1622.9978857841395,0.9992728644983586,0.0013390875086179458
1623.0048303659003,1623.0048303659003,1.000257052708037,0.0013389345542734383
1623.0117749476372,1623.0117749476372,0.999402696547641,0.0013389158432261911
1623.0187195293743,1623.0187195293743,1.0004020339716235,0.0013369753192392418
1623.0256641110877,1623.0256641110877,1.0001748232765455,0.0013387934075628437
1623.032608692778,1623.032608692778,0.9998467915895572,0.0013387469697392865
1623.039553274457,1623.039553274457,0.9995741286995763,0.0013388686282874926
1623.0464978561126,1623.0464978561126,0.9995209985079343,0.0013387129929638513
1623.053442437756,1623.053442437756,1.0002040057843975,0.0013397016533894484
1623.0603870193768,1623.0603870193768,1.000679406615126,0.0013401258405628662
1623.0673316009743,1623.0673316009743,1.0007435884527698,0.0013399092461718746
1623.0742761825604,1623.0742761825604,0.9991057341165585,0.0013394686324388137
1623.0812207641106,1623.0812207641106,1.0007128744232574,0.0013392588119415048
1623.0881653456615,1623.0881653456615,0.9992642785896557,0.0013394996753860577
1623.0951099271774,1623.0951099271774,0.9997574460124057,0.0013380727004735353
1623.1020545086928,1623.1020545086928,1.0010574952664548,0.0013380798946885885
1623.1089990901744,1623.1089990901744,0.9993996428395461,0.0013386404838603145
1623.1159436716432,1623.1159436716432,1.0002486769917056,0.0013388590246520148
1623.1228882530777,1623.1228882530777,0.9990972298148175,0.0013384468075936184
1623.1298328345122,1623.1298328345122,0.9993845506432825,0.001338783951146734
1623.1367774159112,1623.1367774159112,1.0019991231446184,0.0013392142738674674
1623.1437219973109,1623.1437219973109,0.998764233321455,0.0013389797799652327
1623.150666578675,1623.150666578675,0.9998591387050639,0.0013385234116828637
1623.1576111600286,1623.1576111600286,1.0007182444363774,0.0013384359088474962
1623.1645557413578,1623.1645557413578,1.001271961892291,0.00133870833632348
1623.171500322664,1623.171500322664,0.9992072251242556,0.0013387514473531287
1623.178444903959,1623.178444903959,0.9996137435615561,0.0013370664953968729
1623.1853894852295,1623.1853894852295,0.9998094952282747,0.0013385021121103094
1623.192334066478,1623.192334066478,0.9997737868243558,0.001338856120740819
1623.1992786477142,1623.1992786477142,0.9993797897855254,0.001338649649022753
1623.2062232289272,1623.2062232289272,0.9994848249415164,0.001340118465522061
1623.2131678101177,1623.2131678101177,1.000687044151448,0.0013398081082384137
1623.2201123912953,1623.2201123912953,1.0005896637554026,0.0013381779383962252
1623.2270569724392,1623.2270569724392,1.0008135787345211,0.0013392420632008617
1623.2340015535704,1623.2340015535704,0.9996594227331732,0.0013384260533824634
1623.240946134679,1623.240946134679,0.9991231629501783,0.001337958891687547
1623.2478907157758,1623.2478907157758,1.0031340437165186,0.0013389930478168264
1623.2548352968493,1623.2548352968493,0.9995904461251642,0.001339223576300867
1623.2617798779108,1623.2617798779108,0.9993395447388153,0.001338201144866013
1623.2687244589379,1623.2687244589379,0.9991439227425862,0.0013396582574246782
1623.2756690399526,1623.2756690399526,1.0020739986371079,0.0013402319914441415
1623.2826136209453,1623.2826136209453,0.9995662407504806,0.001340859113400188
1623.2895582019137,1623.2895582019137,1.001125726345045,0.0013416029070532237
1623.2965027828704,1623.2965027828704,0.9982690423966476,0.001341785429822714
1623.3034473637813,1623.3034473637813,0.9990804817178114,0.0013388967581013337
1623.3103919447378,1623.3103919447378,1.0020785275474737,0.0013400015861884493
1623.317336525602,1623.317336525602,0.9980325239474824,0.0013392146545400773
1623.3242811064772,1623.3242811064772,0.9994229821537395,0.001339515815372653
1623.3312256873294,1623.3312256873294,1.0004818524784667,0.0013403174540201524
1623.3381702681586,1623.3381702681586,1.001245473371625,0.0013387630303018719
1623.345114848976,1623.345114848976,1.0011246842356136,0.001339285263160191
1623.3520594297584,1623.3520594297584,0.9997346954575488,0.0013391472614798982
1623.3603929266853,1623.3603929266853,0.9977277111129247,0.0013398627907914092
1623.3673375074213,1623.3673375074213,1.0015305082298647,0.001340785933184437
1623.3742820881573,1623.3742820881573,0.9989920371440423,0.0013387682580427883
1623.381226668858,1623.381226668858,1.0011678378946278,0.0013397088319771224
1623.3881712495472,1623.3881712495472,0.9995644316731115,0.001341294107373377
1623.3951158302134,1623.3951158302134,0.9996026164287747,0.0013405631785511876
1623.4020604108562,1623.4020604108562,0.9999664842962911,0.0013404679635740991
1623.409004991464,1623.409004991464,1.0001743808087256,0.0013417639442285276
1623.415949572072,1623.415949572072,0.9998450547604405,0.001339938596004428
1623.4228941526792,1623.4228941526792,1.0003882029890077,0.001339809232366241
1623.4298387332408,1623.4298387332408,1.0001244650794439,0.0013398404404046651
1623.4367833137899,1623.4367833137899,0.9997061628503362,0.001339698504888234
1623.4437278943049,1623.4437278943049,1.0012705834094338,0.0013408711846649036
1623.4506724748194,1623.4506724748194,0.9990368958780984,0.0013386143906950294
1623.4576170552991,1623.4576170552991,0.9992439452247265,0.0013404251976484667
1623.4645616357557,1623.4645616357557,1.0026651507445035,0.0013427345791208185
1623.4715062162122,1623.4715062162122,0.9984790170977537,0.0013392775314280477
1623.4784507966335,1623.4784507966335,1.0001653561485235,0.0013397570233331054
1623.4853953770319,1623.4853953770319,0.9992053879459087,0.0013388745711232738
1623.4923399574182,1623.4923399574182,1.0000873401877943,0.0013401348970144855
1623.4992845377933,1623.4992845377933,1.0000587957872324,0.001338465542679322
1623.50622911811,1623.50622911811,0.9976882076742853,0.00134002025919175
1623.5131736984265,1623.5131736984265,1.0003345388929152,0.001341442348760723
1623.5201182787434,1623.5201182787434,1.0013277625069725,0.0013401733009431632
1623.527062859037,1623.527062859037,1.000761452658504,0.00134072417251131
1623.5340074392957,1623.5340074392957,0.9998413055798414,0.0013407328816843725
1623.5409520195424,1623.5409520195424,1.0012631872186548,0.001339522948025008
1623.5478965997777,1623.5478965997777,0.9993645592020866,0.0013412614133726383
1623.554841179978,1623.554841179978,1.0004951074054107,0.001343145560883284
1623.561785760167,1623.561785760167,0.9991012703051352,0.0013393337992324208
1623.568730340332,1623.568730340332,0.9989248983629322,0.0013390080562171542
1623.5756749204743,1623.5756749204743,0.9994456515344663,0.0013395463990822775
1623.5826195006043,1623.5826195006043,1.0004104047077473,0.0013394270159501574
1623.5895640807119,1623.5895640807119,0.9998410385057317,0.0013410966497838172
1623.596508660796,1623.596508660796,1.0006974575486514,0.001341921714601166
1623.6034532408564,1623.6034532408564,1.0013349129256361,0.001340935957979519
1623.6103978209405,1623.6103978209405,0.9998574815206098,0.0013400053928307209
1623.617342400966,1623.617342400966,1.0001082676560593,0.001341606220832677
1623.624286980968,1623.624286980968,1.0016830085833384,0.00134248326658682
1623.6312315609591,1623.6312315609591,0.9998398546716805,0.0013420741370151255
1623.638176140938,1623.638176140938,0.9991420658094622,0.0013411680069610496
1623.6451207208822,1623.6451207208822,0.9972316772138095,0.0013406271749308095
1623.6520653008265,1623.6520653008265,0.9989947850782805,0.0013423411201718242
1623.6590098807471,1623.6590098807471,0.9997717569242616,0.001342011402995914
1623.6659544606568,1623.6659544606568,1.0003034593965736,0.0013401833865653242
1623.6728990405427,1623.6728990405427,0.99986322958268,0.0013423496498872706
1623.679843620405,1623.679843620405,1.0015788514950335,0.0013415207708610043
1623.6867882002566,1623.6867882002566,1.0026428756313752,0.0013420965731551898
1623.6937327800842,1623.6937327800842,0.9993734508161001,0.0013396417471925324
1623.7006773599,1623.7006773599,1.0002681705864114,0.0013395816443187462
1623.707621939705,1623.707621939705,0.9998300968790638,0.0013395489614560362
1623.7145665194741,1623.7145665194741,0.9985060381888398,0.001340610347029514
1623.7215110992556,1623.7215110992556,1.0003181586247276,0.0013395188062880928
1623.7284556789903,1623.7284556789903,0.9982088343485028,0.0013400249783030137
1623.735400258725,1623.735400258725,1.001804220441312,0.0013413696478059942
1623.742344838448,1623.742344838448,0.9993567717136772,0.0013408208451421073
1623.7492894181362,1623.7492894181362,1.0007516191781438,0.0013417485945288604
1623.7562339978126,1623.7562339978126,1.000995669157648,0.001341168600928268
1623.7631785774774,1623.7631785774774,0.9981727315945493,0.0013399103116489117
1623.7701231571307,1623.7701231571307,1.0003570320196773,0.0013404595124278963
1623.7770677367603,1623.7770677367603,0.9993706401138234,0.0013402885399058245
1623.78401231639,1623.78401231639,1.001657293428696,0.0013416888783814535
1623.7909568960083,1623.7909568960083,0.9995460525641165,0.0013404303125491607
1623.7979014755915,1623.7979014755915,1.0004022483294748,0.001342959638267395
1623.8048460551636,1623.8048460551636,0.9997005551422516,0.0013420596267637484
1623.8117906347352,1623.8117906347352,0.9993564201949964,0.0013420825485731308
1623.8187352142836,1623.8187352142836,0.9990465017635609,0.0013448953100252256
1623.8256797938204,1623.8256797938204,1.0007223035514836,0.0013440937672312087
1623.8326243733452,1623.8326243733452,0.9997813070895993,0.0013422517227463665
1623.839568952859,1623.839568952859,1.0000148452760194,0.0013433344666674706
1623.8465135323606,1623.8465135323606,1.0004019359067877,0.0013429531753061386
1623.853458111839,1623.853458111839,1.000154448170575,0.0013419017148695487
1623.860402691329,1623.860402691329,1.000803538299398,0.0013422951894851286
1623.8673472707733,1623.8673472707733,1.0001224351273124,0.0013429913421988194
1623.8742918502164,1623.8742918502164,0.9996152835067249,0.0013435629645461215
1623.8812364296602,1623.8812364296602,0.9994120768540492,0.0013440335399629443
1623.8881810091038,1623.8881810091038,1.0001301134539604,0.001342754759919015
