time,time,flux,flux_err
1517.3486114145473,1517.3486114145473,,
1517.3500003347515,1517.3500003347515,,
1517.3513892550725,1517.3513892550725,,
1517.3527781752757,1517.3527781752757,,
1517.355556015915,1517.355556015915,,
1517.356944936236,1517.356944936236,,
1517.358333856556,1517.358333856556,,
1517.3597227769926,1517.3597227769926,0.99089324,0.0041094557
1517.361111697313,1517.361111697313,0.9901486,0.0040981155
1517.3638895381853,1517.3638895381853,0.9946431,0.0040724413
1517.3652784585063,1517.3652784585063,0.99052286,0.004058033
1517.3666673789428,1517.3666673789428,0.9908831,0.0040429262
1517.3680562993788,1517.3680562993788,0.9968936,0.00402982
1517.3708341403697,1517.3708341403697,0.9847347,0.004003071
1517.3722230608057,1517.3722230608057,0.9905002,0.003988642
1517.3736119813586,1517.3736119813586,0.98686427,0.003979041
1517.3750009019116,1517.3750009019116,0.9901211,0.0039638137
1517.376389822348,1517.376389822348,0.99382585,0.0039561116
1517.377778742901,1517.377778742901,0.98871857,0.003938018
1517.379167663454,1517.379167663454,0.99457175,0.0039309114
1517.3805565841235,1517.3805565841235,0.9879861,0.003913733
1517.3819455046757,1517.3819455046757,0.9850732,0.003904408
1517.3833344252296,1517.3833344252296,0.9943674,0.0038908636
1517.3847233458996,1517.3847233458996,0.98845476,0.0038790489
1517.3861122664518,1517.3861122664518,0.9939758,0.0038674031
1517.3875011871207,1517.3875011871207,0.9900631,0.0038593265
1517.3888901077908,1517.3888901077908,0.98684454,0.0038437692
1517.3902790284608,1517.3902790284608,0.9884647,0.0038389217
1517.3916679491297,1517.3916679491297,0.99272335,0.0038224366
1517.393056869799,1517.393056869799,0.9886091,0.0038136342
1517.3944457905848,1517.3944457905848,0.98433137,0.0038006923
1517.395834711254,1517.395834711254,0.9878623,0.0037906582
1517.3986125528259,1517.3986125528259,0.99049664,0.0037744856
1517.4000014734954,1517.4000014734954,0.98305553,0.0037588684
1517.4013903942803,1517.4013903942803,0.9811374,0.00375132
1517.402779315067,1517.402779315067,0.98994374,0.0037387381
1517.4041682358536,1517.4041682358536,0.9878444,0.003736213
1517.4055571567549,1517.4055571567549,0.98424006,0.0037220498
1517.4069460775406,1517.4069460775406,0.9882557,0.0037106345
1517.4083349984437,1517.4083349984437,0.98913723,0.0037016873
1517.4097239192295,1517.4097239192295,0.9875647,0.0036929776
1517.4111128401312,1517.4111128401312,0.98861325,0.0036865096
1517.4125017610334,1517.4125017610334,0.9885314,0.0036742098
1517.4138906819355,1517.4138906819355,0.98380107,0.003664726
1517.4152796028377,1517.4152796028377,0.9891413,0.0036590642
1517.4166685237408,1517.4166685237408,0.9929397,0.0036481065
1517.418057444643,1517.418057444643,0.9872399,0.0036483214
1517.4194463655447,1517.4194463655447,0.9906168,0.0036313327
1517.4208352865624,1517.4208352865624,0.98726785,0.003622879
1517.4222242074654,1517.4222242074654,0.9914508,0.003619071
1517.423613128485,1517.423613128485,0.9851126,0.0036108138
1517.4250020495026,1517.4250020495026,0.98568624,0.0036013527
1517.4263909705214,1517.4263909705214,0.993919,0.0036025343
1517.4277798915407,1517.4277798915407,0.98881084,0.0035884553
1517.4291688125593,1517.4291688125593,0.98460114,0.0035798012
1517.4305577335774,1517.4305577335774,0.9865754,0.0035717103
1517.431946654596,1517.431946654596,0.9854197,0.0035630886
1517.433335575731,1517.433335575731,0.9875054,0.0035568418
1517.4347244967496,1517.4347244967496,0.9877202,0.003553535
1517.4361134178855,1517.4361134178855,0.98537976,0.0035421997
1517.4375023390205,1517.4375023390205,0.9923837,0.0035396062
1517.438891260155,1517.438891260155,0.98738825,0.0035379352
1517.44028018129,1517.44028018129,0.9884573,0.0035222457
1517.441669102426,1517.441669102426,0.9856777,0.0035169781
1517.443058023561,1517.443058023561,0.98973715,0.0035128943
1517.444446944695,1517.444446944695,0.98507166,0.0035059478
1517.4458358658303,1517.4458358658303,0.98605573,0.003501453
1517.4472247870824,1517.4472247870824,0.98963183,0.0034978979
1517.4486137082174,1517.4486137082174,0.9884282,0.0034879434
1517.450002629469,1517.450002629469,0.9878917,0.0034831408
1517.4513915507207,1517.4513915507207,0.9909935,0.003477792
1517.4527804719712,1517.4527804719712,0.990346,0.0034716497
1517.4541693932226,1517.4541693932226,0.9928117,0.0034725366
1517.455558314475,1517.455558314475,0.9913327,0.0034656755
1517.4569472357264,1517.4569472357264,0.9853269,0.003453104
1517.4583361569773,1517.4583361569773,0.98381203,0.0034580245
1517.4597250782288,1517.4597250782288,0.9929191,0.0034477052
1517.4611139995975,1517.4611139995975,0.9895306,0.0034391615
1517.462502920849,1517.462502920849,0.9947051,0.003437577
1517.463891842216,1517.463891842216,0.9897989,0.0034279649
1517.4652807635841,1517.4652807635841,0.9873448,0.003435663
1517.4666696849524,1517.4666696849524,0.99161404,0.003419114
1517.4680586062038,1517.4680586062038,0.99262905,0.0034180994
1517.469447527572,1517.469447527572,0.99127245,0.0034116956
1517.4708364490564,1517.4708364490564,0.98491275,0.003404531
1517.4722253704233,1517.4722253704233,0.993007,0.0033987402
1517.473614291792,1517.473614291792,0.9883436,0.003396237
1517.4750032131608,1517.4750032131608,0.9876654,0.0033913795
1517.4763921346441,1517.4763921346441,0.99080056,0.0033866283
1517.477781056128,1517.477781056128,0.9927943,0.0033837124
1517.4791699774958,1517.4791699774958,0.99044424,0.0033810441
1517.480558898981,1517.480558898981,0.9874993,0.003373403
1517.4819478204652,1517.4819478204652,0.99431765,0.0033693942
1517.4833367419494,1517.4833367419494,0.99545664,0.0033649586
1517.4847256634337,1517.4847256634337,0.99234533,0.0033657395
1517.486114584918,1517.486114584918,0.99790335,0.0033573853
1517.4875035064024,1517.4875035064024,0.98898757,0.0033545739
1517.4888924278869,1517.4888924278869,0.9944597,0.003348989
1517.4902813494875,1517.4902813494875,0.9956829,0.0033471517
1517.4916702709709,1517.4916702709709,0.9945477,0.0033388112
1517.4930591925724,1517.4930591925724,0.99415016,0.0033393728
1517.494448114174,1517.494448114174,0.9964058,0.0033324363
1517.4958370356574,1517.4958370356574,0.9992924,0.0033326386
1517.4972259572576,1517.4972259572576,0.99361014,0.0033264013
1517.4986148788582,1517.4986148788582,0.99576586,0.0033195715
1517.5000038004598,1517.5000038004598,0.9975574,0.0033161717
1517.5013927220605,1517.5013927220605,0.9960209,0.0033099412
1517.5027816436611,1517.5027816436611,0.9950482,0.0033055868
1517.5041705653782,1517.5041705653782,0.9984171,0.0033038983
1517.5055594869789,1517.5055594869789,0.99813706,0.0033006214
1517.5069484085805,1517.5069484085805,0.994068,0.0033005981
1517.5083373302975,1517.5083373302975,0.9943826,0.0032920646
1517.5097262520142,1517.5097262520142,0.99040693,0.0032912435
1517.5111151736141,1517.5111151736141,1.0017835,0.003286032
1517.512504095332,1517.512504095332,0.9965048,0.0032827249
1517.51389301705,1517.51389301705,0.9995101,0.0032767877
1517.5152819387663,1517.5152819387663,0.9962774,0.0032742908
1517.5166708604836,1517.5166708604836,1.0024564,0.0032693727
1517.5180597822007,1517.5180597822007,0.9952036,0.0032671897
1517.5194487039178,1517.5194487039178,0.99703085,0.0032618176
1517.5208376257513,1517.5208376257513,0.99829525,0.0032611347
1517.5222265474683,1517.5222265474683,0.99342936,0.0032616826
1517.5236154691854,1517.5236154691854,0.9924232,0.0032480415
1517.5250043910191,1517.5250043910191,0.99704355,0.0032458764
1517.526393312737,1517.526393312737,1.001654,0.0032462256
1517.5277822345704,1517.5277822345704,0.99595135,0.003240814
1517.5291711564034,1517.5291711564034,0.9965396,0.0032432955
1517.5305600782362,1517.5305600782362,0.9941448,0.003230249
1517.5319490000704,1517.5319490000704,0.99596626,0.00323253
1517.5333379219048,1517.5333379219048,0.99441123,0.003223495
1517.5347268437376,1517.5347268437376,0.99852866,0.0032211225
1517.5361157655714,1517.5361157655714,0.9928906,0.003217588
1517.5375046874049,1517.5375046874049,0.99695486,0.0032175377
1517.5388936093548,1517.5388936093548,0.99354976,0.0032148818
1517.5402825311883,1517.5402825311883,1.0009573,0.003209317
1517.5416714530218,1517.5416714530218,0.9977658,0.003205822
1517.5430603749717,1517.5430603749717,0.9978427,0.003202738
1517.5444492969218,1517.5444492969218,1.0015682,0.0031994204
1517.545838218756,1517.545838218756,0.9910827,0.0031954865
1517.547227140706,1517.547227140706,1.0019569,0.0031977212
1517.5486160626554,1517.5486160626554,0.9939746,0.0031911142
1517.5500049846053,1517.5500049846053,0.9954548,0.0031877207
1517.551393906556,1517.551393906556,0.9986508,0.0031838047
1517.552782828506,1517.552782828506,0.99913216,0.0031867367
1517.5541717504555,1517.5541717504555,0.9988109,0.0031782093
1517.5555606725218,1517.5555606725218,1.0039601,0.0031771578
1517.5569495944717,1517.5569495944717,0.99923867,0.003175105
1517.5583385164216,1517.5583385164216,1.0004474,0.0031678579
1517.5597274384888,1517.5597274384888,1.0002896,0.003166203
1517.5611163604387,1517.5611163604387,0.9965096,0.0031714055
1517.5625052825044,1517.5625052825044,0.9977437,0.0031614678
1517.563894204571,1517.563894204571,0.9977297,0.003155592
1517.5652831265213,1517.5652831265213,1.001134,0.0031604
1517.5666720485879,1517.5666720485879,1.0050111,0.003152306
1517.5680609706535,1517.5680609706535,0.9966114,0.0031503194
1517.5694498927198,1517.5694498927198,1.0007575,0.0031474777
1517.570838814787,1517.570838814787,1.0030829,0.0031448754
1517.5722277368534,1517.5722277368534,0.9979421,0.003141334
1517.5736166589193,1517.5736166589193,1.0017356,0.003138262
1517.575005581102,1517.575005581102,0.9975775,0.0031328911
1517.5763945031683,1517.5763945031683,0.99672127,0.0031353887
1517.5777834252347,1517.5777834252347,0.99612606,0.0031328169
1517.5791723474183,1517.5791723474183,1.0016562,0.003130504
1517.5805612694846,1517.5805612694846,1.0004002,0.0031263353
1517.5819501916667,1517.5819501916667,0.99874425,0.003126601
1517.5833391138501,1517.5833391138501,0.99746454,0.0031304073
1517.5847280359174,1517.5847280359174,1.0015768,0.0031296168
1517.5861169580994,1517.5861169580994,0.99472356,0.0031283044
1517.5875058802815,1517.5875058802815,0.99766153,0.0031092865
1517.5888948024642,1517.5888948024642,0.99949616,0.00311007
1517.5902837246479,1517.5902837246479,1.0012032,0.00311011
1517.5916726468306,1517.5916726468306,1.0018545,0.003107013
1517.5930615690133,1517.5930615690133,0.99932003,0.0031041945
1517.5944504913125,1517.5944504913125,1.0010701,0.0031010022
1517.5958394134948,1517.5958394134948,1.0047213,0.0030970993
1517.5972283356775,1517.5972283356775,1.000952,0.0030988003
1517.5986172579776,1517.5986172579776,1.0026883,0.003095585
1517.6000061801603,1517.6000061801603,0.99962026,0.0030968552
1517.601395102459,1517.601395102459,1.001169,0.0030939383
1517.6027840246422,1517.6027840246422,1.0019373,0.003087709
1517.6041729469423,1517.6041729469423,1.0025288,0.003087816
1517.605561869241,1517.605561869241,0.99907243,0.003083697
1517.6069507915392,1517.6069507915392,1.0035137,0.0030910452
1517.6083397138384,1517.6083397138384,1.0019928,0.0030839783
1517.6097286361385,1517.6097286361385,1.0011184,0.0030788141
1517.6111175584376,1517.6111175584376,1.0043842,0.003074505
1517.6125064807368,1517.6125064807368,1.0043935,0.0030771142
1517.6138954030362,1517.6138954030362,1.0007246,0.0030707298
1517.6152843253346,1517.6152843253346,1.0018203,0.0030685454
1517.6166732476347,1517.6166732476347,0.9995723,0.0030650974
1517.618062170051,1517.618062170051,1.0038604,0.0030642033
1517.6194510923494,1517.6194510923494,1.0098217,0.0030675305
1517.6208400146481,1517.6208400146481,0.9999576,0.003059936
1517.6222289370642,1517.6222289370642,1.0041664,0.0030587262
1517.6236178594806,1517.6236178594806,0.9982388,0.0030587707
1517.6250067817793,1517.6250067817793,1.004231,0.003055785
1517.626395704195,1517.626395704195,1.0060769,0.0030560999
1517.6277846266105,1517.6277846266105,1.0029714,0.0030594876
1517.629173549026,1517.629173549026,1.0047183,0.003053157
1517.6305624713252,1517.6305624713252,1.0021864,0.0030469524
1517.6319513937408,1517.6319513937408,1.0095439,0.0030472036
1517.6333403161566,1517.6333403161566,1.0026785,0.0030497746
1517.6347292385715,1517.6347292385715,1.0034674,0.003050391
1517.6361181611044,1517.6361181611044,1.0047458,0.0030414884
1517.6375070835206,1517.6375070835206,1.0048778,0.0030403784
1517.6388960059355,1517.6388960059355,1.0061452,0.0030379095
1517.6402849283506,1517.6402849283506,1.0023674,0.0030341328
1517.6416738508833,1517.6416738508833,1.0060862,0.0030321926
1517.6430627732996,1517.6430627732996,1.0057479,0.003037469
1517.644451695831,1517.644451695831,1.0122974,0.00303473
1517.6458406182467,1517.6458406182467,1.0030209,0.0030273884
1517.6472295407787,1517.6472295407787,1.0062656,0.0030279874
1517.6486184631942,1517.6486184631942,1.0030459,0.0030250223
1517.6500073857271,1517.6500073857271,1.0049798,0.0030245183
1517.651396308259,1517.651396308259,1.0098146,0.0030257932
1517.6527852307906,1517.6527852307906,1.0038767,0.003021735
1517.6541741533217,1517.6541741533217,1.0044587,0.0030225373
1517.6555630758546,1517.6555630758546,1.0061035,0.0030220232
1517.6569519983875,1517.6569519983875,1.006716,0.0030148716
1517.6583409209186,1517.6583409209186,1.0117793,0.0030181443
1517.6597298434506,1517.6597298434506,1.0044397,0.0030102814
1517.6611187659835,1517.6611187659835,1.0058295,0.0030087975
1517.6625076885155,1517.6625076885155,1.0050579,0.003005441
1517.663896611047,1517.663896611047,1.0016693,0.00300564
1517.6652855336954,1517.6652855336954,1.0047768,0.0030043588
1517.6666744562274,1517.6666744562274,1.0098361,0.003006277
1517.6680633787594,1517.6680633787594,1.0085354,0.0030049803
1517.6694523014087,1517.6694523014087,1.0096508,0.003001684
1517.670841224057,1517.670841224057,1.0086534,0.0029991055
1517.6722301465886,1517.6722301465886,1.0119964,0.0030021707
1517.673619069236,1517.673619069236,1.0053003,0.0029972938
1517.6750079918854,1517.6750079918854,1.0062219,0.0029974028
1517.6763969144183,1517.6763969144183,1.0082673,0.0029942526
1517.6777858370658,1517.6777858370658,1.0161889,0.0029912323
1517.6791747597144,1517.6791747597144,1.0116127,0.0029860998
1517.6805636823635,1517.6805636823635,1.0079174,0.002984029
1517.681952605012,1517.681952605012,1.0115952,0.0029906086
1517.6833415276599,1517.6833415276599,1.0082579,0.0029821869
1517.6847304503083,1517.6847304503083,1.009446,0.0029782248
1517.6861193729567,1517.6861193729567,1.0106957,0.0029794616
1517.687508295605,1517.687508295605,1.0091923,0.0029783258
1517.6888972183708,1517.6888972183708,1.0120308,0.0029741079
1517.6902861410192,1517.6902861410192,1.0073445,0.0029721095
1517.6916750636672,1517.6916750636672,1.0083756,0.0029699386
1517.693063986432,1517.693063986432,1.0134155,0.0029695367
1517.6944529090813,1517.6944529090813,1.0059464,0.0029665513
1517.6958418317297,1517.6958418317297,1.008157,0.0029640498
1517.6972307544936,1517.6972307544936,1.0098265,0.0029622684
1517.6986196772586,1517.6986196772586,1.0176746,0.0029643949
1517.7000085999077,1517.7000085999077,1.0071266,0.002956569
1517.7013975226726,1517.7013975226726,1.0104915,0.0029573038
1517.7027864454376,1517.7027864454376,1.0060649,0.002954198
1517.7041753680862,1517.7041753680862,1.0132225,0.002955076
1517.7055642908501,1517.7055642908501,1.0096126,0.0029491398
1517.706953213615,1517.706953213615,1.0092378,0.0029491244
1517.7083421363807,1517.7083421363807,1.0062916,0.0029456161
1517.7097310591455,1517.7097310591455,1.0106966,0.002947744
1517.7111199819099,1517.7111199819099,1.0081524,0.002944799
1517.7125089046747,1517.7125089046747,1.0058298,0.0029412229
1517.7138978274404,1517.7138978274404,1.011417,0.0029370864
1517.7152867503216,1517.7152867503216,1.0064247,0.0029365954
1517.7166756730858,1517.7166756730858,1.0095097,0.0029355332
1517.7180645958508,1517.7180645958508,1.0067711,0.0029362403
1517.719453518616,1517.719453518616,1.0087045,0.0029303422
1517.7208424414973,1517.7208424414973,1.0085351,0.0029313134
1517.7222313642624,1517.7222313642624,1.0072796,0.0029275203
1517.7236202871438,1517.7236202871438,1.0104566,0.0029375802
1517.7250092099077,1517.7250092099077,1.0125734,0.0029244244
1517.7263981327899,1517.7263981327899,1.0107993,0.0029299858
1517.7277870555556,1517.7277870555556,1.0110346,0.0029208027
1517.729175978436,1517.729175978436,1.0098491,0.0029181764
1517.7305649013167,1517.7305649013167,1.0132108,0.002924652
1517.7319538240815,1517.7319538240815,1.010255,0.0029125668
1517.7333427469637,1517.7333427469637,1.0120523,0.0029121153
1517.734731669845,1517.734731669845,1.0111694,0.0029119132
1517.7361205927261,1517.7361205927261,1.0104823,0.0029085446
1517.7375095156074,1517.7375095156074,1.0138917,0.0029188746
1517.7388984384886,1517.7388984384886,1.0105438,0.0029059204
1517.74028736137,1517.74028736137,1.007634,0.0029102128
1517.7416762842515,1517.7416762842515,1.0105081,0.002903442
1517.7430652071328,1517.7430652071328,1.0125295,0.002898017
1517.744454130013,1517.744454130013,1.011531,0.0028960973
1517.7458430528952,1517.7458430528952,1.0137596,0.0028948488
1517.7472319757774,1517.7472319757774,1.0109265,0.0028990435
1517.748620898774,1517.748620898774,1.0112052,0.0028962179
1517.7500098216549,1517.7500098216549,1.0124357,0.0028892627
1517.7513987445361,1517.7513987445361,1.0102808,0.002886933
1517.7527876675347,1517.7527876675347,1.0122532,0.002892092
1517.754176590416,1517.754176590416,1.0124024,0.0028867533
1517.7555655134136,1517.7555655134136,1.0125151,0.002884817
1517.7569544362948,1517.7569544362948,1.008873,0.002881815
1517.7583433592924,1517.7583433592924,1.0094126,0.0028891803
1517.759732282174,1517.759732282174,1.0065677,0.0028755758
1517.7611212051718,1517.7611212051718,1.013407,0.0028747444
1517.7625101281694,1517.7625101281694,1.0093523,0.002872203
1517.76389905105,1517.76389905105,1.0132258,0.0028744892
1517.7652879740483,1517.7652879740483,1.0152594,0.0028744747
1517.7666768970469,1517.7666768970469,1.0142164,0.0028724372
1517.7680658200438,1517.7680658200438,1.0141897,0.0028654397
1517.7694547430417,1517.7694547430417,1.0095174,0.0028629212
1517.7708436660394,1517.7708436660394,1.0122236,0.0028631622
1517.772232589037,1517.772232589037,1.0161549,0.00286294
1517.7736215120347,1517.7736215120347,1.0116279,0.0028574946
1517.7750104350323,1517.7750104350323,1.0158719,0.0028683434
1517.77639935803,1517.77639935803,1.0141171,0.002854826
1517.7777882810278,1517.7777882810278,1.0144012,0.002851946
1517.7791772040262,1517.7791772040262,1.0100653,0.0028503858
1517.7805661270238,1517.7805661270238,1.0139757,0.0028525426
1517.7819550501374,1517.7819550501374,1.012266,0.002846117
1517.7833439731344,1517.7833439731344,1.0113045,0.0028426978
1517.7847328961327,1517.7847328961327,1.0142934,0.0028451693
1517.7861218192477,1517.7861218192477,1.0152308,0.0028455968
1517.7875107422446,1517.7875107422446,1.0103775,0.0028404947
1517.788899665359,1517.788899665359,1.0187557,0.0028493893
1517.7902885883566,1517.7902885883566,1.0176978,0.0028413865
1517.7916775114707,1517.7916775114707,1.0141886,0.00283601
1517.7930664344683,1517.7930664344683,1.0127323,0.0028385846
1517.7944553575824,1517.7944553575824,1.0142359,0.0028307047
1517.79584428058,1517.79584428058,1.0170909,0.0028329713
1517.7972332036943,1517.7972332036943,1.0154252,0.002837945
1517.798622126809,1517.798622126809,1.0169516,0.0028335536
1517.8000110499231,1517.8000110499231,1.0098101,0.0028289494
1517.8013999729203,1517.8013999729203,1.0139352,0.002831367
1517.802788896034,1517.802788896034,1.0128051,0.0028226043
1517.8041778191484,1517.8041778191484,1.0075084,0.002821859
1517.8055667422634,1517.8055667422634,1.0146352,0.0028198727
1517.806955665377,1517.806955665377,1.0142585,0.0028190427
1517.808344588491,1517.808344588491,1.0160912,0.002818852
1517.8097335116051,1517.8097335116051,1.017211,0.0028198373
1517.8111224347192,1517.8111224347192,1.0154672,0.0028129015
1517.8125113578342,1517.8125113578342,1.0102502,0.0028101054
1517.8139002809482,1517.8139002809482,1.0164732,0.002812818
1517.8152892040616,1517.8152892040616,1.0143076,0.002810691
1517.8166781272923,1517.8166781272923,1.0109729,0.00282085
1517.8180670504069,1517.8180670504069,1.0152396,0.0028072335
1517.8194559735211,1517.8194559735211,1.0135803,0.0028060859
1517.8208448966345,1517.8208448966345,1.0151404,0.002805344
1517.822233819865,1517.822233819865,1.0097044,0.002799221
1517.82362274298,1517.82362274298,1.0185876,0.002799941
1517.8250116662105,1517.8250116662105,1.0139717,0.0028021613
1517.826400589324,1517.826400589324,1.0101882,0.002795568
1517.8277895124381,1517.8277895124381,1.0153286,0.0027960434
1517.8291784356686,1517.8291784356686,1.0167177,0.002796845
1517.830567358899,1517.830567358899,1.0139909,0.0027904327
1517.831956282014,1517.831956282014,1.0122616,0.0027919498
1517.8333452052445,1517.8333452052445,1.0167985,0.0027891027
1517.834734128358,1517.834734128358,1.0146455,0.0027909174
1517.8361230515886,1517.8361230515886,1.0136675,0.0027874196
1517.8375119748196,1517.8375119748196,1.0118229,0.0027842706
1517.8389008980503,1517.8389008980503,1.0159327,0.0027827679
1517.8402898211637,1517.8402898211637,1.013679,0.0027864815
1517.8416787443941,1517.8416787443941,1.0140914,0.0027839458
1517.8430676676255,1517.8430676676255,1.011525,0.0027837672
1517.844456590856,1517.844456590856,1.0128137,0.0027787131
1517.845845514086,1517.845845514086,1.0143538,0.0027783723
1517.8472344373165,1517.8472344373165,1.0149424,0.0027775597
1517.848623360547,1517.848623360547,1.0168238,0.002776337
1517.8500122837775,1517.8500122837775,1.0144559,0.002775392
1517.8514012070088,1517.8514012070088,1.0176672,0.0027728379
1517.8527901302393,1517.8527901302393,1.018445,0.0027734314
1517.8541790534694,1517.8541790534694,1.013303,0.0027706525
1517.8555679767003,1517.8555679767003,1.0135041,0.0027747098
1517.8569568999317,1517.8569568999317,1.019545,0.0027699396
1517.8583458232781,1517.8583458232781,1.0154473,0.0027690355
1517.8597347465077,1517.8597347465077,1.0186715,0.002770418
1517.8611236697382,1517.8611236697382,1.0138612,0.0027639545
1517.8625125929696,1517.8625125929696,1.0151069,0.0027612604
1517.8639015163164,1517.8639015163164,1.0150084,0.0027632238
1517.865290439547,1517.865290439547,1.0181525,0.0027635384
1517.8666793627776,1517.8666793627776,1.0164632,0.0027605589
1517.8680682861238,1517.8680682861238,1.0176239,0.0027605626
1517.8694572093543,1517.8694572093543,1.0175108,0.0027644718
1517.8708461327021,1517.8708461327021,1.0146059,0.0027586345
1517.8722350559326,1517.8722350559326,1.0176803,0.002756949
1517.873623979279,1517.873623979279,1.0118552,0.0027522673
1517.87501290251,1517.87501290251,1.0170832,0.0027518019
1517.8764018258578,1517.8764018258578,1.0139408,0.0027513157
1517.8777907492042,1517.8777907492042,1.013907,0.0027519057
1517.8791796724338,1517.8791796724338,1.0136225,0.0027517504
1517.880568595781,1517.880568595781,1.0152469,0.002750254
1517.8819575191285,1517.8819575191285,1.0168682,0.0027493418
1517.8833464424754,1517.8833464424754,1.016179,0.0027470167
1517.8847353657059,1517.8847353657059,1.0138427,0.00274588
1517.886124289053,1517.886124289053,1.0107613,0.0027478356
1517.8875132123992,1517.8875132123992,1.01267,0.0027431818
1517.888902135746,1517.888902135746,1.0156763,0.002742542
1517.890291059094,1517.890291059094,1.0200753,0.0027432123
1517.8916799824408,1517.8916799824408,1.0169027,0.0027421887
1517.8930689057872,1517.8930689057872,1.0189061,0.002743974
1517.8944578291348,1517.8944578291348,1.0149205,0.0027433233
1517.8958467524824,1517.8958467524824,1.0156225,0.0027401166
1517.8972356758288,1517.8972356758288,1.0135484,0.0027386246
1517.8986245991757,1517.8986245991757,1.0135573,0.0027355656
1517.9000135225226,1517.9000135225226,1.0166963,0.002740947
1517.9014024458695,1517.9014024458695,1.0131737,0.0027348122
1517.9027913692164,1517.9027913692164,1.0116088,0.0027352497
1517.9041802925635,1517.9041802925635,1.0178108,0.0027351337
1517.905569216027,1517.905569216027,1.013157,0.002733635
1517.906958139373,1517.906958139373,1.0142837,0.0027351438
1517.9083470627208,1517.9083470627208,1.0197457,0.0027367014
1517.9097359860687,1517.9097359860687,1.0161077,0.0027315223
1517.911124909531,1517.911124909531,1.0156728,0.0027333635
1517.9125138328775,1517.9125138328775,1.0164013,0.0027338204
1517.913902756225,1517.913902756225,1.0198106,0.0027378008
1517.915291679689,1517.915291679689,1.0146325,0.0027347603
1517.9166806030355,1517.9166806030355,1.0172645,0.0027339205
1517.9180695264988,1517.9180695264988,1.0184324,0.0027279395
1517.9194584498457,1517.9194584498457,1.017287,0.0027336248
1517.920847373309,1517.920847373309,1.0178167,0.0027264957
1517.922236296656,1517.922236296656,1.0127959,0.0027335754
1517.9236252201194,1517.9236252201194,1.0172062,0.0027296934
1517.9250141434666,1517.9250141434666,1.0144366,0.0027275837
1517.926403066929,1517.926403066929,1.0148592,0.002725495
1517.9277919903932,1517.9277919903932,1.0169142,0.0027274268
1517.929180913741,1517.929180913741,1.0125378,0.0027231586
1517.9305698372034,1517.9305698372034,1.014461,0.0027218948
1517.9319587606662,1517.9319587606662,1.0216874,0.0027215385
1517.9333476840138,1517.9333476840138,1.0160551,0.0027235793
1517.9347366074778,1517.9347366074778,1.0142218,0.002718162
1517.9361255309407,1517.9361255309407,1.0129707,0.002720903
1517.937514454404,1517.937514454404,1.0180095,0.0027187609
1517.9389033778673,1517.9389033778673,1.0185049,0.002718663
1517.9402923012142,1517.9402923012142,1.0132331,0.002720311
1517.9430701481417,1517.9430701481417,1.0192996,0.0027166
1517.9444590716046,1517.9444590716046,1.0149472,0.0027163418
1517.945847995067,1517.945847995067,1.0132692,0.002713617
1517.9472369185312,1517.9472369185312,1.0206013,0.002715872
1517.9486258419954,1517.9486258419954,1.0138798,0.0027151343
1517.9500147654578,1517.9500147654578,1.0160434,0.0027185946
1517.9514036889213,1517.9514036889213,1.01694,0.002713724
1517.9527926123853,1517.9527926123853,1.0133713,0.002710826
1517.9541815358486,1517.9541815358486,1.0104437,0.0027102693
1517.9555704593115,1517.9555704593115,1.0170443,0.0027075417
1517.9569593828912,1517.9569593828912,1.0142958,0.0027109715
1517.9583483063545,1517.9583483063545,1.0162971,0.002712446
1517.9597372298178,1517.9597372298178,1.0155935,0.0027082323
1517.961126153282,1517.961126153282,1.0150133,0.002707302
1517.9625150767454,1517.9625150767454,1.0144889,0.0027069
1517.9639040003246,1517.9639040003246,1.01516,0.0027094244
1517.9652929237873,1517.9652929237873,1.0154672,0.0027076695
1517.9666818472513,1517.9666818472513,1.0185721,0.0027115026
1517.968070770832,1517.968070770832,1.0158378,0.0027050413
1517.9694596942945,1517.9694596942945,1.0195786,0.0027135187
1517.970848617758,1517.970848617758,1.0251483,0.00270623
1517.9722375413382,1517.9722375413382,1.016935,0.0027072448
1517.9736264648016,1517.9736264648016,1.019823,0.0027044744
1517.9750153883808,1517.9750153883808,1.0223422,0.0027048723
1517.9764043118441,1517.9764043118441,1.0213232,0.0027054648
1517.9777932354239,1517.9777932354239,1.0147567,0.0027009575
1517.9791821588874,1517.9791821588874,1.0205923,0.0027034192
1517.9805710824678,1517.9805710824678,1.0151744,0.0026995384
1517.9819600059311,1517.9819600059311,1.0132979,0.0027043698
1517.9833489295104,1517.9833489295104,1.0147551,0.002698835
1517.9847378529737,1517.9847378529737,1.0151558,0.0026973966
1517.9861267765543,1517.9861267765543,1.0169135,0.002703324
1517.987515700134,1517.987515700134,1.0179929,0.002701221
1517.9889046235967,1517.9889046235967,1.0168706,0.0026987332
1517.9902935471766,1517.9902935471766,1.0149412,0.0026942103
1517.9916824707568,1517.9916824707568,1.0154617,0.0027154014
1517.9930713942204,1517.9930713942204,1.0134095,0.0026934391
1517.9944603178003,1517.9944603178003,1.0168337,0.0026933178
1517.99584924138,1517.99584924138,1.0164093,0.002693851
1517.9972381649588,1517.9972381649588,1.0183071,0.0026926622
1517.9986270885388,1517.9986270885388,1.0168371,0.0026933586
1518.0000160120028,1518.0000160120028,1.0173199,0.0026926668
1518.0014049355825,1518.0014049355825,1.015991,0.0027100088
1518.0027938591618,1518.0027938591618,1.014526,0.002690088
1518.0041827827415,1518.0041827827415,1.0154226,0.0026914268
1518.0055717063221,1518.0055717063221,1.0142351,0.0026883718
1518.0069606299019,1518.0069606299019,1.0116322,0.0026854626
1518.0083495534811,1518.0083495534811,1.0153397,0.0026863809
1518.0097384770609,1518.0097384770609,1.013204,0.0026866675
1518.011127400641,1518.011127400641,1.0122229,0.002685351
1518.012516324221,1518.012516324221,1.012037,0.002687002
1518.013905247801,1518.013905247801,1.0160472,0.0026856433
1518.0152941713807,1518.0152941713807,1.0128098,0.002687475
1518.0166830949597,1518.0166830949597,1.0112745,0.0026829217
1518.0180720185397,1518.0180720185397,1.0197033,0.0026836714
1518.0194609421198,1518.0194609421198,1.016764,0.0026875027
1518.0208498656998,1518.0208498656998,1.0141606,0.0026836772
1518.0222387893953,1518.0222387893953,1.0157229,0.0026820095
1518.023627712975,1518.023627712975,1.0162343,0.0026807413
1518.0250166365556,1518.0250166365556,1.0154291,0.002679579
1518.0264055601353,1518.0264055601353,1.012434,0.002678922
1518.027794483715,1518.027794483715,1.009433,0.0026774786
1518.0291834074112,1518.0291834074112,1.0143517,0.0026820325
1518.0305723309912,1518.0305723309912,1.0112222,0.0026753012
1518.0319612545711,1518.0319612545711,1.0116099,0.0026771794
1518.0333501781508,1518.0333501781508,1.0104761,0.002674608
1518.034739101847,1518.034739101847,1.0178728,0.0026785452
1518.036128025426,1518.036128025426,1.0086837,0.002672936
1518.0375169490064,1518.0375169490064,1.0087655,0.0026762374
1518.0389058727035,1518.0389058727035,1.0127381,0.0026744278
1518.0402947962825,1518.0402947962825,1.0115309,0.0026777787
1518.041683719978,1518.041683719978,1.0143818,0.0026767403
1518.0430726435577,1518.0430726435577,1.0129344,0.0026722776
1518.0444615671383,1518.0444615671383,1.0121288,0.0026813708
1518.0458504908345,1518.0458504908345,1.0113124,0.0026730692
1518.0472394144142,1518.0472394144142,1.0152891,0.0026737428
1518.0486283381103,1518.0486283381103,1.01169,0.002668471
1518.0500172616903,1518.0500172616903,1.0073767,0.0026728988
1518.0514061853867,1518.0514061853867,1.0052323,0.0026794006
1518.0527951090828,1518.0527951090828,1.012716,0.0026728676
1518.0541840326625,1518.0541840326625,1.0119513,0.0026678718
1518.0555729563582,1518.0555729563582,1.0102122,0.0026670066
1518.0569618799384,1518.0569618799384,1.0088183,0.0026662974
1518.0583508036354,1518.0583508036354,1.0073154,0.002666079
1518.0597397273311,1518.0597397273311,1.0073868,0.0026646566
1518.06112865091,1518.06112865091,1.0123719,0.0026668098
1518.062517574606,1518.062517574606,1.0084492,0.0026670173
1518.0639064983031,1518.0639064983031,1.0091035,0.002661225
1518.0652954218829,1518.0652954218829,1.011657,0.0026613781
1518.066684345579,1518.066684345579,1.012092,0.0026662077
1518.0680732692754,1518.0680732692754,1.0111787,0.0026636692
1518.0694621929717,1518.0694621929717,1.0098435,0.0026613232
1518.0708511165515,1518.0708511165515,1.0091848,0.002659764
1518.0722400402476,1518.0722400402476,1.0133979,0.0026685807
1518.0736289639437,1518.0736289639437,1.0114012,0.0026614876
1518.0750178876394,1518.0750178876394,1.008991,0.0026680625
1518.076406811336,1518.076406811336,1.0111368,0.0026605627
1518.0777957349167,1518.0777957349167,1.0078723,0.0026553802
1518.0791846586123,1518.0791846586123,1.0100672,0.0026620373
1518.0805735823085,1518.0805735823085,1.0147527,0.0026592382
1518.0819625060046,1518.0819625060046,1.0089,0.0026531944
1518.0833514297008,1518.0833514297008,1.006792,0.0026570836
1518.084740353397,1518.084740353397,1.0118343,0.002654558
1518.086129277093,1518.086129277093,1.0072206,0.0026531315
1518.0875182007894,1518.0875182007894,1.0148138,0.0026607628
1518.0889071244849,1518.0889071244849,1.0114647,0.0026510078
1518.090296048182,1518.090296048182,1.0139357,0.0026581092
1518.0916849718787,1518.0916849718787,1.0105864,0.0026517631
1518.0930738955742,1518.0930738955742,1.0108691,0.002654377
1518.09446281927,1518.09446281927,1.0073986,0.0026513203
1518.0958517429667,1518.0958517429667,1.0069752,0.0026514276
1518.0972406666635,1518.0972406666635,1.0100307,0.0026507278
1518.0986295903592,1518.0986295903592,1.0093513,0.0026477294
1518.1000185140554,1518.1000185140554,1.0052062,0.002649971
1518.1014074377515,1518.1014074377515,1.0068673,0.0026453992
1518.1027963614476,1518.1027963614476,1.0125955,0.002658105
1518.1041852852602,1518.1041852852602,1.010716,0.002646264
1518.1055742089566,1518.1055742089566,1.0078411,0.0026460795
1518.106963132653,1518.106963132653,1.0074294,0.0026434604
1518.1083520563482,1518.1083520563482,1.0052955,0.0026428283
1518.1097409800452,1518.1097409800452,1.0057782,0.0026475168
1518.1111299037423,1518.1111299037423,1.006725,0.002651033
1518.112518827554,1518.112518827554,1.0078335,0.0026458714
1518.1139077512496,1518.1139077512496,1.0063095,0.00265635
1518.1152966749464,1518.1152966749464,1.0034117,0.002638873
1518.1166855986432,1518.1166855986432,1.009818,0.0026459335
1518.1180745224553,1518.1180745224553,1.0076727,0.0026495997
1518.1194634461515,1518.1194634461515,1.0072006,0.002650033
1518.1208523698476,1518.1208523698476,1.0065762,0.0026399083
1518.1222412936602,1518.1222412936602,1.0034345,0.0026378706
1518.1236302173572,1518.1236302173572,1.0012743,0.002636781
1518.1250191410534,1518.1250191410534,1.0057731,0.0026392648
1518.1264080648655,1518.1264080648655,1.0036132,0.002639747
1518.1277969885607,1518.1277969885607,1.0031432,0.002633059
1518.1291859123742,1518.1291859123742,1.0020602,0.002634231
1518.1305748360712,1518.1305748360712,1.0015882,0.0026313707
1518.1319637597664,1518.1319637597664,1.0084497,0.0026367446
1518.1333526835792,1518.1333526835792,1.001994,0.0026337127
1518.134741607276,1518.134741607276,1.0041695,0.0026329772
1518.1361305310886,1518.1361305310886,1.003224,0.0026362767
1518.1375194547843,1518.1375194547843,1.0031787,0.0026316775
1518.1389083785969,1518.1389083785969,1.0036255,0.00263221
1518.140297302293,1518.140297302293,1.002919,0.0026285644
1518.1416862261055,1518.1416862261055,1.0044987,0.0026322452
1518.1430751498026,1518.1430751498026,1.0029719,0.0026284317
1518.1444640736152,1518.1444640736152,1.0028061,0.0026270081
1518.1458529973108,1518.1458529973108,1.003678,0.002625933
1518.1472419211225,1518.1472419211225,1.0020754,0.0026268433
1518.1486308448195,1518.1486308448195,1.0068262,0.0026303614
1518.150019768633,1518.150019768633,1.0047969,0.0026252153
1518.1514086924446,1518.1514086924446,1.0024024,0.0026235508
1518.152797616141,1518.152797616141,1.0058832,0.0026332962
1518.1541865399543,1518.1541865399543,0.9989356,0.0026262612
1518.1555754637668,1518.1555754637668,1.0040797,0.0026245383
1518.1569643874625,1518.1569643874625,1.003,0.0026308303
1518.158353311275,1518.158353311275,1.0027273,0.0026223147
1518.1597422350876,1518.1597422350876,0.9998147,0.00261765
1518.1611311587837,1518.1611311587837,1.0035317,0.002620931
1518.1625200825972,1518.1625200825972,1.0031539,0.0026208453
1518.1639090064098,1518.1639090064098,1.0019153,0.0026279553
1518.1652979301055,1518.1652979301055,0.9998575,0.002620532
1518.1666868539173,1518.1666868539173,1.0056744,0.0026204751
1518.1680757777306,1518.1680757777306,1.0014807,0.0026218565
1518.169464701544,1518.169464701544,1.0026914,0.0026144085
1518.1708536252395,1518.1708536252395,0.99958384,0.0026152248
1518.1722425490523,1518.1722425490523,1.0009096,0.002615118
1518.1736314728653,1518.1736314728653,1.0044519,0.0026257166
1518.1750203966778,1518.1750203966778,1.0001154,0.0026154066
1518.1764093204906,1518.1764093204906,1.0019338,0.0026161643
1518.177798244187,1518.177798244187,0.99838567,0.0026203752
1518.1791871679986,1518.1791871679986,1.0001129,0.002612329
1518.1805760918114,1518.1805760918114,0.9985625,0.0026140625
1518.1819650156247,1518.1819650156247,1.0027236,0.0026190653
1518.1833539394372,1518.1833539394372,0.99808747,0.0026143142
1518.1847428632493,1518.1847428632493,1.0012785,0.0026088478
1518.1861317870619,1518.1861317870619,1.0014193,0.002616223
1518.187520710759,1518.187520710759,0.9959164,0.0026239944
1518.1889096345715,1518.1889096345715,0.9961697,0.0026060506
1518.1902985583833,1518.1902985583833,0.9997173,0.0026075519
1518.1916874821961,1518.1916874821961,1.0016787,0.0026095535
1518.1930764060091,1518.1930764060091,0.99729156,0.0026080986
1518.194465329822,1518.194465329822,1.0021527,0.0026091456
1518.1958542536347,1518.1958542536347,0.99580544,0.0026053796
1518.1972431774473,1518.1972431774473,1.0018361,0.0026066245
1518.198632101259,1518.198632101259,1.0017909,0.0026228777
1518.2000210250717,1518.2000210250717,0.996197,0.0026111805
1518.201409948885,1518.201409948885,0.9964011,0.0026160723
1518.2027988726975,1518.2027988726975,1.0011706,0.0026148285
1518.2041877965096,1518.2041877965096,0.9974999,0.002608958
1518.2055767203221,1518.2055767203221,0.99690866,0.0026023644
1518.2069656441356,1518.2069656441356,0.99745333,0.0026055996
1518.2083545679482,1518.2083545679482,0.9965048,0.002599285
1518.2097434917603,1518.2097434917603,0.99630135,0.0026032946
1518.2111324155728,1518.2111324155728,0.99622315,0.0026030766
1518.2125213395022,1518.2125213395022,0.999862,0.0026017823
1518.213910263315,1518.213910263315,0.998899,0.0026027537
1518.2152991871278,1518.2152991871278,0.9984265,0.0026091363
1518.2166881109404,1518.2166881109404,0.9992277,0.0026005174
1518.2180770347522,1518.2180770347522,0.99982095,0.0026023802
1518.219465958565,1518.219465958565,0.99518496,0.0025992384
1518.220854882378,1518.220854882378,0.9987017,0.0026011548
1518.2222438061908,1518.2222438061908,0.9965658,0.0026062299
1518.223632730119,1518.223632730119,0.9963651,0.002603326
1518.2250216539317,1518.2250216539317,0.99806416,0.0025988917
1518.2264105777451,1518.2264105777451,0.9942917,0.0026004666
1518.2277995015577,1518.2277995015577,0.9970889,0.0026021348
1518.2291884253702,1518.2291884253702,0.99854994,0.0025998566
1518.2305773492992,1518.2305773492992,0.99654603,0.0026001558
1518.231966273112,1518.231966273112,0.9943539,0.002596266
1518.2333551969248,1518.2333551969248,0.9956332,0.0025970284
1518.2347441207373,1518.2347441207373,0.99678683,0.0026069952
1518.23613304455,1518.23613304455,0.9960121,0.0025974605
1518.2375219684782,1518.2375219684782,0.9931968,0.0026056883
1518.2389108922914,1518.2389108922914,0.994835,0.0025958726
1518.2402998161049,1518.2402998161049,0.9901332,0.0025968659
1518.2416887400332,1518.2416887400332,0.9983463,0.00260271
1518.243077663845,1518.243077663845,0.9939573,0.0025959795
1518.2444665876576,1518.2444665876576,0.9944578,0.0025984752
1518.245855511471,1518.245855511471,1.0008769,0.0026001695
1518.2472444354,1518.2472444354,0.99257237,0.0025946086
1518.2486333592126,1518.2486333592126,1.0055133,0.0026019465
1518.2500222830251,1518.2500222830251,0.9978861,0.0025995737
1518.2514112069543,1518.2514112069543,0.99596727,0.0025957061
1518.2528001307671,1518.2528001307671,0.9994003,0.0025962838
1518.2541890545797,1518.2541890545797,0.99774945,0.002595655
1518.2555779785087,1518.2555779785087,0.997771,0.0025950721
1518.2569669023208,1518.2569669023208,0.99370307,0.0025936642
1518.2583558262502,1518.2583558262502,0.9944827,0.0025945718
1518.2597447500636,1518.2597447500636,0.99549246,0.0025950389
1518.2611336738757,1518.2611336738757,0.9952937,0.0025967823
1518.2625225978038,1518.2625225978038,0.99330825,0.0025988726
1518.2639115216164,1518.2639115216164,0.99331987,0.0025926707
1518.2653004455462,1518.2653004455462,0.9920505,0.002591971
1518.2680782931714,1518.2680782931714,0.9952944,0.0025916868
1518.2694672171006,1518.2694672171006,0.99354756,0.002594395
1518.2708561409133,1518.2708561409133,0.9922767,0.0025891026
1518.2722450648423,1518.2722450648423,0.9954619,0.0025916828
1518.2736339886549,1518.2736339886549,0.9925552,0.0025940458
1518.2750229125838,1518.2750229125838,0.99576604,0.0025901655
1518.276411836396,1518.276411836396,0.98922527,0.002589505
1518.2778007603254,1518.2778007603254,0.9948559,0.002595096
1518.2791896841388,1518.2791896841388,0.9958432,0.0026012869
1518.2805786080673,1518.2805786080673,0.99381673,0.002594828
1518.281967531879,1518.281967531879,0.9933321,0.0025891394
1518.2833564558082,1518.2833564558082,1.0073227,0.00259515
1518.2847453796214,1518.2847453796214,1.0103517,0.0026017465
1518.2861343035504,1518.2861343035504,1.0061808,0.0025954358
1518.287523227363,1518.287523227363,0.9981558,0.0025935012
1518.2889121512922,1518.2889121512922,1.0038778,0.002599578
1518.290301075105,1518.290301075105,0.9973639,0.0025986608
1518.2916899990344,1518.2916899990344,0.99639964,0.0025922852
1518.2930789229636,1518.2930789229636,0.99872196,0.0025878295
1518.2944678467754,1518.2944678467754,0.9921343,0.002592329
1518.295856770704,1518.295856770704,0.9976316,0.0025944663
1518.2972456945172,1518.2972456945172,0.99460596,0.0025949862
1518.2986346184468,1518.2986346184468,0.99342877,0.0025854856
1518.3000235423754,1518.3000235423754,0.996574,0.002586873
1518.301412466188,1518.301412466188,0.9924261,0.0025910544
1518.3028013901169,1518.3028013901169,0.99637157,0.0025861731
1518.3041903139294,1518.3041903139294,0.99107933,0.002583949
1518.3055792378584,1518.3055792378584,0.9942005,0.00258965
1518.3069681617876,1518.3069681617876,0.99217814,0.0025838872
1518.3083570856004,1518.3083570856004,0.98878324,0.0025837733
1518.3097460095294,1518.3097460095294,0.9915145,0.0025901918
1518.3125238572718,1518.3125238572718,0.98969156,0.0025809493
1518.3139127811999,1518.3139127811999,0.98837113,0.0025825936
1518.3153017051284,1518.3153017051284,0.98973715,0.0025898179
1518.3166906289416,1518.3166906289416,0.9907848,0.002587968
1518.3180795528713,1518.3180795528713,0.99065006,0.0025836367
1518.3194684767998,1518.3194684767998,0.99085027,0.0025871727
1518.3208574006123,1518.3208574006123,0.988518,0.0025801284
1518.3222463245413,1518.3222463245413,0.98872745,0.0025792394
1518.3236352484703,1518.3236352484703,0.98579085,0.0025794043
1518.3250241723993,1518.3250241723993,0.98946345,0.0025811314
1518.326413096212,1518.326413096212,0.9909276,0.0025811153
1518.3278020201412,1518.3278020201412,0.99246067,0.0025843459
1518.3291909440702,1518.3291909440702,0.9880189,0.00257882
1518.3305798678834,1518.3305798678834,0.9876674,0.002577658
1518.3319687918126,1518.3319687918126,0.9905369,0.002578004
1518.3333577157407,1518.3333577157407,0.98707396,0.0025787049
1518.3347466396692,1518.3347466396692,0.9905612,0.002581622
1518.3361355634825,1518.3361355634825,0.9880999,0.0025823761
1518.337524487412,1518.337524487412,0.9870095,0.0025794907
1518.3389134113406,1518.3389134113406,0.9858801,0.0025797065
1518.3403023352696,1518.3403023352696,0.9836374,0.0025739423
1518.3416912591986,1518.3416912591986,0.9871951,0.0025744431
1518.3430801830111,1518.3430801830111,0.9865893,0.0025765838
1518.3444691069403,1518.3444691069403,0.98767316,0.002582493
1518.3458580308695,1518.3458580308695,0.9872189,0.0025766268
1518.3472469547985,1518.3472469547985,0.9885187,0.0025898602
1518.3486358787275,1518.3486358787275,0.98882824,0.0025773328
1518.350024802541,1518.350024802541,0.9854731,0.0025775724
1518.35141372647,1518.35141372647,0.98803043,0.0025780487
1518.352802650398,1518.352802650398,0.9879346,0.0025761726
1518.3541915743272,1518.3541915743272,0.9867751,0.002571846
1518.3555804982568,1518.3555804982568,0.9880176,0.0025736878
1518.3569694221858,1518.3569694221858,0.98957956,0.0025741847
1518.3583583459979,1518.3583583459979,0.9826847,0.0025702342
1518.3597472699269,1518.3597472699269,0.9862166,0.0025736303
1518.3611361938558,1518.3611361938558,0.98832047,0.0025748704
1518.3625251177848,1518.3625251177848,0.98556274,0.0025718152
1518.3639140417147,1518.3639140417147,0.9867646,0.0025731463
1518.3653029656437,1518.3653029656437,0.98457205,0.002569007
1518.3666918895722,1518.3666918895722,0.9839653,0.0025711288
1518.3680808133847,1518.3680808133847,0.9849821,0.0025723802
1518.3694697373146,1518.3694697373146,0.98544127,0.002572591
1518.3708586612436,1518.3708586612436,0.9842838,0.0025713781
1518.3722475851719,1518.3722475851719,0.9861025,0.0025714329
1518.373636509101,1518.373636509101,0.9857234,0.002564973
1518.3750254330305,1518.3750254330305,0.98668116,0.002570018
1518.3764143569595,1518.3764143569595,0.9852586,0.0025721758
1518.377803280888,1518.377803280888,0.9836372,0.0025877943
1518.379192204817,1518.379192204817,0.9843696,0.0025682745
1518.380581128746,1518.380581128746,0.9875305,0.0025684307
1518.3819700525587,1518.3819700525587,0.9834967,0.0025669544
1518.3833589764884,1518.3833589764884,0.9832952,0.0025674077
1518.3847479004173,1518.3847479004173,0.9859753,0.0025676056
1518.3861368243458,1518.3861368243458,0.9856819,0.0025665332
1518.3875257482748,1518.3875257482748,0.98122305,0.0025658915
1518.3889146722047,1518.3889146722047,0.9852121,0.0025684102
1518.3903035961337,1518.3903035961337,0.98625696,0.0025724631
1518.391692520062,1518.391692520062,0.98010844,0.002564974
1518.3930814439912,1518.3930814439912,0.9835719,0.0025687732
1518.3944703679206,1518.3944703679206,0.9847602,0.0025648237
1518.3958592918498,1518.3958592918498,0.98178625,0.0025772778
1518.397248215778,1518.397248215778,0.98262435,0.0025639476
1518.398637139707,1518.398637139707,0.985601,0.0025772913
1518.400026063636,1518.400026063636,0.97883046,0.0025652978
1518.4014149875652,1518.4014149875652,0.9836347,0.0025650833
1518.4028039114949,1518.4028039114949,0.9807663,0.0025620505
1518.4041928354238,1518.4041928354238,0.98127216,0.00256168
1518.4055817593523,1518.4055817593523,0.980247,0.002559816
1518.4069706832813,1518.4069706832813,0.98524487,0.0025609185
1518.4083596072112,1518.4083596072112,0.983076,0.0025622335
1518.4097485311402,1518.4097485311402,0.9825042,0.0025622859
1518.4111374550687,1518.4111374550687,0.97964936,0.0025584528
1518.413915302927,1518.413915302927,0.9835511,0.0025648053
1518.4153042268563,1518.4153042268563,0.9833662,0.0025627215
1518.4166931507855,1518.4166931507855,0.9818404,0.0025606686
1518.4180820747144,1518.4180820747144,0.98343104,0.0025662514
1518.4194709986427,1518.4194709986427,0.9812178,0.0025603638
1518.420859922572,1518.420859922572,0.97984207,0.0025566437
1518.4222488465014,1518.4222488465014,0.97840685,0.0025630305
1518.4236377704306,1518.4236377704306,0.9792006,0.0025590314
1518.4250266943588,1518.4250266943588,0.9819801,0.0025622102
1518.4264156182887,1518.4264156182887,0.9820415,0.0025599315
1518.4278045422182,1518.4278045422182,0.98113865,0.0025565345
1518.4291934661467,1518.4291934661467,0.9846836,0.0025581098
1518.4305823900752,1518.4305823900752,0.9819558,0.002559797
1518.4319713140042,1518.4319713140042,0.9786762,0.002557035
1518.4333602379338,1518.4333602379338,0.98021346,0.0025583426
1518.434749161863,1518.434749161863,0.9792636,0.0025569715
1518.436138085792,1518.436138085792,0.981571,0.0025551321
1518.437527009721,1518.437527009721,0.9764303,0.0025560865
1518.4389159336492,1518.4389159336492,0.980396,0.002557048
1518.4403048575784,1518.4403048575784,0.97653383,0.0025560649
1518.4416937816243,1518.4416937816243,0.979479,0.0025586484
1518.4430827055535,1518.4430827055535,0.98037744,0.0025559326
1518.4444716294818,1518.4444716294818,0.97885525,0.0025542008
1518.4458605534116,1518.4458605534116,0.9830941,0.0025563794
1518.4472494773413,1518.4472494773413,0.9782999,0.002557318
1518.4486384012696,1518.4486384012696,0.9818947,0.0025662296
1518.450027325198,1518.450027325198,0.9792602,0.0025701872
1518.451416249127,1518.451416249127,0.981275,0.0025639508
1518.4528051730567,1518.4528051730567,0.9793067,0.0025561026
1518.454194096986,1518.454194096986,0.97769594,0.0025595776
1518.455583020915,1518.455583020915,0.9769524,0.0025680086
1518.4569719448439,1518.4569719448439,0.98074275,0.0025653213
1518.4583608688888,1518.4583608688888,0.9786731,0.0025538865
1518.4611387167474,1518.4611387167474,0.9776223,0.0025523447
1518.4625276406766,1518.4625276406766,0.98067534,0.0025524634
1518.4639165646047,1518.4639165646047,0.97806674,0.002550098
1518.4653054885346,1518.4653054885346,0.9748684,0.0025504204
1518.4666944124642,1518.4666944124642,0.9769885,0.0025489733
1518.4680833363925,1518.4680833363925,0.9750766,0.002552043
1518.469472260321,1518.469472260321,0.98216885,0.0025556996
1518.4708611843664,1518.4708611843664,0.9810191,0.0025533726
1518.4722501082963,1518.4722501082963,0.9792746,0.0025505035
1518.4736390322253,1518.4736390322253,0.9807095,0.0025529547
1518.4750279561542,1518.4750279561542,0.9773204,0.0025510893
1518.4764168800832,1518.4764168800832,0.9789045,0.0025553324
1518.4778058040117,1518.4778058040117,0.98014754,0.0025610996
1518.4791947279411,1518.4791947279411,0.97623366,0.0025646857
1518.480583651871,1518.480583651871,0.9789452,0.0025511347
1518.481972575916,1518.481972575916,0.9776542,0.0025668393
1518.483361499844,1518.483361499844,0.97710127,0.0025548313
1518.484750423774,1518.484750423774,0.9767992,0.002547619
1518.4861393477038,1518.4861393477038,0.9832809,0.0025539102
1518.4875282716318,1518.4875282716318,0.98211735,0.002557757
1518.4889171955608,1518.4889171955608,0.9752413,0.0025530283
1518.49030611949,1518.49030611949,0.9748953,0.0025487752
1518.4916950435356,1518.4916950435356,0.9757799,0.0025485284
1518.4930839674646,1518.4930839674646,0.97762245,0.0025511587
1518.4944728913936,1518.4944728913936,0.9771227,0.0025464576
1518.4958618153225,1518.4958618153225,0.9768062,0.0025521135
1518.497250739251,1518.497250739251,0.97691864,0.0025601953
1518.4986396631807,1518.4986396631807,0.980123,0.0025498208
1518.5000285872268,1518.5000285872268,0.9788164,0.0025481023
1518.5014175111553,1518.5014175111553,0.9785549,0.002550434
1518.5028064350834,1518.5028064350834,0.9813425,0.0025519312
1518.5041953590132,1518.5041953590132,0.97537285,0.0025484245
1518.5055842829431,1518.5055842829431,0.9758711,0.0025454455
1518.5069732068712,1518.5069732068712,0.9797025,0.0025479128
1518.5083621308004,1518.5083621308004,0.9788556,0.0025484187
1518.509751054846,1518.509751054846,0.9771484,0.002547479
1518.511139978775,1518.511139978775,0.9787973,0.0025621366
1518.512528902704,1518.512528902704,0.97987086,0.0025587066
1518.513917826633,1518.513917826633,0.974572,0.0025474415
1518.5153067505619,1518.5153067505619,0.97767097,0.0025502187
1518.5166956744904,1518.5166956744904,0.97333944,0.0025422093
1518.5180845985365,1518.5180845985365,0.97573316,0.002548837
1518.5194735224661,1518.5194735224661,0.97450346,0.0025510401
1518.5208624463946,1518.5208624463946,0.9783603,0.0025496944
1518.522251370323,1518.522251370323,0.9791192,0.0025539102
1518.5236402942526,1518.5236402942526,0.97631747,0.002552613
1518.5250292181825,1518.5250292181825,0.9744953,0.0025471852
1518.526418142227,1518.526418142227,0.9774799,0.0025480043
1518.5278070661561,1518.5278070661561,0.9738204,0.002559993
1518.5291959900853,1518.5291959900853,0.97301435,0.002546788
1518.5305849140143,1518.5305849140143,0.97630084,0.0025472073
1518.5319738379433,1518.5319738379433,0.97558093,0.0025459751
1518.5333627619887,1518.5333627619887,0.9765157,0.0025445735
1518.5347516859176,1518.5347516859176,0.9757827,0.0025491458
1518.5361406098461,1518.5361406098461,0.9729502,0.002548984
1518.5375295337758,1518.5375295337758,0.97869563,0.0025484832
1518.5389184577054,1518.5389184577054,0.97839504,0.0025545207
1518.540307381634,1518.540307381634,0.97330654,0.0025565007
1518.5416963056787,1518.5416963056787,0.9778069,0.0025509072
1518.5430852296083,1518.5430852296083,0.9733429,0.00255648
1518.5444741535382,1518.5444741535382,0.97479457,0.0025542784
1518.5458630774665,1518.5458630774665,0.97599995,0.0025476885
1518.5472520013957,1518.5472520013957,0.98047054,0.002552297
1518.548640925441,1518.548640925441,0.97933275,0.0025514537
1518.55002984937,1518.55002984937,0.97238714,0.0025453884
1518.5514187733,1518.5514187733,0.9782894,0.0025479535
1518.552807697229,1518.552807697229,0.97525775,0.0025458937
1518.554196621157,1518.554196621157,0.97912496,0.0025467784
1518.5555855450855,1518.5555855450855,0.9788789,0.0025498834
1518.5569744691318,1518.5569744691318,0.9760925,0.0025467079
1518.5583633930612,1518.5583633930612,0.97299653,0.0025441828
1518.5597523169897,1518.5597523169897,0.97739893,0.0025531347
1518.5611412409187,1518.5611412409187,0.9777747,0.0025470986
1518.5625301648486,1518.5625301648486,0.9783984,0.0025503405
1518.563919088894,1518.563919088894,0.9749861,0.002550242
1518.5653080128222,1518.5653080128222,0.97909164,0.0025474236
1518.5666969367514,1518.5666969367514,0.9750787,0.002552775
1518.5680858606804,1518.5680858606804,0.97677857,0.0025470818
1518.5694747846094,1518.5694747846094,0.9741489,0.002546838
1518.5708637085393,1518.5708637085393,0.97760457,0.0025458822
1518.5722526325847,1518.5722526325847,0.9806467,0.0025504576
1518.573641556513,1518.573641556513,0.9791283,0.0025487111
1518.5750304804412,1518.5750304804412,0.9770269,0.002546
1518.576419404371,1518.576419404371,0.9742413,0.002546412
1518.5778083283005,1518.5778083283005,0.9758998,0.0025504425
1518.5791972523455,1518.5791972523455,0.975387,0.0025465728
1518.5805861762744,1518.5805861762744,0.9764865,0.0025524702
1518.5819751002043,1518.5819751002043,0.9763629,0.0025571447
1518.5833640241333,1518.5833640241333,0.9817857,0.0025473975
1518.5847529480618,1518.5847529480618,0.9739466,0.0025499212
1518.5861418721072,1518.5861418721072,0.9763776,0.0025490928
1518.5875307960362,1518.5875307960362,0.97411907,0.0025457735
1518.5889197199651,1518.5889197199651,0.9746336,0.002555671
1518.590308643895,1518.590308643895,0.9789814,0.002546819
1518.591697567824,1518.591697567824,0.9759714,0.002546718
1518.5930864917523,1518.5930864917523,0.97496057,0.0025465905
1518.594475415797,1518.594475415797,0.97927266,0.0025458115
1518.5958643397269,1518.5958643397269,0.9762862,0.002546507
1518.5972532636565,1518.5972532636565,0.97672147,0.0025479153
1518.5986421875848,1518.5986421875848,0.9788499,0.0025520227
1518.6000311115138,1518.6000311115138,0.9792122,0.0025609273
1518.60142003556,1518.60142003556,0.9738132,0.0025461828
1518.602808959489,1518.602808959489,0.9743643,0.0025545773
1518.6041978834176,1518.6041978834176,0.97597486,0.0025507226
1518.6055868073465,1518.6055868073465,0.97854775,0.0025582951
1518.6069757312755,1518.6069757312755,0.9744346,0.002547702
1518.6083646552045,1518.6083646552045,0.97823477,0.0025614896
1518.6097535792508,1518.6097535792508,0.9760946,0.0025471551
1518.6111425031797,1518.6111425031797,0.97617,0.002547495
1518.6125314271083,1518.6125314271083,0.9749201,0.0025474431
1518.6139203510363,1518.6139203510363,0.97752345,0.0025495347
1518.6153092749662,1518.6153092749662,0.9766884,0.0025446392
1518.6166981988958,1518.6166981988958,0.9756806,0.002548176
1518.6180871229406,1518.6180871229406,0.98036885,0.0025575045
1518.6194760468695,1518.6194760468695,0.9738651,0.0025508755
1518.6208649707994,1518.6208649707994,0.97621065,0.0025481812
1518.6222538947284,1518.6222538947284,0.9762085,0.0025511275
1518.623642818657,1518.623642818657,0.97840726,0.002544189
1518.6250317425859,1518.6250317425859,0.9747092,0.002547636
1518.6264206666312,1518.6264206666312,0.97899646,0.0025516083
1518.6278095905602,1518.6278095905602,0.97549653,0.0025473468
1518.62919851449,1518.62919851449,0.9791802,0.0025468043
1518.630587438419,1518.630587438419,0.977795,0.0025502215
1518.6319763623476,1518.6319763623476,0.97953224,0.0025474539
1518.6333652862766,1518.6333652862766,0.9795076,0.0025508734
1518.6347542103226,1518.6347542103226,0.98152846,0.002548831
1518.6361431342518,1518.6361431342518,0.977696,0.0025529894
1518.6375320581799,1518.6375320581799,0.97763985,0.0025483586
1518.6389209821089,1518.6389209821089,0.9784118,0.0025571182
1518.6403099060387,1518.6403099060387,0.97393197,0.0025475828
1518.6416988299677,1518.6416988299677,0.97722924,0.0025521643
1518.6430877538967,1518.6430877538967,0.97595215,0.0025463977
1518.6444766779423,1518.6444766779423,0.97981185,0.002548375
1518.6458656018706,1518.6458656018706,0.98207116,0.0025490716
1518.6472545257996,1518.6472545257996,0.9788773,0.0025458208
1518.6486434497294,1518.6486434497294,0.97825676,0.0025475149
1518.6500323736584,1518.6500323736584,0.97951514,0.0025566425
1518.651421297587,1518.651421297587,0.97707236,0.0025491281
1518.652810221516,1518.652810221516,0.9819263,0.0025493535
1518.654199145562,1518.654199145562,0.9785722,0.002546557
1518.6555880694912,1518.6555880694912,0.9774623,0.0025432925
1518.6569769934192,1518.6569769934192,0.9762748,0.0025517433
1518.6583659173484,1518.6583659173484,0.9780005,0.0025461907
1518.659754841278,1518.659754841278,0.9766972,0.0025549126
1518.661143765207,1518.661143765207,0.97451633,0.00254417
1518.6625326891362,1518.6625326891362,0.982393,0.0025583713
1518.6639216130654,1518.6639216130654,0.98195815,0.0025538984
1518.66531053711,1518.66531053711,0.9810058,0.0025470434
1518.666699461039,1518.666699461039,0.9814013,0.002548701
1518.6680883849688,1518.6680883849688,0.98242384,0.0025570423
1518.6694773088977,1518.6694773088977,0.98347694,0.0025503456
1518.6708662328263,1518.6708662328263,0.98072416,0.002550246
1518.6722551567552,1518.6722551567552,0.9783634,0.0025470979
1518.673644080685,1518.673644080685,0.98236513,0.0025502986
1518.675033004614,1518.675033004614,0.98166674,0.0025500879
1518.6764219286586,1518.6764219286586,0.97708917,0.0025569738
1518.6778108525878,1518.6778108525878,0.98088586,0.0025502061
1518.6791997765174,1518.6791997765174,0.97544295,0.0025455623
1518.6805887004464,1518.6805887004464,0.98064464,0.0025498103
1518.6819776243756,1518.6819776243756,0.97878975,0.0025478976
1518.6833665483048,1518.6833665483048,0.9827346,0.002553737
1518.6847554722328,1518.6847554722328,0.9802318,0.0025496425
1518.686144396162,1518.686144396162,0.9817965,0.0025503824
1518.6875333200917,1518.6875333200917,0.9831287,0.0025514106
1518.6889222440207,1518.6889222440207,0.98268753,0.0025470804
1518.6903111679492,1518.6903111679492,0.9799345,0.002552774
1518.6917000919946,1518.6917000919946,0.9850206,0.002551027
1518.6930890159244,1518.6930890159244,0.9821479,0.0025479223
1518.6944779398534,1518.6944779398534,0.983557,0.0025576928
1518.6958668637817,1518.6958668637817,0.97961146,0.0025521903
1518.697255787711,1518.697255787711,0.97985816,0.0025501098
1518.6986447116403,1518.6986447116403,0.98314476,0.002548894
1518.7000336355695,1518.7000336355695,0.98123884,0.0025490816
1518.7014225594987,1518.7014225594987,0.9837456,0.002549309
1518.7028114834277,1518.7028114834277,0.98181397,0.0025515214
1518.7042004073558,1518.7042004073558,0.9825259,0.002554702
1518.705589331285,1518.705589331285,0.98060745,0.0025578707
1518.7069782552146,1518.7069782552146,0.98179823,0.0025532495
1518.7083671791436,1518.7083671791436,0.98361677,0.0025500483
1518.7097561031885,1518.7097561031885,0.98425686,0.0025530548
1518.7111450271175,1518.7111450271175,0.98742026,0.0025472054
1518.7125339510474,1518.7125339510474,0.9840823,0.0025492422
1518.7139228749763,1518.7139228749763,0.98655534,0.002549772
1518.7153117989046,1518.7153117989046,0.98240423,0.0025507205
1518.7167007228338,1518.7167007228338,0.98340154,0.002549414
1518.7180896467632,1518.7180896467632,0.98458254,0.0025493428
1518.7194785706924,1518.7194785706924,0.98136806,0.0025508262
1518.7208674946216,1518.7208674946216,0.9817158,0.002546086
1518.7222564185506,1518.7222564185506,0.9840356,0.0025509947
1518.723645342479,1518.723645342479,0.981544,0.0025566847
1518.7250342664086,1518.7250342664086,0.98156416,0.0025464564
1518.7264231903384,1518.7264231903384,0.9824888,0.002550002
1518.7278121142665,1518.7278121142665,0.98667043,0.00255383
1518.729201038195,1518.729201038195,0.9854757,0.0025529468
1518.730589962124,1518.730589962124,0.98670244,0.002559086
1518.7319788860539,1518.7319788860539,0.98384905,0.0025553026
1518.7333678099828,1518.7333678099828,0.9832585,0.0025505777
1518.7347567339118,1518.7347567339118,0.987863,0.002549395
1518.7361456578408,1518.7361456578408,0.98490214,0.0025515347
1518.73753458177,1518.73753458177,0.98652214,0.002553027
1518.7389235056992,1518.7389235056992,0.9870886,0.0025527477
1518.7403124296281,1518.7403124296281,0.9893183,0.0025534206
1518.7417013535571,1518.7417013535571,0.9870528,0.002551996
1518.7430902774854,1518.7430902774854,0.9880938,0.0025509158
1518.744479201415,1518.744479201415,0.9874646,0.002551111
1518.745868125345,1518.745868125345,0.9857658,0.002550705
1518.7472570492732,1518.7472570492732,0.98764056,0.0025534478
1518.7486459732015,1518.7486459732015,0.9855523,0.0025573706
1518.7500348971305,1518.7500348971305,0.98608243,0.002549923
1518.7514238210604,1518.7514238210604,0.9905492,0.0025519847
1518.7528127449893,1518.7528127449893,0.9853334,0.0025540958
1518.7542016689183,1518.7542016689183,0.98811245,0.0025545266
1518.7555905928473,1518.7555905928473,0.9843364,0.0025497915
1518.7569795167765,1518.7569795167765,0.9864743,0.0025548039
1518.7583684407057,1518.7583684407057,0.9843544,0.002550392
1518.7597573646347,1518.7597573646347,0.9892961,0.0025520416
1518.7611462885636,1518.7611462885636,0.98586863,0.0025508134
1518.7625352124921,1518.7625352124921,0.988453,0.002552346
1518.7639241364216,1518.7639241364216,0.98873615,0.0025546164
1518.7653130603514,1518.7653130603514,0.989012,0.0025523514
1518.7667019842797,1518.7667019842797,0.98916626,0.0025579822
1518.768090908208,1518.768090908208,0.98774153,0.0025536995
1518.7694798320206,1518.7694798320206,0.98367196,0.0025496513
1518.7708687559505,1518.7708687559505,0.9848441,0.002557464
1518.7722576798794,1518.7722576798794,0.9872184,0.002554428
1518.7736466038084,1518.7736466038084,0.98774374,0.0025548947
1518.7750355277376,1518.7750355277376,0.99085975,0.0025526294
1518.7764244516668,1518.7764244516668,0.9866019,0.0025498471
1518.7778133755958,1518.7778133755958,0.9878906,0.0025512285
1518.7792022995247,1518.7792022995247,0.9856899,0.0025508201
1518.7805912234537,1518.7805912234537,0.9909236,0.002555526
1518.7819801473822,1518.7819801473822,0.98948973,0.0025537051
1518.7833690713117,1518.7833690713117,0.98814404,0.002553721
1518.7847579952415,1518.7847579952415,0.9879173,0.0025501635
1518.7861469190536,1518.7861469190536,0.9883201,0.0025514883
1518.7875358429817,1518.7875358429817,0.9908537,0.0025526963
1518.7889247669107,1518.7889247669107,0.9849156,0.0025523903
1518.7903136908405,1518.7903136908405,0.98826796,0.0025490671
1518.7917026147695,1518.7917026147695,0.9849964,0.0025511072
1518.7930915386985,1518.7930915386985,0.9900263,0.002558964
1518.7944804626277,1518.7944804626277,0.98941547,0.002549996
1518.795869386557,1518.795869386557,0.9907629,0.0025529563
1518.7972583103694,1518.7972583103694,0.9873118,0.002550267
1518.7986472342984,1518.7986472342984,0.99143845,0.0025527223
1518.8000361582274,1518.8000361582274,0.98920166,0.0025547086
1518.801425082156,1518.801425082156,0.9921425,0.0025523165
1518.8028140060856,1518.8028140060856,0.9916794,0.0025568411
1518.8042029300152,1518.8042029300152,1.0006714,0.0025570097
1518.8055918539437,1518.8055918539437,1.0020452,0.0025593687
1518.8069807777554,1518.8069807777554,0.9953004,0.0025555964
1518.8083697016846,1518.8083697016846,0.9947543,0.0025577818
1518.8097586256142,1518.8097586256142,0.99236226,0.0025584106
1518.8111475495432,1518.8111475495432,0.99465126,0.0025564653
1518.8125364734724,1518.8125364734724,0.9915608,0.0025638465
1518.8139253974016,1518.8139253974016,0.9930539,0.0025585212
1518.8153143212141,1518.8153143212141,0.9909662,0.0025587536
1518.8167032451431,1518.8167032451431,0.9889107,0.0025562844
1518.818092169072,1518.818092169072,0.9933963,0.0025506653
1518.819481093001,1518.819481093001,0.99381423,0.0025534325
1518.8208700169296,1518.8208700169296,0.9936808,0.0025531852
1518.8222589407428,1518.8222589407428,0.99023485,0.0025552432
1518.8236478646725,1518.8236478646725,0.9928995,0.0025560083
1518.825036788601,1518.825036788601,0.9915813,0.0025513982
1518.82642571253,1518.82642571253,0.99444544,0.0025560367
1518.827814636459,1518.827814636459,0.993559,0.0025537703
1518.8292035602715,1518.8292035602715,0.9929945,0.0025538912
1518.8305924842005,1518.8305924842005,0.99129313,0.0025534022
1518.8319814081296,1518.8319814081296,0.9926564,0.0025540467
1518.8333703320588,1518.8333703320588,0.99095404,0.0025561256
1518.8347592559878,1518.8347592559878,0.9961172,0.00255509
1518.836148179801,1518.836148179801,0.99260044,0.0025552774
1518.8375371037303,1518.8375371037303,0.99547434,0.002572536
1518.8389260276583,1518.8389260276583,0.9975852,0.0025593466
1518.8403149515868,1518.8403149515868,0.99405575,0.0025682473
1518.8417038754,1518.8417038754,0.993908,0.0025640784
1518.8430927993297,1518.8430927993297,0.99446213,0.002558204
1518.8444817232582,1518.8444817232582,0.9988126,0.0025574802
1518.8458706471872,1518.8458706471872,0.99416685,0.0025602048
1518.8472595709998,1518.8472595709998,0.9953491,0.00255485
1518.8486484949287,1518.8486484949287,0.9893956,0.002565418
1518.850037418858,1518.850037418858,0.997197,0.0025572868
1518.8514263426707,1518.8514263426707,0.9965506,0.0025568635
1518.8528152665997,1518.8528152665997,0.9947731,0.0025564337
1518.8542041905287,1518.8542041905287,0.9988517,0.0025613972
1518.8555931144583,1518.8555931144583,0.99267995,0.0025533633
1518.856982038271,1518.856982038271,0.9956407,0.0025552404
1518.8583709621992,1518.8583709621992,0.9930063,0.0025545442
1518.8597598861277,1518.8597598861277,0.99754655,0.002553443
1518.8611488099411,1518.8611488099411,0.99320126,0.0025545799
1518.8625377338706,1518.8625377338706,0.99542534,0.0025545382
1518.863926657799,1518.863926657799,0.9958996,0.0025531328
1518.8653155816116,1518.8653155816116,0.99643207,0.0025565473
1518.8667045055406,1518.8667045055406,0.99649894,0.0025586793
1518.8680934294696,1518.8680934294696,0.99540323,0.0025661422
1518.8694823532824,1518.8694823532824,0.9972732,0.0025580984
1518.8708712772116,1518.8708712772116,0.99667037,0.0025542025
1518.8722602011405,1518.8722602011405,0.99708176,0.0025654568
1518.8736491249524,1518.8736491249524,0.9966569,0.0025590863
1518.875038048882,1518.875038048882,0.9985259,0.0025586893
1518.876426972812,1518.876426972812,0.9971038,0.002556458
1518.8778158966236,1518.8778158966236,1.0000508,0.0025591361
1518.879204820552,1518.879204820552,0.9959964,0.002554943
1518.8805937443656,1518.8805937443656,0.9965933,0.0025588078
1518.881982668295,1518.881982668295,0.99585086,0.0025559075
1518.8833715922235,1518.8833715922235,0.99617624,0.0025561403
1518.884760516036,1518.884760516036,0.9970959,0.0025684638
1518.886149439965,1518.886149439965,0.9948318,0.0025597927
1518.8875383638942,1518.8875383638942,0.9990364,0.0025637355
1518.888927287707,1518.888927287707,0.998873,0.0025578677
1518.890316211636,1518.890316211636,1.000181,0.0025579014
1518.8917051354485,1518.8917051354485,0.9962092,0.002556993
1518.8930940593768,1518.8930940593768,0.99960035,0.0025588404
1518.89448298319,1518.89448298319,0.99719906,0.0025544416
1518.89587190712,1518.89587190712,0.99997234,0.0025615115
1518.8972608310482,1518.8972608310482,1.0023478,0.0025599697
1518.8986497548601,1518.8986497548601,1.0021824,0.0025563906
1518.90003867879,1518.90003867879,1.001193,0.0025590886
1518.9014276026032,1518.9014276026032,0.9978357,0.0025591257
1518.9028165265315,1518.9028165265315,0.9988811,0.0025595902
1518.904205450344,1518.904205450344,1.0017292,0.0025636815
1518.905594374273,1518.905594374273,1.0019224,0.0025597706
1518.9069832980858,1518.9069832980858,0.9990425,0.0025549666
1518.908372222015,1518.908372222015,1.001738,0.0025616442
1518.9097611458276,1518.9097611458276,1.0021542,0.0025573212
1518.9111500697566,1518.9111500697566,1.0005375,0.0025602921
1518.912538993685,1518.912538993685,1.0021834,0.0025644735
1518.913927917498,1518.913927917498,1.0023552,0.002559836
1518.915316841428,1518.915316841428,1.0010666,0.0025624074
1518.9167057652398,1518.9167057652398,0.99875224,0.0025580495
1518.9180946891681,1518.9180946891681,1.001097,0.0025583147
1518.9194836129816,1518.9194836129816,1.0008203,0.0025575177
1518.9208725369112,1518.9208725369112,0.99754316,0.002555982
1518.9222614607231,1518.9222614607231,1.0006639,0.0025571077
1518.9236503845357,1518.9236503845357,0.9982466,0.0025577776
1518.9250393084649,1518.9250393084649,0.9997757,0.002556743
1518.9264282322777,1518.9264282322777,1.000858,0.0025563843
1518.9278171562066,1518.9278171562066,1.0030174,0.0025663006
1518.9292060800192,1518.9292060800192,0.9974311,0.0025577357
1518.9305950039482,1518.9305950039482,0.99905014,0.0025590607
1518.9319839277603,1518.9319839277603,1.0013777,0.0025573103
1518.9333728516897,1518.9333728516897,1.0011288,0.002566745
1518.9347617755031,1518.9347617755031,1.0028436,0.002562854
1518.9361506994317,1518.9361506994317,1.0012058,0.0025670286
1518.9375396232433,1518.9375396232433,1.0031197,0.0025577922
1518.9389285470568,1518.9389285470568,1.0025327,0.0025590921
1518.9403174709867,1518.9403174709867,1.0017157,0.0025582102
1518.9417063947983,1518.9417063947983,1.0022022,0.00256349
1518.9430953187273,1518.9430953187273,1.0036422,0.0025609708
1518.94448424254,1518.94448424254,1.0044334,0.0025587368
1518.9458731663528,1518.9458731663528,1.00829,0.002562653
1518.9472620902818,1518.9472620902818,1.0058556,0.0025583408
1518.9486510140944,1518.9486510140944,1.0043434,0.0025677842
1518.9500399380233,1518.9500399380233,1.0035051,0.0025586314
1518.9514288618354,1518.9514288618354,1.0057355,0.002568593
1518.9528177856487,1518.9528177856487,1.0053173,0.002560886
1518.9542067095783,1518.9542067095783,1.0015223,0.0025666046
1518.9555956333904,1518.9555956333904,1.0052012,0.0025646775
1518.956984557203,1518.956984557203,1.0059878,0.0025604656
1518.9583734811326,1518.9583734811326,1.0024704,0.0025568055
1518.9597624049454,1518.9597624049454,1.0068059,0.0025618393
1518.961151328757,1518.961151328757,1.0019794,0.0025604204
1518.9625402526863,1518.9625402526863,1.0035106,0.0025579361
1518.963929176499,1518.963929176499,1.0062836,0.002563689
1518.9653181003116,1518.9653181003116,1.0055188,0.002562474
1518.966707024241,1518.966707024241,1.0028963,0.002564716
1518.9680959480538,1518.9680959480538,1.0044765,0.0025583298
1518.9694848718657,1518.9694848718657,1.0037147,0.0025677402
1518.9708737957942,1518.9708737957942,1.00489,0.0025600167
1518.9722627196074,1518.9722627196074,1.001856,0.0025575827
1518.9736516434207,1518.9736516434207,1.0044044,0.0025656389
1518.9750405672328,1518.9750405672328,1.0048573,0.00256103
1518.9764294911618,1518.9764294911618,1.00515,0.0025609462
1518.9778184149752,1518.9778184149752,1.0048776,0.002564412
1518.9792073387878,1518.9792073387878,1.0051723,0.0025642477
1518.9805962627158,1518.9805962627158,1.0046287,0.002560791
1518.9819851865286,1518.9819851865286,1.0039837,0.002565768
1518.9833741103414,1518.9833741103414,1.0081758,0.0025650074
1518.984763034154,1518.984763034154,1.0039593,0.002561039
1518.9861519579672,1518.9861519579672,1.0060331,0.0025694715
1518.9875408818964,1518.9875408818964,1.0070417,0.0025703537
1518.988929805708,1518.988929805708,1.0062565,0.0025619573
1518.9903187295201,1518.9903187295201,1.0069624,0.0025591478
1518.9917076533334,1518.9917076533334,1.0061088,0.0025605944
1518.993096577263,1518.993096577263,1.0062494,0.0025608437
1518.9944855010751,1518.9944855010751,1.0045004,0.002564043
1518.9958744248877,1518.9958744248877,1.0102901,0.0025618665
1518.9972633487012,1518.9972633487012,1.0085505,0.0025634193
1518.9986522725137,1518.9986522725137,1.0051285,0.0025586707
1519.000041196442,1519.000041196442,1.0054295,0.0025619678
1519.0014301202548,1519.0014301202548,1.0084726,0.002564806
1519.0028190440673,1519.0028190440673,1.0097059,0.002561138
1519.00420796788,1519.00420796788,1.0090528,0.0025610332
1519.0055968916931,1519.0055968916931,1.005622,0.0025610437
1519.006985815506,1519.006985815506,1.0056314,0.0025616128
1519.008374739434,1519.008374739434,1.0096607,0.0025607885
1519.009763663246,1519.009763663246,1.0092242,0.0025576907
1519.0111525870595,1519.0111525870595,1.0098451,0.0025612249
1519.0125415108726,1519.0125415108726,1.0065728,0.0025649704
1519.0139304346847,1519.0139304346847,1.0095662,0.0025635492
1519.0153193584972,1519.0153193584972,1.0083183,0.0025600465
1519.0167082823107,1519.0167082823107,1.0084774,0.0025615196
1519.0180972061232,1519.0180972061232,1.0081451,0.0025668822
1519.019486129935,1519.019486129935,1.0080595,0.002562954
1519.0208750538643,1519.0208750538643,1.0084682,0.0025699525
1519.0222639776769,1519.0222639776769,1.0058805,0.002560869
1519.0236529014894,1519.0236529014894,1.0088781,0.0025643364
1519.0250418253029,1519.0250418253029,1.0079961,0.0025602086
1519.0264307491154,1519.0264307491154,1.0095772,0.0025643744
1519.027819672927,1519.027819672927,1.0061518,0.0025635317
1519.0292085967392,1519.0292085967392,1.0098962,0.002564735
1519.0305975205526,1519.0305975205526,1.0120866,0.0025634232
1519.0319864443657,1519.0319864443657,1.0069721,0.0025635343
1519.0333753681778,1519.0333753681778,1.0079759,0.0025600032
1519.0347642919903,1519.0347642919903,1.0095419,0.0025683127
1519.0361532158038,1519.0361532158038,1.0046908,0.0025576018
1519.0375421396163,1519.0375421396163,1.0090599,0.002571486
1519.0389310634284,1519.0389310634284,1.0084139,0.0025623334
1519.040319987241,1519.040319987241,1.0102445,0.0025660566
1519.0417089110535,1519.0417089110535,1.0109634,0.0025648046
1519.043097834866,1519.043097834866,1.0096201,0.002565993
1519.0444867586796,1519.0444867586796,1.011132,0.0025655671
1519.0458756824921,1519.0458756824921,1.0133038,0.0025629567
1519.047264606304,1519.047264606304,1.011554,0.0025642456
1519.0486535301159,1519.0486535301159,1.0091159,0.0025679541
1519.0500424539293,1519.0500424539293,1.0089464,0.0025634358
1519.0514313777426,1519.0514313777426,1.0077255,0.0025605375
1519.0528203015544,1519.0528203015544,1.0117737,0.0025640486
1519.054209225367,1519.054209225367,1.0084052,0.002561913
1519.0555981491805,1519.0555981491805,1.0099792,0.0025642407
1519.056987072993,1519.056987072993,1.0119147,0.0025652885
1519.0583759968051,1519.0583759968051,1.011576,0.0025615296
1519.0597649206177,1519.0597649206177,1.009195,0.0025647182
1519.0611538444302,1519.0611538444302,1.0100209,0.0025768897
1519.0625427682428,1519.0625427682428,1.0146431,0.0025631886
1519.0639316919398,1519.0639316919398,1.0122676,0.0025635578
1519.0653206157524,1519.0653206157524,1.0082037,0.0025610777
1519.0667095395643,1519.0667095395643,1.0099164,0.0025632926
1519.0680984633761,1519.0680984633761,1.0107509,0.0025662153
1519.0694873871896,1519.0694873871896,1.0136858,0.0025664542
1519.0708763110028,1519.0708763110028,1.0131578,0.0025693676
1519.0722652348147,1519.0722652348147,1.0093713,0.0025663276
1519.0736541586273,1519.0736541586273,1.0157559,0.0025668235
1519.0750430823243,1519.0750430823243,1.0116757,0.0025719742
1519.0764320061369,1519.0764320061369,1.0114301,0.0025621883
1519.077820929949,1519.077820929949,1.0115867,0.0025653467
1519.0792098537615,1519.0792098537615,1.0133947,0.002566256
1519.080598777574,1519.080598777574,1.0163614,0.0025646144
1519.0819877013867,1519.0819877013867,1.0113394,0.0025643483
1519.0833766250837,1519.0833766250837,1.0146544,0.0025658472
1519.0847655488963,1519.0847655488963,1.0133442,0.00257345
1519.0861544727084,1519.0861544727084,1.010416,0.002560491
1519.08754339652,1519.08754339652,1.013306,0.0025618006
1519.0889323203335,1519.0889323203335,1.0111316,0.002568672
1519.0903212440305,1519.0903212440305,1.0102968,0.0025707842
1519.0917101678422,1519.0917101678422,1.0099401,0.002564362
1519.0930990916547,1519.0930990916547,1.0100759,0.0025603038
1519.0944880154682,1519.0944880154682,1.013221,0.00256628
1519.0958769391643,1519.0958769391643,1.0116214,0.002562322
1519.0972658629764,1519.0972658629764,1.012231,0.0025639043
1519.098654786789,1519.098654786789,1.013131,0.002564755
1519.1000437106015,1519.1000437106015,1.0158192,0.0025661746
1519.1014326342977,1519.1014326342977,1.0133007,0.0025623534
1519.1028215581111,1519.1028215581111,1.0107245,0.0025663844
1519.1042104819237,1519.1042104819237,1.0103458,0.0025663394
1519.1055994057358,1519.1055994057358,1.0157293,0.0025675201
1519.106988329431,1519.106988329431,1.008362,0.0025683537
1519.1083772532445,1519.1083772532445,1.0122138,0.0025726294
1519.109766177058,1519.109766177058,1.0146569,0.0025735984
1519.1111551007532,1519.1111551007532,1.0115105,0.0025660605
1519.112544024566,1519.112544024566,1.0097542,0.0025611394
1519.1139329483792,1519.1139329483792,1.0120726,0.0025624295
1519.1153218720754,1519.1153218720754,1.0129237,0.0025675795
1519.1167107958875,1519.1167107958875,1.011684,0.0025659206
1519.1180997197,1519.1180997197,1.0144016,0.0025663716
1519.1194886433962,1519.1194886433962,1.0147458,0.002566275
1519.1208775672087,1519.1208775672087,1.0111473,0.0025634738
1519.1222664910222,1519.1222664910222,1.0145296,0.0025653802
1519.1236554147183,1519.1236554147183,1.0138038,0.0025732592
1519.1250443385304,1519.1250443385304,1.010751,0.0025618218
1519.1264332622256,1519.1264332622256,1.0137936,0.0025686882
1519.127822186039,1519.127822186039,1.0159369,0.0025673609
1519.1292111098526,1519.1292111098526,1.0108835,0.0025751092
1519.1306000335478,1519.1306000335478,1.0145572,0.0025669604
1519.1319889573606,1519.1319889573606,1.0105143,0.0025676703
1519.1333778810574,1519.1333778810574,1.0107745,0.002565031
1519.13476680487,1519.13476680487,1.0156087,0.0025632486
1519.1361557285657,1519.1361557285657,1.0115091,0.002563037
1519.1375446523782,1519.1375446523782,1.0168841,0.0025675928
1519.1389335761908,1519.1389335761908,1.0113558,0.0025637937
1519.140322499887,1519.140322499887,1.0099856,0.002562917
1519.1417114237004,1519.1417114237004,1.0121783,0.0025636537
1519.1431003473965,1519.1431003473965,1.0172906,0.0025656882
1519.1444892712086,1519.1444892712086,1.0164346,0.0025655762
1519.1458781949048,1519.1458781949048,1.0130273,0.0025673213
1519.1472671187182,1519.1472671187182,1.01514,0.00256544
1519.1486560424144,1519.1486560424144,1.0153562,0.0025669243
1519.1500449662262,1519.1500449662262,1.014828,0.0025634472
1519.1514338899226,1519.1514338899226,1.0137717,0.0025624319
1519.1528228137356,1519.1528228137356,1.0129882,0.0025644633
1519.1542117374318,1519.1542117374318,1.015609,0.0025770627
1519.1556006612445,1519.1556006612445,1.011405,0.002565436
1519.156989584941,1519.156989584941,1.0144111,0.0025689714
1519.1583785086361,1519.1583785086361,1.0160921,0.0025661422
1519.159767432449,1519.159767432449,1.0153319,0.0025679283
1519.1611563561457,1519.1611563561457,1.0139962,0.0025812862
1519.1625452799583,1519.1625452799583,1.0156853,0.0025640915
1519.163934203654,1519.163934203654,1.0136347,0.0025688824
1519.1653231274665,1519.1653231274665,1.0132368,0.0025760243
1519.1667120511636,1519.1667120511636,1.0172806,0.0025694296
1519.1681009748597,1519.1681009748597,1.015587,0.002566285
1519.1694898986716,1519.1694898986716,1.0134059,0.0025636985
1519.170878822368,1519.170878822368,1.0171181,0.0025660936
1519.172267746181,1519.172267746181,1.0133626,0.002585498
1519.1736566698773,1519.1736566698773,1.0158719,0.0025801202
1519.1750455935737,1519.1750455935737,1.0168141,0.0025762895
1519.1764345173863,1519.1764345173863,1.0147951,0.0025649224
1519.1778234410815,1519.1778234410815,1.0170028,0.0025694775
1519.1792123647779,1519.1792123647779,1.013236,0.0025765903
1519.180601288591,1519.180601288591,1.0137475,0.0025652014
1519.1819902122872,1519.1819902122872,1.0139842,0.0025634468
1519.183379135983,1519.183379135983,1.0145836,0.0025645178
1519.1847680597955,1519.1847680597955,1.0138828,0.0025776771
1519.1861569834925,1519.1861569834925,1.014668,0.0025647234
1519.1875459071887,1519.1875459071887,1.0154848,0.002570421
1519.1889348310008,1519.1889348310008,1.0116948,0.002564967
1519.190323754697,1519.190323754697,1.014801,0.0025715176
1519.1917126783935,1519.1917126783935,1.0146382,0.0025698803
1519.1931016020899,1519.1931016020899,1.0178391,0.0025719625
1519.1944905259027,1519.1944905259027,1.0123801,0.00257937
1519.1958794495988,1519.1958794495988,1.0135146,0.0025676775
1519.1972683732943,1519.1972683732943,1.015472,0.0025630875
1519.1986572969906,1519.1986572969906,1.0141712,0.002566751
1519.2000462208036,1519.2000462208036,1.0137594,0.002561851
1519.2014351445,1519.2014351445,1.015189,0.002566352
1519.2028240681955,1519.2028240681955,1.0154659,0.0025642843
1519.2042129918916,1519.2042129918916,1.0143307,0.002564513
1519.205601915705,1519.205601915705,1.0163658,0.0025633208
1519.2069908394012,1519.2069908394012,1.0174962,0.0025659858
1519.208379763097,1519.208379763097,1.0137987,0.002563649
1519.209768686793,1519.209768686793,1.0172193,0.002572418
1519.2111576104899,1519.2111576104899,1.0139117,0.0025653685
1519.2125465341862,1519.2125465341862,1.0154446,0.0025659737
1519.2139354579988,1519.2139354579988,1.0149857,0.0025649269
1519.215324381695,1519.215324381695,1.0171417,0.0025662738
1519.2167133053904,1519.2167133053904,1.0115355,0.0025655064
1519.2181022290868,1519.2181022290868,1.0159252,0.0025660973
1519.2194911527833,1519.2194911527833,1.0115024,0.00256732
1519.2208800764797,1519.2208800764797,1.0118498,0.0025745165
1519.2222690001752,1519.2222690001752,1.012664,0.0025701793
1519.2236579239877,1519.2236579239877,1.0151532,0.0025658153
1519.2250468476848,1519.2250468476848,1.012829,0.0025662868
1519.226435771381,1519.226435771381,1.0155216,0.002562575
1519.2278246950766,1519.2278246950766,1.0150876,0.0025670617
1519.2292136187727,1519.2292136187727,1.0155654,0.0025682666
1519.2306025424696,1519.2306025424696,1.014032,0.0025648854
1519.231991466166,1519.231991466166,1.0151021,0.002571561
1519.233380389862,1519.233380389862,1.0168569,0.0025648347
1519.2347693135582,1519.2347693135582,1.0127875,0.0025679371
1519.236158237254,1519.236158237254,1.0121627,0.0025649467
1519.23754716095,1519.23754716095,1.0153298,0.0025817293
1519.2389360846469,1519.2389360846469,1.0142044,0.0025638733
1519.2403250083432,1519.2403250083432,1.0098916,0.0025659937
1519.2417139320385,1519.2417139320385,1.0122252,0.002565078
1519.2431028557346,1519.2431028557346,1.0153912,0.0025637185
1519.2444917794317,1519.2444917794317,1.0131978,0.0025669928
1519.2458807031278,1519.2458807031278,1.0155582,0.0025645543
1519.2472696268235,1519.2472696268235,1.012735,0.0025650496
1519.2486585505196,1519.2486585505196,1.0160859,0.0025714831
1519.2500474742167,1519.2500474742167,1.0154045,0.0025654077
1519.2514363979128,1519.2514363979128,1.0133362,0.0025686407
1519.252825321609,1519.252825321609,1.0134617,0.002571632
1519.254214245305,1519.254214245305,1.0144119,0.0025721262
1519.2556031690008,1519.2556031690008,1.0145926,0.0025769954
1519.256992092697,1519.256992092697,1.0113639,0.0025630884
1519.2583810163937,1519.2583810163937,1.0150113,0.0025746995
1519.25976994009,1519.25976994009,1.0149223,0.0025634635
1519.2611588637853,1519.2611588637853,1.0165923,0.0025694289
1519.2625477874817,1519.2625477874817,1.0129218,0.0025695853
1519.2639367110621,1519.2639367110621,1.0145146,0.0025672305
1519.2653256347583,1519.2653256347583,1.0149225,0.0025653264
1519.266714558454,1519.266714558454,1.0116948,0.0025735158
1519.26810348215,1519.26810348215,1.0120878,0.0025713695
1519.2694924058471,1519.2694924058471,1.0133669,0.0025651455
1519.2708813295433,1519.2708813295433,1.0123523,0.0025630903
1519.2722702532394,1519.2722702532394,1.0107574,0.0025621299
1519.2736591768191,1519.2736591768191,1.0126528,0.0025638416
1519.2750481005148,1519.2750481005148,1.0149288,0.0025711085
1519.276437024211,1519.276437024211,1.0119112,0.0025641944
1519.277825947908,1519.277825947908,1.0130374,0.002565374
1519.2792148716042,1519.2792148716042,1.0153157,0.002564501
1519.2806037952994,1519.2806037952994,1.0159447,0.0025680005
1519.2819927188793,1519.2819927188793,1.012345,0.0025666184
1519.2833816425762,1519.2833816425762,1.0104083,0.0025600174
1519.2847705662723,1519.2847705662723,1.0125645,0.0025631704
1519.286159489968,1519.286159489968,1.0102819,0.0025677208
1519.2875484135477,1519.2875484135477,1.0079676,0.0025619217
1519.2889373372448,1519.2889373372448,1.0139301,0.0025618542
1519.290326260941,1519.290326260941,1.0124826,0.0025652717
1519.291715184637,1519.291715184637,1.013485,0.0025662528
1519.2931041082168,1519.2931041082168,1.012433,0.0025674668
1519.2944930319125,1519.2944930319125,1.0103953,0.002564396
1519.2958819556086,1519.2958819556086,1.0105183,0.002565779
1519.2972708791892,1519.2972708791892,1.0122998,0.0025649138
1519.2986598028854,1519.2986598028854,1.0107884,0.0025650065
1519.3000487265808,1519.3000487265808,1.01109,0.0025643832
1519.3014376502772,1519.3014376502772,1.0120925,0.0025626407
1519.3028265738574,1519.3028265738574,1.0148299,0.0025694678
1519.3042154975535,1519.3042154975535,1.014251,0.002567566
1519.3056044212492,1519.3056044212492,1.0113338,0.0025706938
1519.306993344829,1519.306993344829,1.0108715,0.0025632703
1519.308382268526,1519.308382268526,1.0112301,0.0025649276
1519.3097711921057,1519.3097711921057,1.0092942,0.0025677625
1519.3111601158018,1519.3111601158018,1.0121652,0.0025634812
1519.312549039498,1519.312549039498,1.011568,0.0025654756
1519.3139379630773,1519.3139379630773,1.0102551,0.0025653825
1519.3153268867734,1519.3153268867734,1.0116341,0.002562727
1519.316715810354,1519.316715810354,1.0121917,0.0025648526
1519.3181047340502,1519.3181047340502,1.0090374,0.0025660237
1519.3194936577456,1519.3194936577456,1.0078204,0.002565122
1519.3208825813256,1519.3208825813256,1.0114821,0.0025646784
1519.3222715050222,1519.3222715050222,1.0071979,0.002565938
1519.3236604286021,1519.3236604286021,1.0119367,0.0025625052
1519.3250493522976,1519.3250493522976,1.0088267,0.0025664151
1519.3264382758773,1519.3264382758773,1.0129334,0.0025621406
1519.3278271995744,1519.3278271995744,1.0132222,0.0025623038
1519.329216123154,1519.329216123154,1.0185437,0.002566012
1519.3306050468502,1519.3306050468502,1.0143217,0.0025646999
1519.33199397043,1519.33199397043,1.0132806,0.0025648158
1519.3333828941256,1519.3333828941256,1.0130912,0.0025630908
1519.3347718177054,1519.3347718177054,1.0094678,0.0025651732
1519.3361607414024,1519.3361607414024,1.0121496,0.0025653401
1519.3375496649821,1519.3375496649821,1.0096023,0.0025631012
1519.3389385886778,1519.3389385886778,1.0117038,0.002573885
1519.3403275122575,1519.3403275122575,1.0103452,0.002563134
1519.3417164359541,1519.3417164359541,1.0070845,0.0025629345
1519.343105359534,1519.343105359534,1.0147476,0.0025669564
1519.3444942832296,1519.3444942832296,1.0125165,0.0025682522
1519.3458832068093,1519.3458832068093,1.0128206,0.002565513
1519.34727213039,1519.34727213039,1.0078993,0.002562801
1519.348661054086,1519.348661054086,1.0074874,0.002562412
1519.3500499776658,1519.3500499776658,1.0090743,0.0025625837
1519.3514389013621,1519.3514389013621,1.0080281,0.0025632782
1519.3528278249412,1519.3528278249412,1.0106453,0.0025670058
1519.354216748521,1519.354216748521,1.0087539,0.0025650654
1519.355605672218,1519.355605672218,1.0129023,0.002573727
1519.3569945957977,1519.3569945957977,1.0064634,0.0025612463
1519.358383519377,1519.358383519377,1.0077779,0.0025660014
1519.359772443073,1519.359772443073,1.0105066,0.0025634854
1519.3611613666535,1519.3611613666535,1.0092031,0.0025650396
1519.3625502902335,1519.3625502902335,1.0051452,0.002568248
1519.3639392139287,1519.3639392139287,1.011611,0.0025750261
1519.3653281375084,1519.3653281375084,1.0097115,0.0025623683
1519.366717061089,1519.366717061089,1.0107298,0.0025660498
1519.3681059847852,1519.3681059847852,1.0078962,0.002559545
1519.369494908365,1519.369494908365,1.0083312,0.002562217
1519.3708838319449,1519.3708838319449,1.0094041,0.0025602693
1519.372272755524,1519.372272755524,1.0071474,0.0025607427
1519.37366167922,1519.37366167922,1.0108862,0.0025666326
1519.3750506028007,1519.3750506028007,1.0115457,0.002572907
1519.3764395263804,1519.3764395263804,1.0096846,0.0025665201
1519.3778284499597,1519.3778284499597,1.0098503,0.002562091
1519.3792173736558,1519.3792173736558,1.0100113,0.002580793
1519.3806062972362,1519.3806062972362,1.0107471,0.002564855
1519.3819952208162,1519.3819952208162,1.0100985,0.0025654559
1519.383384144395,1519.383384144395,1.0052693,0.0025601878
1519.384773067975,1519.384773067975,1.0056316,0.0025594793
1519.3861619916718,1519.3861619916718,1.0080159,0.0025614174
1519.3875509152515,1519.3875509152515,1.0056568,0.0025601292
1519.3889398388314,1519.3889398388314,1.0075897,0.002563612
1519.3903287624114,1519.3903287624114,1.0078458,0.0025644235
1519.3917176859902,1519.3917176859902,1.0062453,0.0025680887
1519.39310660957,1519.39310660957,1.0102993,0.00256463
1519.394495533267,1519.394495533267,1.00739,0.002560981
1519.3958844568467,1519.3958844568467,1.008499,0.0025611862
1519.397273380426,1519.397273380426,1.0078053,0.002565489
1519.3986623040057,1519.3986623040057,1.0078773,0.002569774
1519.4000512275863,1519.4000512275863,1.0098457,0.0025620295
1519.401440151166,1519.401440151166,1.007256,0.0025623858
1519.402829074745,1519.402829074745,1.0101981,0.0025653606
1519.4042179983248,1519.4042179983248,1.0072248,0.002569437
1519.4056069219052,1519.4056069219052,1.0055887,0.0025722354
1519.406995845485,1519.406995845485,1.0045216,0.0025663774
1519.408384769065,1519.408384769065,1.0075059,0.0025627306
1519.4097736926449,1519.4097736926449,1.0083644,0.0025664393
1519.4111626162237,1519.4111626162237,1.0055411,0.0025634186
1519.4125515398036,1519.4125515398036,1.0072422,0.0025649336
1519.413940463384,1519.413940463384,1.00323,0.00255972
1519.4153293869638,1519.4153293869638,1.0051416,0.0025721823
1519.416718310543,1519.416718310543,1.0072122,0.002561706
1519.4181072341228,1519.4181072341228,1.0052319,0.002564803
1519.4194961577034,1519.4194961577034,1.0073262,0.0025616605
1519.4208850812831,1519.4208850812831,1.0057449,0.0025621608
1519.4222740048622,1519.4222740048622,1.0068969,0.0025653555
1519.4236629284421,1519.4236629284421,1.0058619,0.0025674931
1519.4250518520223,1519.4250518520223,1.0051713,0.0025602507
1519.4264407756023,1519.4264407756023,1.0028335,0.0025576574
1519.4278296991822,1519.4278296991822,1.0026233,0.0025567184
1519.429218622762,1519.429218622762,0.9989282,0.0025577163
1519.4306075463408,1519.4306075463408,1.0038381,0.0025659672
1519.4319964699207,1519.4319964699207,1.0029606,0.0025572532
1519.433385393501,1519.433385393501,1.0025144,0.002558815
1519.4347743170808,1519.4347743170808,1.0064536,0.0025650829
1519.4361632405437,1519.4361632405437,1.0048107,0.0025585378
1519.4375521641234,1519.4375521641234,1.0043907,0.0025597368
1519.438941087704,1519.438941087704,1.0006143,0.0025594877
1519.4403300112838,1519.4403300112838,1.0029413,0.0025697323
1519.4417189348628,1519.4417189348628,1.0018739,0.0025601743
1519.4431078584428,1519.4431078584428,1.0059245,0.0025697895
1519.4444967819065,1519.4444967819065,1.0042223,0.0025738538
1519.4458857054865,1519.4458857054865,1.0013539,0.002559291
1519.4472746290664,1519.4472746290664,1.004009,0.002582468
1519.4486635526462,1519.4486635526462,1.0065036,0.0025631273
1519.4500524762252,1519.4500524762252,1.0066874,0.002559866
1519.4514413996887,1519.4514413996887,1.0037062,0.0025640184
1519.452830323269,1519.452830323269,1.0036452,0.002559143
1519.4542192468487,1519.4542192468487,1.0030992,0.0025589815
1519.455608170428,1519.455608170428,1.008096,0.0025615657
1519.4569970938912,1519.4569970938912,1.0009974,0.002558094
1519.4583860174719,1519.4583860174719,1.0006102,0.0025585028
1519.4597749410516,1519.4597749410516,1.0014232,0.002556819
1519.4611638646309,1519.4611638646309,1.0019169,0.0025598968
1519.4625527880942,1519.4625527880942,0.9999499,0.0025570919
1519.4639417116746,1519.4639417116746,1.0022249,0.0025597543
1519.4653306352545,1519.4653306352545,1.0008568,0.0025688363
1519.4667195587178,1519.4667195587178,1.0034709,0.0025583932
1519.4681084822976,1519.4681084822976,1.0056696,0.0025725812
1519.4694974058766,1519.4694974058766,1.0026994,0.0025609334
1519.4708863293401,1519.4708863293401,1.0017207,0.0025578644
1519.4722752529203,1519.4722752529203,1.0006957,0.0025608935
1519.4736641765003,1519.4736641765003,1.000754,0.0025570558
1519.475053099963,1519.475053099963,1.0027906,0.0025610626
1519.4764420235426,1519.4764420235426,0.9995283,0.0025576414
1519.4778309471233,1519.4778309471233,1.0037489,0.0025609597
1519.4792198705866,1519.4792198705866,1.0001941,0.0025600803
1519.4806087941658,1519.4806087941658,1.0027689,0.0025583354
1519.4819977176292,1519.4819977176292,0.9975613,0.0025595326
1519.4833866412096,1519.4833866412096,0.99722093,0.0025568919
1519.484775564673,1519.484775564673,1.0016752,0.0025713735
1519.4861644882528,1519.4861644882528,1.0008674,0.002557353
1519.4875534118326,1519.4875534118326,1.0032202,0.0025575086
1519.4889423352954,1519.4889423352954,0.997791,0.002558489
1519.4903312588751,1519.4903312588751,1.000638,0.0025556926
1519.491720182339,1519.491720182339,0.99911267,0.0025620486
1519.4931091059188,1519.4931091059188,1.0029428,0.002559468
1519.4944980293815,1519.4944980293815,1.0005252,0.002555235
1519.4958869529612,1519.4958869529612,1.0026358,0.0025596723
1519.4972758764254,1519.4972758764254,1.0010234,0.0025684796
1519.4986648000051,1519.4986648000051,1.003351,0.0025608027
1519.500053723468,1519.500053723468,0.9999672,0.0025592686
1519.5014426470477,1519.5014426470477,1.0005388,0.0025559631
1519.502831570512,1519.502831570512,0.99988014,0.0025576893
1519.5042204939753,1519.5042204939753,1.0026375,0.0025576898
1519.505609417555,1519.505609417555,1.0016693,0.0025569075
1519.5069983410183,1519.5069983410183,1.0020679,0.0025587417
1519.5083872645976,1519.5083872645976,0.99928135,0.0025564057
1519.5097761880609,1519.5097761880609,0.99930906,0.002557005
1519.5111651116413,1519.5111651116413,0.9987763,0.0025581801
1519.5125540351048,1519.5125540351048,1.0018804,0.0025597708
1519.5139429585672,1519.5139429585672,0.99934274,0.0025614896
1519.515331882147,1519.515331882147,0.9990632,0.0025619047
1519.5167208056112,1519.5167208056112,0.99936056,0.0025579822
1519.5181097290745,1519.5181097290745,0.9989799,0.0025551636
1519.5194986526537,1519.5194986526537,0.9961846,0.0025582004
1519.520887576117,1519.520887576117,0.9966473,0.0025594188
1519.5222764995813,1519.5222764995813,0.99446934,0.0025566737
1519.523665423161,1519.523665423161,0.99867785,0.0025586465
1519.5250543466243,1519.5250543466243,0.9938417,0.0025547438
1519.5264432700876,1519.5264432700876,0.9970138,0.002559057
1519.5278321936669,1519.5278321936669,0.9979093,0.0025619199
1519.5292211171302,1519.5292211171302,0.9989067,0.0025553748
1519.5306100405942,1519.5306100405942,0.99818546,0.0025562153
1519.5319989640577,1519.5319989640577,0.99409956,0.0025553862
1519.5333878876365,1519.5333878876365,0.99877304,0.0025565699
1519.5347768111,1519.5347768111,1.0026067,0.0025668822
1519.536165734564,1519.536165734564,1.0008419,0.0025559834
1519.5375546580274,1519.5375546580274,0.9956219,0.002557647
1519.5389435816066,1519.5389435816066,0.9967922,0.0025574595
1519.54033250507,1519.54033250507,0.99308944,0.002555202
1519.5417214285342,1519.5417214285342,0.99470395,0.002552786
1519.5431103519975,1519.5431103519975,0.9964628,0.0025551273
1519.5444992754608,1519.5444992754608,0.9962946,0.0025580002
1519.545888198924,1519.545888198924,0.9968985,0.0025582863
1519.5472771225034,1519.5472771225034,0.99880487,0.0025563748
1519.5486660459667,1519.5486660459667,0.996928,0.002556866
1519.550054969431,1519.550054969431,0.99498296,0.002555786
1519.5514438928942,1519.5514438928942,0.9980631,0.0025529563
1519.5528328163566,1519.5528328163566,0.99790555,0.002557568
1519.5542217398202,1519.5542217398202,0.9948918,0.0025599473
1519.5556106632841,1519.5556106632841,0.9927141,0.0025563003
1519.5569995868639,1519.5569995868639,0.9927245,0.002552675
1519.5583885103267,1519.5583885103267,0.99496114,0.002555237
1519.55977743379,1519.55977743379,0.9925707,0.0025622328
1519.5611663572543,1519.5611663572543,0.9949851,0.0025627755
1519.5625552807176,1519.5625552807176,0.9942514,0.002565376
1519.5639442041809,1519.5639442041809,0.99668485,0.0025577133
1519.5653331276442,1519.5653331276442,0.995322,0.002563018
1519.566722051107,1519.566722051107,0.99540764,0.0025530695
1519.5681109745703,1519.5681109745703,0.99382055,0.0025569887
1519.5694998980346,1519.5694998980346,0.99443525,0.002557353
1519.5708888214979,1519.5708888214979,0.9942742,0.0025534267
1519.5722777449605,1519.5722777449605,0.9923338,0.0025551675
1519.573666668424,1519.573666668424,0.99498075,0.002557307
1519.5750555918878,1519.5750555918878,0.99298334,0.0025529133
1519.5764445153513,1519.5764445153513,0.9932588,0.0025537452
1519.577833438814,1519.577833438814,0.9912764,0.002551294
1519.5792223622773,1519.5792223622773,0.993322,0.0025578067
1519.5806112857415,1519.5806112857415,0.9947986,0.0025536055
1519.5820002092048,1519.5820002092048,0.9914157,0.0025573028
1519.5833891326681,1519.5833891326681,0.99131733,0.0025536865
1519.584778056015,1519.584778056015,0.9912739,0.0025594688
1519.5861669794779,1519.5861669794779,0.9926405,0.0025569962
1519.5875559029412,1519.5875559029412,0.9912897,0.0025557224
1519.5889448264054,1519.5889448264054,0.99352473,0.0025609992
1519.5903337498687,1519.5903337498687,0.9907797,0.0025565033
1519.5917226733313,1519.5917226733313,0.9885994,0.0025513244
1519.5931115967949,1519.5931115967949,0.9918785,0.0025543175
1519.5945005202586,1519.5945005202586,0.99403054,0.0025567457
1519.5958894436058,1519.5958894436058,0.9901204,0.0025528674
1519.5972783670684,1519.5972783670684,0.9950736,0.002553614
1519.5986672905317,1519.5986672905317,0.993345,0.0025519072
1519.600056213996,1519.600056213996,0.9924819,0.002553601
1519.6014451374592,1519.6014451374592,0.9908333,0.0025542125
1519.6028340608061,1519.6028340608061,0.9914146,0.0025550018
1519.6042229842694,1519.6042229842694,0.9892682,0.0025542188
1519.6056119077323,1519.6056119077323,0.9899919,0.0025511715
1519.6070008311956,1519.6070008311956,0.9902211,0.0025566618
1519.6083897546598,1519.6083897546598,0.9885607,0.002568033
1519.6097786780067,1519.6097786780067,0.9937317,0.002553099
1519.6111676014696,1519.6111676014696,0.9911562,0.0025535605
1519.6125565249329,1519.6125565249329,0.98907703,0.002552408
1519.6139454482804,1519.6139454482804,0.9947403,0.002555874
1519.615334371744,1519.615334371744,0.99227715,0.002552954
1519.6167232952064,1519.6167232952064,0.9892732,0.0025532332
1519.6181122186697,1519.6181122186697,0.9909082,0.0025526017
1519.6195011420168,1519.6195011420168,0.98870766,0.0025536038
1519.6208900654804,1519.6208900654804,0.98988235,0.002557121
1519.6222789889441,1519.6222789889441,0.9924859,0.0025514474
1519.6236679122912,1519.6236679122912,0.9888091,0.0025515151
1519.6250568357539,1519.6250568357539,0.99261063,0.0025543731
1519.6264457591008,1519.6264457591008,0.9932505,0.0025673057
1519.627834682565,1519.627834682565,0.99134123,0.0025629431
1519.6292236060283,1519.6292236060283,0.9902809,0.002552243
1519.6306125293747,1519.6306125293747,0.98639494,0.0025500222
1519.6320014528371,1519.6320014528371,0.98978883,0.002554058
1519.633390376185,1519.633390376185,0.98798746,0.002556251
1519.6347792996492,1519.6347792996492,0.98994863,0.002556352
1519.6361682231116,1519.6361682231116,0.9899826,0.002552119
1519.6375571464587,1519.6375571464587,0.98776704,0.0025527147
1519.6389460699222,1519.6389460699222,0.988365,0.0025581976
1519.640334993269,1519.640334993269,0.9903049,0.002551338
1519.6417239167324,1519.6417239167324,0.9882307,0.002552024
1519.6431128400793,1519.6431128400793,0.98788327,0.0025542246
1519.6445017635426,1519.6445017635426,0.989184,0.0025639045
1519.6458906868895,1519.6458906868895,0.98612124,0.002549005
1519.6472796103537,1519.6472796103537,0.98766786,0.0025601066
1519.6486685337006,1519.6486685337006,0.98833734,0.0025512034
1519.6500574571635,1519.6500574571635,0.9880249,0.0025512853
1519.6514463805095,1519.6514463805095,0.9912505,0.0025519114
1519.6528353039737,1519.6528353039737,0.98786974,0.0025577308
1519.6542242273215,1519.6542242273215,0.9860197,0.0025488527
1519.6556131506675,1519.6556131506675,0.98756105,0.0025558395
1519.657002074131,1519.657002074131,0.9845604,0.0025541936
1519.6583909974781,1519.6583909974781,0.99008924,0.0025638787
1519.6597799209414,1519.6597799209414,0.9879497,0.002551881
1519.6611688442883,1519.6611688442883,0.9872563,0.0025477386
1519.6625577676352,1519.6625577676352,0.9887598,0.0025548602
1519.6639466910985,1519.6639466910985,0.9865422,0.002552537
1519.6653356144454,1519.6653356144454,0.98874587,0.00254955
1519.6667245379097,1519.6667245379097,0.9846451,0.0025504471
1519.6681134612566,1519.6681134612566,0.98564893,0.002549671
1519.669502384603,1519.669502384603,0.9847527,0.0025506525
1519.6708913079492,1519.6708913079492,0.9858935,0.002551933
1519.6722802314132,1519.6722802314132,0.9875118,0.0025509456
1519.673669154761,1519.673669154761,0.985671,0.0025515223
1519.6750580781072,1519.6750580781072,0.986224,0.0025528206
1519.6764470015708,1519.6764470015708,0.98426867,0.0025497887
1519.6778359249176,1519.6778359249176,0.9877552,0.0025539652
1519.6792248482645,1519.6792248482645,0.9852434,0.0025537622
1519.6806137716114,1519.6806137716114,0.9888652,0.0025535475
1519.6820026950747,1519.6820026950747,0.9841999,0.0025493884
1519.6833916184216,1519.6833916184216,0.98834026,0.0025531536
1519.6847805417688,1519.6847805417688,0.9875229,0.0025479945
1519.6861694651163,1519.6861694651163,0.98453057,0.0025539186
1519.6875583885796,1519.6875583885796,0.98317957,0.0025504725
1519.688947311926,1519.688947311926,0.98564404,0.0025498194
1519.6903362352723,1519.6903362352723,0.9877578,0.0025495226
1519.6917251586199,1519.6917251586199,0.984876,0.0025494674
1519.6931140819677,1519.6931140819677,0.98801905,0.0025510988
1519.694503005314,1519.694503005314,0.9839093,0.00255123
1519.6958919287774,1519.6958919287774,0.9828157,0.002551493
1519.6972808521243,1519.6972808521243,0.9858153,0.0025566665
1519.6986697754712,1519.6986697754712,0.9860807,0.0025491123
1519.700058698818,1519.700058698818,0.98334044,0.0025509524
1519.701447622165,1519.701447622165,0.98530746,0.0025478129
1519.702836545512,1519.702836545512,0.98192114,0.002548385
1519.704225468859,1519.704225468859,0.9844648,0.0025509596
1519.7056143922066,1519.7056143922066,0.989443,0.0025519081
1519.7070033155535,1519.7070033155535,0.98387015,0.0025562567
1519.7083922390163,1519.7083922390163,0.98752487,0.0025487908
1519.7097811623628,1519.7097811623628,0.98268443,0.0025495219
1519.7111700857101,1519.7111700857101,0.9832854,0.0025526765
1519.712559009058,1519.712559009058,0.9862615,0.0025505896
1519.7139479324044,1519.7139479324044,0.9831266,0.0025476709
1519.7153368557513,1519.7153368557513,0.98252666,0.0025517256
1519.7167257790982,1519.7167257790982,0.98294854,0.0025456033
1519.718114702445,1519.718114702445,0.9838932,0.0025521822
1519.719503625792,1519.719503625792,0.98121566,0.0025502318
1519.7208925491389,1519.7208925491389,0.9833819,0.0025490257
1519.722281472486,1519.722281472486,0.98243684,0.002558477
1519.723670395833,1519.723670395833,0.9862407,0.0025461018
1519.725059319064,1519.725059319064,0.982239,0.0025546227
1519.7264482424112,1519.7264482424112,0.98287743,0.0025478997
1519.7278371657574,1519.7278371657574,0.9863004,0.002560854
1519.7292260891038,1519.7292260891038,0.9811311,0.0025489572
1519.7306150124512,1519.7306150124512,0.98245984,0.0025480224
1519.732003935799,1519.732003935799,0.9854621,0.0025507398
1519.7333928591454,1519.7333928591454,0.9822987,0.0025462436
1519.7347817824923,1519.7347817824923,0.9828398,0.0025493335
1519.7361707058392,1519.7361707058392,0.9826549,0.0025488595
1519.737559629186,1519.737559629186,0.9842605,0.0025494462
1519.7389485524166,1519.7389485524166,0.98096216,0.0025506087
1519.7403374757635,1519.7403374757635,0.9836557,0.0025481624
1519.7417263991106,1519.7417263991106,0.9828602,0.002548854
1519.7431153224577,1519.7431153224577,0.9838711,0.0025485994
1519.744504245805,1519.744504245805,0.9858749,0.002550664
1519.7458931690358,1519.7458931690358,0.9798125,0.0025472997
1519.747282092382,1519.747282092382,0.984065,0.0025611476
1519.7486710157284,1519.7486710157284,0.9811119,0.0025595846
1519.750059939076,1519.750059939076,0.98217374,0.0025489186
1519.7514488624236,1519.7514488624236,0.97944266,0.0025464923
1519.7528377856536,1519.7528377856536,0.9781168,0.0025509165
1519.7542267090005,1519.7542267090005,0.98466855,0.0025498585
1519.7556156323474,1519.7556156323474,0.98153675,0.002551435
1519.7570045555779,1519.7570045555779,0.9786694,0.0025477328
1519.7583934789247,1519.7583934789247,0.9787173,0.0025471926
1519.7597824022719,1519.7597824022719,0.9831184,0.0025654251
1519.761171325619,1519.761171325619,0.9813891,0.0025476224
1519.7625602488495,1519.7625602488495,0.9819369,0.0025516283
1519.763949172197,1519.763949172197,0.98055595,0.00255093
1519.7653380955442,1519.7653380955442,0.97914654,0.0025472539
1519.7667270187737,1519.7667270187737,0.9802629,0.0025461453
1519.7681159421202,1519.7681159421202,0.98173624,0.0025496
1519.7695048653513,1519.7695048653513,0.9770402,0.002553311
1519.770893788699,1519.770893788699,0.98035717,0.002555885
1519.7722827120454,1519.7722827120454,0.9819922,0.0025493402
1519.7736716352758,1519.7736716352758,0.97864705,0.002557022
1519.7750605586227,1519.7750605586227,0.9820346,0.0025545652
1519.7764494818532,1519.7764494818532,0.98269534,0.0025483186
1519.7778384052,1519.7778384052,0.9816454,0.00255366
1519.7792273285472,1519.7792273285472,0.9821941,0.002554554
1519.780616251778,1519.780616251778,0.9766895,0.0025455318
1519.7820051751248,1519.7820051751248,0.98017144,0.0025516339
1519.783394098356,1519.783394098356,0.97915924,0.0025488802
1519.784783021703,1519.784783021703,0.97773653,0.002544936
1519.7861719449327,1519.7861719449327,0.97531193,0.0025455696
1519.7875608682791,1519.7875608682791,0.98016185,0.0025526911
1519.7889497915103,1519.7889497915103,0.9804923,0.0025486962
1519.7903387148579,1519.7903387148579,0.9787474,0.0025468688
1519.7917276380879,1519.7917276380879,0.975013,0.002548438
1519.7931165614348,1519.7931165614348,0.9781362,0.0025450499
1519.7945054846653,1519.7945054846653,0.9799315,0.0025456597
1519.7958944078957,1519.7958944078957,0.9786394,0.0025509617
1519.7972833312429,1519.7972833312429,0.9812113,0.0025465696
1519.7986722544736,1519.7986722544736,0.977953,0.0025460331
1519.8000611778205,1519.8000611778205,0.98029226,0.0025468103
1519.801450101051,1519.801450101051,0.9798868,0.0025559675
1519.8028390242823,1519.8028390242823,0.98446536,0.0025518672
1519.8042279476292,1519.8042279476292,0.98074985,0.0025474797
1519.8056168708588,1519.8056168708588,0.9754285,0.0025505456
1519.8070057940888,1519.8070057940888,0.97661257,0.0025460129
1519.8083947174366,1519.8083947174366,0.9788053,0.0025464443
1519.8097836406675,1519.8097836406675,0.97513497,0.002546015
1519.8111725638976,1519.8111725638976,0.97970027,0.002555301
1519.812561487244,1519.812561487244,0.9772316,0.0025447344
1519.8139504104745,1519.8139504104745,0.9763488,0.0025510034
1519.8153393337054,1519.8153393337054,0.9806003,0.0025456909
1519.8167282570525,1519.8167282570525,0.9764786,0.0025452983
1519.8181171802833,1519.8181171802833,0.9818961,0.0025489558
1519.8195061035137,1519.8195061035137,0.9808856,0.002551635
1519.8208950267442,1519.8208950267442,0.98352695,0.0025487517
1519.822283950091,1519.822283950091,0.97811294,0.0025482876
1519.8236728733216,1519.8236728733216,0.9795044,0.002544835
1519.8250617965523,1519.8250617965523,0.97762936,0.002546513
1519.826450719782,1519.826450719782,0.97925365,0.0025512206
1519.82783964313,1519.82783964313,0.97883683,0.0025476024
1519.8292285663608,1519.8292285663608,0.9815078,0.002549631
1519.8306174895908,1519.8306174895908,0.9799419,0.002549801
1519.8320064128209,1519.8320064128209,0.9799159,0.002548789
1519.8333953360514,1519.8333953360514,0.9772934,0.0025467812
1519.8347842592825,1519.8347842592825,0.9802185,0.002547037
1519.8361731826296,1519.8361731826296,0.97663915,0.002549009
1519.8375621058601,1519.8375621058601,0.9758624,0.0025514902
1519.8389510290906,1519.8389510290906,0.9760479,0.0025467293
1519.840339952321,1519.840339952321,0.98225784,0.0025488357
1519.8417288755516,1519.8417288755516,0.97786707,0.002552674
1519.843117798782,1519.843117798782,0.97923034,0.0025480648
1519.8445067220127,1519.8445067220127,0.9803758,0.0025495826
1519.8458956452425,1519.8458956452425,0.9788625,0.0025483777
1519.847284568474,1519.847284568474,0.9763095,0.0025456974
1519.848673491705,1519.848673491705,0.97759193,0.0025433532
1519.8500624149349,1519.8500624149349,0.9787582,0.0025481023
1519.851451338165,1519.851451338165,0.98283,0.0025635492
1519.8528402613954,1519.8528402613954,0.97913784,0.002546344
1519.8542291846265,1519.8542291846265,0.9758264,0.0025532611
1519.8556181078573,1519.8556181078573,0.977234,0.0025482348
1519.8570070310877,1519.8570070310877,0.97900194,0.0025592805
1519.8583959543182,1519.8583959543182,0.9741353,0.0025490003
1519.8597848775487,1519.8597848775487,0.9799081,0.002546001
1519.8611738007792,1519.8611738007792,0.9814707,0.0025609045
1519.8625627240099,1519.8625627240099,0.97786546,0.002547976
1519.8639516472406,1519.8639516472406,0.9777775,0.0025450413
1519.8653405704702,1519.8653405704702,0.9771254,0.0025605173
1519.8667294937015,1519.8667294937015,0.97781634,0.0025457318
1519.8681184169327,1519.8681184169327,0.9772316,0.002546949
1519.8695073401625,1519.8695073401625,0.9798905,0.0025503915
1519.8708962633925,1519.8708962633925,0.97792804,0.0025491011
1519.872285186623,1519.872285186623,0.98067904,0.0025481726
1519.873674109738,1519.873674109738,0.97894084,0.0025578327
1519.8750630329685,1519.8750630329685,0.97900534,0.0025457635
1519.876451956199,1519.876451956199,0.9797932,0.0025536255
1519.8778408794294,1519.8778408794294,0.97984225,0.0025515477
1519.87922980266,1519.87922980266,0.9799274,0.002550456
1519.8806187258904,1519.8806187258904,0.98109955,0.00256
1519.8820076490047,1519.8820076490047,0.9808936,0.0025474306
1519.8833965722354,1519.8833965722354,0.9798523,0.002549032
1519.884785495465,1519.884785495465,0.97808313,0.0025567983
1519.8861744186963,1519.8861744186963,0.98383194,0.0025486292
1519.8875633419277,1519.8875633419277,0.9797477,0.0025477067
1519.8889522650409,1519.8889522650409,0.98033476,0.0025590982
1519.890341188271,1519.890341188271,0.98113,0.0025471663
1519.8917301115014,1519.8917301115014,0.97807014,0.0025453074
1519.8931190347328,1519.8931190347328,0.9809443,0.0025508215
1519.8945079578468,1519.8945079578468,0.979932,0.0025459817
1519.8958968810773,1519.8958968810773,0.9806829,0.0025519873
1519.8972858043078,1519.8972858043078,0.9795917,0.0025471684
1519.8986747274218,1519.8986747274218,0.9785054,0.0025563296
1519.9000636506526,1519.9000636506526,0.9787213,0.0025480546
1519.9014525738833,1519.9014525738833,0.97850245,0.0025467079
1519.9028414969973,1519.9028414969973,0.97830296,0.0025593971
1519.904230420227,1519.904230420227,0.9833206,0.0025450801
1519.9056193434583,1519.9056193434583,0.98298955,0.0025504231
1519.9070082665733,1519.9070082665733,0.98389775,0.0025484622
1519.9083971898028,1519.9083971898028,0.98425394,0.0025497742
1519.9097861129164,1519.9097861129164,0.9888416,0.0025536625
1519.911175036147,1519.911175036147,1.0895702,0.0025999802
1519.912563959262,1519.912563959262,1.0874853,0.0025983327
1519.9139528824924,1519.9139528824924,1.0671192,0.0025888707
1519.9153418057228,1519.9153418057228,1.055011,0.0025885268
1519.916730728837,1519.916730728837,1.0378885,0.0025752364
1519.9181196520674,1519.9181196520674,1.0241803,0.0025722585
1519.9195085751817,1519.9195085751817,1.0156063,0.0025637348
1519.9208974984124,1519.9208974984124,1.0113734,0.0025637792
1519.9222864215265,1519.9222864215265,1.0062474,0.002560308
1519.9236753447562,1519.9236753447562,1.002589,0.0025587562
1519.925064267871,1519.925064267871,0.9971679,0.002551767
1519.9278421142155,1519.9278421142155,0.9922626,0.002563971
1519.9292310374456,1519.9292310374456,0.99628913,0.0025596877
1519.9306199605596,1519.9306199605596,0.99046075,0.0025511715
1519.9320088836746,1519.9320088836746,0.99124366,0.002555289
1519.933397806905,1519.933397806905,0.9887848,0.00255093
1519.9347867300191,1519.9347867300191,0.9901374,0.0025590023
1519.9361756532496,1519.9361756532496,0.98859966,0.002550522
1519.937564576364,1519.937564576364,0.98581797,0.0025588255
1519.9389534994782,1519.9389534994782,0.98237866,0.0025543408
1519.9403424227087,1519.9403424227087,0.9861234,0.0025493803
1519.9417313458227,1519.9417313458227,0.9871671,0.0025624384
1519.9431202689361,1519.9431202689361,0.9880649,0.0025493407
1519.9445091921668,1519.9445091921668,0.98599905,0.0025516164
1519.9458981152814,1519.9458981152814,0.98913056,0.0025636905
1519.9472870383956,1519.9472870383956,0.98488134,0.0025566667
1519.9486759616254,1519.9486759616254,0.9864785,0.0025474802
1519.9500648847395,1519.9500648847395,0.985888,0.0025501985
1519.9514538078545,1519.9514538078545,0.98681146,0.0025546022
1519.952842731085,1519.952842731085,0.9844713,0.0025515102
1519.9542316541986,1519.9542316541986,0.98314214,0.0025486997
1519.9556205773126,1519.9556205773126,0.98326683,0.0025571529
1519.9570095004274,1519.9570095004274,0.9831546,0.0025486357
1519.958398423658,1519.958398423658,0.983458,0.0025580954
1519.9597873467721,1519.9597873467721,0.9815954,0.002547957
1519.9611762698862,1519.9611762698862,0.984217,0.0025640063
1519.9625651929998,1519.9625651929998,0.98623186,0.0025494532
1519.9639541161139,1519.9639541161139,0.9823383,0.0025484455
1519.9653430392284,1519.9653430392284,0.982021,0.0025504522
1519.966731962459,1519.966731962459,0.98266524,0.0025505733
1519.9681208855725,1519.9681208855725,0.9841768,0.0025486918
1519.9695098086866,1519.9695098086866,0.9827105,0.002555192
1519.9708987318015,1519.9708987318015,0.9839609,0.0025497146
1519.9722876549156,1519.9722876549156,0.9836743,0.0025525254
1519.9736765780292,1519.9736765780292,0.9826421,0.0025483938
1519.9750655011433,1519.9750655011433,0.986161,0.0025490883
1519.9764544243747,1519.9764544243747,0.98257476,0.002550638
1519.9778433474887,1519.9778433474887,0.9844864,0.0025509724
1519.9792322706028,1519.9792322706028,0.9824479,0.0025471163
1519.9806211937168,1519.9806211937168,0.9836457,0.0025494823
1519.9820101168305,1519.9820101168305,0.9856404,0.002550966
1519.9833990399445,1519.9833990399445,0.9819486,0.0025558898
1519.9847879630593,1519.9847879630593,0.98364276,0.002550447
1519.9861768861736,1519.9861768861736,0.98237836,0.0025495742
1519.9875658092867,1519.9875658092867,0.98322207,0.0025547761
1519.9889547324008,1519.9889547324008,0.98147815,0.0025520858
1519.9903436555157,1519.9903436555157,0.98661536,0.0025509575
1519.9917325786298,1519.9917325786298,0.98236644,0.0025506236
1519.9931215017434,1519.9931215017434,0.9851081,0.0025509947
1519.9945104248575,1519.9945104248575,0.98199147,0.0025514078
1519.9958993479725,1519.9958993479725,0.98365444,0.0025488664
1519.9972882710865,1519.9972882710865,0.9835239,0.0025490467
1519.9986771940842,1519.9986771940842,0.9848575,0.0025492907
1520.0000661171982,1520.0000661171982,0.98728806,0.0025504539
1520.0014550403118,1520.0014550403118,0.9865209,0.0025514483
1520.002843963426,1520.002843963426,0.98659694,0.0025518239
1520.0042328865406,1520.0042328865406,0.98594874,0.002549267
1520.005621809655,1520.005621809655,0.98564434,0.0025491985
1520.007010732768,1520.007010732768,0.9824596,0.002559909
1520.0083996558824,1520.0083996558824,0.9843931,0.0025502653
1520.0097885788807,1520.0097885788807,0.9881835,0.0025604414
1520.0111775019948,1520.0111775019948,0.98851585,0.0025519165
1520.0125664251084,1520.0125664251084,0.98634064,0.002551159
1520.0139553482225,1520.0139553482225,0.981948,0.0025487891
1520.0153442713374,1520.0153442713374,0.98703897,0.0025513896
1520.016733194335,1520.016733194335,0.9842154,0.0025486504
1520.0181221174491,1520.0181221174491,0.9872933,0.0025491775
1520.0195110405632,1520.0195110405632,0.9841177,0.002550394
1520.0208999636768,1520.0208999636768,0.9847796,0.002549473
1520.0222888866745,1520.0222888866745,0.9831969,0.002555492
1520.0236778097894,1520.0236778097894,0.98476225,0.0025505945
1520.0250667329035,1520.0250667329035,0.9864237,0.0025491735
1520.0264556560167,1520.0264556560167,0.9860671,0.0025547843
1520.0278445790145,1520.0278445790145,0.9874606,0.0025479102
1520.0292335021293,1520.0292335021293,0.9862524,0.0025513235
1520.0306224252433,1520.0306224252433,0.98598313,0.0025495563
1520.0320113482405,1520.0320113482405,0.9867145,0.0025509195
1520.0334002713546,1520.0334002713546,0.98476225,0.0025503633
1520.0347891944696,1520.0347891944696,0.9861301,0.0025642258
1520.0361781174672,1520.0361781174672,0.9851167,0.0025492376
1520.0375670405813,1520.0375670405813,0.9889427,0.0025486217
1520.0389559636953,1520.0389559636953,0.984236,0.0025624563
1520.0403448866925,1520.0403448866925,0.98916495,0.002555099
1520.0417338098066,1520.0417338098066,0.98654693,0.0025500222
1520.0431227328052,1520.0431227328052,0.99076617,0.0025522045
1520.0445116559192,1520.0445116559192,0.98353946,0.0025595892
1520.0459005789162,1520.0459005789162,0.98604935,0.0025525375
1520.0472895020296,1520.0472895020296,0.98965734,0.002553583
1520.0486784250281,1520.0486784250281,0.988049,0.0025641767
1520.0500673481429,1520.0500673481429,0.9909805,0.002552506
1520.0514562712563,1520.0514562712563,0.98311645,0.0025489626
1520.052845194254,1520.052845194254,0.98910564,0.002549121
1520.0542341173689,1520.0542341173689,0.98654264,0.0025522392
1520.0556230403665,1520.0556230403665,0.9873574,0.0025476522
1520.0570119633637,1520.0570119633637,0.9876056,0.002553288
1520.0584008864778,1520.0584008864778,0.9830053,0.0025482385
1520.0597898094754,1520.0597898094754,0.99000996,0.0025635432
1520.0611787325895,1520.0611787325895,0.9889372,0.0025526271
1520.062567655588,1520.062567655588,0.98829156,0.0025501244
1520.0639565787021,1520.0639565787021,0.98739994,0.0025524818
1520.065345501699,1520.065345501699,0.98776585,0.0025524006
1520.066734424696,1520.066734424696,0.9861567,0.0025541005
1520.068123347811,1520.068123347811,0.98439246,0.0025495342
1520.0695122708094,1520.0695122708094,0.9881367,0.0025587063
1520.0709011939227,1520.0709011939227,0.9876894,0.0025620158
1520.0722901169204,1520.0722901169204,0.98620653,0.002549667
1520.073679039919,1520.073679039919,0.9871418,0.0025506953
1520.075067963033,1520.075067963033,0.98642373,0.0025537577
1520.0764568860302,1520.0764568860302,0.98778534,0.0025570495
1520.0778458090278,1520.0778458090278,0.9892616,0.0025524837
1520.0792347320255,1520.0792347320255,0.9895495,0.002559069
1520.0806236551396,1520.0806236551396,0.98816156,0.002553839
1520.0820125781381,1520.0820125781381,0.99038726,0.0025520897
1520.0834015011358,1520.0834015011358,0.9904247,0.0025512406
1520.0847904242494,1520.0847904242494,0.98974335,0.0025524115
1520.0861793472461,1520.0861793472461,0.9900697,0.0025572837
1520.0875682702447,1520.0875682702447,0.9896754,0.002553999
1520.0889571932432,1520.0889571932432,0.9888333,0.0025526665
1520.09034611624,1520.09034611624,0.98957264,0.0025533165
1520.091735039354,1520.091735039354,0.99210095,0.0025545077
1520.0931239623526,1520.0931239623526,0.9956623,0.0025552022
1520.0945128853502,1520.0945128853502,0.9875138,0.0025595245
1520.0959018083474,1520.0959018083474,0.9879994,0.0025504092
1520.097290731345,1520.097290731345,0.99340063,0.002557543
1520.0986796543427,1520.0986796543427,0.99328816,0.002555141
1520.1000685774568,1520.1000685774568,0.99094003,0.0025514062
1520.1014575004554,1520.1014575004554,0.9912699,0.0025539184
1520.102846423453,1520.102846423453,0.98969847,0.0025518797
1520.1042353464502,1520.1042353464502,0.991091,0.002560173
1520.105624269447,1520.105624269447,0.9914401,0.0025553894
1520.1070131924455,1520.1070131924455,0.9884801,0.0025519363
1520.108402115444,1520.108402115444,0.9919611,0.0025509025
1520.1097910384408,1520.1097910384408,0.9922975,0.0025519575
1520.1111799614387,1520.1111799614387,0.9919592,0.0025525624
1520.112568884437,1520.112568884437,0.99251986,0.0025546176
1520.1139578074346,1520.1139578074346,0.9933732,0.002556052
1520.1153467304318,1520.1153467304318,0.9910518,0.0025576255
1520.1167356534295,1520.1167356534295,0.995989,0.0025573664
1520.1181245764271,1520.1181245764271,0.99635875,0.0025570807
1520.1195134994248,1520.1195134994248,0.99505717,0.0025541675
1520.1209024224233,1520.1209024224233,0.9917503,0.0025549622
1520.122291345421,1520.122291345421,0.9932424,0.002554753
1520.1236802684182,1520.1236802684182,0.99042386,0.002553586
1520.125069191415,1520.125069191415,0.99066657,0.0025570716
1520.1264581144135,1520.1264581144135,0.9923263,0.0025519494
1520.127847037412,1520.127847037412,0.99288917,0.00255133
1520.1292359604088,1520.1292359604088,0.99359864,0.002555151
1520.130624883406,1520.130624883406,0.98977447,0.0025560702
1520.1320138064045,1520.1320138064045,0.99706775,0.0025556374
1520.1334027294026,1520.1334027294026,0.9961312,0.0025568018
1520.1347916522834,1520.1347916522834,0.99439985,0.0025550446
1520.136180575281,1520.136180575281,0.99585974,0.002555818
1520.1375694982787,1520.1375694982787,0.99425715,0.0025541917
1520.1389584212764,1520.1389584212764,0.9965517,0.0025538353
1520.1403473442742,1520.1403473442742,0.99540687,0.0025555224
1520.141736267272,1520.141736267272,0.9957983,0.0025543822
1520.1431251901533,1520.1431251901533,0.99637914,0.0025543855
1520.1445141131503,1520.1445141131503,0.9964007,0.0025607257
1520.1459030361486,1520.1459030361486,0.9957492,0.002554693
1520.1472919591472,1520.1472919591472,0.9938321,0.0025545962
1520.1486808820277,1520.1486808820277,0.9939279,0.0025523806
1520.1500698050247,1520.1500698050247,0.9920081,0.002558289
1520.1514587280233,1520.1514587280233,0.9990599,0.0025644673
1520.1528476510214,1520.1528476510214,0.9945765,0.002556079
1520.1542365739022,1520.1542365739022,0.996249,0.0025549391
1520.1556254968998,1520.1556254968998,0.99598384,0.0025641713
1520.1570144198975,1520.1570144198975,0.99273056,0.0025666235
1520.158403342779,1520.158403342779,0.99675965,0.0025587664
1520.1597922657768,1520.1597922657768,0.99687785,0.0025524918
1520.1611811887744,1520.1611811887744,0.9959454,0.0025550895
1520.1625701116557,1520.1625701116557,1.0017548,0.0025556174
1520.1639590346526,1520.1639590346526,0.9962844,0.0025597033
1520.1653479575346,1520.1653479575346,0.99833906,0.0025545072
1520.166736880533,1520.166736880533,0.99535114,0.002562669
1520.16812580353,1520.16812580353,0.99816096,0.0025566686
1520.1695147264106,1520.1695147264106,0.99678445,0.002564061
1520.1709036494092,1520.1709036494092,0.99707496,0.0025541761
1520.172292572291,1520.172292572291,0.996495,0.0025541633
1520.173681495288,1520.173681495288,0.9980448,0.002555266
1520.1750704181693,1520.1750704181693,1.0008453,0.0025620207
1520.176459341167,1520.176459341167,0.9963938,0.002557208
1520.1778482641648,1520.1778482641648,0.9968082,0.0025570556
1520.1792371870463,1520.1792371870463,0.99721915,0.002553557
1520.180626110044,1520.180626110044,0.99368966,0.0025543633
1520.1820150329252,1520.1820150329252,0.9982174,0.0025549873
1520.1834039559224,1520.1834039559224,0.9984517,0.0025602803
1520.184792878804,1520.184792878804,0.99462414,0.0025524502
1520.1861818016862,1520.1861818016862,0.99636847,0.0025586896
1520.1875707246834,1520.1875707246834,0.9985911,0.0025554856
1520.1889596475637,1520.1889596475637,0.9981886,0.0025561652
1520.1903485705623,1520.1903485705623,0.9984441,0.0025652198
1520.1917374934442,1520.1917374934442,1.0004866,0.0025575657
1520.1931264164411,1520.1931264164411,0.9962984,0.002552134
1520.1945153393224,1520.1945153393224,0.9999395,0.0025637157
1520.1959042622038,1520.1959042622038,0.9984942,0.0025549799
1520.1972931852017,1520.1972931852017,0.99999535,0.002557614
1520.198682108083,1520.198682108083,1.0024792,0.0025604614
1520.2000710309642,1520.2000710309642,0.99811023,0.0025555298
1520.2014599539618,1520.2014599539618,1.0020418,0.002556149
1520.2028488768426,1520.2028488768426,0.9996553,0.0025538174
1520.2042377997243,1520.2042377997243,1.0022068,0.0025759998
1520.2056267227229,1520.2056267227229,1.0022227,0.0025590905
1520.2070156456036,1520.2070156456036,1.002229,0.0025624507
1520.208404568484,1520.208404568484,1.0005507,0.0025622712
1520.209793491366,1520.209793491366,1.0025004,0.0025586647
1520.2111824143647,1520.2111824143647,0.99965674,0.0025598858
1520.212571337245,1520.212571337245,1.006564,0.002559611
1520.2139602601258,1520.2139602601258,1.0016097,0.0025604817
1520.215349183007,1520.215349183007,1.0003241,0.0025574435
1520.2167381060056,1520.2167381060056,1.001723,0.0025601117
1520.2181270288868,1520.2181270288868,0.9978007,0.002559888
1520.219515951768,1520.219515951768,0.9974983,0.0025578355
1520.2209048746492,1520.2209048746492,1.0028343,0.0025619308
1520.22229379753,1520.22229379753,0.99850523,0.0025556595
1520.2236827204113,1520.2236827204113,1.001266,0.002560376
1520.2250716434098,1520.2250716434098,1.0002763,0.002557525
1520.226460566291,1520.226460566291,0.99914974,0.0025567866
1520.2278494891714,1520.2278494891714,1.0027603,0.002557636
1520.2292384120535,1520.2292384120535,1.0018455,0.002558014
1520.2306273349357,1520.2306273349357,1.0001955,0.0025557838
1520.232016257816,1520.232016257816,1.0018009,0.002557828
1520.2334051806968,1520.2334051806968,1.0483835,0.0025808143
1520.234794103578,1520.234794103578,1.0479766,0.0025839966
1520.2361830264601,1520.2361830264601,1.0237519,0.0025669115
1520.2375719493414,1520.2375719493414,1.0134908,0.00256858
1520.2389608722226,1520.2389608722226,1.0098867,0.0025630868
1520.2403497951038,1520.2403497951038,1.0092118,0.002570116
1520.2417387179846,1520.2417387179846,1.0059018,0.0025636225
1520.2431276408659,1520.2431276408659,1.0098592,0.0025685015
1520.244516563748,1520.244516563748,1.0068308,0.0025629927
1520.2459054866292,1520.2459054866292,1.0084394,0.002562367
1520.2472944095098,1520.2472944095098,1.0056914,0.002561827
1520.2486833323917,1520.2486833323917,1.0081085,0.0025681078
1520.2500722552738,1520.2500722552738,1.003854,0.0025633585
1520.2514611781542,1520.2514611781542,1.0043252,0.0025595021
1520.252850101035,1520.252850101035,1.0063541,0.0025633557
1520.2542390239162,1520.2542390239162,1.0064332,0.0025704359
1520.2556279467983,1520.2556279467983,1.0052513,0.0025594365
1520.2570168696795,1520.2570168696795,1.0025284,0.0025605506
1520.2584057924444,1520.2584057924444,1.0040934,0.002559362
1520.2597947153256,1520.2597947153256,1.005488,0.0025620193
1520.2611836382064,1520.2611836382064,1.0076274,0.0025684042
1520.2625725610876,1520.2625725610876,1.0057058,0.0025573536
1520.2639614839698,1520.2639614839698,1.0056131,0.0025619068
1520.265350406851,1520.265350406851,1.0041702,0.002558318
1520.2667393296151,1520.2667393296151,1.0060807,0.0025597706
1520.268128252497,1520.268128252497,1.0067872,0.0025600658
1520.2695171753792,1520.2695171753792,1.0061328,0.0025583652
1520.2709060982597,1520.2709060982597,1.0049756,0.002562346
1520.2722950211403,1520.2722950211403,1.0053365,0.002566216
1520.273683943905,1520.273683943905,1.0064055,0.0025607466
1520.2750728667872,1520.2750728667872,1.0077087,0.0025626228
1520.2764617896685,1520.2764617896685,1.0058628,0.0025684864
1520.2778507124333,1520.2778507124333,1.0070196,0.002560074
1520.2792396353145,1520.2792396353145,1.0093201,0.0025578444
1520.2806285581953,1520.2806285581953,1.005729,0.0025674654
1520.2820174810765,1520.2820174810765,1.0049777,0.0025602607
1520.2834064038423,1520.2834064038423,1.0053397,0.0025720592
1520.2847953267235,1520.2847953267235,1.0050882,0.0025596838
1520.2861842494879,1520.2861842494879,1.0049728,0.002572106
1520.287573172369,1520.287573172369,1.0086472,0.002561358
1520.2889620952508,1520.2889620952508,1.0072962,0.0025685688
1520.2903510180158,1520.2903510180158,1.0052899,0.002561594
1520.2917399408964,1520.2917399408964,1.0075715,0.0025587676
1520.2931288637776,1520.2931288637776,1.0099235,0.002561693
1520.2945177865433,1520.2945177865433,1.0088218,0.0025644419
1520.2959067094246,1520.2959067094246,1.0093602,0.002570939
1520.297295632189,1520.297295632189,1.0070136,0.0025739612
1520.2986845550702,1520.2986845550702,1.0099723,0.0025595995
1520.300073477835,1520.300073477835,1.004725,0.0025585815
1520.3014624007162,1520.3014624007162,1.0067487,0.0025593601
1520.302851323482,1520.302851323482,1.0107578,0.0025597357
1520.3042402463632,1520.3042402463632,1.0098702,0.002565559
1520.3056291691275,1520.3056291691275,1.0366883,0.002580176
1520.3070180920088,1520.3070180920088,1.0307305,0.0025796308
1520.3084070147743,1520.3084070147743,1.0251386,0.0025706077
1520.3097959376557,1520.3097959376557,1.0201154,0.002580825
1520.3111848604196,1520.3111848604196,1.0165907,0.0025642377
1520.3125737833009,1520.3125737833009,1.0135746,0.0025631122
1520.3139627060666,1520.3139627060666,1.0166107,0.0025686221
1520.3153516288314,1520.3153516288314,1.0116044,0.0025617713
1520.3167405517122,1520.3167405517122,1.0150527,0.0025642975
1520.318129474477,1520.318129474477,1.0130987,0.0025658421
1520.3195183973583,1520.3195183973583,1.0136079,0.0025626742
1520.320907320123,1520.320907320123,1.0092897,0.002560397
1520.3222962428888,1520.3222962428888,1.0136781,0.0025646838
1520.32368516577,1520.32368516577,1.0157092,0.0025652458
1520.3250740885344,1520.3250740885344,1.010857,0.0025731074
1520.3264630112992,1520.3264630112992,1.0124781,0.0025633809
1520.3278519341811,1520.3278519341811,1.011876,0.0025612589
1520.3292408569462,1520.3292408569462,1.0136937,0.0025597725
1520.33062977971,1520.33062977971,1.0089365,0.0025608889
1520.3320187024751,1520.3320187024751,1.0121338,0.002568869
1520.333407625357,1520.333407625357,1.0111647,0.0025633592
1520.3347965481219,1520.3347965481219,1.0105762,0.0025646756
1520.3361854708862,1520.3361854708862,1.0086735,0.002563368
1520.337574393651,1520.337574393651,1.0097408,0.0025627387
1520.3389633165323,1520.3389633165323,1.0112811,0.002561226
1520.340352239297,1520.340352239297,1.0109899,0.0025651446
1520.3417411620628,1520.3417411620628,1.0125033,0.0025647422
1520.3431300848276,1520.3431300848276,1.012779,0.0025704645
1520.344519007592,1520.344519007592,1.0149896,0.0025712927
1520.3459079303568,1520.3459079303568,1.0150124,0.0025635643
1520.347296853239,1520.347296853239,1.0084391,0.002562293
1520.3486857760038,1520.3486857760038,1.013724,0.0025624863
1520.3500746987677,1520.3500746987677,1.0113493,0.0025607413
1520.351463621532,1520.351463621532,1.0142531,0.002566766
1520.3528525442978,1520.3528525442978,1.0086355,0.0025622563
1520.354241467063,1520.354241467063,1.0136433,0.0025758136
1520.3556303898274,1520.3556303898274,1.0129119,0.002564704
1520.3570193125922,1520.3570193125922,1.0115888,0.0025651327
1520.358408235357,1520.358408235357,1.0164132,0.0025654426
1520.359797158122,1520.359797158122,1.0061535,0.0025607648
1520.3611860808871,1520.3611860808871,1.0145315,0.0025663197
1520.362575003652,1520.362575003652,1.0105951,0.0025626593
1520.3639639264168,1520.3639639264168,1.0131091,0.0025649595
1520.3653528491816,1520.3653528491816,1.0173724,0.0025675488
1520.3667417719473,1520.3667417719473,1.0143187,0.002562102
1520.3681306947121,1520.3681306947121,1.0128915,0.0025636142
1520.3695196174763,1520.3695196174763,1.0151006,0.002560558
1520.3709085402404,1520.3709085402404,1.0131215,0.002564799
1520.3722974630061,1520.3722974630061,1.0128652,0.002563638
1520.3736863857716,1520.3736863857716,1.0117673,0.0025628342
1520.3750753085358,1520.3750753085358,1.0116993,0.0025649325
1520.3764642313006,1520.3764642313006,1.0142341,0.0025680761
1520.3778531540654,1520.3778531540654,1.0140032,0.0025657003
1520.3792420768305,1520.3792420768305,1.014055,0.0025635138
1520.3806309995955,1520.3806309995955,1.0114715,0.002565067
1520.382019922244,1520.382019922244,1.0122694,0.0025632351
1520.3834088450087,1520.3834088450087,1.0114238,0.0025591094
1520.3847977677735,1520.3847977677735,1.0120238,0.0025664908
1520.3861866905393,1520.3861866905393,1.0130342,0.0025666216
1520.387575613304,1520.387575613304,1.0128953,0.0025645643
1520.3889645360682,1520.3889645360682,1.0156138,0.0025767153
1520.390353458716,1520.390353458716,1.0128034,0.0025723402
1520.3917423814817,1520.3917423814817,1.0149449,0.0025633182
1520.3931313042472,1520.3931313042472,1.0141174,0.002565184
1520.3945202270113,1520.3945202270113,1.0167999,0.00256702
1520.3959091496597,1520.3959091496597,1.0145193,0.0025615788
1520.3972980724247,1520.3972980724247,1.0124457,0.0025637196
1520.3986869951898,1520.3986869951898,1.0117356,0.0025686086
1520.4000759179546,1520.4000759179546,1.0151397,0.0025712615
1520.401464840603,1520.401464840603,1.0108527,0.002565237
1520.4028537633678,1520.4028537633678,1.0163054,0.0025758662
1520.4042426861322,1520.4042426861322,1.0147316,0.0025695541
1520.405631608781,1520.405631608781,1.014911,0.0025655194
1520.4070205315468,1520.4070205315468,1.0145692,0.0025709253
1520.4084094543111,1520.4084094543111,1.0155118,0.0025761523
1520.4097983769586,1520.4097983769586,1.0164127,0.0025648326
1520.4111872997244,1520.4111872997244,1.0151616,0.0025688303
1520.4125762223737,1520.4125762223737,1.0161214,0.0025667355
1520.4139651451376,1520.4139651451376,1.015131,0.002564036
1520.415354067902,1520.415354067902,1.0135912,0.0025624032
1520.4167429905503,1520.4167429905503,1.0141758,0.0025625376
1520.418131913316,1520.418131913316,1.0157309,0.0025769272
1520.4195208359645,1520.4195208359645,1.016172,0.002562099
1520.4209097587293,1520.4209097587293,1.0118815,0.002560684
1520.4222986813777,1520.4222986813777,1.0148052,0.0025627604
1520.423687604142,1520.423687604142,1.0158194,0.0025632614
1520.4250765267905,1520.4250765267905,1.0156598,0.0025686678
1520.426465449556,1520.426465449556,1.0141393,0.0025627005
1520.4278543722046,1520.4278543722046,1.0164753,0.0025636835
1520.4292432949685,1520.4292432949685,1.0156089,0.0025631927
1520.4306322176178,1520.4306322176178,1.013922,0.0025662978
1520.4320211403835,1520.4320211403835,1.0156596,0.0025682414
1520.433410063031,1520.433410063031,1.0152684,0.002567761
1520.4347989857954,1520.4347989857954,1.0161403,0.002561518
1520.4361879084438,1520.4361879084438,1.0157387,0.002566172
1520.437576831093,1520.437576831093,1.0129647,0.0025644375
1520.438965753858,1520.438965753858,1.0152018,0.0025765505
1520.4403546765063,1520.4403546765063,1.0182036,0.0025641948
1520.4417435991547,1520.4417435991547,1.0144355,0.002562092
1520.443132521919,1520.443132521919,1.0153788,0.0025697534
1520.4445214445675,1520.4445214445675,1.0175786,0.002563751
1520.4459103672168,1520.4459103672168,1.0125239,0.002568695
1520.4472992899816,1520.4472992899816,1.01273,0.0025678328
1520.4486882126291,1520.4486882126291,1.0162051,0.002564097
1520.4500771352784,1520.4500771352784,1.0163195,0.0025675462
1520.4514660580442,1520.4514660580442,1.0143595,0.0025736187
1520.4528549806917,1520.4528549806917,1.0191913,0.0025711234
1520.4542439033396,1520.4542439033396,1.0155264,0.002563979
1520.455632825988,1520.455632825988,1.0153698,0.002565869
1520.4570217487537,1520.4570217487537,1.0165187,0.0025644153
1520.4584106714021,1520.4584106714021,1.0149715,0.0025627604
1520.4597995940505,1520.4597995940505,1.0153084,0.0025666435
1520.461188516699,1520.461188516699,1.0172104,0.0025652577
1520.462577439347,1520.462577439347,1.019829,0.0025709916
1520.4639663621117,1520.4639663621117,1.0142971,0.0025627816
1520.465355284761,1520.465355284761,1.0168449,0.002565006
1520.4667442074094,1520.4667442074094,1.0124182,0.0025673022
1520.4681331300571,1520.4681331300571,1.0147063,0.0025727497
1520.4695220527058,1520.4695220527058,1.0184257,0.0025664982
1520.4709109753546,1520.4709109753546,1.0151818,0.002568025
1520.4722998980033,1520.4722998980033,1.0158107,0.0025665683
1520.4736888207674,1520.4736888207674,1.015745,0.002566137
1520.4750777434158,1520.4750777434158,1.0192875,0.0025711674
1520.476466666065,1520.476466666065,1.0167712,0.0025636922
1520.4778555887135,1520.4778555887135,1.0139024,0.0025677376
1520.4792445113615,1520.4792445113615,1.018305,0.0025718159
1520.4806334340099,1520.4806334340099,1.0150265,0.0025606353
1520.4820223566583,1520.4820223566583,1.0197694,0.0025672016
1520.4834112793067,1520.4834112793067,1.0141318,0.002566436
1520.484800201956,1520.484800201956,1.0195796,0.0025689385
1520.4861891246044,1520.4861891246044,1.0158607,0.0025661653
1520.487578047252,1520.487578047252,1.0173893,0.0025665641
1520.4889669699007,1520.4889669699007,1.0156502,0.0025705902
1520.4903558925496,1520.4903558925496,1.0096825,0.0025630626
1520.4917448151982,1520.4917448151982,1.015177,0.0025663127
1520.493133737846,1520.493133737846,1.0182159,0.0025639748
1520.4945226604943,1520.4945226604943,1.0162996,0.002567754
1520.4959115830272,1520.4959115830272,1.0167775,0.0025736077
1520.4973005056756,1520.4973005056756,1.0181255,0.0025785798
1520.4986894283236,1520.4986894283236,1.0160836,0.0025646694
1520.500078350972,1520.500078350972,1.0130051,0.002562348
1520.5014672736204,1520.5014672736204,1.0140058,0.0025640284
1520.5028561962688,1520.5028561962688,1.0144008,0.002567341
1520.5139675772236,1520.5139675772236,1.0176731,0.0025675541
1520.515356499873,1520.515356499873,1.0164121,0.0025652382
1520.5167454225214,1520.5167454225214,1.0143774,0.0025668545
1520.5181343450529,1520.5181343450529,1.0164559,0.002565438
1520.5195232677013,1520.5195232677013,1.0138553,0.0025617955
1520.5209121903497,1520.5209121903497,1.0144657,0.0025644044
1520.522301112998,1520.522301112998,1.0157756,0.0025679336
1520.523690035531,1520.523690035531,1.0141648,0.0025686559
1520.5250789581794,1520.5250789581794,1.0143025,0.0025672463
1520.526467880711,1520.526467880711,1.0138099,0.0025665716
1520.5278568033593,1520.5278568033593,1.0162191,0.0025679702
1520.5292457260084,1520.5292457260084,1.0135694,0.0025627501
1520.5306346485406,1520.5306346485406,1.0167718,0.0025666961
1520.5320235711881,1520.5320235711881,1.014334,0.0025642242
1520.533412493836,1520.533412493836,1.012668,0.002561919
1520.5348014163687,1520.5348014163687,1.0104516,0.002573153
1520.5361903390178,1520.5361903390178,1.0167655,0.0025664403
1520.5375792615494,1520.5375792615494,1.0118499,0.0025662126
1520.5389681841978,1520.5389681841978,1.0190768,0.002569314
1520.5403571067297,1520.5403571067297,1.0159196,0.0025616144
1520.5417460293781,1520.5417460293781,1.0157228,0.0025641723
1520.5431349519104,1520.5431349519104,1.0138934,0.0025616088
1520.544523874559,1520.544523874559,1.0118439,0.0025611657
1520.545912797091,1520.545912797091,1.0116875,0.002560631
1520.5473017197394,1520.5473017197394,1.0163006,0.0025641797
1520.5486906422723,1520.5486906422723,1.0143037,0.002567316
1520.5500795649207,1520.5500795649207,1.0239513,0.0025792595
1520.5514684874518,1520.5514684874518,1.0212662,0.0025660612
1520.5528574100997,1520.5528574100997,1.0171467,0.0025713851
1520.5542463326326,1520.5542463326326,1.0152874,0.0025651918
1520.555635255165,1520.555635255165,1.0216373,0.0025782783
1520.557024177813,1520.557024177813,1.0160722,0.0025633106
1520.558413100345,1520.558413100345,1.0158564,0.0025706005
1520.5598020229934,1520.5598020229934,1.0165533,0.002567787
1520.5611909455254,1520.5611909455254,1.015427,0.0025671795
1520.5625798680576,1520.5625798680576,1.0111449,0.0025660861
1520.5639687907062,1520.5639687907062,1.0171683,0.0025666985
1520.5653577132382,1520.5653577132382,1.0162294,0.0025709698
1520.5667466357702,1520.5667466357702,1.0120714,0.0025642333
1520.5681355584195,1520.5681355584195,1.01524,0.0025632016
1520.5695244809515,1520.5695244809515,1.0139977,0.0025624512
1520.5709134034828,1520.5709134034828,1.0109955,0.0025652747
1520.572302326014,1520.572302326014,1.0179557,0.0025713458
1520.5736912486634,1520.5736912486634,1.0161415,0.0025646102
1520.5750801711959,1520.5750801711959,1.0137904,0.002562145
1520.5764690937274,1520.5764690937274,1.0178261,0.0025652964
1520.577858016259,1520.577858016259,1.0128607,0.002566231
1520.579246938791,1520.579246938791,1.0115739,0.0025650219
1520.58063586144,1520.58063586144,1.012945,0.0025626507
1520.5820247839722,1520.5820247839722,1.0150857,0.0025653173
1520.5834137065042,1520.5834137065042,1.0141674,0.0025643231
1520.5848026290362,1520.5848026290362,1.0142142,0.002562614
1520.5861915515682,1520.5861915515682,1.0166513,0.0025633497
1520.5875804741002,1520.5875804741002,1.0139389,0.0025772606
1520.5889693967486,1520.5889693967486,1.0125333,0.0025757174
1520.5903583192808,1520.5903583192808,1.0159689,0.0025660584
1520.591747241812,1520.591747241812,1.010526,0.0025628016
1520.593136164345,1520.593136164345,1.0162239,0.0025636994
1520.5945250868776,1520.5945250868776,1.015699,0.002565783
1520.595914009409,1520.595914009409,1.0163417,0.0025626272
1520.5973029319405,1520.5973029319405,1.0138249,0.0025680705
1520.5986918544725,1520.5986918544725,1.0150589,0.0025638656
1520.6000807770051,1520.6000807770051,1.0119951,0.0025626975
1520.6014696995373,1520.6014696995373,1.0119336,0.002565713
1520.6028586220693,1520.6028586220693,1.0141872,0.0025618451
1520.6042475446013,1520.6042475446013,1.0122194,0.0025638272
1520.6056364671333,1520.6056364671333,1.0132778,0.0025644035
1520.6070253896653,1520.6070253896653,1.012984,0.0025631653
1520.6084143121975,1520.6084143121975,1.0152532,0.0025741102
1520.6098032347297,1520.6098032347297,1.0130242,0.0025633527
1520.6111921572608,1520.6111921572608,1.0144709,0.0025652254
1520.6125810797937,1520.6125810797937,1.0126173,0.0025627587
1520.6139700023264,1520.6139700023264,1.0126303,0.0025646458
1520.6153589248577,1520.6153589248577,1.0129871,0.002562539
1520.6167478472728,1520.6167478472728,1.0107654,0.0025615657
1520.6181367698048,1520.6181367698048,1.0107975,0.002563645
1520.6195256923377,1520.6195256923377,1.0132219,0.0025604805
1520.6209146148697,1520.6209146148697,1.0130297,0.0025658533
1520.6223035374016,1520.6223035374016,1.0100259,0.0025749365
1520.6236924599336,1520.6236924599336,1.014064,0.002559175
1520.6250813823492,1520.6250813823492,1.0133221,0.0025646202
1520.6264703048812,1520.6264703048812,1.0122037,0.0025652263
1520.6278592274134,1520.6278592274134,1.013768,0.0025638992
1520.6292481499456,1520.6292481499456,1.0101918,0.0025645967
1520.6306370724767,1520.6306370724767,1.0099322,0.002559809
1520.6320259948925,1520.6320259948925,1.0097215,0.0025618842
1520.6334149174252,1520.6334149174252,1.0142814,0.0025618798
1520.6348038399572,1520.6348038399572,1.0130981,0.0025644628
1520.6361927624887,1520.6361927624887,1.0115399,0.0025630875
1520.6375816849043,1520.6375816849043,1.0116572,0.0025682007
1520.6389706074372,1520.6389706074372,1.0104483,0.0025741342
1520.6403595299691,1520.6403595299691,1.0093384,0.0025653408
1520.641748452384,1520.641748452384,1.0128971,0.002567723
1520.6431373749163,1520.6431373749163,1.0101978,0.0025638416
1520.6445262974487,1520.6445262974487,1.0099658,0.002563302
1520.6459152198645,1520.6459152198645,1.0106432,0.0025749062
1520.6473041423967,1520.6473041423967,1.0141779,0.0025643744
1520.6486930648123,1520.6486930648123,1.012787,0.0025622668
1520.6500819873434,1520.6500819873434,1.0130106,0.0025600542
1520.6514709098756,1520.6514709098756,1.0093505,0.0025684077
1520.6528598322918,1520.6528598322918,1.0110677,0.002561592
1520.6542487548238,1520.6542487548238,1.011523,0.0025626984
1520.655637677239,1520.655637677239,1.0069581,0.0025574462
1520.657026599771,1520.657026599771,1.0080378,0.0025755814
1520.6584155221874,1520.6584155221874,1.0124859,0.0025634968
1520.6598044447194,1520.6598044447194,1.0093623,0.0025598225
1520.6611933671343,1520.6611933671343,1.0108852,0.0025607657
1520.6625822896665,1520.6625822896665,1.0129335,0.00256283
1520.6639712120825,1520.6639712120825,1.0131173,0.0025817892
1520.6653601346147,1520.6653601346147,1.011032,0.002563336
1520.6667490570305,1520.6667490570305,1.0108776,0.002562958
1520.6681379795625,1520.6681379795625,1.009012,0.0025588425
1520.6695269019774,1520.6695269019774,1.009298,0.002561
1520.6709158245096,1520.6709158245096,1.0084894,0.0025748683
1520.6723047469256,1520.6723047469256,1.0126628,0.0025614076
1520.6736936693412,1520.6736936693412,1.0087337,0.0025612293
1520.6750825918728,1520.6750825918728,1.0108562,0.0025639832
1520.6764715142879,1520.6764715142879,1.0122561,0.0025642968
1520.677860436704,1520.677860436704,1.0128199,0.0025620288
1520.6792493592368,1520.6792493592368,1.011088,0.0025601967
1520.680638281652,1520.680638281652,1.0107238,0.0025649248
1520.6820272040675,1520.6820272040675,1.0110502,0.0025723975
1520.6834161266002,1520.6834161266002,1.0097235,0.002569516
1520.684805049016,1520.684805049016,1.010281,0.0025694438
1520.6861939714306,1520.6861939714306,1.0086105,0.0025622544
1520.6875828939626,1520.6875828939626,1.0079048,0.0025626083
1520.6889718163784,1520.6889718163784,1.0072356,0.0025603059
1520.6903607387942,1520.6903607387942,1.0087396,0.0025614633
1520.6917496612102,1520.6917496612102,1.0069126,0.0025629026
1520.6931385837424,1520.6931385837424,1.0092001,0.0025601166
1520.6945275061573,1520.6945275061573,1.009214,0.0025645893
1520.6959164285724,1520.6959164285724,1.0087941,0.0025620451
1520.6973053509887,1520.6973053509887,1.0064892,0.0025638004
1520.698694273405,1520.698694273405,1.0095583,0.0025609194
1520.7000831959365,1520.7000831959365,1.0073975,0.002567109
1520.701472118352,1520.701472118352,1.0118554,0.0025722242
1520.7028610407683,1520.7028610407683,1.0057446,0.0025609022
1520.704249963184,1520.704249963184,1.0060327,0.0025589557
1520.7056388855988,1520.7056388855988,1.0043164,0.0025568705
1520.7070278080146,1520.7070278080146,1.0091908,0.002560258
1520.7084167304304,1520.7084167304304,1.0076315,0.0025614111
1520.709805652846,1520.709805652846,1.0066073,0.0025582986
1520.711194575262,1520.711194575262,1.0053015,0.0025604218
1520.7125834976778,1520.7125834976778,1.0081112,0.0025596535
1520.713972420209,1520.713972420209,1.0046855,0.0025632323
1520.7153613426242,1520.7153613426242,1.0119882,0.002572815
1520.7167502650404,1520.7167502650404,1.0061979,0.0025590782
1520.7181391874567,1520.7181391874567,1.0101067,0.002559518
1520.7195281098718,1520.7195281098718,1.007467,0.002564358
1520.7209170322874,1520.7209170322874,1.0097849,0.0025582318
1520.7223059547039,1520.7223059547039,1.0053635,0.0025573426
1520.7236948771194,1520.7236948771194,1.0098996,0.0025654251
1520.7250837994177,1520.7250837994177,1.0072854,0.0025642544
1520.7264727218335,1520.7264727218335,1.0062681,0.002560884
1520.7278616442493,1520.7278616442493,1.0042598,0.0025602859
1520.7292505666649,1520.7292505666649,1.0109818,0.0025605855
1520.7306394890804,1520.7306394890804,1.0058999,0.0025620617
1520.732028411496,1520.732028411496,1.0058663,0.0025613378
1520.7334173339116,1520.7334173339116,1.0069786,0.002559265
1520.7348062563267,1520.7348062563267,1.0078934,0.002565285
1520.736195178743,1520.736195178743,1.0067536,0.0025618973
1520.7375841010428,1520.7375841010428,1.0062959,0.0025674931
1520.738973023458,1520.738973023458,1.0027934,0.0025572951
1520.7403619458728,1520.7403619458728,1.0047679,0.002561516
1520.741750868289,1520.741750868289,1.0069209,0.0025698137
1520.7431397907055,1520.7431397907055,1.0068666,0.002560134
1520.744528713004,1520.744528713004,1.0043219,0.0025610474
1520.7459176354198,1520.7459176354198,1.0081398,0.0025688044
1520.7473065578354,1520.7473065578354,1.0032253,0.0025576493
1520.748695480251,1520.748695480251,1.0041901,0.002558605
1520.75008440255,1520.75008440255,1.0053153,0.0025606898
1520.7514733249657,1520.7514733249657,1.0031773,0.0025583468
1520.7528622473812,1520.7528622473812,1.0001779,0.0025587454
1520.7542511697964,1520.7542511697964,1.001954,0.002558709
1520.7556400920964,1520.7556400920964,1.0062975,0.002560472
1520.7570290145125,1520.7570290145125,1.0071357,0.0025630814
1520.7584179369276,1520.7584179369276,0.99974746,0.002555622
1520.759806859226,1520.759806859226,1.0037706,0.0025584314
1520.7611957816423,1520.7611957816423,1.0003256,0.0025556
1520.7625847040588,1520.7625847040588,1.007222,0.0025602672
1520.7639736263573,1520.7639736263573,1.0003392,0.0025566253
1520.765362548773,1520.765362548773,1.0041181,0.0025563538
1520.7667514710722,1520.7667514710722,1.0001636,0.0025579636
1520.7681403934878,1520.7681403934878,1.001357,0.0025597664
1520.769529315787,1520.769529315787,0.9996367,0.0025533708
1520.7709182382025,1520.7709182382025,1.0076743,0.0025600996
1520.772307160618,1520.772307160618,1.0033004,0.0025737998
1520.7736960829168,1520.7736960829168,1.0030078,0.002561611
1520.7750850053324,1520.7750850053324,1.0034287,0.0025588763
1520.7764739276324,1520.7764739276324,1.0000054,0.0025609622
1520.777862850048,1520.777862850048,1.0024428,0.0025603944
1520.7792517723467,1520.7792517723467,1.0019789,0.002557878
1520.7806406947627,1520.7806406947627,1.0015335,0.0025552532
1520.7820296170628,1520.7820296170628,1.0006418,0.002567453
1520.7834185393615,1520.7834185393615,1.0014095,0.0025636796
1520.7848074617762,1520.7848074617762,1.0044297,0.0025568001
1520.7861963840753,1520.7861963840753,1.002573,0.0025548416
1520.7875853064918,1520.7875853064918,1.0021254,0.002557815
1520.788974228791,1520.788974228791,1.0010214,0.0025559734
1520.79036315109,1520.79036315109,1.0043089,0.0025715972
1520.791752073506,1520.791752073506,1.0029988,0.002560194
1520.7931409958044,1520.7931409958044,1.0012277,0.002560853
1520.79452991822,1520.79452991822,0.9983101,0.0025670629
1520.79591884052,1520.79591884052,0.9988777,0.0025653597
1520.7973077628192,1520.7973077628192,1.0028932,0.0025575142
1520.7986966851179,1520.7986966851179,0.9979552,0.002554534
1520.800085607534,1520.800085607534,1.0019212,0.0025585094
1520.801474529834,1520.801474529834,0.99971235,0.002556755
1520.8028634521327,1520.8028634521327,0.99867314,0.002556765
1520.8042523745473,1520.8042523745473,1.0013652,0.0025595014
1520.8056412968467,1520.8056412968467,0.9991659,0.0025566802
1520.8070302191466,1520.8070302191466,1.0032716,0.0025568304
1520.8084191414457,1520.8084191414457,0.9990478,0.0025559037
1520.8098080638613,1520.8098080638613,0.99934345,0.0025554032
1520.8111969861607,1520.8111969861607,1.0015233,0.0025569417
1520.8125859084591,1520.8125859084591,1.0019906,0.002559623
1520.8139748307583,1520.8139748307583,1.0033932,0.002557209
1520.8153637530584,1520.8153637530584,1.0022829,0.0025580444
1520.8167526753575,1520.8167526753575,0.99842685,0.002553364
1520.8181415977726,1520.8181415977726,0.9992397,0.002554621
1520.8195305200718,1520.8195305200718,0.99899834,0.0025587028
1520.8209194423719,1520.8209194423719,0.9990826,0.0025532057
1520.822308364671,1520.822308364671,1.0013199,0.0025619904
1520.8236972869693,1520.8236972869693,1.0013992,0.0025559242
1520.8250862092686,1520.8250862092686,0.99865246,0.0025592756
1520.8264751315685,1520.8264751315685,0.9979254,0.0025640244
1520.8278640538676,1520.8278640538676,0.9983449,0.0025538632
1520.8292529761663,1520.8292529761663,0.99506706,0.00255868
1520.8306418984655,1520.8306418984655,0.99587804,0.002555542
1520.8320308207647,1520.8320308207647,0.9973883,0.0025616633
1520.8334197430638,1520.8334197430638,0.9976883,0.0025545354
1520.8348086653639,1520.8348086653639,0.9997502,0.0025584744
1520.836197587663,1520.836197587663,0.9956788,0.002555998
1520.8375865099617,1520.8375865099617,0.99589294,0.0025541491
1520.838975432261,1520.838975432261,0.997586,0.0025546227
1520.840364354561,1520.840364354561,0.99897593,0.0025543806
1520.8417532768601,1520.8417532768601,0.9967573,0.0025575033
1520.8431421991586,1520.8431421991586,0.99794734,0.0025560325
1520.844531121458,1520.844531121458,0.99410474,0.002577859
1520.8459200437576,1520.8459200437576,0.9974825,0.002563816
1520.8473089660567,1520.8473089660567,0.9969463,0.0025626384
1520.848697888239,1520.848697888239,0.9963164,0.0025542413
1520.8500868105382,1520.8500868105382,0.99840957,0.002559534
1520.8514757328373,1520.8514757328373,0.9985955,0.0025621876
1520.8528646551367,1520.8528646551367,0.9942355,0.0025539293
1520.8542535774366,1520.8542535774366,0.99631846,0.002554329
1520.8556424997357,1520.8556424997357,0.99715954,0.002563029
1520.857031421918,1520.857031421918,0.99610984,0.0025575422
1520.8584203442172,1520.8584203442172,0.9987607,0.0025644249
1520.8598092665172,1520.8598092665172,0.9972469,0.0025579135
1520.8611981888164,1520.8611981888164,1.0013907,0.0025547633
1520.8625871111149,1520.8625871111149,0.9952624,0.0025584018
1520.863976033297,1520.863976033297,0.9966514,0.0025582628
1520.865364955597,1520.865364955597,0.99446803,0.0025571785
1520.8667538778968,1520.8667538778968,0.9944782,0.0025565717
1520.8681428000789,1520.8681428000789,0.9927103,0.0025619857
1520.869531722378,1520.869531722378,0.99479645,0.0025566483
1520.8709206446772,1520.8709206446772,0.9931113,0.0025531328
1520.8723095668602,1520.8723095668602,0.9987909,0.0025628821
1520.8736984891596,1520.8736984891596,0.9967838,0.002564761
1520.8750874114587,1520.8750874114587,0.99539113,0.002554345
1520.8764763336414,1520.8764763336414,0.9951497,0.0025551016
1520.8778652559406,1520.8778652559406,0.994551,0.0025545873
1520.8792541782407,1520.8792541782407,0.9958949,0.0025611091
1520.8806431004234,1520.8806431004234,0.9935807,0.0025624288
1520.8820320227221,1520.8820320227221,0.9926475,0.0025645345
1520.883420944904,1520.883420944904,0.99624395,0.0025541764
1520.884809867204,1520.884809867204,0.9989973,0.0025557694
1520.8861987893874,1520.8861987893874,0.9958886,0.0025548134
1520.887587711686,1520.887587711686,0.99463195,0.0025572458
1520.8889766338687,1520.8889766338687,0.9936605,0.0025514408
1520.890365556168,1520.890365556168,0.99668527,0.0025539077
1520.891754478351,1520.891754478351,0.9921118,0.0025547396
1520.8931434006502,1520.8931434006502,0.9929813,0.0025525882
1520.894532322833,1520.894532322833,0.9975875,0.0025541938
1520.895921245132,1520.895921245132,0.99277437,0.002554317
1520.8973101673148,1520.8973101673148,0.99399847,0.0025538276
1520.898699089614,1520.898699089614,0.9923485,0.0025552008
1520.900088011797,1520.900088011797,0.99178064,0.002562929
1520.90147693398,1520.90147693398,0.9914368,0.0025546022
1520.9028658562781,1520.9028658562781,0.9909966,0.0025522504
1520.9042547784618,1520.9042547784618,0.9898172,0.0025550714
1520.9056437007619,1520.9056437007619,0.9925319,0.0025563277
1520.9070326229437,1520.9070326229437,0.992187,0.0025507507
1520.908421545126,1520.908421545126,0.9940664,0.0025624342
1520.9098104674251,1520.9098104674251,0.9937395,0.0025522176
1520.9111993896088,1520.9111993896088,0.99131286,0.0025524464
1520.9125883117915,1520.9125883117915,0.989877,0.0025743989
1520.9139772340907,1520.9139772340907,0.989623,0.002559082
1520.9153661562734,1520.9153661562734,0.99203783,0.0025540427
1520.9167550784562,1520.9167550784562,0.99108076,0.002554894
1520.9181440006391,1520.9181440006391,0.99550605,0.0025544523
1520.9195329229385,1520.9195329229385,0.9923619,0.002552431
1520.9209218451213,1520.9209218451213,0.99079424,0.0025509954
1520.922310767303,1520.922310767303,0.9896836,0.0025554025
1520.9236996894867,1520.9236996894867,0.992434,0.0025538015
1520.9250886116704,1520.9250886116704,0.9909542,0.0025524804
1520.9264775339686,1520.9264775339686,0.9926895,0.0025536013
1520.927866456151,1520.927866456151,0.9924738,0.0025522248
1520.9292553783337,1520.9292553783337,0.9934113,0.0025537398
1520.9306443005173,1520.9306443005173,0.98695415,0.0025613073
1520.9320332227,1520.9320332227,0.98479176,0.0025634414
1520.9334221448828,1520.9334221448828,0.99313915,0.002554249
1520.9348110670655,1520.9348110670655,0.9918885,0.0025531873
1520.9361999893647,1520.9361999893647,0.9902946,0.0025562334
1520.9375889115477,1520.9375889115477,0.9913175,0.0025502944
1520.9389778337306,1520.9389778337306,0.98987174,0.0025506064
1520.9403667559134,1520.9403667559134,0.9887066,0.0025502562
1520.9417556780954,1520.9417556780954,0.9893967,0.0025500332
1520.9431446002784,1520.9431446002784,0.98864037,0.002553686
1520.9445335224616,1520.9445335224616,0.9891058,0.0025536385
1520.9459224446443,1520.9459224446443,0.99020386,0.0025508578
1520.9473113668266,1520.9473113668266,0.9895402,0.0025556474
1520.9487002890094,1520.9487002890094,0.98959076,0.0025514422
1520.950089211193,1520.950089211193,0.9906225,0.002565088
1520.9514781333758,1520.9514781333758,0.98775935,0.002560016
1520.952867055558,1520.952867055558,0.9900703,0.0025543408
1520.9542559777408,1520.9542559777408,0.9885616,0.002555839
1520.9556448999242,1520.9556448999242,0.98810947,0.0025517552
1520.9570338221072,1520.9570338221072,0.9878038,0.0025646274
1520.9584227441735,1520.9584227441735,0.9898499,0.002551654
1520.9598116663562,1520.9598116663562,0.98617244,0.002551816
1520.9612005885383,1520.9612005885383,0.9891842,0.0025488567
1520.9625895107213,1520.9625895107213,0.9913183,0.0025541487
1520.9639784329045,1520.9639784329045,0.98871064,0.0025524478
1520.9653673550874,1520.9653673550874,0.9856091,0.0025632868
1520.9667562772695,1520.9667562772695,0.9894631,0.0025515412
1520.9681451993358,1520.9681451993358,0.9889108,0.0025591096
1520.9695341215195,1520.9695341215195,0.98449904,0.0025499016
1520.9709230437022,1520.9709230437022,0.9862264,0.0025510688
1520.9723119658845,1520.9723119658845,0.98497105,0.0025504422
1520.9737008879508,1520.9737008879508,0.9890203,0.0025517426
1520.9750898101343,1520.9750898101343,0.98424906,0.0025487298
1520.9764787323172,1520.9764787323172,0.9859518,0.0025543952
1520.977867654499,1520.977867654499,0.98920745,0.00255794
1520.9792565765656,1520.9792565765656,0.99017185,0.002551462
1520.9806454987486,1520.9806454987486,0.9860093,0.0025486755
1520.9820344209313,1520.9820344209313,0.9837275,0.002549051
1520.983423342998,1520.983423342998,0.9897388,0.0025496024
1520.984812265181,1520.984812265181,0.9867548,0.0025582977
1520.9862011873631,1520.9862011873631,0.9837078,0.00255136
1520.987590109429,1520.987590109429,0.9836443,0.002552502
1520.9889790316124,1520.9889790316124,0.9835225,0.0025510588
1520.9903679537958,1520.9903679537958,0.98787385,0.002548778
1520.9917568758617,1520.9917568758617,0.98862135,0.0025495929
1520.9931457980445,1520.9931457980445,0.98787355,0.0025501547
1520.9945347201117,1520.9945347201117,0.99125075,0.002552206
1520.9959236422944,1520.9959236422944,0.9894658,0.002553701
1520.9973125644763,1520.9973125644763,0.9866319,0.0025515477
1520.9987014865428,1520.9987014865428,0.9864664,0.0025561196
1521.0000904087258,1521.0000904087258,0.9860999,0.0025489544
1521.001479330792,1521.001479330792,0.9860023,0.0025572057
1521.0028682529755,1521.0028682529755,0.9859377,0.0025493235
1521.004257175042,1521.004257175042,0.9841768,0.0025476476
1521.005646097224,1521.005646097224,0.987906,0.0025522935
1521.0070350192898,1521.0070350192898,0.98619014,0.002562754
1521.0084239414732,1521.0084239414732,0.98949206,0.002549504
1521.0098128635402,1521.0098128635402,0.9840662,0.0025536711
1521.011201785606,1521.011201785606,0.985045,0.0025517726
1521.0125907077888,1521.0125907077888,0.9871407,0.0025519722
1521.013979629856,1521.013979629856,0.98359144,0.0025470501
1521.0153685520388,1521.0153685520388,0.98374605,0.002548114
1521.0167574741045,1521.0167574741045,0.98230535,0.0025477218
1521.018146396171,1521.018146396171,0.98787045,0.0025599136
1521.0195353183537,1521.0195353183537,0.9837428,0.002546944
1521.02092424042,1521.02092424042,0.9826934,0.002546356
1521.0223131624864,1521.0223131624864,0.9855133,0.002549924
1521.0237020846691,1521.0237020846691,0.98533845,0.0025562355
1521.0250910067355,1521.0250910067355,0.9834707,0.002548667
1521.0264799288013,1521.0264799288013,0.98272717,0.002551043
1521.027868850985,1521.027868850985,0.9838649,0.002551563
1521.0292577730518,1521.0292577730518,0.98564345,0.002569834
1521.0306466951176,1521.0306466951176,0.9807698,0.0025468245
1521.0320356171833,1521.0320356171833,0.98611814,0.0025505808
1521.0334245393667,1521.0334245393667,0.98204696,0.0025486203
1521.034813461434,1521.034813461434,0.98333436,0.002549078
1521.0362023834996,1521.0362023834996,0.9832732,0.002548707
1521.0375913055661,1521.0375913055661,0.9819135,0.0025471344
1521.0389802276325,1521.0389802276325,0.9846689,0.0025480574
1521.0403691498152,1521.0403691498152,0.9825302,0.002548537
1521.0417580718815,1521.0417580718815,0.9853365,0.0025487554
1521.0431469939479,1521.0431469939479,0.9803177,0.0025453928
1521.0445359160142,1521.0445359160142,0.9860428,0.002549586
1521.04592483808,1521.04592483808,0.9808411,0.0025498078
1521.0473137601473,1521.0473137601473,0.9798183,0.0025506495
1521.048702682214,1521.048702682214,0.9863708,0.0025471956
1521.05009160428,1521.05009160428,0.9812729,0.0025474096
1521.0514805263458,1521.0514805263458,0.979859,0.0025486962
1521.0528694484126,1521.0528694484126,0.9833125,0.0025465197
1521.0542583705962,1521.0542583705962,0.9845137,0.0025483873
1521.0556472926621,1521.0556472926621,0.9814893,0.0025506981
1521.0570362147275,1521.0570362147275,0.9850212,0.0025501489
1521.0584251367939,1521.0584251367939,0.9824563,0.002551937
1521.059814058861,1521.059814058861,0.98382586,0.0025498632
1521.0612029809274,1521.0612029809274,0.97841966,0.002544936
1521.0625919028773,1521.0625919028773,0.978384,0.0025468988
1521.0639808249439,1521.0639808249439,0.97847724,0.0025480073
1521.0653697470095,1521.0653697470095,0.9808344,0.0025490785
1521.0667586690759,1521.0667586690759,0.9785361,0.0025489551
1521.068147591143,1521.068147591143,0.98328674,0.0025492192
1521.0695365132094,1521.0695365132094,0.98280996,0.002549108
1521.0709254352753,1521.0709254352753,0.98043776,0.0025443798
1521.072314357342,1521.072314357342,0.9803386,0.002547585
1521.0737032794093,1521.0737032794093,0.9784512,0.0025476608
1521.0750922014752,1521.0750922014752,0.9800391,0.0025489163
1521.0764811234242,1521.0764811234242,0.97919255,0.002553618
1521.0778700454907,1521.0778700454907,0.979194,0.0025478539
1521.0792589675577,1521.0792589675577,0.97857916,0.002559432
1521.080647889624,1521.080647889624,0.9825558,0.0025524532
1521.0820368116904,1521.0820368116904,0.9848265,0.002551465
1521.083425733757,1521.083425733757,0.9823374,0.002552749
1521.0848146557062,1521.0848146557062,0.98650193,0.0025592558
1521.0862035777725,1521.0862035777725,0.98153925,0.0025500678
1521.0875924998397,1521.0875924998397,0.9803606,0.0025497843
1521.0889814217896,1521.0889814217896,0.9784025,0.0025487032
1521.0903703438555,1521.0903703438555,0.9790749,0.0025462632
1521.0917592659218,1521.0917592659218,0.9820205,0.002556714
1521.093148187989,1521.093148187989,0.97902346,0.0025431633
1521.094537109939,1521.094537109939,0.9778949,0.002548169
1521.0959260320044,1521.0959260320044,0.979649,0.0025472944
1521.097314954071,1521.097314954071,0.9788201,0.0025436266
1521.0987038760215,1521.0987038760215,0.979316,0.0025504655
1521.1000927980879,1521.1000927980879,0.9796384,0.0025473542
1521.1014817201537,1521.1014817201537,0.977263,0.0025459854
1521.1028706421037,1521.1028706421037,0.97886103,0.0025505824
1521.10425956417,1521.10425956417,0.98194754,0.0025481833
1521.10564848612,1521.10564848612,0.97786504,0.0025463148
1521.1070374081871,1521.1070374081871,0.98023987,0.0025480208
1521.108426330137,1521.108426330137,0.976625,0.0025463905
1521.109815252203,1521.109815252203,0.9807757,0.002546761
1521.1112041741528,1521.1112041741528,0.9750803,0.0025451684
1521.11259309622,1521.11259309622,0.9803029,0.0025501968
1521.11398201817,1521.11398201817,0.9785356,0.0025486485
1521.1153709402356,1521.1153709402356,0.97912085,0.0025478182
1521.1167598621857,1521.1167598621857,0.97745806,0.0025444394
1521.1181487842525,1521.1181487842525,0.9776609,0.0025471048
1521.1195377062024,1521.1195377062024,0.9786673,0.0025485756
1521.1209266282683,1521.1209266282683,0.97785443,0.0025496043
1521.1223155502182,1521.1223155502182,0.9811186,0.0025487489
1521.1237044722845,1521.1237044722845,0.9730915,0.002546209
1521.1250933942347,1521.1250933942347,0.9784941,0.0025439486
1521.1264823161848,1521.1264823161848,0.97889054,0.0025454555
1521.1278712382511,1521.1278712382511,0.9822775,0.0025445593
1521.129260160201,1521.129260160201,0.9770999,0.0025448413
1521.1306490822674,1521.1306490822674,0.98114,0.0025506204
1521.1320380042182,1521.1320380042182,0.97603506,0.0025481079
1521.133426926168,1521.133426926168,0.9757548,0.0025459249
1521.1348158482338,1521.1348158482338,0.97505265,0.0025426182
1521.136204770183,1521.136204770183,0.9815762,0.002561056
1521.1375936921338,1521.1375936921338,0.9767336,0.0025487104
1521.1389826140844,1521.1389826140844,0.98003376,0.0025462217
1521.14037153615,1521.14037153615,0.9776397,0.0025441817
1521.1417604581,1521.1417604581,0.9828166,0.0025465158
1521.1431493800499,1521.1431493800499,0.9802362,0.002547798
1521.144538302,1521.144538302,0.9801362,0.0025495396
1521.1459272240666,1521.1459272240666,0.98067343,0.0025693674
1521.1473161460165,1521.1473161460165,0.98017424,0.0025457607
1521.1487050679664,1521.1487050679664,0.9804781,0.0025490872
1521.1500939899163,1521.1500939899163,0.9789583,0.002545773
1521.151482911867,1521.151482911867,0.97927827,0.002558154
1521.1528718339334,1521.1528718339334,0.97895604,0.0025466816
1521.154260755883,1521.154260755883,0.9818577,0.0025507081
1521.155649677832,1521.155649677832,0.9748191,0.0025459162
1521.1570385997827,1521.1570385997827,0.9774063,0.0025443328
1521.1584275217333,1521.1584275217333,0.9791641,0.0025471526
1521.1598164436825,1521.1598164436825,0.97965145,0.0025451717
1521.161205365632,1521.161205365632,0.98115486,0.0025496755
1521.162594287582,1521.162594287582,0.97726727,0.0025452492
1521.1639832095327,1521.1639832095327,0.9766955,0.002545891
1521.1653721314826,1521.1653721314826,0.97828573,0.002547758
1521.1667610534325,1521.1667610534325,0.9757389,0.0025457968
1521.1681499753824,1521.1681499753824,0.977873,0.0025476497
1521.1695388973324,1521.1695388973324,0.97661984,0.0025458054
1521.1709278192823,1521.1709278192823,0.9781694,0.0025465142
1521.1723167412324,1521.1723167412324,0.9785888,0.0025454424
1521.1737056631825,1521.1737056631825,0.9790918,0.0025486823
1521.1750945851315,1521.1750945851315,0.97771174,0.0025441258
1521.1764835070824,1521.1764835070824,0.97858304,0.0025467032
1521.1778724290332,1521.1778724290332,0.9795872,0.0025444403
1521.1792613509822,1521.1792613509822,0.97740054,0.0025442645
1521.1806502729316,1521.1806502729316,0.9784047,0.0025467032
1521.1820391948816,1521.1820391948816,0.9817084,0.0025525482
1521.1834281168324,1521.1834281168324,0.9802322,0.0025473149
1521.1848170387823,1521.1848170387823,0.97676826,0.002547374
1521.1862059606158,1521.1862059606158,0.9744502,0.0025456937
1521.1875948825657,1521.1875948825657,0.97743547,0.0025447938
1521.1889838045151,1521.1889838045151,0.978791,0.0025479426
1521.190372726465,1521.190372726465,0.9799604,0.002549201
1521.1917616484159,1521.1917616484159,0.9814803,0.0025551217
1521.1931505702494,1521.1931505702494,0.9792966,0.002550681
1521.1945394921984,1521.1945394921984,0.9834068,0.002548128
1521.1959284141485,1521.1959284141485,0.9792753,0.0025447886
1521.197317336099,1521.197317336099,0.9797341,0.0025474266
1521.1987062579326,1521.1987062579326,0.98352695,0.0025489843
1521.200095179882,1521.200095179882,0.98248786,0.0025499796
1521.201484101832,1521.201484101832,0.979468,0.0025489838
1521.2028730237828,1521.2028730237828,0.9791957,0.0025441265
1521.2042619456163,1521.2042619456163,0.97917247,0.002551371
1521.2056508675655,1521.2056508675655,0.9794447,0.0025457467
1521.2070397895156,1521.2070397895156,0.9802608,0.002544406
1521.2084287113491,1521.2084287113491,0.9787407,0.0025462233
1521.209817633299,1521.209817633299,0.9821245,0.0025466008
1521.2112065552499,1521.2112065552499,0.98238033,0.00254498
1521.2125954770834,1521.2125954770834,0.9781111,0.0025470818
1521.2139843990326,1521.2139843990326,0.98077995,0.0025478934
1521.2153733208663,1521.2153733208663,0.9793301,0.0025484983
1521.2167622428167,1521.2167622428167,0.9807789,0.0025496273
1521.2181511646502,1521.2181511646502,0.98100895,0.0025444264
1521.2195400865996,1521.2195400865996,0.9761732,0.002542657
1521.2209290085495,1521.2209290085495,0.981686,0.0025648715
1521.222317930384,1521.222317930384,0.9815154,0.0025496944
1521.2237068523339,1521.2237068523339,0.9825326,0.0025478692
1521.225095774167,1521.225095774167,0.98219466,0.0025462017
1521.2264846961168,1521.2264846961168,0.980109,0.0025444548
1521.2278736179503,1521.2278736179503,0.97939086,0.0025526993
1521.2292625397838,1521.2292625397838,0.9812058,0.002547383
1521.2306514617337,1521.2306514617337,0.97983694,0.002552787
1521.2320403835672,1521.2320403835672,0.9821371,0.002547127
1521.2334293055173,1521.2334293055173,0.9833165,0.0025462455
1521.234818227351,1521.234818227351,0.98303455,0.0025487002
1521.2362071493014,1521.2362071493014,0.98353434,0.0025479614
1521.2375960711352,1521.2375960711352,0.9809386,0.0025471551
1521.238984992968,1521.238984992968,0.9793721,0.0025465214
1521.2403739149174,1521.2403739149174,0.977831,0.0025458573
1521.2417628367516,1521.2417628367516,0.97999084,0.0025445833
1521.2431517585858,1521.2431517585858,0.98338914,0.0025485351
1521.2445406805352,1521.2445406805352,0.98118645,0.0025523845
1521.2459296023687,1521.2459296023687,0.9823014,0.0025492748
1521.2473185242022,1521.2473185242022,0.9797919,0.0025454927
1521.2487074461521,1521.2487074461521,0.98011523,0.0025486236
1521.2500963679856,1521.2500963679856,0.9817524,0.0025492066
1521.2514852898194,1521.2514852898194,0.9817044,0.0025477707
1521.252874211653,1521.252874211653,0.97895664,0.002547838
1521.2542631334866,1521.2542631334866,0.9814182,0.002546593
1521.255652055437,1521.255652055437,0.98356766,0.0025453612
1521.2570409772707,1521.2570409772707,0.9793039,0.0025474024
1521.2584298991035,1521.2584298991035,0.9834825,0.0025531375
1521.2598188209365,1521.2598188209365,0.97972035,0.0025470995
1521.2612077427707,1521.2612077427707,0.98285794,0.0025552139
1521.2625966647213,1521.2625966647213,0.98209727,0.002545384
1521.2639855865543,1521.2639855865543,0.983807,0.0025576728
1521.265374508387,1521.265374508387,0.97880024,0.002547224
1521.2667634302206,1521.2667634302206,0.98364407,0.0025486732
1521.2681523520548,1521.2681523520548,0.9820561,0.0025516688
1521.2695412738883,1521.2695412738883,0.97778994,0.0025434764
1521.270930195722,1521.270930195722,0.9776687,0.0025497652
1521.2723191175558,1521.2723191175558,0.98566335,0.0025509694
1521.2737080393892,1521.2737080393892,0.9846024,0.0025473498
1521.2750969612227,1521.2750969612227,0.98190063,0.0025560968
1521.2764858830562,1521.2764858830562,0.980663,0.0025565627
1521.2778748048897,1521.2778748048897,0.98155034,0.0025482217
1521.2792637267228,1521.2792637267228,0.98689187,0.002552485
1521.280652648557,1521.280652648557,0.98302674,0.0025499589
1521.2820415703911,1521.2820415703911,0.98266524,0.0025533128
1521.2834304922242,1521.2834304922242,0.979919,0.002550593
1521.284819414057,1521.284819414057,0.97997457,0.002547509
1521.2862083358907,1521.2862083358907,0.97965866,0.0025435425
1521.2875972577247,1521.2875972577247,0.98452604,0.0025499163
1521.2889861795584,1521.2889861795584,0.9837114,0.002553883
1521.290375101392,1521.290375101392,0.98277265,0.0025514897
1521.2917640232256,1521.2917640232256,0.98274183,0.002554413
1521.293152945059,1521.293152945059,0.98716503,0.0025520562
1521.2945418668926,1521.2945418668926,0.9834289,0.0025502534
1521.2959307886097,1521.2959307886097,0.98336476,0.0025475728
1521.2973197104432,1521.2973197104432,0.9832383,0.0025464213
1521.2987086322762,1521.2987086322762,0.98572767,0.0025567017
1521.3000975541097,1521.3000975541097,0.9842793,0.002559487
1521.301486475944,1521.301486475944,0.9819041,0.0025451288
1521.3028753976612,1521.3028753976612,0.98412573,0.0025507784
1521.304264319494,1521.304264319494,0.9873799,0.0025493023
1521.3056532413277,1521.3056532413277,0.98542666,0.002546075
1521.3070421631617,1521.3070421631617,0.9857072,0.0025581028
1521.308431084879,1521.308431084879,0.985021,0.0025454978
1521.3098200067118,1521.3098200067118,0.98353225,0.0025500252
1521.3112089285453,1521.3112089285453,0.9849847,0.0025477873
1521.3125978503797,1521.3125978503797,0.9849714,0.0025576057
1521.3139867720968,1521.3139867720968,0.986219,0.002552158
1521.3153756939303,1521.3153756939303,0.986948,0.0025524388
1521.3167646157638,1521.3167646157638,0.985537,0.002548137
1521.3181535374804,1521.3181535374804,0.98334664,0.0025535359
1521.3195424593139,1521.3195424593139,0.9876657,0.0025513263
1521.3209313811483,1521.3209313811483,0.98592186,0.002553557
1521.3223203028654,1521.3223203028654,0.9844869,0.0025512152
1521.3237092246984,1521.3237092246984,0.98833585,0.0025568502
1521.3250981464146,1521.3250981464146,0.9873678,0.0025480904
1521.326487068249,1521.326487068249,0.98942995,0.0025506127
1521.327875989967,1521.327875989967,0.98537105,0.0025630563
1521.3292649117996,1521.3292649117996,0.987648,0.0025501521
1521.3306538335166,1521.3306538335166,0.9850682,0.002549749
1521.332042755351,1521.332042755351,0.98574454,0.002548352
1521.3334316770681,1521.3334316770681,0.98587394,0.0025507752
1521.3348205989012,1521.3348205989012,0.98920786,0.0025525936
1521.3362095206182,1521.3362095206182,0.9845944,0.00255842
1521.3375984424517,1521.3375984424517,0.98866713,0.0025502504
1521.3389873641688,1521.3389873641688,0.98784834,0.0025499992
1521.3403762860032,1521.3403762860032,0.9834634,0.0025490285
1521.3417652077203,1521.3417652077203,0.98730236,0.0025565238
1521.3431541295533,1521.3431541295533,0.9910498,0.0025505824
1521.3445430512695,1521.3445430512695,0.9876744,0.0025654298
1521.3459319729875,1521.3459319729875,0.9856209,0.0025513426
1521.347320894822,1521.347320894822,0.98427844,0.0025646621
1521.348709816538,1521.348709816538,0.98643786,0.0025538902
1521.3500987383718,1521.3500987383718,0.98528385,0.002547218
1521.3514876600896,1521.3514876600896,0.98909545,0.0025540213
1521.3528765818066,1521.3528765818066,0.9842167,0.0025475882
1521.3542655035233,1521.3542655035233,0.9857443,0.002548984
1521.3556544253568,1521.3556544253568,0.9890357,0.002550231
1521.3570433470738,1521.3570433470738,0.9881165,0.0025515428
1521.358432268791,1521.358432268791,0.98995453,0.0025516213
1521.3598211906246,1521.3598211906246,0.9913613,0.0025508073
1521.361210112342,1521.361210112342,0.99141765,0.0025524653
1521.362599034059,1521.362599034059,0.99273,0.002561467
1521.3639879557752,1521.3639879557752,0.9879391,0.0025529678
1521.3653768774932,1521.3653768774932,0.99323714,0.0025526749
1521.3667657993276,1521.3667657993276,0.9902236,0.0025554847
1521.3681547210438,1521.3681547210438,0.98880965,0.002553238
1521.3695436427604,1521.3695436427604,0.9922241,0.0025527538
1521.3709325644784,1521.3709325644784,0.98988414,0.0025537217
1521.372321486196,1521.372321486196,0.9892895,0.0025512264
1521.3737104079125,1521.3737104079125,0.991269,0.0025561608
1521.375099329746,1521.375099329746,0.9934321,0.0025518648
1521.3764882514631,1521.3764882514631,0.9884993,0.0025568102
1521.3778771731802,1521.3778771731802,0.9879802,0.0025505358
1521.3792660948975,1521.3792660948975,0.98911333,0.002554236
1521.3806550166148,1521.3806550166148,0.98887116,0.002551529
1521.382043938332,1521.382043938332,0.99199617,0.0025523328
1521.3834328600483,1521.3834328600483,0.9893635,0.0025533345
1521.384821781766,1521.384821781766,0.9921779,0.0025540337
1521.386210703484,1521.386210703484,0.99026465,0.0025511105
1521.3875996252004,1521.3875996252004,0.9906082,0.0025563021
1521.3889885469168,1521.3889885469168,0.9913365,0.0025524069
1521.3903774686348,1521.3903774686348,0.99174404,0.0025540483
1521.3917663903524,1521.3917663903524,0.9915275,0.0025552842
1521.393155312069,1521.393155312069,0.9917458,0.0025523063
1521.3945442337856,1521.3945442337856,0.9940915,0.002553231
1521.3959331555027,1521.3959331555027,0.99073917,0.0025625788
1521.3973220772205,1521.3973220772205,0.9866492,0.0025522173
1521.3987109989378,1521.3987109989378,0.99171215,0.0025528772
1521.4000999205384,1521.4000999205384,0.99265254,0.0025523554
1521.4014888422555,1521.4014888422555,0.9915329,0.0025564774
1521.4028777639721,1521.4028777639721,0.9933008,0.0025541787
1521.4042666856892,1521.4042666856892,0.9943649,0.0025563436
1521.4056556074067,1521.4056556074067,0.9945532,0.0025515906
1521.407044529124,1521.407044529124,0.9902322,0.0025560702
1521.4084334508404,1521.4084334508404,0.994496,0.0025574255
1521.409822372442,1521.409822372442,0.9955232,0.0025539163
1521.4112112941598,1521.4112112941598,0.99288154,0.002553214
1521.4126002158762,1521.4126002158762,0.9941721,0.0025514802
1521.4139891375928,1521.4139891375928,0.9934737,0.0025540616
1521.4153780591935,1521.4153780591935,0.994662,0.0025537245
1521.4167669809112,1521.4167669809112,0.993072,0.0025529785
1521.4181559026285,1521.4181559026285,0.99422437,0.0025552728
1521.4195448243447,1521.4195448243447,0.99539363,0.0025572288
1521.4209337459456,1521.4209337459456,0.99274457,0.0025517733
1521.422322667663,1521.422322667663,0.9937681,0.0025599424
1521.42371158938,1521.42371158938,0.9932731,0.0025512143
1521.4251005109813,1521.4251005109813,0.9945703,0.0025536173
1521.4264894326986,1521.4264894326986,0.9926149,0.0025538683
1521.4278783544148,1521.4278783544148,0.9924531,0.0025533654
1521.4292672760155,1521.4292672760155,0.9996123,0.002553553
1521.4306561977335,1521.4306561977335,0.9953573,0.002554962
1521.4320451193341,1521.4320451193341,0.9955447,0.002568945
1521.4334340410508,1521.4334340410508,0.99672854,0.0025533382
1521.4348229626514,1521.4348229626514,0.9939207,0.0025517598
1521.4362118843694,1521.4362118843694,0.9916958,0.0025552132
1521.4376008060865,1521.4376008060865,0.9978869,0.0025577154
1521.4389897276862,1521.4389897276862,0.993263,0.0025547952
1521.4403786494036,1521.4403786494036,0.9972441,0.0025548178
1521.4417675710044,1521.4417675710044,0.996579,0.002553475
1521.4431564927215,1521.4431564927215,0.99584645,0.002553422
1521.4445454143229,1521.4445454143229,0.99568063,0.0025558863
1521.4459343360402,1521.4459343360402,0.99745965,0.002553514
1521.44732325764,1521.44732325764,0.9972818,0.002565097
1521.4487121792408,1521.4487121792408,0.9960097,0.0025568625
1521.4501011009586,1521.4501011009586,0.9951066,0.0025558062
1521.4514900225593,1521.4514900225593,0.993682,0.0025539815
1521.4528789442759,1521.4528789442759,0.99581,0.0025549668
1521.4542678658759,1521.4542678658759,0.99598145,0.002553124
1521.4556567874772,1521.4556567874772,0.9958328,0.0025554483
1521.4570457091952,1521.4570457091952,0.99664575,0.0025561491
1521.4584346307952,1521.4584346307952,0.99840665,0.0025555824
1521.459823552396,1521.459823552396,0.9992739,0.002553062
1521.4612124741132,1521.4612124741132,0.99736863,0.0025569736
1521.4626013957138,1521.4626013957138,0.99829036,0.0025592565
1521.4639903173145,1521.4639903173145,1.0002072,0.0025648887
1521.4653792390316,1521.4653792390316,1.0000645,0.002557911
1521.4667681606322,1521.4667681606322,0.9976098,0.002563786
1521.4681570822331,1521.4681570822331,0.9994615,0.002553532
1521.4695460038345,1521.4695460038345,1.0004815,0.0025662105
1521.4709349255515,1521.4709349255515,0.9961778,0.0025568244
1521.4723238471518,1521.4723238471518,1.0023665,0.0025654552
1521.473712768752,1521.473712768752,0.9993644,0.0025710573
1521.475101690353,1521.475101690353,1.0006244,0.0025610721
1521.4764906119547,1521.4764906119547,0.9985033,0.0025571615
1521.4778795336713,1521.4778795336713,1.0004951,0.002559493
1521.479268455271,1521.479268455271,0.9995538,0.0025587957
1521.4806573768717,1521.4806573768717,0.99937725,0.0025589834
1521.4820462984733,1521.4820462984733,0.99786496,0.0025564444
1521.483435220074,1521.483435220074,0.9990824,0.0025576313
1521.4848241416746,1521.4848241416746,1.002054,0.0025586348
1521.4862130632755,1521.4862130632755,1.0023786,0.0025542853
1521.4876019848764,1521.4876019848764,1.0029099,0.0025569925
1521.488990906477,1521.488990906477,1.0023481,0.002559753
1521.4903798280777,1521.4903798280777,0.9993751,0.002560872
1521.4917687496784,1521.4917687496784,1.0012531,0.0025563138
1521.4931576712786,1521.4931576712786,1.0019802,0.0025587566
1521.4945465928797,1521.4945465928797,1.0008206,0.0025575468
1521.4959355144813,1521.4959355144813,1.0012856,0.002557652
1521.4973244360815,1521.4973244360815,1.0015856,0.002554442
1521.4987133576813,1521.4987133576813,1.00134,0.0025546614
1521.5001022792821,1521.5001022792821,0.9993867,0.0025668242
1521.5014912008835,1521.5014912008835,1.0010792,0.002557305
1521.5028801224842,1521.5028801224842,1.001463,0.0025575843
1521.5042690440844,1521.5042690440844,1.0045513,0.0025599473
1521.505657965685,1521.505657965685,1.0024407,0.00255646
1521.5070468872866,1521.5070468872866,1.0029421,0.0025593932
1521.5084358088873,1521.5084358088873,1.0038276,0.0025645504
1521.509824730488,1521.509824730488,1.0047259,0.0025570346
1521.5112136520886,1521.5112136520886,1.001641,0.002557331
1521.5126025735724,1521.5126025735724,1.005398,0.002575433
1521.513991495173,1521.513991495173,1.0066322,0.0025606393
1521.5153804167744,1521.5153804167744,1.0036132,0.002557599
1521.5167693383753,1521.5167693383753,1.0022581,0.002557231
1521.518158259975,1521.518158259975,1.0022805,0.002556112
1521.5195471814595,1521.5195471814595,1.0020864,0.0025585738
1521.5209361030609,1521.5209361030609,0.9999376,0.0025554812
1521.5223250246615,1521.5223250246615,1.0037998,0.002556913
1521.5237139462618,1521.5237139462618,1.0048317,0.0025597638
1521.525102867746,1521.525102867746,1.0073112,0.0025597692
1521.5264917893476,1521.5264917893476,1.0048472,0.00255618
1521.5278807109482,1521.5278807109482,1.0025269,0.002560175
1521.5292696324325,1521.5292696324325,1.0014074,0.0025618467
1521.5306585540332,1521.5306585540332,1.0053501,0.002560994
1521.5320474756334,1521.5320474756334,1.0059968,0.0025590786
1521.5334363971176,1521.5334363971176,1.0050594,0.002557579
1521.5348253187192,1521.5348253187192,1.0060582,0.0025719302
1521.5362142403199,1521.5362142403199,1.0069779,0.0025619832
1521.5376031618032,1521.5376031618032,1.0005087,0.0025623522
1521.5389920834034,1521.5389920834034,1.0075265,0.002558306
1521.5403810048886,1521.5403810048886,1.0079111,0.0025595555
1521.5417699264897,1521.5417699264897,1.0031139,0.0025578933
1521.54315884809,1521.54315884809,1.0053191,0.0025581932
1521.5445477695741,1521.5445477695741,1.0024358,0.002561366
1521.5459366911757,1521.5459366911757,1.0065783,0.002560918
1521.54732561266,1521.54732561266,1.005468,0.0025629662
1521.5487145342602,1521.5487145342602,1.0039784,0.0025573447
1521.5501034557444,1521.5501034557444,1.0060197,0.0025651236
1521.551492377345,1521.551492377345,1.0030063,0.002558827
1521.5528812988293,1521.5528812988293,1.0046115,0.002560233
1521.554270220431,1521.554270220431,1.0060083,0.0025614256
1521.5556591419152,1521.5556591419152,1.0058278,0.0025662214
1521.5570480633987,1521.5570480633987,1.0053282,0.0025580153
1521.5584369849987,1521.5584369849987,1.0041426,0.002560728
1521.5598259064839,1521.5598259064839,1.0055448,0.0025581685
1521.5612148280852,1521.5612148280852,1.0077738,0.002557065
1521.5626037495688,1521.5626037495688,1.0040915,0.0025559373
1521.5639926710526,1521.5639926710526,1.0049515,0.0025580402
1521.5653815926537,1521.5653815926537,1.0110147,0.002564703
1521.5667705141389,1521.5667705141389,1.0042119,0.0025584628
1521.5681594356226,1521.5681594356226,1.006588,0.0025677802
1521.5695483572233,1521.5695483572233,1.0043427,0.002558182
1521.5709372787076,1521.5709372787076,1.0074294,0.002558713
1521.5723262001918,1521.5723262001918,1.0095254,0.0025642598
1521.573715121676,1521.573715121676,1.0063164,0.0025608717
1521.575104043277,1521.575104043277,1.0078541,0.0025614833
1521.5764929647614,1521.5764929647614,1.0080007,0.0025597038
1521.5778818862448,1521.5778818862448,1.0084265,0.0025599627
1521.57927080773,1521.57927080773,1.0152193,0.0025625995
1521.5806597293313,1521.5806597293313,1.0128995,0.0025609639
1521.5820486508148,1521.5820486508148,1.0057564,0.0025584146
1521.5834375722986,1521.5834375722986,1.0088911,0.0025603974
1521.5848264937836,1521.5848264937836,1.011123,0.002560745
1521.5862154152685,1521.5862154152685,1.0079428,0.002559752
1521.5876043367523,1521.5876043367523,1.0100094,0.0025689502
1521.588993258352,1521.588993258352,1.0143392,0.0025632957
1521.5903821798365,1521.5903821798365,1.0092722,0.0025575862
1521.5917711013215,1521.5917711013215,1.0113487,0.002569966
1521.5931600228057,1521.5931600228057,1.0105716,0.0025630947
1521.5945489442902,1521.5945489442902,1.009075,0.0025620311
1521.5959378657747,1521.5959378657747,1.0097506,0.0025600754
1521.597326787258,1521.597326787258,1.0093019,0.002574946
1521.5987157087425,1521.5987157087425,1.0106283,0.0025607266
1521.6001046302274,1521.6001046302274,1.0099632,0.0025579196
1521.6014935517117,1521.6014935517117,1.0104462,0.0025596016
1521.6028824731955,1521.6028824731955,1.0076168,0.0025678186
1521.6042713946804,1521.6042713946804,1.0101929,0.0025630665
1521.6056603161653,1521.6056603161653,1.0105418,0.0025600423
1521.607049237649,1521.607049237649,1.0095155,0.0025597895
1521.6084381591327,1521.6084381591327,1.0103666,0.0025638891
1521.6098270806172,1521.6098270806172,1.0081161,0.0025632868
1521.6112160021019,1521.6112160021019,1.0112368,0.0025625145
1521.612604923586,1521.612604923586,1.0121115,0.0025765148
1521.6139938449542,1521.6139938449542,1.009232,0.002563494
1521.6153827664386,1521.6153827664386,1.0109009,0.0025665378
1521.616771687922,1521.616771687922,1.0073017,0.0025647304
1521.6181606094065,1521.6181606094065,1.0085039,0.0025757803
1521.6195495308914,1521.6195495308914,1.0126069,0.0025635965
1521.6209384523756,1521.6209384523756,1.0102353,0.0025610754
1521.6223273738594,1521.6223273738594,1.0098085,0.0025594512
1521.6237162952273,1521.6237162952273,1.0115927,0.002561041
1521.6251052167124,1521.6251052167124,1.0114655,0.0025639303
1521.6264941381967,1521.6264941381967,1.0075359,0.0025627923
1521.6278830596802,1521.6278830596802,1.008084,0.0025631355
1521.6292719810483,1521.6292719810483,1.0121713,0.0025647774
1521.630660902533,1521.630660902533,1.010216,0.0025600593
1521.6320498240175,1521.6320498240175,1.0112832,0.0025632547
1521.633438745501,1521.633438745501,1.0081213,0.0025579506
1521.634827666869,1521.634827666869,1.0129015,0.0025649457
1521.6362165883531,1521.6362165883531,1.011226,0.0025655238
1521.6376055098376,1521.6376055098376,1.0113038,0.0025624419
1521.6389944312061,1521.6389944312061,1.0096241,0.002569372
1521.6403833526904,1521.6403833526904,1.0091116,0.0025651543
1521.6417722740578,1521.6417722740578,1.0084355,0.0025582106
1521.643161195542,1521.643161195542,1.0088753,0.0025603173
1521.6445501170272,1521.6445501170272,1.01288,0.0025626854
1521.645939038395,1521.645939038395,1.0092553,0.0025615327
1521.6473279598788,1521.6473279598788,1.0096483,0.0025613005
1521.6487168812457,1521.6487168812457,1.0109568,0.002561479
1521.6501058027309,1521.6501058027309,1.0126247,0.0025629778
1521.6514947240996,1521.6514947240996,1.0100708,0.002560148
1521.652883645583,1521.652883645583,1.0105714,0.0025623986
1521.6542725670672,1521.6542725670672,1.0108237,0.0025632293
1521.6556614884353,1521.6556614884353,1.0142186,0.0025627236
1521.6570504098033,1521.6570504098033,1.0127125,0.0025710687
1521.6584393312876,1521.6584393312876,1.0139427,0.00257203
1521.6598282526554,1521.6598282526554,1.0111899,0.0025600207
1521.6612171741397,1521.6612171741397,1.0134742,0.0025641243
1521.6626060955075,1521.6626060955075,1.0092777,0.0025590237
1521.6639950169927,1521.6639950169927,1.0140349,0.0025686221
1521.6653839383605,1521.6653839383605,1.0114245,0.0025602344
1521.6667728597279,1521.6667728597279,1.0077586,0.0025568318
1521.6681617812112,1521.6681617812112,1.0095279,0.0025613443
1521.66955070258,1521.66955070258,1.0127484,0.0025621338
1521.670939624065,1521.670939624065,1.0137888,0.0025631732
1521.672328545432,1521.672328545432,1.0130891,0.0025617532
1521.6737174667994,1521.6737174667994,1.0114584,0.0025633078
1521.6751063882837,1521.6751063882837,1.0104285,0.0025705444
1521.6764953096524,1521.6764953096524,1.0105187,0.002563148
1521.6778842310202,1521.6778842310202,1.0138959,0.0025769563
1521.679273152388,1521.679273152388,1.0131863,0.002562832
1521.6806620738723,1521.6806620738723,1.0189403,0.002565038
1521.6820509952402,1521.6820509952402,1.0127785,0.0025643976
1521.6834399166082,1521.6834399166082,1.0120344,0.002572635
1521.6848288379763,1521.6848288379763,1.0124369,0.0025598926
1521.6862177594605,1521.6862177594605,1.0105623,0.0025611294
1521.6876066808275,1521.6876066808275,1.0127643,0.0025690682
1521.6889956021962,1521.6889956021962,1.0124072,0.0025616102
1521.690384523565,1521.690384523565,1.0136495,0.0025781994
1521.6917734449319,1521.6917734449319,1.0145022,0.002569075
1521.6931623662992,1521.6931623662992,1.0116496,0.0025615052
1521.6945512877835,1521.6945512877835,1.0129372,0.0025607266
1521.6959402091522,1521.6959402091522,1.0171009,0.0025636374
1521.69732913052,1521.69732913052,1.0130426,0.0025632277
1521.6987180518875,1521.6987180518875,1.0157285,0.002564844
1521.7001069732553,1521.7001069732553,1.0138104,0.0025637178
1521.7014958946236,1521.7014958946236,1.0133566,0.0025625061
1521.7028848159916,1521.7028848159916,1.0159612,0.0025675585
1521.7042737373597,1521.7042737373597,1.0128639,0.0025744198
1521.7056626587275,1521.7056626587275,1.016808,0.0025651632
1521.7070515800947,1521.7070515800947,1.0167174,0.0025612179
1521.7084405014627,1521.7084405014627,1.013703,0.0025672724
1521.709829422831,1521.709829422831,1.0159268,0.0025635278
1521.7112183441989,1521.7112183441989,1.0178379,0.0025662882
1521.7126072655662,1521.7126072655662,1.0158948,0.0025634724
1521.713996186934,1521.713996186934,1.01412,0.0025627674
1521.7153851083028,1521.7153851083028,1.0142024,0.0025666652
1521.7167740296707,1521.7167740296707,1.0124391,0.0025703267
1521.718162951038,1521.718162951038,1.0128576,0.002564797
1521.7195518724059,1521.7195518724059,1.0126188,0.002567065
1521.720940793658,1521.720940793658,1.0153568,0.0025617003
1521.722329715026,1521.722329715026,1.0160639,0.0025622551
1521.723718636393,1521.723718636393,1.0171092,0.002569996
1521.7251075577608,1521.7251075577608,1.0151297,0.0025611648
1521.7264964791289,1521.7264964791289,1.0160449,0.0025635432
1521.727885400497,1521.727885400497,1.0142119,0.0025634607
1521.7292743217488,1521.7292743217488,1.0136825,0.0025635315
1521.7306632431169,1521.7306632431169,1.0157152,0.002574032
1521.732052164484,1521.732052164484,1.0140069,0.0025704906
1521.7334410858514,1521.7334410858514,1.0168083,0.0025638957
1521.7348300071035,1521.7348300071035,1.0146753,0.0025660053
1521.736218928472,1521.736218928472,1.0158343,0.0025726568
1521.7376078498394,1521.7376078498394,1.0173779,0.002571083
1521.7389967712072,1521.7389967712072,1.0169235,0.0025643029
1521.7403856924593,1521.7403856924593,1.0151231,0.002564077
1521.7417746138274,1521.7417746138274,1.0166965,0.0025690517
1521.7431635351943,1521.7431635351943,1.0128932,0.0025654775
1521.744552456446,1521.744552456446,1.0174623,0.0025651944
1521.745941377814,1521.745941377814,1.0162796,0.0025683132
1521.7473302991818,1521.7473302991818,1.0188706,0.0025705695
1521.7487192204333,1521.7487192204333,1.0162661,0.0025635627
1521.750108141801,1521.750108141801,1.0183492,0.0025690007
1521.7514970630525,1521.7514970630525,1.0152591,0.0025642584
1521.75288598442,1521.75288598442,1.0153809,0.0025734827
1521.754274905672,1521.754274905672,1.0155369,0.002576583
1521.7556638270405,1521.7556638270405,1.0179464,0.002565958
1521.757052748408,1521.757052748408,1.014661,0.0025643103
1521.7584416696584,1521.7584416696584,1.0158159,0.002564133
1521.7598305910271,1521.7598305910271,1.0161295,0.0025642219
1521.7612195122795,1521.7612195122795,1.0160139,0.0025724098
1521.7626084336464,1521.7626084336464,1.015481,0.0025657823
1521.763997354898,1521.763997354898,1.016068,0.0025647671
1521.7653862761497,1521.7653862761497,1.0182408,0.002567908
1521.7667751975175,1521.7667751975175,1.0161949,0.0025764075
1521.768164118769,1521.768164118769,1.0169966,0.0025658042
1521.7695530401368,1521.7695530401368,1.0145216,0.0025741598
1521.7709419613882,1521.7709419613882,1.0139793,0.00256109
1521.7723308827556,1521.7723308827556,1.0157353,0.0025672456
1521.7737198040077,1521.7737198040077,1.0173877,0.002574107
1521.7751087252598,1521.7751087252598,1.0156128,0.0025652486
1521.7764976466271,1521.7764976466271,1.0123788,0.0025626868
1521.7778865678779,1521.7778865678779,1.0144536,0.0025638677
1521.77927548913,1521.77927548913,1.0207294,0.0025678216
1521.7806644104987,1521.7806644104987,1.016539,0.0025699916
1521.7820533317495,1521.7820533317495,1.0147256,0.0025633005
1521.7834422530002,1521.7834422530002,1.0169625,0.0025633879
1521.7848311742516,1521.7848311742516,1.0170685,0.002561786
1521.7862200956204,1521.7862200956204,1.0154972,0.0025687085
1521.7876090168718,1521.7876090168718,1.0173031,0.0025641753
1521.7889979381232,1521.7889979381232,1.011434,0.0025633706
1521.7903868593746,1521.7903868593746,1.0162889,0.0025639911
1521.791775780742,1521.791775780742,1.0162146,0.002563519
1521.7931647019934,1521.7931647019934,1.0161026,0.0025640202
1521.7945536232457,1521.7945536232457,1.0153819,0.0025664011
1521.7959425444972,1521.7959425444972,1.013576,0.0025653997
1521.7973314657481,1521.7973314657481,1.0160828,0.0025662533
1521.798720387,1521.798720387,1.013173,0.0025636037
1521.8001093082523,1521.8001093082523,1.0175091,0.0025715958
1521.8014982296195,1521.8014982296195,1.0159771,0.0025652042
1521.8028871508702,1521.8028871508702,1.0132494,0.0025646554
1521.8042760721216,1521.8042760721216,1.0143725,0.0025634887
1521.805664993374,1521.805664993374,1.0172315,0.002563529
1521.8070539146254,1521.8070539146254,1.0179164,0.002562592
1521.8084428358763,1521.8084428358763,1.0141323,0.0025656743
1521.8098317571278,1521.8098317571278,1.0168046,0.0025703516
1521.8112206783792,1521.8112206783792,1.0167252,0.002567921
1521.8126095996306,1521.8126095996306,1.0143839,0.0025630046
1521.813998520883,1521.813998520883,1.0153987,0.0025748601
1521.8153874421344,1521.8153874421344,1.0184833,0.0025648614
1521.8167763633853,1521.8167763633853,1.0166115,0.0025638756
1521.8181652846367,1521.8181652846367,1.0169349,0.0025640908
1521.8195542058888,1521.8195542058888,1.0157552,0.0025642079
1521.8209431271405,1521.8209431271405,1.0138168,0.0025639823
1521.822332048391,1521.822332048391,1.01956,0.0025702491
1521.823720969526,1521.823720969526,1.0174283,0.0025657688
1521.8251098907783,1521.8251098907783,1.0166212,0.0025640596
1521.8264988120297,1521.8264988120297,1.0142275,0.0025672354
1521.8278877332807,1521.8278877332807,1.017525,0.0025738638
1521.8292766545321,1521.8292766545321,1.0174167,0.0025682538
1521.8306655757835,1521.8306655757835,1.0147462,0.0025668542
1521.832054497035,1521.832054497035,1.015516,0.002563583
1521.83344341817,1521.83344341817,1.0152045,0.002565553
1521.8348323394216,1521.8348323394216,1.0174395,0.0025644023
1521.8362212606733,1521.8362212606733,1.0145025,0.0025633094
1521.8376101819247,1521.8376101819247,1.0142099,0.0025638032
1521.8389991030604,1521.8389991030604,1.0105542,0.0025635518
1521.840388024312,1521.840388024312,1.0176208,0.0025645043
1521.8417769455625,1521.8417769455625,1.0166283,0.0025649385
1521.8431658668135,1521.8431658668135,1.0188543,0.002567309
1521.8445547879494,1521.8445547879494,1.016955,0.0025632917
1521.8459437092013,1521.8459437092013,1.0121754,0.0025618651
1521.8473326304522,1521.8473326304522,1.0134095,0.0025662135
1521.8487215515872,1521.8487215515872,1.018324,0.0025672163
1521.8501104728387,1521.8501104728387,1.0167944,0.0025613192
1521.85149939409,1521.85149939409,1.0166293,0.00257018
1521.8528883152253,1521.8528883152253,1.0131956,0.0025647476
1521.854277236477,1521.854277236477,1.0126963,0.0025680934
1521.855666157612,1521.855666157612,1.0176578,0.0025706915
1521.8570550788634,1521.8570550788634,1.0131958,0.0025630898
1521.8584440001148,1521.8584440001148,1.0182766,0.00256463
1521.8598329212498,1521.8598329212498,1.0177187,0.0025687413
1521.8612218425012,1521.8612218425012,1.0156933,0.0025640882
1521.8626107636358,1521.8626107636358,1.0122281,0.0025626482
1521.863999684888,1521.863999684888,1.0128148,0.00256318
1521.8653886060235,1521.8653886060235,1.0128115,0.002561184
1521.8667775272745,1521.8667775272745,1.0177135,0.002565218
1521.868166448409,1521.868166448409,1.013582,0.00256445
1521.8695553696605,1521.8695553696605,1.0160135,0.0025632305
1521.8709442907962,1521.8709442907962,1.0161064,0.0025646035
1521.8723332119314,1521.8723332119314,1.0151663,0.0025665334
1521.873722133182,1521.873722133182,1.0163236,0.0025674256
1521.875111054317,1521.875111054317,1.0139604,0.002562682
1521.8764999755692,1521.8764999755692,1.0157207,0.0025623806
1521.8778888967042,1521.8778888967042,1.0136738,0.0025661816
1521.8792778178392,1521.8792778178392,1.0156413,0.002566089
1521.8806667390909,1521.8806667390909,1.0155537,0.002562322
1521.8820556602252,1521.8820556602252,1.01718,0.002564348
1521.8834445813602,1521.8834445813602,1.0158873,0.0025662165
1521.8848335026125,1521.8848335026125,1.0177962,0.0025719681
1521.8862224237475,1521.8862224237475,1.0145764,0.0025665576
1521.887611344882,1521.887611344882,1.0120703,0.0025739076
1521.8890002661335,1521.8890002661335,1.0175663,0.0025662587
1521.8903891872692,1521.8903891872692,1.0166883,0.0025644472
1521.8917781084044,1521.8917781084044,1.0103358,0.0025717025
1521.8931670295385,1521.8931670295385,1.0128433,0.0025639366
1521.8945559506737,1521.8945559506737,1.012593,0.002564028
1521.8959448719258,1521.8959448719258,1.011709,0.002560442
1521.8973337930609,1521.8973337930609,1.0143384,0.0025620705
1521.8987227141954,1521.8987227141954,1.0145609,0.0025639366
1521.9001116353304,1521.9001116353304,1.016416,0.0025662803
1521.9015005564654,1521.9015005564654,1.0143994,0.0025656219
1521.9028894776004,1521.9028894776004,1.0157863,0.0025662167
1521.9042783988527,1521.9042783988527,1.013157,0.0025677371
1521.9056673199877,1521.9056673199877,1.0109344,0.002562015
1521.9070562411223,1521.9070562411223,1.0100634,0.0025590097
1521.9084451622564,1521.9084451622564,1.0172919,0.002562367
1521.9098340833923,1521.9098340833923,1.0125303,0.0025608807
1521.9112230045282,1521.9112230045282,1.0122224,0.0025628526
1521.9126119256623,1521.9126119256623,1.0125386,0.002563981
1521.9140008467975,1521.9140008467975,1.0156108,0.002560848
1521.9153897679332,1521.9153897679332,1.0137565,0.0025619613
1521.9167786890682,1521.9167786890682,1.0117565,0.002563334
1521.9181676102028,1521.9181676102028,1.0133686,0.0025683236
1521.9195565313378,1521.9195565313378,1.0139266,0.002564225
1521.9209454524728,1521.9209454524728,1.0142283,0.0025649364
1521.9223343736078,1521.9223343736078,1.0133661,0.0025780054
1521.923723294743,1521.923723294743,1.0121613,0.0025629874
1521.9251122158782,1521.9251122158782,1.0114468,0.0025621296
1521.9265011370132,1521.9265011370132,1.0113425,0.0025621625
1521.9278900581476,1521.9278900581476,1.013217,0.0025653467
1521.9292789792833,1521.9292789792833,1.0116537,0.0025627767
1521.9306679003028,1521.9306679003028,1.0136288,0.0025627983
1521.9320568214368,1521.9320568214368,1.0101312,0.0025689711
1521.9334457425714,1521.9334457425714,1.011424,0.002561451
1521.9348346637064,1521.9348346637064,1.0111418,0.002561106
1521.9362235848423,1521.9362235848423,1.0119098,0.0025623927
1521.9376125059773,1521.9376125059773,1.011428,0.002558643
1521.939001426996,1521.939001426996,1.016291,0.0025809242
1521.940390348131,1521.940390348131,1.0121107,0.0025658065
1521.9417792692661,1521.9417792692661,1.0126045,0.0025628442
1521.9431681904014,1521.9431681904014,1.0084383,0.0025595762
1521.94455711142,1521.94455711142,1.0129982,0.002564207
1521.945946032555,1521.945946032555,1.0135112,0.0025742294
1521.9473349536893,1521.9473349536893,1.0130621,0.002561971
1521.948723874708,1521.948723874708,1.0133526,0.0025623725
1521.9501127958436,1521.9501127958436,1.0148143,0.0025640246
1521.9515017169788,1521.9515017169788,1.0116509,0.0025629003
1521.9528906379967,1521.9528906379967,1.0101404,0.0025644337
1521.9542795591317,1521.9542795591317,1.0120474,0.002563757
1521.9556684802676,1521.9556684802676,1.0125093,0.0025671879
1521.9570574012862,1521.9570574012862,1.0118723,0.0025669194
1521.9584463224207,1521.9584463224207,1.0105851,0.002559753
1521.9598352435557,1521.9598352435557,1.0113274,0.002576752
1521.961224164575,1521.961224164575,1.010538,0.0025621662
1521.9626130857102,1521.9626130857102,1.0091141,0.0025619094
1521.9640020067288,1521.9640020067288,1.0102608,0.0025647173
1521.9653909278638,1521.9653909278638,1.0115105,0.0025616707
1521.966779848882,1521.966779848882,1.0084914,0.0025607904
1521.968168770017,1521.968168770017,1.0074314,0.002561255
1521.9695576910362,1521.9695576910362,1.0112151,0.0025614286
1521.9709466121715,1521.9709466121715,1.0091566,0.0025625455
1521.9723355331892,1521.9723355331892,1.0126216,0.002566192
1521.9737244543237,1521.9737244543237,1.0100514,0.002560554
1521.975113375343,1521.975113375343,1.0090975,0.0025602942
1521.9765022963622,1521.9765022963622,1.0143825,0.002561992
1521.9778912174968,1521.9778912174968,1.0111029,0.0025608889
1521.9792801385154,1521.9792801385154,1.0076088,0.0025618079
1521.9806690596513,1521.9806690596513,1.0104201,0.0025645057
1521.9820579806699,1521.9820579806699,1.0100939,0.0025715495
1521.9834469016876,1521.9834469016876,1.0109203,0.002561659
1521.9848358228228,1521.9848358228228,1.0118264,0.0025635567
1521.9862247438416,1521.9862247438416,1.0117674,0.0025614346
1521.9876136648602,1521.9876136648602,1.0085095,0.0025588998
1521.9890025859959,1521.9890025859959,1.0116242,0.0025603683
1521.9903915070147,1521.9903915070147,1.0090631,0.0025583094
1521.9917804280324,1521.9917804280324,1.0096886,0.0025649043
1521.993169349167,1521.993169349167,1.0122272,0.0025741463
1521.9945582701862,1521.9945582701862,1.0089982,0.0025625688
1521.9959471912055,1521.9959471912055,1.0105034,0.002562946
1521.9973361122236,1521.9973361122236,1.010521,0.0025599997
1521.9987250332415,1521.9987250332415,1.0110974,0.002561712
1522.0001139543772,1522.0001139543772,1.0087639,0.0025689737
1522.0015028753967,1522.0015028753967,1.0075146,0.0025568216
1522.0028917964146,1522.0028917964146,1.0085723,0.0025621585
1522.0042807174334,1522.0042807174334,1.0106936,0.0025652014
1522.005669638452,1522.005669638452,1.0067302,0.0025614656
1522.0070585594706,1522.0070585594706,1.0099801,0.002558806
1522.0084474806056,1522.0084474806056,1.0118494,0.0025631217
1522.0098364016242,1522.0098364016242,1.0076565,0.0025586728
1522.0112253226428,1522.0112253226428,1.0089567,0.0025597194
1522.012614243661,1522.012614243661,1.0089934,0.0025639324
1522.0140031646804,1522.0140031646804,1.0091721,0.0025591552
1522.0153920856994,1522.0153920856994,1.0063884,0.0025610593
1522.0167810067176,1522.0167810067176,1.0099862,0.0025628058
1522.0181699277357,1522.0181699277357,1.0102879,0.0025573883
1522.0195588487547,1522.0195588487547,1.009166,0.0025630933
1522.0209477697742,1522.0209477697742,1.0081726,0.002560289
1522.0223366907921,1522.0223366907921,1.0100055,0.002561829
1522.02372561181,1522.02372561181,1.0040984,0.002564199
1522.0251145328286,1522.0251145328286,1.0071884,0.0025611182
1522.0265034538481,1522.0265034538481,1.0053357,0.0025583257
1522.0278923748667,1522.0278923748667,1.006364,0.0025564993
1522.0292812958853,1522.0292812958853,1.0070385,0.002560173
1522.030670216904,1522.030670216904,1.0039499,0.0025604784
1522.0320591378056,1522.0320591378056,1.0124267,0.002568518
1522.0334480588242,1522.0334480588242,1.0032368,0.0025556886
1522.0348369798437,1522.0348369798437,1.007613,0.002558058
1522.0362259008623,1522.0362259008623,1.0063651,0.0025568325
1522.0376148218804,1522.0376148218804,1.0078149,0.0025612637
1522.039003742899,1522.039003742899,1.0080566,0.0025584747
1522.0403926638019,1522.0403926638019,1.005896,0.0025581592
1522.0417815848207,1522.0417815848207,1.004078,0.002554324
1522.0431705058384,1522.0431705058384,1.005746,0.002559153
1522.044559426857,1522.044559426857,1.0060424,0.0025592349
1522.0459483478764,1522.0459483478764,1.0012978,0.002559294
1522.0473372687786,1522.0473372687786,1.0058895,0.002561882
1522.0487261897968,1522.0487261897968,1.0053407,0.0025602356
1522.0501151108153,1522.0501151108153,1.0035744,0.0025592986
1522.0515040317175,1522.0515040317175,1.0059378,0.002560154
1522.052892952736,1522.052892952736,1.005051,0.0025572765
1522.0542818737556,1522.0542818737556,1.0050908,0.0025566355
1522.0556707946578,1522.0556707946578,1.0075415,0.0025614772
1522.057059715676,1522.057059715676,1.0033562,0.0025576958
1522.0584486366945,1522.0584486366945,1.0031797,0.0025595818
1522.0598375575973,1522.0598375575973,1.0027484,0.0025576449
1522.0612264786162,1522.0612264786162,1.0082214,0.002560331
1522.0626153996338,1522.0626153996338,1.0049001,0.0025576567
1522.0640043205356,1522.0640043205356,1.0040065,0.0025576781
1522.065393241555,1522.065393241555,1.000041,0.0025572164
1522.0667821624577,1522.0667821624577,1.0010251,0.0025603808
1522.0681710834758,1522.0681710834758,1.0027885,0.0025695576
1522.069560004378,1522.069560004378,1.0049498,0.0025564255
1522.0709489253966,1522.0709489253966,1.0036044,0.002557876
1522.0723378462988,1522.0723378462988,1.0024459,0.0025606293
1522.0737267673176,1522.0737267673176,1.0032812,0.0025582588
1522.07511568822,1522.07511568822,1.0028188,0.0025584053
1522.0765046092386,1522.0765046092386,1.0054667,0.0025592763
1522.0778935301407,1522.0778935301407,1.0023072,0.0025554192
1522.0792824511602,1522.0792824511602,1.0042057,0.002560926
1522.0806713720624,1522.0806713720624,1.0061527,0.0025680694
1522.0820602929637,1522.0820602929637,1.0059,0.0025565163
1522.0834492139818,1522.0834492139818,1.0030992,0.0025625941
1522.0848381348849,1522.0848381348849,1.0053614,0.0025584414
1522.0862270557875,1522.0862270557875,1.0034033,0.0025583815
1522.0876159768056,1522.0876159768056,1.0006139,0.0025565166
1522.0890048977074,1522.0890048977074,1.0020794,0.0025592523
1522.0903938186095,1522.0903938186095,1.0038756,0.002561114
1522.0917827396288,1522.0917827396288,1.0023825,0.0025565939
1522.0931716605312,1522.0931716605312,1.0023742,0.0025633269
1522.0945605814334,1522.0945605814334,1.0033259,0.0025595198
1522.095949502452,1522.095949502452,0.9986688,0.0025584737
1522.0973384233541,1522.0973384233541,1.0004555,0.0025689788
1522.0987273442563,1522.0987273442563,0.99812245,0.0025550094
1522.1001162651585,1522.1001162651585,1.0021849,0.0025572695
1522.1015051860609,1522.1015051860609,0.9987601,0.0025569545
1522.1028941070788,1522.1028941070788,1.0008776,0.0025566092
1522.1042830279819,1522.1042830279819,0.9988822,0.0025601743
1522.1056719488845,1522.1056719488845,1.0012962,0.0025575436
1522.1070608697862,1522.1070608697862,0.9994885,0.0025551466
1522.108449790688,1522.108449790688,1.0023681,0.0025541864
1522.10983871159,1522.10983871159,1.0029023,0.0025585543
1522.1112276326094,1522.1112276326094,1.0032337,0.0025585676
1522.1126165535118,1522.1126165535118,0.9970473,0.0025585731
1522.114005474413,1522.114005474413,0.9990974,0.002554843
1522.1153943953154,1522.1153943953154,0.9976161,0.002556604
1522.1167833162183,1522.1167833162183,0.9995274,0.0025531955
1522.1181722371205,1522.1181722371205,0.9996271,0.00255576
1522.1195611580226,1522.1195611580226,1.000439,0.0025575468
1522.120950078925,1522.120950078925,1.0024254,0.0025562157
1522.1223389998265,1522.1223389998265,0.99929035,0.0025587548
1522.1237279207287,1522.1237279207287,0.9972626,0.0025547862
1522.1251168416318,1522.1251168416318,1.0007052,0.002558745
1522.126505762534,1522.126505762534,0.9993997,0.0025548346
1522.1278946834357,1522.1278946834357,0.99806213,0.0025578511
1522.129283604337,1522.129283604337,0.9947969,0.0025548143
1522.13067252524,1522.13067252524,0.9961407,0.002553836
1522.132061446143,1522.132061446143,1.0017889,0.0025580141
1522.133450366928,1522.133450366928,0.9976027,0.0025536867
1522.1348392878303,1522.1348392878303,0.998962,0.0025570136
1522.1362282087332,1522.1362282087332,0.99949944,0.0025538325
1522.1376171296354,1522.1376171296354,0.99845374,0.0025592132
1522.139006050537,1522.139006050537,0.9981351,0.0025552588
1522.1403949714393,1522.1403949714393,0.99574643,0.0025668659
1522.1417838923414,1522.1417838923414,0.99727345,0.0025603417
1522.1431728131272,1522.1431728131272,1.0000956,0.0025569086
1522.1445617340303,1522.1445617340303,0.9971014,0.002554159
1522.1459506549324,1522.1459506549324,0.9950287,0.002564742
1522.1473395758342,1522.1473395758342,0.99796695,0.0025543422
1522.1487284966192,1522.1487284966192,0.9974331,0.0025576553
1522.150117417522,1522.150117417522,0.99791366,0.0025554786
1522.1515063384252,1522.1515063384252,0.9966834,0.0025583252
1522.1528952593264,1522.1528952593264,0.9961715,0.0025587287
1522.1542841801117,1522.1542841801117,1.0005944,0.0025644011
1522.1556731010148,1522.1556731010148,0.99797416,0.0025526963
1522.1570620219175,1522.1570620219175,0.99488854,0.002550734
1522.1584509427028,1522.1584509427028,0.99788564,0.0025566618
1522.159839863605,1522.159839863605,0.99678606,0.0025568057
1522.161228784507,1522.161228784507,0.99647856,0.0025575915
1522.162617705293,1522.162617705293,0.99628377,0.0025563042
1522.1640066261955,1522.1640066261955,0.99550986,0.0025541089
1522.1653955469812,1522.1653955469812,0.99405557,0.0025528825
1522.1667844678834,1522.1667844678834,0.99449563,0.0025565792
1522.1681733886685,1522.1681733886685,0.9986476,0.002556722
1522.1695623095713,1522.1695623095713,0.9972826,0.0025523908
1522.1709512304744,1522.1709512304744,0.9955841,0.0025629003
1522.1723401512595,1522.1723401512595,0.9969067,0.0025567205
1522.173729072161,1522.173729072161,0.99296534,0.002553841
1522.1751179929477,1522.1751179929477,0.9907295,0.0025532446
1522.1765069138505,1522.1765069138505,1.0004174,0.0025560919
1522.1778958346356,1522.1778958346356,1.0038378,0.00255876
1522.179284755421,1522.179284755421,1.0034013,0.0025581222
1522.180673676323,1522.180673676323,1.000344,0.0025549333
1522.1820625971095,1522.1820625971095,0.99966234,0.0025565191
1522.183451518012,1522.183451518012,0.9934915,0.0025568812
1522.1848404387977,1522.1848404387977,0.9982236,0.002556598
1522.1862293595834,1522.1862293595834,0.9975515,0.0025524125
1522.1876182804851,1522.1876182804851,0.99362683,0.002553791
1522.189007201271,1522.189007201271,0.9984055,0.0025548362
1522.1903961221738,1522.1903961221738,0.99567825,0.002553645
1522.1917850429597,1522.1917850429597,0.9930746,0.002561611
1522.1931739637446,1522.1931739637446,0.9952081,0.0025608786
1522.1945628845303,1522.1945628845303,0.9967961,0.0025644863
1522.1959518054334,1522.1959518054334,0.99871486,0.0025658652
1522.1973407262192,1522.1973407262192,0.99266165,0.002553554
1522.1987296470045,1522.1987296470045,0.9944228,0.0025557764
1522.2001185679067,1522.2001185679067,0.99607825,0.0025589645
1522.2015074886933,1522.2015074886933,0.99430263,0.0025527244
1522.202896409479,1522.202896409479,0.9973545,0.0025547363
1522.204285330264,1522.204285330264,0.99389714,0.0025531508
1522.20567425105,1522.20567425105,0.9932584,0.0025559824
1522.2070631719523,1522.2070631719523,0.9937847,0.0025559815
1522.208452092738,1522.208452092738,0.9938368,0.0025656896
1522.2098410135245,1522.2098410135245,0.99347955,0.002552841
1522.2112299343105,1522.2112299343105,0.9961495,0.0025538963
1522.2126188550953,1522.2126188550953,0.99294364,0.0025522655
1522.2140077758813,1522.2140077758813,0.9920659,0.002550429
1522.2153966966678,1522.2153966966678,0.9909023,0.002551705
1522.2167856174535,1522.2167856174535,0.9875209,0.0025527668
1522.2181745382388,1522.2181745382388,0.9942608,0.0025545456
1522.219563459024,1522.219563459024,0.9956686,0.0025563277
1522.2209523799268,1522.2209523799268,0.99429333,0.0025553983
1522.2223413007134,1522.2223413007134,0.98941696,0.002552829
1522.2237302214985,1522.2237302214985,0.9915984,0.002549378
1522.2251191422845,1522.2251191422845,0.99309516,0.0025546532
1522.2265080630702,1522.2265080630702,0.9916403,0.0025494783
1522.227896983856,1522.227896983856,0.9908849,0.0025515847
1522.2292859045253,1522.2292859045253,0.99197227,0.0025666694
1522.230674825311,1522.230674825311,0.99090666,0.002556954
1522.2320637460969,1522.2320637460969,0.9904921,0.0025514215
1522.2334526668828,1522.2334526668828,0.99131006,0.0025569615
1522.2348415876693,1522.2348415876693,0.99198043,0.0025515072
1522.236230508455,1522.236230508455,0.99217397,0.0025584302
1522.2376194292403,1522.2376194292403,0.99328405,0.002554032
1522.2390083500256,1522.2390083500256,0.9891845,0.0025493386
1522.2403972708119,1522.2403972708119,0.9915782,0.0025525421
1522.241786191482,1522.241786191482,0.99044716,0.0025494953
1522.2431751122672,1522.2431751122672,0.98869056,0.002551939
1522.2445640330523,1522.2445640330523,0.9891503,0.0025518658
1522.245952953838,1522.245952953838,0.9910624,0.0025504923
1522.2473418746247,1522.2473418746247,0.99147445,0.0025522148
1522.248730795294,1522.248730795294,0.99172395,0.0025510539
1522.2501197160798,1522.2501197160798,0.99102104,0.0025531333
1522.2515086368655,1522.2515086368655,0.98825455,0.0025532148
1522.2528975576515,1522.2528975576515,0.98665035,0.0025510183
1522.254286478321,1522.254286478321,0.9878152,0.0025522485
1522.2556753991068,1522.2556753991068,0.9858262,0.0025505114
1522.2570643198926,1522.2570643198926,0.9880042,0.0025507458
1522.2584532405615,1522.2584532405615,0.9897386,0.0025529207
1522.2598421613473,1522.2598421613473,0.98683304,0.0025522052
1522.2612310821337,1522.2612310821337,0.98947483,0.0025505843
1522.2626200028033,1522.2626200028033,0.9937632,0.0025525065
1522.264008923588,1522.264008923588,0.98941445,0.0025511773
1522.2653978443739,1522.2653978443739,0.9877506,0.0025532413
1522.2667867650441,1522.2667867650441,0.98724884,0.0025527114
1522.2681756858299,1522.2681756858299,0.9891105,0.0025634777
1522.2695646064988,1522.2695646064988,0.98577154,0.0025489705
1522.2709535272845,1522.2709535272845,0.9848435,0.002547493
1522.2723424479548,1522.2723424479548,0.9895576,0.0025635741
1522.2737313687405,1522.2737313687405,0.9859836,0.0025522904
1522.2751202894099,1522.2751202894099,0.9870466,0.0025488788
1522.2765092101956,1522.2765092101956,0.98783094,0.0025517552
1522.2778981308645,1522.2778981308645,0.9870805,0.002547621
1522.2792870516503,1522.2792870516503,0.9869117,0.0025570595
1522.2806759723203,1522.2806759723203,0.9891932,0.002550241
1522.2820648931063,1522.2820648931063,0.98527837,0.0025481214
1522.2834538137747,1522.2834538137747,0.98743075,0.0025497333
1522.2848427344436,1522.2848427344436,0.9867344,0.0025513845
1522.2862316552303,1522.2862316552303,0.99094874,0.0025506848
1522.2876205759,1522.2876205759,0.9890903,0.002558781
1522.2890094966854,1522.2890094966854,0.98881817,0.0025520974
1522.2903984173547,1522.2903984173547,0.9868239,0.0025631492
1522.291787338025,1522.291787338025,0.98492557,0.0025533221
1522.2931762588107,1522.2931762588107,0.98765266,0.0025543137
1522.2945651794794,1522.2945651794794,0.98778987,0.0025575736
1522.295954100149,1522.295954100149,0.9846111,0.0025588644
1522.2973430209347,1522.2973430209347,0.98612285,0.0025494343
1522.298731941604,1522.298731941604,0.9846841,0.0025497298
1522.3001208622734,1522.3001208622734,0.98677456,0.002562518
1522.3015097829427,1522.3015097829427,0.98750484,0.002552029
1522.3028987037285,1522.3028987037285,0.9874511,0.0025577939
1522.3042876243974,1522.3042876243974,0.98393303,0.0025522935
1522.3056765450676,1522.3056765450676,0.9835418,0.0025466257
1522.3070654657374,1522.3070654657374,0.9860154,0.0025502127
1522.3084543864063,1522.3084543864063,0.9875022,0.0025515985
1522.3098433070752,1522.3098433070752,0.98858786,0.0025537298
1522.3112322278614,1522.3112322278614,0.9844192,0.0025511193
1522.3126211485317,1522.3126211485317,0.9836506,0.0025496758
1522.3140100692005,1522.3140100692005,0.9858629,0.0025490378
1522.31539898987,1522.31539898987,0.9847572,0.0025525223
1522.3167879105392,1522.3167879105392,0.9862248,0.0025478853
1522.3181768312086,1522.3181768312086,0.9835216,0.0025473046
1522.319565751878,1522.319565751878,0.9823818,0.00254985
1522.3209546725473,1522.3209546725473,0.9843874,0.002550437
1522.3223435932168,1522.3223435932168,0.9830158,0.0025487812
1522.3237325138855,1522.3237325138855,0.9865897,0.0025611152
1522.3251214345548,1522.3251214345548,0.9876011,0.002554077
1522.326510355225,1522.326510355225,0.9895455,0.0025540183
1522.3278992758944,1522.3278992758944,0.9886029,0.002549311
1522.3292881965633,1522.3292881965633,0.9869468,0.0025620402
1522.330677117233,1522.330677117233,0.98497045,0.0025594304
1522.3320660379034,1522.3320660379034,0.9839742,0.002548381
1522.3334549585722,1522.3334549585722,0.98432875,0.002548019
1522.3348438792407,1522.3348438792407,0.98205256,0.0025469558
1522.3362327999102,1522.3362327999102,0.9811758,0.0025616088
1522.3376217205803,1522.3376217205803,0.9835975,0.0025460718
1522.3390106412496,1522.3390106412496,0.98124754,0.0025495256
1522.3403995618025,1522.3403995618025,0.9852928,0.0025501125
1522.341788482472,1522.341788482472,0.98209286,0.0025490792
1522.3431774031408,1522.3431774031408,0.98227936,0.0025468953
1522.34456632381,1522.34456632381,0.98011035,0.0025453821
1522.3459552444804,1522.3459552444804,0.9835986,0.0025499181
1522.3473441651497,1522.3473441651497,0.9833412,0.002554738
1522.3487330857022,1522.3487330857022,0.9842362,0.0025473994
1522.3501220063715,1522.3501220063715,0.98628324,0.0025490955
1522.3515109270415,1522.3515109270415,0.9805858,0.0025527498
1522.3528998477111,1522.3528998477111,0.98602116,0.0025530607
1522.3542887682631,1522.3542887682631,0.98179036,0.002552851
1522.3556776889327,1522.3556776889327,0.9807906,0.0025457228
1522.3570666096027,1522.3570666096027,0.98190844,0.0025534423
1522.3584555301557,1522.3584555301557,0.9779934,0.0025479638
1522.3598444508245,1522.3598444508245,0.9809639,0.0025494667
1522.3612333714939,1522.3612333714939,0.9776904,0.0025473617
1522.3626222920468,1522.3626222920468,0.9857865,0.0025497188
1522.3640112127162,1522.3640112127162,0.9842025,0.002547828
1522.3654001333857,1522.3654001333857,0.99333924,0.0025535966
1522.3667890539389,1522.3667890539389,0.99485654,0.002555537
1522.3681779746082,1522.3681779746082,0.98845917,0.0025531873
1522.3695668951611,1522.3695668951611,0.98715365,0.0025499647
1522.3709558158314,1522.3709558158314,0.9867753,0.0025503081
1522.3723447363843,1522.3723447363843,0.98308694,0.0025536106
1522.3737336570528,1522.3737336570528,0.9824586,0.002545227
1522.3751225776052,1522.3751225776052,0.9848278,0.002547326
1522.3765114982755,1522.3765114982755,0.9827721,0.0025459058
1522.3779004188289,1522.3779004188289,0.9824594,0.002547438
1522.3792893394977,1522.3792893394977,0.9845966,0.0025466818
1522.3806782600507,1522.3806782600507,0.9816487,0.0025512138
1522.38206718072,1522.38206718072,0.97952485,0.0025481875
1522.3834561012732,1522.3834561012732,0.979835,0.0025526597
1522.3848450219427,1522.3848450219427,0.9805803,0.0025480457
1522.3862339424957,1522.3862339424957,0.9827818,0.0025465519
1522.3876228630486,1522.3876228630486,0.9839686,0.0025481994
1522.389011783718,1522.389011783718,0.9817526,0.0025466797
1522.3904007042709,1522.3904007042709,0.98082095,0.0025490143
1522.3917896248238,1522.3917896248238,0.98428804,0.0025503754
1522.3931785454934,1522.3931785454934,0.9780077,0.0025463663
1522.3945674660456,1522.3945674660456,0.9832552,0.0025470313
1522.3959563865994,1522.3959563865994,0.980308,0.0025483004
1522.3973453072695,1522.3973453072695,0.9822661,0.0025563498
1522.3987342278217,1522.3987342278217,0.98019844,0.0025551715
1522.4001231483742,1522.4001231483742,0.98123425,0.00255006
1522.401512068927,1522.401512068927,0.98340315,0.0025483246
1522.4029009895971,1522.4029009895971,0.98342365,0.00254755
1522.4042899101503,1522.4042899101503,0.9820901,0.0025472739
1522.4056788307023,1522.4056788307023,0.97553813,0.0025470105
1522.4070677512555,1522.4070677512555,0.9792193,0.0025497598
1522.4084566719255,1522.4084566719255,0.9787759,0.002546472
1522.4098455924784,1522.4098455924784,0.98340076,0.0025589524
1522.4112345130316,1522.4112345130316,0.9795991,0.002546801
1522.4126234335847,1522.4126234335847,0.98351663,0.0025520918
1522.4140123541367,1522.4140123541367,0.9807632,0.0025640111
1522.4154012746897,1522.4154012746897,0.9835261,0.0025477514
1522.4167901952435,1522.4167901952435,0.98399633,0.0025492841
1522.4181791157964,1522.4181791157964,0.98003805,0.002553091
1522.419568036349,1522.419568036349,0.98234415,0.0025460448
1522.4209569570182,1522.4209569570182,0.97948015,0.0025546865
1522.422345877572,1522.422345877572,0.97681075,0.002547491
1522.423734798125,1522.423734798125,0.97822154,0.0025468562
1522.425123718677,1522.425123718677,0.9750481,0.0025501389
1522.4265126392302,1522.4265126392302,0.9791382,0.0025565727
1522.4279015597838,1522.4279015597838,0.979006,0.0025471088
1522.4292904803367,1522.4292904803367,0.9793545,0.0025448322
1522.4306794007728,1522.4306794007728,0.97749054,0.0025473516
1522.4320683213257,1522.4320683213257,0.9780385,0.0025454292
1522.4334572418786,1522.4334572418786,0.9802848,0.0025488543
1522.4348461624318,1522.4348461624318,0.9789155,0.0025446753
1522.4362350829854,1522.4362350829854,0.97509307,0.0025474946
1522.4376240035383,1522.4376240035383,0.9790936,0.0025471163
1522.4390129240908,1522.4390129240908,0.9771223,0.0025489484
1522.440401844643,1522.440401844643,0.97947747,0.0025451737
1522.4417907651966,1522.4417907651966,0.9787447,0.0025457034
1522.443179685634,1522.443179685634,0.97929174,0.002543843
1522.4445686061863,1522.4445686061863,0.98176575,0.0025493768
1522.4459575267385,1522.4459575267385,0.9767579,0.002548954
1522.4473464472924,1522.4473464472924,0.9804659,0.0025457547
1522.4487353678458,1522.4487353678458,0.9785502,0.002546703
1522.4501242882818,1522.4501242882818,0.9778782,0.002555827
1522.4515132088347,1522.4515132088347,0.9748751,0.0025446683
1522.4529021293877,1522.4529021293877,0.97807616,0.002546089
1522.4542910499408,1522.4542910499408,0.9801292,0.0025501573
1522.4556799703776,1522.4556799703776,0.97963643,0.0025470238
1522.4570688909305,1522.4570688909305,0.9759467,0.0025435528
1522.4584578114834,1522.4584578114834,0.97865826,0.0025447055
1522.4598467319195,1522.4598467319195,0.9790185,0.0025433027
1522.4612356524724,1522.4612356524724,0.97637343,0.002545695
1522.4626245730258,1522.4626245730258,0.97744364,0.0025482378
1522.4640134934625,1522.4640134934625,0.97688013,0.0025450734
1522.4654024140148,1522.4654024140148,0.9783701,0.0025476194
1522.4667913345686,1522.4667913345686,0.97786266,0.0025446883
1522.4681802550058,1522.4681802550058,0.97781384,0.0025491149
1522.469569175558,1522.469569175558,0.9772702,0.0025445195
1522.470958095994,1522.470958095994,0.9806574,0.0025511119
1522.472347016547,1522.472347016547,0.9793961,0.0025565494
1522.4737359369844,1522.4737359369844,0.9806752,0.0025428538
1522.4751248575374,1522.4751248575374,0.97838277,0.0025460687
1522.4765137779739,1522.4765137779739,0.98109466,0.002546011
1522.4779026985268,1522.4779026985268,0.98456746,0.0025489996
1522.4792916189629,1522.4792916189629,0.9777914,0.002546557
1522.4806805395158,1522.4806805395158,0.9765237,0.0025494688
1522.482069459953,1522.482069459953,0.9778839,0.00254799
1522.4834583805061,1522.4834583805061,0.97820175,0.002547098
1522.4848473009417,1522.4848473009417,0.9770025,0.002543669
1522.4862362213782,1522.4862362213782,0.9787998,0.0025463486
1522.487625141932,1522.487625141932,0.975744,0.0025479284
1522.4890140623686,1522.4890140623686,0.9764168,0.002545622
1522.4904029828047,1522.4904029828047,0.97818875,0.0025474208
1522.4917919033576,1522.4917919033576,0.9791724,0.002548044
1522.493180823795,1522.493180823795,0.980704,0.0025435605
1522.4945697442315,1522.4945697442315,0.97681475,0.0025547051
1522.4959586647838,1522.4959586647838,0.9781302,0.0025513452
1522.4973475852205,1522.4973475852205,0.98022103,0.0025474865
1522.498736505657,1522.498736505657,0.9788902,0.0025473058
1522.50012542621,1522.50012542621,0.977276,0.002546048
1522.5015143466464,1522.5015143466464,0.9794153,0.002546962
1522.502903267083,1522.502903267083,0.97806203,0.0025459114
1522.5042921875195,1522.5042921875195,0.9811758,0.0025481225
1522.5056811080726,1522.5056811080726,0.97753453,0.0025447693
1522.5070700285098,1522.5070700285098,0.97902524,0.0025449265
1522.5084589489463,1522.5084589489463,0.97843874,0.0025527216
1522.5098478693824,1522.5098478693824,0.9791221,0.002549428
1522.5112367898182,1522.5112367898182,0.9803192,0.0025460161
1522.5126257102554,1522.5126257102554,0.9825643,0.0025509421
1522.5140146306928,1522.5140146306928,0.9807035,0.0025463817
1522.515403551245,1522.515403551245,0.9778023,0.0025456387
1522.5167924716818,1522.5167924716818,0.9812066,0.0025495866
1522.5181813921183,1522.5181813921183,0.98123497,0.0025465519
1522.5195703125548,1522.5195703125548,0.9820606,0.0025477
1522.5209592329913,1522.5209592329913,0.98017496,0.0025586232
1522.5223481534279,1522.5223481534279,0.9805294,0.002547758
1522.5237370738644,1522.5237370738644,0.97854495,0.0025465111
1522.525125994301,1522.525125994301,0.9821649,0.0025472492
1522.5265149147378,1522.5265149147378,0.979728,0.0025459258
1522.5279038351744,1522.5279038351744,0.98075813,0.0025457628
1522.5292927556109,1522.5292927556109,0.9802763,0.0025452843
1522.530681676047,1522.530681676047,0.9815866,0.0025457216
1522.532070596484,1522.532070596484,0.97885525,0.0025454136
1522.5334595169213,1522.5334595169213,0.9828068,0.0025478767
1522.5348484373574,1522.5348484373574,0.9796398,0.0025472569
1522.536237357793,1522.536237357793,0.9816195,0.0025477814
1522.537626278113,1522.537626278113,0.9805339,0.002550723
1522.5390151985505,1522.5390151985505,0.97764254,0.0025467477
1522.540404118987,1522.540404118987,0.97926474,0.0025491659
1522.541793039423,1522.541793039423,0.97971153,0.0025468585
1522.5431819598596,1522.5431819598596,0.9776795,0.00254781
1522.544570880297,1522.544570880297,0.98079133,0.0025476448
1522.545959800617,1522.545959800617,0.98456824,0.0025517335
1522.5473487210536,1522.5473487210536,0.9783081,0.0025455018
1522.54873764149,1522.54873764149,0.98015696,0.0025616284
1522.5501265619262,1522.5501265619262,0.9828025,0.0025517617
1522.5515154822463,1522.5515154822463,0.9792315,0.0025450138
1522.5529044026835,1522.5529044026835,0.98371834,0.0025470257
1522.5542933231202,1522.5542933231202,0.9805195,0.002553442
1522.5556822435558,1522.5556822435558,0.98284215,0.0025596984
1522.5570711638761,1522.5570711638761,0.98520106,0.00256174
1522.5584600843133,1522.5584600843133,0.97977763,0.0025438387
1522.5598490047498,1522.5598490047498,0.9829718,0.0025488548
1522.5612379250695,1522.5612379250695,0.97909445,0.0025476413
1522.562626845506,1522.562626845506,0.97948945,0.0025468776
1522.5640157659434,1522.5640157659434,0.9801905,0.0025444734
1522.5654046862635,1522.5654046862635,0.98275286,0.0025524723
1522.5667936066993,1522.5667936066993,0.978776,0.0025455116
1522.5681825270196,1522.5681825270196,0.9776969,0.0025443875
1522.5695714474562,1522.5695714474562,0.9807184,0.0025488837
1522.5709603677763,1522.5709603677763,0.983966,0.0025469104
1522.5723492882137,1522.5723492882137,0.9784541,0.0025488578
1522.5737382085338,1522.5737382085338,0.9843566,0.0025524478
1522.5751271289694,1522.5751271289694,0.9853394,0.0025515673
1522.576516049289,1522.576516049289,0.9825954,0.0025485277
1522.5779049697264,1522.5779049697264,0.98164445,0.0025466494
1522.579293890047,1522.579293890047,0.979435,0.002549091
1522.580682810483,1522.580682810483,0.98164743,0.00254779
1522.5820717308027,1522.5820717308027,0.98424184,0.0025493628
1522.5834606512396,1522.5834606512396,0.9838345,0.0025501307
1522.5848495715607,1522.5848495715607,0.98390764,0.002553775
1522.5862384919965,1522.5862384919965,0.9839368,0.0025487726
1522.5876274123168,1522.5876274123168,0.9826215,0.0025571445
1522.589016332637,1522.589016332637,0.98224247,0.0025478322
1522.5904052530734,1522.5904052530734,0.9793536,0.002548002
1522.5917941733935,1522.5917941733935,0.9830139,0.0025476841
1522.5931830937136,1522.5931830937136,0.9838847,0.0025489922
1522.5945720141503,1522.5945720141503,0.98453224,0.0025476194
1522.5959609344698,1522.5959609344698,0.983575,0.0025486914
1522.5973498547899,1522.5973498547899,0.9826787,0.00254744
1522.5987387751109,1522.5987387751109,0.9832158,0.0025524236
1522.6001276955474,1522.6001276955474,0.9815523,0.0025491803
1522.601516615867,1522.601516615867,0.9860155,0.0025558742
1522.6029055361876,1522.6029055361876,0.98178405,0.0025492357
1522.6042944565086,1522.6042944565086,0.9844614,0.0025519968
1522.6056833769446,1522.6056833769446,0.9839629,0.0025485635
1522.6070722972638,1522.6070722972638,0.9820391,0.0025487924
1522.608461217584,1522.608461217584,0.9786672,0.0025593573
1522.609850137905,1522.609850137905,0.9840713,0.00254661
1522.611239058225,1522.611239058225,0.9834998,0.0025486131
1522.612627978545,1522.612627978545,0.982884,0.0025482122
1522.6140168988654,1522.6140168988654,0.9853298,0.0025516322
1522.6154058193013,1522.6154058193013,0.9842413,0.0025506667
1522.6167947396214,1522.6167947396214,0.9863306,0.0025543272
1522.6181836599424,1522.6181836599424,0.98295045,0.0025541808
1522.6195725802625,1522.6195725802625,0.9854233,0.002547581
1522.620961500582,1522.620961500582,0.9882982,0.0025493023
1522.6223504209022,1522.6223504209022,0.98468786,0.0025499337
1522.623739341223,1522.623739341223,0.98578686,0.0025458026
1522.6251282615433,1522.6251282615433,0.9861433,0.002556561
1522.6265171818625,1522.6265171818625,0.9848289,0.0025503023
1522.6279061021828,1522.6279061021828,0.98941076,0.0025609212
1522.6292950225036,1522.6292950225036,0.98506963,0.0025484255
1522.6306839428237,1522.6306839428237,0.98382163,0.0025503421
1522.6320728631433,1522.6320728631433,0.987289,0.0025485624
1522.6334617834634,1522.6334617834634,0.9889121,0.0025552353
1522.634850703667,1522.634850703667,0.98547244,0.0025492227
1522.6362396239872,1522.6362396239872,0.984786,0.0025523705
1522.6376285443075,1522.6376285443075,0.98638177,0.0025535168
1522.6390174646278,1522.6390174646278,0.98540545,0.0025512164
1522.640406384948,1522.640406384948,0.98777395,0.0025598668
1522.641795305268,1522.641795305268,0.99000746,0.002552317
1522.643184225589,1522.643184225589,0.9840427,0.0025514388
1522.6445731457927,1522.6445731457927,0.9868869,0.002550055
1522.645962066112,1522.645962066112,0.9856243,0.0025575033
1522.6473509864315,1522.6473509864315,0.99074185,0.0025565466
1522.6487399067526,1522.6487399067526,0.98868847,0.0025482972
1522.6501288269567,1522.6501288269567,0.9862503,0.0025495936
1522.6515177472763,1522.6515177472763,0.9878784,0.0025552586
1522.652906667596,1522.652906667596,0.9898139,0.0025515598
1522.654295587916,1522.654295587916,0.9868627,0.0025504655
1522.6556845081204,1522.6556845081204,0.9881349,0.0025539072
1522.6570734284408,1522.6570734284408,0.98614365,0.002549637
1522.6584623487608,1522.6584623487608,0.9869331,0.00255099
1522.6598512689645,1522.6598512689645,0.99191815,0.0025510218
1522.6612401892846,1522.6612401892846,0.9897169,0.0025512911
1522.6626291096047,1522.6626291096047,0.9849044,0.002551842
1522.6640180298084,1522.6640180298084,0.98739403,0.0025501414
1522.6654069501287,1522.6654069501287,0.9898367,0.0025581496
1522.6667958703317,1522.6667958703317,0.9901405,0.002554418
1522.6681847906527,1522.6681847906527,0.99193215,0.0025572667
1522.669573710857,1522.669573710857,0.9882868,0.0025520057
1522.6709626311765,1522.6709626311765,0.98990023,0.0025507456
1522.6723515513797,1522.6723515513797,0.9908745,0.002557689
1522.6737404716998,1522.6737404716998,0.9920414,0.002552094
1522.6751293919042,1522.6751293919042,0.99381876,0.0025539105
1522.6765183122245,1522.6765183122245,0.98580205,0.0025484983
1522.6779072324273,1522.6779072324273,0.9913106,0.0025538958
1522.6792961527476,1522.6792961527476,0.9878665,0.0025534807
1522.680685072952,1522.680685072952,0.9901079,0.0025508897
1522.682073993272,1522.682073993272,0.99183637,0.0025521216
1522.6834629134758,1522.6834629134758,0.9900559,0.0025553205
1522.684851833796,1522.684851833796,0.9885689,0.0025488841
1522.686240753999,1522.686240753999,0.99401593,0.0025623091
1522.6876296742028,1522.6876296742028,0.988726,0.0025532735
1522.6890185945238,1522.6890185945238,0.9942612,0.0025501968
1522.6904075147274,1522.6904075147274,0.9909464,0.0025505018
1522.6917964349307,1522.6917964349307,0.99437153,0.0025543757
1522.6931853552499,1522.6931853552499,0.9912055,0.0025520925
1522.6945742754544,1522.6945742754544,0.99117345,0.0025528294
1522.695963195659,1522.695963195659,0.99262077,0.0025555699
1522.6973521158618,1522.6973521158618,0.9932071,0.0025626703
1522.6987410361821,1522.6987410361821,0.9930613,0.0025592933
1522.7001299563865,1522.7001299563865,0.9920047,0.0025522676
1522.7015188765902,1522.7015188765902,0.9929196,0.0025517964
1522.7029077967934,1522.7029077967934,0.9924868,0.0025552916
1522.7042967171135,1522.7042967171135,0.99326485,0.0025530627
1522.7056856373172,1522.7056856373172,0.99254525,0.002553531
1522.7070745575209,1522.7070745575209,0.9939484,0.0025533072
1522.7084634777248,1522.7084634777248,0.9953631,0.002563572
1522.7098523979287,1522.7098523979287,0.9957316,0.0025590165
1522.7112413181324,1522.7112413181324,0.9946468,0.0025539682
1522.7126302383354,1522.7126302383354,0.99496245,0.002555447
1522.7140191586561,1522.7140191586561,0.9973096,0.0025538856
1522.7154080788607,1522.7154080788607,0.99617696,0.0025573785
1522.7167969990637,1522.7167969990637,0.99582684,0.0025644747
1522.7181859192667,1522.7181859192667,0.99366343,0.002552355
1522.7195748394704,1522.7195748394704,0.99240947,0.0025550467
1522.720963759675,1522.720963759675,0.99331915,0.0025500571
1522.7223526798787,1522.7223526798787,0.99727273,0.0025542404
1522.7237416000823,1522.7237416000823,0.9942492,0.0025528756
1522.725130520286,1522.725130520286,0.9936485,0.0025513289
1522.72651944049,1522.72651944049,0.9912781,0.0025523251
1522.7279083606938,1522.7279083606938,0.9941353,0.0025541529
1522.7292972808975,1522.7292972808975,0.9921205,0.0025553592
1522.7306862011012,1522.7306862011012,0.9949592,0.0025550216
1522.7320751213042,1522.7320751213042,0.997508,0.0025566528
1522.7334640413917,1522.7334640413917,0.99703115,0.0025633227
1522.7348529615958,1522.7348529615958,0.9949543,0.0025560928
1522.7362418817997,1522.7362418817997,0.9939605,0.002551033
1522.7376308020027,1522.7376308020027,0.9964012,0.0025533594
1522.7390197222064,1522.7390197222064,0.9934556,0.0025530607
1522.740408642411,1522.740408642411,0.9971648,0.0025607168
1522.7417975626147,1522.7417975626147,0.9975,0.0025535452
1522.7431864827015,1522.7431864827015,0.994152,0.0025518804
1522.7445754029052,1522.7445754029052,0.9969561,0.0025645373
1522.7459643231095,1522.7459643231095,1.0019478,0.0025572998
1522.7473532433135,1522.7473532433135,0.99577594,0.0025537245
1522.7487421633998,1522.7487421633998,0.9959535,0.0025547324
1522.7501310836037,1522.7501310836037,0.99698937,0.002551032
1522.7515200038076,1522.7515200038076,0.99184847,0.0025537885
1522.7529089240113,1522.7529089240113,0.9993702,0.0025546623
1522.7542978440993,1522.7542978440993,1.0030688,0.002560924
1522.7556867643032,1522.7556867643032,0.9948381,0.0025539482
1522.757075684506,1522.757075684506,0.9959177,0.0025587273
1522.7584646045927,1522.7584646045927,1.0031588,0.0025568085
1522.759853524797,1522.759853524797,1.0024177,0.0025596574
1522.761242444885,1522.761242444885,0.99928385,0.0025552404
1522.7626313650883,1522.7626313650883,1.0018066,0.0025638326
1522.7640202852913,1522.7640202852913,0.998115,0.0025597168
1522.7654092053792,1522.7654092053792,0.9991193,0.002555719
1522.7681870456702,1522.7681870456702,0.99814564,0.0025549869
1522.769575965874,1522.769575965874,0.9997118,0.0025552514
1522.7709648859616,1522.7709648859616,1.0014336,0.0025641054
1522.7723538061653,1522.7723538061653,0.9978713,0.0025576549
1522.7737427262525,1522.7737427262525,1.0000106,0.0025566646
1522.7751316464562,1522.7751316464562,0.99942863,0.002559315
1522.7765205665435,1522.7765205665435,0.9973855,0.002556936
1522.7779094867467,1522.7779094867467,0.99820095,0.0025565778
1522.779298406834,1522.779298406834,1.0016724,0.0025536981
1522.7806873270385,1522.7806873270385,1.0012622,0.0025554008
1522.7820762471258,1522.7820762471258,0.99904203,0.0025580237
1522.7834651672124,1522.7834651672124,0.999622,0.0025603098
1522.7848540874168,1522.7848540874168,0.9990875,0.0025579387
1522.786243007505,1522.786243007505,0.9970536,0.0025577312
1522.7876319275915,1522.7876319275915,1.0025468,0.002557867
1522.7890208477945,1522.7890208477945,0.9984783,0.002556591
1522.7904097678818,1522.7904097678818,1.0007949,0.0025545212
1522.79179868797,1522.79179868797,1.0035297,0.0025623785
1522.7931876081736,1522.7931876081736,1.0004907,0.0025565887
1522.794576528261,1522.794576528261,0.9991166,0.0025631373
1522.7959654483482,1522.7959654483482,1.0004132,0.002559283
1522.797354368435,1522.797354368435,1.0046108,0.002560901
1522.7987432886387,1522.7987432886387,0.99952894,0.0025613846
1522.8001322087268,1522.8001322087268,0.99829423,0.0025554642
1522.801521128814,1522.801521128814,1.0061684,0.0025601238
1522.802910048901,1522.802910048901,1.0005515,0.002567809
1522.8042989689882,1522.8042989689882,1.0028521,0.0025566453
1522.8056878891923,1522.8056878891923,1.0028019,0.0025562488
1522.8070768092798,1522.8070768092798,1.001505,0.0025593191
1522.8084657293664,1522.8084657293664,0.9982565,0.0025570255
1522.8098546494537,1522.8098546494537,1.0007156,0.0025585531
1522.8112435695418,1522.8112435695418,1.0028597,0.0025587948
1522.812632489629,1522.812632489629,1.0004387,0.0025564793
1522.814021409716,1522.814021409716,0.9990624,0.0025578036
1522.8154103298032,1522.8154103298032,1.0058225,0.002574373
1522.8167992498904,1522.8167992498904,1.0037977,0.002559481
1522.8181881699777,1522.8181881699777,1.002035,0.002556026
1522.819577090065,1522.819577090065,1.000421,0.0025572982
1522.8209660101525,1522.8209660101525,1.002971,0.0025555915
1522.82235493024,1522.82235493024,1.004208,0.0025759507
1522.8237438503272,1522.8237438503272,1.0043713,0.0025577324
1522.8251327704152,1522.8251327704152,1.0053158,0.0025639397
1522.8265216905027,1522.8265216905027,1.0066069,0.0025607042
1522.827910610589,1522.827910610589,1.0061314,0.0025587454
1522.8292995306758,1522.8292995306758,1.0034484,0.002556463
1522.8306884507638,1522.8306884507638,1.0036699,0.0025615296
1522.8320773708517,1522.8320773708517,1.0025067,0.0025563757
1522.8334662909385,1522.8334662909385,1.0043547,0.00255768
1522.8348552110251,1522.8348552110251,1.0057055,0.0025589834
1522.8362441309962,1522.8362441309962,1.0012071,0.0025550781
1522.837633051084,1522.837633051084,1.0007627,0.0025576192
1522.8390219711714,1522.8390219711714,1.0075477,0.00255744
1522.840410891259,1522.840410891259,1.0053521,0.0025555391
1522.8417998113462,1522.8417998113462,1.0035051,0.002557472
1522.8431887314334,1522.8431887314334,1.0056752,0.0025726098
1522.8445776514043,1522.8445776514043,1.0052532,0.0025570234
1522.8459665714915,1522.8459665714915,1.0058845,0.0025638924
1522.8473554915788,1522.8473554915788,1.0042547,0.0025646593
1522.8487444115492,1522.8487444115492,1.0043437,0.0025607958
1522.8501333316365,1522.8501333316365,1.0028328,0.0025590688
1522.8515222517246,1522.8515222517246,1.0074815,0.002559729
1522.852911171812,1522.852911171812,1.0013942,0.0025587191
1522.854300091782,1522.854300091782,1.0049065,0.0025621464
1522.8556890118696,1522.8556890118696,1.0029424,0.002556229
1522.8570779318409,1522.8570779318409,1.0010339,0.002562204
1522.8584668519284,1522.8584668519284,1.005724,0.0025608514
1522.859855772015,1522.859855772015,1.0062739,0.0025631504
1522.8612446919858,1522.8612446919858,1.0043228,0.0025592132
1522.862633612074,1522.862633612074,1.0051646,0.0025582884
1522.8640225320448,1522.8640225320448,1.0100055,0.0025658882
1522.8654114521316,1522.8654114521316,1.0051651,0.0025601285
1522.8668003721025,1522.8668003721025,1.0083877,0.0025768862
1522.8681892921898,1522.8681892921898,1.0058125,0.0025636249
1522.869578212277,1522.869578212277,1.00849,0.002560975
1522.8709671322488,1522.8709671322488,1.0054678,0.002564118
1522.8723560522196,1522.8723560522196,1.0071439,0.0025609927
1522.8737449723064,1522.8737449723064,1.0064147,0.0025601042
1522.8751338922764,1522.8751338922764,1.0115877,0.0025720722
1522.8765228123646,1522.8765228123646,1.0075443,0.002562954
1522.8779117323363,1522.8779117323363,1.0035379,0.002561863
1522.8793006524227,1522.8793006524227,1.0054834,0.0025578975
1522.8806895723935,1522.8806895723935,1.011699,0.0025621634
1522.8820784923653,1522.8820784923653,1.0232606,0.0025675902
1522.8834674124525,1522.8834674124525,1.0286037,0.0025785377
1522.884856332423,1522.884856332423,1.0189211,0.0025657734
1522.8862452523938,1522.8862452523938,1.0147232,0.0025663432
1522.887634172481,1522.887634172481,1.01467,0.0025697956
1522.889023092452,1522.889023092452,1.0142677,0.0025669613
1522.8904120124228,1522.8904120124228,1.0062445,0.0025596863
1522.8918009325103,1522.8918009325103,1.0127567,0.002562678
1522.8931898524813,1522.8931898524813,1.0100111,0.0025585366
1522.8945787724513,1522.8945787724513,1.0107477,0.0025623403
1522.895967692423,1522.895967692423,1.009648,0.0025604565
1522.8973566125112,1522.8973566125112,1.0130935,0.0025673963
1522.8987455324811,1522.8987455324811,1.0133939,0.0025626381
1522.9001344524515,1522.9001344524515,1.0128239,0.00256086
1522.901523372423,1522.901523372423,1.0111393,0.0025619033
1522.9029122923946,1522.9029122923946,1.0074872,0.0025596507
1522.904301212365,1522.904301212365,1.0089002,0.0025606237
1522.9056901324516,1522.9056901324516,1.0122617,0.002564065
1522.9070790524227,1522.9070790524227,1.0178283,0.0025654782
1522.908467972394,1522.908467972394,1.0160624,0.0025618272
1522.909856892365,1522.909856892365,1.0200143,0.0025634482
1522.9112458123361,1522.9112458123361,1.0151247,0.0025697094
1522.912634732307,1522.912634732307,1.0141895,0.0025640752
1522.914023652277,1522.914023652277,1.0146053,0.0025624093
1522.915412572248,1522.915412572248,1.0160966,0.0025706268
1522.9168014922195,1522.9168014922195,1.01641,0.0025733786
1522.9181904121904,1522.9181904121904,1.0196837,0.0025748892
1522.9195793321608,1522.9195793321608,1.0105052,0.0025766492
1522.9209682521316,1522.9209682521316,1.0094233,0.0025590595
1522.9223571721034,1522.9223571721034,1.0140878,0.0025688445
1522.9237460920742,1522.9237460920742,1.0145879,0.0025640042
1522.9251350120446,1522.9251350120446,1.0145096,0.0025701567
1522.9265239320155,1522.9265239320155,1.0146896,0.0025664056
1522.9279128519868,1522.9279128519868,1.0138915,0.0025606598
1522.9293017719579,1522.9293017719579,1.0121915,0.002562026
1522.9306906918116,1522.9306906918116,1.0145411,0.0025648556
1522.9320796117825,1522.9320796117825,1.0099486,0.0025620759
1522.9334685317535,1522.9334685317535,1.0111334,0.0025645893
1522.9348574517246,1522.9348574517246,1.0115862,0.0025617548
1522.9362463716955,1522.9362463716955,1.0126774,0.002561757
1522.9376352916663,1522.9376352916663,1.0119439,0.0025701623
1522.9390242115207,1522.9390242115207,1.012648,0.002566998
1522.9404131314916,1522.9404131314916,1.012981,0.0025619874
1522.9418020514634,1522.9418020514634,1.014616,0.002565142
1522.9431909714342,1522.9431909714342,1.0137097,0.0025674487
1522.9445798912882,1522.9445798912882,1.0096842,0.0025626447
1522.9459688112581,1522.9459688112581,1.0126824,0.0025742257
1522.9473577312299,1522.9473577312299,1.0109975,0.00256229
1522.9487466510852,1522.9487466510852,1.0167783,0.0025627168
1522.9501355710552,1522.9501355710552,1.0130403,0.00256327
1522.9515244910256,1522.9515244910256,1.0133467,0.002563413
1522.95291341088,1522.95291341088,1.0150393,0.0025673253
1522.9543023308518,1522.9543023308518,1.0138727,0.002562953
1522.9556912508226,1522.9556912508226,1.0141065,0.002563182
1522.957080170677,1522.957080170677,1.0108415,0.0025618444
1522.958469090648,1522.958469090648,1.0129623,0.0025631962
1522.9598580105023,1522.9598580105023,1.0135708,0.0025593627
1522.9612469304734,1522.9612469304734,1.0099028,0.0025704466
1522.962635850328,1522.962635850328,1.017701,0.002561578
1522.964024770299,1522.964024770299,1.011708,0.002563916
1522.9654136902689,1522.9654136902689,1.0100031,0.0025602875
1522.9668026101242,1522.9668026101242,1.0109738,0.0025626381
1522.9681915299795,1522.9681915299795,1.0121689,0.0025628211
1522.9695804499495,1522.9695804499495,1.0138977,0.0025613802
1522.9709693698035,1522.9709693698035,1.0136154,0.0025632686
1522.9723582897743,1522.9723582897743,1.0141437,0.0025650007
1522.9737472096297,1522.9737472096297,1.0144761,0.0025640796
1522.9751361296005,1522.9751361296005,1.0142941,0.0025749726
1522.9765250494543,1522.9765250494543,1.0134866,0.0025633734
1522.977913969309,1522.977913969309,1.0119877,0.0025630894
1522.9793028892802,1522.9793028892802,1.012945,0.002563914
1522.980691809135,1522.980691809135,1.0151718,0.0025615697
1522.982080729106,1522.982080729106,1.0147482,0.0025642659
1522.9834696489604,1522.9834696489604,1.0155089,0.0025634968
1522.9848585688142,1522.9848585688142,1.0142037,0.0025631057
1522.9862474886688,1522.9862474886688,1.0117356,0.0025723802
1522.9876364086401,1522.9876364086401,1.0164427,0.0025643348
1522.9890253284946,1522.9890253284946,1.0176555,0.0025644598
1522.9904142483485,1522.9904142483485,1.0164778,0.0025646726
1522.9918031682025,1522.9918031682025,1.0188129,0.0025635494
1522.9931920881738,1522.9931920881738,1.0164366,0.0025726191
1522.9945810080292,1522.9945810080292,1.0131767,0.0025735756
1522.9959699278832,1522.9959699278832,1.0149108,0.0025664438
1522.9973588477376,1522.9973588477376,1.0189825,0.002566168
1522.9987477675927,1522.9987477675927,1.0192791,0.0025760909
1523.0001366875638,1523.0001366875638,1.0141784,0.002561788
1523.0015256074173,1523.0015256074173,1.0143951,0.0025629685
1523.0029145272717,1523.0029145272717,1.0147494,0.0025643627
1523.0043034471264,1523.0043034471264,1.0154178,0.00256258
1523.005692366981,1523.005692366981,1.0163466,0.0025661308
1523.0070812868355,1523.0070812868355,1.0138062,0.0025688964
1523.00847020669,1523.00847020669,1.0151306,0.0025643597
1523.0098591265444,1523.0098591265444,1.0125647,0.0025620935
1523.0112480463984,1523.0112480463984,1.0147187,0.0025650645
1523.0126369662535,1523.0126369662535,1.0132184,0.002564242
1523.0140258861086,1523.0140258861086,1.0123136,0.0025629022
1523.0154148059626,1523.0154148059626,1.0122477,0.0025629278
1523.016803725816,1523.016803725816,1.015248,0.0025683364
1523.0181926456714,1523.0181926456714,1.0138941,0.002569091
1523.0195815655268,1523.0195815655268,1.0169879,0.0025669613
1523.0209704853803,1523.0209704853803,1.015976,0.0025614721
1523.0223594052343,1523.0223594052343,1.0136226,0.002560124
1523.0237483250887,1523.0237483250887,1.0149533,0.0025651993
1523.025137244944,1523.025137244944,1.0158081,0.0025624034
1523.0265261647985,1523.0265261647985,1.0161438,0.002573949
1523.027915084653,1523.027915084653,1.0163071,0.002570324
1523.029304004391,1523.029304004391,1.0163122,0.002563313
1523.030692924245,1523.030692924245,1.0156084,0.0025653464
1523.0320818440994,1523.0320818440994,1.0141222,0.00256184
1523.0334707639547,1523.0334707639547,1.0159848,0.0025673509
1523.0348596838091,1523.0348596838091,1.0174161,0.0025641979
1523.0362486035463,1523.0362486035463,1.0141672,0.0025696184
1523.037637523401,1523.037637523401,1.0143334,0.002572092
1523.039026443256,1523.039026443256,1.0172061,0.002563486
1523.0404153631105,1523.0404153631105,1.0156398,0.0025634659
1523.041804282848,1523.041804282848,1.0170922,0.00256573
1523.0431932027025,1523.0431932027025,1.0174812,0.002561863
1523.0445821225578,1523.0445821225578,1.0168779,0.0025697767
1523.0459710422958,1523.0459710422958,1.0158057,0.0025634838
1523.0473599621498,1523.0473599621498,1.0159838,0.002563651
1523.0487488820042,1523.0487488820042,1.0136882,0.0025642635
1523.0501378017423,1523.0501378017423,1.0160494,0.0025631725
1523.0515267215967,1523.0515267215967,1.0164111,0.0025720722
1523.0529156414511,1523.0529156414511,1.0181172,0.0025642025
1523.0543045611892,1523.0543045611892,1.013823,0.0025609073
1523.0556934810438,1523.0556934810438,1.0148553,0.0025667348
1523.057082400782,1523.057082400782,1.0150604,0.0025672324
1523.058471320637,1523.058471320637,1.0176508,0.0025805396
1523.0598602403752,1523.0598602403752,1.0159888,0.0025624945
1523.061249160229,1523.061249160229,1.0176815,0.002564815
1523.0626380799665,1523.0626380799665,1.0187432,0.0025644398
1523.0640269998214,1523.0640269998214,1.0166568,0.0025664407
1523.0654159195603,1523.0654159195603,1.0135199,0.002562773
1523.0668048394143,1523.0668048394143,1.017471,0.0025705604
1523.0681937591514,1523.0681937591514,1.0169623,0.0025600395
1523.069582679006,1523.069582679006,1.0178908,0.0025647727
1523.0709715987448,1523.0709715987448,1.0174416,0.0025668168
1523.0723605184828,1523.0723605184828,1.0161152,0.0025643953
1523.0737494383372,1523.0737494383372,1.0181203,0.0025632414
1523.0751383580755,1523.0751383580755,1.0161643,0.0025623657
1523.0765272779302,1523.0765272779302,1.017295,0.0025672202
1523.0779161976682,1523.0779161976682,1.0147542,0.0025658694
1523.0793051174062,1523.0793051174062,1.0193692,0.0025788308
1523.0806940372606,1523.0806940372606,1.0188673,0.0025774525
1523.0820829569982,1523.0820829569982,1.0125451,0.0025599035
1523.0834718767362,1523.0834718767362,1.0198075,0.002567019
1523.0848607964751,1523.0848607964751,1.01551,0.002571691
1523.0862497163296,1523.0862497163296,1.0164942,0.0025652244
1523.0876386360667,1523.0876386360667,1.013346,0.0025616696
1523.089027555805,1523.089027555805,1.017251,0.0025667893
1523.0904164755436,1523.0904164755436,1.0166343,0.0025656351
1523.091805395398,1523.091805395398,1.0164801,0.0025637886
1523.0931943151356,1523.0931943151356,1.0153167,0.0025759267
1523.0945832348737,1523.0945832348737,1.0153978,0.002564964
1523.0959721546126,1523.0959721546126,1.0163016,0.002564536
1523.0973610743506,1523.0973610743506,1.014717,0.0025670447
1523.098749994088,1523.098749994088,1.017701,0.002565466
1523.1001389138262,1523.1001389138262,1.015294,0.0025623632
1523.1015278335642,1523.1015278335642,1.0138079,0.00256762
1523.1029167534186,1523.1029167534186,1.0139849,0.0025625592
1523.1043056731576,1523.1043056731576,1.0170705,0.00256557
1523.1056945928956,1523.1056945928956,1.0182998,0.0025680515
1523.107083512633,1523.107083512633,1.012836,0.0025609697
1523.1084724323703,1523.1084724323703,1.017174,0.0025657981
1523.1098613521092,1523.1098613521092,1.0154309,0.0025696722
1523.1112502718477,1523.1112502718477,1.0135446,0.0025608398
1523.1126391915852,1523.1126391915852,1.0182108,0.0025669702
1523.1140281113233,1523.1140281113233,1.0184919,0.0025753872
1523.1154170310622,1523.1154170310622,1.0160556,0.0025644125
1523.1168059506838,1523.1168059506838,1.0159354,0.0025639243
1523.1181948704213,1523.1181948704213,1.0147344,0.002562867
1523.1195837901594,1523.1195837901594,1.0171446,0.002564925
1523.1209727098974,1523.1209727098974,1.0140789,0.002562348
1523.1223616296354,1523.1223616296354,1.0147663,0.0025646249
1523.1237505493734,1523.1237505493734,1.0155016,0.0025644766
1523.1251394691114,1523.1251394691114,1.0191764,0.0025699935
1523.1265283888497,1523.1265283888497,1.0123599,0.0025617804
1523.1279173084706,1523.1279173084706,1.0190094,0.002565055
1523.1293062282095,1523.1293062282095,1.0157292,0.002573198
1523.1306951479482,1523.1306951479482,1.0158393,0.0025699248
1523.1320840676856,1523.1320840676856,1.016724,0.0025647534
1523.1334729874231,1523.1334729874231,1.0155963,0.002562793
1523.1348619070454,1523.1348619070454,1.0156491,0.002563814
1523.1362508267841,1523.1362508267841,1.0138175,0.002566469
1523.1376397465217,1523.1376397465217,1.0176251,0.0025658389
1523.1390286661424,1523.1390286661424,1.0165546,0.0025663488
1523.1404175858806,1523.1404175858806,1.0173796,0.0025643506
1523.1418065056193,1523.1418065056193,1.0176613,0.002563192
1523.143195425241,1523.143195425241,1.0152476,0.0025668116
1523.1445843449792,1523.1445843449792,1.0147802,0.002568807
1523.1459732647174,1523.1459732647174,1.0169414,0.0025792439
1523.1473621843381,1523.1473621843381,1.0179175,0.0025649164
1523.1487511040762,1523.1487511040762,1.0187459,0.0025676286
1523.1501400236987,1523.1501400236987,1.0158588,0.0025620866
1523.1515289434367,1523.1515289434367,1.0149318,0.0025689004
1523.1529178631743,1523.1529178631743,1.0163507,0.0025826967
1523.1543067827959,1523.1543067827959,1.0226122,0.0025811356
1523.1556957025348,1523.1556957025348,1.0219547,0.0025771363
1523.1570846221564,1523.1570846221564,1.0221887,0.002571101
1523.1584735418935,1523.1584735418935,1.0231812,0.0025662698
1523.1598624615153,1523.1598624615153,1.0230621,0.0025712398
1523.161251381254,1523.161251381254,1.0251746,0.0025696554
1523.1626403008756,1523.1626403008756,1.0208952,0.002571798
1523.1640292204968,1523.1640292204968,1.0190583,0.0025640137
1523.1654181402348,1523.1654181402348,1.0209826,0.002567551
1523.1668070598564,1523.1668070598564,1.01984,0.0025672244
1523.1681959795947,1523.1681959795947,1.0174208,0.0025679816
1523.1695848992165,1523.1695848992165,1.0205015,0.0025672442
1523.170973818838,1523.170973818838,1.0185828,0.0025672202
1523.172362738576,1523.172362738576,1.0199324,0.0025648961
1523.1737516581977,1523.1737516581977,1.0170691,0.0025676389
1523.1751405778202,1523.1751405778202,1.0185305,0.0025657208
1523.1765294975582,1523.1765294975582,1.0193241,0.0025742329
1523.1779184171792,1523.1779184171792,1.0156888,0.0025730287
1523.1793073368,1523.1793073368,1.0155555,0.0025634784
1523.180696256539,1523.180696256539,1.0145532,0.002562665
1523.1820851761613,1523.1820851761613,1.0180815,0.0025658517
1523.1834740957822,1523.1834740957822,1.0178232,0.0025639231
1523.1848630154034,1523.1848630154034,1.013989,0.0025612828
1523.186251935025,1523.186251935025,1.0177639,0.0025640528
1523.1876408547637,1523.1876408547637,1.0131701,0.0025793493
1523.1890297743855,1523.1890297743855,1.0138975,0.002563711
1523.1904186940071,1523.1904186940071,1.0195453,0.0025629818
1523.1918076136287,1523.1918076136287,1.0152273,0.002565239
1523.1931965332503,1523.1931965332503,1.014326,0.0025661846
1523.194585452872,1523.194585452872,1.0152584,0.002566456
1523.1959743724935,1523.1959743724935,1.0184935,0.0025648065
1523.1973632922318,1523.1973632922318,1.013676,0.0025641513
1523.1987522118527,1523.1987522118527,1.0128067,0.0025611322
1523.2001411314743,1523.2001411314743,1.015934,0.002564234
1523.2015300510968,1523.2015300510968,1.0149733,0.0025668324
1523.2029189707184,1523.2029189707184,1.0126305,0.0025643918
1523.2043078903396,1523.2043078903396,1.0150874,0.0025634924
1523.2056968099612,1523.2056968099612,1.0129918,0.0025647057
1523.2070857295837,1523.2070857295837,1.0148387,0.0025636915
1523.2084746492053,1523.2084746492053,1.0125299,0.0025639911
1523.209863568826,1523.209863568826,1.0158567,0.0025630102
1523.2112524884478,1523.2112524884478,1.0147288,0.0025632207
1523.2126414079537,1523.2126414079537,1.0125437,0.0025613443
1523.2140303275753,1523.2140303275753,1.0158409,0.0025634798
1523.2154192471965,1523.2154192471965,1.0137192,0.002570044
1523.216808166818,1523.216808166818,1.0135489,0.0025598367
1523.2181970864397,1523.2181970864397,1.0130545,0.002561928
1523.2195860060615,1523.2195860060615,1.0168227,0.0025639366
1523.2209749256838,1523.2209749256838,1.0098867,0.0025648612
1523.222363845189,1523.222363845189,1.0107048,0.0025621115
1523.2237527648101,1523.2237527648101,1.013822,0.0025645338
1523.225141684431,1523.225141684431,1.0132067,0.0025771807
1523.2265306040533,1523.2265306040533,1.0119863,0.0025610796
1523.2279195236758,1523.2279195236758,1.0147072,0.0025589878
1523.2293084431803,1523.2293084431803,1.0109824,0.002572902
1523.2306973628013,1523.2306973628013,1.0115865,0.0025604905
1523.2320862824238,1523.2320862824238,1.0116756,0.002568933
1523.2334752020458,1523.2334752020458,1.0126258,0.0025712154
1523.2348641215506,1523.2348641215506,1.0130272,0.0025658028
1523.2362530411722,1523.2362530411722,1.0159217,0.0025632572
1523.2376419607938,1523.2376419607938,1.0116249,0.0025717295
1523.2390308802992,1523.2390308802992,1.0140822,0.002567851
1523.240419799921,1523.240419799921,1.0092835,0.0025622523
1523.2418087194262,1523.2418087194262,1.0141555,0.0025641988
1523.2431976390478,1523.2431976390478,1.012522,0.0025656119
1523.244586558669,1523.244586558669,1.0137372,0.0025687816
1523.2459754781742,1523.2459754781742,1.0142272,0.002563161
1523.2473643977962,1523.2473643977962,1.0158814,0.0025693006
1523.2487533173016,1523.2487533173016,1.0131794,0.0025668475
1523.2501422369226,1523.2501422369226,1.0106508,0.0025613415
1523.2515311564287,1523.2515311564287,1.0144478,0.0025634742
1523.252920076051,1523.252920076051,1.0127805,0.002562817
1523.2543089955554,1523.2543089955554,1.0120559,0.002560635
1523.2556979151766,1523.2556979151766,1.0153233,0.0025630174
1523.2570868346818,1523.2570868346818,1.0137724,0.0025623685
1523.258475754304,1523.258475754304,1.0126035,0.002559881
1523.2598646738095,1523.2598646738095,1.0119514,0.0025628929
1523.2612535933138,1523.2612535933138,1.0168738,0.0025674298
1523.2626425129356,1523.2626425129356,1.0102926,0.0025590016
1523.264031432441,1523.264031432441,1.0120748,0.0025648735
1523.2654203520626,1523.2654203520626,1.0099365,0.0025608384
1523.2668092715685,1523.2668092715685,1.0119884,0.0025627054
1523.268198191074,1523.268198191074,1.010605,0.0025617732
1523.2695871106946,1523.2695871106946,1.012727,0.002560477
1523.2709760301998,1523.2709760301998,1.0134196,0.0025671918
1523.272364949706,1523.272364949706,1.0094315,0.0025617091
1523.273753869211,1523.273753869211,1.008043,0.0025603592
1523.2751427888322,1523.2751427888322,1.0098037,0.0025588549
1523.2765317083367,1523.2765317083367,1.0106108,0.0025610456
1523.2779206278426,1523.2779206278426,1.0120423,0.0025605639
1523.2793095473487,1523.2793095473487,1.0125307,0.0025616537
1523.2806984669694,1523.2806984669694,1.0117512,0.002562762
1523.2820873864748,1523.2820873864748,1.0099943,0.0025703711
1523.2834763059802,1523.2834763059802,1.0094026,0.002562593
1523.2848652254854,1523.2848652254854,1.0083387,0.00256071
1523.2862541449906,1523.2862541449906,1.0115209,0.0025602465
1523.2876430644958,1523.2876430644958,1.008555,0.0025604046
1523.289031984001,1523.289031984001,1.0081779,0.0025615017
1523.2904209036228,1523.2904209036228,1.0099366,0.0025710864
1523.2918098231282,1523.2918098231282,1.0079722,0.002571172
1523.2931987426334,1523.2931987426334,1.0105747,0.0025621937
1523.2945876621386,1523.2945876621386,1.0079201,0.0025611375
1523.2959765816431,1523.2959765816431,1.0109301,0.0025630163
1523.297365501149,1523.297365501149,1.008816,0.0025591024
1523.298754420655,1523.298754420655,1.0080129,0.0025575247
1523.3001433401596,1523.3001433401596,1.009879,0.0025705937
1523.301532259664,1523.301532259664,1.0144733,0.0025642172
1523.3029211791693,1523.3029211791693,1.0099074,0.0025618037
1523.3043100986754,1523.3043100986754,1.0098742,0.002577582
1523.3056990181806,1523.3056990181806,1.009569,0.0025656759
1523.3070879376853,1523.3070879376853,1.0077785,0.002566392
1523.3084768571905,1523.3084768571905,1.0095484,0.0025671418
1523.30986577658,1523.30986577658,1.0090423,0.002565254
1523.3112546960854,1523.3112546960854,1.0066545,0.0025621944
1523.3126436155906,1523.3126436155906,1.0100149,0.0025583154
1523.3140325350957,1523.3140325350957,1.0128719,0.0025666805
1523.3154214546005,1523.3154214546005,1.0095836,0.0025622651
1523.3168103741057,1523.3168103741057,1.0118616,0.0025619965
1523.3181992934951,1523.3181992934951,1.0086266,0.0025624966
1523.3195882130005,1523.3195882130005,1.0073626,0.002560292
1523.3209771325048,1523.3209771325048,1.0070791,0.002562689
1523.3223660520096,1523.3223660520096,1.0079664,0.0025618798
1523.323754971399,1523.323754971399,1.0110415,0.0025631846
1523.3251438909049,1523.3251438909049,1.0093747,0.002561887
1523.3265328104096,1523.3265328104096,1.0113244,0.002560988
1523.3279217299148,1523.3279217299148,1.0094368,0.0025623206
1523.3293106493045,1523.3293106493045,1.0089557,0.0025629168
1523.3306995688097,1523.3306995688097,1.0101535,0.002560957
1523.332088488314,1523.332088488314,1.0087843,0.0025633755
1523.333477407703,1523.333477407703,1.0079663,0.002564223
1523.3348663272084,1523.3348663272084,1.0057925,0.0025618817
1523.3362552465971,1523.3362552465971,1.0083172,0.0025608095
1523.3376441661023,1523.3376441661023,1.0040244,0.0025607832
1523.3390330856075,1523.3390330856075,1.0043117,0.0025587527
1523.3404220049963,1523.3404220049963,1.0076954,0.0025609895
1523.341810924501,1523.341810924501,1.0063025,0.0025619634
1523.3431998438905,1523.3431998438905,1.0065197,0.002562072
1523.3445887633964,1523.3445887633964,1.0090941,0.0025627883
1523.3459776827847,1523.3459776827847,1.0073432,0.0025576088
1523.3473666022892,1523.3473666022892,1.0062551,0.0025580607
1523.3487555216786,1523.3487555216786,1.0084337,0.0025593142
1523.3501444411847,1523.3501444411847,1.0078936,0.0025666934
1523.3515333605728,1523.3515333605728,1.005914,0.0025618772
1523.3529222800773,1523.3529222800773,1.0092043,0.00257357
1523.354311199466,1523.354311199466,1.0061269,0.0025593573
1523.3557001188558,1523.3557001188558,1.0042548,0.0025575755
1523.357089038361,1523.357089038361,1.0042778,0.0025568374
1523.3584779577498,1523.3584779577498,1.0053135,0.0025613492
1523.359866877255,1523.359866877255,1.0051585,0.0025583545
1523.3612557966433,1523.3612557966433,1.003124,0.0025571939
1523.362644716032,1523.362644716032,1.0047144,0.002559304
1523.3640336355381,1523.3640336355381,1.0058692,0.0025603012
1523.365422554927,1523.365422554927,1.0086918,0.0025653117
1523.3668114743152,1523.3668114743152,1.0041131,0.002557057
1523.368200393704,1523.368200393704,1.0027825,0.0025602966
1523.3695893132096,1523.3695893132096,1.0047728,0.0025612204
1523.3709782325986,1523.3709782325986,1.0061845,0.002558277
1523.3723671519867,1523.3723671519867,1.0027575,0.0025558625
1523.3737560713755,1523.3737560713755,1.0028667,0.0025592293
1523.3751449908816,1523.3751449908816,1.0029567,0.0025612123
1523.3765339102704,1523.3765339102704,1.0022016,0.00255734
1523.3779228296587,1523.3779228296587,1.0025816,0.002557082
1523.3793117490475,1523.3793117490475,1.0062104,0.0025588628
1523.3807006684362,1523.3807006684362,1.0026482,0.0025639848
1523.382089587825,1523.382089587825,1.0019892,0.0025570563
1523.3834785072138,1523.3834785072138,1.00463,0.0025580763
1523.3848674266028,1523.3848674266028,1.0039896,0.002558528
1523.3862563461082,1523.3862563461082,1.0045984,0.0025586355
1523.387645265497,1523.387645265497,1.005761,0.002558742
1523.3890341848864,1523.3890341848864,1.0030265,0.0025599329
1523.3904231042754,1523.3904231042754,1.0020696,0.0025597136
1523.3918120236633,1523.3918120236633,1.0030565,0.0025631348
1523.3932009430516,1523.3932009430516,1.0011717,0.0025559973
1523.394589862441,1523.394589862441,1.0025237,0.0025556344
1523.3959787818305,1523.3959787818305,1.0024362,0.0025599836
1523.3973677012189,1523.3973677012189,0.9992104,0.0025576728
1523.398756620607,1523.398756620607,1.016926,0.0025618535
1523.4001455398795,1523.4001455398795,1.0524966,0.0025820332
1523.4015344592688,1523.4015344592688,1.0425941,0.002576041
1523.4029233786575,1523.4029233786575,1.0253687,0.002571748
1523.4043122980465,1523.4043122980465,1.0181288,0.0025673378
1523.4057012174355,1523.4057012174355,1.0160807,0.0025618526
1523.4070901368243,1523.4070901368243,1.0102367,0.0025690782
1523.408479056213,1523.408479056213,1.0070014,0.0025663853
1523.4098679756019,1523.4098679756019,1.0076795,0.0025625043
1523.4112568948742,1523.4112568948742,1.0067825,0.0025611655
1523.4126458142625,1523.4126458142625,1.0043361,0.0025593257
1523.4140347336513,1523.4140347336513,1.0035834,0.0025574926
1523.415423653041,1523.415423653041,1.0016819,0.002558605
1523.4168125723133,1523.4168125723133,1.0005839,0.0025680114
1523.4182014917014,1523.4182014917014,1.0004373,0.002563998
1523.4195904110904,1523.4195904110904,1.0021503,0.0025674717
1523.4209793304797,1523.4209793304797,1.0033154,0.0025626358
1523.4223682497523,1523.4223682497523,1.0010526,0.002554359
1523.4237571691403,1523.4237571691403,1.0032653,0.0025641827
1523.4251460885291,1523.4251460885291,1.0015495,0.0025667697
1523.4265350078024,1523.4265350078024,1.0017189,0.0025604377
1523.4279239271912,1523.4279239271912,1.0008954,0.0025550693
1523.429312846463,1523.429312846463,0.99788105,0.0025556653
1523.4307017658518,1523.4307017658518,0.998838,0.0025548793
1523.4320906852406,1523.4320906852406,1.0006554,0.0025566067
1523.433479604513,1523.433479604513,0.99975413,0.002563
1523.4348685239027,1523.4348685239027,0.9983228,0.0025589105
1523.436257443175,1523.436257443175,0.99584156,0.0025551468
1523.4376463625633,1523.4376463625633,0.998512,0.0025552472
1523.4390352818348,1523.4390352818348,0.99912226,0.002557665
1523.4404242012245,1523.4404242012245,1.002337,0.0025554958
1523.4418131204977,1523.4418131204977,1.0018717,0.0025601517
1523.4432020398856,1523.4432020398856,0.9951147,0.002561321
1523.4445909591575,1523.4445909591575,0.9966508,0.0025554353
1523.445979878547,1523.445979878547,0.99582887,0.00255306
1523.44736879782,1523.44736879782,0.993759,0.0025548858
1523.448757717092,1523.448757717092,0.9950358,0.0025569191
1523.4501466364807,1523.4501466364807,0.99870443,0.0025568064
1523.451535555753,1523.451535555753,0.9970518,0.0025588104
1523.4529244751418,1523.4529244751418,0.9993169,0.0025579056
1523.4543133944142,1523.4543133944142,0.99871385,0.0025535966
1523.4557023136867,1523.4557023136867,0.9961793,0.002554111
1523.4570912330757,1523.4570912330757,0.99823517,0.002556902
1523.4584801523472,1523.4584801523472,0.99779654,0.00255722
1523.4598690716198,1523.4598690716198,0.9972372,0.0025564842
1523.4612579908928,1523.4612579908928,0.99875045,0.0025675043
1523.4626469102816,1523.4626469102816,0.9965998,0.0025559163
1523.4640358295535,1523.4640358295535,0.9989519,0.0025580975
1523.4654247488259,1523.4654247488259,0.99858457,0.0025579166
1523.4668136680991,1523.4668136680991,1.0005137,0.002559667
1523.468202587488,1523.468202587488,0.9939398,0.0025539896
1523.4695915067596,1523.4695915067596,0.9941465,0.0025574898
1523.4709804260322,1523.4709804260322,0.9941082,0.002556201
1523.472369345305,1523.472369345305,0.99808437,0.0025601427
1523.4737582645776,1523.4737582645776,0.99591035,0.0025570132
1523.4751471838492,1523.4751471838492,0.9950706,0.002551706
1523.4765361031216,1523.4765361031216,0.99327564,0.0025592216
1523.477925022394,1523.477925022394,0.9935712,0.0025506855
1523.479313941783,1523.479313941783,0.99724025,0.0025535505
1523.4807028610555,1523.4807028610555,0.99249876,0.0025546902
1523.482091780328,1523.482091780328,0.99398416,0.0025561007
1523.4834806996002,1523.4834806996002,0.99747765,0.002554927
1523.4848696188726,1523.4848696188726,0.99224055,0.0025557496
1523.4862585381459,1523.4862585381459,0.9948736,0.0025528045
1523.4876474574182,1523.4876474574182,0.9916763,0.0025515216
1523.4890363766901,1523.4890363766901,0.9918058,0.0025541896
1523.4904252959616,1523.4904252959616,0.99229544,0.002552652
1523.4918142152349,1523.4918142152349,0.998212,0.0025548812
1523.4932031343915,1523.4932031343915,0.9936051,0.0025524918
1523.4945920536632,1523.4945920536632,0.9946571,0.0025558309
1523.495980972935,1523.495980972935,0.9953877,0.0025619916
1523.4973698922074,1523.4973698922074,0.9915898,0.0025624007
1523.4987588114807,1523.4987588114807,0.99336594,0.002553087
1523.500147730753,1523.500147730753,0.99363875,0.0025531303
1523.5015366500254,1523.5015366500254,0.9964668,0.0025644398
1523.5029255692978,1523.5029255692978,0.99404794,0.002553955
1523.5043144884532,1523.5043144884532,0.99180263,0.002551516
1523.5057034077256,1523.5057034077256,0.99421597,0.0025572416
1523.5070923269986,1523.5070923269986,0.99531686,0.002557025
1523.5084812462712,1523.5084812462712,0.9919754,0.0025491775
1523.5098701654263,1523.5098701654263,0.9916438,0.0025522432
1523.5112590846988,1523.5112590846988,0.989593,0.0025618123
1523.512648003972,1523.512648003972,0.99424374,0.0025553787
1523.5140369232442,1523.5140369232442,0.9924091,0.0025520956
1523.5154258423997,1523.5154258423997,0.9921244,0.0025544395
1523.516814761672,1523.516814761672,0.9947836,0.002553945
1523.5182036809454,1523.5182036809454,0.9919149,0.0025514092
1523.5195926001013,1523.5195926001013,0.9939112,0.0025522686
1523.520981519373,1523.520981519373,0.98752165,0.0025538262
1523.5223704385292,1523.5223704385292,0.9895172,0.0025496478
1523.5237593578015,1523.5237593578015,0.98856807,0.0025491035
1523.5251482770739,1523.5251482770739,0.99030083,0.0025518122
1523.5265371962298,1523.5265371962298,0.9902611,0.0025515493
1523.5279261155022,1523.5279261155022,0.99416864,0.0025598493
1523.529315034658,1523.529315034658,0.99149406,0.00255085
1523.5307039539307,1523.5307039539307,0.98715866,0.0025498355
1523.5320928730873,1523.5320928730873,0.99001855,0.0025519198
1523.5334817923597,1523.5334817923597,0.9910518,0.0025549023
1523.5348707115152,1523.5348707115152,0.99662536,0.0025535903
1523.536259630787,1523.536259630787,0.99004817,0.0025535917
1523.5376485499435,1523.5376485499435,0.992124,0.0025592053
1523.5390374692167,1523.5390374692167,0.98757505,0.0025503193
1523.540426388372,1523.540426388372,0.9902715,0.0025539256
1523.5418153075273,1523.5418153075273,0.98834324,0.002551
1523.5432042267996,1523.5432042267996,0.98939705,0.0025500522
1523.5445931459565,1523.5445931459565,0.985673,0.0025505123
1523.5459820651124,1523.5459820651124,0.9930304,0.0025520772
1523.5473709843848,1523.5473709843848,0.99099743,0.00255251
1523.5487599035407,1523.5487599035407,0.98879224,0.0025508127
1523.5501488226969,1523.5501488226969,0.9915378,0.0025551934
1523.5515377419695,1523.5515377419695,0.9946623,0.0025525459
1523.5529266611254,1523.5529266611254,0.9913263,0.0025530504
1523.5543155802814,1523.5543155802814,0.99544203,0.0025543112
1523.5557044994368,1523.5557044994368,0.9913456,0.0025548253
1523.5570934187092,1523.5570934187092,0.98840535,0.0025545442
1523.5584823378658,1523.5584823378658,0.9873931,0.002562718
1523.559871257022,1523.559871257022,0.98889816,0.0025567915
1523.561260176177,1523.561260176177,0.98719543,0.0025501414
1523.562649095333,1523.562649095333,0.9879019,0.0025498166
1523.5640380146062,1523.5640380146062,0.9896988,0.0025518676
1523.5654269337622,1523.5654269337622,0.9894343,0.002559188
1523.5668158529177,1523.5668158529177,0.98631674,0.0025529284
1523.5682047720736,1523.5682047720736,0.99011946,0.0025527526
1523.5695936912305,1523.5695936912305,0.9889848,0.0025546153
1523.5709826103864,1523.5709826103864,0.98970026,0.0025520357
1523.5723715295414,1523.5723715295414,0.99120307,0.0025560297
1523.5737604486976,1523.5737604486976,0.9889736,0.0025509698
1523.5751493678538,1523.5751493678538,0.98785675,0.0025516525
1523.5765382870097,1523.5765382870097,0.9874606,0.0025508166
1523.5779272061664,1523.5779272061664,0.9909449,0.002554448
1523.5793161253225,1523.5793161253225,0.9877035,0.0025499002
1523.5807050444776,1523.5807050444776,0.9868023,0.0025502336
1523.582093963633,1523.582093963633,0.98998016,0.0025523023
1523.58348288279,1523.58348288279,0.9851393,0.002557028
1523.5848718019463,1523.5848718019463,0.9858477,0.0025503163
1523.5862607211018,1523.5862607211018,0.99002516,0.002551217
1523.587649640257,1523.587649640257,0.98951584,0.0025545708
1523.5890385594137,1523.5890385594137,0.9890569,0.002551788
1523.5904274785705,1523.5904274785705,0.98629755,0.0025527244
1523.5918163977258,1523.5918163977258,0.98939633,0.0025524285
1523.5932053167655,1523.5932053167655,0.9896727,0.0025506606
1523.5945942359215,1523.5945942359215,0.9871723,0.0025531577
1523.5959831550774,1523.5959831550774,0.9839789,0.002560715
1523.5973720742334,1523.5973720742334,0.98501384,0.0025500476
1523.5987609933893,1523.5987609933893,0.9876806,0.0025495794
1523.6001499124288,1523.6001499124288,0.98644215,0.0025490753
1523.6015388315843,1523.6015388315843,0.9848654,0.0025505472
1523.6029277507403,1523.6029277507403,0.98439336,0.0025517724
1523.6043166698971,1523.6043166698971,0.9861568,0.0025576905
1523.6057055889366,1523.6057055889366,0.98909867,0.0025528336
1523.6070945080921,1523.6070945080921,0.98484206,0.002563006
1523.6084834272485,1523.6084834272485,0.98714507,0.002548697
1523.609872346289,1523.609872346289,0.9879056,0.0025465442
1523.6112612654445,1523.6112612654445,0.98439246,0.0025508478
1523.6126501845995,1523.6126501845995,0.98503184,0.0025486792
1523.614039103639,1523.614039103639,0.9841202,0.0025502737
1523.6154280227959,1523.6154280227959,0.98507106,0.0025523517
1523.6168169418354,1523.6168169418354,0.98063123,0.0025501987
1523.6182058609909,1523.6182058609909,0.9841264,0.0025526832
1523.6195947801468,1523.6195947801468,0.9853743,0.0025481882
1523.6209836991864,1523.6209836991864,0.9848472,0.0025510383
1523.6223726183423,1523.6223726183423,0.9857077,0.0025503065
1523.6237615373818,1523.6237615373818,0.98327446,0.002549858
1523.625150456538,1523.625150456538,0.98376024,0.0025523778
1523.6265393755777,1523.6265393755777,0.9832712,0.0025537591
1523.6279282947337,1523.6279282947337,0.9874967,0.002548574
1523.639039647399,1523.639039647399,0.9826342,0.002550638
1523.6404285664387,1523.6404285664387,0.98249835,0.0025441973
1523.6418174854787,1523.6418174854787,0.9845785,0.0025474115
1523.6432064046348,1523.6432064046348,0.98367274,0.0025484103
1523.6445953236746,1523.6445953236746,0.98015827,0.0025450932
1523.6459842427141,1523.6459842427141,0.98133206,0.0025456804
1523.6473731617536,1523.6473731617536,0.98380715,0.0025502106
1523.6487620809096,1523.6487620809096,0.9824213,0.0025550106
1523.6501509999491,1523.6501509999491,0.9794901,0.0025450415
1523.6515399189886,1523.6515399189886,0.9798845,0.0025456585
1523.6529288380277,1523.6529288380277,0.98314613,0.0025506562
1523.6543177570672,1523.6543177570672,0.9804235,0.0025455523
1523.655706676224,1523.655706676224,0.98712534,0.0025483705
1523.6570955952636,1523.6570955952636,0.9827857,0.0025565026
1523.6584845143027,1523.6584845143027,0.98089546,0.0025438266
1523.6598734333422,1523.6598734333422,0.9853097,0.0025550495
1523.6612623523822,1523.6612623523822,0.9808932,0.002551302
1523.662651271422,1523.662651271422,0.981447,0.0025431882
1523.6640401904608,1523.6640401904608,0.98575956,0.0025471735
1523.6654291095003,1523.6654291095003,0.9808853,0.002557693
1523.6668180285408,1523.6668180285408,0.9809224,0.0025500667
1523.6682069475803,1523.6682069475803,0.98104656,0.0025474117
1523.6695958666194,1523.6695958666194,0.9821172,0.0025536504
1523.670984785659,1523.670984785659,0.98053116,0.0025475132
1523.6723737046984,1523.6723737046984,0.982399,0.002546044
1523.673762623738,1523.673762623738,0.97765756,0.0025526911
1523.6751515427784,1523.6751515427784,0.98006743,0.0025485703
1523.676540461818,1523.676540461818,0.9790211,0.0025459246
1523.677929380857,1523.677929380857,0.9808726,0.0025576588
1523.6793182998956,1523.6793182998956,0.9797271,0.0025464837
1523.680707218936,1523.680707218936,0.9815884,0.0025446727
1523.6820961379765,1523.6820961379765,0.9794859,0.0025474608
1523.683485057015,1523.683485057015,0.9795117,0.0025553978
1523.6848739759378,1523.6848739759378,0.98097056,0.0025455814
1523.686262894978,1523.686262894978,0.98171073,0.0025471866
1523.6876518140182,1523.6876518140182,0.9828213,0.002552732
1523.6890407330573,1523.6890407330573,0.9800353,0.0025567408
1523.6904296520968,1523.6904296520968,0.9814714,0.002547584
1523.69181857102,1523.69181857102,0.980749,0.0025498949
1523.6932074900594,1523.6932074900594,0.97920734,0.0025596994
1523.694596409099,1523.694596409099,0.97871715,0.0025493894
1523.6959853280223,1523.6959853280223,0.9812126,0.0025490997
1523.697374247062,1523.697374247062,0.9823996,0.002548503
1523.6987631661007,1523.6987631661007,0.9779178,0.0025434296
1523.7001520851404,1523.7001520851404,0.97987103,0.002550696
1523.7015410040642,1523.7015410040642,0.9784217,0.002544585
1523.7029299231037,1523.7029299231037,0.98345363,0.0025455912
1523.7043188420264,1523.7043188420264,0.98021257,0.00255032
1523.7057077610668,1523.7057077610668,0.98006,0.0025561086
1523.7070966801068,1523.7070966801068,0.9826086,0.0025487288
1523.7084855990295,1523.7084855990295,0.9794605,0.0025534434
1523.7098745180683,1523.7098745180683,0.9803699,0.0025476338
1523.7112634369917,1523.7112634369917,0.9838573,0.0025531342
1523.7126523560316,1523.7126523560316,0.98110557,0.0025453283
1523.714041274955,1523.714041274955,0.97985053,0.0025466057
1523.7154301939938,1523.7154301939938,0.97697407,0.002548024
1523.716819112917,1523.716819112917,0.9790935,0.0025436727
1523.7182080319565,1523.7182080319565,0.9805792,0.0025446883
1523.7195969508798,1523.7195969508798,0.9786731,0.002546356
1523.7209858699196,1523.7209858699196,0.97885865,0.0025497004
1523.7223747888427,1523.7223747888427,0.9789881,0.0025619874
1523.7237637078822,1523.7237637078822,0.976562,0.002543819
1523.7251526268053,1523.7251526268053,0.9779911,0.0025525773
1523.7265415457293,1523.7265415457293,0.98253584,0.0025484771
1523.7279304647689,1523.7279304647689,0.97810525,0.0025444338
1523.7293193836915,1523.7293193836915,0.9799394,0.0025453668
1523.7307083026137,1523.7307083026137,0.97756165,0.0025451318
1523.7320972216542,1523.7320972216542,0.98099774,0.0025620556
1523.7334861405782,1523.7334861405782,0.97897804,0.0025479493
1523.7348750595004,1523.7348750595004,0.98149276,0.0025480075
1523.7362639785395,1523.7362639785395,0.9785531,0.002547355
1523.7376528974626,1523.7376528974626,0.9754877,0.0025419686
1523.7390418163866,1523.7390418163866,0.97622603,0.0025518003
1523.7404307353097,1523.7404307353097,0.9773991,0.0025555869
1523.7418196543492,1523.7418196543492,0.9815474,0.0025493118
1523.7432085732723,1523.7432085732723,0.9804841,0.0025591715
1523.7445974921955,1523.7445974921955,0.9782636,0.0025500855
1523.7459864111186,1523.7459864111186,0.9798109,0.0025518627
1523.747375330042,1523.747375330042,0.9760005,0.0025478692
1523.7487642489652,1523.7487642489652,0.9798031,0.0025433956
1523.7501531678874,1523.7501531678874,0.980256,0.0025454976
1523.7515420869272,1523.7515420869272,0.9788453,0.0025552732
1523.752931005851,1523.752931005851,0.97974765,0.0025582365
1523.754319924774,1523.754319924774,0.97815,0.0025442264
1523.7557088436968,1523.7557088436968,0.9814149,0.0025462722
1523.7570977626199,1523.7570977626199,0.9761871,0.0025503153
1523.758486681544,1523.758486681544,0.97603595,0.0025556057
1523.759875600467,1523.759875600467,0.9799407,0.0025454143
1523.7612645193894,1523.7612645193894,0.9794542,0.002548724
1523.7626534383128,1523.7626534383128,0.9783321,0.0025460396
1523.7640423572363,1523.7640423572363,0.9775061,0.0025470632
1523.7654312761597,1523.7654312761597,0.97927916,0.0025454757
1523.7668201950821,1523.7668201950821,0.97702205,0.0025445751
1523.7682091140052,1523.7682091140052,0.978331,0.0025522937
1523.7695980329283,1523.7695980329283,0.97405326,0.0025436464
1523.7709869517353,1523.7709869517353,0.97775316,0.0025453884
1523.772375870659,1523.772375870659,0.9768852,0.002546075
1523.7737647895822,1523.7737647895822,0.9789988,0.0025473295
1523.7751537085048,1523.7751537085048,0.9761871,0.002545814
1523.7765426274275,1523.7765426274275,0.97920376,0.0025479556
1523.777931546351,1523.777931546351,0.9775624,0.0025450264
1523.7793204651587,1523.7793204651587,0.9808248,0.0025522748
1523.7807093840813,1523.7807093840813,0.9789162,0.0025448946
1523.7820983030035,1523.7820983030035,0.9769274,0.0025452822
1523.7834872219275,1523.7834872219275,0.97764206,0.0025488285
1523.784876140735,1523.784876140735,0.9779467,0.0025435865
1523.7862650596574,1523.7862650596574,0.9742639,0.0025520916
1523.7876539785805,1523.7876539785805,0.972955,0.0025458501
1523.7890428975038,1523.7890428975038,0.9770868,0.002553347
1523.7904318163107,1523.7904318163107,0.9786974,0.0025497628
1523.7918207352338,1523.7918207352338,0.97569746,0.0025472976
1523.793209654157,1523.793209654157,0.9761873,0.002544286
1523.7945985729637,1523.7945985729637,0.976918,0.002544475
1523.7959874918863,1523.7959874918863,0.9799152,0.0025461842
1523.797376410693,1523.797376410693,0.97679996,0.0025474268
1523.7987653296168,1523.7987653296168,0.97704685,0.002546384
1523.8001542485401,1523.8001542485401,0.9802004,0.0025457668
1523.801543167346,1523.801543167346,0.98118526,0.0025527505
1523.8029320862693,1523.8029320862693,0.9807151,0.0025501803
1523.8043210050766,1523.8043210050766,0.9784193,0.0025474268
1523.8057099239998,1523.8057099239998,0.9781869,0.0025455705
1523.807098842806,1523.807098842806,0.97798747,0.00255091
1523.808487761729,1523.808487761729,0.98028624,0.002549157
1523.8098766805367,1523.8098766805367,0.9791262,0.0025478615
1523.8112655994598,1523.8112655994598,0.9851697,0.0025510916
1523.8126545182658,1523.8126545182658,0.9834488,0.0025590851
1523.8140434370728,1523.8140434370728,0.97438544,0.002546033
1523.8154323559959,1523.8154323559959,0.9804525,0.002543837
1523.8168212748026,1523.8168212748026,0.978789,0.0025564937
1523.8182101937257,1523.8182101937257,0.9769612,0.00254885
1523.8195991125324,1523.8195991125324,0.982744,0.0025486627
1523.820988031339,1523.820988031339,0.98226744,0.0025549508
1523.8223769502624,1523.8223769502624,0.98152053,0.0025472569
1523.8237658690698,1523.8237658690698,0.9828083,0.0025479577
1523.8251547878765,1523.8251547878765,0.9805569,0.0025469547
1523.8265437066827,1523.8265437066827,0.98381585,0.0025496439
1523.8279326256054,1523.8279326256054,0.9831856,0.0025581566
1523.8293215444126,1523.8293215444126,0.9826006,0.002546744
1523.8307104632202,1523.8307104632202,0.98135227,0.0025471298
1523.8320993820262,1523.8320993820262,0.98326755,0.0025506676
1523.8334883009486,1523.8334883009486,0.9787182,0.0025491666
1523.8348772197553,1523.8348772197553,0.9834109,0.0025511659
1523.836266138563,1523.836266138563,0.9795712,0.0025489728
1523.8376550573696,1523.8376550573696,0.98155177,0.0025448308
1523.8390439761763,1523.8390439761763,0.97764426,0.0025486206
1523.8404328949832,1523.8404328949832,0.9824235,0.0025562474
1523.8418218137901,1523.8418218137901,0.98462594,0.0025486818
1523.8432107327133,1523.8432107327133,0.9789785,0.002553345
1523.84459965152,1523.84459965152,0.97848177,0.002552623
1523.8459885703267,1523.8459885703267,0.9825672,0.002548932
1523.847377489133,1523.847377489133,0.9813237,0.002544222
1523.8487664079396,1523.8487664079396,0.980225,0.0025466145
1523.850155326747,1523.850155326747,0.97913605,0.002557962
1523.851544245554,1523.851544245554,0.9814379,0.002548713
1523.8529331643597,1523.8529331643597,0.98132294,0.0025482138
1523.8543220831664,1523.8543220831664,0.9804701,0.0025555883
1523.855711001974,1523.855711001974,0.98292565,0.0025513682
1523.8570999207807,1523.8570999207807,0.9812401,0.0025472438
1523.8584888394705,1523.8584888394705,0.98239046,0.002551015
1523.8598777582772,1523.8598777582772,0.97959125,0.002546418
1523.8612666770848,1523.8612666770848,0.98131806,0.002548362
1523.8626555958915,1523.8626555958915,0.98134017,0.0025467293
1523.8640445146975,1523.8640445146975,0.97866136,0.0025458462
1523.8654334335044,1523.8654334335044,0.9814132,0.0025486746
1523.8668223523111,1523.8668223523111,0.9816604,0.0025497915
1523.8682112710014,1523.8682112710014,0.9800388,0.0025501866
1523.8696001898081,1523.8696001898081,0.9814101,0.002549686
1523.8709891086148,1523.8709891086148,0.97948414,0.0025486262
1523.8723780274215,1523.8723780274215,0.9826607,0.0025485759
1523.8737669462278,1523.8737669462278,0.98078495,0.002549854
1523.875155864919,1523.875155864919,0.9829321,0.0025519708
1523.876544783726,1523.876544783726,0.98241675,0.0025467146
1523.8779337025323,1523.8779337025323,0.9871273,0.0025492639
1523.879322621222,1523.879322621222,0.98470175,0.0025484464
1523.8807115400293,1523.8807115400293,0.9830861,0.0025473079
1523.882100458837,1523.882100458837,0.9791907,0.0025484147
1523.8834893775265,1523.8834893775265,0.9822774,0.0025466916
1523.8848782963325,1523.8848782963325,0.9821146,0.002558244
1523.8862672151392,1523.8862672151392,0.98197055,0.002547433
1523.8876561338304,1523.8876561338304,0.98320377,0.0025496788
1523.8890450526371,1523.8890450526371,0.98243195,0.00254917
1523.8904339713274,1523.8904339713274,0.9816494,0.002549179
1523.891822890134,1523.891822890134,0.98116946,0.0025599636
1523.893211808824,1523.893211808824,0.98349434,0.0025499994
1523.8946007276306,1523.8946007276306,0.9827147,0.0025480925
1523.8959896463218,1523.8959896463218,0.9831224,0.0025476282
1523.8973785651285,1523.8973785651285,0.9831403,0.0025555056
1523.8987674838183,1523.8987674838183,0.9844158,0.0025471654
1523.900156402625,1523.900156402625,0.98058057,0.0025470713
1523.901545321316,1523.901545321316,0.9853615,0.002552067
1523.902934240123,1523.902934240123,0.9847639,0.0025494841
1523.9043231588123,1523.9043231588123,0.98112065,0.0025529298
1523.9057120775026,1523.9057120775026,0.98178744,0.002557976
1523.9071009963102,1523.9071009963102,0.9833677,0.0025460373
1523.9084899150005,1523.9084899150005,0.9858792,0.0025533994
1523.9098788338067,1523.9098788338067,0.98575884,0.0025485717
1523.911267752497,1523.911267752497,0.9817587,0.0025546718
1523.9126566711873,1523.9126566711873,0.98159546,0.0025511466
1523.914045589994,1523.914045589994,0.9841254,0.002548167
1523.9154345086843,1523.9154345086843,0.9836267,0.0025596113
1523.9168234273748,1523.9168234273748,0.98497915,0.0025487542
1523.9182123460653,1523.9182123460653,0.98743,0.0025509545
1523.919601264872,1523.919601264872,0.9831099,0.0025493763
1523.9209901835623,1523.9209901835623,0.98453885,0.0025472478
1523.9223791022525,1523.9223791022525,0.9865957,0.0025483463
1523.9237680209428,1523.9237680209428,0.9842762,0.0025474993
1523.9251569396326,1523.9251569396326,0.9831803,0.0025555594
1523.92654585844,1523.92654585844,0.9854769,0.002549115
1523.927934777131,1523.927934777131,0.9867103,0.002549907
1523.9293236958208,1523.9293236958208,0.98281646,0.0025485964
1523.9307126145104,1523.9307126145104,0.99099207,0.0025497647
1523.932101533201,1523.932101533201,0.9811983,0.002547558
1523.9334904518917,1523.9334904518917,0.9886302,0.002548364
1523.9348793705822,1523.9348793705822,0.9859549,0.0025489156
1523.9362682892718,1523.9362682892718,0.98454654,0.0025485945
1523.937657207962,1523.937657207962,0.9876261,0.0025512185
1523.9390461266532,1523.9390461266532,0.9875542,0.0025531899
1523.9404350453435,1523.9404350453435,0.9839431,0.002550384
1523.9418239640338,1523.9418239640338,0.98680174,0.002554984
1523.943212882724,1523.943212882724,0.9897542,0.0025480208
1523.944601801414,1523.944601801414,0.9886766,0.0025485742
1523.9459907201042,1523.9459907201042,0.9883818,0.0025499251
1523.9473796387954,1523.9473796387954,0.9880203,0.0025526523
1523.9487685574857,1523.9487685574857,0.9868965,0.0025485118
1523.9501574761755,1523.9501574761755,0.986919,0.0025647173
1523.9515463948649,1523.9515463948649,0.986381,0.0025544774
1523.952935313556,1523.952935313556,0.98827434,0.0025499589
1523.9543242321306,1523.9543242321306,0.98519295,0.0025518953
1523.9557131508202,1523.9557131508202,0.98777777,0.0025472
1523.9571020695105,1523.9571020695105,0.98612624,0.0025499433
1523.9584909882017,1523.9584909882017,0.98832065,0.0025515945
1523.959879906892,1523.959879906892,0.9853322,0.0025460355
1523.9612688254654,1523.9612688254654,0.98604304,0.002547187
1523.9626577441556,1523.9626577441556,0.9901577,0.0025611734
1523.964046662846,1523.964046662846,0.98752755,0.002555175
1523.9654355815362,1523.9654355815362,0.98712045,0.002554892
1523.96682450011,1523.96682450011,0.98844266,0.0025544532
1523.9682134188006,1523.9682134188006,0.9928083,0.0025538884
1523.969602337491,1523.969602337491,0.9897044,0.0025526346
1523.970991256064,1523.970991256064,0.98835087,0.0025561356
1523.9723801747552,1523.9723801747552,0.9861335,0.002550072
1523.9737690934464,1523.9737690934464,0.9890158,0.0025556954
1523.9751580120194,1523.9751580120194,0.98654866,0.0025534905
1523.9765469307092,1523.9765469307092,0.99094266,0.002563849
1523.9779358492838,1523.9779358492838,0.98681086,0.0025471614
1523.9793247679747,1523.9793247679747,0.98746985,0.0025502841
1523.9807136866646,1523.9807136866646,0.98890793,0.0025523172
1523.9821026052377,1523.9821026052377,0.9899153,0.0025511004
1523.9834915239283,1523.9834915239283,0.9882233,0.0025508446
1523.9848804425026,1523.9848804425026,0.9872684,0.0025519766
1523.986269361193,1523.986269361193,0.99284536,0.0025609643
1523.9876582797663,1523.9876582797663,0.9904417,0.0025512427
1523.9890471984565,1523.9890471984565,0.98750764,0.00255012
1523.9904361170304,1523.9904361170304,0.9882121,0.0025511708
1523.9918250356045,1523.9918250356045,0.99204826,0.0025516425
1523.9932139542955,1523.9932139542955,0.990187,0.0025577822
1523.9946028728693,1523.9946028728693,0.9906998,0.0025540292
1523.9959917915592,1523.9959917915592,0.99292684,0.0025542842
1523.997380710133,1523.997380710133,0.9924643,0.0025528506
1523.9987696287078,1523.9987696287078,0.9907853,0.0025557629
1524.000158547398,1524.000158547398,0.9953739,0.0025523044
1524.0015474659713,1524.0015474659713,0.9931842,0.0025534492
1524.0029363845445,1524.0029363845445,0.9896269,0.0025602037
1524.0043253032356,1524.0043253032356,0.9932358,0.0025562604
1524.0057142218102,1524.0057142218102,1.0017523,0.002560381
1524.0071031403834,1524.0071031403834,0.99833405,0.0025518602
1524.0084920589572,1524.0084920589572,0.9971902,0.002553829
1524.0098809776478,1524.0098809776478,0.9936974,0.0025515796
1524.0112698962218,1524.0112698962218,0.9915483,0.0025514266
1524.0126588147957,1524.0126588147957,0.99219745,0.0025508807
1524.0140477333696,1524.0140477333696,0.9937078,0.0025516194
1524.0154366519434,1524.0154366519434,0.99335533,0.002553639
1524.0168255705173,1524.0168255705173,0.99151266,0.0025520436
1524.0182144892076,1524.0182144892076,0.9947702,0.0025510087
1524.0196034077817,1524.0196034077817,0.9968886,0.0025527258
1524.0209923263558,1524.0209923263558,0.9951623,0.0025596565
1524.0223812449287,1524.0223812449287,0.9955502,0.0025564511
1524.0237701635035,1524.0237701635035,0.993635,0.0025536784
1524.0251590820783,1524.0251590820783,0.9936845,0.0025552544
1524.0265480006512,1524.0265480006512,0.9953804,0.0025537973
1524.0279369192247,1524.0279369192247,1.0002627,0.002559798
1524.0293258377985,1524.0293258377985,0.9949512,0.0025508408
1524.0307147563733,1524.0307147563733,0.9954445,0.0025538083
1524.0321036749472,1524.0321036749472,0.9940687,0.0025516497
1524.0334925935204,1524.0334925935204,0.99724394,0.0025542313
1524.0348815120944,1524.0348815120944,0.9927321,0.0025552758
1524.0362704306688,1524.0362704306688,0.995951,0.0025686093
1524.0376593492426,1524.0376593492426,0.9952799,0.0025513363
1524.039048267816,1524.039048267816,0.99698687,0.0025561324
1524.0404371862735,1524.0404371862735,0.9958802,0.002554048
1524.0418261048474,1524.0418261048474,0.99826396,0.0025542253
1524.0432150234215,1524.0432150234215,0.997068,0.0025528807
1524.044603941996,1524.044603941996,0.99525285,0.0025667201
1524.0459928605699,1524.0459928605699,0.9966035,0.002558616
1524.0473817791433,1524.0473817791433,0.99591535,0.0025546472
1524.0487706976,1524.0487706976,0.9962005,0.0025543254
1524.0501596161746,1524.0501596161746,0.9946619,0.0025551452
1524.0515485347494,1524.0515485347494,0.9924529,0.0025524865
1524.0529374533226,1524.0529374533226,0.9953771,0.002554536
1524.0543263717793,1524.0543263717793,0.9972352,0.0025561363
1524.055715290354,1524.055715290354,0.9984269,0.0025569606
1524.0571042089286,1524.0571042089286,0.99765587,0.002557318
1524.0584931273854,1524.0584931273854,1.0023099,0.0025590942
1524.0598820459593,1524.0598820459593,0.99656284,0.0025551831
1524.0612709645332,1524.0612709645332,0.99783516,0.002552614
1524.0626598829908,1524.0626598829908,0.99590343,0.0025564316
1524.064048801565,1524.064048801565,0.9977102,0.002556007
1524.0654377201388,1524.0654377201388,0.9972797,0.002554294
1524.0668266385962,1524.0668266385962,0.996913,0.0025535326
1524.0682155571697,1524.0682155571697,0.9992028,0.002555287
1524.069604475627,1524.069604475627,0.9950453,0.0025595995
1524.0709933942017,1524.0709933942017,0.9963813,0.0025618584
1524.0723823126593,1524.0723823126593,0.9980299,0.0025559207
1524.0737712312323,1524.0737712312323,0.997633,0.00255817
1524.0751601496897,1524.0751601496897,1.0028619,0.0025579494
1524.0765490682645,1524.0765490682645,1.0034996,0.0025602109
1524.077937986722,1524.077937986722,1.0013049,0.0025549575
1524.0793269052954,1524.0793269052954,1.0005167,0.002568231
1524.0807158237528,1524.0807158237528,1.0020188,0.0025629932
1524.0821047422112,1524.0821047422112,1.0026997,0.0025573098
1524.083493660785,1524.083493660785,1.001247,0.0025570076
1524.0848825792416,1524.0848825792416,1.0018257,0.00256001
1524.0862714978157,1524.0862714978157,0.9970851,0.0025543969
1524.0876604162734,1524.0876604162734,0.9978581,0.0025582714
1524.0890493347308,1524.0890493347308,0.99981666,0.0025551438
1524.0904382533047,1524.0904382533047,0.99912024,0.0025594966
1524.0918271717621,1524.0918271717621,1.0034947,0.0025587978
1524.0932160902196,1524.0932160902196,0.99637765,0.0025539598
1524.0946050086773,1524.0946050086773,1.001572,0.0025561233
1524.0959939272518,1524.0959939272518,1.0020438,0.0025662873
1524.0973828457093,1524.0973828457093,1.0018536,0.0025554723
1524.0987717641663,1524.0987717641663,0.9981047,0.0025579159
1524.100160682623,1524.100160682623,1.0017992,0.002558947
1524.1015496010812,1524.1015496010812,0.9985203,0.00255579
1524.102938519656,1524.102938519656,0.9997517,0.0025581375
1524.1043274381127,1524.1043274381127,1.0020815,0.0025568407
1524.1057163565695,1524.1057163565695,1.004039,0.002560945
1524.107105275027,1524.107105275027,1.0004116,0.00255752
1524.1084941934853,1524.1084941934853,1.0022175,0.002556851
1524.1098831119427,1524.1098831119427,1.0032266,0.002557624
1524.1112720304002,1524.1112720304002,1.004129,0.0025552677
1524.1126609488576,1524.1126609488576,1.0034727,0.0025573883
1524.1140498673153,1524.1140498673153,0.9991586,0.0025602633
1524.115438785773,1524.115438785773,1.0038298,0.002557638
1524.1168277042304,1524.1168277042304,1.0030445,0.0025623387
1524.118216622688,1524.118216622688,0.9984238,0.002556586
1524.119605541145,1524.119605541145,1.0014628,0.002571058
1524.1209944596023,1524.1209944596023,1.0018601,0.0025542341
1524.1223833780602,1524.1223833780602,1.006104,0.0025596176
1524.123772296518,1524.123772296518,1.0028485,0.0025571526
1524.1251612149747,1524.1251612149747,1.0023968,0.0025563843
1524.1265501334317,1524.1265501334317,0.99978244,0.0025580046
1524.1279390518898,1524.1279390518898,1.0017926,0.0025611154
1524.129327970348,1524.129327970348,1.0041423,0.0025653637
1524.130716888805,1524.130716888805,1.0020895,0.0025569033
1524.1321058072624,1524.1321058072624,1.0043619,0.0025566372
1524.1334947256044,1524.1334947256044,1.0043157,0.0025599485
1524.1348836440618,1524.1348836440618,1.0014533,0.002555775
1524.1362725625183,1524.1362725625183,1.0045501,0.0025592505
1524.137661480976,1524.137661480976,1.0039569,0.0025645695
1524.1390503993173,1524.1390503993173,1.0021274,0.0025666715
1524.1404393177747,1524.1404393177747,1.0066073,0.002558769
1524.1418282362322,1524.1418282362322,1.0056298,0.0025606153
1524.1432171546896,1524.1432171546896,1.002518,0.002561796
1524.1446060730307,1524.1446060730307,0.9974201,0.0025564814
1524.1459949914877,1524.1459949914877,1.0042316,0.0025624642
1524.1473839099458,1524.1473839099458,1.004088,0.0025571922
1524.1487728282875,1524.1487728282875,1.0044739,0.0025573312
1524.1501617467445,1524.1501617467445,1.0077085,0.0025615115
1524.1515506652013,1524.1515506652013,1.0045242,0.0025576176
1524.152939583543,1524.152939583543,1.0043119,0.0025563696
1524.1543285020014,1524.1543285020014,1.0044936,0.0025634232
1524.1557174203417,1524.1557174203417,1.0038675,0.0025596689
1524.1571063387985,1524.1571063387985,1.0054836,0.0025571175
1524.1584952571395,1524.1584952571395,1.0061972,0.0025639948
1524.1598841755979,1524.1598841755979,1.0036975,0.0025558956
1524.161273093939,1524.161273093939,0.999626,0.002557891
1524.162662012396,1524.162662012396,1.0051826,0.002563575
1524.164050930737,1524.164050930737,1.0049083,0.002560703
1524.1654398491944,1524.1654398491944,1.0074419,0.002559973
1524.1668287675354,1524.1668287675354,1.011311,0.0025609666
1524.1682176859938,1524.1682176859938,1.0086361,0.0025583776
1524.1696066043348,1524.1696066043348,1.0057222,0.0025650752
1524.1709955226752,1524.1709955226752,1.0045892,0.0025591361
1524.1723844411329,1524.1723844411329,1.0053419,0.0025602786
1524.1737733594744,1524.1737733594744,1.0022495,0.002557852
1524.175162277932,1524.175162277932,1.0075575,0.002562352
1524.1765511962724,1524.1765511962724,1.0051155,0.002559487
1524.177940114613,1524.177940114613,1.0070866,0.002565095
1524.179329033071,1524.179329033071,1.0083926,0.0025612467
1524.1807179514128,1524.1807179514128,1.0047472,0.00256516
1524.1821068697534,1524.1821068697534,1.0105121,0.0025650146
1524.1834957880944,1524.1834957880944,1.0069329,0.0025655364
1524.1848847065519,1524.1848847065519,1.0056016,0.0025581112
1524.186273624893,1524.186273624893,1.0079205,0.0025610835
1524.187662543234,1524.187662543234,1.0062944,0.0025604442
1524.1890514615752,1524.1890514615752,1.0090977,0.0025625364
1524.1904403799165,1524.1904403799165,1.0108831,0.0025668554
1524.1918292982575,1524.1918292982575,1.0086504,0.002572762
1524.193218216715,1524.193218216715,1.0058874,0.0025666796
1524.194607135056,1524.194607135056,1.0075495,0.0025695686
1524.195996053397,1524.195996053397,1.0075067,0.0025603084
1524.1973849717376,1524.1973849717376,1.0029681,0.0025571412
1524.1987738900793,1524.1987738900793,1.007852,0.0025644766
1524.200162808421,1524.200162808421,1.0067055,0.002571642
1524.2015517267616,1524.2015517267616,1.0099081,0.002561656
1524.202940645102,1524.202940645102,1.0095829,0.0025614256
1524.2043295634433,1524.2043295634433,1.0088228,0.0025610458
1524.2057184817847,1524.2057184817847,1.0109944,0.0025622172
1524.2071074001258,1524.2071074001258,1.0121113,0.0025636337
1524.2084963184664,1524.2084963184664,1.0084132,0.0025595888
1524.2098852368074,1524.2098852368074,1.005457,0.0025602533
1524.2112741551493,1524.2112741551493,1.0123528,0.0025587496
1524.2126630734904,1524.2126630734904,1.0074986,0.0025630803
1524.214051991831,1524.214051991831,1.0098563,0.0025604742
1524.215440910172,1524.215440910172,1.0081053,0.002558978
1524.2168298283966,1524.2168298283966,1.0063515,0.0025613809
1524.2182187467376,1524.2182187467376,1.0079755,0.0025615173
1524.2196076650796,1524.2196076650796,1.00573,0.0025586605
1524.2209965834206,1524.2209965834206,1.0084894,0.0025611247
1524.222385501761,1524.222385501761,1.0089253,0.0025640442
1524.2237744201013,1524.2237744201013,1.0077928,0.0025601273
1524.2251633383269,1524.2251633383269,1.0080066,0.0025606542
1524.2265522566686,1524.2265522566686,1.0117099,0.0025592044
1524.227941175009,1524.227941175009,1.0077411,0.0025654677
1524.2293300933495,1524.2293300933495,1.0103534,0.0025621215
1524.2307190115748,1524.2307190115748,1.010608,0.0025609762
1524.2321079299165,1524.2321079299165,1.0101074,0.0025611606
1524.2334968482571,1524.2334968482571,1.0109719,0.002558818
1524.2348857664817,1524.2348857664817,1.0064502,0.002565155
1524.2362746848228,1524.2362746848228,1.0082275,0.002560936
1524.2376636031638,1524.2376636031638,1.01159,0.0025642246
1524.2390525213884,1524.2390525213884,1.0055887,0.0025573794
1524.2404414397297,1524.2404414397297,1.0129714,0.0025673523
1524.2418303579545,1524.2418303579545,1.0092404,0.0025613413
1524.2432192762947,1524.2432192762947,1.0110224,0.0025658058
1524.2446081945193,1524.2446081945193,1.0127295,0.0025609373
1524.2459971128612,1524.2459971128612,1.0132616,0.0025749665
1524.2473860310859,1524.2473860310859,1.0108579,0.0025673336
1524.2487749494264,1524.2487749494264,1.0127417,0.0025653301
1524.2501638676504,1524.2501638676504,1.0122892,0.0025604183
1524.251552785992,1524.251552785992,1.0125294,0.0025598814
1524.2529417042176,1524.2529417042176,1.0137004,0.0025619916
1524.2543306225577,1524.2543306225577,1.0130308,0.0025612556
1524.2557195407826,1524.2557195407826,1.0112877,0.0025617334
1524.2571084591243,1524.2571084591243,1.0103272,0.002561949
1524.258497377349,1524.258497377349,1.0112388,0.0025613909
1524.259886295573,1524.259886295573,1.0109315,0.002567168
1524.2612752139141,1524.2612752139141,1.013403,0.0025727109
1524.2626641321388,1524.2626641321388,1.0130446,0.002562586
1524.2640530503636,1524.2640530503636,1.0120497,0.0025618162
1524.2654419687049,1524.2654419687049,1.0137599,0.002572526
1524.2668308869295,1524.2668308869295,1.0105685,0.0025725283
1524.268219805154,1524.268219805154,1.0064692,0.0025644994
1524.2696087234945,1524.2696087234945,1.0166603,0.0025615979
1524.2709976417198,1524.2709976417198,1.0121824,0.0025592383
1524.2723865599453,1524.2723865599453,1.0125916,0.0025647946
1524.2737754781692,1524.2737754781692,1.010924,0.0025647779
1524.2751643963932,1524.2751643963932,1.0154767,0.0025647401
1524.276553314735,1524.276553314735,1.0107975,0.0025589585
1524.2779422329604,1524.2779422329604,1.0138328,0.0025631443
1524.2793311511844,1524.2793311511844,1.0085799,0.0025618298
1524.2807200694085,1524.2807200694085,1.0168746,0.0025661555
1524.2821089876331,1524.2821089876331,1.0152063,0.002562487
1524.2834979058584,1524.2834979058584,1.0120344,0.0025605205
1524.2848868240833,1524.2848868240833,1.0149664,0.0025661227
1524.286275742307,1524.286275742307,1.0086831,0.0025676016
1524.2876646605318,1524.2876646605318,1.0129832,0.0025633867
1524.2890535787567,1524.2890535787567,1.0119984,0.0025671236
1524.2904424969813,1524.2904424969813,1.0168575,0.0025651199
1524.2918314152064,1524.2918314152064,1.0140449,0.002561292
1524.2932203334312,1524.2932203334312,1.0150447,0.002569443
1524.2946092516552,1524.2946092516552,1.0121073,0.0025613005
1524.2959981698798,1524.2959981698798,1.0117077,0.002561344
1524.2973870881053,1524.2973870881053,1.0128468,0.0025623862
1524.29877600633,1524.29877600633,1.0138421,0.0025694324
1524.300164924554,1524.300164924554,1.0133157,0.002566263
1524.3015538427778,1524.3015538427778,1.0128758,0.0025626768
1524.3029427610034,1524.3029427610034,1.0137482,0.0025735248
1524.3043316792289,1524.3043316792289,1.0147943,0.0025643788
1524.3057205974526,1524.3057205974526,1.0122331,0.0025605701
1524.307109515561,1524.307109515561,1.0140796,0.0025632507
1524.3084984337859,1524.3084984337859,1.0132405,0.002563282
1524.3098873520105,1524.3098873520105,1.0156119,0.0025648742
1524.311276270235,1524.311276270235,1.0166955,0.0025656119
1524.3126651884597,1524.3126651884597,1.0144926,0.0025642875
1524.314054106568,1524.314054106568,1.0129532,0.0025636186
1524.3154430247926,1524.3154430247926,1.0161719,0.0025637627
1524.3168319430174,1524.3168319430174,1.0160381,0.0025613238
1524.3182208611258,1524.3182208611258,1.0138721,0.0025620125
1524.3196097793505,1524.3196097793505,1.0156127,0.0025654596
1524.3209986975744,1524.3209986975744,1.0105238,0.0025656992
1524.3223876156828,1524.3223876156828,1.0162112,0.0025679378
1524.323776533908,1524.323776533908,1.014506,0.0025676964
1524.3251654521328,1524.3251654521328,1.0141237,0.00256538
1524.3265543702403,1524.3265543702403,1.0155399,0.0025770091
1524.327943288465,1524.327943288465,1.0159096,0.0025653946
1524.329332206574,1524.329332206574,1.0131657,0.002560674
1524.3307211247986,1524.3307211247986,1.0131881,0.0025656126
1524.3321100429064,1524.3321100429064,1.0148691,0.002562935
1524.333498961131,1524.333498961131,1.0160857,0.0025652144
1524.33488787924,1524.33488787924,1.0126513,0.0025591506
1524.3362767974647,1524.3362767974647,1.0144477,0.002565444
1524.337665715572,1524.337665715572,1.0173742,0.0025637364
1524.3390546337966,1524.3390546337966,1.0141678,0.0025617657
1524.340443551905,1524.340443551905,1.0143056,0.002562381
1524.34183247013,1524.34183247013,1.0128075,0.0025646042
1524.3432213882386,1524.3432213882386,1.0139921,0.0025657555
1524.3446103064634,1524.3446103064634,1.0144249,0.0025678757
1524.345999224571,1524.345999224571,1.0161736,0.0025658733
1524.3473881426787,1524.3473881426787,1.0126151,0.0025645595
1524.348777060904,1524.348777060904,1.0137199,0.0025638824
1524.350165979013,1524.350165979013,1.0171373,0.002575961
1524.3515548971206,1524.3515548971206,1.0137471,0.0025715632
1524.352943815228,1524.352943815228,1.0153371,0.0025648368
1524.3543327334535,1524.3543327334535,1.0169679,0.0025655844
1524.3557216515626,1524.3557216515626,1.0150383,0.0025644656
1524.3571105696699,1524.3571105696699,1.0194951,0.0025636142
1524.3584994877776,1524.3584994877776,1.0124631,0.0025714622
1524.3598884060023,1524.3598884060023,1.0161936,0.002566355
1524.3612773241114,1524.3612773241114,1.01598,0.0025640097
1524.3626662422196,1524.3626662422196,1.0162072,0.0025648202
1524.3640551603278,1524.3640551603278,1.0164449,0.0025832632
1524.365444078436,1524.365444078436,1.0125431,0.0025660265
1524.3668329966602,1524.3668329966602,1.0135862,0.0025628272
1524.3682219147684,1524.3682219147684,1.0142064,0.0025673888
1524.3696108328775,1524.3696108328775,1.0177855,0.0025671592
1524.3709997509857,1524.3709997509857,1.0139701,0.002569491
1524.3723886690932,1524.3723886690932,1.0165108,0.0025655814
1524.3737775872016,1524.3737775872016,1.0159168,0.0025645767
1524.3751665053103,1524.3751665053103,1.0190055,0.0025641022
1524.3765554234185,1524.3765554234185,1.0148844,0.0025648745
1524.3779443415262,1524.3779443415262,1.0172061,0.0025641997
1524.3793332596344,1524.3793332596344,1.0181428,0.0025671343
1524.3807221777436,1524.3807221777436,1.012554,0.0025626037
1524.3821110958518,1524.3821110958518,1.0177047,0.0025662468
1524.3835000139595,1524.3835000139595,1.015256,0.0025640503
1524.3848889320677,1524.3848889320677,1.0111785,0.0025614314
1524.386277850176,1524.386277850176,1.0165743,0.0025656903
1524.3876667681677,1524.3876667681677,1.0167309,0.0025639993
1524.389055686276,1524.389055686276,1.0166408,0.0025645017
1524.3904446043841,1524.3904446043841,1.0179753,0.0025659604
1524.3918335224926,1524.3918335224926,1.0143981,0.0025616232
1524.393222440601,1524.393222440601,1.014365,0.0025704817
1524.3946113587092,1524.3946113587092,1.0150162,0.0025666833
1524.396000276701,1524.396000276701,1.01734,0.002570557
1524.3973891948092,1524.3973891948092,1.0171938,0.0025638544
1524.398778112917,1524.398778112917,1.0175662,0.002565462
1524.4001670310258,1524.4001670310258,1.0169114,0.0025690475
1524.4015559490183,1524.4015559490183,1.015785,0.002567954
1524.402944867126,1524.402944867126,1.012548,0.0025637043
1524.4043337852333,1524.4043337852333,1.0148011,0.0025609706
1524.4057227033418,1524.4057227033418,1.0157537,0.0025633883
1524.4071116213343,1524.4071116213343,1.0129461,0.0025611639
1524.4085005394425,1524.4085005394425,1.013793,0.0025626756
1524.4098894574338,1524.4098894574338,1.0136305,0.002565943
1524.411278375542,1524.411278375542,1.0160693,0.0025633455
1524.412667293651,1524.412667293651,1.0142539,0.0025647623
1524.414056211643,1524.414056211643,1.0157715,0.002563128
1524.4154451297504,1524.4154451297504,1.0138521,0.0025606987
1524.4168340477424,1524.4168340477424,1.0163225,0.0025709434
1524.4182229658506,1524.4182229658506,1.015575,0.0025646465
1524.4196118838424,1524.4196118838424,1.0160475,0.0025649602
1524.4210008019515,1524.4210008019515,1.014793,0.002566582
1524.4223897199433,1524.4223897199433,1.0125225,0.0025668123
1524.4237786380506,1524.4237786380506,1.0153202,0.002563523
1524.425167556042,1524.425167556042,1.0160325,0.002565547
1524.426556474151,1524.426556474151,1.0153792,0.0025660093
1524.4279453921433,1524.4279453921433,1.0141207,0.0025633848
1524.4293343101347,1524.4293343101347,1.0148559,0.002567534
1524.4307232282424,1524.4307232282424,1.0174559,0.0025659217
1524.4321121462347,1524.4321121462347,1.0120003,0.0025637564
1524.4335010643438,1524.4335010643438,1.0182805,0.0025657811
1524.434889982335,1524.434889982335,1.0150898,0.002574528
1524.436278900327,1524.436278900327,1.0132881,0.0025611755
1524.437667818435,1524.437667818435,1.015433,0.0025644228
1524.439056736427,1524.439056736427,1.0123724,0.0025773335
1524.4404456544187,1524.4404456544187,1.0136639,0.0025626628
1524.4418345724105,1524.4418345724105,1.0168186,0.0025653532
1524.443223490519,1524.443223490519,1.017163,0.002564829
1524.44461240851,1524.44461240851,1.0147065,0.002567085
1524.4460013265018,1524.4460013265018,1.0138503,0.0025640698
1524.4473902444945,1524.4473902444945,1.0142697,0.002563808
1524.4487791624863,1524.4487791624863,1.011995,0.0025634477
1524.4501680804776,1524.4501680804776,1.01751,0.002562468
1524.4515569985858,1524.4515569985858,1.0164809,0.0025678668
1524.4529459165783,1524.4529459165783,1.01841,0.0025641194
1524.4543348345703,1524.4543348345703,1.015783,0.0025675234
1524.4557237525612,1524.4557237525612,1.014262,0.0025684498
1524.4571126705532,1524.4571126705532,1.0163252,0.0025703234
1524.4585015885457,1524.4585015885457,1.0139142,0.0025719476
1524.4598905065375,1524.4598905065375,1.0149167,0.0025618048
1524.4612794245288,1524.4612794245288,1.0118791,0.0025628705
1524.4626683425206,1524.4626683425206,1.0135455,0.002571927
1524.4640572605124,1524.4640572605124,1.0143441,0.0025718992
1524.4654461785042,1524.4654461785042,1.0137042,0.002563822
1524.4668350964962,1524.4668350964962,1.0160809,0.002562709
1524.4682240144882,1524.4682240144882,1.0173007,0.0025657278
1524.46961293248,1524.46961293248,1.0153792,0.0025634218
1524.4710018504718,1524.4710018504718,1.0140543,0.0025679446
1524.4723907684645,1524.4723907684645,1.0138968,0.0025645224
1524.4737796864563,1524.4737796864563,1.0189695,0.002575039
1524.4751686043307,1524.4751686043307,1.0155866,0.0025621837
1524.476557522322,1524.476557522322,1.013073,0.0025618426
1524.4779464403148,1524.4779464403148,1.0157154,0.0025632016
1524.479335358307,1524.479335358307,1.0135477,0.0025638032
1524.4807242762984,1524.4807242762984,1.0131783,0.0025664717
1524.4821131941733,1524.4821131941733,1.0163493,0.0025667774
1524.483502112165,1524.483502112165,1.0187616,0.0025665273
1524.4848910301575,1524.4848910301575,1.0199103,0.0025634607
1524.4862799481496,1524.4862799481496,1.0136858,0.0025646358
1524.487668866024,1524.487668866024,1.0152283,0.0025631753
1524.4890577840158,1524.4890577840158,1.0146332,0.002563818
1524.4904467020085,1524.4904467020085,1.0190238,0.0025656049
1524.491835619884,1524.491835619884,1.0184308,0.0025775097
1524.4932245378757,1524.4932245378757,1.0188094,0.0025648726
1524.4946134558677,1524.4946134558677,1.0165242,0.0025663187
1524.4960023737424,1524.4960023737424,1.0181186,0.0025636973
1524.4973912917342,1524.4973912917342,1.0172403,0.0025735737
1524.4987802096105,1524.4987802096105,1.0158008,0.0025679301
1524.5001691276022,1524.5001691276022,1.0151938,0.0025616966
1524.5015580455936,1524.5015580455936,1.0162706,0.0025645415
1524.502946963468,1524.502946963468,1.0169623,0.0025683625
1524.5043358814607,1524.5043358814607,1.0175129,0.0025640144
1524.505724799337,1524.505724799337,1.0139867,0.002562412
1524.507113717328,1524.507113717328,1.0139866,0.002561636
1524.5085026352028,1524.5085026352028,1.0162641,0.002563758
1524.5098915531953,1524.5098915531953,1.01546,0.0025668626
1524.5112804710714,1524.5112804710714,1.0136433,0.0025639937
1524.5126693889463,1524.5126693889463,1.014326,0.0025664822
1524.514058306938,1524.514058306938,1.0140661,0.0025650505
1524.5154472248134,1524.5154472248134,1.0136762,0.002561378
1524.5168361428052,1524.5168361428052,1.0152086,0.0025638102
1524.5182250606808,1524.5182250606808,1.0107665,0.002565057
1524.5196139785564,1524.5196139785564,1.0110929,0.00256331
1524.5210028965482,1524.5210028965482,1.0119714,0.0025645448
1524.5223918144227,1524.5223918144227,1.0133703,0.002562384
1524.5237807322983,1524.5237807322983,1.014504,0.0025650822
1524.5251696501743,1524.5251696501743,1.0174232,0.0025649709
1524.5265585681661,1524.5265585681661,1.0129621,0.0025642912
1524.527947486041,1524.527947486041,1.0132459,0.0025632067
1524.5293364039173,1524.5293364039173,1.012224,0.0025654607
1524.5307253217932,1524.5307253217932,1.0123663,0.002564137
1524.532114239668,1524.532114239668,1.0139352,0.002563779
1524.5335031576594,1524.5335031576594,1.0140384,0.0025728089
1524.5348920755348,1524.5348920755348,1.011936,0.0025648014
1524.5362809934106,1524.5362809934106,1.0132406,0.002563407
1524.5376699112862,1524.5376699112862,1.0119776,0.0025687108
1524.539058829161,1524.539058829161,1.013925,0.0025618165
1524.5404477470363,1524.5404477470363,1.011986,0.0025620137
1524.541836664912,1524.541836664912,1.0079633,0.0025580116
1524.5432255827875,1524.5432255827875,1.0100275,0.0025665676
1524.5446145006629,1524.5446145006629,1.0102841,0.0025609317
1524.5460034185382,1524.5460034185382,1.013399,0.0025731388
1524.5473923364136,1524.5473923364136,1.0126631,0.0025585778
1524.548781254289,1524.548781254289,1.0096667,0.0025631695
1524.5501701721653,1524.5501701721653,1.0102092,0.002562683
1524.5515590900407,1524.5515590900407,1.0112545,0.002573523
1524.5529480079156,1524.5529480079156,1.0135136,0.002560657
1524.55433692579,1524.55433692579,1.0111496,0.0025634428
1524.5557258436663,1524.5557258436663,1.0095624,0.002560706
1524.5571147615426,1524.5571147615426,1.0108887,0.0025638398
1524.558503679417,1524.558503679417,1.0093015,0.0025598854
1524.559892597292,1524.559892597292,1.009961,0.0025635133
1524.561281515051,1524.561281515051,1.0104659,0.0025625613
1524.5626704329272,1524.5626704329272,1.0116482,0.0025661695
1524.5640593508026,1524.5640593508026,1.0114574,0.0025616505
1524.5654482686773,1524.5654482686773,1.0116836,0.0025609066
1524.566837186553,1524.566837186553,1.0069396,0.002561296
1524.5682261043123,1524.5682261043123,1.0060992,0.00256109
1524.5696150221877,1524.5696150221877,1.0111867,0.0025635157
1524.5710039400633,1524.5710039400633,1.0122526,0.0025628
1524.572392857939,1524.572392857939,1.0102917,0.0025610519
1524.573781775697,1524.573781775697,1.0130299,0.0025608698
1524.5751706935725,1524.5751706935725,1.0114238,0.0025744836
1524.5765596114486,1524.5765596114486,1.0122714,0.0025631087
1524.5779485292076,1524.5779485292076,1.0090973,0.0025627255
1524.5793374470825,1524.5793374470825,1.0059826,0.002562995
1524.580726364841,1524.580726364841,1.0110818,0.002564011
1524.5821152827168,1524.5821152827168,1.0087857,0.0025616975
1524.583504200593,1524.583504200593,1.0100759,0.0025604307
1524.5848931183514,1524.5848931183514,1.0104365,0.0025737141
1524.586282036227,1524.586282036227,1.0067421,0.0025591254
1524.5876709539864,1524.5876709539864,1.0103571,0.002561315
1524.589059871862,1524.589059871862,1.0069351,0.002559039
1524.5904487896203,1524.5904487896203,1.0087851,0.002562009
1524.5918377074956,1524.5918377074956,1.0093708,0.0025635748
1524.5932266252546,1524.5932266252546,1.0101056,0.0025608288
1524.5946155431302,1524.5946155431302,1.0082653,0.0025634333
1524.5960044608894,1524.5960044608894,1.0055244,0.0025674335
1524.5973933786483,1524.5973933786483,1.0064735,0.0025606449
1524.5987822965237,1524.5987822965237,1.0095505,0.0025668102
1524.6001712142822,1524.6001712142822,1.0117636,0.002562969
1524.6015601321576,1524.6015601321576,1.0080106,0.0025597827
1524.6029490499172,1524.6029490499172,1.0078756,0.0025601857
1524.6043379676764,1524.6043379676764,1.0117955,0.0025621676
1524.605726885551,1524.605726885551,1.0083305,0.0025601024
1524.6071158033108,1524.6071158033108,1.0086914,0.0025690433
1524.6085047210706,1524.6085047210706,1.0082078,0.002558974
1524.6098936388287,1524.6098936388287,1.0092946,0.002562651
1524.6112825567036,1524.6112825567036,1.0102878,0.002559191
1524.6126714744626,1524.6126714744626,1.005124,0.0025627564
1524.6140603922224,1524.6140603922224,1.0078516,0.0025588216
1524.6154493099814,1524.6154493099814,1.0062543,0.0025620786
1524.6168382277394,1524.6168382277394,1.0092273,0.0025664421
1524.618227145615,1524.618227145615,1.0110765,0.0025656805
1524.6196160633742,1524.6196160633742,1.0075812,0.002560119
1524.6210049811332,1524.6210049811332,1.0086523,0.0025605294
1524.6223938988921,1524.6223938988921,1.0056448,0.0025575059
1524.623782816651,1524.623782816651,1.0045832,0.0025644344
1524.62517173441,1524.62517173441,1.0059991,0.0025613501
1524.6265606521692,1524.6265606521692,1.0071119,0.0025605438
1524.627949569929,1524.627949569929,1.0069078,0.0025584477
1524.6293384876878,1524.6293384876878,1.0079218,0.002572537
1524.6307274054464,1524.6307274054464,1.0065879,0.002562363
1524.6321163232046,1524.6321163232046,1.0049413,0.002558887
1524.6335052409643,1524.6335052409643,1.0056293,0.0025599047
1524.6348941587241,1524.6348941587241,1.0054474,0.0025574858
1524.6362830764824,1524.6362830764824,1.0033072,0.0025580276
1524.6376719942407,1524.6376719942407,1.0066969,0.0025579426
1524.6390609119996,1524.6390609119996,1.006863,0.002560755
1524.6404498297595,1524.6404498297595,1.0067871,0.0025606696
1524.6418387475185,1524.6418387475185,1.007261,0.0025725334
1524.6432276652774,1524.6432276652774,1.0059601,0.0025593222
1524.64461658292,1524.64461658292,1.0050484,0.002557928
1524.6460055006792,1524.6460055006792,1.003579,0.002556216
1524.6473944184384,1524.6473944184384,1.0061505,0.0025643567
1524.6487833361973,1524.6487833361973,1.0052954,0.0025589578
1524.6501722539563,1524.6501722539563,1.0055681,0.0025638815
1524.6515611715984,1524.6515611715984,1.0054898,0.00255873
1524.6529500893573,1524.6529500893573,1.0050404,0.002562497
1524.654339007117,1524.654339007117,1.0047269,0.0025572316
1524.6557279248761,1524.6557279248761,1.0030227,0.002558799
1524.6571168425178,1524.6571168425178,1.0035498,0.0025560749
1524.6585057602763,1524.6585057602763,1.0037404,0.0025576216
1524.659894678036,1524.659894678036,1.0035093,0.0025603154
1524.6612835956792,1524.6612835956792,1.0037045,0.0025610244
1524.6626725134377,1524.6626725134377,1.0035051,0.0025661935
1524.6640614310802,1524.6640614310802,1.0033927,0.0025655052
1524.66545034884,1524.66545034884,1.0027592,0.0025558874
1524.666839266599,1524.666839266599,1.0030274,0.0025601385
1524.6682281842407,1524.6682281842407,0.99901015,0.0025581112
1524.6696171019998,1524.6696171019998,1.0063087,0.0025602896
1524.6710060196426,1524.6710060196426,1.0000226,0.0025545121
1524.6723949374016,1524.6723949374016,1.0035614,0.002569069
1524.6737838550441,1524.6737838550441,1.0031523,0.0025584954
1524.675172772803,1524.675172772803,1.0012203,0.002557535
1524.6765616904456,1524.6765616904456,1.0006574,0.002558246
1524.6779506082041,1524.6779506082041,1.0008541,0.0025613902
1524.6793395258467,1524.6793395258467,1.0019977,0.0025583922
1524.6807284434901,1524.6807284434901,1.0027767,0.0025584318
1524.682117361249,1524.682117361249,1.0026615,0.0025568332
1524.683506278891,1524.683506278891,1.0003463,0.0025601028
1524.6848951966506,1524.6848951966506,1.0022277,0.0025591634
1524.686284114294,1524.686284114294,1.0054319,0.002566803
1524.687673031936,1524.687673031936,1.0052835,0.0025614798
1524.6890619496942,1524.6890619496942,0.9978278,0.0025636957
1524.6904508673367,1524.6904508673367,0.9970977,0.0025534846
1524.6918397849802,1524.6918397849802,1.0019851,0.0025606249
1524.6932287026227,1524.6932287026227,1.0005746,0.002556464
1524.6946176203812,1524.6946176203812,1.0015786,0.0025551612
1524.6960065380238,1524.6960065380238,1.0009226,0.0025610777
1524.6973954556663,1524.6973954556663,0.9981219,0.0025593077
1524.6987843733089,1524.6987843733089,1.00134,0.002558523
1524.7001732909514,1524.7001732909514,0.99929273,0.0025576057
1524.7015622087106,1524.7015622087106,0.99936026,0.002560253
1524.7029511263534,1524.7029511263534,1.001817,0.002558298
1524.704340043996,1524.704340043996,1.0023202,0.0025588507
1524.705728961639,1524.705728961639,0.9994794,0.002559944
1524.7071178792817,1524.7071178792817,0.99951535,0.0025586
1524.7085067969235,1524.7085067969235,1.002668,0.0025549533
1524.7098957145656,1524.7098957145656,0.99890757,0.0025699798
1524.7112846322088,1524.7112846322088,1.0011184,0.0025582344
1524.712673549852,1524.712673549852,1.0003934,0.0025551992
1524.7140624674942,1524.7140624674942,1.0024717,0.0025548013
1524.7154513851358,1524.7154513851358,1.0000299,0.0025556367
1524.7168403027786,1524.7168403027786,1.0000309,0.0025563748
1524.7182292204218,1524.7182292204218,0.99716276,0.0025554006
1524.7196181380643,1524.7196181380643,0.9975156,0.0025550995
1524.7210070557064,1524.7210070557064,0.9985716,0.002562847
1524.722395973349,1524.722395973349,1.0011249,0.002556866
1524.7237848909924,1524.7237848909924,1.0013461,0.0025652738
1524.725173808635,1524.725173808635,0.9978686,0.0025564828
1524.726562726161,1524.726562726161,0.99980956,0.0025568162
1524.7279516438036,1524.7279516438036,0.9993783,0.002565231
1524.7293405614457,1524.7293405614457,0.9979508,0.0025563012
1524.7307294790883,1524.7307294790883,1.0012155,0.0025556344
1524.7321183967317,1524.7321183967317,1.0023088,0.0025582658
1524.7335073142578,1524.7335073142578,0.99891114,0.0025606898
1524.7348962318997,1524.7348962318997,1.0006729,0.0025547615
1524.7362851495416,1524.7362851495416,0.9990516,0.0025603632
1524.737674067185,1524.737674067185,0.997819,0.0025561769
1524.7390629847116,1524.7390629847116,0.99619,0.0025547745
1524.7404519023537,1524.7404519023537,0.9969018,0.002559825
1524.7418408199962,1524.7418408199962,0.997341,0.0025574865
1524.7432297375233,1524.7432297375233,1.0003698,0.0025565017
1524.7446186551658,1524.7446186551658,0.9940559,0.002553677
1524.746007572808,1524.746007572808,0.997381,0.0025552611
1524.747396490334,1524.747396490334,1.0001451,0.0025565338
1524.7487854079766,1524.7487854079766,0.9986529,0.0025562693
1524.7501743255027,1524.7501743255027,0.9940273,0.0025535256
1524.7515632431453,1524.7515632431453,0.9975777,0.0025562744
1524.7529521606714,1524.7529521606714,0.99426043,0.0025556262
1524.7543410783142,1524.7543410783142,0.996317,0.0025655706
1524.7557299958396,1524.7557299958396,0.9962014,0.0025544062
1524.7571189134821,1524.7571189134821,0.9987551,0.0025582858
1524.7585078310092,1524.7585078310092,0.99391925,0.0025529054
1524.7598967486517,1524.7598967486517,0.9971496,0.0025615385
1524.7612856661774,1524.7612856661774,0.9947322,0.0025574453
1524.7626745838206,1524.7626745838206,0.9970768,0.0025560264
1524.7640635013474,1524.7640635013474,0.99639267,0.0025561883
1524.765452418873,1524.765452418873,0.99944574,0.0025537524
1524.7668413365147,1524.7668413365147,0.99592483,0.0025574104
1524.768230254041,1524.768230254041,0.9953973,0.0025657949
1524.7696191716843,1524.7696191716843,0.9948105,0.0025521347
1524.7710080892105,1524.7710080892105,0.9985286,0.0025536732
1524.7723970067361,1524.7723970067361,0.994805,0.0025526693
1524.7737859242623,1524.7737859242623,0.9982513,0.0025648654
1524.7751748419048,1524.7751748419048,0.9985674,0.0025638763
1524.776563759431,1524.776563759431,0.99406534,0.0025529037
1524.7779526769573,1524.7779526769573,0.99431115,0.0025621345
1524.7793415944836,1524.7793415944836,0.9976253,0.0025597338
1524.7807305121262,1524.7807305121262,0.9944217,0.0025505992
1524.7821194296523,1524.7821194296523,0.9935352,0.0025544332
1524.7835083471793,1524.7835083471793,0.992099,0.0025500667
1524.7848972647055,1524.7848972647055,0.9983536,0.0025531212
1524.7862861822307,1524.7862861822307,0.9907417,0.002552501
1524.7876750997564,1524.7876750997564,0.995938,0.0025641024
1524.7890640172834,1524.7890640172834,0.99578696,0.0025530544
1524.79045293481,1524.79045293481,0.99648213,0.0025625792
1524.791841852452,1524.791841852452,0.99342996,0.002554371
1524.7932307699778,1524.7932307699778,0.9933387,0.0025565294
1524.7946196875039,1524.7946196875039,0.9934312,0.0025534611
1524.7960086050307,1524.7960086050307,0.9923097,0.002566257
1524.797397522557,1524.797397522557,0.99387944,0.0025530688
1524.7987864400823,1524.7987864400823,0.9943397,0.002554276
1524.8001753576084,1524.8001753576084,0.9900105,0.0025641562
1524.801564275019,1524.801564275019,0.99035704,0.0025503524
1524.8029531925451,1524.8029531925451,0.9955472,0.002553428
1524.8043421100713,1524.8043421100713,0.99623454,0.0025568102
1524.8057310275976,1524.8057310275976,0.9916687,0.002552103
1524.807119945123,1524.807119945123,0.9947286,0.0025560758
1524.8085088626492,1524.8085088626492,0.9954651,0.002554627
1524.8098977801762,1524.8098977801762,0.9908177,0.0025525247
1524.8112866977024,1524.8112866977024,0.9920966,0.0025571394
1524.8126756151116,1524.8126756151116,0.9903585,0.002563536
1524.8140645326368,1524.8140645326368,0.9933839,0.0025554318
1524.815453450164,1524.815453450164,0.9925438,0.0025538134
1524.816842367691,1524.816842367691,0.9947611,0.002552346
1524.8182312850997,1524.8182312850997,0.9896808,0.0025498737
1524.8196202026254,1524.8196202026254,0.9940698,0.0025555464
1524.8210091201524,1524.8210091201524,0.99340314,0.0025539754
1524.822398037679,1524.822398037679,0.9895986,0.0025511577
1524.8237869550883,1524.8237869550883,0.99133366,0.00255093
1524.8251758726144,1524.8251758726144,0.99174905,0.0025585897
1524.8265647900241,1524.8265647900241,0.9961264,0.0025546784
1524.8279537075503,1524.8279537075503,0.99071777,0.00255192
1524.8293426250766,1524.8293426250766,0.9875631,0.0025527424
1524.8307315424865,1524.8307315424865,0.9939831,0.0025541687
1524.8321204600127,1524.8321204600127,0.99236834,0.0025526045
1524.8335093774217,1524.8335093774217,0.98977757,0.0025540616
1524.834898294948,1524.834898294948,0.9930308,0.0025519123
1524.8362872123582,1524.8362872123582,0.9903422,0.0025535016
1524.8376761298844,1524.8376761298844,0.99151593,0.0025510835
1524.8390650472936,1524.8390650472936,0.99291945,0.0025521738
1524.8404539648197,1524.8404539648197,0.9891454,0.0025495056
1524.8418428822304,1524.8418428822304,0.98947847,0.0025549869
1524.8432317997565,1524.8432317997565,0.9881903,0.0025495044
1524.8446207171658,1524.8446207171658,0.98887056,0.0025583175
1524.8460096346919,1524.8460096346919,0.9877671,0.0025506355
1524.8473985521023,1524.8473985521023,0.9899395,0.0025508814
1524.8487874695122,1524.8487874695122,0.98975414,0.0025555808
1524.8501763870374,1524.8501763870374,0.9903038,0.0025542832
1524.8515653044471,1524.8515653044471,0.99124926,0.0025579713
1524.852954221857,1524.852954221857,0.9889372,0.0025555356
1524.8543431393834,1524.8543431393834,0.9897542,0.0025567226
1524.8557320567932,1524.8557320567932,0.98610675,0.0025499735
1524.8571209742029,1524.8571209742029,0.9870752,0.0025516832
1524.8585098916126,1524.8585098916126,0.98795354,0.0025513608
1524.8598988091387,1524.8598988091387,0.98786974,0.0025508837
1524.8612877265493,1524.8612877265493,0.9893132,0.0025528471
1524.862676643959,1524.862676643959,0.9863891,0.0025491477
1524.8640655613683,1524.8640655613683,0.9894019,0.0025559298
1524.865454478777,1524.865454478777,0.9877897,0.0025620062
1524.8668433961877,1524.8668433961877,0.9862687,0.0025525473
1524.8682323137148,1524.8682323137148,0.9887249,0.00255654
1524.8696212311236,1524.8696212311236,0.9867449,0.0025494436
1524.8710101485328,1524.8710101485328,0.9926979,0.0025542295
1524.8723990659425,1524.8723990659425,0.988634,0.0025507796
1524.8737879833532,1524.8737879833532,0.98733896,0.0025502453
1524.8751769007629,1524.8751769007629,0.9868506,0.002551997
1524.876565818172,1524.876565818172,0.9866683,0.0025531827
1524.8779547355819,1524.8779547355819,0.98348355,0.002547643
1524.879343652992,1524.879343652992,0.9858309,0.0025475037
1524.880732570402,1524.880732570402,0.9900458,0.0025504804
1524.882121487812,1524.882121487812,0.9891402,0.0025531524
1524.8835104052216,1524.8835104052216,0.98883265,0.0025523766
1524.8848993226304,1524.8848993226304,0.98592407,0.0025505184
1524.8862882400404,1524.8862882400404,0.9892652,0.0025498772
1524.8876771574508,1524.8876771574508,0.9854002,0.0025463023
1524.889066074744,1524.889066074744,0.98286027,0.0025473093
1524.8904549921533,1524.8904549921533,0.98351866,0.0025592917
1524.8918439095626,1524.8918439095626,0.98576516,0.002549716
1524.8932328269727,1524.8932328269727,0.9865756,0.0025530923
1524.8946217443834,1524.8946217443834,0.9867575,0.0025585182
1524.8960106616762,1524.8960106616762,0.9848059,0.0025471144
1524.897399579085,1524.897399579085,0.9908298,0.002550039
1524.8987884964956,1524.8987884964956,0.9857202,0.002547191
1524.900177413906,1524.900177413906,0.98698956,0.0025505612
1524.9015663311986,1524.9015663311986,0.98614454,0.0025509333
1524.9029552486084,1524.9029552486084,0.98683786,0.0025498946
1524.9043441660183,1524.9043441660183,0.9859393,0.0025619979
1524.9057330833118,1524.9057330833118,0.9880337,0.0025601818
1524.9071220007215,1524.9071220007215,0.9887367,0.0025498825
1524.9085109181312,1524.9085109181312,0.9808713,0.002552956
1524.9098998354245,1524.9098998354245,0.9875069,0.0025474385
1524.9112887528338,1524.9112887528338,0.9860777,0.0025695297
1524.9126776702435,1524.9126776702435,0.9833389,0.002548223
1524.9140665875375,1524.9140665875375,0.98675627,0.0025498725
1524.9154555049474,1524.9154555049474,0.9825628,0.0025603436
1524.9168444222398,1524.9168444222398,0.98747075,0.002551652
1524.9182333396498,1524.9182333396498,0.9854893,0.002545589
1524.9196222569437,1524.9196222569437,0.9842437,0.0025500613
1524.9210111743535,1524.9210111743535,0.9852,0.0025466664
1524.9224000916463,1524.9224000916463,0.9870786,0.0025496106
1524.9237890089396,1524.9237890089396,0.98418677,0.0025533224
1524.9251779263502,1524.9251779263502,0.98584586,0.0025490595
1524.9265668436435,1524.9265668436435,0.98471206,0.0025465605
1524.9279557610525,1524.9279557610525,0.98470783,0.0025516814
1524.929344678346,1524.929344678346,0.9825005,0.0025470157
1524.9307335956394,1524.9307335956394,0.9843745,0.0025500222
1524.932122513049,1524.932122513049,0.9858334,0.0025471756
1524.9335114303424,1524.9335114303424,0.9817265,0.0025506073
1524.9349003476357,1524.9349003476357,0.98265785,0.0025521237
1524.9362892650454,1524.9362892650454,0.9815024,0.0025459745
1524.937678182339,1524.937678182339,0.9812768,0.0025474334
1524.9390670996324,1524.9390670996324,0.97926676,0.002547003
1524.9404560169257,1524.9404560169257,0.9813346,0.0025462818
1524.9418449343354,1524.9418449343354,0.9810672,0.00255847
1524.9432338516283,1524.9432338516283,0.98645157,0.0025509845
1524.944622768922,1524.944622768922,0.98272353,0.0025495738
1524.9460116862163,1524.9460116862163,0.98606706,0.002550688
1524.9474006035089,1524.9474006035089,0.9843373,0.002547475
1524.9487895208015,1524.9487895208015,0.9822413,0.0025452217
1524.9501784382112,1524.9501784382112,0.9810941,0.0025495607
1524.9515673555054,1524.9515673555054,0.9790551,0.0025476173
1524.9529562727987,1524.9529562727987,0.98509276,0.002554486
1524.9543451900915,1524.9543451900915,0.9809249,0.0025487968
1524.9557341073848,1524.9557341073848,0.98061895,0.0025473288
1524.957123024679,1524.957123024679,0.98618615,0.0025508234
1524.9585119419723,1524.9585119419723,0.97967076,0.0025487975
1524.9599008592647,1524.9599008592647,0.9807278,0.002546079
1524.9612897765583,1524.9612897765583,0.9823588,0.0025500807
1524.9626786938518,1524.9626786938518,0.97913355,0.0025468874
1524.964067611145,1524.964067611145,0.98117685,0.0025516143
1524.965456528439,1524.965456528439,0.98193413,0.0025497898
1524.9668454456162,1524.9668454456162,0.98273367,0.002547402
1524.9682343629086,1524.9682343629086,0.98661745,0.0025492643
1524.9696232802014,1524.9696232802014,0.981737,0.0025505251
1524.9710121974954,1524.9710121974954,0.9812222,0.0025488765
1524.9724011147894,1524.9724011147894,0.977807,0.0025481388
1524.9737900320822,1524.9737900320822,0.9828195,0.0025475922
1524.9751789493748,1524.9751789493748,0.9814698,0.0025499738
1524.9765678665524,1524.9765678665524,0.9834607,0.0025485263
1524.9779567838466,1524.9779567838466,0.9823325,0.0025451994
1524.9793457011392,1524.9793457011392,0.98158675,0.0025572733
1524.9807346184318,1524.9807346184318,0.98317593,0.002547479
1524.9821235356087,1524.9821235356087,0.9839102,0.0025492683
1524.983512452903,1524.983512452903,0.9811641,0.002550321
1524.9849013701962,1524.9849013701962,0.97830313,0.002551201
1524.986290287373,1524.986290287373,0.98108435,0.0025554623
1524.9876792046664,1524.9876792046664,0.97903514,0.002547579
1524.9890681219592,1524.9890681219592,0.9807509,0.002545036
1524.9904570391361,1524.9904570391361,0.98239,0.0025453903
1524.9918459564303,1524.9918459564303,0.9835907,0.0025521673
1524.9932348736072,1524.9932348736072,0.9801316,0.0025597985
1524.9946237908998,1524.9946237908998,0.9793991,0.0025542595
1524.996012708077,1524.996012708077,0.9830592,0.002546088
1524.9974016253707,1524.9974016253707,0.9814115,0.002545844
1524.9987905425478,1524.9987905425478,0.9817868,0.0025505594
1525.0001794598404,1525.0001794598404,0.98172104,0.0025478941
1525.0015683770168,1525.0015683770168,0.9805706,0.0025552625
1525.0029572943108,1525.0029572943108,0.984319,0.002545977
1525.0043462114884,1525.0043462114884,0.982927,0.0025472709
1525.0057351287812,1525.0057351287812,0.9832196,0.0025597934
1525.007124045958,1525.007124045958,0.9838417,0.002546339
1525.0085129632514,1525.0085129632514,0.9791898,0.0025456774
1525.0099018804283,1525.0099018804283,0.98091924,0.0025453249
1525.0112907976052,1525.0112907976052,0.9803758,0.002546596
1525.0126797148987,1525.0126797148987,0.98026747,0.0025475977
1525.0140686320758,1525.0140686320758,0.9772282,0.0025442997
1525.0154575492527,1525.0154575492527,0.9829758,0.002545341
1525.0168464664296,1525.0168464664296,0.9791416,0.0025444431
1525.0182353837229,1525.0182353837229,0.9803956,0.0025468394
1525.0196243008997,1525.0196243008997,0.9792549,0.0025635178
1525.0210132180762,1525.0210132180762,0.98054945,0.0025498902
1525.022402135253,1525.022402135253,0.9776565,0.0025542907
1525.0237910525473,1525.0237910525473,0.97853595,0.0025445477
1525.0251799697241,1525.0251799697241,0.9822238,0.0025494702
1525.0265688869003,1525.0265688869003,0.98233,0.002552028
1525.0279578040775,1525.0279578040775,0.9796329,0.0025487395
1525.0293467212548,1525.0293467212548,0.97826475,0.0025457295
1525.0307356384317,1525.0307356384317,0.9822397,0.0025476173
1525.032124555608,1525.032124555608,0.98560363,0.0025480292
1525.033513472785,1525.033513472785,0.9808992,0.0025483416
1525.0349023899619,1525.0349023899619,0.98281825,0.0025449074
1525.036291307139,1525.036291307139,0.9798985,0.0025498
1525.0376802244325,1525.0376802244325,0.97991407,0.0025555943
1525.0390691416094,1525.0390691416094,0.984633,0.0025459134
1525.0404580586699,1525.0404580586699,0.9783464,0.0025467814
1525.0418469758467,1525.0418469758467,0.98190135,0.0025463076
1525.0432358930236,1525.0432358930236,0.9800098,0.0025502318
1525.0446248102005,1525.0446248102005,0.98271525,0.0025501284
1525.0460137273776,1525.0460137273776,0.980184,0.0025484902
1525.0474026445538,1525.0474026445538,0.9799859,0.0025470618
1525.0487915617316,1525.0487915617316,0.9808525,0.0025470934
1525.0501804789092,1525.0501804789092,0.98108065,0.0025459756
1525.0515693960854,1525.0515693960854,0.979736,0.0025457724
1525.0529583132618,1525.0529583132618,0.9760459,0.0025431893
1525.0543472303223,1525.0543472303223,0.9787942,0.002543851
1525.0557361474998,1525.0557361474998,0.97788745,0.0025460708
1525.057125064677,1525.057125064677,0.9806719,0.0025569797
1525.058513981853,1525.058513981853,0.9812698,0.0025512988
1525.0599028989136,1525.0599028989136,0.9759828,0.0025466243
1525.0612918160912,1525.0612918160912,0.9751008,0.002545111
1525.062680733268,1525.062680733268,0.9777456,0.0025460857
1525.064069650328,1525.064069650328,0.9801735,0.0025495165
1525.065458567505,1525.065458567505,0.97492284,0.002544053
1525.0668474846818,1525.0668474846818,0.9783849,0.002551159
1525.0682364017423,1525.0682364017423,0.97854245,0.0025440617
1525.06962531892,1525.06962531892,0.98077995,0.0025432878
1525.071014236097,1525.071014236097,0.9779882,0.0025436701
1525.072403153157,1525.072403153157,0.97752196,0.002549473
1525.0737920703332,1525.0737920703332,0.979884,0.002549065
1525.0751809873943,1525.0751809873943,0.9788455,0.0025459777
1525.0765699045721,1525.0765699045721,0.9799841,0.002547981
1525.0779588216317,1525.0779588216317,0.9775984,0.0025495517
1525.079347738808,1525.079347738808,0.9766563,0.002543941
1525.0807366558695,1525.0807366558695,0.9780805,0.0025446995
1525.0821255730468,1525.0821255730468,0.97218853,0.0025482164
1525.0835144901068,1525.0835144901068,0.97957015,0.0025440096
1525.0849034072833,1525.0849034072833,0.9791748,0.0025462455
1525.0862923243437,1525.0862923243437,0.9805967,0.0025463933
1525.0876812414049,1525.0876812414049,0.9783341,0.002546431
1525.089070158582,1525.089070158582,0.9753045,0.0025478506
1525.0904590756425,1525.0904590756425,0.9787316,0.0025455114
1525.0918479928193,1525.0918479928193,0.9799284,0.0025502553
1525.0932369098791,1525.0932369098791,0.9800109,0.002544736
1525.0946258269398,1525.0946258269398,0.9785616,0.0025442513
1525.0960147440007,1525.0960147440007,0.9773088,0.0025508723
1525.0974036611779,1525.0974036611779,0.9776124,0.0025601422
1525.0987925782376,1525.0987925782376,0.9779938,0.0025464762
1525.100181495298,1525.100181495298,0.9803617,0.002548021
1525.1015704123595,1525.1015704123595,0.9818578,0.0025504236
1525.1029593295364,1525.1029593295364,0.979976,0.0025511323
1525.1043482465964,1525.1043482465964,0.9795126,0.0025466636
1525.105737163656,1525.105737163656,0.9832437,0.002548856
1525.1071260807173,1525.1071260807173,0.9801044,0.0025526106
1525.1085149977787,1525.1085149977787,0.9774902,0.0025447665
1525.1099039148382,1525.1099039148382,0.978384,0.0025499214
1525.111292831899,1525.111292831899,0.98067886,0.0025533088
1525.1126817489596,1525.1126817489596,0.97629666,0.0025463896
1525.11407066602,1525.11407066602,0.9765014,0.0025467142
1525.1154595830806,1525.1154595830806,0.979024,0.0025454382
1525.1168485002574,1525.1168485002574,0.9806001,0.0025549424
1525.118237417318,1525.118237417318,0.9797232,0.0025436743
1525.119626334262,1525.119626334262,0.98242164,0.0025492746
1525.1210152513227,1525.1210152513227,0.978873,0.0025462871
1525.1224041683834,1525.1224041683834,0.980819,0.0025448713
1525.1237930854438,1525.1237930854438,0.978825,0.0025486823
1525.1251820025034,1525.1251820025034,0.9785546,0.0025460294
1525.126570919564,1525.126570919564,0.9797153,0.0025556474
1525.1279598366252,1525.1279598366252,0.980924,0.0025436368
1525.1293487536857,1525.1293487536857,0.97749865,0.0025523691
1525.1307376707457,1525.1307376707457,0.9806952,0.0025443337
1525.1321265878062,1525.1321265878062,0.98260313,0.0025510762
1525.1335155047511,1525.1335155047511,0.97598606,0.0025473172
1525.1349044218116,1525.1349044218116,0.981298,0.0025455211
1525.1362933388716,1525.1362933388716,0.98080385,0.0025478613
1525.137682255932,1525.137682255932,0.98078746,0.0025455283
1525.1390711728766,1525.1390711728766,0.98025763,0.0025461363
1525.1404600899373,1525.1404600899373,0.98418784,0.0025478273
1525.141849006997,1525.141849006997,0.98152393,0.0025539782
1525.1432379239411,1525.1432379239411,0.98061687,0.0025452203
1525.1446268410018,1525.1446268410018,0.982838,0.0025475242
1525.1460157580625,1525.1460157580625,0.98136556,0.0025464038
1525.1474046750066,1525.1474046750066,0.9836119,0.0025474748
1525.148793592067,1525.148793592067,0.9773832,0.002549272
1525.1501825091275,1525.1501825091275,0.97834456,0.0025504655
1525.151571426071,1525.151571426071,0.9806277,0.0025566106
1525.1529603431316,1525.1529603431316,0.978673,0.0025500585
1525.1543492600763,1525.1543492600763,0.98287547,0.002550516
1525.155738177137,1525.155738177137,0.9789217,0.002545041
1525.1571270940801,1525.1571270940801,0.98090404,0.0025554968
1525.1585160111415,1525.1585160111415,0.98076403,0.0025566313
1525.1599049280865,1525.1599049280865,0.9782246,0.0025464734
1525.161293845146,1525.161293845146,0.98129046,0.0025586202
1525.1626827620896,1525.1626827620896,0.9826989,0.002557285
1525.16407167915,1525.16407167915,0.9808172,0.0025473651
1525.165460596095,1525.165460596095,0.9839159,0.002547739
1525.166849513039,1525.166849513039,0.9829734,0.0025489328
1525.1682384300989,1525.1682384300989,0.9825398,0.0025491144
1525.1696273470432,1525.1696273470432,0.9810134,0.0025467284
1525.1710162639872,1525.1710162639872,0.98109657,0.0025536094
1525.1724051810477,1525.1724051810477,0.9835367,0.0025464226
1525.1737940979917,1525.1737940979917,0.9820275,0.0025503726
1525.1751830149358,1525.1751830149358,0.98384845,0.0025458965
1525.1765719319962,1525.1765719319962,0.9802997,0.0025475412
1525.1779608489405,1525.1779608489405,0.98173535,0.0025542935
1525.1793497658853,1525.1793497658853,0.9847291,0.0025460275
1525.1807386828293,1525.1807386828293,0.98461413,0.0025493016
1525.182127599773,1525.182127599773,0.9814476,0.0025555
1525.183516516833,1525.183516516833,0.9809763,0.0025474436
1525.1849054337774,1525.1849054337774,0.98403037,0.0025452452
1525.1862943507224,1525.1862943507224,0.98392177,0.0025481165
1525.1876832676658,1525.1876832676658,0.97983754,0.002544466
1525.1890721846091,1525.1890721846091,0.9850865,0.0025482152
1525.1904611015532,1525.1904611015532,0.9852715,0.0025492648
1525.1918500184981,1525.1918500184981,0.98416436,0.0025471272
1525.1932389354422,1525.1932389354422,0.98261553,0.0025499756
1525.1946278523858,1525.1946278523858,0.982571,0.0025494706
1525.1960167693298,1525.1960167693298,0.98152936,0.0025461377
1525.1974056862748,1525.1974056862748,0.9875588,0.0025486879
1525.1987946032189,1525.1987946032189,0.9806483,0.002555459
1525.200183520163,1525.200183520163,0.9851544,0.0025455444
1525.201572437107,1525.201572437107,0.9851515,0.002548909
1525.2029613540506,1525.2029613540506,0.98130184,0.0025481228
1525.2043502709946,1525.2043502709946,0.9842235,0.0025620214
1525.2057391879393,1525.2057391879393,0.9808929,0.0025529389
1525.2071281048836,1525.2071281048836,0.9860267,0.0025495894
1525.2085170218268,1525.2085170218268,0.98396754,0.0025607077
1525.209905938654,1525.209905938654,0.9879952,0.0025614868
1525.2112948555987,1525.2112948555987,0.9846077,0.0025474643
1525.2126837725434,1525.2126837725434,0.98421925,0.0025505603
1525.214072689487,1525.214072689487,0.98497283,0.0025500176
1525.2154616064304,1525.2154616064304,0.98557127,0.0025628852
1525.2168505232587,1525.2168505232587,0.9949858,0.0025545515
1525.2182394402037,1525.2182394402037,0.9886818,0.0025497598
1525.219628357147,1525.219628357147,0.9910789,0.0025492355
1525.221017273975,1525.221017273975,0.9893494,0.002550041
1525.222406190919,1525.222406190919,0.9861113,0.0025494609
1525.223795107863,1525.223795107863,0.9884456,0.0025505365
1525.2251840246906,1525.2251840246906,0.9893887,0.0025559918
1525.2265729416347,1525.2265729416347,0.9841792,0.0025496278
1525.2279618585787,1525.2279618585787,0.9850162,0.0025524667
1525.229350775406,1525.229350775406,0.9903355,0.002550224
1525.23073969235,1525.23073969235,0.9876876,0.0025507999
1525.2321286091785,1525.2321286091785,0.98677593,0.002553124
1525.2335175261226,1525.2335175261226,0.9871972,0.0025488778
1525.2349064429495,1525.2349064429495,0.9873315,0.0025495184
1525.2362953598938,1525.2362953598938,0.984921,0.0025504357
1525.237684276722,1525.237684276722,0.9858407,0.002549477
1525.2390731936662,1525.2390731936662,0.9865904,0.0025511603
1525.2404621104931,1525.2404621104931,0.9868165,0.0025485607
1525.2418510274372,1525.2418510274372,0.98840326,0.002560408
1525.2432399442657,1525.2432399442657,0.9908979,0.0025557838
1525.2446288610934,1525.2446288610934,0.98491687,0.0025470632
1525.246017778037,1525.246017778037,0.98782146,0.0025512562
1525.2474066948646,1525.2474066948646,0.9807415,0.0025517426
1525.2487956116922,1525.2487956116922,0.9865716,0.002552305
1525.2501845286363,1525.2501845286363,0.9879633,0.0025488993
1525.251573445464,1525.251573445464,0.98865515,0.0025481433
1525.2529623622918,1525.2529623622918,0.988096,0.0025512723
1525.2543512791196,1525.2543512791196,0.98997736,0.002550899
1525.2557401960637,1525.2557401960637,0.98813707,0.0025545014
1525.2571291128913,1525.2571291128913,0.9880918,0.0025632125
1525.258518029719,1525.258518029719,0.9903433,0.002550929
1525.2599069465466,1525.2599069465466,0.9887591,0.0025579475
1525.2612958634902,1525.2612958634902,0.9874595,0.0025487645
1525.2626847803185,1525.2626847803185,0.98729026,0.0025493016
1525.2640736971468,1525.2640736971468,0.9859913,0.002550295
1525.265462613974,1525.265462613974,0.9913753,0.002551789
1525.266851530801,1525.266851530801,0.9922043,0.0025584225
1525.2682404476288,1525.2682404476288,0.9880513,0.0025541312
1525.269629364457,1525.269629364457,0.9901076,0.0025529135
1525.2710182812846,1525.2710182812846,0.9911013,0.0025550933
1525.2724071981118,1525.2724071981118,0.99133635,0.002559536
1525.2737961149394,1525.2737961149394,0.9924308,0.0025501093
1525.275185031768,1525.275185031768,0.99111354,0.0025543042
1525.2765739485956,1525.2765739485956,0.9910873,0.0025528474
1525.2779628654228,1525.2779628654228,0.99005854,0.0025524055
1525.2793517822504,1525.2793517822504,0.99411094,0.0025569587
1525.280740699078,1525.280740699078,0.99159807,0.002553428
1525.2821296159057,1525.2821296159057,0.9893703,0.0025611902
1525.2835185327333,1525.2835185327333,0.9907942,0.0025535484
1525.284907449561,1525.284907449561,0.9914862,0.002554551
1525.2862963662724,1525.2862963662724,0.9948021,0.002569707
1525.2876852830993,1525.2876852830993,0.9889235,0.0025516653
1525.2890741999279,1525.2890741999279,0.9927304,0.0025618554
1525.2904631167562,1525.2904631167562,0.9947803,0.0025523985
1525.2918520335832,1525.2918520335832,0.9909667,0.0025512928
1525.293240950294,1525.293240950294,0.9902619,0.0025512825
1525.2946298671222,1525.2946298671222,0.9911237,0.002553565
1525.2960187839506,1525.2960187839506,0.99425876,0.0025509354
1525.2974077007777,1525.2974077007777,0.9885574,0.002555301
1525.298796617488,1525.298796617488,0.9936157,0.002552787
1525.300185534316,1525.300185534316,0.9930336,0.0025549724
1525.3015744511442,1525.3015744511442,0.992744,0.0025511242
1525.3029633678555,1525.3029633678555,0.9944864,0.0025732755
1525.3043522846826,1525.3043522846826,0.99547225,0.0025530048
1525.3057412013939,1525.3057412013939,0.99283105,0.0025573531
1525.3071301182215,1525.3071301182215,0.9949789,0.002556923
1525.3085190350491,1525.3085190350491,0.9915798,0.00255455
1525.3099079517613,1525.3099079517613,0.99251974,0.0025516804
1525.311296868589,1525.311296868589,0.99227446,0.0025648796
1525.3126857852997,1525.3126857852997,0.99487543,0.0025564933
1525.3140747021273,1525.3140747021273,0.99512887,0.0025584376
1525.3154636188394,1525.3154636188394,0.9943415,0.0025569345
1525.3168525355507,1525.3168525355507,0.995802,0.0025515587
1525.3182414523774,1525.3182414523774,0.9966527,0.0025553084
1525.3196303690881,1525.3196303690881,0.9944561,0.002557413
1525.3210192859167,1525.3210192859167,0.9975792,0.0025562672
1525.3224082026284,1525.3224082026284,0.9948049,0.0025639585
1525.3237971193391,1525.3237971193391,0.9960774,0.002552545
1525.3251860361663,1525.3251860361663,0.9936471,0.0025597631
1525.3265749528775,1525.3265749528775,0.9961136,0.002561447
1525.3279638695894,1525.3279638695894,0.993286,0.0025568719
1525.3293527864173,1525.3293527864173,0.9995379,0.0025614798
1525.3307417031285,1525.3307417031285,0.9938922,0.0025566272
1525.3321306198397,1525.3321306198397,0.9923331,0.0025608384
1525.333519536551,1525.333519536551,0.99461764,0.0025641883
1525.3349084533786,1525.3349084533786,0.9954311,0.0025525936
1525.3362973700898,1525.3362973700898,0.99407476,0.0025532679
1525.3376862868013,1525.3376862868013,0.9936686,0.0025583326
1525.3390752035118,1525.3390752035118,1.0000147,0.002554053
1525.340464120223,1525.340464120223,0.9947517,0.0025511445
1525.3418530369352,1525.3418530369352,1.0009637,0.0025565894
1525.3432419537628,1525.3432419537628,0.9970493,0.0025543116
1525.3446308704736,1525.3446308704736,0.9970882,0.0025659436
1525.3460197871839,1525.3460197871839,0.9964958,0.0025624775
1525.347408703896,1525.347408703896,0.9975189,0.0025657765
1525.3487976206081,1525.3487976206081,0.99256647,0.0025505803
1525.3501865373185,1525.3501865373185,0.9962394,0.0025529447
1525.35157545403,1525.35157545403,0.9975831,0.0025554204
1525.3529643707418,1525.3529643707418,0.9965241,0.0025534204
1525.354353287453,1525.354353287453,0.99295884,0.0025510804
1525.3557422041638,1525.3557422041638,0.9954681,0.0025533196
1525.357131120875,1525.357131120875,0.9957554,0.0025517503
1525.3585200374698,1525.3585200374698,0.99642587,0.0025555575
1525.359908954181,1525.359908954181,1.0004526,0.0025545238
1525.3612978708925,1525.3612978708925,0.99802244,0.0025550579
1525.362686787604,1525.362686787604,0.9971246,0.002555444
1525.3640757043152,1525.3640757043152,0.9974179,0.0025644344
1525.3654646210255,1525.3654646210255,0.9961831,0.0025544274
1525.3668535376205,1525.3668535376205,0.99697286,0.0025573883
1525.3682424543324,1525.3682424543324,0.9992953,0.0025663283
1525.3696313710436,1525.3696313710436,0.9976698,0.0025557696
1525.3710202877544,1525.3710202877544,1.00095,0.0025552458
1525.3724092043492,1525.3724092043492,1.0005163,0.002554379
1525.3737981210613,1525.3737981210613,0.99977005,0.0025598982
1525.3751870377725,1525.3751870377725,1.000882,0.0025614458
1525.3765759544833,1525.3765759544833,1.0015422,0.002559159
1525.3779648710781,1525.3779648710781,0.9982874,0.0025561044
1525.37935378779,1525.37935378779,0.9962396,0.0025598858
1525.380742704385,1525.380742704385,0.9984861,0.0025642123
1525.3821316210954,1525.3821316210954,0.9971222,0.0025550942
1525.3835205378066,1525.3835205378066,0.9985899,0.0025554723
1525.3849094544016,1525.3849094544016,1.0017145,0.002557738
1525.386298371113,1525.386298371113,0.9983011,0.002557375
1525.3876872877079,1525.3876872877079,0.9978701,0.002555938
1525.389076204419,1525.389076204419,0.9977831,0.0025606935
1525.390465121014,1525.390465121014,1.0011857,0.0025597732
1525.3918540377251,1525.3918540377251,1.0029718,0.0025590712
1525.39324295432,1525.39324295432,0.99942434,0.002554223
1525.3946318710314,1525.3946318710314,1.002464,0.0025600365
1525.3960207876264,1525.3960207876264,1.0005594,0.002557045
1525.3974097042203,1525.3974097042203,1.0003272,0.002556146
1525.3987986209324,1525.3987986209324,1.0003662,0.0025628873
1525.4001875375282,1525.4001875375282,1.0019909,0.0025560935
1525.401576454122,1525.401576454122,1.0007143,0.0025646668
1525.4029653708328,1525.4029653708328,1.0007371,0.0025570923
1525.4043542874276,1525.4043542874276,1.0033364,0.002565888
1525.4057432040233,1525.4057432040233,1.0006722,0.0025548867
1525.4071321207346,1525.4071321207346,1.0029676,0.0025638186
1525.4085210373287,1525.4085210373287,0.999937,0.0025692433
1525.4099099539237,1525.4099099539237,0.9998763,0.0025556576
1525.411298870519,1525.411298870519,1.0003029,0.0025578926
1525.412687787114,1525.412687787114,1.0006454,0.002557808
1525.4140767038245,1525.4140767038245,1.0034899,0.0025589596
1525.4154656204194,1525.4154656204194,1.0067295,0.0025673015
1525.4168545370142,1525.4168545370142,1.0012747,0.0025568972
1525.4182434536092,1525.4182434536092,1.002759,0.0025569485
1525.4196323702042,1525.4196323702042,1.0047497,0.002562817
1525.421021286799,1525.421021286799,1.0033557,0.0025725912
1525.4224102033938,1525.4224102033938,1.0015533,0.0025622565
1525.4237991199882,1525.4237991199882,1.0009271,0.0025639448
1525.4251880365834,1525.4251880365834,1.0025507,0.0025585569
1525.4265769531792,1525.4265769531792,1.0036047,0.0025598388
1525.4279658697735,1525.4279658697735,1.0028739,0.0025604698
1525.4293547863674,1525.4293547863674,1.0037006,0.002567178
1525.4307437029631,1525.4307437029631,1.0020518,0.0025560863
1525.4321326195586,1525.4321326195586,1.0035651,0.0025586975
1525.4335215361527,1525.4335215361527,1.0063374,0.0025600782
1525.434910452747,1525.434910452747,1.0051341,0.0025628132
1525.436299369342,1525.436299369342,1.0022472,0.002558945
1525.4376882859376,1525.4376882859376,1.0025243,0.0025575103
1525.4390772025324,1525.4390772025324,1.0062108,0.0025628484
1525.44046611901,1525.44046611901,1.0018306,0.002556441
1525.441855035605,1525.441855035605,1.0040365,0.0025673506
1525.4432439522,1525.4432439522,1.000882,0.002556528
1525.4446328687948,1525.4446328687948,1.0031896,0.0025582877
1525.4460217853903,1525.4460217853903,1.0004262,0.0025561282
1525.4474107018689,1525.4474107018689,1.0015979,0.0025581426
1525.4487996184628,1525.4487996184628,1.0073779,0.0025605937
1525.4501885350578,1525.4501885350578,1.0057904,0.0025586598
1525.4515774515369,1525.4515774515369,1.0049397,0.0025584649
1525.4529663681317,1525.4529663681317,1.0060561,0.0025596572
1525.454355284726,1525.454355284726,1.0064899,0.002561619
1525.4557442012037,1525.4557442012037,1.0038787,0.0025556444
1525.4571331177992,1525.4571331177992,1.0056357,0.0025593247
1525.4585220342785,1525.4585220342785,1.0074776,0.0025694927
1525.4599109508727,1525.4599109508727,1.0000588,0.0025578288
1525.4612998674668,1525.4612998674668,1.0019119,0.0025577103
1525.4626887839452,1525.4626887839452,1.0067782,0.0025633052
1525.4640777005409,1525.4640777005409,1.0062416,0.0025569382
1525.4654666170193,1525.4654666170193,1.0070859,0.0025634684
1525.466855533614,1525.466855533614,1.0086551,0.0025612114
1525.4682444500925,1525.4682444500925,1.0086054,0.0025649613
1525.469633366571,1525.469633366571,1.0084902,0.0025593075
1525.4710222831661,1525.4710222831661,1.0059706,0.0025663462
1525.4724111996445,1525.4724111996445,1.0071212,0.0025586793
1525.4738001162393,1525.4738001162393,1.0045787,0.0025616782
1525.4751890327173,1525.4751890327173,1.0080864,0.002568608
1525.4765779491956,1525.4765779491956,1.0070028,0.0025592116
1525.477966865791,1525.477966865791,1.0051128,0.0025620342
1525.4793557822695,1525.4793557822695,1.0042505,0.0025587839
1525.4807446987472,1525.4807446987472,1.0029624,0.0025584516
1525.4821336153416,1525.4821336153416,1.0068097,0.0025593296
1525.4835225318207,1525.4835225318207,1.0061344,0.0025580134
1525.4849114482997,1525.4849114482997,1.0068178,0.0025610903
1525.4863003647777,1525.4863003647777,1.0049083,0.0025609173
1525.4876892812551,1525.4876892812551,1.0053369,0.0025578532
1525.4890781978509,1525.4890781978509,1.0065607,0.002557931
1525.4904671143302,1525.4904671143302,1.0056137,0.0025605527
1525.4918560308076,1525.4918560308076,1.0092852,0.0025573478
1525.4932449472863,1525.4932449472863,1.0115314,0.0025610102
1525.4946338637649,1525.4946338637649,1.0043399,0.002558575
1525.4960227802433,1525.4960227802433,1.0070639,0.002563072
1525.4974116967217,1525.4974116967217,1.00845,0.0025588283
1525.4988006132,1525.4988006132,1.0091131,0.0025734298
1525.5001895296784,1525.5001895296784,1.0070611,0.002557228
1525.5015784461564,1525.5015784461564,1.0088857,0.0025584477
1525.5029673626348,1525.5029673626348,1.0103533,0.0025608342
1525.504356279114,1525.504356279114,1.0129472,0.0025622682
1525.5057451955925,1525.5057451955925,1.0111227,0.0025602656
1525.5071341120702,1525.5071341120702,1.007439,0.002558887
1525.5085230285488,1525.5085230285488,1.0081322,0.0025614584
1525.5099119450276,1525.5099119450276,1.0080143,0.0025618037
1525.511300861506,1525.511300861506,1.0080445,0.0025589152
1525.512689777984,1525.512689777984,1.0113376,0.0025627667
1525.5140786944623,1525.5140786944623,1.0084758,0.0025600202
1525.5154676109416,1525.5154676109416,1.0089736,0.002562609
1525.5168565273036,1525.5168565273036,1.0093333,0.0025610444
1525.5182454437816,1525.5182454437816,1.0081576,0.0025698051
1525.51963436026,1525.51963436026,1.0078506,0.0025828455
1525.5210232767383,1525.5210232767383,1.0060672,0.0025586854
1525.5224121931003,1525.5224121931003,1.008032,0.002562586
1525.5238011095787,1525.5238011095787,1.0063658,0.002569521
1525.525190026057,1525.525190026057,1.009275,0.0025581245
1525.5265789424193,1525.5265789424193,1.0077944,0.0025647222
1525.527967858898,1525.527967858898,1.0119027,0.0025621671
1525.5293567753763,1525.5293567753763,1.0105859,0.0025607306
1525.5307456917383,1525.5307456917383,1.0075886,0.002559673
1525.5321346082167,1525.5321346082167,1.0105112,0.00255949
1525.5335235246946,1525.5335235246946,1.0081269,0.0025654102
1525.5349124410566,1525.5349124410566,1.0103685,0.0025611916
1525.5363013575356,1525.5363013575356,1.0090716,0.0025605315
1525.5376902738979,1525.5376902738979,1.0091673,0.0025611215
1525.5390791903753,1525.5390791903753,1.0111812,0.0025629797
1525.5404681067375,1525.5404681067375,1.007148,0.0025693357
1525.5418570232166,1525.5418570232166,1.011919,0.0025684144
1525.5432459395786,1525.5432459395786,1.0094305,0.0025632507
1525.5446348560565,1525.5446348560565,1.011582,0.0025598197
1525.5460237724185,1525.5460237724185,1.014483,0.0025632037
1525.5474126887814,1525.5474126887814,1.0135397,0.002566812
1525.5488016052598,1525.5488016052598,1.0109773,0.0025615992
1525.550190521621,1525.550190521621,1.0095403,0.0025679397
1525.5515794379833,1525.5515794379833,1.0131763,0.0025620698
1525.5529683544617,1525.5529683544617,1.0112848,0.002560123
1525.5543572708236,1525.5543572708236,1.0109266,0.0025607138
1525.5557461871856,1525.5557461871856,1.0082773,0.002562091
1525.557135103664,1525.557135103664,1.0125158,0.002566145
1525.558524020026,1525.558524020026,1.0115538,0.0025640961
1525.5599129363875,1525.5599129363875,1.0110804,0.002565053
1525.5613018527504,1525.5613018527504,1.0113943,0.002560809
1525.5626907691128,1525.5626907691128,1.0129979,0.002569966
1525.5640796855907,1525.5640796855907,1.006895,0.0025669688
1525.5654686019523,1525.5654686019523,1.013931,0.0025628
1525.5668575183147,1525.5668575183147,1.0132129,0.00257065
1525.5682464346776,1525.5682464346776,1.0116986,0.0025752669
1525.569635351039,1525.569635351039,1.0126911,0.0025682035
1525.5710242674002,1525.5710242674002,1.0133467,0.002564931
1525.5724131837621,1525.5724131837621,1.0108427,0.0025627795
1525.573802100125,1525.573802100125,1.0087538,0.002572369
1525.575191016487,1525.575191016487,1.011155,0.0025613382
1525.5765799328485,1525.5765799328485,1.0127805,0.0025646493
1525.5779688492105,1525.5779688492105,1.0172048,0.00256551
1525.5793577655725,1525.5793577655725,1.0409286,0.002578537
1525.5807466819344,1525.5807466819344,1.0291102,0.0025739528
1525.5821355982964,1525.5821355982964,1.0246127,0.0025745393
1525.5835245146586,1525.5835245146586,1.0186306,0.0025688978
1525.5849134310208,1525.5849134310208,1.0212076,0.002564245
1525.5863023473828,1525.5863023473828,1.0189123,0.0025675956
1525.5876912637455,1525.5876912637455,1.0181732,0.0025702852
1525.5890801801077,1525.5890801801077,1.0190251,0.0025640232
1525.5904690963523,1525.5904690963523,1.0193641,0.0025642137
1525.5918580127138,1525.5918580127138,1.0153626,0.002562528
1525.5932469290767,1525.5932469290767,1.020016,0.0025760767
1525.5946358454391,1525.5946358454391,1.0153177,0.0025628414
1525.5960247616842,1525.5960247616842,1.0152705,0.0025603296
1525.5974136780455,1525.5974136780455,1.0150208,0.0025635217
1525.5988025944077,1525.5988025944077,1.0157883,0.0025660796
1525.6001915107702,1525.6001915107702,1.0175424,0.0025776986
1525.601580427016,1525.601580427016,1.0194068,0.0025634493
1525.6029693433773,1525.6029693433773,1.0163987,0.0025648854
1525.6043582596228,1525.6043582596228,1.0148307,0.0025660526
1525.6057471759857,1525.6057471759857,1.0146589,0.0025603706
1525.6071360923477,1525.6071360923477,1.014097,0.0025667015
1525.6085250085932,1525.6085250085932,1.014967,0.002564992
1525.6099139249552,1525.6099139249552,1.0134342,0.0025709926
1525.6113028412003,1525.6113028412003,1.0141968,0.002579252
1525.6126917575623,1525.6126917575623,1.0118347,0.0025633995
1525.6140806738088,1525.6140806738088,1.0150115,0.0025628328
1525.6154695901707,1525.6154695901707,1.0149431,0.002566971
1525.6168585064158,1525.6168585064158,1.0130873,0.0025608134
1525.618247422777,1525.618247422777,1.0150324,0.0025640572
1525.6196363390234,1525.6196363390234,1.0140871,0.0025637655
1525.6210252553863,1525.6210252553863,1.0170283,0.002566679
1525.622414171631,1525.622414171631,1.0187078,0.0025649734
1525.623803087876,1525.623803087876,1.0125014,0.0025602803
1525.6251920042387,1525.6251920042387,1.0166992,0.0025777754
1525.626580920485,1525.626580920485,1.0152987,0.002563076
1525.62796983673,1525.62796983673,1.0136743,0.002566099
1525.629358753091,1525.629358753091,1.0172119,0.002562742
1525.6307476693369,1525.6307476693369,1.0186225,0.0025798227
1525.632136585583,1525.632136585583,1.0157402,0.002563398
1525.6335255018287,1525.6335255018287,1.0153359,0.0025623243
1525.6349144180745,1525.6349144180745,1.0142914,0.0025627615
1525.6363033344367,1525.6363033344367,1.0149169,0.0025691937
1525.6376922506813,1525.6376922506813,1.0149522,0.0025633087
1525.639081166927,1525.639081166927,1.0161325,0.002562396
1525.6404700831733,1525.6404700831733,1.015248,0.002564098
1525.641858999419,1525.641858999419,1.0158278,0.0025655308
1525.643247915664,1525.643247915664,1.0179361,0.0025682123
1525.6446368319096,1525.6446368319096,1.0137806,0.002573419
1525.6460257482725,1525.6460257482725,1.0166936,0.0025640351
1525.647414664518,1525.647414664518,1.0139395,0.0025615897
1525.648803580763,1525.648803580763,1.0131153,0.0025625739
1525.6501924970078,1525.6501924970078,1.0167054,0.0025697378
1525.6515814132542,1525.6515814132542,1.0153401,0.0025706468
1525.6529703295005,1525.6529703295005,1.01466,0.0025632365
1525.654359245629,1525.654359245629,1.0165222,0.00256433
1525.655748161874,1525.655748161874,1.0155169,0.0025697711
1525.6571370781196,1525.6571370781196,1.0138617,0.00256673
1525.6585259943658,1525.6585259943658,1.0139621,0.0025708769
1525.6599149106116,1525.6599149106116,1.0148239,0.0025638659
1525.6613038268572,1525.6613038268572,1.0154012,0.0025628186
1525.6626927431028,1525.6626927431028,1.0172164,0.0025662435
1525.6640816593483,1525.6640816593483,1.0165011,0.0025786106
1525.6654705754775,1525.6654705754775,1.0178009,0.0025659904
1525.6668594917232,1525.6668594917232,1.0134976,0.002564173
1525.668248407969,1525.668248407969,1.0148135,0.0025636365
1525.6696373242137,1525.6696373242137,1.016128,0.0025634998
1525.6710262403428,1525.6710262403428,1.015204,0.0025657518
1525.6724151565893,1525.6724151565893,1.0143815,0.0025657765
1525.6738040728349,1525.6738040728349,1.0165453,0.0025630635
1525.6751929889635,1525.6751929889635,1.0159054,0.0025628218
1525.6765819052084,1525.6765819052084,1.0183594,0.0025683707
1525.6779708214547,1525.6779708214547,1.0126276,0.0025631152
1525.6793597375847,1525.6793597375847,1.0167757,0.0025664777
1525.6807486538294,1525.6807486538294,1.016313,0.0025771193
1525.6821375699587,1525.6821375699587,1.0155782,0.0025759388
1525.683526486205,1525.683526486205,1.0141803,0.0025664319
1525.6849154023341,1525.6849154023341,1.0158827,0.0025657387
1525.6863043185792,1525.6863043185792,1.0174235,0.0025661995
1525.6876932347084,1525.6876932347084,1.0139108,0.002567601
1525.689082150954,1525.689082150954,1.0141665,0.0025639383
1525.6904710670833,1525.6904710670833,1.0172979,0.002563238
1525.691859983329,1525.691859983329,1.0128883,0.0025624405
1525.6932488994582,1525.6932488994582,1.0155894,0.0025711986
1525.6946378157038,1525.6946378157038,1.0174985,0.002577947
1525.6960267318323,1525.6960267318323,1.015253,0.0025616
1525.6974156479616,1525.6974156479616,1.0181047,0.002570697
1525.6988045642076,1525.6988045642076,1.0127112,0.0025618
1525.700193480337,1525.700193480337,1.0188606,0.0025648933
1525.7015823964655,1525.7015823964655,1.0168911,0.002562293
1525.702971312711,1525.702971312711,1.0177418,0.0025656233
1525.704360228841,1525.704360228841,1.0143206,0.0025652286
1525.7057491449702,1525.7057491449702,1.0134734,0.0025634326
1525.707138061099,1525.707138061099,1.0150694,0.0025699404
1525.7085269773445,1525.7085269773445,1.0151097,0.002561885
1525.7099158934743,1525.7099158934743,1.0154581,0.0025649029
1525.7113048096037,1525.7113048096037,1.0152788,0.0025599087
1525.712693725732,1525.712693725732,1.0157038,0.002561964
1525.7140826418613,1525.7140826418613,1.0156022,0.0025620353
1525.7154715579907,1525.7154715579907,1.019516,0.0025669702
1525.7168604741198,1525.7168604741198,1.0126331,0.0025646547
1525.718249390249,1525.718249390249,1.0142201,0.0025638626
1525.719638306378,1525.719638306378,1.013281,0.002562911
1525.7210272225072,1525.7210272225072,1.0144238,0.0025649155
1525.7224161386364,1525.7224161386364,1.0150025,0.0025625436
1525.7238050547658,1525.7238050547658,1.0140036,0.0025627662
1525.7251939708951,1525.7251939708951,1.0181231,0.0025661567
1525.7265828870243,1525.7265828870243,1.0159297,0.0025612873
1525.7279718031525,1525.7279718031525,1.0139399,0.0025612095
1525.7293607192819,1525.7293607192819,1.0152731,0.002564547
1525.7307496354117,1525.7307496354117,1.0171982,0.002564585
1525.7321385515409,1525.7321385515409,1.0165248,0.0025642079
1525.7335274676695,1525.7335274676695,1.0143231,0.0025673306
1525.7349163837987,1525.7349163837987,1.0173689,0.0025634696
1525.7363052999287,1525.7363052999287,1.0133746,0.0025632228
1525.7376942159415,1525.7376942159415,1.015337,0.0025641127
1525.7390831320702,1525.7390831320702,1.0117164,0.0025637352
1525.7404720481993,1525.7404720481993,1.0156757,0.0025644694
1525.741860964329,1525.741860964329,1.0120407,0.0025620998
1525.7432498803419,1525.7432498803419,1.0175142,0.0025661064
1525.7446387964703,1525.7446387964703,1.0194579,0.00257118
1525.7460277125995,1525.7460277125995,1.0153818,0.0025685944
1525.7474166286124,1525.7474166286124,1.0135145,0.0025618991
1525.7488055447418,1525.7488055447418,1.0158204,0.0025735658
1525.750194460871,1525.750194460871,1.0158392,0.0025635217
1525.7515833768837,1525.7515833768837,1.014652,0.0025666626
1525.7529722930128,1525.7529722930128,1.0162024,0.002563908
1525.754361209025,1525.754361209025,1.0146254,0.0025670994
1525.7557501251547,1525.7557501251547,1.015662,0.0025730464
1525.7571390412847,1525.7571390412847,1.0177644,0.0025676906
1525.758527957297,1525.758527957297,1.0119525,0.0025665704
1525.7599168734253,1525.7599168734253,1.0128392,0.0025663394
1525.761305789439,1525.761305789439,1.0122998,0.0025665506
1525.7626947054525,1525.7626947054525,1.0171889,0.0025634333
1525.7640836215808,1525.7640836215808,1.0160034,0.0025675013
1525.765472537593,1525.765472537593,1.0164715,0.002564462
1525.7668614537222,1525.7668614537222,1.014358,0.0025624738
1525.7682503697358,1525.7682503697358,1.0147333,0.0025666698
1525.7696392857486,1525.7696392857486,1.0170468,0.0025669802
1525.771028201877,1525.771028201877,1.0147511,0.0025693637
1525.77241711789,1525.77241711789,1.0132762,0.0025752534
1525.7738060339027,1525.7738060339027,1.0152038,0.0025638153
1525.7751949500318,1525.7751949500318,1.013579,0.002559487
1525.7765838660446,1525.7765838660446,1.0157747,0.0025632945
1525.7779727820573,1525.7779727820573,1.0183468,0.0025675271
1525.77936169807,1525.77936169807,1.0147618,0.0025651832
1525.7807506141987,1525.7807506141987,1.0141909,0.0025636253
1525.7821395302124,1525.7821395302124,1.0121503,0.0025667248
1525.7835284462255,1525.7835284462255,1.0149679,0.0025632426
1525.7849173622378,1525.7849173622378,1.0142666,0.0025658573
1525.78630627825,1525.78630627825,1.012565,0.002573905
1525.7876951942633,1525.7876951942633,1.0117527,0.0025627904
1525.789084110277,1525.789084110277,1.0176365,0.0025669918
1525.790473026289,1525.790473026289,1.0140245,0.0025615399
1525.791861942301,1525.791861942301,1.0161148,0.002564847
1525.7932508584302,1525.7932508584302,1.0154473,0.0025787049
1525.7946397744438,1525.7946397744438,1.0143087,0.0025605275
1525.79602869034,1525.79602869034,1.0123715,0.0025640486
1525.7974176063524,1525.7974176063524,1.010955,0.002568002
1525.798806522365,1525.798806522365,1.0133296,0.002562365
1525.8001954383778,1525.8001954383778,1.0116354,0.00256533
1525.8015843543906,1525.8015843543906,1.0116347,0.0025669078
1525.8029732704033,1525.8029732704033,1.0153219,0.0025629534
1525.8043621864163,1525.8043621864163,1.0156242,0.0025646028
1525.8057511024292,1525.8057511024292,1.0142045,0.0025652957
1525.807140018442,1525.807140018442,1.0151416,0.0025734832
1525.8085289344554,1525.8085289344554,1.0125312,0.002562689
1525.809917850352,1525.809917850352,1.012294,0.0025608896
1525.8113067663637,1525.8113067663637,1.0162928,0.0025630079
1525.812695682376,1525.812695682376,1.0125574,0.0025622833
1525.8140845983894,1525.8140845983894,1.0127225,0.0025605555
1525.8154735142864,1525.8154735142864,1.0117576,0.0025602998
1525.8168624302987,1525.8168624302987,1.011895,0.0025615122
1525.8182513463107,1525.8182513463107,1.0111951,0.0025709197
1525.8196402622073,1525.8196402622073,1.0142386,0.0025618318
1525.8210291782204,1525.8210291782204,1.015617,0.0025705046
1525.8224180942334,1525.8224180942334,1.0139228,0.002564656
1525.823807010129,1525.823807010129,1.0133896,0.0025612856
1525.8251959261418,1525.8251959261418,1.0103457,0.0025649667
1525.826584842039,1525.826584842039,1.014829,0.002564388
1525.8279737580517,1525.8279737580517,1.0121086,0.0025718173
1525.8293626739476,1525.8293626739476,1.0153631,0.0025630428
1525.8307515899603,1525.8307515899603,1.013893,0.0025617247
1525.8321405058566,1525.8321405058566,1.0139785,0.0025622142
1525.8335294218693,1525.8335294218693,1.0127751,0.0025598279
1525.8349183377666,1525.8349183377666,1.0135615,0.002564486
1525.8363072537793,1525.8363072537793,1.0161276,0.0025659287
1525.837696169675,1525.837696169675,1.0082917,0.0025613192
1525.8390850855706,1525.8390850855706,1.0145316,0.002562772
1525.8404740015842,1525.8404740015842,1.0142202,0.0025626833
1525.8418629174812,1525.8418629174812,1.0131079,0.0025675187
1525.8432518333768,1525.8432518333768,1.0115253,0.0025613806
1525.844640749389,1525.844640749389,1.0142286,0.002567995
1525.846029665286,1525.846029665286,1.0220537,0.0025662351
1525.847418581183,1525.847418581183,1.0217047,0.0025716175
1525.8488074971954,1525.8488074971954,1.0165048,0.0025650773
1525.8501964130908,1525.8501964130908,1.0178707,0.0025718773
1525.8515853289873,1525.8515853289873,1.0170445,0.0025641331
1525.8529742448843,1525.8529742448843,1.0190672,0.002567262
1525.8543631607806,1525.8543631607806,1.0164648,0.0025625913
1525.855752076793,1525.855752076793,1.0190806,0.0025659031
1525.8571409926892,1525.8571409926892,1.013053,0.0025645061
1525.8585299085855,1525.8585299085855,1.0148365,0.002563903
1525.8599188244818,1525.8599188244818,1.0082606,0.002564691
1525.861307740379,1525.861307740379,1.0139343,0.002577385
1525.8626966562754,1525.8626966562754,1.0137095,0.0025633755
1525.8640855721712,1525.8640855721712,1.0118498,0.0025658337
1525.8654744880675,1525.8654744880675,1.012887,0.0025629885
1525.8668634039648,1525.8668634039648,1.0126077,0.002561478
1525.868252319861,1525.868252319861,1.0110035,0.0025646035
1525.8696412357567,1525.8696412357567,1.0098453,0.0025638356
1525.8710301516523,1525.8710301516523,1.0102975,0.0025602533
1525.8724190675496,1525.8724190675496,1.0124074,0.002559857
1525.8738079834463,1525.8738079834463,1.0064847,0.0025626614
1525.8751968993422,1525.8751968993422,1.0116687,0.0025607222
1525.8765858151216,1525.8765858151216,1.0092245,0.0025611336
1525.877974731018,1525.877974731018,1.0100684,0.0025588109
1525.879363646915,1525.879363646915,1.0120847,0.00256143
1525.8807525628115,1525.8807525628115,1.0109419,0.002563436
1525.8821414787078,1525.8821414787078,1.009827,0.0025628624
1525.8835303944877,1525.8835303944877,1.010034,0.0025626803
1525.884919310384,1525.884919310384,1.0088782,0.00255878
1525.8863082262803,1525.8863082262803,1.0074762,0.0025588528
1525.8876971421766,1525.8876971421766,1.0123329,0.0025621043
1525.8890860579568,1525.8890860579568,1.009358,0.0025640372
1525.8904749738524,1525.8904749738524,1.0118932,0.002559693
1525.8918638897487,1525.8918638897487,1.0094734,0.0025603867
1525.8932528055295,1525.8932528055295,1.0101613,0.002561401
1525.8946417214258,1525.8946417214258,1.0066024,0.002558876
1525.8960306372053,1525.8960306372053,1.0071737,0.0025605161
1525.8974195531007,1525.8974195531007,1.0219424,0.0025680475
1525.8988084688815,1525.8988084688815,1.0137354,0.0025631948
1525.9001973847787,1525.9001973847787,1.0125616,0.002563103
1525.9015863005577,1525.9015863005577,1.0114,0.0025603578
1525.9029752164536,1525.9029752164536,1.0101807,0.0025607022
1525.9043641322344,1525.9043641322344,1.0098319,0.002561674
1525.9057530481311,1525.9057530481311,1.0111868,0.0025595892
1525.9071419639106,1525.9071419639106,1.0096992,0.0025628111
1525.908530879807,1525.908530879807,1.0091745,0.0025721248
1525.9099197955868,1525.9099197955868,1.0109015,0.0025694717
1525.9113087113667,1525.9113087113667,1.0103651,0.0025665944
1525.9126976272632,1525.9126976272632,1.0073766,0.0025606158
1525.9140865430434,1525.9140865430434,1.0089494,0.0025629124
1525.9154754588233,1525.9154754588233,1.0090797,0.0025603306
1525.916864374719,1525.916864374719,1.007722,0.0025568972
1525.918253290499,1525.918253290499,1.0078207,0.002560289
1525.9196422062794,1525.9196422062794,1.0080733,0.0025609117
1525.9210311220593,1525.9210311220593,1.0088129,0.0025695192
1525.9224200379551,1525.9224200379551,1.0062867,0.0025620118
1525.923808953735,1525.923808953735,1.0084023,0.0025590232
1525.9251978695158,1525.9251978695158,1.0075369,0.0025616458
1525.9265867852957,1525.9265867852957,1.0045608,0.0025721535
1525.9279757010752,1525.9279757010752,1.0065384,0.0025585808
1525.9293646168542,1525.9293646168542,1.0134178,0.0025617003
1525.930753532635,1525.930753532635,1.0083898,0.0025600481
1525.9321424484158,1525.9321424484158,1.0114517,0.0025598174
1525.9335313641948,1525.9335313641948,1.0102396,0.0025651779
1525.9349202799747,1525.9349202799747,1.0088159,0.0025599513
1525.9363091957548,1525.9363091957548,1.0078783,0.002562248
1525.937698111535,1525.937698111535,1.0091839,0.0025573324
1525.9390870273148,1525.9390870273148,1.009368,0.0025597808
1525.9404759430947,1525.9404759430947,1.0082017,0.0025678754
1525.9418648588746,1525.9418648588746,1.0068167,0.0025617974
1525.9432537746545,1525.9432537746545,1.0070434,0.0025602658
1525.9446426904344,1525.9446426904344,1.0098372,0.0025589664
1525.9460316062145,1525.9460316062145,1.0105394,0.0025587433
1525.9474205219947,1525.9474205219947,1.0061783,0.0025594654
1525.9488094377737,1525.9488094377737,1.0053201,0.002562697
1525.9501983534374,1525.9501983534374,1.0070059,0.0025705774
1525.951587269218,1525.951587269218,1.0072539,0.0025583282
1525.9529761849979,1525.9529761849979,1.0088528,0.0025680894
1525.9543651007773,1525.9543651007773,1.0042845,0.0025647725
1525.95575401644,1525.95575401644,1.0061057,0.0025577978
1525.9571429322207,1525.9571429322207,1.0034658,0.0025591324
1525.9585318480015,1525.9585318480015,1.0056734,0.0025617434
1525.9599207636643,1525.9599207636643,1.0071157,0.002557871
1525.9613096794444,1525.9613096794444,1.0071732,0.0025706447
1525.9626985952248,1525.9626985952248,1.0024066,0.0025604493
1525.9640875108885,1525.9640875108885,1.0037098,0.0025575382
1525.9654764266677,1525.9654764266677,1.0049229,0.0025588665
1525.9668653424476,1525.9668653424476,1.0072733,0.0025593746
1525.968254258111,1525.968254258111,1.0044072,0.0025605627
1525.9696431738912,1525.9696431738912,1.0064942,0.0025596707
1525.971032089555,1525.971032089555,1.0047768,0.002557923
1525.9724210053348,1525.9724210053348,1.0000271,0.002570715
1525.9738099209983,1525.9738099209983,1.0047573,0.0025603916
1525.9751988366613,1525.9751988366613,1.0071875,0.0025612225
1525.9765877524412,1525.9765877524412,1.0034665,0.0025585846
1525.9779766681054,1525.9779766681054,1.0021263,0.002556496
1525.9793655838855,1525.9793655838855,1.0061042,0.0025621776
1525.980754499548,1525.980754499548,1.0014205,0.00255845
1525.9821434152116,1525.9821434152116,1.0015868,0.0025551796
1525.9835323309924,1525.9835323309924,1.0035576,0.0025562854
1525.9849212466559,1525.9849212466559,1.0017267,0.002555383
1525.986310162319,1525.986310162319,1.0032308,0.002559667
1525.9876990780988,1525.9876990780988,1.0029439,0.0025574595
1525.9890879937632,1525.9890879937632,1.0003319,0.0025564753
1525.9904769094267,1525.9904769094267,0.9994973,0.002560689
1525.9918658250892,1525.9918658250892,0.99927014,0.002565736
1525.993254740753,1525.993254740753,1.002682,0.0025618703
1525.994643656533,1525.994643656533,1.0001731,0.0025615606
1525.9960325721966,1525.9960325721966,1.0026238,0.0025606714
1525.99742148786,1525.99742148786,1.0025378,0.002557297
1525.9988104035235,1525.9988104035235,1.002777,0.0025599885
1526.000199319187,1526.000199319187,1.0041504,0.002568515
1526.0015882348507,1526.0015882348507,1.0052356,0.0025568719
1526.0029771505144,1526.0029771505144,0.9977304,0.0025539834
1526.004366066178,1526.004366066178,1.0025873,0.0025595592
1526.0057549818414,1526.0057549818414,1.0683657,0.002591959
1526.0071438975042,1526.0071438975042,1.0273083,0.0025743935
1526.008532813168,1526.008532813168,1.012122,0.0025666782
1526.0099217288318,1526.0099217288318,1.012666,0.0025593895
1526.0113106444956,1526.0113106444956,1.0091549,0.0025721174
1526.0126995601584,1526.0126995601584,1.0109442,0.0025614535
1526.0140884758218,1526.0140884758218,1.0062159,0.002564417
1526.0154773914862,1526.0154773914862,1.008584,0.0025667278
1526.0168663071497,1526.0168663071497,1.0055336,0.0025603215
1526.0182552226963,1526.0182552226963,1.0052323,0.0025677653
1526.0196441383598,1526.0196441383598,1.0059309,0.0025575722
1526.021033054024,1526.021033054024,1.0023379,0.002559807
1526.0224219696877,1526.0224219696877,1.0058104,0.0025601082
1526.0238108852338,1526.0238108852338,1.0015723,0.0025562374
1526.0251998008976,1526.0251998008976,1.0056001,0.0025601946
1526.0265887165613,1526.0265887165613,1.0013778,0.0025547948
1526.0279776322247,1526.0279776322247,1.0024902,0.002561332
1526.0293665477718,1526.0293665477718,1.0061239,0.0025632603
1526.0307554634353,1526.0307554634353,1.0011919,0.00255947
1526.0321443789824,1526.0321443789824,1.00226,0.0025591652
1526.0335332946454,1526.0335332946454,1.004017,0.0025585745
1526.0349222103089,1526.0349222103089,1.0023315,0.002569186
1526.0363111258569,1526.0363111258569,1.0015184,0.0025548972
1526.0377000415203,1526.0377000415203,1.0014622,0.0025620672
1526.0390889570665,1526.0390889570665,1.0032985,0.0025573256
1526.040477872731,1526.040477872731,1.0022323,0.0025623406
1526.0418667882789,1526.0418667882789,1.0022707,0.0025685406
1526.0432557039414,1526.0432557039414,1.0035762,0.0025554285
1526.044644619488,1526.044644619488,1.0017647,0.0025570893
1526.0460335351515,1526.0460335351515,1.0002524,0.00255285
1526.0474224506995,1526.0474224506995,0.9994307,0.0025587524
1526.0488113662466,1526.0488113662466,1.0010363,0.0025640083
1526.0502002819096,1526.0502002819096,0.99832314,0.0025586095
1526.0515891974567,1526.0515891974567,0.99856496,0.0025571864
1526.0529781130037,1526.0529781130037,0.99666405,0.002555139
1526.0543670286672,1526.0543670286672,0.9991673,0.0025547794
1526.0557559442143,1526.0557559442143,0.99684036,0.002559944
1526.0571448597614,1526.0571448597614,0.998581,0.0025618188
1526.0585337753087,1526.0585337753087,0.99892205,0.0025549384
1526.0599226909724,1526.0599226909724,0.999462,0.0025559603
1526.0613116065194,1526.0613116065194,0.99961764,0.0025556237
1526.0627005220665,1526.0627005220665,0.99598414,0.0025539252
1526.0640894376136,1526.0640894376136,0.9995794,0.0025557969
1526.0654783531602,1526.0654783531602,0.9991269,0.002556232
1526.0668672687073,1526.0668672687073,0.99622095,0.0025529966
1526.068256184255,1526.068256184255,1.0025948,0.0025549622
1526.0696450999187,1526.0696450999187,0.9962819,0.0025587103
1526.0710340154649,1526.0710340154649,0.9973498,0.0025557757
1526.0724229310122,1526.0724229310122,1.0005162,0.0025547866
1526.07381184656,1526.07381184656,0.9962582,0.0025532434
1526.075200762107,1526.075200762107,0.99580675,0.0025530255
1526.0765896776536,1526.0765896776536,0.9973438,0.00255697
1526.0779785932007,1526.0779785932007,0.9991684,0.0025556018
1526.0793675086322,1526.0793675086322,1.0000216,0.0025538898
1526.0807564241793,1526.0807564241793,0.9983013,0.002561207
1526.0821453397257,1526.0821453397257,0.99801564,0.0025543335
1526.083534255273,1526.083534255273,0.9982441,0.0025561503
1526.08492317082,1526.08492317082,0.9948777,0.0025597266
1526.0863120863671,1526.0863120863671,1.0042931,0.0025675497
1526.0877010019142,1526.0877010019142,1.0004647,0.002558889
1526.0890899173448,1526.0890899173448,0.9981137,0.0025559228
1526.090478832892,1526.090478832892,0.9993581,0.0025554118
1526.0918677484385,1526.0918677484385,0.99675316,0.002553248
1526.0932566639856,1526.0932566639856,0.9977104,0.0025552197
1526.0946455794171,1526.0946455794171,1.0004736,0.0025533224
1526.0960344949642,1526.0960344949642,0.99483615,0.0025523705
1526.0974234105108,1526.0974234105108,0.99621266,0.0025587743
1526.098812325942,1526.098812325942,0.9939317,0.002561495
1526.10020124149,1526.10020124149,0.99889517,0.0025559387
1526.1015901570363,1526.1015901570363,0.9951082,0.0025506632
1526.1029790724663,1526.1029790724663,0.9942972,0.0025551347
1526.1043679880133,1526.1043679880133,0.9965548,0.002561598
1526.105756903445,1526.105756903445,0.99459314,0.0025547997
1526.107145818992,1526.107145818992,0.9910134,0.002548783
1526.1085347344222,1526.1085347344222,0.9948128,0.0025544488
1526.1099236499692,1526.1099236499692,0.99349654,0.002551009
1526.1113125653999,1526.1113125653999,0.9926272,0.0025513724
1526.112701480947,1526.112701480947,0.99721223,0.0025513887
1526.1140903963776,1526.1140903963776,0.99452704,0.0025581915
1526.115479311925,1526.115479311925,0.9930045,0.0025541699
1526.1168682273558,1526.1168682273558,0.9924325,0.0025526495
1526.1182571427864,1526.1182571427864,0.99240714,0.0025533915
1526.1196460583335,1526.1196460583335,0.99244255,0.0025503275
1526.1210349737642,1526.1210349737642,0.98784155,0.0025514474
1526.1224238891948,1526.1224238891948,0.99194515,0.0025515442
1526.123812804625,1526.123812804625,0.991534,0.0025566884
1526.1252017201728,1526.1252017201728,0.98963666,0.0025499358
1526.126590635604,1526.126590635604,0.99447155,0.0025564004
1526.1279795510343,1526.1279795510343,0.9894181,0.002561803
1526.1293684664643,1526.1293684664643,0.99182963,0.0025571885
1526.1307573820116,1526.1307573820116,0.99090403,0.0025488816
1526.1321462974427,1526.1321462974427,0.990331,0.0025544588
1526.1335352128735,1526.1335352128735,0.9902766,0.0025646465
1526.1349241283035,1526.1349241283035,0.9917363,0.002551984
1526.1363130437342,1526.1363130437342,0.99022955,0.0025509868
1526.1377019591657,1526.1377019591657,0.98917204,0.00255131
1526.1390908745964,1526.1390908745964,0.9923416,0.0025617767
1526.1404797900266,1526.1404797900266,0.99359536,0.0025531703
1526.1418687054572,1526.1418687054572,0.9917808,0.002551911
1526.1432576208879,1526.1432576208879,0.9907634,0.0025610013
1526.1446465363185,1526.1446465363185,0.9878459,0.0025495617
1526.1460354517492,1526.1460354517492,0.98742026,0.0025492893
1526.14742436718,1526.14742436718,0.991586,0.0025593925
1526.148813282611,1526.148813282611,0.99414206,0.0025543151
1526.1502021980407,1526.1502021980407,0.9923599,0.0025509906
1526.1515911134723,1526.1515911134723,0.9883042,0.0025478266
1526.1529800287872,1526.1529800287872,0.990306,0.0025504227
1526.1543689442171,1526.1543689442171,0.9897513,0.0025500904
1526.1557578596473,1526.1557578596473,0.98806596,0.0025525535
1526.1571467750787,1526.1571467750787,0.9900102,0.0025517638
1526.15853569051,1526.15853569051,0.9900301,0.0025524362
1526.1599246058238,1526.1599246058238,0.9923182,0.0025584854
1526.1613135212535,1526.1613135212535,0.9907357,0.0025538357
1526.1627024366844,1526.1627024366844,0.98973,0.0025489558
1526.1640913519993,1526.1640913519993,0.98965484,0.002548738
1526.16548026743,1526.16548026743,0.98878515,0.002553843
1526.1668691828602,1526.1668691828602,1.0032978,0.0025600996
1526.1682580981744,1526.1682580981744,0.99606216,0.002553567
1526.169647013605,1526.169647013605,0.99551886,0.0025597115
1526.171035929036,1526.171035929036,0.98982257,0.002550361
1526.1724248443504,1526.1724248443504,0.9915889,0.0025521016
1526.173813759781,1526.173813759781,0.99021286,0.0025520686
1526.1752026750953,1526.1752026750953,0.99091655,0.002552622
1526.176591590526,1526.176591590526,0.99251556,0.0025524076
1526.1779805058402,1526.1779805058402,0.98935807,0.0025601804
1526.1793694212708,1526.1793694212708,0.987705,0.0025596418
1526.1807583365853,1526.1807583365853,0.9915646,0.0025496732
1526.1821472518989,1526.1821472518989,0.98942477,0.0025519894
1526.1835361673304,1526.1835361673304,0.98672146,0.0025543023
1526.1849250826451,1526.1849250826451,0.9884247,0.0025502278
1526.186313997959,1526.186313997959,0.98843765,0.0025473556
1526.187702913389,1526.187702913389,0.98921615,0.0025509628
1526.1890918287033,1526.1890918287033,0.98572224,0.0025493933
1526.1904807440183,1526.1904807440183,0.9900558,0.0025503559
1526.1918696594491,1526.1918696594491,0.985931,0.002552001
1526.1932585747625,1526.1932585747625,0.9874025,0.0025481486
1526.194647490077,1526.194647490077,0.9924764,0.0025596675
1526.1960364053919,1526.1960364053919,0.9885321,0.002552469
1526.197425320706,1526.197425320706,0.988669,0.0025509025
1526.1988142361363,1526.1988142361363,0.9918762,0.0025600288
1526.2002031514505,1526.2002031514505,0.98837274,0.0025490236
1526.2015920667648,1526.2015920667648,0.9859719,0.0025469568
1526.202980982079,1526.202980982079,0.98849785,0.0025498774
1526.2043698973935,1526.2043698973935,0.9894631,0.002550053
1526.205758812708,1526.205758812708,0.9886948,0.0025476571
1526.2071477280222,1526.2071477280222,0.9869675,0.0025481225
1526.2085366433355,1526.2085366433355,0.9908115,0.0025554257
1526.2099255586506,1526.2099255586506,0.9933691,0.0025522164
1526.2113144739658,1526.2113144739658,0.9859449,0.0025538276
1526.212703389279,1526.212703389279,0.98556423,0.0025477607
1526.214092304593,1526.214092304593,0.9919261,0.002551333
1526.215481219908,1526.215481219908,0.99321884,0.0025525389
1526.2168701352227,1526.2168701352227,0.98477083,0.002549355
1526.2182590505365,1526.2182590505365,0.9878918,0.002549637
1526.2196479657339,1526.2196479657339,0.98816186,0.0025520085
1526.2210368810481,1526.2210368810481,0.98190826,0.0025501745
1526.2224257963628,1526.2224257963628,0.98612905,0.0025578013
1526.2238147116773,1526.2238147116773,0.9834828,0.0025492106
1526.2252036269908,1526.2252036269908,0.98686093,0.0025474478
1526.2265925421887,1526.2265925421887,0.98774,0.002549611
1526.2279814575031,1526.2279814575031,0.9841645,0.0025500357
1526.2293703728176,1526.2293703728176,0.99508846,0.002557258
1526.2307592880154,1526.2307592880154,1.0055107,0.002562299
1526.2321482033296,1526.2321482033296,1.0018026,0.0025653443
1526.2335371186439,1526.2335371186439,0.9990065,0.002558436
1526.2349260338417,1526.2349260338417,0.9968574,0.0025803982
1526.2363149491568,1526.2363149491568,0.9915177,0.0025515435
1526.237703864471,1526.237703864471,0.9925376,0.0025525226
1526.2390927796685,1526.2390927796685,0.98928916,0.0025548586
1526.2404816949818,1526.2404816949818,0.9891813,0.002551736
1526.2418706101805,1526.2418706101805,0.9899493,0.0025504683
1526.2432595254957,1526.2432595254957,0.98817027,0.0025534444
1526.2446484406926,1526.2446484406926,0.9913735,0.0025526818
1526.2460373560064,1526.2460373560064,0.9895089,0.0025493342
1526.2474262712042,1526.2474262712042,0.98695934,0.002562648
1526.248815186403,1526.248815186403,0.98635244,0.0025688736
1526.2502041017171,1526.2502041017171,0.9892895,0.00256122
1526.2515930169143,1526.2515930169143,0.98818034,0.0025510772
1526.2529819321123,1526.2529819321123,0.9894572,0.0025532425
1526.254370847427,1526.254370847427,0.98657763,0.0025581974
1526.2557597626248,1526.2557597626248,0.9874242,0.0025524748
1526.2571486778222,1526.2571486778222,0.9851966,0.002549487
1526.2585375931365,1526.2585375931365,0.98660475,0.0025486145
1526.2599265083343,1526.2599265083343,0.99089485,0.0025563287
1526.2613154235323,1526.2613154235323,0.98656404,0.0025512918
1526.2627043387304,1526.2627043387304,0.9858902,0.0025539899
1526.2640932539282,1526.2640932539282,0.98851925,0.0025503556
1526.2654821692424,1526.2654821692424,0.98511666,0.0025552206
1526.2668710844398,1526.2668710844398,0.9844223,0.0025597916
1526.268259999638,1526.268259999638,0.9836716,0.0025553484
1526.2696489148368,1526.2696489148368,0.985128,0.0025464087
1526.271037830034,1526.271037830034,0.9864129,0.0025486385
1526.272426745231,1526.272426745231,0.9867472,0.0025505377
1526.2738156604298,1526.2738156604298,0.9871903,0.0025548227
1526.2752045756283,1526.2752045756283,0.9877979,0.0025485593
1526.2765934908255,1526.2765934908255,0.98218244,0.0025532164
1526.2779824060228,1526.2779824060228,0.9842981,0.0025493123
1526.2793713212207,1526.2793713212207,0.9860074,0.0025495011
1526.2807602364192,1526.2807602364192,0.98887444,0.0025491517
1526.2821491516172,1526.2821491516172,0.98609674,0.0025508113
1526.2835380668141,1526.2835380668141,0.98619723,0.0025615604
1526.2849269818958,1526.2849269818958,0.9820856,0.0025480837
1526.2863158970938,1526.2863158970938,0.98424923,0.0025508194
1526.2877048122916,1526.2877048122916,0.98526573,0.0025546493
1526.2890937274894,1526.2890937274894,0.9834828,0.0025533992
1526.2904826426873,1526.2904826426873,0.98506165,0.0025488469
1526.2918715577687,1526.2918715577687,0.9842876,0.0025548942
1526.2932604729665,1526.2932604729665,0.9835465,0.0025627187
1526.2946493881652,1526.2946493881652,0.9828433,0.0025483402
1526.2960383032466,1526.2960383032466,0.9850745,0.0025492052
1526.297427218444,1526.297427218444,0.98164994,0.0025453658
1526.2988161336411,1526.2988161336411,0.9831884,0.0025500748
1526.3002050487232,1526.3002050487232,0.9857375,0.002547803
1526.301593963922,1526.301593963922,0.983423,0.0025468238
1526.3029828791189,1526.3029828791189,0.9849024,0.002547716
1526.3043717941998,1526.3043717941998,0.98387486,0.00254803
1526.3057607093976,1526.3057607093976,0.98263735,0.0025458855
1526.30714962448,1526.30714962448,0.9818603,0.0025470953
1526.3085385396778,1526.3085385396778,0.9832493,0.002549205
1526.3099274547587,1526.3099274547587,0.98286456,0.0025522206
1526.3113163699566,1526.3113163699566,0.9854493,0.0025555345
1526.3127052850386,1526.3127052850386,0.9800636,0.0025479905
1526.3140942001203,1526.3140942001203,0.97795814,0.0025527817
1526.3154831153172,1526.3154831153172,0.9825274,0.0025485312
1526.3168720303986,1526.3168720303986,0.9824919,0.002549001
1526.3182609455966,1526.3182609455966,0.9851319,0.0025465584
1526.3196498606783,1526.3196498606783,0.9820969,0.00254845
1526.3210387757597,1526.3210387757597,0.9790689,0.0025480047
1526.322427690841,1526.322427690841,0.98169047,0.0025477728
1526.323816606039,1526.323816606039,0.98230237,0.0025489698
1526.3252055211199,1526.3252055211199,0.9819986,0.0025475314
1526.326594436202,1526.326594436202,0.98200756,0.0025468692
1526.327983351284,1526.327983351284,0.9816834,0.002552325
1526.329372266365,1526.329372266365,0.9805799,0.0025476224
1526.330761181562,1526.330761181562,0.97913134,0.0025480601
1526.3321500966442,1526.3321500966442,0.98304486,0.0025538318
1526.3335390117265,1526.3335390117265,0.98225105,0.0025462185
1526.334927926807,1526.334927926807,0.9838039,0.0025489535
1526.336316841888,1526.336316841888,0.9815339,0.0025452336
1526.3377057569694,1526.3377057569694,0.9804398,0.0025468378
1526.3390946720517,1526.3390946720517,0.9813315,0.002546982
1526.3404835871331,1526.3404835871331,0.98056537,0.0025472168
1526.3418725022138,1526.3418725022138,0.98145336,0.0025505344
1526.3432614172955,1526.3432614172955,0.9818563,0.0025533
1526.344650332377,1526.344650332377,0.98053175,0.0025472452
1526.3460392474583,1526.3460392474583,0.97811055,0.0025525314
1526.3474281625397,1526.3474281625397,0.98055,0.0025486406
1526.348817077621,1526.348817077621,0.9827589,0.0025443018
1526.350205992586,1526.350205992586,0.9839134,0.002548441
1526.3515949076677,1526.3515949076677,0.9804602,0.0025438946
1526.3529838227498,1526.3529838227498,0.98135173,0.002553662
1526.3543727378312,1526.3543727378312,0.9815266,0.0025471386
1526.3557616529122,1526.3557616529122,0.97990805,0.002549153
1526.3571505678767,1526.3571505678767,0.98187417,0.00254692
1526.3585394829586,1526.3585394829586,0.97817546,0.0025436163
1526.359928398041,1526.359928398041,0.9780953,0.002546257
1526.3613173131218,1526.3613173131218,0.97898865,0.0025462995
1526.362706228086,1526.362706228086,0.9806047,0.0025497645
1526.3640951431673,1526.3640951431673,0.98233414,0.0025491181
1526.3654840581332,1526.3654840581332,0.97830427,0.0025464373
1526.3668729732146,1526.3668729732146,0.9778869,0.0025483049
1526.3682618882956,1526.3682618882956,0.98039347,0.0025451824
1526.3696508032606,1526.3696508032606,0.97922343,0.0025447472
1526.371039718343,1526.371039718343,0.982941,0.0025488588
1526.372428633308,1526.372428633308,0.97842205,0.002558511
1526.3738175483884,1526.3738175483884,0.98465586,0.0025470422
1526.3752064633536,1526.3752064633536,0.97925717,0.0025451158
1526.3765953784352,1526.3765953784352,0.98012465,0.0025466825
1526.3779842934002,1526.3779842934002,0.9811773,0.0025473556
1526.3793732083652,1526.3793732083652,0.98451793,0.0025497172
1526.3807621234466,1526.3807621234466,0.9802559,0.0025485733
1526.3821510384116,1526.3821510384116,0.9814649,0.002547938
1526.3835399533762,1526.3835399533762,0.98166275,0.0025507363
1526.3849288684585,1526.3849288684585,0.97949046,0.002548424
1526.386317783424,1526.386317783424,0.9800998,0.0025537843
1526.3877066983885,1526.3877066983885,0.98358446,0.0025443996
1526.3890956134692,1526.3890956134692,0.97898614,0.0025561806
1526.3904845284349,1526.3904845284349,0.9792021,0.002553435
1526.3918734434008,1526.3918734434008,0.9800935,0.0025469742
1526.393262358365,1526.393262358365,0.9827105,0.0025508176
1526.3946512733294,1526.3946512733294,0.98003066,0.0025503845
1526.3960401882944,1526.3960401882944,0.97952724,0.0025509207
1526.3974291033767,1526.3974291033767,0.98127174,0.0025475535
1526.3988180183417,1526.3988180183417,0.98080343,0.0025563287
1526.4002069333062,1526.4002069333062,0.97986007,0.0025464443
1526.4015958482712,1526.4015958482712,0.9801067,0.0025476338
1526.4029847632362,1526.4029847632362,0.9848648,0.0025461465
1526.4043736782012,1526.4043736782012,0.980811,0.0025480546
1526.4057625931662,1526.4057625931662,0.9808845,0.002545949
1526.4071515081314,1526.4071515081314,0.97813946,0.0025471766
1526.4085404230966,1526.4085404230966,0.97869956,0.002545819
1526.4099293380616,1526.4099293380616,0.98371816,0.0025505673
1526.4113182530266,1526.4113182530266,0.9770145,0.0025448438
1526.4127071678752,1526.4127071678752,0.9801621,0.002546398
1526.4140960828402,1526.4140960828402,0.9809932,0.0025561661
1526.4154849978047,1526.4154849978047,0.9826312,0.0025492962
1526.4168739127704,1526.4168739127704,0.9772315,0.0025443758
1526.418262827736,1526.418262827736,0.97899413,0.0025463928
1526.4196517425842,1526.4196517425842,0.98111016,0.0025522844
1526.4210406575482,1526.4210406575482,0.9809772,0.002547694
1526.4224295725135,1526.4224295725135,0.9811964,0.0025463125
1526.4238184874791,1526.4238184874791,0.9808223,0.0025485237
1526.4252074023277,1526.4252074023277,0.9773737,0.0025468029
1526.4265963172923,1526.4265963172923,0.9817106,0.0025490029
1526.4279852322572,1526.4279852322572,0.97752994,0.0025457246
1526.4293741471067,1526.4293741471067,0.9826176,0.002545461
1526.4307630620717,1526.4307630620717,0.9840723,0.0025464066
1526.4321519769198,1526.4321519769198,0.9824405,0.0025501063
1526.4335408918848,1526.4335408918848,0.98047954,0.0025569107
1526.4349298067334,1526.4349298067334,0.98248947,0.0025473447
1526.4363187216984,1526.4363187216984,0.9809103,0.0025490343
1526.437707636547,1526.437707636547,0.98336405,0.0025501065
1526.439096551512,1526.439096551512,0.98364675,0.0025515195
1526.4404854663608,1526.4404854663608,0.98519295,0.0025455472
1526.441874381325,1526.441874381325,0.98043996,0.0025459183
1526.4432632961746,1526.4432632961746,0.98306865,0.0025488168
1526.4446522111402,1526.4446522111402,0.98386,0.0025502986
1526.4460411259881,1526.4460411259881,0.98437285,0.0025510269
1526.4474300408363,1526.4474300408363,0.9827332,0.0025470296
1526.4488189558017,1526.4488189558017,0.98091155,0.002544315
1526.4502078706512,1526.4502078706512,0.98394984,0.0025580174
1526.4515967854993,1526.4515967854993,0.9816448,0.0025462327
1526.452985700347,1526.452985700347,0.9821941,0.0025451225
1526.4543746153122,1526.4543746153122,0.9828255,0.0025493817
1526.4557635301614,1526.4557635301614,0.9830791,0.0025470166
1526.45715244501,1526.45715244501,0.98246676,0.0025608342
1526.4585413598581,1526.4585413598581,0.9838075,0.0025495575
1526.4599302747067,1526.4599302747067,0.98350143,0.002553286
1526.4613191895553,1526.4613191895553,0.9844633,0.0025567915
1526.4627081044039,1526.4627081044039,0.9844972,0.0025502702
1526.4640970192527,1526.4640970192527,0.97886634,0.0025481211
1526.465485934218,1526.465485934218,0.98455447,0.0025522553
1526.4668748490665,1526.4668748490665,0.9811843,0.0025462024
1526.468263763915,1526.468263763915,0.9867082,0.0025497554
1526.4696526787636,1526.4696526787636,0.9816007,0.002546102
1526.4710415934958,1526.4710415934958,0.9872767,0.0025570944
1526.4724305083444,1526.4724305083444,0.98236316,0.0025482522
1526.4738194231925,1526.4738194231925,0.9813589,0.0025478664
1526.475208338042,1526.475208338042,0.98520845,0.002553119
1526.476597252891,1526.476597252891,0.98555636,0.0025474136
1526.4779861677391,1526.4779861677391,0.9859908,0.0025514185
1526.4793750825872,1526.4793750825872,0.98476243,0.002554551
1526.4807639974358,1526.4807639974358,0.9846529,0.002548714
1526.4821529121687,1526.4821529121687,0.9827366,0.0025458548
1526.4835418270175,1526.4835418270175,0.9865439,0.0025496425
1526.4849307418651,1526.4849307418651,0.98729134,0.002552049
1526.4863196567137,1526.4863196567137,0.98390514,0.0025477728
1526.4877085714468,1526.4877085714468,0.98475933,0.0025515594
1526.4890974862953,1526.4890974862953,0.98633754,0.002545289
1526.4904864011435,1526.4904864011435,0.98425704,0.0025462315
1526.4918753158756,1526.4918753158756,0.98837256,0.0025613843
1526.4932642307242,1526.4932642307242,0.9844619,0.0025475686
1526.4946531454564,1526.4946531454564,0.9870904,0.002548519
1526.496042060305,1526.496042060305,0.98652095,0.0025469237
1526.4974309750373,1526.4974309750373,0.9842125,0.0025500203
1526.4988198898861,1526.4988198898861,0.9879412,0.0025558
1526.5002088046174,1526.5002088046174,0.9877066,0.0025602723
1526.5015977194662,1526.5015977194662,0.982294,0.002559927
1526.502986634199,1526.502986634199,0.98325574,0.0025486369
1526.5043755490476,1526.5043755490476,0.98098916,0.002549321
1526.5057644637793,1526.5057644637793,0.9849518,0.0025499873
1526.5071533786286,1526.5071533786286,0.98643553,0.0025605336
1526.5085422933614,1526.5085422933614,0.9843789,0.0025508653
1526.5099312080931,1526.5099312080931,0.9850197,0.0025486795
1526.511320122941,1526.511320122941,0.98607284,0.0025490455
1526.5127090376734,1526.5127090376734,0.986049,0.002550851
1526.514097952406,1526.514097952406,0.98776436,0.002552471
1526.5154868671384,1526.5154868671384,0.990111,0.0025528735
1526.5168757819863,1526.5168757819863,0.9893874,0.0025614104
1526.5182646967185,1526.5182646967185,0.9851987,0.0025561808
1526.5196536114506,1526.5196536114506,0.9888436,0.0025526509
1526.521042526183,1526.521042526183,0.98776025,0.0025448187
1526.5224314409154,1526.5224314409154,0.9839601,0.0025475125
1526.5238203556476,1526.5238203556476,0.9895578,0.0025514504
1526.5252092704961,1526.5252092704961,0.9894024,0.00254763
1526.5265981852283,1526.5265981852283,0.9860441,0.002547334
1526.5279870999605,1526.5279870999605,0.98739016,0.0025558546
1526.5293760146928,1526.5293760146928,0.9887857,0.0025538672
1526.5307649294252,1526.5307649294252,0.98946255,0.0025569787
1526.5321538441565,1526.5321538441565,0.98760366,0.0025512099
1526.5335427588886,1526.5335427588886,0.98739886,0.0025503798
1526.5349316736217,1526.5349316736217,0.9896727,0.0025540993
1526.5363205882375,1526.5363205882375,0.9872149,0.0025548935
1526.5377095029692,1526.5377095029692,0.98954946,0.002549828
1526.5390984177013,1526.5390984177013,0.9916191,0.002553103
1526.5404873324344,1526.5404873324344,0.9868835,0.0025517805
1526.5418762471666,1526.5418762471666,0.98539406,0.0025544115
1526.5432651618978,1526.5432651618978,0.99054533,0.002553244
1526.5446540765138,1526.5446540765138,0.98690844,0.0025485586
1526.5460429912466,1526.5460429912466,0.9864695,0.0025568435
1526.5474319059788,1526.5474319059788,0.9892348,0.0025513493
1526.5488208207105,1526.5488208207105,0.9892743,0.002547708
1526.5502097353262,1526.5502097353262,0.9863061,0.002550014
1526.5515986500584,1526.5515986500584,0.9897592,0.0025507363
1526.5529875647908,1526.5529875647908,0.9895115,0.0025504532
1526.5543764794068,1526.5543764794068,0.98687,0.0025533466
1526.555765394139,1526.555765394139,0.9896377,0.0025577615
1526.5571543087547,1526.5571543087547,0.9903464,0.00255112
1526.5585432234861,1526.5585432234861,0.98863876,0.0025492022
1526.5599321382185,1526.5599321382185,0.9898916,0.0025518877
1526.5613210528347,1526.5613210528347,0.99139756,0.0025523757
1526.5627099675671,1526.5627099675671,0.9904213,0.0025545135
1526.5640988821822,1526.5640988821822,0.99452615,0.0025639501
1526.5654877967975,1526.5654877967975,0.98912096,0.0025483598
1526.5668767115303,1526.5668767115303,0.98742276,0.0025494639
1526.5682656261467,1526.5682656261467,0.98648304,0.0025463668
1526.5696545408784,1526.5696545408784,0.9891762,0.0025507736
1526.5710434554942,1526.5710434554942,0.9909575,0.0025489882
1526.5724323701106,1526.5724323701106,0.99329835,0.0025529298
1526.573821284843,1526.573821284843,0.99336886,0.0025531915
1526.5752101994578,1526.5752101994578,0.9877505,0.0025533438
1526.5765991140738,1526.5765991140738,0.993984,0.0025521598
1526.5779880286898,1526.5779880286898,0.9905483,0.002551449
1526.579376943422,1526.579376943422,0.98967415,0.0025540804
1526.5807658580377,1526.5807658580377,0.9906631,0.002549445
1526.5821547726534,1526.5821547726534,0.98954904,0.0025574942
1526.5835436872692,1526.5835436872692,0.9928658,0.0025575813
1526.5849326018845,1526.5849326018845,0.9923335,0.0025505074
1526.5863215165002,1526.5863215165002,0.9928285,0.002563593
1526.5877104311169,1526.5877104311169,0.98963726,0.0025528984
1526.5890993457326,1526.5890993457326,0.99094737,0.0025522176
1526.5904882604639,1526.5904882604639,0.9942214,0.0025568954
1526.5918771750798,1526.5918771750798,0.9951368,0.0025579971
1526.5932660896963,1526.5932660896963,0.99373513,0.0025538795
1526.5946550041956,1526.5946550041956,0.9970177,0.002550641
1526.596043918811,1526.596043918811,0.9956201,0.0025597843
1526.5974328334262,1526.5974328334262,0.9939902,0.0025566604
1526.5988217480424,1526.5988217480424,0.99420285,0.0025544055
1526.600210662659,1526.600210662659,0.995245,0.0025557117
1526.6015995772743,1526.6015995772743,0.9954912,0.0025557934
1526.60298849189,1526.60298849189,0.9935036,0.0025555282
1526.6043774065058,1526.6043774065058,0.99401295,0.0025608677
1526.6057663210051,1526.6057663210051,0.99300647,0.0025556237
1526.607155235621,1526.607155235621,0.99364805,0.0025606535
1526.6085441502366,1526.6085441502366,0.99111545,0.0025535175
1526.6099330648526,1526.6099330648526,0.9955289,0.0025526392
1526.6113219793522,1526.6113219793522,0.99236804,0.002549866
1526.612710893968,1526.612710893968,0.99199545,0.0025550774
1526.6140998085837,1526.6140998085837,0.99261343,0.002552086
1526.615488723083,1526.615488723083,0.9989003,0.002556851
1526.6168776376983,1526.6168776376983,0.995349,0.0025525636
1526.6182665521976,1526.6182665521976,0.9972021,0.0025630451
1526.619655466814,1526.619655466814,0.9938403,0.0025524849
1526.62104438143,1526.62104438143,0.9953994,0.0025578788
1526.6224332959284,1526.6224332959284,0.9972069,0.002556604
1526.6238222105437,1526.6238222105437,0.99731725,0.0025548441
1526.6252111250437,1526.6252111250437,0.99614435,0.0025625909
1526.6266000395437,1526.6266000395437,0.99657536,0.0025616777
1526.627988954159,1526.627988954159,0.99417865,0.002551551
1526.6293778686577,1526.6293778686577,0.9933146,0.002556298
1526.630766783274,1526.630766783274,0.99702364,0.002555723
1526.6321556977744,1526.6321556977744,0.99747705,0.0025567466
1526.633544612273,1526.633544612273,1.0002556,0.0025560008
1526.634933526889,1526.634933526889,0.99792,0.002554322
1526.6363224413883,1526.6363224413883,0.99578124,0.0025568744
1526.6377113558876,1526.6377113558876,0.9991029,0.0025555477
1526.639100270387,1526.639100270387,0.99787354,0.0025559443
1526.6404891850027,1526.6404891850027,0.9943944,0.0025528627
1526.641878099502,1526.641878099502,0.9964458,0.002559418
1526.643267014001,1526.643267014001,1.0006455,0.0025583578
1526.6446559285002,1526.6446559285002,0.99518543,0.0025608889
1526.6460448430005,1526.6460448430005,0.99637103,0.0025499421
1526.6474337574998,1526.6474337574998,0.99939156,0.00255777
1526.6488226719987,1526.6488226719987,0.99892944,0.0025573897
1526.6502115866144,1526.6502115866144,0.9986139,0.0025544972
1526.6516005011142,1526.6516005011142,0.9955309,0.0025567391
1526.6529894156138,1526.6529894156138,0.99840575,0.002552832
1526.6543783301124,1526.6543783301124,0.9984295,0.0025566674
1526.6557672446113,1526.6557672446113,0.99836034,0.002555949
1526.657156158995,1526.657156158995,0.9988566,0.002553511
1526.658545073495,1526.658545073495,0.9982643,0.0025608046
1526.6599339879938,1526.6599339879938,1.0026064,0.0025570863
1526.6613229024922,1526.6613229024922,0.99445087,0.0025579927
1526.6627118169918,1526.6627118169918,0.99921006,0.002554361
1526.6641007314918,1526.6641007314918,0.9995082,0.002554047
1526.665489645991,1526.665489645991,0.9997819,0.0025572162
1526.6668785603742,1526.6668785603742,1.0029954,0.0025568786
1526.6682674748738,1526.6682674748738,1.0046091,0.002555299
1526.6696563893731,1526.6696563893731,0.9974151,0.0025633473
1526.6710453038725,1526.6710453038725,0.9995661,0.0025557352
1526.6724342182554,1526.6724342182554,1.0021541,0.002558437
1526.6738231327547,1526.6738231327547,1.0010713,0.0025650556
1526.6752120472536,1526.6752120472536,0.9998604,0.002551104
1526.6766009616365,1526.6766009616365,1.0024747,0.0025586633
1526.6779898761367,1526.6779898761367,1.0018165,0.002557573
1526.6793787905196,1526.6793787905196,1.0013725,0.0025714335
1526.6807677050183,1526.6807677050183,1.0037309,0.0025576937
1526.6821566194005,1526.6821566194005,1.0008695,0.0025590674
1526.6835455339008,1526.6835455339008,1.0000839,0.0025645066
1526.6849344482844,1526.6849344482844,1.0028943,0.0025650563
1526.686323362783,1526.686323362783,1.0005924,0.0025567862
1526.6877122771655,1526.6877122771655,1.0000874,0.0025553247
1526.6891011916653,1526.6891011916653,1.0034351,0.0025616128
1526.690490106049,1526.690490106049,1.0021167,0.0025557554
1526.6918790204315,1526.6918790204315,1.000581,0.0025549768
1526.69326793493,1526.69326793493,1.0021355,0.0025614512
1526.694656849313,1526.694656849313,1.0065339,0.0025592071
1526.6960457636967,1526.6960457636967,1.0010858,0.0025544385
1526.697434678196,1526.697434678196,1.0014839,0.0025590258
1526.698823592579,1526.698823592579,1.0042151,0.0025611026
1526.700212506962,1526.700212506962,1.0053145,0.0025546108
1526.7016014213443,1526.7016014213443,1.0048,0.002560719
1526.7029903358437,1526.7029903358437,1.0029006,0.002557003
1526.7043792502275,1526.7043792502275,1.0042219,0.0025561813
1526.7057681646104,1526.7057681646104,0.99972427,0.0025565326
1526.7071570789929,1526.7071570789929,1.0022953,0.0025654414
1526.7085459933758,1526.7085459933758,1.0032793,0.0025576577
1526.7099349077596,1526.7099349077596,0.9994604,0.0025550583
1526.7113238221425,1526.7113238221425,1.0059189,0.002558316
1526.7127127365245,1526.7127127365245,1.0052106,0.0025609399
1526.714101650907,1526.714101650907,1.0078144,0.0025612193
1526.7154905652908,1526.7154905652908,1.0053369,0.002565772
1526.7168794796742,1526.7168794796742,1.0051845,0.0025593454
1526.7182683940566,1526.7182683940566,1.004941,0.002559433
1526.719657308439,1526.719657308439,1.0068295,0.0025574372
1526.721046222822,1526.721046222822,1.0013335,0.002557616
1526.7224351372054,1526.7224351372054,1.0070428,0.0025597948
1526.723824051472,1526.723824051472,1.0034734,0.0025562362
1526.7252129658543,1526.7252129658543,1.0085218,0.0025599771
1526.7266018802372,1526.7266018802372,1.004349,0.0025565156
1526.727990794621,1526.727990794621,1.0044163,0.0025588956
1526.7293797088876,1526.7293797088876,1.0074661,0.0025587191
1526.73076862327,1526.73076862327,1.0079437,0.0025564416
1526.732157537653,1526.732157537653,1.0003301,0.0025562318
1526.7335464520359,1526.7335464520359,1.0039928,0.0025687614
1526.7349353663024,1526.7349353663024,1.0069238,0.0025609834
1526.7363242806862,1526.7363242806862,1.0075754,0.0025571438
1526.7377131949527,1526.7377131949527,1.0084747,0.0025616512
1526.7391021093351,1526.7391021093351,1.0072384,0.0025655862
1526.7404910236007,1526.7404910236007,1.0060824,0.002560308
1526.7418799379845,1526.7418799379845,1.0066324,0.0025613473
1526.7432688523684,1526.7432688523684,1.0057704,0.0025620495
1526.744657766634,1526.744657766634,1.0041513,0.002563339
1526.7460466809,1526.7460466809,1.003361,0.0025534395
1526.7474355952836,1526.7474355952836,1.0053103,0.00255576
1526.7488245095508,1526.7488245095508,1.0044128,0.0025672007
1526.7502134239332,1526.7502134239332,1.007506,0.0025575329
1526.751602338199,1526.751602338199,1.0075738,0.002566244
1526.7529912524658,1526.7529912524658,1.0071925,0.0025574933
1526.764102566831,1526.764102566831,1.0092008,0.002557483
1526.7654914810976,1526.7654914810976,1.0060302,0.002562082
1526.766880395364,1526.766880395364,1.0105685,0.0025666046
1526.7682693096315,1526.7682693096315,1.0089064,0.0025623832
1526.7696582240144,1526.7696582240144,1.0086842,0.0025617043
1526.7710471382802,1526.7710471382802,1.0103216,0.0025605685
1526.772436052546,1526.772436052546,1.0140536,0.0025633585
1526.7738249668134,1526.7738249668134,1.0107253,0.0025593676
1526.7752138810806,1526.7752138810806,1.0091833,0.002558533
1526.77660279523,1526.77660279523,1.0106454,0.0025608626
1526.777991709496,1526.777991709496,1.0078441,0.002561235
1526.7793806237626,1526.7793806237626,1.0078392,0.0025606973
1526.78076953803,1526.78076953803,1.0090042,0.0025689323
1526.7821584522965,1526.7821584522965,1.0129513,0.0025618116
1526.783547366562,1526.783547366562,1.0124195,0.0025618973
1526.7849362808288,1526.7849362808288,1.0105426,0.0025645571
1526.7863251949796,1526.7863251949796,1.0085914,0.0025659257
1526.787714109246,1526.787714109246,1.0110732,0.002565423
1526.789103023512,1526.789103023512,1.011691,0.0025614921
1526.7904919376622,1526.7904919376622,1.0108589,0.0025585925
1526.7918808519287,1526.7918808519287,1.0122743,0.0025656726
1526.7932697661952,1526.7932697661952,1.009243,0.0025576425
1526.7946586803455,1526.7946586803455,1.0087076,0.0025654682
1526.7960475946122,1526.7960475946122,1.0101105,0.0025698761
1526.7974365088787,1526.7974365088787,1.009866,0.0025587499
1526.7988254230281,1526.7988254230281,1.0120285,0.002560326
1526.8002143372953,1526.8002143372953,1.0092859,0.0025633934
1526.8016032514463,1526.8016032514463,1.0066355,0.0025705076
1526.802992165712,1526.802992165712,1.009733,0.0025606665
1526.8043810798615,1526.8043810798615,1.0069335,0.0025580323
1526.805769994129,1526.805769994129,1.0077986,0.0025600018
1526.8071589082795,1526.8071589082795,1.009459,0.0025640195
1526.808547822429,1526.808547822429,1.0070087,0.0025590311
1526.8099367366951,1526.8099367366951,1.0085329,0.002555874
1526.8113256508452,1526.8113256508452,1.0091822,0.0025601522
1526.812714564996,1526.812714564996,1.0121186,0.0025593569
1526.8141034792627,1526.8141034792627,1.008171,0.0025621878
1526.815492393412,1526.815492393412,1.0101991,0.0025582148
1526.8168813075622,1526.8168813075622,1.0080211,0.0025616914
1526.8182702217125,1526.8182702217125,1.0078415,0.0025746706
1526.819659135979,1526.819659135979,1.0136192,0.0025635276
1526.821048050129,1526.821048050129,1.0119923,0.0025639504
1526.8224369642792,1526.8224369642792,1.0096225,0.0025624472
1526.8238258784293,1526.8238258784293,1.0093606,0.002559304
1526.8252147925793,1526.8252147925793,1.0071639,0.002557989
1526.8266037067297,1526.8266037067297,1.0107654,0.002564999
1526.82799262088,1526.82799262088,1.011751,0.002558796
1526.82938153503,1526.82938153503,1.0085254,0.0025595906
1526.8307704491792,1526.8307704491792,1.0064529,0.0025572537
1526.8321593633295,1526.8321593633295,1.0108083,0.0025626249
1526.8335482774803,1526.8335482774803,1.0085456,0.0025636137
1526.8349371916304,1526.8349371916304,1.0112165,0.0025605403
1526.83632610578,1526.83632610578,1.01313,0.0025593003
1526.83771501993,1526.83771501993,1.0114443,0.0025635622
1526.839103934081,1526.839103934081,1.0124974,0.002578303
1526.8404928482312,1526.8404928482312,1.0134846,0.0025747605
1526.8418817622644,1526.8418817622644,1.0123134,0.002572951
1526.8432706764145,1526.8432706764145,1.0113914,0.0025636859
1526.844659590565,1526.844659590565,1.0115287,0.0025581494
1526.8460485047153,1526.8460485047153,1.0153205,0.0025657264
1526.8474374187483,1526.8474374187483,1.0103899,0.0025587103
1526.8488263328984,1526.8488263328984,1.011028,0.0025585135
1526.8502152470487,1526.8502152470487,1.0125421,0.002569733
1526.8516041610826,1526.8516041610826,1.01097,0.0025631925
1526.8529930752327,1526.8529930752327,1.0119964,0.0025592148
1526.8543819893828,1526.8543819893828,1.0102212,0.002569217
1526.8557709034164,1526.8557709034164,1.0133766,0.0025760802
1526.857159817566,1526.857159817566,1.0142319,0.0025630933
1526.8585487315997,1526.8585487315997,1.0152816,0.0025644612
1526.8599376457505,1526.8599376457505,1.011065,0.002561585
1526.8613265597844,1526.8613265597844,1.0121483,0.0025641834
1526.8627154739336,1526.8627154739336,1.0143617,0.002562371
1526.8641043879675,1526.8641043879675,1.0157185,0.0025608463
1526.8654933021182,1526.8654933021182,1.0133185,0.0025673523
1526.866882216152,1526.866882216152,1.014687,0.0025688123
1526.8682711301851,1526.8682711301851,1.0141926,0.0025630388
1526.8696600443345,1526.8696600443345,1.0140483,0.002562986
1526.8710489583689,1526.8710489583689,1.0151144,0.0025608686
1526.8724378724035,1526.8724378724035,1.011555,0.002564797
1526.8738267864364,1526.8738267864364,1.015071,0.002563516
1526.8752157005868,1526.8752157005868,1.0114154,0.002566638
1526.8766046146204,1526.8766046146204,1.014995,0.0025743234
1526.877993528654,1526.877993528654,1.0125693,0.0025761437
1526.8793824426878,1526.8793824426878,1.0107856,0.0025615036
1526.8807713567214,1526.8807713567214,1.0176134,0.0025646156
1526.8821602708715,1526.8821602708715,1.0238875,0.0025706547
1526.8835491849054,1526.8835491849054,1.0180047,0.0025708068
1526.8849380989393,1526.8849380989393,1.0188643,0.0025659048
1526.886327012973,1526.886327012973,1.0161871,0.0025666296
1526.8877159270066,1526.8877159270066,1.0199629,0.00256697
1526.8891048410399,1526.8891048410399,1.0271753,0.0025679674
1526.8904937550735,1526.8904937550735,1.019157,0.0025706664
1526.8918826691076,1526.8918826691076,1.0200804,0.0025619513
1526.8932715831415,1526.8932715831415,1.0224808,0.002566476
1526.894660497058,1526.894660497058,1.0166228,0.0025672987
1526.8960494110913,1526.8960494110913,1.0165946,0.0025643704
1526.8974383251257,1526.8974383251257,1.0174408,0.0025668265
1526.89882723916,1526.89882723916,1.0202476,0.0025731127
1526.9002161531932,1526.9002161531932,1.0168421,0.0025628738
1526.901605067226,1526.901605067226,1.0177586,0.0025648654
1526.9029939811442,1526.9029939811442,1.0188986,0.0025608176
1526.9043828951787,1526.9043828951787,1.0171527,0.0025602854
1526.9057718092115,1526.9057718092115,1.0170912,0.002577094
1526.907160723129,1526.907160723129,1.0155972,0.002578024
1526.9085496371629,1526.9085496371629,1.0153714,0.0025612365
1526.9099385511965,1526.9099385511965,1.0159937,0.0025649492
1526.9113274651138,1526.9113274651138,1.0179005,0.002566068
1526.9127163791475,1526.9127163791475,1.017699,0.00256568
1526.9141052930647,1526.9141052930647,1.0184395,0.0025684072
1526.915494207098,1526.915494207098,1.015982,0.0025706724
1526.9168831210152,1526.9168831210152,1.0152084,0.00256386
1526.9182720350498,1526.9182720350498,1.0224149,0.0025643473
1526.919660948967,1526.919660948967,1.0198365,0.0025655103
1526.921049863,1526.921049863,1.0155617,0.0025690843
1526.9224387769175,1526.9224387769175,1.018882,0.0025634184
1526.9238276908352,1526.9238276908352,1.0195918,0.0025638784
1526.9252166048689,1526.9252166048689,1.0187184,0.0025629143
1526.9266055187857,1526.9266055187857,1.0238785,0.0025738364
1526.9279944327025,1526.9279944327025,1.0184565,0.0025751707
1526.9293833467366,1526.9293833467366,1.0183388,0.0025654663
1526.9307722606547,1526.9307722606547,1.0182238,0.0025715095
1526.9321611745715,1526.9321611745715,1.017425,0.0025645138
1526.933550088488,1526.933550088488,1.019218,0.0025632444
1526.9349390025218,1526.9349390025218,1.0176992,0.002562291
1526.9363279164397,1526.9363279164397,1.0182492,0.0025711062
1526.937716830357,1526.937716830357,1.0185301,0.0025618945
1526.9391057442738,1526.9391057442738,1.0175283,0.0025645993
1526.940494658191,1526.940494658191,1.0168396,0.0025623506
1526.9418835721092,1526.9418835721092,1.0159304,0.0025610176
1526.9432724860264,1526.9432724860264,1.019302,0.0025650444
1526.9446613999437,1526.9446613999437,1.0159024,0.0025619147
1526.946050313861,1526.946050313861,1.0216082,0.0025675874
1526.9474392277777,1526.9474392277777,1.0189561,0.0025722815
1526.948828141695,1526.948828141695,1.0173069,0.0025700987
1526.950217055613,1526.950217055613,1.020409,0.002566411
1526.9516059695304,1526.9516059695304,1.0148214,0.002561024
1526.9529948834468,1526.9529948834468,1.0234717,0.0025694882
1526.9543837973636,1526.9543837973636,1.0278643,0.0025679383
1526.9557727111653,1526.9557727111653,1.0202024,0.0025673192
1526.957161625083,1526.957161625083,1.0198389,0.0025682752
1526.9585505389998,1526.9585505389998,1.0196464,0.002567645
1526.9599394529166,1526.9599394529166,1.0222551,0.0025672787
1526.961328366718,1526.961328366718,1.0207232,0.0025632707
1526.962717280636,1526.962717280636,1.0155517,0.0025631369
1526.9641061945526,1526.9641061945526,1.0171814,0.0025628118
1526.9654951083528,1526.9654951083528,1.0205595,0.0025641576
1526.96688402227,1526.96688402227,1.0169235,0.00256397
1526.9682729360718,1526.9682729360718,1.021004,0.0025676843
1526.969661849989,1526.969661849989,1.0197242,0.0025641173
1526.9710507639059,1526.9710507639059,1.0190437,0.002578338
1526.9724396777067,1526.9724396777067,1.0189068,0.002566275
1526.973828591624,1526.973828591624,1.017228,0.0025703637
1526.9752175054248,1526.9752175054248,1.0176058,0.0025659604
1526.9766064192256,1526.9766064192256,1.020464,0.0025628866
1526.977995333143,1526.977995333143,1.0179391,0.0025813107
1526.9793842469442,1526.9793842469442,1.0129997,0.0025601394
1526.9807731608614,1526.9807731608614,1.0174958,0.0025757113
1526.982162074663,1526.982162074663,1.0221559,0.0025720927
1526.983550988464,1526.983550988464,1.0228451,0.0025677874
1526.9849399023803,1526.9849399023803,1.0191938,0.0025625783
1526.9863288161807,1526.9863288161807,1.0236579,0.0025698866
1526.9877177299823,1526.9877177299823,1.0183132,0.0025662903
1526.9891066437838,1526.9891066437838,1.0169015,0.0025617925
1526.9904955575842,1526.9904955575842,1.0189435,0.0025634558
1526.9918844715007,1526.9918844715007,1.0178041,0.0025659732
1526.9932733853018,1526.9932733853018,1.0176759,0.0025684563
1526.994662299103,1526.994662299103,1.0221839,0.0025655997
1526.996051212904,1526.996051212904,1.0148407,0.0025625927
1526.9974401267043,1526.9974401267043,1.0168427,0.0025634044
1526.9988290405051,1526.9988290405051,1.0161207,0.0025658268
1527.000217954307,1527.000217954307,1.0171627,0.0025623583
1527.0016068681077,1527.0016068681077,1.0128751,0.0025624195
1527.002995781908,1527.002995781908,1.0170884,0.0025649506
1527.004384695709,1527.004384695709,1.0172123,0.0025641636
1527.0057736095098,1527.0057736095098,1.0165744,0.0025661802
1527.0071625233106,1527.0071625233106,1.0205725,0.002569304
1527.0085514371115,1527.0085514371115,1.0151073,0.0025649006
1527.009940350796,1527.009940350796,1.0205649,0.0025654163
1527.011329264597,1527.011329264597,1.0215836,0.002568108
1527.012718178397,1527.012718178397,1.0170374,0.0025643872
1527.014107092198,1527.014107092198,1.0180427,0.002565607
1527.0154960058833,1527.0154960058833,1.0168806,0.002562349
1527.0168849196841,1527.0168849196841,1.0202117,0.002580767
1527.0182738334845,1527.0182738334845,1.0207071,0.0025685965
1527.019662747286,1527.019662747286,1.0197083,0.0025721863
1527.0210516609711,1527.0210516609711,1.0145009,0.0025612987
1527.0224405747715,1527.0224405747715,1.0148104,0.002563093
1527.023829488455,1527.023829488455,1.0196067,0.0025664137
1527.025218402256,1527.025218402256,1.0154365,0.002564838
1527.0266073159412,1527.0266073159412,1.0168381,0.0025641788
1527.027996229742,1527.027996229742,1.0162989,0.0025678242
1527.029385143426,1527.029385143426,1.0126301,0.0025611944
1527.0307740572268,1527.0307740572268,1.016172,0.002565372
1527.0321629709113,1527.0321629709113,1.0171492,0.002563401
1527.033551884712,1527.033551884712,1.0132495,0.0025649879
1527.0349407983967,1527.0349407983967,1.0204929,0.0025670466
1527.0363297120814,1527.0363297120814,1.0135901,0.002572321
1527.0377186258822,1527.0377186258822,1.0170416,0.002573332
1527.0391075395667,1527.0391075395667,1.0165044,0.0025666654
1527.040496453251,1527.040496453251,1.016576,0.002563923
1527.041885367052,1527.041885367052,1.016341,0.0025636787
1527.0432742807363,1527.0432742807363,1.0174632,0.002563017
1527.0446631944203,1527.0446631944203,1.0164255,0.0025632721
1527.0460521081047,1527.0460521081047,1.0177401,0.0025662875
1527.04744102179,1527.04744102179,1.0141822,0.0025622747
1527.0488299354745,1527.0488299354745,1.0162017,0.0025631369
1527.0502188492749,1527.0502188492749,1.0137691,0.00256612
1527.0516077629584,1527.0516077629584,1.0148909,0.0025628523
1527.0529966766437,1527.0529966766437,1.0158954,0.0025671024
1527.054385590329,1527.054385590329,1.0151469,0.0025658538
1527.0557745040126,1527.0557745040126,1.0180217,0.002562425
1527.057163417697,1527.057163417697,1.0154288,0.002563042
1527.0585523313823,1527.0585523313823,1.0129381,0.0025629576
1527.0599412450667,1527.0599412450667,1.0178295,0.0025679073
1527.0613301586343,1527.0613301586343,1.0126767,0.002563468
1527.0627190723187,1527.0627190723187,1.017798,0.002562581
1527.0641079860031,1527.0641079860031,1.0169083,0.0025668824
1527.0654968996876,1527.0654968996876,1.018245,0.0025649979
1527.066885813372,1527.066885813372,1.0153792,0.0025606847
1527.0682747270566,1527.0682747270566,1.0125991,0.0025608165
1527.0696636406249,1527.0696636406249,1.0176626,0.002564793
1527.0710525543084,1527.0710525543084,1.0122739,0.0025584658
1527.072441467993,1527.072441467993,1.0171561,0.0025649248
1527.0738303815617,1527.0738303815617,1.013151,0.002565402
1527.0752192952461,1527.0752192952461,1.0181072,0.0025629965
1527.07660820893,1527.07660820893,1.0179192,0.0025749526
1527.0779971224981,1527.0779971224981,1.013864,0.002565223
1527.0793860361835,1527.0793860361835,1.013825,0.0025608782
1527.0807749497515,1527.0807749497515,1.0163064,0.0025651508
1527.0821638634352,1527.0821638634352,1.016418,0.0025741588
1527.0835527770025,1527.0835527770025,1.0133183,0.0025613338
1527.0849416906879,1527.0849416906879,1.0159324,0.002563591
1527.0863306042565,1527.0863306042565,1.016198,0.0025641357
1527.0877195179403,1527.0877195179403,1.0156959,0.0025640372
1527.0891084315078,1527.0891084315078,1.0134888,0.002560576
1527.0904973450758,1527.0904973450758,1.0145267,0.002563848
1527.091886258761,1527.091886258761,1.0136232,0.0025620575
1527.0932751723292,1527.0932751723292,1.0139525,0.0025635357
1527.0946640858972,1527.0946640858972,1.0125521,0.002565015
1527.0960529995816,1527.0960529995816,1.0182372,0.002562184
1527.0974419131496,1527.0974419131496,1.0186027,0.002563271
1527.0988308267176,1527.0988308267176,1.0198648,0.0025661301
1527.1002197402859,1527.1002197402859,1.013672,0.0025608458
1527.101608653854,1527.101608653854,1.0160943,0.0025640829
1527.1029975674212,1527.1029975674212,1.0139894,0.0025646763
1527.1043864809892,1527.1043864809892,1.0138751,0.0025612235
1527.1057753946745,1527.1057753946745,1.011182,0.0025678463
1527.1071643082425,1527.1071643082425,1.0147977,0.00256241
1527.10855322181,1527.10855322181,1.0127578,0.0025642824
1527.1099421353774,1527.1099421353774,1.0135124,0.0025618116
1527.111331048946,1527.111331048946,1.0154588,0.0025692326
1527.112719962515,1527.112719962515,1.0166447,0.0025648375
1527.1141088759657,1527.1141088759657,1.0141195,0.0025701346
1527.1154977895333,1527.1154977895333,1.018671,0.002564193
1527.1168867031022,1527.1168867031022,1.0149784,0.0025724978
1527.1182756166706,1527.1182756166706,1.0161622,0.002563815
1527.1196645302382,1527.1196645302382,1.0135432,0.0025648125
1527.1210534438057,1527.1210534438057,1.0153801,0.002578696
1527.1224423572573,1527.1224423572573,1.0197423,0.002571295
1527.123831270826,1527.123831270826,1.0160279,0.0025675185
1527.1252201843943,1527.1252201843943,1.0142243,0.0025624924
1527.1266090979614,1527.1266090979614,1.0134242,0.0025582856
1527.127998011413,1527.127998011413,1.0128566,0.0025665448
1527.1293869249812,1527.1293869249812,1.0120944,0.0025640074
1527.130775838433,1527.130775838433,1.007457,0.002558898
1527.132164752001,1527.132164752001,1.0122801,0.0025623704
1527.133553665569,1527.133553665569,1.01517,0.0025633199
1527.1349425790206,1527.1349425790206,1.0101511,0.002564082
1527.1363314925886,1527.1363314925886,1.014585,0.002561544
1527.1377204060411,1527.1377204060411,1.0118946,0.0025740957
1527.1391093196091,1527.1391093196091,1.0130583,0.002565479
1527.1404982330603,1527.1404982330603,1.0148633,0.0025629199
1527.141887146511,1527.141887146511,1.0123212,0.0025605867
1527.1432760600799,1527.1432760600799,1.0081042,0.0025600952
1527.1446649735324,1527.1446649735324,1.019378,0.002569234
1527.146053886983,1527.146053886983,1.020695,0.0025646945
1527.1474428005506,1527.1474428005506,1.0159822,0.0025637785
1527.1488317140022,1527.1488317140022,1.0134203,0.002560663
1527.1502206274547,1527.1502206274547,1.0161132,0.0025637797
1527.1516095409063,1527.1516095409063,1.015425,0.0025632586
1527.1529984544736,1527.1529984544736,1.0105423,0.0025745942
1527.1543873679254,1527.1543873679254,1.0134063,0.0025609056
1527.1557762813775,1527.1557762813775,1.0129927,0.002561337
1527.1571651948293,1527.1571651948293,1.0154194,0.002565288
1527.1585541082802,1527.1585541082802,1.0105624,0.0025602027
1527.1599430217318,1527.1599430217318,1.0145416,0.0025607776
1527.1613319351836,1527.1613319351836,1.009151,0.0025611154
1527.1627208486354,1527.1627208486354,1.0121901,0.0025701488
1527.164109762087,1527.164109762087,1.0145375,0.0025651287
1527.1654986755386,1527.1654986755386,1.0133698,0.0025682347
1527.1668875889902,1527.1668875889902,1.0137247,0.0025627646
1527.1682765024414,1527.1682765024414,1.0105671,0.0025593129
1527.169665415893,1527.169665415893,1.0153545,0.0025612055
1527.1710543293452,1527.1710543293452,1.0077558,0.0025601075
1527.1724432426806,1527.1724432426806,1.0170915,0.002560423
1527.1738321561313,1527.1738321561313,1.0137892,0.0025668875
1527.1752210695838,1527.1752210695838,1.0097733,0.0025609666
1527.1766099830363,1527.1766099830363,1.0123186,0.0025664982
1527.1779988963706,1527.1779988963706,1.0122694,0.0025633718
1527.1793878098217,1527.1793878098217,1.0137092,0.0025607839
1527.1807767232733,1527.1807767232733,1.0091966,0.0025592174
1527.1821656366094,1527.1821656366094,1.0128124,0.0025592556
1527.183554550061,1527.183554550061,1.0087535,0.00255983
1527.184943463512,1527.184943463512,1.0120949,0.0025732215
1527.1863323768473,1527.1863323768473,1.0116284,0.0025707714
1527.187721290299,1527.187721290299,1.0102991,0.002568239
1527.189110203634,1527.189110203634,1.0095378,0.0025600248
1527.1904991170857,1527.1904991170857,1.0088074,0.0025600947
1527.1918880304208,1527.1918880304208,1.0091219,0.0025580951
1527.193276943756,1527.193276943756,1.0094451,0.0025699155
1527.1946658572078,1527.1946658572078,1.0109538,0.0025626298
1527.1960547705432,1527.1960547705432,1.0129081,0.0025598204
1527.1974436839948,1527.1974436839948,1.0102731,0.0025580612
1527.19883259733,1527.19883259733,1.0098156,0.002560771
1527.2002215106645,1527.2002215106645,1.0125703,0.002561656
1527.201610424,1527.201610424,1.0093006,0.0025601906
1527.202999337452,1527.202999337452,1.0107257,0.0025621231
1527.2043882507874,1527.2043882507874,1.0113987,0.0025645168
1527.2057771641219,1527.2057771641219,1.0081979,0.0025656752
1527.2071660774566,1527.2071660774566,1.0138913,0.0025701958
1527.2085549907924,1527.2085549907924,1.0136577,0.0025624223
1527.2099439041283,1527.2099439041283,1.0110483,0.0025621122
1527.2113328175794,1527.2113328175794,1.0116706,0.002558722
1527.2127217309137,1527.2127217309137,1.0067868,0.0025612428
1527.2141106442498,1527.2141106442498,1.0088379,0.0025597166
1527.2154995575859,1527.2154995575859,1.0088401,0.0025650875
1527.2168884709201,1527.2168884709201,1.0102547,0.0025637224
1527.2182773841391,1527.2182773841391,1.0095428,0.0025677898
1527.2196662974745,1527.2196662974745,1.0101835,0.0025614472
1527.2210552108097,1527.2210552108097,1.0074985,0.0025654119
1527.2224441241449,1527.2224441241449,1.0098425,0.0025597457
1527.22383303748,1527.22383303748,1.009751,0.002559135
1527.2252219508152,1527.2252219508152,1.0113994,0.0025733146
1527.22661086415,1527.22661086415,1.0092014,0.0025603727
1527.2279997773687,1527.2279997773687,1.0074376,0.0025663914
1527.2293886907048,1527.2293886907048,1.0083524,0.0025606107
1527.23077760404,1527.23077760404,1.0098299,0.0025656153
1527.232166517258,1527.232166517258,1.0054232,0.0025573066
1527.2335554305935,1527.2335554305935,1.0092778,0.002559678
1527.234944343929,1527.234944343929,1.0065154,0.0025567852
1527.2363332571479,1527.2363332571479,1.0084025,0.0025577168
1527.2377221704826,1527.2377221704826,1.0071152,0.0025578907
1527.239111083701,1527.239111083701,1.0102165,0.0025626395
1527.2404999970365,1527.2404999970365,1.0054951,0.002560796
1527.2418889102562,1527.2418889102562,1.009182,0.0025590737
1527.243277823591,1527.243277823591,1.010756,0.0025585433
1527.2446667368088,1527.2446667368088,1.003059,0.0025577766
1527.246055650144,1527.246055650144,1.0076947,0.0025622163
1527.2474445633636,1527.2474445633636,1.0068581,0.0025567506
1527.2488334765824,1527.2488334765824,1.0066253,0.0025593438
1527.250222389917,1527.250222389917,1.0076159,0.002559363
1527.2516113031359,1527.2516113031359,1.0049033,0.002557614
1527.2530002163555,1527.2530002163555,1.0060477,0.0025565932
1527.2543891295743,1527.2543891295743,1.0057223,0.0025599736
1527.2557780429095,1527.2557780429095,1.0073949,0.0025566465
1527.2571669561282,1527.2571669561282,1.0050763,0.0025562725
1527.2585558693465,1527.2585558693465,1.0044104,0.0025561866
1527.2599447825653,1527.2599447825653,1.0072259,0.0025677565
1527.2613336957847,1527.2613336957847,1.0064303,0.0025579454
1527.2627226090037,1527.2627226090037,1.0074363,0.0025717327
1527.2641115222216,1527.2641115222216,1.0030771,0.0025586153
1527.26550043544,1527.26550043544,1.006434,0.0025590216
1527.2668893486596,1527.2668893486596,1.0005407,0.0025527931
1527.2682782618788,1527.2682782618788,1.0024753,0.0025545328
1527.269667175097,1527.269667175097,1.0071281,0.0025577627
1527.2710560883152,1527.2710560883152,1.0045642,0.0025630526
1527.2724450015346,1527.2724450015346,1.0071678,0.0025618912
1527.2738339147543,1527.2738339147543,1.0024854,0.0025718864
1527.2752228279724,1527.2752228279724,1.0064117,0.0025577021
1527.2766117411904,1527.2766117411904,1.0036128,0.0025583503
1527.2780006542928,1527.2780006542928,1.001508,0.0025641539
1527.2793895675125,1527.2793895675125,1.0029641,0.0025578267
1527.2807784807312,1527.2807784807312,1.0055821,0.0025590265
1527.2821673939495,1527.2821673939495,1.002899,0.0025609878
1527.2835563070519,1527.2835563070519,1.0059638,0.0025592195
1527.2849452202706,1527.2849452202706,1.0034138,0.0025614821
1527.286334133373,1527.286334133373,1.0027689,0.0025600267
1527.2877230465917,1527.2877230465917,1.0041144,0.0025611636
1527.2891119598107,1527.2891119598107,1.004579,0.0025571324
1527.2905008729133,1527.2905008729133,1.0057139,0.0025580127
1527.291889786132,1527.291889786132,1.006121,0.0025567033
1527.2932786992344,1527.2932786992344,1.0035425,0.0025562355
1527.2946676124532,1527.2946676124532,1.0065829,0.0025608686
1527.2960565255555,1527.2960565255555,1.0008492,0.0025533892
1527.2974454386574,1527.2974454386574,1.0004058,0.0025550348
1527.2988343518768,1527.2988343518768,1.00418,0.0025554313
1527.3002232649799,1527.3002232649799,1.004808,0.002564264
1527.3016121780818,1527.3016121780818,1.0055054,0.0025545934
1527.3030010912998,1527.3030010912998,1.0014662,0.002556947
1527.3043900044024,1527.3043900044024,0.99951863,0.002560833
1527.3057789175052,1527.3057789175052,1.0009894,0.0025545699
1527.3071678306076,1527.3071678306076,1.0007193,0.0025624223
1527.3085567438259,1527.3085567438259,1.0007353,0.0025552385
1527.3099456569282,1527.3099456569282,1.0028968,0.002561853
1527.3113345700315,1527.3113345700315,1.0014588,0.0025567943
1527.3127234831338,1527.3127234831338,1.0031972,0.002557177
1527.3141123962357,1527.3141123962357,1.001451,0.0025539524
1527.315501309338,1527.315501309338,1.0029838,0.0025573703
1527.3168902224404,1527.3168902224404,1.0015732,0.0025603257
1527.3182791355428,1527.3182791355428,1.0028635,0.002555761
1527.319668048645,1527.319668048645,1.0038066,0.0025632214
1527.3210569617474,1527.3210569617474,1.0006838,0.0025537366
1527.32244587485,1527.32244587485,0.9992006,0.0025560614
1527.3238347879517,1527.3238347879517,0.99955285,0.0025588265
1527.3252237009376,1527.3252237009376,1.0018759,0.0025563221
1527.3266126140409,1527.3266126140409,0.9999727,0.0025557573
1527.3280015271432,1527.3280015271432,1.003438,0.002557597
1527.329390440245,1527.329390440245,0.99938816,0.002556617
1527.3307793533475,1527.3307793533475,0.9996095,0.0025740038
1527.332168266334,1527.332168266334,1.001697,0.0025556271
1527.3335571794366,1527.3335571794366,0.99880105,0.0025548623
1527.334946092538,1527.334946092538,1.001074,0.0025640663
1527.3363350055236,1527.3363350055236,1.0009528,0.00255664
1527.3377239186268,1527.3377239186268,0.9983009,0.0025555189
1527.3391128316132,1527.3391128316132,1.0019299,0.002557063
1527.340501744715,1527.340501744715,0.9988859,0.0025557904
1527.341890657701,1527.341890657701,0.9968102,0.0025518695
1527.3432795708034,1527.3432795708034,1.0002965,0.0025531866
1527.3446684837893,1527.3446684837893,0.99805015,0.0025569128
1527.3460573968919,1527.3460573968919,0.9995326,0.0025570935
1527.347446309878,1527.347446309878,0.9958556,0.0025518844
1527.3488352229804,1527.3488352229804,0.9987383,0.0025621275
1527.3502241359656,1527.3502241359656,0.999884,0.0025553934
1527.3516130489518,1527.3516130489518,0.9987839,0.0025525216
1527.3530019619382,1527.3530019619382,1.0027868,0.0025574218
1527.3543908750405,1527.3543908750405,0.9983586,0.0025560947
1527.355779788026,1527.355779788026,0.99778295,0.0025571445
1527.357168701012,1527.357168701012,0.99666804,0.0025544215
1527.3585576139988,1527.3585576139988,0.9997002,0.0025598907
1527.3599465269847,1527.3599465269847,0.9948079,0.0025557224
1527.3613354400866,1527.3613354400866,0.99578553,0.0025610572
1527.3627243530716,1527.3627243530716,0.99682695,0.0025526222
1527.3641132660584,1527.3641132660584,0.9955224,0.0025520988
1527.3655021790453,1527.3655021790453,0.99873245,0.0025594574
1527.3668910920303,1527.3668910920303,0.9973092,0.002557018
1527.3682800050158,1527.3682800050158,0.99539024,0.0025611497
1527.3696689180017,1527.3696689180017,0.9973731,0.002553671
1527.3710578309885,1527.3710578309885,0.9967199,0.0025512956
1527.3724467439745,1527.3724467439745,0.99868625,0.0025525726
1527.3738356568433,1527.3738356568433,0.99699175,0.002551609
1527.3752245698295,1527.3752245698295,0.9994787,0.0025559228
1527.3766134828159,1527.3766134828159,1.0003381,0.0025568733
1527.3780023958018,1527.3780023958018,0.996585,0.0025516585
1527.3793913087873,1527.3793913087873,0.9970511,0.002555484
1527.3807802216568,1527.3807802216568,0.9982963,0.0025587096
1527.3821691346427,1527.3821691346427,0.995232,0.002551037
1527.3835580476289,1527.3835580476289,0.9971228,0.002557164
1527.3849469604986,1527.3849469604986,0.99589217,0.0025510413
1527.3863358734845,1527.3863358734845,0.9968652,0.0025603857
1527.387724786354,1527.387724786354,0.9965493,0.0025588365
1527.3891136993393,1527.3891136993393,0.9951567,0.0025527964
1527.390502612326,1527.390502612326,0.99538714,0.002553382
1527.3918915251963,1527.3918915251963,0.99761534,0.0025622428
1527.3932804381816,1527.3932804381816,0.99598783,0.0025634079
1527.3946693510504,1527.3946693510504,0.9942673,0.0025614395
1527.3960582639208,1527.3960582639208,0.9950857,0.0025512967
1527.3974471769075,1527.3974471769075,0.9969322,0.0025521985
1527.3988360897763,1527.3988360897763,0.9995302,0.002556597
1527.4002250026454,1527.4002250026454,0.9917812,0.0025513768
1527.4016139156313,1527.4016139156313,0.9943567,0.0025563468
1527.4030028285015,1527.4030028285015,0.9996386,0.002555186
1527.4043917413712,1527.4043917413712,0.9921816,0.0025530346
1527.4057806542398,1527.4057806542398,0.99722016,0.0025534644
1527.407169567226,1527.407169567226,0.99309826,0.0025518078
1527.4085584800957,1527.4085584800957,0.99361223,0.0025537421
1527.4099473929653,1527.4099473929653,0.9931728,0.0025569866
1527.4113363058348,1527.4113363058348,0.99225944,0.0025605385
1527.4127252187043,1527.4127252187043,0.99433035,0.0025564719
1527.4141141315738,1527.4141141315738,0.99395686,0.0025512227
1527.4155030444433,1527.4155030444433,0.992826,0.0025537491
1527.416891957313,1527.416891957313,0.9890453,0.0025538167
1527.4182808701828,1527.4182808701828,0.9944804,0.002562476
1527.4196697830523,1527.4196697830523,0.99812174,0.0025558544
1527.4210586959211,1527.4210586959211,0.99688226,0.0025540967
1527.422447608791,1527.422447608791,0.99295676,0.0025494834
1527.4238365216609,1527.4238365216609,0.99405926,0.0025488825
1527.425225434414,1527.425225434414,0.99363244,0.0025563305
1527.426614347283,1527.426614347283,0.9979259,0.0025591508
1527.428003260152,1527.428003260152,0.98932934,0.0025582495
1527.429392173022,1527.429392173022,0.991303,0.0025583329
1527.430781085776,1527.430781085776,0.99061954,0.0025597091
1527.4321699986451,1527.4321699986451,0.99458987,0.0025530457
1527.4335589115146,1527.4335589115146,0.9907647,0.002554359
1527.4349478242684,1527.4349478242684,0.9930612,0.0025616568
1527.4363367371382,1527.4363367371382,0.9890332,0.0025538332
1527.4377256498904,1527.4377256498904,0.99301916,0.0025527775
1527.4391145627599,1527.4391145627599,0.99112767,0.00254734
1527.4405034755132,1527.4405034755132,0.99207354,0.0025510008
1527.441892388383,1527.441892388383,0.9914844,0.0025504662
1527.443281301136,1527.443281301136,0.9915186,0.0025539664
1527.4446702140056,1527.4446702140056,0.99203426,0.0025531335
1527.4460591267587,1527.4460591267587,0.98864925,0.0025514658
1527.4474480396277,1527.4474480396277,0.992643,0.002552333
1527.4488369523808,1527.4488369523808,0.99264914,0.002563281
1527.4502258651346,1527.4502258651346,0.9900093,0.0025481093
1527.451614777888,1527.451614777888,0.9934263,0.0025631052
1527.4530036907565,1527.4530036907565,0.9927679,0.0025562898
1527.4543926035099,1527.4543926035099,0.9909217,0.002567331
1527.4557815162636,1527.4557815162636,0.9880781,0.0025516313
1527.4571704290167,1527.4571704290167,0.9888004,0.0025532607
1527.4585593417694,1527.4585593417694,0.9907398,0.002550922
1527.459948254522,1527.459948254522,0.9917771,0.0025558884
1527.4613371672756,1527.4613371672756,0.9867672,0.002557828
1527.4627260800296,1527.4627260800296,0.9896021,0.0025523931
1527.4641149928984,1527.4641149928984,0.98753285,0.0025592917
1527.4655039055344,1527.4655039055344,0.9903158,0.002551698
1527.4668928182875,1527.4668928182875,0.9903967,0.0025500807
1527.4682817310415,1527.4682817310415,0.99125576,0.002554465
1527.4696706437946,1527.4696706437946,0.99075776,0.0025554604
1527.4710595565473,1527.4710595565473,0.9885915,0.0025535242
1527.4724484693004,1527.4724484693004,0.9917909,0.00255215
1527.4738373820542,1527.4738373820542,0.98949695,0.002551136
1527.475226294691,1527.475226294691,0.99210846,0.002555345
1527.4766152074442,1527.4766152074442,0.9885985,0.0025494709
1527.4780041201973,1527.4780041201973,0.98910284,0.0025462327
1527.47939303295,1527.47939303295,0.98970664,0.0025510758
1527.4807819455866,1527.4807819455866,0.9899666,0.0025490057
1527.4821708583404,1527.4821708583404,0.9882745,0.0025484513
1527.4835597710937,1527.4835597710937,0.98903173,0.0025513917
1527.4849486837295,1527.4849486837295,0.99031776,0.0025510532
1527.4863375964821,1527.4863375964821,0.9883936,0.002560271
1527.4877265091195,1527.4877265091195,0.98864627,0.0025484166
1527.4891154218733,1527.4891154218733,0.9879929,0.0025511254
1527.4905043345095,1527.4905043345095,0.98709166,0.0025489482
1527.4918932471455,1527.4918932471455,0.98692006,0.0025491053
1527.4932821598993,1527.4932821598993,0.98917997,0.0025619736
1527.494671072537,1527.494671072537,0.9877524,0.0025531861
1527.496059985289,1527.496059985289,0.9883793,0.0025513838
1527.4974488979253,1527.4974488979253,0.9893865,0.0025508637
1527.498837810562,1527.498837810562,0.9868174,0.002553124
1527.5002267231996,1527.5002267231996,0.9881027,0.0025520402
1527.5016156359527,1527.5016156359527,0.98876196,0.002553506
1527.503004548589,1527.503004548589,0.98926926,0.0025501954
1527.5043934612256,1527.5043934612256,0.9868332,0.0025504387
1527.5057823738623,1527.5057823738623,0.98892367,0.002553798
1527.507171286499,1527.507171286499,0.9883878,0.0025514506
1527.5085601991357,1527.5085601991357,0.98894787,0.002562191
1527.5099491117724,1527.5099491117724,0.9907973,0.002549379
1527.5113380244093,1527.5113380244093,0.9856761,0.0025513473
1527.5127269370462,1527.5127269370462,0.9903143,0.002548994
1527.5141158496829,1527.5141158496829,0.98877835,0.0025530527
1527.5155047623196,1527.5155047623196,0.98597294,0.0025495572
1527.5168936749562,1527.5168936749562,0.9875139,0.0025555925
1527.5182825875925,1527.5182825875925,0.98785216,0.0025511722
1527.5196715002292,1527.5196715002292,0.988176,0.002552929
1527.52106041275,1527.52106041275,0.9862414,0.0025497118
1527.522449325387,1527.522449325387,0.9863661,0.002552146
1527.5238382380228,1527.5238382380228,0.98640746,0.0025598973
1527.5252271506597,1527.5252271506597,0.98528284,0.0025602963
1527.5266160631807,1527.5266160631807,0.9856554,0.002557737
1527.5280049758173,1527.5280049758173,0.98644376,0.0025500483
1527.5293938884536,1527.5293938884536,0.9871645,0.002552706
1527.5307828009738,1527.5307828009738,0.985963,0.002557721
1527.5321717136114,1527.5321717136114,0.987007,0.0025484841
1527.5335606261317,1527.5335606261317,0.9853643,0.0025464718
1527.5349495387677,1527.5349495387677,0.98393863,0.0025463721
1527.5363384512882,1527.5363384512882,0.98501486,0.002549855
1527.537727363925,1527.537727363925,0.9883822,0.0025636624
1527.5391162764452,1527.5391162764452,0.98561937,0.0025505763
1527.5405051890818,1527.5405051890818,0.98605895,0.0025464208
1527.541894101602,1527.541894101602,0.9878864,0.0025511275
1527.5432830141224,1527.5432830141224,0.9828705,0.0025472653
1527.5446719267586,1527.5446719267586,0.9843133,0.0025517577
1527.5460608392789,1527.5460608392789,0.9822791,0.0025490376
1527.5474497518,1527.5474497518,0.9804425,0.0025521223
1527.5488386643203,1527.5488386643203,0.98571956,0.0025493964
1527.5502275768401,1527.5502275768401,0.99211586,0.0025510485
1527.5516164894768,1527.5516164894768,0.98636854,0.002548889
1527.5530054019978,1527.5530054019978,0.9855222,0.0025488674
1527.5543943145183,1527.5543943145183,0.98473805,0.002550812
1527.5557832270376,1527.5557832270376,0.98424494,0.0025491898
1527.5571721395575,1527.5571721395575,0.9845983,0.0025521382
1527.5585610520784,1527.5585610520784,0.9849824,0.0025492846
1527.5599499645994,1527.5599499645994,0.9798525,0.0025483218
1527.5613388771192,1527.5613388771192,0.98564583,0.0025481214
1527.5627277896388,1527.5627277896388,0.9830547,0.0025444163
1527.5641167021593,1527.5641167021593,0.9844163,0.0025504858
1527.5655056145636,1527.5655056145636,0.98262125,0.0025488653
1527.5668945270838,1527.5668945270838,0.98233724,0.002555517
1527.5682834396036,1527.5682834396036,0.9855305,0.0025593212
1527.569672352124,1527.569672352124,0.9852646,0.0025607615
1527.5710612645287,1527.5710612645287,0.98230577,0.0025500238
1527.572450177049,1527.572450177049,0.98061824,0.002552554
1527.5738390895692,1527.5738390895692,0.98469615,0.0025556039
1527.575228001973,1527.575228001973,0.9840521,0.002558682
1527.576616914493,1527.576616914493,0.9848199,0.002546569
1527.5780058270132,1527.5780058270132,0.9799383,0.002553177
1527.579394739418,1527.579394739418,0.9839918,0.0025495798
1527.5807836519382,1527.5807836519382,0.98251027,0.0025497633
1527.5821725643414,1527.5821725643414,0.98464185,0.002550554
1527.583561476861,1527.583561476861,0.98190594,0.0025482143
1527.5849503892657,1527.5849503892657,0.98439664,0.0025492043
1527.5863393016703,1527.5863393016703,0.98208547,0.0025482476
1527.5877282141898,1527.5877282141898,0.98166275,0.0025462687
1527.5891171265932,1527.5891171265932,0.98464113,0.0025599387
1527.5905060389978,1527.5905060389978,0.9832583,0.0025540376
1527.5918949515187,1527.5918949515187,0.9808134,0.0025444378
1527.5932838639221,1527.5932838639221,0.98443824,0.002550676
1527.594672776325,1527.594672776325,0.9809856,0.0025461467
1527.5960616887292,1527.5960616887292,0.98290515,0.0025577794
1527.5974506011337,1527.5974506011337,0.9796956,0.0025596125
1527.598839513654,1527.598839513654,0.98479193,0.0025508357
1527.6002284260574,1527.6002284260574,0.98158795,0.0025480702
1527.6016173384612,1527.6016173384612,0.9769496,0.0025515223
1527.603006250865,1527.603006250865,0.98289573,0.0025453817
1527.604395163269,1527.604395163269,0.9805303,0.0025482515
1527.605784075673,1527.605784075673,0.97995406,0.002548219
1527.607172988077,1527.607172988077,0.9816047,0.0025457905
1527.6085619003645,1527.6085619003645,0.98102987,0.0025502825
1527.6099508127684,1527.6099508127684,0.9804428,0.0025468671
1527.6113397251722,1527.6113397251722,0.9835858,0.0025465176
1527.612728637576,1527.612728637576,0.9835769,0.0025477572
1527.61411754998,1527.61411754998,0.9845633,0.0025553529
1527.615506462267,1527.615506462267,0.9837483,0.0025487326
1527.6168953746708,1527.6168953746708,0.9838988,0.0025458564
1527.6182842870755,1527.6182842870755,0.98076105,0.0025474627
1527.6196731994794,1527.6196731994794,0.9815639,0.002547585
1527.6210621117664,1527.6210621117664,0.982418,0.0025454476
1527.6224510241702,1527.6224510241702,0.97702116,0.0025436897
1527.6238399364584,1527.6238399364584,0.98176646,0.002550553
1527.6252288488624,1527.6252288488624,0.97764885,0.0025448636
1527.626617761149,1527.626617761149,0.98565185,0.0025515137
1527.6280066735528,1527.6280066735528,0.98032486,0.0025476979
1527.6293955858412,1527.6293955858412,0.9758001,0.0025430874
1527.630784498245,1527.630784498245,0.98025894,0.0025552008
1527.632173410532,1527.632173410532,0.98066276,0.0025513473
1527.6335623228194,1527.6335623228194,0.98436487,0.0025467335
1527.6349512352233,1527.6349512352233,0.9817638,0.0025487498
1527.6363401475107,1527.6363401475107,0.98019934,0.0025499691
1527.6377290597982,1527.6377290597982,0.98539263,0.0025469663
1527.6391179720858,1527.6391179720858,0.9807285,0.0025471125
1527.64050688449,1527.64050688449,0.97776747,0.0025466783
1527.6418957967765,1527.6418957967765,0.98433465,0.0025466955
1527.6432847090641,1527.6432847090641,0.97752017,0.002545883
1527.6446736213522,1527.6446736213522,0.9801577,0.002547697
1527.6460625336397,1527.6460625336397,0.98715883,0.0025493351
1527.6474514459267,1527.6474514459267,0.98811895,0.0025505174
1527.648840358214,1527.648840358214,0.98547316,0.002557385
1527.6502292705025,1527.6502292705025,0.98335123,0.002546006
1527.65161818279,1527.65161818279,0.98831594,0.0025480648
1527.6530070950766,1527.6530070950766,0.98611015,0.0025585317
1527.6543960073634,1527.6543960073634,0.98424405,0.0025465167
1527.6557849196518,1527.6557849196518,0.98122233,0.0025574544
1527.6571738319399,1527.6571738319399,0.9805069,0.0025478336
1527.6585627441102,1527.6585627441102,0.981086,0.002549993
1527.6599516563972,1527.6599516563972,0.98551965,0.002549774
1527.6613405686846,1527.6613405686846,0.9801364,0.0025458809
1527.6627294809728,1527.6627294809728,0.9822107,0.002547413
1527.664118393144,1527.664118393144,0.98104423,0.002547166
1527.6655073054305,1527.6655073054305,0.9854663,0.0025532104
1527.6668962176018,1527.6668962176018,0.9800252,0.0025431255
1527.66828512989,1527.66828512989,0.98715055,0.0025506401
1527.6696740421773,1527.6696740421773,0.9834031,0.0025459456
1527.671062954348,1527.671062954348,0.9815534,0.0025458597
1527.672451866519,1527.672451866519,0.98152643,0.0025438857
1527.6738407788064,1527.6738407788064,0.9819819,0.0025448247
1527.6752296909774,1527.6752296909774,0.9784947,0.0025425137
1527.6766186032658,1527.6766186032658,0.97975314,0.0025475093
1527.6780075154368,1527.6780075154368,0.9844162,0.002552748
1527.6793964276073,1527.6793964276073,0.98321944,0.002549853
1527.680785339894,1527.680785339894,0.9818288,0.0025463062
1527.6821742520658,1527.6821742520658,0.9838666,0.0025522949
1527.6835631642377,1527.6835631642377,0.9813654,0.0025506143
1527.6849520764079,1527.6849520764079,0.97892845,0.0025466548
1527.6863409885784,1527.6863409885784,0.97927773,0.0025470923
1527.6877299008668,1527.6877299008668,0.9854929,0.0025534001
1527.6891188130382,1527.6891188130382,0.9799544,0.0025438892
1527.6905077252088,1527.6905077252088,0.97980034,0.0025450776
1527.6918966373794,1527.6918966373794,0.98054624,0.0025479344
1527.6932855495504,1527.6932855495504,0.98024464,0.0025466364
1527.6946744617221,1527.6946744617221,0.9818443,0.002547329
1527.6960633738934,1527.6960633738934,0.9805556,0.0025453202
1527.6974522860635,1527.6974522860635,0.97913533,0.0025455935
1527.698841198118,1527.698841198118,0.9806664,0.0025444394
1527.7002301102893,1527.7002301102893,0.9793598,0.0025516716
1527.7016190224606,1527.7016190224606,0.98169446,0.0025479386
1527.7030079346316,1527.7030079346316,0.98196846,0.002547708
1527.7043968468026,1527.7043968468026,0.9798998,0.0025437805
1527.7057857588572,1527.7057857588572,0.98225635,0.002568788
1527.7071746710283,1527.7071746710283,0.98113364,0.0025471475
1527.7085635831993,1527.7085635831993,0.9816988,0.0025448913
1527.7099524952541,1527.7099524952541,0.9816499,0.0025493344
1527.7113414074254,1527.7113414074254,0.9850811,0.0025460753
1527.712730319479,1527.712730319479,0.9786743,0.002547336
1527.7141192316503,1527.7141192316503,0.986308,0.0025490548
1527.7155081437056,1527.7155081437056,0.98355234,0.0025465183
1527.7168970558766,1527.7168970558766,0.98363644,0.002550489
1527.7182859679308,1527.7182859679308,0.9823854,0.0025498543
1527.7196748801014,1527.7196748801014,0.9832869,0.002553909
1527.7210637921564,1527.7210637921564,0.98070675,0.0025503382
1527.722452704212,1527.722452704212,0.98471117,0.0025510944
1527.7238416163823,1527.7238416163823,0.98315716,0.002566504
1527.7252305284362,1527.7252305284362,0.9820175,0.0025485544
1527.7266194404917,1527.7266194404917,0.98408836,0.0025494536
1527.728008352547,1527.728008352547,0.982227,0.0025455242
1527.7293972647174,1527.7293972647174,0.981639,0.002555775
1527.730786176772,1527.730786176772,0.9814741,0.0025441588
1527.7321750888266,1527.7321750888266,0.98613405,0.002549721
1527.7335640008814,1527.7335640008814,0.9798308,0.002551027
1527.7349529129363,1527.7349529129363,0.98486304,0.0025530565
1527.7363418249909,1527.7363418249909,0.9866427,0.002546892
1527.7377307370455,1527.7377307370455,0.98378634,0.002549477
1527.7391196490996,1527.7391196490996,0.98206955,0.0025521812
1527.7405085611542,1527.7405085611542,0.9863497,0.00255546
1527.7418974732095,1527.7418974732095,0.983999,0.0025509906
1527.7432863852644,1527.7432863852644,0.9846678,0.002545702
1527.7446752972016,1527.7446752972016,0.980763,0.0025553147
1527.7460642092562,1527.7460642092562,0.98286843,0.0025482036
1527.7474531213118,1527.7474531213118,0.9856877,0.002551693
1527.7488420333664,1527.7488420333664,0.9790606,0.002549723
1527.750230945304,1527.750230945304,0.98575413,0.0025530935
1527.751619857358,1527.751619857358,0.98109186,0.0025478483
1527.7530087694133,1527.7530087694133,0.9878133,0.0025478378
1527.7543976813524,1527.7543976813524,0.98454326,0.0025492217
1527.7557865934064,1527.7557865934064,0.98334146,0.0025470504
1527.7571755053439,1527.7571755053439,0.983859,0.0025471444
1527.7585644173985,1527.7585644173985,0.9826182,0.002549408
1527.7599533293376,1527.7599533293376,0.9854057,0.0025507421
1527.7613422413922,1527.7613422413922,0.9834153,0.0025462294
1527.76273115333,1527.76273115333,0.98465455,0.0025485586
1527.7641200652681,1527.7641200652681,0.97990716,0.0025480518
1527.7655089773234,1527.7655089773234,0.9841265,0.0025491088
1527.7668978892618,1527.7668978892618,0.98472285,0.0025454601
1527.768286801199,1527.768286801199,0.98342943,0.0025468408
1527.7696757131373,1527.7696757131373,0.98181486,0.0025478418
1527.7710646251921,1527.7710646251921,0.98066676,0.0025497014
1527.7724535371306,1527.7724535371306,0.9860743,0.0025465563
1527.7738424490688,1527.7738424490688,0.984648,0.0025488138
1527.775231361007,1527.775231361007,0.9850092,0.0025449232
1527.7766202729451,1527.7766202729451,0.9863272,0.0025593608
1527.7780091848829,1527.7780091848829,0.98479974,0.002553227
1527.779398096821,1527.779398096821,0.9802643,0.002545428
1527.7807870087602,1527.7807870087602,0.98713183,0.002550929
1527.7821759206984,1527.7821759206984,0.9851974,0.0025513358
1527.7835648326356,1527.7835648326356,0.98595136,0.0025487079
1527.7849537445748,1527.7849537445748,0.9856173,0.0025569014
1527.7863426565139,1527.7863426565139,0.9849765,0.0025517384
1527.7877315683347,1527.7877315683347,0.98427945,0.0025549438
1527.7891204802725,1527.7891204802725,0.98441994,0.002546202
1527.7905093922107,1527.7905093922107,0.9898979,0.0025491628
1527.7918983041498,1527.7918983041498,0.98482436,0.0025512744
1527.7932872159715,1527.7932872159715,0.9868129,0.00255735
1527.794676127909,1527.794676127909,0.98793274,0.0025534953
1527.7960650398475,1527.7960650398475,0.9887751,0.0025491747
1527.7974539516692,1527.7974539516692,0.9880138,0.0025490704
1527.7988428636074,1527.7988428636074,0.9901126,0.0025575394
1527.8002317754292,1527.8002317754292,0.9846653,0.002545653
1527.8016206873674,1527.8016206873674,0.9858747,0.0025488085
1527.8030095991894,1527.8030095991894,0.987054,0.0025496841
1527.8043985111278,1527.8043985111278,0.9880608,0.002552966
1527.8057874229496,1527.8057874229496,0.98944217,0.0025495328
1527.8071763347714,1527.8071763347714,0.982792,0.0025476988
1527.8085652467096,1527.8085652467096,0.9892596,0.0025520646
1527.809954158531,1527.809954158531,0.98694754,0.0025498245
1527.8113430703527,1527.8113430703527,0.9873722,0.00254914
1527.8127319821751,1527.8127319821751,0.98694634,0.0025501463
1527.8141208939971,1527.8141208939971,0.9892394,0.0025528814
1527.8155098059344,1527.8155098059344,0.98963034,0.0025497787
1527.8168987177557,1527.8168987177557,0.98647153,0.0025568581
1527.8182876295782,1527.8182876295782,0.9870059,0.002549952
1527.8196765414007,1527.8196765414007,0.98723066,0.0025597822
1527.821065453222,1527.821065453222,0.9874993,0.0025518048
1527.822454365043,1527.822454365043,0.9883329,0.0025525873
1527.8238432768655,1527.8238432768655,0.98918456,0.0025501146
1527.8252321886882,1527.8252321886882,0.98607546,0.0025493952
1527.826621100393,1527.826621100393,0.9881527,0.0025540965
1527.828010012214,1527.828010012214,0.9920652,0.0025501272
1527.8293989240358,1527.8293989240358,0.9883111,0.0025487712
1527.8307878358585,1527.8307878358585,0.98915976,0.0025618833
1527.8321767476803,1527.8321767476803,0.99048585,0.0025504495
1527.8335656593852,1527.8335656593852,0.9904453,0.0025701502
1527.834954571207,1527.834954571207,0.9908571,0.0025499775
1527.8363434830287,1527.8363434830287,0.9880411,0.002560692
1527.837732394734,1527.837732394734,0.9891992,0.002547972
1527.8391213065568,1527.8391213065568,0.9888514,0.002551518
1527.8405102182621,1527.8405102182621,0.9890002,0.002547124
1527.8418991300832,1527.8418991300832,0.9870888,0.002551073
1527.8432880417888,1527.8432880417888,0.99214697,0.0025554905
1527.844676953611,1527.844676953611,0.9899367,0.0025491656
1527.8460658653166,1527.8460658653166,0.9912593,0.0025624686
1527.8474547771377,1527.8474547771377,0.99021304,0.0025527612
1527.8488436888426,1527.8488436888426,0.98926765,0.0025492087
1527.8502326005487,1527.8502326005487,0.991054,0.0025507307
1527.8516215122547,1527.8516215122547,0.9898959,0.0025530143
1527.853010424076,1527.853010424076,0.9916456,0.0025526693
1527.8543993357805,1527.8543993357805,0.9887986,0.0025495838
1527.855788247486,1527.855788247486,0.993946,0.002551302
1527.8571771591921,1527.8571771591921,0.99426484,0.002553293
1527.8585660708975,1527.8585660708975,0.9931884,0.002556862
1527.8599549826024,1527.8599549826024,0.9899409,0.0025520637
1527.8613438943078,1527.8613438943078,0.990784,0.0025538607
1527.862732806014,1527.862732806014,0.99174654,0.00255206
1527.8641217177194,1527.8641217177194,0.9905878,0.002553945
1527.865510629424,1527.865510629424,0.9919685,0.0025545112
1527.8668995411297,1527.8668995411297,0.9904301,0.0025619452
1527.868288452835,1527.868288452835,0.9904621,0.0025530213
1527.8696773645404,1527.8696773645404,0.9937434,0.0025512574
1527.8710662762458,1527.8710662762458,0.9966157,0.002552198
1527.8724551878347,1527.8724551878347,0.9906906,0.0025566567
1527.8738440995403,1527.8738440995403,0.9948107,0.0025515826
1527.875233011245,1527.875233011245,0.9889246,0.0025491167
1527.876621922834,1527.876621922834,0.9899825,0.002548692
1527.8780108345402,1527.8780108345402,0.9906861,0.0025546905
1527.8793997462456,1527.8793997462456,0.99007696,0.0025496096
1527.880788657834,1527.880788657834,0.99221104,0.0025520495
1527.8821775695394,1527.8821775695394,0.9932775,0.002551072
1527.883566481129,1527.883566481129,0.9904048,0.0025631206
1527.8849553928346,1527.8849553928346,0.99244404,0.0025528248
1527.8863443044227,1527.8863443044227,0.9932206,0.0025524623
1527.8877332160112,1527.8877332160112,0.99688804,0.0025535664
1527.8891221277172,1527.8891221277172,0.9931661,0.0025517107
1527.8905110393068,1527.8905110393068,0.99171925,0.0025540902
1527.8918999508953,1527.8918999508953,0.9948959,0.002553097
1527.8932888626,1527.8932888626,0.9912681,0.0025508015
1527.8946777741892,1527.8946777741892,0.99333537,0.002554696
1527.8960666857786,1527.8960666857786,0.99130213,0.0025648966
1527.8974555973678,1527.8974555973678,0.9935363,0.0025517726
1527.898844508957,1527.898844508957,0.99119747,0.002554228
1527.9002334205459,1527.9002334205459,0.99460125,0.0025658247
1527.9016223321348,1527.9016223321348,0.9957124,0.0025543203
1527.9030112437238,1527.9030112437238,0.9966232,0.0025619296
1527.9044001553127,1527.9044001553127,1.0003587,0.0025600805
1527.9057890669017,1527.9057890669017,0.9934199,0.002556635
1527.9071779784902,1527.9071779784902,0.99530244,0.0025507668
1527.908566890079,1527.908566890079,0.9945188,0.0025526576
1527.909955801669,1527.909955801669,0.9955115,0.0025523975
1527.911344713258,1527.911344713258,0.99360365,0.0025538697
1527.9127336247298,1527.9127336247298,0.9935537,0.0025518197
1527.914122536318,1527.914122536318,0.9941067,0.0025494834
1527.9155114479079,1527.9155114479079,0.99791694,0.002557677
1527.916900359381,1527.916900359381,0.9993926,0.0025588637
1527.9182892709694,1527.9182892709694,0.99730164,0.0025540248
1527.9196781825578,1527.9196781825578,0.99839234,0.0025531591
1527.921067094031,1527.921067094031,0.9968391,0.002556859
1527.9224560056207,1527.9224560056207,0.99970686,0.0025579298
1527.9238449170928,1527.9238449170928,0.99541026,0.0025512928
1527.9252338286808,1527.9252338286808,0.99398744,0.0025511803
1527.9266227401536,1527.9266227401536,0.9963641,0.0025621953
1527.9280116516268,1527.9280116516268,0.99711514,0.0025548593
1527.9294005632157,1527.9294005632157,0.9981653,0.0025644484
1527.9307894746878,1527.9307894746878,0.99837166,0.002556085
1527.9321783861603,1527.9321783861603,0.99419206,0.0025557524
1527.9335672976329,1527.9335672976329,0.9952457,0.0025520753
1527.9349562092218,1527.9349562092218,1.0009354,0.0025659783
1527.9363451206946,1527.9363451206946,0.99771523,0.0025593203
1527.9377340321673,1527.9377340321673,1.00151,0.0025538055
1527.9391229436399,1527.9391229436399,0.99703085,0.0025530143
1527.9405118551124,1527.9405118551124,1.0014727,0.0025546378
1527.941900766585,1527.941900766585,1.0009,0.002559379
1527.9432896780575,1527.9432896780575,0.99712026,0.0025531144
1527.9446785895302,1527.9446785895302,0.99824256,0.0025529151
1527.946067501002,1527.946067501002,1.0019275,0.002554842
1527.9474564124746,1527.9474564124746,0.99840665,0.0025602754
1527.948845323948,1527.948845323948,1.0012131,0.0025572402
1527.9502342354206,1527.9502342354206,0.99827933,0.0025595687
1527.9516231467762,1527.9516231467762,0.9989874,0.0025579927
1527.9530120582479,1527.9530120582479,1.0019268,0.0025535556
1527.9544009697213,1527.9544009697213,1.0032828,0.0025588889
1527.9557898810783,1527.9557898810783,0.99975365,0.0025563587
1527.95717879255,1527.95717879255,1.0010021,0.0025619755
1527.9585677040225,1527.9585677040225,0.99896526,0.0025590577
1527.9599566153795,1527.9599566153795,1.0029483,0.0025541468
1527.961345526852,1527.961345526852,1.0004774,0.0025591734
1527.9627344382077,1527.9627344382077,1.0004536,0.0025550686
1527.9641233496802,1527.9641233496802,1.0014942,0.00255768
1527.9655122610363,1527.9655122610363,1.0026381,0.0025536295
1527.9669011723925,1527.9669011723925,1.0022948,0.00255774
1527.9682900838652,1527.9682900838652,1.0022378,0.002566116
1527.9696789952216,1527.9696789952216,1.0021,0.0025547037
1527.9710679065777,1527.9710679065777,1.0010388,0.002558473
1527.9724568180493,1527.9724568180493,1.0027045,0.0025641164
1527.9738457294056,1527.9738457294056,1.0045084,0.0025558167
1527.9752346407624,1527.9752346407624,0.9997894,0.0025558888
1527.9766235521186,1527.9766235521186,1.0001634,0.0025591264
1527.9780124634742,1527.9780124634742,1.0034513,0.0025540285
1527.9794013748303,1527.9794013748303,1.0033176,0.0025564127
1527.9807902861874,1527.9807902861874,1.0051794,0.0025659206
1527.9821791975435,1527.9821791975435,1.0023234,0.0025677755
1527.983568108899,1527.983568108899,1.0021067,0.0025557964
1527.9849570202543,1527.9849570202543,1.0018044,0.0025558148
1527.9863459316114,1527.9863459316114,1.0006417,0.002556598
1527.9877348429682,1527.9877348429682,0.99948376,0.0025572898
1527.9891237543236,1527.9891237543236,1.0039166,0.0025625227
1527.9905126655628,1527.9905126655628,1.0047249,0.002557565
1527.991901576919,1527.991901576919,1.0042125,0.002557571
1527.993290488276,1527.993290488276,1.0036445,0.0025616258
1527.994679399632,1527.994679399632,0.99887514,0.002556238
1527.996068310871,1527.996068310871,1.0010812,0.0025533058
1527.9974572222272,1527.9974572222272,1.0053183,0.002555769
1527.9988461334676,1527.9988461334676,1.0015333,0.0025564954
1528.0002350448237,1528.0002350448237,1.0050608,0.002561722
1528.001623956063,1528.001623956063,1.0053685,0.0025569072
1528.003012867419,1528.003012867419,1.006172,0.0025585922
1528.0044017786588,1528.0044017786588,1.0039333,0.002553074
1528.005790690015,1528.005790690015,1.0061656,0.0025579338
1528.0071796012548,1528.0071796012548,1.0055737,0.0025573934
1528.0085685124948,1528.0085685124948,1.0077,0.002561885
1528.0099574237345,1528.0099574237345,1.0045364,0.0025798604
1528.01134633509,1528.01134633509,1.0040405,0.0025558525
1528.0127352463298,1528.0127352463298,1.0039952,0.0025556257
1528.01412415757,1528.01412415757,1.00832,0.0025572178
1528.01551306881,1528.01551306881,1.0088875,0.0025686605
1528.016901980049,1528.016901980049,1.0048177,0.002559973
1528.0182908912886,1528.0182908912886,1.004488,0.0025562781
1528.0196798025293,1528.0196798025293,1.0048702,0.0025576637
1528.021068713769,1528.021068713769,1.0077486,0.0025591645
1528.0224576250082,1528.0224576250082,1.0070269,0.0025659376
1528.023846536248,1528.023846536248,1.0080698,0.0025612884
1528.0252354474883,1528.0252354474883,1.0029523,0.0025606002
1528.0266243587282,1528.0266243587282,1.0075923,0.0025587056
1528.028013269967,1528.028013269967,1.0059996,0.0025561221
1528.0294021810903,1528.0294021810903,1.0077138,0.0025629
1528.0307910923302,1528.0307910923302,1.0072242,0.0025606595
1528.0321800035701,1528.0321800035701,1.0040042,0.0025587983
1528.0335689146934,1528.0335689146934,1.008376,0.0025572267
1528.0349578259331,1528.0349578259331,1.0071998,0.002562177
1528.0363467371728,1528.0363467371728,1.0068071,0.0025580572
1528.0377356482961,1528.0377356482961,1.0067253,0.0025547585
1528.039124559536,1528.039124559536,1.0042791,0.0025585773
1528.0405134706596,1528.0405134706596,1.0102752,0.0025604367
1528.0419023817828,1528.0419023817828,1.0080134,0.002556702
1528.0432912930216,1528.0432912930216,1.0072635,0.0025604262
1528.0446802041452,1528.0446802041452,1.0027229,0.002559184
1528.0460691152691,1528.0460691152691,1.0071498,0.002560931
1528.0474580265088,1528.0474580265088,1.0067526,0.002557916
1528.0488469376317,1528.0488469376317,1.0083622,0.002559954
1528.0502358487545,1528.0502358487545,1.0078874,0.002558678
1528.0516247598782,1528.0516247598782,1.0112741,0.0025614207
1528.0530136710024,1528.0530136710024,1.0092416,0.002560268
1528.0544025822417,1528.0544025822417,1.0059685,0.0025575699
1528.055791493364,1528.055791493364,1.0076392,0.0025650105
1528.0571804044882,1528.0571804044882,1.0082724,0.0025662547
1528.0585693156122,1528.0585693156122,1.0070624,0.002560366
1528.0599582267348,1528.0599582267348,1.0111202,0.002561042
1528.0613471377412,1528.0613471377412,1.0064723,0.0025589666
1528.0627360488645,1528.0627360488645,1.0064065,0.0025580665
1528.0641249599887,1528.0641249599887,1.0064296,0.0025576323
1528.065513871112,1528.065513871112,1.0111026,0.002560115
1528.0669027822344,1528.0669027822344,1.0129555,0.0025590267
1528.0682916932415,1528.0682916932415,1.0147835,0.0025643818
1528.069680604365,1528.069680604365,1.0114542,0.0025604318
1528.0710695154883,1528.0710695154883,1.0087179,0.0025624048
1528.0724584264951,1528.0724584264951,1.0077397,0.0025664798
1528.0738473376184,1528.0738473376184,1.0070158,0.0025597464
1528.0752362486253,1528.0752362486253,1.0084293,0.0025631129
1528.0766251597488,1528.0766251597488,1.0067333,0.00255674
1528.078014070756,1528.078014070756,1.0107197,0.002561834
1528.0794029818792,1528.0794029818792,1.0087055,0.0025576313
1528.080791892886,1528.080791892886,1.0122726,0.0025613355
1528.0821808038922,1528.0821808038922,1.0102875,0.0025624814
1528.0835697150158,1528.0835697150158,1.0116494,0.0025624032
1528.084958626023,1528.084958626023,1.0123215,0.0025669506
1528.0863475370302,1528.0863475370302,1.0078099,0.0025587655
1528.0877364480364,1528.0877364480364,1.0111624,0.0025747472
1528.0891253591597,1528.0891253591597,1.0112873,0.0025663837
1528.0905142701674,1528.0905142701674,1.0100913,0.0025628968
1528.0919031811743,1528.0919031811743,1.0071698,0.0025643783
1528.0932920921807,1528.0932920921807,1.0094562,0.0025713332
1528.0946810031876,1528.0946810031876,1.0105293,0.0025582917
1528.0960699141945,1528.0960699141945,1.0067822,0.0025798858
1528.0974588252013,1528.0974588252013,1.0127261,0.0025627133
1528.0988477362082,1528.0988477362082,1.0121433,0.0025579084
1528.1002366470989,1528.1002366470989,1.0109664,0.002560849
1528.101625558106,1528.101625558106,1.014506,0.0025685062
1528.1030144691128,1528.1030144691128,1.0126173,0.002564319
1528.1044033801197,1528.1044033801197,1.012101,0.002561282
1528.1057922910102,1528.1057922910102,1.0091271,0.0025615182
1528.107181202017,1528.107181202017,1.0108596,0.0025633976
1528.1085701130235,1528.1085701130235,1.012304,0.002563059
1528.109959023914,1528.109959023914,1.0108227,0.002560808
1528.1113479349217,1528.1113479349217,1.0102072,0.0025591925
1528.1127368458122,1528.1127368458122,1.0135496,0.0025605785
1528.114125756818,1528.114125756818,1.0177794,0.0025648833
1528.115514667708,1528.115514667708,1.0151485,0.0025681797
1528.116903578716,1528.116903578716,1.0122439,0.0025663169
1528.1182924896068,1528.1182924896068,1.0112264,0.002567313
1528.1196814004968,1528.1196814004968,1.013982,0.0025624596
1528.1210703113868,1528.1210703113868,1.0121506,0.002562525
1528.1224592223941,1528.1224592223941,1.0122163,0.0025579475
1528.1238481332855,1528.1238481332855,1.0107405,0.0025604714
1528.1252370441755,1528.1252370441755,1.0099472,0.00256626
1528.126625955065,1528.126625955065,1.0141338,0.0025615164
1528.1280148659555,1528.1280148659555,1.0138665,0.0025615434
1528.1294037768469,1528.1294037768469,1.0205553,0.0025649494
1528.1307926877373,1528.1307926877373,1.019019,0.002563567
1528.1321815986273,1528.1321815986273,1.0166025,0.0025735598
1528.1335705095178,1528.1335705095178,1.0144116,0.0025634568
1528.1349594204082,1528.1349594204082,1.0150926,0.0025759984
1528.1363483312987,1528.1363483312987,1.0140173,0.0025586726
1528.1377372421891,1528.1377372421891,1.0153058,0.002564211
1528.1391261529634,1528.1391261529634,1.0111011,0.0025670696
1528.140515063854,1528.140515063854,1.0161233,0.0025629431
1528.1419039747445,1528.1419039747445,1.0158409,0.002562399
1528.143292885635,1528.143292885635,1.014279,0.0025617608
1528.144681796409,1528.144681796409,1.0132766,0.0025629082
1528.1460707072995,1528.1460707072995,1.014467,0.0025691013
1528.147459618073,1528.147459618073,1.0150388,0.0025618083
1528.1488485289635,1528.1488485289635,1.0148066,0.002564234
1528.1502374397385,1528.1502374397385,1.0149329,0.0025614016
1528.151626350629,1528.151626350629,1.017728,0.0025644125
1528.1530152614023,1528.1530152614023,1.0123256,0.0025613455
1528.1544041721756,1528.1544041721756,1.0137115,0.0025633087
1528.155793083067,1528.155793083067,1.0111554,0.0025630994
1528.1571819938417,1528.1571819938417,1.0164827,0.00256399
1528.158570904615,1528.158570904615,1.0144446,0.002559899
1528.1599598153891,1528.1599598153891,1.0158439,0.0025759442
1528.161348726164,1528.161348726164,1.0135626,0.0025621168
1528.1627376370545,1528.1627376370545,1.0122715,0.002561829
1528.1641265478281,1528.1641265478281,1.0141883,0.0025625713
1528.1655154586022,1528.1655154586022,1.0140657,0.0025626966
1528.1669043693762,1528.1669043693762,1.0132756,0.0025642237
1528.1682932801502,1528.1682932801502,1.0162009,0.0025653604
1528.1696821908079,1528.1696821908079,1.0178522,0.002564909
1528.1710711015821,1528.1710711015821,1.0166191,0.0025670629
1528.1724600123564,1528.1724600123564,1.0159241,0.0025619664
1528.1738489231295,1528.1738489231295,1.0143507,0.0025617925
1528.1752378339036,1528.1752378339036,1.0134128,0.0025678328
1528.176626744562,1528.176626744562,1.016829,0.00256608
1528.1780156553361,1528.1780156553361,1.0177271,0.0025649962
1528.1794045661097,1528.1794045661097,1.0177853,0.0025626696
1528.1807934767673,1528.1807934767673,1.0173454,0.0025737532
1528.1821823875423,1528.1821823875423,1.0183325,0.0025654964
1528.1835712982,1528.1835712982,1.0192738,0.002563266
1528.184960208973,1528.184960208973,1.0157796,0.0025637506
1528.1863491196302,1528.1863491196302,1.0155269,0.0025592805
1528.1877380304052,1528.1877380304052,1.0164686,0.0025639012
1528.1891269410633,1528.1891269410633,1.0178728,0.0025605322
1528.1905158517204,1528.1905158517204,1.0148875,0.002573357
1528.191904762494,1528.191904762494,1.0142624,0.0025772369
1528.1932936731516,1528.1932936731516,1.0193521,0.002566302
1528.19468258381,1528.19468258381,1.019396,0.0025769975
1528.1960714944678,1528.1960714944678,1.0175307,0.0025717693
1528.1974604051245,1528.1974604051245,1.0180138,0.0025661201
1528.1988493157821,1528.1988493157821,1.0171219,0.0025704624
1528.2002382264407,1528.2002382264407,1.0188178,0.0025631413
1528.2016271370983,1528.2016271370983,1.0170431,0.0025608374
1528.2030160477555,1528.2030160477555,1.0167372,0.0025655965
1528.204404958413,1528.204404958413,1.0162177,0.0025614607
1528.2057938690707,1528.2057938690707,1.0192349,0.0025627096
1528.2071827797283,1528.2071827797283,1.0181565,0.0025616074
1528.208571690386,1528.208571690386,1.0169348,0.0025658882
1528.2099606010438,1528.2099606010438,1.0199918,0.0025633243
1528.2113495115852,1528.2113495115852,1.0196235,0.002566978
1528.212738422242,1528.212738422242,1.0199761,0.0025657695
1528.2141273328998,1528.2141273328998,1.0180764,0.0025621639
1528.2155162434417,1528.2155162434417,1.0186921,0.002562914
1528.2169051540993,1528.2169051540993,1.0191634,0.002562913
1528.21829406464,1528.21829406464,1.021592,0.0025664752
1528.2196829752977,1528.2196829752977,1.0194724,0.0025656766
1528.2210718858398,1528.2210718858398,1.0188893,0.0025685702
1528.222460796381,1528.222460796381,1.0186929,0.0025704128
1528.223849707038,1528.223849707038,1.016682,0.00256454
1528.2252386175785,1528.2252386175785,1.017234,0.00256314
1528.2266275281206,1528.2266275281206,1.0185952,0.0025747812
1528.228016438779,1528.228016438779,1.0203593,0.0025660046
1528.2294053493194,1528.2294053493194,1.0184253,0.0025653813
1528.2307942598607,1528.2307942598607,1.0199032,0.0025639974
1528.2321831704019,1528.2321831704019,1.0149256,0.0025629685
1528.2335720809433,1528.2335720809433,1.0193223,0.0025643627
1528.2349609914847,1528.2349609914847,1.0186503,0.0025689958
1528.236349902026,1528.236349902026,1.018405,0.0025629946
1528.2377388125672,1528.2377388125672,1.0191369,0.0025684817
1528.2391277231084,1528.2391277231084,1.0211906,0.0025635608
1528.2405166336496,1528.2405166336496,1.0196253,0.00256411
1528.241905544191,1528.241905544191,1.0185755,0.0025713763
1528.243294454616,1528.243294454616,1.0222299,0.0025674917
1528.2446833651563,1528.2446833651563,1.01886,0.002563306
1528.2460722756975,1528.2460722756975,1.0201532,0.002567247
1528.2474611861232,1528.2474611861232,1.0174441,0.0025644207
1528.2488500966645,1528.2488500966645,1.0188009,0.0025622647
1528.2502390072052,1528.2502390072052,1.0214747,0.0025641536
1528.251627917629,1528.251627917629,1.020362,0.0025652626
1528.2530168281712,1528.2530168281712,1.0165936,0.0025615739
1528.254405738597,1528.254405738597,1.0183399,0.002567988
1528.2557946491372,1528.2557946491372,1.0228834,0.0025636423
1528.2571835595616,1528.2571835595616,1.0223513,0.0025660885
1528.2585724699873,1528.2585724699873,1.0251178,0.0025681225
1528.259961380529,1528.259961380529,1.0194803,0.0025657155
1528.2613502909533,1528.2613502909533,1.016321,0.002562232
1528.2627392013776,1528.2627392013776,1.0227916,0.0025665641
1528.2641281118024,1528.2641281118024,1.0184357,0.0025646407
1528.2655170222279,1528.2655170222279,1.0222212,0.002562534
1528.266905932653,1528.266905932653,1.0203183,0.0025634358
1528.2682948430768,1528.2682948430768,1.0202521,0.0025646575
1528.2696837535016,1528.2696837535016,1.0197779,0.0025670703
1528.2710726639266,1528.2710726639266,1.0211672,0.0025664507
1528.2724615743516,1528.2724615743516,1.0207568,0.002564354
1528.2738504847764,1528.2738504847764,1.0158216,0.002563285
1528.2752393952012,1528.2752393952012,1.0217216,0.0025701544
1528.276628305626,1528.276628305626,1.0200222,0.002567781
1528.2780172159344,1528.2780172159344,1.0217446,0.0025690913
1528.2794061263592,1528.2794061263592,1.0208681,0.0025757318
1528.2807950367842,1528.2807950367842,1.0222996,0.0025677553
1528.2821839470928,1528.2821839470928,1.0155456,0.0025613715
1528.2835728575167,1528.2835728575167,1.0134403,0.002565163
1528.2849617678253,1528.2849617678253,1.0193377,0.0025646398
1528.2863506782508,1528.2863506782508,1.0219144,0.0025655613
1528.2877395885591,1528.2877395885591,1.0203632,0.0025707728
1528.2891284989835,1528.2891284989835,1.0222324,0.0025665683
1528.2905174092912,1528.2905174092912,1.0199536,0.0025686906
1528.2919063196002,1528.2919063196002,1.0193824,0.0025766976
1528.293295230026,1528.293295230026,1.0184517,0.0025743314
1528.2946841403336,1528.2946841403336,1.0211369,0.0025748664
1528.2960730506413,1528.2960730506413,1.0214117,0.00256749
1528.2974619609506,1528.2974619609506,1.0170343,0.00256416
1528.2988508712597,1528.2988508712597,1.020485,0.0025653215
1528.3002397816838,1528.3002397816838,1.0213293,0.0025711847
1528.3016286919917,1528.3016286919917,1.0199114,0.0025789582
1528.3030176023,1528.3030176023,1.020379,0.0025658421
1528.3044065124927,1528.3044065124927,1.0200478,0.0025678403
1528.3057954228013,1528.3057954228013,1.0210978,0.002562696
1528.3071843331088,1528.3071843331088,1.0231664,0.0025700051
1528.3085732434174,1528.3085732434174,1.0203767,0.0025641848
1528.309962153726,1528.309962153726,1.0231285,0.00256639
1528.3113510640344,1528.3113510640344,1.0229373,0.0025724573
1528.312739974227,1528.312739974227,1.0189158,0.0025621338
1528.3141288845356,1528.3141288845356,1.0179616,0.0025624663
1528.3155177947267,1528.3155177947267,1.0223762,0.0025616519
1528.316906705035,1528.316906705035,1.0199363,0.002560589
1528.3182956153444,1528.3182956153444,1.0209639,0.0025787312
1528.3196845255363,1528.3196845255363,1.0186428,0.002564251
1528.3210734357278,1528.3210734357278,1.0195167,0.0025657932
1528.3224623460355,1528.3224623460355,1.0194724,0.002566812
1528.3238512562282,1528.3238512562282,1.0206344,0.0025765055
1528.325240166421,1528.325240166421,1.0201684,0.0025659504
1528.3266290767285,1528.3266290767285,1.0194185,0.0025676996
1528.32801798692,1528.32801798692,1.0198221,0.0025755868
1528.329406897112,1528.329406897112,1.0202751,0.0025630507
1528.3307958073049,1528.3307958073049,1.0168566,0.0025634037
1528.3321847174968,1528.3321847174968,1.0212255,0.0025642733
1528.3335736276883,1528.3335736276883,1.0200369,0.0025630018
1528.3349625378803,1528.3349625378803,1.0206801,0.0025630835
1528.336351448073,1528.336351448073,1.0156448,0.0025617548
1528.3377403582651,1528.3377403582651,1.0188817,0.0025648107
1528.3391292684562,1528.3391292684562,1.0198506,0.0025642817
1528.3405181786482,1528.3405181786482,1.0203942,0.0025642694
1528.3419070888403,1528.3419070888403,1.0213461,0.0025650589
1528.3432959989161,1528.3432959989161,1.0220327,0.0025679083
1528.344684909108,1528.344684909108,1.0197637,0.002567069
1528.3460738193,1528.3460738193,1.0174669,0.002561195
1528.3474627293756,1528.3474627293756,1.0211941,0.00256315
1528.348851639567,1528.348851639567,1.0216511,0.002565194
1528.350240549759,1528.350240549759,1.0169201,0.0025631024
1528.3516294598353,1528.3516294598353,1.0203232,0.002562219
1528.353018369911,1528.353018369911,1.0195589,0.0025704284
1528.3544072801021,1528.3544072801021,1.0208684,0.002566805
1528.355796190178,1528.355796190178,1.0207076,0.002563726
1528.3571851002541,1528.3571851002541,1.0157061,0.002566431
1528.358574010446,1528.358574010446,1.0213101,0.002564331
1528.3599629205212,1528.3599629205212,1.0172175,0.0025644857
1528.361351830596,1528.361351830596,1.0198369,0.002563727
1528.3627407406723,1528.3627407406723,1.0192742,0.0025617536
1528.3641296507487,1528.3641296507487,1.0210518,0.0025763283
1528.3655185608236,1528.3655185608236,1.0165874,0.002564225
1528.3669074708985,1528.3669074708985,1.0206565,0.002580435
1528.368296380974,1528.368296380974,1.0163276,0.0025641583
1528.3696852910505,1528.3696852910505,1.0181345,0.0025714247
1528.371074201126,1528.371074201126,1.0181963,0.0025626365
1528.3724631112011,1528.3724631112011,1.019794,0.002561807
1528.3738520212767,1528.3738520212767,1.0183724,0.0025668573
1528.3752409312365,1528.3752409312365,1.0185739,0.0025629636
1528.3766298413123,1528.3766298413123,1.0174791,0.0025635774
1528.378018751387,1528.378018751387,1.017729,0.0025669981
1528.3794076613462,1528.3794076613462,1.0205371,0.0025733586
1528.380796571422,1528.380796571422,1.0146761,0.0025662044
1528.3821854813812,1528.3821854813812,1.020209,0.0025704782
1528.3835743914567,1528.3835743914567,1.018755,0.0025662587
1528.3849633014158,1528.3849633014158,1.0160131,0.0025644542
1528.3863522114914,1528.3863522114914,1.0187967,0.0025668747
1528.38774112145,1528.38774112145,1.0177006,0.0025618582
1528.3891300314092,1528.3891300314092,1.0191072,0.0025662526
1528.3905189414857,1528.3905189414857,1.0200778,0.0025651178
1528.3919078514448,1528.3919078514448,1.0134078,0.0025608605
1528.3932967614032,1528.3932967614032,1.0210279,0.00257182
1528.394685671363,1528.394685671363,1.0189825,0.00256181
1528.396074581323,1528.396074581323,1.0173843,0.0025663797
1528.3974634912813,1528.3974634912813,1.0180513,0.0025656093
1528.39885240124,1528.39885240124,1.0207628,0.0025635925
1528.4002413111991,1528.4002413111991,1.0161932,0.0025648368
1528.4016302211592,1528.4016302211592,1.0176517,0.0025657879
1528.4030191311183,1528.4030191311183,1.0157363,0.0025656691
1528.404408041077,1528.404408041077,1.0221169,0.0025638891
1528.4057969509197,1528.4057969509197,1.0187832,0.0025668219
1528.4071858608788,1528.4071858608788,1.016997,0.002563626
1528.408574770838,1528.408574770838,1.0218016,0.002564267
1528.4099636806807,1528.4099636806807,1.0162419,0.0025678906
1528.4113525906398,1528.4113525906398,1.0132785,0.0025613524
1528.4127415004828,1528.4127415004828,1.0198125,0.0025694577
1528.414130410442,1528.414130410442,1.0170486,0.0025624447
1528.4155193202848,1528.4155193202848,1.0165428,0.0025673145
1528.416908230244,1528.416908230244,1.0163203,0.002569216
1528.4182971400867,1528.4182971400867,1.0183395,0.0025648482
1528.419686049929,1528.419686049929,1.0162498,0.0025613622
1528.421074959888,1528.421074959888,1.015679,0.0025754636
1528.4224638697315,1528.4224638697315,1.0189828,0.002564242
1528.4238527795744,1528.4238527795744,1.0161035,0.0025622007
1528.4252416894162,1528.4252416894162,1.0160139,0.0025640363
1528.4266305992585,1528.4266305992585,1.0152112,0.0025626516
1528.4280195091021,1528.4280195091021,1.0167289,0.0025640877
1528.4294084189453,1528.4294084189453,1.0157691,0.0025616304
1528.4307973287875,1528.4307973287875,1.0154529,0.0025625052
1528.4321862386296,1528.4321862386296,1.0198867,0.0025622828
1528.433575148473,1528.433575148473,1.0121725,0.002560961
1528.4349640583166,1528.4349640583166,1.0134938,0.0025613755
1528.4363529680422,1528.4363529680422,1.0171418,0.0025668337
1528.4377418778843,1528.4377418778843,1.0127361,0.0025579303
1528.439130787727,1528.439130787727,1.0181758,0.0025635883
1528.4405196974542,1528.4405196974542,1.0134431,0.0025616782
1528.441908607297,1528.441908607297,1.0140305,0.00256326
1528.4432975171392,1528.4432975171392,1.0164822,0.0025626898
1528.4446864268655,1528.4446864268655,1.0176306,0.0025714086
1528.4460753365918,1528.4460753365918,1.0117642,0.0025681048
1528.4474642464345,1528.4474642464345,1.0160418,0.0025671055
1528.4488531561608,1528.4488531561608,1.0197175,0.0025647068
1528.4502420660037,1528.4502420660037,1.0157391,0.00256035
1528.4516309757303,1528.4516309757303,1.0170292,0.0025690715
1528.4530198854566,1528.4530198854566,1.0185113,0.0025626197
1528.4544087951829,1528.4544087951829,1.016452,0.0025603871
1528.4557977049092,1528.4557977049092,1.013518,0.0025617364
1528.4571866146355,1528.4571866146355,1.0152869,0.0025638044
1528.4585755243613,1528.4585755243613,1.0164539,0.0025711383
1528.4599644340876,1528.4599644340876,1.0145584,0.002559024
1528.4613533438148,1528.4613533438148,1.0166489,0.0025647152
1528.4627422535411,1528.4627422535411,1.0128846,0.0025607857
1528.4641311632668,1528.4641311632668,1.0160184,0.0025611517
1528.4655200729924,1528.4655200729924,1.0125676,0.0025620766
1528.4669089826032,1528.4669089826032,1.0141038,0.0025590009
1528.46829789233,1528.46829789233,1.0148516,0.0025653953
1528.4696868020558,1528.4696868020558,1.0140663,0.002563144
1528.4710757116652,1528.4710757116652,1.0150368,0.0025641152
1528.472464621392,1528.472464621392,1.0143586,0.0025622728
1528.4738535310028,1528.4738535310028,1.0143839,0.0025595408
1528.4752424407286,1528.4752424407286,1.0114626,0.0025636975
1528.4766313503376,1528.4766313503376,1.0134238,0.0025604155
1528.4780202600639,1528.4780202600639,1.0131896,0.0025646007
1528.4794091696747,1528.4794091696747,1.0145266,0.0025600987
1528.4807980792846,1528.4807980792846,1.0105598,0.0025640363
1528.482186988894,1528.482186988894,1.0144597,0.0025648926
1528.4835758986203,1528.4835758986203,1.0132657,0.0025665879
1528.4849648082302,1528.4849648082302,1.0125048,0.002566199
1528.48635371784,1528.48635371784,1.0165362,0.0025687164
1528.4877426274509,1528.4877426274509,1.0184178,0.0025750315
1528.4891315370608,1528.4891315370608,1.0129093,0.0025615836
1528.4905204466702,1528.4905204466702,1.0129634,0.0025618603
1528.49190935628,1528.49190935628,1.0094556,0.0025600323
1528.4932982658906,1528.4932982658906,1.0103571,0.0025614186
1528.4946871753843,1528.4946871753843,1.011943,0.0025579704
1528.4960760849933,1528.4960760849933,1.0142307,0.002567174
1528.4974649946028,1528.4974649946028,1.0132699,0.0025600484
1528.4988539040971,1528.4988539040971,1.0120033,0.0025588453
1528.5002428137075,1528.5002428137075,1.0135586,0.0025602614
1528.501631723317,1528.501631723317,1.0134329,0.002564846
1528.5030206328097,1528.5030206328097,1.0131022,0.0025655883
1528.5044095424198,1528.5044095424198,1.0118504,0.0025581985
1528.5057984519137,1528.5057984519137,1.0131004,0.0025571184
1528.5071873614074,1528.5071873614074,1.0141615,0.0025616572
1528.5085762710166,1528.5085762710166,1.0146302,0.0025639455
1528.50996518051,1528.50996518051,1.0128933,0.0025658866
1528.5113540900045,1528.5113540900045,1.0116483,0.0025588484
1528.512742999498,1528.512742999498,1.0097084,0.0025583762
1528.5141319091074,1528.5141319091074,1.0071398,0.0025592784
1528.5155208186009,1528.5155208186009,1.0128398,0.002560451
1528.5169097280943,1528.5169097280943,1.0132995,0.00256331
1528.5182986375878,1528.5182986375878,1.0113952,0.002560804
1528.5196875470813,1528.5196875470813,1.0107545,0.0025714089
1528.5210764564586,1528.5210764564586,1.0118846,0.0025582835
1528.5224653659523,1528.5224653659523,1.0119143,0.002559876
1528.5238542754448,1528.5238542754448,1.0109613,0.0025614253
1528.5252431849383,1528.5252431849383,1.0108335,0.002575595
1528.5266320944327,1528.5266320944327,1.0118186,0.0025636686
1528.5280210038097,1528.5280210038097,1.0092689,0.0025624675
1528.5294099133027,1528.5294099133027,1.0090616,0.0025574937
1528.5307988226798,1528.5307988226798,1.0097957,0.0025583613
1528.5321877321742,1528.5321877321742,1.0099528,0.0025636887
1528.5335766415512,1528.5335766415512,1.0094199,0.002555647
1528.534965551044,1528.534965551044,1.0111185,0.0025653278
1528.5363544604204,1528.5363544604204,1.0091916,0.0025564427
1528.5377433697984,1528.5377433697984,1.0110903,0.0025593513
1528.5391322792923,1528.5391322792923,1.0100551,0.0025628835
1528.540521188669,1528.540521188669,1.0100752,0.0025614619
1528.5419100980455,1528.5419100980455,1.0084739,0.0025591587
1528.5432990074225,1528.5432990074225,1.0082575,0.0025598523
1528.5446879168003,1528.5446879168003,1.0094341,0.0025594598
1528.5460768261776,1528.5460768261776,1.0071735,0.0025599818
1528.5474657355537,1528.5474657355537,1.0074052,0.0025562802
1528.5488546449308,1528.5488546449308,1.0097609,0.0025622307
1528.5502435543087,1528.5502435543087,1.0082349,0.0025597073
1528.5516324636858,1528.5516324636858,1.0050477,0.0025698764
1528.553021372946,1528.553021372946,1.011294,0.0025592807
1528.554410282323,1528.554410282323,1.0102326,0.0025596202
1528.5557991917,1528.5557991917,1.0068376,0.002557457
1528.5571881010771,1528.5571881010771,1.0053943,0.0025589045
1528.558577010338,1528.558577010338,1.0074973,0.002555887
1528.5599659197153,1528.5599659197153,1.0104076,0.0025690447
1528.561354828976,1528.561354828976,1.0116061,0.0025613308
1528.562743738352,1528.562743738352,1.0072354,0.0025637764
1528.564132647613,1528.564132647613,1.0078958,0.0025634854
1528.5655215568743,1528.5655215568743,1.0111858,0.0025614342
1528.566910466135,1528.566910466135,1.0045614,0.0025593198
1528.5682993755115,1528.5682993755115,1.0202467,0.0025696417
1528.5696882847722,1528.5696882847722,1.0299735,0.0025699164
1528.5710771940337,1528.5710771940337,1.0361696,0.0025698007
1528.5724661032943,1528.5724661032943,1.0292233,0.0025676088
1528.5738550125543,1528.5738550125543,1.0221912,0.002564986
1528.5752439218143,1528.5752439218143,1.0202062,0.0025636584
1528.5766328310758,1528.5766328310758,1.0149649,0.0025633024
1528.5780217403371,1528.5780217403371,1.0203456,0.0025775551
1528.579410649597,1528.579410649597,1.0153544,0.002562139
1528.5807995587409,1528.5807995587409,1.0115021,0.0025599997
1528.5821884680015,1528.5821884680015,1.0123863,0.002563378
1528.583577377263,1528.583577377263,1.01121,0.0025631192
1528.5849662865237,1528.5849662865237,1.0130283,0.002559478
1528.586355195667,1528.586355195667,1.0118736,0.0025688224
1528.5877441049279,1528.5877441049279,1.0076536,0.0025596325
1528.5891330140728,1528.5891330140728,1.0123198,0.00256556
1528.5905219233334,1528.5905219233334,1.010271,0.0025593042
1528.5919108324779,1528.5919108324779,1.0073094,0.0025631383
1528.5932997416223,1528.5932997416223,1.0079715,0.0025611594
1528.594688650882,1528.594688650882,1.0070423,0.0025578956
1528.5960775600265,1528.5960775600265,1.0082061,0.002557305
1528.5974664691714,1528.5974664691714,1.0061758,0.0025739616
1528.5988553783156,1528.5988553783156,1.0053855,0.0025648116
1528.6002442874594,1528.6002442874594,1.0076147,0.0025570584
1528.601633196603,1528.601633196603,1.0071303,0.0025590444
1528.6030221057479,1528.6030221057479,1.0097673,0.002558473
1528.604411014893,1528.604411014893,1.0077393,0.0025601338
1528.6057999240365,1528.6057999240365,1.0045136,0.0025577713
1528.60718883318,1528.60718883318,1.0065253,0.0025585138
1528.6085777422088,1528.6085777422088,1.0025766,0.002555366
1528.6099666513535,1528.6099666513535,1.0055748,0.0025579054
1528.6113555604973,1528.6113555604973,1.008621,0.0025578847
1528.6127444695246,1528.6127444695246,1.0045577,0.002559884
1528.6141333786688,1528.6141333786688,1.0066605,0.002557778
1528.6155222878137,1528.6155222878137,1.0055847,0.0025566053
1528.6169111968418,1528.6169111968418,1.0030661,0.0025557582
1528.6183001058687,1528.6183001058687,1.0045228,0.0025659895
1528.6196890150131,1528.6196890150131,1.0075694,0.0025592505
1528.6210779240412,1528.6210779240412,1.0012165,0.0025515687
1528.622466833069,1528.622466833069,1.0035034,0.0025556404
1528.6238557422132,1528.6238557422132,1.003388,0.0025608602
1528.625244651241,1528.625244651241,1.0069711,0.002557439
1528.6266335602688,1528.6266335602688,1.0036539,0.0025587738
1528.6280224692966,1528.6280224692966,1.0028497,0.002554629
1528.6294113783247,1528.6294113783247,1.0030216,0.0025571072
1528.6308002873527,1528.6308002873527,1.005561,0.002558668
1528.6321891963805,1528.6321891963805,1.0048438,0.002557974
1528.6335781054074,1528.6335781054074,1.0047951,0.0025576036
1528.634967014319,1528.634967014319,1.0032148,0.0025581622
1528.6363559233475,1528.6363559233475,1.0054159,0.0025600202
1528.6377448323753,1528.6377448323753,1.0020285,0.0025531496
1528.6391337412863,1528.6391337412863,1.0012559,0.0025523105
1528.6405226503136,1528.6405226503136,1.0047069,0.0025620759
1528.6419115592255,1528.6419115592255,1.001705,0.0025569873
1528.6433004682542,1528.6433004682542,1.0038012,0.0025532495
1528.6446893771652,1528.6446893771652,1.0005711,0.002572353
1528.646078286192,1528.646078286192,0.9981106,0.002552794
1528.6474671951044,1528.6474671951044,1.0014439,0.0025540914
1528.6488561040164,1528.6488561040164,1.0014521,0.0025588654
1528.6502450130436,1528.6502450130436,0.9990123,0.0025537359
1528.6516339219545,1528.6516339219545,1.0004861,0.0025538916
1528.653022830866,1528.653022830866,1.003048,0.0025632766
1528.6544117397782,1528.6544117397782,0.99804115,0.0025522527
1528.6558006486896,1528.6558006486896,1.0017548,0.0025552514
1528.6571895576,1528.6571895576,1.0015869,0.0025559417
1528.6585784665117,1528.6585784665117,0.9989408,0.002555677
1528.6599673754233,1528.6599673754233,1.0001777,0.0025593573
1528.6613562842183,1528.6613562842183,1.0010564,0.0025545845
1528.6627451931297,1528.6627451931297,0.99955535,0.0025637033
1528.664134102041,1528.664134102041,0.9977903,0.0025561145
1528.665523010836,1528.665523010836,1.0009863,0.0025532132
1528.6669119197477,1528.6669119197477,1.0005636,0.002553649
1528.6683008286593,1528.6683008286593,0.9989692,0.002558084
1528.6696897374543,1528.6696897374543,0.9957807,0.002552601
1528.6710786463657,1528.6710786463657,1.0007812,0.0025541794
1528.67246755516,1528.67246755516,1.0013411,0.00255776
1528.6738564639552,1528.6738564639552,0.9986353,0.0025532441
1528.6752453727506,1528.6752453727506,1.0048126,0.0025678503
1528.6766342816622,1528.6766342816622,1.0003344,0.0025629678
1528.6780231904565,1528.6780231904565,0.99942905,0.0025536038
1528.679412099251,1528.679412099251,0.99756086,0.0025527666
1528.6808010080465,1528.6808010080465,1.0030614,0.002555382
1528.6821899168424,1528.6821899168424,0.9968826,0.0025533626
1528.683578825637,1528.683578825637,0.999059,0.0025516797
1528.684967734431,1528.684967734431,0.99876195,0.0025544898
1528.6863566432269,1528.6863566432269,0.99662423,0.0025674494
1528.6877455520228,1528.6877455520228,0.997064,0.0025536404
1528.6891344607004,1528.6891344607004,0.9975931,0.0025543508
1528.690523369495,1528.690523369495,0.99246466,0.0025544793
1528.69191227829,1528.69191227829,1.0005512,0.002561713
1528.6933011869694,1528.6933011869694,1.0020124,0.0025619864
1528.6946900957644,1528.6946900957644,0.99854016,0.0025542758
1528.6960790044423,1528.6960790044423,0.99514335,0.0025562393
1528.6974679132375,1528.6974679132375,0.99452525,0.002551948
1528.698856821916,1528.698856821916,0.99628407,0.0025555256
1528.7002457305946,1528.7002457305946,0.9991769,0.00255773
1528.7016346392732,1528.7016346392732,0.99547833,0.0025601326
1528.7030235480681,1528.7030235480681,0.9952559,0.0025509987
1528.7044124567467,1528.7044124567467,0.996686,0.0025585406
1528.7058013654255,1528.7058013654255,0.9950754,0.0025543782
1528.7071902741043,1528.7071902741043,0.9957052,0.0025525554
1528.7085791827828,1528.7085791827828,0.99547315,0.002557738
1528.7099680914614,1528.7099680914614,0.99390566,0.0025527214
1528.7113570001395,1528.7113570001395,0.9965873,0.0025504192
1528.7127459087021,1528.7127459087021,0.9964651,0.0025549973
1528.7141348173816,1528.7141348173816,0.9952184,0.0025523845
1528.7155237260597,1528.7155237260597,0.9968123,0.0025559778
1528.7169126347374,1528.7169126347374,0.9961376,0.0025513116
1528.7183015432995,1528.7183015432995,0.9969019,0.0025522425
1528.719690451979,1528.719690451979,0.9991617,0.0025525417
1528.7210793605411,1528.7210793605411,0.9928091,0.0025635473
1528.7224682692192,1528.7224682692192,0.9973912,0.0025514269
1528.7238571777814,1528.7238571777814,0.99439675,0.0025547585
1528.7252460863444,1528.7252460863444,0.9941872,0.0025511675
1528.726634995023,1528.726634995023,0.99791086,0.002553209
1528.7280239035842,1528.7280239035842,0.9943719,0.0025518052
1528.7294128121466,1528.7294128121466,0.9940016,0.0025516464
1528.730801720709,1528.730801720709,0.99297076,0.0025509687
1528.7321906292711,1528.7321906292711,0.99707514,0.0025576034
1528.7335795378333,1528.7335795378333,0.9963925,0.0025538506
1528.7349684463954,1528.7349684463954,0.99417067,0.002553066
1528.7363573549576,1528.7363573549576,0.9945448,0.0025510783
1528.7377462635193,1528.7377462635193,0.9944099,0.0025512804
1528.7391351720814,1528.7391351720814,0.9913137,0.002558454
1528.740524080528,1528.740524080528,0.99478,0.0025623394
1528.7419129890902,1528.7419129890902,0.9946933,0.0025508017
1528.7433018976517,1528.7433018976517,0.989889,0.002551247
1528.7446908060977,1528.7446908060977,0.9943294,0.0025537477
1528.7460797146603,1528.7460797146603,0.9929672,0.0025551703
1528.7474686231062,1528.7474686231062,0.99196446,0.0025507929
1528.7488575315513,1528.7488575315513,0.9931008,0.0025527843
1528.750246440113,1528.750246440113,0.9914359,0.0025494865
1528.7516353485591,1528.7516353485591,0.99176496,0.0025521917
1528.7530242570058,1528.7530242570058,0.99088144,0.0025527014
1528.754413165451,1528.754413165451,0.99536884,0.002553379
1528.755802073896,1528.755802073896,0.99104583,0.0025620137
1528.7571909823419,1528.7571909823419,0.9899026,0.0025530648
1528.7585798907883,1528.7585798907883,0.9920671,0.0025513312
1528.759968799234,1528.759968799234,0.99088275,0.0025503284
1528.7613577076793,1528.7613577076793,0.99214244,0.0025483253
1528.762746616125,1528.762746616125,0.9915621,0.0025495547
1528.7641355245717,1528.7641355245717,0.99577487,0.0025520443
1528.7655244330174,1528.7655244330174,0.99262035,0.0025491829
1528.766913341346,1528.766913341346,0.98873323,0.0025592602
1528.768302249792,1528.768302249792,0.99356925,0.002555008
1528.7696911581213,1528.7696911581213,0.98727936,0.0025508767
1528.771080066567,1528.771080066567,0.99259955,0.0025572055
1528.7724689748964,1528.7724689748964,0.98902017,0.0025531007
1528.773857883342,1528.773857883342,0.98833096,0.0025494965
1528.7752467916714,1528.7752467916714,0.9938224,0.0025522914
1528.7766357000003,1528.7766357000003,0.9894466,0.0025508665
1528.7780246083296,1528.7780246083296,0.988634,0.0025514504
1528.7794135167762,1528.7794135167762,0.989202,0.0025503421
1528.7808024251055,1528.7808024251055,0.9937993,0.0025511214
1528.7821913334344,1528.7821913334344,0.9906679,0.0025526476
1528.7835802417637,1528.7835802417637,0.9904707,0.0025469412
1528.7849691500937,1528.7849691500937,0.9916372,0.002546853
1528.7863580583069,1528.7863580583069,0.99263376,0.0025592118
1528.7877469666353,1528.7877469666353,0.986381,0.0025481032
1528.7891358749641,1528.7891358749641,0.98787314,0.0025490595
1528.7905247832941,1528.7905247832941,0.99299634,0.0025497347
1528.7919136915077,1528.7919136915077,0.99224496,0.0025568237
1528.7933025998366,1528.7933025998366,0.9895134,0.0025523154
1528.7946915080486,1528.7946915080486,0.98952335,0.0025492003
1528.7960804163781,1528.7960804163781,0.9895449,0.0025530586
1528.7974693245917,1528.7974693245917,0.9916808,0.002550517
1528.7988582328046,1528.7988582328046,0.9940718,0.0025512488
1528.8002471411335,1528.8002471411335,0.9920013,0.0025513181
1528.8016360493464,1528.8016360493464,0.9911582,0.0025497694
1528.8030249575602,1528.8030249575602,0.9908121,0.002564164
1528.804413865773,1528.804413865773,0.9877094,0.0025518024
1528.8058027739855,1528.8058027739855,0.9892908,0.0025509617
1528.8071916821984,1528.8071916821984,0.9908255,0.0025481996
1528.8085805904113,1528.8085805904113,0.99036485,0.0025498294
1528.8099694986242,1528.8099694986242,0.98869514,0.0025499822
1528.8113584068371,1528.8113584068371,0.9913499,0.0025506585
1528.81274731505,1528.81274731505,0.98760056,0.0025523677
1528.8141362231468,1528.8141362231468,0.9898196,0.0025502902
1528.815525131359,1528.815525131359,0.9900458,0.002551931
1528.8169140395719,1528.8169140395719,0.98986155,0.0025534043
1528.8183029476693,1528.8183029476693,0.98812443,0.0025523636
1528.8196918558822,1528.8196918558822,0.9935829,0.0025514173
1528.8210807639782,1528.8210807639782,0.9888844,0.0025483996
1528.8224696720747,1528.8224696720747,0.98881227,0.002562746
1528.8238585802883,1528.8238585802883,0.9898672,0.0025507826
1528.825247488385,1528.825247488385,0.9899544,0.0025502283
1528.8266363964806,1528.8266363964806,0.9883764,0.0025513505
1528.8280253045766,1528.8280253045766,0.9868071,0.0025475384
1528.829414212674,1528.829414212674,0.9903932,0.0025519128
1528.830803120771,1528.830803120771,0.9885096,0.0025551692
1528.832192028867,1528.832192028867,0.9895844,0.0025460757
1528.8335809369628,1528.8335809369628,0.9865338,0.0025479146
1528.8349698450595,1528.8349698450595,0.9880258,0.0025487235
1528.8363587531564,1528.8363587531564,0.98854494,0.002553525
1528.8377476611367,1528.8377476611367,0.98896444,0.0025485468
1528.8391365692326,1528.8391365692326,0.9890561,0.002548896
1528.840525477329,1528.840525477329,0.98446,0.002546606
1528.84191438531,1528.84191438531,0.99070805,0.0025522392
1528.8433032934065,1528.8433032934065,0.9883802,0.0025495705
1528.8446922013861,1528.8446922013861,0.98628813,0.0025484338
1528.8460811093662,1528.8460811093662,0.98611057,0.0025469183
1528.8474700174627,1528.8474700174627,0.9881056,0.0025485086
1528.8488589254428,1528.8488589254428,0.98388326,0.002549179
1528.8502478334228,1528.8502478334228,0.9864251,0.0025504474
1528.8516367414031,1528.8516367414031,0.9879184,0.0025470112
1528.8530256493834,1528.8530256493834,0.9883058,0.0025508264
1528.8544145573626,1528.8544145573626,0.98794776,0.0025467342
1528.8558034653427,1528.8558034653427,0.9854974,0.0025518115
1528.8571923733236,1528.8571923733236,0.98285466,0.0025464448
1528.8585812813037,1528.8585812813037,0.9877207,0.0025485728
1528.859970189167,1528.859970189167,0.98769563,0.0025497754
1528.8613590971477,1528.8613590971477,0.985828,0.0025433123
1528.8627480051284,1528.8627480051284,0.98839456,0.002550294
1528.8641369129916,1528.8641369129916,0.9824446,0.0025486716
1528.865525820971,1528.865525820971,0.9873274,0.0025490576
1528.866914728835,1528.866914728835,0.9853843,0.0025485156
1528.8683036368154,1528.8683036368154,0.9862503,0.0025498008
1528.869692544679,1528.869692544679,0.98713964,0.00255638
1528.8710814525423,1528.8710814525423,0.98464096,0.002544985
1528.872470360406,1528.872470360406,0.98410195,0.0025540076
1528.873859268386,1528.873859268386,0.9840572,0.0025528604
1528.87524817625,1528.87524817625,0.9845059,0.0025462245
1528.8766370841138,1528.8766370841138,0.9833696,0.0025492806
1528.8780259919774,1528.8780259919774,0.9807171,0.0025472452
1528.879414899841,1528.879414899841,0.9883378,0.0025474438
1528.8808038075877,1528.8808038075877,0.98446137,0.0025467996
1528.8821927154515,1528.8821927154515,0.9815094,0.0025528125
1528.8835816233156,1528.8835816233156,0.9868695,0.0025464355
1528.8849705311795,1528.8849705311795,0.9846087,0.002546914
1528.886359438926,1528.886359438926,0.98648304,0.0025481926
1528.8877483467897,1528.8877483467897,0.9867427,0.002548066
1528.889137254538,1528.889137254538,0.9872678,0.0025478548
1528.8905261624016,1528.8905261624016,0.983129,0.002547518
1528.8919150701483,1528.8919150701483,0.9856185,0.0025464653
1528.8933039778947,1528.8933039778947,0.98427457,0.0025446685
1528.8946928856428,1528.8946928856428,0.995592,0.0025504602
1528.8960817935074,1528.8960817935074,0.98852634,0.002550068
1528.8974707012537,1528.8974707012537,0.98718977,0.002549215
1528.8988596090005,1528.8988596090005,0.98420686,0.0025562255
1528.9002485167478,1528.9002485167478,0.9884813,0.0025598435
1528.901637424496,1528.901637424496,0.9851734,0.0025482252
1528.9030263322431,1528.9030263322431,0.98864883,0.00255732
1528.9044152398733,1528.9044152398733,0.98854876,0.0025504322
1528.9058041476208,1528.9058041476208,0.9859074,0.00255184
1528.9071930553685,1528.9071930553685,0.9892795,0.0025520353
1528.9085819629995,1528.9085819629995,0.99046236,0.0025504124
1528.909970870746,1528.909970870746,0.98957974,0.0025535668
1528.911359778377,1528.911359778377,0.9900998,0.0025501284
1528.9127486861244,1528.9127486861244,0.98790234,0.0025534378
1528.9141375937554,1528.9141375937554,0.9881715,0.0025504555
1528.9155265013862,1528.9155265013862,0.98712283,0.0025471684
1528.9169154091335,1528.9169154091335,0.9821336,0.0025474397
1528.9183043167643,1528.9183043167643,0.98442036,0.0025482231
1528.9196932243947,1528.9196932243947,0.9852313,0.0025461994
1528.9210821320255,1528.9210821320255,0.9835023,0.0025514169
1528.922471039657,1528.922471039657,0.987222,0.0025502353
1528.923859947288,1528.923859947288,0.99009866,0.0025468597
1528.925248854918,1528.925248854918,0.98530096,0.0025493389
1528.9266377625488,1528.9266377625488,0.984469,0.0025504224
1528.9280266700641,1528.9280266700641,0.9868915,0.0025505344
1528.929415577695,1528.929415577695,0.98145026,0.0025504879
1528.9308044853253,1528.9308044853253,0.97950816,0.0025500355
1528.932193392839,1528.932193392839,0.98324096,0.0025497195
1528.9335823004706,1528.9335823004706,0.9845287,0.0025486783
1528.9349712079859,1528.9349712079859,0.9829891,0.002551815
1528.9363601154996,1528.9363601154996,0.98433703,0.0025500522
1528.9377490231298,1528.9377490231298,0.9869445,0.0025486995
1528.9391379306442,1528.9391379306442,0.9837717,0.0025453873
1528.9405268381595,1528.9405268381595,0.9854344,0.002547258
1528.941915745674,1528.941915745674,0.98468655,0.002546828
1528.9433046531879,1528.9433046531879,0.98696625,0.002550211
1528.9446935607023,1528.9446935607023,0.9814973,0.0025485903
1528.9460824682174,1528.9460824682174,0.98308957,0.002544108
1528.947471375732,1528.947471375732,0.9826405,0.0025467563
1528.9488602832455,1528.9488602832455,0.98368406,0.002546151
1528.95024919076,1528.95024919076,0.98681384,0.0025469032
1528.9516380981581,1528.9516380981581,0.98575306,0.0025534523
1528.9530270056728,1528.9530270056728,0.9822433,0.0025468192
1528.9544159130708,1528.9544159130708,0.9861263,0.0025514106
1528.9558048205852,1528.9558048205852,0.9839517,0.0025479358
1528.9571937279832,1528.9571937279832,0.98741865,0.0025499207
1528.9585826354971,1528.9585826354971,0.9831655,0.0025457935
1528.9599715428951,1528.9599715428951,0.9807461,0.00254499
1528.961360450294,1528.961360450294,0.98258364,0.0025450357
1528.962749357692,1528.962749357692,0.98170877,0.002544797
1528.964138265089,1528.964138265089,0.98622346,0.0025479654
1528.9655271724873,1528.9655271724873,0.9828746,0.0025480553
1528.966916079886,1528.966916079886,0.9866017,0.002558651
1528.968304987284,1528.968304987284,0.9858645,0.0025464813
1528.9696938946815,1528.9696938946815,0.98545414,0.0025439456
1528.971082802079,1528.971082802079,0.98413247,0.0025529175
1528.9724717094775,1528.9724717094775,0.9864664,0.0025585652
1528.97386061676,1528.97386061676,0.9818639,0.0025463568
1528.9752495241573,1528.9752495241573,0.9836326,0.002549809
1528.9766384314382,1528.9766384314382,0.985349,0.0025486893
1528.9780273388362,1528.9780273388362,0.9832308,0.0025464946
1528.9794162461187,1528.9794162461187,0.98424387,0.00255081
1528.9808051534003,1528.9808051534003,0.9830498,0.0025487985
1528.9821940607978,1528.9821940607978,0.98478866,0.0025479468
1528.9835829680794,1528.9835829680794,0.987136,0.0025480655
1528.984971875362,1528.984971875362,0.9819555,0.0025550611
1528.9863607826435,1528.9863607826435,0.9851527,0.002546883
1528.9877496899242,1528.9877496899242,0.9890185,0.0025581813
1528.989138597206,1528.989138597206,0.98610437,0.0025520758
1528.9905275044878,1528.9905275044878,0.98424757,0.0025460974
1528.9919164117694,1528.9919164117694,0.9853774,0.0025497498
1528.9933053189345,1528.9933053189345,0.98449385,0.002547857
1528.994694226216,1528.994694226216,0.9818889,0.0025457928
1528.9960831334977,1528.9960831334977,0.9829285,0.0025488038
1528.9974720406624,1528.9974720406624,0.9835359,0.0025473062
1528.998860947944,1528.998860947944,0.982225,0.002546492
1529.00024985511,1529.00024985511,0.98326844,0.002546607
1529.0016387622752,1529.0016387622752,0.98447424,0.002554962
1529.003027669556,1529.003027669556,0.98183143,0.0025467917
1529.0044165767215,1529.0044165767215,0.9836879,0.0025470501
1529.0058054838871,1529.0058054838871,0.982254,0.0025504718
1529.0071943910525,1529.0071943910525,0.9836529,0.0025481146
1529.008583298217,1529.008583298217,0.9828747,0.002547518
1529.0099722053817,1529.0099722053817,0.98263294,0.0025469486
1529.0113611125473,1529.0113611125473,0.98398024,0.002549563
1529.0127500197134,1529.0127500197134,0.9825686,0.0025463188
1529.0141389267617,1529.0141389267617,0.9828443,0.0025443204
1529.015527833926,1529.015527833926,0.9841933,0.0025470327
1529.0169167410913,1529.0169167410913,0.984297,0.0025482064
1529.0183056481408,1529.0183056481408,0.98581386,0.0025500578
1529.019694555306,1529.019694555306,0.98718184,0.00255086
1529.0210834623542,1529.0210834623542,0.98584694,0.002558434
1529.022472369403,1529.022472369403,0.98766494,0.0025506995
1529.023861276569,1529.023861276569,0.9884599,0.0025512192
1529.0252501836178,1529.0252501836178,0.9835996,0.0025595932
1529.0266390906659,1529.0266390906659,0.9819494,0.0025448138
1529.0280279977148,1529.0280279977148,0.98794824,0.002549022
1529.0294169047636,1529.0294169047636,0.98457146,0.002549876
1529.0308058118123,1529.0308058118123,0.9853969,0.002547241
1529.032194718861,1529.032194718861,0.9840112,0.0025464534
1529.0335836259098,1529.0335836259098,0.9875678,0.002548995
1529.0349725329586,1529.0349725329586,0.98644936,0.0025455756
1529.0363614398905,1529.0363614398905,0.98593116,0.0025484606
1529.0377503469392,1529.0377503469392,0.98881257,0.0025510227
1529.0391392538725,1529.0391392538725,0.98622364,0.0025452112
1529.0405281609212,1529.0405281609212,0.98903966,0.00254692
1529.041917067853,1529.041917067853,0.9859967,0.0025503389
1529.0433059749018,1529.0433059749018,0.9877258,0.0025485104
1529.0446948818346,1529.0446948818346,0.98516166,0.0025566674
1529.0460837887672,1529.0460837887672,0.9895203,0.0025486073
1529.0474726956988,1529.0474726956988,0.98383594,0.0025446468
1529.0488616026307,1529.0488616026307,0.98403585,0.0025461793
1529.0502505095637,1529.0502505095637,0.987869,0.002547106
1529.0516394164968,1529.0516394164968,0.9856995,0.0025486439
1529.0530283234286,1529.0530283234286,0.9909749,0.0025515696
1529.05441723036,1529.05441723036,0.9900911,0.0025461612
1529.0558061372926,1529.0558061372926,0.98919904,0.0025637746
1529.0571950441092,1529.0571950441092,0.9866148,0.0025476038
1529.0585839510416,1529.0585839510416,0.98707706,0.0025472445
1529.059972857857,1529.059972857857,0.9861174,0.0025498352
1529.0613617647894,1529.0613617647894,0.99074453,0.0025495982
1529.0627506716062,1529.0627506716062,0.9888934,0.0025484369
1529.0641395785385,1529.0641395785385,0.99129003,0.0025477884
1529.0655284853544,1529.0655284853544,0.99176955,0.0025558423
1529.0669173921704,1529.0669173921704,0.99025893,0.0025488331
1535.0059031359244,1535.0059031359244,1.0012021,0.0025677842
1535.0072920470477,1535.0072920470477,1.002686,0.0025629078
1535.0086809582874,1535.0086809582874,1.0010538,0.0025585713
1535.0100698694107,1535.0100698694107,1.0023686,0.002558655
1535.0114587805342,1535.0114587805342,1.0044135,0.0025709404
1535.0128476916568,1535.0128476916568,1.0008425,0.0025559103
1535.0142366028965,1535.0142366028965,1.0065379,0.002558098
1535.01562551402,1535.01562551402,1.0039314,0.002567358
1535.0170144251435,1535.0170144251435,1.0013788,0.0025668284
1535.0184033362668,1535.0184033362668,0.99981713,0.0025700403
1535.0197922473901,1535.0197922473901,1.0035033,0.002557507
1535.0211811585134,1535.0211811585134,1.0073841,0.0025584372
1535.0225700696367,1535.0225700696367,1.0037208,0.002557775
1535.0239589808764,1535.0239589808764,1.004954,0.0025715665
1535.0253478919992,1535.0253478919992,1.0033807,0.0025617145
1535.0267368031225,1535.0267368031225,1.0008062,0.0025571852
1535.0281257142458,1535.0281257142458,1.0007285,0.0025560197
1535.029514625369,1535.029514625369,1.000336,0.0025578996
1535.0309035364926,1535.0309035364926,1.0046113,0.002558934
1535.032292447616,1535.032292447616,1.0028695,0.0025633934
1535.0336813587394,1535.0336813587394,1.0042722,0.0025572516
1535.035070269862,1535.035070269862,1.0025612,0.0025555121
1535.0364591809855,1535.0364591809855,1.003931,0.0025586414
1535.0378480921092,1535.0378480921092,1.0013303,0.0025622584
1535.0392370032328,1535.0392370032328,0.9989464,0.0025585978
1535.0406259143554,1535.0406259143554,1.0015453,0.002557594
1535.0420148254782,1535.0420148254782,0.99915606,0.002558483
1535.043403736485,1535.043403736485,1.0032645,0.002556493
1535.044792647609,1535.044792647609,1.0018797,0.0025683318
1535.0461815587325,1535.0461815587325,1.0033023,0.0025605396
1535.047570469855,1535.047570469855,0.9983619,0.0025618055
1535.0489593809784,1535.0489593809784,1.0041014,0.002562394
1535.0503482921024,1535.0503482921024,1.00349,0.0025581336
1535.0517372032257,1535.0517372032257,1.0018266,0.0025577475
1535.053126114232,1535.053126114232,1.0036457,0.0025558593
1535.0545150253547,1535.0545150253547,1.0020121,0.002586154
1535.0559039364782,1535.0559039364782,1.0020978,0.0025602384
1535.057292847602,1535.057292847602,0.99981976,0.0025569198
1535.058681758609,1535.058681758609,0.99923134,0.002555725
1535.0600706697317,1535.0600706697317,0.9980238,0.002558049
1535.0614595808545,1535.0614595808545,1.000522,0.0025579596
1535.062848491862,1535.062848491862,0.99850094,0.0025575024
1535.064237402986,1535.064237402986,0.99777246,0.002557286
1535.0656263141088,1535.0656263141088,1.0021133,0.0025584556
1535.0670152251148,1535.0670152251148,1.0024999,0.0025660198
1535.068404136239,1535.068404136239,0.99924916,0.0025590213
1535.0697930473632,1535.0697930473632,1.0028722,0.0025651725
1535.0711819583692,1535.0711819583692,1.0040548,0.002558302
1535.072570869492,1535.072570869492,1.002233,0.0025575976
1535.0739597804984,1535.0739597804984,1.0034463,0.0025625145
1535.0753486916221,1535.0753486916221,0.99525625,0.0025571277
1535.0767376027463,1535.0767376027463,0.99920475,0.002559865
1535.0781265137525,1535.0781265137525,1.0006533,0.0025635231
1535.0795154248751,1535.0795154248751,0.99961907,0.0025584213
1535.080904335882,1535.080904335882,1.0005319,0.002560369
1535.0822932470062,1535.0822932470062,0.9989091,0.0025580884
1535.083682158013,1535.083682158013,1.0000014,0.0025575329
1535.085071069136,1535.085071069136,1.004706,0.0025629231
1535.0864599801419,1535.0864599801419,1.0008719,0.002561482
1535.0878488911496,1535.0878488911496,0.9975361,0.0025599534
1535.0892378022738,1535.0892378022738,1.0029964,0.002559453
1535.0906267132798,1535.0906267132798,0.9998182,0.0025586835
1535.0920156244026,1535.0920156244026,0.99898577,0.0025567417
1535.0934045354095,1535.0934045354095,0.99626386,0.002561699
1535.0947934464173,1535.0947934464173,0.99623185,0.002556033
1535.0961823575406,1535.0961823575406,1.0007839,0.0025591822
1535.097571268547,1535.097571268547,1.0011992,0.002569565
1535.098960179553,1535.098960179553,0.9992851,0.002558856
1535.1003490906762,1535.1003490906762,1.0010792,0.0025625087
1535.101738001684,1535.101738001684,1.0034324,0.002564173
1535.1031269126909,1535.1031269126909,0.9995585,0.002559784
1535.1045158236973,1535.1045158236973,1.0015786,0.0025590004
1535.1059047348206,1535.1059047348206,0.99962425,0.0025613422
1535.1072936458283,1535.1072936458283,1.0007893,0.0025601573
1535.1086825568352,1535.1086825568352,1.0022446,0.0025637252
1535.1100714678412,1535.1100714678412,0.99865425,0.0025580274
1535.1114603788483,1535.1114603788483,1.0012978,0.0025595382
1535.1128492899718,1535.1128492899718,0.99704045,0.0025628828
1535.1142382009787,1535.1142382009787,0.9998804,0.002557857
1535.1156271119855,1535.1156271119855,0.9998789,0.002559582
1535.117016022992,1535.117016022992,0.9996421,0.002558111
1535.1184049339988,1535.1184049339988,1.0013326,0.002557995
1535.1197938450057,1535.1197938450057,0.99907935,0.0025589704
1535.1211827560126,1535.1211827560126,0.9993405,0.0025607352
1535.1225716670194,1535.1225716670194,0.998522,0.0025678067
1535.1239605780263,1535.1239605780263,0.99485016,0.002558941
1535.1253494890334,1535.1253494890334,0.99791694,0.0025644626
1535.1267384000405,1535.1267384000405,1.0002396,0.0025592286
1535.1281273110474,1535.1281273110474,0.9980486,0.0025587536
1535.1295162220533,1535.1295162220533,0.99967384,0.0025746569
1535.1309051330604,1535.1309051330604,0.99848706,0.0025663874
1535.1322940440675,1535.1322940440675,1.000268,0.0025562565
1535.1336829550744,1535.1336829550744,0.99921304,0.0025596772
1535.1350718660813,1535.1350718660813,0.9974492,0.0025648554
1535.1364607770881,1535.1364607770881,0.99753064,0.0025602747
1535.137849688095,1535.137849688095,0.99899787,0.0025591275
1535.1392385991014,1535.1392385991014,0.99988633,0.0025586218
1535.1406275101083,1535.1406275101083,0.99930996,0.002558052
1535.142016421116,1535.142016421116,0.9986289,0.0025608947
1535.143405332123,1535.143405332123,0.9954985,0.0025568032
1535.1447942430127,1535.1447942430127,0.9988863,0.0025560095
1535.1461831540198,1535.1461831540198,1.0000674,0.002567508
1535.1475720650267,1535.1475720650267,0.99693996,0.0025588656
1535.1489609760335,1535.1489609760335,0.9983615,0.0025593676
1535.1503498870404,1535.1503498870404,0.9962742,0.0025634938
1535.1517387979304,1535.1517387979304,0.9985759,0.0025607576
1535.1531277089373,1535.1531277089373,0.99348515,0.002555438
1535.1545166199448,1535.1545166199448,0.9954974,0.0025554784
1535.1559055308355,1535.1559055308355,0.9948415,0.0025584165
1535.1572944418415,1535.1572944418415,0.9989491,0.0025579345
1535.158683352848,1535.158683352848,0.99955183,0.0025623213
1535.1600722637384,1535.1600722637384,0.99562955,0.0025555717
1535.1614611747461,1535.1614611747461,0.99390095,0.002560411
1535.162850085753,1535.162850085753,0.9986553,0.0025563727
1535.164238996643,1535.164238996643,0.9967018,0.0025586756
1535.1656279076499,1535.1656279076499,0.997151,0.0025579631
1535.1670168186572,1535.1670168186572,0.9982332,0.002558415
1535.1684057295479,1535.1684057295479,0.9972296,0.00255825
1535.169794640554,1535.169794640554,0.99309754,0.0025556977
1535.171183551444,1535.171183551444,0.9972146,0.0025626593
1535.172572462451,1535.172572462451,0.999341,0.0025580518
1535.1739613733423,1535.1739613733423,0.99475425,0.002555659
1535.1753502843492,1535.1753502843492,0.9996876,0.0025604633
1535.1767391952387,1535.1767391952387,0.99976516,0.00256007
1535.1781281062451,1535.1781281062451,0.9977679,0.0025583804
1535.1795170171365,1535.1795170171365,1.000703,0.0025551019
1535.1809059281438,1535.1809059281438,0.99673146,0.0025591855
1535.1822948390338,1535.1822948390338,0.9966637,0.0025610263
1535.1836837500402,1535.1836837500402,0.9937175,0.00255637
1535.1850726609312,1535.1850726609312,0.9969228,0.0025687006
1535.1864615718225,1535.1864615718225,0.99875456,0.0025582095
1535.187850482829,1535.187850482829,0.9933378,0.0025660363
1535.1892393937185,1535.1892393937185,0.9986098,0.0025561461
1535.1906283046085,1535.1906283046085,0.99585086,0.0025658996
1535.192017215616,1535.192017215616,0.99453074,0.0025570183
1535.1934061265072,1535.1934061265072,0.99705327,0.0025679732
1535.1947950373972,1535.1947950373972,0.9990199,0.002559115
1535.1961839484034,1535.1961839484034,0.9947345,0.0025565536
1535.197572859294,1535.197572859294,0.9965604,0.0025578586
1535.198961770185,1535.198961770185,0.992607,0.0025569713
1535.2003506810754,1535.2003506810754,0.9948198,0.002555372
1535.2017395920818,1535.2017395920818,0.9949452,0.0025570814
1535.2031285029718,1535.2031285029718,0.9939232,0.0025561133
1535.2045174138627,1535.2045174138627,0.9945721,0.002557221
1535.205906324754,1535.205906324754,0.9938171,0.0025567296
1535.207295235644,1535.207295235644,0.9924927,0.0025687085
1535.20868414665,1535.20868414665,0.991389,0.002566482
1535.2100730575405,1535.2100730575405,0.9957474,0.0025567585
1535.2114619684319,1535.2114619684319,0.9944466,0.002559529
1535.2128508793223,1535.2128508793223,0.99459445,0.0025588796
1535.2142397902123,1535.2142397902123,0.99550366,0.002555703
1535.215628701102,1535.215628701102,0.9966253,0.002557787
1535.2170176119928,1535.2170176119928,0.9946799,0.0025677315
1535.2184065228837,1535.2184065228837,0.99530745,0.0025586786
1535.2197954337744,1535.2197954337744,0.9962532,0.0025555228
1535.2211843446642,1535.2211843446642,0.9991591,0.002557136
1535.2225732555546,1535.2225732555546,0.99731445,0.0025599932
1535.223962166446,1535.223962166446,0.994847,0.0025617527
1535.2253510773364,1535.2253510773364,0.99421316,0.0025678584
1535.2267399882264,1535.2267399882264,0.9969962,0.0025593482
1535.2281288991169,1535.2281288991169,0.9956491,0.0025566265
1535.2295178100073,1535.2295178100073,0.9934401,0.0025571617
1535.2309067208978,1535.2309067208978,0.99903953,0.0025687555
1535.2322956317882,1535.2322956317882,0.996476,0.002566938
1535.2336845426782,1535.2336845426782,0.99571097,0.0025566143
1535.2350734535687,1535.2350734535687,0.9947742,0.0025563354
1535.2364623643427,1535.2364623643427,0.9950631,0.0025564102
1535.2378512752332,1535.2378512752332,0.997083,0.0025563352
1535.2392401861239,1535.2392401861239,0.9940835,0.0025564947
1535.2406290970146,1535.2406290970146,0.994698,0.0025565068
1535.242018007905,1535.242018007905,0.9909424,0.0025540213
1535.243406918679,1535.243406918679,0.9922663,0.0025586288
1535.2447958295695,1535.2447958295695,0.99166816,0.0025570325
1535.2461847404595,1535.2461847404595,0.9923959,0.0025540756
1535.24757365135,1535.24757365135,0.99424416,0.0025550332
1535.248962562124,1535.248962562124,0.9906943,0.0025557661
1535.2503514730145,1535.2503514730145,0.9932767,0.0025556074
1535.251740383905,1535.251740383905,0.9959458,0.0025807952
1535.2531292947956,1535.2531292947956,0.9918885,0.0025557803
1535.2545182055699,1535.2545182055699,0.9949552,0.0025579764
1535.2559071164594,1535.2559071164594,0.9922178,0.0025571818
1535.2572960272335,1535.2572960272335,0.9946868,0.0025547305
1535.2586849381241,1535.2586849381241,0.9934062,0.002555687
1535.2600738490148,1535.2600738490148,1.0004214,0.0025596097
1535.2614627597889,1535.2614627597889,0.9995478,0.0025587266
1535.2628516706793,1535.2628516706793,0.99808204,0.0025592225
1535.2642405814534,1535.2642405814534,0.9988573,0.0025609643
1535.2656294923438,1535.2656294923438,0.99706775,0.0025600935
1535.2670184031178,1535.2670184031178,0.9966881,0.0025580355
1535.2684073140078,1535.2684073140078,0.9973223,0.002556694
1535.2697962247819,1535.2697962247819,0.99607235,0.0025567766
1535.2711851356723,1535.2711851356723,0.99676347,0.0025599638
1535.2725740464466,1535.2725740464466,1.0002321,0.0025683749
1535.2739629573373,1535.2739629573373,1.0022124,0.0025628724
1535.2753518681104,1535.2753518681104,1.00224,0.0025659406
1535.2767407790009,1535.2767407790009,1.0083048,0.0025648645
1535.2781296897758,1535.2781296897758,1.0025613,0.0025606856
1535.2795186006663,1535.2795186006663,1.0152366,0.0025690682
1535.2809075114399,1535.2809075114399,1.0044578,0.0025717556
1535.282296422214,1535.282296422214,1.0027092,0.0025624174
1535.2836853331053,1535.2836853331053,1.0028125,0.0025651671
1535.2850742438793,1535.2850742438793,1.0000273,0.0025592342
1535.2864631546527,1535.2864631546527,1.0034846,0.0025621296
1535.2878520655424,1535.2878520655424,1.0066448,0.0025610696
1535.2892409763165,1535.2892409763165,1.0020846,0.0025599687
1535.2906298870914,1535.2906298870914,1.0024265,0.0025623753
1535.2920187978655,1535.2920187978655,0.99938905,0.002560966
1535.2934077087555,1535.2934077087555,0.99870986,0.0025581503
1535.2947966195286,1535.2947966195286,0.9952382,0.0025569985
1535.2961855303035,1535.2961855303035,1.0013262,0.0025566365
1535.2975744410785,1535.2975744410785,0.998763,0.0025599222
1535.298963351968,1535.298963351968,0.99493384,0.0025681746
1535.3003522627416,1535.3003522627416,0.9969964,0.0025657995
1535.3017411735157,1535.3017411735157,0.99737513,0.002561052
1535.3031300842906,1535.3031300842906,0.9978469,0.0025582165
1535.3045189950647,1535.3045189950647,0.9993085,0.0025585163
1535.305907905838,1535.305907905838,0.9935072,0.002560699
1535.3072968166114,1535.3072968166114,0.9945648,0.0025571394
1535.3086857273863,1535.3086857273863,0.9970526,0.0025614242
1535.3100746382775,1535.3100746382775,0.994039,0.0025636186
1535.3114635490508,1535.3114635490508,0.9954367,0.002555258
1535.3128524598244,1535.3128524598244,0.99228704,0.0025613068
1535.3142413705975,1535.3142413705975,1.0001074,0.0025714012
1535.3156302813725,1535.3156302813725,1.0117946,0.0025660482
1535.3170191921474,1535.3170191921474,1.0109226,0.0025639122
1535.3184081029206,1535.3184081029206,1.0072485,0.0025622298
1535.3197970136941,1535.3197970136941,1.0068774,0.0025750375
1535.321185924469,1535.321185924469,1.004645,0.0025705872
1535.3225748351272,1535.3225748351272,1.0015826,0.002561729
1535.3239637459008,1535.3239637459008,1.0042013,0.0025613715
1535.325352656674,1535.325352656674,1.0049859,0.0025627532
1535.3267415674484,1535.3267415674484,1.000322,0.0025609273
1535.3281304782229,1535.3281304782229,1.0044341,0.0025608737
1535.3295193889971,1535.3295193889971,1.0003018,0.0025582493
1535.3309082997705,1535.3309082997705,0.99907917,0.002556358
1535.332297210544,1535.332297210544,0.9941582,0.0025619008
1535.3336861212017,1535.3336861212017,0.99607044,0.002559114
1535.3350750319764,1535.3350750319764,0.9954016,0.0025581038
1535.3364639427507,1535.3364639427507,0.9936309,0.0025576442
1535.3378528535238,1535.3378528535238,0.9999969,0.0025609995
1535.339241764298,1535.339241764298,0.9959979,0.0025575643
1535.3406306749564,1535.3406306749564,0.9973764,0.0025606574
1535.3420195857304,1535.3420195857304,0.9978478,0.0025578686
1535.343408496504,1535.343408496504,0.99331045,0.0025590584
1535.3447974071612,1535.3447974071612,0.99645704,0.0025580982
1535.3461863179352,1535.3461863179352,0.9927197,0.0025691336
1535.3475752287097,1535.3475752287097,0.9949031,0.0025582856
1535.3489641393676,1535.3489641393676,0.99208593,0.0025630705
1535.350353050141,1535.350353050141,0.9916334,0.0025570705
1535.351741960915,1535.351741960915,0.99134165,0.002560167
1535.3531308715728,1535.3531308715728,0.99122447,0.002554249
1535.354519782347,1535.354519782347,0.9912904,0.002554826
1535.3559086930047,1535.3559086930047,0.9913023,0.0025550793
1535.3572976037779,1535.3572976037779,0.9908267,0.0025538434
1535.3586865145521,1535.3586865145521,0.98845613,0.0025582458
1535.3600754252104,1535.3600754252104,0.99317795,0.002559762
1535.3614643359845,1535.3614643359845,0.99165154,0.0025567596
1535.3628532466416,1535.3628532466416,0.9884434,0.002556384
1535.3642421574157,1535.3642421574157,0.99190694,0.002555792
1535.3656310680733,1535.3656310680733,0.99252516,0.00255996
1535.3670199788476,1535.3670199788476,0.9937936,0.0025561592
1535.3684088895054,1535.3684088895054,0.9929176,0.0025527966
1535.3697978001621,1535.3697978001621,0.9903463,0.0025730024
1535.3711867109362,1535.3711867109362,0.9872917,0.0025527754
1535.372575621594,1535.372575621594,0.99156135,0.0025556
1535.3739645323683,1535.3739645323683,0.99103874,0.0025556292
1535.375353443026,1535.375353443026,0.98642176,0.0025650568
1535.3767423536835,1535.3767423536835,0.9927995,0.0025559117
1535.3781312644576,1535.3781312644576,0.98784894,0.0025629895
1535.3795201751152,1535.3795201751152,0.99084854,0.002553662
1535.3809090857728,1535.3809090857728,0.9915617,0.0025572518
1535.382297996547,1535.382297996547,0.98915976,0.0025570283
1535.383686907205,1535.383686907205,0.991242,0.0025677753
1535.3850758178617,1535.3850758178617,0.98668426,0.002554687
1535.3864647285195,1535.3864647285195,0.98758554,0.0025560386
1535.3878536392938,1535.3878536392938,0.99248725,0.0025593622
1535.3892425499514,1535.3892425499514,0.99416614,0.0025553748
1535.390631460609,1535.390631460609,0.9888015,0.002554673
1535.392020371266,1535.392020371266,0.9903776,0.0025537226
1535.3934092819238,1535.3934092819238,0.9892317,0.0025515724
1535.3947981926983,1535.3947981926983,0.99222356,0.0025567971
1535.3961871033562,1535.3961871033562,0.98739225,0.00255845
1535.397576014013,1535.397576014013,0.98492235,0.0025534616
1535.3989649246707,1535.3989649246707,0.9879858,0.0025658289
1535.4003538353284,1535.4003538353284,0.9873241,0.002553945
1535.4017427459862,1535.4017427459862,0.9834537,0.002551945
1535.403131656644,1535.403131656644,0.98830146,0.002552564
1535.4045205673008,1535.4045205673008,0.9865064,0.0025547226
1535.4059094779586,1535.4059094779586,0.98696893,0.0025544108
1535.407298388617,1535.407298388617,0.9863149,0.0025505684
1535.4086872992746,1535.4086872992746,0.9869043,0.0025531626
1535.4100762099317,1535.4100762099317,0.98608124,0.002552887
1535.411465120589,1535.411465120589,0.98974925,0.0025598486
1535.4128540312465,1535.4128540312465,0.98912567,0.002565753
1535.4142429419046,1535.4142429419046,0.98730564,0.0025554446
1535.4156318525625,1535.4156318525625,0.98544025,0.0025536376
1535.4170207632194,1535.4170207632194,0.9853198,0.0025549128
1535.418409673877,1535.418409673877,0.98897034,0.002559112
1535.4197985845356,1535.4197985845356,0.9871655,0.0025568695
1535.4211874951932,1535.4211874951932,0.98562485,0.0025513473
1535.4225764058504,1535.4225764058504,0.98795325,0.0025743379
1535.4239653163906,1535.4239653163906,0.98802197,0.0025532434
1535.4253542270485,1535.4253542270485,0.9879657,0.0025544073
1535.4267431377068,1535.4267431377068,0.98638284,0.0025518069
1535.4281320483644,1535.4281320483644,0.9880111,0.0025546676
1535.4295209590216,1535.4295209590216,0.9851441,0.0025541054
1535.4309098695624,1535.4309098695624,0.9859082,0.0025522567
1535.4322987802204,1535.4322987802204,0.9849923,0.0025642484
1535.433687690879,1535.433687690879,0.9859317,0.002559377
1535.4350766015361,1535.4350766015361,0.9876802,0.0025542856
1535.4364655120764,1535.4364655120764,0.9867747,0.0025530986
1535.437854422735,1535.437854422735,0.98545825,0.0025524194
1535.4392433333933,1535.4392433333933,0.9885218,0.0025544062
1535.4406322439338,1535.4406322439338,0.9848883,0.0025540337
1535.442021154591,1535.442021154591,0.98736125,0.0025558977
1535.4434100652477,1535.4434100652477,0.9844418,0.002553287
1535.4447989757898,1535.4447989757898,0.9878573,0.0025543228
1535.4461878864483,1535.4461878864483,0.9859142,0.002552341
1535.447576797105,1535.447576797105,0.9838501,0.0025526874
1535.4489657076458,1535.4489657076458,0.98285395,0.0025506217
1535.4503546183034,1535.4503546183034,0.9835646,0.0025600381
1535.4517435288456,1535.4517435288456,0.9867825,0.002557442
1535.4531324395032,1535.4531324395032,0.9873828,0.0025551012
1535.454521350044,1535.454521350044,0.98510563,0.0025540153
1535.4559102607006,1535.4559102607006,0.9861299,0.0025539668
1535.4572991712428,1535.4572991712428,0.9835392,0.002560047
1535.4586880819013,1535.4586880819013,0.98396796,0.002553034
1535.4600769924416,1535.4600769924416,0.9863748,0.0025532823
1535.4614659030988,1535.4614659030988,0.9859525,0.00256497
1535.46285481364,1535.46285481364,0.98243576,0.0025522998
1535.4642437242985,1535.4642437242985,0.9853756,0.0025529196
1535.4656326348397,1535.4656326348397,0.98699594,0.0025520301
1535.4670215453802,1535.4670215453802,0.98845786,0.0025609536
1535.4684104560372,1535.4684104560372,0.9832255,0.0025517712
1535.4697993665784,1535.4697993665784,0.98284525,0.002559608
1535.4711882771205,1535.4711882771205,0.98640144,0.002559205
1535.4725771877781,1535.4725771877781,0.9842882,0.002570342
1535.473966098319,1535.473966098319,0.98834187,0.0025564658
1535.47535500886,1535.47535500886,0.9850479,0.002550626
1535.4767439195184,1535.4767439195184,0.9844757,0.002553242
1535.4781328300598,1535.4781328300598,0.98479956,0.0025524066
1535.4795217406001,1535.4795217406001,0.98744106,0.002560301
1535.480910651141,1535.480910651141,0.98715687,0.00255292
1535.4822995617985,1535.4822995617985,0.99084073,0.0025550604
1535.4836884723406,1535.4836884723406,0.9838633,0.0025521496
1535.4850773828819,1535.4850773828819,0.98519945,0.0025510641
1535.4864662934224,1535.4864662934224,0.98605317,0.0025546555
1535.4878552039638,1535.4878552039638,0.98338866,0.0025545375
1535.489244114505,1535.489244114505,0.98525035,0.0025575538
1535.4906330250462,1535.4906330250462,0.98567766,0.0025641888
1535.4920219357039,1535.4920219357039,0.98716104,0.0025536634
1535.4934108462446,1535.4934108462446,0.9857975,0.002551429
1535.4947997567858,1535.4947997567858,0.9877768,0.0025610935
1535.4961886673277,1535.4961886673277,0.9853687,0.0025559464
1535.4975775778692,1535.4975775778692,0.985929,0.002559024
1535.4989664884095,1535.4989664884095,0.9859644,0.0025662596
1535.500355398951,1535.500355398951,0.9804604,0.0025517542
1535.5017443094923,1535.5017443094923,0.9833652,0.002551073
1535.5031332200335,1535.5031332200335,0.9837286,0.002554932
1535.5045221305747,1535.5045221305747,0.98339504,0.0025512676
1535.505911041116,1535.505911041116,0.98541486,0.0025543035
1535.5072999516572,1535.5072999516572,0.98530495,0.0025545785
1535.508688862198,1535.508688862198,0.9886152,0.0025562022
1535.5100777727391,1535.5100777727391,0.9842884,0.0025555121
1535.5114666832803,1535.5114666832803,0.98422503,0.0025583687
1535.5128555937051,1535.5128555937051,0.9825481,0.0025594395
1535.5142445042463,1535.5142445042463,0.98152643,0.0025623373
1535.5156334147878,1535.5156334147878,0.98540384,0.002557214
1535.5170223253292,1535.5170223253292,0.98502606,0.0025553894
1535.5184112358704,1535.5184112358704,0.9861959,0.002567178
1535.5198001464116,1535.5198001464116,0.98652613,0.0025502134
1535.521189056836,1535.521189056836,0.98741865,0.0025526467
1535.5225779673772,1535.5225779673772,0.9838215,0.002560529
1535.5239668779184,1535.5239668779184,0.9823205,0.002551102
1535.5253557884596,1535.5253557884596,0.9879472,0.0025532618
1535.5267446988844,1535.5267446988844,0.9820335,0.0025518585
1535.5281336094251,1535.5281336094251,0.98537934,0.0025530406
1535.5295225199663,1535.5295225199663,0.9822774,0.0025516672
1535.5309114305085,1535.5309114305085,0.98444617,0.002555006
1535.5323003409333,1535.5323003409333,0.98612505,0.002552363
1535.5336892514738,1535.5336892514738,0.98757434,0.0025534441
1535.5350781620152,1535.5350781620152,0.9812069,0.002558553
1535.53646707244,1535.53646707244,0.9857588,0.0025522949
1535.5378559829812,1535.5378559829812,0.98562306,0.0025527878
1535.539244893406,1535.539244893406,0.9859253,0.0025566188
1535.5406338039468,1535.5406338039468,0.9861741,0.0025658607
1535.542022714488,1535.542022714488,0.98693097,0.0025566332
1535.5434116249135,1535.5434116249135,0.98427546,0.0025535617
1535.544800535455,1535.544800535455,0.9856198,0.0025546937
1535.5461894458788,1535.5461894458788,0.9874791,0.0025505582
1535.5475783564195,1535.5475783564195,0.9857266,0.002552051
1535.5489672668443,1535.5489672668443,0.98342836,0.0025533573
1535.5503561773864,1535.5503561773864,0.9858281,0.0025528686
1535.5517450878112,1535.5517450878112,0.9852597,0.0025549992
1535.5531339983518,1535.5531339983518,0.98323244,0.00255106
1535.5545229087768,1535.5545229087768,0.9828831,0.0025566707
1535.555911819202,1535.555911819202,0.9854847,0.0025523666
1535.5573007297435,1535.5573007297435,0.98666793,0.002552192
1535.5586896401676,1535.5586896401676,0.9867002,0.0025547605
1535.5600785507083,1535.5600785507083,0.98596066,0.0025587892
1535.5614674611331,1535.5614674611331,0.98599356,0.0025547147
1535.5628563715586,1535.5628563715586,0.9855285,0.002556879
1535.5642452821,1535.5642452821,0.9827062,0.0025542444
1535.565634192524,1535.565634192524,0.9904036,0.0025559284
1535.5670231029483,1535.5670231029483,0.9878849,0.0025541917
1535.5684120133737,1535.5684120133737,0.9871605,0.0025539934
1535.5698009239156,1535.5698009239156,0.9878628,0.0025539654
1535.57118983434,1535.57118983434,0.987947,0.0025529617
1535.572578744764,1535.572578744764,0.98314786,0.002554292
1535.573967655189,1535.573967655189,0.9878798,0.002555998
1535.5753565657308,1535.5753565657308,0.9879163,0.0025550216
1535.5767454761558,1535.5767454761558,0.9869065,0.0025549002
1535.57813438658,1535.57813438658,0.986393,0.002555852
1535.5795232970042,1535.5795232970042,0.98486966,0.0025541808
1535.5809122074297,1535.5809122074297,0.98786795,0.0025569198
1535.5823011178552,1535.5823011178552,0.986759,0.002553522
1535.583690028396,1535.583690028396,0.9859025,0.0025525969
1535.5850789388198,1535.5850789388198,0.98494256,0.0025534658
1535.5864678492449,1535.5864678492449,0.9833012,0.0025531228
1535.5878567596703,1535.5878567596703,0.98707306,0.0025555282
1535.5892456700951,1535.5892456700951,0.9872896,0.002563107
1535.5906345805195,1535.5906345805195,0.9881078,0.0025551044
1535.5920234909436,1535.5920234909436,0.98688155,0.002561146
1535.593412401369,1535.593412401369,0.9863803,0.002555581
1535.5948013117948,1535.5948013117948,0.98763907,0.0025595457
1535.5961902222189,1535.5961902222189,0.9928727,0.0025679523
1535.597579132643,1535.597579132643,0.99893975,0.002563576
1535.5989680430678,1535.5989680430678,1.0059699,0.0025641823
1535.6003569534935,1535.6003569534935,1.0088915,0.0025669318
1535.6017458639183,1535.6017458639183,1.0052594,0.0025637625
1535.6031347743426,1535.6031347743426,1.0024589,0.002572041
1535.6045236847665,1535.6045236847665,1.0022882,0.002560113
1535.605912595075,1535.605912595075,1.0018867,0.002562721
1535.6073015055006,1535.6073015055006,0.99665576,0.0025610158
1535.6086904159254,1535.6086904159254,1.0017912,0.0025616293
1535.6100793263497,1535.6100793263497,0.9994376,0.002575138
1535.6114682367745,1535.6114682367745,0.997346,0.0025685148
1535.6128571472002,1535.6128571472002,0.99817544,0.0025606363
1535.6142460575086,1535.6142460575086,0.99755543,0.0025600637
1535.615634967933,1535.615634967933,0.9977861,0.002559877
1535.6170238783568,1535.6170238783568,0.9972075,0.0025684265
1535.6184127887816,1535.6184127887816,0.9944003,0.0025672852
1535.6198016990909,1535.6198016990909,0.99356174,0.0025712885
1535.6211906095157,1535.6211906095157,1.0001419,0.0025615015
1535.62257951994,1535.62257951994,0.9955278,0.0025596977
1535.6239684302484,1535.6239684302484,0.99134636,0.0025589962
1535.6253573406732,1535.6253573406732,0.99681574,0.0025602633
1535.626746251098,1535.626746251098,0.9921703,0.0025592349
1535.6281351614064,1535.6281351614064,0.99607396,0.0025654463
1535.6295240718307,1535.6295240718307,0.99263483,0.0025646356
1535.6309129822555,1535.6309129822555,0.9921238,0.0025554036
1535.6323018925648,1535.6323018925648,0.9933155,0.0025587704
1535.6336908029896,1535.6336908029896,0.9951954,0.0025582903
1535.6350797132975,1535.6350797132975,0.9932407,0.002560378
1535.6364686237223,1535.6364686237223,0.9949666,0.0025596037
1535.6378575340307,1535.6378575340307,0.9919663,0.00255654
1535.6392464444555,1535.6392464444555,0.9934869,0.0025581396
1535.6406353547638,1535.6406353547638,0.9902864,0.0025579776
1535.6420242651882,1535.6420242651882,0.99005234,0.0025699907
1535.6434131754966,1535.6434131754966,0.9893671,0.002555927
1535.6448020859214,1535.6448020859214,0.9927013,0.002556396
1535.6461909962297,1535.6461909962297,0.9908908,0.0025627122
1535.6475799066545,1535.6475799066545,0.9918315,0.0025575513
1535.6489688169631,1535.6489688169631,0.991899,0.0025544462
1535.6503577272717,1535.6503577272717,0.9931663,0.0025582137
1535.6517466376965,1535.6517466376965,0.99657154,0.0025574823
1535.653135548005,1535.653135548005,0.9924335,0.002556702
1535.6545244583128,1535.6545244583128,0.9947004,0.0025581447
1535.6559133687376,1535.6559133687376,0.99474716,0.002559348
1535.657302279046,1535.657302279046,0.99277186,0.0025642393
1535.6586911893544,1535.6586911893544,0.99444765,0.0025693292
1535.6600800997792,1535.6600800997792,0.9953323,0.0025585783
1535.6614690100876,1535.6614690100876,0.9941728,0.0025586465
1535.6628579203962,1535.6628579203962,0.9943708,0.0025593776
1535.6642468307039,1535.6642468307039,0.9926173,0.002560219
1535.6656357411287,1535.6656357411287,0.99179024,0.0025572942
1535.6670246514373,1535.6670246514373,0.99374706,0.0025574057
1535.6684135617459,1535.6684135617459,0.99409986,0.0025572497
1535.6698024720542,1535.6698024720542,0.995062,0.0025601652
1535.6711913823626,1535.6711913823626,0.99195546,0.002559973
1535.672580292671,1535.672580292671,0.9963201,0.0025575713
1535.6739692030958,1535.6739692030958,0.99513334,0.002555823
1535.6753581134042,1535.6753581134042,0.9935208,0.0025562306
1535.676747023712,1535.676747023712,0.99175507,0.0025572458
1535.6781359340205,1535.6781359340205,0.9969753,0.0025589832
1535.6795248443298,1535.6795248443298,0.99635845,0.0025584414
1535.6809137546381,1535.6809137546381,0.9980013,0.0025593822
1535.682302664946,1535.682302664946,0.99588275,0.0025588477
1535.6836915752535,1535.6836915752535,0.995954,0.0025591578
1535.685080485562,1535.685080485562,0.9964183,0.0025594535
1535.6864693958712,1535.6864693958712,0.99989337,0.0025675162
1535.6878583061796,1535.6878583061796,0.99435025,0.0025648905
1535.6892472164875,1535.6892472164875,0.99760866,0.0025594367
1535.6906361267959,1535.6906361267959,0.99532473,0.002571229
1535.6920250371052,1535.6920250371052,0.9975965,0.0025712608
1535.694802857721,1535.694802857721,0.9987479,0.0025611734
1535.696191768029,1535.696191768029,0.99721915,0.0025596109
1535.697580678221,1535.697580678221,0.9978557,0.0025611469
1535.6989695885302,1535.6989695885302,0.9978357,0.0025594528
1535.7003584988386,1535.7003584988386,0.99802774,0.0025589073
1535.7017474091465,1535.7017474091465,0.9994255,0.0025605105
1535.703136319454,1535.703136319454,0.99691963,0.0025576495
1535.7045252297632,1535.7045252297632,0.99719054,0.0025633383
1535.7059141399561,1535.7059141399561,0.997302,0.0025669166
1535.7073030502636,1535.7073030502636,0.99702364,0.0025578262
1535.7086919605715,1535.7086919605715,1.000527,0.0025595704
1535.71008087088,1535.71008087088,0.9984662,0.0025589496
1535.7114697810728,1535.7114697810728,0.9963187,0.0025574632
1535.7128586913811,1535.7128586913811,0.998064,0.0025642542
1535.7142476016886,1535.7142476016886,1.0055568,0.0025658538
1535.7156365118801,1535.7156365118801,1.0008531,0.0025626926
1535.7170254221894,1535.7170254221894,0.99623215,0.0025614526
1535.7184143324982,1535.7184143324982,0.9982436,0.002561649
1535.7198032426897,1535.7198032426897,0.9968339,0.002561585
1535.7211921529977,1535.7211921529977,0.99923575,0.0025601892
1535.7225810631887,1535.7225810631887,1.0008694,0.0025636768
1535.723969973498,1535.723969973498,0.9990183,0.0025623678
1535.7253588838073,1535.7253588838073,0.9985455,0.0025607178
1535.7267477939984,1535.7267477939984,1.0001944,0.0025580423
1535.7281367043063,1535.7281367043063,0.99682176,0.0025641827
1535.729525614499,1535.729525614499,0.9995013,0.0025575056
1535.730914524808,1535.730914524808,0.99525756,0.0025586626
1535.7323034349995,1535.7323034349995,0.99796677,0.0025592253
1535.7336923453072,1535.7336923453072,1.0001531,0.002566034
1535.7350812554985,1535.7350812554985,1.0010307,0.0025638985
1535.7364701658078,1535.7364701658078,0.9956036,0.002560012
1535.7378590760002,1535.7378590760002,1.001545,0.0025612528
1535.7392479861917,1535.7392479861917,1.002672,0.0025650787
1535.7406368964996,1535.7406368964996,0.9973179,0.0025598493
1535.7420258066916,1535.7420258066916,1.0001981,0.0025733071
1535.7434147170006,1535.7434147170006,0.9987301,0.0025607427
1535.7448036271928,1535.7448036271928,0.9978509,0.002562123
1535.7461925373839,1535.7461925373839,1.0000209,0.0025626062
1535.7475814476918,1535.7475814476918,1.0005882,0.002561771
1535.7489703578844,1535.7489703578844,1.0016255,0.0025719912
1535.750359268077,1535.750359268077,1.0011498,0.0025630964
1535.7517481782686,1535.7517481782686,1.0000937,0.0025632186
1535.7531370885763,1535.7531370885763,0.998519,0.0025629583
1535.7545259987685,1535.7545259987685,1.0032792,0.0025644046
1535.755914908961,1535.755914908961,1.0053034,0.0025622675
1535.757303819153,1535.757303819153,1.0030981,0.00257504
1535.7586927294608,1535.7586927294608,0.9987676,0.002564594
1535.7600816396523,1535.7600816396523,1.0016621,0.0025604141
1535.7614705498443,1535.7614705498443,1.0023699,0.00256246
1535.762859460037,1535.762859460037,1.0020893,0.0025676617
1535.764248370229,1535.764248370229,1.0018717,0.0025604682
1535.7656372804202,1535.7656372804202,1.0030824,0.002562165
1535.7670261906123,1535.7670261906123,1.0023477,0.0025604395
1535.7684151009214,1535.7684151009214,1.0028473,0.0025633355
1535.7698040111134,1535.7698040111134,1.0042212,0.0025605795
1535.7711929213049,1535.7711929213049,0.99884325,0.00256248
1535.7725818314962,1535.7725818314962,1.0001667,0.0025612218
1535.7739707416883,1535.7739707416883,1.0005647,0.0025674438
1535.7753596518808,1535.7753596518808,1.0028932,0.0025620542
1535.776748562073,1535.776748562073,1.0025169,0.0025633592
1535.7781374722642,1535.7781374722642,1.0044736,0.0025630244
1535.7795263824562,1535.7795263824562,1.005837,0.0025644249
1535.7809152926484,1535.7809152926484,0.9989332,0.0025636163
1535.7823042028406,1535.7823042028406,1.0040225,0.002563514
1535.7836931130325,1535.7836931130325,1.0011642,0.0025634854
1535.7850820231072,1535.7850820231072,1.003563,0.0025625848
1535.7864709332994,1535.7864709332994,1.0043768,0.0025649993
1535.7878598434916,1535.7878598434916,1.002559,0.0025679783
1535.7892487536835,1535.7892487536835,1.0013802,0.0025612845
1535.7906376638755,1535.7906376638755,1.0054766,0.0025672875
1535.7920265740674,1535.7920265740674,1.002608,0.002570721
1535.7934154842594,1535.7934154842594,1.0059482,0.0025643727
1535.794804394335,1535.794804394335,1.0037363,0.002564354
1535.7961933045272,1535.7961933045272,1.0037837,0.0025641113
1535.7975822147184,1535.7975822147184,1.0029815,0.0025736215
1535.7989711249104,1535.7989711249104,1.005881,0.0025665704
1535.8003600349862,1535.8003600349862,1.0069846,0.002567241
1535.8017489451784,1535.8017489451784,1.0100299,0.0025652028
1535.8031378553703,1535.8031378553703,1.0049347,0.002564524
1535.8045267655623,1535.8045267655623,1.0054595,0.002564145
1535.8059156756378,1535.8059156756378,1.0054951,0.0025628812
1535.8073045858298,1535.8073045858298,1.0060793,0.002565324
1535.8086934960218,1535.8086934960218,1.0040065,0.002564547
1535.8100824060975,1535.8100824060975,1.0048188,0.0025659318
1535.8114713162897,1535.8114713162897,1.0063885,0.0025639036
1535.8128602263644,1535.8128602263644,1.0036318,0.0025658475
1535.8142491365566,1535.8142491365566,1.0074366,0.0025646484
1535.8156380467487,1535.8156380467487,1.0044383,0.002563111
1535.8170269568243,1535.8170269568243,1.0034322,0.0025658864
1535.8184158670163,1535.8184158670163,1.0084577,0.0025676184
1535.8198047770911,1535.8198047770911,1.0086242,0.0025711572
1535.8211936872833,1535.8211936872833,1.0064108,0.0025653003
1535.8225825973593,1535.8225825973593,1.0085807,0.002568649
1535.8239715075515,1535.8239715075515,1.0049449,0.002562776
1535.8253604176264,1535.8253604176264,1.0054502,0.002565673
1535.8267493278179,1535.8267493278179,1.005278,0.0025633222
1535.8281382378934,1535.8281382378934,1.0050584,0.002561842
1535.8295271479697,1535.8295271479697,1.0051099,0.0025673711
1535.8309160581618,1535.8309160581618,1.0054715,0.0025650787
1535.8323049682365,1535.8323049682365,1.0039331,0.0025610053
1535.8336938784287,1535.8336938784287,1.00818,0.0025637913
1535.835082788505,1535.835082788505,1.0081627,0.0025639609
1535.8364716985805,1535.8364716985805,1.0083345,0.002567452
1535.837860608772,1535.837860608772,1.005667,0.0025634286
1535.8392495188468,1535.8392495188468,1.0091379,0.0025720466
1535.8406384289226,1535.8406384289226,1.0082362,0.0025637206
1535.8420273389986,1535.8420273389986,1.0055557,0.0025636863
1535.8434162491908,1535.8434162491908,1.004087,0.0025655483
1535.8448051592657,1535.8448051592657,1.0045357,0.002565766
1535.8461940693408,1535.8461940693408,1.007362,0.0025645585
1535.847582979417,1535.847582979417,1.0076976,0.0025674659
1535.8489718896096,1535.8489718896096,1.0079181,0.0025649914
1535.8503607996847,1535.8503607996847,1.0075823,0.002565208
1535.8517497097594,1535.8517497097594,1.0064219,0.0025646416
1535.8531386198351,1535.8531386198351,1.0059695,0.0025635716
1535.8545275299114,1535.8545275299114,1.0071944,0.0025659679
1535.855916439987,1535.855916439987,1.0077611,0.002566875
1535.857305350062,1535.857305350062,1.0062987,0.0025641911
1535.8586942602535,1535.8586942602535,1.0071336,0.002568817
1535.8600831703295,1535.8600831703295,1.0087239,0.0025673588
1535.861472080406,1535.861472080406,1.0092702,0.0025681707
1535.8628609904808,1535.8628609904808,1.0070426,0.0025695227
1535.8642499005557,1535.8642499005557,1.0109783,0.0025644072
1535.8656388106308,1535.8656388106308,1.011642,0.002568704
1535.867027720707,1535.867027720707,1.0095024,0.0025660596
1535.8684166307833,1535.8684166307833,1.0083829,0.0025675409
1535.8698055408584,1535.8698055408584,1.0054306,0.0025641606
1535.871194450933,1535.871194450933,1.009348,0.0025796979
1535.8725833610094,1535.8725833610094,1.0109553,0.0025686086
1535.873972271086,1535.873972271086,1.0102996,0.002571271
1535.8753611810441,1535.8753611810441,1.008913,0.0025691653
1535.8767500911192,1535.8767500911192,1.0125567,0.0025709567
1535.8781390011943,1535.8781390011943,1.0089937,0.0025668629
1535.8795279112703,1535.8795279112703,1.0082979,0.002570281
1535.8809168213468,1535.8809168213468,1.0095747,0.0025648945
1535.8823057314219,1535.8823057314219,1.0118436,0.0025655322
1535.8836946414965,1535.8836946414965,1.0086044,0.0025662712
1535.8850835514556,1535.8850835514556,1.0089744,0.0025650954
1535.886472461532,1535.886472461532,1.0122657,0.0025667273
1535.8878613716076,1535.8878613716076,1.010113,0.002567129
1535.8892502816827,1535.8892502816827,1.0130231,0.002568297
1535.8906391916412,1535.8906391916412,1.0079641,0.002568678
1535.8920281017174,1535.8920281017174,1.0136209,0.0025702456
1535.8934170117939,1535.8934170117939,1.0100597,0.0025790161
1535.8948059218685,1535.8948059218685,1.0155549,0.002569673
1535.8961948318272,1535.8961948318272,1.0089356,0.0025661807
1535.8975837419027,1535.8975837419027,1.0104202,0.0025704545
1535.8989726518628,1535.8989726518628,1.0078543,0.002565307
1535.9003615619383,1535.9003615619383,1.0118256,0.0025682354
1535.9017504720134,1535.9017504720134,1.0141599,0.0025753267
1535.9031393819716,1535.9031393819716,1.0082393,0.002573141
1535.9045282920474,1535.9045282920474,1.0118443,0.002571542
1535.9059172020072,1535.9059172020072,1.0108331,0.0025689516
1535.9073061120828,1535.9073061120828,1.0124986,0.0025660987
1535.9086950221579,1535.9086950221579,1.0104362,0.002566708
1535.910083932117,1535.910083932117,1.0085163,0.0025676212
1535.9114728421935,1535.9114728421935,1.0120358,0.0025653895
1535.9128617521526,1535.9128617521526,1.0113686,0.0025677169
1535.9142506622275,1535.9142506622275,1.012196,0.0025695509
1535.915639572186,1535.915639572186,1.0114968,0.0025647788
1535.917028482145,1535.917028482145,1.0135429,0.0025705663
1535.9184173922215,1535.9184173922215,1.0104862,0.0025647322
1535.9198063021806,1535.9198063021806,1.0098315,0.0025707094
1535.9211952122557,1535.9211952122557,1.0133399,0.002567706
1535.9225841222149,1535.9225841222149,1.0110282,0.0025753945
1535.923973032174,1535.923973032174,1.0104297,0.0025655862
1535.9253619422495,1535.9253619422495,1.0096138,0.0025663255
1535.9267508522087,1535.9267508522087,1.0132474,0.0025714047
1535.9281397621673,1535.9281397621673,1.0127124,0.0025677944
1535.929528672243,1535.929528672243,1.0105423,0.0025636826
1535.930917582203,1535.930917582203,1.0103219,0.0025708904
1535.932306492162,1535.932306492162,1.0136379,0.002567358
1535.933695402237,1535.933695402237,1.0137583,0.002567208
1535.9350843121963,1535.9350843121963,1.0127972,0.0025696426
1535.9364732221554,1535.9364732221554,1.0130429,0.0025665886
1535.9378621321146,1535.9378621321146,1.0112071,0.0025659679
1535.9392510420737,1535.9392510420737,1.0087069,0.002576822
1535.9406399521488,1535.9406399521488,1.0113442,0.0025718021
1535.942028862108,1535.942028862108,1.010695,0.0025675693
1535.943417772067,1535.943417772067,1.013195,0.002569368
1535.9448066820262,1535.9448066820262,1.0133058,0.0025657627
1535.9461955919853,1535.9461955919853,1.013517,0.002567326
1535.9475845019447,1535.9475845019447,1.0101503,0.0025681325
1535.948973411904,1535.948973411904,1.0113024,0.002573239
1535.9503623218632,1535.9503623218632,1.012671,0.002575191
1535.9517512318223,1535.9517512318223,1.0106738,0.0025734352
1535.9531401418972,1535.9531401418972,1.013294,0.0025820953
1535.9545290518565,1535.9545290518565,1.0151385,0.0025689488
1535.9559179618157,1535.9559179618157,1.0149955,0.0025730801
1535.9573068717748,1535.9573068717748,1.0071013,0.0025806266
1535.958695781734,1535.958695781734,1.0127683,0.0025733525
1535.960084691693,1535.960084691693,1.0134265,0.0025804378
1535.9614736015358,1535.9614736015358,1.0135229,0.0025647795
1535.9628625114944,1535.9628625114944,1.0130832,0.0025678228
1535.9642514214536,1535.9642514214536,1.0099816,0.0025672745
1535.9656403314127,1535.9656403314127,1.0126523,0.0025681267
1535.967029241372,1535.967029241372,1.0133555,0.0025715064
1535.9684181513314,1535.9684181513314,1.0146459,0.0025818958
1535.9698070612906,1535.9698070612906,1.0136826,0.0025698727
1535.9711959712497,1535.9711959712497,1.0142702,0.0025713088
1535.9725848810924,1535.9725848810924,1.0143766,0.0025744755
1535.9739737910515,1535.9739737910515,1.0133932,0.002575409
1535.9753627010102,1535.9753627010102,1.0146431,0.0025692903
1535.9767516109694,1535.9767516109694,1.0149935,0.0025677835
1535.9781405209285,1535.9781405209285,1.013685,0.002570926
1535.9795294307712,1535.9795294307712,1.0147572,0.002566463
1535.9809183407306,1535.9809183407306,1.0088469,0.0025662861
1535.982307250689,1535.982307250689,1.0150381,0.002579141
1535.9836961605317,1535.9836961605317,1.0122852,0.002578285
1535.9850850704918,1535.9850850704918,1.0134357,0.0025683627
1535.986473980451,1535.986473980451,1.0128506,0.0025678098
1535.9878628902932,1535.9878628902932,1.0136427,0.0025730077
1535.9892518002523,1535.9892518002523,1.0146415,0.002569043
1535.9906407102114,1535.9906407102114,1.0150286,0.002570108
1535.9920296200542,1535.9920296200542,1.0151292,0.0025700848
1535.9934185300133,1535.9934185300133,1.0139674,0.002575453
1535.994807439972,1535.994807439972,1.0167251,0.002570273
1535.9961963498147,1535.9961963498147,1.0123438,0.002570361
1535.9975852597747,1535.9975852597747,1.0176994,0.0025756527
1535.9989741696174,1535.9989741696174,1.0173764,0.0025724815
1536.000363079576,1536.000363079576,1.0154969,0.0025680773
1536.001751989418,1536.001751989418,1.0134683,0.002569144
1536.003140899377,1536.003140899377,1.0145047,0.0025696566
1536.0045298092207,1536.0045298092207,1.0139769,0.0025687285
1536.0059187191798,1536.0059187191798,1.0140057,0.002566199
1536.007307629022,1536.007307629022,1.0161462,0.0025673534
1536.0086965388648,1536.0086965388648,1.0153549,0.0025687125
1536.0100854488246,1536.0100854488246,1.0134418,0.0025721781
1536.0114743586676,1536.0114743586676,1.0159789,0.0025693593
1536.0128632686258,1536.0128632686258,1.0157883,0.0025691204
1536.014252178468,1536.014252178468,1.0145999,0.0025730017
1536.0156410883108,1536.0156410883108,1.0135642,0.0025678428
1536.0170299982708,1536.0170299982708,1.0133882,0.0025801319
1536.0184189081135,1536.0184189081135,1.0167382,0.002568314
1536.0198078179556,1536.0198078179556,1.0136327,0.0025731581
1536.0211967277976,1536.0211967277976,1.0125027,0.002567388
1536.0225856377576,1536.0225856377576,1.0131943,0.0025659169
1536.023974547601,1536.023974547601,1.0134866,0.0025678808
1536.025363457443,1536.025363457443,1.0164639,0.0025728855
1536.0267523672853,1536.0267523672853,1.0162133,0.0025690163
1536.0281412772445,1536.0281412772445,1.0148817,0.0025686906
1536.029530187088,1536.029530187088,1.0152693,0.0025710554
1536.0309190969308,1536.0309190969308,1.0162283,0.0025670724
1536.0323080067726,1536.0323080067726,1.0184523,0.0025713954
1536.0336969166149,1536.0336969166149,1.0189385,0.0025724282
1536.0350858264585,1536.0350858264585,1.0210251,0.002573843
1536.036474736418,1536.036474736418,1.0174577,0.0025683085
1536.0378636462603,1536.0378636462603,1.0163954,0.0025759838
1536.0392525561026,1536.0392525561026,1.0188929,0.0025783821
1536.0406414659444,1536.0406414659444,1.0163627,0.002580384
1536.042030375788,1536.042030375788,1.0131623,0.0025664049
1536.0434192856314,1536.0434192856314,1.0175318,0.0025730715
1536.0448081954735,1536.0448081954735,1.0129337,0.0025795503
1536.0461971053157,1536.0461971053157,1.019413,0.0025725316
1536.0475860151591,1536.0475860151591,1.0174295,0.0025698587
1536.0489749250025,1536.0489749250025,1.0144124,0.0025883832
1536.0503638348448,1536.0503638348448,1.019991,0.0025719958
1536.0517527446866,1536.0517527446866,1.0177925,0.002567787
1536.0531416545289,1536.0531416545289,1.0156265,0.0025690217
1536.054530564256,1536.054530564256,1.01553,0.002571982
1536.0559194740993,1536.0559194740993,1.014484,0.002569165
1536.0573083839415,1536.0573083839415,1.015774,0.002567129
1536.0586972937838,1536.0586972937838,1.0143034,0.0025745407
1536.0600862036265,1536.0600862036265,1.0177209,0.002568409
1536.06147511347,1536.06147511347,1.017772,0.002572323
1536.0628640233128,1536.0628640233128,1.0178487,0.0025782022
1536.0642529330382,1536.0642529330382,1.0132087,0.0025684158
1536.0656418428805,1536.0656418428805,1.0137862,0.002577251
1536.067030752724,1536.067030752724,1.0191163,0.0025695576
1536.0684196625673,1536.0684196625673,1.014026,0.002580692
1536.0698085722931,1536.0698085722931,1.0218948,0.0025724766
1536.0711974821352,1536.0711974821352,1.0173467,0.0025712952
1536.0725863919781,1536.0725863919781,1.0166917,0.0025735889
1536.0739753017049,1536.0739753017049,1.0168849,0.00257654
1536.0753642115476,1536.0753642115476,1.0169438,0.0025717064
1536.0767531213899,1536.0767531213899,1.0181105,0.0025729006
1536.0781420311157,1536.0781420311157,1.0206776,0.0025822516
1536.0795309409584,1536.0795309409584,1.0165915,0.0025671101
1536.0809198508018,1536.0809198508018,1.0160922,0.0025715034
1536.0823087605283,1536.0823087605283,1.0178808,0.002573142
1536.0836976703702,1536.0836976703702,1.0173233,0.0025824248
1536.0850865800965,1536.0850865800965,1.0167427,0.0025794827
1536.08647548994,1536.08647548994,1.0170145,0.0025688072
1536.0878643996664,1536.0878643996664,1.0154768,0.0025759905
1536.0892533095086,1536.0892533095086,1.0161755,0.002568049
1536.0906422192343,1536.0906422192343,1.0150886,0.0025752895
1536.0920311290772,1536.0920311290772,1.0137813,0.002569287
1536.093420038804,1536.093420038804,1.0163113,0.0025709872
1536.094808948647,1536.094808948647,1.0189924,0.0025771644
1536.0961978583725,1536.0961978583725,1.0141175,0.0025673304
1536.0975867682153,1536.0975867682153,1.0275056,0.0025753642
1536.0989756779416,1536.0989756779416,1.0344331,0.0025792203
1536.1003645877845,1536.1003645877845,1.0252311,0.002575237
1536.101753497511,1536.101753497511,1.0180187,0.002575001
1536.1031424072364,1536.1031424072364,1.0223385,0.0025732757
1536.1045313170794,1536.1045313170794,1.017925,0.0025723423
1536.1059202268063,1536.1059202268063,1.0221959,0.0025717274
1536.1073091365326,1536.1073091365326,1.0199983,0.0025706503
1536.108698046375,1536.108698046375,1.0242587,0.0025710817
1536.1100869561012,1536.1100869561012,1.0184066,0.002568173
1536.1114758658275,1536.1114758658275,1.0190527,0.0025692482
1536.1128647755538,1536.1128647755538,1.0212879,0.002576017
1536.1142536853968,1536.1142536853968,1.0206064,0.002579804
1536.1156425951224,1536.1156425951224,1.017162,0.0025714396
1536.1170315048487,1536.1170315048487,1.0187198,0.0025700922
1536.118420414575,1536.118420414575,1.015689,0.0025684799
1536.1198093243015,1536.1198093243015,1.0171663,0.0025702375
1536.121198234028,1536.121198234028,1.0191183,0.0025742042
1536.1225871438708,1536.1225871438708,1.0185641,0.0025734326
1536.123976053597,1536.123976053597,1.017832,0.0025682852
1536.1253649633234,1536.1253649633234,1.0173652,0.002572181
1536.1267538730497,1536.1267538730497,1.0148084,0.0025760373
1536.1281427827755,1536.1281427827755,1.0170151,0.0025697288
1536.1295316925018,1536.1295316925018,1.0175669,0.002572193
1536.1309206022281,1536.1309206022281,1.0148997,0.00256813
1536.1323095119544,1536.1323095119544,1.0155778,0.002571642
1536.133698421681,1536.133698421681,1.017296,0.002577871
1536.1350873314075,1536.1350873314075,1.0175536,0.0025759062
1536.1364762411338,1536.1364762411338,1.0148046,0.0025701579
1536.1378651508594,1536.1378651508594,1.0157201,0.0025692736
1536.139254060586,1536.139254060586,1.050674,0.002585842
1536.1406429703122,1536.1406429703122,1.0394571,0.002583712
1536.1420318800385,1536.1420318800385,1.0339361,0.0025811077
1536.1434207897648,1536.1434207897648,1.0316812,0.0025804015
1536.1448096994911,1536.1448096994911,1.0262879,0.0025759584
1536.1461986092174,1536.1461986092174,1.02372,0.0025755563
1536.1475875188275,1536.1475875188275,1.0213925,0.0025832176
1536.148976428554,1536.148976428554,1.0235269,0.0025729125
1536.1503653382795,1536.1503653382795,1.0225142,0.002574276
1536.1517542480058,1536.1517542480058,1.0225791,0.0025755854
1536.1531431577323,1536.1531431577323,1.0180812,0.00257177
1536.1545320673424,1536.1545320673424,1.0202569,0.0025701115
1536.1559209770687,1536.1559209770687,1.0203596,0.002584287
1536.1573098867943,1536.1573098867943,1.0193685,0.0025711935
1536.1586987965209,1536.1586987965209,1.0183423,0.0025678286
1536.1600877061312,1536.1600877061312,1.0199683,0.0025697262
1536.1614766158577,1536.1614766158577,1.0215545,0.0025703267
1536.1628655255834,1536.1628655255834,1.0204016,0.0025706384
1536.1642544351932,1536.1642544351932,1.0186166,0.0025754126
1536.1656433449195,1536.1656433449195,1.0208765,0.0025708263
1536.167032254646,1536.167032254646,1.018672,0.0025751744
1536.1684211642562,1536.1684211642562,1.0207869,0.0025728906
1536.1698100739816,1536.1698100739816,1.0121925,0.0025714983
1536.1711989835917,1536.1711989835917,1.0169704,0.0025694207
1536.1725878933187,1536.1725878933187,1.0166273,0.0025725423
1536.173976803045,1536.173976803045,1.0160508,0.0025699716
1536.1753657126544,1536.1753657126544,1.0241853,0.0025714491
1536.17675462238,1536.17675462238,1.0429294,0.002579396
1536.1781435319901,1536.1781435319901,1.0285932,0.0025813354
1536.179532441717,1536.179532441717,1.0221219,0.0025828122
1536.180921351327,1536.180921351327,1.0252789,0.0025737465
1536.1823102610526,1536.1823102610526,1.0283519,0.0025823412
1536.1836991706625,1536.1836991706625,1.0279144,0.002577598
1536.1850880802733,1536.1850880802733,1.0230817,0.002571706
1536.1864769899996,1536.1864769899996,1.0216558,0.0025727458
1536.187865899609,1536.187865899609,1.0217397,0.0025774168
1536.1892548093344,1536.1892548093344,1.0211105,0.0025742764
1536.1906437189446,1536.1906437189446,1.0216234,0.0025714177
1536.1920326285551,1536.1920326285551,1.0220633,0.0025741437
1536.1934215382814,1536.1934215382814,1.0203968,0.002572379
1536.1948104478909,1536.1948104478909,1.020166,0.0025721653
1536.1961993575003,1536.1961993575003,1.0167804,0.0025819251
1536.197588267227,1536.197588267227,1.0148721,0.0025681348
1536.1989771768378,1536.1989771768378,1.0191795,0.002569168
1536.200366086447,1536.200366086447,1.0188133,0.0025685898
1536.2017549960563,1536.2017549960563,1.0179935,0.0025708382
1536.2031439057826,1536.2031439057826,1.0150536,0.0025696808
1536.2045328153933,1536.2045328153933,1.0173782,0.0025705418
1536.2059217250032,1536.2059217250032,1.0179675,0.002571699
1536.2073106346127,1536.2073106346127,1.0139556,0.002570982
1536.2086995442216,1536.2086995442216,1.0180534,0.002570849
1536.2100884539482,1536.2100884539482,1.0142314,0.0025685288
1536.2114773635587,1536.2114773635587,1.0184362,0.0025747118
1536.2128662731686,1536.2128662731686,1.0179906,0.0025681832
1536.214255182778,1536.214255182778,1.0204645,0.0025710359
1536.2156440923875,1536.2156440923875,1.0204793,0.0025736482
1536.2170330019978,1536.2170330019978,1.0191445,0.0025713553
1536.2184219116086,1536.2184219116086,1.0162181,0.0025712391
1536.219810821218,1536.219810821218,1.0160913,0.002569347
1536.221199730827,1536.221199730827,1.0188915,0.00256976
1536.222588640437,1536.222588640437,1.0108403,0.002567582
1536.2239775500477,1536.2239775500477,1.0152957,0.0025819652
1536.2253664596576,1536.2253664596576,1.0171411,0.002570047
1536.226755369267,1536.226755369267,1.0167137,0.0025714838
1536.228144278876,1536.228144278876,1.017144,0.0025699297
1536.2295331884868,1536.2295331884868,1.0148262,0.0025690596
1536.2309220980976,1536.2309220980976,1.0178185,0.0025673523
1536.2323110077066,1536.2323110077066,1.0157712,0.0025670538
1536.233699917316,1536.233699917316,1.014661,0.0025689662
1536.235088826809,1536.235088826809,1.0157067,0.0025709919
1536.2364777364194,1536.2364777364194,1.0152177,0.0025689988
1536.2378666460302,1536.2378666460302,1.0142641,0.0025670123
1536.2392555556396,1536.2392555556396,1.015267,0.002581889
1536.2406444652486,1536.2406444652486,1.0123736,0.0025682652
1536.242033374743,1536.242033374743,1.0162685,0.002576042
1536.2434222843538,1536.2434222843538,1.0157279,0.0025675548
1536.2448111939627,1536.2448111939627,1.0131718,0.0025686077
1536.2462001035722,1536.2462001035722,1.0134187,0.002566916
1536.247589013065,1536.247589013065,1.0167279,0.0025765614
1536.2489779226755,1536.2489779226755,1.0144573,0.0025679313
1536.2503668322863,1536.2503668322863,1.0102944,0.0025697625
1536.2517557417789,1536.2517557417789,1.0154986,0.0025702494
1536.2531446513883,1536.2531446513883,1.0139256,0.0025825077
1536.2545335609982,1536.2545335609982,1.0107623,0.0025658822
1536.2559224704926,1536.2559224704926,1.0082744,0.0025664023
1536.2573113801025,1536.2573113801025,1.0147907,0.0025804318
1536.258700289712,1536.258700289712,1.0151242,0.0025847831
1536.2600891992045,1536.2600891992045,1.010283,0.0025721323
1536.2614781088153,1536.2614781088153,1.0099235,0.00256543
1536.2628670183096,1536.2628670183096,1.0105801,0.0025691849
1536.2642559279186,1536.2642559279186,1.0110036,0.0025809717
1536.2656448374116,1536.2656448374116,1.012727,0.0025672335
1536.2670337470215,1536.2670337470215,1.0112059,0.002568682
1536.268422656516,1536.268422656516,1.01531,0.0025730564
1536.2698115661258,1536.2698115661258,1.0122973,0.002576058
1536.2712004756186,1536.2712004756186,1.0108353,0.0025660757
1536.2725893852278,1536.2725893852278,1.0104223,0.0025688892
1536.2739782947212,1536.2739782947212,1.011657,0.0025696028
1536.2753672042156,1536.2753672042156,1.0117933,0.0025665243
1536.2767561138255,1536.2767561138255,1.0077317,0.0025680903
1536.2781450233185,1536.2781450233185,1.0087234,0.0025645879
1536.2795339329284,1536.2795339329284,1.0112067,0.0025783393
1536.2809228424226,1536.2809228424226,1.0097045,0.0025661194
1536.2823117519163,1536.2823117519163,1.0131456,0.0025732936
1536.2837006615252,1536.2837006615252,1.0097777,0.0025670866
1536.2850895710183,1536.2850895710183,1.0102627,0.0025685814
1536.2864784805117,1536.2864784805117,1.0078672,0.0025806902
1536.287867390006,1536.287867390006,1.0090697,0.0025689816
1536.289256299616,1536.289256299616,1.012838,0.00256936
1536.2906452091088,1536.2906452091088,1.0085895,0.002565582
1536.2920341186025,1536.2920341186025,1.0032735,0.0025639562
1536.293423028096,1536.293423028096,1.0085922,0.0025667541
1536.2948119375894,1536.2948119375894,1.0081989,0.0025631015
1536.2962008471993,1536.2962008471993,1.0090238,0.0025645047
1536.2975897566923,1536.2975897566923,1.007324,0.0025644961
1536.2989786661858,1536.2989786661858,1.0119953,0.0025680598
1536.30036757568,1536.30036757568,1.0130368,0.0025711504
1536.3017564851737,1536.3017564851737,1.0062757,0.002565779
1536.3031453946662,1536.3031453946662,1.0085517,0.0025706696
1536.30453430416,1536.30453430416,1.0111077,0.0025654994
1536.3059232136536,1536.3059232136536,1.0082421,0.002563279
1536.307312123147,1536.307312123147,1.0085838,0.0025637725
1536.3087010326406,1536.3087010326406,1.007927,0.00256702
1536.3100899421333,1536.3100899421333,1.006601,0.0025678496
1536.311478851627,1536.311478851627,1.0093617,0.0025678866
1536.3128677611205,1536.3128677611205,1.0089834,0.0025629057
1536.314256670614,1536.314256670614,1.0099654,0.0025734857
1536.3156455801075,1536.3156455801075,1.0040724,0.002561382
1536.317034489601,1536.317034489601,1.0066395,0.00256658
1536.3184233990946,1536.3184233990946,1.0066044,0.002570369
1536.3198123085883,1536.3198123085883,1.0079229,0.0025667385
1536.3212012180818,1536.3212012180818,1.0086704,0.0025671385
1536.3225901275744,1536.3225901275744,1.0076892,0.002562086
1536.3239790369516,1536.3239790369516,1.0102211,0.002563386
1536.3253679464453,1536.3253679464453,1.0086831,0.0025642726
1536.3267568559388,1536.3267568559388,1.0067568,0.002569267
1536.3281457654323,1536.3281457654323,1.0110922,0.0025654964
1536.3295346749258,1536.3295346749258,1.0096259,0.0025651064
1536.3309235843028,1536.3309235843028,1.0058253,0.002564898
1536.3323124937958,1536.3323124937958,1.0091076,0.0025723032
1536.3337014032893,1536.3337014032893,1.0064381,0.0025677197
1536.3350903127828,1536.3350903127828,1.0101801,0.0025653436
1536.3364792221598,1536.3364792221598,1.0058215,0.0025631695
1536.3378681316535,1536.3378681316535,1.0044526,0.0025655443
1536.3392570411472,1536.3392570411472,1.0085498,0.0025726238
1536.3406459505243,1536.3406459505243,1.0079864,0.002566805
1536.3420348600168,1536.3420348600168,1.0026959,0.0025625457
1536.3434237695105,1536.3434237695105,1.0076019,0.0025667027
1536.3448126788878,1536.3448126788878,1.0067395,0.0025678761
1536.3462015883813,1536.3462015883813,1.0040355,0.0025831938
1536.3475904977583,1536.3475904977583,1.0066156,0.002566079
1536.3489794072518,1536.3489794072518,1.0064595,0.002560411
1536.3503683167453,1536.3503683167453,1.0092117,0.0025634845
1536.351757226122,1536.351757226122,1.0065479,0.0025650926
1536.3531461356154,1536.3531461356154,1.0041164,0.0025623783
1536.3545350449924,1536.3545350449924,1.0024016,0.0025617164
1536.355923954486,1536.355923954486,1.0068555,0.0025711488
1536.3573128638632,1536.3573128638632,1.0071449,0.002566381
1536.3587017732405,1536.3587017732405,1.0041584,0.0025647967
1536.360090682734,1536.360090682734,1.0052185,0.0025629422
1536.361479592111,1536.361479592111,1.0070477,0.002567165
1536.3628685016045,1536.3628685016045,1.0013925,0.0025602446
1536.364257410981,1536.364257410981,1.0051931,0.0025636302
1536.365646320358,1536.365646320358,1.0056522,0.0025633802
1536.3670352298516,1536.3670352298516,1.0066626,0.0025667704
1536.3684241392286,1536.3684241392286,1.0063337,0.0025662752
1536.3698130486057,1536.3698130486057,1.0039176,0.0025631522
1536.3712019580987,1536.3712019580987,1.0026784,0.0025636263
1536.3725908674758,1536.3725908674758,1.0056614,0.0025614272
1536.3739797768537,1536.3739797768537,1.0025958,0.0025640305
1536.3753686863472,1536.3753686863472,1.0004908,0.0025645164
1536.3767575957236,1536.3767575957236,1.0012735,0.0025592737
1536.3781465051009,1536.3781465051009,1.0023695,0.0025655087
1536.379535414478,1536.379535414478,0.99976265,0.0025624463
1536.380924323855,1536.380924323855,1.0025074,0.0025622419
1536.3823132333484,1536.3823132333484,1.0051179,0.0025672577
1536.383702142725,1536.383702142725,0.99703693,0.0025617336
1536.385091052102,1536.385091052102,1.00277,0.0025680775
1536.38647996148,1536.38647996148,1.0004566,0.0025634682
1536.3878688708571,1536.3878688708571,1.000948,0.0025628826
1536.3892577802333,1536.3892577802333,0.99998266,0.0025594921
1536.3906466896099,1536.3906466896099,1.0019484,0.0025678389
1536.392035598987,1536.392035598987,1.0009682,0.0025715325
1536.393424508365,1536.393424508365,1.0030445,0.0025690042
1536.394813417742,1536.394813417742,1.0003732,0.0025614921
1536.3962023271185,1536.3962023271185,0.9976586,0.0025591261
1536.3975912364956,1536.3975912364956,0.9985927,0.0025624633
1536.398980145873,1536.398980145873,1.0006217,0.0025697572
1536.4003690552504,1536.4003690552504,1.0012733,0.0025600842
1536.4017579646268,1536.4017579646268,1.0014006,0.002567724
1536.4031468740034,1536.4031468740034,1.0015723,0.0025608556
1536.4045357833804,1536.4045357833804,0.9985382,0.0025620118
1536.4059246927584,1536.4059246927584,1.001392,0.0025627094
1536.4073136021354,1536.4073136021354,1.0008069,0.0025608924
1536.4087025115116,1536.4087025115116,1.0003982,0.002562266
1536.4100914208882,1536.4100914208882,0.99858636,0.0025628037
1536.4114803302662,1536.4114803302662,1.0023116,0.0025610074
1536.4128692395273,1536.4128692395273,0.99744433,0.0025621164
1536.4142581489039,1536.4142581489039,1.0021338,0.0025630281
1536.4156470582805,1536.4156470582805,0.9999093,0.0025586623
1536.4170359676575,1536.4170359676575,0.9979535,0.002561193
1536.4184248769188,1536.4184248769188,0.99830145,0.0025639404
1536.4198137862961,1536.4198137862961,0.9948536,0.0025570916
1536.4212026956723,1536.4212026956723,0.9999479,0.002559091
1536.4225916050489,1536.4225916050489,1.0016923,0.002561915
1536.4239805143102,1536.4239805143102,0.99580044,0.0025604449
1536.425369423688,1536.425369423688,1.0008429,0.0025605564
1536.4267583330645,1536.4267583330645,1.0013533,0.0025711106
1536.4281472423245,1536.4281472423245,1.0000441,0.0025601555
1536.4295361517009,1536.4295361517009,0.99856937,0.002564287
1536.4309250610788,1536.4309250610788,0.9978992,0.0025600747
1536.43231397034,1536.43231397034,0.9985666,0.002559996
1536.4337028797165,1536.4337028797165,0.99401677,0.002557028
1536.4350917889767,1536.4350917889767,0.99938506,0.0025603706
1536.4364806983538,1536.4364806983538,0.99750245,0.002561323
1536.437869607615,1536.437869607615,0.9947468,0.0025589194
1536.4392585169924,1536.4392585169924,0.9970879,0.002562528
1536.440647426252,1536.440647426252,0.9942394,0.0025603098
1536.4420363356287,1536.4420363356287,0.99633443,0.0025604523
1536.44342524489,1536.44342524489,0.9991327,0.00256958
1536.4448141542678,1536.4448141542678,0.9926246,0.002558845
1536.446203063528,1536.446203063528,0.99863636,0.0025565717
1536.4475919729043,1536.4475919729043,0.9961664,0.0025617932
1536.4489808821643,1536.4489808821643,0.99536216,0.0025572714
1536.4503697914258,1536.4503697914258,0.9974286,0.0025582616
1536.4517587008036,1536.4517587008036,0.99413604,0.0025560511
1536.4531476100635,1536.4531476100635,0.9973804,0.0025594484
1536.4545365194401,1536.4545365194401,0.99768436,0.0025582106
1536.4559254287012,1536.4559254287012,0.9964918,0.0025624414
1536.4573143379628,1536.4573143379628,0.9944179,0.0025574088
1536.458703247223,1536.458703247223,0.99601614,0.002559444
1536.460092156599,1536.460092156599,0.9924332,0.0025558758
1536.4614810658593,1536.4614810658593,0.99430335,0.002569029
1536.4628699751208,1536.4628699751208,0.99532944,0.0025577797
1536.464258884382,1536.464258884382,0.9930217,0.0025554602
1536.4656477937585,1536.4656477937585,0.99368644,0.002558058
1536.4670367030185,1536.4670367030185,0.9978458,0.002562141
1536.4684256122794,1536.4684256122794,0.99220073,0.0025552118
1536.4698145215405,1536.4698145215405,0.9960369,0.00255803
1536.4712034308013,1536.4712034308013,0.9947738,0.0025581147
1536.4725923400613,1536.4725923400613,0.9927787,0.0025573315
1536.4739812494379,1536.4739812494379,0.993423,0.0025689045
1536.4753701586992,1536.4753701586992,0.99073875,0.0025574856
1536.4767590679605,1536.4767590679605,0.9938951,0.0025561508
1536.4781479772207,1536.4781479772207,0.9924382,0.002569092
1536.4795368864804,1536.4795368864804,0.9921569,0.0025571135
1536.4809257957413,1536.4809257957413,0.9941736,0.0025579722
1536.4823147050026,1536.4823147050026,0.99335265,0.002556612
1536.4837036142633,1536.4837036142633,0.9956724,0.0025632465
1536.4850925235235,1536.4850925235235,0.99153817,0.0025675532
1536.4864814327836,1536.4864814327836,0.9940724,0.0025607392
1536.4878703420443,1536.4878703420443,0.99236333,0.0025588665
1536.4892592513054,1536.4892592513054,0.99200773,0.002559233
1536.4906481605663,1536.4906481605663,0.98969495,0.0025580176
1536.4920370698262,1536.4920370698262,0.9908803,0.0025573405
1536.4934259790869,1536.4934259790869,0.9930409,0.0025598393
1536.494814888232,1536.494814888232,0.9933419,0.0025598286
1536.4962037974926,1536.4962037974926,0.99187124,0.00255702
1536.4975927067528,1536.4975927067528,0.99107337,0.0025575962
1536.4989816160125,1536.4989816160125,0.99225104,0.0025601082
1536.5003705252734,1536.5003705252734,0.992523,0.0025607203
1536.5017594345347,1536.5017594345347,0.99293315,0.0025562248
1536.503148343679,1536.503148343679,0.99660903,0.002565696
1536.5045372529391,1536.5045372529391,0.99213916,0.0025546756
1536.5059261621993,1536.5059261621993,0.99225813,0.0025608821
1536.50731507146,1536.50731507146,0.9953446,0.0025553368
1536.5087039806049,1536.5087039806049,0.99220186,0.0025569773
1536.5100928898657,1536.5100928898657,0.99296254,0.002562211
1536.5114817991255,1536.5114817991255,0.99203855,0.0025599499
1536.5128707082697,1536.5128707082697,0.9955394,0.0025625182
1536.5142596175313,1536.5142596175313,0.99638563,0.0025650894
1536.515648526792,1536.515648526792,0.99123335,0.0025603368
1536.5170374359357,1536.5170374359357,0.9986548,0.0025584076
1536.5184263451954,1536.5184263451954,0.9954712,0.002557159
1536.5198152543398,1536.5198152543398,0.99782354,0.0025722885
1536.5212041636012,1536.5212041636012,0.9944944,0.002563657
1536.5225930727454,1536.5225930727454,0.9944277,0.0025659264
1536.5239819820056,1536.5239819820056,0.98941517,0.0025588959
1536.5253708912662,1536.5253708912662,0.9935635,0.0025607576
1536.5267598004104,1536.5267598004104,0.9956764,0.0025589226
1536.5281487096713,1536.5281487096713,0.99071,0.0025564644
1536.5295376188158,1536.5295376188158,0.9921242,0.0025642596
1536.530926527959,1536.530926527959,0.9910978,0.0025600612
1536.5323154372197,1536.5323154372197,0.98768616,0.002553852
1536.5337043463649,1536.5337043463649,0.9949027,0.002559419
1536.5350932556255,1536.5350932556255,0.995856,0.0025614854
1536.5364821647693,1536.5364821647693,0.9896333,0.0025574912
1536.5378710739135,1536.5378710739135,0.991737,0.0025599352
1536.5392599831741,1536.5392599831741,0.9942677,0.0025564013
1536.5406488923184,1536.5406488923184,0.9916982,0.0025557757
1536.542037801579,1536.542037801579,0.9889812,0.002554748
1536.5434267107228,1536.5434267107228,0.9898065,0.0025547165
1536.544815619867,1536.544815619867,0.99292123,0.002568338
1536.5559268932536,1536.5559268932536,0.9904302,0.0025549438
1536.5573158023979,1536.5573158023979,0.98716843,0.0025541538
1536.558704711542,1536.558704711542,0.9871376,0.0025550348
1536.5600936206863,1536.5600936206863,0.9863233,0.0025544073
1536.5614825298308,1536.5614825298308,0.98934436,0.0025564502
1536.5628714389752,1536.5628714389752,0.98603565,0.0025540704
1536.5642603481194,1536.5642603481194,0.98583084,0.0025558711
1536.5656492573792,1536.5656492573792,0.9865757,0.002555991
1536.5670381665236,1536.5670381665236,0.9909138,0.0025547524
1536.568427075668,1536.568427075668,0.9827272,0.0025533312
1536.5698159848123,1536.5698159848123,0.98914796,0.0025573515
1536.5712048939565,1536.5712048939565,0.9849915,0.0025565177
1536.5725938031003,1536.5725938031003,0.98718506,0.0025550213
1536.573982712128,1536.573982712128,0.9870329,0.002553544
1536.5753716212723,1536.5753716212723,0.98848236,0.0025549796
1536.5767605304165,1536.5767605304165,0.98778105,0.002553504
1536.5781494395608,1536.5781494395608,0.9834326,0.002557597
1536.579538348705,1536.579538348705,0.9837036,0.0025538201
1536.5809272578495,1536.5809272578495,0.9818499,0.0025517398
1536.582316166994,1536.582316166994,0.9872984,0.0025566928
1536.5837050761381,1536.5837050761381,0.9820076,0.0025548271
1536.5850939852817,1536.5850939852817,0.9867945,0.0025583275
1536.5864828943097,1536.5864828943097,0.98203385,0.002556222
1536.587871803454,1536.587871803454,0.98664206,0.0025562341
1536.5892607125982,1536.5892607125982,0.9827136,0.0025597005
1536.5906496217424,1536.5906496217424,0.9843765,0.0025543629
1536.5920385307697,1536.5920385307697,0.9879812,0.0025554418
1536.593427439914,1536.593427439914,0.98634535,0.0025572935
1536.5948163490589,1536.5948163490589,0.9827775,0.0025533498
1536.5962052582033,1536.5962052582033,0.9853214,0.002554042
1536.5975941672302,1536.5975941672302,0.9860184,0.0025624817
1536.5989830763745,1536.5989830763745,0.9830223,0.0025588716
1536.600371985519,1536.600371985519,0.9844353,0.0025577291
1536.601760894547,1536.601760894547,0.9857497,0.0025536374
1536.6031498036912,1536.6031498036912,0.98426396,0.0025553468
1536.6045387127183,1536.6045387127183,0.98698324,0.0025567752
1536.6059276218627,1536.6059276218627,0.9843706,0.0025572192
1536.607316530891,1536.607316530891,0.97933394,0.0025493307
1536.6087054400355,1536.6087054400355,0.9825983,0.0025558188
1536.610094349179,1536.610094349179,0.98424035,0.0025511428
1536.6114832582064,1536.6114832582064,0.98412275,0.00255342
1536.6128721673506,1536.6128721673506,0.9844026,0.0025541782
1536.614261076379,1536.614261076379,0.98112184,0.002553041
1536.6156499855235,1536.6156499855235,0.98165333,0.002550493
1536.6170388945504,1536.6170388945504,0.98273593,0.0025588616
1536.6184278035785,1536.6184278035785,0.9848568,0.0025550583
1536.6198167127234,1536.6198167127234,0.98301244,0.0025550006
1536.6212056217512,1536.6212056217512,0.98697966,0.0025600146
1536.622594530895,1536.622594530895,0.98146385,0.0025487316
1536.623983439922,1536.623983439922,0.98370874,0.0025515128
1536.6253723489501,1536.6253723489501,0.9825417,0.0025550188
1536.6267612580948,1536.6267612580948,0.98468083,0.0025619694
1536.6281501671228,1536.6281501671228,0.97889596,0.0025513708
1536.62953907615,1536.62953907615,0.98357886,0.0025521158
1536.6309279852937,1536.6309279852937,0.98344654,0.002551573
1536.6323168943215,1536.6323168943215,0.9831339,0.0025519854
1536.63370580335,1536.63370580335,0.9850946,0.0025624577
1536.635094712378,1536.635094712378,0.9842062,0.0025536572
1536.6364836215214,1536.6364836215214,0.9819845,0.0025506592
1536.6378725305494,1536.6378725305494,0.9821885,0.0025511652
1536.639261439578,1536.639261439578,0.986217,0.002553382
1536.6406503486057,1536.6406503486057,0.98644257,0.0025557042
1536.642039257633,1536.642039257633,0.982084,0.0025549878
1536.6434281666602,1536.6434281666602,0.9814003,0.0025535657
1536.6448170756883,1536.6448170756883,0.98178095,0.0025527335
1536.646205984833,1536.646205984833,0.9839169,0.002553904
1536.647594893861,1536.647594893861,0.9838447,0.0025525873
1536.648983802888,1536.648983802888,0.97755027,0.0025514592
1536.6503727119155,1536.6503727119155,0.982572,0.0025528732
1536.651761620944,1536.651761620944,0.97713095,0.0025513414
1536.6531505299724,1536.6531505299724,0.97936,0.002552717
1536.6545394389998,1536.6545394389998,0.98523206,0.0025614528
1536.6559283480267,1536.6559283480267,1.0042521,0.0025631718
1536.6573172570547,1536.6573172570547,0.98869145,0.0025575606
1536.6587061660832,1536.6587061660832,0.9870545,0.0025606651
1536.660095075111,1536.660095075111,0.98318267,0.0025505614
1536.6614839841384,1536.6614839841384,0.9842845,0.002556607
1536.6628728931657,1536.6628728931657,0.9856492,0.0025545997
1536.6642618020776,1536.6642618020776,0.98298424,0.0025598756
1536.6656507111063,1536.6656507111063,0.9833606,0.0025511384
1536.6670396201334,1536.6670396201334,0.981265,0.0025545396
1536.6684285291606,1536.6684285291606,0.98473716,0.0025533373
1536.669817438188,1536.669817438188,0.9834036,0.0025581403
1536.6712063472164,1536.6712063472164,0.98383194,0.002552299
1536.672595256245,1536.672595256245,0.98703796,0.0025563901
1536.6739841651558,1536.6739841651558,0.9894872,0.0025593948
1536.6753730741827,1536.6753730741827,0.98190665,0.0025588972
1536.6767619832115,1536.6767619832115,0.98278457,0.0025523652
1536.6781508922402,1536.6781508922402,0.9820905,0.0025539682
1536.6795398011507,1536.6795398011507,0.9829687,0.0025548968
1536.680928710178,1536.680928710178,0.9847738,0.0025546118
1536.6823176192054,1536.6823176192054,0.98206335,0.0025647155
1536.6837065281172,1536.6837065281172,0.98198414,0.0025656356
1536.685095437146,1536.685095437146,0.9817653,0.0025489156
1536.6864843461733,1536.6864843461733,0.97950536,0.0025523542
1536.6878732550838,1536.6878732550838,0.9809159,0.0025572083
1536.6892621641111,1536.6892621641111,0.98051,0.0025536164
1536.6906510730232,1536.6906510730232,0.9774847,0.002553649
1536.6920399820517,1536.6920399820517,0.982018,0.0025512995
1536.6934288909627,1536.6934288909627,0.98194647,0.0025516935
1536.6948177999898,1536.6948177999898,0.9784261,0.002563955
1536.6962067090183,1536.6962067090183,0.9814803,0.002549921
1536.6975956179306,1536.6975956179306,0.9783671,0.0025485696
1536.6989845269575,1536.6989845269575,0.9799689,0.0025505645
1536.7003734358684,1536.7003734358684,0.97885513,0.0025626952
1536.7017623447794,1536.7017623447794,0.9809042,0.0025529345
1536.7031512538076,1536.7031512538076,0.97771776,0.0025595818
1536.70454016272,1536.70454016272,0.9751776,0.0025531908
1536.7059290717473,1536.7059290717473,0.9785034,0.002557594
1536.7073179806578,1536.7073179806578,0.979405,0.0025528583
1536.7087068895694,1536.7087068895694,0.97675323,0.0025471365
1536.7100957985979,1536.7100957985979,0.97868866,0.0025500872
1536.7114847075093,1536.7114847075093,0.978933,0.0025512953
1536.7128736164202,1536.7128736164202,0.9833239,0.0025538784
1536.7142625254473,1536.7142625254473,0.98153245,0.0025543924
1536.7156514343594,1536.7156514343594,0.9784669,0.0025504045
1536.7170403432717,1536.7170403432717,0.97953665,0.002554099
1536.7184292522988,1536.7184292522988,0.9782707,0.0025508446
1536.7198181612096,1536.7198181612096,0.9808172,0.002551759
1536.721207070121,1536.721207070121,0.97766954,0.0025578835
1536.7225959790333,1536.7225959790333,0.97790945,0.002546671
1536.7239848879447,1536.7239848879447,0.97963023,0.002555343
1536.725373796972,1536.725373796972,0.97927415,0.0025553291
1536.7267627058825,1536.7267627058825,0.9778176,0.002547957
1536.7281516147941,1536.7281516147941,0.9778294,0.0025494478
1536.7295405237062,1536.7295405237062,0.9778763,0.0025553422
1536.7309294326176,1536.7309294326176,0.97658664,0.0025499887
1536.7323183415285,1536.7323183415285,0.9771152,0.0025526679
1536.7337072504392,1536.7337072504392,0.9766352,0.0025505337
1536.7350961593513,1536.7350961593513,0.9784851,0.0025486727
1536.7364850682636,1536.7364850682636,0.9799307,0.0025532432
1536.7378739771743,1536.7378739771743,0.9823266,0.0025700806
1536.739262886085,1536.739262886085,0.97728246,0.0025521715
1536.7406517949964,1536.7406517949964,0.9783267,0.00256044
1536.7420407039087,1536.7420407039087,0.97944057,0.0025508653
1536.7434296128201,1536.7434296128201,0.97913,0.0025521105
1536.744818521731,1536.744818521731,0.9766129,0.0025519042
1536.7462074306416,1536.7462074306416,0.9760497,0.0025490948
1536.7475963395532,1536.7475963395532,0.9792604,0.00255441
1536.7489852484653,1536.7489852484653,0.9808236,0.00255489
1536.7503741573767,1536.7503741573767,0.9806666,0.0025511866
1536.7517630662876,1536.7517630662876,0.9784413,0.0025480995
1536.753151975199,1536.753151975199,0.98158276,0.0025499377
1536.7545408839949,1536.7545408839949,0.97793186,0.002554331
1536.7559297929063,1536.7559297929063,0.97488046,0.0025469149
1536.757318701817,1536.757318701817,0.9771411,0.0025515044
1536.7587076107277,1536.7587076107277,0.97548765,0.0025506956
1536.760096519639,1536.760096519639,0.97774684,0.0025505896
1536.761485428435,1536.761485428435,0.9799941,0.0025522674
1536.7628743373464,1536.7628743373464,0.98567283,0.002554766
1536.7642632462573,1536.7642632462573,0.98272824,0.0025534942
1536.7656521551687,1536.7656521551687,0.97932374,0.0025494127
1536.7670410639637,1536.7670410639637,0.98136693,0.0025503992
1536.768429972875,1536.768429972875,0.9786019,0.002552225
1536.76981888167,1536.76981888167,0.9785575,0.0025499244
1536.771207790581,1536.771207790581,0.98141783,0.00255006
1536.7725966994924,1536.7725966994924,0.9781877,0.0025501333
1536.7739856082883,1536.7739856082883,0.9759963,0.0025479144
1536.7753745171997,1536.7753745171997,0.9740663,0.0025544243
1536.7767634259942,1536.7767634259942,0.9789085,0.0025536928
1536.7781523349047,1536.7781523349047,0.97779477,0.002547768
1536.779541243816,1536.779541243816,0.9764549,0.002550309
1536.780930152612,1536.780930152612,0.9770531,0.0025514988
1536.7823190615234,1536.7823190615234,0.976387,0.0025474075
1536.783707970318,1536.783707970318,0.9785492,0.0025502488
1536.7850968792293,1536.7850968792293,0.9758532,0.0025498893
1536.7864857880243,1536.7864857880243,0.97488624,0.0025532914
1536.7878746968192,1536.7878746968192,0.9776413,0.002548689
1536.7892636057306,1536.7892636057306,0.9791756,0.0025507675
1536.7906525145252,1536.7906525145252,0.97543204,0.0025480224
1536.7920414234366,1536.7920414234366,0.9763526,0.0025533305
1536.7934303322324,1536.7934303322324,0.9788334,0.0025539598
1536.7948192410274,1536.7948192410274,0.9810078,0.0025483174
1536.7962081499384,1536.7962081499384,0.9838191,0.002554844
1536.7975970587333,1536.7975970587333,0.9777738,0.002554022
1536.7989859675283,1536.7989859675283,0.9798364,0.0025520646
1536.8003748764397,1536.8003748764397,0.9759323,0.002547557
1536.8017637852347,1536.8017637852347,0.9795558,0.0025486
1536.8031526940292,1536.8031526940292,0.9760905,0.0025492217
1536.8045416028242,1536.8045416028242,0.97519094,0.002546538
1536.8059305117356,1536.8059305117356,0.9835543,0.002562895
1536.8073194205306,1536.8073194205306,0.97979057,0.0025512264
1536.8087083293256,1536.8087083293256,0.98118037,0.0025508194
1536.8100972381208,1536.8100972381208,0.97953516,0.0025496527
1536.811486146916,1536.811486146916,0.97447085,0.002549036
1536.812875055711,1536.812875055711,0.97701913,0.0025578889
1536.8142639646223,1536.8142639646223,0.9772823,0.0025502592
1536.8156528734169,1536.8156528734169,0.9757597,0.0025546784
1536.8170417822118,1536.8170417822118,0.97860885,0.0025656673
1536.8184306910068,1536.8184306910068,0.97527856,0.0025531566
1536.8198195998018,1536.8198195998018,0.98074865,0.0025491966
1536.8212085085968,1536.8212085085968,0.9765079,0.0025485393
1536.8225974173913,1536.8225974173913,0.97499907,0.002552585
1536.8239863261863,1536.8239863261863,0.9792446,0.0025512562
1536.8253752349813,1536.8253752349813,0.97742295,0.002549575
1536.8267641437762,1536.8267641437762,0.9781812,0.002553396
1536.8281530525715,1536.8281530525715,0.97625107,0.0025485733
1536.8295419613667,1536.8295419613667,0.9788612,0.0025510935
1536.8309308701616,1536.8309308701616,0.9823289,0.0025517084
1536.8323197789566,1536.8323197789566,0.9799417,0.0025597357
1536.8337086876352,1536.8337086876352,0.98006344,0.0025528602
1536.8350975964297,1536.8350975964297,0.9766134,0.0025505559
1536.8364865052247,1536.8364865052247,0.9784633,0.0025541044
1536.8378754140197,1536.8378754140197,0.979873,0.0025482643
1536.8392643228146,1536.8392643228146,0.9836452,0.0025524907
1536.8406532316096,1536.8406532316096,0.9808021,0.002557005
1536.8420421402884,1536.8420421402884,0.977034,0.0025599014
1536.8434310490836,1536.8434310490836,0.97716826,0.0025505424
1536.8448199578777,1536.8448199578777,0.9820719,0.0025555533
1536.8462088666727,1536.8462088666727,0.9792519,0.002553734
1536.8475977753515,1536.8475977753515,0.9848187,0.00255472
1536.8489866841467,1536.8489866841467,0.9805715,0.0025496029
1536.8503755929416,1536.8503755929416,0.97860277,0.0025527673
1536.8517645016202,1536.8517645016202,0.980638,0.0025545491
1536.8531534104152,1536.8531534104152,0.98061556,0.0025502292
1536.8545423192102,1536.8545423192102,0.9796378,0.0025523894
1536.8559312278887,1536.8559312278887,0.98164755,0.0025495396
1536.8573201366833,1536.8573201366833,0.9803311,0.0025495489
1536.8587090454782,1536.8587090454782,0.9803049,0.0025519491
1536.8600979541568,1536.8600979541568,0.97749716,0.0025504185
1536.861486862952,1536.861486862952,0.9810749,0.002555215
1536.8628757716308,1536.8628757716308,0.97916114,0.0025506543
1536.8642646804249,1536.8642646804249,0.9800196,0.0025514
1536.8656535891034,1536.8656535891034,0.9789944,0.0025572274
1536.8670424978986,1536.8670424978986,0.9788836,0.0025517181
1536.8684314065774,1536.8684314065774,0.97799915,0.002555687
1536.8698203153724,1536.8698203153724,0.979797,0.0025500262
1536.871209224051,1536.871209224051,0.97969174,0.0025519256
1536.872598132846,1536.872598132846,0.97736126,0.0025486033
1536.8739870415245,1536.8739870415245,0.97854084,0.0025618668
1536.8753759502033,1536.8753759502033,0.9813478,0.0025539831
1536.8767648589976,1536.8767648589976,0.9841499,0.002554922
1536.8781537676762,1536.8781537676762,0.98053974,0.0025580635
1536.8795426763547,1536.8795426763547,0.9792465,0.0025503691
1536.88093158515,1536.88093158515,0.97945607,0.0025489633
1536.8823204938287,1536.8823204938287,0.98155594,0.0025542711
1536.8837094025064,1536.8837094025064,0.9797911,0.0025517077
1536.8850983113016,1536.8850983113016,0.97768986,0.0025512218
1536.8864872199808,1536.8864872199808,0.98042345,0.002554876
1536.8878761286594,1536.8878761286594,0.98438936,0.0025541177
1536.8892650373375,1536.8892650373375,0.97955406,0.002555437
1536.8906539461325,1536.8906539461325,0.9829234,0.0025514401
1536.892042854811,1536.892042854811,0.98060936,0.0025510455
1536.8934317634896,1536.8934317634896,0.98169607,0.0025559585
1536.8948206721684,1536.8948206721684,0.9800854,0.0025523729
1536.8962095808463,1536.8962095808463,0.9809494,0.0025523892
1536.8975984895249,1536.8975984895249,0.9803867,0.0025530928
1536.8989873982034,1536.8989873982034,0.98034596,0.0025574707
1536.9003763069986,1536.9003763069986,0.980506,0.002549532
1536.9017652156774,1536.9017652156774,0.9826957,0.0025643737
1536.903154124355,1536.903154124355,0.9807499,0.0025559836
1536.9045430330339,1536.9045430330339,0.9865392,0.0025625343
1536.905931941713,1536.905931941713,0.98301846,0.0025513158
1536.9073208503917,1536.9073208503917,0.9830278,0.0025507272
1536.9087097590698,1536.9087097590698,0.9814298,0.0025517961
1536.9100986677483,1536.9100986677483,0.984007,0.0025571352
1536.911487576427,1536.911487576427,0.9821566,0.0025530776
1536.9128764851055,1536.9128764851055,0.98362726,0.0025543056
1536.9142653937843,1536.9142653937843,0.98246455,0.0025552844
1536.9156543023457,1536.9156543023457,0.9835846,0.0025548858
1536.9170432110243,1536.9170432110243,0.9833208,0.0025595159
1536.9184321197038,1536.9184321197038,0.9830288,0.0025536532
1536.9198210283823,1536.9198210283823,0.9874646,0.002553193
1536.9212099370604,1536.9212099370604,0.9854572,0.0025549568
1536.922598845738,1536.922598845738,0.9844717,0.0025534737
1536.9239877544169,1536.9239877544169,0.98313075,0.0025630519
1536.9253766629797,1536.9253766629797,0.9850014,0.002561
1536.9267655716583,1536.9267655716583,0.9857485,0.0025546132
1536.9281544803364,1536.9281544803364,0.987057,0.002552957
1536.929543389015,1536.929543389015,0.9867119,0.0025530749
1536.930932297578,1536.930932297578,0.9850999,0.0025541026
1536.9323212062566,1536.9323212062566,0.9895801,0.0025549063
1536.9337101149345,1536.9337101149345,0.9830875,0.0025524918
1536.935099023496,1536.935099023496,0.9828601,0.0025550474
1536.9364879321745,1536.9364879321745,0.9845966,0.002555053
1536.937876840854,1536.937876840854,0.98471755,0.0025543792
1536.939265749416,1536.939265749416,0.98403686,0.002558595
1536.9406546580942,1536.9406546580942,0.9856462,0.0025523126
1536.9420435667719,1536.9420435667719,0.9882897,0.0025543426
1536.9434324753342,1536.9434324753342,0.98734355,0.002553072
1536.9448213840135,1536.9448213840135,0.98882586,0.0025578185
1536.9462102925756,1536.9462102925756,0.98483014,0.0025552588
1536.9475992012538,1536.9475992012538,0.98545253,0.002553794
1536.948988109816,1536.948988109816,0.98447895,0.0025545815
1536.9503770184954,1536.9503770184954,0.9828874,0.0025562583
1536.9517659270575,1536.9517659270575,0.9846649,0.002557042
1536.9531548357356,1536.9531548357356,0.98527217,0.002555055
1536.9545437442969,1536.9545437442969,0.9871901,0.0025614793
1536.9559326529754,1536.9559326529754,0.98523515,0.0025537056
1536.9573215615385,1536.9573215615385,0.9830412,0.0025528094
1536.9587104701006,1536.9587104701006,0.9850667,0.0025588297
1536.9600993787788,1536.9600993787788,0.9822645,0.0025551668
1536.9614882873402,1536.9614882873402,0.98410475,0.0025521563
1536.962877195903,1536.962877195903,0.9895868,0.002555976
1536.9642661045825,1536.9642661045825,0.98600847,0.002557314
1536.9656550131438,1536.9656550131438,0.98616326,0.002553602
1536.9670439217055,1536.9670439217055,0.99045724,0.0025580197
1536.968432830384,1536.968432830384,0.98831993,0.002555742
1536.969821738947,1536.969821738947,0.98581,0.0025579794
1536.9712106475092,1536.9712106475092,0.9915558,0.0025572875
1536.972599556071,1536.972599556071,0.9893527,0.0025602703
1536.9739884646322,1536.9739884646322,0.98771185,0.0025584544
1536.975377373311,1536.975377373311,0.988865,0.002559427
1536.9767662818738,1536.9767662818738,0.98676914,0.002553708
1536.978155190436,1536.978155190436,0.99199545,0.0025584432
1536.9795440989976,1536.9795440989976,0.99102396,0.0025593261
1536.980933007559,1536.980933007559,0.99029243,0.0025573568
1536.982321916122,1536.982321916122,0.990685,0.0025584106
1536.983710824685,1536.983710824685,0.99277335,0.0025574767
1536.9850997333629,1536.9850997333629,0.9856185,0.00255898
1536.9864886419243,1536.9864886419243,0.98523295,0.002554237
1536.9878775504865,1536.9878775504865,0.99192524,0.0025669252
1536.9892664590495,1536.9892664590495,0.9907301,0.002557975
1536.9906553676117,1536.9906553676117,0.9877986,0.0025543459
1536.9920442761734,1536.9920442761734,0.99040866,0.0025592742
1536.9934331847346,1536.9934331847346,0.9894827,0.0025551508
1536.9948220932977,1536.9948220932977,0.9943966,0.002560302
1536.9962110018607,1536.9962110018607,0.9962124,0.0025627646
1536.9975999103056,1536.9975999103056,0.9931908,0.0025583114
1536.9989888188672,1536.9989888188672,0.992149,0.002556967
1537.0003777274287,1537.0003777274287,0.99385625,0.0025598793
1537.0017666359915,1537.0017666359915,0.99514985,0.0025580276
1537.0031555445546,1537.0031555445546,0.9904698,0.0025549561
1537.004544453116,1537.004544453116,0.9902139,0.0025557042
1537.0059333616775,1537.0059333616775,0.98865086,0.0025614866
1537.0073222701242,1537.0073222701242,0.99046016,0.0025678403
1537.008711178687,1537.008711178687,0.9927295,0.0025555533
1537.0101000872485,1537.0101000872485,0.99624777,0.0025600004
1537.0114889958102,1537.0114889958102,0.9949114,0.0025641606
1537.012877904255,1537.012877904255,0.9923991,0.0025579883
1537.014266812818,1537.014266812818,0.9911751,0.0025538628
1537.015655721381,1537.015655721381,0.98969245,0.0025564462
1537.0170446299423,1537.0170446299423,0.990048,0.002560185
1537.0184335383876,1537.0184335383876,0.9926719,0.0025582628
1537.0198224469493,1537.0198224469493,0.99162585,0.002558595
1537.021211355512,1537.021211355512,0.99023426,0.0025660864
1537.0226002639586,1537.0226002639586,0.9942069,0.0025603652
1537.02398917252,1537.02398917252,0.9935735,0.0025611368
1537.025378080965,1537.025378080965,0.99450916,0.0025554064
1537.0267669895281,1537.0267669895281,0.99131894,0.0025639834
1537.0281558979746,1537.0281558979746,0.9931003,0.002560324
1537.029544806536,1537.029544806536,0.9927913,0.0025563338
1537.0309337149813,1537.0309337149813,0.9951127,0.002559147
1537.0323226235425,1537.0323226235425,0.9968453,0.002558792
1537.0337115319892,1537.0337115319892,0.9963641,0.0025555403
1537.0351004405522,1537.0351004405522,0.99416393,0.0025621643
1537.036489348997,1537.036489348997,0.99419075,0.0025685215
1537.0378782575588,1537.0378782575588,0.99422646,0.002557991
1537.0392671660045,1537.0392671660045,0.991758,0.0025592383
1537.0406560745676,1537.0406560745676,0.9958368,0.0025562143
1537.0420449830133,1537.0420449830133,0.99806,0.00256032
1537.0434338914586,1537.0434338914586,0.99347186,0.0025640486
1537.0448228000198,1537.0448228000198,0.995459,0.0025569813
1537.0462117084664,1537.0462117084664,0.9966185,0.0025584374
1537.0476006169129,1537.0476006169129,0.9966085,0.0025735693
1537.0489895254743,1537.0489895254743,0.99606276,0.0025591715
1537.0503784339196,1537.0503784339196,0.9945848,0.002557157
1537.0517673423644,1537.0517673423644,0.993599,0.0025582311
1537.053156250811,1537.053156250811,0.995984,0.0025570404
1537.0545451593741,1537.0545451593741,0.9998769,0.002559877
1537.055934067819,1537.055934067819,0.9992956,0.0025678403
1537.0573229762642,1537.0573229762642,0.99625313,0.0025629583
1537.05871188471,1537.05871188471,0.99687356,0.0025715905
1537.0601007931566,1537.0601007931566,0.9997607,0.0025627592
1537.0614897017188,1537.0614897017188,0.9951192,0.002558062
1537.062878610164,1537.062878610164,0.993125,0.0025597855
1537.0642675186089,1537.0642675186089,0.99851674,0.002558096
1537.0656564270555,1537.0656564270555,0.9958805,0.0025613355
1537.0670453355021,1537.0670453355021,0.99460584,0.0025600393
1537.068434243947,1537.068434243947,0.996823,0.0025610593
1537.0698231523922,1537.0698231523922,0.9947427,0.002558378
1537.071212060838,1537.071212060838,0.9955975,0.0025583429
1537.0726009692846,1537.0726009692846,0.99750245,0.00255812
1537.0739898777304,1537.0739898777304,0.9958615,0.0025584705
1537.0753787861754,1537.0753787861754,0.99513566,0.0025590865
1537.0767676946205,1537.0767676946205,0.9948383,0.002556576
1537.0781566030662,1537.0781566030662,0.9969348,0.002561697
1537.0795455115128,1537.0795455115128,0.9933357,0.0025595322
1537.0809344199586,1537.0809344199586,1.0029173,0.0025621154
1537.0823233284038,1537.0823233284038,0.9974064,0.0025692584
1537.0837122368487,1537.0837122368487,0.9949653,0.0025558616
1537.0851011452953,1537.0851011452953,0.9970857,0.0025597522
1537.0864900536255,1537.0864900536255,0.9988772,0.0025589769
1537.0878789620704,1537.0878789620704,0.9992037,0.002563681
1537.0892678705156,1537.0892678705156,1.0014205,0.0025602737
1537.0906567789614,1537.0906567789614,0.99581665,0.0025608207
1537.092045687408,1537.092045687408,1.0015589,0.0025640568
1537.0934345957373,1537.0934345957373,0.99684805,0.0025590162
1537.0948235041824,1537.0948235041824,0.9943395,0.0025590397
1537.0962124126274,1537.0962124126274,0.9989502,0.0025703323
1537.0976013210732,1537.0976013210732,1.0010873,0.0025617033
1537.0989902294034,1537.0989902294034,0.99412614,0.002562059
1537.1003791378491,1537.1003791378491,0.9991657,0.002558915
1537.1017680462944,1537.1017680462944,0.99849653,0.0025594693
1537.1031569546237,1537.1031569546237,1.0003682,0.0025597033
1537.1045458630701,1537.1045458630701,0.9963252,0.0025606854
1537.1059347713997,1537.1059347713997,0.99926436,0.0025615143
1537.1073236798445,1537.1073236798445,0.9979662,0.0025739637
1537.1087125882898,1537.1087125882898,0.99885714,0.0025744084
1537.110101496619,1537.110101496619,0.999139,0.0025599708
1537.1114904050658,1537.1114904050658,1.0016496,0.0025625557
1537.112879313395,1537.112879313395,1.0026599,0.0025751097
1537.1142682218401,1537.1142682218401,1.0009903,0.0025586344
1537.1156571301688,1537.1156571301688,1.0007895,0.0025584516
1537.1170460386145,1537.1170460386145,1.0021762,0.0025605168
1537.1184349469447,1537.1184349469447,0.9952731,0.0025586982
1537.1198238553905,1537.1198238553905,1.0007224,0.0025604689
1537.1212127637193,1537.1212127637193,0.99956644,0.0025606912
1537.1226016720486,1537.1226016720486,1.002432,0.002562901
1537.123990580495,1537.123990580495,1.0010833,0.0025588032
1537.1253794888246,1537.1253794888246,1.0015324,0.0025612414
1537.126768397153,1537.126768397153,0.99998754,0.0025609334
1537.1281573055983,1537.1281573055983,1.0014769,0.002561296
1537.1295462139276,1537.1295462139276,1.0050067,0.002562082
1537.1309351222578,1537.1309351222578,1.004225,0.0025589112
1537.1323240307036,1537.1323240307036,0.99995565,0.0025617226
1537.1337129390322,1537.1337129390322,1.001949,0.0025641087
1537.1351018473617,1537.1351018473617,1.001321,0.0025641476
1537.136490755691,1537.136490755691,1.0027529,0.0025619324
1537.1378796641368,1537.1378796641368,1.0011069,0.002561647
1537.139268572466,1537.139268572466,1.0015194,0.0025729593
1537.140657480795,1537.140657480795,1.0049901,0.002562377
1537.1420463891243,1537.1420463891243,1.0022008,0.0025634654
1537.1434352974545,1537.1434352974545,1.0029097,0.0025651252
1537.1448242057838,1537.1448242057838,1.0031382,0.002563
1537.1462131142287,1537.1462131142287,0.99853003,0.002559288
1537.1476020225575,1537.1476020225575,1.0034645,0.0025738128
1537.1489909308868,1537.1489909308868,1.0015057,0.002563098
1537.150379839217,1537.150379839217,1.0015477,0.0025597508
1537.1517687475464,1537.1517687475464,1.0030478,0.0025605983
1537.1531576558752,1537.1531576558752,0.9996278,0.0025599205
1537.1545465642046,1537.1545465642046,1.0047253,0.0025612798
1537.1559354725339,1537.1559354725339,1.00198,0.002560841
1537.1573243808632,1537.1573243808632,1.0045676,0.002566122
1537.1587132891925,1537.1587132891925,1.0031445,0.0025629422
1537.1601021975214,1537.1601021975214,1.0010219,0.002559129
1537.1614911058507,1537.1614911058507,1.0023826,0.002564358
1537.162880014181,1537.162880014181,1.0023323,0.0025642728
1537.1642689225102,1537.1642689225102,1.0015069,0.0025699048
1537.1656578307222,1537.1656578307222,1.0064509,0.0025654344
1537.1670467390518,1537.1670467390518,1.0083332,0.002564962
1537.1684356473813,1537.1684356473813,1.0047054,0.0025750452
1537.1698245557106,1537.1698245557106,1.0013337,0.0025650924
1537.17121346404,1537.17121346404,1.0050904,0.002563147
1537.1726023723688,1537.1726023723688,1.0057257,0.0025618572
1537.1739912805817,1537.1739912805817,1.0031205,0.002562388
1537.175380188911,1537.175380188911,1.00334,0.0025627082
1537.1767690972404,1537.1767690972404,1.0030272,0.0025619268
1537.1781580055697,1537.1781580055697,1.0013962,0.0025611469
1537.1795469137821,1537.1795469137821,1.0043485,0.0025692326
1537.1809358221115,1537.1809358221115,1.0061433,0.0025614484
1537.1823247304417,1537.1823247304417,1.0027548,0.0025593466
1537.1837136386546,1537.1837136386546,1.0056462,0.0025638524
1537.1851025469832,1537.1851025469832,1.0065211,0.0025630419
1537.1864914551963,1537.1864914551963,1.0037131,0.0025668615
1537.1878803635257,1537.1878803635257,1.0071019,0.002561616
1537.189269271855,1537.189269271855,1.0045046,0.0025677595
1537.1906581800679,1537.1906581800679,1.004681,0.0025645215
1537.1920470883967,1537.1920470883967,1.0034045,0.0025593177
1537.1934359966097,1537.1934359966097,1.0053184,0.0025615164
1537.194824904939,1537.194824904939,1.0040394,0.0025611604
1537.1962138131519,1537.1962138131519,1.005295,0.0025616307
1537.1976027214812,1537.1976027214812,1.008855,0.002564698
1537.1989916296936,1537.1989916296936,1.0089011,0.0025668875
1537.200380538023,1537.200380538023,1.0051274,0.0025650398
1537.2017694462368,1537.2017694462368,1.0078661,0.002563124
1537.203158354566,1537.203158354566,1.0088432,0.0025674687
1537.2045472627783,1537.2045472627783,1.005663,0.0025701793
1537.2059361709914,1537.2059361709914,1.0040784,0.0025632998
1537.2073250793208,1537.2073250793208,1.0035416,0.0025601778
1537.2087139875337,1537.2087139875337,1.0064074,0.0025658205
1537.2101028957466,1537.2101028957466,1.0078065,0.002563365
1537.2114918040754,1537.2114918040754,1.0076725,0.0025638943
1537.2128807122883,1537.2128807122883,1.0057268,0.0025749668
1537.2142696205012,1537.2142696205012,1.00479,0.0025691397
1537.2156585288305,1537.2156585288305,1.0035963,0.0025660642
1537.2170474370434,1537.2170474370434,1.0091805,0.0025659048
1537.2184363452566,1537.2184363452566,1.0084901,0.0025750545
1537.2198252534697,1537.2198252534697,1.0045536,0.0025636523
1537.2212141616826,1537.2212141616826,1.005667,0.0025632568
1537.222603070012,1537.222603070012,1.0053517,0.0025681225
1537.2239919782241,1537.2239919782241,1.0071759,0.0025641478
1537.2253808864373,1537.2253808864373,1.0091542,0.0025653415
1537.2267697946502,1537.2267697946502,1.0061558,0.0025649627
1537.228158702863,1537.228158702863,1.0040373,0.0025640142
1537.229547611076,1537.229547611076,1.0096846,0.0025738634
1537.2309365192884,1537.2309365192884,1.0058101,0.0025624675
1537.2323254275013,1537.2323254275013,1.0078762,0.0025630721
1537.2337143357142,1537.2337143357142,1.0068555,0.0025643588
1537.2351032439271,1537.2351032439271,1.0046132,0.0025795922
1537.23649215214,1537.23649215214,1.0074192,0.0025619706
1537.2378810603532,1537.2378810603532,1.0055813,0.0025627378
1537.2392699685663,1537.2392699685663,1.0088415,0.0025702564
1537.2406588767792,1537.2406588767792,1.0078435,0.002566582
1537.242047784992,1537.242047784992,1.0101498,0.0025621734
1537.2434366932046,1537.2434366932046,1.0072199,0.0025643567
1537.2448256014175,1537.2448256014175,1.0051079,0.002563707
1537.2462145096304,1537.2462145096304,1.0100429,0.0025634272
1537.2476034178433,1537.2476034178433,1.009451,0.0025621478
1537.2489923260562,1537.2489923260562,1.0128522,0.0025669201
1537.250381234269,1537.250381234269,1.008564,0.00257047
1537.2517701423658,1537.2517701423658,1.0058225,0.002563545
1537.253159050578,1537.253159050578,1.0093795,0.002568452
1537.254547958791,1537.254547958791,1.0111042,0.002566164
1537.2559368670038,1537.2559368670038,1.008419,0.0025686559
1537.2573257751005,1537.2573257751005,1.0062896,0.002564543
1537.2587146833137,1537.2587146833137,1.0090233,0.0025632803
1537.2601035915266,1537.2601035915266,1.0109316,0.0025657627
1537.2614924997395,1537.2614924997395,1.0113516,0.002568446
1537.2628814078355,1537.2628814078355,1.0108986,0.0025664777
1537.2642703160484,1537.2642703160484,1.0074813,0.0025745875
1537.2656592242613,1537.2656592242613,1.0088285,0.002566608
1537.2670481323578,1537.2670481323578,1.0095185,0.0025675646
1537.2684370405707,1537.2684370405707,1.0061377,0.0025630298
1537.2698259486672,1537.2698259486672,1.0108634,0.0025653234
1537.2712148568803,1537.2712148568803,1.0133078,0.0025669048
1537.2726037650925,1537.2726037650925,1.0082676,0.002564449
1537.273992673189,1537.273992673189,1.0110711,0.002566398
1537.275381581402,1537.275381581402,1.009979,0.0025668645
1537.2767704894986,1537.2767704894986,1.0086299,0.0025672477
1537.2781593977118,1537.2781593977118,1.0103414,0.0025644808
1537.2795483058082,1537.2795483058082,1.008068,0.0025650486
1537.2809372140212,1537.2809372140212,1.0126883,0.0025727549
1537.2823261221172,1537.2823261221172,1.0172745,0.0025662773
1537.2837150302137,1537.2837150302137,1.0184224,0.0025715716
1537.2851039384266,1537.2851039384266,1.0148854,0.0025701567
1537.286492846523,1537.286492846523,1.0147634,0.0025658403
1537.287881754736,1537.287881754736,1.0131613,0.0025734003
1537.2892706628325,1537.2892706628325,1.0142826,0.002565515
1537.2906595709292,1537.2906595709292,1.0115293,0.0025633834
1537.2920484791414,1537.2920484791414,1.0097535,0.0025656777
1537.2934373872379,1537.2934373872379,1.0118235,0.0025674964
1537.2948262953346,1537.2948262953346,1.0093307,0.0025634756
1537.2962152034313,1537.2962152034313,1.0098568,0.002563488
1537.2976041116442,1537.2976041116442,1.0139303,0.0025690913
1537.2989930197407,1537.2989930197407,1.0153359,0.0025682761
1537.3003819278372,1537.3003819278372,1.0130156,0.0025662256
1537.3017708359337,1537.3017708359337,1.0120647,0.0025737502
1537.3031597440302,1537.3031597440302,1.0076534,0.0025633066
1537.3045486522426,1537.3045486522426,1.0100038,0.002575684
1537.305937560339,1537.305937560339,1.0135083,0.0025654945
1537.3073264684356,1537.3073264684356,1.0134773,0.0025764988
1537.3087153765323,1537.3087153765323,1.0112295,0.0025683981
1537.310104284629,1537.310104284629,1.01466,0.0025655746
1537.3114931927246,1537.3114931927246,1.0135443,0.0025652146
1537.312882100821,1537.312882100821,1.0136564,0.0025653825
1537.3142710089178,1537.3142710089178,1.0123098,0.002571014
1537.3156599170145,1537.3156599170145,1.0145535,0.0025679276
1537.317048825111,1537.317048825111,1.014964,0.0025703786
1537.3184377332068,1537.3184377332068,1.0149589,0.0025665313
1537.3198266413035,1537.3198266413035,1.0153815,0.0025649304
1537.3212155494004,1537.3212155494004,1.0135293,0.0025701195
1537.322604457497,1537.322604457497,1.0125082,0.002566728
1537.323993365593,1537.323993365593,1.0137322,0.0025679346
1537.3253822736895,1537.3253822736895,1.0170414,0.0025764515
1537.326771181786,1537.326771181786,1.0148664,0.0025672624
1537.3281600898827,1537.3281600898827,1.0142106,0.0025694964
1537.3295489979794,1537.3295489979794,1.0161377,0.0025686761
1537.3309379059585,1537.3309379059585,1.012867,0.0025653366
1537.332326814055,1537.332326814055,1.0141238,0.0025662037
1537.3337157221517,1537.3337157221517,1.014695,0.0025736652
1537.3351046302485,1537.3351046302485,1.0139389,0.0025732818
1537.336493538345,1537.336493538345,1.0138054,0.0025712266
1537.337882446325,1537.337882446325,1.0120851,0.0025704051
1537.3392713544215,1537.3392713544215,1.0122325,0.0025678333
1537.340660262518,1537.340660262518,1.019897,0.0025673471
1537.3420491704983,1537.3420491704983,1.0154122,0.002567225
1537.343438078594,1537.343438078594,1.0130705,0.0025690398
1537.3448269866906,1537.3448269866906,1.0136309,0.0025674312
1537.3462158946706,1537.3462158946706,1.0128751,0.0025654437
1537.3476048027674,1537.3476048027674,1.0150821,0.0025686522
1537.348993710864,1537.348993710864,1.0127835,0.002569426
1537.3503826188432,1537.3503826188432,1.0152113,0.002571046
1537.35177152694,1537.35177152694,1.013959,0.0025657057
1537.3531604349207,1537.3531604349207,1.0127487,0.0025806266
1537.3545493430172,1537.3545493430172,1.0162756,0.002572212
1537.3559382509968,1537.3559382509968,1.0151359,0.002571404
1537.3573271590926,1537.3573271590926,1.0163072,0.0025696163
1537.358716067073,1537.358716067073,1.0137203,0.0025670126
1537.3601049751699,1537.3601049751699,1.0135335,0.0025767314
1537.3614938831502,1537.3614938831502,1.0156958,0.0025671932
1537.362882791246,1537.362882791246,1.0176731,0.0025728557
1537.364271699226,1537.364271699226,1.0164934,0.0025693504
1537.3656606073225,1537.3656606073225,1.0118288,0.002575069
1537.3670495153028,1537.3670495153028,1.0145081,0.0025677958
1537.3684384232831,1537.3684384232831,1.013308,0.0025730585
1537.3698273313787,1537.3698273313787,1.0154982,0.002578818
1537.371216239359,1537.371216239359,1.015679,0.002571414
1537.3726051473398,1537.3726051473398,1.0125612,0.0025682081
1537.3739940554362,1537.3739940554362,1.0157675,0.0025686442
1537.3753829634159,1537.3753829634159,1.0128688,0.002565599
1537.3767718713952,1537.3767718713952,1.0179075,0.0025675455
1537.3781607793755,1537.3781607793755,1.0154109,0.0025657332
1537.3795496874725,1537.3795496874725,1.0136546,0.0025658836
1537.3809385954528,1537.3809385954528,1.015212,0.0025698226
1537.3823275034322,1537.3823275034322,1.0143746,0.0025646603
1537.3837164114123,1537.3837164114123,1.0143245,0.0025668493
1537.3851053193926,1537.3851053193926,1.0130436,0.0025674358
1537.3864942274893,1537.3864942274893,1.0132527,0.0025663853
1537.3878831354693,1537.3878831354693,1.0133716,0.0025661387
1537.3892720434485,1537.3892720434485,1.0126488,0.0025717805
1537.3906609514288,1537.3906609514288,1.0101511,0.002566724
1537.3920498594096,1537.3920498594096,1.0164231,0.0025660768
1537.3934387673896,1537.3934387673896,1.0163665,0.0025683807
1537.3948276753692,1537.3948276753692,1.0140858,0.002567358
1537.3962165833489,1537.3962165833489,1.0109676,0.0025643606
1537.397605491329,1537.397605491329,1.0157433,0.0025712706
1537.3989943993095,1537.3989943993095,1.0151303,0.0025681076
1537.4003833072898,1537.4003833072898,1.0130064,0.0025664973
1537.4017722152691,1537.4017722152691,1.0137297,0.0025724182
1537.4031611232492,1537.4031611232492,1.0123798,0.002568939
1537.4045500312302,1537.4045500312302,1.0151771,0.002568291
1537.4059389392103,1537.4059389392103,1.0143335,0.0025780303
1537.40732784719,1537.40732784719,1.0118421,0.0025664489
1537.408716755169,1537.408716755169,1.0161487,0.0025696985
1537.410105663033,1537.410105663033,1.0109477,0.0025664791
1537.4114945710137,1537.4114945710137,1.0117652,0.0025650556
1537.4128834789938,1537.4128834789938,1.01295,0.0025694268
1537.4142723869734,1537.4142723869734,1.0135504,0.0025859934
1537.415661294953,1537.415661294953,1.0149527,0.0025681593
1537.4170502028167,1537.4170502028167,1.0150155,0.0025796166
1537.4184391107974,1537.4184391107974,1.0135756,0.0025676102
1537.4198280187777,1537.4198280187777,1.0130638,0.002564819
1537.4212169266405,1537.4212169266405,1.0121253,0.0025720038
1537.4226058346205,1537.4226058346205,1.0128727,0.0025728706
1537.4239947426015,1537.4239947426015,1.0166844,0.0025699767
1537.4253836504652,1537.4253836504652,1.011066,0.0025700766
1537.4267725584448,1537.4267725584448,1.0149778,0.0025689262
1537.4281614664242,1537.4281614664242,1.0189247,0.002571696
1537.429550374288,1537.429550374288,1.0142616,0.0025662328
1537.4309392822686,1537.4309392822686,1.0174127,0.0025672102
1537.4323281902487,1537.4323281902487,1.0178645,0.0025698196
1537.4337170981119,1537.4337170981119,1.0154785,0.0025669213
1537.4351060060915,1537.4351060060915,1.0174114,0.0025702624
1537.4364949139551,1537.4364949139551,1.012387,0.0025731102
1537.4378838219359,1537.4378838219359,1.0153285,0.0025666729
1537.4392727297998,1537.4392727297998,1.0125039,0.0025712268
1537.440661637779,1537.440661637779,1.0140452,0.0025715274
1537.4420505456426,1537.4420505456426,1.0150787,0.0025659378
1537.4434394535072,1537.4434394535072,1.0107636,0.0025672736
1537.4448283614872,1537.4448283614872,1.0092107,0.002567355
1537.4462172693504,1537.4462172693504,1.0136081,0.0025688622
1537.4476061773298,1537.4476061773298,1.0159942,0.0025663394
1537.4489950851937,1537.4489950851937,1.0141016,0.002564013
1537.4503839930578,1537.4503839930578,1.0123789,0.0025716766
1537.451772901038,1537.451772901038,1.0139291,0.0025670943
1537.453161808901,1537.453161808901,1.0136153,0.0025646184
1537.4545507167643,1537.4545507167643,1.0149717,0.002567687
1537.4559396246284,1537.4559396246284,1.0105877,0.0025653446
1537.4573285326094,1537.4573285326094,1.01193,0.002565995
1537.4587174404726,1537.4587174404726,1.0122964,0.0025669264
1537.4601063483353,1537.4601063483353,1.0151907,0.0025704745
1537.4614952561992,1537.4614952561992,1.0134598,0.00257095
1537.46288416418,1537.46288416418,1.0121332,0.00256646
1537.4642730720436,1537.4642730720436,1.0119401,0.0025725227
1537.4656619799068,1537.4656619799068,1.013682,0.0025712282
1537.4670508877698,1537.4670508877698,1.0093118,0.0025697786
1537.4684397956337,1537.4684397956337,1.0130119,0.0025657318
1537.4698287034978,1537.4698287034978,1.0138403,0.0025651432
1537.4712176113617,1537.4712176113617,1.0102544,0.0025642507
1537.4726065192247,1537.4726065192247,1.01286,0.0025674119
1537.4739954270879,1537.4739954270879,1.0134766,0.002566233
1537.4753843349522,1537.4753843349522,1.0138806,0.0025702212
1537.4767732428165,1537.4767732428165,1.0131086,0.002570188
1537.4781621506797,1537.4781621506797,1.0123179,0.0025642987
1537.4795510585425,1537.4795510585425,1.0126786,0.0025651394
1537.4809399664064,1537.4809399664064,1.011465,0.002565252
1537.4823288742707,1537.4823288742707,1.0102531,0.0025654573
1537.4837177821344,1537.4837177821344,1.0102056,0.0025658035
1537.4851066899976,1537.4851066899976,1.0145761,0.0025679877
1537.4864955978608,1537.4864955978608,1.01125,0.0025648787
1537.4878845057244,1537.4878845057244,1.0126888,0.002569968
1537.4892734135885,1537.4892734135885,1.0147916,0.002571709
1537.4906623214524,1537.4906623214524,1.0135475,0.002564995
1537.492051229199,1537.492051229199,1.0142872,0.0025806355
1537.4934401370622,1537.4934401370622,1.012658,0.0025705225
1537.4948290449265,1537.4948290449265,1.0128291,0.002567468
1537.4962179527909,1537.4962179527909,1.0121617,0.0025639308
1537.4976068605376,1537.4976068605376,1.0119791,0.0025656428
1537.4989957684004,1537.4989957684004,1.0127133,0.0025677476
1537.5003846762643,1537.5003846762643,1.0100756,0.0025660056
1537.5017735841286,1537.5017735841286,1.0075705,0.002563628
1537.5031624918759,1537.5031624918759,1.0092386,0.0025671541
1537.504551399739,1537.504551399739,1.0117182,0.0025734738
1537.5059403076023,1537.5059403076023,1.0102413,0.0025673655
1537.5073292153495,1537.5073292153495,1.0084454,0.0025704224
1537.5087181232138,1537.5087181232138,1.0098648,0.002565339
1537.5101070309613,1537.5101070309613,1.0080128,0.0025718561
1537.511495938824,1537.511495938824,1.0109959,0.0025672026
1537.5128848465708,1537.5128848465708,1.0117748,0.0025671753
1537.5142737544352,1537.5142737544352,1.0097953,0.0025677518
1537.515662662183,1537.515662662183,1.0118064,0.0025666412
1537.5170515700463,1537.5170515700463,1.0088336,0.0025765777
1537.5184404777926,1537.5184404777926,1.0074724,0.0025628079
1537.5198293856565,1537.5198293856565,1.0103961,0.0025683611
1537.5212182934044,1537.5212182934044,1.010853,0.0025644829
1537.522607201268,1537.522607201268,1.0119487,0.0025655492
1537.523996109015,1537.523996109015,1.0080999,0.0025616437
1537.525385016878,1537.525385016878,1.0101988,0.002563432
1537.5267739246253,1537.5267739246253,1.0100683,0.0025742399
1537.5281628323733,1537.5281628323733,1.0128434,0.0025679043
1537.5295517402371,1537.5295517402371,1.0111517,0.0025657716
1537.5309406479835,1537.5309406479835,1.0148765,0.002567258
1537.5323295557303,1537.5323295557303,1.0094819,0.0025634205
1537.5337184635946,1537.5337184635946,1.0112994,0.0025675928
1537.5351073713425,1537.5351073713425,1.0127358,0.0025673944
1537.5364962790893,1537.5364962790893,1.0090806,0.0025752638
1537.5378851868359,1537.5378851868359,1.0130472,0.002569182
1537.5392740946997,1537.5392740946997,1.0121347,0.0025651844
1537.5406630024474,1537.5406630024474,1.0112314,0.0025657765
1537.5420519101947,1537.5420519101947,1.0108879,0.002564733
1537.5434408179415,1537.5434408179415,1.0136276,0.0025656563
1537.5448297256883,1537.5448297256883,1.0122665,0.0025714047
1537.546218633436,1537.546218633436,1.0121486,0.0025648482
1537.547607541184,1537.547607541184,1.0083812,0.0025672624
1537.5489964490473,1537.5489964490473,1.0087948,0.002563616
1537.5503853567936,1537.5503853567936,1.0076795,0.0025626286
1537.5517742645404,1537.5517742645404,1.012308,0.0025656628
1537.5531631722884,1537.5531631722884,1.0081353,0.0025624237
1537.5545520800363,1537.5545520800363,1.0088984,0.0025632877
1537.555940987783,1537.555940987783,1.0100071,0.00256679
1537.5573298955296,1537.5573298955296,1.0086268,0.0025636044
1537.558718803277,1537.558718803277,1.0076734,0.0025637157
1537.5601077110248,1537.5601077110248,1.01091,0.0025669201
1537.5614966187723,1537.5614966187723,1.0094903,0.0025645134
1537.5628855265188,1537.5628855265188,1.0169858,0.002567534
1537.5642744341492,1537.5642744341492,1.0112544,0.0025659897
1537.5656633418969,1537.5656633418969,1.0106647,0.0025700442
1537.567052249645,1537.567052249645,1.0081413,0.0025682244
1537.5684411573918,1537.5684411573918,1.0099293,0.0025668445
1537.5698300651381,1537.5698300651381,1.0085108,0.0025631818
1537.571218972885,1537.571218972885,1.0107682,0.0025678293
1537.5726078805167,1537.5726078805167,1.0123875,0.002568523
1537.5739967882644,1537.5739967882644,1.0069349,0.0025622714
1537.5753856960112,1537.5753856960112,1.0062535,0.0025670254
1537.5767746037577,1537.5767746037577,1.008612,0.002569652
1537.5781635113888,1537.5781635113888,1.0088453,0.0025663625
1537.5795524191365,1537.5795524191365,1.0095348,0.0025657504
1537.580941326884,1537.580941326884,1.0097965,0.0025660442
1537.582330234514,1537.582330234514,1.0109738,0.002567606
1537.5837191422609,1537.5837191422609,1.0107515,0.0025626728
1537.5851080500088,1537.5851080500088,1.0069435,0.002570278
1537.5864969576403,1537.5864969576403,1.009411,0.002565481
1537.587885865387,1537.587885865387,1.0084809,0.0025755367
1537.5892747731334,1537.5892747731334,1.0058343,0.002566329
1537.5906636807638,1537.5906636807638,1.012578,0.0025679448
1537.592052588512,1537.592052588512,1.0076332,0.0025645955
1537.5934414961432,1537.5934414961432,1.0090761,0.0025672757
1537.59483040389,1537.59483040389,1.0040697,0.0025583922
1537.5962193115204,1537.5962193115204,1.0065155,0.0025649103
1537.5976082192676,1537.5976082192676,1.0117179,0.0025622225
1537.598997126899,1537.598997126899,1.0055509,0.0025620642
1537.6003860346464,1537.6003860346464,1.0070115,0.0025737393
1537.6017749422765,1537.6017749422765,1.0096731,0.0025641439
1537.6031638499069,1537.6031638499069,1.0075125,0.0025636333
1537.6045527576548,1537.6045527576548,1.006494,0.0025646216
1537.6059416652863,1537.6059416652863,1.007517,0.0025655995
1537.6073305729167,1537.6073305729167,1.0057224,0.002562007
1537.608719480663,1537.608719480663,1.007592,0.002565223
1537.6101083882934,1537.6101083882934,1.0040708,0.002569813
1537.6114972959251,1537.6114972959251,1.0043299,0.0025625853
1537.6128862036728,1537.6128862036728,1.0088453,0.0025636968
1537.6142751113032,1537.6142751113032,1.0043496,0.0025641725
1537.6156640189336,1537.6156640189336,1.0065335,0.0025687853
1537.6170529265644,1537.6170529265644,1.0061946,0.0025646258
1537.6184418343123,1537.6184418343123,1.0056239,0.0025682373
1537.6198307419434,1537.6198307419434,1.0079545,0.0025663527
1537.6212196495733,1537.6212196495733,1.0015719,0.002560897
1537.6226085572036,1537.6226085572036,1.0037373,0.0025713975
1537.6239974648352,1537.6239974648352,1.0053093,0.0025612493
1537.6253863724667,1537.6253863724667,1.0079083,0.002571362
1537.6267752802135,1537.6267752802135,1.0040712,0.0025613126
1537.6281641878436,1537.6281641878436,1.0022397,0.0025621718
1537.6295530954737,1537.6295530954737,1.0045657,0.0025660375
1537.6309420031055,1537.6309420031055,1.004962,0.002564999
1537.6323309107368,1537.6323309107368,1.0039465,0.0025667227
1537.6337198183671,1537.6337198183671,1.0024546,0.0025613573
1537.6351087259975,1537.6351087259975,1.0013343,0.00255972
1537.6364976336283,1537.6364976336283,1.006506,0.0025662547
1537.6378865412598,1537.6378865412598,1.0044585,0.0025667492
1537.6392754488909,1537.6392754488909,1.0047812,0.002570204
1537.6406643565208,1537.6406643565208,1.0009006,0.002559866
1537.6420532640348,1537.6420532640348,1.0030526,0.0025619965
1537.6434421716663,1537.6434421716663,1.0016673,0.0025623247
1537.6448310792978,1537.6448310792978,1.0035855,0.0025623678
1537.6462199869281,1537.6462199869281,1.0031356,0.0025688696
1537.6476088945583,1537.6476088945583,1.0000993,0.002558957
1537.6489978021884,1537.6489978021884,1.0095751,0.0025667697
1537.6503867097038,1537.6503867097038,1.0027344,0.0025623362
1537.6517756173353,1537.6517756173353,1.0013537,0.0025594877
1537.6531645249654,1537.6531645249654,1.0035592,0.0025622284
1537.6545534325958,1537.6545534325958,1.0016478,0.002564191
1537.6559423401106,1537.6559423401106,1.002665,0.0025691208
1537.6573312477424,1537.6573312477424,1.0083305,0.002565704
1537.6587201553727,1537.6587201553727,1.0053577,0.0025647597
1537.6601090630027,1537.6601090630027,0.99974,0.0025607843
1537.6614979705166,1537.6614979705166,1.0026764,0.0025648915
1537.6628868781481,1537.6628868781481,0.99842054,0.0025590442
1537.6642757856632,1537.6642757856632,1.0032127,0.0025642703
1537.6656646932936,1537.6656646932936,1.0013177,0.002560109
1537.6670536009237,1537.6670536009237,1.0053366,0.002562866
1537.6684425084375,1537.6684425084375,1.0034224,0.0025655087
1537.6698314160692,1537.6698314160692,1.006401,0.002570928
1537.6712203235843,1537.6712203235843,1.005112,0.0025681804
1537.6726092312144,1537.6726092312144,0.99850225,0.00255974
1537.6739981387284,1537.6739981387284,0.9979786,0.0025629536
1537.67538704636,1537.67538704636,0.999239,0.0025610204
1537.676775953875,1537.676775953875,0.99838346,0.0025612535
1537.6781648615054,1537.6781648615054,1.0017954,0.0025647415
1537.6795537690189,1537.6795537690189,0.9961662,0.0025569233
1537.6809426766492,1537.6809426766492,1.0036833,0.0025644004
1537.6823315841646,1537.6823315841646,1.0024494,0.002563653
1537.6837204916794,1537.6837204916794,1.0012366,0.0025665765
1537.6851093993098,1537.6851093993098,0.9984287,0.0025584397
1537.6864983068235,1537.6864983068235,0.9993509,0.0025582784
1537.6878872143373,1537.6878872143373,1.003834,0.0025594297
1537.689276121969,1537.689276121969,0.9984741,0.0025576856
1537.690665029484,1537.690665029484,1.0027738,0.0025647986
1537.6920539369978,1537.6920539369978,1.0001557,0.0025582162
1537.6934428445118,1537.6934428445118,0.999433,0.0025634232
1537.6948317521433,1537.6948317521433,1.0004973,0.0025663238
1537.6962206596584,1537.6962206596584,0.9976195,0.0025602852
1537.6976095671723,1537.6976095671723,0.99861807,0.002564308
1537.6989984746858,1537.6989984746858,1.0010537,0.0025607222
1537.7003873821998,1537.7003873821998,1.000961,0.0025606446
1537.701776289715,1537.701776289715,1.0011798,0.0025630093
1537.7031651973464,1537.7031651973464,1.0006351,0.0025609077
1537.7045541048603,1537.7045541048603,1.0014505,0.00256658
1537.7059430123743,1537.7059430123743,1.0003183,0.0025595773
1537.7073319198878,1537.7073319198878,1.0002539,0.002559101
1537.708720827403,1537.708720827403,0.99902576,0.002559704
1537.7101097349184,1537.7101097349184,1.0005695,0.0025680624
1537.711498642432,1537.711498642432,1.0005414,0.002561077
1537.712887549946,1537.712887549946,0.99875236,0.0025589885
1537.714276457461,1537.714276457461,1.0019203,0.002560479
1537.715665364976,1537.715665364976,0.9990257,0.0025624486
1537.71705427249,1537.71705427249,1.0027009,0.002564951
1537.7184431800035,1537.7184431800035,0.9998036,0.0025658496
1537.7198320875175,1537.7198320875175,0.99848217,0.00255847
1537.7212209949164,1537.7212209949164,0.9977223,0.0025604332
1537.7226099024313,1537.7226099024313,0.99778837,0.0025569915
1537.7239988099452,1537.7239988099452,0.9986184,0.0025559147
1537.7253877174592,1537.7253877174592,0.99278677,0.002563673
1537.7267766249727,1537.7267766249727,0.99935484,0.0025581012
1537.728165532488,1537.728165532488,0.9966503,0.0025565778
1537.729554439887,1537.729554439887,1.0001662,0.0025618926
1537.7309433474004,1537.7309433474004,0.99701494,0.0025581792
1537.7323322549144,1537.7323322549144,0.9978757,0.002561772
1537.7337211624294,1537.7337211624294,0.9931942,0.0025556558
1537.7351100698281,1537.7351100698281,0.9939487,0.0025576001
1537.736498977342,1537.736498977342,0.9945817,0.002554995
1537.7378878848558,1537.7378878848558,0.99736464,0.002564048
1537.7392767922531,1537.7392767922531,0.99748284,0.0025570323
1537.7406656997684,1537.7406656997684,0.99342495,0.0025606244
1537.7420546072833,1537.7420546072833,0.9975543,0.0025596207
1537.7434435146808,1537.7434435146808,0.99814546,0.0025632766
1537.7448324221948,1537.7448324221948,0.9973561,0.0025677127
1537.746221329592,1537.746221329592,0.9975708,0.0025615708
1537.7476102371072,1537.7476102371072,0.9936118,0.002557477
1537.7489991445061,1537.7489991445061,0.9962415,0.0025597012
1537.7503880520196,1537.7503880520196,0.99602956,0.0025600044
1537.7517769594172,1537.7517769594172,0.99478287,0.0025658081
1537.7531658669322,1537.7531658669322,0.9952099,0.0025588397
1537.754554774331,1537.754554774331,0.993347,0.0025552115
1537.7559436818449,1537.7559436818449,0.9912297,0.0025566013
1537.7573325892422,1537.7573325892422,0.99137133,0.0025543547
1537.758721496756,1537.758721496756,0.9972338,0.0025589552
1537.7601104041548,1537.7601104041548,0.9933502,0.0025577808
1537.7614993115535,1537.7614993115535,0.9945133,0.0025559415
1537.7628882190672,1537.7628882190672,0.9960788,0.0025599808
1537.7642771264648,1537.7642771264648,0.99514633,0.0025549573
1537.7656660338619,1537.7656660338619,0.99541706,0.0025573266
1537.7670549413772,1537.7670549413772,0.9991063,0.0025599448
1537.768443848776,1537.768443848776,0.99431324,0.002555255
1537.7698327561732,1537.7698327561732,0.9937476,0.0025625334
1537.7712216635707,1537.7712216635707,0.9940367,0.0025605492
1537.772610571086,1537.772610571086,0.9952845,0.0025548234
1537.7739994784845,1537.7739994784845,0.9922923,0.0025532017
1537.775388385882,1537.775388385882,0.9934138,0.0025553617
1537.7767772932793,1537.7767772932793,0.99335545,0.0025563855
1537.7781662006767,1537.7781662006767,0.99435836,0.0025576758
1537.7795551080756,1537.7795551080756,0.99381554,0.0025590507
1537.7809440154742,1537.7809440154742,0.9936007,0.0025564895
1537.782332922988,1537.782332922988,0.99490196,0.0025575757
1537.7837218303855,1537.7837218303855,0.9944992,0.0025815964
1537.7851107377826,1537.7851107377826,0.9929493,0.0025563857
1537.7864996451815,1537.7864996451815,0.9958212,0.0025610875
1537.7878885525804,1537.7878885525804,0.9911213,0.0025567198
1537.7892774599775,1537.7892774599775,0.99031013,0.002562727
1537.790666367375,1537.790666367375,0.9926323,0.0025578535
1537.792055274774,1537.792055274774,0.9926524,0.0025566898
1537.7934441821724,1537.7934441821724,0.9918593,0.0025567855
1537.79483308957,1537.79483308957,0.9936937,0.0025550162
1537.796221996851,1537.796221996851,0.99553627,0.0025600858
1537.7976109042481,1537.7976109042481,0.9934057,0.0025579052
1537.798999811647,1537.798999811647,0.99831843,0.002559606
1537.8003887190457,1537.8003887190457,0.9878285,0.0025545987
1537.801777626443,1537.801777626443,0.9882683,0.0025553165
1537.8031665338406,1537.8031665338406,0.9927947,0.0025555142
1537.8045554412379,1537.8045554412379,0.9883867,0.0025555955
1537.8059443485201,1537.8059443485201,0.991826,0.0025569382
1537.807333255919,1537.807333255919,0.993437,0.0025550853
1537.8087221633161,1537.8087221633161,0.990091,0.0025556183
1537.8101110707137,1537.8101110707137,0.9948721,0.002555633
1537.8114999779962,1537.8114999779962,0.992517,0.0025622963
1537.8128888853946,1537.8128888853946,0.9892186,0.0025574828
1537.8142777927922,1537.8142777927922,0.99115175,0.00255336
1537.8156667000733,1537.8156667000733,0.99116766,0.0025561296
1537.8170556074704,1537.8170556074704,0.994581,0.002557475
1537.8184445148693,1537.8184445148693,0.990261,0.0025536895
1537.8198334221518,1537.8198334221518,0.9906758,0.0025652812
1537.8212223295488,1537.8212223295488,0.99133706,0.002556075
1537.82261123683,1537.82261123683,0.99031043,0.0025599191
1537.8240001442273,1537.8240001442273,0.98884034,0.0025552467
1537.8253890515095,1537.8253890515095,0.9906,0.0025563054
1537.8267779589085,1537.8267779589085,0.99155825,0.0025564565
1537.8281668661893,1537.8281668661893,0.9899635,0.002558338
1537.8295557735867,1537.8295557735867,0.99214876,0.0025544434
1537.8309446808692,1537.8309446808692,0.9892024,0.0025557498
1537.8323335882676,1537.8323335882676,0.98678905,0.002553322
1537.8337224955487,1537.8337224955487,0.9917887,0.0025523382
1537.8351114029463,1537.8351114029463,0.9873799,0.0025529207
1537.836500310227,1537.836500310227,0.9857681,0.0025567445
1537.8378892175094,1537.8378892175094,0.9893999,0.002560682
1537.8392781249083,1537.8392781249083,0.98748326,0.0025494865
1537.840667032189,1537.840667032189,0.9897908,0.002556441
1537.8420559394701,1537.8420559394701,0.9920254,0.0025690976
1537.8434448468674,1537.8434448468674,0.98560256,0.002554868
1537.8448337541497,1537.8448337541497,0.98625827,0.0025550735
1537.8462226614322,1537.8462226614322,0.9852238,0.0025548968
1537.847611568713,1537.847611568713,0.9842892,0.0025580954
1537.8490004761104,1537.8490004761104,0.98578763,0.002552991
1537.850389383393,1537.850389383393,0.9892656,0.00255339
1537.8517782906752,1537.8517782906752,0.9873565,0.002554856
1537.853167197956,1537.853167197956,0.9866989,0.0025536374
1537.8545561052372,1537.8545561052372,0.98791426,0.0025575075
1537.8559450125179,1537.8559450125179,0.9893387,0.0025617548
1537.8573339199168,1537.8573339199168,0.9883179,0.0025534919
1537.8587228271992,1537.8587228271992,0.9899564,0.0025536288
1537.86011173448,1537.86011173448,0.9866139,0.0025566588
1537.861500641761,1537.861500641761,0.98698956,0.0025570167
1537.862889549042,1537.862889549042,0.9854044,0.0025657238
1537.8642784563242,1537.8642784563242,0.9880681,0.0025549137
1537.8656673636067,1537.8656673636067,0.9852297,0.0025514553
1537.8670562708876,1537.8670562708876,0.9862821,0.0025528863
1537.8684451781685,1537.8684451781685,0.9877848,0.002557383
1537.869834085451,1537.869834085451,0.985843,0.0025535836
1537.8712229927332,1537.8712229927332,0.98515475,0.002551988
1537.8726119000141,1537.8726119000141,0.98704004,0.0025518571
1537.8740008071788,1537.8740008071788,0.98456895,0.0025552546
1537.8753897144595,1537.8753897144595,0.9889983,0.00255519
1537.876778621742,1537.876778621742,0.987539,0.0025542576
1537.8781675290245,1537.8781675290245,0.98567677,0.002554934
1537.8795564363052,1537.8795564363052,0.9860314,0.0025533338
1537.8809453435863,1537.8809453435863,0.9867333,0.0025504676
1537.882334250751,1537.882334250751,0.9858229,0.002554603
1537.883723158033,1537.883723158033,0.98455554,0.0025511882
1537.8851120653155,1537.8851120653155,0.9835159,0.0025516471
1537.8865009725964,1537.8865009725964,0.9840927,0.0025531685
1537.887889879761,1537.887889879761,0.9846986,0.0025525524
1537.8892787870434,1537.8892787870434,0.9874767,0.0025534625
1537.8906676943257,1537.8906676943257,0.98809165,0.002560593
1537.8920566014901,1537.8920566014901,0.9831584,0.0025513752
1537.8934455087713,1537.8934455087713,0.9878963,0.0025537095
1537.894834416052,1537.894834416052,0.98538697,0.0025523005
1537.896223323218,1537.896223323218,0.9838913,0.002552057
1537.8976122305005,1537.8976122305005,0.98654795,0.0025581103
1537.8990011376648,1537.8990011376648,0.98398155,0.0025513473
1537.9003900449459,1537.9003900449459,0.98768723,0.0025513298
1537.9017789521106,1537.9017789521106,0.98477906,0.0025525708
1537.9031678593926,1537.9031678593926,0.9817019,0.0025509524
1537.9045567665587,1537.9045567665587,0.98346937,0.0025557596
1537.9059456738398,1537.9059456738398,0.9827732,0.0025618232
1537.907334581004,1537.907334581004,0.9856078,0.0025578155
1537.9087234882857,1537.9087234882857,0.9824595,0.002550973
1537.9101123954517,1537.9101123954517,0.9863401,0.0025537652
1537.9115013027333,1537.9115013027333,0.984915,0.0025523894
1537.912890209898,1537.912890209898,0.983864,0.0025546812
1537.9142791170625,1537.9142791170625,0.98472714,0.0025551817
1537.9156680243448,1537.9156680243448,0.9823022,0.002554189
1537.9170569315108,1537.9170569315108,0.985879,0.0025519289
1537.918445838675,1537.918445838675,0.9850572,0.0025515046
1537.9198347459562,1537.9198347459562,0.9822753,0.0025546236
1537.921223653121,1537.921223653121,0.98238087,0.0025501573
1537.9226125602866,1537.9226125602866,0.9841154,0.00255861
1537.9240014674526,1537.9240014674526,0.98244756,0.0025498376
1537.9253903747338,1537.9253903747338,0.98286694,0.0025621243
1537.926779281898,1537.926779281898,0.9832519,0.0025494618
1537.9281681890632,1537.9281681890632,0.9821153,0.002549646
1537.9295570962292,1537.9295570962292,0.98193806,0.0025521286
1537.9309460033944,1537.9309460033944,0.9810766,0.0025476387
1537.9323349105591,1537.9323349105591,0.98097664,0.0025529792
1537.93372381784,1537.93372381784,0.98291254,0.0025558814
1537.9351127250059,1537.9351127250059,0.9804238,0.0025482068
1537.936501632172,1537.936501632172,0.9795631,0.0025486834
1537.9378905393364,1537.9378905393364,0.9815495,0.0025525445
1537.939279446501,1537.939279446501,0.9786916,0.002560533
1537.9406683535492,1537.9406683535492,0.98771805,0.0025551454
1537.9420572607148,1537.9420572607148,0.9827469,0.0025552567
1537.943446167881,1537.943446167881,0.9850381,0.0025567824
1537.9448350750456,1537.9448350750456,0.98098195,0.0025537785
1537.9462239822099,1537.9462239822099,0.98293406,0.002550976
1537.9476128893753,1537.9476128893753,0.98204565,0.002553456
1537.949001796541,1537.949001796541,0.9801574,0.002550495
1537.9503907037063,1537.9503907037063,0.9816499,0.0025513533
1537.951779610871,1537.951779610871,0.98087734,0.0025560155
1537.9531685180355,1537.9531685180355,0.98041046,0.00255483
1537.9545574252013,1537.9545574252013,0.97991186,0.0025480143
1537.9559463323674,1537.9559463323674,0.9843673,0.0025512564
1537.9573352395319,1537.9573352395319,0.98401314,0.0025496953
1537.9587241466963,1537.9587241466963,0.98377657,0.0025495784
1537.960113053861,1537.960113053861,0.97887367,0.002551118
1537.961501960794,1537.961501960794,0.98113686,0.0025532604
1537.96289086796,1537.96289086796,0.98435116,0.0025516427
1537.9642797751246,1537.9642797751246,0.9798038,0.0025516006
1537.9656686822889,1537.9656686822889,0.9826097,0.0025515803
1537.9670575894543,1537.9670575894543,0.98336184,0.002549861
1537.9684464966201,1537.9684464966201,0.97716737,0.002547829
1537.9698354035525,1537.9698354035525,0.9807761,0.002551821
1537.9712243107172,1537.9712243107172,0.97595996,0.0025464806
1537.9726132178819,1537.9726132178819,0.98434573,0.0025531647
1537.9740021250475,1537.9740021250475,0.9849686,0.0025535317
1537.9753910322136,1537.9753910322136,0.98331314,0.002549049
1537.9767799391452,1537.9767799391452,0.97759926,0.0025550222
1537.9781688463097,1537.9781688463097,0.9804356,0.0025514734
1537.9795577534744,1537.9795577534744,0.9792805,0.002549806
1537.9809466606403,1537.9809466606403,0.9800813,0.0025508222
1537.9823355675733,1537.9823355675733,0.98301345,0.0025517433
1537.983724474738,1537.983724474738,0.9823933,0.0025491558
1537.9851133819022,1537.9851133819022,0.98097926,0.002552344
1537.9865022888348,1537.9865022888348,0.98224497,0.0025525778
1537.9878911960006,1537.9878911960006,0.97899485,0.0025506741
1537.9892801031658,1537.9892801031658,0.98064655,0.002551197
1537.9906690100977,1537.9906690100977,0.97817665,0.002550835
1537.9920579172624,1537.9920579172624,0.98097086,0.002549036
1537.993446824428,1537.993446824428,0.9759827,0.002552847
1537.9948357313613,1537.9948357313613,0.9753197,0.0025567827
1537.996224638526,1537.996224638526,0.98068327,0.002552436
1537.9976135456902,1537.9976135456902,0.98082656,0.00255277
1537.999002452622,1537.999002452622,0.98351514,0.0025629299
1538.000391359788,1538.000391359788,0.9788621,0.0025539906
1538.0017802669538,1538.0017802669538,0.9779548,0.0025500755
1538.0031691738857,1538.0031691738857,0.9796094,0.0025509407
1538.00455808105,1538.00455808105,0.9782296,0.00254837
1538.0059469879825,1538.0059469879825,0.9777349,0.002550992
1538.0073358951483,1538.0073358951483,0.97940636,0.0025532965
1538.0087248020807,1538.0087248020807,0.9830414,0.0025497049
1538.0101137092454,1538.0101137092454,0.9786553,0.0025451325
1538.0115026161773,1538.0115026161773,0.9769724,0.0025485537
1538.012891523343,1538.012891523343,0.9803773,0.002554859
1538.014280430509,1538.014280430509,0.97574675,0.0025543028
1538.0156693374408,1538.0156693374408,0.9775733,0.002550512
1538.017058244605,1538.017058244605,0.9762637,0.0025503186
1538.018447151537,1538.018447151537,0.9773645,0.0025486334
1538.01983605847,1538.01983605847,0.9814618,0.0025523657
1538.0212249656358,1538.0212249656358,0.98204035,0.0025493472
1538.0226138725677,1538.0226138725677,0.98088276,0.0025473146
1538.0240027797322,1538.0240027797322,0.9762905,0.002546111
1538.0253916866648,1538.0253916866648,0.98087895,0.0025507715
1538.0267805938304,1538.0267805938304,0.9768591,0.0025557508
1538.0281695007627,1538.0281695007627,0.9802855,0.0025552472
1538.0295584079274,1538.0295584079274,0.9791574,0.0025481256
1538.0309473148593,1538.0309473148593,0.9795659,0.0025458517
1538.0323362217916,1538.0323362217916,0.9771404,0.0025573703
1538.0337251289575,1538.0337251289575,0.9756195,0.0025502504
1538.03511403589,1538.03511403589,0.9764609,0.002549176
1538.0365029430543,1538.0365029430543,0.9823999,0.0025549696
1538.0378918499862,1538.0378918499862,0.979881,0.0025524755
1538.0392807569192,1538.0392807569192,0.97942835,0.002551943
1538.040669664085,1538.040669664085,0.97922724,0.0025490352
1538.042058571017,1538.042058571017,0.9760311,0.0025466962
1538.0434474779486,1538.0434474779486,0.9788815,0.0025562928
1538.044836385114,1538.044836385114,0.97533816,0.0025478753
1538.0462252920468,1538.0462252920468,0.97852767,0.0025476483
1538.0476141989793,1538.0476141989793,0.9813872,0.0025493128
1538.049003105911,1538.049003105911,0.97780156,0.0025506448
1538.0503920130757,1538.0503920130757,0.9728114,0.0025489812
1538.051780920008,1538.051780920008,0.9799358,0.0025470823
1538.053169826941,1538.053169826941,0.97714186,0.0025562318
1538.0545587338736,1538.0545587338736,0.9795643,0.002547441
1538.0559476410378,1538.0559476410378,0.97958404,0.0025481975
1538.0573365479697,1538.0573365479697,0.9750668,0.002551844
1538.058725454903,1538.058725454903,0.97682524,0.0025497943
1538.0601143618358,1538.0601143618358,0.9802281,0.0025526017
1538.0615032690005,1538.0615032690005,0.981347,0.0025514548
1538.0628921759321,1538.0628921759321,0.9755688,0.0025476078
1538.0642810828647,1538.0642810828647,0.97814274,0.0025580567
1538.0656699897975,1538.0656699897975,0.974535,0.0025521219
1538.06705889673,1538.06705889673,0.97631365,0.0025476196
1538.0684478036617,1538.0684478036617,0.97845596,0.0025508788
1538.0698367108264,1538.0698367108264,0.9795198,0.0025560788
1538.0712256177587,1538.0712256177587,0.97846663,0.002557611
1538.072614524692,1538.072614524692,0.97402084,0.0025482972
1538.0740034316243,1538.0740034316243,0.9762518,0.002550973
1538.0753923385557,1538.0753923385557,0.976622,0.0025493035
1538.0767812454876,1538.0767812454876,0.98125166,0.002551698
1538.0781701524209,1538.0781701524209,0.97744507,0.002562435
1538.0795590593536,1538.0795590593536,0.9801739,0.0025567065
1538.0809479662855,1538.0809479662855,0.9744793,0.002547041
1538.0823368732174,1538.0823368732174,0.976214,0.0025465125
1538.0837257801497,1538.0837257801497,0.98088294,0.0025630149
1538.0851146873154,1538.0851146873154,0.97612053,0.0025474068
1538.086503594248,1538.086503594248,0.97808886,0.0025527666
1538.0878925011796,1538.0878925011796,0.97920024,0.0025475416
1538.0892814081114,1538.0892814081114,0.9808194,0.0025509407
1538.0906703150438,1538.0906703150438,0.97701895,0.0025502767
1538.092059221977,1538.092059221977,0.9768079,0.0025536756
1538.0934481289094,1538.0934481289094,0.9790551,0.0025515587
1538.0948370358408,1538.0948370358408,0.9777143,0.0025515386
1538.0962259427727,1538.0962259427727,0.9739488,0.0025461135
1538.0976148494722,1538.0976148494722,0.9780189,0.002549892
1538.0990037564054,1538.0990037564054,0.977827,0.0025472802
1538.1003926633377,1538.1003926633377,0.98209685,0.0025551636
1538.1017815702696,1538.1017815702696,0.9782874,0.0025465866
1538.103170477201,1538.103170477201,0.98073065,0.0025526772
1538.1045593841343,1538.1045593841343,0.9772478,0.0025467451
1538.1059482910675,1538.1059482910675,0.980582,0.0025490725
1538.107337197999,1538.107337197999,0.9785099,0.0025528027
1538.1087261049308,1538.1087261049308,0.9769655,0.0025505659
1538.1101150118632,1538.1101150118632,0.9798536,0.0025477405
1538.1115039187964,1538.1115039187964,0.97889036,0.0025534232
1538.112892825496,1538.112892825496,0.97828794,0.0025594442
1538.1142817324276,1538.1142817324276,0.97921044,0.0025481456
1538.1156706393592,1538.1156706393592,0.9796896,0.0025487542
1538.1170595462916,1538.1170595462916,0.9790815,0.0025512227
1538.1184484532248,1538.1184484532248,0.97886795,0.0025475316
1538.1198373601571,1538.1198373601571,0.98440343,0.002553101
1538.1212262668562,1538.1212262668562,0.9780983,0.0025495053
1538.1226151737885,1538.1226151737885,0.9816439,0.0025658403
1538.1240040807215,1538.1240040807215,0.9808176,0.0025526346
1538.125392987654,1538.125392987654,0.9802586,0.00254988
1538.1267818943527,1538.1267818943527,0.9813083,0.0025545456
1538.1281708012846,1538.1281708012846,0.9792385,0.0025492427
1538.129559708217,1538.129559708217,0.9796045,0.002547095
1538.1309486151501,1538.1309486151501,0.97945696,0.002554149
1538.1323375218496,1538.1323375218496,0.9793303,0.0025569552
1538.1337264287813,1538.1337264287813,0.9798923,0.0025497235
1538.135115335713,1538.135115335713,0.98256135,0.0025568258
1538.1365042424125,1538.1365042424125,0.98158324,0.0025505573
1538.1378931493457,1538.1378931493457,0.9816184,0.0025494187
1538.139282056278,1538.139282056278,0.98570716,0.0025512376
1538.140670962977,1538.140670962977,0.9878468,0.0025560593
1538.1420598699085,1538.1420598699085,0.98199797,0.0025499917
1538.1434487768418,1538.1434487768418,0.981212,0.002552681
1538.1448376835422,1538.1448376835422,0.9792278,0.002551872
1538.1462265904736,1538.1462265904736,0.98191816,0.002563374
1538.1476154974055,1538.1476154974055,0.98059493,0.0025492287
1538.149004404105,1538.149004404105,0.9784174,0.0025495302
1538.1503933110382,1538.1503933110382,0.9828992,0.0025530325
1538.1517822177377,1538.1517822177377,0.9803375,0.0025594842
1538.1531711246694,1538.1531711246694,0.9827058,0.0025490234
1538.154560031601,1538.154560031601,0.9835509,0.0025525268
1538.1559489383005,1538.1559489383005,0.9809843,0.0025573247
1538.1573378452338,1538.1573378452338,0.9827563,0.0025665069
1538.1587267519333,1538.1587267519333,0.97798306,0.0025483256
1538.1601156588652,1538.1601156588652,0.9772698,0.002549259
1538.1615045655637,1538.1615045655637,0.98390853,0.0025526534
1538.1628934724963,1538.1628934724963,0.9835698,0.0025525626
1538.1642823791965,1538.1642823791965,0.979752,0.0025524136
1538.1656712861288,1538.1656712861288,0.9797921,0.0025522236
1538.1670601928279,1538.1670601928279,0.9843843,0.00255702
1538.1684490997602,1538.1684490997602,0.9797579,0.0025646074
1538.1698380064606,1538.1698380064606,0.97940266,0.0025533885
1538.171226913393,1538.171226913393,0.97755736,0.0025580167
1538.1726158200918,1538.1726158200918,0.98306173,0.0025503726
1538.1740047270234,1538.1740047270234,0.98267066,0.002551338
1538.175393633723,1538.175393633723,0.97849995,0.0025492415
1538.1767825404233,1538.1767825404233,0.989818,0.0025543936
1538.1781714473557,1538.1781714473557,0.9866214,0.0025589531
1538.1795603540547,1538.1795603540547,0.99421865,0.0025557557
1538.1809492609862,1538.1809492609862,0.993043,0.0025646742
1538.1823381676859,1538.1823381676859,0.9912602,0.0025629622
1538.183727074386,1538.183727074386,0.9901954,0.0025570323
1538.1851159813184,1538.1851159813184,0.98845714,0.0025556043
1538.1865048880175,1538.1865048880175,0.99625915,0.002561531
1538.187893794717,1538.187893794717,0.98639673,0.0025585892
1538.1892827016502,1538.1892827016502,0.9857657,0.002551619
1538.1906716083497,1538.1906716083497,0.9882617,0.0025538325
1538.1920605150488,1538.1920605150488,0.9871134,0.0025511675
1538.1934494219802,1538.1934494219802,0.9823376,0.0025582614
1538.1948383286797,1538.1948383286797,0.9828512,0.002559544
1538.19622723538,1538.19622723538,0.98777777,0.002553742
1538.1976161423124,1538.1976161423124,0.98547184,0.0025489288
1538.1990050490115,1538.1990050490115,0.98385805,0.0025530308
1538.2003939557103,1538.2003939557103,0.9877094,0.0025543189
1538.20178286241,1538.20178286241,0.9831899,0.002554892
1538.2031717693428,1538.2031717693428,0.98993504,0.0025649513
1538.2045606760423,1538.2045606760423,0.9855152,0.0025529487
1538.2059495827414,1538.2059495827414,0.9860063,0.0025506848
1538.2073384894409,1538.2073384894409,0.98863786,0.0025544052
1538.2087273963732,1538.2087273963732,0.9837874,0.0025535838
1538.210116303073,1538.210116303073,0.9871388,0.0025537158
1538.2115052097727,1538.2115052097727,0.9848941,0.0025574395
1538.2128941164713,1538.2128941164713,0.9850148,0.0025625764
1538.214283023171,1538.214283023171,0.9837621,0.0025550353
1538.2156719298712,1538.2156719298712,0.98520744,0.002556872
1538.2170608368035,1538.2170608368035,0.987412,0.0025521216
1538.2184497435026,1538.2184497435026,0.98757035,0.0025540353
1538.2198386502014,1538.2198386502014,0.9877206,0.0025521917
1538.221227556901,1538.221227556901,0.98708516,0.0025515873
1538.222616463601,1538.222616463601,0.9853399,0.0025530928
1538.2240053703008,1538.2240053703008,0.98659647,0.002550608
1538.2253942769996,1538.2253942769996,0.986856,0.0025537056
1538.2267831836991,1538.2267831836991,0.9850984,0.0025612907
1538.2281720903986,1538.2281720903986,0.9821356,0.002554847
1538.2295609970984,1538.2295609970984,0.98541176,0.002552171
1538.230949903798,1538.230949903798,0.98511505,0.0025518609
1538.2323388107295,1538.2323388107295,0.9893896,0.0025601762
1538.2337277174292,1538.2337277174292,0.9891651,0.002558937
1538.2351166241294,1538.2351166241294,0.9853725,0.0025543158
1538.236505530829,1538.236505530829,0.9853661,0.002553474
1538.237894437528,1538.237894437528,0.98635983,0.0025525948
1538.2392833442268,1538.2392833442268,0.98632574,0.0025523952
1538.2406722509265,1538.2406722509265,0.98851854,0.0025681832
1538.2420611576265,1538.2420611576265,0.98748666,0.0025577215
1538.2434500640934,1538.2434500640934,0.9882823,0.0025619902
1538.2448389707922,1538.2448389707922,0.988644,0.0025545394
1538.2462278774917,1538.2462278774917,0.98865104,0.0025527147
1538.2476167841912,1538.2476167841912,0.98487735,0.0025508215
1538.249005690891,1538.249005690891,0.9868864,0.0025538397
1538.2503945975907,1538.2503945975907,0.98727703,0.0025541917
1538.2517835042893,1538.2517835042893,0.984179,0.0025648407
1538.253172410989,1538.253172410989,0.98254484,0.0025535044
1538.2545613176892,1538.2545613176892,0.98828876,0.0025596956
1538.2559502243887,1538.2559502243887,0.9886768,0.0025550302
1538.2573391310877,1538.2573391310877,0.98712933,0.0025538898
1538.258728037554,1538.258728037554,0.9861846,0.0025507226
1538.2601169442535,1538.2601169442535,0.9869003,0.002549811
1538.2615058509534,1538.2615058509534,0.98986983,0.0025656938
1538.2628947576532,1538.2628947576532,0.9906439,0.002556515
1538.264283664352,1538.264283664352,0.9907015,0.0025560695
1538.2656725710515,1538.2656725710515,0.9864992,0.0025564104
1538.2670614775184,1538.2670614775184,0.99040586,0.0025569904
1538.268450384218,1538.268450384218,0.9855501,0.0025534313
1538.2698392909176,1538.2698392909176,0.9910617,0.0025551745
1538.2712281976162,1538.2712281976162,0.98785216,0.002554934
1538.272617104316,1538.272617104316,0.99088454,0.002554907
1538.2740060107828,1538.2740060107828,0.99025786,0.0025549487
1538.2753949174823,1538.2753949174823,0.99016553,0.0025539377
1538.2767838241818,1538.2767838241818,0.99092907,0.0025540874
1538.278172730648,1538.278172730648,0.9899245,0.0025540523
1538.2795616373476,1538.2795616373476,0.9858776,0.0025526697
1538.2809505440478,1538.2809505440478,0.9897779,0.0025546455
1538.2823394507475,1538.2823394507475,0.9902879,0.0025548271
1538.2837283572132,1538.2837283572132,0.9906293,0.002557974
1538.2851172639128,1538.2851172639128,0.9917102,0.00255531
1538.2865061706125,1538.2865061706125,0.9896034,0.002556112
1538.2878950770794,1538.2878950770794,0.9907485,0.002557624
1538.289283983779,1538.289283983779,0.99384105,0.0025552937
1538.2906728904777,1538.2906728904777,0.9915768,0.002555555
1538.2920617969446,1538.2920617969446,0.9926808,0.0025565836
1538.293450703644,1538.293450703644,0.9905714,0.0025552653
1538.2948396101108,1538.2948396101108,0.9919113,0.0025553557
1538.2962285168103,1538.2962285168103,0.99130595,0.0025550388
1538.2976174235093,1538.2976174235093,0.9974495,0.0025593292
1538.299006329976,1538.299006329976,0.99211985,0.002555072
1538.3003952366755,1538.3003952366755,0.9924082,0.0025726906
1538.3017841431422,1538.3017841431422,0.99787897,0.002559474
1538.3031730498417,1538.3031730498417,0.99169946,0.0025557687
1538.3045619563084,1538.3045619563084,0.99462306,0.0025613406
1538.305950863008,1538.305950863008,0.9936644,0.002559855
1538.3073397697078,1538.3073397697078,0.9988874,0.0025583
1538.3087286761745,1538.3087286761745,0.99311435,0.0025551955
1538.3101175828733,1538.3101175828733,0.99337775,0.002555562
1538.3115064893402,1538.3115064893402,0.9947365,0.002555882
1538.3128953960397,1538.3128953960397,0.99051034,0.002553099
1538.3142843025064,1538.3142843025064,0.9936267,0.0025573443
1538.315673208973,1538.315673208973,0.9982899,0.0025574714
1538.3170621156721,1538.3170621156721,0.9920997,0.0025564262
1538.3184510221388,1538.3184510221388,0.9941967,0.0025700354
1538.3198399288383,1538.3198399288383,0.99329174,0.002553071
1538.321228835305,1538.321228835305,0.9945651,0.0025573403
1538.3226177420045,1538.3226177420045,0.9970064,0.002558841
1538.3240066484714,1538.3240066484714,0.9956467,0.0025616088
1538.3253955549383,1538.3253955549383,0.9947841,0.002561588
1538.3267844616378,1538.3267844616378,0.99387264,0.0025559135
1538.3281733681044,1538.3281733681044,0.9989578,0.0025560881
1538.3295622748033,1538.3295622748033,0.9959407,0.0025567408
1538.3309511812702,1538.3309511812702,0.9938506,0.0025558884
1538.3323400877368,1538.3323400877368,0.996295,0.0025592109
1538.3337289944363,1538.3337289944363,0.9990409,0.0025612174
1538.335117900903,1538.335117900903,0.99574417,0.002555244
1538.3365068073692,1538.3365068073692,0.9979252,0.002557507
1538.3378957140687,1538.3378957140687,0.9963844,0.0025609096
1538.3392846205354,1538.3392846205354,0.9957787,0.002564093
1538.340673527002,1538.340673527002,0.99728006,0.0025549082
1538.3420624334688,1538.3420624334688,0.9947957,0.0025646905
1538.3434513401685,1538.3434513401685,0.996551,0.002557061
1538.3448402466354,1538.3448402466354,0.99967176,0.0025601934
1538.3462291531011,1538.3462291531011,0.9959128,0.002559841
1538.3476180595678,1538.3476180595678,0.99567914,0.0025564772
1538.3490069662676,1538.3490069662676,0.9976119,0.002557895
1538.3503958727345,1538.3503958727345,0.9961472,0.0025595494
1538.3517847792011,1538.3517847792011,1.0000607,0.0025580477
1538.3531736856678,1538.3531736856678,0.9989701,0.002556685
1538.3545625923673,1538.3545625923673,0.9985554,0.0025588889
1538.3559514988335,1538.3559514988335,0.9969025,0.0025635494
1538.3573404053002,1538.3573404053002,0.9974951,0.0025595615
1538.3587293117669,1538.3587293117669,0.99908453,0.0025611417
1538.3601182182335,1538.3601182182335,0.99864215,0.0025560416
1538.3615071247002,1538.3615071247002,0.9976431,0.0025646156
1538.3628960314,1538.3628960314,1.001275,0.0025608153
1538.3642849378668,1538.3642849378668,0.99729896,0.002559623
1538.3656738443326,1538.3656738443326,0.99999857,0.0025664805
1538.3670627507995,1538.3670627507995,0.99695355,0.0025677122
1538.3684516572664,1538.3684516572664,0.99984664,0.002573153
1538.369840563733,1538.369840563733,1.0011623,0.0025590903
1538.3712294701998,1538.3712294701998,0.99947685,0.00255849
1538.3726183766664,1538.3726183766664,0.9980536,0.002556935
1538.374007283133,1538.374007283133,0.9995748,0.0025560458
1538.3753961895993,1538.3753961895993,0.9987091,0.0025613776
1538.376785096066,1538.376785096066,0.9971601,0.0025593848
1538.3781740025327,1538.3781740025327,0.9976883,0.002558673
1538.3795629089993,1538.3795629089993,0.9956156,0.0025548907
1538.380951815466,1538.380951815466,1.0006139,0.002557953
1538.382340721933,1538.382340721933,0.9991495,0.002566264
1538.3837296283998,1538.3837296283998,0.9980082,0.0025598065
1538.3851185348656,1538.3851185348656,1.0023427,0.0025636987
1538.3865074413325,1538.3865074413325,0.99987924,0.0025590144
1538.3878963477994,1538.3878963477994,1.0006961,0.0025610446
1538.389285254266,1538.389285254266,1.002312,0.0025640863
1538.3906741607327,1538.3906741607327,0.99799895,0.0025566851
1538.3920630671987,1538.3920630671987,0.9956601,0.002559975
1538.3934519736656,1538.3934519736656,1.0008925,0.0025597638
1538.3948408801323,1538.3948408801323,1.0030028,0.002559476
1538.396229786599,1538.396229786599,0.9988087,0.0025601408
1538.3976186930656,1538.3976186930656,0.99666804,0.0025584751
1538.3990075995323,1538.3990075995323,1.0010976,0.0025615662
1538.4003965059992,1538.4003965059992,1.0008128,0.0025567808
1538.4017854122333,1538.4017854122333,0.9969764,0.0025603725
1538.4031743187,1538.4031743187,1.0000857,0.002563759
1538.4045632251657,1538.4045632251657,1.0025448,0.0025664004
1538.4059521316326,1538.4059521316326,1.0028367,0.0025627161
1538.4073410380995,1538.4073410380995,1.0029473,0.0025667006
1538.4087299445662,1538.4087299445662,1.0014335,0.0025627112
1538.4101188508,1538.4101188508,0.99899733,0.002560385
1538.4115077572662,1538.4115077572662,1.0014584,0.002568788
1538.412896663733,1538.412896663733,0.99947524,0.0025630998
1538.4142855701996,1538.4142855701996,1.0013871,0.0025605292
1538.4156744766663,1538.4156744766663,1.0031662,0.0025735814
1538.4170633829,1538.4170633829,1.0034292,0.0025593007
1538.4184522893663,1538.4184522893663,1.0044919,0.002558722
1538.419841195833,1538.419841195833,1.0058403,0.0025675294
1538.4212301023006,1538.4212301023006,1.0054556,0.0025650072
1538.4226190085344,1538.4226190085344,1.0021892,0.0025600558
1538.4240079150002,1538.4240079150002,0.9995378,0.0025718275
1538.425396821467,1538.425396821467,1.000027,0.0025653092
1538.4267857277011,1538.4267857277011,1.0003316,0.002561125
1538.4281746341678,1538.4281746341678,1.0032648,0.0025668163
1538.4295635406345,1538.4295635406345,1.0011783,0.0025589988
1538.4309524468679,1538.4309524468679,1.002307,0.002560064
1538.4323413533346,1538.4323413533346,1.0022712,0.0025604374
1538.4337302598012,1538.4337302598012,1.0035523,0.0025601978
1538.435119166035,1538.435119166035,1.0033711,0.0025619909
1538.4365080725017,1538.4365080725017,1.0033746,0.0025600612
1538.437896978968,1538.437896978968,1.0054371,0.002570078
1538.4392858852018,1538.4392858852018,1.0024121,0.0025710429
1538.4406747916694,1538.4406747916694,1.0051824,0.0025639092
1538.4420636979032,1538.4420636979032,1.0044171,0.0025591678
1538.4434526043692,1538.4434526043692,1.006097,0.0025620642
1538.4448415106024,1538.4448415106024,1.00523,0.002562333
1538.446230417069,1538.446230417069,1.0077648,0.0025604395
1538.4476193235366,1538.4476193235366,1.0028014,0.0025606204
1538.4490082297705,1538.4490082297705,1.0017735,0.002563645
1538.4503971362367,1538.4503971362367,1.0025897,0.0025612395
1538.4517860424705,1538.4517860424705,1.0069777,0.0025617976
1538.4531749489372,1538.4531749489372,1.0004889,0.0025616451
1538.454563855171,1538.454563855171,1.0019516,0.0025628859
1538.4559527616377,1538.4559527616377,1.0064272,0.0025734438
1538.457341667871,1538.457341667871,1.0018302,0.0025601932
1538.4587305743378,1538.4587305743378,1.0039531,0.0025613203
1538.4601194805725,1538.4601194805725,1.0068526,0.0025623657
1538.4615083868064,1538.4615083868064,1.0034448,0.0025634794
1538.4628972932724,1538.4628972932724,1.003456,0.0025614752
1538.4642861995055,1538.4642861995055,1.0046457,0.0025638102
1538.4656751059722,1538.4656751059722,1.0073873,0.002563647
1538.467064012207,1538.467064012207,1.00482,0.0025640593
1538.4684529184408,1538.4684529184408,1.007911,0.0025647308
1538.469841824907,1538.469841824907,1.0047787,0.0025643357
1538.4712307311408,1538.4712307311408,1.003958,0.002563006
1538.4726196376075,1538.4726196376075,1.0062344,0.0025727323
1538.4740085438414,1538.4740085438414,1.0077926,0.002561055
1538.4753974500752,1538.4753974500752,1.0079542,0.0025777295
1538.4767863565414,1538.4767863565414,1.0043716,0.002565074
1538.4781752627753,1538.4781752627753,1.003329,0.002560754
1538.47956416901,1538.47956416901,1.0068964,0.0025617462
1538.4809530754767,1538.4809530754767,1.0047354,0.0025741698
1538.4823419817099,1538.4823419817099,1.0050575,0.0025698966
1538.483730887943,1538.483730887943,1.009823,0.002562175
1538.4851197941769,1538.4851197941769,1.0086492,0.0025641022
1538.4865087006444,1538.4865087006444,1.0062429,0.0025665555
1538.4878976068783,1538.4878976068783,1.0074304,0.002563198
1538.4892865131117,1538.4892865131117,1.008918,0.002563843
1538.4906754193446,1538.4906754193446,1.0083339,0.0025686033
1538.4920643258115,1538.4920643258115,1.011252,0.0025766066
1538.493453232046,1538.493453232046,1.0072806,0.0025639837
1538.4948421382799,1538.4948421382799,1.0094538,0.0025697383
1538.4962310445133,1538.4962310445133,1.0066711,0.0025633287
1538.49761995098,1538.49761995098,1.0051113,0.0025663374
1538.4990088572147,1538.4990088572147,1.0073735,0.0025651318
1538.5003977634485,1538.5003977634485,1.0119785,0.0025664037
1538.501786669682,1538.501786669682,1.0085934,0.0025618332
1538.5031755759148,1538.5031755759148,1.0083185,0.0025635215
1538.5045644821487,1538.5045644821487,1.0058687,0.0025612325
1538.5059533883834,1538.5059533883834,1.0082328,0.0025686321
1538.50734229485,1538.50734229485,1.0083225,0.0025613958
1538.5087312010835,1538.5087312010835,1.005412,0.002562203
1538.5101201073164,1538.5101201073164,1.005988,0.0025657052
1538.5115090135505,1538.5115090135505,1.0063787,0.0025644617
1538.512897919785,1538.512897919785,1.0088422,0.002561909
1538.5142868260189,1538.5142868260189,1.0074594,0.0025611322
1538.5156757322522,1538.5156757322522,1.0073743,0.0025617592
1538.5170646384856,1538.5170646384856,1.0086266,0.0025690496
1538.51845354472,1538.51845354472,1.0112133,0.0025621587
1538.5198424509547,1538.5198424509547,1.0097593,0.0025640517
1538.521231357188,1538.521231357188,1.0100492,0.0025633944
1538.522620263421,1538.522620263421,1.0082651,0.0025698757
1538.5240091696548,1538.5240091696548,1.0077913,0.0025632426
1538.5253980758896,1538.5253980758896,1.0126187,0.0025708172
1538.5267869821234,1538.5267869821234,1.0086945,0.0025611469
1538.5281758883568,1538.5281758883568,1.0100393,0.0025652465
1538.52956479459,1538.52956479459,1.0111572,0.0025673732
1538.530953700824,1538.530953700824,1.0065002,0.0025622633
1538.5323426070584,1538.5323426070584,1.0112456,0.0025612966
1538.5337315132924,1538.5337315132924,1.0096096,0.0025619296
1538.5351204195256,1538.5351204195256,1.0120775,0.002563721
1538.536509325759,1538.536509325759,1.0088794,0.0025644263
1538.5378982319933,1538.5378982319933,1.0110712,0.0025678596
1538.539287138228,1538.539287138228,1.010439,0.0025611636
1538.5406760442286,1538.5406760442286,1.007259,0.0025665087
1538.5420649504615,1538.5420649504615,1.0071173,0.0025771377
1538.543453856695,1538.543453856695,1.0133153,0.0025702247
1538.5448427629294,1538.5448427629294,1.0116462,0.002569873
1538.546231669164,1538.546231669164,1.0086159,0.0025715553
1538.5476205753973,1538.5476205753973,1.0107558,0.0025652607
1538.5490094816305,1538.5490094816305,1.0094416,0.002564495
1538.5503983876317,1538.5503983876317,1.0109607,0.0025648659
1538.551787293866,1538.551787293866,1.006886,0.002561852
1538.5531762001,1538.5531762001,1.0093676,0.0025662386
1538.5545651063333,1538.5545651063333,1.0115212,0.0025657094
1538.5559540125666,1538.5559540125666,1.0085461,0.0025700894
1538.5573429185683,1538.5573429185683,1.0125378,0.0025670405
1538.5587318248029,1538.5587318248029,1.0121003,0.0025717758
1538.5601207310362,1538.5601207310362,1.0115118,0.0025632486
1538.5615096372692,1538.5615096372692,1.0128045,0.002565153
1538.5628985432697,1538.5628985432697,1.0068092,0.002561973
1538.5642874495045,1538.5642874495045,1.008719,0.002561771
1538.5656763557388,1538.5656763557388,1.012151,0.0025674023
1538.5670652617393,1538.5670652617393,1.0115534,0.0025630705
1538.5684541679725,1538.5684541679725,1.0098506,0.0025657674
1538.5698430742057,1538.5698430742057,1.0097915,0.002570681
1538.5712319802076,1538.5712319802076,1.0107461,0.0025661206
1538.572620886442,1538.572620886442,1.012787,0.002564235
1538.5740097926753,1538.5740097926753,1.0154078,0.0025668002
1538.5753986986758,1538.5753986986758,1.0126001,0.0025720247
1538.5767876049104,1538.5767876049104,1.0109926,0.0025670973
1538.5781765111449,1538.5781765111449,1.0099182,0.0025649425
1538.5795654171454,1538.5795654171454,1.0129682,0.0025651034
1538.5809543233784,1538.5809543233784,1.010916,0.0025620502
1538.582343229379,1538.582343229379,1.0141348,0.0025679646
1538.5837321356137,1538.5837321356137,1.011831,0.0025656063
1538.5851210416151,1538.5851210416151,1.012754,0.0025799708
1538.5865099478485,1538.5865099478485,1.01114,0.0025658826
1538.587898854082,1538.587898854082,1.0132272,0.0025642477
1538.589287760082,1538.589287760082,1.0126401,0.0025636465
1538.5906766663168,1538.5906766663168,1.0140148,0.0025700985
1538.5920655723185,1538.5920655723185,1.0153358,0.0025826136
1538.5934544785516,1538.5934544785516,1.0126108,0.0025659895
1538.5948433845522,1538.5948433845522,1.0144917,0.0025661099
1538.596232290786,1538.596232290786,1.013633,0.002568868
1538.597621196788,1538.597621196788,1.0117862,0.0025691658
1538.5990101030218,1538.5990101030218,1.0111523,0.0025699541
1538.6003990090219,1538.6003990090219,1.0128437,0.0025647301
1538.6017879150224,1538.6017879150224,1.0123339,0.0025656102
1538.6031768212572,1538.6031768212572,1.012689,0.00256508
1538.6045657272587,1538.6045657272587,1.0126983,0.0025646437
1538.605954633492,1538.605954633492,1.0122323,0.002565466
1538.6073435394926,1538.6073435394926,1.014735,0.0025683073
1538.6087324454927,1538.6087324454927,1.0154594,0.0025690075
1538.6101213517275,1538.6101213517275,1.0121359,0.0025633776
1538.6115102577294,1538.6115102577294,1.0191798,0.0025693835
1538.6128991639623,1538.6128991639623,1.0137256,0.002563027
1538.6142880699629,1538.6142880699629,1.014585,0.0025643238
1538.6156769759639,1538.6156769759639,1.0169334,0.0025669797
1538.6170658821986,1538.6170658821986,1.0120355,0.0025785123
1538.6184547881996,1538.6184547881996,1.0150479,0.0025652444
1538.6198436942,1538.6198436942,1.0139678,0.0025676202
1538.6212326004331,1538.6212326004331,1.0141081,0.0025625804
1538.6226215064341,1538.6226215064341,1.0155151,0.002568738
1538.624010412436,1538.624010412436,1.017956,0.0025679062
1538.625399318437,1538.625399318437,1.0178626,0.0025724154
1538.6267882246705,1538.6267882246705,1.0179836,0.002569933
1538.6281771306706,1538.6281771306706,1.0177778,0.0025750021
1538.6295660366725,1538.6295660366725,1.0176523,0.0025729137
1538.6309549426744,1538.6309549426744,1.0206006,0.002568751
1538.6323438489073,1538.6323438489073,1.0166422,0.0025674026
1538.633732754908,1538.633732754908,1.016591,0.0025675707
1538.635121660909,1538.635121660909,1.0143471,0.0025645632
1538.6365105669108,1538.6365105669108,1.0119029,0.0025612612
1538.6378994729118,1538.6378994729118,1.0144382,0.002565194
1538.639288379145,1538.639288379145,1.01635,0.002567602
1538.6406772851453,1538.6406772851453,1.0174676,0.0025680875
1538.6420661911463,1538.6420661911463,1.0143102,0.0025639138
1538.6434550971483,1538.6434550971483,1.0163032,0.0025665131
1538.6448440031493,1538.6448440031493,1.013267,0.0025620982
1538.6462329091498,1538.6462329091498,1.0163482,0.0025725993
1538.64762181515,1538.64762181515,1.0148649,0.0025667383
1538.649010721384,1538.649010721384,1.0147339,0.002565973
1538.6503996273857,1538.6503996273857,1.0100912,0.0025627476
1538.6517885333867,1538.6517885333867,1.0110421,0.0025614405
1538.6531774393873,1538.6531774393873,1.0154195,0.0025703418
1538.6545663453883,1538.6545663453883,1.0158162,0.0025672237
1538.6559552513902,1538.6559552513902,1.016084,0.0025719262
1538.6573441573912,1538.6573441573912,1.0162853,0.002572423
1538.6587330633915,1538.6587330633915,1.0159793,0.0025677707
1538.6601219693919,1538.6601219693919,1.0142384,0.0025646775
1538.6615108753929,1538.6615108753929,1.0114667,0.0025657353
1538.6628997813948,1538.6628997813948,1.0155457,0.0025662058
1538.6642886873958,1538.6642886873958,1.0173526,0.0025799847
1538.6656775933964,1538.6656775933964,1.0169669,0.0025664058
1538.6670664993965,1538.6670664993965,1.0182881,0.002568229
1538.6684554053977,1538.6684554053977,1.0153589,0.00256918
1538.6698443113994,1538.6698443113994,1.0146972,0.0025635026
1538.6712332174004,1538.6712332174004,1.0107574,0.002563449
1538.672622123401,1538.672622123401,1.0163994,0.0025682726
1538.674011029402,1538.674011029402,1.0132841,0.002566484
1538.675399935403,1538.675399935403,1.0138909,0.0025663616
1538.6767888411714,1538.6767888411714,1.0144347,0.0025674559
1538.6781777471726,1538.6781777471726,1.015921,0.002565213
1538.6795666531727,1538.6795666531727,1.0135683,0.0025717365
1538.6809555591738,1538.6809555591738,1.0176747,0.0025660251
1538.6823444651757,1538.6823444651757,1.0166998,0.0025705497
1538.6837333711767,1538.6837333711767,1.0157622,0.0025625161
1538.6851222771772,1538.6851222771772,1.0149795,0.0025677679
1538.6865111829445,1538.6865111829445,1.0151634,0.0025649075
1538.6879000889458,1538.6879000889458,1.0169812,0.0025695232
1538.6892889949474,1538.6892889949474,1.0171516,0.0025650456
1538.6906779009485,1538.6906779009485,1.0168136,0.0025643567
1538.692066806949,1538.692066806949,1.01802,0.0025683127
1538.6934557127172,1538.6934557127172,1.0132177,0.0025653883
1538.6948446187182,1538.6948446187182,1.017522,0.00256502
1538.6962335247194,1538.6962335247194,1.015811,0.0025716892
1538.6976224307207,1538.6976224307207,1.0167595,0.0025677318
1538.699011336488,1538.699011336488,1.0175253,0.0025781454
1538.700400242489,1538.700400242489,1.0168589,0.0025730263
1538.7017891484902,1538.7017891484902,1.0179775,0.0025668484
1538.7031780544914,1538.7031780544914,1.0171641,0.0025678987
1538.7045669602596,1538.7045669602596,1.0164388,0.0025644153
1538.70595586626,1538.70595586626,1.0180212,0.002565259
1538.7073447722612,1538.7073447722612,1.0141089,0.0025635983
1538.7087336780298,1538.7087336780298,1.018668,0.0025692312
1538.7101225840308,1538.7101225840308,1.0145267,0.0025650193
1538.7115114900314,1538.7115114900314,1.0174898,0.0025690375
1538.7129003957996,1538.7129003957996,1.0153998,0.0025715393
1538.7142893018006,1538.7142893018006,1.0191493,0.0025688373
1538.715678207569,1538.715678207569,1.0187666,0.002570271
1538.7170671135702,1538.7170671135702,1.0139066,0.0025689378
1538.7184560195703,1538.7184560195703,1.0149237,0.0025716072
1538.7198449253387,1538.7198449253387,1.0161295,0.0025691558
1538.72123383134,1538.72123383134,1.0152541,0.0025744466
1538.7226227371082,1538.7226227371082,1.020609,0.0025676428
1538.7240116431092,1538.7240116431092,1.0166233,0.0025700536
1538.7254005488767,1538.7254005488767,1.0185175,0.002572598
1538.726789454878,1538.726789454878,1.0243748,0.002569908
1538.728178360879,1538.728178360879,1.013937,0.0025681285
1538.729567266647,1538.729567266647,1.0182831,0.0025649571
1538.7309561726481,1538.7309561726481,1.0187832,0.002572363
1538.7323450784163,1538.7323450784163,1.0133821,0.0025628072
1538.7337339844173,1538.7337339844173,1.0148104,0.0025656773
1538.7351228901857,1538.7351228901857,1.0170622,0.0025677714
1538.7365117959541,1538.7365117959541,1.018726,0.002569816
1538.7379007019542,1538.7379007019542,1.014791,0.0025749293
1538.7392896077226,1538.7392896077226,1.016374,0.0025660875
1538.7406785137239,1538.7406785137239,1.0180886,0.0025659895
1538.742067419492,1538.742067419492,1.0165688,0.0025702044
1538.743456325493,1538.743456325493,1.0132982,0.0025630377
1538.7448452312606,1538.7448452312606,1.0181086,0.0025676943
1538.746234137029,1538.746234137029,1.0176505,0.0025751519
1538.74762304303,1538.74762304303,1.0147204,0.0025694927
1538.7490119487982,1538.7490119487982,1.0193762,0.0025823305
1538.7504008547992,1538.7504008547992,1.0139943,0.0025649534
1538.7517897605674,1538.7517897605674,1.0148339,0.0025665204
1538.7531786663355,1538.7531786663355,1.0162867,0.0025687946
1538.754567572336,1538.754567572336,1.0150809,0.0025796741
1538.7559564781043,1538.7559564781043,1.0158753,0.0025675436
1538.7573453838725,1538.7573453838725,1.0146257,0.002567451
1538.7587342896409,1538.7587342896409,1.0136454,0.0025681176
1538.760123195642,1538.760123195642,1.0156006,0.0025656745
1538.7615121014094,1538.7615121014094,1.0182142,0.002569213
1538.7629010071778,1538.7629010071778,1.0156066,0.002566207
1538.764289913179,1538.764289913179,1.0144415,0.0025662344
1538.7656788189472,1538.7656788189472,1.015848,0.0025730387
1538.7670677247154,1538.7670677247154,1.0170118,0.002576674
1538.7684566304836,1538.7684566304836,1.0141528,0.0025634496
1538.7698455362518,1538.7698455362518,1.0145888,0.0025686775
1538.7712344422528,1538.7712344422528,1.0148052,0.0025683031
1538.7726233480212,1538.7726233480212,1.0113935,0.0025755682
1538.7740122537887,1538.7740122537887,1.0173837,0.00256975
1538.7754011595568,1538.7754011595568,1.0147667,0.0025642912
1538.776790065325,1538.776790065325,1.0129641,0.00256354
1538.7781789713263,1538.7781789713263,1.0108235,0.0025691262
1538.7795678770947,1538.7795678770947,1.0190583,0.0025738662
1538.780956782862,1538.780956782862,1.0141311,0.0025658803
1538.7823456886304,1538.7823456886304,1.0174284,0.002566096
1538.7837345943988,1538.7837345943988,1.0135311,0.0025691018
1538.785123500167,1538.785123500167,1.014083,0.0025656384
1538.7865124059351,1538.7865124059351,1.0152301,0.0025766073
1538.7879013117026,1538.7879013117026,1.0163732,0.0025669385
1538.789290217471,1538.789290217471,1.0129572,0.0025653434
1538.7906791232397,1538.7906791232397,1.0160732,0.002575452
1538.792068029241,1538.792068029241,1.0115035,0.0025672275
1538.7934569350084,1538.7934569350084,1.0131903,0.002575331
1538.7948458407766,1538.7948458407766,1.0140971,0.0025727823
1538.796234746545,1538.796234746545,1.0151837,0.002566567
1538.7976236523134,1538.7976236523134,1.0154225,0.002564921
1538.7990125580816,1538.7990125580816,1.0152842,0.002568982
1538.8004014638489,1538.8004014638489,1.0168856,0.002567459
1538.8017903696173,1538.8017903696173,1.0133476,0.0025703693
1538.8031792753857,1538.8031792753857,1.015074,0.002568355
1538.8045681811539,1538.8045681811539,1.0141833,0.0025705849
1538.8059570866892,1538.8059570866892,1.0120643,0.002574902
1538.807345992457,1538.807345992457,1.0133642,0.0025640663
1538.808734898225,1538.808734898225,1.0134563,0.0025647902
1538.8101238039937,1538.8101238039937,1.0147868,0.0025637832
1538.8115127097622,1538.8115127097622,1.0144799,0.0025664568
1538.8129016155297,1538.8129016155297,1.0172998,0.002580765
1538.8142905212974,1538.8142905212974,1.0113726,0.0025718992
1538.8156794270656,1538.8156794270656,1.0110084,0.0025665604
1538.8170683328347,1538.8170683328347,1.0120264,0.0025640286
1538.8184572386028,1538.8184572386028,1.0134044,0.0025665679
1538.8198461441373,1538.8198461441373,1.0130253,0.0025667874
1538.8212350499057,1538.8212350499057,1.0166631,0.0025646172
1538.822623955674,1538.822623955674,1.0128056,0.002576467
1538.8240128614423,1538.8240128614423,1.0112602,0.0025694529
1538.8254017672105,1538.8254017672105,1.0159768,0.002565529
1538.8267906727453,1538.8267906727453,1.0130006,0.0025626696
1538.8281795785135,1538.8281795785135,1.013578,0.0025772182
1538.8295684842824,1538.8295684842824,1.0119017,0.0025712252
1538.8309573900508,1538.8309573900508,1.0146066,0.0025655702
1538.832346295818,1538.832346295818,1.0153723,0.0025629865
1538.833735201353,1538.833735201353,1.0126121,0.0025649667
1538.8351241071211,1538.8351241071211,1.0137792,0.002563599
1538.8365130128902,1538.8365130128902,1.0131228,0.0025626684
1538.8379019184256,1538.8379019184256,1.0122811,0.0025651648
1538.839290824193,1538.839290824193,1.0102891,0.002564245
1538.8406797299606,1538.8406797299606,1.0143511,0.0025645911
1538.842068635496,1538.842068635496,1.0128258,0.0025639646
1538.843457541265,1538.843457541265,1.0092502,0.002564707
1538.8448464470332,1538.8448464470332,1.0113537,0.0025618796
1538.846235352568,1538.846235352568,1.0121486,0.0025663385
1538.8476242583354,1538.8476242583354,1.012509,0.0025698675
1538.8490131641045,1538.8490131641045,1.0107741,0.0025674403
1538.8504020696407,1538.8504020696407,1.0137072,0.0025696799
1538.851790975408,1538.851790975408,1.011526,0.0025620125
1538.8531798811757,1538.8531798811757,1.0136422,0.002564832
1538.854568786711,1538.854568786711,1.0147995,0.002565895
1538.8559576924802,1538.8559576924802,1.0148622,0.0025658957
1538.8573465980155,1538.8573465980155,1.0129616,0.002564148
1538.858735503783,1538.858735503783,1.012764,0.0025619664
1538.8601244093177,1538.8601244093177,1.0109985,0.0025649886
1538.8615133150859,1538.8615133150859,1.0119286,0.0025786606
1538.8629022206221,1538.8629022206221,1.0110574,0.0025643688
1538.8642911263903,1538.8642911263903,1.0122796,0.0025724992
1538.8656800319252,1538.8656800319252,1.010804,0.0025710776
1538.8670689376925,1538.8670689376925,1.0116092,0.0025680605
1538.8684578432287,1538.8684578432287,1.010462,0.0025787614
1538.8698467489978,1538.8698467489978,1.0088978,0.0025627257
1538.8712356545323,1538.8712356545323,1.010358,0.0025633257
1538.8726245603,1538.8726245603,1.0124124,0.002569324
1538.8740134658349,1538.8740134658349,1.011244,0.0025782525
1538.8754023716035,1538.8754023716035,1.0136126,0.002562003
1538.8767912771398,1538.8767912771398,1.0092036,0.0025627965
1538.8781801826744,1538.8781801826744,1.0149574,0.002567204
1538.879569088442,1538.879569088442,1.0094761,0.0025653972
1538.8809579939773,1538.8809579939773,1.0099094,0.0025643401
1538.8823468997464,1538.8823468997464,1.0093914,0.0025634724
1538.8837358052817,1538.8837358052817,1.0089253,0.0025656086
1538.8851247108166,1538.8851247108166,1.012953,0.0025664417
1538.886513616584,1538.886513616584,1.0114557,0.0025690445
1538.8879025221195,1538.8879025221195,1.0126038,0.0025610873
1538.8892914276555,1538.8892914276555,1.0114915,0.0025636975
1538.8906803334237,1538.8906803334237,1.0149758,0.0025776755
1538.8920692389586,1538.8920692389586,1.0121093,0.0025719258
1538.8934581444935,1538.8934581444935,1.0096658,0.0025629867
1538.8948470502621,1538.8948470502621,1.0054929,0.0025597108
1538.8962359557984,1538.8962359557984,1.0084032,0.0025658668
1538.8976248613333,1538.8976248613333,1.0089203,0.0025841633
1538.8990137668677,1538.8990137668677,1.0114174,0.002564093
1538.9004026726354,1538.9004026726354,1.0112069,0.002570183
1538.9017915781715,1538.9017915781715,1.0099009,0.0025654638
1538.9031804837075,1538.9031804837075,1.0104711,0.0025635445
1538.9045693892424,1538.9045693892424,1.009399,0.0025646791
1538.9059582947768,1538.9059582947768,1.0074189,0.002561129
1538.9073472005446,1538.9073472005446,1.0104208,0.0025650465
1538.9087361060808,1538.9087361060808,1.0075487,0.0025601583
1538.9101250116166,1538.9101250116166,1.0080512,0.0025632791
1538.9115139171515,1538.9115139171515,1.0124401,0.0025638463
1538.9129028226864,1538.9129028226864,1.0057441,0.0025596549
1538.9142917282222,1538.9142917282222,1.0107101,0.0025652028
1538.9156806337585,1538.9156806337585,1.010011,0.0025623022
1538.9170695395262,1538.9170695395262,1.009024,0.0025634838
1538.9184584450607,1538.9184584450607,1.0092243,0.0025641902
1538.9198473505955,1538.9198473505955,1.0072823,0.0025655688
1538.9212362561316,1538.9212362561316,1.0114902,0.0025647106
1538.9226251616676,1538.9226251616676,1.0081403,0.0025619047
1538.9240140672025,1538.9240140672025,1.0127369,0.0025759218
1538.9254029727372,1538.9254029727372,1.0079395,0.002561736
1538.9267918782718,1538.9267918782718,1.0055096,0.0025617417
1538.928180783808,1538.928180783808,1.0076116,0.002569405
1538.929569689344,1538.929569689344,1.0097178,0.0025639038
1538.9309585948788,1538.9309585948788,1.0049196,0.0025618174
1538.9323475004137,1538.9323475004137,1.0053519,0.0025669157
1538.933736405949,1538.933736405949,1.0061185,0.0025605033
1538.935125311485,1538.935125311485,1.0058938,0.002563798
1538.9365142170207,1538.9365142170207,1.0064627,0.0025657224
1538.937903122555,1538.937903122555,1.003078,0.00257294
1538.93929202809,1538.93929202809,1.0083477,0.0025623778
1538.9406809336253,1538.9406809336253,1.0082093,0.00256332
1538.9420698391616,1538.9420698391616,1.0059624,0.002558056
1538.943458744697,1538.943458744697,1.0082425,0.0025623469
1538.9448476502316,1538.9448476502316,1.0048628,0.0025601757
1538.9462365557663,1538.9462365557663,1.0074891,0.0025813587
1538.9476254610697,1538.9476254610697,1.0092746,0.0025588383
1538.9490143666058,1538.9490143666058,1.0068346,0.0025637918
1538.9504032721404,1538.9504032721404,1.0028638,0.0025589517
1538.9517921776753,1538.9517921776753,1.0072471,0.0025661183
1538.9531810832107,1538.9531810832107,1.0054018,0.0025609932
1538.9545699887467,1538.9545699887467,1.0052154,0.002565738
1538.9559588942823,1538.9559588942823,1.002821,0.0025607385
1538.9573477995839,1538.9573477995839,1.0050794,0.0025687872
1538.9587367051188,1538.9587367051188,1.0090896,0.002559801
1538.9601256106541,1538.9601256106541,1.004527,0.002561868
1538.9615145161904,1538.9615145161904,1.0052416,0.002562714
1538.962903421493,1538.962903421493,1.0040396,0.0025599813
1538.9642923270276,1538.9642923270276,1.0032567,0.002559241
1538.9656812325622,1538.9656812325622,1.0068213,0.0025623494
1538.9670701380976,1538.9670701380976,1.0028206,0.0025583464
1538.968459043401,1538.968459043401,1.0063406,0.002565454
1538.9698479489364,1538.9698479489364,1.0025518,0.0025581873
1538.9712368544713,1538.9712368544713,1.0054891,0.0025708259
1538.9726257597738,1538.9726257597738,1.0067896,0.002560073
1538.9740146653098,1538.9740146653098,1.003813,0.0025597808
1538.9754035708454,1538.9754035708454,1.0028338,0.0025615015
1538.9767924763798,1538.9767924763798,1.0069512,0.0025623736
1538.978181381682,1538.978181381682,1.0060061,0.0025643255
1538.9795702872173,1538.9795702872173,1.0028666,0.002563283
1538.9809591925207,1538.9809591925207,1.004255,0.0025612994
1538.982348098056,1538.982348098056,1.0008718,0.0025607531
1538.983737003591,1538.983737003591,1.0048031,0.0025600325
1538.9851259088925,1538.9851259088925,1.0021148,0.0025599767
1538.986514814428,1538.986514814428,1.0033655,0.0025592274
1538.9879037197313,1538.9879037197313,0.9989962,0.0025632123
1538.9892926252667,1538.9892926252667,1.0028177,0.002563551
1538.9906815308016,1538.9906815308016,1.0036503,0.0025653772
1538.992070436104,1538.992070436104,1.0026568,0.002563628
1538.9934593416394,1538.9934593416394,1.0025996,0.0025645427
1538.994848246942,1538.994848246942,1.0027225,0.0025577415
1538.9962371524773,1538.9962371524773,1.0060152,0.002559452
1538.9976260577794,1538.9976260577794,1.003979,0.0025604414
1538.9990149633147,1538.9990149633147,1.0002737,0.0025586784
1539.0004038686172,1539.0004038686172,1.0028507,0.0025598714
1539.0017927741528,1539.0017927741528,1.0037756,0.002564838
1539.0031816794556,1539.0031816794556,1.0038344,0.002556856
1539.0045705847572,1539.0045705847572,1.0001173,0.0025595033
1539.0059594902925,1539.0059594902925,0.99999815,0.0025576744
1539.007348395596,1539.007348395596,1.0039648,0.0025659716
1539.0087373011313,1539.0087373011313,1.0020082,0.0025606672
1539.0101262064334,1539.0101262064334,1.0013442,0.0025626426
1539.0115151119687,1539.0115151119687,1.0016168,0.0025608095
1539.0129040172712,1539.0129040172712,1.002112,0.0025569366
1539.0142929225738,1539.0142929225738,1.0002043,0.0025606784
1539.0156818281093,1539.0156818281093,1.0007752,0.0025575457
1539.0170707334112,1539.0170707334112,1.0004897,0.002557907
1539.0184596387137,1539.0184596387137,1.0019847,0.0025617166
1539.019848544249,1539.019848544249,1.0023102,0.002571653
1539.0212374495518,1539.0212374495518,1.001387,0.0025563892
1539.0226263548545,1539.0226263548545,0.99978185,0.0025682934
1539.024015260389,1539.024015260389,0.99997884,0.0025567145
1539.0254041656917,1539.0254041656917,0.9990165,0.002558643
1539.0267930709945,1539.0267930709945,1.0010746,0.0025614598
1539.028181976297,1539.028181976297,1.0011035,0.0025575766
1539.0295708818323,1539.0295708818323,0.99977535,0.0025575776
1539.0309597871349,1539.0309597871349,0.9995129,0.0025621734
1539.0323486924374,1539.0323486924374,1.005957,0.0025633266
1539.0337375977394,1539.0337375977394,0.9996352,0.0025612598
1539.0351265032748,1539.0351265032748,0.99717724,0.002558409
1539.0365154085773,1539.0365154085773,0.99962205,0.0025588444
1539.0379043138798,1539.0379043138798,0.996116,0.0025631504
1539.0392932191824,1539.0392932191824,0.9957548,0.002559056
1539.040682124485,1539.040682124485,1.0000159,0.0025596458
1539.0420710297878,1539.0420710297878,1.0018919,0.00255833
1539.0434599353223,1539.0434599353223,1.0021011,0.0025656666
1539.044848840625,1539.044848840625,0.99777174,0.002557099
1539.0462377459278,1539.0462377459278,0.9976286,0.0025702068
1539.0476266512303,1539.0476266512303,0.99875474,0.002563436
1539.0490155565328,1539.0490155565328,0.9993537,0.0025631818
1539.0504044618353,1539.0504044618353,0.9930155,0.0025701749
1539.0517933671379,1539.0517933671379,0.9989792,0.0025579345
1539.05318227244,1539.05318227244,0.99509835,0.002557171
1539.0545711777424,1539.0545711777424,1.0005187,0.0025600884
1539.055960083045,1539.055960083045,0.9985122,0.0025549277
1539.0573489883475,1539.0573489883475,0.9959498,0.002557231
1539.0587378936502,1539.0587378936502,0.9976435,0.0025582034
1539.060126798952,1539.060126798952,1.0010984,0.002557744
1539.0615157042546,1539.0615157042546,0.9995648,0.0025555268
1539.062904609557,1539.062904609557,0.9939871,0.0025550537
1539.0642935148599,1539.0642935148599,0.9984801,0.002560022
1539.0656824201626,1539.0656824201626,0.99671566,0.0025682894
1539.0670713254642,1539.0670713254642,0.9989667,0.0025575187
1539.068460230767,1539.068460230767,0.99744195,0.0025587177
1539.0698491360702,1539.0698491360702,0.9946562,0.002576979
1539.0712380413727,1539.0712380413727,0.9967266,0.0025569887
1539.0726269466747,1539.0726269466747,0.9918769,0.0025561347
1539.0740158519773,1539.0740158519773,0.9923485,0.002575575
1539.0754047572798,1539.0754047572798,0.9966931,0.0025573138
1539.0767936625823,1539.0767936625823,0.99875504,0.002555876
1539.078182567885,1539.078182567885,0.99172354,0.0025519633
1539.079571473187,1539.079571473187,1.0003494,0.002555266
1539.0809603782566,1539.0809603782566,0.99674207,0.0025580015
1539.082349283559,1539.082349283559,0.9951179,0.0025589354
1539.0837381888618,1539.0837381888618,0.9972699,0.0025570036
1539.0851270941646,1539.0851270941646,0.9954067,0.0025574781
1539.0865159994662,1539.0865159994662,0.9918974,0.0025654272
1539.087904904769,1539.087904904769,0.9964968,0.0025566062
1539.0892938098393,1539.0892938098393,0.9925143,0.0025535366
1539.0906827151418,1539.0906827151418,0.9953077,0.0025565415
1539.092071620444,1539.092071620444,0.99886245,0.0025662947
1539.093460525746,1539.093460525746,0.99648064,0.0025599115
1539.0948494308157,1539.0948494308157,0.99928653,0.0025583287
1539.0962383361186,1539.0962383361186,0.99141675,0.002553589
1539.0976272414214,1539.0976272414214,0.99709165,0.0025583687
1539.0990161467232,1539.0990161467232,0.9938282,0.002557243
1539.1004050517924,1539.1004050517924,0.99393207,0.0025558397
1539.101793957095,1539.101793957095,0.9967634,0.0025580844
1539.1031828623984,1539.1031828623984,0.995803,0.0025609576
1539.104571767468,1539.104571767468,0.9941625,0.002555074
1539.1059606727697,1539.1059606727697,0.9919505,0.0025564886
1539.1073495780724,1539.1073495780724,0.9957336,0.0025692133
1539.1087384831428,1539.1087384831428,0.99340314,0.0025564712
1539.1101273884453,1539.1101273884453,0.9952785,0.0025609045
1539.1115162935146,1539.1115162935146,0.9944333,0.0025531214
1539.1129051988166,1539.1129051988166,0.99576277,0.0025539463
1539.1142941041192,1539.1142941041192,0.9965254,0.0025572176
1539.1156830091895,1539.1156830091895,0.993961,0.00255491
1539.1170719144923,1539.1170719144923,0.99289155,0.0025563817
1539.118460819561,1539.118460819561,0.9921801,0.002556224
1539.1198497248631,1539.1198497248631,0.9910949,0.0025544635
1539.1212386299328,1539.1212386299328,0.99134755,0.0025528185
1539.1226275352362,1539.1226275352362,0.9947538,0.0025546267
1539.1240164405388,1539.1240164405388,0.9896054,0.002555558
1539.1254053456075,1539.1254053456075,0.9907632,0.0025563089
1539.1267942509096,1539.1267942509096,0.9910538,0.0025562088
1539.1281831559802,1539.1281831559802,0.99288034,0.002554067
1539.1295720612832,1539.1295720612832,0.9966226,0.0025700964
1539.1309609663524,1539.1309609663524,0.9892993,0.0025543256
1539.1323498714216,1539.1323498714216,0.9931577,0.002558075
1539.1337387767232,1539.1337387767232,0.993767,0.002554111
1539.1351276817938,1539.1351276817938,0.9917026,0.002554573
1539.1365165870973,1539.1365165870973,0.99062634,0.0025558139
1539.137905492166,1539.137905492166,0.9895893,0.0025564886
1539.1392943974681,1539.1392943974681,0.99050945,0.0025577238
1539.1406833025378,1539.1406833025378,0.9899833,0.0025554406
1539.1420722076084,1539.1420722076084,0.9957338,0.0025559277
1539.143461112911,1539.143461112911,0.9942527,0.002557349
1539.14485001798,1539.14485001798,0.9912411,0.002553997
1539.146238923049,1539.146238923049,0.9906597,0.002555874
1539.1476278283524,1539.1476278283524,0.9940034,0.0025525847
1539.1490167334225,1539.1490167334225,0.99010795,0.0025545068
1539.1504056384917,1539.1504056384917,0.99006677,0.0025552048
1539.1517945437938,1539.1517945437938,0.98709476,0.0025534686
1539.1531834488626,1539.1531834488626,0.9900686,0.0025521654
1539.1545723539332,1539.1545723539332,0.99146193,0.0025545536
1539.1559612590038,1539.1559612590038,0.988161,0.0025498145
1539.1573501643054,1539.1573501643054,0.98476404,0.002550521
1539.1587390693746,1539.1587390693746,0.9884813,0.0025568712
1539.1601279744436,1539.1601279744436,0.9883978,0.0025512949
1539.161516879514,1539.161516879514,0.99071616,0.002553206
1539.1629057848174,1539.1629057848174,0.9884223,0.0025527466
1539.1642946898864,1539.1642946898864,0.98843616,0.0025559266
1539.1656835949555,1539.1656835949555,0.9890388,0.0025520357
1539.1670725000251,1539.1670725000251,0.9890271,0.0025534409
1539.1684614050957,1539.1684614050957,0.9932254,0.002556184
1539.1698503101654,1539.1698503101654,0.9890151,0.0025543899
1539.1712392154675,1539.1712392154675,0.9890823,0.0025548327
1539.1726281205363,1539.1726281205363,0.9895187,0.0025575636
1539.1740170256069,1539.1740170256069,0.98811823,0.0025546516
1539.1754059306775,1539.1754059306775,0.98974115,0.0025527747
1539.1767948357463,1539.1767948357463,0.98612463,0.0025537417
1539.1781837408155,1539.1781837408155,0.9878444,0.0025526844
1539.1795726458847,1539.1795726458847,0.99142635,0.002553529
1539.1809615509549,1539.1809615509549,0.98871136,0.002553038
1539.1823504560255,1539.1823504560255,0.98934835,0.0025504257
1539.1837393610945,1539.1837393610945,0.9908908,0.0025539729
1539.1851282661635,1539.1851282661635,0.9881671,0.002554148
1539.1865171712332,1539.1865171712332,0.99020004,0.002552099
1539.1879060765366,1539.1879060765366,0.99028355,0.0025525203
1539.1892949816063,1539.1892949816063,0.98706234,0.0025570767
1539.1906838864427,1539.1906838864427,0.9849563,0.0025517745
1539.1920727915115,1539.1920727915115,0.9825938,0.0025483374
1539.1934616965814,1539.1934616965814,0.98459804,0.0025516895
1539.1948506016518,1539.1948506016518,0.98799914,0.002551216
1539.1962395067214,1539.1962395067214,0.983986,0.002553474
1539.1976284117907,1539.1976284117907,0.9877539,0.002554428
1539.19901731686,1539.19901731686,0.9871214,0.0025539785
1539.2004062219296,1539.2004062219296,0.98663694,0.0025552767
1539.201795127,1539.201795127,0.9850193,0.0025525661
1539.2031840320699,1539.2031840320699,0.9879793,0.0025504422
1539.2045729371387,1539.2045729371387,0.9869135,0.002557923
1539.2059618422084,1539.2059618422084,0.9855555,0.0025554744
1539.2073507472783,1539.2073507472783,0.98917836,0.0025592328
1539.2087396521154,1539.2087396521154,0.9885051,0.002564277
1539.210128557185,1539.210128557185,0.984936,0.0025511517
1539.211517462254,1539.211517462254,0.9849312,0.002550229
1539.212906367324,1539.212906367324,0.9862317,0.002549414
1539.214295272394,1539.214295272394,0.9899106,0.0025568954
1539.215684177231,1539.215684177231,0.98473036,0.0025555862
1539.2170730823002,1539.2170730823002,0.986259,0.0025533293
1539.2184619873694,1539.2184619873694,0.98463607,0.002551474
1539.2198508924391,1539.2198508924391,0.98750675,0.0025549824
1539.2212397972767,1539.2212397972767,0.9841913,0.002550538
1539.2226287023466,1539.2226287023466,0.9849509,0.002556544
1539.2240176074154,1539.2240176074154,0.98544675,0.002551339
1539.225406512485,1539.225406512485,0.98566777,0.0025529703
1539.2267954173221,1539.2267954173221,0.98817587,0.0025507212
1539.228184322392,1539.228184322392,0.9879608,0.0025599396
1539.2295732274617,1539.2295732274617,0.98574597,0.0025534213
1539.230962132298,1539.230962132298,0.98503923,0.0025530276
1539.2323510373678,1539.2323510373678,0.9827987,0.0025492848
1539.2337399424375,1539.2337399424375,0.9850222,0.0025519498
1539.2351288472744,1539.2351288472744,0.9832398,0.0025529352
1539.236517752344,1539.236517752344,0.9875405,0.0025542607
1539.2379066574133,1539.2379066574133,0.985706,0.0025509913
1539.2392955622502,1539.2392955622502,0.9877676,0.0025546704
1539.2406844673199,1539.2406844673199,0.9824636,0.0025572754
1539.2420733721567,1539.2420733721567,0.9817746,0.0025506637
1539.2434622772264,1539.2434622772264,0.98494965,0.0025503107
1539.2448511820635,1539.2448511820635,0.982439,0.0025489226
1539.2462400871334,1539.2462400871334,0.9832878,0.0025494983
1539.247628992203,1539.247628992203,0.9842875,0.0025508837
1539.24901789704,1539.24901789704,0.98510516,0.0025510225
1539.250406802109,1539.250406802109,0.98450416,0.0025487777
1539.251795706946,1539.251795706946,0.9809883,0.0025506024
1539.2531846120157,1539.2531846120157,0.98510456,0.0025493298
1539.2545735168526,1539.2545735168526,0.98437124,0.002553379
1539.2559624219223,1539.2559624219223,0.98756015,0.0025517433
1539.2573513267587,1539.2573513267587,0.98270386,0.002548294
1539.2587402315955,1539.2587402315955,0.98556006,0.0025576167
1539.2601291366652,1539.2601291366652,0.984209,0.002551816
1539.261518041502,1539.261518041502,0.9850905,0.0025510616
1539.2629069465718,1539.2629069465718,0.98572075,0.0025529454
1539.2642958514089,1539.2642958514089,0.9860016,0.0025512243
1539.2656847564788,1539.2656847564788,0.98340446,0.0025482595
1539.2670736613147,1539.2670736613147,0.9831339,0.0025493794
1539.2684625661516,1539.2684625661516,0.9809528,0.0025488008
1539.2698514712215,1539.2698514712215,0.98291624,0.0025574295
1539.2712403760586,1539.2712403760586,0.9844848,0.0025504178
1539.2726292808954,1539.2726292808954,0.9840134,0.002551536
1539.2740181859645,1539.2740181859645,0.98221296,0.0025510495
1539.2754070908015,1539.2754070908015,0.98696953,0.0025536949
1539.2767959956384,1539.2767959956384,0.98023176,0.0025510178
1539.278184900708,1539.278184900708,0.9822842,0.0025558984
1539.279573805545,1539.279573805545,0.9860285,0.0025507899
1539.2809627103813,1539.2809627103813,0.9845063,0.0025556928
1539.2823516152182,1539.2823516152182,0.98118573,0.002549526
1539.2837405202886,1539.2837405202886,0.9831481,0.0025589848
1539.2851294251257,1539.2851294251257,0.98213255,0.0025588218
1539.2865183299616,1539.2865183299616,0.9813289,0.0025518115
1539.2879072347987,1539.2879072347987,0.98250014,0.0025705083
1539.2892961396358,1539.2892961396358,0.97946644,0.0025484888
1539.2906850447055,1539.2906850447055,0.98563457,0.0025502753
1539.2920739495423,1539.2920739495423,0.9816606,0.002547552
1539.2934628543785,1539.2934628543785,0.98314023,0.0025539747
1539.2948517592156,1539.2948517592156,0.9833345,0.0025575496
1539.2962406640524,1539.2962406640524,0.9817902,0.002551044
1539.2976295688893,1539.2976295688893,0.98242176,0.0025472003
1539.299018473959,1539.299018473959,0.9813434,0.0025493337
1539.3004073787954,1539.3004073787954,0.9789459,0.0025479093
1539.3017962836323,1539.3017962836323,0.98103565,0.002556878
1539.3031851884698,1539.3031851884698,0.98360556,0.0025510613
1539.3045740933069,1539.3045740933069,0.9809896,0.0025500862
1539.3059629981428,1539.3059629981428,0.9829019,0.0025491857
1539.3073519029792,1539.3073519029792,0.9806059,0.0025516269
1539.308740807816,1539.308740807816,0.98129237,0.0025509084
1539.3101297126539,1539.3101297126539,0.982267,0.0025480413
1539.3115186174907,1539.3115186174907,0.98214084,0.0025507617
1539.312907522327,1539.312907522327,0.98449236,0.0025545403
1539.314296427163,1539.314296427163,0.9839987,0.0025502658
1539.315685332,1539.315685332,0.97916585,0.002546579
1539.3170742368377,1539.3170742368377,0.9832671,0.0025493954
1539.3184631416746,1539.3184631416746,0.9820123,0.0025515694
1539.319852046511,1539.319852046511,0.9804448,0.0025570798
1539.3212409513478,1539.3212409513478,0.9828128,0.0025499978
1539.3226298561856,1539.3226298561856,0.9827485,0.0025487286
1539.3240187610224,1539.3240187610224,0.98250616,0.0025472117
1539.3254076658584,1539.3254076658584,0.9811787,0.002549599
1539.3267965706948,1539.3267965706948,0.98368216,0.0025509042
1539.3281854752988,1539.3281854752988,0.9843618,0.0025540965
1539.3295743801366,1539.3295743801366,0.9786099,0.0025462518
1539.3309632849734,1539.3309632849734,0.98438495,0.0025529207
1539.3323521898099,1539.3323521898099,0.9809521,0.0025543624
1539.3337410946458,1539.3337410946458,0.98101306,0.002551642
1539.3351299994827,1539.3351299994827,0.97989833,0.0025477344
1539.3365189040876,1539.3365189040876,0.9811604,0.002548221
1539.3379078089245,1539.3379078089245,0.9826685,0.0025535924
1539.3392967137609,1539.3392967137609,0.980579,0.0025455349
1539.340685618597,1539.340685618597,0.9810846,0.0025503384
1539.3420745234346,1539.3420745234346,0.98352915,0.0025467775
1539.3434634280395,1539.3434634280395,0.98191506,0.0025487542
1539.3448523328755,1539.3448523328755,0.97956055,0.0025476068
1539.3462412377119,1539.3462412377119,0.98425394,0.002553319
1539.3476301425483,1539.3476301425483,0.9805531,0.0025507621
1539.3490190471528,1539.3490190471528,0.98292214,0.002550428
1539.3504079519905,1539.3504079519905,0.9787307,0.002547253
1539.351796856827,1539.351796856827,0.98225784,0.0025529992
1539.35318576143,1539.35318576143,0.98684424,0.0025499747
1539.3545746662664,1539.3545746662664,0.9842828,0.0025565473
1539.355963571104,1539.355963571104,0.9812479,0.0025610668
1539.3573524757087,1539.3573524757087,0.9821305,0.0025520707
1539.358741380545,1539.358741380545,0.9810351,0.0025466392
1539.3601302853813,1539.3601302853813,0.98209274,0.0025553438
1539.361519189986,1539.361519189986,0.9810526,0.0025513342
1539.3629080948238,1539.3629080948238,0.9818986,0.002548228
1539.364296999427,1539.364296999427,0.9786914,0.0025491666
1539.3656859042633,1539.3656859042633,0.98142403,0.002549584
1539.3670748090997,1539.3670748090997,0.98138684,0.0025491877
1539.3684637137042,1539.3684637137042,0.98013055,0.0025518166
1539.369852618542,1539.369852618542,0.9792486,0.0025529237
1539.3712415231455,1539.3712415231455,0.9827156,0.0025522092
1539.3726304279814,1539.3726304279814,0.9824004,0.0025522977
1539.374019332585,1539.374019332585,0.9814772,0.002548529
1539.3754082374228,1539.3754082374228,0.98414004,0.0025503824
1539.3767971420273,1539.3767971420273,0.982386,0.0025507056
1539.3781860468637,1539.3781860468637,0.9792068,0.0025583473
1539.379574951467,1539.379574951467,0.9818784,0.002554387
1539.380963856304,1539.380963856304,0.980876,0.0025561342
1539.3823527609086,1539.3823527609086,0.9811407,0.0025483374
1539.3837416655128,1539.3837416655128,0.98150635,0.002545422
1539.385130570349,1539.385130570349,0.9837322,0.0025488795
1539.3865194749526,1539.3865194749526,0.98069847,0.002561094
1539.3879083797895,1539.3879083797895,0.98279256,0.0025515147
1539.3892972843942,1539.3892972843942,0.98040026,0.002551626
1539.3906861889984,1539.3906861889984,0.98120207,0.0025523894
1539.3920750938344,1539.3920750938344,0.9821791,0.0025473651
1539.393463998438,1539.393463998438,0.9809445,0.002547976
1539.394852903042,1539.394852903042,0.9780508,0.0025506243
1539.3962418078797,1539.3962418078797,0.97990125,0.0025467623
1539.3976307124838,1539.3976307124838,0.98176104,0.0025485386
1539.3990196170873,1539.3990196170873,0.9811148,0.0025466552
1539.4004085219242,1539.4004085219242,0.9847565,0.0025530586
1539.4017974265287,1539.4017974265287,0.9862062,0.0025493067
1539.403186331133,1539.403186331133,0.98037946,0.0025469144
1539.4045752357363,1539.4045752357363,0.98088074,0.002547288
1539.4059641405727,1539.4059641405727,0.97832555,0.002556129
1539.4073530451767,1539.4073530451767,0.98032856,0.0025486846
1539.4087419497816,1539.4087419497816,0.98342305,0.0025502439
1539.4101308543857,1539.4101308543857,0.9836689,0.002549108
1539.4115197592216,1539.4115197592216,0.9853924,0.0025491542
1539.4129086638252,1539.4129086638252,0.98338324,0.0025495547
1539.4142975684292,1539.4142975684292,0.9841245,0.0025473835
1539.4156864730342,1539.4156864730342,0.9821126,0.0025494008
1539.4170753776382,1539.4170753776382,0.98377335,0.0025516434
1539.4184642822418,1539.4184642822418,0.98446834,0.0025541757
1539.4198531868458,1539.4198531868458,0.9771133,0.002554025
1539.4212420916826,1539.4212420916826,0.98339134,0.0025498536
1539.4226309962867,1539.4226309962867,0.9818498,0.0025640635
1539.4240199008907,1539.4240199008907,0.98318464,0.0025488595
1539.4254088054943,1539.4254088054943,0.9854576,0.0025492928
1539.4267977100983,1539.4267977100983,0.98467577,0.0025526017
1539.4281866147023,1539.4281866147023,0.98249155,0.002551788
1539.4295755193064,1539.4295755193064,0.9819633,0.0025474036
1539.4309644239106,1539.4309644239106,0.9821727,0.0025505712
1539.432353328514,1539.432353328514,0.98324126,0.0025518027
1539.433742233118,1539.433742233118,0.9793017,0.0025490462
1539.435131137722,1539.435131137722,0.9807609,0.0025536157
1539.4365200423263,1539.4365200423263,0.98161554,0.002550615
1539.4379089469305,1539.4379089469305,0.98140645,0.0025492131
1539.4392978515345,1539.4392978515345,0.9853821,0.0025490895
1539.4406867561386,1539.4406867561386,0.98095936,0.0025485686
1539.4420756607426,1539.4420756607426,0.9828507,0.0025501417
1539.4434645653466,1539.4434645653466,0.98100835,0.0025505011
1539.4448534699502,1539.4448534699502,0.98232734,0.0025516371
1539.4462423745542,1539.4462423745542,0.9809848,0.002551953
1539.4476312791583,1539.4476312791583,0.978601,0.0025509614
1539.4490201835295,1539.4490201835295,0.98037446,0.0025603666
1539.4504090881337,1539.4504090881337,0.9835007,0.0025514464
1539.451797992737,1539.451797992737,0.9859112,0.0025535785
1539.453186897341,1539.453186897341,0.99955124,0.0025605513
1539.454575801945,1539.454575801945,0.99525136,0.0025550327
1539.4559647065494,1539.4559647065494,0.9854898,0.0025522818
1539.4573536111536,1539.4573536111536,0.9887745,0.0025616477
1539.4587425155248,1539.4587425155248,0.9845897,0.0025495654
1539.4601314201288,1539.4601314201288,0.98546857,0.0025499472
1539.4615203247324,1539.4615203247324,0.98496246,0.0025516022
1539.4629092293364,1539.4629092293364,0.98579377,0.0025566008
1539.4642981337076,1539.4642981337076,0.98725736,0.0025496576
1539.4656870383117,1539.4656870383117,0.9834545,0.0025470706
1539.4670759429157,1539.4670759429157,0.98144233,0.002547271
1539.4684648475193,1539.4684648475193,0.985257,0.0025510076
1539.4698537518905,1539.4698537518905,0.9837509,0.0025493125
1539.4712426564945,1539.4712426564945,0.98779166,0.0025525428
1539.4726315610985,1539.4726315610985,0.9864952,0.002551478
1539.47402046547,1539.47402046547,0.9803047,0.0025474883
1539.4754093700733,1539.4754093700733,0.98436546,0.0025507929
1539.4767982746773,1539.4767982746773,0.9849726,0.0025518406
1539.4781871790494,1539.4781871790494,0.987989,0.0025536767
1539.4795760836535,1539.4795760836535,0.9863024,0.0025554893
1539.480964988257,1539.480964988257,0.9829756,0.0025472888
1539.4823538926273,1539.4823538926273,0.98638874,0.0025491463
1539.4837427972316,1539.4837427972316,0.9847789,0.0025515726
1539.4851317016034,1539.4851317016034,0.9883408,0.0025513205
1539.4865206062075,1539.4865206062075,0.9860244,0.0025560888
1539.4879095105782,1539.4879095105782,0.98454106,0.002549979
1539.4892984151822,1539.4892984151822,0.98637754,0.0025638433
1539.4906873197863,1539.4906873197863,0.98783195,0.0025529924
1539.4920762241575,1539.4920762241575,0.9860866,0.0025557445
1539.4934651287617,1539.4934651287617,0.99016607,0.0025549196
1539.4948540331322,1539.4948540331322,0.9850039,0.002550461
1539.4962429377363,1539.4962429377363,0.9853497,0.002556941
1539.4976318421084,1539.4976318421084,0.9852289,0.0025509354
1539.4990207467124,1539.4990207467124,0.9841002,0.0025509777
1539.5004096510831,1539.5004096510831,0.986205,0.0025529747
1539.5017985554534,1539.5017985554534,0.9850484,0.002552048
1539.5031874600577,1539.5031874600577,0.9877743,0.0025620977
1539.5045763644296,1539.5045763644296,0.98673636,0.0025576537
1539.5059652690336,1539.5059652690336,0.9840716,0.002551273
1539.5073541734043,1539.5073541734043,0.99038523,0.002553235
1539.5087430777749,1539.5087430777749,0.98753196,0.002552961
1539.510131982379,1539.510131982379,0.98904663,0.0025534676
1539.5115208867508,1539.5115208867508,0.98553,0.002555144
1539.5129097911222,1539.5129097911222,0.9871878,0.0025547368
1539.5142986957255,1539.5142986957255,0.9869164,0.0025495177
1539.5156876000963,1539.5156876000963,0.985767,0.0025524823
1539.5170765044682,1539.5170765044682,0.9897423,0.002561242
1539.5184654090729,1539.5184654090729,0.9874546,0.0025541903
1539.5198543134436,1539.5198543134436,0.98626095,0.0025534946
1539.521243217814,1539.521243217814,0.98838115,0.002551057
1539.5226321224175,1539.5226321224175,0.9880535,0.0025531242
1539.5240210267896,1539.5240210267896,0.9831262,0.0025687907
1539.5254099311612,1539.5254099311612,0.98925596,0.0025513815
1539.526798835532,1539.526798835532,0.9883871,0.0025564975
1539.5281877401355,1539.5281877401355,0.9881114,0.0025515899
1539.5295766445067,1539.5295766445067,0.9908476,0.0025544418
1539.5309655488784,1539.5309655488784,0.9885455,0.0025529985
1539.5323544532498,1539.5323544532498,0.9863873,0.0025513894
1539.5337433576203,1539.5337433576203,0.9880299,0.0025558027
1539.535132261991,1539.535132261991,0.9886159,0.0025501226
1539.5365211665958,1539.5365211665958,0.99234897,0.0025553794
1539.5379100709677,1539.5379100709677,0.985049,0.0025541238
1539.5392989753384,1539.5392989753384,0.9858789,0.0025515913
1539.5406878797087,1539.5406878797087,0.9894818,0.0025564327
1539.5420767840794,1539.5420767840794,0.98993266,0.0025540856
1539.5434656884515,1539.5434656884515,0.98773724,0.0025544476
1539.5448545928232,1539.5448545928232,0.99303275,0.0025698557
1539.546243497194,1539.546243497194,0.991063,0.002552973
1539.5476324015647,1539.5476324015647,0.98870474,0.0025605028
1539.549021305935,1539.549021305935,0.99165744,0.0025534786
1539.550410210307,1539.550410210307,0.9867752,0.002565925
1539.5517991146792,1539.5517991146792,0.99139315,0.0025555526
1539.5531880190495,1539.5531880190495,0.9917103,0.0025631771
1539.5545769234202,1539.5545769234202,0.9876085,0.0025503784
1539.5559658277914,1539.5559658277914,0.9905862,0.0025742766
1539.5573547321635,1539.5573547321635,0.9916928,0.002561453
1539.5587436365347,1539.5587436365347,0.9887611,0.0025534874
1539.5601325409052,1539.5601325409052,0.9907987,0.002563955
1539.5615214452757,1539.5615214452757,0.98930603,0.0025499172
1539.562910349647,1539.562910349647,0.9919496,0.0025533803
1539.564299254019,1539.564299254019,0.98902446,0.0025519026
1539.5656881583902,1539.5656881583902,0.9918906,0.0025530795
1539.567077062761,1539.567077062761,0.9889126,0.0025614225
1539.5684659671313,1539.5684659671313,0.9921298,0.0025573683
1539.5698548712699,1539.5698548712699,0.99004024,0.002554355
1539.5712437756417,1539.5712437756417,0.9933314,0.0025530304
1539.572632680013,1539.572632680013,0.9897102,0.00255658
1539.5740215843837,1539.5740215843837,0.99065804,0.0025550497
1539.5754104887549,1539.5754104887549,0.9949294,0.0025605122
1539.576799393127,1539.576799393127,0.9897899,0.0025569452
1539.5781882972653,1539.5781882972653,0.9930702,0.0025595857
1539.5795772016359,1539.5795772016359,0.9915568,0.0025565177
1539.5809661060064,1539.5809661060064,0.9874201,0.0025537345
1539.5823550103776,1539.5823550103776,0.99543345,0.0025587636
1539.5837439145168,1539.5837439145168,0.9943546,0.0025660163
1539.585132818888,1539.585132818888,0.9908704,0.0025632964
1539.5865217232588,1539.5865217232588,0.9917798,0.0025548658
1539.587910627629,1539.587910627629,0.9912585,0.0025558555
1539.5892995317677,1539.5892995317677,0.9905587,0.0025528604
1539.5906884361395,1539.5906884361395,0.9966747,0.0025558397
1539.5920773405107,1539.5920773405107,0.995448,0.0025647585
1539.5934662446487,1539.5934662446487,0.9944558,0.0025567678
1539.5948551490198,1539.5948551490198,0.9942095,0.0025547673
1539.596244053391,1539.596244053391,0.99302137,0.002560451
1539.5976329575294,1539.5976329575294,0.9959331,0.0025547994
1539.5990218619008,1539.5990218619008,0.98832905,0.0025515382
1539.6004107660385,1539.6004107660385,0.995278,0.00256038
1539.6017996704097,1539.6017996704097,0.9970354,0.0025564493
1539.6031885745483,1539.6031885745483,0.99519557,0.002552764
1539.6045774789197,1539.6045774789197,0.9982129,0.002554309
1539.605966383291,1539.605966383291,0.99419713,0.002553769
1539.6073552874284,1539.6073552874284,0.9911508,0.0025554597
1539.6087441917998,1539.6087441917998,0.9961556,0.0025626926
1539.6101330959384,1539.6101330959384,0.9965808,0.0025549694
1539.6115220003096,1539.6115220003096,1.0053198,0.0025591908
1539.612910904448,1539.612910904448,1.0004965,0.0025602079
1539.6142998088192,1539.6142998088192,0.9970926,0.0025548483
1539.6156887129575,1539.6156887129575,0.999703,0.002555299
1539.6170776173283,1539.6170776173283,0.99653137,0.0025542066
1539.6184665214666,1539.6184665214666,1.0004007,0.0025571205
1539.619855425605,1539.619855425605,0.99976516,0.0025597166
1539.6212443299762,1539.6212443299762,0.99559635,0.0025545354
1539.6226332341148,1539.6226332341148,0.9986834,0.002562136
1539.6240221384862,1539.6240221384862,0.9987462,0.0025576928
1539.6254110426246,1539.6254110426246,1.0008024,0.002555088
1539.626799946762,1539.626799946762,0.9947059,0.002553722
1539.6281888511335,1539.6281888511335,1.0019468,0.0025660477
1539.6309666594104,1539.6309666594104,0.9978629,0.0025580707
1539.6323555637816,1539.6323555637816,1.0016258,0.0025571582
1539.6337444679195,1539.6337444679195,0.99942666,0.0025591082
1539.635133372058,1539.635133372058,1.0000262,0.0025594973
1539.636522276429,1539.636522276429,1.0002713,0.002557227
1539.6379111805675,1539.6379111805675,0.99952966,0.0025614104
1539.6393000847058,1539.6393000847058,0.99870676,0.0025538406
1539.6406889888442,1539.6406889888442,0.9970409,0.0025619627
1539.6420778932156,1539.6420778932156,0.9975625,0.0025555796
1539.6434667973533,1539.6434667973533,1.0016562,0.0025597855
1539.6448557014917,1539.6448557014917,0.99827814,0.002556082
1539.6462446056303,1539.6462446056303,0.99906534,0.0025608982
1539.6476335097689,1539.6476335097689,1.0001667,0.0025589892
1539.64902241414,1539.64902241414,0.99945813,0.0025546683
1539.6504113182775,1539.6504113182775,0.9970794,0.0025627348
1539.651800222416,1539.651800222416,1.0014931,0.002560817
1539.6545780306935,1539.6545780306935,1.0038205,0.0025625995
1539.6559669348314,1539.6559669348314,1.0044249,0.0025636347
1539.6573558389694,1539.6573558389694,1.0002282,0.0025608423
1539.6587447431077,1539.6587447431077,0.99981385,0.0025558532
1539.6601336474796,1539.6601336474796,0.99869156,0.002562865
1539.6615225516182,1539.6615225516182,1.0024679,0.0025582486
1539.6629114557556,1539.6629114557556,1.0025916,0.0025570153
1539.6643003598936,1539.6643003598936,1.001708,0.0025601003
1539.665689264032,1539.665689264032,1.0011472,0.0025596037
1539.6670781681712,1539.6670781681712,1.0003718,0.002558999
1539.6684670723096,1539.6684670723096,1.0037903,0.0025595238
1539.6698559764473,1539.6698559764473,1.003381,0.0025583368
1539.680967209322,1539.680967209322,1.000682,0.0025595482
1539.6823561134595,1539.6823561134595,1.000705,0.0025559475
1539.6837450175974,1539.6837450175974,1.0021936,0.0025589657
1539.6851339217358,1539.6851339217358,1.0037804,0.002561284
1539.686522825875,1539.686522825875,0.9993295,0.0025575357
1539.6879117297806,1539.6879117297806,1.0049773,0.0025583014
1539.6893006339183,1539.6893006339183,1.0022539,0.0025596884
1539.690689538056,1539.690689538056,1.0046268,0.0025587438
1539.6920784421943,1539.6920784421943,1.0042773,0.0025630917
1539.6934673463336,1539.6934673463336,1.0021079,0.0025589168
1539.6948562502391,1539.6948562502391,1.0055786,0.0025657488
1539.696245154377,1539.696245154377,1.0031983,0.0025591007
1539.6976340585145,1539.6976340585145,1.0040522,0.0025621462
1539.6990229626538,1539.6990229626538,1.0030067,0.0025686543
1539.7004118665602,1539.7004118665602,1.0033865,0.0025572411
1539.7018007706977,1539.7018007706977,1.0080798,0.0025602335
1539.7031896748356,1539.7031896748356,1.0035644,0.0025663606
1539.7045785787404,1539.7045785787404,0.99993736,0.0025608419
1539.7059674828795,1539.7059674828795,1.005551,0.0025616433
1539.7073563870188,1539.7073563870188,1.0032185,0.0025590311
1539.7087452909236,1539.7087452909236,1.0030246,0.0025631124
1539.7101341950613,1539.7101341950613,1.0034888,0.0025585203
1539.7115230991992,1539.7115230991992,1.0056216,0.002562153
1539.7129120031054,1539.7129120031054,1.0017501,0.0025588884
1539.7143009072445,1539.7143009072445,1.0029895,0.0025571987
1539.7156898111496,1539.7156898111496,1.0042764,0.0025723595
1539.717078715287,1539.717078715287,1.0013944,0.0025587704
1539.7184676194256,1539.7184676194256,1.0048921,0.002565307
1539.7198565233318,1539.7198565233318,1.0049306,0.0025568574
1539.7212454274702,1539.7212454274702,1.0049616,0.0025610265
1539.7226343313753,1539.7226343313753,1.0049788,0.0025602551
1539.7240232355132,1539.7240232355132,1.009967,0.0025636132
1539.7254121394192,1539.7254121394192,1.0066506,0.002559322
1539.7268010435585,1539.7268010435585,1.0055121,0.0025681606
1539.7281899474633,1539.7281899474633,1.0081583,0.00255975
1539.729578851601,1539.729578851601,1.0038644,0.0025664226
1539.730967755506,1539.730967755506,1.0080056,0.002569693
1539.7323566596451,1539.7323566596451,1.0068213,0.0025618244
1539.7337455635513,1539.7337455635513,1.0070843,0.0025601946
1539.7351344674564,1539.7351344674564,1.0047927,0.0025621338
1539.7365233715939,1539.7365233715939,1.0070848,0.0025693688
1539.7379122754996,1539.7379122754996,1.0040545,0.00256131
1539.7393011796387,1539.7393011796387,1.0103666,0.0025615427
1539.7406900835442,1539.7406900835442,1.0102836,0.0025605971
1539.7420789874493,1539.7420789874493,1.0059122,0.002561207
1539.7434678915872,1539.7434678915872,1.0050708,0.002557102
1539.7448567954928,1539.7448567954928,1.0058905,0.0025585229
1539.746245699399,1539.746245699399,1.0033089,0.0025586395
1539.7476346035376,1539.7476346035376,1.0084422,0.0025643674
1539.7490235074422,1539.7490235074422,1.0049343,0.0025731153
1539.7504124113473,1539.7504124113473,1.0091194,0.0025623348
1539.7518013152528,1539.7518013152528,1.0038806,0.0025583073
1539.753190219392,1539.753190219392,1.010087,0.0025615667
1539.7545791232976,1539.7545791232976,1.00517,0.0025606656
1539.7559680272025,1539.7559680272025,1.0073829,0.0025626677
1539.7573569311082,1539.7573569311082,1.0051783,0.0025609476
1539.7587458350138,1539.7587458350138,1.0052751,0.0025704845
1539.7601347391521,1539.7601347391521,1.0122159,0.002566862
1539.7615236430577,1539.7615236430577,1.0082977,0.0025621026
1539.7629125469628,1539.7629125469628,1.0065126,0.0025625334
1539.7643014508683,1539.7643014508683,1.0114166,0.0025625122
1539.7656903547738,1539.7656903547738,1.0061625,0.0025632163
1539.7670792586794,1539.7670792586794,1.0096337,0.0025648905
1539.7684681628177,1539.7684681628177,1.0052608,0.0025651257
1539.7698570667228,1539.7698570667228,1.0064851,0.0025595278
1539.7712459706283,1539.7712459706283,1.0117196,0.0025614942
1539.7726348745339,1539.7726348745339,1.0087622,0.0025630835
1539.7740237784394,1539.7740237784394,1.0065701,0.00255862
1539.7754126823452,1539.7754126823452,1.0085396,0.0025606323
1539.776801586251,1539.776801586251,1.0090358,0.0025607958
1539.7781904901565,1539.7781904901565,1.010028,0.0025666626
1539.779579394062,1539.779579394062,1.0079302,0.0025627692
1539.7809682979675,1539.7809682979675,1.0090678,0.0025580148
1539.7823572018726,1539.7823572018726,1.0122187,0.0025700436
1539.7837461057782,1539.7837461057782,1.0103519,0.0025612062
1539.7851350096837,1539.7851350096837,1.007292,0.0025581396
1539.7865239135892,1539.7865239135892,1.0129607,0.0025626514
1539.7879128174948,1539.7879128174948,1.0104314,0.002564518
1539.7893017213999,1539.7893017213999,1.0070307,0.0025628249
1539.7906906253054,1539.7906906253054,1.0086962,0.0025595373
1539.792079529211,1539.792079529211,1.0137537,0.002563376
1539.7934684328836,1539.7934684328836,1.00906,0.002562502
1539.7948573367894,1539.7948573367894,1.0143635,0.0025769214
1539.7962462406952,1539.7962462406952,1.0061703,0.002561008
1539.7976351446007,1539.7976351446007,1.0091765,0.0025634724
1539.7990240485055,1539.7990240485055,1.0072342,0.0025654742
1539.8004129524113,1539.8004129524113,1.0108501,0.0025619525
1539.801801856084,1539.801801856084,1.0107075,0.0025735484
1539.8031907599895,1539.8031907599895,1.0088964,0.0025657977
1539.804579663895,1539.804579663895,1.0131218,0.0025598328
1539.8059685678002,1539.8059685678002,1.010914,0.002564345
1539.8073574717057,1539.8073574717057,1.0114077,0.0025610777
1539.8087463753784,1539.8087463753784,1.0127622,0.002562872
1539.810135279284,1539.810135279284,1.0133841,0.002564314
1539.8115241831895,1539.8115241831895,1.010127,0.0025621809
1539.8129130868617,1539.8129130868617,1.0082953,0.0025637846
1539.8143019907673,1539.8143019907673,1.0110991,0.0025604647
1539.8156908946737,1539.8156908946737,1.009642,0.00256183
1539.8170797985792,1539.8170797985792,1.0128126,0.0025731442
1539.8184687022513,1539.8184687022513,1.0134163,0.002565423
1539.8198576061561,1539.8198576061561,1.0122873,0.0025669483
1539.8212465098288,1539.8212465098288,1.0116888,0.002565588
1539.8226354137353,1539.8226354137353,1.0104707,0.002561449
1539.8240243176408,1539.8240243176408,1.008971,0.0025615017
1539.825413221313,1539.825413221313,1.0138172,0.002569302
1539.8268021252177,1539.8268021252177,1.0126653,0.0025642149
1539.8281910288906,1539.8281910288906,1.01095,0.0025718398
1539.8295799327968,1539.8295799327968,1.0114138,0.0025718738
1539.8309688367024,1539.8309688367024,1.0164865,0.0025624596
1539.8323577403746,1539.8323577403746,1.0077597,0.0025607673
1539.8337466442802,1539.8337466442802,1.0148156,0.0025729043
1539.8351355479538,1539.8351355479538,1.0135702,0.0025786806
1539.8365244518593,1539.8365244518593,1.00945,0.0025613902
1539.8379133555313,1539.8379133555313,1.0134861,0.0025679818
1539.8393022594362,1539.8393022594362,1.0106484,0.0025700927
1539.8406911631089,1539.8406911631089,1.012441,0.0025626875
1539.8420800667825,1539.8420800667825,1.0134948,0.0025648905
1539.843468970688,1539.843468970688,1.0094113,0.0025649194
1539.8448578743603,1539.8448578743603,1.0086435,0.0025647816
1539.846246778265,1539.846246778265,1.0107532,0.0025625734
1539.8476356819378,1539.8476356819378,1.0149326,0.0025630419
1539.8490245856112,1539.8490245856112,1.0137633,0.0025690321
1539.8504134895168,1539.8504134895168,1.0139802,0.0025718366
1539.851802393189,1539.851802393189,1.0129452,0.0025653404
1539.853191297094,1539.853191297094,1.0129344,0.0025644428
1539.8545802007673,1539.8545802007673,1.0144601,0.0025705216
1539.8559691044409,1539.8559691044409,1.0166671,0.0025794425
1539.8573580081131,1539.8573580081131,1.0127417,0.0025634519
1539.8587469120178,1539.8587469120178,1.0129124,0.0025662098
1539.86013581569,1539.86013581569,1.0125643,0.0025615678
1539.8615247193634,1539.8615247193634,1.0145829,0.0025657502
1539.8629136232696,1539.8629136232696,1.0125356,0.0025617506
1539.8643025269419,1539.8643025269419,1.013774,0.0025679164
1539.8656914306139,1539.8656914306139,1.0164163,0.0025620786
1539.867080334286,1539.867080334286,1.01255,0.0025667744
1539.8684692379595,1539.8684692379595,1.0142651,0.002562924
1539.8698581418655,1539.8698581418655,1.0115827,0.0025623308
1539.8712470455378,1539.8712470455378,1.0151192,0.0025623764
1539.87263594921,1539.87263594921,1.015168,0.0025758012
1539.8740248528827,1539.8740248528827,1.0147635,0.0025637818
1539.875413756556,1539.875413756556,1.0170807,0.0025658025
1539.876802660229,1539.876802660229,1.0159093,0.0025719772
1539.8781915639008,1539.8781915639008,1.0151596,0.0025657762
1539.879580467806,1539.879580467806,1.0166664,0.0025760734
1539.8809693714786,1539.8809693714786,1.0161498,0.002564671
1539.8823582751522,1539.8823582751522,1.0165023,0.002566234
1539.883747178825,1539.883747178825,1.0155085,0.0025641227
1539.885136082497,1539.885136082497,1.0155852,0.0025638093
1539.886524986169,1539.886524986169,1.0186142,0.0025667977
1539.8879138898417,1539.8879138898417,1.0156597,0.002567355
1539.8893027935153,1539.8893027935153,1.014884,0.002565965
1539.890691697188,1539.890691697188,1.016342,0.0025634833
1539.8920806008603,1539.8920806008603,1.0175705,0.0025769402
1539.893469504533,1539.893469504533,1.0161891,0.0025697337
1539.8948584082063,1539.8948584082063,1.0134094,0.00256251
1539.8962473118793,1539.8962473118793,1.0135139,0.0025639096
1539.897636215551,1539.897636215551,1.0201082,0.002568755
1539.8990251192233,1539.8990251192233,1.0156528,0.002568025
1539.900414022896,1539.900414022896,1.0153667,0.0025674654
1539.9018029263368,1539.9018029263368,1.0206908,0.0025676216
1539.9031918300095,1539.9031918300095,1.0157416,0.0025652724
1539.9045807336815,1539.9045807336815,1.0176955,0.002568865
1539.9059696373536,1539.9059696373536,1.0174198,0.0025638763
1539.9073585410263,1539.9073585410263,1.0193845,0.0025725926
1539.9087474446999,1539.9087474446999,1.0179209,0.0025733672
1539.9101363481398,1539.9101363481398,1.020639,0.0025686536
1539.911525251812,1539.911525251812,1.0151725,0.002564933
1539.9129141554847,1539.9129141554847,1.0180725,0.0025657804
1539.9143030591574,1539.9143030591574,1.0201807,0.002566259
1539.9156919628301,1539.9156919628301,1.0170287,0.0025696722
1539.91708086627,1539.91708086627,1.0170512,0.0025670086
1539.9184697699422,1539.9184697699422,1.0181855,0.002562876
1539.919858673615,1539.919858673615,1.0171374,0.0025767123
1539.9212475772877,1539.9212475772877,1.0161321,0.0025649895
1539.9226364807275,1539.9226364807275,1.0133109,0.0025631452
1539.9240253844005,1539.9240253844005,1.0167669,0.0025649953
1539.9254142880725,1539.9254142880725,1.0169959,0.0025676694
1539.9268031915124,1539.9268031915124,1.0177531,0.002567633
1539.9281920951853,1539.9281920951853,1.0171088,0.0025684976
1539.9295809988582,1539.9295809988582,1.017825,0.002565521
1539.930969902298,1539.930969902298,1.0170525,0.002566463
1539.9323588059708,1539.9323588059708,1.0165144,0.0025646146
1539.9337477094107,1539.9337477094107,1.0170618,0.002564127
1539.935136613083,1539.935136613083,1.0207607,0.0025692137
1539.9365255165228,1539.9365255165228,1.0154142,0.002565442
1539.9379144201955,1539.9379144201955,1.0147159,0.0025667914
1539.9393033238682,1539.9393033238682,1.0163828,0.0025686324
1539.940692227308,1539.940692227308,1.0173802,0.0025694498
1539.9420811309803,1539.9420811309803,1.0183871,0.0025708838
1539.9434700344202,1539.9434700344202,1.0158354,0.0025662351
1539.944858938093,1539.944858938093,1.0143692,0.0025697371
1539.9462478415328,1539.9462478415328,1.018881,0.0025700016
1539.9476367452057,1539.9476367452057,1.0196539,0.0025682312
1539.949025648645,1539.949025648645,1.0179123,0.0025660743
1539.9504145520848,1539.9504145520848,1.0174345,0.0025861629
1539.9518034557584,1539.9518034557584,1.0185012,0.0025661625
1539.9531923591983,1539.9531923591983,1.0199577,0.0025689884
1539.9545812628705,1539.9545812628705,1.0175009,0.0025635888
1539.9559701663104,1539.9559701663104,1.0188559,0.0025660433
1539.9573590697503,1539.9573590697503,1.019044,0.0025664456
1539.958747973423,1539.958747973423,1.0191098,0.0025680924
1539.9601368768629,1539.9601368768629,1.0165619,0.00256301
1539.9615257803023,1539.9615257803023,1.0221609,0.0025633026
1539.962914683975,1539.962914683975,1.0172848,0.0025691008
1539.9643035874149,1539.9643035874149,1.0211406,0.0025658591
1539.9656924908547,1539.9656924908547,1.0184219,0.0025680054
1539.9670813945277,1539.9670813945277,1.0166872,0.002565053
1539.9684702979669,1539.9684702979669,1.0175529,0.0025642423
1539.9698592014067,1539.9698592014067,1.0187613,0.0025710627
1539.9712481048475,1539.9712481048475,1.0166633,0.0025630323
1539.9726370085202,1539.9726370085202,1.0190635,0.0025674962
1539.9740259119596,1539.9740259119596,1.0177606,0.002574015
1539.9754148153986,1539.9754148153986,1.0183691,0.0025669793
1539.9768037188387,1539.9768037188387,1.016187,0.0025748853
1539.9781926222793,1539.9781926222793,1.0169466,0.0025709048
1539.979581525952,1539.979581525952,1.0188673,0.002564886
1539.9809704293914,1539.9809704293914,1.0190376,0.002568214
1539.9823593328308,1539.9823593328308,1.0181977,0.0025687278
1539.9837482362707,1539.9837482362707,1.0152519,0.0025647024
1539.9851371397112,1539.9851371397112,1.0169764,0.0025624856
1539.9865260431513,1539.9865260431513,1.0165977,0.002575436
1539.9879149465903,1539.9879149465903,1.0203058,0.002566178
1539.9893038500297,1539.9893038500297,1.0200914,0.0025663506
1539.9906927534703,1539.9906927534703,1.0159086,0.0025662722
1539.9920816569108,1539.9920816569108,1.0173745,0.0025635923
1539.9934705603503,1539.9934705603503,1.0173306,0.0025706738
1539.9948594637895,1539.9948594637895,1.0159347,0.0025695714
1539.9962483672286,1539.9962483672286,1.02202,0.0025689146
1539.9976372706694,1539.9976372706694,1.020399,0.0025645948
1539.9990261741098,1539.9990261741098,1.0181673,0.0025687497
1540.0004150775492,1540.0004150775492,1.0219482,0.002567139
1540.0018039809886,1540.0018039809886,1.0208988,0.002568539
1540.0031928844276,1540.0031928844276,1.0171955,0.002564857
1540.0045817878683,1540.0045817878683,1.0194544,0.0025652896
1540.0059706913091,1540.0059706913091,1.0207813,0.0025709004
1540.007359594748,1540.007359594748,1.0182225,0.0025671166
1540.0087484981875,1540.0087484981875,1.0199766,0.0025685672
1540.0101374016274,1540.0101374016274,1.0191897,0.0025648666
1540.0115263050682,1540.0115263050682,1.0179205,0.0025659024
1540.0129152082752,1540.0129152082752,1.0184503,0.00256869
1540.0143041117144,1540.0143041117144,1.0169194,0.0025640388
1540.0156930151536,1540.0156930151536,1.0171978,0.002563416
1540.0170819185935,1540.0170819185935,1.0190178,0.002565861
1540.0184708220343,1540.0184708220343,1.0160427,0.0025654514
1540.0198597252413,1540.0198597252413,1.0171069,0.0025736543
1540.0212486286807,1540.0212486286807,1.0215259,0.0025660954
1540.0226375321197,1540.0226375321197,1.0192077,0.0025725667
1540.0240264355605,1540.0240264355605,1.0176318,0.0025625404
1540.0254153387684,1540.0254153387684,1.0153687,0.002562936
1540.0268042422074,1540.0268042422074,1.0186076,0.002569616
1540.0281931456468,1540.0281931456468,1.0173087,0.0025657192
1540.0295820488539,1540.0295820488539,1.0212053,0.0025686584
1540.0309709522946,1540.0309709522946,1.0161403,0.0025682992
1540.0323598557345,1540.0323598557345,1.0184876,0.0025633997
1540.0337487589409,1540.0337487589409,1.0143685,0.0025657276
1540.03513766238,1540.03513766238,1.0227313,0.0025678165
1540.03652656582,1540.03652656582,1.0189586,0.00257181
1540.037915469028,1540.037915469028,1.0194783,0.0025690745
1540.0393043724678,1540.0393043724678,1.0165797,0.002566947
1540.0406932756744,1540.0406932756744,1.017837,0.0025656617
1540.0420821791133,1540.0420821791133,1.0184124,0.0025635473
1540.0434710823206,1540.0434710823206,1.0193429,0.002570997
1540.0448599857611,1540.0448599857611,1.0174111,0.0025659944
1540.046248889201,1540.046248889201,1.0196911,0.0025809966
1540.0476377924076,1540.0476377924076,1.0203884,0.0025753712
1540.0490266958475,1540.0490266958475,1.0178853,0.0025749675
1540.0504155990545,1540.0504155990545,1.0175785,0.0025674195
1540.0518045022618,1540.0518045022618,1.0185186,0.0025674647
1540.053193405702,1540.053193405702,1.0163361,0.0025642079
1540.054582308908,1540.054582308908,1.018326,0.002572793
1540.055971212348,1540.055971212348,1.0189996,0.0025664356
1540.0573601155552,1540.0573601155552,1.0173949,0.0025670016
1540.0587490189953,1540.0587490189953,1.021361,0.002567599
1540.0601379222023,1540.0601379222023,1.0177569,0.0025799926
1540.0615268254085,1540.0615268254085,1.0185324,0.0025658328
1540.0629157288486,1540.0629157288486,1.0159814,0.00257799
1540.0643046320558,1540.0643046320558,1.015767,0.0025698002
1540.0656935352629,1540.0656935352629,1.015705,0.0025691336
1540.0670824387028,1540.0670824387028,1.0168186,0.0025656756
1540.0684713419098,1540.0684713419098,1.0259922,0.0025702915
1540.0698602451168,1540.0698602451168,1.0264115,0.0025703337
1540.0712491485563,1540.0712491485563,1.0214092,0.0025723125
1540.0726380517633,1540.0726380517633,1.0229625,0.0025692638
1540.0740269549703,1540.0740269549703,1.0199715,0.002566501
1540.0754158581774,1540.0754158581774,1.01832,0.0025662675
1540.0768047616175,1540.0768047616175,1.0186874,0.0025778192
1540.0781936648239,1540.0781936648239,1.0220056,0.0025659427
1540.079582568031,1540.079582568031,1.019507,0.0025770552
1540.0809714712382,1540.0809714712382,1.0217783,0.002578703
1540.0823603744454,1540.0823603744454,1.0232099,0.002568121
1540.0837492776525,1540.0837492776525,1.0172653,0.0025629466
1540.0851381810915,1540.0851381810915,1.0175573,0.0025666128
1540.0865270842987,1540.0865270842987,1.0185148,0.0025667683
1540.0879159875064,1540.0879159875064,1.0190549,0.0025664812
1540.0893048907135,1540.0893048907135,1.0199503,0.0025691106
1540.09069379392,1540.09069379392,1.0188235,0.0025633052
1540.0920826971267,1540.0920826971267,1.0184633,0.0025695139
1540.0934716003337,1540.0934716003337,1.0156046,0.0025726145
1540.0948605035414,1540.0948605035414,1.0192274,0.002581241
1540.0962494067487,1540.0962494067487,1.0184962,0.0025690042
1540.0976383099548,1540.0976383099548,1.015447,0.0025744007
1540.099027213162,1540.099027213162,1.0165867,0.0025733453
1540.1004161163692,1540.1004161163692,1.0164621,0.0025642377
1540.1018050195764,1540.1018050195764,1.0183294,0.0025704964
1540.1031939227835,1540.1031939227835,1.0163068,0.002565207
1540.1045828259898,1540.1045828259898,1.0185347,0.0025715223
1540.105971729197,1540.105971729197,1.018473,0.0025631948
1540.1073606324046,1540.1073606324046,1.0191884,0.002564193
1540.1087495356117,1540.1087495356117,1.0154916,0.0025641376
1540.1101384388182,1540.1101384388182,1.0192399,0.0025662272
1540.1115273420248,1540.1115273420248,1.0187219,0.002573583
1540.112916244999,1540.112916244999,1.0171484,0.0025724978
1540.1143051482068,1540.1143051482068,1.0177273,0.0025657122
1540.115694051414,1540.115694051414,1.0171376,0.0025643995
1540.1170829546202,1540.1170829546202,1.021113,0.0025672538
1540.1184718578268,1540.1184718578268,1.0128657,0.0025620514
1540.1198607610338,1540.1198607610338,1.0178114,0.0025639993
1540.121249664009,1540.121249664009,1.0165323,0.0025673253
1540.122638567216,1540.122638567216,1.0148393,0.0025667686
1540.1240274704223,1540.1240274704223,1.0148573,0.0025657953
1540.1254163736287,1540.1254163736287,1.0161052,0.0025662864
1540.1268052766038,1540.1268052766038,1.0159711,0.0025677728
1540.1281941798115,1540.1281941798115,1.0187076,0.002564457
1540.129583083018,1540.129583083018,1.017789,0.0025657848
1540.1309719862245,1540.1309719862245,1.0172266,0.0025749109
1540.1323608891978,1540.1323608891978,1.0164392,0.002565849
1540.1337497924058,1540.1337497924058,1.0159904,0.0025660763
1540.1351386953809,1540.1351386953809,1.0163502,0.0025641404
1540.136527598587,1540.136527598587,1.0178372,0.002563839
1540.1379165017936,1540.1379165017936,1.0148398,0.0025781144
1540.1393054047671,1540.1393054047671,1.0133396,0.0025636326
1540.1406943079749,1540.1406943079749,1.0202607,0.0025705185
1540.1420832111828,1540.1420832111828,1.0157471,0.0025647653
1540.1434721141563,1540.1434721141563,1.0126269,0.002561348
1540.1448610173627,1540.1448610173627,1.0171958,0.0025665555
1540.146249920337,1540.146249920337,1.0151249,0.0025759554
1540.1476388235449,1540.1476388235449,1.0140512,0.0025632323
1540.149027726519,1540.149027726519,1.0144975,0.0025650873
1540.1504166297257,1540.1504166297257,1.0124451,0.0025731204
1540.151805532699,1540.151805532699,1.0177529,0.0025700214
1540.1531944359062,1540.1531944359062,1.010726,0.0025706792
1540.1545833388811,1540.1545833388811,1.0135816,0.0025640903
1540.1559722420882,1540.1559722420882,1.0141636,0.0025619369
1540.157361145062,1540.157361145062,1.0157471,0.0025649716
1540.1587500480357,1540.1587500480357,1.0172193,0.002569356
1540.1601389512427,1540.1601389512427,1.0121776,0.002562515
1540.1615278542174,1540.1615278542174,1.011613,0.002559733
1540.1629167574247,1540.1629167574247,1.0122167,0.002575206
1540.1643056603982,1540.1643056603982,1.0148964,0.002562705
1540.1656945633724,1540.1656945633724,1.0135825,0.0025694573
1540.1670834665797,1540.1670834665797,1.0131296,0.0025681066
1540.1684723695541,1540.1684723695541,1.0144551,0.002562125
1540.1698612725284,1540.1698612725284,1.0142858,0.0025621536
1540.1712501755017,1540.1712501755017,1.0151643,0.0025670282
1540.172639078709,1540.172639078709,1.0158491,0.0025650705
1540.1740279816834,1540.1740279816834,1.0150979,0.0025628607
1540.1754168846576,1540.1754168846576,1.0090606,0.0025629536
1540.1768057876318,1540.1768057876318,1.0125684,0.0025592276
1540.1781946908384,1540.1781946908384,1.0135428,0.002559643
1540.1795835938126,1540.1795835938126,1.0145866,0.0025619604
1540.1809724967875,1540.1809724967875,1.0169181,0.0025718226
1540.182361399762,1540.182361399762,1.0147078,0.0025679744
1540.1837503027352,1540.1837503027352,1.0131061,0.0025629438
1540.1851392059423,1540.1851392059423,1.0136534,0.0025648954
1540.1865281089167,1540.1865281089167,1.0123327,0.0025622423
1540.1879170118912,1540.1879170118912,1.0120724,0.0025605028
1540.1893059148654,1540.1893059148654,1.0137714,0.0025653737
1540.190694817839,1540.190694817839,1.0150853,0.0025665106
1540.1920837208133,1540.1920837208133,1.0129086,0.002562149
1540.1934726237876,1540.1934726237876,1.0118885,0.002563486
1540.1948615267618,1540.1948615267618,1.0144418,0.002572307
1540.196250429736,1540.196250429736,1.0217903,0.0025700969
1540.1976393327097,1540.1976393327097,1.0163106,0.0025673383
1540.199028235684,1540.199028235684,1.0188217,0.0025664414
1540.2004171386582,1540.2004171386582,1.0193582,0.002569051
1540.2018060416324,1540.2018060416324,1.0123322,0.0025641618
1540.2031949446066,1540.2031949446066,1.0158533,0.0025636805
1540.204583847581,1540.204583847581,1.0128217,0.0025615406
1540.2059727505555,1540.2059727505555,1.0117408,0.0025613047
1540.2073616535288,1540.2073616535288,1.0149488,0.0025637103
1540.208750556503,1540.208750556503,1.0123223,0.0025791617
1540.2101394594774,1540.2101394594774,1.0144987,0.0025662577
1540.2115283624519,1540.2115283624519,1.0118973,0.002563529
1540.2129172651933,1540.2129172651933,1.0128834,0.0025637378
1540.2143061681666,1540.2143061681666,1.010896,0.002563936
1540.215695071141,1540.215695071141,1.0121511,0.0025605625
1540.2170839741154,1540.2170839741154,1.0101465,0.002564788
1540.2184728770897,1540.2184728770897,1.0116752,0.0025651224
1540.2198617800639,1540.2198617800639,1.0084856,0.002563074
1540.2212506828048,1540.2212506828048,1.0141726,0.0025733493
1540.222639585779,1540.222639585779,1.0107826,0.0025586681
1540.224028488754,1540.224028488754,1.0123019,0.0025645238
1540.2254173917283,1540.2254173917283,1.0109025,0.002563827
1540.2268062944688,1540.2268062944688,1.0136763,0.002566757
1540.2281951974426,1540.2281951974426,1.0120467,0.0025596535
1540.2295841004168,1540.2295841004168,1.0116696,0.0025626905
1540.230973003159,1540.230973003159,1.0076643,0.0025637662
1540.2323619061333,1540.2323619061333,1.0123032,0.0025647813
1540.2337508091068,1540.2337508091068,1.0135211,0.002563362
1540.2351397118475,1540.2351397118475,1.0081744,0.0025598253
1540.2365286148217,1540.2365286148217,1.0080982,0.0025594996
1540.2379175177969,1540.2379175177969,1.0102407,0.002559734
1540.2393064205382,1540.2393064205382,1.0114667,0.002562341
1540.240695323512,1540.240695323512,1.0118998,0.0025629494
1540.2420842262525,1540.2420842262525,1.0097585,0.0025606677
1540.2434731292276,1540.2434731292276,1.0087924,0.0025625576
1540.24486203197,1540.24486203197,1.0113732,0.0025602097
1540.2462509349432,1540.2462509349432,1.0115356,0.0025624468
1540.2476398376841,1540.2476398376841,1.0126604,0.002561437
1540.2490287406576,1540.2490287406576,1.013714,0.0025630128
1540.2504176433997,1540.2504176433997,1.0110526,0.0025620847
1540.2518065463748,1540.2518065463748,1.0139942,0.0025637164
1540.2531954491155,1540.2531954491155,1.0099003,0.0025588088
1540.254584352089,1540.254584352089,1.0101805,0.0025622551
1540.25597325483,1540.25597325483,1.0113059,0.0025588558
1540.257362157805,1540.257362157805,1.0117118,0.0025683874
1540.258751060547,1540.258751060547,1.0092021,0.0025631192
1540.2601399632879,1540.2601399632879,1.0084537,0.0025596416
1540.2615288662612,1540.2615288662612,1.0072007,0.0025607552
1540.2629177690028,1540.2629177690028,1.0099715,0.0025634596
1540.2643066717449,1540.2643066717449,1.0067109,0.0025632405
1540.265695574719,1540.265695574719,1.0076672,0.002562819
1540.26708447746,1540.26708447746,1.0045927,0.0025587042
1540.268473380201,1540.268473380201,1.011408,0.002561422
1540.2698622831756,1540.2698622831756,1.0079123,0.0025587915
1540.271251185918,1540.271251185918,1.0089443,0.0025577298
1540.2726400886586,1540.2726400886586,1.0090324,0.0025653255
1540.2740289913993,1540.2740289913993,1.0069141,0.002559127
1540.275417894373,1540.275417894373,1.006769,0.0025579971
1540.2768067971151,1540.2768067971151,1.0065507,0.0025597347
1540.2781956998572,1540.2781956998572,1.0076594,0.0025626814
1540.279584602598,1540.279584602598,1.0061493,0.0025617739
1540.2809735053386,1540.2809735053386,1.0081185,0.0025613247
1540.2823624080802,1540.2823624080802,1.0065123,0.002556864
1540.283751311055,1540.283751311055,1.0064857,0.0025622786
1540.2851402137965,1540.2851402137965,1.003774,0.0025576048
1540.2865291165374,1540.2865291165374,1.0042316,0.0025582672
1540.2879180192783,1540.2879180192783,1.0064481,0.0025582481
1540.2893069220197,1540.2893069220197,1.0033284,0.0025584502
1540.2906958247618,1540.2906958247618,1.0032496,0.0025576323
1540.2920847275034,1540.2920847275034,1.0064144,0.0025580216
1540.2934736302439,1540.2934736302439,1.0040759,0.0025620963
1540.2948625329848,1540.2948625329848,1.0068433,0.0025586698
1540.2962514357262,1540.2962514357262,1.0066891,0.0025735286
1540.2976403384685,1540.2976403384685,1.0098054,0.0025612845
1540.2990292412098,1540.2990292412098,1.0066108,0.002558786
1540.3004181439505,1540.3004181439505,1.0063196,0.0025580039
1540.3018070466921,1540.3018070466921,1.0024805,0.0025664158
1540.3031959494335,1540.3031959494335,1.0013375,0.0025580714
1540.304584852175,1540.304584852175,1.005769,0.0025606502
1540.3059737549163,1540.3059737549163,1.0077718,0.0025592993
1540.3073626576572,1540.3073626576572,1.0046237,0.0025568858
1540.3087515603986,1540.3087515603986,1.0047404,0.0025572786
1540.3101404629072,1540.3101404629072,1.0076029,0.0025597585
1540.3115293656485,1540.3115293656485,1.0057565,0.0025573326
1540.31291826839,1540.31291826839,1.0045185,0.0025606225
1540.3143071711308,1540.3143071711308,1.0097532,0.002560555
1540.3156960738722,1540.3156960738722,1.0064684,0.002558847
1540.3170849763808,1540.3170849763808,1.0002086,0.0025694564
1540.3184738791222,1540.3184738791222,1.0065237,0.0025631934
1540.3198627818638,1540.3198627818638,1.0020179,0.0025561543
1540.3212516846054,1540.3212516846054,1.0056182,0.002561838
1540.322640587114,1540.322640587114,1.0044847,0.0025603387
1540.3240294898544,1540.3240294898544,1.0056189,0.0025595394
1540.325418392596,1540.325418392596,1.0064058,0.0025584467
1540.3268072953376,1540.3268072953376,1.0075645,0.0025594297
1540.3281961978462,1540.3281961978462,1.0057038,0.0025696114
1540.3295851005876,1540.3295851005876,1.0051696,0.0025695008
1540.3309740033285,1540.3309740033285,1.0012733,0.0025599005
1540.332362905837,1540.332362905837,1.0029836,0.0025589787
1540.3337518085784,1540.3337518085784,1.0056682,0.0025591783
1540.335140711087,1540.335140711087,1.0029767,0.0025681572
1540.3365296138284,1540.3365296138284,1.0012577,0.0025596397
1540.3379185163365,1540.3379185163365,1.0033424,0.0025552956
1540.3393074190778,1540.3393074190778,0.999506,0.0025697541
1540.3406963218201,1540.3406963218201,1.0041178,0.002560957
1540.3420852243287,1540.3420852243287,1.0003141,0.0025707488
1540.3434741270694,1540.3434741270694,1.0047706,0.0025583995
1540.3448630295773,1540.3448630295773,1.0006554,0.002558327
1540.3462519323186,1540.3462519323186,1.0011983,0.00255633
1540.347640834828,1540.347640834828,1.0050039,0.0025588016
1540.3490297373367,1540.3490297373367,1.0018132,0.002556654
1540.3504186400776,1540.3504186400776,1.0011923,0.0025599569
1540.3518075425852,1540.3518075425852,1.0003158,0.002555111
1540.3531964453268,1540.3531964453268,1.0011333,0.002560475
1540.354585347836,1540.354585347836,1.0016011,0.0025577436
1540.3559742503446,1540.3559742503446,1.0010716,0.002574267
1540.3573631530855,1540.3573631530855,0.99875057,0.0025593587
1540.3587520555934,1540.3587520555934,1.0002252,0.0025582283
1540.3601409583355,1540.3601409583355,0.9998053,0.0025559715
1540.361529860845,1540.361529860845,0.99810797,0.0025556756
1540.3629187633528,1540.3629187633528,1.0033355,0.0025593818
1540.3643076658607,1540.3643076658607,0.99918646,0.0025534828
1540.3656965686016,1540.3656965686016,1.000132,0.002557991
1540.3670854711108,1540.3670854711108,0.9974586,0.0025598994
1540.36847437362,1540.36847437362,0.9993632,0.002557359
1540.3698632761282,1540.3698632761282,0.9999374,0.0025595792
1540.3712521788686,1540.3712521788686,1.0009644,0.0025567652
1540.3726410813767,1540.3726410813767,0.9987821,0.0025646724
1540.3740299838862,1540.3740299838862,1.0001316,0.0025570586
1540.3754188863952,1540.3754188863952,1.0007203,0.0025678012
1540.3768077889033,1540.3768077889033,1.0009575,0.0025626759
1540.3781966914112,1540.3781966914112,1.001416,0.002558674
1540.3795855941528,1540.3795855941528,0.9972111,0.0025540495
1540.3809744966618,1540.3809744966618,0.9951875,0.0025538537
1540.3823633991706,1540.3823633991706,0.99660367,0.0025528267
1540.3837523016784,1540.3837523016784,0.99722815,0.0025708582
1540.3851412041865,1540.3851412041865,0.9950619,0.002554239
1540.3865301066958,1540.3865301066958,0.99795765,0.0025561699
1540.387919009205,1540.387919009205,0.99925774,0.002559832
1540.389307911713,1540.389307911713,0.9998748,0.0025632617
1540.3906968142207,1540.3906968142207,0.9955455,0.0025534697
1540.3920857167288,1540.3920857167288,0.99593186,0.002558202
1540.3934746192383,1540.3934746192383,0.995255,0.0025555901
1540.3948635217473,1540.3948635217473,0.9958437,0.0025539033
1540.3962524242554,1540.3962524242554,0.99935734,0.0025597708
1540.3976413267635,1540.3976413267635,0.9948311,0.002560985
1540.399030229272,1540.399030229272,0.9970015,0.0025566532
1540.4004191317813,1540.4004191317813,0.99829715,0.0025603427
1540.4018080340572,1540.4018080340572,0.9965741,0.002560316
1540.4031969365649,1540.4031969365649,0.9926059,0.0025591084
1540.404585839073,1540.404585839073,0.99853736,0.002554005
1540.4059747415815,1540.4059747415815,0.99749094,0.0025672838
1540.407363644091,1540.407363644091,0.9924484,0.0025563594
1540.4087525465995,1540.4087525465995,1.0015817,0.0025645846
1540.4101414488744,1540.4101414488744,0.99630004,0.0025527184
1540.4115303513825,1540.4115303513825,0.994276,0.0025552071
1540.412919253891,1540.412919253891,0.9966344,0.0025539375
1540.4143081564005,1540.4143081564005,0.9940228,0.002556135
1540.4156970586762,1540.4156970586762,0.99389565,0.0025564705
1540.4170859611843,1540.4170859611843,0.9985257,0.0025676233
1540.418474863692,1540.418474863692,0.9931507,0.0025524334
1540.4198637662007,1540.4198637662007,0.99585146,0.0025563156
1540.421252668477,1540.421252668477,0.99549705,0.0025549459
1540.4226415709857,1540.4226415709857,0.9994015,0.0025541673
1540.424030473261,1540.424030473261,0.9946091,0.0025525847
1540.4254193757695,1540.4254193757695,0.99465096,0.0025531384
1540.426808278278,1540.426808278278,1.0012699,0.0025593974
1540.4281971805538,1540.4281971805538,0.9954117,0.002554802
1540.4295860830625,1540.4295860830625,0.9981137,0.0025571447
1540.4309749853376,1540.4309749853376,0.9941348,0.002555789
1540.4323638878461,1540.4323638878461,0.99566615,0.0025539936
1540.4337527903547,1540.4337527903547,0.9969229,0.0025570309
1540.4351416926306,1540.4351416926306,0.99559146,0.002553054
1540.4365305951394,1540.4365305951394,0.9948028,0.0025551612
1540.4379194974151,1540.4379194974151,0.9928056,0.002555485
1540.4393083999237,1540.4393083999237,0.99515,0.0025536034
1540.440697302199,1540.440697302199,0.9932605,0.0025557983
1540.4420862044747,1540.4420862044747,0.99385244,0.0025580807
1540.4434751069832,1540.4434751069832,0.9926413,0.0025522218
1540.444864009259,1540.444864009259,0.9923659,0.0025529817
1540.4462529117675,1540.4462529117675,0.99639577,0.002556063
1540.4476418140428,1540.4476418140428,0.99073446,0.002553242
1540.4490307163185,1540.4490307163185,0.99697304,0.0025540348
1540.450419618827,1540.450419618827,0.9937505,0.0025559915
1540.4518085211027,1540.4518085211027,0.9951724,0.0025532562
1540.4531974233785,1540.4531974233785,0.9918642,0.0025599245
1540.4545863258866,1540.4545863258866,0.9932226,0.0025544562
1540.4559752281623,1540.4559752281623,0.992847,0.002553564
1540.457364130438,1540.457364130438,0.9915422,0.0025505528
1540.4587530329468,1540.4587530329468,0.9930633,0.0025559564
1540.4601419352227,1540.4601419352227,0.9961682,0.0025536087
1540.4615308374975,1540.4615308374975,0.99155235,0.0025517556
1540.4629197397735,1540.4629197397735,0.9940952,0.0025537696
1540.46430864205,1540.46430864205,0.9936164,0.0025578935
1540.4656975445585,1540.4656975445585,0.9923477,0.002551631
1540.4670864468337,1540.4670864468337,0.9926189,0.0025640342
1540.4684753491088,1540.4684753491088,0.99775076,0.0025544446
1540.4698642513847,1540.4698642513847,0.99343264,0.002558042
1540.4712531536609,1540.4712531536609,0.9929337,0.0025575303
1540.4726420559368,1540.4726420559368,0.99181736,0.0025524956
1540.4740309582119,1540.4740309582119,0.99136966,0.0025591836
1540.4754198604871,1540.4754198604871,0.99403054,0.0025550292
1540.4768087627629,1540.4768087627629,0.9889792,0.0025531868
1540.4781976650393,1540.4781976650393,0.9914332,0.002554313
1540.479586567548,1540.479586567548,0.9929064,0.0025551561
1540.4809754698229,1540.4809754698229,0.9931844,0.0025594917
1540.4823643720981,1540.4823643720981,0.9927021,0.0025587478
1540.4837532743747,1540.4837532743747,0.99071866,0.002551169
1540.485142176418,1540.485142176418,0.9918722,0.0025522995
1540.4865310786934,1540.4865310786934,0.9933099,0.0025549892
1540.4879199809684,1540.4879199809684,0.9939105,0.0025545105
1540.4893088832434,1540.4893088832434,0.99077296,0.0025573815
1540.49069778552,1540.49069778552,0.9929612,0.0025547908
1540.4920866877965,1540.4920866877965,0.99245703,0.0025541815
1540.4934755900715,1540.4934755900715,0.99428684,0.002555236
1540.4948644923468,1540.4948644923468,0.98892367,0.0025522227
1540.4962533946216,1540.4962533946216,0.9934936,0.0025537098
1540.4976422966654,1540.4976422966654,0.98981225,0.0025500518
1540.499031198942,1540.499031198942,0.9920686,0.0025560285
1540.5004201012168,1540.5004201012168,0.99166685,0.0025500883
1540.501809003492,1540.501809003492,0.9927365,0.002560378
1540.5031979057678,1540.5031979057678,0.990437,0.002553018
1540.5045868078116,1540.5045868078116,0.98953915,0.0025531056
1540.5059757100873,1540.5059757100873,0.9908937,0.0025557068
1540.5073646123626,1540.5073646123626,0.9891114,0.0025517181
1540.5087535144046,1540.5087535144046,0.9921521,0.0025501603
1540.5101424166803,1540.5101424166803,0.99270684,0.0025510176
1540.511531318957,1540.511531318957,0.9907562,0.002564373
1540.5129202212327,1540.5129202212327,0.99289554,0.0025586216
1540.514309123275,1540.514309123275,0.9893537,0.0025485668
1540.5156980255501,1540.5156980255501,0.98620903,0.0025525857
1540.5170869275933,1540.5170869275933,0.9902294,0.00255112
1540.5184758298694,1540.5184758298694,0.9893617,0.0025503172
1540.5198647321452,1540.5198647321452,0.98793036,0.0025514206
1540.5212536341876,1540.5212536341876,0.99137944,0.0025515463
1540.5226425364633,1540.5226425364633,0.9902402,0.002551925
1540.5240314385062,1540.5240314385062,0.99069095,0.0025512709
1540.5254203407821,1540.5254203407821,0.98607194,0.0025572937
1540.5268092428253,1540.5268092428253,0.9900142,0.0025522732
1540.5281981451,1540.5281981451,0.9897837,0.0025502758
1540.529587047143,1540.529587047143,0.98671937,0.0025534837
1540.5309759494196,1540.5309759494196,0.9899569,0.0025500634
1540.5323648514625,1540.5323648514625,0.9869478,0.002551682
1540.533753753505,1540.533753753505,0.9886281,0.0025505025
1540.53514265578,1540.53514265578,0.98831844,0.0025528194
1540.536531557823,1540.536531557823,0.98553485,0.0025574535
1540.5379204600993,1540.5379204600993,0.98804283,0.0025591261
1540.5393093621424,1540.5393093621424,0.99008965,0.0025580274
1540.5406982641846,1540.5406982641846,0.9889163,0.002556845
1540.5420871664603,1540.5420871664603,0.9870488,0.002552785
1540.5434760685032,1540.5434760685032,0.99141777,0.0025590942
1540.5448649705463,1540.5448649705463,0.990892,0.0025532576
1540.5462538725894,1540.5462538725894,0.9889772,0.0025633762
1540.5476427748642,1540.5476427748642,0.98772144,0.0025498613
1540.5490316769074,1540.5490316769074,0.9912678,0.0025710238
1540.5504205789505,1540.5504205789505,0.99132895,0.0025503517
1540.5518094809934,1540.5518094809934,0.99062324,0.002554381
1540.553198383269,1540.553198383269,0.9876003,0.0025564057
1540.5545872853113,1540.5545872853113,0.98585117,0.0025510353
1540.5559761873544,1540.5559761873544,0.98753315,0.002549616
1540.5573650893973,1540.5573650893973,0.9898898,0.0025611364
1540.5587539914402,1540.5587539914402,0.99082845,0.0025638763
1540.560142893483,1540.560142893483,0.9921644,0.0025509887
1540.561531795526,1540.561531795526,0.98587954,0.0025478543
1540.5629206978017,1540.5629206978017,0.9867202,0.0025485654
1540.5643095998441,1540.5643095998441,0.98437744,0.0025476988
1540.565698501887,1540.565698501887,0.9883435,0.002549955
1540.56708740393,1540.56708740393,0.98675734,0.0025505007
1540.568476305973,1540.568476305973,0.9866784,0.0025503351
1540.5698652080162,1540.5698652080162,0.98847127,0.0025477668
1540.5712541100581,1540.5712541100581,0.9896108,0.0025515803
1540.572643012101,1540.572643012101,0.9818222,0.002546254
1540.5740319141441,1540.5740319141441,0.98613465,0.0025493065
1540.5754208161873,1540.5754208161873,0.98585886,0.0025490294
1540.5768097182302,1540.5768097182302,0.98763263,0.0025535803
1540.5781986200395,1540.5781986200395,0.98503906,0.0025465663
1540.5795875220826,1540.5795875220826,0.991412,0.0025537966
1540.580976424126,1540.580976424126,0.98666877,0.0025500674
1540.582365326169,1540.582365326169,0.9892821,0.0025632405
1540.5837542282113,1540.5837542282113,0.9877588,0.0025491302
1540.5851431302538,1540.5851431302538,0.9913923,0.002552235
1540.5865320322966,1540.5865320322966,0.98361814,0.002560821
1540.5879209341074,1540.5879209341074,0.9852327,0.0025501845
1540.5893098361505,1540.5893098361505,0.98814255,0.0025485933
1540.5906987381925,1540.5906987381925,0.9850339,0.002552011
1540.592087640235,1540.592087640235,0.9877208,0.0025510036
1540.593476542045,1540.593476542045,0.9885253,0.0025521554
1540.5948654440888,1540.5948654440888,0.98580474,0.002548105
1540.5962543461317,1540.5962543461317,0.98730385,0.0025537098
1540.597643247941,1540.597643247941,0.98441887,0.0025501125
1540.5990321499833,1540.5990321499833,0.98299855,0.0025466776
1540.600421052027,1540.600421052027,0.9831768,0.002552385
1540.6018099538378,1540.6018099538378,0.98599434,0.002549516
1540.60319885588,1540.60319885588,0.9862548,0.002553932
1540.6045877579224,1540.6045877579224,0.9876005,0.002556925
1540.6059766597316,1540.6059766597316,0.98445654,0.0025505903
1540.6073655617754,1540.6073655617754,0.9889244,0.0025516527
1540.6087544635864,1540.6087544635864,0.9871663,0.0025487705
1540.6101433656283,1540.6101433656283,0.98746425,0.0025585033
1540.611532267438,1540.611532267438,0.98494154,0.002546848
1540.6129211694804,1540.6129211694804,0.9829327,0.002556743
1540.614310071291,1540.614310071291,0.9843495,0.0025514923
1540.6156989733347,1540.6156989733347,0.990645,0.0025543836
1540.6170878751443,1540.6170878751443,0.9876362,0.002547884
1540.6184767771863,1540.6184767771863,0.98470014,0.0025506963
1540.6198656789963,1540.6198656789963,0.98576003,0.0025531927
1540.6212545810401,1540.6212545810401,0.981084,0.0025485049
1540.6226434828502,1540.6226434828502,0.9826602,0.0025566122
1540.6240323846598,1540.6240323846598,0.98582166,0.0025531421
1540.6254212867018,1540.6254212867018,0.98447716,0.0025498988
1540.626810188512,1540.626810188512,0.98661375,0.0025536062
1540.6281990903228,1540.6281990903228,0.9826588,0.002558911
1540.6295879923657,1540.6295879923657,0.9811285,0.0025476795
1540.6309768941753,1540.6309768941753,0.9847925,0.0025528185
1540.632365795985,1540.632365795985,0.9883223,0.002551576
1540.6337546980278,1540.6337546980278,0.988321,0.0025623403
1540.6351435998386,1540.6351435998386,0.9877137,0.0025548968
1540.6365325016488,1540.6365325016488,0.9878382,0.0025522995
1540.637921403458,1540.637921403458,0.98577255,0.0025500476
1540.639310305268,1540.639310305268,0.98463017,0.0025467935
1540.6406992073112,1540.6406992073112,0.9840881,0.002549312
1540.6420881091215,1540.6420881091215,0.98578507,0.00255361
1540.6434770109315,1540.6434770109315,0.98527765,0.0025569685
1540.644865912741,1540.644865912741,0.9823203,0.0025484157
1540.6462548145512,1540.6462548145512,0.9841556,0.0025496737
1540.6476437163612,1540.6476437163612,0.98238087,0.0025489132
1540.6490326181713,1540.6490326181713,0.9858726,0.002553624
1540.6504215199814,1540.6504215199814,0.9834003,0.002546718
1540.651810421791,1540.651810421791,0.98282677,0.0025453647
1540.653199323601,1540.653199323601,0.9853291,0.0025488094
1540.654588225411,1540.654588225411,0.9843172,0.002547155
1540.6559771272211,1540.6559771272211,0.985239,0.0025492779
1540.6573660290312,1540.6573660290312,0.9847559,0.0025484015
1540.6587549308415,1540.6587549308415,0.98439926,0.002550115
1540.6601438326518,1540.6601438326518,0.9855541,0.0025499153
1540.661532734461,1540.661532734461,0.9843177,0.002550821
1540.662921636271,1540.662921636271,0.98445094,0.0025531333
1540.6643105380813,1540.6643105380813,0.9832706,0.0025537186
1540.6656994398916,1540.6656994398916,0.98642206,0.0025521198
1540.6670883417016,1540.6670883417016,0.9831528,0.002553451
1540.6684772435108,1540.6684772435108,0.98399854,0.0025482804
1540.669866145321,1540.669866145321,0.98496974,0.0025490883
1540.6712550468985,1540.6712550468985,0.9861437,0.002549629
1540.6726439487086,1540.6726439487086,0.9808132,0.0025579953
1540.6740328505186,1540.6740328505186,0.98053664,0.0025585487
1540.6754217523282,1540.6754217523282,0.98476917,0.0025544753
1540.6768106539055,1540.6768106539055,0.9837268,0.0025579927
1540.6781995557162,1540.6781995557162,0.98456764,0.0025475868
1540.6795884575265,1540.6795884575265,0.9836471,0.0025489975
1540.6809773593357,1540.6809773593357,0.9896562,0.0025508127
1540.6823662609124,1540.6823662609124,0.9851146,0.0025486073
1540.6837551627225,1540.6837551627225,0.983971,0.0025481936
1540.6851440645335,1540.6851440645335,0.9887926,0.0025516488
1540.6865329661107,1540.6865329661107,0.9855593,0.0025512807
1540.68792186792,1540.68792186792,0.98697317,0.002549742
1540.6893107694966,1540.6893107694966,0.9841537,0.0025583897
1540.6906996713067,1540.6906996713067,0.98460555,0.0025487454
1540.6920885731176,1540.6920885731176,0.98723745,0.0025575904
1540.6934774746949,1540.6934774746949,0.98841137,0.0025506925
1540.6948663765045,1540.6948663765045,0.987006,0.0025496131
1540.6962552780808,1540.6962552780808,0.9881542,0.0025505708
1540.6976441798918,1540.6976441798918,0.98371065,0.0025472564
1540.69903308147,1540.69903308147,0.9836048,0.0025489188
1540.700421983279,1540.700421983279,0.9832523,0.0025463006
1540.7018108848558,1540.7018108848558,0.9843177,0.0025452645
1540.7031997866652,1540.7031997866652,0.9862012,0.0025519491
1540.7045886882431,1540.7045886882431,0.98635614,0.0025505456
1540.7059775898213,1540.7059775898213,0.9872763,0.0025516313
1540.7073664916306,1540.7073664916306,0.9895446,0.0025598006
1540.7087553932072,1540.7087553932072,0.9834641,0.0025452687
1540.710144294784,1540.710144294784,0.98513824,0.002551724
1540.7115331965947,1540.7115331965947,0.9871395,0.002548926
1540.7129220981726,1540.7129220981726,0.9868004,0.0025488737
1540.7143109997494,1540.7143109997494,0.9840316,0.0025503396
1540.7156999015585,1540.7156999015585,0.9842967,0.0025519752
1540.717088803136,1540.717088803136,0.98436385,0.0025481146
1540.718477704714,1540.718477704714,0.9851334,0.00254828
1540.7198666062911,1540.7198666062911,0.9838162,0.0025504732
1540.7212555081007,1540.7212555081007,0.98591954,0.0025479193
1540.7226444096775,1540.7226444096775,0.98721373,0.002551151
1540.7240333112547,1540.7240333112547,0.9836492,0.0025475565
1540.7254222128324,1540.7254222128324,0.98207134,0.0025471859
1540.7268111144099,1540.7268111144099,0.9890587,0.0025490392
1540.7282000159864,1540.7282000159864,0.98406893,0.0025580123
1540.7295889175632,1540.7295889175632,0.9867423,0.0025487645
1540.7309778193733,1540.7309778193733,0.9883348,0.0025567228
1540.7323667209514,1540.7323667209514,0.9923691,0.0025523924
1540.7337556225286,1540.7337556225286,0.9824169,0.0025544045
1540.735144524105,1540.735144524105,0.9822755,0.0025535873
1540.7365334256824,1540.7365334256824,0.9876167,0.0025517787
1540.7379223272599,1540.7379223272599,0.98312366,0.0025510744
1540.739311228837,1540.739311228837,0.9857507,0.0025583482
1540.7407001304143,1540.7407001304143,0.9896354,0.0025542437
1540.742089031991,1540.742089031991,0.9836576,0.0025518476
1540.7434779335683,1540.7434779335683,0.98595214,0.0025566847
1540.7448668351456,1540.7448668351456,0.98593587,0.0025488238
1540.74625573649,1540.74625573649,0.9877582,0.0025467828
1540.7476446380672,1540.7476446380672,0.98848283,0.0025633038
1540.749033539644,1540.749033539644,0.9832081,0.002548064
1540.7504224412212,1540.7504224412212,0.9837827,0.0025505107
1540.7518113427984,1540.7518113427984,0.99013305,0.0025467745
1540.7532002443756,1540.7532002443756,0.98782915,0.0025511207
1540.754589145953,1540.754589145953,0.98778015,0.00255049
1540.7559780472977,1540.7559780472977,0.98781675,0.0025540772
1540.757366948875,1540.757366948875,0.990656,0.0025519072
1540.7587558504513,1540.7587558504513,0.98421246,0.0025502364
1540.7601447520287,1540.7601447520287,0.988281,0.0025491244
1540.7615336533734,1540.7615336533734,0.9897623,0.002551032
1540.7629225549506,1540.7629225549506,0.98847723,0.0025524066
1540.7643114565278,1540.7643114565278,0.9894054,0.0025522937
1540.7657003578718,1540.7657003578718,0.9885736,0.0025485717
1540.767089259449,1540.767089259449,0.98779005,0.002549286
1540.7684781610262,1540.7684781610262,0.9835052,0.002556744
1540.7698670623706,1540.7698670623706,0.9855764,0.002549414
1540.7712559639479,1540.7712559639479,0.9872019,0.0025488546
1540.7726448652918,1540.7726448652918,0.9871849,0.0025538257
1540.774033766869,1540.774033766869,0.9875413,0.0025463796
1540.7754226682143,1540.7754226682143,0.98775315,0.0025552108
1540.7768115697916,1540.7768115697916,0.98776203,0.0025499281
1540.778200471135,1540.778200471135,0.9904373,0.0025522031
1540.7795893727118,1540.7795893727118,0.99285066,0.0025625096
1540.7809782740562,1540.7809782740562,0.98447716,0.0025506387
1540.7823671756344,1540.7823671756344,0.98987037,0.0025515906
1540.7837560769788,1540.7837560769788,0.9909627,0.0025483402
1540.7851449785555,1540.7851449785555,0.9905531,0.0025495538
1540.786533879899,1540.786533879899,0.9874509,0.0025586968
1540.7879227814763,1540.7879227814763,0.98882675,0.0025504392
1540.7893116828216,1540.7893116828216,0.9890726,0.0025533673
1540.790700584166,1540.790700584166,0.9881536,0.0025554702
1540.7920894857427,1540.7920894857427,0.98843205,0.0025522965
1540.7934783870865,1540.7934783870865,0.9875493,0.002555687
1540.7948672884315,1540.7948672884315,0.9872059,0.0025536905
1540.7962561900097,1540.7962561900097,0.9876152,0.0025509754
1540.7976450913534,1540.7976450913534,0.98835456,0.0025500972
1540.799033992697,1540.799033992697,0.9912996,0.0025501428
1540.800422894041,1540.800422894041,0.9866682,0.0025496029
1540.801811795386,1540.801811795386,0.98544073,0.0025535345
1540.803200696964,1540.803200696964,0.9869595,0.0025488304
1540.804589598308,1540.804589598308,0.9898299,0.002552137
1540.8059784996515,1540.8059784996515,0.98925984,0.0025507142
1540.8073674009954,1540.8073674009954,0.99213,0.002554327
1540.8087563023407,1540.8087563023407,0.9880674,0.0025472404
1540.8101452036856,1540.8101452036856,0.9922294,0.0025539491
1540.8115341050295,1540.8115341050295,0.9936461,0.002552567
1540.812923006606,1540.812923006606,0.9889978,0.0025492122
1540.8143119079507,1540.8143119079507,0.99008983,0.0025558441
1540.8157008092955,1540.8157008092955,0.9911456,0.0025563904
1540.8170897106402,1540.8170897106402,0.99044335,0.0025544923
1540.818478611984,1540.818478611984,0.99174184,0.002551225
1540.8198675133278,1540.8198675133278,0.99486506,0.002558351
1540.8212564146722,1540.8212564146722,0.9897279,0.0025474208
1540.8226453160173,1540.8226453160173,0.98756295,0.0025521205
1540.824034217129,1540.824034217129,0.9932369,0.002555308
1540.8254231184726,1540.8254231184726,0.9902024,0.002555026
1540.8268120198165,1540.8268120198165,0.9913215,0.0025581287
1540.828200921161,1540.828200921161,0.99164593,0.0025586956
1540.8295898225063,1540.8295898225063,0.99345976,0.0025536912
1540.8309787238506,1540.8309787238506,0.9940023,0.0025491428
1540.8323676251946,1540.8323676251946,0.9895307,0.0025477493
1540.8337565263062,1540.8337565263062,0.9914066,0.002550589
1540.8351454276506,1540.8351454276506,0.9923763,0.0025575627
1540.836534328995,1540.836534328995,0.9955828,0.0025555245
1540.8379232303394,1540.8379232303394,0.9918747,0.002563271
1540.8393121314505,1540.8393121314505,0.99246156,0.0025522131
1540.8407010327949,1540.8407010327949,0.9931356,0.0025503235
1540.8420899341393,1540.8420899341393,0.9943532,0.0025566353
1540.8434788354837,1540.8434788354837,0.9919415,0.002553825
1540.8448677365952,1540.8448677365952,0.9933019,0.0025577168
1540.8462566379392,1540.8462566379392,0.9944801,0.0025540786
1540.8476455390507,1540.8476455390507,0.9899577,0.002552261
1540.8490344403951,1540.8490344403951,0.99547964,0.0025551287
1540.8504233417398,1540.8504233417398,0.99565464,0.0025560968
1540.8518122428516,1540.8518122428516,0.9896848,0.0025538774
1540.853201144196,1540.853201144196,0.9941831,0.002555012
1540.8545900453075,1540.8545900453075,0.99074763,0.002549275
1540.8559789466512,1540.8559789466512,0.99426466,0.0025569478
1540.857367847763,1540.857367847763,0.99183255,0.0025502066
1540.8587567491074,1540.8587567491074,0.9960099,0.0025542367
1540.860145650219,1540.860145650219,0.9944059,0.0025576423
1540.8615345515634,1540.8615345515634,0.9970202,0.0025545233
1540.8629234526745,1540.8629234526745,0.99517584,0.0025616307
1540.864312354019,1540.864312354019,0.9942406,0.002562545
1540.8657012551305,1540.8657012551305,0.9923725,0.002553763
1540.867090156242,1540.867090156242,0.994231,0.0025520371
1540.8684790575865,1540.8684790575865,0.9961138,0.0025639557
1540.8698679586976,1540.8698679586976,0.9954968,0.0025520248
1540.8712568598091,1540.8712568598091,0.99446714,0.0025597794
1540.8726457611544,1540.8726457611544,0.99072516,0.0025555703
1540.874034662266,1540.874034662266,0.9929247,0.0025637907
1540.8754235633771,1540.8754235633771,0.9962316,0.0025581266
1540.8768124644878,1540.8768124644878,0.99526834,0.0025578467
1540.8782013658322,1540.8782013658322,0.9948057,0.0025550898
1540.8795902669447,1540.8795902669447,0.99585253,0.0025572425
1540.8809791680562,1540.8809791680562,0.9956883,0.0025613313
1540.8823680691673,1540.8823680691673,0.99789,0.0025537955
1540.883756970278,1540.883756970278,0.9967543,0.0025565547
1540.8851458716226,1540.8851458716226,0.9983114,0.0025548295
1540.8865347727349,1540.8865347727349,0.9971445,0.0025540786
1540.8879236738464,1540.8879236738464,0.9929949,0.002554516
1540.8893125749576,1540.8893125749576,0.9953314,0.0025570625
1540.8907014760687,1540.8907014760687,0.99937993,0.002556306
1540.8920903771807,1540.8920903771807,0.99955904,0.0025555117
1540.8934792782932,1540.8934792782932,0.9952745,0.0025545454
1540.8948681794043,1540.8948681794043,0.9983263,0.0025549924
1540.896257080515,1540.896257080515,0.9956967,0.002557042
1540.897645981626,1540.897645981626,0.99752426,0.002555103
1540.8990348827383,1540.8990348827383,0.99877733,0.0025582043
1540.9004237838506,1540.9004237838506,0.99634814,0.0025534786
1540.9018126849617,1540.9018126849617,0.9983413,0.0025567624
1540.9032015860726,1540.9032015860726,0.99913436,0.002555773
1540.9045904871834,1540.9045904871834,1.0014825,0.0025560858
1540.905979388063,1540.905979388063,0.9949844,0.0025539077
1540.9073682891753,1540.9073682891753,0.99828565,0.0025524006
1540.9087571902862,1540.9087571902862,0.9983594,0.0025612756
1540.9101460913973,1540.9101460913973,0.9948498,0.0025537638
1540.911534992509,1540.911534992509,1.0005622,0.0025651448
1540.9129238936212,1540.9129238936212,0.99687606,0.002555921
1540.9143127945001,1540.9143127945001,0.99637896,0.0025610013
1540.9157016956108,1540.9157016956108,0.99890566,0.0025553072
1540.917090596722,1540.917090596722,0.998,0.0025614267
1540.9184794976006,1540.9184794976006,0.9980913,0.0025557477
1540.919868398713,1540.919868398713,0.9983652,0.0025649178
1540.9212572998247,1540.9212572998247,0.9988686,0.002553718
1540.9226462007027,1540.9226462007027,0.9978507,0.0025541284
1540.9240351018136,1540.9240351018136,0.99753785,0.0025678393
1540.9254240029252,1540.9254240029252,0.9971952,0.002553417
1540.9268129038048,1540.9268129038048,0.99643314,0.0025540064
1540.9282018049164,1540.9282018049164,1.0010021,0.0025543228
1540.9295907057947,1540.9295907057947,0.99940157,0.0025580067
1540.9309796069062,1540.9309796069062,0.99951446,0.00255805
1540.932368507785,1540.932368507785,1.0028954,0.0025592328
1540.9337574088966,1540.9337574088966,1.0033531,0.0025600544
1540.9351463097753,1540.9351463097753,0.9996434,0.0025556756
1540.9365352108864,1540.9365352108864,0.9993572,0.002559909
1540.9379241117651,1540.9379241117651,1.0047103,0.0025540655
1540.9393130128767,1540.9393130128767,1.0010527,0.002555963
1540.9407019137554,1540.9407019137554,0.99954855,0.002554683
1540.9420908146344,1540.9420908146344,1.0004748,0.0025604395
1540.9434797157453,1540.9434797157453,1.0001378,0.0025626237
1540.944868616624,1540.944868616624,1.0026956,0.0025562134
1540.9462575177358,1540.9462575177358,1.0029765,0.002560719
1540.9476464186148,1540.9476464186148,1.0008583,0.002556198
1540.9490353194935,1540.9490353194935,1.0015807,0.002560262
1540.9504242203723,1540.9504242203723,0.9992228,0.0025596486
1540.9518131214838,1540.9518131214838,1.0017349,0.0025611422
1540.9532020223621,1540.9532020223621,1.0016317,0.002559493
1540.9545909232409,1540.9545909232409,1.0022553,0.0025625094
1540.9559798241196,1540.9559798241196,1.004019,0.0025591082
1540.9573687249983,1540.9573687249983,1.001321,0.002553283
1540.95875762611,1540.95875762611,1.005052,0.002558167
1540.9601465269882,1540.9601465269882,1.0029564,0.0025585643
1540.961535427867,1540.961535427867,1.0025516,0.0025557878
1540.9629243287457,1540.9629243287457,1.0043656,0.0025610696
1540.9643132296244,1540.9643132296244,1.00523,0.0025647567
1540.9657021305034,1540.9657021305034,1.0034133,0.0025565827
1540.9670910313814,1540.9670910313814,1.0043906,0.0025574628
1540.9684799322602,1540.9684799322602,1.0021077,0.0025639038
1540.9698688331398,1540.9698688331398,1.0056368,0.0025572544
1540.9712577340185,1540.9712577340185,1.0034007,0.0025581077
1540.9726466348968,1540.9726466348968,1.0053124,0.0025581585
1540.9740355357746,1540.9740355357746,1.0055271,0.002568072
1540.9754244366536,1540.9754244366536,1.0053052,0.0025618535
1540.976813337533,1540.976813337533,0.99926126,0.0025532467
1540.9782022384118,1540.9782022384118,1.0022146,0.0025563983
1540.97959113929,1540.97959113929,1.0024769,0.0025571168
1540.9809800401683,1540.9809800401683,1.0043226,0.0025634044
1540.9823689408142,1540.9823689408142,1.0035335,0.002558931
1540.9837578416934,1540.9837578416934,1.0058063,0.0025599943
1540.9851467425724,1540.9851467425724,1.0053352,0.002557637
1540.9865356434505,1540.9865356434505,1.0062008,0.002566863
1540.9879245443287,1540.9879245443287,1.0058903,0.0025600088
1540.9893134449753,1540.9893134449753,1.0069748,0.0025624617
1540.9907023458547,1540.9907023458547,1.0039921,0.0025589976
1540.992091246733,1540.992091246733,1.0063361,0.002560355
1540.993480147378,1540.993480147378,1.0046725,0.0025577093
1540.9948690482563,1540.9948690482563,1.003909,0.0025582018
1540.996257949136,1540.996257949136,1.004732,0.0025576015
1540.9976468497823,1540.9976468497823,1.0048991,0.0025603024
1540.9990357506606,1540.9990357506606,1.0071198,0.0025642975
1541.0004246515389,1541.0004246515389,1.009073,0.0025630682
1541.0018135521839,1541.0018135521839,1.0064981,0.002557567
1541.0032024530635,1541.0032024530635,1.0093784,0.0025640554
1541.0045913537103,1541.0045913537103,1.0086373,0.002560847
1541.0059802545882,1541.0059802545882,1.0062588,0.0025648393
1541.0073691552336,1541.0073691552336,1.006554,0.0025666303
1541.0087580561124,1541.0087580561124,1.0084109,0.002560607
1541.0101469567592,1541.0101469567592,1.0076717,0.0025646938
1541.011535857638,1541.011535857638,1.0100018,0.0025592505
1541.0129247582831,1541.0129247582831,1.0105531,0.0025624998
1541.0143136589284,1541.0143136589284,1.0045214,0.002558167
1541.015702559807,1541.015702559807,1.0083846,0.0025638717
1541.017091460454,1541.017091460454,1.0087632,0.0025597974
1541.0184803610998,1541.0184803610998,1.0075314,0.0025594966
1541.019869261978,1541.019869261978,1.0101717,0.002564774
1541.021258162623,1541.021258162623,1.0058571,0.0025627667
1541.0226470632692,1541.0226470632692,1.0074425,0.0025591766
1541.0240359641487,1541.0240359641487,1.0081807,0.002562115
1541.0254248647946,1541.0254248647946,1.0102335,0.0025657478
1541.02681376544,1541.02681376544,1.0102865,0.0025617278
1541.028202666086,1541.028202666086,1.0072981,0.002560113
1541.0295915667318,1541.0295915667318,1.0067885,0.0025632337
1541.0309804676106,1541.0309804676106,1.0072535,0.0025612337
1541.0323693682567,1541.0323693682567,1.0109019,0.0025609345
1541.033758268902,1541.033758268902,1.0062463,0.002565624
1541.0351471695478,1541.0351471695478,1.0079291,0.0025587906
1541.0365360701937,1541.0365360701937,1.0106205,0.0025589927
1541.0379249708399,1541.0379249708399,1.0091772,0.0025605827
1541.039313871486,1541.039313871486,1.0104691,0.0025596472
1541.040702772131,1541.040702772131,1.0060228,0.002564273
1541.0420916727771,1541.0420916727771,1.0084388,0.0025736636
1541.0434805734233,1541.0434805734233,1.0109038,0.002562778
1541.0448694740692,1541.0448694740692,1.0056772,0.0025565354
1541.046258374715,1541.046258374715,1.0104821,0.0025608062
1541.047647275361,1541.047647275361,1.0078781,0.0025613338
1541.049036176007,1541.049036176007,1.0039488,0.0025621734
1541.0504250766523,1541.0504250766523,1.0083035,0.00256144
1541.0518139772983,1541.0518139772983,1.0078655,0.0025575396
1541.0532028779442,1541.0532028779442,1.011308,0.00256125
1541.0545917783572,1541.0545917783572,1.0101563,0.002559644
1541.0559806790034,1541.0559806790034,1.0095048,0.0025705355
1541.0573695796486,1541.0573695796486,1.0106802,0.0025651953
1541.0587584802945,1541.0587584802945,1.0126038,0.0025622565
1541.0601473807076,1541.0601473807076,1.0073236,0.0025610423
1541.0615362813537,1541.0615362813537,1.0106262,0.0025661618
1541.0629251819998,1541.0629251819998,1.0107099,0.002573142
1541.0643140826448,1541.0643140826448,1.0127281,0.0025737982
1541.0657029830581,1541.0657029830581,1.0094819,0.0025603373
1541.0670918837047,1541.0670918837047,1.0092689,0.002559976
1541.0684807843506,1541.0684807843506,1.0134462,0.002562355
1541.0698696847633,1541.0698696847633,1.0111595,0.0025623785
1541.0712585854085,1541.0712585854085,1.0096674,0.0025611266
1541.0726474858218,1541.0726474858218,1.0124391,0.0025609266
1541.0740363864682,1541.0740363864682,1.0094908,0.002559499
1541.0754252868815,1541.0754252868815,1.0098513,0.0025603818
1541.0768141875267,1541.0768141875267,1.0114794,0.0025652458
1541.0782030879393,1541.0782030879393,1.0137715,0.002569549
1541.0795919885852,1541.0795919885852,1.0133071,0.0025626183
1541.080980888999,1541.080980888999,1.0104976,0.0025598414
1541.082369789645,1541.082369789645,1.0129194,0.0025663166
1541.0837586900573,1541.0837586900573,1.0102941,0.0025615718
1541.0851475907027,1541.0851475907027,1.0102009,0.002578845
1541.0865364911167,1541.0865364911167,1.0130517,0.0025710906
1541.0879253915302,1541.0879253915302,1.0155418,0.0025625569
1541.0893142921757,1541.0893142921757,1.0153532,0.0025638614
1541.0907031925883,1541.0907031925883,1.014498,0.0025610335
1541.0920920930005,1541.0920920930005,1.0124944,0.0025638323
1541.0934809934145,1541.0934809934145,1.0140303,0.0025625504
1541.094869894061,1541.094869894061,1.0109484,0.002563558
1541.0962587944734,1541.0962587944734,1.0227689,0.002565226
1541.097647694886,1541.097647694886,1.0158232,0.0025648954
1541.0990365952985,1541.0990365952985,1.012609,0.0025607718
1541.100425495945,1541.100425495945,1.01339,0.002561585
1541.101814396359,1541.101814396359,1.0142878,0.002562421
1541.1032032967712,1541.1032032967712,1.0126297,0.0025698624
1541.1045921971838,1541.1045921971838,1.0138242,0.0025739043
1541.105981097597,1541.105981097597,1.0152721,0.0025659467
1541.1073699980109,1541.1073699980109,1.0138509,0.0025682878
1541.108758898424,1541.108758898424,1.0148576,0.0025724142
1541.1101477988366,1541.1101477988366,1.0137565,0.0025658226
1541.1115366992487,1541.1115366992487,1.0136746,0.00256753
1541.1129255996618,1541.1129255996618,1.0130894,0.0025700827
1541.1143145000758,1541.1143145000758,1.0133495,0.0025644074
1541.1157034004889,1541.1157034004889,1.0154958,0.0025635827
1541.1170923009015,1541.1170923009015,1.0170892,0.0025636395
1541.118481201314,1541.118481201314,1.0140724,0.0025664968
1541.1198701017272,1541.1198701017272,1.0115972,0.0025620374
1541.1212590021407,1541.1212590021407,1.0147389,0.002572458
1541.122647902554,1541.122647902554,1.0163264,0.0025625802
1541.1240368027336,1541.1240368027336,1.0103954,0.0025623064
1541.1254257031467,1541.1254257031467,1.014739,0.0025665066
1541.1268146035598,1541.1268146035598,1.0172278,0.002562983
1541.128203503973,1541.128203503973,1.0185323,0.0025667157
1541.1295924041535,1541.1295924041535,1.0154696,0.002564629
1541.1309813045657,1541.1309813045657,1.0161523,0.0025635527
1541.132370204979,1541.132370204979,1.0114175,0.0025614274
1541.1337591053923,1541.1337591053923,1.0105097,0.0025645108
1541.1351480055725,1541.1351480055725,1.0165946,0.0025644794
1541.1365369059856,1541.1365369059856,1.0135833,0.002561582
1541.1379258061652,1541.1379258061652,1.0155938,0.0025629501
1541.1393147065785,1541.1393147065785,1.0149041,0.0025660088
1541.1407036069916,1541.1407036069916,1.0115258,0.0025629178
1541.1420925071718,1541.1420925071718,1.0154146,0.0025621494
1541.1434814075849,1541.1434814075849,1.0137056,0.0025666258
1541.1448703077651,1541.1448703077651,1.0180135,0.0025647942
1541.1462592081782,1541.1462592081782,1.013958,0.0025645043
1541.147648108358,1541.147648108358,1.0156605,0.0025621182
1541.149037008771,1541.149037008771,1.0169646,0.0025662195
1541.1504259089513,1541.1504259089513,1.0181192,0.0025709118
1541.1518148093646,1541.1518148093646,1.0211098,0.0025745428
1541.153203709545,1541.153203709545,1.0152231,0.002561073
1541.1545926097244,1541.1545926097244,1.0193595,0.0025649641
1541.1559815101375,1541.1559815101375,1.0155553,0.0025633485
1541.157370410318,1541.157370410318,1.0185574,0.002567958
1541.1587593104985,1541.1587593104985,1.0185127,0.0025680794
1541.1601482109115,1541.1601482109115,1.017345,0.002569855
1541.161537111091,1541.161537111091,1.013608,0.0025678342
1541.1629260112716,1541.1629260112716,1.0187361,0.0025656254
1541.1643149114523,1541.1643149114523,1.0178509,0.0025657008
1541.1657038118656,1541.1657038118656,1.0153426,0.0025620144
1541.1670927120451,1541.1670927120451,1.0196326,0.0025615836
1541.168481612225,1541.168481612225,1.019795,0.0025647385
1541.1698705124052,1541.1698705124052,1.0178682,0.0025683604
1541.171259412586,1541.171259412586,1.0151277,0.0025633038
1541.1726483127666,1541.1726483127666,1.0172724,0.0025638002
1541.174037212946,1541.174037212946,1.0171822,0.0025665304
1541.1754261131257,1541.1754261131257,1.0195168,0.0025639504
1541.176815013306,1541.176815013306,1.016717,0.0025710384
1541.17820391372,1541.17820391372,1.0195619,0.0025634852
1541.1795928139002,1541.1795928139002,1.0199112,0.0025650118
1541.180981713847,1541.180981713847,1.021277,0.0025681527
1541.1823706140265,1541.1823706140265,1.019155,0.0025660892
1541.1837595142067,1541.1837595142067,1.0214771,0.0025651488
1541.1851484143879,1541.1851484143879,1.0193201,0.0025650125
1541.186537314568,1541.186537314568,1.0187382,0.0025656042
1541.187926214748,1541.187926214748,1.017449,0.002567037
1541.1893151149272,1541.1893151149272,1.0204356,0.002563625
1541.1907040151077,1541.1907040151077,1.0214667,0.0025647606
1541.1920929152886,1541.1920929152886,1.0180421,0.0025616693
1541.193481815236,1541.193481815236,1.0181406,0.0025658195
1541.1948707154158,1541.1948707154158,1.0177679,0.0025752557
1541.1962596155956,1541.1962596155956,1.0177485,0.002562656
1541.1976485157759,1541.1976485157759,1.017944,0.0025641508
1541.1990374157238,1541.1990374157238,1.0240687,0.002575877
1541.2004263159042,1541.2004263159042,1.0180665,0.0025656016
1541.2018152160838,1541.2018152160838,1.019234,0.0025651152
1541.2032041160307,1541.2032041160307,1.0218378,0.0025682314
1541.204593016211,1541.204593016211,1.0181623,0.0025645897
1541.2059819161593,1541.2059819161593,1.021609,0.0025667977
1541.2073708163396,1541.2073708163396,1.0175494,0.0025647401
1541.208759716519,1541.208759716519,1.0178009,0.0025749155
1541.2101486164665,1541.2101486164665,1.0214678,0.002566623
1541.211537516647,1541.211537516647,1.021071,0.0025675062
1541.2129264165944,1541.2129264165944,1.0218801,0.0025628002
1541.2143153167747,1541.2143153167747,1.0229198,0.0025732075
1541.2157042167216,1541.2157042167216,1.0212343,0.0025686426
1541.217093116669,1541.217093116669,1.0203263,0.0025678498
1541.2184820168493,1541.2184820168493,1.0211447,0.0025674896
1541.2198709167967,1541.2198709167967,1.0193865,0.0025671502
1541.221259816977,1541.221259816977,1.0189275,0.0025718957
1541.222648716924,1541.222648716924,1.0226244,0.0025638053
1541.2240376168713,1541.2240376168713,1.0190939,0.002567846
1541.2254265170516,1541.2254265170516,1.0233656,0.0025668365
1541.226815416999,1541.226815416999,1.0182767,0.0025654563
1541.2282043169466,1541.2282043169466,1.0255208,0.0025658375
1541.2295932168943,1541.2295932168943,1.0248927,0.0025669497
1541.2309821170745,1541.2309821170745,1.0222219,0.0025660475
1541.232371017021,1541.232371017021,1.0201709,0.002564533
1541.2337599169687,1541.2337599169687,1.0210711,0.0025648382
1541.2351488169163,1541.2351488169163,1.0219506,0.0025706403
1541.2365377168637,1541.2365377168637,1.0224237,0.0025726992
1541.2379266168111,1541.2379266168111,1.0200669,0.002567433
1541.239315516758,1541.239315516758,1.0217489,0.0025641685
1541.2407044167055,1541.2407044167055,1.0229379,0.002567517
1541.242093316653,1541.242093316653,1.0263141,0.0025656277
1541.2434822166003,1541.2434822166003,1.0207292,0.002567995
1541.2448711165478,1541.2448711165478,1.0219979,0.0025676165
1541.2462600164947,1541.2462600164947,1.0187918,0.0025646184
1541.2476489164421,1541.2476489164421,1.0212675,0.0025665131
1541.2490378163905,1541.2490378163905,1.020212,0.0025650016
1541.2504267163379,1541.2504267163379,1.0209899,0.00256409
1541.2518156162844,1541.2518156162844,1.0258319,0.0025821275
1541.2532045162313,1541.2532045162313,1.0218731,0.0025679255
1541.2545934161787,1541.2545934161787,1.0210805,0.0025647657
1541.255982316127,1541.255982316127,1.0213153,0.002568544
1541.2573712158417,1541.2573712158417,1.0229473,0.0025653127
1541.2587601157886,1541.2587601157886,1.022998,0.0025782392
1541.2601490157351,1541.2601490157351,1.0213244,0.002568248
1541.2615379156828,1541.2615379156828,1.0237465,0.0025649434
1541.262926815398,1541.262926815398,1.0228531,0.0025672833
1541.2643157153454,1541.2643157153454,1.020254,0.0025726145
1541.2657046152924,1541.2657046152924,1.0219326,0.0025685655
1541.2670935150063,1541.2670935150063,1.0197543,0.0025640258
1541.2684824149544,1541.2684824149544,1.0215944,0.0025643222
1541.2698713149027,1541.2698713149027,1.0194151,0.0025668286
1541.2712602146166,1541.2712602146166,1.0215869,0.0025654114
1541.2726491145634,1541.2726491145634,1.0238752,0.0025645394
1541.2740380142775,1541.2740380142775,1.022172,0.002565406
1541.2754269142254,1541.2754269142254,1.0224268,0.0025644044
1541.2768158139409,1541.2768158139409,1.022895,0.0025679884
1541.2782047138878,1541.2782047138878,1.0219364,0.002566413
1541.2795936136015,1541.2795936136015,1.0190524,0.002564909
1541.2809825135485,1541.2809825135485,1.0195649,0.002571576
1541.282371413264,1541.282371413264,1.0205891,0.002564547
1541.283760312979,1541.283760312979,1.0224447,0.0025742636
1541.285149212926,1541.285149212926,1.0195807,0.00256448
1541.2865381126398,1541.2865381126398,1.022968,0.0025715283
1541.2879270123547,1541.2879270123547,1.0241557,0.002566825
1541.2893159123025,1541.2893159123025,1.0285345,0.0025679495
1541.2907048120173,1541.2907048120173,1.0230426,0.0025644111
1541.2920937117312,1541.2920937117312,1.0213392,0.002565591
1541.2934826114454,1541.2934826114454,1.0230436,0.00256946
1541.2948715113928,1541.2948715113928,1.0195069,0.0025694105
1541.296260411108,1541.296260411108,1.0225577,0.0025737812
1541.2976493108229,1541.2976493108229,1.0246024,0.0025683853
1541.2990382105365,1541.2990382105365,1.0224155,0.0025765756
1541.3004271102507,1541.3004271102507,1.0199054,0.0025660782
1541.3018160099653,1541.3018160099653,1.0216937,0.0025643676
1541.3032049096807,1541.3032049096807,1.02366,0.00257448
1541.3045938093953,1541.3045938093953,1.0248238,0.0025688391
1541.3059827091095,1541.3059827091095,1.0250373,0.0025732932
1541.307371608824,1541.307371608824,1.0199269,0.0025656226
1541.3087605085386,1541.3087605085386,1.0224645,0.0025655034
1541.3101494082532,1541.3101494082532,1.0210541,0.0025624041
1541.3115383079678,1541.3115383079678,1.0220672,0.0025672354
1541.312927207682,1541.312927207682,1.0186174,0.0025635378
1541.3143161073965,1541.3143161073965,1.0199225,0.0025650307
1541.315705007111,1541.315705007111,1.01987,0.00256748
1541.3170939068257,1541.3170939068257,1.0221615,0.0025672747
1541.3184828063074,1541.3184828063074,1.0195497,0.0025644102
1541.3198717060216,1541.3198717060216,1.0215523,0.0025650766
1541.3212606057361,1541.3212606057361,1.0225794,0.0025691795
1541.3226495054507,1541.3226495054507,1.0191505,0.0025655248
1541.3240384049327,1541.3240384049327,1.0246086,0.0025668733
1541.3254273046475,1541.3254273046475,1.0237925,0.0025686268
1541.326816204362,1541.326816204362,1.0194601,0.002565438
1541.3282051040767,1541.3282051040767,1.0217508,0.0025680775
1541.3295940035578,1541.3295940035578,1.022799,0.0025642242
1541.3309829032717,1541.3309829032717,1.0210574,0.0025656044
1541.3323718027534,1541.3323718027534,1.0211955,0.0025656924
1541.333760702469,1541.333760702469,1.0248092,0.002571502
1541.3351496019507,1541.3351496019507,1.0212718,0.0025677227
1541.3365385016648,1541.3365385016648,1.0235094,0.002566805
1541.3379274011456,1541.3379274011456,1.0206662,0.0025650617
1541.3393163008604,1541.3393163008604,1.0214498,0.0025697022
1541.3407052003429,1541.3407052003429,1.0225067,0.0025662733
1541.3420941000575,1541.3420941000575,1.0188214,0.0025697981
1541.3434829995388,1541.3434829995388,1.0250158,0.0025731928
1541.344871899253,1541.344871899253,1.0244111,0.002566013
1541.346260798735,1541.346260798735,1.0238646,0.002574679
1541.3476496982178,1541.3476496982178,1.0198358,0.0025657981
1541.349038597932,1541.349038597932,1.0226287,0.0025665066
1541.3504274974127,1541.3504274974127,1.0192189,0.0025649546
1541.351816396894,1541.351816396894,1.0220083,0.0025636032
1541.3532052963765,1541.3532052963765,1.0201429,0.002562476
1541.3545941960917,1541.3545941960917,1.0221095,0.0025651064
1541.355983095573,1541.355983095573,1.0242262,0.0025682345
1541.357371995054,1541.357371995054,1.0228446,0.002565117
1541.3587608945352,1541.3587608945352,1.025597,0.0025658943
1541.3601497940178,1541.3601497940178,1.0193868,0.0025643
1541.3615386935,1541.3615386935,1.0192403,0.0025665918
1541.3629275929814,1541.3629275929814,1.0250307,0.0025640654
1541.3643164924626,1541.3643164924626,1.0178224,0.00256636
1541.3657053921772,1541.3657053921772,1.0223576,0.0025634908
1541.3670942916597,1541.3670942916597,1.0222906,0.0025659048
1541.3684831911416,1541.3684831911416,1.0217879,0.0025695395
1541.3698720903897,1541.3698720903897,1.0218425,0.0025784967
1541.371260989871,1541.371260989871,1.0231123,0.0025675856
1541.3726498893527,1541.3726498893527,1.0199383,0.0025666193
1541.3740387888354,1541.3740387888354,1.0219867,0.0025841596
1541.3754276883171,1541.3754276883171,1.0239929,0.0025668312
1541.3768165877982,1541.3768165877982,1.018733,0.0025616565
1541.3782054872793,1541.3782054872793,1.0194538,0.0025816187
1541.379594386761,1541.379594386761,1.0212469,0.002579343
1541.3809832860109,1541.3809832860109,1.0244257,0.0025684452
1541.3823721854926,1541.3823721854926,1.0198814,0.0025684447
1541.383761084974,1541.383761084974,1.02556,0.0025662421
1541.3851499844557,1541.3851499844557,1.0243409,0.002569418
1541.3865388837046,1541.3865388837046,1.0207793,0.0025627234
1541.3879277831863,1541.3879277831863,1.0171267,0.0025679236
1541.389316682668,1541.389316682668,1.0231895,0.0025664459
1541.3907055819166,1541.3907055819166,1.0185759,0.0025660587
1541.3920944813983,1541.3920944813983,1.0188512,0.0025766038
1541.3934833806472,1541.3934833806472,1.024144,0.0025709716
1541.394872280129,1541.394872280129,1.0234649,0.002571653
1541.3962611793781,1541.3962611793781,1.0222317,0.0025765034
1541.3976500788592,1541.3976500788592,1.0255494,0.0025742168
1541.3990389781081,1541.3990389781081,1.0220218,0.0025642544
1541.4004278775901,1541.4004278775901,1.0230492,0.002567247
1541.4018167768393,1541.4018167768393,1.0182188,0.002563707
1541.403205676321,1541.403205676321,1.0219615,0.0025653725
1541.40459457557,1541.40459457557,1.0218678,0.0025655418
1541.4059834748189,1541.4059834748189,1.0228103,0.0025764934
1541.4073723743002,1541.4073723743002,1.0197277,0.002563351
1541.408761273549,1541.408761273549,1.0208777,0.0025683134
1541.410150172798,1541.410150172798,1.0201871,0.0025662093
1541.411539072047,1541.411539072047,1.0195904,0.0025677774
1541.4129279715287,1541.4129279715287,1.0205595,0.0025670417
1541.4143168707772,1541.4143168707772,1.0206137,0.0025653783
1541.415705770026,1541.415705770026,1.0202694,0.0025673641
1541.417094669275,1541.417094669275,1.02373,0.0025653671
1541.418483568524,1541.418483568524,1.0232536,0.0025683085
1541.419872467773,1541.419872467773,1.0168045,0.0025782357
1541.4212613672541,1541.4212613672541,1.0218267,0.0025638829
1541.422650266503,1541.422650266503,1.0237397,0.0025680186
1541.424039165753,1541.424039165753,1.0236326,0.0025679646
1541.4254280650018,1541.4254280650018,1.0238497,0.0025678219
1541.4268169642503,1541.4268169642503,1.0243961,0.0025684948
1541.4282058634983,1541.4282058634983,1.0196322,0.0025665904
1541.4295947627475,1541.4295947627475,1.0183825,0.0025738585
1541.4309836617642,1541.4309836617642,1.0216638,0.0025672757
1541.4323725610132,1541.4323725610132,1.025235,0.0025778825
1541.4337614602616,1541.4337614602616,1.0233283,0.0025703448
1541.43515035951,1541.43515035951,1.0200108,0.0025643855
1541.436539258759,1541.436539258759,1.0220641,0.00256952
1541.4379281580084,1541.4379281580084,1.0220034,0.0025670556
1541.4393170570247,1541.4393170570247,1.0184143,0.0025652735
1541.440705956273,1541.440705956273,1.0196246,0.0025775353
1541.4420948555214,1541.4420948555214,1.0193816,0.0025657292
1541.4434837547703,1541.4434837547703,1.0203872,0.0025624149
1541.4448726537873,1541.4448726537873,1.0182326,0.0025644081
1541.4462615530363,1541.4462615530363,1.0207614,0.0025671131
1541.4476504522843,1541.4476504522843,1.0178009,0.0025648319
1541.4490393513,1541.4490393513,1.021023,0.0025666533
1541.4504282505488,1541.4504282505488,1.0221688,0.0025660687
1541.4518171495658,1541.4518171495658,1.0201919,0.002565038
1541.4532060488148,1541.4532060488148,1.0232992,0.0025640144
1541.4545949478304,1541.4545949478304,1.0177342,0.0025632181
1541.4559838470784,1541.4559838470784,1.0163732,0.0025723705
1541.4573727460945,1541.4573727460945,1.01818,0.0025611056
1541.4587616453443,1541.4587616453443,1.0231655,0.0025862802
1541.4601505443604,1541.4601505443604,1.015805,0.0025657688
1541.461539443376,1541.461539443376,1.0145118,0.0025685485
1541.462928342625,1541.462928342625,1.0205961,0.0025713916
1541.464317241641,1541.464317241641,1.0156033,0.002566424
1541.4657061406572,1541.4657061406572,1.022891,0.0025642968
1541.467095039906,1541.467095039906,1.0218053,0.0025659371
1541.4684839389217,1541.4684839389217,1.0190493,0.0025684272
1541.4698728379378,1541.4698728379378,1.0177974,0.002570189
1541.471261736954,1541.471261736954,1.0196623,0.0025667278
1541.472650636203,1541.472650636203,1.01771,0.0025655841
1541.4740395352194,1541.4740395352194,1.0181671,0.0025621883
1541.4754284342346,1541.4754284342346,1.0172403,0.0025653378
1541.476817333251,1541.476817333251,1.0144972,0.0025647883
1541.4782062322672,1541.4782062322672,1.0161169,0.0025678272
1541.4795951312833,1541.4795951312833,1.0173736,0.002564697
1541.4809840302994,1541.4809840302994,1.01598,0.0025643792
1541.4823729293155,1541.4823729293155,1.0183094,0.00256431
1541.4837618283316,1541.4837618283316,1.0139682,0.002564447
1541.4851507273472,1541.4851507273472,1.0143772,0.0025621648
1541.4865396263633,1541.4865396263633,1.0165151,0.0025688976
1541.4879285253794,1541.4879285253794,1.013849,0.0025688242
1541.4893174243955,1541.4893174243955,1.0175291,0.0025631886
1541.4907063234116,1541.4907063234116,1.0168254,0.0025747714
1541.4920952224272,1541.4920952224272,1.0139538,0.0025641911
1541.4934841212105,1541.4934841212105,1.0166575,0.0025622465
1541.4948730202266,1541.4948730202266,1.0157622,0.0025715427
1541.496261919243,1541.496261919243,1.0150682,0.002562816
1541.4976508182592,1541.4976508182592,1.0168486,0.002562556
1541.4990397170416,1541.4990397170416,1.0196637,0.0025668093
1541.5004286160577,1541.5004286160577,1.0151561,0.0025642926
1541.5018175150747,1541.5018175150747,1.0195246,0.0025655783
1541.503206413858,1541.503206413858,1.0152923,0.0025637192
1541.5045953128736,1541.5045953128736,1.0156442,0.002563965
1541.505984211889,1541.505984211889,1.0163395,0.002566315
1541.5073731106725,1541.5073731106725,1.0148398,0.0025642223
1541.508762009689,1541.508762009689,1.0161139,0.0025625837
1541.5101509084725,1541.5101509084725,1.0156442,0.0025684591
1541.511539807488,1541.511539807488,1.0142854,0.0025628577
1541.5129287062707,1541.5129287062707,1.0139577,0.00256331
1541.514317605054,1541.514317605054,1.014107,0.0025622624
1541.5157065040707,1541.5157065040707,1.0172048,0.0025687732
1541.5170954028542,1541.5170954028542,1.014575,0.0025683215
1541.5184843018694,1541.5184843018694,1.0170681,0.0025661914
1541.5198732006522,1541.5198732006522,1.0173337,0.0025631043
1541.5212620994362,1541.5212620994362,1.012803,0.0025609354
1541.5226509982201,1541.5226509982201,1.0113257,0.0025616928
1541.5240398972358,1541.5240398972358,1.013974,0.0025708696
1541.5254287960183,1541.5254287960183,1.0138416,0.002568466
1541.526817694801,1541.526817694801,1.0118728,0.0025620346
1541.528206593585,1541.528206593585,1.0183151,0.0025647325
1541.529595492369,1541.529595492369,1.0152838,0.002562473
1541.5309843913844,1541.5309843913844,1.015895,0.0025636065
1541.5323732901672,1541.5323732901672,1.0128971,0.0025630526
1541.5337621889496,1541.5337621889496,1.0123458,0.0025624142
1541.535151087733,1541.535151087733,1.0149674,0.0025739826
1541.536539986517,1541.536539986517,1.0154146,0.0025645017
1541.5379288853003,1541.5379288853003,1.0156487,0.0025619604
1541.539317784083,1541.539317784083,1.0128719,0.002562089
1541.5407066828664,1541.5407066828664,1.0116714,0.002562593
1541.5420955816496,1541.5420955816496,1.0152013,0.0025761016
1541.5434844802,1541.5434844802,1.0105402,0.0025577135
1541.5448733789835,1541.5448733789835,1.0124111,0.0025774722
1541.5462622777661,1541.5462622777661,1.0084997,0.0025641606
1541.5476511765494,1541.5476511765494,1.0112852,0.0025771882
1541.5490400753329,1541.5490400753329,1.0119405,0.0025622703
1541.5504289741164,1541.5504289741164,1.0131799,0.0025634607
1541.5518178726668,1541.5518178726668,1.009773,0.0025589284
1541.5532067714491,1541.5532067714491,1.0138824,0.0025635432
1541.5545956702326,1541.5545956702326,1.0109774,0.0025648954
1541.5559845687833,1541.5559845687833,1.0106046,0.0025647902
1541.5573734675665,1541.5573734675665,1.010516,0.0025605247
1541.5587623663498,1541.5587623663498,1.0099266,0.0025600088
1541.5601512649002,1541.5601512649002,1.0131572,0.0025660149
1541.5615401636835,1541.5615401636835,1.0130972,0.0025660577
1541.5629290622335,1541.5629290622335,1.0128993,0.0025610116
1541.5643179610167,1541.5643179610167,1.0079477,0.0025619878
1541.5657068595672,1541.5657068595672,1.0141873,0.0025617671
1541.5670957583504,1541.5670957583504,1.0110395,0.002560375
1541.568484656901,1541.568484656901,1.0061641,0.0025589124
1541.5698735554508,1541.5698735554508,1.010107,0.0025664927
1541.571262454234,1541.571262454234,1.0099651,0.0025617292
1541.5726513527848,1541.5726513527848,1.0106936,0.0025589068
1541.5740402513354,1541.5740402513354,1.0082883,0.0025576483
1541.5754291501187,1541.5754291501187,1.0079356,0.002561993
1541.5768180486682,1541.5768180486682,1.0104413,0.0025605818
1541.5782069472189,1541.5782069472189,1.0095128,0.0025612388
1541.57959584577,1541.57959584577,1.0114725,0.002562107
1541.5809847445532,1541.5809847445532,1.0071962,0.0025610998
1541.5823736431032,1541.5823736431032,1.0126851,0.002559218
1541.5837625416532,1541.5837625416532,1.007375,0.0025695781
1541.5851514402036,1541.5851514402036,1.0083045,0.0025659408
1541.5865403387545,1541.5865403387545,1.008407,0.0025584672
1541.5879292373052,1541.5879292373052,1.0090178,0.0025606528
1541.589318135855,1541.589318135855,1.0071392,0.0025594044
1541.5907070344049,1541.5907070344049,1.00888,0.0025592318
1541.5920959329553,1541.5920959329553,1.0103489,0.0025707022
1541.5934848315067,1541.5934848315067,1.005457,0.002559658
1541.594873730057,1541.594873730057,1.0087636,0.0025596367
1541.5962626286066,1541.5962626286066,1.0089262,0.00256167
1541.5976515271566,1541.5976515271566,1.0078014,0.0025592677
1541.599040425475,1541.599040425475,1.0067915,0.0025606058
1541.600429324026,1541.600429324026,1.0090255,0.0025674978
1541.601818222576,1541.601818222576,1.0081462,0.0025586104
1541.603207121126,1541.603207121126,1.0094184,0.0025593191
1541.6045960196755,1541.6045960196755,1.0084329,0.0025597282
1541.605984917994,1541.605984917994,1.0085778,0.0025597767
1541.6073738165453,1541.6073738165453,1.0056483,0.0025555238
1541.6087627150948,1541.6087627150948,1.0079834,0.0025613457
1541.610151613412,1541.610151613412,1.0108038,0.0025596751
1541.6115405119617,1541.6115405119617,1.0066924,0.0025572157
1541.61292941028,1541.61292941028,1.0081599,0.0025635576
1541.6143183088313,1541.6143183088313,1.0085012,0.0025588875
1541.6157072071483,1541.6157072071483,1.0070822,0.0025626149
1541.617096105698,1541.617096105698,1.0094168,0.002569064
1541.6184850040156,1541.6184850040156,1.0052608,0.0025652929
1541.619873902566,1541.619873902566,1.0070307,0.0025612945
1541.6212628008839,1541.6212628008839,1.0060523,0.0025583627
1541.6226516992017,1541.6226516992017,1.0040352,0.0025560297
1541.6240405977512,1541.6240405977512,1.0069534,0.002559807
1541.625429496069,1541.625429496069,1.0089878,0.0025609601
1541.6268183943869,1541.6268183943869,1.0032206,0.0025579745
1541.6282072929373,1541.6282072929373,1.0070075,0.0025623378
1541.629596191255,1541.629596191255,1.0014277,0.00256058
1541.6309850895718,1541.6309850895718,1.0071245,0.0025586258
1541.6323739878897,1541.6323739878897,1.0065906,0.002558576
1541.6337628862073,1541.6337628862073,0.9990926,0.0025596844
1541.6351517847577,1541.6351517847577,1.0034921,0.0025571312
1541.6365406830753,1541.6365406830753,1.0033628,0.002557669
1541.6379295813929,1541.6379295813929,1.0040258,0.0025656042
1541.6393184797105,1541.6393184797105,1.0028406,0.0025574844
1541.6407073780276,1541.6407073780276,1.0049777,0.002561312
1541.6420962763452,1541.6420962763452,1.0009912,0.0025565466
1541.6434851746628,1541.6434851746628,1.0029525,0.0025572192
1541.6448740729807,1541.6448740729807,1.0055816,0.0025609178
1541.6462629712985,1541.6462629712985,1.0028307,0.0025608381
1541.6476518693823,1541.6476518693823,1.004966,0.0025601967
1541.6490407677002,1541.6490407677002,1.0000683,0.002558404
1541.650429666018,1541.650429666018,1.0011525,0.0025680687
1541.6518185643356,1541.6518185643356,1.0065979,0.002570978
1541.6532074626532,1541.6532074626532,1.0016979,0.0025600686
1541.6545963607373,1541.6545963607373,1.0020194,0.0025580141
1541.6559852590551,1541.6559852590551,1.0034381,0.0025602723
1541.6573741573732,1541.6573741573732,1.0004474,0.0025573205
1541.6587630554582,1541.6587630554582,1.0014542,0.0025586027
1541.660151953775,1541.660151953775,1.001693,0.0025573974
1541.6615408520922,1541.6615408520922,1.0072012,0.0025653597
1541.662929750177,1541.662929750177,1.001581,0.0025559622
1541.6643186484953,1541.6643186484953,1.0026557,0.0025618912
1541.6657075465803,1541.6657075465803,1.0070957,0.0025597296
1541.667096444897,1541.667096444897,1.0048196,0.0025598432
1541.6684853429813,1541.6684853429813,1.0039631,0.0025580432
1541.6698742412989,1541.6698742412989,1.0018773,0.0025592686
1541.6712631393846,1541.6712631393846,0.99805903,0.0025583082
1541.6726520374693,1541.6726520374693,1.0016309,0.0025594938
1541.6740409357863,1541.6740409357863,1.0013258,0.0025616942
1541.6754298338703,1541.6754298338703,1.0042509,0.0025592975
1541.676818731956,1541.676818731956,1.0029836,0.0025582965
1541.6782076302743,1541.6782076302743,1.0032091,0.0025591734
1541.6795965283584,1541.6795965283584,1.0026072,0.0025573862
1541.6809854264427,1541.6809854264427,1.0039101,0.0025574141
1541.6823743245266,1541.6823743245266,1.0020618,0.0025545508
1541.6837632226122,1541.6837632226122,1.0046415,0.0025562001
1541.6851521209308,1541.6851521209308,1.0000023,0.0025554285
1541.6865410190146,1541.6865410190146,1.001338,0.0025561044
1541.687929917099,1541.687929917099,1.0010724,0.0025561415
1541.6893188151832,1541.6893188151832,1.0023569,0.002556287
1541.690707713268,1541.690707713268,1.0025674,0.0025587017
1541.6920966113535,1541.6920966113535,1.0065144,0.0025561538
1541.6934855094385,1541.6934855094385,0.99892676,0.00256309
1541.6948744075223,1541.6948744075223,1.0010728,0.0025601739
1541.6962633053743,1541.6962633053743,0.99788165,0.0025698077
1541.6976522034593,1541.6976522034593,1.0003625,0.002555215
1541.6990411015443,1541.6990411015443,0.99929804,0.002556872
1541.700429999629,1541.700429999629,1.0007591,0.0025535137
1541.701818897713,1541.701818897713,1.0008873,0.0025581634
1541.703207795798,1541.703207795798,1.0013055,0.0025654424
1541.70459669365,1541.70459669365,1.00008,0.0025599229
1541.7059855917348,1541.7059855917348,1.0017369,0.0025549445
1541.7073744898196,1541.7073744898196,1.000278,0.0025557464
1541.708763387671,1541.708763387671,0.99980813,0.0025553626
1541.7101522857558,1541.7101522857558,0.9995482,0.0025540178
1541.7115411836078,1541.7115411836078,0.9986646,0.0025584132
1541.7129300816925,1541.7129300816925,0.9973466,0.0025549487
1541.7143189795445,1541.7143189795445,0.9966945,0.0025557156
1541.7157078776293,1541.7157078776293,0.99674785,0.002555505
1541.7170967754814,1541.7170967754814,0.99701416,0.0025627634
1541.7184856735655,1541.7184856735655,0.999634,0.0025568244
1541.7198745714174,1541.7198745714174,1.001426,0.002560866
1541.7212634695024,1541.7212634695024,1.0010744,0.0025576071
1541.7226523673546,1541.7226523673546,1.0000587,0.002562307
1541.7240412652066,1541.7240412652066,1.0009857,0.002560971
1541.7254301632904,1541.7254301632904,0.99923867,0.0025568027
1541.7268190611426,1541.7268190611426,0.99665993,0.0025543594
1541.7282079589947,1541.7282079589947,0.99901265,0.002566443
1541.7295968568467,1541.7295968568467,1.0009092,0.0025543608
1541.7309857546986,1541.7309857546986,0.9984485,0.002557586
1541.732374652783,1541.732374652783,1.0004834,0.0025569785
1541.7337635506349,1541.7337635506349,1.0004958,0.0025620603
1541.7351524484875,1541.7351524484875,0.9985538,0.0025553321
1541.7365413463397,1541.7365413463397,1.000092,0.00255468
1541.7379302441907,1541.7379302441907,1.000465,0.0025548076
1541.7393191420422,1541.7393191420422,1.0002906,0.0025581485
1541.7407080398941,1541.7407080398941,1.0012769,0.0025569221
1541.742096937747,1541.742096937747,0.9976012,0.0025530823
1541.743485835599,1541.743485835599,1.0009795,0.0025598074
1541.7448747332173,1541.7448747332173,0.99924237,0.0025544395
1541.7462636310686,1541.7462636310686,0.99683785,0.0025542856
1541.7476525289205,1541.7476525289205,0.99833333,0.0025554672
1541.7490414267734,1541.7490414267734,0.9974423,0.0025641168
1541.7504303246253,1541.7504303246253,0.99291307,0.00255343
1541.751819222244,1541.751819222244,0.9991406,0.0025558006
1541.753208120095,1541.753208120095,0.994585,0.0025656237
1541.7545970179478,1541.7545970179478,0.9984624,0.0025532192
1541.7559859155679,1541.7559859155679,0.994374,0.0025535645
1541.757374813419,1541.757374813419,0.9938825,0.0025561429
1541.7587637112704,1541.7587637112704,0.9986977,0.0025543035
1541.7601526088888,1541.7601526088888,0.993833,0.002554003
1541.761541506741,1541.761541506741,0.9969146,0.0025607299
1541.7629304043605,1541.7629304043605,1.0137384,0.0025612805
1541.7643193022127,1541.7643193022127,1.0164058,0.0025631103
1541.7657081998311,1541.7657081998311,1.0101018,0.0025610258
1541.7670970974498,1541.7670970974498,0.99858475,0.0025561093
1541.7684859953017,1541.7684859953017,1.0021917,0.0025583087
1541.7698748929215,1541.7698748929215,0.9959338,0.0025553324
1541.7712637905408,1541.7712637905408,1.0002673,0.002556942
1541.7726526883919,1541.7726526883919,0.9979477,0.0025543724
1541.7740415860112,1541.7740415860112,1.0005912,0.0025573224
1541.7754304836305,1541.7754304836305,0.9958575,0.00256202
1541.7768193812497,1541.7768193812497,0.9968191,0.002553595
1541.7782082791016,1541.7782082791016,0.9973706,0.0025594456
1541.77959717672,1541.77959717672,0.9932623,0.0025539098
1541.7809860743394,1541.7809860743394,0.9946422,0.002551666
1541.7823749719585,1541.7823749719585,0.9983742,0.0025577634
1541.7837638695776,1541.7837638695776,0.9979859,0.0025587662
1541.7851527671967,1541.7851527671967,0.99618113,0.0025520425
1541.7865416648153,1541.7865416648153,0.9909728,0.0025495435
1541.7879305624344,1541.7879305624344,0.9944228,0.0025510932
1541.7893194600535,1541.7893194600535,0.9934581,0.0025497188
1541.7907083576727,1541.7907083576727,0.9957417,0.0025538194
1541.792097255059,1541.792097255059,0.98993707,0.0025548532
1541.7934861526783,1541.7934861526783,0.99662465,0.0025640791
1541.7948750502976,1541.7948750502976,0.9907339,0.0025518304
1541.7962639479158,1541.7962639479158,0.9934076,0.002555438
1541.7976528455351,1541.7976528455351,0.9936691,0.0025545713
1541.7990417429216,1541.7990417429216,0.9911101,0.0025510888
1541.8004306405408,1541.8004306405408,0.9948776,0.00255427
1541.8018195381599,1541.8018195381599,0.99780667,0.002552899
1541.8032084355455,1541.8032084355455,0.99485344,0.002569077
1541.8045973331648,1541.8045973331648,0.9963763,0.0025548267
1541.805986230551,1541.805986230551,0.99296194,0.0025615224
1541.8073751281702,1541.8073751281702,0.9949451,0.0025593
1541.8087640255565,1541.8087640255565,0.99551135,0.002563535
1541.810152923175,1541.810152923175,0.997357,0.002552956
1541.8115418205614,1541.8115418205614,0.9925538,0.0025530402
1541.8129307181812,1541.8129307181812,0.9975649,0.0025532858
1541.8143196155677,1541.8143196155677,0.99168104,0.0025669606
1541.815708512953,1541.815708512953,0.9947722,0.0025497861
1541.8170974105717,1541.8170974105717,0.99369615,0.0025529875
1541.8184863079575,1541.8184863079575,0.99192554,0.002549277
1541.8198752053443,1541.8198752053443,0.99188054,0.002558044
1541.8212641027314,1541.8212641027314,0.992271,0.0025616793
1541.82265300035,1541.82265300035,0.9911962,0.0025495503
1541.8240418977355,1541.8240418977355,0.9949627,0.0025554607
1541.8254307951213,1541.8254307951213,0.9892289,0.0025548812
1541.8268196925083,1541.8268196925083,0.99326956,0.002552818
1541.8282085898952,1541.8282085898952,0.99119467,0.0025538339
1541.829597487281,1541.829597487281,0.99025995,0.0025508208
1541.8309863846664,1541.8309863846664,0.99178237,0.002550611
1541.832375282053,1541.832375282053,0.9904789,0.0025504176
1541.8337641794399,1541.8337641794399,0.99234134,0.0025520092
1541.8351530768261,1541.8351530768261,0.9912521,0.0025548115
1541.836541974212,1541.836541974212,0.9894988,0.0025512069
1541.8379308715978,1541.8379308715978,0.9915099,0.002553287
1541.8393197687512,1541.8393197687512,0.9957711,0.002554785
1541.8407086661382,1541.8407086661382,0.99391884,0.0025570448
1541.8420975635247,1541.8420975635247,0.99119556,0.0025550004
1541.84348646091,1541.84348646091,0.9912938,0.0025523535
1541.844875358063,1541.844875358063,0.9914851,0.0025578497
1541.8462642554493,1541.8462642554493,0.9876378,0.0025519168
1541.8476531528365,1541.8476531528365,0.9938892,0.0025684705
1541.84904204999,1541.84904204999,0.99406517,0.0025562632
1541.8504309473756,1541.8504309473756,0.9933379,0.0025504697
1541.8518198445292,1541.8518198445292,0.9869968,0.0025465887
1541.8532087419155,1541.8532087419155,0.98854405,0.0025514269
1541.854597639069,1541.854597639069,0.99272573,0.0025551482
1541.8559865364552,1541.8559865364552,0.98651797,0.0025544632
1541.8573754336082,1541.8573754336082,0.9933586,0.0025517978
1541.8587643307617,1541.8587643307617,0.99100435,0.0025522937
1541.860153228148,1541.860153228148,0.99019194,0.0025526604
1541.8615421253014,1541.8615421253014,0.99395174,0.0025550176
1541.8629310224549,1541.8629310224549,0.9919536,0.0025522928
1541.8643199196079,1541.8643199196079,0.9893983,0.0025557089
1541.8657088169941,1541.8657088169941,0.98704964,0.0025510974
1541.8670977141476,1541.8670977141476,0.9940573,0.0025496653
1541.868486611301,1541.868486611301,0.9901437,0.0025490476
1541.8698755084547,1541.8698755084547,0.9923316,0.002562721
1541.8712644056084,1541.8712644056084,0.9915703,0.002556578
1541.8726533027618,1541.8726533027618,0.99148697,0.0025610155
1541.8740421999144,1541.8740421999144,0.98855793,0.0025539796
1541.875431097068,1541.875431097068,0.9888604,0.0025490841
1541.8768199942217,1541.8768199942217,0.9896887,0.0025497782
1541.8782088913752,1541.8782088913752,0.99296796,0.00255357
1541.8795977885286,1541.8795977885286,0.9907611,0.002563198
1541.8809866856816,1541.8809866856816,0.9889372,0.0025598288
1541.8823755828341,1541.8823755828341,0.99089426,0.0025632374
1541.883764479755,1541.883764479755,0.9848971,0.002553024
1541.885153376909,1541.885153376909,0.9879934,0.0025587669
1541.8865422740625,1541.8865422740625,0.99240696,0.002553887
1541.8879311712155,1541.8879311712155,0.9884412,0.0025524735
1541.8893200681355,1541.8893200681355,0.9914242,0.0025500988
1541.8907089652896,1541.8907089652896,0.99335164,0.002553223
1541.892097862444,1541.892097862444,0.98817027,0.0025489666
1541.893486759364,1541.893486759364,0.98978674,0.0025538069
1541.8948756565167,1541.8948756565167,0.9904327,0.002552065
1541.8962645534368,1541.8962645534368,0.99104744,0.0025530837
1541.897653450591,1541.897653450591,0.9884066,0.0025531847
1541.8990423475122,1541.8990423475122,0.99177593,0.0025512185
1541.9004312444324,1541.9004312444324,0.9902426,0.0025522849
1541.901820141585,1541.901820141585,0.9890046,0.0025499482
1541.903209038505,1541.903209038505,0.98919356,0.0025557098
1541.9045979354266,1541.9045979354266,0.9866227,0.002554209
1541.9059868325805,1541.9059868325805,0.99171257,0.0025520874
1541.9073757295007,1541.9073757295007,0.9902415,0.0025514658
1541.9087646264206,1541.9087646264206,0.9871534,0.0025489153
1541.9101535233415,1541.9101535233415,0.98913693,0.0025499177
1541.9115424202625,1541.9115424202625,0.9858019,0.0025507757
1541.9129313174162,1541.9129313174162,0.98861104,0.0025498772
1541.9143202143362,1541.9143202143362,0.9878254,0.0025506543
1541.9157091112563,1541.9157091112563,0.98897415,0.0025506765
1541.917098008177,1541.917098008177,0.98714286,0.0025514842
1541.9184869050985,1541.9184869050985,0.9906586,0.002552399
1541.919875802019,1541.919875802019,0.98871064,0.002561608
1541.9212646989388,1541.9212646989388,0.98961896,0.0025582246
1541.9226535956261,1541.9226535956261,0.9900578,0.0025515098
1541.9240424925467,1541.9240424925467,0.9869195,0.00254727
1541.9254313894683,1541.9254313894683,0.98754114,0.0025521265
1541.9268202863889,1541.9268202863889,0.9883916,0.002564398
1541.928209183309,1541.928209183309,0.98344946,0.0025479754
1541.9295980799968,1541.9295980799968,0.9853234,0.0025487207
1541.9309869769174,1541.9309869769174,0.9868842,0.0025476995
1541.932375873838,1541.932375873838,0.9874258,0.0025510176
1541.9337647705258,1541.9337647705258,0.99288535,0.0025512197
1541.935153667446,1541.935153667446,0.9879936,0.002553128
1541.9365425641338,1541.9365425641338,0.98898613,0.002550726
1541.9379314610544,1541.9379314610544,0.9879025,0.0025568656
1541.9393203577417,1541.9393203577417,0.9903134,0.0025514795
1541.9407092546624,1541.9407092546624,0.9904158,0.002550765
1541.9420981513501,1541.9420981513501,0.98966074,0.0025534125
1541.9434870482708,1541.9434870482708,0.9874597,0.0025568823
1541.9448759449585,1541.9448759449585,0.98683685,0.0025602859
1541.9462648416459,1541.9462648416459,0.989386,0.0025530963
1541.9476537385665,1541.9476537385665,0.98849493,0.0025601927
1541.9490426352543,1541.9490426352543,0.98892874,0.00254842
1541.950431531942,1541.950431531942,0.98850006,0.0025614044
1541.95182042863,1541.95182042863,0.9860009,0.002553294
1541.9532093253172,1541.9532093253172,0.98615104,0.002551862
1541.9545982222378,1541.9545982222378,0.9890473,0.0025518965
1541.9559871189265,1541.9559871189265,0.98579264,0.0025550975
1541.9573760156143,1541.9573760156143,0.98813003,0.0025533335
1541.9587649123016,1541.9587649123016,0.9906688,0.0025509088
1541.9601538089885,1541.9601538089885,0.98917043,0.0025508653
1541.9615427056765,1541.9615427056765,0.984568,0.0025465293
1541.962931602365,1541.962931602365,0.9851524,0.002548441
1541.96432049882,1541.96432049882,0.9853951,0.0025494955
1541.9657093955072,1541.9657093955072,0.99259955,0.002563353
1541.9670982921946,1541.9670982921946,0.98657197,0.0025516138
1541.9684871888828,1541.9684871888828,0.98934305,0.0025493489
1541.9698760855715,1541.9698760855715,0.98802274,0.0025499167
1541.971264982026,1541.971264982026,0.9845412,0.0025481584
1541.972653878713,1541.972653878713,0.9877968,0.0025493854
1541.9740427754002,1541.9740427754002,0.98694307,0.0025555696
1541.9754316718559,1541.9754316718559,0.9874943,0.002553586
1541.9768205685443,1541.9768205685443,0.9894239,0.0025506616
1541.9782094649988,1541.9782094649988,0.98972595,0.002551461
1541.979598361686,1541.979598361686,0.9890659,0.0025493486
1541.9809872581402,1541.9809872581402,0.9927416,0.0025576726
1541.982376154829,1541.982376154829,0.9876808,0.0025568183
1541.9837650512843,1541.9837650512843,0.9876811,0.0025494427
1541.9851539479716,1541.9851539479716,0.98470765,0.0025594824
1541.9865428444261,1541.9865428444261,0.98423874,0.0025474157
1541.9879317408802,1541.9879317408802,0.9895054,0.0025564928
1541.9893206373354,1541.9893206373354,0.98950636,0.0025480166
1541.9907095340238,1541.9907095340238,0.98841023,0.0025486443
1541.9920984304788,1541.9920984304788,0.9882651,0.0025494487
1541.9934873269333,1541.9934873269333,0.9867141,0.002550184
1541.9948762233882,1541.9948762233882,0.9876443,0.0025489763
1541.9962651198432,1541.9962651198432,0.9878847,0.0025632815
1541.9976540162982,1541.9976540162982,0.9919175,0.0025524255
1541.9990429127533,1541.9990429127533,0.9881098,0.002555425
1542.0004318092076,1542.0004318092076,0.9899235,0.0025510474
1542.0018207056626,1542.0018207056626,0.9910858,0.0025534981
1543.2240485784114,1543.2240485784114,,
1543.2254374779056,1543.2254374779056,,
1543.2268263774,1543.2268263774,,
1543.2282152768935,1543.2282152768935,,
1543.2296041763877,1543.2296041763877,,
1543.2309930761155,1543.2309930761155,,
1543.2323819756098,1543.2323819756098,,
1543.2337708751033,1543.2337708751033,,
1543.2351597748295,1543.2351597748295,,
1543.2365486743245,1543.2365486743245,,
1543.2379375740522,1543.2379375740522,,
1543.2393264735458,1543.2393264735458,,
1543.240715373273,1543.240715373273,,
1543.242104273,1543.242104273,,
1543.2434931724936,1543.2434931724936,,
1543.2448820722207,1543.2448820722207,,
1543.2462709719484,1543.2462709719484,,
1543.2476598716755,1543.2476598716755,,
1543.249048771402,1543.249048771402,,
1543.2504376711283,1543.2504376711283,,
1543.2518265708559,1543.2518265708559,,
1543.2532154708165,1543.2532154708165,,
1543.254604370543,1543.254604370543,,
1543.25599327027,1543.25599327027,,
1543.25738217023,1543.25738217023,,
1543.258771069957,1543.258771069957,,
1543.260159969917,1543.260159969917,,
1543.261548869644,1543.261548869644,,
1543.262937769604,1543.262937769604,,
1543.264326669563,1543.264326669563,,
1543.2657155695229,1543.2657155695229,,
1543.2671044692506,1543.2671044692506,,
1543.2684933692105,1543.2684933692105,,
1543.2698822691698,1543.2698822691698,,
1543.2712711691297,1543.2712711691297,,
1543.2726600693225,1543.2726600693225,,
1543.2740489692824,1543.2740489692824,,
1543.2754378692423,1543.2754378692423,,
1543.2768267692022,1543.2768267692022,,
1543.278215669395,1543.278215669395,,
1543.2796045693542,1543.2796045693542,,
1543.2809934693146,1543.2809934693146,,
1543.282382369508,1543.282382369508,,
1543.2837712694673,1543.2837712694673,,
1543.2851601696593,1543.2851601696593,,
1543.286549069852,1543.286549069852,,
1543.2879379700455,1543.2879379700455,,
1543.2893268700054,1543.2893268700054,,
1543.2907157701975,1543.2907157701975,,
1543.2921046703902,1543.2921046703902,,
1543.293493570583,1543.293493570583,,
1543.2948824707748,1543.2948824707748,,
1543.2962713709683,1543.2962713709683,,
1543.2976602711617,1543.2976602711617,,
1543.2990491715866,1543.2990491715866,,
1543.3004380717787,1543.3004380717787,,
1543.3018269719714,1543.3018269719714,,
1543.3032158723977,1543.3032158723977,,
1543.3046047725904,1543.3046047725904,,
1543.3059936730153,1543.3059936730153,,
1543.307382573208,1543.307382573208,,
1543.3087714736337,1543.3087714736337,,
1543.3101603738262,1543.3101603738262,,
1543.3115492742525,1543.3115492742525,,
1543.312938174678,1543.312938174678,,
1543.314327075103,1543.314327075103,,
1543.3157159755278,1543.3157159755278,,
1543.3171048757206,1543.3171048757206,,
1543.3184937761469,1543.3184937761469,,
1543.3198826768053,1543.3198826768053,,
1543.3212715772302,1543.3212715772302,,
1543.3226604776557,1543.3226604776557,,
1543.3240493780813,1543.3240493780813,,
1543.325438278507,1543.325438278507,,
1543.3268271791658,1543.3268271791658,,
1543.3282160795914,1543.3282160795914,,
1543.3296049800163,1543.3296049800163,,
1543.330993880674,1543.330993880674,,
1543.3323827811003,1543.3323827811003,,
1543.3337716817593,1543.3337716817593,,
1543.335160582417,1543.335160582417,,
1543.336549482842,1543.336549482842,,
1543.3379383835004,1543.3379383835004,,
1543.3393272841588,1543.3393272841588,,
1543.340716184817,1543.340716184817,,
1543.342105085476,1543.342105085476,,
1543.3434939861345,1543.3434939861345,,
1543.3448828867922,1543.3448828867922,,
1543.34627178745,1543.34627178745,,
1543.347660688109,1543.347660688109,,
1543.3490495887681,1543.3490495887681,,
1543.3504384894259,1543.3504384894259,,
1543.3518273900836,1543.3518273900836,,
1543.3532162909748,1543.3532162909748,,
1543.354605191634,1543.354605191634,,
1543.3559940922921,1543.3559940922921,,
1543.3573829931834,1543.3573829931834,,
1543.3587718938418,1543.3587718938418,,
1543.3601607947323,1543.3601607947323,,
1543.361549695623,1543.361549695623,,
1543.362938596282,1543.362938596282,,
1543.364327497174,1543.364327497174,,
1543.3657163980645,1543.3657163980645,,
1543.367105298955,1543.367105298955,,
1543.3684941996135,1543.3684941996135,,
1543.3698831005051,1543.3698831005051,,
1543.3712720013964,1543.3712720013964,,
1543.3726609022876,1543.3726609022876,,
1543.3740498031789,1543.3740498031789,,
1543.3754387040694,1543.3754387040694,,
1543.3768276051935,1543.3768276051935,,
1543.3782165060854,1543.3782165060854,,
1543.3796054069767,1543.3796054069767,,
1543.3809943078672,1543.3809943078672,,
1543.3823832089906,1543.3823832089906,,
1543.3837721098819,1543.3837721098819,,
1543.3851610107738,1543.3851610107738,,
1543.3865499118976,1543.3865499118976,,
1543.387938812789,1543.387938812789,,
1543.389327713913,1543.389327713913,,
1543.3907166150364,1543.3907166150364,,
1543.3921055159276,1543.3921055159276,,
1543.3934944170524,1543.3934944170524,,
1543.3948833181764,1543.3948833181764,,
1543.3962722192998,1543.3962722192998,,
1543.397661120191,1543.397661120191,,
1543.3990500213158,1543.3990500213158,,
1543.40043892244,1543.40043892244,,
1543.401827823563,1543.401827823563,,
1543.4032167246871,1543.4032167246871,,
1543.4046056258112,1543.4046056258112,,
1543.4059945269353,1543.4059945269353,,
1543.4073834282922,1543.4073834282922,,
1543.4087723294163,1543.4087723294163,,
1543.4101612305403,1543.4101612305403,,
1543.4115501316637,1543.4115501316637,,
1543.4129390330206,1543.4129390330206,,
1543.4143279341454,1543.4143279341454,,
1543.415716835502,1543.415716835502,,
1543.4171057366254,1543.4171057366254,,
1543.4184946379823,1543.4184946379823,,
1543.4198835391064,1543.4198835391064,,
1543.4212724404633,1543.4212724404633,,
1543.4226613415874,1543.4226613415874,,
1543.4240502429443,1543.4240502429443,,
1543.4254391443012,1543.4254391443012,,
1543.4268280454246,1543.4268280454246,,
1543.4282169467822,1543.4282169467822,,
1543.4296058481398,1543.4296058481398,,
1543.4309947494958,1543.4309947494958,,
1543.432383650852,1543.432383650852,,
1543.433772552209,1543.433772552209,,
1543.4351614535658,1543.4351614535658,,
1543.4365503549227,1543.4365503549227,,
1543.4379392562796,1543.4379392562796,,
1543.4393281576365,1543.4393281576365,,
1543.4407170592262,1543.4407170592262,,
1543.4421059605825,1543.4421059605825,,
1543.44349486194,1543.44349486194,,
1543.4448837632974,1543.4448837632974,,
1543.4462726648865,1543.4462726648865,,
1543.4476615662427,1543.4476615662427,,
1543.4490504678324,1543.4490504678324,,
1543.45043936919,1543.45043936919,,
1543.4518282707797,1543.4518282707797,,
1543.453217172136,1543.453217172136,,
1543.4546060737257,1543.4546060737257,,
1543.4559949750826,1543.4559949750826,,
1543.4573838766717,1543.4573838766717,,
1543.458772778262,1543.458772778262,,
1543.4601616796197,1543.4601616796197,,
1543.4615505812085,1543.4615505812085,,
1543.4629394827975,1543.4629394827975,,
1543.4643283843873,1543.4643283843873,,
1543.4657172859777,1543.4657172859777,,
1543.4671061875674,1543.4671061875674,,
1543.4684950891565,1543.4684950891565,,
1543.4698839907462,1543.4698839907462,,
1543.471272892336,1543.471272892336,,
1543.4726617939257,1543.4726617939257,,
1543.474050695516,1543.474050695516,,
1543.4754395971056,1543.4754395971056,,
1543.4768284989275,1543.4768284989275,,
1543.4782174005165,1543.4782174005165,,
1543.4796063021063,1543.4796063021063,,
1543.4809952036967,1543.4809952036967,,
1543.4823841055193,1543.4823841055193,,
1543.4837730071083,1543.4837730071083,,
1543.4851619089309,1543.4851619089309,,
1543.4865508105206,1543.4865508105206,,
1543.4879397123432,1543.4879397123432,,
1543.4893286139336,1543.4893286139336,,
1543.4907175157562,1543.4907175157562,,
1543.492106417345,1543.492106417345,,
1543.4934953191669,1543.4934953191669,,
1543.4948842209901,1543.4948842209901,,
1543.4962731225805,1543.4962731225805,,
1543.4976620244024,1543.4976620244024,,
1543.499050926225,1543.499050926225,,
1543.5004398280475,1543.5004398280475,,
1543.5018287298694,1543.5018287298694,,
1543.503217631692,1543.503217631692,,
1543.5046065332824,1543.5046065332824,,
1543.5059954351048,1543.5059954351048,,
1543.5073843369266,1543.5073843369266,,
1543.5087732387485,1543.5087732387485,,
1543.5101621408046,1543.5101621408046,,
1543.5115510426278,1543.5115510426278,,
1543.5129399444497,1543.5129399444497,,
1543.5143288462723,1543.5143288462723,,
1543.5157177480949,1543.5157177480949,,
1543.5171066499174,1543.5171066499174,,
1543.5184955519728,1543.5184955519728,,
1543.5198844537952,1543.5198844537952,,
1543.5212733556177,1543.5212733556177,,
1543.5226622576724,1543.5226622576724,,
1543.5240511594943,1543.5240511594943,,
1543.5254400615504,1543.5254400615504,,
1543.5268289633736,1543.5268289633736,,
1543.5282178654284,1543.5282178654284,,
1543.529606767251,1543.529606767251,,
1543.5309956693063,1543.5309956693063,,
1543.532384571129,1543.532384571129,,
1543.533773473184,1543.533773473184,,
1543.5351623752395,1543.5351623752395,,
1543.536551277062,1543.536551277062,,
1543.5379401791167,1543.5379401791167,,
1543.5393290811714,1543.5393290811714,,
1543.5407179832275,1543.5407179832275,,
1543.5421068852836,1543.5421068852836,,
1543.5434957871055,1543.5434957871055,,
1543.5448846891609,1543.5448846891609,,
1543.5462735912163,1543.5462735912163,,
1543.5476624932717,1543.5476624932717,,
1543.549051395327,1543.549051395327,,
1543.5504402973822,1543.5504402973822,,
1543.5518291994376,1543.5518291994376,,
1543.5532181014923,1543.5532181014923,,
1543.5546070037806,1543.5546070037806,,
1543.5559959058367,1543.5559959058367,,
1543.557384807892,1543.557384807892,,
1543.5587737099468,1543.5587737099468,,
1543.5601626120022,1543.5601626120022,,
1543.5615515142904,1543.5615515142904,,
1543.564329318401,1543.564329318401,,
1543.5671071227446,1543.5671071227446,,
1543.5684960247993,1543.5684960247993,,
1543.5698849270875,1543.5698849270875,,
1543.5712738291436,1543.5712738291436,,
1543.5726627314318,1543.5726627314318,,
1543.5740516334865,1543.5740516334865,,
1543.5754405357748,1543.5754405357748,,
1543.5768294380637,1543.5768294380637,,
1543.578218340119,1543.578218340119,,
1543.5796072424066,1543.5796072424066,,
1543.5809961446946,1543.5809961446946,,
1543.58238504675,1543.58238504675,,
1543.5837739490375,1543.5837739490375,,
1543.5851628513258,1543.5851628513258,,
1543.5865517536147,1543.5865517536147,,
1543.58794065567,1543.58794065567,,
1543.5893295579576,1543.5893295579576,,
1543.5907184602459,1543.5907184602459,,
1543.5921073625348,1543.5921073625348,,
1543.5948851671103,1543.5948851671103,,
1543.5962740693985,1543.5962740693985,,
1543.5976629716868,1543.5976629716868,,
1543.599051873975,1543.599051873975,,
1543.6004407762632,1543.6004407762632,,
1543.6018296785514,1543.6018296785514,,
1543.6032185808397,1543.6032185808397,,
1543.60460748336,1543.60460748336,,
1543.6059963856483,1543.6059963856483,,
1543.6073852879372,1543.6073852879372,,
1543.6087741902254,1543.6087741902254,,
1543.6101630925127,1543.6101630925127,,
1543.6115519950338,1543.6115519950338,,
1543.612940897322,1543.612940897322,,
1543.6143297996102,1543.6143297996102,,
1543.615718702132,1543.615718702132,,
1543.6171076044202,1543.6171076044202,,
1543.6184965069406,1543.6184965069406,,
1543.6198854092281,1543.6198854092281,,
1543.6212743117499,1543.6212743117499,,
1543.6226632140388,1543.6226632140388,,
1543.624052116559,1543.624052116559,,
1543.6268299213675,1543.6268299213675,,
1543.6282188236557,1543.6282188236557,,
1543.6296077261768,1543.6296077261768,,
1543.6309966286985,1543.6309966286985,,
1543.6323855309868,1543.6323855309868,,
1543.6337744335071,1543.6337744335071,,
1543.6351633360275,1543.6351633360275,,
1543.6365522383164,1543.6365522383164,,
1543.6379411408382,1543.6379411408382,,
1543.6393300433585,1543.6393300433585,,
1543.6407189458787,1543.6407189458787,,
1543.6421078483997,1543.6421078483997,,
1543.6434967509215,1543.6434967509215,,
1543.6448856532097,1543.6448856532097,,
1543.6462745557308,1543.6462745557308,,
1543.6476634582518,1543.6476634582518,,
1543.6490523607722,1543.6490523607722,,
1543.6504412632926,1543.6504412632926,,
1543.6518301658143,1543.6518301658143,,
1543.653219068336,1543.653219068336,,
1543.6546079708562,1543.6546079708562,,
1543.6559968736094,1543.6559968736094,,
1543.6573857761305,1543.6573857761305,,
1543.6587746786522,1543.6587746786522,,
1543.6601635811733,1543.6601635811733,,
1543.6615524836943,1543.6615524836943,,
1543.6629413862154,1543.6629413862154,,
1543.6643302889686,1543.6643302889686,,
1543.665719191489,1543.665719191489,,
1543.6671080940107,1543.6671080940107,,
1543.6684969965324,1543.6684969965324,,
1543.6698858992854,1543.6698858992854,,
1543.6712748018058,1543.6712748018058,,
1543.6726637043269,1543.6726637043269,,
1543.6740526070814,1543.6740526070814,,
1543.6754415096025,1543.6754415096025,,
1543.6768304123564,1543.6768304123564,,
1543.6782193148774,1543.6782193148774,,
1543.6796082176306,1543.6796082176306,,
1543.6809971201517,1543.6809971201517,,
1543.6823860229063,1543.6823860229063,,
1543.683774925427,1543.683774925427,,
1543.6851638281803,1543.6851638281803,,
1543.6879416334546,1543.6879416334546,,
1543.6893305362091,1543.6893305362091,,
1543.6907194387302,1543.6907194387302,,
1543.692108341484,1543.692108341484,,
1543.693497244238,1543.693497244238,,
1543.6948861467583,1543.6948861467583,,
1543.6962750495122,1543.6962750495122,,
1543.6976639522668,1543.6976639522668,,
1543.6990528550207,1543.6990528550207,,
1543.7004417575408,1543.7004417575408,,
1543.701830660294,1543.701830660294,,
1543.7032195630486,1543.7032195630486,,
1543.7046084658032,1543.7046084658032,,
1543.7059973685564,1543.7059973685564,,
1543.7073862713103,1543.7073862713103,,
1543.7087751740642,1543.7087751740642,,
1543.7101640768174,1543.7101640768174,,
1543.7115529795713,1543.7115529795713,,
1543.7129418823258,1543.7129418823258,,
1543.7143307850795,1543.7143307850795,,
1543.7157196878327,1543.7157196878327,,
1543.717108590586,1543.717108590586,,
1543.7184974933405,1543.7184974933405,,
1543.719886396095,1543.719886396095,,
1543.7226642016021,1543.7226642016021,,
1543.724053104356,1543.724053104356,,
1543.72544200711,1543.72544200711,,
1543.7268309100966,1543.7268309100966,,
1543.7282198128503,1543.7282198128503,,
1543.7296087156042,1543.7296087156042,,
1543.7309976183574,1543.7309976183574,,
1543.7323865211113,1543.7323865211113,,
1543.7337754240987,1543.7337754240987,,
1543.7351643268526,1543.7351643268526,,
1543.7365532296058,1543.7365532296058,,
1543.7379421325925,1543.7379421325925,,
1543.7393310353464,1543.7393310353464,,
1543.7407199381003,1543.7407199381003,,
1543.742108841087,1543.742108841087,,
1543.7434977438409,1543.7434977438409,,
1543.7448866468274,1543.7448866468274,,
1543.7462755495806,1543.7462755495806,,
1543.7476644525673,1543.7476644525673,,
1543.7490533553218,1543.7490533553218,,
1543.7504422583086,1543.7504422583086,,
1543.7518311610618,1543.7518311610618,,
1543.7546089668024,1543.7546089668024,,
1543.755997869789,1543.755997869789,,
1543.757386772543,1543.757386772543,,
1543.7587756755295,1543.7587756755295,,
1543.7601645785162,1543.7601645785162,,
1543.7615534812694,1543.7615534812694,,
1543.7629423842568,1543.7629423842568,,
1543.7643312872442,1543.7643312872442,,
1543.7657201899974,1543.7657201899974,,
1543.7671090929834,1543.7671090929834,,
1543.7684979959702,1543.7684979959702,,
1543.7698868989569,1543.7698868989569,,
1543.7712758017108,1543.7712758017108,,
1543.774053607684,1543.774053607684,,
1543.7754425106707,1543.7754425106707,,
1543.7768314136567,1543.7768314136567,,
1543.7782203164113,1543.7782203164113,,
1543.7796092193987,1543.7796092193987,,
1543.7809981223847,1543.7809981223847,,
1543.7823870253708,1543.7823870253708,,
1543.7837759283575,1543.7837759283575,,
1543.785164831345,1543.785164831345,,
1543.7865537343316,1543.7865537343316,,
1543.7879426373177,1543.7879426373177,,
1543.7893315403041,1543.7893315403041,,
1543.7934982492643,1543.7934982492643,,
1543.7948871522517,1543.7948871522517,,
1543.7962760552377,1543.7962760552377,,
1543.7976649582238,1543.7976649582238,,
1543.7990538612105,1543.7990538612105,,
1543.800442764198,1543.800442764198,,
1543.8018316671846,1543.8018316671846,,
1543.8032205704033,1543.8032205704033,,
1543.80460947339,1543.80460947339,,
1543.8059983763767,1543.8059983763767,,
1543.8087761823501,1543.8087761823501,,
1543.8101650853375,1543.8101650853375,,
1543.8115539885564,1543.8115539885564,,
1543.8129428915424,1543.8129428915424,,
1543.8143317945292,1543.8143317945292,,
1543.8157206977494,1543.8157206977494,,
1543.817109600736,1543.817109600736,,
1543.8184985037221,1543.8184985037221,,
1543.8198874067086,1543.8198874067086,,
1543.8212763099282,1543.8212763099282,,
1543.822665212915,1543.822665212915,,
1543.8240541161351,1543.8240541161351,,
1543.8254430191218,1543.8254430191218,,
1543.8268319221079,1543.8268319221079,,
1543.8282208253268,1543.8282208253268,,
1543.8296097283135,1543.8296097283135,,
1543.8309986315337,1543.8309986315337,,
1543.8323875345202,1543.8323875345202,,
1543.8337764377397,1543.8337764377397,,
1543.8351653407265,1543.8351653407265,,
1543.8365542439453,1543.8365542439453,,
1543.837943146932,1543.837943146932,,
1543.8393320501523,1543.8393320501523,,
1543.840720953139,1543.840720953139,,
1543.8421098563579,1543.8421098563579,,
1543.8462765655509,1543.8462765655509,,
1543.8476654687704,1543.8476654687704,,
1543.8490543719897,1543.8490543719897,,
1543.8504432749764,1543.8504432749764,,
1543.8518321781953,1543.8518321781953,,
1543.8532210814149,1543.8532210814149,,
1543.8546099844023,1543.8546099844023,,
1543.8559988876218,1543.8559988876218,,
1543.8573877908407,1543.8573877908407,,
1543.8587766938267,1543.8587766938267,,
1543.860165597047,1543.860165597047,,
1543.8615545002672,1543.8615545002672,,
1543.8629434034858,1543.8629434034858,,
1543.8643323067054,1543.8643323067054,,
1543.865721209692,1543.865721209692,,
1543.8684990161305,1543.8684990161305,,
1543.8698879193507,1543.8698879193507,,
1543.8712768225703,1543.8712768225703,,
1543.8740546287752,1543.8740546287752,,
1543.8754435319954,1543.8754435319954,,
1543.8768324352156,1543.8768324352156,,
1543.8782213384345,1543.8782213384345,,
1543.8796102416538,1543.8796102416538,,
1543.8809991448734,1543.8809991448734,,
1543.882388048093,1543.882388048093,,
1543.8837769513125,1543.8837769513125,,
1543.885165854532,1543.885165854532,,
1543.8865547577516,1543.8865547577516,,
1543.8879436609704,1543.8879436609704,,
1543.8893325641893,1543.8893325641893,,
1543.8907214674095,1543.8907214674095,,
1543.8921103706296,1543.8921103706296,,
1543.8934992738484,1543.8934992738484,,
1543.894888177068,1543.894888177068,,
1543.8962770802875,1543.8962770802875,,
1543.897665983507,1543.897665983507,,
1543.8990548867266,1543.8990548867266,,
1543.9004437899462,1543.9004437899462,,
1543.9018326931657,1543.9018326931657,,
1543.9032215963846,1543.9032215963846,,
1543.9046104996035,1543.9046104996035,,
1543.9059994030565,1543.9059994030565,,
1543.9073883062767,1543.9073883062767,,
1543.9087772094954,1543.9087772094954,,
1543.910166112715,1543.910166112715,,
1543.9115550159345,1543.9115550159345,,
1543.9129439193869,1543.9129439193869,,
1543.9143328226064,1543.9143328226064,,
1543.915721725826,1543.915721725826,,
1543.9171106290455,1543.9171106290455,,
1543.9184995322644,1543.9184995322644,,
1543.9198884357168,1543.9198884357168,,
1543.921277338937,1543.921277338937,,
1543.9226662421563,1543.9226662421563,,
1543.924055145608,1543.924055145608,,
1543.9254440488276,1543.9254440488276,,
1543.926832952047,1543.926832952047,,
1543.9282218552667,1543.9282218552667,,
1543.929610758719,1543.929610758719,,
1543.9309996619386,1543.9309996619386,,
1543.9323885651581,1543.9323885651581,,
1543.9365552752824,1543.9365552752824,,
1543.937944178502,1543.937944178502,,
1543.940721985173,1543.940721985173,,
1543.9421108883926,1543.9421108883926,,
1543.943499791845,1543.943499791845,,
1543.9448886950645,1543.9448886950645,,
1543.9462775985169,1543.9462775985169,,
1543.9476665017364,1543.9476665017364,,
1543.9490554051881,1543.9490554051881,,
1543.9518332118612,1543.9518332118612,,
1543.95322211508,1543.95322211508,,
1543.9546110185318,1543.9546110185318,,
1543.9559999217513,1543.9559999217513,,
1543.958777728424,1543.958777728424,,
1543.9601666318756,1543.9601666318756,,
1543.9615555350952,1543.9615555350952,,
1543.9629444385475,1543.9629444385475,,
1543.9643333419992,1543.9643333419992,,
1543.9657222452195,1543.9657222452195,,
1543.9671111486725,1543.9671111486725,,
1543.9685000518912,1543.9685000518912,,
1543.9698889553429,1543.9698889553429,,
1543.9712778587952,1543.9712778587952,,
1543.9726667620155,1543.9726667620155,,
1543.9740556654679,1543.9740556654679,,
1543.9754445689196,1543.9754445689196,,
1543.976833472139,1543.976833472139,,
1543.9782223755915,1543.9782223755915,,
1543.9796112790432,1543.9796112790432,,
1543.9810001822634,1543.9810001822634,,
1543.9823890857162,1543.9823890857162,,
1543.983777989168,1543.983777989168,,
1543.9851668923868,1543.9851668923868,,
1543.9865557958392,1543.9865557958392,,
1543.9879446992923,1543.9879446992923,,
1543.9893336027446,1543.9893336027446,,
1543.9907225059635,1543.9907225059635,,
1543.9921114094159,1543.9921114094159,,
1543.9935003128683,1543.9935003128683,,
1543.9948892163206,1543.9948892163206,,
1543.9962781197737,1543.9962781197737,,
1543.9976670229933,1543.9976670229933,,
1543.9990559264447,1543.9990559264447,,
1544.0004448298964,1544.0004448298964,,
1544.0018337333488,1544.0018337333488,,
1544.0032226368019,1544.0032226368019,,
1544.0046115402542,1544.0046115402542,,
1544.006000443473,1544.006000443473,,
1544.0073893469255,1544.0073893469255,,
1544.0087782503779,1544.0087782503779,,
1544.0101671538303,1544.0101671538303,,
1544.0115560572833,1544.0115560572833,,
1544.0129449607355,1544.0129449607355,,
1544.0143338641872,1544.0143338641872,,
1544.0157227676389,1544.0157227676389,,
1544.0171116710912,1544.0171116710912,,
1544.0185005745443,1544.0185005745443,,
1544.0198894777639,1544.0198894777639,,
1544.0212783812156,1544.0212783812156,,
1544.022667284668,1544.022667284668,,
1544.0240561881203,1544.0240561881203,,
1544.0254450915727,1544.0254450915727,,
1544.0268339950255,1544.0268339950255,,
1544.028222898478,1544.028222898478,,
1544.0296118019296,1544.0296118019296,,
1544.0310007053813,1544.0310007053813,,
1544.0323896088337,1544.0323896088337,,
1544.0337785122867,1544.0337785122867,,
1544.0351674157391,1544.0351674157391,,
1544.0365563191908,1544.0365563191908,,
1544.0379452226432,1544.0379452226432,,
1544.0393341260956,1544.0393341260956,,
1544.0407230297808,1544.0407230297808,,
1544.0421119332339,1544.0421119332339,,
1544.043500836686,1544.043500836686,,
1544.0448897401377,1544.0448897401377,,
1544.0462786435894,1544.0462786435894,,
1544.0476675470425,1544.0476675470425,,
1544.0490564504955,1544.0490564504955,,
1544.0504453539472,1544.0504453539472,,
1544.051834257399,1544.051834257399,,
1544.0532231608513,1544.0532231608513,,
1544.0546120643037,1544.0546120643037,,
1544.0560009679887,1544.0560009679887,,
1544.0573898714417,1544.0573898714417,,
1544.058778774894,1544.058778774894,,
1544.0601676783458,1544.0601676783458,,
1544.0615565817975,1544.0615565817975,,
1544.0629454852506,1544.0629454852506,,
1544.0643343889365,1544.0643343889365,,
1544.0657232923882,1544.0657232923882,,
1544.0671121958405,1544.0671121958405,,
1544.068501099293,1544.068501099293,,
1544.0698900027446,1544.0698900027446,,
1544.0712789064298,1544.0712789064298,,
1544.0726678098827,1544.0726678098827,,
1544.074056713335,1544.074056713335,,
1544.0754456167867,1544.0754456167867,,
1544.0768345202384,1544.0768345202384,,
1544.0782234239243,1544.0782234239243,,
1544.0796123273774,1544.0796123273774,,
1544.081001230829,1544.081001230829,,
1544.0823901342815,1544.0823901342815,,
1544.0837790379667,1544.0837790379667,,
1544.085167941419,1544.085167941419,,
1544.0865568448714,1544.0865568448714,,
1544.0879457485564,1544.0879457485564,,
1544.0893346520088,1544.0893346520088,,
1544.0907235554605,1544.0907235554605,,
1544.092112459145,1544.092112459145,,
1544.093501362598,1544.093501362598,,
1544.0948902660512,1544.0948902660512,,
1544.0962791695028,1544.0962791695028,1.0076348,0.00259829
1544.097668073188,1544.097668073188,1.0027357,0.0025895322
1544.0990569766404,1544.0990569766404,1.0075377,0.0025891063
1544.1004458800928,1544.1004458800928,1.0083923,0.002589725
1544.1018347837778,1544.1018347837778,1.0035763,0.0025868113
1544.1032236872302,1544.1032236872302,1.0062122,0.0025860753
1544.1046125909154,1544.1046125909154,1.0048048,0.0025853843
1544.106001494367,1544.106001494367,1.0035899,0.0025817517
1544.1073903978188,1544.1073903978188,1.0054578,0.0025860097
1544.1087793015047,1544.1087793015047,1.0036606,0.002581163
1544.1101682049577,1544.1101682049577,1.0056103,0.0025831587
1544.1115571084094,1544.1115571084094,1.0076778,0.0025794178
1544.1129460120947,1544.1129460120947,1.0050948,0.0025799603
1544.114334915547,1544.114334915547,1.0039163,0.002576497
1544.115723819232,1544.115723819232,1.0079068,0.0025798895
1544.1171127226844,1544.1171127226844,1.0051277,0.0025724801
1544.1185016261368,1544.1185016261368,1.0033418,0.0025749907
1544.119890529822,1544.119890529822,1.0043988,0.00257404
1544.1212794332737,1544.1212794332737,1.0017701,0.00256871
1544.1226683369582,1544.1226683369582,1.0049182,0.002571111
1544.1240572404113,1544.1240572404113,1.0046432,0.0025693413
1544.1254461440972,1544.1254461440972,1.0094798,0.002570787
1544.1268350475489,1544.1268350475489,1.0049839,0.0025774718
1544.128223951234,1544.128223951234,1.0062959,0.0025696084
1544.1296128546865,1544.1296128546865,1.0049033,0.0025651667
1544.1310017583717,1544.1310017583717,1.004862,0.002564224
1544.1323906618238,1544.1323906618238,1.0082829,0.0025681953
1544.1337795652762,1544.1337795652762,1.0037465,0.0025664845
1544.1351684689614,1544.1351684689614,1.002467,0.0025678596
1544.136557372413,1544.136557372413,1.0016203,0.0025679197
1544.1379462760983,1544.1379462760983,1.007519,0.0025640614
1544.1393351795514,1544.1393351795514,1.0041435,0.0025610095
1544.1407240832366,1544.1407240832366,1.0073681,0.0025682203
1544.1421129866883,1544.1421129866883,1.0076514,0.0025573347
1544.1435018903735,1544.1435018903735,1.0055588,0.0025570085
1544.1448907938259,1544.1448907938259,1.0064408,0.0025601983
1544.1462796975109,1544.1462796975109,1.0051755,0.002556379
1544.147668601196,1544.147668601196,1.0056219,0.0025533794
1544.1490575046485,1544.1490575046485,1.0028872,0.0025560702
1544.1504464083337,1544.1504464083337,1.004528,0.0025549016
1544.1532242154706,1544.1532242154706,1.0049425,0.0025623036
1544.1546131189236,1544.1546131189236,1.0031253,0.0025493135
1544.1560020226088,1544.1560020226088,1.0045393,0.0025520127
1544.1573909260605,1544.1573909260605,1.0094956,0.0025507207
1544.1587798297458,1544.1587798297458,1.006487,0.0025504653
1544.1601687334307,1544.1601687334307,1.0065756,0.002553806
1544.1615576368831,1544.1615576368831,1.0065936,0.0025525708
1544.1629465405683,1544.1629465405683,1.0054483,0.0025515684
1544.1643354440207,1544.1643354440207,1.0072215,0.0025467488
1544.165724347706,1544.165724347706,1.0013299,0.002546517
1544.1671132511576,1544.1671132511576,1.0050181,0.002556828
1544.1685021548435,1544.1685021548435,1.0082351,0.002545724
1544.1698910585294,1544.1698910585294,1.0032117,0.0025475933
1544.171279961981,1544.171279961981,0.9999299,0.0025402496
1544.1726688656656,1544.1726688656656,1.0068691,0.002542552
1544.1740577693508,1544.1740577693508,1.0059435,0.002542423
1544.1754466728032,1544.1754466728032,1.0094123,0.0025436399
1544.1768355764882,1544.1768355764882,1.0064685,0.0025418731
1544.1782244799406,1544.1782244799406,1.0077775,0.0025415926
1544.1796133836258,1544.1796133836258,1.00859,0.0025415765
1544.181002287311,1544.181002287311,1.006162,0.002539839
1544.1823911907627,1544.1823911907627,1.0030131,0.0025384298
1544.1837800944486,1544.1837800944486,1.005203,0.0025368095
1544.1851689981345,1544.1851689981345,1.002173,0.002538578
1544.1865579015862,1544.1865579015862,1.0069659,0.002541288
1544.1879468052707,1544.1879468052707,1.0044647,0.0025368817
1544.189335708956,1544.189335708956,1.0052385,0.0025360836
1544.190724612409,1544.190724612409,1.0024016,0.0025362168
1544.192113516094,1544.192113516094,1.0054173,0.0025370338
1544.1935024197785,1544.1935024197785,1.0037172,0.0025386247
1544.1948913232309,1544.1948913232309,0.9989187,0.0025324686
1544.196280226916,1544.196280226916,1.0032508,0.0025333615
1544.1976691306006,1544.1976691306006,1.0005045,0.0025337338
1544.1990580340537,1544.1990580340537,1.0065141,0.002533151
1544.2004469377396,1544.2004469377396,1.0024345,0.0025349737
1544.201835841424,1544.201835841424,1.0070021,0.0025318032
1544.2032247451086,1544.2032247451086,1.0031508,0.0025295785
1544.204613648561,1544.204613648561,1.0044662,0.0025366587
1544.2060025522467,1544.2060025522467,1.0039,0.0025383872
1544.2073914559319,1544.2073914559319,1.0020887,0.0025299622
1544.2087803593836,1544.2087803593836,1.0034362,0.0025310419
1544.2101692630688,1544.2101692630688,0.99972016,0.0025287184
1544.211558166754,1544.211558166754,1.0035022,0.0025283215
1544.2129470704385,1544.2129470704385,1.0018793,0.0025328982
1544.2143359738916,1544.2143359738916,1.0046443,0.0025290563
1544.2157248775775,1544.2157248775775,1.003217,0.002530656
1544.217113781262,1544.217113781262,1.0012815,0.0025270942
1544.2185026849465,1544.2185026849465,1.0015945,0.0025253138
1544.219891588399,1544.219891588399,1.0018067,0.0025261496
1544.2212804920846,1544.2212804920846,1.0032808,0.0025272523
1544.2226693957698,1544.2226693957698,1.0035135,0.0025325816
1544.2240582994543,1544.2240582994543,1.0021627,0.0025289054
1544.2254472029067,1544.2254472029067,1.0021962,0.002525502
1544.226836106592,1544.226836106592,1.0005364,0.0025266279
1544.2282250102764,1544.2282250102764,0.9975968,0.0025245391
1544.2296139139623,1544.2296139139623,0.99990857,0.0025243952
1544.2310028174154,1544.2310028174154,1.0034654,0.002526272
1544.2323917211,1544.2323917211,1.0002481,0.0025317366
1544.2337806247845,1544.2337806247845,0.9980818,0.00252187
1544.2351695284694,1544.2351695284694,0.99911845,0.0025228004
1544.2365584321553,1544.2365584321553,0.99811614,0.0025230106
1544.2379473356077,1544.2379473356077,1.0055453,0.0025235221
1544.2393362392922,1544.2393362392922,0.9967777,0.0025205386
1544.2407251429775,1544.2407251429775,0.9971265,0.0025198946
1544.2421140466627,1544.2421140466627,0.99709153,0.002522035
1544.2435029503472,1544.2435029503472,0.9993968,0.002524104
1544.2448918538003,1544.2448918538003,0.99775034,0.0025196134
1544.2462807574861,1544.2462807574861,1.000141,0.002521478
1544.2476696611707,1544.2476696611707,0.9956955,0.0025228132
1544.249058564855,1544.249058564855,0.9943278,0.0025198332
1544.2504474685402,1544.2504474685402,0.99781847,0.0025205824
1544.251836372226,1544.251836372226,0.9951622,0.0025168944
1544.2532252756785,1544.2532252756785,0.9965629,0.0025229244
1544.254614179363,1544.254614179363,0.9982396,0.00252063
1544.2560030830482,1544.2560030830482,0.99619037,0.0025208117
1544.2573919867334,1544.2573919867334,0.99715763,0.002518332
1544.2587808904186,1544.2587808904186,0.99977785,0.0025169626
1544.2601697941045,1544.2601697941045,0.9950337,0.002515871
1544.261558697557,1544.261558697557,0.9985675,0.0025190415
1544.2629476012414,1544.2629476012414,0.9930726,0.0025150743
1544.264336504926,1544.264336504926,0.9959224,0.0025168678
1544.265725408611,1544.265725408611,0.9984725,0.0025155174
1544.2671143122968,1544.2671143122968,0.99865985,0.002514991
1544.268503215982,1544.268503215982,1.0008384,0.0025191829
1544.2698921196666,1544.2698921196666,0.9993777,0.0025160117
1544.271281023119,1544.271281023119,1.0017375,0.0025141677
1544.2726699268042,1544.2726699268042,0.9987462,0.0025149803
1544.2740588304894,1544.2740588304894,0.9995745,0.0025165929
1544.2754477341753,1544.2754477341753,0.9981567,0.0025179763
1544.2768366378605,1544.2768366378605,0.99374056,0.002511372
1544.278225541545,1544.278225541545,0.99705523,0.0025164986
1544.2796144452293,1544.2796144452293,0.99515104,0.0025105588
1544.2810033489145,1544.2810033489145,0.9910528,0.0025131535
1544.2823922523676,1544.2823922523676,0.9956738,0.0025110508
1544.2837811560528,1544.2837811560528,0.99452007,0.002509578
1544.285170059738,1544.285170059738,0.9963266,0.0025154145
1544.2865589634232,1544.2865589634232,0.9975289,0.0025119095
1544.2879478671077,1544.2879478671077,0.9961558,0.002509787
1544.289336770793,1544.289336770793,0.9956541,0.0025096145
1544.2907256744788,1544.2907256744788,0.9937831,0.002508557
1544.292114578164,1544.292114578164,1.000043,0.0025118734
1544.2935034818486,1544.2935034818486,1.3645729,0.0026912235
1544.294892385533,1544.294892385533,1.2774953,0.0026414692
1544.2962812889853,1544.2962812889853,1.2305424,0.002620936
1544.2976701926711,1544.2976701926711,1.3107865,0.0026628633
1544.2990590963564,1544.2990590963564,1.3542557,0.0026768805
1544.3004480000416,1544.3004480000416,1.3542655,0.0026826183
1544.3018369037268,1544.3018369037268,1.3101444,0.0026554577
1544.3032258074113,1544.3032258074113,1.2765074,0.0026498474
1544.3046147110965,1544.3046147110965,1.2495751,0.0026267297
1544.3060036147824,1544.3060036147824,1.228039,0.0026158285
1544.3073925184676,1544.3073925184676,1.1894408,0.0025977497
1544.308781422152,1544.308781422152,1.1670165,0.0025888917
1544.3101703258365,1544.3101703258365,1.1397903,0.0025730354
1544.3115592295217,1544.3115592295217,1.1335622,0.0025699732
1544.3129481332076,1544.3129481332076,1.1345745,0.0025700983
1544.3143370368928,1544.3143370368928,1.1322627,0.002585838
1544.3157259403451,1544.3157259403451,1.1280018,0.0025658088
1544.3171148440304,1544.3171148440304,1.1154075,0.0025597578
1544.3185037477149,1544.3185037477149,1.100685,0.002553839
1544.3198926514,1544.3198926514,1.0953374,0.002558261
1544.321281555086,1544.321281555086,1.0765069,0.0025427432
1544.3226704587712,1544.3226704587712,1.071372,0.0025406887
1544.3240593624557,1544.3240593624557,1.0624645,0.002531006
1544.32544826614,1544.32544826614,1.0526189,0.0025293124
1544.3268371698252,1544.3268371698252,1.0514112,0.0025263708
1544.3282260735111,1544.3282260735111,1.0432209,0.0025198022
1544.3296149771963,1544.3296149771963,1.0313686,0.0025175044
1544.3310038808816,1544.3310038808816,1.0304545,0.002515832
1544.3323927845668,1544.3323927845668,1.0257614,0.002510476
1544.3337816882513,1544.3337816882513,1.0212765,0.002509914
1544.3351705919365,1544.3351705919365,1.0189725,0.0025099611
1544.3365594956224,1544.3365594956224,1.0145122,0.0025085967
1544.3379483993076,1544.3379483993076,1.0114716,0.0025029497
1544.339337302992,1544.339337302992,1.008375,0.0025020486
1544.3407262066764,1544.3407262066764,1.0122609,0.0025012624
1544.3421151103623,1544.3421151103623,1.00813,0.0024971296
1544.3435040140482,1544.3435040140482,1.0057063,0.0024961957
1544.3448929177327,1544.3448929177327,0.9988315,0.002494338
1544.346281821418,1544.346281821418,1.0028344,0.0024958053
1544.3476707251032,1544.3476707251032,0.99924755,0.0024948784
1544.3490596287877,1544.3490596287877,0.9985907,0.00249238
1544.350448532473,1544.350448532473,0.9955332,0.002491301
1544.3518374361588,1544.3518374361588,0.99148124,0.0024896038
1544.353226339844,1544.353226339844,0.9949839,0.0024883426
1544.3546152435285,1544.3546152435285,0.9940105,0.0024982828
1544.3560041472128,1544.3560041472128,0.9942405,0.0024880592
1544.3573930508987,1544.3573930508987,0.99259806,0.002492987
1544.3587819545846,1544.3587819545846,0.99347013,0.0024874443
1544.3601708582692,1544.3601708582692,0.9944173,0.002485541
1544.3615597619544,1544.3615597619544,0.9923878,0.0024849568
1544.3629486656396,1544.3629486656396,0.99452794,0.0024872832
1544.364337569324,1544.364337569324,0.99332625,0.002492803
1544.3657264730093,1544.3657264730093,0.9911211,0.0024885554
1544.3671153766952,1544.3671153766952,0.9899208,0.0024819917
1544.3685042803804,1544.3685042803804,0.990795,0.0024931498
1544.3698931840647,1544.3698931840647,0.99182403,0.0024950218
1544.3712820877493,1544.3712820877493,0.9914462,0.0024819048
1544.3726709914351,1544.3726709914351,0.9870773,0.0024785702
1544.374059895121,1544.374059895121,0.98888385,0.002478739
1544.3754487988056,1544.3754487988056,0.9926459,0.0024804112
1544.3768377024908,1544.3768377024908,0.9858499,0.0024746754
1544.378226606176,1544.378226606176,0.986962,0.00247771
1544.3796155098605,1544.3796155098605,0.9923726,0.0024785444
1544.3810044135457,1544.3810044135457,0.9899608,0.0024754615
1544.3823933172316,1544.3823933172316,0.9913251,0.0024770289
1544.3837822209168,1544.3837822209168,0.9883464,0.0024924397
1544.3851711246011,1544.3851711246011,0.98926824,0.0024760957
1544.3865600282857,1544.3865600282857,0.9889211,0.0024801013
1544.3879489319716,1544.3879489319716,0.98937076,0.0024775746
1544.3893378356574,1544.3893378356574,0.98493165,0.0024736277
1544.390726739342,1544.390726739342,0.9895135,0.0024777565
1544.3921156430272,1544.3921156430272,0.9889592,0.0024711797
1544.3935045467124,1544.3935045467124,0.9807012,0.0024747855
1544.394893450397,1544.394893450397,0.98747045,0.0024741567
1544.3962823540821,1544.3962823540821,0.9859401,0.002470715
1544.397671257768,1544.397671257768,0.9857861,0.0024698956
1544.399060161453,1544.399060161453,0.9877309,0.0024775707
1544.4004490651375,1544.4004490651375,0.9885961,0.0024743306
1544.4018379688227,1544.4018379688227,0.9886267,0.0024691145
1544.4032268725086,1544.4032268725086,0.98413515,0.002468135
1544.4046157761939,1544.4046157761939,0.9857749,0.0024690581
1544.4060046798784,1544.4060046798784,0.9851561,0.0024681375
1544.4073935835636,1544.4073935835636,0.9860969,0.0024674234
1544.4087824872488,1544.4087824872488,0.98682755,0.00246419
1544.4101713909333,1544.4101713909333,0.9866062,0.0024696947
1544.4115602946185,1544.4115602946185,0.9851033,0.002465099
1544.4129491983044,1544.4129491983044,0.98534524,0.0024624793
1544.4143381019896,1544.4143381019896,0.9863883,0.0024673939
1544.415727005674,1544.415727005674,0.9830559,0.0024636628
1544.417115909592,1544.417115909592,0.9825627,0.0024596343
1544.4185048132779,1544.4185048132779,0.9868657,0.0024612392
1544.419893716963,1544.419893716963,0.9869864,0.0024637396
1544.4212826206476,1544.4212826206476,0.98351,0.002459354
1544.4226715243328,1544.4226715243328,0.98716944,0.002467628
1544.424060428018,1544.424060428018,0.98422116,0.002458568
1544.4254493317026,1544.4254493317026,0.9838604,0.0024619696
1544.4268382353878,1544.4268382353878,0.98476017,0.0024631156
1544.4282271390737,1544.4282271390737,0.9843082,0.0024595957
1544.4296160427587,1544.4296160427587,0.9848674,0.0024603317
1544.4310049464432,1544.4310049464432,0.9844157,0.0024598949
1544.4323938501284,1544.4323938501284,0.9850969,0.0024620094
1544.4337827538143,1544.4337827538143,0.984444,0.0024582527
1544.4351716574995,1544.4351716574995,0.98696774,0.0024616425
1544.436560561184,1544.436560561184,0.98366535,0.002458499
1544.4379494648692,1544.4379494648692,0.9825674,0.0024576138
1544.4393383685544,1544.4393383685544,0.9828239,0.0024577614
1544.4407272722397,1544.4407272722397,0.9828666,0.0024576255
1544.4421161759249,1544.4421161759249,0.9843107,0.002458369
1544.4435050796098,1544.4435050796098,0.9836417,0.0024547295
1544.444893983295,1544.444893983295,0.9833007,0.0024573128
1544.4462828869796,1544.4462828869796,0.98650616,0.0024551637
1544.4476717908976,1544.4476717908976,0.9870707,0.0024545675
1544.4490606945835,1544.4490606945835,0.9789346,0.0024549665
1544.4504495982687,1544.4504495982687,0.9815289,0.0024521437
1544.4518385019533,1544.4518385019533,0.9786681,0.0024532883
1544.4532274056385,1544.4532274056385,0.97985613,0.0024499723
1544.4546163093237,1544.4546163093237,0.98249245,0.002450775
1544.456005213009,1544.456005213009,0.9810749,0.0024529702
1544.457394116694,1544.457394116694,0.98125905,0.002450935
1544.4587830203793,1544.4587830203793,0.9816538,0.0024495474
1544.4601719240643,1544.4601719240643,0.98442024,0.0024596856
1544.4615608277488,1544.4615608277488,0.9820534,0.0024534296
1544.462949731434,1544.462949731434,0.98030025,0.0024510678
1544.46433863512,1544.46433863512,0.98269856,0.0024460044
1544.4657275388051,1544.4657275388051,0.9848678,0.0024517428
1544.4671164424897,1544.4671164424897,0.9817278,0.002446441
1544.4685053461749,1544.4685053461749,0.97910976,0.0024551856
1544.46989424986,1544.46989424986,0.97750115,0.0024454086
1544.4712831535453,1544.4712831535453,0.9798605,0.0024482135
1544.4726720572305,1544.4726720572305,0.98602045,0.0024475588
1544.4740609611483,1544.4740609611483,0.9798346,0.0024456314
1544.4754498648335,1544.4754498648335,0.9818098,0.002451545
1544.476838768518,1544.476838768518,0.9793974,0.0024518901
1544.4782276722033,1544.4782276722033,0.98549294,0.0024590634
1544.4796165758892,1544.4796165758892,0.98239744,0.0024535414
1544.4810054795744,1544.4810054795744,0.982844,0.002462201
1544.482394383259,1544.482394383259,0.98134816,0.0024460189
1544.4837832869441,1544.4837832869441,0.9778832,0.0024446314
1544.4851721906293,1544.4851721906293,0.97690815,0.002445008
1544.4865610943145,1544.4865610943145,0.97866184,0.0024505034
1544.4879499979995,1544.4879499979995,0.9826625,0.0024477963
1544.4893389016847,1544.4893389016847,0.9789394,0.0024410987
1544.49072780537,1544.49072780537,0.98165864,0.0024451984
1544.4921167090545,1544.4921167090545,0.9808984,0.0024441143
1544.4935056127397,1544.4935056127397,0.9786165,0.0024433408
1544.4948945164256,1544.4948945164256,0.98373294,0.0024457222
1544.4962834201108,1544.4962834201108,0.9763609,0.002440183
1544.4976723237953,1544.4976723237953,0.9789937,0.0024440603
1544.4990612274805,1544.4990612274805,0.98371863,0.0024473327
1544.5004501313986,1544.5004501313986,0.9775435,0.0024405827
1544.5018390350838,1544.5018390350838,0.9791893,0.002443622
1544.503227938769,1544.503227938769,0.9786197,0.0024446126
1544.504616842454,1544.504616842454,0.98174834,0.0024422975
1544.5060057461392,1544.5060057461392,0.9817873,0.0024458845
1544.5073946498237,1544.5073946498237,0.9783146,0.0024451124
1544.508783553509,1544.508783553509,0.98004395,0.0024467104
1544.5101724571948,1544.5101724571948,0.98021334,0.002444048
1544.51156136088,1544.51156136088,0.9790047,0.0024445883
1544.5129502645646,1544.5129502645646,0.97754735,0.0024413907
1544.5143391682498,1544.5143391682498,0.97683865,0.0024443772
1544.515728071935,1544.515728071935,0.979897,0.0024412528
1544.5171169756202,1544.5171169756202,0.98072493,0.002440579
1544.518505879306,1544.518505879306,0.97953284,0.002446232
1544.519894782991,1544.519894782991,0.97771543,0.0024402167
1544.5212836866756,1544.5212836866756,0.9779719,0.0024459874
1544.5226725903601,1544.5226725903601,0.9809535,0.0024419955
1544.5240614940453,1544.5240614940453,0.9813784,0.0024426344
1544.5254503977312,1544.5254503977312,0.97811383,0.0024419243
1544.5268393014164,1544.5268393014164,0.98035485,0.0024381955
1544.5282282053338,1544.5282282053338,0.98108363,0.0024423914
1544.529617109019,1544.529617109019,0.98247945,0.0024396381
1544.5310060127042,1544.5310060127042,0.9806588,0.0024507616
1544.5323949163892,1544.5323949163892,0.97381496,0.0024355978
1544.533783820075,1544.533783820075,0.97779256,0.0024397897
1544.5351727237603,1544.5351727237603,0.9778069,0.0024381527
1544.5365616274448,1544.5365616274448,0.97937274,0.002439165
1544.5379505311294,1544.5379505311294,0.9750287,0.0024379967
1544.5393394348146,1544.5393394348146,0.9766648,0.0024423974
1544.5407283385005,1544.5407283385005,0.9795,0.002440271
1544.5421172421857,1544.5421172421857,0.9786458,0.0024392412
1544.5435061458702,1544.5435061458702,0.97957873,0.0024383059
1544.5448950495554,1544.5448950495554,0.97769976,0.0024373608
1544.5462839532406,1544.5462839532406,0.97541755,0.0024361815
1544.5476728569258,1544.5476728569258,0.98130953,0.002439287
1544.5490617606115,1544.5490617606115,0.97786945,0.0024344106
1544.5504506642967,1544.5504506642967,0.9785318,0.0024441117
1544.5518395679812,1544.5518395679812,0.98110545,0.0024373631
1544.5532284716658,1544.5532284716658,0.9775559,0.00243578
1544.554617375351,1544.554617375351,0.97647315,0.0024350206
1544.5560062790369,1544.5560062790369,0.9790377,0.002438521
1544.557395182722,1544.557395182722,0.9782255,0.0024367233
1544.5587840864066,1544.5587840864066,0.9775406,0.0024366998
1544.5601729900918,1544.5601729900918,0.97561,0.0024359166
1544.561561893777,1544.561561893777,0.98166984,0.0024438712
1544.562950797462,1544.562950797462,0.9825513,0.002439469
1544.564339701148,1544.564339701148,0.97660327,0.002446874
1544.565728604833,1544.565728604833,0.9789474,0.0024360723
1544.5671175085176,1544.5671175085176,0.97911185,0.0024370237
1544.5685064122022,1544.5685064122022,0.9742755,0.002434263
1544.5698953161202,1544.5698953161202,0.98175216,0.0024353599
1544.571284219806,1544.571284219806,0.97861916,0.00243588
1544.5726731234913,1544.5726731234913,0.98012364,0.0024377056
1544.5740620271758,1544.5740620271758,0.97680765,0.002434924
1544.575450930861,1544.575450930861,0.97827286,0.0024386367
1544.576839834546,1544.576839834546,0.9781328,0.0024370132
1544.5782287382312,1544.5782287382312,0.9802111,0.0024357126
1544.5796176419171,1544.5796176419171,0.98092234,0.0024358123
1544.5810065456023,1544.5810065456023,0.97813547,0.00243301
1544.5823954492869,1544.5823954492869,0.98134273,0.0024383902
1544.5837843529714,1544.5837843529714,0.9725154,0.0024335296
1544.5851732566566,1544.5851732566566,0.98079175,0.002434907
1544.5865621603425,1544.5865621603425,0.9799512,0.0024370851
1544.5879510640277,1544.5879510640277,0.9772875,0.0024331533
1544.5893399677122,1544.5893399677122,0.97639537,0.0024322132
1544.5907288713975,1544.5907288713975,0.9767569,0.002432825
1544.5921177750827,1544.5921177750827,0.9805876,0.0024348444
1544.5935066787677,1544.5935066787677,0.98064786,0.0024337082
1544.5948955824535,1544.5948955824535,0.9806231,0.002434281
1544.5962844861388,1544.5962844861388,0.9785387,0.00244123
1544.5976733898233,1544.5976733898233,0.9812084,0.0024375846
1544.5990622935078,1544.5990622935078,0.9796302,0.0024331298
1544.600451197193,1544.600451197193,0.9755951,0.002430976
1544.601840100879,1544.601840100879,0.9801138,0.0024337552
1544.6032290045641,1544.6032290045641,0.980015,0.002435004
1544.6046179082487,1544.6046179082487,0.98035985,0.0024313193
1544.6060068119339,1544.6060068119339,0.978765,0.0024307712
1544.6073957156188,1544.6073957156188,0.97840047,0.002433834
1544.608784619304,1544.608784619304,0.9782713,0.0024338528
1544.61017352299,1544.61017352299,0.9806467,0.0024361056
1544.6115624266752,1544.6115624266752,0.97731864,0.0024359138
1544.6129513303597,1544.6129513303597,0.9757381,0.0024339382
1544.6143402340442,1544.6143402340442,0.98023504,0.0024380176
1544.6157291377294,1544.6157291377294,0.9802339,0.0024402605
1544.6171180414153,1544.6171180414153,0.97669595,0.0024348155
1544.6185069451005,1544.6185069451005,0.9788077,0.0024350404
1544.6198958487857,1544.6198958487857,0.98169404,0.002433104
1544.621284752471,1544.621284752471,0.9788361,0.00243165
1544.6226736561555,1544.6226736561555,0.9801792,0.0024348241
1544.6240625596076,1544.6240625596076,0.98001903,0.0024325433
1544.6254514632935,1544.6254514632935,0.9795211,0.002431873
1544.6268403669787,1544.6268403669787,0.9814961,0.0024327186
1544.6282292706633,1544.6282292706633,0.9823387,0.0024354325
1544.6296181743478,1544.6296181743478,0.97844094,0.0024310437
1544.631007078033,1544.631007078033,0.984013,0.0024321992
1544.632395981719,1544.632395981719,0.9770471,0.0024289936
1544.633784885404,1544.633784885404,0.97702974,0.0024384055
1544.6351737890893,1544.6351737890893,0.980779,0.0024308064
1544.6365626927743,1544.6365626927743,0.98001415,0.0024447562
1544.639340500144,1544.639340500144,0.9804373,0.0024297836
1544.64072940383,1544.64072940383,0.98054856,0.0024306525
1544.6421183075151,1544.6421183075151,0.9783196,0.002434999
1544.6435072111997,1544.6435072111997,0.9818303,0.0024333256
1544.6448961148842,1544.6448961148842,0.98080426,0.002431175
1544.6462850185694,1544.6462850185694,0.979908,0.002442017
1544.6476739222553,1544.6476739222553,0.98126966,0.0024320665
1544.6490628259405,1544.6490628259405,0.9819002,0.0024290849
1544.6504517296257,1544.6504517296257,0.98295176,0.0024323685
1544.651840633311,1544.651840633311,0.9786113,0.0024298064
1544.6532295369952,1544.6532295369952,0.98148847,0.0024317584
1544.6546184406805,1544.6546184406805,0.98104787,0.0024315023
1544.6560073443663,1544.6560073443663,0.9791047,0.0024322844
1544.6573962478187,1544.6573962478187,0.97942126,0.0024362602
1544.6587851515033,1544.6587851515033,0.9805635,0.0024317263
1544.6601740551878,1544.6601740551878,0.9810405,0.002431008
1544.661562958873,1544.661562958873,0.9850197,0.0024334816
1544.6629518625589,1544.6629518625589,0.979541,0.0024306588
1544.664340766244,1544.664340766244,0.9748261,0.0024310886
1544.6657296699293,1544.6657296699293,0.9797159,0.0024322497
1544.6671185736143,1544.6671185736143,0.9786265,0.0024288155
1544.6685074772988,1544.6685074772988,0.97903556,0.0024299303
1544.669896380984,1544.669896380984,0.9824251,0.0024424207
1544.67128528467,1544.67128528467,0.9827943,0.0024307473
1544.6726741883551,1544.6726741883551,0.98133117,0.0024337398
1544.6740630920397,1544.6740630920397,0.9807587,0.0024358982
1544.6754519957242,1544.6754519957242,0.98357743,0.002431659
1544.6768408991766,1544.6768408991766,0.97992456,0.0024307186
1544.6782298028625,1544.6782298028625,0.9811178,0.0024295459
1544.6796187065477,1544.6796187065477,0.98497206,0.0024300434
1544.6810076102329,1544.6810076102329,0.9786404,0.0024337617
1544.682396513918,1544.682396513918,0.97732013,0.0024287996
1544.6837854176024,1544.6837854176024,0.9827301,0.002430817
1544.6851743212876,1544.6851743212876,0.9818875,0.002428627
1544.6865632249735,1544.6865632249735,0.9820173,0.002429511
1544.6879521286587,1544.6879521286587,0.9776624,0.0024269598
1544.6893410323432,1544.6893410323432,0.9822481,0.0024313987
1544.690729935795,1544.690729935795,0.98111564,0.0024295396
1544.6921188394801,1544.6921188394801,0.981735,0.0024290327
1544.693507743166,1544.693507743166,0.9790244,0.0024287698
1544.6948966468512,1544.6948966468512,0.984901,0.0024297314
1544.6962855505365,1544.6962855505365,0.98296916,0.0024314676
1544.6976744542214,1544.6976744542214,0.97664523,0.0024272723
1544.699063357906,1544.699063357906,0.9821752,0.0024274064
1544.7004522615912,1544.7004522615912,0.97540665,0.0024265985
1544.701841165277,1544.701841165277,0.9807353,0.0024280543
1544.7032300687295,1544.7032300687295,0.98278856,0.0024293244
1544.704618972414,1544.704618972414,0.98267835,0.0024370172
1544.7060078760985,1544.7060078760985,0.97943735,0.002425982
1544.7073967797837,1544.7073967797837,0.98276407,0.0024345554
1544.7087856834696,1544.7087856834696,0.98706686,0.0024337613
1544.7101745871548,1544.7101745871548,0.9865067,0.0024309203
1544.7115634908398,1544.7115634908398,0.98200256,0.002429674
1544.712952394525,1544.712952394525,0.9838049,0.0024280662
1544.7143412979767,1544.7143412979767,0.9845297,0.002431832
1544.715730201662,1544.715730201662,0.9810866,0.002427631
1544.7171191053478,1544.7171191053478,0.9837987,0.0024277347
1544.718508009033,1544.718508009033,0.97914237,0.002430618
1544.7198969127176,1544.7198969127176,0.9844576,0.0024306676
1544.721285816402,1544.721285816402,0.9833994,0.0024284434
1544.7226747200873,1544.7226747200873,0.98628765,0.0024285095
1544.7240636235404,1544.7240636235404,0.97857004,0.0024265938
1544.7254525272253,1544.7254525272253,0.9839478,0.0024291398
1544.7268414309106,1544.7268414309106,0.98383486,0.002430969
1544.7282303345958,1544.7282303345958,0.9829103,0.0024318474
1544.7296192382803,1544.7296192382803,0.983043,0.0024334714
1544.7310081419655,1544.7310081419655,0.984719,0.0024291507
1544.7323970454186,1544.7323970454186,0.97864896,0.0024291698
1544.7337859491038,1544.7337859491038,0.97969705,0.0024299442
1544.7351748527883,1544.7351748527883,0.98582053,0.002432176
1544.7365637564735,1544.7365637564735,0.98121315,0.0024277105
1544.7379526601587,1544.7379526601587,0.98567516,0.0024280427
1544.739341563844,1544.739341563844,0.9811064,0.002434993
1544.7407304672963,1544.7407304672963,0.98380595,0.0024299256
1544.7421193709813,1544.7421193709813,0.9847666,0.0024294879
1544.7435082746665,1544.7435082746665,0.9814158,0.0024280932
1544.744897178351,1544.744897178351,0.9816595,0.0024264154
1544.7462860820362,1544.7462860820362,0.983545,0.0024390023
1544.7476749854893,1544.7476749854893,0.9836249,0.0024302383
1544.7490638891745,1544.7490638891745,0.9826702,0.0024299428
1544.750452792859,1544.750452792859,0.98216724,0.0024268315
1544.7518416965443,1544.7518416965443,0.98537844,0.0024285652
1544.7532306002295,1544.7532306002295,0.9826239,0.0024281216
1544.7546195036819,1544.7546195036819,0.98219866,0.0024297654
1544.7560084073668,1544.7560084073668,0.98253447,0.0024273682
1544.757397311052,1544.757397311052,0.9852448,0.002436883
1544.7587862147373,1544.7587862147373,0.98204947,0.0024286015
1544.7601751184218,1544.7601751184218,0.98367923,0.0024258029
1544.7615640218742,1544.7615640218742,0.98467326,0.0024280325
1544.76295292556,1544.76295292556,0.9852706,0.0024280483
1544.7643418292453,1544.7643418292453,0.9840907,0.0024289144
1544.7657307329298,1544.7657307329298,0.98714775,0.0024272958
1544.767119636615,1544.767119636615,0.9851035,0.002427597
1544.7685085400674,1544.7685085400674,0.98412305,0.0024285628
1544.7698974437526,1544.7698974437526,0.98443717,0.0024294017
1544.7712863474378,1544.7712863474378,0.9846682,0.0024302518
1544.7726752511228,1544.7726752511228,0.9843958,0.0024253896
1544.7740641545752,1544.7740641545752,0.98623496,0.00242665
1544.7754530582597,1544.7754530582597,0.98334634,0.0024321466
1544.776841961945,1544.776841961945,0.98817855,0.0024274867
1544.7782308656308,1544.7782308656308,0.9870585,0.0024282688
1544.7796197690832,1544.7796197690832,0.9835182,0.0024352109
1544.7810086727677,1544.7810086727677,0.9882641,0.0024353017
1544.782397576453,1544.782397576453,0.98519206,0.0024297137
1544.7837864801381,1544.7837864801381,0.98463506,0.0024265642
1544.7851753835905,1544.7851753835905,0.98703074,0.0024375566
1544.7865642872755,1544.7865642872755,0.98528326,0.0024298336
1544.7879531909607,1544.7879531909607,0.98583853,0.0024286332
1544.789342094646,1544.789342094646,0.9874552,0.0024262283
1544.7907309980976,1544.7907309980976,0.98501605,0.0024286166
1544.7921199017828,1544.7921199017828,0.98616636,0.002429691
1544.7935088054687,1544.7935088054687,0.98814243,0.0024279852
1544.794897708921,1544.794897708921,0.9865789,0.0024274222
1544.7962866126056,1544.7962866126056,0.98882926,0.0024310863
1544.7976755162908,1544.7976755162908,0.9854559,0.0024318907
1544.799064419976,1544.799064419976,0.98760873,0.0024278858
1544.8004533234282,1544.8004533234282,0.98871064,0.0024300772
1544.8018422271134,1544.8018422271134,0.9893051,0.002426754
1544.8032311307986,1544.8032311307986,0.9867453,0.0024308935
1544.804620034251,1544.804620034251,0.98880386,0.0024311158
1544.8060089379355,1544.8060089379355,0.98820627,0.0024281351
1544.80739784162,1544.80739784162,0.987458,0.0024321096
1544.808786745306,1544.808786745306,0.9895413,0.0024310825
1544.810175648759,1544.810175648759,0.98947084,0.00242988
1544.8115645524435,1544.8115645524435,0.9907882,0.002431429
1544.8129534561288,1544.8129534561288,0.99001926,0.002438935
1544.8143423595811,1544.8143423595811,0.99012583,0.0024298502
1544.8157312632663,1544.8157312632663,0.99323654,0.0024295358
1544.8171201669513,1544.8171201669513,0.9912142,0.0024286972
1544.8185090704037,1544.8185090704037,0.9876321,0.0024266944
1544.819897974089,1544.819897974089,0.98654675,0.002427609
1544.8212868777734,1544.8212868777734,0.9875415,0.0024270609
1544.8226757812251,1544.8226757812251,0.9890224,0.002429679
1544.824064684911,1544.824064684911,0.9890431,0.0024298842
1544.825453588597,1544.825453588597,0.9879963,0.0024269214
1544.8268424920486,1544.8268424920486,0.9890982,0.0024263528
1544.8282313957338,1544.8282313957338,0.9907379,0.002435727
1544.829620299419,1544.829620299419,0.98981094,0.0024290255
1544.8310092028712,1544.8310092028712,0.9903817,0.0024295282
1544.8323981065564,1544.8323981065564,0.9910921,0.0024370605
1544.8337870102416,1544.8337870102416,0.98687804,0.0024282674
1544.835175913694,1544.835175913694,0.9932075,0.0024274336
1544.8365648173785,1544.8365648173785,0.99138415,0.0024386195
1544.837953721063,1544.837953721063,0.9900189,0.0024283966
1544.8393426245161,1544.8393426245161,0.9904947,0.0024291256
1544.840731528202,1544.840731528202,0.9898323,0.0024298886
1544.8421204316537,1544.8421204316537,0.99285316,0.002429659
1544.843509335339,1544.843509335339,0.98826116,0.0024285577
1544.844898239024,1544.844898239024,0.9909379,0.002429828
1544.8462871424763,1544.8462871424763,0.9908905,0.0024355082
1544.8476760461615,1544.8476760461615,0.99606025,0.0024272262
1544.8490649498467,1544.8490649498467,0.9903753,0.002427302
1544.850453853299,1544.850453853299,0.99053603,0.0024273733
1544.8518427569836,1544.8518427569836,0.99236935,0.0024284478
1544.853231660436,1544.853231660436,0.9919578,0.0024268848
1544.854620564122,1544.854620564122,0.9953845,0.0024298516
1544.856009467807,1544.856009467807,0.991789,0.0024285081
1544.8573983712588,1544.8573983712588,0.9917195,0.0024253104
1544.858787274944,1544.858787274944,0.9965665,0.0024327734
1544.8601761783964,1544.8601761783964,0.99345756,0.0024286516
1544.8615650820814,1544.8615650820814,0.99072325,0.0024292837
1544.8629539857666,1544.8629539857666,0.9964636,0.0024279982
1544.864342889219,1544.864342889219,0.99089473,0.0024300022
1544.8657317929042,1544.8657317929042,0.99385786,0.0024257402
1544.8671206963559,1544.8671206963559,0.99450356,0.002427409
1544.868509600041,1544.868509600041,0.99447787,0.0024299414
1544.8698985034941,1544.8698985034941,0.99304277,0.0024269568
1544.8712874071794,1544.8712874071794,0.9946875,0.0024251933
1544.8726763108639,1544.8726763108639,0.99168116,0.0024246555
1544.8740652143163,1544.8740652143163,0.9889744,0.002426315
1544.8754541180012,1544.8754541180012,0.99399143,0.0024251763
1544.8768430214536,1544.8768430214536,0.99694103,0.002428298
1544.8782319251388,1544.8782319251388,0.9940919,0.0024262525
1544.8796208285912,1544.8796208285912,0.992979,0.0024322998
1544.8810097322764,1544.8810097322764,0.99295944,0.002426969
1544.8823986357281,1544.8823986357281,0.9944958,0.0024257333
1544.8837875394133,1544.8837875394133,0.9947604,0.0024274196
1544.8851764430992,1544.8851764430992,0.9944502,0.0024303533
1544.8865653465516,1544.8865653465516,0.9928454,0.0024259735
1544.8879542502361,1544.8879542502361,0.99666077,0.002427606
1544.8893431536883,1544.8893431536883,0.99398345,0.0024282373
1544.8907320573735,1544.8907320573735,0.9935812,0.0024327901
1544.8921209608259,1544.8921209608259,0.9977014,0.0024319813
1544.893509864511,1544.893509864511,0.99783796,0.0024305838
1544.8948987679635,1544.8948987679635,0.9966013,0.0024266527
1544.8962876716487,1544.8962876716487,0.9919819,0.0024247004
1544.8976765751004,1544.8976765751004,0.9957754,0.002425902
1544.8990654787856,1544.8990654787856,0.9981576,0.0024282301
1544.9004543822386,1544.9004543822386,0.99488515,0.0024262343
1544.9018432859239,1544.9018432859239,1.002973,0.0024300357
1544.9032321893756,1544.9032321893756,1.0014573,0.0024253568
1544.9046210930608,1544.9046210930608,0.9983943,0.0024267668
1544.906009996513,1544.906009996513,1.0001361,0.002431727
1544.9073989001981,1544.9073989001981,0.9993203,0.0024269822
1544.9087878036505,1544.9087878036505,1.0005938,0.0024283342
1544.9101767073357,1544.9101767073357,0.99606526,0.00242721
1544.911565610788,1544.911565610788,1.0003899,0.002430398
1544.9129545144726,1544.9129545144726,0.99649763,0.0024373527
1544.914343417925,1544.914343417925,1.0001557,0.0024331287
1544.915732321378,1544.915732321378,0.99555445,0.002424778
1544.9171212250633,1544.9171212250633,0.9962775,0.0024294166
1544.918510128515,1544.918510128515,0.99742115,0.0024334972
1544.9198990322,1544.9198990322,1.0004417,0.0024263929
1544.9212879356523,1544.9212879356523,0.99399537,0.0024236466
1544.9226768393369,1544.9226768393369,1.0012342,0.0024239272
1544.9240657427893,1544.9240657427893,1.0008386,0.0024265482
1544.9254546464751,1544.9254546464751,0.9973544,0.0024252997
1544.9268435499275,1544.9268435499275,0.9995917,0.0024230022
1544.9282324533792,1544.9282324533792,1.0005119,0.0024267694
1544.9296213570644,1544.9296213570644,0.9996821,0.0024243002
1544.9310102605175,1544.9310102605175,0.9992108,0.0024274862
1544.9323991642027,1544.9323991642027,0.9967144,0.0024283696
1544.9337880676542,1544.9337880676542,0.99921757,0.002432231
1544.9351769713394,1544.9351769713394,1.0013113,0.0024317002
1544.9365658747918,1544.9365658747918,0.9964906,0.002422593
1544.9379547782435,1544.9379547782435,0.99739546,0.0024264166
1544.9393436819287,1544.9393436819287,1.0008101,0.0024240538
1544.9407325853817,1544.9407325853817,1.0009304,0.0024241423
1544.942121489067,1544.942121489067,1.0007054,0.002423641
1544.9435103925186,1544.9435103925186,1.0003531,0.0024240967
1544.944899295971,1544.944899295971,0.9989677,0.0024253924
1544.946288199657,1544.946288199657,0.9996319,0.0024240527
1544.9476771031093,1544.9476771031093,1.002609,0.0024256296
1544.9490660067938,1544.9490660067938,1.0009881,0.0024247495
1544.950454910246,1544.950454910246,0.9995732,0.002429484
1544.9518438136984,1544.9518438136984,0.99881685,0.002425085
1544.953232717383,1544.953232717383,1.0004116,0.002422624
1544.954621620836,1544.954621620836,1.0006121,0.002422504
1544.956010524289,1544.956010524289,1.0020838,0.0024216957
1544.9573994279735,1544.9573994279735,1.0014067,0.0024245256
1544.9587883314252,1544.9587883314252,1.0022005,0.0024240916
1544.9601772351105,1544.9601772351105,0.9990546,0.0024243232
1544.9615661385635,1544.9615661385635,0.9987242,0.0024240552
1544.962955042016,1544.962955042016,1.0027972,0.002425204
1544.9643439457002,1544.9643439457002,1.0000936,0.0024211858
1544.9657328491526,1544.9657328491526,1.001434,0.0024276196
1544.967121752605,1544.967121752605,1.0009812,0.0024251563
1544.9685106562895,1544.9685106562895,1.0048578,0.0024242082
1544.9698995597425,1544.9698995597425,0.9997992,0.0024211118
1544.9712884631956,1544.9712884631956,1.0019474,0.0024247868
1544.9726773668801,1544.9726773668801,0.9971227,0.0024246934
1544.9740662703318,1544.9740662703318,1.0020695,0.0024271614
1544.9754551737842,1544.9754551737842,1.0401523,0.0024431888
1544.97684407747,1544.97684407747,1.0295665,0.0024366893
1544.9782329809225,1544.9782329809225,1.0190885,0.0024306802
1544.979621884374,1544.979621884374,1.0116597,0.0024286488
1544.9810107878263,1544.9810107878263,1.0098191,0.0024296767
1544.9823996915115,1544.9823996915115,1.0035914,0.002424698
1544.9837885949632,1544.9837885949632,1.0078651,0.0024278655
1544.9851774984163,1544.9851774984163,1.0041155,0.002433866
1544.9865664021022,1544.9865664021022,1.0032966,0.0024282525
1544.987955305554,1544.987955305554,1.0044303,0.002425046
1544.9893442090056,1544.9893442090056,1.0014046,0.002420652
1544.990733112458,1544.990733112458,1.0047421,0.0024319834
1544.9921220161432,1544.9921220161432,1.0052204,0.0024272094
1544.9935109195956,1544.9935109195956,1.0048226,0.002425889
1544.9948998230477,1544.9948998230477,1.004647,0.002422794
1544.9962887265,1544.9962887265,1.0043228,0.0024215286
1544.9976776301853,1544.9976776301853,1.0012938,0.0024252601
1544.999066533637,1544.999066533637,1.0026935,0.002431893
1545.00045543709,1545.00045543709,1.0036855,0.0024218594
1545.0018443405431,1545.0018443405431,1.0054064,0.002424476
1545.0032332442277,1545.0032332442277,1.0036436,0.0024210052
1545.0046221476794,1545.0046221476794,1.006494,0.0024238
1545.0060110511317,1545.0060110511317,1.0035985,0.002426625
1545.0073999545841,1545.0073999545841,1.0070924,0.002425317
1545.008788858269,1545.008788858269,1.0034702,0.002421216
1545.0101777617215,1545.0101777617215,1.0063249,0.002422043
1545.0115666651739,1545.0115666651739,1.0054169,0.0024241088
1545.0129555686262,1545.0129555686262,1.0080084,0.0024226706
1545.0143444723108,1545.0143444723108,1.0035726,0.0024311186
1545.0157333757638,1545.0157333757638,1.0004808,0.0024233598
1545.017122279217,1545.017122279217,1.0063831,0.0024233244
1545.0185111826686,1545.0185111826686,1.0051144,0.00242417
1545.0199000861203,1545.0199000861203,1.0059924,0.0024222035
1545.0212889898055,1545.0212889898055,1.0037869,0.0024238671
1545.0226778932577,1545.0226778932577,1.002572,0.0024237533
1545.02406679671,1545.02406679671,1.0074573,0.0024239179
1545.0254557001624,1545.0254557001624,1.004856,0.0024232762
1545.0268446036148,1545.0268446036148,1.0019588,0.0024266043
1545.0282335070672,1545.0282335070672,1.0083439,0.0024236327
1545.0296224107517,1545.0296224107517,1.0063443,0.0024236564
1545.0310113142048,1545.0310113142048,1.0039065,0.0024250369
1545.0324002176578,1545.0324002176578,1.001361,0.0024181947
1545.0337891211095,1545.0337891211095,1.009719,0.0024222874
1545.0351780245612,1545.0351780245612,1.003162,0.0024223654
1545.0365669280136,1545.0365669280136,1.0068765,0.002419658
1545.0379558316988,1545.0379558316988,1.0099763,0.0024336956
1545.039344735151,1545.039344735151,1.0011364,0.0024209043
1545.0407336386033,1545.0407336386033,1.0022148,0.002430576
1545.0421225420557,1545.0421225420557,1.0043646,0.0024215386
1545.043511445508,1545.043511445508,1.0091356,0.002422855
1545.0449003489598,1545.0449003489598,1.0078598,0.0024215584
1545.0462892524129,1545.0462892524129,1.0078087,0.002422325
1545.047678155866,1545.047678155866,1.0058298,0.0024220818
1545.0490670595505,1545.0490670595505,1.0062462,0.002421641
1545.0504559630022,1545.0504559630022,1.0060716,0.0024194561
1545.0518448664545,1545.0518448664545,1.0074465,0.0024238096
1545.0532337699067,1545.0532337699067,1.0067182,0.0024250336
1545.054622673359,1545.054622673359,1.0082673,0.0024251915
1545.0560115768114,1545.0560115768114,1.005315,0.0024313482
1545.0574004802638,1545.0574004802638,1.0077373,0.0024193658
1545.0587893837162,1545.0587893837162,1.006976,0.0024190694
1545.060178287168,1545.060178287168,1.0082953,0.002421973
1545.0615671906203,1545.0615671906203,1.0099891,0.0024260718
1545.0629560940733,1545.0629560940733,1.0043871,0.0024182783
1545.0643449977586,1545.0643449977586,1.0066416,0.0024195083
1545.0657339012103,1545.0657339012103,1.0065985,0.0024201788
1545.0671228046626,1545.0671228046626,1.0073957,0.002421148
1545.068511708115,1545.068511708115,1.0048331,0.0024207283
1545.0699006115672,1545.0699006115672,1.0057439,0.0024260501
1545.0712895150202,1545.0712895150202,1.0075824,0.0024206662
1545.0726784184726,1545.0726784184726,1.0075132,0.002420764
1545.0740673219243,1545.0740673219243,1.0093263,0.0024325794
1545.075456225376,1545.075456225376,1.0070611,0.0024190743
1545.0768451288284,1545.0768451288284,1.0047337,0.002423224
1545.0782340322814,1545.0782340322814,1.0088718,0.002422602
1545.0796229357338,1545.0796229357338,1.0099304,0.0024228357
1545.0810118391855,1545.0810118391855,1.0091314,0.0024237097
1545.082400742638,1545.082400742638,1.0088972,0.0024182077
1545.08378964609,1545.08378964609,1.0069046,0.0024184834
1545.0851785495424,1545.0851785495424,1.0081263,0.002421028
1545.0865674529955,1545.0865674529955,1.0106165,0.002421218
1545.0879563564479,1545.0879563564479,1.0093026,0.0024206454
1545.0893452598996,1545.0893452598996,1.0099461,0.0024200177
1545.0907341633513,1545.0907341633513,1.008161,0.0024188512
1545.0921230668037,1545.0921230668037,1.0096108,0.0024189882
1545.0935119702567,1545.0935119702567,1.0105476,0.0024202066
1545.094900873709,1545.094900873709,1.0116125,0.0024228108
1545.0962897771608,1545.0962897771608,1.0095227,0.0024209227
1545.097678680613,1545.097678680613,1.007298,0.0024211113
1545.0990675840653,1545.0990675840653,1.0095142,0.0024206478
1545.1004564875177,1545.1004564875177,1.0113604,0.0024246145
1545.1018453909708,1545.1018453909708,1.0075688,0.0024195411
1545.1032342944231,1545.1032342944231,1.0102229,0.0024206834
1545.1046231978748,1545.1046231978748,1.0086945,0.0024231256
1545.1060121013265,1545.1060121013265,1.0104163,0.0024220431
1545.107401004779,1545.107401004779,1.0097642,0.002421588
1545.108789908232,1545.108789908232,1.0083655,0.0024189495
1545.1101788116844,1545.1101788116844,1.0129395,0.0024188121
1545.1115677151358,1545.1115677151358,1.0095574,0.0024193616
1545.1129566183554,1545.1129566183554,1.010946,0.0024212834
1545.1143455218078,1545.1143455218078,1.0102524,0.0024189178
1545.1157344252595,1545.1157344252595,1.0112585,0.0024221954
1545.1171233287125,1545.1171233287125,1.0093262,0.002421437
1545.1185122321656,1545.1185122321656,1.0069005,0.00241728
1545.1199011356173,1545.1199011356173,1.0126286,0.0024232464
1545.121290039069,1545.121290039069,1.0056291,0.0024182214
1545.1226789425214,1545.1226789425214,1.0083126,0.0024172028
1545.1240678459744,1545.1240678459744,1.0138018,0.0024184438
1545.1254567494268,1545.1254567494268,1.0096506,0.0024209376
1545.1268456528785,1545.1268456528785,1.0108331,0.002418958
1545.1282345560978,1545.1282345560978,1.0123467,0.002421246
1545.1296234595502,1545.1296234595502,1.0079719,0.00242192
1545.131012363002,1545.131012363002,1.0101721,0.0024186787
1545.132401266455,1545.132401266455,1.0126603,0.002424069
1545.133790169908,1545.133790169908,1.004408,0.0024191306
1545.1351790733597,1545.1351790733597,1.0083154,0.0024189116
1545.1365679768114,1545.1365679768114,1.0095241,0.0024186934
1545.137956880031,1545.137956880031,1.0100236,0.0024189742
1545.139345783484,1545.139345783484,1.0093746,0.0024202035
1545.1407346869364,1545.1407346869364,1.0136132,0.0024189502
1545.1421235903879,1545.1421235903879,1.0118656,0.0024187597
1545.1435124938403,1545.1435124938403,1.0102649,0.0024186529
1545.1449013972926,1545.1449013972926,1.0131425,0.002419935
1545.1462903005115,1545.1462903005115,1.0103058,0.0024182403
1545.1476792039646,1545.1476792039646,1.0118372,0.0024186291
1545.1490681074176,1545.1490681074176,1.0119984,0.002418471
1545.1504570108693,1545.1504570108693,1.0073503,0.0024176408
1545.151845914321,1545.151845914321,1.0123787,0.0024178033
1545.1532348177734,1545.1532348177734,1.0115871,0.0024187164
1545.1546237209936,1545.1546237209936,1.0087428,0.0024225868
1545.156012624446,1545.156012624446,1.0103171,0.0024178608
1545.1574015278977,1545.1574015278977,1.0135131,0.002421766
1545.1587904313499,1545.1587904313499,1.0106959,0.002423949
1545.1601793345694,1545.1601793345694,1.0105138,0.0024193677
1545.1615682380211,1545.1615682380211,1.0124671,0.002416862
1545.1629571414742,1545.1629571414742,1.0101042,0.0024176554
1545.1643460449272,1545.1643460449272,1.0090114,0.0024163467
1545.165734948379,1545.165734948379,1.0115249,0.0024156156
1545.1671238515978,1545.1671238515978,1.01329,0.0024205942
1545.1685127550502,1545.1685127550502,1.0136209,0.0024180892
1545.1699016585026,1545.1699016585026,1.0133725,0.002417176
1545.171290561955,1545.171290561955,1.0123372,0.0024251493
1545.1726794651743,1545.1726794651743,1.0145582,0.0024193085
1545.1740683686266,1545.1740683686266,1.0126504,0.0024197085
1545.175457272079,1545.175457272079,1.0131606,0.0024209276
1545.1768461755307,1545.1768461755307,1.0113472,0.002415229
1545.178235078751,1545.178235078751,1.0115534,0.0024227784
1545.179623982204,1545.179623982204,1.0104481,0.002416753
1545.1810128856557,1545.1810128856557,1.0109868,0.002419028
1545.1824017888746,1545.1824017888746,1.0101666,0.0024176114
1545.183790692327,1545.183790692327,1.0105339,0.002415679
1545.1851795957793,1545.1851795957793,1.0127361,0.0024170373
1545.1865684992315,1545.1865684992315,1.011132,0.0024176075
1545.1879574024517,1545.1879574024517,1.0096369,0.002416911
1545.189346305904,1545.189346305904,1.0120354,0.0024193025
1545.1907352093558,1545.1907352093558,1.0115198,0.0024175274
1545.1921241125747,1545.1921241125747,1.0162549,0.002418257
1545.1935130160277,1545.1935130160277,1.012434,0.0024181386
1545.1949019194808,1545.1949019194808,1.0133257,0.0024142396
1545.1962908226997,1545.1962908226997,1.0119113,0.0024203805
1545.1976797261514,1545.1976797261514,1.013746,0.0024172738
1545.1990686296037,1545.1990686296037,1.0123168,0.0024140584
1545.200457532823,1545.200457532823,1.0127914,0.0024161187
1545.2018464362754,1545.2018464362754,1.0161061,0.0024153604
1545.2032353397285,1545.2032353397285,1.0114564,0.002415795
1545.204624242948,1545.204624242948,1.0130895,0.0024165986
1545.2060131463998,1545.2060131463998,1.0153232,0.0024174072
1545.2074020496186,1545.2074020496186,1.0115308,0.0024165555
1545.208790953071,1545.208790953071,1.0106033,0.002416924
1545.210179856524,1545.210179856524,1.0128264,0.0024146968
1545.2115687597436,1545.2115687597436,1.0153965,0.0024161106
1545.2129576631953,1545.2129576631953,1.0117105,0.002415087
1545.2143465666477,1545.2143465666477,1.0117638,0.0024178163
1545.2157354698672,1545.2157354698672,1.0120535,0.0024153788
1545.2171243733194,1545.2171243733194,1.0107371,0.0024199968
1545.2185132765396,1545.2185132765396,1.0155759,0.0024228483
1545.219902179992,1545.219902179992,1.0118297,0.002416501
1545.2212910832109,1545.2212910832109,1.0140256,0.0024187039
1545.2226799866626,1545.2226799866626,1.0165502,0.0024149849
1545.224068890115,1545.224068890115,1.0081953,0.002414669
1545.2254577933352,1545.2254577933352,1.0140808,0.0024225055
1545.2268466967876,1545.2268466967876,1.0151492,0.0024148864
1545.2282356000064,1545.2282356000064,1.0113809,0.0024166582
1545.2296245034588,1545.2296245034588,1.012978,0.0024193814
1545.2310134066781,1545.2310134066781,1.0121596,0.0024196426
1545.2324023101305,1545.2324023101305,1.0170538,0.0024198326
1545.2337912135836,1545.2337912135836,1.0147005,0.002414467
1545.2351801168031,1545.2351801168031,1.0193255,0.002416207
1545.2365690202548,1545.2365690202548,1.0148792,0.0024151655
1545.2379579234737,1545.2379579234737,1.0167376,0.002418795
1545.239346826926,1545.239346826926,1.015686,0.0024172624
1545.2407357301463,1545.2407357301463,1.0142778,0.002418904
1545.2421246335987,1545.2421246335987,1.0153748,0.0024212145
1545.2435135368175,1545.2435135368175,1.0121402,0.0024135006
1545.24490244027,1545.24490244027,1.0122458,0.0024156852
1545.2462913434895,1545.2462913434895,1.0130653,0.0024154214
1545.247680246941,1545.247680246941,1.0140964,0.00241573
1545.2490691501612,1545.2490691501612,1.0110376,0.0024130098
1545.2504580536142,1545.2504580536142,1.0094293,0.002416343
1545.251846956833,1545.251846956833,1.0101566,0.0024219677
1545.2532358602848,1545.2532358602848,1.0080768,0.0024135613
1545.2546247635044,1545.2546247635044,1.0108869,0.002416476
1545.2560136669574,1545.2560136669574,1.0127583,0.0024129425
1545.257402570177,1545.257402570177,1.0110395,0.0024189418
1545.2587914736287,1545.2587914736287,1.0122904,0.0024148652
1545.2601803768482,1545.2601803768482,1.0147629,0.0024154368
1545.2615692800675,1545.2615692800675,1.0167812,0.0024186198
1545.2629581835192,1545.2629581835192,1.0139635,0.0024150335
1545.2643470867395,1545.2643470867395,1.0131865,0.0024130335
1545.2657359901925,1545.2657359901925,1.0123163,0.0024165655
1545.2671248934114,1545.2671248934114,1.010916,0.002414346
1545.268513796863,1545.268513796863,1.0112618,0.0024123334
1545.2699027000826,1545.2699027000826,1.0123284,0.0024151765
1545.2712916033029,1545.2712916033029,1.0083225,0.002416781
1545.2726805067553,1545.2726805067553,1.0104681,0.0024127772
1545.2740694099741,1545.2740694099741,1.0088452,0.0024129865
1545.2754583134263,1545.2754583134263,1.0124662,0.0024135208
1545.2768472166458,1545.2768472166458,1.0122105,0.0024147243
1545.2782361198647,1545.2782361198647,1.0100588,0.0024139762
1545.2796250233177,1545.2796250233177,1.0118828,0.0024147395
1545.281013926538,1545.281013926538,1.0110618,0.0024126768
1545.2824028299897,1545.2824028299897,1.0111538,0.0024162252
1545.2837917332085,1545.2837917332085,1.0100961,0.0024138065
1545.285180636428,1545.285180636428,1.0106535,0.002416091
1545.2865695398805,1545.2865695398805,1.0091304,0.002413968
1545.2879584431,1545.2879584431,1.0100121,0.0024132938
1545.2893473463203,1545.2893473463203,1.0099912,0.002417119
1545.2907362497724,1545.2907362497724,1.008322,0.0024117264
1545.2921251529913,1545.2921251529913,1.0087317,0.0024121199
1545.2935140562101,1545.2935140562101,1.012119,0.002414197
1545.2949029596632,1545.2949029596632,1.0100508,0.00241473
1545.2962918628834,1545.2962918628834,1.0125524,0.0024138668
1545.2976807661023,1545.2976807661023,1.0110403,0.002413258
1545.299069669554,1545.299069669554,1.011338,0.0024117955
1545.3004585727736,1545.3004585727736,1.0096015,0.0024128768
1545.301847475993,1545.301847475993,1.0101558,0.0024103732
1545.3032363794455,1545.3032363794455,1.009315,0.002411646
1545.3046252826657,1545.3046252826657,1.0101149,0.0024127404
1545.3060141858853,1545.3060141858853,1.0076183,0.0024145886
1545.3074030893367,1545.3074030893367,1.0101192,0.0024099834
1545.3087919925556,1545.3087919925556,1.0075638,0.0024184464
1545.3101808957758,1545.3101808957758,1.0115517,0.00241278
1545.311569798996,1545.311569798996,1.0069541,0.0024121518
1545.3129587024478,1545.3129587024478,1.007647,0.0024109222
1545.3143476056666,1545.3143476056666,1.0082945,0.0024192706
1545.3157365088862,1545.3157365088862,1.008682,0.002410662
1545.3171254123386,1545.3171254123386,1.0124023,0.002413468
1545.318514315558,1545.318514315558,1.0067769,0.0024130908
1545.3199032187783,1545.3199032187783,1.0076538,0.0024128233
1545.3212921219977,1545.3212921219977,1.0061301,0.0024169327
1545.3226810252165,1545.3226810252165,1.0052775,0.0024076211
1545.3240699286682,1545.3240699286682,1.0085899,0.0024094887
1545.3254588318878,1545.3254588318878,1.0084617,0.0024173234
1545.326847735108,1545.326847735108,1.0076953,0.0024113068
1545.3282366383276,1545.3282366383276,1.0093164,0.0024122992
1545.3296255417793,1545.3296255417793,1.0070392,0.0024110775
1545.3310144449988,1545.3310144449988,1.0097933,0.0024123471
1545.3324033482183,1545.3324033482183,1.0082886,0.0024085713
1545.333792251438,1545.333792251438,1.0040781,0.002415755
1545.335181154658,1545.335181154658,1.0073409,0.002412697
1545.3365700581103,1545.3365700581103,1.0088238,0.0024116724
1545.3379589613292,1545.3379589613292,1.0071895,0.0024108635
1545.339347864548,1545.339347864548,1.0072392,0.0024096856
1545.3407367677676,1545.3407367677676,1.0077041,0.0024187916
1545.3421256709878,1545.3421256709878,1.0067118,0.0024089345
1545.3435145742073,1545.3435145742073,1.0070406,0.0024129099
1545.344903477659,1545.344903477659,1.0074333,0.0024114489
1545.3462923808786,1545.3462923808786,1.0080303,0.0024103469
1545.3476812840981,1545.3476812840981,1.0085362,0.0024125916
1545.3490701873177,1545.3490701873177,1.0089216,0.002415981
1545.350459090538,1545.350459090538,1.0079534,0.0024189383
1545.3518479937572,1545.3518479937572,1.0059025,0.0024066363
1545.3532368969761,1545.3532368969761,1.0069377,0.0024092146
1545.3546258004278,1545.3546258004278,1.0074146,0.0024211346
1545.3560147036474,1545.3560147036474,1.0075297,0.0024203812
1545.3574036068676,1545.3574036068676,1.0059431,0.0024171742
1545.3587925100871,1545.3587925100871,1.0079478,0.0024109448
1545.360181413306,1545.360181413306,1.0049701,0.0024071583
1545.3615703165256,1545.3615703165256,1.0074809,0.002412579
1545.362959219745,1545.362959219745,1.0108879,0.002420055
1545.364348122964,1545.364348122964,1.0085084,0.0024161756
1545.365737026184,1545.365737026184,1.0038007,0.0024107986
1545.367125929637,1545.367125929637,1.005802,0.0024082335
1545.368514832856,1545.368514832856,1.0027981,0.002411342
1545.3699037360748,1545.3699037360748,1.0067501,0.002409893
1545.3712926392943,1545.3712926392943,1.0059958,0.0024067573
1545.3726815425146,1545.3726815425146,1.0101137,0.0024139825
1545.374070445734,1545.374070445734,1.0061634,0.0024072798
1545.375459348953,1545.375459348953,1.0085232,0.0024101853
1545.3768482521725,1545.3768482521725,1.0064514,0.0024085522
1545.378237155392,1545.378237155392,1.0060539,0.0024066984
1545.3796260586107,1545.3796260586107,1.0067927,0.0024070584
1545.381014961831,1545.381014961831,1.0060511,0.0024138598
1545.3824038650512,1545.3824038650512,1.0055186,0.002416617
1545.38379276827,1545.38379276827,1.0043484,0.0024046404
1545.385181671489,1545.385181671489,1.0040224,0.0024093976
1545.3865705747085,1545.3865705747085,1.0058562,0.0024063212
1545.3879594779287,1545.3879594779287,1.0066619,0.0024071604
1545.3893483811482,1545.3893483811482,1.0077353,0.0024106817
1545.390737284367,1545.390737284367,1.001683,0.0024135106
1545.3921261875867,1545.3921261875867,1.0045489,0.0024127064
1545.3935150908062,1545.3935150908062,1.0073545,0.002409131
1545.3949039940248,1545.3949039940248,1.0047122,0.0024095739
1545.396292897245,1545.396292897245,1.004891,0.0024052423
1545.3976818004653,1545.3976818004653,1.004823,0.002407535
1545.3990707036842,1545.3990707036842,1.0071491,0.0024078935
1545.400459606903,1545.400459606903,1.0029088,0.002405661
1545.4018485101226,1545.4018485101226,1.0023925,0.002409549
1545.4032374133421,1545.4032374133421,1.0032786,0.0024076037
1545.4046263165617,1545.4046263165617,1.0041932,0.0024080635
1545.406015219782,1545.406015219782,1.005441,0.002406986
1545.4074041230015,1545.4074041230015,1.0040026,0.0024054511
1545.40879302622,1545.40879302622,1.0021225,0.0024048653
1545.4101819292061,1545.4101819292061,1.0003363,0.002406834
1545.4115708324264,1545.4115708324264,1.0025725,0.0024195407
1545.4129597356466,1545.4129597356466,1.001899,0.002407027
1545.4143486388655,1545.4143486388655,1.0028468,0.0024059368
1545.4157375420843,1545.4157375420843,1.0043817,0.002410329
1545.417126445304,1545.417126445304,1.0043509,0.0024067964
1545.4185153485234,1545.4185153485234,1.0053414,0.0024061534
1545.419904251743,1545.419904251743,1.0061811,0.0024028444
1545.4212931549632,1545.4212931549632,0.999836,0.0024059447
1545.4226820581828,1545.4226820581828,1.0028958,0.0024060009
1545.4240709611688,1545.4240709611688,1.0033014,0.0024058002
1545.4254598643874,1545.4254598643874,1.0038521,0.0024039457
1545.426848767607,1545.426848767607,1.0041457,0.002403365
1545.4282376708272,1545.4282376708272,1.0027487,0.0024050472
1545.4296265740468,1545.4296265740468,1.0033402,0.0024117574
1545.4310154772656,1545.4310154772656,1.0025744,0.002405405
1545.4324043804852,1545.4324043804852,0.9989773,0.002409668
1545.433793283472,1545.433793283472,1.0039899,0.0024059922
1545.4351821866915,1545.4351821866915,1.0028301,0.002404921
1545.4365710899117,1545.4365710899117,1.0028985,0.0024048223
1545.4379599931312,1545.4379599931312,1.0024595,0.0024018995
1545.4393488963499,1545.4393488963499,1.0004255,0.0024071587
1545.440737799336,1545.440737799336,1.002379,0.002402354
1545.4421267025555,1545.4421267025555,1.002104,0.00240212
1545.4435156057757,1545.4435156057757,1.0008357,0.0024027461
1545.4449045089953,1545.4449045089953,1.0025434,0.00240645
1545.4462934122141,1545.4462934122141,1.0007348,0.0024053913
1545.4476823152008,1545.4476823152008,1.0014431,0.0024022046
1545.4490712184204,1545.4490712184204,1.0024619,0.0024024681
1545.45046012164,1545.45046012164,1.0006754,0.0024025193
1545.4518490248602,1545.4518490248602,1.0046303,0.0024027713
1545.4532379278469,1545.4532379278469,1.0006566,0.0024072903
1545.4546268310658,1545.4546268310658,1.0003474,0.0024048258
1545.4560157342844,1545.4560157342844,1.0019544,0.002403599
1545.457404637504,1545.457404637504,1.001409,0.0024127811
1545.4587935404913,1545.4587935404913,1.0014594,0.0024032865
1545.460182443711,1545.460182443711,1.0015051,0.0024082474
1545.4615713469298,1545.4615713469298,1.00012,0.0024117809
1545.4629602501493,1545.4629602501493,1.0020475,0.0024071287
1545.464349153136,1545.464349153136,0.9975004,0.0023990734
1545.465738056355,1545.465738056355,0.99727905,0.0023986679
1545.4671269595751,1545.4671269595751,0.9999583,0.0024017245
1545.4685158627951,1545.4685158627951,0.99864763,0.0024038332
1545.4699047657812,1545.4699047657812,1.0003076,0.002414852
1545.471293669,1545.471293669,0.99817336,0.0024035608
1545.4726825722196,1545.4726825722196,1.000142,0.002403842
1545.474071475207,1545.474071475207,0.9999511,0.0024019405
1545.4754603784265,1545.4754603784265,1.0013332,0.0024077145
1545.4768492816454,1545.4768492816454,1.0007093,0.0024072262
1545.4782381846321,1545.4782381846321,0.9975208,0.0024085783
1545.4796270878517,1545.4796270878517,0.9974404,0.0024017186
1545.4810159910705,1545.4810159910705,1.0013494,0.0024025363
1545.482404894058,1545.482404894058,0.99707204,0.002401657
1545.4837937972782,1545.4837937972782,0.99254966,0.0024010644
1545.4851827004968,1545.4851827004968,0.99753845,0.0024008204
1545.4865716034828,1545.4865716034828,0.99972,0.0024031147
1545.4879605067024,1545.4879605067024,1.0002307,0.002403693
1545.489349409689,1545.489349409689,1.000183,0.002402765
1545.4907383129087,1545.4907383129087,1.0005312,0.0024014278
1545.4921272161282,1545.4921272161282,0.99729174,0.0024013186
1545.493516119115,1545.493516119115,0.99548113,0.0024009163
1545.4949050223345,1545.4949050223345,1.0026275,0.0024016108
1545.4962939253205,1545.4962939253205,1.0002857,0.0024008153
1545.4976828285407,1545.4976828285407,0.99495983,0.0024046104
1545.4990717317608,1545.4990717317608,0.99781716,0.002401108
1545.5004606347468,1545.5004606347468,0.99773693,0.0024023142
1545.5018495379657,1545.5018495379657,1.0025306,0.0024033429
1545.5032384409524,1545.5032384409524,0.99474275,0.0023996744
1545.504627344172,1545.504627344172,0.995158,0.002398632
1545.5060162473915,1545.5060162473915,0.9930749,0.0024036027
1545.5074051503782,1545.5074051503782,0.99452364,0.0024067732
1545.5087940535977,1545.5087940535977,0.99434936,0.0024019862
1545.5101829565845,1545.5101829565845,0.997932,0.0024020653
1545.5115718598033,1545.5115718598033,0.99702543,0.0024018022
1545.5129607627907,1545.5129607627907,0.99609613,0.0023995282
1545.514349666011,1545.514349666011,0.9941193,0.0024007217
1545.5157385689968,1545.5157385689968,0.99513614,0.0024004024
1545.5171274722156,1545.5171274722156,0.9935187,0.0024004532
1545.5185163752024,1545.5185163752024,0.9936262,0.002396513
1545.519905278422,1545.519905278422,0.994767,0.0023975694
1545.5212941814086,1545.5212941814086,0.99641377,0.0024000735
1545.5226830846289,1545.5226830846289,0.9950411,0.00240039
1545.5240719876156,1545.5240719876156,0.99624515,0.0024003722
1545.5254608908344,1545.5254608908344,0.9943555,0.0024002704
1545.5268497938202,1545.5268497938202,0.9941087,0.0023997426
1545.5282386970398,1545.5282386970398,0.99489015,0.0024063317
1545.5296276000272,1545.5296276000272,0.99423903,0.0023999799
1545.5310165032467,1545.5310165032467,0.992264,0.0023978988
1545.5324054062328,1545.5324054062328,0.9940254,0.0024003293
1545.5337943094523,1545.5337943094523,0.9954604,0.0023989396
1545.535183212439,1545.535183212439,0.9923655,0.0023961258
1545.5365721154258,1545.5365721154258,0.9971886,0.0024014767
1545.537961018646,1545.537961018646,0.99595106,0.0024019666
1545.5393499216327,1545.5393499216327,0.9948341,0.0024004402
1545.5407388248516,1545.5407388248516,0.9930939,0.0024008602
1545.5421277278376,1545.5421277278376,0.99419004,0.0023994937
1545.543516631057,1545.543516631057,0.9933671,0.0024023894
1545.5449055340443,1545.5449055340443,0.99472576,0.0023997936
1545.546294437031,1545.546294437031,0.995124,0.002398455
1545.54768334025,1545.54768334025,0.9942307,0.0023986243
1545.5490722432367,1545.5490722432367,0.9907413,0.0024026344
1545.5504611464562,1545.5504611464562,0.9925554,0.0023973442
1545.5518500494422,1545.5518500494422,1.0004996,0.0024115108
1545.5532389524296,1545.5532389524296,0.99552643,0.0024036302
1545.5546278556499,1545.5546278556499,0.9984731,0.0024028479
1545.556016758636,1545.556016758636,0.991811,0.002399181
1545.5574056616217,1545.5574056616217,0.9951096,0.0023995843
1545.5587945648413,1545.5587945648413,0.99510723,0.0024008257
1545.5601834678287,1545.5601834678287,0.9983497,0.002404601
1545.5615723708154,1545.5615723708154,0.99732745,0.0024039417
1545.5629612740343,1545.5629612740343,0.99241143,0.0023994707
1545.564350177021,1545.564350177021,0.99707586,0.0024014055
1545.5657390800077,1545.5657390800077,0.9935489,0.0024109262
1545.5671279832266,1545.5671279832266,0.99273205,0.002398266
1545.568516886214,1545.568516886214,0.9934345,0.0024045212
1545.5699057892014,1545.5699057892014,0.99418557,0.0024008392
1545.5712946924202,1545.5712946924202,0.9909844,0.0023980646
1545.5726835954063,1545.5726835954063,0.995277,0.0023993924
1545.5740724983928,1545.5740724983928,0.9942399,0.0023994322
1545.5754614016123,1545.5754614016123,0.99327075,0.002401307
1545.576850304599,1545.576850304599,0.9935587,0.0024013582
1545.5782392075857,1545.5782392075857,0.9911243,0.0024040302
1545.5796281105725,1545.5796281105725,0.9952626,0.0024012602
1545.581017013792,1545.581017013792,0.993145,0.002406727
1545.582405916778,1545.582405916778,0.98999345,0.0023954029
1545.5837948197654,1545.5837948197654,0.9904341,0.0023954737
1545.5851837227528,1545.5851837227528,0.99480903,0.0024004132
1545.5865726259715,1545.5865726259715,0.9924226,0.0023955354
1545.5879615289575,1545.5879615289575,0.98719245,0.00239953
1545.5893504319442,1545.5893504319442,0.9920008,0.0023978879
1545.590739334931,1545.590739334931,0.9953522,0.0023997868
1545.5921282381505,1545.5921282381505,0.9916152,0.002399487
1545.5935171411372,1545.5935171411372,0.9891164,0.0023956338
1545.594906044124,1545.594906044124,0.99258554,0.0024017934
1545.5962949471107,1545.5962949471107,0.9898491,0.0024022774
1545.5976838500967,1545.5976838500967,0.99143165,0.0023982283
1545.5990727533162,1545.5990727533162,0.9944168,0.0023986297
1545.6004616563037,1545.6004616563037,0.9908224,0.0023981528
1545.6018505592904,1545.6018505592904,0.9904087,0.0023974176
1545.6032394622762,1545.6032394622762,0.9864402,0.0023964662
1545.604628365263,1545.604628365263,0.98944455,0.0023983938
1545.6060172684824,1545.6060172684824,0.99003613,0.0023982597
1545.6074061714692,1545.6074061714692,0.9893658,0.002395612
1545.6087950744559,1545.6087950744559,0.99287844,0.0023987351
1545.6101839774426,1545.6101839774426,0.9883209,0.002404997
1545.6115728804293,1545.6115728804293,0.98994344,0.0024078558
1545.6129617834154,1545.6129617834154,0.99131715,0.0023957514
1545.614350686402,1545.614350686402,0.99203086,0.002406803
1545.6157395896223,1545.6157395896223,0.9905222,0.0023987023
1545.6171284926088,1545.6171284926088,0.9918705,0.0023972734
1545.6185173955948,1545.6185173955948,0.98767334,0.0023969668
1545.6199062985816,1545.6199062985816,0.99084216,0.0024045291
1545.6212952015683,1545.6212952015683,0.9886707,0.0023935337
1545.6226841045543,1545.6226841045543,0.9892349,0.0023959735
1545.624073007541,1545.624073007541,0.98995227,0.0024012143
1545.6254619105284,1545.6254619105284,0.9914051,0.002399619
1545.6268508135151,1545.6268508135151,0.9901786,0.0023994327
1545.6282397165012,1545.6282397165012,0.9917905,0.0023988793
1545.629628619488,1545.629628619488,0.9881154,0.0023953887
1545.6310175227081,1545.6310175227081,0.9850786,0.0023986588
1545.6324064256949,1545.6324064256949,0.98913133,0.0023962783
1545.6337953286807,1545.6337953286807,0.9843663,0.0023942348
1545.6351842316674,1545.6351842316674,0.99046355,0.0023992413
1545.636573134654,1545.636573134654,0.98694474,0.002398022
1545.6379620376401,1545.6379620376401,0.9883923,0.0023952324
1545.6393509406275,1545.6393509406275,0.98876685,0.0023985794
1545.640739843615,1545.640739843615,0.9859597,0.0023981356
1545.642128746601,1545.642128746601,0.98728937,0.0023997342
1545.643517649587,1545.643517649587,0.98696244,0.0023966157
1545.6449065525737,1545.6449065525737,0.988366,0.002396581
1545.6462954555611,1545.6462954555611,0.9844166,0.002396785
1545.6476843585476,1545.6476843585476,0.9880093,0.0023956832
1545.6490732615337,1545.6490732615337,0.98855734,0.0023978855
1545.6504621645204,1545.6504621645204,0.98610353,0.0023938352
1545.651851067507,1545.651851067507,0.9862497,0.002394283
1545.6532399704931,1545.6532399704931,0.98653466,0.0023975223
1545.6546288734805,1545.6546288734805,0.9920823,0.0023971782
1545.656017776468,1545.656017776468,0.98699224,0.0023943568
1545.657406679454,1545.657406679454,0.9838211,0.0023987987
1545.65879558244,1545.65879558244,0.9866663,0.0023947193
1545.6601844854267,1545.6601844854267,0.9847896,0.002395345
1545.6615733884134,1545.6615733884134,0.98778194,0.002394445
1545.662962291167,1545.662962291167,0.983963,0.0023951223
1545.6643511941538,1545.6643511941538,0.98551714,0.0023957205
1545.6657400971405,1545.6657400971405,0.98721606,0.0023949423
1545.6671290001273,1545.6671290001273,0.9861881,0.002396155
1545.6685179031133,1545.6685179031133,0.9844576,0.0023945894
1545.6699068061007,1545.6699068061007,0.9859945,0.0023972162
1545.671295709088,1545.671295709088,0.9870081,0.002396531
1545.6726846120741,1545.6726846120741,0.98179346,0.0023919402
1545.6740735150602,1545.6740735150602,0.98777753,0.0023958087
1545.675462418047,1545.675462418047,0.98477584,0.0023933828
1545.6768513208006,1545.6768513208006,0.98264873,0.0023931132
1545.6782402237873,1545.6782402237873,0.9845754,0.002396172
1545.679629126774,1545.679629126774,0.98721874,0.0023945635
1545.6810180297607,1545.6810180297607,0.98394334,0.0023933123
1545.6824069327474,1545.6824069327474,0.9836088,0.0023934592
1545.6837958357335,1545.6837958357335,0.9847507,0.0023961063
1545.6851847387202,1545.6851847387202,0.9784974,0.002389622
1545.6865736414748,1545.6865736414748,0.98606783,0.0023980185
1545.6879625444615,1545.6879625444615,0.9840139,0.002392987
1545.6893514474475,1545.6893514474475,0.9845361,0.0023920785
1545.690740350434,1545.690740350434,0.98552054,0.0024008476
1545.6921292534207,1545.6921292534207,0.98260254,0.0023930855
1545.6935181564074,1545.6935181564074,0.9858361,0.002396114
1545.6949070591613,1545.6949070591613,0.98283994,0.0023911695
1545.696295962148,1545.696295962148,0.98467237,0.0023951863
1545.6976848651348,1545.6976848651348,0.98227894,0.0023954904
1545.6990737681208,1545.6990737681208,0.9857677,0.0024009086
1545.7004626711075,1545.7004626711075,0.9845616,0.0023933034
1545.701851573862,1545.701851573862,0.9838476,0.0023929668
1545.7032404768488,1545.7032404768488,0.98161936,0.0023925742
1545.7046293798346,1545.7046293798346,0.97973377,0.0023920739
1545.7060182828213,1545.7060182828213,0.9826759,0.0023937293
1545.7074071855752,1545.7074071855752,0.9848028,0.0023945393
1545.7087960885613,1545.7087960885613,0.98003435,0.0023969933
1545.710184991548,1545.710184991548,0.9812284,0.002394787
1545.7115738945354,1545.7115738945354,0.9769051,0.0023900254
1545.7129627972893,1545.7129627972893,0.9802616,0.0023934408
1545.7143517002753,1545.7143517002753,0.97907907,0.0023915407
1545.715740603262,1545.715740603262,0.98248196,0.002396619
1545.7171295060166,1545.7171295060166,0.982288,0.0023957572
1545.7185184090033,1545.7185184090033,0.9821049,0.002392432
1545.7199073119893,1545.7199073119893,0.9805431,0.0023909868
1545.7212962149758,1545.7212962149758,0.98174024,0.0023958494
1545.7226851177297,1545.7226851177297,0.9802542,0.0023984544
1545.7240740207158,1545.7240740207158,0.9811219,0.0023941335
1545.7254629237025,1545.7254629237025,0.977816,0.0023906243
1545.726851826457,1545.726851826457,0.9805489,0.0023955551
1545.7282407294438,1545.7282407294438,0.98053706,0.0023959735
1545.7296296324298,1545.7296296324298,0.98460716,0.0023926897
1545.7310185351837,1545.7310185351837,0.9812932,0.0023962979
1545.7324074381704,1545.7324074381704,0.9805678,0.0023927027
1545.7337963409243,1545.7337963409243,0.97791904,0.0023915805
1545.7351852439108,1545.7351852439108,0.981325,0.0023918655
1545.7365741468975,1545.7365741468975,0.97953963,0.0023934862
1545.7379630496514,1545.7379630496514,0.9804541,0.0023945214
1545.7393519526374,1545.7393519526374,0.9776924,0.0023922115
1545.7407408556248,1545.7407408556248,0.981775,0.0024024695
1545.7421297583794,1545.7421297583794,0.9818492,0.002399658
1545.7435186613654,1545.7435186613654,0.98211384,0.0024009075
1545.7449075641186,1545.7449075641186,0.9802532,0.0023958345
1545.7462964671054,1545.7462964671054,0.9768849,0.0023894678
1545.747685370092,1545.747685370092,0.9780913,0.0023945223
1545.749074272846,1545.749074272846,0.98000294,0.0023905614
1545.7504631758327,1545.7504631758327,0.9821731,0.0023939435
1545.7518520785864,1545.7518520785864,0.9794286,0.0024008027
1545.753240981573,1545.753240981573,0.976496,0.0023912217
1545.7546298843263,1545.7546298843263,0.97998166,0.0023909141
1545.756018787313,1545.756018787313,0.9785742,0.0023921132
1545.7574076900676,1545.7574076900676,0.980277,0.0023942243
1545.7587965930543,1545.7587965930543,0.97707504,0.00239061
1545.7601854960403,1545.7601854960403,0.97785413,0.0023935921
1545.7615743987942,1545.7615743987942,0.978312,0.0023921079
1545.762963301781,1545.762963301781,0.9785805,0.0023948012
1545.764352204534,1545.764352204534,0.9799836,0.0023916003
1545.7657411075206,1545.7657411075206,0.97778803,0.0023934045
1545.7671300102752,1545.7671300102752,0.98049486,0.002390566
1545.768518913262,1545.768518913262,0.97974443,0.0023923626
1545.7699078160151,1545.7699078160151,0.97855705,0.0023920143
1545.7712967190018,1545.7712967190018,0.9761033,0.0023896124
1545.7726856217564,1545.7726856217564,0.97891057,0.002393785
1545.7740745247431,1545.7740745247431,0.97797954,0.0023927146
1545.7754634274963,1545.7754634274963,0.977587,0.0023998225
1545.7768523302502,1545.7768523302502,0.976371,0.0023901218
1545.778241233237,1545.778241233237,0.97806203,0.002390086
1545.7796301359901,1545.7796301359901,0.9801997,0.0023935426
1545.7810190389766,1545.7810190389766,0.9803231,0.0023924315
1545.7824079417312,1545.7824079417312,0.9789792,0.0023904827
1545.783796844718,1545.783796844718,0.97796893,0.002391735
1545.7851857474711,1545.7851857474711,0.97941685,0.0023920694
1545.7865746504579,1545.7865746504579,0.9784518,0.0023955887
1545.7879635532117,1545.7879635532117,0.9799979,0.0023910613
1545.7893524559656,1545.7893524559656,0.97901744,0.0023914583
1545.7907413589523,1545.7907413589523,1.0079486,0.0024060097
1545.7921302617062,1545.7921302617062,1.0161945,0.0024126547
1545.7935191644601,1545.7935191644601,0.99645704,0.002409568
1545.794908067446,1545.794908067446,0.9930932,0.00239763
1545.7962969701998,1545.7962969701998,0.9844058,0.002392652
1545.7976858731872,1545.7976858731872,0.9847626,0.0023943293
1545.799074775941,1545.799074775941,0.98801225,0.002393338
1545.8004636786943,1545.8004636786943,0.9827559,0.0023927994
1545.801852581681,1545.801852581681,0.98422617,0.0023966003
1545.803241484435,1545.803241484435,0.9832585,0.002393105
1545.8046303871888,1545.8046303871888,0.98403335,0.0023947954
1545.8060192901755,1545.8060192901755,0.98001176,0.002389992
1545.8074081929294,1545.8074081929294,0.9843034,0.0024026285
1545.8087970956833,1545.8087970956833,0.9797884,0.0023974087
1545.810185998669,1545.810185998669,0.9810739,0.0023959598
1545.8115749014223,1545.8115749014223,0.97811097,0.002391268
1545.812963804177,1545.812963804177,0.980586,0.0024005272
1545.8143527071643,1545.8143527071643,0.98161274,0.00239056
1545.8157416099175,1545.8157416099175,0.983704,0.0023929004
1545.8171305126714,1545.8171305126714,0.9790711,0.0023952539
1545.8185194154253,1545.8185194154253,0.98024386,0.0023931093
1545.819908318412,1545.819908318412,0.9789463,0.0023913644
1545.8212972211659,1545.8212972211659,0.98017126,0.0023902417
1545.8226861239198,1545.8226861239198,0.9803576,0.002392292
1545.8240750269063,1545.8240750269063,0.9817928,0.0023916636
1545.8254639296595,1545.8254639296595,0.9812881,0.0023934525
1545.8268528324127,1545.8268528324127,0.97750205,0.0023923665
1545.8282417351672,1545.8282417351672,0.9806143,0.0023923612
1545.8296306379218,1545.8296306379218,0.98041755,0.0023910573
1545.8310195409078,1545.8310195409078,0.97727567,0.0023920764
1545.8324084436617,1545.8324084436617,0.97861373,0.0024031256
1545.8337973464156,1545.8337973464156,0.98304814,0.002394703
1545.8351862491688,1545.8351862491688,0.9789181,0.002391839
1545.8365751521555,1545.8365751521555,0.97578084,0.0023910743
1545.8379640549101,1545.8379640549101,0.9781392,0.0023909148
1545.839352957664,1545.839352957664,0.9783105,0.0023907365
1545.840741860417,1545.840741860417,0.97723204,0.0023941398
1545.8421307631702,1545.8421307631702,0.98214275,0.0023929973
1545.8435196661576,1545.8435196661576,0.97824395,0.0023930895
1545.8449085689122,1545.8449085689122,0.97422403,0.0023889926
1545.8462974716654,1545.8462974716654,0.9771219,0.0023909968
1545.8476863744193,1545.8476863744193,0.9797279,0.002391724
1545.8490752771731,1545.8490752771731,0.9764127,0.0023931481
1545.8504641799263,1545.8504641799263,0.97696763,0.0023932734
1545.8518530826802,1545.8518530826802,0.97665167,0.0023887968
1545.8532419856676,1545.8532419856676,0.9773011,0.0023957046
1545.8546308884213,1545.8546308884213,0.9730208,0.002387613
1545.8560197911745,1545.8560197911745,0.9737204,0.0023883416
1545.8574086939284,1545.8574086939284,0.9741849,0.0023889535
1545.8587975966823,1545.8587975966823,0.98025936,0.00239635
1545.8601864994362,1545.8601864994362,0.9768588,0.0023936883
1545.86157540219,1545.86157540219,0.9777763,0.0023910664
1545.862964304944,1545.862964304944,0.9767695,0.0023897195
1545.8643532076978,1545.8643532076978,0.98192286,0.0023965125
1545.865742110451,1545.865742110451,0.9768295,0.0023885146
1545.8671310134378,1545.8671310134378,0.97582686,0.002392259
1545.868519916192,1545.868519916192,0.97537607,0.0023947633
1545.869908818946,1545.869908818946,0.9771415,0.002391603
1545.8712977216992,1545.8712977216992,0.97731245,0.0023893495
1545.872686624453,1545.872686624453,0.9786947,0.0023907574
1545.874075527207,1545.874075527207,0.9783081,0.0023903837
1545.8754644299609,1545.8754644299609,0.97193736,0.0023876787
1545.8768533327147,1545.8768533327147,0.9749811,0.0023912431
1545.8782422354686,1545.8782422354686,0.97473204,0.002388179
1545.8796311382225,1545.8796311382225,0.97395325,0.0023923076
1545.8810200409757,1545.8810200409757,0.9784921,0.0023915633
1545.8824089437287,1545.8824089437287,0.9759593,0.0023915172
1545.8837978464833,1545.8837978464833,0.9740095,0.0023871085
1545.8851867492378,1545.8851867492378,0.97691095,0.0023892964
1545.886575651991,1545.886575651991,0.9779894,0.0023898315
1545.887964554745,1545.887964554745,0.97694373,0.00239055
1545.8893534574988,1545.8893534574988,0.9753763,0.0023866678
1545.890742360252,1545.890742360252,0.97736794,0.0024021342
1545.892131263006,1545.892131263006,0.97468376,0.002388544
1545.8935201657605,1545.8935201657605,0.9776059,0.0023994627
1545.8949090685144,1545.8949090685144,0.97197354,0.0023930715
1545.8962979712676,1545.8962979712676,0.9784041,0.002389756
1545.8976868740208,1545.8976868740208,0.97670656,0.0023920897
1545.8990757765423,1545.8990757765423,0.9782832,0.0023883125
1545.9004646792969,1545.9004646792969,0.972813,0.002389163
1545.90185358205,1545.90185358205,0.9784137,0.0023984113
1545.903242484804,1545.903242484804,0.97798115,0.0023914513
1545.9046313875579,1545.9046313875579,0.9750264,0.0023890373
1545.906020290311,1545.906020290311,0.9777009,0.0023980245
1545.907409193065,1545.907409193065,0.9794055,0.0023990616
1545.9087980958195,1545.9087980958195,0.9806005,0.0023900298
1545.9101869985734,1545.9101869985734,0.9760042,0.002405372
1545.9115759013266,1545.9115759013266,0.97788143,0.002398512
1545.9129648038468,1545.9129648038468,0.9764007,0.0023905076
1545.9143537066007,1545.9143537066007,0.9730106,0.0023929328
1545.9157426093552,1545.9157426093552,0.9751241,0.0023885737
1545.917131512109,1545.917131512109,0.97895396,0.0023927477
1545.918520414863,1545.918520414863,0.9778505,0.0023912082
1545.9199093176169,1545.9199093176169,0.97864234,0.0023923586
1545.92129822037,1545.92129822037,0.9781058,0.002390795
1545.9226871228911,1545.9226871228911,0.98212606,0.0023940874
1545.9240760256457,1545.9240760256457,0.97579664,0.002392023
1545.9254649283996,1545.9254649283996,0.98049694,0.0023895975
1545.9268538311528,1545.9268538311528,0.9761156,0.0023912147
1545.9282427339058,1545.9282427339058,0.97440195,0.0023867397
1545.9296316364268,1545.9296316364268,0.97923255,0.0023919987
1545.9310205391814,1545.9310205391814,0.9776764,0.0023946576
1545.9324094419353,1545.9324094419353,0.98146,0.0023907584
1545.9337983446892,1545.9337983446892,0.9801065,0.0023938317
1545.935187247443,1545.935187247443,0.9794362,0.0023909297
1545.9365761499635,1545.9365761499635,0.9781339,0.0023918264
1545.9379650527167,1545.9379650527167,0.98103696,0.0023928962
1545.9393539554712,1545.9393539554712,0.97664785,0.0023905202
1545.9407428582258,1545.9407428582258,0.9797047,0.002391858
1545.942131760746,1545.942131760746,0.9776494,0.0023928212
1545.9435206634992,1545.9435206634992,0.9809733,0.0023916543
1545.944909566253,1545.944909566253,0.9813067,0.0023926664
1545.9462984690076,1545.9462984690076,0.9791687,0.0023930366
1545.9476873715287,1545.9476873715287,0.97717494,0.0023899411
1545.9490762742826,1545.9490762742826,0.9765686,0.002390536
1545.9504651770364,1545.9504651770364,0.9794847,0.0023917109
1545.9518540795568,1545.9518540795568,0.9776615,0.002391675
1545.95324298231,1545.95324298231,0.97704864,0.002391589
1545.9546318850646,1545.9546318850646,0.9808109,0.0023907442
1545.9560207875863,1545.9560207875863,0.97868264,0.0023920683
1545.9574096903395,1545.9574096903395,0.97947735,0.0023896073
1545.9587985930925,1545.9587985930925,0.981443,0.0023931493
1545.9601874956136,1545.9601874956136,0.9779111,0.002390422
1545.9615763983675,1545.9615763983675,0.97599953,0.0023901025
1545.9629653011214,1545.9629653011214,0.97809285,0.0023984036
1545.964354203643,1545.964354203643,0.97567225,0.0023879793
1545.965743106397,1545.965743106397,0.97830474,0.0023901265
1545.9671320091502,1545.9671320091502,0.9789897,0.0023895171
1545.9685209116706,1545.9685209116706,0.9769795,0.0023960008
1545.9699098144245,1545.9699098144245,0.977026,0.0023915463
1545.9712987169462,1545.9712987169462,0.97923356,0.0023915826
1545.9726876196999,1545.9726876196999,0.9787584,0.002393528
1545.9740765224537,1545.9740765224537,0.9789323,0.0023906725
1545.9754654249748,1545.9754654249748,0.97669506,0.0023929705
1545.976854327728,1545.976854327728,0.97772735,0.0023898275
1545.978243230249,1545.978243230249,0.9782101,0.002389856
1545.9796321330036,1545.9796321330036,0.97906923,0.0023921942
1545.9810210357575,1545.9810210357575,0.9762395,0.0023920126
1545.982409938278,1545.982409938278,0.9800262,0.0023900177
1545.983798841031,1545.983798841031,0.97904164,0.0023904464
1545.9851877435522,1545.9851877435522,0.98000216,0.0023901695
1545.9865766463067,1545.9865766463067,0.97981685,0.0023926932
1545.9879655488278,1545.9879655488278,0.9793115,0.0023907705
1545.9893544515814,1545.9893544515814,0.9826843,0.002392266
1545.9907433541025,1545.9907433541025,0.98170966,0.0023930648
1545.9921322568557,1545.9921322568557,0.97862357,0.0023926056
1545.993521159376,1545.993521159376,0.9788335,0.002395535
1545.9949100621307,1545.9949100621307,0.97925407,0.0023923193
1545.9962989646524,1545.9962989646524,0.9817862,0.0023933186
1545.9976878674056,1545.9976878674056,0.9818251,0.0023928927
1545.999076769926,1545.999076769926,0.9835412,0.002390989
1546.0004656726799,1546.0004656726799,0.9811795,0.002392619
1546.0018545752016,1546.0018545752016,0.98360634,0.0023912988
1546.0032434779553,1546.0032434779553,0.9798211,0.0023916597
1546.0046323804763,1546.0046323804763,0.9817487,0.0023996553
1546.0060212832302,1546.0060212832302,0.97807556,0.0023894913
1546.0074101857506,1546.0074101857506,0.9790176,0.0024000707
1546.0087990885038,1546.0087990885038,0.98151755,0.0023908904
1546.0101879910255,1546.0101879910255,0.9788203,0.0023906801
1546.01157689378,1546.01157689378,0.9770858,0.0023926725
1546.0129657963005,1546.0129657963005,0.98196423,0.002396138
1546.0143546988209,1546.0143546988209,0.9823252,0.002393282
1546.0157436015747,1546.0157436015747,0.9812575,0.0023915456
1546.0171325040958,1546.0171325040958,0.9828332,0.0023926124
1546.0185214068495,1546.0185214068495,0.9841548,0.0023927318
1546.0199103093712,1546.0199103093712,0.97973716,0.0023969717
1546.0212992118923,1546.0212992118923,0.9816347,0.0023997116
1546.0226881146455,1546.0226881146455,0.97837025,0.0023905907
1546.0240770171658,1546.0240770171658,0.97964376,0.0023906482
1546.025465919687,1546.025465919687,0.9785304,0.0023961882
1546.0268548224415,1546.0268548224415,0.9810401,0.0023943074
1546.0282437249625,1546.0282437249625,0.9822552,0.0024014811
1546.0296326277157,1546.0296326277157,0.9835845,0.002395309
1546.0310215302368,1546.0310215302368,0.98280525,0.0023940804
1546.0324104327576,1546.0324104327576,0.9817102,0.0023910592
1546.0337993355115,1546.0337993355115,0.981985,0.0023905279
1546.0351882380332,1546.0351882380332,0.9833231,0.0023923123
1546.0365771405543,1546.0365771405543,0.98528284,0.002393152
1546.0379660433075,1546.0379660433075,0.98133916,0.0023906005
1546.0393549458279,1546.0393549458279,0.9855267,0.0023956832
1546.040743848349,1546.040743848349,0.9822617,0.0023941086
1546.0421327508707,1546.0421327508707,0.98407435,0.002392739
1546.0435216536246,1546.0435216536246,0.9878748,0.0024020232
1546.044910556145,1546.044910556145,0.98413634,0.0023946688
1546.0462994586658,1546.0462994586658,0.98182636,0.0023956462
1546.0476883614197,1546.0476883614197,0.9832086,0.0023920243
1546.04907726394,1546.04907726394,0.98636264,0.002397316
1546.0504661664618,1546.0504661664618,0.9825695,0.0023972655
1546.0518550689835,1546.0518550689835,0.986589,0.0023967256
1546.0532439717367,1546.0532439717367,0.9832839,0.0023953114
1546.054632874257,1546.054632874257,0.98606616,0.002395431
1546.0560217767782,1546.0560217767782,0.98523307,0.002401044
1546.0574106793,1546.0574106793,0.987207,0.0023976546
1546.058799581821,1546.058799581821,0.9831082,0.002393342
1546.060188484574,1546.060188484574,0.9853038,0.0023935493
1546.061577387095,1546.061577387095,0.98169726,0.0023928103
1546.062966289616,1546.062966289616,0.9812895,0.0023913558
1546.0643551921364,1546.0643551921364,0.98831356,0.0023970744
1546.0657440946582,1546.0657440946582,0.9882603,0.0023979808
1546.0671329974127,1546.0671329974127,0.9860296,0.0023946234
1546.068521899933,1546.068521899933,0.9847991,0.002392871
1546.0699108024535,1546.0699108024535,0.9804987,0.0024010309
1546.0712997049745,1546.0712997049745,0.9872202,0.0023947684
1546.0726886074956,1546.0726886074956,0.9856264,0.0023952757
1546.0740775100167,1546.0740775100167,0.9835441,0.0023979116
1546.0754664127712,1546.0754664127712,0.9869177,0.0023949475
1546.0768553152923,1546.0768553152923,0.9863685,0.0023969447
1546.0782442178124,1546.0782442178124,0.98580873,0.0023949489
1546.0796331203328,1546.0796331203328,0.985994,0.0023958453
1546.0810220228539,1546.0810220228539,0.9895466,0.0023945572
1546.0824109253756,1546.0824109253756,0.98621434,0.0023954436
1546.0837998278967,1546.0837998278967,0.9895846,0.0023963796
1546.085188730417,1546.085188730417,0.9855616,0.0023950888
1546.086577633171,1546.086577633171,0.98836553,0.0023966297
1546.087966535692,1546.087966535692,0.98727554,0.0023960874
1546.089355438213,1546.089355438213,0.98750734,0.0023960434
1546.0907443407348,1546.0907443407348,0.9871173,0.002393187
1546.0921332432556,1546.0921332432556,0.9877335,0.002398584
1546.093522145776,1546.093522145776,0.98801965,0.0023954813
1546.0949110482964,1546.0949110482964,0.98975396,0.0023963533
1546.0962999508174,1546.0962999508174,0.98423326,0.002414015
1546.0976888533392,1546.0976888533392,0.9889605,0.0024088698
1546.0990777558602,1546.0990777558602,0.98639494,0.0023936315
1546.1004666583806,1546.1004666583806,0.9887438,0.002396374
1546.1018555609016,1546.1018555609016,0.9908624,0.0023968949
1546.1032444634227,1546.1032444634227,0.98998255,0.0023960387
1546.104633365943,1546.104633365943,0.98937005,0.0023931384
1546.1060222684646,1546.1060222684646,0.9909477,0.0023987882
1546.1074111709863,1546.1074111709863,0.9914822,0.0023972674
1546.1088000735067,1546.1088000735067,0.9904099,0.0023987158
1546.110188976027,1546.110188976027,0.9885839,0.0023948967
1546.1115778785481,1546.1115778785481,0.9894494,0.0023969996
1546.1129667810692,1546.1129667810692,0.9879403,0.0023977465
1546.1143556835902,1546.1143556835902,0.9907684,0.0023962553
1546.1157445861113,1546.1157445861113,0.98813474,0.0023947211
1546.1171334886324,1546.1171334886324,0.9903842,0.002398881
1546.1185223911534,1546.1185223911534,0.9909517,0.002398203
1546.1199112936736,1546.1199112936736,0.9891842,0.0023971691
1546.1213001961953,1546.1213001961953,0.9917762,0.002397494
1546.122689098717,1546.122689098717,0.991733,0.0023960045
1546.1240780012374,1546.1240780012374,0.99063975,0.0023973288
1546.1254669037578,1546.1254669037578,0.987116,0.0023976348
1546.126855806046,1546.126855806046,0.99590343,0.0024046572
1546.128244708567,1546.128244708567,0.9873405,0.0023948348
1546.1296336110881,1546.1296336110881,0.9931537,0.002399003
1546.1310225136092,1546.1310225136092,0.9936409,0.0023962548
1546.1324114161303,1546.1324114161303,0.9953083,0.0023988239
1546.1338003186513,1546.1338003186513,0.9903351,0.0024058416
1546.1351892211717,1546.1351892211717,0.9929735,0.0023966196
1546.1365781236925,1546.1365781236925,0.99296176,0.0023988124
1546.1379670259814,1546.1379670259814,0.9937087,0.0024023924
1546.1393559285025,1546.1393559285025,0.99261874,0.0023986294
1546.1407448310229,1546.1407448310229,0.9932982,0.0024007822
1546.142133733544,1546.142133733544,0.99642104,0.0023999738
1546.143522636065,1546.143522636065,0.99647534,0.0024135255
1546.1449115385853,1546.1449115385853,1.0005151,0.0024043743
1546.1463004408736,1546.1463004408736,0.99390835,0.0024002353
1546.1476893433953,1546.1476893433953,0.99504733,0.0024017163
1546.1490782459161,1546.1490782459161,0.99439955,0.0023987463
1546.1504671484365,1546.1504671484365,0.99252945,0.0023977782
1546.1518560509576,1546.1518560509576,0.99573416,0.0024081077
1546.1532449532465,1546.1532449532465,0.99388534,0.0023967193
1546.1546338557675,1546.1546338557675,0.9982449,0.0023980523
1546.156022758288,1546.156022758288,0.99673307,0.0024007584
1546.157411660809,1546.157411660809,1.0002549,0.002405528
1546.15880056333,1546.15880056333,0.99568194,0.0023996674
1546.1601894656176,1546.1601894656176,0.9950764,0.0024012087
1546.1615783681386,1546.1615783681386,0.99588925,0.0023971922
1546.1629672706604,1546.1629672706604,0.99785644,0.0024029568
1546.1643561729486,1546.1643561729486,0.9951797,0.002400287
1546.1657450754687,1546.1657450754687,0.995277,0.0023995114
1546.1671339779898,1546.1671339779898,0.9961645,0.0024000914
1546.1685228805109,1546.1685228805109,0.99513936,0.002399434
1546.169911782799,1546.169911782799,0.9955521,0.0024022898
1546.1713006853201,1546.1713006853201,0.99731237,0.0023984371
1546.1726895878412,1546.1726895878412,0.99560744,0.002399399
1546.1740784901294,1546.1740784901294,0.9958003,0.0024002974
1546.1754673926498,1546.1754673926498,0.99494594,0.0023995307
1546.1768562951709,1546.1768562951709,0.99766755,0.0024002083
1546.1782451974598,1546.1782451974598,0.9987091,0.0023970313
1546.1796340999806,1546.1796340999806,0.9936226,0.0023985289
1546.181023002501,1546.181023002501,0.9953214,0.0023991105
1546.1824119047892,1546.1824119047892,0.9937404,0.002399175
1546.1838008073103,1546.1838008073103,0.99639183,0.0023981142
1546.1851897098313,1546.1851897098313,0.99789894,0.002398489
1546.1865786121195,1546.1865786121195,0.99705166,0.0024030006
1546.1879675146406,1546.1879675146406,0.99749,0.0024009258
1546.1893564171617,1546.1893564171617,0.9979091,0.0024003861
1546.1907453194492,1546.1907453194492,0.99723357,0.0023991144
1546.1921342219703,1546.1921342219703,0.9986701,0.002401363
1546.1935231242592,1546.1935231242592,0.9942962,0.0023994423
1546.1949120267802,1546.1949120267802,0.9940355,0.002400443
1546.1963009293004,1546.1963009293004,0.9938424,0.0023982928
1546.1976898315886,1546.1976898315886,0.9995294,0.0023990886
1546.1990787341097,1546.1990787341097,0.9970951,0.0024072435
1546.2004676363972,1546.2004676363972,0.99732316,0.0024052998
1546.2018565389183,1546.2018565389183,0.9981374,0.0023992378
1546.2032454412072,1546.2032454412072,0.9973914,0.0023990963
1546.2046343437282,1546.2046343437282,0.99826443,0.0024022784
1546.2060232462486,1546.2060232462486,0.9956883,0.0024062472
1546.2074121485368,1546.2074121485368,0.9984395,0.0023996576
1546.2088010510586,1546.2088010510586,0.99948424,0.0024004325
1546.2101899533466,1546.2101899533466,0.9973571,0.002398471
1546.211578855867,1546.211578855867,0.9959735,0.0023983982
1546.2129677581552,1546.2129677581552,0.9988861,0.0023993128
1546.2143566606762,1546.2143566606762,0.9977749,0.0023988676
1546.2157455629638,1546.2157455629638,0.9989837,0.0023994544
1546.2171344654848,1546.2171344654848,0.99472547,0.0024006956
1546.2185233677737,1546.2185233677737,1.0000372,0.0023995952
1546.2199122702948,1546.2199122702948,0.9994149,0.0024040095
1546.2213011725823,1546.2213011725823,0.9971843,0.0023982862
1546.2226900751034,1546.2226900751034,0.9988967,0.0024010222
1546.2240789773916,1546.2240789773916,0.9999167,0.002410004
1546.2254678796796,1546.2254678796796,0.9999941,0.0024103916
1546.2268567822007,1546.2268567822007,1.0006758,0.0024005487
1546.228245684489,1546.228245684489,0.9970728,0.0023979088
1546.22963458701,1546.22963458701,1.0009223,0.00240176
1546.2310234892975,1546.2310234892975,1.0001343,0.0024025156
1546.232412391818,1546.232412391818,0.99863076,0.0023986625
1546.2338012941068,1546.2338012941068,0.9995632,0.0024014874
1546.2351901963957,1546.2351901963957,1.0035309,0.0024017694
1546.236579098916,1546.236579098916,1.0011582,0.0024005696
1546.2379680012043,1546.2379680012043,1.0017939,0.0024095238
1546.2393569037251,1546.2393569037251,0.99914724,0.0023992257
1546.2407458060134,1546.2407458060134,1.0002075,0.002400706
1546.2421347083016,1546.2421347083016,0.9977379,0.0024003733
1546.2435236108226,1546.2435236108226,1.0033402,0.0024005242
1546.2449125131109,1546.2449125131109,1.0020947,0.00240182
1546.2463014153984,1546.2463014153984,0.9990816,0.0024032842
1546.2476903179188,1546.2476903179188,0.9997252,0.0024054209
1546.2490792202077,1546.2490792202077,1.0016809,0.0024008518
1546.2504681224966,1546.2504681224966,1.0055511,0.0024053585
1546.251857025017,1546.251857025017,1.0028375,0.0024062209
1546.253245927305,1546.253245927305,1.0012507,0.0024009296
1546.2546348295932,1546.2546348295932,1.0010436,0.0024040106
1546.2560237321136,1546.2560237321136,1.001005,0.0024107334
1546.2574126344018,1546.2574126344018,1.0017811,0.0024047827
1546.2588015366907,1546.2588015366907,0.9996958,0.0024015512
1546.2601904392118,1546.2601904392118,1.0014995,0.002402313
1546.2615793414993,1546.2615793414993,1.0031459,0.002403475
1546.2629682437869,1546.2629682437869,1.0010643,0.0024012623
1546.264357146075,1546.264357146075,1.0019358,0.0023998437
1546.2657460485968,1546.2657460485968,1.0031048,0.0024019727
1546.267134950885,1546.267134950885,1.0035933,0.0024021643
1546.2685238531733,1546.2685238531733,1.0005833,0.002407594
1546.2699127554613,1546.2699127554613,1.0024439,0.0024046828
1546.2713016579817,1546.2713016579817,1.00273,0.0024022125
1546.2726905602692,1546.2726905602692,1.0014708,0.002410542
1546.2740794625581,1546.2740794625581,1.0028747,0.0024042751
1546.275468364847,1546.275468364847,1.0029577,0.0024017005
1546.2768572671346,1546.2768572671346,1.0024316,0.0024047755
1546.278246169655,1546.278246169655,1.0039175,0.0024042705
1546.2796350719432,1546.2796350719432,1.0039148,0.0024051724
1546.281023974232,1546.281023974232,1.0026512,0.0024034774
1546.2824128765203,1546.2824128765203,1.002394,0.00240366
1546.2838017788083,1546.2838017788083,1.0008345,0.0024047075
1546.2851906813294,1546.2851906813294,1.0041494,0.0024045212
1546.286579583617,1546.286579583617,1.0043784,0.0024082193
1546.2879684859045,1546.2879684859045,1.0040133,0.0024011082
1546.2893573881934,1546.2893573881934,1.0027095,0.0024010544
1546.2907462904823,1546.2907462904823,1.0039636,0.0024000641
1546.2921351927698,1546.2921351927698,1.0032,0.0024030053
1546.2935240950574,1546.2935240950574,1.0037016,0.0024067063
1546.2949129975784,1546.2949129975784,1.0022221,0.0024012355
1546.2963018998666,1546.2963018998666,1.0050005,0.0024041992
1546.2976908021549,1546.2976908021549,1.0035038,0.002406383
1546.2990797044436,1546.2990797044436,1.0029819,0.002401807
1546.3004686067318,1546.3004686067318,1.0068266,0.0024040258
1546.3018575090193,1546.3018575090193,1.0044911,0.0024008043
1546.3032464113069,1546.3032464113069,1.0046154,0.0024017037
1546.304635313595,1546.304635313595,1.0070642,0.0024105934
1546.306024215884,1546.306024215884,1.0027673,0.0024025124
1546.3074131181722,1546.3074131181722,1.0079782,0.0024048276
1546.3088020204605,1546.3088020204605,1.0065684,0.0024051443
1546.3101909229815,1546.3101909229815,1.0057794,0.0024102398
1546.311579825269,1546.311579825269,1.0058727,0.0024042754
1546.312968727557,1546.312968727557,1.0050027,0.0024053338
1546.314357629846,1546.314357629846,1.0072912,0.002404513
1546.3157465321342,1546.3157465321342,1.0066189,0.002406473
1546.3171354344217,1546.3171354344217,1.0043027,0.002406133
1546.3185243367093,1546.3185243367093,1.0073867,0.0024046653
1546.3199132389975,1546.3199132389975,1.0042933,0.0024012781
1546.3213021412864,1546.3213021412864,1.0057291,0.0024019475
1546.3226910435747,1546.3226910435747,1.0019795,0.0024017126
1546.3240799458629,1546.3240799458629,1.0020546,0.0024004315
1546.325468848151,1546.325468848151,1.0061172,0.002406275
1546.3268577504384,1546.3268577504384,1.0104665,0.002414502
1546.328246652726,1546.328246652726,1.0035579,0.0024052518
1546.3296355550149,1546.3296355550149,1.0051713,0.002405318
1546.331024457071,1546.331024457071,1.0075322,0.0024157735
1546.3324133593585,1546.3324133593585,1.0044556,0.0024024234
1546.333802261646,1546.333802261646,1.0064219,0.0024055666
1546.3351911639343,1546.3351911639343,1.009451,0.0024034425
1546.3365800662225,1546.3365800662225,1.0075401,0.0024098777
1546.3379689685107,1546.3379689685107,1.0047634,0.002402717
1546.3393578707996,1546.3393578707996,1.009285,0.0024046516
1546.3407467730879,1546.3407467730879,1.0059582,0.0024058607
1546.3421356753754,1546.3421356753754,1.0060662,0.0024040875
1546.3435245776627,1546.3435245776627,1.0076656,0.0024062037
1546.3449134799516,1546.3449134799516,1.0056989,0.0024037103
1546.3463023822405,1546.3463023822405,1.0051222,0.0024035454
1546.3476912842953,1546.3476912842953,1.0087883,0.0024049727
1546.3490801865828,1546.3490801865828,1.0086704,0.002408513
1546.350469088871,1546.350469088871,1.0049044,0.0024013629
1546.3518579911592,1546.3518579911592,1.0065217,0.0024055655
1546.3532468934475,1546.3532468934475,1.0081029,0.00240704
1546.3546357957364,1546.3546357957364,1.0042766,0.0024039133
1546.3560246977918,1546.3560246977918,1.0072327,0.0024045743
1546.357413600079,1546.357413600079,1.0120558,0.0024073578
1546.3588025023666,1546.3588025023666,1.0081364,0.0024052332
1546.3601914046549,1546.3601914046549,1.0082767,0.0024054395
1546.3615803069438,1546.3615803069438,1.0095626,0.0024085368
1546.362969209232,1546.362969209232,1.0054677,0.0024057424
1546.3643581112867,1546.3643581112867,1.0098177,0.0024088393
1546.365747013575,1546.365747013575,1.0125164,0.002409268
1546.3671359158632,1546.3671359158632,1.0209882,0.0024176226
1546.3685248181507,1546.3685248181507,1.01354,0.0024099841
1546.3699137202068,1546.3699137202068,1.0150839,0.0024076824
1546.3713026224957,1546.3713026224957,1.0110282,0.0024046297
1546.372691524783,1546.372691524783,1.0126375,0.0024068034
1546.3740804270706,1546.3740804270706,1.0143204,0.0024082367
1546.375469329126,1546.375469329126,1.0143404,0.0024077075
1546.3768582314142,1546.3768582314142,1.0121318,0.002406278
1546.3782471337024,1546.3782471337024,1.014599,0.0024090528
1546.3893583513088,1546.3893583513088,1.0168381,0.002414928
1546.390747253597,1546.390747253597,1.0135208,0.0024067203
1546.3921361558853,1546.3921361558853,1.010947,0.002412824
1546.3935250579407,1546.3935250579407,1.0170048,0.0024143965
1546.394913960229,1546.394913960229,1.0116061,0.002405197
1546.3963028625171,1546.3963028625171,1.0118787,0.0024062253
1546.3976917645725,1546.3976917645725,1.0147212,0.0024073161
1546.39908066686,1546.39908066686,1.0119585,0.002406776
1546.400469569148,1546.400469569148,1.0113727,0.0024054043
1546.4018584712042,1546.4018584712042,1.012383,0.002406794
1546.4032473734924,1546.4032473734924,1.0156678,0.002408651
1546.404636275547,1546.404636275547,1.0111911,0.0024063082
1546.4060251778353,1546.4060251778353,1.0110567,0.0024063888
1546.4074140801235,1546.4074140801235,1.0112059,0.002408351
1546.4088029821783,1546.4088029821783,1.0109037,0.002407838
1546.4101918844665,1546.4101918844665,1.0120133,0.00240652
1546.4115807865226,1546.4115807865226,1.0101819,0.0024047655
1546.4129696888108,1546.4129696888108,1.0165739,0.002410117
1546.4143585908655,1546.4143585908655,1.0145719,0.0024070023
1546.4157474931537,1546.4157474931537,1.0139953,0.0024077184
1546.4171363954424,1546.4171363954424,1.0126141,0.0024065403
1546.4185252974978,1546.4185252974978,1.0098015,0.0024049236
1546.4199141997854,1546.4199141997854,1.011199,0.0024064998
1546.4213031018407,1546.4213031018407,1.010791,0.0024032048
1546.422692004129,1546.422692004129,1.0104254,0.0024143322
1546.4240809061837,1546.4240809061837,1.015375,0.002407339
1546.4254698084726,1546.4254698084726,1.0138934,0.0024075003
1546.4268587105287,1546.4268587105287,1.0127665,0.0024087029
1546.4282476128162,1546.4282476128162,1.0138665,0.0024058542
1546.429636514871,1546.429636514871,1.012834,0.0024081126
1546.431025417159,1546.431025417159,1.0131412,0.0024089147
1546.4324143192143,1546.4324143192143,1.0115579,0.0024069892
1546.4338032215026,1546.4338032215026,1.0131217,0.0024078775
1546.435192123558,1546.435192123558,1.014596,0.002417468
1546.4365810256133,1546.4365810256133,1.0136907,0.0024083718
1546.4379699279016,1546.4379699279016,1.0154543,0.002413757
1546.4393588299563,1546.4393588299563,1.0137677,0.0024076186
1546.4407477322445,1546.4407477322445,1.0103182,0.0024058996
1546.4421366343006,1546.4421366343006,1.0131308,0.0024069662
1546.4435255365888,1546.4435255365888,1.0157076,0.0024056956
1546.4449144386433,1546.4449144386433,1.0137239,0.0024176035
1546.4463033406987,1546.4463033406987,1.0128651,0.002407003
1546.447692242987,1546.447692242987,1.0141221,0.0024098896
1546.4490811450416,1546.4490811450416,1.0155737,0.0024092044
1546.450470047097,1546.450470047097,1.0144489,0.002404654
1546.451858949386,1546.451858949386,1.0129721,0.0024076947
1546.4532478514413,1546.4532478514413,1.0162013,0.0024075517
1546.454636753729,1546.454636753729,1.0148431,0.0024089683
1546.4560256557843,1546.4560256557843,1.0106196,0.0024076945
1546.4574145578404,1546.4574145578404,1.0149722,0.0024111066
1546.4588034601286,1546.4588034601286,1.0143999,0.0024055282
1546.4601923621833,1546.4601923621833,1.0167831,0.0024146338
1546.4615812642385,1546.4615812642385,1.0111952,0.0024081098
1546.4629701665267,1546.4629701665267,1.0169004,0.002412248
1546.4643590685814,1546.4643590685814,1.0147512,0.002413843
1546.4657479706368,1546.4657479706368,1.0113918,0.002405287
1546.4671368729257,1546.4671368729257,1.0142864,0.0024075352
1546.4685257749811,1546.4685257749811,1.0122765,0.002411445
1546.4699146770358,1546.4699146770358,1.012877,0.0024093927
1546.4713035790912,1546.4713035790912,1.0117602,0.0024069427
1546.4726924813795,1546.4726924813795,1.0166658,0.002407884
1546.4740813834349,1546.4740813834349,1.0199144,0.0024115678
1546.47547028549,1546.47547028549,1.0158509,0.002409255
1546.4768591875454,1546.4768591875454,1.0169876,0.0024062786
1546.4782480898336,1546.4782480898336,1.0128809,0.0024084894
1546.4796369918884,1546.4796369918884,1.0120841,0.0024066041
1546.481025893943,1546.481025893943,1.0136487,0.0024075394
1546.4824147959991,1546.4824147959991,1.0111461,0.002402854
1546.483803698288,1546.483803698288,1.0147347,0.0024073008
1546.4851926003428,1546.4851926003428,1.0161934,0.0024044062
1546.4865815023982,1546.4865815023982,1.0131321,0.0024045133
1546.4879704044536,1546.4879704044536,1.0141096,0.00240652
1546.4893593065083,1546.4893593065083,1.0163565,0.002406902
1546.4907482087963,1546.4907482087963,1.0132303,0.0024075895
1546.4921371108524,1546.4921371108524,1.0122993,0.0024060889
1546.4935260129078,1546.4935260129078,1.0111823,0.002404298
1546.4949149149625,1546.4949149149625,1.0126476,0.0024120316
1546.4963038170172,1546.4963038170172,1.0135669,0.0024080956
1546.4976927190733,1546.4976927190733,1.0115217,0.0024074942
1546.4990816213622,1546.4990816213622,1.0168606,0.0024115504
1546.5004705234169,1546.5004705234169,1.0156769,0.002407456
1546.5018594254723,1546.5018594254723,1.0146761,0.0024073983
1546.5032483275277,1546.5032483275277,1.0145973,0.002411729
1546.5046372295822,1546.5046372295822,1.0192316,0.0024091015
1546.5060261316376,1546.5060261316376,1.0156726,0.0024111576
1546.5074150336936,1546.5074150336936,1.0111752,0.0024054272
1546.508803935749,1546.508803935749,1.0119627,0.0024064947
1546.5101928378037,1546.5101928378037,1.0124155,0.002410987
1546.5115817398585,1546.5115817398585,1.0106574,0.002411389
1546.5129706421467,1546.5129706421467,1.0142031,0.0024087776
1546.5143595442028,1546.5143595442028,1.0104611,0.0024054805
1546.5157484462582,1546.5157484462582,1.0157442,0.0024087918
1546.5171373483136,1546.5171373483136,1.012778,0.0024062681
1546.518526250369,1546.518526250369,1.0111933,0.0024069455
1546.5199151524234,1546.5199151524234,1.0126002,0.0024115138
1546.5213040544782,1546.5213040544782,1.0142051,0.0024112444
1546.5226929565342,1546.5226929565342,1.014427,0.0024094046
1546.5240818585903,1546.5240818585903,1.0135245,0.0024073564
1546.525470760645,1546.525470760645,1.013849,0.002406915
1546.5268596627004,1546.5268596627004,1.0148517,0.0024055026
1546.5282485647558,1546.5282485647558,1.0153327,0.002406914
1546.5296374668105,1546.5296374668105,1.0142121,0.0024063105
1546.531026368866,1546.531026368866,1.0155873,0.0024107175
1546.532415270922,1546.532415270922,1.0128752,0.0024057454
1546.5338041729772,1546.5338041729772,1.0154546,0.0024070365
1546.5351930750319,1546.5351930750319,1.014719,0.0024068027
1546.5365819770866,1546.5365819770866,1.015543,0.0024080947
1546.5379708791427,1546.5379708791427,1.014361,0.002408463
1546.5393597811988,1546.5393597811988,1.012566,0.0024087597
1546.5407486832535,1546.5407486832535,1.0152755,0.0024096905
1546.5421375853089,1546.5421375853089,1.0087912,0.0024042134
1546.5435264873643,1546.5435264873643,1.0155978,0.002406616
1546.5449153891861,1546.5449153891861,1.009262,0.0024087774
1546.5463042912415,1546.5463042912415,1.0119569,0.0024070744
1546.5476931932976,1546.5476931932976,1.012871,0.002406042
1546.549082095353,1546.549082095353,1.0133666,0.0024091129
1546.5504709974075,1546.5504709974075,1.0125024,0.0024053105
1546.5518598994622,1546.5518598994622,1.0138086,0.0024174105
1546.5532488015176,1546.5532488015176,1.011715,0.0024099618
1546.5546377035737,1546.5546377035737,1.0143245,0.0024083855
1546.556026605629,1546.556026605629,1.0132439,0.0024066654
1546.5574155074517,1546.5574155074517,1.0149968,0.0024089636
1546.558804409507,1546.558804409507,1.0157081,0.0024089757
1546.5601933115618,1546.5601933115618,1.013007,0.0024072744
1546.5615822136165,1546.5615822136165,1.0149992,0.0024090474
1546.5629711156726,1546.5629711156726,1.0144868,0.0024122435
1546.5643600177284,1546.5643600177284,1.0124625,0.0024071138
1546.5657489195503,1546.5657489195503,1.0121548,0.0024074505
1546.567137821605,1546.567137821605,1.0132682,0.0024067361
1546.5685267236604,1546.5685267236604,1.0124142,0.0024084458
1546.5699156257158,1546.5699156257158,1.0128338,0.0024057808
1546.5713045277712,1546.5713045277712,1.0093062,0.0024044835
1546.5726934295944,1546.5726934295944,1.0150821,0.0024076581
1546.5740823316498,1546.5740823316498,1.0152771,0.002415382
1546.5754712337045,1546.5754712337045,1.0167185,0.0024084293
1546.5768601357593,1546.5768601357593,1.0139676,0.002407121
1546.5782490375825,1546.5782490375825,1.0104086,0.002404711
1546.5796379396386,1546.5796379396386,1.0160027,0.0024071415
1546.581026841693,1546.581026841693,1.0152609,0.002408136
1546.5824157437478,1546.5824157437478,1.0155302,0.0024099532
1546.5838046455704,1546.5838046455704,1.0166485,0.0024094945
1546.5851935476257,1546.5851935476257,1.0141157,0.0024062148
1546.5865824496811,1546.5865824496811,1.0107383,0.0024062942
1546.5879713517372,1546.5879713517372,1.0171992,0.0024139246
1546.5893602535598,1546.5893602535598,1.0092962,0.002403502
1546.5907491556145,1546.5907491556145,1.0117114,0.002407246
1546.592138057669,1546.592138057669,1.0186787,0.0024072938
1546.5935269594916,1546.5935269594916,1.0136967,0.0024055573
1546.5949158615476,1546.5949158615476,1.0122241,0.0024087
1546.596304763603,1546.596304763603,1.0135655,0.0024070586
1546.597693665425,1546.597693665425,1.0116545,0.002405723
1546.5990825674803,1546.5990825674803,1.0126677,0.0024083175
1546.6004714695357,1546.6004714695357,1.0139579,0.00241537
1546.6018603713576,1546.6018603713576,1.0119407,0.0024136333
1546.6032492734137,1546.6032492734137,1.0145849,0.002406674
1546.6046381754697,1546.6046381754697,1.0114412,0.002410344
1546.6060270772916,1546.6060270772916,1.0098596,0.0024073417
1546.6074159793463,1546.6074159793463,1.0119835,0.002409537
1546.6088048811687,1546.6088048811687,1.0142564,0.0024158775
1546.610193783224,1546.610193783224,1.0130463,0.0024137122
1546.6115826852795,1546.6115826852795,1.0117366,0.0024079797
1546.612971587102,1546.612971587102,1.0105228,0.0024105129
1546.6143604891574,1546.6143604891574,1.0128056,0.0024081946
1546.61574939098,1546.61574939098,1.0111157,0.0024059266
1546.6171382930347,1546.6171382930347,1.0131441,0.0024065042
1546.618527194858,1546.618527194858,1.0143782,0.0024059752
1546.619916096914,1546.619916096914,1.0111009,0.0024045813
1546.621304998736,1546.621304998736,1.0122979,0.0024158594
1546.6226939007904,1546.6226939007904,1.0133337,0.0024086337
1546.6240828028458,1546.6240828028458,1.0120113,0.0024084854
1546.6254717046684,1546.6254717046684,1.015592,0.0024069382
1546.6268606067238,1546.6268606067238,1.0094246,0.002406606
1546.6282495085463,1546.6282495085463,1.0111496,0.0024065515
1546.6296384106017,1546.6296384106017,1.0131108,0.0024050067
1546.6310273124243,1546.6310273124243,1.0098479,0.0024055028
1546.632416214479,1546.632416214479,1.0083702,0.0024085632
1546.6338051163016,1546.6338051163016,1.0117159,0.0024032365
1546.6351940183577,1546.6351940183577,1.012719,0.0024051992
1546.6365829201802,1546.6365829201802,1.0138161,0.002406357
1546.637971822002,1546.637971822002,1.0094469,0.002405056
1546.6393607240573,1546.6393607240573,1.0144092,0.0024180226
1546.6407496258798,1546.6407496258798,1.0128922,0.0024073685
1546.6421385279345,1546.6421385279345,1.0252037,0.0024107185
1546.6435274297578,1546.6435274297578,1.0234151,0.0024090952
1546.6449163318139,1546.6449163318139,1.0178367,0.0024083564
1546.6463052336358,1546.6463052336358,1.0241077,0.0024097164
1546.6476941356905,1546.6476941356905,1.0222007,0.0024152591
1546.649083037513,1546.649083037513,1.0177398,0.002406392
1546.6504719393356,1546.6504719393356,1.015768,0.002410476
1546.651860841391,1546.651860841391,1.0171697,0.0024101282
1546.6532497432133,1546.6532497432133,1.0170194,0.0024062316
1546.654638645036,1546.654638645036,1.0148791,0.0024029878
1546.6560275470913,1546.6560275470913,1.0169933,0.0024077166
1546.6574164489132,1546.6574164489132,1.0178736,0.002409365
1546.6588053509686,1546.6588053509686,1.0204194,0.0024096314
1546.6601942527918,1546.6601942527918,1.0144918,0.0024084132
1546.6615831546144,1546.6615831546144,1.0147637,0.0024136472
1546.662972056669,1546.662972056669,1.0166557,0.0024110826
1546.6643609584917,1546.6643609584917,1.0106524,0.002405341
1546.6657498603142,1546.6657498603142,1.0175555,0.0024126437
1546.6671387623694,1546.6671387623694,1.0157617,0.0024081056
1546.668527664192,1546.668527664192,1.0141838,0.0024094577
1546.6699165660145,1546.6699165660145,1.0144486,0.0024054837
1546.671305467837,1546.671305467837,1.0122201,0.0024042006
1546.6726943698918,1546.6726943698918,1.0137353,0.002408605
1546.6740832717144,1546.6740832717144,1.0136335,0.0024063054
1546.6754721735376,1546.6754721735376,1.0087283,0.0024040926
1546.676861075593,1546.676861075593,1.0141648,0.0024053885
1546.678249977415,1546.678249977415,1.0118479,0.0024044313
1546.6796388792375,1546.6796388792375,1.010951,0.0024101294
1546.6810277810598,1546.6810277810598,1.0107912,0.002406069
1546.6824166831145,1546.6824166831145,1.0125945,0.0024125203
1546.683805584937,1546.683805584937,1.015491,0.002409751
1546.6851944867603,1546.6851944867603,1.0130824,0.002405547
1546.686583388583,1546.686583388583,1.0118783,0.0024082225
1546.6879722906376,1546.6879722906376,1.0137824,0.0024064519
1546.6893611924602,1546.6893611924602,1.013593,0.002405796
1546.6907500942827,1546.6907500942827,1.015516,0.0024078044
1546.6921389961053,1546.6921389961053,1.0115325,0.0024050958
1546.6935278979279,1546.6935278979279,1.013019,0.0024078318
1546.6949167997504,1546.6949167997504,1.0097302,0.0024047573
1546.6963057018058,1546.6963057018058,1.0099863,0.0024047196
1546.6976946036275,1546.6976946036275,1.0130379,0.0024070586
1546.6990835054494,1546.6990835054494,1.0118601,0.0024050095
1546.7004724072726,1546.7004724072726,1.0083123,0.0024041722
1546.7018613090959,1546.7018613090959,1.0092698,0.002404755
1546.7032502109178,1546.7032502109178,1.0087723,0.0024078921
1546.7046391129732,1546.7046391129732,1.0077122,0.0024034171
1546.7060280147957,1546.7060280147957,1.0105807,0.002404945
1546.7074169166176,1546.7074169166176,1.0110232,0.0024040667
1546.7088058184402,1546.7088058184402,1.013281,0.0024036274
1546.7101947202634,1546.7101947202634,1.0157745,0.0024052598
1546.7115836220858,1546.7115836220858,1.007069,0.002403231
1546.7129725239076,1546.7129725239076,1.0078056,0.0024045755
1546.7143614257295,1546.7143614257295,1.0147015,0.0024084458
1546.7157503275528,1546.7157503275528,1.0124738,0.002416721
1546.717139229376,1546.717139229376,1.0097194,0.0024030502
1546.718528131198,1546.718528131198,1.010692,0.0024025077
1546.7199170330205,1546.7199170330205,1.0149975,0.0024041373
1546.7213059350759,1546.7213059350759,1.0101372,0.0024021121
1546.7226948368977,1546.7226948368977,1.0148906,0.0024161818
1546.7240837387203,1546.7240837387203,1.0054268,0.0024034001
1546.7254726405436,1546.7254726405436,1.0095917,0.0024037042
1546.7268615423661,1546.7268615423661,1.0100979,0.0024062183
1546.7282504441878,1546.7282504441878,1.0092871,0.0024123946
1546.7296393460097,1546.7296393460097,1.0100448,0.0024128794
1546.7310282478322,1546.7310282478322,1.0107149,0.002402455
1546.7324171496555,1546.7324171496555,1.0128831,0.0024055447
1546.733806051478,1546.733806051478,1.0082288,0.00240167
1546.7351949533006,1546.7351949533006,1.0086154,0.002405471
1546.7365838551232,1546.7365838551232,1.0081975,0.0024057694
1546.737972756945,1546.737972756945,1.0089558,0.0024024048
1546.7393616587667,1546.7393616587667,1.0096864,0.0024027596
1546.7407505603571,1546.7407505603571,1.0078665,0.0024064824
1546.7421394621804,1546.7421394621804,1.0097605,0.002404491
1546.7435283640023,1546.7435283640023,1.0059007,0.0024063252
1546.7449172658241,1546.7449172658241,1.0084354,0.0024017296
1546.7463061676467,1546.7463061676467,1.005708,0.0024003824
1546.7476950694693,1546.7476950694693,1.0068296,0.0024035189
1546.7490839712918,1546.7490839712918,1.009576,0.0024059827
1546.750472873115,1546.750472873115,1.0069487,0.0024060528
1546.7518617749377,1546.7518617749377,1.0080339,0.002402979
1546.7532506767595,1546.7532506767595,1.0064213,0.0024048085
1546.7546395785814,1546.7546395785814,1.0111885,0.0024054293
1546.756028480171,1546.756028480171,1.0102729,0.0024010309
1546.7574173819942,1546.7574173819942,1.0092137,0.0024042286
1546.7588062838167,1546.7588062838167,1.0041009,0.0024020672
1546.7601951856393,1546.7601951856393,1.0101609,0.0024034397
1546.7615840874619,1546.7615840874619,1.0063597,0.002405624
1546.7629729892838,1546.7629729892838,1.0054991,0.0024076723
1546.7643618911063,1546.7643618911063,1.0103707,0.002417776
1546.7657507926967,1546.7657507926967,1.0045357,0.0024001747
1546.7671396945193,1546.7671396945193,1.0047488,0.002399454
1546.7685285963412,1546.7685285963412,1.0090642,0.0024040842
1546.7699174981628,1546.7699174981628,1.0106235,0.0024136908
1546.7713063999854,1546.7713063999854,1.0102072,0.0024046267
1546.7726953015758,1546.7726953015758,1.0049303,0.002402169
1546.7740842033984,1546.7740842033984,1.0039909,0.0024008432
1546.775473105221,1546.775473105221,1.0071511,0.00240424
1546.7768620070435,1546.7768620070435,1.0079511,0.002403189
1546.7782509086326,1546.7782509086326,1.0038557,0.0023980967
1546.7796398104545,1546.7796398104545,1.006714,0.002402508
1546.7810287122777,1546.7810287122777,1.0103645,0.0024041554
1546.782417614101,1546.782417614101,1.0068151,0.002405946
1546.78380651569,1546.78380651569,1.0067585,0.0024044442
1546.7851954175119,1546.7851954175119,1.0054678,0.0024010073
1546.7865843193342,1546.7865843193342,1.009702,0.0024046963
1546.7879732211568,1546.7879732211568,1.006513,0.0024002744
1546.7893621227465,1546.7893621227465,1.0069242,0.0024048483
1546.7907510245698,1546.7907510245698,1.0064749,0.0024024246
1546.7921399263923,1546.7921399263923,1.00344,0.0024028819
1546.7935288279814,1546.7935288279814,1.0062386,0.002401192
1546.7949177298033,1546.7949177298033,1.0043119,0.002403743
1546.7963066316258,1546.7963066316258,1.00303,0.0024052698
1546.7976955332163,1546.7976955332163,1.0080233,0.0024073322
1546.7990844350386,1546.7990844350386,1.0060786,0.0024027713
1546.8004733368605,1546.8004733368605,1.0021164,0.0024017976
1546.8018622384502,1546.8018622384502,1.005152,0.0024043322
1546.8032511402728,1546.8032511402728,1.0040404,0.0024015764
1546.8046400420947,1546.8046400420947,1.0056795,0.0024017799
1546.806028943685,1546.806028943685,1.0037727,0.0024054183
1546.8074178455083,1546.8074178455083,1.0073003,0.0024136375
1546.8088067470974,1546.8088067470974,1.0076814,0.0024006832
1546.8101956489193,1546.8101956489193,1.0089711,0.0024092633
1546.8115845507418,1546.8115845507418,1.0034717,0.002403525
1546.8129734523316,1546.8129734523316,1.010685,0.0024030611
1546.814362354154,1546.814362354154,1.0069138,0.002402059
1546.8157512557436,1546.8157512557436,1.007815,0.0024030646
1546.8171401575662,1546.8171401575662,1.0061826,0.0024076386
1546.8185290593888,1546.8185290593888,1.0094409,0.002404327
1546.8199179609778,1546.8199179609778,1.0082691,0.0024071047
1546.821306862801,1546.821306862801,1.0040106,0.002402351
1546.8226957643915,1546.8226957643915,1.0043899,0.0024025661
1546.8240846662134,1546.8240846662134,1.0077122,0.002407281
1546.8254735678024,1546.8254735678024,1.0123225,0.00240577
1546.826862469625,1546.826862469625,1.0075872,0.002402739
1546.8282513712145,1546.8282513712145,1.0064534,0.0024062626
1546.829640273037,1546.829640273037,1.0037588,0.0024010767
1546.8310291746268,1546.8310291746268,1.0048815,0.0024051697
1546.8324180764494,1546.8324180764494,1.0075952,0.0024018418
1546.833806978039,1546.833806978039,1.005848,0.0024051052
1546.835195879861,1546.835195879861,1.0076717,0.0024022763
1546.8365847814507,1546.8365847814507,1.0027608,0.00240282
1546.837973683274,1546.837973683274,1.0067575,0.0024040514
1546.8393625848637,1546.8393625848637,1.0054784,0.0024046921
1546.8407514866856,1546.8407514866856,1.0078591,0.002410976
1546.8421403882753,1546.8421403882753,1.0072885,0.0024087522
1546.843529289865,1546.843529289865,1.0071746,0.0024044714
1546.8449181916867,1546.8449181916867,1.0071828,0.0024031955
1546.8463070932764,1546.8463070932764,1.0058128,0.0024023305
1546.8476959950997,1546.8476959950997,1.0036757,0.0024021177
1546.8490848966894,1546.8490848966894,1.0052965,0.0024067168
1546.8504737982785,1546.8504737982785,1.0048734,0.0024031885
1546.851862700101,1546.851862700101,1.0057452,0.002409025
1546.8532516016908,1546.8532516016908,1.0066773,0.0024101017
1546.8546405035133,1546.8546405035133,1.0058528,0.0024019978
1546.856029405103,1546.856029405103,1.0062356,0.0024013924
1546.8574183066928,1546.8574183066928,1.0074452,0.0024045226
1546.8588072085151,1546.8588072085151,1.0016938,0.0024013177
1546.8601961101042,1546.8601961101042,1.0058017,0.002403638
1546.861585011694,1546.861585011694,1.0051492,0.002402003
1546.8629739135172,1546.8629739135172,1.0070281,0.0024032309
1546.864362815107,1546.864362815107,1.0024368,0.0024041063
1546.865751716696,1546.865751716696,1.0050868,0.0024009303
1546.8671406185185,1546.8671406185185,1.0049975,0.002401883
1546.8685295201083,1546.8685295201083,1.0055201,0.0024061163
1546.869918421698,1546.869918421698,1.0025839,0.0024018316
1546.8713073235206,1546.8713073235206,1.0055715,0.002409938
1546.8726962251103,1546.8726962251103,1.0065552,0.0024031345
1546.8740851267,1546.8740851267,1.0067083,0.0024021445
1546.8754740282889,1546.8754740282889,1.0001143,0.0023979228
1546.8768629301114,1546.8768629301114,1.0021057,0.0024008886
1546.8782518317018,1546.8782518317018,1.0022929,0.002402949
1546.8796407332916,1546.8796407332916,1.0028137,0.0024124784
1546.8810296348806,1546.8810296348806,1.0025157,0.0024052123
1546.8824185367032,1546.8824185367032,1.0022619,0.0024032448
1546.883807438293,1546.883807438293,1.0046216,0.0024047794
1546.885196339882,1546.885196339882,1.0019879,0.0024023312
1546.8865852414717,1546.8865852414717,1.005504,0.0023996776
1546.887974143295,1546.887974143295,1.0033666,0.0024021782
1546.8893630448845,1546.8893630448845,1.0051743,0.0024040423
1546.8907519464735,1546.8907519464735,1.0038878,0.002402576
1546.8921408480633,1546.8921408480633,1.001328,0.0023989882
1546.893529749653,1546.893529749653,1.003204,0.0024037927
1546.8949186512427,1546.8949186512427,1.0037652,0.0024012832
1546.8963075530653,1546.8963075530653,1.0012134,0.0023992292
1546.897696454655,1546.897696454655,1.0031362,0.0024001228
1546.8990853562448,1546.8990853562448,1.0028291,0.0023995382
1546.9004742578338,1546.9004742578338,0.9986438,0.0023976585
1546.9018631594229,1546.9018631594229,1.0007923,0.0024006166
1546.903252061013,1546.903252061013,0.99963254,0.0024042188
1546.9046409626035,1546.9046409626035,1.0034611,0.0023989836
1546.9060298644254,1546.9060298644254,0.9985635,0.002399611
1546.907418766015,1546.907418766015,0.9995482,0.0024008364
1546.9088076676048,1546.9088076676048,0.99799424,0.0024008353
1546.9101965691939,1546.9101965691939,0.9987598,0.0023991307
1546.9115854707836,1546.9115854707836,1.0022352,0.002400845
1546.912974372374,1546.912974372374,1.0011742,0.0024029654
1546.9143632739638,1546.9143632739638,1.0007731,0.0024102186
1546.9157521755528,1546.9157521755528,1.0013231,0.0024001764
1546.9171410771417,1546.9171410771417,0.9992127,0.0024015391
1546.9185299787314,1546.9185299787314,0.99787456,0.0024013899
1546.9199188803218,1546.9199188803218,0.99961776,0.0023998444
1546.9213077819115,1546.9213077819115,0.9971992,0.002396509
1546.9226966835013,1546.9226966835013,0.9973151,0.0024015927
1546.924085585091,1546.924085585091,0.99507546,0.00239584
1546.92547448668,1546.92547448668,0.99497277,0.0024089003
1546.926863388269,1546.926863388269,0.9975343,0.0023953987
1546.9282522898595,1546.9282522898595,0.9975067,0.002398908
1546.92964119145,1546.92964119145,1.0008101,0.0024028495
1546.931030093039,1546.931030093039,0.993993,0.0023956455
1546.932418994628,1546.932418994628,0.99549687,0.0023990253
1546.9338078962176,1546.9338078962176,0.9910727,0.0023968783
1546.935196797808,1546.935196797808,0.99589545,0.002399312
1546.9365856993977,1546.9365856993977,0.99425614,0.0024097995
1546.9379746009874,1546.9379746009874,0.99430394,0.0023967093
1546.9393635025772,1546.9393635025772,0.9954746,0.0023997119
1546.9407524041662,1546.9407524041662,0.9949735,0.0023989284
1546.9421413057553,1546.9421413057553,0.9938962,0.0023955638
1546.9435302073457,1546.9435302073457,0.9988202,0.0023970555
1546.9449191089361,1546.9449191089361,0.9947387,0.0023968096
1546.9463080105252,1546.9463080105252,0.9965633,0.0023991412
1546.947696912114,1546.947696912114,0.99400914,0.0024043124
1546.9490858137037,1546.9490858137037,0.994117,0.0023963603
1546.9504747152935,1546.9504747152935,0.99286866,0.0023962704
1546.9518636166504,1546.9518636166504,0.99236363,0.0023962653
1546.9532525182408,1546.9532525182408,0.9947772,0.0023966292
1546.9546414198305,1546.9546414198305,0.99419045,0.0023961677
1546.9560303214196,1546.9560303214196,0.99389285,0.0023961281
1546.9574192230086,1546.9574192230086,0.9921466,0.0023981603
1546.9588081245984,1546.9588081245984,0.99480957,0.0023972988
1546.9601970261888,1546.9601970261888,0.99129456,0.0023956753
1546.9615859275457,1546.9615859275457,0.9919291,0.0023965077
1546.9629748291345,1546.9629748291345,0.99150527,0.0023965063
1546.9643637307242,1546.9643637307242,0.99159026,0.0023943244
1546.965752632314,1546.965752632314,0.9943799,0.0024011484
1546.967141533903,1546.967141533903,0.9902326,0.0023958453
1546.9685304352606,1546.9685304352606,0.9964386,0.0023978597
1546.969919336851,1546.969919336851,0.9934643,0.0023979049
1546.97130823844,1546.97130823844,0.99347544,0.0023944401
1546.9726971400291,1546.9726971400291,0.98892146,0.0023948532
1546.9740860416189,1546.9740860416189,0.9912367,0.0023954778
1546.9754749429758,1546.9754749429758,0.98964465,0.0023931356
1546.9768638445655,1546.9768638445655,0.9921107,0.0023939698
1546.9782527461557,1546.9782527461557,0.9918822,0.0023976378
1546.9796416477454,1546.9796416477454,0.992015,0.0023974555
1546.9810305491017,1546.9810305491017,0.99250436,0.0023975284
1546.9824194506907,1546.9824194506907,0.98966026,0.0023933623
1546.9838083522804,1546.9838083522804,0.99195683,0.0023958003
1546.985197253638,1546.985197253638,0.99198794,0.002393406
1546.9865861552278,1546.9865861552278,0.9918352,0.002395973
1546.9879750568168,1546.9879750568168,0.99112374,0.0023967521
1546.9893639584066,1546.9893639584066,0.99046975,0.002394727
1546.9907528597635,1546.9907528597635,0.9907359,0.0023968227
1546.9921417613523,1546.9921417613523,0.9932536,0.0023959833
1546.9935306629427,1546.9935306629427,0.9909956,0.002396303
1546.9949195643003,1546.9949195643003,0.99161345,0.0023966625
1546.9963084658893,1546.9963084658893,0.9897673,0.0024054418
1546.9976973674784,1546.9976973674784,0.98782593,0.0023940355
1546.9990862688353,1546.9990862688353,0.99119514,0.0023989037
1547.0004751704257,1547.0004751704257,0.9892971,0.0023941423
1547.0018640717826,1547.0018640717826,0.985017,0.0023940974
1547.0032529733717,1547.0032529733717,0.9890095,0.0023932413
1547.0046418749614,1547.0046418749614,0.99197096,0.0023948902
1547.006030776318,1547.006030776318,0.98864806,0.0024021498
1547.0074196779071,1547.0074196779071,0.98708916,0.002393804
1547.0088085792647,1547.0088085792647,0.9901625,0.002393264
1547.0101974808551,1547.0101974808551,0.9859773,0.0023920084
1547.0115863824442,1547.0115863824442,0.9909445,0.0023948683
1547.0129752838004,1547.0129752838004,0.9879324,0.0023936718
1547.0143641853901,1547.0143641853901,0.98582625,0.0023936303
1547.015753086747,1547.015753086747,0.99183375,0.0023943386
1547.0171419883368,1547.0171419883368,0.98912466,0.0023965559
1547.0185308896937,1547.0185308896937,0.9903939,0.0023941523
1547.0199197912834,1547.0199197912834,0.9903317,0.0023961025
1547.0213086926403,1547.0213086926403,0.9865465,0.0023944674
1547.0226975942292,1547.0226975942292,0.9889269,0.002393589
1547.024086495819,1547.024086495819,0.9890123,0.0023927202
1547.0254753971765,1547.0254753971765,0.9874471,0.0024003622
1547.0268642987662,1547.0268642987662,0.98742783,0.0023946634
1547.0282532001224,1547.0282532001224,0.98799324,0.002394927
1547.0296421014793,1547.0296421014793,0.98706114,0.002394892
1547.031031003069,1547.031031003069,0.9858703,0.0023933726
1547.0324199044253,1547.0324199044253,0.98737806,0.0024000155
1547.033808806015,1547.033808806015,0.988251,0.0023942774
1547.0351977073726,1547.0351977073726,0.9859789,0.002394323
1547.0365866089621,1547.0365866089621,0.9849626,0.0023927179
1547.0379755103183,1547.0379755103183,0.98975664,0.002396134
1547.039364411908,1547.039364411908,0.9877095,0.0023927067
1547.040753313265,1547.040753313265,0.9852631,0.0023908657
1547.0421422148547,1547.0421422148547,0.98705274,0.002397167
1547.0435311162116,1547.0435311162116,0.98558927,0.0023927023
1547.0449200175685,1547.0449200175685,0.989198,0.0023929863
1547.0463089191583,1547.0463089191583,0.98467743,0.002393117
1547.0476978205145,1547.0476978205145,0.9855261,0.002393512
1547.0490867218707,1547.0490867218707,0.98358184,0.0023946904
1547.050475623461,1547.050475623461,0.9919904,0.0024015794
1547.0518645248185,1547.0518645248185,0.9866907,0.0023926564
1547.0532534264075,1547.0532534264075,0.9859575,0.0023906915
1547.0546423277644,1547.0546423277644,0.9860997,0.0023933589
1547.0560312291213,1547.0560312291213,0.9851763,0.0023907819
1547.0574201307104,1547.0574201307104,0.98535633,0.002394361
1547.0588090320673,1547.0588090320673,0.9859096,0.0023998918
1547.060197933425,1547.060197933425,0.9872134,0.0023938746
1547.0615868350146,1547.0615868350146,0.9864398,0.0023930944
1547.0629757363708,1547.0629757363708,0.9858629,0.0023978716
1547.0643646377268,1547.0643646377268,0.98202974,0.0023941486
1547.0657535393166,1547.0657535393166,0.9836825,0.0023993072
1547.0671424406742,1547.0671424406742,0.9819342,0.002394421
1547.068531342031,1547.068531342031,0.9836132,0.0023959838
1547.069920243388,1547.069920243388,0.9842532,0.0023893807
1547.0713091449777,1547.0713091449777,0.98280996,0.0023926175
1547.072698046334,1547.072698046334,0.9832407,0.0023913824
1547.0740869476908,1547.0740869476908,0.98286015,0.0023991393
1547.0754758490484,1547.0754758490484,0.98872715,0.0023933596
1547.0768647506382,1547.0768647506382,0.98514676,0.0023924913
1547.0782536519944,1547.0782536519944,0.98428875,0.002390408
1547.0796425533506,1547.0796425533506,0.98754203,0.002391976
1547.0810314547073,1547.0810314547073,0.9814976,0.0023897893
1547.0824203562977,1547.0824203562977,0.98140204,0.0023920152
1547.0838092576546,1547.0838092576546,0.9854887,0.0023916096
1547.0851981590115,1547.0851981590115,0.9857662,0.0023905875
1547.0865870603684,1547.0865870603684,0.9852748,0.0023905435
1547.0879759617246,1547.0879759617246,0.98077065,0.002389166
1547.0893648630808,1547.0893648630808,0.9869417,0.002392027
1547.0907537646713,1547.0907537646713,0.9843372,0.0023958492
1547.0921426660288,1547.0921426660288,0.98769903,0.0023918
1547.093531567385,1547.093531567385,0.9853756,0.0023900715
1547.094920468742,1547.094920468742,0.98333293,0.002392827
1547.0963093700987,1547.0963093700987,0.9829695,0.0023921584
1547.0976982714549,1547.0976982714549,0.9872413,0.0023990155
1547.0990871730446,1547.0990871730446,0.98724383,0.002394059
1547.1004760744022,1547.1004760744022,0.9819142,0.0023905844
1547.101864975759,1547.101864975759,0.98389494,0.002399374
1547.1032538771153,1547.1032538771153,0.9866855,0.0024015717
1547.1046427784715,1547.1046427784715,0.9824743,0.0023910238
1547.1060316798284,1547.1060316798284,0.9841122,0.0023893407
1547.107420581186,1547.107420581186,0.98213214,0.0023974858
1547.108809482543,1547.108809482543,0.9841195,0.0023909167
1547.1101983838996,1547.1101983838996,0.98785806,0.002395528
1547.1115872852565,1547.1115872852565,0.98707986,0.0023932224
1547.1129761866127,1547.1129761866127,0.9851729,0.0023910182
1547.114365087969,1547.114365087969,0.9820572,0.0023882969
1547.1157539893265,1547.1157539893265,0.98339266,0.002393033
1547.1171428906841,1547.1171428906841,0.98281467,0.0023904066
1547.1185317922732,1547.1185317922732,0.98440427,0.0023977086
1547.1199206936294,1547.1199206936294,0.98380625,0.0023911926
1547.1213095949863,1547.1213095949863,0.9809399,0.0023879227
1547.1226984963432,1547.1226984963432,0.9811589,0.0023940622
1547.1240873977001,1547.1240873977001,0.98178375,0.0023938012
1547.1254762990575,1547.1254762990575,0.98142123,0.0023976264
1547.1268652004144,1547.1268652004144,0.9848547,0.002391562
1547.1282541015378,1547.1282541015378,0.9823656,0.0023897216
1547.129643002894,1547.129643002894,0.9837767,0.0023918145
1547.131031904251,1547.131031904251,0.98806125,0.0023926378
1547.1324208056085,1547.1324208056085,0.984679,0.0023951284
1547.1338097069654,1547.1338097069654,0.98527837,0.0023956958
1547.1351986083216,1547.1351986083216,0.98483646,0.0023937724
1547.1365875096785,1547.1365875096785,0.9816182,0.002388746
1547.1379764110354,1547.1379764110354,0.98808146,0.0023931284
1547.1393653123914,1547.1393653123914,0.9825926,0.0023924788
1547.140754213749,1547.140754213749,0.98559284,0.0023993317
1547.1421431151066,1547.1421431151066,0.98997647,0.00239447
1547.1435320164628,1547.1435320164628,0.9834769,0.0023920545
1547.144920917819,1547.144920917819,0.9850504,0.002399444
1547.146309818943,1547.146309818943,0.98751444,0.0023929665
1547.1476987203,1547.1476987203,0.98406094,0.0023893807
1547.149087621657,1547.149087621657,0.9879767,0.0023980779
1547.1504765230138,1547.1504765230138,0.98866636,0.0024028558
1547.1518654243707,1547.1518654243707,0.99499846,0.0023987668
1547.1532543257274,1547.1532543257274,0.99216783,0.0023959794
1547.1546432270836,1547.1546432270836,0.984968,0.0023945195
1547.1560321282077,1547.1560321282077,0.98702663,0.0023947805
1547.1574210295653,1547.1574210295653,0.98665965,0.0023903118
1547.1588099309222,1547.1588099309222,0.98655355,0.0023930664
1547.1601988322784,1547.1601988322784,0.98384815,0.0023931449
1547.1615877336353,1547.1615877336353,0.9845235,0.0023901344
1547.1629766347594,1547.1629766347594,0.98623735,0.0023992287
1547.1643655361163,1547.1643655361163,0.9869613,0.0023943733
1547.1657544374732,1547.1657544374732,0.9868778,0.0023922073
1547.16714333883,1547.16714333883,0.98150873,0.0024024874
1547.168532240187,1547.168532240187,0.9848763,0.0023936303
1547.1699211413102,1547.1699211413102,0.9835312,0.0023957887
1547.171310042667,1547.171310042667,0.98298585,0.0023887735
1547.1726989440247,1547.1726989440247,0.9833299,0.0023907344
1547.1740878453816,1547.1740878453816,0.9810749,0.002392237
1547.175476746505,1547.175476746505,0.9815982,0.002390926
1547.1768656478619,1547.1768656478619,0.9810564,0.0023894245
1547.1782545492188,1547.1782545492188,0.98295254,0.0023906229
1547.1796434503422,1547.1796434503422,0.9836102,0.0023909947
1547.181032351699,1547.181032351699,0.98241067,0.0023910436
1547.1824212530566,1547.1824212530566,0.9830268,0.0023974036
1547.1838101544133,1547.1838101544133,0.98591995,0.002390967
1547.1851990555367,1547.1851990555367,0.9816634,0.0023968725
1547.1865879568936,1547.1865879568936,0.98401546,0.0023967084
1547.1879768582505,1547.1879768582505,0.97988397,0.0023907896
1547.1893657593746,1547.1893657593746,0.98066825,0.0023931344
1547.1907546607315,1547.1907546607315,0.981969,0.002392031
1547.1921435618556,1547.1921435618556,0.98435295,0.0023961626
1547.1935324632125,1547.1935324632125,0.98055214,0.0023951973
1547.1949213645687,1547.1949213645687,0.9845752,0.002390162
1547.1963102656928,1547.1963102656928,0.9825894,0.0023944
1547.1976991670501,1547.1976991670501,0.9816658,0.002388163
1547.199088068407,1547.199088068407,0.98151255,0.0023891744
1547.2004769695304,1547.2004769695304,0.98295933,0.0023907784
1547.2018658708873,1547.2018658708873,0.98265,0.0023899314
1547.2032547720114,1547.2032547720114,0.9818901,0.0023891984
1547.2046436733676,1547.2046436733676,0.98096323,0.0023912734
1547.2060325747245,1547.2060325747245,0.9787185,0.0023879693
1547.2074214758493,1547.2074214758493,0.9836749,0.00239152
1547.2088103772062,1547.2088103772062,0.98357785,0.0023908757
1547.2101992783296,1547.2101992783296,0.98309594,0.0023944513
1547.2115881796865,1547.2115881796865,0.98317575,0.0023914028
1547.2129770808103,1547.2129770808103,0.98201585,0.0023940087
1547.2143659821672,1547.2143659821672,0.98510957,0.002396358
1547.2157548832913,1547.2157548832913,0.9815195,0.002391969
1547.2171437846482,1547.2171437846482,0.986056,0.0023926322
1547.2185326857723,1547.2185326857723,0.9836091,0.0023929193
1547.2199215871285,1547.2199215871285,0.98518205,0.0023933272
1547.221310488252,1547.221310488252,0.97979534,0.002391068
1547.2226993896095,1547.2226993896095,0.98334014,0.002390464
1547.2240882907342,1547.2240882907342,0.98432463,0.0023898657
1547.2254771920905,1547.2254771920905,0.97960895,0.0023887292
1547.2268660932143,1547.2268660932143,0.98355216,0.0023910627
1547.2282549945712,1547.2282549945712,0.98221916,0.0023909635
1547.2296438956946,1547.2296438956946,0.9838313,0.002393135
1547.2310327970515,1547.2310327970515,0.9797939,0.0023875404
1547.2324216981763,1547.2324216981763,0.9837422,0.0023888343
1547.2338105993003,1547.2338105993003,0.98381317,0.002389502
1547.2351995006566,1547.2351995006566,0.9829217,0.0023965403
1547.23658840178,1547.23658840178,0.9824493,0.0023923118
1547.2379773031369,1547.2379773031369,0.98244315,0.002390357
1547.2393662042616,1547.2393662042616,0.9830374,0.0023915484
1547.2407551053857,1547.2407551053857,0.9822942,0.0023914338
1547.2421440067426,1547.2421440067426,0.9820961,0.0023914485
1547.2435329078664,1547.2435329078664,0.98351324,0.0023902059
1547.2449218092227,1547.2449218092227,0.981528,0.002393948
1547.246310710346,1547.246310710346,0.9821784,0.0023949144
1547.2476996114708,1547.2476996114708,0.9840819,0.0023950029
1547.2490885128284,1547.2490885128284,0.9821701,0.0023980527
1547.2504774139518,1547.2504774139518,0.983009,0.002392195
1547.2518663150752,1547.2518663150752,0.98363036,0.002393079
1547.253255216432,1547.253255216432,0.9820101,0.0023905816
1547.2546441175562,1547.2546441175562,0.97858286,0.0023868019
1547.25603301868,1547.25603301868,0.97989714,0.0023876857
1547.2574219198048,1547.2574219198048,0.9814032,0.002389546
1547.2588108211617,1547.2588108211617,0.9830155,0.00239266
1547.260199722285,1547.260199722285,0.9827595,0.002391237
1547.2615886234084,1547.2615886234084,0.98119766,0.0023895828
1547.2629775247653,1547.2629775247653,0.980937,0.002389307
1547.26436642589,1547.26436642589,0.98452425,0.0023898345
1547.2657553270142,1547.2657553270142,0.9853386,0.0023913875
1547.2671442281376,1547.2671442281376,0.9823261,0.0023964294
1547.2685331294945,1547.2685331294945,0.9849932,0.002391121
1547.2699220306185,1547.2699220306185,0.98235196,0.0023890734
1547.2713109317426,1547.2713109317426,0.98646283,0.002393168
1547.2726998328671,1547.2726998328671,0.9826617,0.002391297
1547.274088734224,1547.274088734224,0.98712575,0.0023948385
1547.2754776353474,1547.2754776353474,0.9835475,0.0023945945
1547.2768665364708,1547.2768665364708,0.98465776,0.0023904047
1547.278255437595,1547.278255437595,0.9860387,0.002400569
1547.2796443387197,1547.2796443387197,0.9869569,0.0023907179
1547.2810332398437,1547.2810332398437,0.98222965,0.0024006153
1547.2824221412,1547.2824221412,0.98547465,0.0024014174
1547.283811042324,1547.283811042324,0.9833752,0.0023905071
1547.285199943448,1547.285199943448,0.9840821,0.0023937775
1547.2865888445713,1547.2865888445713,0.9831365,0.0023900627
1547.287977745696,1547.287977745696,0.9830473,0.0023925633
1547.2893666468208,1547.2893666468208,0.9836066,0.0023898922
1547.290755548177,1547.290755548177,0.98523206,0.002390463
1547.2921444493004,1547.2921444493004,0.98385173,0.002389167
1547.2935333504245,1547.2935333504245,0.9871977,0.0023911155
1547.2949222515485,1547.2949222515485,0.9891402,0.0023937486
1547.2963111526726,1547.2963111526726,0.984955,0.0023936513
1547.2977000537967,1547.2977000537967,0.9881739,0.002393124
1547.2990889549208,1547.2990889549208,0.98671496,0.0023947565
1547.3004778560446,1547.3004778560446,0.9866058,0.0023932736
1547.301866757168,1547.301866757168,0.9861524,0.0023914305
1547.303255658292,1547.303255658292,0.9838668,0.0023905416
1547.3046445594168,1547.3046445594168,0.9860374,0.0023928687
1547.306033460541,1547.306033460541,0.9866597,0.0023904352
1547.3074223616643,1547.3074223616643,0.98560435,0.0023983226
1547.3088112627884,1547.3088112627884,0.9884312,0.0023943007
1547.3102001641453,1547.3102001641453,0.9868095,0.002390614
1547.3115890652687,1547.3115890652687,0.9884792,0.002392047
1547.3129779663934,1547.3129779663934,0.9877502,0.0023946145
1547.3143668675182,1547.3143668675182,0.9883528,0.0023912522
1547.3157557686416,1547.3157557686416,0.98974454,0.0023931586
1547.3171446697647,1547.3171446697647,0.9861842,0.0023901965
1547.318533570656,1547.318533570656,0.9826651,0.0023885556
1547.31992247178,1547.31992247178,0.9889711,0.0023934604
1547.3213113729041,1547.3213113729041,0.986753,0.0023917945
1547.3227002740282,1547.3227002740282,0.9857981,0.0023891886
1547.3240891751523,1547.3240891751523,0.9855988,0.0023914352
1547.3254780762763,1547.3254780762763,0.9893866,0.0023919847
1547.3268669773997,1547.3268669773997,0.98863745,0.0023926664
1547.3282558785238,1547.3282558785238,0.984549,0.0023928436
1547.3296447796486,1547.3296447796486,0.98741084,0.002391398
1547.3310336807724,1547.3310336807724,0.98975,0.0023930918
1547.3324225818958,1547.3324225818958,0.9890539,0.0024028635
1547.3338114830199,1547.3338114830199,0.9842564,0.0023962448
1547.335200384144,1547.335200384144,0.9870807,0.00239217
1547.3365892852673,1547.3365892852673,0.985117,0.0023924042
1547.3379781861586,1547.3379781861586,0.98830503,0.0023958283
1547.3393670872833,1547.3393670872833,0.9902201,0.002394542
1547.3407559884074,1547.3407559884074,0.9860204,0.0023999
1547.3421448895308,1547.3421448895308,0.99039197,0.002392182
1547.3435337906549,1547.3435337906549,0.9894491,0.0023948874
1547.344922691779,1547.344922691779,0.987184,0.0023986644
1547.3463115929028,1547.3463115929028,0.9882786,0.0023956203
1547.347700493794,1547.347700493794,0.98916984,0.0023926164
1547.349089394918,1547.349089394918,0.9919228,0.0023969351
1547.3504782960422,1547.3504782960422,0.9863104,0.0023938946
1547.3518671971656,1547.3518671971656,0.9905857,0.0023956725
1547.353256098289,1547.353256098289,0.99087536,0.0023931935
1547.354644999181,1547.354644999181,0.99155223,0.0023922103
1547.3560339003056,1547.3560339003056,0.9931298,0.0023929009
1547.357422801429,1547.357422801429,0.98915243,0.0023958874
1547.358811702553,1547.358811702553,0.9881268,0.0023960473
1547.3602006034441,1547.3602006034441,0.9876974,0.0023921737
1547.3615895045675,1547.3615895045675,0.9938938,0.0023955496
1547.3629784056916,1547.3629784056916,0.9905795,0.0023966366
1547.3643673068163,1547.3643673068163,0.9915981,0.002396207
1547.3657562077076,1547.3657562077076,0.9911714,0.002394466
1547.367145108831,1547.367145108831,0.9948411,0.0023982043
1547.3685340099544,1547.3685340099544,0.98909414,0.0023917034
1547.3699229110784,1547.3699229110784,0.990676,0.0023943828
1547.3713118119704,1547.3713118119704,0.9897814,0.0023955123
1547.3727007130944,1547.3727007130944,0.98959345,0.0023942108
1547.3740896142185,1547.3740896142185,0.9898325,0.0023920943
1547.3754785151098,1547.3754785151098,0.9908014,0.002391786
1547.376867416233,1547.376867416233,0.9877704,0.0023935966
1547.3782563173563,1547.3782563173563,0.99137414,0.0023950185
1547.3796452182482,1547.3796452182482,0.9926123,0.0023943528
1547.381034119373,1547.381034119373,0.98667824,0.0023922217
1547.3824230204964,1547.3824230204964,0.9907398,0.0023940576
1547.383811921387,1547.383811921387,0.99456424,0.002400203
1547.385200822511,1547.385200822511,0.9922414,0.002394454
1547.386589723635,1547.386589723635,0.988641,0.0023930904
1547.3879786245263,1547.3879786245263,0.99474746,0.0024003386
1547.389367525651,1547.389367525651,0.9930318,0.002398405
1547.390756426542,1547.390756426542,0.99278235,0.0023969277
1547.3921453276655,1547.3921453276655,0.9949535,0.0023953796
1547.393534228789,1547.393534228789,0.9911908,0.0023964888
1547.3949231296801,1547.3949231296801,0.99404794,0.0024035266
1547.396312030805,1547.396312030805,0.99266446,0.0023933752
1547.3977009316961,1547.3977009316961,0.9974864,0.0024030053
1547.3990898328195,1547.3990898328195,0.9941529,0.0023957146
1547.4004787337108,1547.4004787337108,0.9927321,0.0023950387
1547.4018676348348,1547.4018676348348,0.9956211,0.0023952606
1547.4032565357254,1547.4032565357254,0.9931727,0.0023935658
1547.40464543685,1547.40464543685,0.99255115,0.0023967535
1547.4060343377419,1547.4060343377419,0.99398273,0.002396786
1547.4074232388652,1547.4074232388652,0.9905816,0.002395347
1547.4088121397558,1547.4088121397558,0.99460953,0.0023972306
1547.4102010408799,1547.4102010408799,0.9950857,0.002396326
1547.4115899417711,1547.4115899417711,0.99565357,0.002395242
1547.4129788428952,1547.4129788428952,0.9911068,0.002392113
1547.4143677437864,1547.4143677437864,0.9981558,0.0023969694
1547.4157566449105,1547.4157566449105,0.99904215,0.0024040432
1547.4171455458018,1547.4171455458018,0.99451816,0.0023952737
1547.418534446925,1547.418534446925,0.99533796,0.0023959524
1547.4199233478168,1547.4199233478168,0.99347436,0.002394614
1547.4213122489416,1547.4213122489416,0.9946511,0.0023958117
1547.4227011498322,1547.4227011498322,0.99883544,0.002402672
1547.4240900509556,1547.4240900509556,0.9913361,0.0023960066
1547.4254789518468,1547.4254789518468,0.99296063,0.002393836
1547.426867852738,1547.426867852738,0.99708915,0.0023992334
1547.4282567538621,1547.4282567538621,0.9957338,0.0023960783
1547.429645654754,1547.429645654754,0.9966636,0.0023982597
1547.431034555878,1547.431034555878,0.995063,0.0024025089
1547.4324234567687,1547.4324234567687,0.9945608,0.0023961987
1547.4338123576592,1547.4338123576592,0.99675745,0.002395225
1547.435201258783,1547.435201258783,0.9984204,0.002397779
1547.436590159675,1547.436590159675,0.99191564,0.0023964143
1547.4379790605662,1547.4379790605662,0.9982806,0.0023958513
1547.4393679616896,1547.4393679616896,0.9947367,0.002402619
1547.4407568625809,1547.4407568625809,0.9968959,0.0023967978
1547.4421457634721,1547.4421457634721,0.994901,0.0023964462
1547.4435346645955,1547.4435346645955,0.99749535,0.0024030032
1547.4449235654874,1547.4449235654874,0.99822813,0.0024007757
1547.4463124663794,1547.4463124663794,0.99770594,0.0023980457
1547.4477013675025,1547.4477013675025,0.99951875,0.0023976457
1547.449090268393,1547.449090268393,0.99680847,0.0024004288
1547.4504791692843,1547.4504791692843,1.0007764,0.0023971724
1547.4518680701756,1547.4518680701756,0.9972808,0.0023971961
1547.4532569712997,1547.4532569712997,0.9964967,0.0023990131
1547.454645872191,1547.454645872191,1.0002408,0.0023992187
1547.4560347730821,1547.4560347730821,1.0016041,0.0023990935
1547.4574236739734,1547.4574236739734,0.9985633,0.0023989652
1547.4588125750968,1547.4588125750968,0.9968657,0.002401522
1547.460201475988,1547.460201475988,1.0000774,0.0024087543
1547.46159037688,1547.46159037688,1.0047197,0.0024040446
1547.4629792777712,1547.4629792777712,1.0058672,0.002401887
1547.4643681788943,1547.4643681788943,1.0015644,0.0024012264
1547.4657570797856,1547.4657570797856,0.99786556,0.0024009792
1547.4671459806768,1547.4671459806768,1.0034581,0.0024038278
1547.4685348815674,1547.4685348815674,1.0024838,0.002401317
1547.4699237824586,1547.4699237824586,1.0001384,0.002398121
1547.4713126833506,1547.4713126833506,1.0008849,0.0023992902
1547.4727015844746,1547.4727015844746,1.0006799,0.0023984138
1547.4740904853652,1547.4740904853652,1.0043292,0.0024007354
1547.4754793862564,1547.4754793862564,1.001662,0.0023979878
1547.4768682871475,1547.4768682871475,1.0013808,0.0023996397
1547.4782571880387,1547.4782571880387,1.001336,0.002398872
1547.47964608893,1547.47964608893,1.0019059,0.0023994856
1547.4810349898212,1547.4810349898212,1.00179,0.0024060511
1547.4824238909453,1547.4824238909453,1.0022203,0.0023977093
1547.4838127918358,1547.4838127918358,0.999905,0.0024012309
1547.4852016927264,1547.4852016927264,1.0022893,0.0023971202
1547.4865905936183,1547.4865905936183,1.0012585,0.0024010786
1547.4879794945102,1547.4879794945102,1.0011325,0.0024008467
1547.4893683954008,1547.4893683954008,1.0036832,0.0024008576
1547.490757296292,1547.490757296292,0.9996929,0.002399391
1547.4921461971833,1547.4921461971833,1.0031241,0.0024018763
1547.4935350980736,1547.4935350980736,0.997901,0.0024001747
1547.4949239989649,1547.4949239989649,0.9991883,0.0023983503
1547.4963128998568,1547.4963128998568,1.0034677,0.0024093005
1547.497701800748,1547.497701800748,1.000168,0.0023998755
1547.4990907016386,1547.4990907016386,1.00076,0.0024018572
1547.5004796025291,1547.5004796025291,1.0002953,0.0023983612
1547.5018685034204,1547.5018685034204,1.0034535,0.0023993412
1547.5032574043123,1547.5032574043123,1.0015873,0.0024048053
1547.5046463052036,1547.5046463052036,0.99957246,0.0023959067
1547.5060352060948,1547.5060352060948,1.0029953,0.002398848
1547.5074241069858,1547.5074241069858,1.0003884,0.0023980425
1547.5088130078764,1547.5088130078764,0.9995096,0.0024007717
1547.510201908767,1547.510201908767,1.0017163,0.0023980981
1547.5115908096589,1547.5115908096589,1.0024878,0.002403413
1547.5129797105508,1547.5129797105508,1.0021431,0.0024007175
1547.5143686114413,1547.5143686114413,1.0014608,0.002408593
1547.515757512332,1547.515757512332,1.0013055,0.0024022858
1547.5171464132231,1547.5171464132231,0.999545,0.0023965568
1547.5185353141144,1547.5185353141144,1.003045,0.0024016066
1547.5199242150056,1547.5199242150056,1.0038602,0.002402284
1547.5213131158976,1547.5213131158976,1.005651,0.0024011438
1547.5227020167888,1547.5227020167888,1.0043788,0.0023997265
1547.5240909174463,1547.5240909174463,1.0018603,0.002397963
1547.5254798183369,1547.5254798183369,1.0044756,0.0024004006
1547.526868719228,1547.526868719228,0.9998893,0.0024000728
1547.52825762012,1547.52825762012,1.0018581,0.0023977668
1547.5296465210113,1547.5296465210113,1.0019958,0.0023997817
1547.5310354219018,1547.5310354219018,1.0028882,0.0023986117
1547.532424322793,1547.532424322793,1.0033358,0.002402727
1547.5338132236843,1547.5338132236843,1.0015713,0.002406076
1547.5352021243418,1547.5352021243418,1.002315,0.002397638
1547.5365910252337,1547.5365910252337,1.0048548,0.0023997596
1547.5379799261257,1547.5379799261257,1.0019552,0.0024003806
1547.5393688270162,1547.5393688270162,1.0067652,0.002409876
1547.5407577279068,1547.5407577279068,1.003187,0.0024009065
1547.5421466285652,1547.5421466285652,1.0003692,0.0024004239
1547.5435355294564,1547.5435355294564,1.0072339,0.0024040395
1547.5449244303477,1547.5449244303477,1.0056038,0.0024019442
1547.5463133312396,1547.5463133312396,1.0044665,0.0024003116
1547.547702231898,1547.547702231898,1.0032457,0.0024008155
1547.5490911327886,1547.5490911327886,1.0045406,0.0024020877
1547.5504800336792,1547.5504800336792,1.0051018,0.0024011328
1547.5518689345702,1547.5518689345702,1.0063423,0.0024006478
1547.5532578352293,1547.5532578352293,1.0053922,0.002400886
1547.5546467361205,1547.5546467361205,1.008519,0.0024012667
1547.556035637011,1547.556035637011,1.0075058,0.0024055874
1547.5574245379023,1547.5574245379023,1.0073214,0.0024044788
1547.5588134385607,1547.5588134385607,1.0090145,0.0024019948
1547.5602023394513,1547.5602023394513,1.0105435,0.0024061678
1547.5615912403432,1547.5615912403432,1.006138,0.002401533
1547.5629801410023,1547.5629801410023,1.0088214,0.0024018798
1547.5643690418929,1547.5643690418929,1.0051829,0.00240223
1547.5657579427832,1547.5657579427832,1.0068719,0.0024043482
1547.5671468434416,1547.5671468434416,1.0057492,0.0024110596
1547.5685357443328,1547.5685357443328,1.0066708,0.0023997093
1547.569924645224,1547.569924645224,1.0067778,0.0024010406
1547.5713135458825,1547.5713135458825,1.0058224,0.0024060407
1547.5727024467737,1547.5727024467737,1.0061873,0.0024027978
1547.574091347665,1547.574091347665,1.007502,0.0024005116
1547.5754802483227,1547.5754802483227,1.00975,0.002407176
1547.576869149214,1547.576869149214,1.0073626,0.0024032102
1547.578258049873,1547.578258049873,1.0086633,0.0024036025
1547.5796469507643,1547.5796469507643,1.0065745,0.0024007591
1547.5810358516549,1547.5810358516549,1.0058581,0.0024033599
1547.582424752313,1547.582424752313,1.0086,0.0024044889
1547.5838136532043,1547.5838136532043,1.0102122,0.0024076365
1547.585202553862,1547.585202553862,1.0070008,0.0024007717
1547.5865914547533,1547.5865914547533,1.0074434,0.002404426
1547.5879803554124,1547.5879803554124,1.0105093,0.0024033699
1547.5893692563036,1547.5893692563036,1.0080609,0.002405279
1547.5907581569613,1547.5907581569613,1.0075182,0.002408773
1547.5921470578526,1547.5921470578526,1.0077981,0.0024034167
1547.5935359587438,1547.5935359587438,1.0072417,0.0024027051
1547.5949248594022,1547.5949248594022,1.0051327,0.0024038006
1547.5963137602932,1547.5963137602932,1.007641,0.0024018122
1547.5977026609517,1547.5977026609517,1.0067953,0.0024067038
1547.599091561843,1547.599091561843,1.0065027,0.0024020723
1547.6004804625006,1547.6004804625006,1.0077802,0.0024009096
1547.6018693631584,1547.6018693631584,1.0057087,0.0024007475
1547.6032582640503,1547.6032582640503,1.0089508,0.0024017186
1547.6046471647094,1547.6046471647094,1.0090567,0.002404062
1547.6060360656,1547.6060360656,1.0110427,0.0024031082
1547.6074249662583,1547.6074249662583,1.0105808,0.00240332
1547.6088138671496,1547.6088138671496,1.0068483,0.0024045263
1547.6102027678073,1547.6102027678073,1.0090421,0.002405361
1547.6115916686983,1547.6115916686983,1.0112808,0.0024073762
1547.6129805693574,1547.6129805693574,1.0098777,0.0024008502
1547.6143694700158,1547.6143694700158,1.0107757,0.002402847
1547.6157583709064,1547.6157583709064,1.008614,0.0024042286
1547.6171472715641,1547.6171472715641,1.0085424,0.0024092412
1547.6185361724554,1547.6185361724554,1.0087265,0.0024046563
1547.6199250731145,1547.6199250731145,1.0089505,0.0024044663
1547.6213139737729,1547.6213139737729,1.0095125,0.0024038495
1547.6227028746641,1547.6227028746641,1.01248,0.0024030388
1547.6240917753223,1547.6240917753223,1.0072925,0.0024050307
1547.62548067598,1547.62548067598,1.0122668,0.0024046046
1547.6268695768706,1547.6268695768706,1.0074751,0.0024068495
1547.6282584775297,1547.6282584775297,1.013883,0.002406645
1547.6296473781888,1547.6296473781888,1.0089465,0.002401621
1547.6310362790794,1547.6310362790794,1.0111427,0.002402453
1547.632425179737,1547.632425179737,1.0073726,0.0024128438
1547.6338140803955,1547.6338140803955,1.013986,0.0024046851
1547.6352029812867,1547.6352029812867,1.0137177,0.0024053652
1547.6365918819452,1547.6365918819452,1.0122193,0.0024049724
1547.6379807826042,1547.6379807826042,1.01452,0.002405593
1547.6393696832627,1547.6393696832627,1.0091901,0.002405092
1547.640758584153,1547.640758584153,1.0123202,0.002410851
1547.6421474848107,1547.6421474848107,1.0111885,0.0024039892
1547.6435363854691,1547.6435363854691,1.010051,0.002403837
1547.6449252861282,1547.6449252861282,1.0117161,0.002405413
1547.6463141870195,1547.6463141870195,1.0096895,0.0024027978
1547.6477030876779,1547.6477030876779,1.0233902,0.002411115
1547.6490919883363,1547.6490919883363,1.0212868,0.0024087508
1547.650480888994,1547.650480888994,1.0200226,0.0024076095
1547.6518697898846,1547.6518697898846,1.0187348,0.0024061652
1547.6532586905437,1547.6532586905437,1.0189025,0.0024059736
1547.6546475912025,1547.6546475912025,1.0145075,0.0024079254
1547.6560364918603,1547.6560364918603,1.0159404,0.0024118572
1547.657425392518,1547.657425392518,1.0137058,0.0024063154
1547.6588142931764,1547.6588142931764,1.0176857,0.0024148207
1547.6602031940677,1547.6602031940677,1.0139852,0.0024043843
1547.661592094726,1547.661592094726,1.0181084,0.0024065182
1547.6629809953852,1547.6629809953852,1.015105,0.0024090814
1547.6643698960436,1547.6643698960436,1.0150286,0.0024095771
1547.6657587967013,1547.6657587967013,1.0149279,0.0024058775
1547.667147697359,1547.667147697359,1.0121304,0.0024040125
1547.6685365980172,1547.6685365980172,1.014131,0.0024054658
1547.6699254989092,1547.6699254989092,1.0186381,0.0024064574
1547.6713143995676,1547.6713143995676,1.0170318,0.0024092183
1547.6727033002253,1547.6727033002253,1.016167,0.0024088174
1547.6740922008837,1547.6740922008837,1.0144292,0.0024052777
1547.6754811015421,1547.6754811015421,1.0156634,0.002407772
1547.6768700021998,1547.6768700021998,1.0165877,0.0024096582
1547.678258902859,1547.678258902859,1.0180978,0.0024063017
1547.679647803518,1547.679647803518,1.0144657,0.0024053496
1547.6810367041758,1547.6810367041758,1.0160542,0.0024083578
1547.6824256048333,1547.6824256048333,1.0148605,0.0024053927
1547.6838145054917,1547.6838145054917,1.014436,0.002405067
1547.68520340615,1547.68520340615,1.011055,0.0024097096
1547.6865923068085,1547.6865923068085,1.0134839,0.0024039308
1547.687981207467,1547.687981207467,1.0167183,0.0024072006
1547.6893701081253,1547.6893701081253,1.0163493,0.002409845
1547.6907590087837,1547.6907590087837,1.0153204,0.0024183895
1547.6921479094415,1547.6921479094415,1.0184939,0.0024061052
1547.6935368100999,1547.6935368100999,1.0108973,0.0024052644
1547.694925710759,1547.694925710759,1.0147719,0.002405196
1547.6963146114174,1547.6963146114174,1.0165367,0.0024054844
1547.6977035120751,1547.6977035120751,1.0146103,0.0024079436
1547.6990924127333,1547.6990924127333,1.0160787,0.0024055846
1547.7004813133917,1547.7004813133917,1.0153929,0.0024046302
1547.7018702140494,1547.7018702140494,1.0160692,0.0024072814
1547.7032591147079,1547.7032591147079,1.0122839,0.0024042649
1547.704648015367,1547.704648015367,1.0148802,0.002405524
1547.7060369160254,1547.7060369160254,1.0145172,0.0024113392
1547.707425816683,1547.707425816683,1.0167805,0.0024062681
1547.7088147171087,1547.7088147171087,1.0158198,0.0024138263
1547.710203617767,1547.710203617767,1.0160525,0.0024043059
1547.7115925184255,1547.7115925184255,1.0187573,0.002415981
1547.7129814190837,1547.7129814190837,1.0203856,0.0024062085
1547.714370319742,1547.714370319742,1.0134923,0.0024044379
1547.7157592204005,1547.7157592204005,1.0135611,0.002403516
1547.7171481210582,1547.7171481210582,1.0166957,0.002404746
1547.718537021716,1547.718537021716,1.0151676,0.0024062446
1547.7199259221422,1547.7199259221422,1.0135455,0.002406529
1547.7213148228013,1547.7213148228013,1.0144736,0.00241087
1547.722703723459,1547.722703723459,1.0168817,0.0024170377
1547.7240926241175,1547.7240926241175,1.0149361,0.0024077087
1547.725481524776,1547.725481524776,1.0148466,0.0024056854
1547.7268704252008,1547.7268704252008,1.0185049,0.0024095636
1547.728259325859,1547.728259325859,1.0186093,0.0024070106
1547.729648226518,1547.729648226518,1.0166991,0.002412178
1547.7310371271765,1547.7310371271765,1.0159489,0.0024116521
1547.7324260278342,1547.7324260278342,1.018201,0.0024100703
1547.733814928259,1547.733814928259,1.0169677,0.0024060914
1547.7352038289175,1547.7352038289175,1.0162642,0.0024037252
1547.7365927295766,1547.7365927295766,1.0178721,0.0024154354
1547.737981630235,1547.737981630235,1.0190351,0.0024063233
1547.7393705306606,1547.7393705306606,1.0157226,0.0024060335
1547.740759431319,1547.740759431319,1.0117533,0.0024036954
1547.7421483319765,1547.7421483319765,1.0168508,0.0024054202
1547.7435372324014,1547.7435372324014,1.0181388,0.002410212
1547.7449261330605,1547.7449261330605,1.01764,0.0024117015
1547.7463150337196,1547.7463150337196,1.0189915,0.002411489
1547.7477039343773,1547.7477039343773,1.017739,0.0024050076
1547.7490928348022,1547.7490928348022,1.0153311,0.002403107
1547.7504817354607,1547.7504817354607,1.0153602,0.00240631
1547.751870636119,1547.751870636119,1.0153232,0.0024066973
1547.7532595365446,1547.7532595365446,1.0179658,0.002406205
1547.7546484372037,1547.7546484372037,1.0200627,0.0024099196
1547.7560373376293,1547.7560373376293,1.0162065,0.0024090654
1547.757426238287,1547.757426238287,1.0225062,0.0024108244
1547.7588151389446,1547.7588151389446,1.0150535,0.0024090041
1547.7602040393701,1547.7602040393701,1.0179329,0.002407869
1547.7615929400292,1547.7615929400292,1.0158955,0.0024086311
1547.7629818406876,1547.7629818406876,1.0165448,0.0024071708
1547.7643707411132,1547.7643707411132,1.0158077,0.0024063701
1547.7657596417716,1547.7657596417716,1.0206481,0.002407716
1547.7671485421965,1547.7671485421965,1.0177904,0.0024059594
1547.7685374428543,1547.7685374428543,1.0158125,0.002415483
1547.7699263432805,1547.7699263432805,1.0182568,0.0024087173
1547.7713152439396,1547.7713152439396,1.0180988,0.002407371
1547.7727041445971,1547.7727041445971,1.0197507,0.002409248
1547.774093045022,1547.774093045022,1.0174941,0.0024073042
1547.7754819456804,1547.7754819456804,1.015036,0.002406173
1547.776870846106,1547.776870846106,1.0182908,0.0024100617
1547.7782597467644,1547.7782597467644,1.0149264,0.0024118794
1547.7796486471907,1547.7796486471907,1.0164315,0.0024051026
1547.781037547849,1547.781037547849,1.015016,0.0024060004
1547.782426448274,1547.782426448274,1.0181255,0.0024086072
1547.7838153489317,1547.7838153489317,1.01797,0.0024084684
1547.7852042493573,1547.7852042493573,1.021012,0.0024081059
1547.7865931500162,1547.7865931500162,1.0199847,0.0024088756
1547.7879820504418,1547.7879820504418,1.0178711,0.0024047564
1547.7893709510995,1547.7893709510995,1.0139434,0.0024069652
1547.790759851525,1547.790759851525,1.0152742,0.0024051594
1547.7921487519507,1547.7921487519507,1.0153806,0.0024076896
1547.7935376526084,1547.7935376526084,1.0196973,0.002407018
1547.7949265530347,1547.7949265530347,1.0182866,0.0024092721
1547.7963154536938,1547.7963154536938,1.0177932,0.002412012
1547.7977043541187,1547.7977043541187,1.0152619,0.0024087767
1547.7990932547764,1547.7990932547764,1.0138415,0.0024058095
1547.800482155202,1547.800482155202,1.0185704,0.0024089103
1547.8018710556273,1547.8018710556273,1.0153303,0.002408747
1547.8032599562857,1547.8032599562857,1.0244344,0.0024137355
1547.8046488567113,1547.8046488567113,1.01625,0.002408909
1547.8060377573697,1547.8060377573697,1.0135002,0.002405983
1547.8074266577953,1547.8074266577953,1.0181553,0.0024117897
1547.8088155582202,1547.8088155582202,1.0180668,0.0024063198
1547.8102044588786,1547.8102044588786,1.0175301,0.0024081722
1547.8115933593049,1547.8115933593049,1.0176936,0.0024137872
1547.8129822597305,1547.8129822597305,1.0184944,0.002406818
1547.8143711603882,1547.8143711603882,1.0150253,0.0024067455
1547.8157600608135,1547.8157600608135,1.0130582,0.002407137
1547.8171489612391,1547.8171489612391,1.0186175,0.0024071848
1547.8185378618969,1547.8185378618969,1.0154403,0.00241335
1547.8199267623224,1547.8199267623224,1.0173161,0.0024074398
1547.8213156627487,1547.8213156627487,1.0156503,0.0024077436
1547.8227045631743,1547.8227045631743,1.0182927,0.0024095217
1547.824093463832,1547.824093463832,1.0204825,0.0024110207
1547.8254823642576,1547.8254823642576,1.0189148,0.002412074
1547.8268712646832,1547.8268712646832,1.0204092,0.0024094027
1547.8282601651088,1547.8282601651088,1.0210797,0.0024106367
1547.8296490657672,1547.8296490657672,1.0179304,0.002407154
1547.8310379661928,1547.8310379661928,1.016244,0.0024052626
1547.832426866618,1547.832426866618,1.0186855,0.0024079469
1547.833815767043,1547.833815767043,1.013213,0.002405728
1547.8352046677007,1547.8352046677007,1.015544,0.002406221
1547.836593568127,1547.836593568127,1.0206754,0.0024094444
1547.8379824685533,1547.8379824685533,1.0168716,0.0024057063
1547.8393713689782,1547.8393713689782,1.0155393,0.0024045622
1547.8407602694037,1547.8407602694037,1.0171022,0.0024062826
1547.8421491698293,1547.8421491698293,1.0198891,0.0024085362
1547.843538070487,1547.843538070487,1.0186194,0.0024139073
1547.8449269709124,1547.8449269709124,1.0150906,0.0024077503
1547.8463158713387,1547.8463158713387,1.0164405,0.002406131
1547.8477047717643,1547.8477047717643,1.017114,0.0024146398
1547.8490936721892,1547.8490936721892,1.014896,0.0024069534
1547.850482572614,1547.850482572614,1.0168587,0.0024095243
1547.8518714730396,1547.8518714730396,1.017446,0.0024077261
1547.8532603736987,1547.8532603736987,1.0180113,0.0024098542
1547.8546492741243,1547.8546492741243,1.0189613,0.0024072935
1547.85603817455,1547.85603817455,1.0172739,0.0024069936
1547.8574270749755,1547.8574270749755,1.0183028,0.002409818
1547.8588159754004,1547.8588159754004,1.0166492,0.00240572
1547.860204875825,1547.860204875825,1.0161856,0.0024088821
1547.8615937762513,1547.8615937762513,1.0159249,0.0024089941
1547.8629826766776,1547.8629826766776,1.0170068,0.0024035913
1547.8643715771025,1547.8643715771025,1.0136181,0.0024065163
1547.8657604775274,1547.8657604775274,1.0171429,0.0024081497
1547.867149377953,1547.867149377953,1.0124853,0.002405314
1547.8685382783785,1547.8685382783785,1.0183388,0.0024062404
1547.8699271788041,1547.8699271788041,1.0165187,0.0024058165
1547.8713160792304,1547.8713160792304,1.0134375,0.0024063908
1547.872704979656,1547.872704979656,1.0151786,0.002406204
1547.8740938800809,1547.8740938800809,1.0171119,0.0024081038
1547.8754827805055,1547.8754827805055,1.0181134,0.0024077364
1547.8768716809311,1547.8768716809311,1.0155759,0.0024069746
1547.8782605813567,1547.8782605813567,1.0185966,0.0024109427
1547.8796494817823,1547.8796494817823,1.0138268,0.0024060549
1547.8810383822085,1547.8810383822085,1.0190574,0.0024089506
1547.8824272826341,1547.8824272826341,1.015562,0.0024066546
1547.883816183059,1547.883816183059,1.016349,0.0024044632
1547.885205083484,1547.885205083484,1.0139312,0.002408687
1547.8865939839095,1547.8865939839095,1.015395,0.002405255
1547.8879828843358,1547.8879828843358,1.0163195,0.002416367
1547.8893717847611,1547.8893717847611,1.0132492,0.0024054223
1547.890760685186,1547.890760685186,1.0164628,0.0024070453
1547.8921495856116,1547.8921495856116,1.0169327,0.0024053485
1547.8935384860372,1547.8935384860372,1.0145216,0.0024105376
1547.8949273862293,1547.8949273862293,1.01768,0.0024046672
1547.8963162866555,1547.8963162866555,1.0115405,0.0024054288
1547.8977051870818,1547.8977051870818,1.0107572,0.0024044013
1547.8990940875067,1547.8990940875067,1.0174347,0.0024068118
1547.9004829879316,1547.9004829879316,1.0157578,0.0024054183
1547.9018718883572,1547.9018718883572,1.0138371,0.0024073676
1547.9032607887827,1547.9032607887827,1.0153909,0.0024122216
1547.9046496889753,1547.9046496889753,1.0130086,0.0024069045
1547.9060385894009,1547.9060385894009,1.0145905,0.0024062898
1547.9074274898264,1547.9074274898264,1.0180376,0.0024087285
1547.908816390252,1547.908816390252,1.0157057,0.0024049573
1547.910205290677,1547.910205290677,1.0110453,0.0024046085
1547.9115941908697,1547.9115941908697,1.0116663,0.0024062942
1547.912983091296,1547.912983091296,1.0171963,0.0024105022
1547.9143719917215,1547.9143719917215,1.0176041,0.0024052854
1547.9157608921464,1547.9157608921464,1.0174922,0.0024072784
1547.917149792572,1547.917149792572,1.0174043,0.002406323
1547.9185386927645,1547.9185386927645,1.0157574,0.0024070572
1547.9199275931894,1547.9199275931894,1.0125105,0.0024029207
1547.921316493615,1547.921316493615,1.0143361,0.002406719
1547.9227053940413,1547.9227053940413,1.0143362,0.002412931
1547.924094294234,1547.924094294234,1.013287,0.0024065648
1547.925483194659,1547.925483194659,1.0141492,0.00240974
1547.9268720950845,1547.9268720950845,1.0144136,0.0024064707
1547.9282609952772,1547.9282609952772,1.0147253,0.0024080079
1547.9296498957028,1547.9296498957028,1.0169563,0.0024067191
1547.9310387961284,1547.9310387961284,1.0104133,0.0024104044
1547.9324276963212,1547.9324276963212,1.0136151,0.0024045913
1547.9338165967467,1547.9338165967467,1.0155954,0.0024063538
1547.9352054971714,1547.9352054971714,1.0135769,0.0024057997
1547.9365943973635,1547.9365943973635,1.015934,0.002405804
1547.9379832977897,1547.9379832977897,1.0152438,0.002407895
1547.939372198216,1547.939372198216,1.0154462,0.0024092954
1547.940761098408,1547.940761098408,1.0131546,0.002404897
1547.9421499988337,1547.9421499988337,1.0147908,0.0024087687
1547.9435388992592,1547.9435388992592,1.0165373,0.0024050423
1547.9449277994513,1547.9449277994513,1.0116264,0.0024031722
1547.946316699877,1547.946316699877,1.0172658,0.0024040933
1547.9477056000703,1547.9477056000703,1.0125769,0.0024040178
1547.9490945004957,1547.9490945004957,1.0101112,0.0024049997
1547.9504834009206,1547.9504834009206,1.0151227,0.0024069576
1547.9518723011126,1547.9518723011126,1.010586,0.0024051634
1547.9532612015382,1547.9532612015382,1.0137814,0.0024070947
1547.9546501017317,1547.9546501017317,1.0139067,0.0024032353
1547.9560390021572,1547.9560390021572,1.0131431,0.0024027855
1547.95742790235,1547.95742790235,1.0121405,0.0024068584
1547.9588168027756,1547.9588168027756,1.0168005,0.0024081676
1547.9602057029676,1547.9602057029676,1.0124165,0.00240667
1547.9615946033925,1547.9615946033925,1.0135332,0.0024032977
1547.9629835035857,1547.9629835035857,1.0118861,0.0024037655
1547.964372404012,1547.964372404012,1.009258,0.0024027813
1547.965761304204,1547.965761304204,1.0084633,0.0024013359
1547.967150204629,1547.967150204629,1.0139139,0.0024038735
1547.9685391048217,1547.9685391048217,1.0150266,0.0024050346
1547.9699280052473,1547.9699280052473,1.0141325,0.002404556
1547.97131690544,1547.97131690544,1.0116187,0.0024056614
1547.9727058058663,1547.9727058058663,1.0133023,0.0024029284
1547.974094706059,1547.974094706059,1.0111628,0.0024046756
1547.975483606484,1547.975483606484,1.0078995,0.0024083161
1547.9768725066758,1547.9768725066758,1.0113765,0.0024013056
1547.9782614071014,1547.9782614071014,1.0104109,0.0024047885
1547.9796503072948,1547.9796503072948,1.0124862,0.002401526
1547.9810392074876,1547.9810392074876,1.0104821,0.0024026546
1547.9824281079132,1547.9824281079132,1.0098424,0.0024022318
1547.983817008106,1547.983817008106,1.0118943,0.0024104097
1547.9852059085308,1547.9852059085308,1.0102475,0.0024026665
1547.9865948087229,1547.9865948087229,1.0120201,0.002404345
1547.9879837089163,1547.9879837089163,1.0105759,0.0024036078
1547.9893726093426,1547.9893726093426,1.0085611,0.0024014015
1547.9907615095347,1547.9907615095347,1.0100893,0.0024021715
1547.9921504097267,1547.9921504097267,1.0100442,0.0024009086
1547.993539310152,1547.993539310152,1.0119312,0.002404296
1547.9949282103448,1547.9949282103448,1.0101272,0.0024077601
1547.9963171105376,1547.9963171105376,1.0092361,0.0024034043
1547.9977060109638,1547.9977060109638,1.0077531,0.0024035661
1547.9990949111566,1547.9990949111566,1.0084726,0.002402531
1548.0004838113487,1548.0004838113487,1.0072181,0.0024014066
1548.0018727117736,1548.0018727117736,1.0503327,0.002425107
1548.0032616119663,1548.0032616119663,1.0356822,0.0024143297
1548.0046505121597,1548.0046505121597,1.0322589,0.0024245346
1548.0060394125853,1548.0060394125853,1.0208793,0.0024164454
1548.0074283127772,1548.0074283127772,1.0178233,0.002408097
1548.00881721297,1548.00881721297,1.0197504,0.0024113264
1548.0102061131627,1548.0102061131627,1.0180523,0.0024125725
1548.0115950135876,1548.0115950135876,1.0144702,0.002406594
1548.012983913781,1548.012983913781,1.0184093,0.0024051468
1548.0143728139744,1548.0143728139744,1.0163913,0.002407962
1548.0157617141665,1548.0157617141665,1.012565,0.00240409
1548.0171506143586,1548.0171506143586,1.0143727,0.0024148484
1548.0185395147842,1548.0185395147842,1.0116442,0.0024092048
1548.019928414977,1548.019928414977,1.0169431,0.0024069678
1548.0213173151694,1548.0213173151694,1.0117548,0.0024032646
1548.0227062153622,1548.0227062153622,1.0131667,0.0024023117
1548.024095115555,1548.024095115555,1.0105569,0.0024039645
1548.0254840159805,1548.0254840159805,1.0131522,0.0024040483
1548.0268729161726,1548.0268729161726,1.0155269,0.0024037801
1548.0282618163653,1548.0282618163653,1.0101885,0.0024091748
1548.029650716558,1548.029650716558,1.0146481,0.0024158012
1548.0310396167508,1548.0310396167508,1.0123888,0.00240381
1548.0324285169436,1548.0324285169436,1.0076227,0.00240212
1548.0338174171363,1548.0338174171363,1.0101838,0.0024034292
1548.035206317329,1548.035206317329,1.0103328,0.0024069727
1548.0365952177538,1548.0365952177538,1.0093436,0.0024018835
1548.0379841179458,1548.0379841179458,1.0099912,0.0024040977
1548.0393730181393,1548.0393730181393,1.0118071,0.0024018052
1548.0407619183327,1548.0407619183327,1.0053955,0.002400153
1548.0421508185248,1548.0421508185248,1.0082912,0.002403885
1548.0435397187175,1548.0435397187175,1.0097843,0.0024039668
1548.0449286189103,1548.0449286189103,1.0130332,0.0024042146
1548.0463175191023,1548.0463175191023,1.0130206,0.0024028837
1548.047706419295,1548.047706419295,1.0119338,0.0024023612
1548.0490953194885,1548.0490953194885,1.0100656,0.0024020583
1548.0504842196813,1548.0504842196813,1.0088669,0.0024027694
1548.051873119873,1548.051873119873,1.0052991,0.0024051946
1548.0532620200652,1548.0532620200652,1.0067465,0.00240378
1548.054650920258,1548.054650920258,1.0064572,0.002401184
1548.0560398204514,1548.0560398204514,1.0053465,0.0024017382
1548.057428720644,1548.057428720644,1.0093719,0.0024053485
1548.0588176208369,1548.0588176208369,1.0077319,0.0024025727
1548.0602065210296,1548.0602065210296,1.0037451,0.0024006271
1548.0615954212217,1548.0615954212217,1.0078878,0.0024019277
1548.0629843214138,1548.0629843214138,1.0095197,0.0024047953
1548.0643732216072,1548.0643732216072,1.0066018,0.0024056437
1548.0657621218004,1548.0657621218004,1.0061052,0.002408743
1548.0671510219925,1548.0671510219925,1.0077864,0.0024056053
1548.0685399221845,1548.0685399221845,1.003272,0.002404386
1548.0699288223773,1548.0699288223773,1.0069902,0.002408671
1548.07131772257,1548.07131772257,1.00418,0.0024016788
1548.0727066227628,1548.0727066227628,1.0055491,0.0023987624
1548.0740955229562,1548.0740955229562,1.0036328,0.0023994772
1548.0754844229161,1548.0754844229161,1.0086995,0.0024009403
1548.0768733231082,1548.0768733231082,1.0064559,0.002403458
1548.0782622233003,1548.0782622233003,1.007918,0.0024010215
1548.0796511234928,1548.0796511234928,1.0059694,0.0024005286
1548.0810400236862,1548.0810400236862,1.0049826,0.002400539
1548.082428923879,1548.082428923879,1.0063547,0.0024015703
1548.083817824071,1548.083817824071,1.0068861,0.0024010786
1548.085206724031,1548.085206724031,1.0061314,0.0024001866
1548.0865956242237,1548.0865956242237,1.0048397,0.0023981237
1548.0879845244158,1548.0879845244158,1.0015501,0.0023971682
1548.0893734246092,1548.0893734246092,1.0061114,0.002402947
1548.0907623248027,1548.0907623248027,1.0059978,0.0024008944
1548.0921512249947,1548.0921512249947,1.0017871,0.002398337
1548.093540124954,1548.093540124954,1.0032637,0.0024048158
1548.0949290251467,1548.0949290251467,1.00631,0.0023999785
1548.0963179253392,1548.0963179253392,1.0041376,0.0023998034
1548.097706825532,1548.097706825532,1.0056164,0.0023994343
1548.0990957254926,1548.0990957254926,1.005053,0.0023983119
1548.1004846256853,1548.1004846256853,1.0047967,0.002398161
1548.1018735258774,1548.1018735258774,1.0035574,0.0024002744
1548.1032624260695,1548.1032624260695,1.004667,0.002400384
1548.1046513260294,1548.1046513260294,1.003004,0.002399539
1548.1060402262228,1548.1060402262228,1.0047201,0.0024037617
1548.1074291264156,1548.1074291264156,1.005184,0.0024013624
1548.1088180266077,1548.1088180266077,1.0026498,0.002398761
1548.1102069265673,1548.1102069265673,1.0042884,0.0024015773
1548.11159582676,1548.11159582676,1.0021074,0.0024010835
1548.1129847269522,1548.1129847269522,1.0052447,0.0024012146
1548.1143736269128,1548.1143736269128,1.0060625,0.0024001622
1548.1157625271062,1548.1157625271062,1.0065137,0.0024000055
1548.1171514272983,1548.1171514272983,1.0046057,0.0024005035
1548.1185403272575,1548.1185403272575,1.0084956,0.0024064628
1548.1199292274503,1548.1199292274503,1.0027963,0.0024009687
1548.121318127643,1548.121318127643,1.0027618,0.0024002523
1548.122707027603,1548.122707027603,1.0049808,0.0024002302
1548.1240959277955,1548.1240959277955,1.0011561,0.0023983235
1548.1254848277554,1548.1254848277554,1.0020652,0.0023998886
1548.1268737279481,1548.1268737279481,1.0068806,0.002402673
1548.1282626281402,1548.1282626281402,1.0017105,0.0023979382
1548.1296515281,1548.1296515281,1.0034419,0.002402757
1548.1310404282929,1548.1310404282929,1.001703,0.0024059694
1548.1324293282528,1548.1324293282528,1.0030154,0.002400056
1548.1338182284455,1548.1338182284455,1.0052781,0.0024002916
1548.1352071284055,1548.1352071284055,1.0001698,0.0023993072
1548.1365960285982,1548.1365960285982,1.0024916,0.002397357
1548.1379849287903,1548.1379849287903,0.99935466,0.0023962045
1548.1393738287493,1548.1393738287493,1.0003161,0.0023991594
1548.1407627289427,1548.1407627289427,0.9996882,0.002409027
1548.1421516289033,1548.1421516289033,1.0017469,0.002397447
1548.1435405290954,1548.1435405290954,0.9976298,0.002396495
1548.1449294290553,1548.1449294290553,1.0010273,0.0023989424
1548.146318329248,1548.146318329248,0.999684,0.00239879
1548.1477072292073,1548.1477072292073,0.9991063,0.0023962806
1548.1490961294,1548.1490961294,1.0015682,0.0024031375
1548.1504850293607,1548.1504850293607,1.0017048,0.0024072363
1548.1518739295534,1548.1518739295534,0.9977352,0.002398235
1548.1532628295124,1548.1532628295124,0.9961121,0.002398553
1548.1546517297045,1548.1546517297045,0.9993481,0.002397179
1548.1560406296644,1548.1560406296644,0.9993772,0.0024070435
1548.157429529625,1548.157429529625,1.0072728,0.0024038237
1548.1588184298178,1548.1588184298178,1.0070125,0.0024010884
1548.1602073297777,1548.1602073297777,1.0031191,0.0024003952
1548.1615962299704,1548.1615962299704,1.0009736,0.0024017638
1548.1629851299297,1548.1629851299297,0.9998873,0.002400939
1548.164374029889,1548.164374029889,1.0006832,0.0024078924
1548.1657629300823,1548.1657629300823,0.9963178,0.0023969207
1548.167151830043,1548.167151830043,0.99983513,0.0023976315
1548.168540730235,1548.168540730235,0.99579483,0.0023957058
1548.169929630194,1548.169929630194,0.99874187,0.0024037636
1548.171318530154,1548.171318530154,1.00169,0.0023987698
1548.1727074303467,1548.1727074303467,0.99991137,0.0023971954
1548.1740963303066,1548.1740963303066,0.9959129,0.002394826
1548.1754852302672,1548.1754852302672,1.0020326,0.002403262
1548.17687413046,1548.17687413046,0.9963979,0.0023963228
1548.1782630304192,1548.1782630304192,0.9967638,0.0023957263
1548.1796519303784,1548.1796519303784,0.99655557,0.0024011766
1548.1810408305712,1548.1810408305712,0.9986205,0.0024038136
1548.1824297305318,1548.1824297305318,0.99609894,0.0023972914
1548.1838186304915,1548.1838186304915,0.9956613,0.002394149
1548.1852075304507,1548.1852075304507,0.99768114,0.0023974592
1548.1865964306435,1548.1865964306435,0.99725604,0.0023960345
1548.1879853306034,1548.1879853306034,0.9926883,0.0023942613
1548.1893742305626,1548.1893742305626,1.0021981,0.002399721
1548.190763130756,1548.190763130756,1.0015131,0.0024002022
1548.1921520307167,1548.1921520307167,0.9963818,0.0023974127
1548.193540930676,1548.193540930676,0.99634486,0.0023968222
1548.1949298306351,1548.1949298306351,0.9993564,0.0023972734
1548.196318730595,1548.196318730595,0.99752873,0.0023970744
1548.1977076307878,1548.1977076307878,0.99987966,0.0024002062
1548.1990965307475,1548.1990965307475,0.99850607,0.0023993705
1548.2004854307074,1548.2004854307074,0.9966895,0.0023994984
1548.2018743306674,1548.2018743306674,0.99667764,0.0023952555
1548.2032632306273,1548.2032632306273,0.9940562,0.002394827
1548.2046521308193,1548.2046521308193,0.9930162,0.00239291
1548.2060410307793,1548.2060410307793,0.99826986,0.0023992022
1548.2074299307399,1548.2074299307399,1.0001508,0.0023974308
1548.2088188306998,1548.2088188306998,0.99278724,0.0023926934
1548.210207730659,1548.210207730659,0.9987403,0.0023967794
1548.211596630619,1548.211596630619,0.9929319,0.0024001356
1548.2129855305786,1548.2129855305786,0.99474066,0.0023942888
1548.2143744307707,1548.2143744307707,0.99542826,0.0023954946
1548.2157633307313,1548.2157633307313,0.99494255,0.0023953025
1548.217152230692,1548.217152230692,0.9909844,0.002396013
1548.2185411306511,1548.2185411306511,0.99171126,0.0023932161
1548.2199300306104,1548.2199300306104,0.99471545,0.0023974238
1548.2213189305703,1548.2213189305703,0.99406344,0.0024000127
1548.2227078305302,1548.2227078305302,0.9944708,0.0023937302
1548.2240967304895,1548.2240967304895,0.99824053,0.0023958401
1548.2254856304494,1548.2254856304494,0.9964325,0.0023971228
1548.22687453041,1548.22687453041,0.9964141,0.0023968713
1548.22826343037,1548.22826343037,0.9971086,0.0023950879
1548.229652330329,1548.229652330329,0.9940991,0.0023956688
1548.2310412302888,1548.2310412302888,0.99113846,0.002392666
1548.2324301302488,1548.2324301302488,0.99300486,0.0023934876
1548.2338190302087,1548.2338190302087,0.99363804,0.0023984422
1548.2352079301686,1548.2352079301686,0.9946862,0.0023943873
1548.2365968301285,1548.2365968301285,0.99389,0.002396523
1548.2379857300884,1548.2379857300884,0.9927041,0.0023918096
1548.2393746300477,1548.2393746300477,0.9950149,0.0023951323
1548.2407635300067,1548.2407635300067,0.99136394,0.002397924
1548.2421524299673,1548.2421524299673,0.9952944,0.0023940327
1548.243541329928,1548.243541329928,0.9953688,0.0023967333
1548.2449302298871,1548.2449302298871,0.9959387,0.0023975694
1548.246319129847,1548.246319129847,0.9926053,0.00239396
1548.247708029807,1548.247708029807,0.99501354,0.0023983202
1548.2490969297662,1548.2490969297662,0.9920088,0.0023949712
1548.2504858297261,1548.2504858297261,0.9928116,0.0023981715
1548.2518747296867,1548.2518747296867,0.99125576,0.002394799
1548.2532636296467,1548.2532636296467,0.9943189,0.0023967621
1548.254652529606,1548.254652529606,0.9973435,0.0023963703
1548.2560414295651,1548.2560414295651,0.98991185,0.002395764
1548.257430329292,1548.257430329292,0.9918175,0.0023941484
1548.2588192292526,1548.2588192292526,0.9928415,0.0023935854
1548.2602081292125,1548.2602081292125,0.99060816,0.0023947484
1548.2615970291724,1548.2615970291724,0.9905296,0.0023926795
1548.2629859291324,1548.2629859291324,0.9935765,0.0023951514
1548.2643748290916,1548.2643748290916,0.98946935,0.002392942
1548.2657637290508,1548.2657637290508,0.9902367,0.0023917146
1548.2671526287786,1548.2671526287786,0.99076533,0.002393927
1548.2685415287392,1548.2685415287392,0.9940451,0.002396046
1548.2699304286984,1548.2699304286984,0.991619,0.0023921712
1548.2713193286575,1548.2713193286575,0.99104977,0.0023940555
1548.2727082286174,1548.2727082286174,0.9914981,0.0023926566
1548.2740971283445,1548.2740971283445,0.99072456,0.002393461
1548.2754860283044,1548.2754860283044,0.9929221,0.0023987219
1548.276874928265,1548.276874928265,0.9914114,0.0023931835
1548.278263828225,1548.278263828225,0.99128443,0.0023920753
1548.2796527279513,1548.2796527279513,0.99087274,0.0023951114
1548.2810416279106,1548.2810416279106,0.9932366,0.0024036006
1548.2824305278705,1548.2824305278705,0.99442065,0.0023962047
1548.283819427831,1548.283819427831,0.98986864,0.0023941963
1548.2852083275582,1548.2852083275582,0.9917055,0.0023931765
1548.2865972275174,1548.2865972275174,0.99220747,0.0023986811
1548.287986127477,1548.287986127477,0.9894178,0.0023990069
1548.289375027437,1548.289375027437,0.9907249,0.002400594
1548.2907639271634,1548.2907639271634,0.9898501,0.0023907218
1548.2921528271233,1548.2921528271233,0.9915734,0.0023932143
1548.293541727084,1548.293541727084,0.9920096,0.0023919055
1548.294930626811,1548.294930626811,0.9911776,0.0023926105
1548.2963195267703,1548.2963195267703,0.99102235,0.0023913956
1548.2977084267302,1548.2977084267302,0.99145395,0.0023927174
1548.2990973264573,1548.2990973264573,0.9916193,0.002394139
1548.3004862264163,1548.3004862264163,0.9913593,0.002393173
1548.3018751261434,1548.3018751261434,0.98871636,0.00239293
1548.303264026104,1548.303264026104,0.9911209,0.0023937256
1548.304652926064,1548.304652926064,0.99158096,0.002397665
1548.3060418257903,1548.3060418257903,0.98891866,0.0023923726
1548.3074307257502,1548.3074307257502,0.9919227,0.0023925393
1548.3088196254773,1548.3088196254773,0.9877596,0.0023919484
1548.3102085254372,1548.3102085254372,0.98963183,0.0023930727
1548.3115974253972,1548.3115974253972,0.98983747,0.002390591
1548.3129863251243,1548.3129863251243,0.98878324,0.0023928417
1548.3143752250842,1548.3143752250842,0.98907363,0.0023909407
1548.3157641248106,1548.3157641248106,0.99059075,0.0023944029
1548.3171530247696,1548.3171530247696,0.98769337,0.002391502
1548.3185419244974,1548.3185419244974,0.9892697,0.0023916257
1548.319930824458,1548.319930824458,0.98989075,0.0023918783
1548.3213197241844,1548.3213197241844,0.9898716,0.0023931055
1548.3227086241443,1548.3227086241443,0.9923726,0.0023963246
1548.3240975238714,1548.3240975238714,0.99129164,0.0023933786
1548.3254864238306,1548.3254864238306,0.98741853,0.002390235
1548.3268753235577,1548.3268753235577,0.9896824,0.0023976474
1548.3282642235183,1548.3282642235183,0.98790354,0.0023912317
1548.3296531232452,1548.3296531232452,0.99034417,0.0024008208
1548.3310420232044,1548.3310420232044,0.9907134,0.0023912317
1548.3324309229315,1548.3324309229315,0.9872706,0.00239003
1548.3338198228914,1548.3338198228914,0.98473495,0.0023939111
1548.3352087226185,1548.3352087226185,0.9868187,0.0023895407
1548.3365976225784,1548.3365976225784,0.9893273,0.0023917786
1548.3379865223055,1548.3379865223055,0.98529816,0.002389608
1548.3393754222654,1548.3393754222654,0.9890272,0.0023915507
1548.3407643219919,1548.3407643219919,0.98826045,0.002393705
1548.3421532217183,1548.3421532217183,0.98929214,0.002396162
1548.3435421216789,1548.3435421216789,0.9853281,0.0023902368
1548.3449310214066,1548.3449310214066,0.9870039,0.0023889474
1548.3463199211328,1548.3463199211328,0.9836602,0.0023930536
1548.3477088210927,1548.3477088210927,0.9867909,0.0023893667
1548.3490977208198,1548.3490977208198,0.9878523,0.0023911789
1548.350486620779,1548.350486620779,0.98868936,0.0023920822
1548.3518755205062,1548.3518755205062,0.9844923,0.002388104
1548.353264420234,1548.353264420234,0.99050015,0.0024008236
1548.3546533201938,1548.3546533201938,0.9854705,0.0023902287
1548.3560422199203,1548.3560422199203,0.98653454,0.00239171
1548.3574311196467,1548.3574311196467,0.98472124,0.002394172
1548.3588200196066,1548.3588200196066,0.9835184,0.0023906594
1548.3602089193334,1548.3602089193334,0.9872489,0.0023922583
1548.3615978190605,1548.3615978190605,0.9877139,0.002396112
1548.3629867187883,1548.3629867187883,0.98679113,0.0023928063
1548.3643756187482,1548.3643756187482,0.9886108,0.0023963659
1548.3657645184746,1548.3657645184746,0.9852773,0.0023963002
1548.367153418201,1548.367153418201,0.9843829,0.0023886939
1548.3685423179281,1548.3685423179281,0.9877241,0.002389992
1548.3699312178887,1548.3699312178887,0.98383695,0.00239293
1548.3713201176158,1548.3713201176158,0.9880233,0.0023935882
1548.3727090173422,1548.3727090173422,0.9836817,0.0023896801
1548.374097917069,1548.374097917069,0.9881404,0.0023954674
1548.375486817029,1548.375486817029,0.9828763,0.0023885558
1548.3768757167554,1548.3768757167554,0.9819248,0.0023955877
1548.3782646164832,1548.3782646164832,0.9895491,0.0023930033
1548.379653516211,1548.379653516211,0.9872172,0.0023892643
1548.3810424159374,1548.3810424159374,0.9887381,0.0023929616
1548.3824313158966,1548.3824313158966,0.98586917,0.0023884722
1548.3838202156237,1548.3838202156237,0.9849439,0.002391377
1548.3852091153508,1548.3852091153508,0.9881309,0.0023933167
1548.3865980150779,1548.3865980150779,0.9816621,0.0023868952
1548.3879869148047,1548.3879869148047,0.9837154,0.002389016
1548.3893758145318,1548.3893758145318,0.9858981,0.0023964094
1548.3907647144918,1548.3907647144918,0.9869126,0.0023917542
1548.3921536142182,1548.3921536142182,0.98302203,0.0023974115
1548.3935425139452,1548.3935425139452,0.9842989,0.0023917877
1548.394931413673,1548.394931413673,0.9853173,0.0023973803
1548.3963203134,1548.3963203134,0.9829035,0.002389135
1548.3977092131265,1548.3977092131265,0.9871316,0.0023902121
1548.3990981128536,1548.3990981128536,0.98412806,0.0023912159
1548.4004870125807,1548.4004870125807,0.9820898,0.0023930334
1548.401875912307,1548.401875912307,0.9831528,0.0023896904
1548.403264812034,1548.403264812034,0.98278445,0.0023900818
1548.4046537117617,1548.4046537117617,0.98613197,0.0023908345
1548.4060426114888,1548.4060426114888,0.98396146,0.0023912343
1548.4074315112152,1548.4074315112152,0.9855771,0.002388097
1548.4088204109423,1548.4088204109423,0.98684716,0.0023913698
1548.4102093106694,1548.4102093106694,0.981327,0.0023861513
1548.4115982106293,1548.4115982106293,0.9840993,0.002390655
1548.4129871103564,1548.4129871103564,0.98154104,0.0023896284
1548.4143760100835,1548.4143760100835,0.986019,0.0023892894
1548.4157649095778,1548.4157649095778,0.9816811,0.0023877919
1548.417153809304,1548.417153809304,0.9867581,0.0023918666
1548.4185427090304,1548.4185427090304,0.9844306,0.0023904173
1548.4199316087575,1548.4199316087575,0.9827654,0.002394578
1548.4213205084852,1548.4213205084852,0.98544776,0.002389127
1548.4227094082123,1548.4227094082123,0.98555785,0.002392097
1548.4240983079394,1548.4240983079394,0.981043,0.0023885597
1548.4254872076665,1548.4254872076665,0.982842,0.0023886422
1548.426876107393,1548.426876107393,0.986056,0.00239214
1548.4282650071193,1548.4282650071193,0.9820514,0.0023891185
1548.429653906847,1548.429653906847,0.9847498,0.0023891877
1548.4310428065749,1548.4310428065749,0.983237,0.002388935
1548.4324317063013,1548.4324317063013,0.9842567,0.0023914028
1548.4338206060281,1548.4338206060281,0.98216784,0.0023896373
1548.4352095057552,1548.4352095057552,0.98248476,0.0023868643
1548.4365984052488,1548.4365984052488,0.9803164,0.002388201
1548.4379873049759,1548.4379873049759,0.9844887,0.0023888254
1548.4393762047036,1548.4393762047036,0.9804667,0.0023916012
1548.4407651044307,1548.4407651044307,0.9858506,0.0023922056
1548.4421540041571,1548.4421540041571,0.98402524,0.0023886985
1548.4435429038836,1548.4435429038836,0.9849038,0.0023897716
1548.4449318033778,1548.4449318033778,0.98421603,0.0023902133
1548.4463207031056,1548.4463207031056,0.9882482,0.0023963493
1548.4477096028324,1548.4477096028324,0.9799323,0.0023903325
1548.4490985025595,1548.4490985025595,0.98218167,0.002393612
1548.4504874022866,1548.4504874022866,0.9829537,0.002389892
1548.4518763017802,1548.4518763017802,0.98409057,0.0023919265
1548.4532652015066,1548.4532652015066,0.97946,0.0023927372
1548.4546541012344,1548.4546541012344,0.9800943,0.0023894813
1548.4560430009622,1548.4560430009622,0.9815796,0.0023895002
1548.4574319004557,1548.4574319004557,0.98195165,0.0023887274
1548.4588208001821,1548.4588208001821,0.98288435,0.002390904
1548.4602096999092,1548.4602096999092,0.9829482,0.002390656
1548.4615985996363,1548.4615985996363,0.9831781,0.0023935433
1548.4629874991303,1548.4629874991303,0.9859218,0.002389738
1548.4643763988581,1548.4643763988581,0.9821087,0.0023888599
1548.4657652985852,1548.4657652985852,0.9833265,0.002390963
1548.4671541983116,1548.4671541983116,0.98588145,0.00239193
1548.4685430978052,1548.4685430978052,0.98382884,0.0023932736
1548.4699319975323,1548.4699319975323,0.98360676,0.0023904147
1548.47132089726,1548.47132089726,0.98333275,0.0023867353
1548.4727097967543,1548.4727097967543,0.98081434,0.0023932578
1548.4740986964807,1548.4740986964807,0.97937673,0.0023888662
1548.4754875962078,1548.4754875962078,0.98358613,0.0023882762
1548.4768764957018,1548.4768764957018,0.98285335,0.0023909938
1548.4782653954283,1548.4782653954283,0.9852251,0.00239133
1548.4796542949225,1548.4796542949225,0.98498964,0.0023939118
1548.4810431946503,1548.4810431946503,0.97770816,0.0023858757
1548.4824320943774,1548.4824320943774,0.9804604,0.0023876084
1548.483820993871,1548.483820993871,0.98589295,0.0023899314
1548.485209893598,1548.485209893598,0.9866586,0.0023907905
1548.4865987930923,1548.4865987930923,0.9831863,0.0023891244
1548.4879876928187,1548.4879876928187,0.9824963,0.0023925316
1548.4893765925458,1548.4893765925458,0.9829137,0.0023886603
1548.4907654920407,1548.4907654920407,0.98293805,0.0023886343
1548.4921543917678,1548.4921543917678,0.98574376,0.0023894154
1548.4935432912612,1548.4935432912612,0.98056024,0.0023890608
1548.4949321909883,1548.4949321909883,0.9832976,0.0023944099
1548.4963210904825,1548.4963210904825,0.98150057,0.0023955628
1548.4977099902096,1548.4977099902096,0.9835528,0.0023898676
1548.4990988897039,1548.4990988897039,0.9847866,0.0023888214
1548.500487789431,1548.500487789431,0.98041356,0.0023966657
1548.5018766889252,1548.5018766889252,0.9815667,0.002394333
1548.5032655886516,1548.5032655886516,0.9842872,0.0023948366
1548.504654488145,1548.504654488145,0.9828223,0.0023905835
1548.5060433878728,1548.5060433878728,0.9824481,0.002390091
1548.5074322873677,1548.5074322873677,0.98367983,0.0023911903
1548.508821187094,1548.508821187094,0.98170054,0.0023882168
1548.5102100865884,1548.5102100865884,0.9832407,0.0023940473
1548.5115989863154,1548.5115989863154,0.98479164,0.0023916117
1548.512987885809,1548.512987885809,0.9848647,0.0023913404
1548.5143767855361,1548.5143767855361,0.9826874,0.0023904762
1548.515765685031,1548.515765685031,0.981284,0.002395069
1548.5171545845253,1548.5171545845253,0.98472655,0.002398527
1548.5185434842517,1548.5185434842517,0.9820651,0.0023874505
1548.5199323837453,1548.5199323837453,0.9862391,0.002393405
1548.5213212834722,1548.5213212834722,0.98297787,0.0023873427
1548.522710182967,1548.522710182967,0.98371404,0.0023874338
1548.5240990824614,1548.5240990824614,0.98204786,0.0023910191
1548.5254879821885,1548.5254879821885,0.9871322,0.0024011713
1548.5268768816827,1548.5268768816827,0.9830606,0.0023870151
1548.5282657811763,1548.5282657811763,0.9897396,0.0023991277
1548.5296546809027,1548.5296546809027,0.9797538,0.0023891937
1548.531043580397,1548.531043580397,0.9841366,0.0023892003
1548.532432479892,1548.532432479892,0.98229784,0.0023930324
1548.533821379619,1548.533821379619,0.9867253,0.0023893889
1548.5352102791123,1548.5352102791123,0.9835818,0.0023888855
1548.5365991786066,1548.5365991786066,0.98251396,0.0023910506
1548.5379880783337,1548.5379880783337,0.9846682,0.002389744
1548.5393769778273,1548.5393769778273,0.9832697,0.002391982
1548.5407658773222,1548.5407658773222,0.98255026,0.002389849
1548.54215477705,1548.54215477705,0.9848606,0.0023896762
1548.5435436765435,1548.5435436765435,0.98136824,0.0023871686
1548.5449325760371,1548.5449325760371,0.98719317,0.0023916983
1548.5463214755314,1548.5463214755314,0.98230726,0.0023872002
1548.5477103752585,1548.5477103752585,0.98247755,0.002389218
1548.5490992747527,1548.5490992747527,0.98145646,0.0023901588
1548.5504881742474,1548.5504881742474,0.9860954,0.0023950704
1548.5518770737417,1548.5518770737417,0.9845888,0.0023901914
1548.5532659732353,1548.5532659732353,0.981135,0.002395578
1548.5546548729617,1548.5546548729617,0.9853426,0.0023907444
1548.556043772456,1548.556043772456,0.98186165,0.0023867127
1548.557432671951,1548.557432671951,0.9818553,0.0023885316
1548.5588215714452,1548.5588215714452,0.9849652,0.002389258
1548.5602104709387,1548.5602104709387,0.9855222,0.0024009382
1548.561599370433,1548.561599370433,0.98538834,0.0023903346
1548.56298827016,1548.56298827016,0.9847938,0.0023910843
1548.5643771696534,1548.5643771696534,0.98496884,0.0023928082
1548.5657660691484,1548.5657660691484,0.98321587,0.00240025
1548.5671549686433,1548.5671549686433,0.9857076,0.0023890305
1548.5685438681369,1548.5685438681369,0.9844434,0.002395872
1548.5699327676305,1548.5699327676305,0.9858771,0.0023882221
1548.5713216671247,1548.5713216671247,0.98740035,0.0023961347
1548.572710566619,1548.572710566619,0.9863603,0.0023910506
1548.574099466346,1548.574099466346,0.9864771,0.0023902045
1548.5754883658403,1548.5754883658403,0.98471975,0.0023902284
1548.5768772653346,1548.5768772653346,1.000476,0.0023959426
1548.5782661648288,1548.5782661648288,1.0138513,0.0024049468
1548.5796550643224,1548.5796550643224,0.9978391,0.002399516
1548.5810439638165,1548.5810439638165,0.9890295,0.0023962825
1548.5824328633107,1548.5824328633107,0.99050474,0.0023948834
1548.583821762805,1548.583821762805,0.99071956,0.0024018108
1548.5852106622992,1548.5852106622992,0.99001956,0.0023911945
1548.5865995617935,1548.5865995617935,0.98851925,0.002395998
1548.5879884612878,1548.5879884612878,0.9882933,0.0023894436
1548.5893773607813,1548.5893773607813,0.9854551,0.0023894056
1548.590766260275,1548.590766260275,0.988038,0.0023916273
1548.5921551597698,1548.5921551597698,0.9898285,0.0023962625
1548.5935440592646,1548.5935440592646,0.9882489,0.0023922746
1548.5949329587581,1548.5949329587581,0.9858784,0.0023929458
1548.5963218582524,1548.5963218582524,0.9914565,0.0023949922
1548.5977107577467,1548.5977107577467,0.9884792,0.0023974364
1548.5990996572402,1548.5990996572402,0.98957986,0.0023928366
1548.6004885567345,1548.6004885567345,0.9894531,0.0023934387
1548.6018774562294,1548.6018774562294,0.98850405,0.0023963084
1548.6032663557237,1548.6032663557237,0.9847227,0.0023900298
1548.6046552552173,1548.6046552552173,0.9867926,0.0023919314
1548.606044154478,1548.606044154478,0.9851634,0.002395443
1548.6074330539723,1548.6074330539723,0.9882998,0.002391126
1548.608821953467,1548.608821953467,0.9876368,0.002391895
1548.6102108529612,1548.6102108529612,0.9881691,0.002391537
1548.6115997524555,1548.6115997524555,0.9840156,0.0023881295
1548.6129886519498,1548.6129886519498,0.98502284,0.0023903088
1548.6143775514433,1548.6143775514433,0.9893624,0.0023916708
1548.615766450937,1548.615766450937,0.985013,0.0023937551
1548.617155350199,1548.617155350199,0.9879732,0.002393824
1548.618544249694,1548.618544249694,0.98571104,0.0023995927
1548.6199331491875,1548.6199331491875,0.9879151,0.002393508
1548.6213220486811,1548.6213220486811,0.9873722,0.0023910522
1548.6227109481754,1548.6227109481754,0.98766315,0.0023948047
1548.6240998476694,1548.6240998476694,0.9852364,0.0023892722
1548.6254887469308,1548.6254887469308,0.98794717,0.0023972092
1548.6268776464258,1548.6268776464258,0.9890063,0.002391825
1548.62826654592,1548.62826654592,0.98645264,0.0023932129
1548.6296554454136,1548.6296554454136,0.9898552,0.0023927717
1548.6310443446744,1548.6310443446744,0.99205804,0.002396159
1548.6324332441686,1548.6324332441686,0.98609275,0.0023898107
1548.6338221436629,1548.6338221436629,0.98886555,0.0023943398
1548.6352110431571,1548.6352110431571,0.9891473,0.00239246
1548.6365999424186,1548.6365999424186,0.98717713,0.0023920813
1548.6379888419126,1548.6379888419126,0.99139065,0.0023961752
1548.6393777414069,1548.6393777414069,0.9916529,0.0023935866
1548.6407666409004,1548.6407666409004,0.9903736,0.002391459
1548.6421555401619,1548.6421555401619,0.9921043,0.0023932564
1548.6435444396568,1548.6435444396568,0.9901896,0.0023979952
1548.644933339151,1548.644933339151,0.9866208,0.00240068
1548.6463222384118,1548.6463222384118,0.9881222,0.002394123
1548.647711137906,1548.647711137906,0.9878794,0.0023937868
1548.6491000374003,1548.6491000374003,0.9877082,0.002394637
1548.650488936661,1548.650488936661,0.99073565,0.0023928713
1548.6518778361553,1548.6518778361553,0.99206597,0.002394211
1548.65326673565,1548.65326673565,0.9891925,0.0023892235
1548.6546556349115,1548.6546556349115,0.9946413,0.0023938285
1548.656044534405,1548.656044534405,0.98559564,0.0023902357
1548.6574334336665,1548.6574334336665,0.98866355,0.0023908434
1548.6588223331607,1548.6588223331607,0.991001,0.002393708
1548.660211232655,1548.660211232655,0.9929844,0.002396238
1548.6616001319164,1548.6616001319164,0.9935969,0.0023914261
1548.6629890314107,1548.6629890314107,0.9895143,0.0023941495
1548.6643779306721,1548.6643779306721,0.9887623,0.0023918254
1548.6657668301657,1548.6657668301657,0.99348867,0.0023944017
1548.6671557296597,1548.6671557296597,0.9919176,0.002395075
1548.6685446289218,1548.6685446289218,0.9912828,0.0023944138
1548.669933528416,1548.669933528416,0.9973278,0.0023977775
1548.6713224276768,1548.6713224276768,0.9873128,0.0023942678
1548.672711327171,1548.672711327171,0.9910709,0.0023940247
1548.6741002264325,1548.6741002264325,0.98668766,0.0023941982
1548.675489125926,1548.675489125926,0.9925321,0.0023994686
1548.6768780251869,1548.6768780251869,0.99026406,0.002395655
1548.6782669246818,1548.6782669246818,0.9912681,0.0023938266
1548.679655823944,1548.679655823944,0.9933006,0.0024026292
1548.6810447234373,1548.6810447234373,0.99445546,0.0023934564
1548.6824336226987,1548.6824336226987,0.99340785,0.0023962862
1548.683822522193,1548.683822522193,0.9911496,0.0024005533
1548.6852114214537,1548.6852114214537,0.9938979,0.0023945572
1548.6866003207151,1548.6866003207151,0.99258614,0.002394292
1548.68798922021,1548.68798922021,0.9917528,0.0023931582
1548.6893781194715,1548.6893781194715,0.9929911,0.0023931214
1548.690767018965,1548.690767018965,0.99745214,0.0024055294
1548.6921559182258,1548.6921559182258,0.9926741,0.0023935367
1548.69354481772,1548.69354481772,0.9937383,0.0023966182
1548.6949337169822,1548.6949337169822,0.99401724,0.0023994371
1548.6963226162436,1548.6963226162436,0.99075073,0.002395599
1548.6977115157376,1548.6977115157376,0.99407,0.002394109
1548.699100414999,1548.699100414999,0.99261767,0.0023932816
1548.7004893144926,1548.7004893144926,0.9916602,0.002394305
1548.7018782137534,1548.7018782137534,0.99381256,0.0023963705
1548.7032671130155,1548.7032671130155,0.9973405,0.0023962092
1548.7046560125104,1548.7046560125104,0.9920313,0.0023962175
1548.7060449117712,1548.7060449117712,0.99539346,0.0023950206
1548.707433811032,1548.707433811032,0.992659,0.0023925873
1548.7088227105262,1548.7088227105262,0.99431914,0.0023956094
1548.7102116097874,1548.7102116097874,0.994642,0.0023945384
1548.7116005090488,1548.7116005090488,0.9947993,0.002394553
1548.712989408311,1548.712989408311,0.9962921,0.0023963272
1548.7143783078052,1548.7143783078052,0.9994993,0.0023985999
1548.715767207066,1548.715767207066,0.9955641,0.0023939142
1548.7171561063267,1548.7171561063267,0.9944137,0.002402035
1548.718545005821,1548.718545005821,0.9985575,0.0023989617
1548.7199339050824,1548.7199339050824,0.9937776,0.0023938927
1548.7213228043438,1548.7213228043438,0.9994053,0.0023959877
1548.7227117036052,1548.7227117036052,0.99824417,0.0023977635
1548.7241006030995,1548.7241006030995,0.9983637,0.00239373
1548.725489502361,1548.725489502361,0.9984566,0.0023972683
1548.7268784016214,1548.7268784016214,0.9951803,0.0023955717
1548.7282673008829,1548.7282673008829,0.9985097,0.002394163
1548.729656200145,1548.729656200145,0.9991082,0.0023983023
1548.7310450996392,1548.7310450996392,0.99667686,0.0024010695
1548.7324339989,1548.7324339989,0.99674404,0.0023944238
1548.7338228981614,1548.7338228981614,0.9952109,0.0023931342
1548.7352117974228,1548.7352117974228,0.99893767,0.002398994
1548.7366006966836,1548.7366006966836,0.99833256,0.0023960413
1548.737989595945,1548.737989595945,0.9968041,0.0023948967
1548.73937849544,1548.73937849544,0.9977393,0.0023955368
1548.7407673947012,1548.7407673947012,0.9991675,0.0023981717
1548.742156293962,1548.742156293962,0.9986189,0.002395357
1548.7435451932233,1548.7435451932233,0.99836403,0.0023984
1548.7449340924848,1548.7449340924848,0.9980504,0.002396363
1548.7463229917462,1548.7463229917462,1.000809,0.002397383
1548.7477118910076,1548.7477118910076,0.99789554,0.0023968362
1548.749100790269,1548.749100790269,0.9999973,0.0023992877
1548.7504896895305,1548.7504896895305,0.99904966,0.0023988744
1548.7518785887912,1548.7518785887912,0.999896,0.0023963954
1548.7532674882848,1548.7532674882848,1.0023448,0.002398125
1548.754656387547,1548.754656387547,0.9977494,0.002399341
1548.756045286809,1548.756045286809,0.9986055,0.0023963961
1548.7574341860695,1548.7574341860695,0.9938774,0.0024004402
1548.758823085331,1548.758823085331,0.99834746,0.002396198
1548.7602119845924,1548.7602119845924,0.99872106,0.0023979114
1548.7616008838531,1548.7616008838531,0.997856,0.0023950364
1548.7629897831139,1548.7629897831139,0.9987367,0.002398122
1548.764378682376,1548.764378682376,1.0051484,0.0023985833
1548.765767581638,1548.765767581638,1.0002826,0.0023976432
1548.7671564808988,1548.7671564808988,1.0002943,0.0023978038
1548.7685453801603,1548.7685453801603,1.0002401,0.002398424
1548.7699342794215,1548.7699342794215,0.9990448,0.0023973817
1548.7713231786822,1548.7713231786822,0.9989854,0.002397208
1548.7727120779437,1548.7727120779437,1.001401,0.0023990006
1548.774100976973,1548.774100976973,0.99959135,0.0023967973
1548.7754898762344,1548.7754898762344,1.0008942,0.0024002804
1548.776878775495,1548.776878775495,1.0011687,0.0023977966
1548.7782676747559,1548.7782676747559,1.0029923,0.0024003352
1548.7796565740173,1548.7796565740173,0.99955624,0.0024026227
1548.7810454732794,1548.7810454732794,1.0010747,0.002396735
1548.7824343725408,1548.7824343725408,0.99845266,0.0023967049
1548.7838232718022,1548.7838232718022,1.0013818,0.0024017077
1548.7852121710637,1548.7852121710637,1.003233,0.0023983668
1548.7866010703242,1548.7866010703242,0.9979378,0.0024003403
1548.787989969352,1548.787989969352,0.9992336,0.0024010716
1548.7893788686142,1548.7893788686142,1.000719,0.002401986
1548.7907677678763,1548.7907677678763,0.99804986,0.0023980052
1548.792156667137,1548.792156667137,1.0031759,0.0023980136
1548.7935455663978,1548.7935455663978,0.9975758,0.002397469
1548.7949344656593,1548.7949344656593,1.0034717,0.0024012374
1548.7963233646879,1548.7963233646879,0.9983058,0.0023964583
1548.7977122639484,1548.7977122639484,1.0050159,0.002399462
1548.7991011632105,1548.7991011632105,1.0030415,0.00239903
1548.8004900624726,1548.8004900624726,0.9985293,0.0023989312
1548.8018789617333,1548.8018789617333,1.001806,0.0023961586
1548.8032678607613,1548.8032678607613,1.0008526,0.0024014271
1548.8046567600227,1548.8046567600227,1.0016525,0.0023996732
1548.806045659284,1548.806045659284,1.0042847,0.0024019922
1548.8074345585455,1548.8074345585455,1.0073382,0.002399548
1548.8088234575741,1548.8088234575741,1.0029144,0.002402655
1548.8102123568356,1548.8102123568356,1.0021176,0.0023995664
1548.811601256097,1548.811601256097,1.0031266,0.0024022942
1548.8129901553577,1548.8129901553577,1.0034333,0.0024013084
1548.814379054386,1548.814379054386,1.0042706,0.0023997822
1548.8157679536482,1548.8157679536482,1.003412,0.0024075252
1548.8171568529096,1548.8171568529096,0.9997964,0.0023973954
1548.8185457519376,1548.8185457519376,1.0004022,0.0023975477
1548.819934651199,1548.819934651199,1.0024868,0.002398683
1548.8213235504604,1548.8213235504604,1.0052115,0.0024051487
1548.8227124494883,1548.8227124494883,1.0157763,0.00240671
1548.8241013487498,1548.8241013487498,1.0063764,0.0024027014
1548.8254902480119,1548.8254902480119,1.005791,0.0024014874
1548.8268791470405,1548.8268791470405,1.003913,0.0023977035
1548.828268046301,1548.828268046301,1.0057774,0.0024006097
1548.8296569455624,1548.8296569455624,1.0063398,0.002400854
1548.831045844591,1548.831045844591,1.0030364,0.0023979142
1548.8324347438524,1548.8324347438524,1.0059769,0.002402889
1548.833823642881,1548.833823642881,1.0058521,0.002400217
1548.8352125421425,1548.8352125421425,1.0027059,0.0023972937
1548.836601441404,1548.836601441404,1.007597,0.002402135
1548.8379903404318,1548.8379903404318,1.00546,0.0023992737
1548.8393792396926,1548.8393792396926,1.0062059,0.002400676
1548.8407681387212,1548.8407681387212,1.0049684,0.002401579
1548.8421570379833,1548.8421570379833,1.0071927,0.0024018933
1548.8435459370119,1548.8435459370119,1.0050814,0.0023989151
1548.844934836273,1548.844934836273,1.0057422,0.0024019934
1548.8463237353017,1548.8463237353017,1.0072608,0.002401083
1548.8477126345624,1548.8477126345624,1.0072689,0.0024076463
1548.8491015335903,1548.8491015335903,1.0053775,0.0024032805
1548.8504904328524,1548.8504904328524,1.0044718,0.002399189
1548.8518793318817,1548.8518793318817,1.0072083,0.0024066204
1548.8532682311425,1548.8532682311425,1.0072894,0.0024011063
1548.8546571301704,1548.8546571301704,1.0019596,0.002397371
1548.8560460294318,1548.8560460294318,1.0055815,0.0023998679
1548.8574349284602,1548.8574349284602,1.0014547,0.0024090311
1548.8588238277216,1548.8588238277216,1.0096091,0.0024048751
1548.860212726751,1548.860212726751,1.0065972,0.0024069424
1548.8616016260123,1548.8616016260123,1.0025754,0.0024027112
1548.8629905250402,1548.8629905250402,1.00529,0.002398879
1548.864379424301,1548.864379424301,1.00547,0.0024018413
1548.8657683233296,1548.8657683233296,1.0068363,0.0024000967
1548.8671572223589,1548.8671572223589,1.0062219,0.0024021387
1548.8685461216203,1548.8685461216203,1.0055612,0.0024011326
1548.8699350206482,1548.8699350206482,1.007444,0.0024091587
1548.8713239199096,1548.8713239199096,1.0040339,0.0024008306
1548.8727128189382,1548.8727128189382,1.0094967,0.0024003673
1548.874101717966,1548.874101717966,1.0065887,0.002398149
1548.8754906172273,1548.8754906172273,1.0068413,0.002402453
1548.8768795162566,1548.8768795162566,1.0053103,0.0023986453
1548.8782684152852,1548.8782684152852,1.0046562,0.0023995105
1548.879657314546,1548.879657314546,1.0062959,0.0024038139
1548.8810462135746,1548.8810462135746,1.012506,0.0024109858
1548.8824351126032,1548.8824351126032,1.0064274,0.002402171
1548.883824011864,1548.883824011864,1.0102577,0.0024011144
1548.8852129108932,1548.8852129108932,1.0084393,0.0024019072
1548.8866018099222,1548.8866018099222,1.0090644,0.0024016562
1548.8879907089502,1548.8879907089502,1.0090957,0.0024050742
1548.889379608211,1548.889379608211,1.0088376,0.0024066041
1548.8907685072395,1548.8907685072395,1.0086626,0.002402772
1548.892157406268,1548.892157406268,1.0061098,0.0024019007
1548.8935463052967,1548.8935463052967,1.0072417,0.0024005577
1548.8949352045581,1548.8949352045581,1.0104278,0.0024053217
1548.8963241035867,1548.8963241035867,1.0095425,0.0024068328
1548.8977130026153,1548.8977130026153,1.0066181,0.0024011147
1548.8991019016432,1548.8991019016432,1.009214,0.0024020325
1548.9004908009047,1548.9004908009047,1.0105453,0.0024049836
1548.9018796999337,1548.9018796999337,1.0089736,0.0024011284
1548.9032685989623,1548.9032685989623,1.00783,0.0024025058
1548.9046574979902,1548.9046574979902,1.0078608,0.0024038472
1548.9060463970188,1548.9060463970188,1.0075243,0.0024000353
1548.9074352962803,1548.9074352962803,1.0096408,0.002402901
1548.9088241953082,1548.9088241953082,1.0095823,0.0024030106
1548.910213094336,1548.910213094336,1.0096774,0.002401295
1548.9116019933654,1548.9116019933654,1.0091592,0.002404947
1548.9129908923946,1548.9129908923946,1.0083569,0.0024020658
1548.9143797914226,1548.9143797914226,1.0053681,0.0024023375
1548.9157686904512,1548.9157686904512,1.0111519,0.0024047669
1548.9171575894795,1548.9171575894795,1.0055078,0.0024006749
1548.9185464887403,1548.9185464887403,1.0055835,0.0024041522
1548.9199353877689,1548.9199353877689,1.0077754,0.0024046027
1548.9213242867982,1548.9213242867982,1.0113353,0.0024103299
1548.9227131858268,1548.9227131858268,1.0102485,0.002404903
1548.9241020848547,1548.9241020848547,1.0109816,0.0024031305
1548.9254909838826,1548.9254909838826,1.0125035,0.0024091608
1548.9268798829112,1548.9268798829112,1.0104667,0.002407188
1548.9282687819405,1548.9282687819405,1.0163172,0.0024078332
1548.929657680969,1548.929657680969,1.0125766,0.0024051424
1548.9310465799974,1548.9310465799974,1.0113646,0.0024053992
1548.932435479026,1548.932435479026,1.0108204,0.0024033443
1548.933824378054,1548.933824378054,1.0137957,0.0024086256
1548.9352132770819,1548.9352132770819,1.0139756,0.0024033857
1548.9366021761111,1548.9366021761111,1.0095001,0.0024016898
1548.9379910751404,1548.9379910751404,1.0150363,0.0024028693
1548.9393799741683,1548.9393799741683,1.0118663,0.002404701
1548.9407688731962,1548.9407688731962,1.0117588,0.002402852
1548.9421577722248,1548.9421577722248,1.0132895,0.0024044574
1548.9435466712534,1548.9435466712534,1.0100394,0.002405519
1548.9449355702811,1548.9449355702811,1.01178,0.0024053345
1548.9463244693104,1548.9463244693104,1.0179676,0.002406135
1548.9477133683397,1548.9477133683397,1.0128574,0.00240455
1548.9491022673676,1548.9491022673676,1.009676,0.0024119997
1548.9504911663955,1548.9504911663955,1.0096399,0.0024036781
1548.9518800654241,1548.9518800654241,1.014704,0.0024073378
1548.9532689644527,1548.9532689644527,1.0115492,0.0024034188
1548.9546578632485,1548.9546578632485,1.0168767,0.0024045848
1548.956046762277,1548.956046762277,1.0113311,0.0024034467
1548.9574356613057,1548.9574356613057,1.0127908,0.0024050155
1548.9588245603343,1548.9588245603343,1.0114692,0.00241334
1548.9602134593622,1548.9602134593622,1.0153861,0.0024080775
1548.9616023583906,1548.9616023583906,1.0138258,0.0024068286
1548.9629912574198,1548.9629912574198,1.0112224,0.0024028237
1548.9643801564484,1548.9643801564484,1.014776,0.002405647
1548.9657690552435,1548.9657690552435,1.0142596,0.0024053035
1548.9671579542721,1548.9671579542721,1.0144347,0.0024053687
1548.9685468533007,1548.9685468533007,1.0140522,0.0024099317
1548.9699357523286,1548.9699357523286,1.0137835,0.0024086926
1548.9713246513572,1548.9713246513572,1.0134835,0.0024079364
1548.9727135501537,1548.9727135501537,1.0126827,0.0024038383
1548.974102449182,1548.974102449182,1.0087241,0.0024086786
1548.97549134821,1548.97549134821,1.013467,0.0024042637
1548.9768802472386,1548.9768802472386,1.0141165,0.0024039955
1548.9782691460343,1548.9782691460343,1.0139544,0.0024051438
1548.9796580450623,1548.9796580450623,1.013028,0.0024065718
1548.9810469440908,1548.9810469440908,1.013233,0.0024041154
1548.9824358431201,1548.9824358431201,1.0108358,0.002404204
1548.983824741916,1548.983824741916,1.0124872,0.0024061634
1548.9852136409438,1548.9852136409438,1.0135291,0.0024154445
1548.9866025399717,1548.9866025399717,1.0133798,0.0024036374
1548.9879914390003,1548.9879914390003,1.017171,0.0024136389
1548.9893803377965,1548.9893803377965,1.0113593,0.0024006115
1548.9907692368251,1548.9907692368251,1.0164583,0.0024076106
1548.9921581358537,1548.9921581358537,1.0157181,0.00240588
1548.9935470346495,1548.9935470346495,1.0150883,0.0024061468
1548.9949359336774,1548.9949359336774,1.0161238,0.0024081552
1548.9963248327053,1548.9963248327053,1.0164269,0.002405294
1548.9977137315018,1548.9977137315018,1.0113847,0.0024078328
1548.999102630531,1548.999102630531,1.012909,0.0024049988
1549.0004915293262,1549.0004915293262,1.0148002,0.0024096156
1549.0018804283548,1549.0018804283548,1.0149071,0.0024055394
1549.0032693273831,1549.0032693273831,1.0153216,0.0024070926
1549.0046582261782,1549.0046582261782,1.0147834,0.0024086721
1549.0060471252068,1549.0060471252068,1.0160838,0.0024085215
1549.0074360240033,1549.0074360240033,1.0173368,0.002408654
1549.0088249230319,1549.0088249230319,1.0176038,0.0024059538
1549.0102138220598,1549.0102138220598,1.0130138,0.0024046092
1549.0116027208549,1549.0116027208549,1.0164288,0.0024084311
1549.0129916198835,1549.0129916198835,1.0159461,0.0024046965
1549.0143805186792,1549.0143805186792,1.0174547,0.0024073962
1549.0157694177078,1549.0157694177078,1.0166676,0.0024077732
1549.0171583165043,1549.0171583165043,1.0165759,0.0024047259
1549.0185472155329,1549.0185472155329,1.0147378,0.002403832
1549.0199361143277,1549.0199361143277,1.0151262,0.0024062267
1549.0213250133556,1549.0213250133556,1.0145743,0.0024087543
1549.0227139121514,1549.0227139121514,1.0123194,0.0024035573
1549.0241028111807,1549.0241028111807,1.0145993,0.0024100924
1549.0254917099764,1549.0254917099764,1.0133222,0.0024158296
1549.0268806090044,1549.0268806090044,1.0153522,0.0024062744
1549.0282695078001,1549.0282695078001,1.0135565,0.0024052188
1549.0296584068287,1549.0296584068287,1.0186465,0.0024059757
1549.0310473056238,1549.0310473056238,1.0150541,0.002404583
1549.032436204653,1549.032436204653,1.016874,0.0024106842
1549.0338251034493,1549.0338251034493,1.0190202,0.0024065017
1549.0352140022444,1549.0352140022444,1.0159909,0.0024081804
1549.0366029012723,1549.0366029012723,1.0142611,0.0024060465
1549.037991800068,1549.037991800068,1.0150406,0.00240546
1549.0393806990967,1549.0393806990967,1.0190054,0.0024051943
1549.0407695978924,1549.0407695978924,1.0164565,0.0024054297
1549.0421584966882,1549.0421584966882,1.0145407,0.0024056018
1549.0435473957168,1549.0435473957168,1.0154003,0.0024084358
1549.0449362945126,1549.0449362945126,1.0139765,0.0024044374
1549.0463251935405,1549.0463251935405,1.0168958,0.0024056647
1549.047714092336,1549.047714092336,1.0147214,0.002413898
1549.0491029911318,1549.0491029911318,1.0146502,0.0024061636
1549.0504918901604,1549.0504918901604,1.0157442,0.0024062684
1549.0518807889562,1549.0518807889562,1.0157076,0.0024055042
1549.053269687752,1549.053269687752,1.0200372,0.0024112167
1549.0546585867805,1549.0546585867805,1.0166335,0.0024062684
1549.0560474855756,1549.0560474855756,1.0182859,0.002407928
1549.0574363843707,1549.0574363843707,1.018361,0.0024067482
1549.0588252831672,1549.0588252831672,1.0176923,0.0024074872
1549.0602141821964,1549.0602141821964,1.0170853,0.0024081108
1549.0616030809913,1549.0616030809913,1.0128251,0.0024064435
1549.062991979787,1549.062991979787,1.0157988,0.0024035804
1549.0643808785828,1549.0643808785828,1.0150632,0.0024034325
1549.0657697776107,1549.0657697776107,1.0166537,0.0024040702
1549.0671586764065,1549.0671586764065,1.0150127,0.002404613
1549.068547575203,1549.068547575203,1.0123514,0.0024061305
1549.0699364739987,1549.0699364739987,1.0173746,0.0024063634
1549.0713253730266,1549.0713253730266,1.0141833,0.0024036572
1549.0727142718217,1549.0727142718217,1.0203093,0.0024070772
1549.0741031706175,1549.0741031706175,1.0173403,0.002405551
1549.075492069414,1549.075492069414,1.0142186,0.0024034902
1549.0768809682097,1549.0768809682097,1.0157348,0.002410181
1549.078269867238,1549.078269867238,1.0169688,0.0024160114
1549.0796587660338,1549.0796587660338,1.0141622,0.0024044774
1549.081047664829,1549.081047664829,1.0158695,0.0024070144
1549.082436563624,1549.082436563624,1.0175084,0.0024063287
1549.0838254624198,1549.0838254624198,1.0186943,0.0024194806
1549.0852143612162,1549.0852143612162,1.0180743,0.002409784
1549.086603260012,1549.086603260012,1.0131081,0.0024056225
1549.08799215904,1549.08799215904,1.0164912,0.0024075427
1549.0893810578357,1549.0893810578357,1.01917,0.0024081117
1549.0907699566312,1549.0907699566312,1.0154598,0.002403835
1549.0921588554263,1549.0921588554263,1.0217036,0.0024106891
1549.0935477542228,1549.0935477542228,1.0186117,0.0024070514
1549.0949366530192,1549.0949366530192,1.0191547,0.002407021
1549.0963255518143,1549.0963255518143,1.0159869,0.0024056868
1549.0977144506094,1549.0977144506094,1.0160828,0.0024087639
1549.0991033494051,1549.0991033494051,1.0172805,0.0024049247
1549.100492248201,1549.100492248201,1.0150131,0.0024145732
1549.1018811469967,1549.1018811469967,1.0163172,0.0024097525
1549.1032700457931,1549.1032700457931,1.0158511,0.0024033403
1549.104658944589,1549.104658944589,1.0159754,0.0024067839
1549.106047843384,1549.106047843384,1.015825,0.002404454
1549.1074367421788,1549.1074367421788,1.016483,0.0024081136
1549.1088256409746,1549.1088256409746,1.0127755,0.0024052965
1549.1102145397704,1549.1102145397704,1.014986,0.0024038248
1549.1116034385661,1549.1116034385661,1.0142869,0.0024038
1549.112992337362,1549.112992337362,1.0164557,0.002406645
1549.1143812361577,1549.1143812361577,1.019488,0.0024079646
1549.1157701349534,1549.1157701349534,1.0171583,0.0024068365
1549.1171590337485,1549.1171590337485,1.0198816,0.0024059962
1549.1185479325443,1549.1185479325443,1.0206251,0.0024079992
1549.1199368313407,1549.1199368313407,1.0151652,0.0024060376
1549.1213257301363,1549.1213257301363,1.0159947,0.0024078626
1549.1227146289314,1549.1227146289314,1.0171607,0.0024059184
1549.1241035277271,1549.1241035277271,1.0138229,0.002404523
1549.12549242629,1549.12549242629,1.0201604,0.002411617
1549.1268813250852,1549.1268813250852,1.0155972,0.0024071787
1549.128270223881,1549.128270223881,1.0131801,0.0024054416
1549.1296591226774,1549.1296591226774,1.0181223,0.00240806
1549.1310480214731,1549.1310480214731,1.0185162,0.0024082637
1549.1324369202682,1549.1324369202682,1.0155896,0.0024068865
1549.133825819064,1549.133825819064,1.0153008,0.0024056463
1549.135214717627,1549.135214717627,1.0158217,0.0024055718
1549.1366036164225,1549.1366036164225,1.0174874,0.0024047499
1549.1379925152182,1549.1379925152182,1.0172888,0.0024073482
1549.139381414014,1549.139381414014,1.0116152,0.0024050702
1549.1407703128098,1549.1407703128098,1.0175554,0.0024049922
1549.1421592116048,1549.1421592116048,1.0183288,0.0024060626
1549.143548110167,1549.143548110167,1.0164421,0.0024071261
1549.1449370089629,1549.1449370089629,1.0164281,0.002405914
1549.1463259077593,1549.1463259077593,1.0168542,0.0024055603
1549.147714806555,1549.147714806555,1.016644,0.0024058411
1549.149103705118,1549.149103705118,1.014972,0.0024063806
1549.1504926039136,1549.1504926039136,1.0174292,0.0024094093
1549.1518815027086,1549.1518815027086,1.0176907,0.002404686
1549.1532704015037,1549.1532704015037,1.0173242,0.0024072262
1549.1546593000674,1549.1546593000674,1.0180278,0.0024057643
1549.1560481988638,1549.1560481988638,1.0173911,0.0024095457
1549.1574370976589,1549.1574370976589,1.0135065,0.002406807
1549.1588259962211,1549.1588259962211,1.0200549,0.0024154042
1549.160214895017,1549.160214895017,1.0142679,0.0024037664
1549.1616037938127,1549.1616037938127,1.0188257,0.00240612
1549.1629926923756,1549.1629926923756,1.0141201,0.0024056532
1549.164381591172,1549.164381591172,1.017907,0.0024078323
1549.1657704899678,1549.1657704899678,1.0191988,0.0024103685
1549.1671593885299,1549.1671593885299,1.0163412,0.0024057631
1549.168548287325,1549.168548287325,1.014594,0.002406588
1549.1699371861207,1549.1699371861207,1.018173,0.002408388
1549.1713260846836,1549.1713260846836,1.013074,0.002404171
1549.1727149834794,1549.1727149834794,1.0191252,0.0024109974
1549.1741038822752,1549.1741038822752,1.0187352,0.002407199
1549.175492780838,1549.175492780838,1.0190215,0.002408042
1549.1768816796339,1549.1768816796339,1.0206375,0.0024077054
1549.178270578196,1549.178270578196,1.0192511,0.0024079476
1549.1796594769917,1549.1796594769917,1.0204394,0.0024117487
1549.1810483755553,1549.1810483755553,1.0199716,0.0024076048
1549.182437274351,1549.182437274351,1.0157626,0.0024056078
1549.1838261731461,1549.1838261731461,1.0193162,0.0024065361
1549.185215071709,1549.185215071709,1.0174973,0.0024045405
1549.1866039705048,1549.1866039705048,1.0108546,0.002402745
1549.187992869067,1549.187992869067,1.0149872,0.0024077322
1549.1893817678629,1549.1893817678629,1.0156505,0.00240442
1549.1907706664265,1549.1907706664265,1.0190085,0.0024068737
1549.1921595652223,1549.1921595652223,1.0168672,0.0024046602
1549.1935484637845,1549.1935484637845,1.0178885,0.0024063522
1549.19493736258,1549.19493736258,1.0148734,0.002403315
1549.196326261143,1549.196326261143,1.0182351,0.0024118621
1549.1977151599388,1549.1977151599388,1.0170895,0.002404697
1549.1991040585017,1549.1991040585017,1.0171059,0.0024066456
1549.2004929570646,1549.2004929570646,1.0188241,0.0024052076
1549.2018818558604,1549.2018818558604,1.0147959,0.0024037496
1549.2032707544226,1549.2032707544226,1.0156455,0.0024064241
1549.2046596532177,1549.2046596532177,1.016647,0.0024071892
1549.2060485517807,1549.2060485517807,1.0141257,0.002404314
1549.2074374505771,1549.2074374505771,1.011926,0.002404359
1549.2088263491398,1549.2088263491398,1.0148326,0.0024026982
1549.2102152477028,1549.2102152477028,1.0133227,0.0024130777
1549.2116041464985,1549.2116041464985,1.015687,0.0024210906
1549.2129930450608,1549.2129930450608,1.0168914,0.0024069354
1549.214381943623,1549.214381943623,1.0136405,0.002405181
1549.2157708424195,1549.2157708424195,1.0119048,0.0024007922
1549.217159740983,1549.217159740983,1.0169272,0.0024078703
1549.2185486397782,1549.2185486397782,1.0161011,0.0024052842
1549.2199375383411,1549.2199375383411,1.0125959,0.0024028763
1549.221326436904,1549.221326436904,1.015708,0.002405606
1549.2227153356991,1549.2227153356991,1.0153512,0.00240698
1549.2241042342619,1549.2241042342619,1.0132627,0.0024035445
1549.2254931328255,1549.2254931328255,1.0144051,0.0024027133
1549.2268820313884,1549.2268820313884,1.0148726,0.0024065182
1549.2282709301835,1549.2282709301835,1.0103409,0.002402855
1549.2296598287458,1549.2296598287458,1.0132945,0.0024030125
1549.2310487273087,1549.2310487273087,1.0156163,0.0024036302
1549.2324376258716,1549.2324376258716,1.0131987,0.002401631
1549.2338265246674,1549.2338265246674,1.01279,0.0024041336
1549.235215423231,1549.235215423231,1.0139002,0.0024049042
1549.236604321794,1549.236604321794,1.0145804,0.0024050963
1549.237993220356,1549.237993220356,1.0138458,0.0024098891
1549.239382119151,1549.239382119151,1.0165125,0.0024033934
1549.240771017714,1549.240771017714,1.0143349,0.0024145949
1549.2421599162776,1549.2421599162776,1.0104576,0.0024081096
1549.2435488148406,1549.2435488148406,1.0128505,0.0024040723
1549.2449377134028,1549.2449377134028,1.0172597,0.00240887
1549.2463266121986,1549.2463266121986,1.0123181,0.0024021445
1549.2477155107615,1549.2477155107615,1.0125228,0.00240365
1549.2491044093238,1549.2491044093238,1.0164189,0.0024080018
1549.2504933078874,1549.2504933078874,1.0153358,0.0024025051
1549.251882206451,1549.251882206451,1.0137055,0.0024032616
1549.2532711050133,1549.2532711050133,1.0146258,0.002404132
1549.254660003808,1549.254660003808,1.0117573,0.0024047068
1549.256048902371,1549.256048902371,1.0130755,0.0024034563
1549.257437800934,1549.257437800934,1.0117364,0.0024017536
1549.2588266994962,1549.2588266994962,1.0102466,0.0024028078
1549.2602155980592,1549.2602155980592,1.0095941,0.002403461
1549.2616044966228,1549.2616044966228,1.0095273,0.0024035196
1549.2629933951857,1549.2629933951857,1.0143162,0.0024037191
1549.264382293748,1549.264382293748,1.0105449,0.002408813
1549.265771192311,1549.265771192311,1.0100317,0.002405482
1549.2671600908736,1549.2671600908736,1.0100946,0.0024007529
1549.2685489894366,1549.2685489894366,1.0100784,0.0024051256
1549.2699378879995,1549.2699378879995,1.0138875,0.0024069804
1549.2713267865624,1549.2713267865624,1.0132108,0.002402847
1549.2727156851254,1549.2727156851254,1.0099716,0.0024013217
1549.2741045836876,1549.2741045836876,1.0107414,0.0024029952
1549.2754934822499,1549.2754934822499,1.0127914,0.002408347
1549.2768823808135,1549.2768823808135,1.0131304,0.0024037845
1549.2782712793771,1549.2782712793771,1.0119869,0.0024039599
1549.2796601779394,1549.2796601779394,1.0104021,0.002401964
1549.2810490765023,1549.2810490765023,1.012595,0.002405536
1549.2824379750652,1549.2824379750652,1.0120567,0.0024076565
1549.2838268736273,1549.2838268736273,1.0154237,0.0024031564
1549.2852157721895,1549.2852157721895,1.0108489,0.0024056714
1549.2866046707531,1549.2866046707531,1.0109731,0.0024012227
1549.2879935693168,1549.2879935693168,1.0133002,0.002404144
1549.289382467879,1549.289382467879,1.0122339,0.0024020683
1549.2907713664413,1549.2907713664413,1.010624,0.0024022625
1549.2921602650042,1549.2921602650042,1.0104744,0.0024036607
1549.2935491635671,1549.2935491635671,1.0082353,0.0024018208
1549.29493806213,1549.29493806213,1.0125442,0.0024051857
1549.2963269604609,1549.2963269604609,1.0116657,0.0024029748
1549.2977158590236,1549.2977158590236,1.0107881,0.002401174
1549.2991047575858,1549.2991047575858,1.007777,0.0024007054
1549.300493656148,1549.300493656148,1.0104499,0.0024014045
1549.301882554711,1549.301882554711,1.0099806,0.0024040542
1549.3032714532746,1549.3032714532746,1.0095242,0.0024008763
1549.3046603518376,1549.3046603518376,1.0107867,0.0024053112
1549.306049250167,1549.306049250167,1.0068958,0.0024078996
1549.30743814873,1549.30743814873,1.0101025,0.002405243
1549.3088270472929,1549.3088270472929,1.0087236,0.0024048334
1549.3102159458551,1549.3102159458551,1.0084361,0.0024038022
1549.3116048444178,1549.3116048444178,1.0141153,0.0024032565
1549.3129937427486,1549.3129937427486,1.0098417,0.002401924
1549.3143826413116,1549.3143826413116,1.0135208,0.0024021596
1549.3157715398738,1549.3157715398738,1.0056489,0.002402285
1549.3171604384368,1549.3171604384368,1.0104501,0.002402862
1549.3185493367669,1549.3185493367669,1.0086205,0.0024017915
1549.3199382353291,1549.3199382353291,1.0070742,0.0024028898
1549.321327133892,1549.321327133892,1.0110996,0.0024030942
1549.3227160324557,1549.3227160324557,1.0080106,0.0024091273
1549.3241049307858,1549.3241049307858,1.0113844,0.0024041836
1549.3254938293478,1549.3254938293478,1.0057871,0.0024012756
1549.3268827279107,1549.3268827279107,1.0104085,0.0024034425
1549.3282716262408,1549.3282716262408,1.0109065,0.0024041324
1549.3296605248038,1549.3296605248038,1.0074357,0.0024003107
1549.3310494233667,1549.3310494233667,1.0091821,0.0024015005
1549.3324383216968,1549.3324383216968,1.0092844,0.0024019391
1549.3338272202598,1549.3338272202598,1.0086257,0.0024008085
1549.335216118822,1549.335216118822,1.0071499,0.0024022195
1549.3366050171521,1549.3366050171521,1.0036199,0.0024004031
1549.337993915715,1549.337993915715,1.0062791,0.002401727
1549.339382814278,1549.339382814278,1.0088527,0.0024022665
1549.340771712608,1549.340771712608,1.0078963,0.0024030635
1549.3421606111708,1549.3421606111708,1.0108681,0.002401054
1549.343549509501,1549.343549509501,1.0075104,0.002399876
1549.3449384080632,1549.3449384080632,1.005745,0.00240249
1549.3463273066254,1549.3463273066254,1.0065787,0.0023997813
1549.3477162049562,1549.3477162049562,1.0054659,0.0024035026
1549.3491051035198,1549.3491051035198,1.0026135,0.0023995913
1549.3504940018493,1549.3504940018493,1.0094944,0.002406844
1549.3518829004122,1549.3518829004122,1.0081115,0.0024023058
1549.3532717987423,1549.3532717987423,1.007768,0.0024098284
1549.3546606973043,1549.3546606973043,1.0028687,0.0024033498
1549.3560495956344,1549.3560495956344,1.0084492,0.002400791
1549.357438494198,1549.357438494198,1.0068539,0.0023999324
1549.3588273925282,1549.3588273925282,1.0047839,0.0024001768
1549.3602162910904,1549.3602162910904,1.0064591,0.0024018008
1549.3616051894198,1549.3616051894198,1.0063279,0.0023987945
1549.3629940879828,1549.3629940879828,1.0062438,0.0024020693
1549.3643829863129,1549.3643829863129,1.0070568,0.0024045734
1549.3657718848758,1549.3657718848758,1.0068197,0.0024000022
1549.3671607832066,1549.3671607832066,1.0067695,0.00239924
1549.3685496817695,1549.3685496817695,1.0046881,0.0023992048
1549.369938580099,1549.369938580099,1.0025483,0.0023997717
1549.371327478661,1549.371327478661,1.002784,0.0024002471
1549.372716376991,1549.372716376991,1.0034198,0.0023994828
1549.3741052753219,1549.3741052753219,1.0076511,0.002400191
1549.3754941738848,1549.3754941738848,1.0037104,0.0024034202
1549.3768830722142,1549.3768830722142,1.0081811,0.002401709
1549.3782719707772,1549.3782719707772,1.0059956,0.0023998911
1549.3796608691073,1549.3796608691073,1.0072603,0.002399298
1549.3810497674367,1549.3810497674367,1.0032103,0.0023989
1549.3824386660003,1549.3824386660003,1.0052814,0.0024001298
1549.383827564331,1549.383827564331,1.0055473,0.0024032108
1549.3852164626603,1549.3852164626603,1.0071541,0.0023988318
1549.3866053612226,1549.3866053612226,1.0038695,0.002400869
1549.3879942595527,1549.3879942595527,1.0020887,0.0024012446
1549.3893831578828,1549.3893831578828,1.0003451,0.00239995
1549.390772056445,1549.390772056445,1.003901,0.0023988765
1549.3921609547751,1549.3921609547751,1.0061904,0.0023992644
1549.393549853106,1549.393549853106,1.002434,0.002401389
1549.3949387516689,1549.3949387516689,1.0050855,0.0023982648
1549.3963276499983,1549.3963276499983,1.0042782,0.002401129
1549.3977165483284,1549.3977165483284,1.0036861,0.0023996255
1549.3991054466585,1549.3991054466585,1.0030354,0.0023990367
1549.4004943452212,1549.4004943452212,0.9997227,0.002397093
1549.4018832435513,1549.4018832435513,1.0036825,0.0023993351
1549.4032721418814,1549.4032721418814,1.0032924,0.0024061701
1549.4046610402115,1549.4046610402115,1.0043678,0.0024046665
1549.4060499387738,1549.4060499387738,1.0042427,0.00240027
1549.4074388371032,1549.4074388371032,1.0015701,0.0023986362
1549.408827735434,1549.408827735434,0.9997706,0.0023952897
1549.4102166337648,1549.4102166337648,1.0041829,0.0024047864
1549.4116055320942,1549.4116055320942,1.0003937,0.0023971049
1549.4129944306571,1549.4129944306571,1.0032792,0.0024011014
1549.414383328987,1549.414383328987,1.0052092,0.0023990918
1549.4157722273164,1549.4157722273164,1.0039212,0.0023994076
1549.4171611256459,1549.4171611256459,1.0049793,0.0024020995
1549.4185500239766,1549.4185500239766,0.9995254,0.002397429
1549.4199389223074,1549.4199389223074,1.0015808,0.0023988876
1549.4213278208697,1549.4213278208697,1.0002544,0.002400724
1549.4227167191991,1549.4227167191991,1.0048847,0.0024043533
1549.4241056175292,1549.4241056175292,0.99879766,0.002401207
1549.4254945158593,1549.4254945158593,1.003356,0.0023994183
1549.4268834141894,1549.4268834141894,1.0021452,0.0023968068
1549.42827231252,1549.42827231252,1.0004133,0.0023979228
1549.42966121085,1549.42966121085,0.9995866,0.0024032246
1549.4310501091795,1549.4310501091795,1.0024538,0.0023980269
1549.432439007509,1549.432439007509,1.0016115,0.00239798
1549.433827905839,1549.433827905839,0.9998362,0.0023985405
1549.4352168041698,1549.4352168041698,1.0007081,0.0023991605
1549.4366057025,1549.4366057025,1.0009656,0.002405246
1549.43799460083,1549.43799460083,1.0005116,0.0023967475
1549.4393834991602,1549.4393834991602,0.9993284,0.0023979344
1549.4407723974896,1549.4407723974896,1.0038655,0.0023992327
1549.4421612958188,1549.4421612958188,0.99791896,0.0023962166
1549.4435501941489,1549.4435501941489,1.0006646,0.0024013463
1549.4449390924797,1549.4449390924797,1.0020857,0.0023968527
1549.4463279908098,1549.4463279908098,0.99725723,0.0024049638
1549.4477168891392,1549.4477168891392,1.0035362,0.0024002686
1549.4491057874693,1549.4491057874693,0.99827874,0.002397307
1549.4504946857994,1549.4504946857994,1.0004629,0.0024004793
1549.4518835841288,1549.4518835841288,0.99936414,0.002403128
1549.4532724824596,1549.4532724824596,1.0000823,0.00239534
1549.4546613807904,1549.4546613807904,1.0019528,0.0023966709
1549.4560502791198,1549.4560502791198,1.0005665,0.0024010874
1549.4574391774493,1549.4574391774493,0.9997246,0.002403848
1549.4588280757791,1549.4588280757791,1.003194,0.0023993356
1549.4602169741092,1549.4602169741092,1.0037459,0.0023999494
1549.4616058724393,1549.4616058724393,1.0037338,0.0023971612
1549.4629947707695,1549.4629947707695,0.9955027,0.0023961337
1549.4643836688667,1549.4643836688667,1.0008872,0.0023958904
1549.4657725671968,1549.4657725671968,0.99988025,0.0023992665
1549.4671614655263,1549.4671614655263,0.9968914,0.0023963156
1549.4685503638564,1549.4685503638564,0.9974714,0.0023979717
1549.4699392621865,1549.4699392621865,0.9956512,0.0023944029
1549.4713281605166,1549.4713281605166,0.998647,0.0023959642
1549.4727170586136,1549.4727170586136,0.99846274,0.002395841
1549.4741059569437,1549.4741059569437,0.99826735,0.0023955284
1549.4754948552738,1549.4754948552738,0.99770343,0.0023977482
1549.4768837536033,1549.4768837536033,0.9977356,0.0023972243
1549.4782726519327,1549.4782726519327,0.9963063,0.0023961132
1549.4796615500306,1549.4796615500306,0.9965565,0.0023987077
1549.4810504483614,1549.4810504483614,0.996195,0.0023976197
1549.4824393466909,1549.4824393466909,0.99816585,0.0023955847
1549.483828245021,1549.483828245021,0.9950942,0.002395014
1549.4852171431182,1549.4852171431182,0.9973581,0.0023954415
1549.4866060414477,1549.4866060414477,0.9944891,0.0024030248
1549.4879949397775,1549.4879949397775,0.99495965,0.0023950373
1549.4893838381083,1549.4893838381083,0.9956961,0.002396684
1549.4907727362056,1549.4907727362056,0.9963097,0.0023968623
1549.492161634535,1549.492161634535,0.9945019,0.0023943246
1549.4935505328644,1549.4935505328644,0.995457,0.0023986897
1549.4949394309617,1549.4949394309617,0.99477684,0.0023956106
1549.4963283292918,1549.4963283292918,0.9967446,0.0023977144
1549.497717227622,1549.497717227622,0.9944295,0.0023931295
1549.49910612572,1549.49910612572,0.99448097,0.002398163
1549.50049502405,1549.50049502405,0.9950908,0.0023938196
1549.5018839223792,1549.5018839223792,0.99842715,0.0024059613
1549.5032728204758,1549.5032728204758,0.9972236,0.0023945947
1549.5143840064181,1549.5143840064181,0.9974799,0.0023951442
1549.515772904749,1549.515772904749,1.0020634,0.0023960024
1549.5171618028453,1549.5171618028453,1.0004139,0.0023949258
1549.5185507011747,1549.5185507011747,0.99881864,0.002395437
1549.519939599272,1549.519939599272,0.99478495,0.0023941088
1549.521328497602,1549.521328497602,0.9955967,0.002393848
1549.5227173956987,1549.5227173956987,0.9926987,0.0023918864
1549.5241062940288,1549.5241062940288,0.99730784,0.002396304
1549.5254951921268,1549.5254951921268,0.99748856,0.0023975899
1549.5268840904569,1549.5268840904569,0.9960123,0.0023921314
1549.5282729885535,1549.5282729885535,0.99616635,0.0023989012
1549.5296618868836,1549.5296618868836,0.99646604,0.0023936098
1549.5310507849806,1549.5310507849806,0.9970963,0.00240641
1549.5324396833107,1549.5324396833107,0.9982034,0.0023948925
1549.533828581408,1549.533828581408,0.9987556,0.0023950655
1549.535217479738,1549.535217479738,0.9953288,0.0023945353
1549.5366063778354,1549.5366063778354,0.99388134,0.0023936615
1549.5379952761648,1549.5379952761648,0.99644303,0.0024020015
1549.5393841742614,1549.5393841742614,0.99553776,0.0023916163
1549.5407730723587,1549.5407730723587,0.99670494,0.0023953794
1549.5421619706894,1549.5421619706894,0.99349344,0.0023897558
1549.5435508687867,1549.5435508687867,0.9983805,0.0023978257
1549.5449397671166,1549.5449397671166,0.9947465,0.0023940557
1549.5463286652139,1549.5463286652139,0.9950029,0.0023926848
1549.5477175633105,1549.5477175633105,0.9976128,0.0023936657
1549.54910646164,1549.54910646164,0.9948128,0.0023922867
1549.5504953597379,1549.5504953597379,0.9885409,0.002390721
1549.5518842578358,1549.5518842578358,0.9967361,0.0023929877
1549.5532731561652,1549.5532731561652,0.99061817,0.0023881705
1549.5546620542625,1549.5546620542625,0.9940267,0.0023946012
1549.5560509523598,1549.5560509523598,0.98954,0.0023928562
1549.5574398506892,1549.5574398506892,0.99445057,0.0023969107
1549.5588287487865,1549.5588287487865,0.9917242,0.0023912434
1549.5602176468844,1549.5602176468844,0.99205875,0.0023913183
1549.5616065449815,1549.5616065449815,0.9920306,0.0023936678
1549.562995443311,1549.562995443311,0.99272686,0.0023963936
1549.5643843414075,1549.5643843414075,0.99362123,0.002397084
1549.5657732395048,1549.5657732395048,0.9912297,0.0023936322
1549.5671621378349,1549.5671621378349,0.9918127,0.0023932504
1549.5685510359322,1549.5685510359322,0.9943599,0.002399975
1549.5699399340301,1549.5699399340301,0.99716055,0.0023949423
1549.5713288321274,1549.5713288321274,0.9969256,0.0023949738
1549.572717730224,1549.572717730224,0.99402696,0.0024004995
1549.5741066285534,1549.5741066285534,0.99690634,0.0024047
1549.5754955266505,1549.5754955266505,0.99380237,0.0023930767
1549.5768844247484,1549.5768844247484,0.9954361,0.0023938627
1549.5782733228457,1549.5782733228457,0.9921612,0.0023928226
1549.5796622209423,1549.5796622209423,0.9989247,0.0023947917
1549.5810511192724,1549.5810511192724,0.9921142,0.002391747
1549.5824400173697,1549.5824400173697,0.9948926,0.0023943838
1549.5838289154663,1549.5838289154663,0.9907982,0.0023920196
1549.5852178135642,1549.5852178135642,0.9915935,0.0023917705
1549.5866067116622,1549.5866067116622,0.9890688,0.0023930697
1549.5879956097588,1549.5879956097588,0.9904565,0.0023896561
1549.5893845078551,1549.5893845078551,0.9916723,0.0023974925
1549.5907734059524,1549.5907734059524,0.9909,0.0023927914
1549.5921623042825,1549.5921623042825,0.9919954,0.0023923991
1549.593551202379,1549.593551202379,0.99033976,0.0023936166
1549.5949401004764,1549.5949401004764,0.9878191,0.0023900343
1549.5963289985743,1549.5963289985743,0.9921358,0.0023931751
1549.5977178966716,1549.5977178966716,0.99283546,0.0023923856
1549.5991067947682,1549.5991067947682,0.99167657,0.002389983
1549.6004956928655,1549.6004956928655,0.99190956,0.0023935013
1549.6018845909628,1549.6018845909628,0.98796767,0.0023894804
1549.6032734890598,1549.6032734890598,0.9893927,0.0024007245
1549.604662387157,1549.604662387157,0.9939744,0.0023917304
1549.6060512852544,1549.6060512852544,0.9893623,0.0023886145
1549.6074401833516,1549.6074401833516,0.9912919,0.0023979605
1549.6088290814482,1549.6088290814482,0.9897086,0.0023896582
1549.6102179795448,1549.6102179795448,0.9931871,0.0023928827
1549.611606877642,1549.611606877642,0.99064195,0.0023908743
1549.61299577574,1549.61299577574,0.99435216,0.002389418
1549.6143846738373,1549.6143846738373,0.99197596,0.002391834
1549.6157735719346,1549.6157735719346,0.98605573,0.0023940331
1549.6171624700319,1549.6171624700319,0.9916359,0.0023904098
1549.6185513681282,1549.6185513681282,0.9897419,0.0023966262
1549.6199402662248,1549.6199402662248,0.99059963,0.002393873
1549.6213291643228,1549.6213291643228,0.9896732,0.0023906198
1549.622718062188,1549.622718062188,0.9889568,0.002401265
1549.6241069602845,1549.6241069602845,0.99051607,0.0023946827
1549.625495858381,1549.625495858381,0.9874484,0.0023922254
1549.6268847564784,1549.6268847564784,0.9883151,0.0023949826
1549.6282736545757,1549.6282736545757,0.98852295,0.002395055
1549.629662552673,1549.629662552673,0.9907113,0.0023904582
1549.6310514507709,1549.6310514507709,0.98360395,0.0023947754
1549.6324403488682,1549.6324403488682,0.98655105,0.0023900613
1549.6338292467317,1549.6338292467317,0.9882159,0.0023894764
1549.6352181448283,1549.6352181448283,0.9878121,0.0023938513
1549.6366070429256,1549.6366070429256,0.9873301,0.0023891192
1549.6379959410228,1549.6379959410228,0.98929274,0.0023925153
1549.63938483912,1549.63938483912,0.9859237,0.0023907705
1549.6407737372174,1549.6407737372174,0.98607594,0.0023889616
1549.6421626350818,1549.6421626350818,0.98933494,0.0023917218
1549.643551533179,1549.643551533179,0.9870499,0.0023921065
1549.6449404312757,1549.6449404312757,0.9818186,0.0023931686
1549.646329329373,1549.646329329373,0.989681,0.002391147
1549.647718227238,1549.647718227238,0.98930466,0.002396402
1549.6491071253351,1549.6491071253351,0.985851,0.0023884142
1549.6504960234317,1549.6504960234317,0.9866567,0.0023910876
1549.651884921529,1549.651884921529,0.98551595,0.0023888801
1549.6532738193935,1549.6532738193935,0.9873953,0.0023888017
1549.65466271749,1549.65466271749,0.9856735,0.002392465
1549.6560516155866,1549.6560516155866,0.9897181,0.0023909959
1549.6574405134518,1549.6574405134518,0.98289627,0.0023854899
1549.6588294115497,1549.6588294115497,0.9877626,0.0023917225
1549.6602183096463,1549.6602183096463,0.98814,0.0023897917
1549.6616072077434,1549.6616072077434,0.9868782,0.0023912226
1549.6629961056078,1549.6629961056078,0.9862272,0.0023884394
1549.6643850037044,1549.6643850037044,0.98295695,0.002391651
1549.6657739015689,1549.6657739015689,0.987608,0.0023858943
1549.6671627996668,1549.6671627996668,0.9885233,0.002390654
1549.668551697764,1549.668551697764,0.9890138,0.0023922026
1549.6699405956278,1549.6699405956278,0.986996,0.002388512
1549.6713294937251,1549.6713294937251,0.9866837,0.0023890499
1549.6727183918224,1549.6727183918224,0.98773813,0.0023895756
1549.6741072896868,1549.6741072896868,0.98415613,0.002399218
1549.6754961877841,1549.6754961877841,0.9868149,0.0023897646
1549.6768850856486,1549.6768850856486,0.9883013,0.0023868978
1549.6782739837456,1549.6782739837456,0.9874816,0.0023904094
1549.6796628816094,1549.6796628816094,0.9874467,0.0023957503
1549.681051779706,1549.681051779706,0.98411876,0.0023862214
1549.6824406778032,1549.6824406778032,0.9876625,0.0023889176
1549.6838295756684,1549.6838295756684,0.9857779,0.0023875306
1549.6852184737656,1549.6852184737656,0.9871285,0.0023891323
1549.68660737163,1549.68660737163,0.9847059,0.0023882564
1549.6879962697274,1549.6879962697274,0.9913676,0.0024009778
1549.6893851675911,1549.6893851675911,0.98187155,0.0023861711
1549.6907740656877,1549.6907740656877,0.9896965,0.0023904073
1549.6921629635526,1549.6921629635526,0.9872278,0.0023882808
1549.6935518616506,1549.6935518616506,0.9843273,0.002387632
1549.6949407595143,1549.6949407595143,0.9878466,0.0023896724
1549.696329657611,1549.696329657611,0.9879061,0.0023885274
1549.6977185554754,1549.6977185554754,0.98750937,0.0023877064
1549.6991074533398,1549.6991074533398,0.9851171,0.0023878498
1549.7004963514364,1549.7004963514364,0.9843687,0.0023881313
1549.7018852493015,1549.7018852493015,0.98580265,0.0023900752
1549.7032741473995,1549.7032741473995,0.98426217,0.00238678
1549.7046630452633,1549.7046630452633,0.98290235,0.0023867777
1549.7060519433596,1549.7060519433596,0.9835203,0.0023855765
1549.707440841224,1549.707440841224,0.9853059,0.0023926725
1549.7088297390885,1549.7088297390885,0.98481375,0.0023909162
1549.7102186371858,1549.7102186371858,0.9844213,0.0023881444
1549.7116075350502,1549.7116075350502,0.9857214,0.002398299
1549.7129964329147,1549.7129964329147,0.98585176,0.0023880708
1549.714385331012,1549.714385331012,0.981871,0.0023862848
1549.7157742288757,1549.7157742288757,0.98747724,0.002390962
1549.7171631267402,1549.7171631267402,0.9814624,0.0023878713
1549.7185520248381,1549.7185520248381,0.9819961,0.0023877444
1549.7199409227026,1549.7199409227026,0.98331654,0.0023874308
1549.721329820566,1549.721329820566,0.98549324,0.002386915
1549.7227187186634,1549.7227187186634,0.9831373,0.0023876291
1549.7241076165278,1549.7241076165278,0.98215485,0.0023898827
1549.7254965143916,1549.7254965143916,0.9834856,0.0023884843
1549.7268854124882,1549.7268854124882,0.98283654,0.0023879935
1549.7282743103533,1549.7282743103533,0.9852227,0.0023888377
1549.7296632082184,1549.7296632082184,0.98255914,0.0023897812
1549.7310521060822,1549.7310521060822,0.98205113,0.0023872335
1549.7324410041795,1549.7324410041795,0.98638296,0.0023868529
1549.733829902044,1549.733829902044,0.9832372,0.0023906946
1549.7352187999074,1549.7352187999074,0.98160845,0.002387526
1549.736607697772,1549.736607697772,0.9815314,0.0023888184
1549.737996595637,1549.737996595637,0.9825854,0.0023865877
1549.7393854937343,1549.7393854937343,0.98430365,0.0023862675
1549.740774391598,1549.740774391598,0.9804047,0.0023854536
1549.7421632894618,1549.7421632894618,0.98603153,0.002392393
1549.7435521873263,1549.7435521873263,0.98226833,0.0023866184
1549.7449410851907,1549.7449410851907,0.98278993,0.0023928504
1549.7463299830551,1549.7463299830551,0.98304266,0.0023971645
1549.747718881153,1549.747718881153,0.9801509,0.002387139
1549.7491077790175,1549.7491077790175,0.985506,0.0023918198
1549.750496676881,1549.750496676881,0.9845639,0.002386799
1549.7518855747448,1549.7518855747448,0.98537433,0.0023889823
1549.7532744726093,1549.7532744726093,0.9817656,0.0023851008
1549.7546633704744,1549.7546633704744,0.9818739,0.0023929742
1549.7560522683389,1549.7560522683389,0.9832883,0.0023875746
1549.7574411662026,1549.7574411662026,0.98041564,0.0023862456
1549.758830064067,1549.758830064067,0.9813807,0.0023876792
1549.7602189619315,1549.7602189619315,0.98055446,0.0023959538
1549.761607860028,1549.761607860028,0.98012054,0.0023847374
1549.7629967578932,1549.7629967578932,0.98488295,0.0023898967
1549.7643856557581,1549.7643856557581,0.9857854,0.0023898638
1549.765774553622,1549.765774553622,0.98118156,0.0023858591
1549.7671634514857,1549.7671634514857,0.98167664,0.0023897397
1549.76855234935,1549.76855234935,0.98345006,0.0023908485
1549.7699412472145,1549.7699412472145,0.9834853,0.0023909174
1549.7713301450783,1549.7713301450783,0.9873887,0.002387483
1549.7727190429428,1549.7727190429428,0.9865573,0.0023860964
1549.7741079408079,1549.7741079408079,0.9830993,0.0023887977
1549.7754968386723,1549.7754968386723,0.9838402,0.0023864678
1549.776885736536,1549.776885736536,0.9836718,0.0023898233
1549.7782746344003,1549.7782746344003,0.9839472,0.0023924261
1549.7796635322647,1549.7796635322647,0.98693293,0.0023869306
1549.7810524298964,1549.7810524298964,0.98288727,0.002391125
1549.7824413277608,1549.7824413277608,0.9847898,0.0023963584
1549.7838302256253,1549.7838302256253,0.9812872,0.0023889376
1549.7852191234897,1549.7852191234897,0.9818908,0.0023852976
1549.7866080213535,1549.7866080213535,0.98076844,0.0023860133
1549.787996919218,1549.787996919218,0.98627645,0.0023886333
1549.7893858170823,1549.7893858170823,0.9802983,0.0023869565
1549.7907747149468,1549.7907747149468,0.9856701,0.0023893088
1549.7921636128112,1549.7921636128112,0.9868931,0.0023865846
1549.7935525106757,1549.7935525106757,0.9871862,0.0023885006
1549.794941408307,1549.794941408307,0.98153913,0.0023871064
1549.7963303061708,1549.7963303061708,0.98575395,0.002389859
1549.7977192040346,1549.7977192040346,0.9833074,0.0023894375
1549.7991081018997,1549.7991081018997,0.98222166,0.0023863995
1549.8004969997648,1549.8004969997648,0.98866236,0.0023893525
1549.8018858976286,1549.8018858976286,0.98471934,0.002388741
1549.8032747952602,1549.8032747952602,0.98361105,0.0023858566
1549.8046636931247,1549.8046636931247,0.98491496,0.002385341
1549.8060525909884,1549.8060525909884,0.9853632,0.002389065
1549.8074414888522,1549.8074414888522,0.982508,0.002391075
1549.8088303864843,1549.8088303864843,0.9831104,0.0023876065
1549.8102192843494,1549.8102192843494,0.9814927,0.002394503
1549.8116081822131,1549.8116081822131,0.98255956,0.0023875867
1549.812997080077,1549.812997080077,0.98300093,0.002384811
1549.8143859777085,1549.8143859777085,0.9881603,0.0023869805
1549.815774875573,1549.815774875573,0.9833571,0.0023848494
1549.8171637734374,1549.8171637734374,0.98358846,0.002385554
1549.8185526713025,1549.8185526713025,0.98802745,0.0023892631
1549.8199415689342,1549.8199415689342,0.9852304,0.002389828
1549.821330466798,1549.821330466798,0.9822185,0.0023889833
1549.8227193646615,1549.8227193646615,0.98164153,0.0023877914
1549.824108262293,1549.824108262293,0.985868,0.0023895325
1549.8254971601582,1549.8254971601582,0.9858158,0.002386962
1549.8268860580226,1549.8268860580226,0.9829554,0.0023909688
1549.8282749556536,1549.8282749556536,0.98328197,0.0023924236
1549.829663853518,1549.829663853518,0.9847204,0.002389145
1549.8310527513825,1549.8310527513825,0.9843747,0.0023909842
1549.8324416490134,1549.8324416490134,0.98724955,0.0023961787
1549.8338305468778,1549.8338305468778,0.98943645,0.0023885337
1549.8352194445101,1549.8352194445101,0.9833229,0.0023866547
1549.8366083423746,1549.8366083423746,0.98787534,0.0023953635
1549.837997240238,1549.837997240238,0.9881986,0.0023881474
1549.8393861378697,1549.8393861378697,0.9863658,0.0023895174
1549.8407750357342,1549.8407750357342,0.9846939,0.00238774
1549.842163933365,1549.842163933365,0.9826827,0.0023889188
1549.8435528312295,1549.8435528312295,0.9868861,0.0023873965
1549.8449417288618,1549.8449417288618,0.98761755,0.0023897428
1549.8463306267263,1549.8463306267263,0.9872299,0.0023917325
1549.8477195243572,1549.8477195243572,0.99088407,0.002388111
1549.8491084222217,1549.8491084222217,0.9857465,0.0023892988
1549.8504973198533,1549.8504973198533,0.9876506,0.0023903656
1549.8518862177168,1549.8518862177168,0.99023706,0.0023916962
1549.8532751153484,1549.8532751153484,0.9840721,0.0023878894
1549.8546640132136,1549.8546640132136,0.9861077,0.0023891833
1549.8560529108452,1549.8560529108452,0.98743284,0.0023879798
1549.857441808709,1549.857441808709,0.98569304,0.0023988553
1549.8588307063399,1549.8588307063399,0.9866776,0.0023916156
1549.8602196042043,1549.8602196042043,0.98595124,0.0023887195
1549.8616085018366,1549.8616085018366,0.9874017,0.0023872552
1549.862997399701,1549.862997399701,0.98711216,0.0023875681
1549.8643862973327,1549.8643862973327,0.9857526,0.002391532
1549.8657751949643,1549.8657751949643,0.987423,0.002389466
1549.8671640928278,1549.8671640928278,0.9875751,0.0023905071
1549.8685529904587,1549.8685529904587,0.9870412,0.0023871446
1549.8699418883232,1549.8699418883232,0.98594177,0.002389158
1549.8713307859555,1549.8713307859555,0.9881819,0.0023902266
1549.872719683587,1549.872719683587,0.98698604,0.0023869066
1549.8741085814509,1549.8741085814509,0.98693866,0.0023882745
1549.8754974790825,1549.8754974790825,0.98645514,0.0023886384
1549.876886376714,1549.876886376714,0.986846,0.0023913991
1549.8782752745778,1549.8782752745778,0.98505056,0.0023910077
1549.8796641722101,1549.8796641722101,0.9869239,0.0023895907
1549.8810530698422,1549.8810530698422,0.9832823,0.0023903279
1549.882441967706,1549.882441967706,0.9873345,0.0023921272
1549.883830865337,1549.883830865337,0.9833811,0.002387763
1549.8852197629685,1549.8852197629685,0.9833067,0.0023990131
1549.886608660833,1549.886608660833,0.98519754,0.002388318
1549.8879975584646,1549.8879975584646,0.98739773,0.0023897337
1549.8893864560969,1549.8893864560969,0.98887014,0.0023908233
1549.8907753537285,1549.8907753537285,0.9884231,0.0023941526
1549.8921642515922,1549.8921642515922,0.98944443,0.0023934485
1549.8935531492232,1549.8935531492232,0.98593277,0.0023973568
1549.8949420468546,1549.8949420468546,0.98884344,0.0023884154
1549.8963309444862,1549.8963309444862,0.9903141,0.0023940203
1549.8977198423506,1549.8977198423506,0.98254836,0.0023895095
1549.8991087399822,1549.8991087399822,0.9905068,0.0023906282
1549.9004976376139,1549.9004976376139,0.9873453,0.002389272
1549.9018865352455,1549.9018865352455,0.9885039,0.0023909581
1549.9032754328764,1549.9032754328764,0.9841837,0.0023888396
1549.9046643307408,1549.9046643307408,0.9893426,0.0023907754
1549.9060532283731,1549.9060532283731,0.99090135,0.002391473
1549.9074421260048,1549.9074421260048,0.98973477,0.002388512
1549.9088310236357,1549.9088310236357,0.9859137,0.0023887646
1549.9102199212673,1549.9102199212673,0.9883896,0.0023887244
1549.9116088188987,1549.9116088188987,0.9859836,0.0023891276
1549.9129977165296,1549.9129977165296,0.98764384,0.0023909353
1549.9143866143934,1549.9143866143934,0.98636085,0.002388678
1549.9157755120257,1549.9157755120257,0.99206245,0.0023908056
1549.917164409658,1549.917164409658,0.9878814,0.0023888706
1549.918553307289,1549.918553307289,0.9878178,0.0023984069
1549.9199422049205,1549.9199422049205,0.98861516,0.0023923032
1549.9213311025521,1549.9213311025521,0.98561025,0.0023882636
1549.922720000183,1549.922720000183,0.99131185,0.0023909046
1549.9241088978144,1549.9241088978144,0.98765403,0.0023869162
1549.9254977954467,1549.9254977954467,0.99266434,0.0023897786
1549.9268866930784,1549.9268866930784,0.99086094,0.0023927034
1549.9282755907093,1549.9282755907093,0.98792434,0.0023931277
1549.9296644883402,1549.9296644883402,0.9879082,0.002390976
1549.9310533859718,1549.9310533859718,0.9876286,0.002388911
1549.9324422836035,1549.9324422836035,0.9925667,0.0023917286
1549.933831181235,1549.933831181235,0.989803,0.0023913346
1549.9352200788674,1549.9352200788674,0.9895173,0.0023933866
1549.936608976499,1549.936608976499,0.9880677,0.0023952615
1549.93799787413,1549.93799787413,0.9881414,0.0023881602
1549.9393867717606,1549.9393867717606,0.9897729,0.0023912755
1549.9407756693922,1549.9407756693922,0.9904273,0.002390702
1549.9421645670245,1549.9421645670245,0.9911404,0.002394355
1549.9435534646561,1549.9435534646561,0.9890603,0.0023999284
1549.944942362287,1549.944942362287,0.9935043,0.0023975205
1549.9463312599187,1549.9463312599187,0.9927585,0.002389407
1549.9477201575503,1549.9477201575503,0.98986065,0.002391514
1549.9491090549484,1549.9491090549484,0.9896146,0.0023922476
1549.95049795258,1549.95049795258,0.9898691,0.002390868
1549.9518868502123,1549.9518868502123,0.991622,0.0024013992
1549.953275747844,1549.953275747844,0.99114364,0.0023897735
1549.9546646454746,1549.9546646454746,0.989709,0.0023942762
1549.9560535431062,1549.9560535431062,0.9931172,0.0023936264
1549.9574424407379,1549.9574424407379,0.98833644,0.002401808
1549.9588313383688,1549.9588313383688,0.99438316,0.002394069
1549.9602202357676,1549.9602202357676,0.9937027,0.0023930655
1549.9616091333999,1549.9616091333999,0.9913268,0.0023917567
1549.9629980310315,1549.9629980310315,0.98973477,0.002394012
1549.9643869286624,1549.9643869286624,0.99093825,0.002390654
1549.965775826294,1549.965775826294,0.9925655,0.002401104
1549.9671647236928,1549.9671647236928,0.99084705,0.0023933677
1549.9685536213235,1549.9685536213235,0.99042577,0.0023937565
1549.9699425189551,1549.9699425189551,0.9936598,0.0024007692
1549.9713314165874,1549.9713314165874,0.9924448,0.0023901295
1549.9727203139862,1549.9727203139862,0.9906987,0.002391355
1549.9741092116171,1549.9741092116171,0.99174064,0.002393594
1549.975498109248,1549.975498109248,0.9933913,0.0023934206
1549.9768870068797,1549.9768870068797,0.9944533,0.0023923952
1549.9782759042791,1549.9782759042791,0.99464357,0.0023939554
1549.9796648019108,1549.9796648019108,0.99096626,0.002392373
1549.9810536995424,1549.9810536995424,0.9942915,0.002401123
1549.9824425969412,1549.9824425969412,0.9925045,0.0023945286
1549.9838314945719,1549.9838314945719,0.99331015,0.002393475
1549.9852203922028,1549.9852203922028,0.9910522,0.0023926718
1549.9866092896023,1549.9866092896023,0.9936445,0.0023987552
1549.9879981872346,1549.9879981872346,0.9883052,0.002391353
1549.9893870848655,1549.9893870848655,0.9899451,0.0023905279
1549.9907759822636,1549.9907759822636,0.9889697,0.0023920117
1549.9921648798952,1549.9921648798952,0.9943676,0.0023963333
1549.9935537775268,1549.9935537775268,0.99432594,0.002393021
1549.994942674925,1549.994942674925,0.992786,0.0023939856
1549.9963315725572,1549.9963315725572,0.9906265,0.0023946203
1549.9977204699564,1549.9977204699564,0.9915328,0.0023927072
1549.9991093675874,1549.9991093675874,0.9928919,0.0023930413
1550.0004982649855,1550.0004982649855,0.9978916,0.002394164
1550.001887162617,1550.001887162617,0.9903281,0.0023929484
1550.0032760602487,1550.0032760602487,0.99327755,0.0023935197
1550.0046649576475,1550.0046649576475,0.9948625,0.0023918967
1550.0060538552798,1550.0060538552798,0.9953348,0.0023951093
1550.0074427526786,1550.0074427526786,0.99421406,0.0023922273
1550.0088316503095,1550.0088316503095,0.99591935,0.0023926788
1550.0102205477076,1550.0102205477076,0.9965823,0.0023943929
1550.011609445339,1550.011609445339,0.9954148,0.002394226
1550.0129983427378,1550.0129983427378,0.9928656,0.002395538
1550.0143872403694,1550.0143872403694,0.99328035,0.0023935917
1550.0157761377682,1550.0157761377682,0.9993334,0.002394734
1550.0171650353998,1550.0171650353998,0.9951659,0.0023948497
1550.0185539327986,1550.0185539327986,0.9927952,0.0023934913
1550.0199428304295,1550.0199428304295,0.99573576,0.0023956934
1550.0213317278283,1550.0213317278283,0.99401957,0.0023949787
1550.0227206252277,1550.0227206252277,0.9950879,0.0023976776
1550.0241095228594,1550.0241095228594,0.99857736,0.0023975673
1550.0254984202575,1550.0254984202575,0.99821275,0.0023959326
1550.026887317889,1550.026887317889,0.9952858,0.0024019037
1550.0282762152876,1550.0282762152876,0.9988633,0.0023959288
1550.0296651129186,1550.0296651129186,0.9983296,0.002394595
1550.0310540103167,1550.0310540103167,0.99594957,0.0023929342
1550.0324429077161,1550.0324429077161,0.9979053,0.0023959794
1550.0338318053484,1550.0338318053484,1.0029533,0.0024065583
1550.0352207027465,1550.0352207027465,0.994618,0.0023994585
1550.0366096001453,1550.0366096001453,0.99845356,0.0023945426
1550.037998497777,1550.037998497777,0.99872196,0.0023952767
1550.039387395175,1550.039387395175,0.99604285,0.0024001517
1550.0407762925736,1550.0407762925736,0.99760276,0.0023935493
1550.0421651902059,1550.0421651902059,1.0007927,0.00239687
1550.0435540876047,1550.0435540876047,0.9991335,0.0023965414
1550.0449429850028,1550.0449429850028,0.99949217,0.0023955188
1550.0463318826337,1550.0463318826337,1.0013312,0.0023948518
1550.0477207800325,1550.0477207800325,0.99659103,0.0024032476
1550.0491096774313,1550.0491096774313,0.9979781,0.002394921
1550.05049857483,1550.05049857483,0.99617404,0.0023949468
1550.0518874724623,1550.0518874724623,0.9972084,0.0023951756
1550.0532763698611,1550.0532763698611,1.0021585,0.0023973715
1550.0546652672592,1550.0546652672592,0.99744534,0.0023957035
1550.056054164657,1550.056054164657,0.9984935,0.0023964203
1550.0574430620559,1550.0574430620559,0.9969992,0.0023967547
1550.0588319596882,1550.0588319596882,0.99861723,0.002398071
1550.060220857087,1550.060220857087,1.000904,0.0023957482
1550.061609754485,1550.061609754485,0.99949354,0.002396002
1550.0629986518838,1550.0629986518838,0.9952813,0.002396443
1550.0643875492826,1550.0643875492826,1.0009222,0.002405232
1550.0657764469136,1550.0657764469136,1.0004666,0.0023968439
1550.0671653443123,1550.0671653443123,0.99993867,0.0023978571
1550.0685542417118,1550.0685542417118,1.0025512,0.0023984644
1550.0699431391106,1550.0699431391106,0.99685884,0.0023933365
1550.0713320365085,1550.0713320365085,1.0001042,0.002399527
1550.0727209339072,1550.0727209339072,1.0027875,0.0023969945
1550.074109831306,1550.074109831306,1.0010456,0.0023966688
1550.0754987287041,1550.0754987287041,0.99836123,0.002405448
1550.0768876263357,1550.0768876263357,0.998646,0.002395398
1550.0782765237352,1550.0782765237352,1.0063573,0.0023959854
1550.079665421134,1550.079665421134,1.002955,0.0024006325
1550.081054318532,1550.081054318532,1.0014293,0.0023964099
1550.0824432159309,1550.0824432159309,1.0052305,0.0024040074
1550.0838321133297,1550.0838321133297,1.0002629,0.002395925
1550.0852210107275,1550.0852210107275,0.99890816,0.002398372
1550.0866099081263,1550.0866099081263,1.0010701,0.0023977952
1550.0879988055258,1550.0879988055258,0.99887764,0.0023961645
1550.0893877029246,1550.0893877029246,0.99942905,0.0023962045
1550.0907766003227,1550.0907766003227,1.0020878,0.002398422
1550.0921654977208,1550.0921654977208,1.001937,0.0023969694
1550.0935543951196,1550.0935543951196,1.0027057,0.0023989591
1550.094943292519,1550.094943292519,1.0023559,0.00239903
1550.0963321899178,1550.0963321899178,1.0058649,0.0024007373
1550.0977210873166,1550.0977210873166,0.9992156,0.0023958064
1550.0991099847154,1550.0991099847154,1.0025084,0.002402822
1550.1004988821132,1550.1004988821132,1.0010374,0.0023972718
1550.1018877795113,1550.1018877795113,1.0041983,0.0024050972
1550.1032766769101,1550.1032766769101,1.0037988,0.0023964776
1550.1046655743096,1550.1046655743096,1.0022482,0.0024001575
1550.1060544714755,1550.1060544714755,1.0022373,0.0024002572
1550.1074433688736,1550.1074433688736,1.0041146,0.0024017654
1550.1088322662724,1550.1088322662724,0.99950135,0.0023963714
1550.1102211636712,1550.1102211636712,0.9996872,0.0023954334
1550.1116100610693,1550.1116100610693,1.0032933,0.0023977642
1550.1129989584688,1550.1129989584688,1.0026361,0.0023966741
1550.114387855868,1550.114387855868,1.0036814,0.0023970383
1550.1157767532661,1550.1157767532661,1.0028322,0.002399162
1550.1171656504314,1550.1171656504314,1.0073144,0.0024004467
1550.1185545478302,1550.1185545478302,1.0027584,0.0023986374
1550.119943445229,1550.119943445229,1.000417,0.0024032139
1550.121332342627,1550.121332342627,1.007642,0.00240067
1550.1227212400265,1550.1227212400265,1.0010076,0.0023972136
1550.124110137426,1550.124110137426,1.0026797,0.0024011442
1550.125499034824,1550.125499034824,1.0028104,0.0023992632
1550.1268879319894,1550.1268879319894,1.0394984,0.0024158622
1550.128276829388,1550.128276829388,1.037794,0.0024195763
1550.1296657267867,1550.1296657267867,1.018913,0.0024087643
1550.1310546241855,1550.1310546241855,1.0168439,0.002406482
1550.1324435213514,1550.1324435213514,1.0093833,0.0024032
1550.1338324187502,1550.1338324187502,1.011991,0.002405214
1550.135221316149,1550.135221316149,1.012866,0.0024015072
1550.1366102133143,1550.1366102133143,1.0083122,0.0023997289
1550.137999110713,1550.137999110713,1.0128127,0.0024033394
1550.1393880081118,1550.1393880081118,1.0095978,0.0024011952
1550.1407769055106,1550.1407769055106,1.0081543,0.0023984644
1550.1421658026766,1550.1421658026766,1.0098971,0.002403432
1550.1435547000754,1550.1435547000754,1.0122694,0.0024018914
1550.144943597474,1550.144943597474,1.0093194,0.0023997936
1550.1463324946392,1550.1463324946392,1.0093168,0.002400027
1550.1477213920373,1550.1477213920373,1.0094504,0.0024025533
1550.1491102894367,1550.1491102894367,1.0058893,0.0024004297
1550.1504991866034,1550.1504991866034,1.007384,0.002402231
1550.1518880840015,1550.1518880840015,1.0115509,0.002402962
1550.1532769811674,1550.1532769811674,1.00705,0.0024036563
1550.1546658785662,1550.1546658785662,1.0061778,0.00239915
1550.1560547759643,1550.1560547759643,1.0079192,0.0024008774
1550.1574436731296,1550.1574436731296,1.009254,0.0024009394
1550.1588325705288,1550.1588325705288,1.0096605,0.0024002162
1550.1602214676955,1550.1602214676955,1.0077124,0.0024009447
1550.1616103650936,1550.1616103650936,1.0081849,0.0024018476
1550.1629992622588,1550.1629992622588,1.0070899,0.0023996893
1550.1643881596576,1550.1643881596576,1.007735,0.002400893
1550.1657770568236,1550.1657770568236,1.0083027,0.002411641
1550.1671659542224,1550.1671659542224,1.0097811,0.0024016623
1550.168554851389,1550.168554851389,1.0085802,0.0024042833
1550.1699437487878,1550.1699437487878,1.0104806,0.0024010828
1550.171332645953,1550.171332645953,1.0087874,0.002398163
1550.172721543351,1550.172721543351,1.0063534,0.0024098859
1550.1741104405169,1550.1741104405169,1.0071628,0.0024076384
1550.1754993379157,1550.1754993379157,1.0091199,0.0024106093
1550.1768882350816,1550.1768882350816,1.014994,0.0024063492
1550.1782771324804,1550.1782771324804,1.0077854,0.0024016518
1550.1796660296463,1550.1796660296463,1.0072591,0.0024103376
1550.1810549270451,1550.1810549270451,1.0050902,0.0023997203
1550.1824438242104,1550.1824438242104,1.0077116,0.0023992534
1550.1838327216092,1550.1838327216092,1.006058,0.0024001417
1550.1852216187758,1550.1852216187758,1.007618,0.002405438
1550.1866105159418,1550.1866105159418,1.0083333,0.0023995617
1550.1879994133396,1550.1879994133396,1.0086064,0.0024006418
1550.1893883105056,1550.1893883105056,1.0079467,0.0024017498
1550.1907772076715,1550.1907772076715,1.0125451,0.002403465
1550.1921661050696,1550.1921661050696,1.0075749,0.0023979645
1550.193555002235,1550.193555002235,1.0084422,0.0024010523
1550.1949438996344,1550.1949438996344,1.0078933,0.0024021752
1550.196332796801,1550.196332796801,1.014021,0.0024025463
1550.1977216939663,1550.1977216939663,1.0110546,0.002402388
1550.1991105911322,1550.1991105911322,1.0135527,0.002403852
1550.200499488531,1550.200499488531,1.0104136,0.0024025864
1550.201888385696,1550.201888385696,1.0114642,0.002401367
1550.203277282862,1550.203277282862,1.0094802,0.002401525
1550.2046661802615,1550.2046661802615,1.0093951,0.0024038395
1550.2060550774274,1550.2060550774274,1.0067757,0.0024020532
1550.2074439745927,1550.2074439745927,1.0122653,0.0024007398
1550.208832871758,1550.208832871758,1.0099972,0.002404903
1550.2102217691568,1550.2102217691568,1.0089041,0.0024012304
1550.2116106663227,1550.2116106663227,1.009931,0.002417651
1550.2129995634887,1550.2129995634887,1.0095606,0.0024036332
1550.2143884606553,1550.2143884606553,1.0107492,0.0024020255
1550.215777358054,1550.215777358054,1.0088544,0.002400172
1550.2171662552191,1550.2171662552191,1.008395,0.0024011452
1550.2185551523844,1550.2185551523844,1.0091068,0.0024004884
1550.2199440495503,1550.2199440495503,1.0124346,0.0024032795
1550.221332946717,1550.221332946717,1.0086944,0.0024014341
1550.2227218441158,1550.2227218441158,1.0088251,0.002403517
1550.2241107412817,1550.2241107412817,1.0092264,0.0024051422
1550.2254996384477,1550.2254996384477,1.0095017,0.0024024162
1550.226888535613,1550.226888535613,1.0117819,0.0024063569
1550.2282774327782,1550.2282774327782,1.0065,0.0024000187
1550.2296663299442,1550.2296663299442,1.006508,0.0024043398
1550.2310552271108,1550.2310552271108,1.010292,0.0024020004
1550.2324441242765,1550.2324441242765,1.0086457,0.0024003028
1550.2338330216746,1550.2338330216746,1.0117023,0.0024066197
1550.2352219188406,1550.2352219188406,1.0087935,0.0024013633
1550.2366108160065,1550.2366108160065,1.0105578,0.0024052674
1550.2379997131718,1550.2379997131718,1.0124145,0.0024028323
1550.2393886103384,1550.2393886103384,1.0129995,0.002405987
1550.240777507505,1550.240777507505,1.0127128,0.0024147439
1550.2421664046703,1550.2421664046703,1.0090755,0.0024023918
1550.2435553018356,1550.2435553018356,1.0138285,0.0024037682
1550.2449441990013,1550.2449441990013,1.0111079,0.0024049743
1550.2463330961673,1550.2463330961673,1.0107675,0.002403956
1550.2477219933326,1550.2477219933326,1.0095991,0.0024044723
1550.2491108904985,1550.2491108904985,1.0109415,0.0024022316
1550.2504997876651,1550.2504997876651,1.0110464,0.0023999559
1550.251888684831,1550.251888684831,1.0125887,0.0024035857
1550.2532775819964,1550.2532775819964,1.0150366,0.0024097345
1550.2546664791623,1550.2546664791623,1.009424,0.0024008797
1550.2560553763283,1550.2560553763283,1.0104089,0.0024047096
1550.2574442734942,1550.2574442734942,1.0129313,0.002403614
1550.2588331706602,1550.2588331706602,1.0155224,0.0024078344
1550.2602220678261,1550.2602220678261,1.010389,0.0024031051
1550.2616109649919,1550.2616109649919,1.0121777,0.002400233
1550.2629998619243,1550.2629998619243,1.0155025,0.00240453
1550.2643887590896,1550.2643887590896,1.0096216,0.002401024
1550.2657776562555,1550.2657776562555,1.0096662,0.002403114
1550.2671665534222,1550.2671665534222,1.0130022,0.0024124535
1550.268555450588,1550.268555450588,1.0148898,0.0024069771
1550.269944347754,1550.269944347754,1.0093523,0.0024019212
1550.27133324492,1550.27133324492,1.0142637,0.0024059454
1550.2727221420853,1550.2727221420853,1.0135401,0.00240216
1550.2741110390177,1550.2741110390177,1.014205,0.0024070432
1550.2754999361841,1550.2754999361841,1.0123211,0.0024046681
1550.2768888333508,1550.2768888333508,1.0163008,0.0024091566
1550.278277730516,1550.278277730516,1.0117239,0.002403965
1550.2796666276813,1550.2796666276813,1.0148407,0.0024083043
1550.2810555246144,1550.2810555246144,1.0110294,0.002401887
1550.2824444217804,1550.2824444217804,1.0138106,0.0024059613
1550.2838333189457,1550.2838333189457,1.014631,0.0024049613
1550.2852222161123,1550.2852222161123,1.015176,0.0024145702
1550.286611113279,1550.286611113279,1.0104591,0.0024011184
1550.2880000102114,1550.2880000102114,1.011459,0.0024051443
1550.2893889073764,1550.2893889073764,1.0094965,0.0024040402
1550.2907778045424,1550.2907778045424,1.0153983,0.002404945
1550.2921667017083,1550.2921667017083,1.0168186,0.0024091685
1550.2935555986414,1550.2935555986414,1.0121183,0.0024056414
1550.2949444958074,1550.2949444958074,1.0136179,0.0024033627
1550.2963333929733,1550.2963333929733,1.0143949,0.0024085534
1550.2977222899065,1550.2977222899065,1.0112734,0.0024032292
1550.2991111870717,1550.2991111870717,1.0137535,0.0024042518
1550.3005000842377,1550.3005000842377,1.0160348,0.0024022772
1550.3018889811708,1550.3018889811708,1.0140889,0.0024021678
1550.3032778783365,1550.3032778783365,1.0130125,0.002405395
1550.3046667755025,1550.3046667755025,1.0147489,0.0024036216
1550.3060556724356,1550.3060556724356,1.0132145,0.0024009421
1550.3074445696016,1550.3074445696016,1.0156647,0.0024105203
1550.308833466534,1550.308833466534,1.0128021,0.002404181
1550.3102223636993,1550.3102223636993,1.0138044,0.002402449
1550.3116112608652,1550.3116112608652,1.0169328,0.002408091
1550.313000157799,1550.313000157799,1.014353,0.002405474
1550.314389054965,1550.314389054965,1.0149379,0.0024019985
1550.315777951898,1550.315777951898,1.015536,0.002409193
1550.317166849064,1550.317166849064,1.016671,0.0024132913
1550.318555746229,1550.318555746229,1.0126857,0.0024046197
1550.3199446431615,1550.3199446431615,1.0145845,0.0024045343
1550.3213335403282,1550.3213335403282,1.0136464,0.0024086363
1550.322722437262,1550.322722437262,1.0109812,0.002401379
1550.3241113344272,1550.3241113344272,1.015965,0.0024041336
1550.3255002313597,1550.3255002313597,1.0155146,0.0024063569
1550.3268891285256,1550.3268891285256,1.014225,0.0024062258
1550.3282780254588,1550.3282780254588,1.0132872,0.0024077026
1550.329666922624,1550.329666922624,1.0176286,0.0024043077
1550.3310558195578,1550.3310558195578,1.0162032,0.0024131
1550.3324447167245,1550.3324447167245,1.0164819,0.002404744
1550.3338336136567,1550.3338336136567,1.0114824,0.002404273
1550.3352225105891,1550.3352225105891,1.0143152,0.0024064593
1550.336611407755,1550.336611407755,1.0130138,0.002405652
1550.3380003046882,1550.3380003046882,1.0151873,0.0024049056
1550.3393892018541,1550.3393892018541,1.0152438,0.0024025314
1550.340778098788,1550.340778098788,1.0162064,0.0024050975
1550.342166995954,1550.342166995954,1.0139263,0.0024156254
1550.3435558928863,1550.3435558928863,1.0120531,0.0024022222
1550.3449447898188,1550.3449447898188,1.013699,0.002405407
1550.3463336869847,1550.3463336869847,1.0166465,0.002402831
1550.3477225839176,1550.3477225839176,1.0125206,0.0024023675
1550.3491114808508,1550.3491114808508,1.0138134,0.0024036912
1550.3505003780167,1550.3505003780167,1.0145005,0.0024037114
1550.3518892749498,1550.3518892749498,1.0124456,0.0024078325
1550.353278171883,1550.353278171883,1.0137954,0.002408645
1550.3546670690482,1550.3546670690482,1.0148181,0.002405575
1550.3560559659813,1550.3560559659813,1.0148205,0.0024057108
1550.3574448629151,1550.3574448629151,1.014556,0.0024099392
1550.358833760081,1550.358833760081,1.0146447,0.0024042286
1550.3602226570135,1550.3602226570135,1.0185786,0.0024071378
1550.3616115539464,1550.3616115539464,1.0163004,0.0024055655
1550.3630004508796,1550.3630004508796,1.0140048,0.0024056733
1550.3643893480448,1550.3643893480448,1.0172669,0.0024053925
1550.3657782449773,1550.3657782449773,1.0141529,0.0024034593
1550.367167141911,1550.367167141911,1.0133564,0.0024033498
1550.3685560388449,1550.3685560388449,1.014366,0.002406108
1550.3699449360101,1550.3699449360101,1.0143785,0.0024060437
1550.3713338329433,1550.3713338329433,1.0154264,0.0024029308
1550.3727227298764,1550.3727227298764,1.0171412,0.0024031526
1550.3741116268088,1550.3741116268088,1.015771,0.0024060844
1550.375500523742,1550.375500523742,1.0167964,0.0024040774
1550.3768894209086,1550.3768894209086,1.0142893,0.0024092589
1550.3782783178415,1550.3782783178415,1.0121876,0.002406246
1550.379667214774,1550.379667214774,1.0164353,0.0024061752
1550.3810561117064,1550.3810561117064,1.0148944,0.0024151169
1550.3824450086395,1550.3824450086395,1.0176407,0.0024086067
1550.3838339055726,1550.3838339055726,1.0148599,0.0024036143
1550.3852228025057,1550.3852228025057,1.0156742,0.002404746
1550.3866116996724,1550.3866116996724,1.0200891,0.002409692
1550.3880005966055,1550.3880005966055,1.0163666,0.0024064803
1550.389389493538,1550.389389493538,1.0163053,0.0024070002
1550.3907783904704,1550.3907783904704,1.0148301,0.0024037557
1550.3921672874033,1550.3921672874033,1.0162708,0.0024036954
1550.393556184337,1550.393556184337,1.0141108,0.002407546
1550.3949450812702,1550.3949450812702,1.015141,0.0024058106
1550.3963339782026,1550.3963339782026,1.0143731,0.0024060896
1550.3977228751357,1550.3977228751357,1.0156884,0.0024046223
1550.3991117720689,1550.3991117720689,1.0196257,0.0024151155
1550.4005006690013,1550.4005006690013,1.0179603,0.0024114023
1550.4018895659344,1550.4018895659344,1.0176618,0.002406231
1550.4032784628682,1550.4032784628682,1.0202811,0.002409814
1550.4046673598014,1550.4046673598014,1.0138757,0.00241372
1550.4060562567336,1550.4060562567336,1.0142825,0.002403245
1550.4074451536667,1550.4074451536667,1.0123818,0.002403052
1550.4088340505998,1550.4088340505998,1.0175955,0.0024056972
1550.4102229475322,1550.4102229475322,1.0141728,0.0024080393
1550.4116118444647,1550.4116118444647,1.0179676,0.002405904
1550.4130007413985,1550.4130007413985,1.0123272,0.002413742
1550.4143896383323,1550.4143896383323,1.016068,0.0024033831
1550.4157785352647,1550.4157785352647,1.0177622,0.0024108586
1550.4171674321979,1550.4171674321979,1.0149133,0.0024078123
1550.418556329131,1550.418556329131,1.0187869,0.0024066027
1550.4199452260634,1550.4199452260634,1.0128496,0.0024045035
1550.4213341227635,1550.4213341227635,1.0178443,0.0024097161
1550.4227230196973,1550.4227230196973,1.0163239,0.0024052048
1550.4241119166304,1550.4241119166304,1.0203464,0.0024062835
1550.4255008135628,1550.4255008135628,1.0158815,0.0024034756
1550.4268897104953,1550.4268897104953,1.0189269,0.0024062006
1550.4282786074284,1550.4282786074284,1.0167977,0.0024048542
1550.4296675043615,1550.4296675043615,1.0144604,0.0024130885
1550.4310564010618,1550.4310564010618,1.0184195,0.0024156517
1550.4324452979956,1550.4324452979956,1.0143108,0.0024051673
1550.4338341949287,1550.4338341949287,1.0146394,0.0024116489
1550.435223091861,1550.435223091861,1.0123326,0.002402393
1550.4366119887934,1550.4366119887934,1.0161155,0.0024132608
1550.4380008854937,1550.4380008854937,1.0133958,0.002403652
1550.4393897824275,1550.4393897824275,1.0177903,0.002408069
1550.4407786793606,1550.4407786793606,1.0181384,0.0024039657
1550.442167576293,1550.442167576293,1.0143833,0.002402864
1550.4435564729934,1550.4435564729934,1.013093,0.0024054677
1550.4449453699265,1550.4449453699265,1.0140952,0.002408238
1550.446334266859,1550.446334266859,1.0118618,0.0024084584
1550.447723163792,1550.447723163792,1.0197549,0.0024064162
1550.4491120604928,1550.4491120604928,1.0153315,0.002403771
1550.450500957426,1550.450500957426,1.0146418,0.0024039564
1550.4518898543583,1550.4518898543583,1.0155408,0.0024050516
1550.4532787510586,1550.4532787510586,1.0148158,0.0024052083
1550.4546676479918,1550.4546676479918,1.0154405,0.0024120642
1550.4560565449242,1550.4560565449242,1.0144819,0.0024052914
1550.4574454416252,1550.4574454416252,1.0138894,0.0024047247
1550.458834338559,1550.458834338559,1.0196867,0.0024071636
1550.4602232354914,1550.4602232354914,1.0157748,0.0024054525
1550.461612132191,1550.461612132191,1.0172722,0.0024083522
1550.4630010291241,1550.4630010291241,1.0183027,0.0024061596
1550.4643899258242,1550.4643899258242,1.0185513,0.0024067878
1550.4657788227566,1550.4657788227566,1.0166247,0.0024079646
1550.4671677196898,1550.4671677196898,1.0145243,0.0024038106
1550.4685566163907,1550.4685566163907,1.0158595,0.0024059773
1550.4699455133239,1550.4699455133239,1.0169212,0.0024090833
1550.4713344100235,1550.4713344100235,1.0143814,0.0024031335
1550.4727233069566,1550.4727233069566,1.0149137,0.0024134025
1550.474112203657,1550.474112203657,1.0164275,0.0024063014
1550.4755011005893,1550.4755011005893,1.0158405,0.0024039266
1550.4768899972896,1550.4768899972896,1.0146629,0.0024054202
1550.4782788942232,1550.4782788942232,1.0173725,0.0024051818
1550.4796677909235,1550.4796677909235,1.0158734,0.0024037026
1550.481056687856,1550.481056687856,1.0152994,0.0024156545
1550.4824455845555,1550.4824455845555,1.0156975,0.0024074952
1550.4838344814887,1550.4838344814887,1.0154666,0.0024053752
1550.4852233781896,1550.4852233781896,1.0131731,0.0024145516
1550.4866122751228,1550.4866122751228,1.0145782,0.0024035072
1550.488001171823,1550.488001171823,1.0122691,0.0024017298
1550.4893900687562,1550.4893900687562,1.0143504,0.0024034544
1550.4907789654558,1550.4907789654558,1.0122021,0.0024029948
1550.492167862388,1550.492167862388,1.0168796,0.0024037883
1550.4935567590883,1550.4935567590883,1.0156317,0.0024036237
1550.4949456557893,1550.4949456557893,1.0159804,0.002404621
1550.4963345527224,1550.4963345527224,1.0146307,0.0024039138
1550.497723449422,1550.497723449422,1.0154693,0.002412739
1550.499112346355,1550.499112346355,1.0162654,0.002411565
1550.5005012430554,1550.5005012430554,1.0130054,0.002402815
1550.501890139755,1550.501890139755,1.0128319,0.002403444
1550.5032790366888,1550.5032790366888,1.0147434,0.002410591
1550.5046679333898,1550.5046679333898,1.0104874,0.002404278
1550.5060568300894,1550.5060568300894,1.0155128,0.0024040667
1550.5074457270218,1550.5074457270218,1.0160517,0.0024138952
1550.508834623722,1550.508834623722,1.0141205,0.002411901
1550.5102235204222,1550.5102235204222,1.0174505,0.0024052365
1550.5116124173546,1550.5116124173546,1.0177158,0.0024050912
1550.513001314055,1550.513001314055,1.0141914,0.0024089396
1550.514390210756,1550.514390210756,1.0138471,0.0024105427
1550.5157791074562,1550.5157791074562,1.0140971,0.0024060486
1550.5171680043886,1550.5171680043886,1.013993,0.0024026895
1550.518556901089,1550.518556901089,1.0129074,0.0024040218
1550.5199457977892,1550.5199457977892,1.0136971,0.0024026847
1550.5213346944895,1550.5213346944895,1.0143836,0.0024043913
1550.5227235914224,1550.5227235914224,1.0123191,0.002403263
1550.5241124881227,1550.5241124881227,1.0139493,0.0024026784
1550.525501384823,1550.525501384823,1.0157527,0.0024033878
1550.5268902815226,1550.5268902815226,1.0136318,0.0024035017
1550.5282791782222,1550.5282791782222,1.0106155,0.0024011494
1550.5296680751553,1550.5296680751553,1.0143772,0.002404393
1550.5310569718563,1550.5310569718563,1.0155061,0.0024044334
1550.5324458685566,1550.5324458685566,1.0126318,0.0024080544
1550.5338347652569,1550.5338347652569,1.0178351,0.0024047415
1550.5352236619572,1550.5352236619572,1.0111426,0.0024018348
1550.5366125586568,1550.5366125586568,1.0110362,0.002408471
1550.538001455589,1550.538001455589,1.010213,0.002405359
1550.5393903522893,1550.5393903522893,1.0113802,0.0024012693
1550.5407792489902,1550.5407792489902,1.0137554,0.0024039089
1550.5421681456905,1550.5421681456905,1.0142624,0.0024053769
1550.5435570423901,1550.5435570423901,1.0131166,0.0024025892
1550.5449459390904,1550.5449459390904,1.012289,0.0024021345
1550.5463348357907,1550.5463348357907,1.013561,0.0024052493
1550.5477237324903,1550.5477237324903,1.0072168,0.0023991254
1550.5491126291913,1550.5491126291913,1.014538,0.0024138824
1550.5505015258923,1550.5505015258923,1.0128809,0.0024058325
1550.5518904225917,1550.5518904225917,1.0141208,0.0024060926
1550.5532793192913,1550.5532793192913,1.0168872,0.0024105876
1550.5546682159916,1550.5546682159916,1.0136247,0.0024049764
1550.5560571126919,1550.5560571126919,1.0138562,0.0024072176
1550.5574460093915,1550.5574460093915,1.0119296,0.0024016954
1550.5588349060918,1550.5588349060918,1.0092478,0.0024059487
1550.5602238027927,1550.5602238027927,1.0201848,0.0024063338
1550.561612699493,1550.561612699493,1.0192897,0.0024090458
1550.5630015961926,1550.5630015961926,1.0219026,0.0024091003
1550.564390492893,1550.564390492893,1.0186776,0.0024050644
1550.5657793895932,1550.5657793895932,1.014536,0.0024050365
1550.5671682862933,1550.5671682862933,1.0149802,0.0024123273
1550.5685571829936,1550.5685571829936,1.0143485,0.002403244
1550.5699460796939,1550.5699460796939,1.0155357,0.0024044432
1550.5713349763942,1550.5713349763942,1.0141593,0.002406207
1550.5727238730938,1550.5727238730938,1.0123974,0.0024037096
1550.574112769794,1550.574112769794,1.0176382,0.0024074316
1550.5755016662615,1550.5755016662615,1.0164275,0.0024031778
1550.5768905629618,1550.5768905629618,1.0098606,0.0024020593
1550.578279459662,1550.578279459662,1.014492,0.0024030413
1550.5796683563624,1550.5796683563624,1.0128622,0.0024048283
1550.5810572530625,1550.5810572530625,1.0113556,0.0024036178
1550.582446149762,1550.582446149762,1.0106095,0.0024040288
1550.5838350464617,1550.5838350464617,1.0126599,0.0024027138
1550.5852239429291,1550.5852239429291,1.0120023,0.0024033806
1550.58661283963,1550.58661283963,1.0125529,0.0024013515
1550.5880017363304,1550.5880017363304,1.0074995,0.0023994439
1550.5893906330307,1550.5893906330307,1.0135891,0.0024048602
1550.5907795294981,1550.5907795294981,1.011967,0.0024029
1550.5921684261978,1550.5921684261978,1.0099006,0.0024036183
1550.5935573228974,1550.5935573228974,1.0078121,0.0023992958
1550.5949462195981,1550.5949462195981,1.0093302,0.00240152
1550.596335116299,1550.596335116299,1.0099865,0.0024036195
1550.5977240127659,1550.5977240127659,1.0120935,0.0024046309
1550.5991129094655,1550.5991129094655,1.0102837,0.0024015317
1550.6005018061658,1550.6005018061658,1.0110309,0.002404308
1550.6018907026332,1550.6018907026332,1.010421,0.0024035983
1550.6032795993328,1550.6032795993328,1.0123036,0.0024035142
1550.6046684960338,1550.6046684960338,1.0105908,0.0024083431
1550.606057392502,1550.606057392502,1.0085703,0.002402944
1550.6074462892016,1550.6074462892016,1.0094138,0.0024038884
1550.608835185901,1550.608835185901,1.0125785,0.0024035985
1550.6102240823684,1550.6102240823684,1.0120397,0.0024032353
1550.6116129790687,1550.6116129790687,1.0081804,0.0024056348
1550.613001875769,1550.613001875769,1.0123156,0.002406536
1550.6143907722364,1550.6143907722364,1.0097562,0.0024023703
1550.6157796689367,1550.6157796689367,1.0102665,0.0024120216
1550.617168565637,1550.617168565637,1.0056765,0.002398026
1550.6185574621038,1550.6185574621038,1.0087202,0.002401833
1550.619946358804,1550.619946358804,1.0070559,0.0024094896
1550.6213352552716,1550.6213352552716,1.0095453,0.002402645
1550.6227241519719,1550.6227241519719,1.0084687,0.0024004674
1550.6241130484393,1550.6241130484393,1.0066377,0.0024181232
1550.6255019451394,1550.6255019451394,1.0092435,0.0023998914
1550.6268908416068,1550.6268908416068,1.0036902,0.0023984388
1550.6282797383064,1550.6282797383064,1.0112709,0.0024065448
1550.629668635006,1550.629668635006,1.0087897,0.0024026942
1550.6310575314735,1550.6310575314735,1.0099729,0.0024041748
1550.6324464281745,1550.6324464281745,1.0081381,0.0024040441
1550.633835324642,1550.633835324642,1.0070199,0.0024039624
1550.6352242213422,1550.6352242213422,1.0095824,0.0024029182
1550.6366131178097,1550.6366131178097,1.0041682,0.0023980418
1550.6380020142763,1550.6380020142763,1.0094863,0.0024024511
1550.6393909109759,1550.6393909109759,1.0088814,0.002400309
1550.640779807444,1550.640779807444,1.0070804,0.0023993237
1550.642168704145,1550.642168704145,1.0050958,0.0023997168
1550.6435576006118,1550.6435576006118,1.0075868,0.0024014013
1550.6449464973114,1550.6449464973114,1.0077189,0.002403642
1550.6463353937788,1550.6463353937788,1.0080559,0.0023993796
1550.6477242902463,1550.6477242902463,1.0060645,0.0024002409
1550.649113186946,1550.649113186946,1.0094538,0.0024014139
1550.650502083414,1550.650502083414,1.0083402,0.0024018239
1550.651890980115,1550.651890980115,1.0077983,0.0024053017
1550.6532798765818,1550.6532798765818,1.0074756,0.0024007356
1550.6546687730483,1550.6546687730483,1.0055091,0.0024011154
1550.6560576697486,1550.6560576697486,1.0093994,0.0024031121
1550.657446566216,1550.657446566216,1.0037217,0.0023997894
1550.6588354626836,1550.6588354626836,1.0036815,0.002398115
1550.6602243593838,1550.6602243593838,1.007255,0.0024000993
1550.6616132558513,1550.6616132558513,1.0047204,0.0023999417
1550.6630021523188,1550.6630021523188,1.0035127,0.0023977887
1550.6643910490184,1550.6643910490184,1.0057454,0.0023997675
1550.6657799454858,1550.6657799454858,1.0037174,0.0023996176
1550.667168841953,1550.667168841953,1.0061425,0.0023982567
1550.6685577384205,1550.6685577384205,1.0015346,0.0023992553
1550.6699466351208,1550.6699466351208,1.0061243,0.0024078926
1550.6713355315883,1550.6713355315883,1.0030411,0.0023970031
1550.6727244280557,1550.6727244280557,1.004258,0.0024003938
1550.6741133245225,1550.6741133245225,1.0039226,0.0024052397
1550.67550222099,1550.67550222099,1.0099201,0.0024047182
1550.6768911176903,1550.6768911176903,1.0051354,0.002403832
1550.6782800141577,1550.6782800141577,1.0062107,0.0023987729
1550.6796689106252,1550.6796689106252,1.002258,0.0023967074
1550.6810578070927,1550.6810578070927,1.0063814,0.0023975375
1550.6824467035601,1550.6824467035601,1.0016555,0.0023974997
1550.6838356002595,1550.6838356002595,1.0089183,0.0024006804
1550.6852244967263,1550.6852244967263,1.0046597,0.0024020076
1550.6866133931944,1550.6866133931944,1.0075119,0.0024015775
1550.6880022896626,1550.6880022896626,1.0038363,0.0024029026
1550.6893911861293,1550.6893911861293,1.0008891,0.0023970488
1550.6907800825968,1550.6907800825968,1.0064079,0.0024005438
1550.6921689790643,1550.6921689790643,1.0007237,0.0023989195
1550.693557875531,1550.693557875531,1.0042218,0.0023991924
1550.6949467722304,1550.6949467722304,1.004325,0.0023978606
1550.6963356686986,1550.6963356686986,1.0049438,0.0024014688
1550.6977245651667,1550.6977245651667,1.0074757,0.0024012078
1550.6991134616335,1550.6991134616335,1.002813,0.0024002816
1550.7005023581003,1550.7005023581003,1.0049775,0.002397744
1550.7018912545677,1550.7018912545677,1.0031004,0.0023976578
1550.7032801510352,1550.7032801510352,1.0041053,0.0024030148
1550.704669047502,1550.704669047502,1.0068053,0.0024030427
1550.70605794397,1550.70605794397,1.0045878,0.0023984204
1550.7074468404383,1550.7074468404383,1.0018135,0.0023971144
1550.708835736905,1550.708835736905,1.0055648,0.002398566
1550.7102246333718,1550.7102246333718,1.0010358,0.002397242
1550.711613529839,1550.711613529839,1.0050217,0.0023970106
1550.7130024263065,1550.7130024263065,1.0012957,0.002395148
1550.714391322774,1550.714391322774,1.0026014,0.0023990716
1550.7157802192414,1550.7157802192414,1.001447,0.00239953
1550.7171691157089,1550.7171691157089,1.0017687,0.0023984371
1550.7185580121763,1550.7185580121763,1.0027261,0.002401688
1550.7199469084103,1550.7199469084103,1.0018655,0.002398441
1550.7213358048778,1550.7213358048778,1.0024463,0.002398696
1550.7227247013452,1550.7227247013452,1.0050229,0.0023979358
1550.7241135978127,1550.7241135978127,1.0029204,0.0023978974
1550.72550249428,1550.72550249428,1.0041562,0.0023988616
1550.7268913907474,1550.7268913907474,1.0010313,0.002399501
1550.7282802872148,1550.7282802872148,0.99925816,0.0023988495
1550.7296691836816,1550.7296691836816,1.0030425,0.0023983147
1550.7310580801484,1550.7310580801484,1.0012653,0.0024002234
1550.7324469763837,1550.7324469763837,1.0039313,0.0023983715
1550.7338358728518,1550.7338358728518,1.000537,0.0023968494
1550.7352247693186,1550.7352247693186,0.99869365,0.0023989358
1550.736613665786,1550.736613665786,1.000072,0.0023985596
1550.7380025622535,1550.7380025622535,0.9982743,0.0023984478
1550.7393914584875,1550.7393914584875,1.0010982,0.0023954515
1550.740780354954,1550.740780354954,1.0013283,0.002396951
1550.7421692514222,1550.7421692514222,0.99695694,0.002396178
1550.7435581478903,1550.7435581478903,1.002285,0.0024074963
1550.7449470441243,1550.7449470441243,1.001645,0.002397058
1550.746335940591,1550.746335940591,1.0007923,0.0023952017
1550.7477248370585,1550.7477248370585,0.9966793,0.0023986495
1550.749113733526,1550.749113733526,0.9962698,0.0023980548
1550.75050262976,1550.75050262976,0.99996305,0.0023975507
1550.751891526228,1550.751891526228,0.9997533,0.0023947363
1550.7532804226962,1550.7532804226962,1.0037546,0.0024020465
1550.75466931893,1550.75466931893,0.9967422,0.0023965293
1550.7560582153967,1550.7560582153967,0.9978583,0.002395152
1550.7574471118642,1550.7574471118642,0.99974316,0.0023953065
1550.7588360080988,1550.7588360080988,1.0005579,0.0023942066
1550.7602249045663,1550.7602249045663,1.0002844,0.0024008967
1550.7616138010337,1550.7616138010337,0.9991585,0.002398966
1550.7630026972683,1550.7630026972683,0.99975103,0.0023949912
1550.7643915937358,1550.7643915937358,0.9966866,0.002394783
1550.7657804902026,1550.7657804902026,0.99818414,0.0023949528
1550.7671693864372,1550.7671693864372,0.9976551,0.002398338
1550.7685582829047,1550.7685582829047,0.996629,0.002398214
1550.769947179139,1550.769947179139,0.9971795,0.0023957964
1550.7713360756065,1550.7713360756065,0.998664,0.0023976401
1550.772724972074,1550.772724972074,0.9995854,0.0023969442
1550.7741138683086,1550.7741138683086,0.9977986,0.0023962343
1550.7755027647754,1550.7755027647754,1.0014602,0.0023986937
1550.7768916610094,1550.7768916610094,0.99455345,0.002394626
1550.7782805574768,1550.7782805574768,0.9970387,0.0023965773
1550.7796694537121,1550.7796694537121,0.99689037,0.0023992818
1550.7810583501796,1550.7810583501796,0.9963603,0.0023982099
1550.7824472464142,1550.7824472464142,0.9969229,0.0024008814
1550.7838361428815,1550.7838361428815,0.9949924,0.0023937167
1550.7852250391154,1550.7852250391154,0.99835616,0.002393374
1550.7866139355822,1550.7866139355822,0.9995103,0.0023964576
1550.7880028318175,1550.7880028318175,0.99864507,0.002396557
1550.7893917282856,1550.7893917282856,0.99635154,0.0023939686
1550.7907806245196,1550.7907806245196,0.9962673,0.0023936664
1550.7921695207542,1550.7921695207542,0.9950362,0.002397214
1550.7935584172217,1550.7935584172217,0.99762136,0.0023993873
1550.7949473134556,1550.7949473134556,0.9960892,0.0024008022
1550.7963362099224,1550.7963362099224,0.9979601,0.002400609
1550.7977251061577,1550.7977251061577,0.9958505,0.0024111432
1550.799114002393,1550.799114002393,0.99153244,0.002396268
1550.8005028988596,1550.8005028988596,0.9984009,0.0023978376
1550.8018917950935,1550.8018917950935,0.997491,0.002393949
1550.803280691561,1550.803280691561,0.994606,0.002395567
1550.8046695877956,1550.8046695877956,0.99467486,0.0023940287
1550.8060584840296,1550.8060584840296,0.9963496,0.0023943065
1550.8074473804977,1550.8074473804977,0.99321365,0.0023916725
1550.808836276733,1550.808836276733,0.99329,0.0023979011
1550.810225172967,1550.810225172967,0.99596804,0.00239642
1550.8116140694335,1550.8116140694335,0.9936539,0.0023960168
1550.8130029656681,1550.8130029656681,0.99298537,0.0023934399
1550.8143918619028,1550.8143918619028,0.9956575,0.0023965347
1550.8157807581374,1550.8157807581374,0.99509186,0.002396291
1550.8171696546049,1550.8171696546049,0.99633896,0.0024045869
1550.8185585508395,1550.8185585508395,0.9965191,0.0024028022
1550.8199474470741,1550.8199474470741,0.9964548,0.0023947419
1550.821336343308,1550.821336343308,0.99438936,0.0023925318
1550.8227252397755,1550.8227252397755,0.99308854,0.002396692
1550.8241141360102,1550.8241141360102,0.9941729,0.0023969873
1550.8255030322448,1550.8255030322448,0.99153584,0.00239511
1550.8268919284794,1550.8268919284794,0.9934433,0.0023975223
1550.8282808247138,1550.8282808247138,0.9917712,0.002402655
1550.8296697211813,1550.8296697211813,0.99309194,0.0023920503
1550.8310586174152,1550.8310586174152,0.9950808,0.0023946024
1550.8324475136492,1550.8324475136492,0.99315685,0.0023945938
1550.8338364098838,1550.8338364098838,0.9944418,0.0023939193
1550.8352253061191,1550.8352253061191,0.9853411,0.002394229
1550.8366142023538,1550.8366142023538,0.9892157,0.0023931647
1550.8380030988212,1550.8380030988212,0.99228513,0.0023935065
1550.8393919950558,1550.8393919950558,0.9921969,0.0023957558
1550.8407808912896,1550.8407808912896,0.9876561,0.0023945998
1550.8421697875235,1550.8421697875235,0.9938089,0.0023949586
1550.8435586837588,1550.8435586837588,0.98979086,0.002391607
1550.8449475799941,1550.8449475799941,0.99063104,0.0023939942
1550.846336476228,1550.846336476228,0.99158,0.002393259
1550.847725372462,1550.847725372462,0.99129164,0.0023933698
1550.8491142686967,1550.8491142686967,0.9919068,0.002395788
1550.8505031649313,1550.8505031649313,0.9902271,0.0023917023
1550.8518920611652,1550.8518920611652,0.98951393,0.0023955703
1550.8532809574006,1550.8532809574006,0.9913207,0.0023922862
1550.8546698536359,1550.8546698536359,0.9899307,0.0023920145
1550.8560587498698,1550.8560587498698,0.9944423,0.0023941046
1550.8574476461035,1550.8574476461035,0.9908888,0.0023925973
1550.8588365423382,1550.8588365423382,0.9915516,0.0023926618
1550.8602254385728,1550.8602254385728,0.98877317,0.0023952182
1550.8616143348067,1550.8616143348067,0.99182665,0.0023934357
1550.8630032310414,1550.8630032310414,0.9916297,0.0023905367
1550.8643921272767,1550.8643921272767,0.9913383,0.0023906776
1550.8657810235113,1550.8657810235113,0.9906023,0.002394352
1550.8671699197453,1550.8671699197453,0.9900698,0.0023930403
1550.86855881598,1550.86855881598,0.99072605,0.0023933726
1550.8699477122143,1550.8699477122143,0.99151886,0.0023921432
1550.871336608449,1550.871336608449,0.9908823,0.0023916175
1550.8727255046836,1550.8727255046836,0.98705256,0.0023930867
1550.8741144006854,1550.8741144006854,0.9898295,0.002391803
1550.87550329692,1550.87550329692,0.99951863,0.002405242
1550.876892193154,1550.876892193154,0.9893303,0.0023952164
1550.8782810893879,1550.8782810893879,0.9889,0.002390797
1550.8796699856225,1550.8796699856225,0.9909662,0.0023924173
1550.8810588818578,1550.8810588818578,0.98790187,0.002391537
1550.8824477780925,1550.8824477780925,0.98656297,0.0023919365
1550.8838366740943,1550.8838366740943,0.98818713,0.0023901933
1550.8852255703289,1550.8852255703289,0.99009764,0.0023918666
1550.8866144665626,1550.8866144665626,0.9900422,0.0023943328
1550.8880033627966,1550.8880033627966,0.9902413,0.0023919223
1550.8893922590312,1550.8893922590312,0.9900358,0.0023939242
1550.8907811550337,1550.8907811550337,0.9869472,0.0023913647
1550.8921700512683,1550.8921700512683,0.98761356,0.0023924292
1550.8935589475022,1550.8935589475022,0.9913136,0.0023936308
1550.8949478437369,1550.8949478437369,0.98711354,0.0023904906
1550.8963367397387,1550.8963367397387,0.98865384,0.0023916522
1550.8977256359726,1550.8977256359726,0.9862894,0.0023904508
1550.899114532208,1550.899114532208,0.9875273,0.0023939868
1550.9005034282102,1550.9005034282102,0.984542,0.0023898953
1550.9018923244441,1550.9018923244441,0.98819226,0.0023904317
1550.903281220678,1550.903281220678,0.9862571,0.0024001587
1550.9046701166799,1550.9046701166799,0.9916048,0.0023953847
1550.9060590129145,1550.9060590129145,0.9853269,0.0023925235
1550.9074479091485,1550.9074479091485,0.99342054,0.0023952164
1550.908836805151,1550.908836805151,0.98765343,0.002392903
1550.9102257013863,1550.9102257013863,0.98682934,0.0023904114
1550.9116145976202,1550.9116145976202,0.9886723,0.0023921896
1550.9130034936213,1550.9130034936213,0.98527306,0.0023925777
1550.9143923898557,1550.9143923898557,0.98819244,0.0024025463
1550.9157812858575,1550.9157812858575,0.98526555,0.0023906338
1550.9171701820915,1550.9171701820915,0.9857377,0.002390784
1550.918559078326,1550.918559078326,0.9854597,0.002395009
1550.9199479743286,1550.9199479743286,0.98698056,0.0024003342
1550.9213368705632,1550.9213368705632,0.9894306,0.0023910892
1550.9227257665643,1550.9227257665643,0.9887032,0.0023892957
1550.924114662799,1550.924114662799,0.98971695,0.0023904303
1550.9255035588008,1550.9255035588008,0.98688483,0.0023910706
1550.9268924550354,1550.9268924550354,0.98662186,0.0023929684
1550.928281351037,1550.928281351037,0.98761284,0.0023898676
1550.9296702472716,1550.9296702472716,0.9909172,0.0023921896
1550.9310591432734,1550.9310591432734,0.98346025,0.0023894566
1550.9324480395073,1550.9324480395073,0.98480815,0.0023918063
1550.9338369355085,1550.9338369355085,0.98824936,0.0023995563
1550.935225831743,1550.935225831743,0.986477,0.0023927686
1550.9366147277456,1550.9366147277456,0.9834991,0.002393172
1550.9380036239802,1550.9380036239802,0.9898437,0.0023966215
1550.939392519982,1550.939392519982,0.98435277,0.002393111
1550.9407814162166,1550.9407814162166,0.9835618,0.0023921935
1550.9421703122177,1550.9421703122177,0.98549724,0.0023911598
1550.9435592082189,1550.9435592082189,0.9896073,0.002395649
1550.9449481044533,1550.9449481044533,0.9898563,0.0024056607
1550.9463370004557,1550.9463370004557,0.9849103,0.002391647
1550.9477258966904,1550.9477258966904,0.9870905,0.0023925847
1550.9491147926915,1550.9491147926915,0.9840477,0.0024003885
1550.9505036886933,1550.9505036886933,0.9835533,0.0023926732
1550.951892584928,1550.951892584928,0.9866283,0.002391744
1550.953281480929,1550.953281480929,0.99074626,0.002391861
1550.9546703769315,1550.9546703769315,0.98300415,0.0023906683
1550.9560592731668,1550.9560592731668,0.98518634,0.0023931223
1550.9574481691677,1550.9574481691677,0.9843116,0.0023922774
1550.9588370651688,1550.9588370651688,0.9821811,0.0023879393
1550.9602259614035,1550.9602259614035,0.9864493,0.0023922822
1550.9616148574053,1550.9616148574053,0.9828266,0.0023915898
1550.9630037534064,1550.9630037534064,0.9829426,0.0023979568
1550.9643926494082,1550.9643926494082,0.98189455,0.0023879716
1550.9657815456435,1550.9657815456435,0.98243654,0.0023911358
1550.9671704416453,1550.9671704416453,0.9860002,0.0023875362
1550.9685593376464,1550.9685593376464,0.98175293,0.0023884554
1550.9699482336482,1550.9699482336482,0.98916966,0.002398829
1550.9713371298828,1550.9713371298828,0.98430693,0.0023893372
1550.972726025884,1550.972726025884,0.9861774,0.0023898864
1550.9741149218855,1550.9741149218855,0.9820781,0.002387086
1550.975503817888,1550.975503817888,0.9833913,0.0023869278
1550.9768927138898,1550.9768927138898,0.9804439,0.0023872405
1550.9782816101238,1550.9782816101238,0.98368907,0.0023908934
1550.9796705061249,1550.9796705061249,0.98160934,0.0023881216
1550.9810594021267,1550.9810594021267,0.98197806,0.0023882976
1550.9824482981292,1550.9824482981292,0.9850901,0.0023920941
1550.983837194131,1550.983837194131,0.980517,0.0023922848
1550.9852260901328,1550.9852260901328,0.9807078,0.0023860415
1550.9866149861343,1550.9866149861343,0.98417896,0.0023891
1550.9880038821354,1550.9880038821354,0.9834073,0.0023914445
1550.9893927783694,1550.9893927783694,0.98387235,0.0023892722
1550.9907816743712,1550.9907816743712,0.98269814,0.002389805
1550.9921705703737,1550.9921705703737,0.981832,0.002388402
1550.9935594663755,1550.9935594663755,0.9824541,0.0023885611
1550.9949483623766,1550.9949483623766,0.98309755,0.002389901
1550.9963372583784,1550.9963372583784,0.98253894,0.0023966995
1550.9977261543802,1550.9977261543802,0.9795505,0.0023868824
1550.9991150503813,1550.9991150503813,0.9804351,0.0023879488
1551.000503946383,1551.000503946383,0.9840459,0.0023904608
1551.0018928423854,1551.0018928423854,0.9822833,0.0023880198
1551.0032817383872,1551.0032817383872,0.983858,0.0023891826
1551.0046706343883,1551.0046706343883,0.9840578,0.0023919237
1551.00605953039,1551.00605953039,0.9799049,0.0023881197
1551.0074484263919,1551.0074484263919,0.98043936,0.0023884112
1551.008837322393,1551.008837322393,0.9816415,0.0023915058
1551.0102262183955,1551.0102262183955,0.9835896,0.0023971833
1551.011615114398,1551.011615114398,0.9816858,0.0023873819
1551.013004010399,1551.013004010399,0.9804622,0.0023883095
1551.0143929064002,1551.0143929064002,0.98187894,0.0023895844
1551.0157818021692,1551.0157818021692,0.98170984,0.0023900163
1551.0171706981707,1551.0171706981707,0.98198086,0.0023894282
1551.0185595941718,1551.0185595941718,0.98236316,0.002387156
1551.0199484901736,1551.0199484901736,0.9801971,0.002389591
1551.0213373861761,1551.0213373861761,0.98109204,0.0023938199
1551.022726282178,1551.022726282178,0.9817829,0.0023914934
1551.024115178179,1551.024115178179,0.9816249,0.00239325
1551.0255040741808,1551.0255040741808,0.9802899,0.002391007
1551.0268929699498,1551.0268929699498,0.98467535,0.002390465
1551.028281865951,1551.028281865951,0.9804868,0.002389139
1551.0296707619527,1551.0296707619527,0.9843114,0.0024013352
1551.031059657955,1551.031059657955,0.98094475,0.0023940273
1551.0324485539568,1551.0324485539568,0.9847852,0.0023915633
1551.033837449725,1551.033837449725,0.98372895,0.002390117
1551.0352263457262,1551.0352263457262,0.98068637,0.0023913847
1551.036615241728,1551.036615241728,0.9864615,0.0023886978
1551.0380041377298,1551.0380041377298,0.9819218,0.0023978883
1551.0393930334988,1551.0393930334988,0.983603,0.002388894
1551.0407819295012,1551.0407819295012,0.98436254,0.002389925
1551.042170825503,1551.042170825503,0.98153025,0.0023878468
1551.0435597215042,1551.0435597215042,0.98499376,0.0023889001
1551.0449486172722,1551.0449486172722,0.98385966,0.0023873143
1551.046337513274,1551.046337513274,0.9790288,0.0023966327
1551.0477264092765,1551.0477264092765,0.9838341,0.0023910576
1551.0491153050455,1551.0491153050455,0.97770184,0.0023874976
1551.0505042010466,1551.0505042010466,0.98268455,0.0023902003
1551.0518930970484,1551.0518930970484,0.986006,0.0023979517
1551.0532819928173,1551.0532819928173,0.98269117,0.0023874927
1551.0546708888185,1551.0546708888185,0.978035,0.0023883379
1551.0560597848203,1551.0560597848203,0.9816595,0.002387514
1551.05744868059,1551.05744868059,0.9793755,0.002387045
1551.0588375765917,1551.0588375765917,0.98084056,0.0023864252
1551.0602264725928,1551.0602264725928,0.9845539,0.0023902666
1551.0616153683616,1551.0616153683616,0.980286,0.0023908177
1551.0630042643634,1551.0630042643634,0.9792522,0.0023920846
1551.0643931601317,1551.0643931601317,0.9802144,0.0023868761
1551.0657820561328,1551.0657820561328,0.98082185,0.0023862068
1551.0671709519024,1551.0671709519024,0.97901595,0.0023931488
1551.068559847905,1551.068559847905,0.9796866,0.0023922822
1551.069948743906,1551.069948743906,0.9821278,0.0023880212
1551.071337639675,1551.071337639675,0.979761,0.0023878813
1551.0727265356768,1551.0727265356768,0.98077005,0.0023901674
1551.0741154314449,1551.0741154314449,0.9826434,0.0023906888
1551.0755043274467,1551.0755043274467,0.98244625,0.0023911037
1551.0768932232163,1551.0768932232163,0.98266774,0.0023906734
1551.078282119218,1551.078282119218,0.9826487,0.0023875453
1551.0796710149864,1551.0796710149864,0.9783227,0.0023864133
1551.0810599107547,1551.0810599107547,0.980496,0.0023943854
1551.0824488067565,1551.0824488067565,0.98118216,0.0023865423
1551.0838377025254,1551.0838377025254,0.9823798,0.0023883986
1551.0852265985272,1551.0852265985272,0.98387665,0.0023903563
1551.086615494297,1551.086615494297,0.98478436,0.0023894077
1551.0880043902987,1551.0880043902987,0.9855981,0.002390301
1551.089393286067,1551.089393286067,0.98456144,0.0023897116
1551.090782181835,1551.090782181835,0.9797824,0.0023896296
1551.0921710778368,1551.0921710778368,0.97947097,0.0023894145
1551.0935599736058,1551.0935599736058,0.9795901,0.0023881758
1551.0949488696076,1551.0949488696076,0.97945285,0.0023871723
1551.0963377653766,1551.0963377653766,0.9820113,0.0023889474
1551.0977266611455,1551.0977266611455,0.9842735,0.0023876717
1551.0991155571473,1551.0991155571473,0.9827034,0.0023897572
1551.1005044529156,1551.1005044529156,0.97886336,0.0023931277
1551.1018933486846,1551.1018933486846,0.9799334,0.0023872252
1551.1032822444542,1551.1032822444542,0.9825678,0.0023893367
1551.1046711404558,1551.1046711404558,0.97840834,0.0023864957
1551.106060036224,1551.106060036224,0.98377204,0.0023890338
1551.107448931993,1551.107448931993,0.9802413,0.002386741
1551.1088378279949,1551.1088378279949,0.9812635,0.0023867458
1551.1102267237632,1551.1102267237632,0.98020166,0.002387597
1551.1116156195314,1551.1116156195314,0.98036855,0.0023908713
1551.113004515301,1551.113004515301,0.9841512,0.0023925249
1551.1143934113036,1551.1143934113036,0.98304033,0.0023922191
1551.1157823070719,1551.1157823070719,0.9815433,0.0023866184
1551.1171712028408,1551.1171712028408,0.9824547,0.0023869048
1551.1185600986098,1551.1185600986098,0.98371613,0.0023891886
1551.1199489943779,1551.1199489943779,0.9866092,0.0023916082
1551.121337890379,1551.121337890379,0.9843472,0.0023904536
1551.1227267861486,1551.1227267861486,0.98552895,0.002391654
1551.1241156819183,1551.1241156819183,0.9792343,0.0023869702
1551.1255045776866,1551.1255045776866,0.9851461,0.0023946278
1551.1268934734555,1551.1268934734555,0.9818411,0.0023940324
1551.1282823692245,1551.1282823692245,0.98394203,0.0023905525
1551.1296712649928,1551.1296712649928,0.97870964,0.002388341
1551.1310601609937,1551.1310601609937,0.9810367,0.0023845562
1551.1324490567633,1551.1324490567633,0.98352575,0.0023869788
1551.133837952533,1551.133837952533,0.9822772,0.002388261
1551.1352268483013,1551.1352268483013,0.98295987,0.0023890007
1551.1366157440696,1551.1366157440696,0.98204297,0.0023873136
1551.1380046398385,1551.1380046398385,0.98446286,0.0023933097
1551.1393935356075,1551.1393935356075,0.9836077,0.0023919109
1551.1407824313765,1551.1407824313765,0.9821601,0.0023866799
1551.1421713271461,1551.1421713271461,0.9803597,0.002387576
1551.143560222915,1551.143560222915,0.9834491,0.002390978
1551.1449491186834,1551.1449491186834,0.98456556,0.0023942348
1551.1463380144517,1551.1463380144517,0.9805186,0.002385959
1551.1477269102204,1551.1477269102204,0.9851446,0.002386975
1551.1491158059894,1551.1491158059894,0.98386985,0.0023893781
1551.1505047017583,1551.1505047017583,0.9795768,0.0023859767
1551.1518935975273,1551.1518935975273,0.9824613,0.0023884329
1551.1532824932963,1551.1532824932963,0.98521304,0.0023871746
1551.1546713890652,1551.1546713890652,0.9888495,0.0023907814
1551.1560602848335,1551.1560602848335,0.9868315,0.002391486
1551.1574491806025,1551.1574491806025,0.98316413,0.002403604
1551.1588380763715,1551.1588380763715,0.9883375,0.0023939258
1551.1602269721404,1551.1602269721404,0.98442185,0.0023876282
1551.1616158679092,1551.1616158679092,0.9889243,0.002389588
1551.1630047634453,1551.1630047634453,0.98313373,0.002388873
1551.1643936592143,1551.1643936592143,0.98291653,0.0023892699
1551.1657825549826,1551.1657825549826,0.9869742,0.0023866908
1551.1671714507509,1551.1671714507509,0.9837636,0.0023910294
1551.1685603465198,1551.1685603465198,0.9854701,0.002389026
1551.1699492422895,1551.1699492422895,0.981722,0.0023903782
1551.1713381380584,1551.1713381380584,0.9827819,0.0023885574
1551.1727270335946,1551.1727270335946,0.9793535,0.0023964534
1551.1741159293636,1551.1741159293636,0.98573464,0.0023904452
1551.1755048251318,1551.1755048251318,0.9835808,0.0023894503
1551.1768937209,1551.1768937209,0.98616254,0.0023920403
1551.1782826166695,1551.1782826166695,0.9835444,0.0024007782
1551.1796715122064,1551.1796715122064,0.97935975,0.0023855574
1551.1810604079747,1551.1810604079747,0.9855642,0.0023906673
1551.182449303743,1551.182449303743,0.98239094,0.0023946266
1551.183838199512,1551.183838199512,0.9863566,0.0023895581
1551.185227095048,1551.185227095048,0.98547286,0.0023925018
1551.1866159908163,1551.1866159908163,0.9851118,0.0023882736
1551.188004886586,1551.188004886586,0.98206544,0.002388927
1551.1893937821228,1551.1893937821228,0.9880357,0.002391801
1551.1907826778909,1551.1907826778909,0.9871057,0.0023883595
1551.1921715736592,1551.1921715736592,0.9828438,0.002389695
1551.1935604694281,1551.1935604694281,0.9818492,0.002388557
1551.1949493649643,1551.1949493649643,0.98208034,0.0023914068
1551.1963382607325,1551.1963382607325,0.9812813,0.0023881989
1551.1977271562687,1551.1977271562687,0.9863448,0.0023917237
1551.1991160520383,1551.1991160520383,0.9887902,0.0023937677
1551.2005049478073,1551.2005049478073,0.98301315,0.002396732
1551.2018938433428,1551.2018938433428,0.9851445,0.0023996746
1551.2032827391117,1551.2032827391117,0.9857785,0.0023944983
1551.2046716348807,1551.2046716348807,0.98513746,0.002388785
1551.206060530416,1551.206060530416,0.98494536,0.0023894631
1551.207449426185,1551.207449426185,0.98571503,0.002388764
1551.2088383217217,1551.2088383217217,0.9887728,0.0023895884
1551.2102272174907,1551.2102272174907,0.9884221,0.002395808
1551.2116161130261,1551.2116161130261,0.9885083,0.0023897544
1551.2130050087944,1551.2130050087944,0.98475015,0.0023871
1551.2143939043306,1551.2143939043306,0.98775846,0.0023902697
1551.2157828001002,1551.2157828001002,0.98512083,0.002390636
1551.2171716956364,1551.2171716956364,0.9843134,0.0023899672
1551.2185605914053,1551.2185605914053,0.98682344,0.0023892128
1551.2199494869412,1551.2199494869412,0.98773974,0.0023893125
1551.2213383827095,1551.2213383827095,0.9864986,0.0023925279
1551.222727278245,1551.222727278245,0.98475516,0.0023898366
1551.224116174014,1551.224116174014,0.9859775,0.0023931654
1551.2255050695508,1551.2255050695508,0.9867621,0.0023909004
1551.2268939653197,1551.2268939653197,0.9866792,0.0023905695
1551.2282828608552,1551.2282828608552,0.98785347,0.002396029
1551.2296717566242,1551.2296717566242,0.9854192,0.002391315
1551.2310606521603,1551.2310606521603,0.98462355,0.0023942266
1551.2324495476958,1551.2324495476958,0.9839729,0.0023907407
1551.2338384434645,1551.2338384434645,0.9871298,0.0023913486
1551.2352273390013,1551.2352273390013,0.9853071,0.0023883225
1551.2366162347703,1551.2366162347703,0.9835705,0.0023921428
1551.2380051303057,1551.2380051303057,0.98580647,0.0023901386
1551.2393940258419,1551.2393940258419,0.9854799,0.0023925835
1551.2407829216108,1551.2407829216108,0.98981935,0.0023961568
1551.2421718171463,1551.2421718171463,0.9847105,0.0023927318
1551.2435607126824,1551.2435607126824,0.9839038,0.0023901616
1551.244949608452,1551.244949608452,0.9856604,0.0023963102
1551.2463385039882,1551.2463385039882,0.98565716,0.0023901782
1551.2477273995235,1551.2477273995235,0.9847687,0.0023933467
1551.2491162950596,1551.2491162950596,0.9881902,0.0023935342
1551.2505051908286,1551.2505051908286,0.9909936,0.002391239
1551.251894086364,1551.251894086364,0.98999244,0.0023935437
1551.2532829819002,1551.2532829819002,0.9878726,0.0023915402
1551.254671877437,1551.254671877437,0.98869413,0.002393547
1551.256060773206,1551.256060773206,0.9845704,0.002391424
1551.2574496687414,1551.2574496687414,0.987444,0.0023936098
1551.2588385642775,1551.2588385642775,0.9896102,0.0023955947
1551.2602274598137,1551.2602274598137,0.9919606,0.0023951007
1551.261616355582,1551.261616355582,0.98996073,0.0023942168
1551.2630052511179,1551.2630052511179,0.9835091,0.002388836
1551.2643941466547,1551.2643941466547,0.9883451,0.002391817
1551.2657830421908,1551.2657830421908,0.98673177,0.0023930934
1551.2671719377263,1551.2671719377263,0.9858287,0.0023920494
1551.2685608332617,1551.2685608332617,0.9932197,0.0024007666
1551.2699497287979,1551.2699497287979,0.99012923,0.0023937565
1551.2713386245669,1551.2713386245669,0.9895751,0.0023910059
1551.272727520103,1551.272727520103,0.9895809,0.0023968194
1551.2741164156398,1551.2741164156398,0.9913659,0.002393454
1551.275505311176,1551.275505311176,0.99161154,0.0023956061
1551.2768942067112,1551.2768942067112,0.98809654,0.002392942
1551.2782831022466,1551.2782831022466,0.988003,0.0023917647
1551.2796719977828,1551.2796719977828,0.99055195,0.0024036407
1551.281060893319,1551.281060893319,0.98946166,0.002392182
1551.282449788855,1551.282449788855,0.99352753,0.0023943812
1551.2838386843912,1551.2838386843912,0.99031305,0.002392541
1551.2852275799273,1551.2852275799273,0.9915816,0.0023927684
1551.2866164754635,1551.2866164754635,0.988431,0.0023908117
1551.288005370999,1551.288005370999,0.99096686,0.0023961782
1551.289394266535,1551.289394266535,0.99205637,0.0023935356
1551.2907831620719,1551.2907831620719,0.9911657,0.0023923712
1551.292172057608,1551.292172057608,0.9939228,0.002396785
1551.2935609531432,1551.2935609531432,0.9915646,0.0023935775
1551.2949498486794,1551.2949498486794,0.9933134,0.0023984802
1551.2963387442155,1551.2963387442155,0.99323887,0.0023932068
1551.297727639751,1551.297727639751,0.9890441,0.0024049117
1551.2991165352864,1551.2991165352864,0.9901491,0.0023925216
1551.3005054308233,1551.3005054308233,0.9902813,0.0024010162
1551.30189432636,1551.30189432636,0.99222744,0.0023937062
1551.3032832218955,1551.3032832218955,0.9883491,0.0023926771
1551.3046721174317,1551.3046721174317,0.99158436,0.0023957791
1551.3060610127347,1551.3060610127347,0.9933429,0.002405345
1551.3074499082702,1551.3074499082702,0.9955669,0.0023976362
1551.3088388038057,1551.3088388038057,0.99032295,0.002393543
1551.3102276993425,1551.3102276993425,0.98907787,0.0023919835
1551.3116165948793,1551.3116165948793,0.9902858,0.002399301
1551.3130054904148,1551.3130054904148,0.99591947,0.0023955617
1551.3143943859502,1551.3143943859502,0.9930696,0.002396307
1551.3157832812535,1551.3157832812535,0.99249154,0.0023960394
1551.3171721767897,1551.3171721767897,0.99347097,0.00239491
1551.318561072325,1551.318561072325,0.9878694,0.0023937384
1551.319949967862,1551.319949967862,0.99391115,0.0023980315
1551.321338863166,1551.321338863166,0.994619,0.0023927395
1551.3227277587011,1551.3227277587011,0.9931436,0.002395956
1551.3241166542366,1551.3241166542366,0.9918902,0.0023952485
1551.3255055497727,1551.3255055497727,0.99436253,0.0023977975
1551.326894445076,1551.326894445076,0.99261105,0.0023992313
1551.3282833406122,1551.3282833406122,0.9935015,0.0024052998
1551.3296722361483,1551.3296722361483,0.9954725,0.0023940266
1551.3310611316845,1551.3310611316845,0.9931899,0.002396727
1551.3324500269878,1551.3324500269878,0.9905424,0.0023926182
1551.3338389225232,1551.3338389225232,0.9937975,0.002395001
1551.3352278180594,1551.3352278180594,0.9941076,0.0023937714
1551.3366167133624,1551.3366167133624,0.9941744,0.0024044977
1551.3380056088986,1551.3380056088986,0.99159044,0.0023950129
1551.3393945044347,1551.3393945044347,0.9929292,0.00240121
1551.340783399738,1551.340783399738,0.99252945,0.0023966935
1551.3421722952742,1551.3421722952742,0.993765,0.0023972946
1551.3435611905768,1551.3435611905768,0.99179834,0.0023986239
1551.344950086113,1551.344950086113,0.9948316,0.0023949377
1551.346338981649,1551.346338981649,0.9941121,0.0023930818
1551.3477278769524,1551.3477278769524,0.9956925,0.0023962779
1551.3491167724885,1551.3491167724885,0.997526,0.0023956997
1551.3505056677916,1551.3505056677916,0.99534065,0.0023949996
1551.3518945633277,1551.3518945633277,0.9948575,0.0023938098
1551.3532834586304,1551.3532834586304,0.9962403,0.0023942648
1551.3546723541658,1551.3546723541658,0.9965896,0.0023956841
1551.3560612494691,1551.3560612494691,0.99899787,0.0023951307
1551.357450145006,1551.357450145006,0.99682015,0.002396019
1551.3588390403092,1551.3588390403092,0.9961933,0.002395583
1551.3602279358454,1551.3602279358454,1.0002668,0.002401974
1551.3616168311487,1551.3616168311487,0.99980175,0.0023979836
1551.3630057266842,1551.3630057266842,0.9959051,0.0023996923
1551.3643946219865,1551.3643946219865,0.9977654,0.0023946164
1551.3657835175234,1551.3657835175234,0.9974625,0.002405804
1551.3671724128274,1551.3671724128274,0.9957459,0.0023978064
1551.3685613083628,1551.3685613083628,0.99215037,0.0023977247
1551.3699502036654,1551.3699502036654,0.99343866,0.0023929654
1551.3713390989687,1551.3713390989687,0.9940473,0.002396535
1551.3727279945049,1551.3727279945049,0.99519086,0.0023990558
1551.3741168898075,1551.3741168898075,0.99729925,0.0023990886
1551.3755057853443,1551.3755057853443,0.9966456,0.0023966008
1551.3768946806483,1551.3768946806483,0.9998771,0.0024000737
1551.378283575951,1551.378283575951,0.99928313,0.002402184
1551.3796724714864,1551.3796724714864,0.9999545,0.0023952737
1551.3810613667895,1551.3810613667895,0.9968438,0.0023959575
1551.3824502620928,1551.3824502620928,0.9994695,0.0023970078
1551.3838391576282,1551.3838391576282,0.99766254,0.002397169
1551.3852280529316,1551.3852280529316,0.9987195,0.0023965195
1551.3866169482355,1551.3866169482355,0.9986315,0.0024061424
1551.3880058437717,1551.3880058437717,0.99920964,0.0023990357
1551.3893947390743,1551.3893947390743,0.9980294,0.0023979524
1551.3907836343776,1551.3907836343776,0.99943876,0.0023961677
1551.392172529681,1551.392172529681,0.99685514,0.0023968269
1551.3935614252161,1551.3935614252161,0.9985473,0.002398366
1551.3949503205195,1551.3949503205195,0.9994753,0.0023958946
1551.3963392158234,1551.3963392158234,1.0024229,0.0023965957
1551.3977281111268,1551.3977281111268,1.0026468,0.002406373
1551.3991170066622,1551.3991170066622,0.99954164,0.0023975582
1551.4005059019648,1551.4005059019648,1.002423,0.0024007189
1551.4018947972681,1551.4018947972681,1.001456,0.0023978977
1551.4032836925714,1551.4032836925714,0.9998194,0.002396585
1551.4046725878748,1551.4046725878748,1.0001546,0.0023952473
1551.4060614831787,1551.4060614831787,0.9999445,0.0023981007
1551.4074503787149,1551.4074503787149,1.0047894,0.0024015547
1551.4088392740175,1551.4088392740175,1.0042468,0.0024144128
1551.41022816932,1551.41022816932,0.99797124,0.0023983975
1551.4116170646232,1551.4116170646232,1.0037044,0.0023997466
1551.4130059599272,1551.4130059599272,1.0006219,0.0024003582
1551.4143948552305,1551.4143948552305,0.99856037,0.002396107
1551.4157837505331,1551.4157837505331,1.0022794,0.0023987384
1551.4171726458364,1551.4171726458364,0.9996123,0.0024058581
1551.4185615411398,1551.4185615411398,1.0016817,0.0023977559
1551.4199504366752,1551.4199504366752,1.000227,0.0023954792
1551.4213393319785,1551.4213393319785,0.99899507,0.0023990148
1551.4227282272825,1551.4227282272825,1.0009334,0.0024099122
1551.4241171225856,1551.4241171225856,1.0031834,0.0024046672
1551.4255060178882,1551.4255060178882,1.0004265,0.002398994
1551.4268949131915,1551.4268949131915,1.0001731,0.0024012534
1551.4282838084948,1551.4282838084948,1.0022584,0.0023981815
1551.4296727037975,1551.4296727037975,0.99930525,0.0023990816
1551.4310615991,1551.4310615991,1.0011388,0.0024022541
1551.432450494404,1551.432450494404,1.0014224,0.0023968222
1551.433839389708,1551.433839389708,1.0005066,0.0023989114
1551.4352282850107,1551.4352282850107,1.0020928,0.0023972667
1551.4366171800812,1551.4366171800812,1.0014546,0.0024022567
1551.4380060753845,1551.4380060753845,1.0026792,0.0024004017
1551.4393949706869,1551.4393949706869,1.0020472,0.0023980483
1551.4407838659895,1551.4407838659895,1.0012401,0.002407589
1551.4421727612935,1551.4421727612935,1.0027916,0.0024037391
1551.4435616565975,1551.4435616565975,1.0000831,0.0024037878
1551.4449505519,1551.4449505519,1.0019642,0.0024015037
1551.4463394472027,1551.4463394472027,1.0017424,0.0024009955
1551.447728342506,1551.447728342506,1.0001009,0.0024005275
1551.4491172375765,1551.4491172375765,1.0015858,0.0023989314
1551.450506132879,1551.450506132879,1.0007538,0.0023981954
1551.451895028183,1551.451895028183,1.0037391,0.0024027429
1551.4532839234869,1551.4532839234869,1.0013962,0.0024002395
1551.4546728187895,1551.4546728187895,1.0004548,0.0024055813
1551.4560617140921,1551.4560617140921,1.0043917,0.0024045669
1551.4574506091626,1551.4574506091626,1.004718,0.0023998637
1551.458839504466,1551.458839504466,1.0052667,0.002397856
1551.4602283997692,1551.4602283997692,1.0043236,0.0023999785
1551.4616172950732,1551.4616172950732,1.0051199,0.0023995503
1551.4630061901437,1551.4630061901437,1.004825,0.0024042868
1551.4643950854463,1551.4643950854463,1.0017736,0.0023974134
1551.465783980749,1551.465783980749,1.0015315,0.0024074835
1551.467172876052,1551.467172876052,1.0002164,0.0024034064
1551.4685617711225,1551.4685617711225,0.9992735,0.0023975165
1551.4699506664258,1551.4699506664258,1.0041745,0.0023997873
1551.471339561729,1551.471339561729,1.0061508,0.0023983335
1551.4727284567996,1551.4727284567996,1.0016861,0.0023999335
1551.474117352103,1551.474117352103,1.0036461,0.00240038
1551.4755062474055,1551.4755062474055,1.0032059,0.002407998
1551.476895142476,1551.476895142476,1.0058961,0.0024008371
1551.4782840377793,1551.4782840377793,1.0016823,0.0023980646
1551.4796729330826,1551.4796729330826,1.0047008,0.0024014276
1551.4810618281529,1551.4810618281529,1.0019201,0.0023981214
1551.4824507234562,1551.4824507234562,1.0032262,0.002398691
1551.4838396185266,1551.4838396185266,1.0050268,0.0024019636
1551.4852285138293,1551.4852285138293,1.0029429,0.0024019838
1551.486617409132,1551.486617409132,1.0047687,0.0024028504
1551.4880063042024,1551.4880063042024,1.0051845,0.0024032178
1551.4893951995064,1551.4893951995064,1.0048885,0.0024016253
1551.4907840945768,1551.4907840945768,1.0031742,0.0024027848
1551.4921729898801,1551.4921729898801,1.0079075,0.0024003307
1551.4935618849506,1551.4935618849506,1.0020459,0.0023994134
1551.4949507802532,1551.4949507802532,1.007444,0.0024068493
1551.4963396753228,1551.4963396753228,1.00397,0.002399657
1551.4977285706261,1551.4977285706261,1.0054396,0.0024002653
1551.4991174656973,1551.4991174656973,1.0093815,0.0024028216
1551.5005063610006,1551.5005063610006,1.0037274,0.0024011617
1551.5018952560704,1551.5018952560704,1.0013999,0.0024112565
1551.5032841513737,1551.5032841513737,1.0076141,0.0024047408
1551.5046730464442,1551.5046730464442,1.0041385,0.002398789
1551.506061941514,1551.506061941514,1.0060037,0.00240289
1551.507450836818,1551.507450836818,1.005615,0.0024000425
1551.508839731889,1551.508839731889,1.0072523,0.0024008662
1551.5102286271915,1551.5102286271915,1.0037727,0.0024008087
1551.5116175222613,1551.5116175222613,1.0041326,0.0024045731
1551.5130064175646,1551.5130064175646,1.0064718,0.0024006239
1551.514395312635,1551.514395312635,1.0070716,0.0023989303
1551.5157842077049,1551.5157842077049,1.0053391,0.002400102
1551.5171731030082,1551.5171731030082,1.0080355,0.0024020527
1551.5185619980793,1551.5185619980793,1.0006739,0.0023994453
1551.5199508931498,1551.5199508931498,1.0070919,0.0023998818
1551.5213397884525,1551.5213397884525,1.0060933,0.0024057755
1551.522728683523,1551.522728683523,1.0074935,0.0024019713
1551.5241175785934,1551.5241175785934,1.0077739,0.0024070977
1551.525506473663,1551.525506473663,1.0063097,0.002399886
1551.5268953689663,1551.5268953689663,1.0033977,0.0024010616
1551.5282842640374,1551.5282842640374,1.0098225,0.0024021384
1551.529673159108,1551.529673159108,1.0054034,0.0024032427
1551.5310620544105,1551.5310620544105,1.0088279,0.0024047275
1551.5324509494803,1551.5324509494803,1.0109452,0.0024037543
1551.5338398445508,1551.5338398445508,1.0074512,0.0024006234
1551.5352287396213,1551.5352287396213,1.007477,0.0024017654
1551.5366176346918,1551.5366176346918,1.0065265,0.0024009575
1551.5380065299958,1551.5380065299958,1.0055673,0.002399913
1551.539395425066,1551.539395425066,1.0102544,0.002406205
1551.5407843201358,1551.5407843201358,1.007712,0.002401905
1551.5421732152056,1551.5421732152056,1.0114125,0.002404111
1551.543562110276,1551.543562110276,1.0047661,0.0024023408
1551.5449510053465,1551.5449510053465,1.0090384,0.0024008919
1551.5463399006499,1551.5463399006499,1.0108141,0.0024020348
1551.5477287957203,1551.5477287957203,1.0110363,0.0024047298
1551.5491176907908,1551.5491176907908,1.0100155,0.0024032688
1551.5505065858613,1551.5505065858613,1.0070561,0.002400826
1551.551895480931,1551.551895480931,1.0081547,0.0024022977
1551.5532843760013,1551.5532843760013,1.0103203,0.0024045454
1551.5546732710718,1551.5546732710718,1.0117334,0.002405593
1551.5560621661423,1551.5560621661423,1.0141302,0.0024053755
1551.5574510612128,1551.5574510612128,1.01195,0.0024035727
1551.5588399562832,1551.5588399562832,1.0091558,0.0024022192
1551.5602288513537,1551.5602288513537,1.0087293,0.0024024602
1551.5616177464235,1551.5616177464235,1.0071976,0.0024164356
1551.5630066414933,1551.5630066414933,1.0100923,0.0024008672
1551.5643955365645,1551.5643955365645,1.0094839,0.0024053622
1551.5657844316356,1551.5657844316356,1.0091352,0.002400958
1551.5671733267052,1551.5671733267052,1.0069423,0.0024020553
1551.5685622217757,1551.5685622217757,1.0101434,0.0024164629
1551.5699511168461,1551.5699511168461,1.0094928,0.0024056751
1551.571340011916,1551.571340011916,1.0063338,0.0024004423
1551.5727289069857,1551.5727289069857,1.0126168,0.0024042116
1551.574117802057,1551.574117802057,1.0097175,0.0024031524
1551.575506697128,1551.575506697128,1.0124505,0.0024010863
1551.5768955921978,1551.5768955921978,1.008718,0.00240073
1551.5782844872683,1551.5782844872683,1.0080627,0.002409174
1551.5796733823388,1551.5796733823388,1.0086974,0.002402714
1551.5810622774086,1551.5810622774086,1.0104345,0.0024038441
1551.5824511724784,1551.5824511724784,1.0118215,0.002406285
1551.5838400673165,1551.5838400673165,1.0097018,0.002402946
1551.5852289623876,1551.5852289623876,1.0086584,0.0024043242
1551.5866178574574,1551.5866178574574,1.0096071,0.002404114
1551.5880067525272,1551.5880067525272,1.0108788,0.0024053007
1551.5893956475977,1551.5893956475977,1.0116705,0.0024049222
1551.5907845426682,1551.5907845426682,1.0099291,0.0024023221
1551.5921734375052,1551.5921734375052,1.011655,0.002408983
1551.5935623325763,1551.5935623325763,1.0090883,0.0024043336
1551.5949512276475,1551.5949512276475,1.0121814,0.002403325
1551.596340122717,1551.596340122717,1.0098671,0.0024055685
1551.5977290177868,1551.5977290177868,1.0118406,0.0024025957
1551.5991179126245,1551.5991179126245,1.0102465,0.0024027093
1551.600506807695,1551.600506807695,1.0111448,0.0024065862
1551.6018957027648,1551.6018957027648,1.0083054,0.0024044234
1551.6032845976024,1551.6032845976024,1.0115718,0.002404603
1551.6046734926736,1551.6046734926736,1.0098319,0.0024037154
1551.606062387744,1551.606062387744,1.0093501,0.002402657
1551.6074512828138,1551.6074512828138,1.0093997,0.0024039692
1551.6088401776515,1551.6088401776515,1.0098435,0.0024105413
1551.610229072722,1551.610229072722,1.0084672,0.0024026274
1551.6116179677917,1551.6116179677917,1.0114241,0.0024032055
1551.6130068626292,1551.6130068626292,1.0100567,0.0024029273
1551.6143957577003,1551.6143957577003,1.0099626,0.0024035112
1551.615784652538,1551.615784652538,1.0093431,0.0024042095
1551.6171735476078,1551.6171735476078,1.0129608,0.0024050314
1551.6185624426776,1551.6185624426776,1.0100629,0.0024028765
1551.6199513375152,1551.6199513375152,1.0106729,0.0024053575
1551.6213402325864,1551.6213402325864,1.0115151,0.0024070712
1551.622729127424,1551.622729127424,1.0122664,0.0024043329
1551.6241180224945,1551.6241180224945,1.0071124,0.002400123
1551.6255069175647,1551.6255069175647,1.013777,0.002406457
1551.6268958124017,1551.6268958124017,1.0107605,0.002405159
1551.6282847074715,1551.6282847074715,1.0069705,0.0024116165
1551.6296736023091,1551.6296736023091,1.0098832,0.0024024898
1551.6310624973803,1551.6310624973803,1.0071336,0.0024071445
1551.632451392218,1551.632451392218,1.0082376,0.0024024998
1551.6338402872877,1551.6338402872877,1.0105226,0.0024039745
1551.6352291821254,1551.6352291821254,1.0162743,0.0024044174
1551.6366180771959,1551.6366180771959,1.0119019,0.0024019778
1551.6380069720328,1551.6380069720328,1.0119532,0.002406075
1551.6393958668705,1551.6393958668705,1.0122907,0.0024052782
1551.6407847619414,1551.6407847619414,1.0089322,0.0024041287
1551.642173656779,1551.642173656779,1.012688,0.0024030996
1551.6435625518488,1551.6435625518488,1.0097277,0.0024049254
1551.6449514466865,1551.6449514466865,1.0132546,0.0024081527
1551.646340341757,1551.646340341757,1.0136158,0.0024044144
1551.647729236594,1551.647729236594,1.014576,0.002406455
1551.649118131431,1551.649118131431,1.0146163,0.0024054006
1551.650507026502,1551.650507026502,1.01101,0.0024045731
1551.6518959213404,1551.6518959213404,1.0135295,0.0024042232
1551.6532848161773,1551.6532848161773,1.0166262,0.0024071601
1551.6546737112478,1551.6546737112478,1.011241,0.0024040923
1551.6560626060852,1551.6560626060852,1.0114772,0.002409195
1551.6574515009222,1551.6574515009222,1.01427,0.0024057792
1551.658840395992,1551.658840395992,1.013797,0.0024091823
1551.6602292908303,1551.6602292908303,1.0149148,0.0024063115
1551.6616181856687,1551.6616181856687,1.0102472,0.002405324
1551.6630070807385,1551.6630070807385,1.0115997,0.002410856
1551.6643959755754,1551.6643959755754,1.0112463,0.0024173986
1551.665784870413,1551.665784870413,1.0142995,0.002404547
1551.6671737652507,1551.6671737652507,1.0099493,0.0024065762
1551.6685626603205,1551.6685626603205,1.0134075,0.0024076668
1551.6699515551586,1551.6699515551586,1.0119921,0.0024041955
1551.671340449997,1551.671340449997,1.0087196,0.0024021834
1551.672729344834,1551.672729344834,1.0175292,0.0024074267
1551.6741182396709,1551.6741182396709,1.0144515,0.0024059564
1551.6755071347413,1551.6755071347413,1.0096529,0.0024036514
1551.676896029579,1551.676896029579,1.0154858,0.002407015
1551.678284924416,1551.678284924416,1.0154997,0.002404893
1551.6796738192536,1551.6796738192536,1.0110956,0.0024041368
1551.681062714092,1551.681062714092,1.0134689,0.0024073792
1551.6824516089296,1551.6824516089296,1.011098,0.0024046043
1551.6838405037663,1551.6838405037663,1.013782,0.0024057236
1551.685229398604,1551.685229398604,1.0111333,0.0024078996
1551.6866182936744,1551.6866182936744,1.0153337,0.0024057287
1551.688007188512,1551.688007188512,1.0143024,0.0024063676
1551.6893960833497,1551.6893960833497,1.0152687,0.0024064858
1551.6907849781874,1551.6907849781874,1.0108131,0.0024129052
1551.692173873025,1551.692173873025,1.0102929,0.0024034607
1551.693562767862,1551.693562767862,1.0122869,0.0024036781
1551.6949516626996,1551.6949516626996,1.0105064,0.0024036851
1551.6963405575373,1551.6963405575373,1.0154719,0.0024076984
1551.697729452375,1551.697729452375,1.0127809,0.002411073
1551.6991183472126,1551.6991183472126,1.0143274,0.0024064858
1551.70050724205,1551.70050724205,1.0107154,0.0024060372
1551.7018961368876,1551.7018961368876,1.0122815,0.002404397
1551.7032850317246,1551.7032850317246,1.01365,0.0024045492
1551.7046739265616,1551.7046739265616,1.0150115,0.0024088344
1551.7060628213992,1551.7060628213992,1.013109,0.0024048386
1551.7074517162375,1551.7074517162375,1.010784,0.0024028774
1551.7088406110752,1551.7088406110752,1.0122789,0.002402143
1551.7102295059128,1551.7102295059128,1.0138323,0.0024133718
1551.7116184007505,1551.7116184007505,1.012866,0.00241119
1551.7130072953544,1551.7130072953544,1.0145198,0.0024042742
1551.7143961901913,1551.7143961901913,1.0149738,0.0024042309
1551.715785085029,1551.715785085029,1.0148562,0.0024051121
1551.7171739798673,1551.7171739798673,1.0105164,0.002404778
1551.718562874705,1551.718562874705,1.0146322,0.0024064255
1551.719951769542,1551.719951769542,1.0132569,0.0024096195
1551.7213406643796,1551.7213406643796,1.012868,0.00240657
1551.7227295589844,1551.7227295589844,1.0132053,0.002405166
1551.7241184538213,1551.7241184538213,1.0121007,0.0024074616
1551.725507348659,1551.725507348659,1.0157968,0.0024167679
1551.7268962434973,1551.7268962434973,1.0143801,0.0024064137
1551.728285138335,1551.728285138335,1.0133426,0.0024050926
1551.7296740329389,1551.7296740329389,1.0157969,0.002406848
1551.7310629277765,1551.7310629277765,1.0131701,0.002404376
1551.7324518226142,1551.7324518226142,1.0137026,0.0024094102
1551.7338407174511,1551.7338407174511,1.01125,0.0024050667
1551.7352296120553,1551.7352296120553,1.0140295,0.0024058926
1551.7366185068936,1551.7366185068936,1.0132045,0.0024069138
1551.738007401732,1551.738007401732,1.014455,0.002405734
1551.7393962965689,1551.7393962965689,1.0135572,0.0024061096
1551.7407851911737,1551.7407851911737,1.0113317,0.0024064593
1551.7421740860111,1551.7421740860111,1.0133466,0.0024091976
1551.743562980848,1551.743562980848,1.011894,0.002411215
1551.7449518754522,1551.7449518754522,1.0093226,0.002403872
1551.7463407702905,1551.7463407702905,1.0167909,0.0024077427
1551.747729664896,1551.747729664896,1.0125506,0.0024080505
1551.749118559733,1551.749118559733,1.01341,0.0024060258
1551.75050745457,1551.75050745457,1.0130063,0.0024132554
1551.7518963491748,1551.7518963491748,1.0151074,0.0024151497
1551.7532852440124,1551.7532852440124,1.0132694,0.0024051166
1551.75467413885,1551.75467413885,1.0087843,0.002404529
1551.7560630334556,1551.7560630334556,1.0128086,0.002406955
1551.7574519282932,1551.7574519282932,1.0088272,0.0024033836
1551.7588408228971,1551.7588408228971,1.0123316,0.0024238066
1551.760229717734,1551.760229717734,1.0142676,0.0024072567
1551.761618612339,1551.761618612339,1.0137314,0.002415205
1551.7630075071766,1551.7630075071766,1.0129611,0.0024056246
1551.7643964017814,1551.7643964017814,1.0119814,0.0024046309
1551.765785296619,1551.765785296619,1.0152677,0.0024050823
1551.7671741912238,1551.7671741912238,1.012172,0.0024105504
1551.7685630860615,1551.7685630860615,1.013871,0.0024039692
1551.7699519806654,1551.7699519806654,1.0118653,0.0024054856
1551.771340875503,1551.771340875503,1.0142584,0.0024044437
1551.7727297701078,1551.7727297701078,1.0121753,0.0024161472
1551.7741186649455,1551.7741186649455,1.010392,0.0024031254
1551.7755075595503,1551.7755075595503,1.0131147,0.0024075706
1551.7768964541551,1551.7768964541551,1.0116837,0.0024054549
1551.7782853489928,1551.7782853489928,1.011441,0.0024081906
1551.779674243597,1551.779674243597,1.0134604,0.0024043205
1551.7810631384339,1551.7810631384339,1.0116801,0.0024116223
1551.7824520330387,1551.7824520330387,1.0071994,0.0024022681
1551.7838409276442,1551.7838409276442,1.0113089,0.0024056183
1551.7852298224818,1551.7852298224818,1.0129411,0.0024046744
1551.7866187170864,1551.7866187170864,1.0099891,0.0024091408
1551.7880076116912,1551.7880076116912,1.0086259,0.0024023908
1551.7893965065282,1551.7893965065282,1.0158856,0.0024049405
1551.7907854011323,1551.7907854011323,1.0104165,0.0024055098
1551.7921742957371,1551.7921742957371,1.0105046,0.0024049545
1551.7935631905755,1551.7935631905755,1.0119861,0.0024131879
1551.7949520851803,1551.7949520851803,1.0091281,0.0024026467
1551.796340979785,1551.796340979785,1.0120792,0.002403715
1551.79772987439,1551.79772987439,1.006401,0.0024019668
1551.7991187692267,1551.7991187692267,1.0122106,0.0024135646
1551.8005076638308,1551.8005076638308,1.0125998,0.0024162165
1551.8018965584356,1551.8018965584356,1.0093492,0.0024040535
1551.803285453041,1551.803285453041,1.0134996,0.0024073017
1551.804674347646,1551.804674347646,1.0125697,0.0024049291
1551.8060632424829,1551.8060632424829,1.0091548,0.002405792
1551.8074521370877,1551.8074521370877,1.011331,0.0024063464
1551.8088410316925,1551.8088410316925,1.013457,0.0024054486
1551.8102299262966,1551.8102299262966,1.0099944,0.0024047934
1551.8116188209015,1551.8116188209015,1.0117824,0.0024035966
1551.813007715507,1551.813007715507,1.0081273,0.0024012243
1551.8143966103446,1551.8143966103446,1.0113487,0.002406248
1551.8157855049485,1551.8157855049485,1.0098636,0.0024018798
1551.8171743995533,1551.8171743995533,1.0122526,0.0024038923
1551.8185632941581,1551.8185632941581,1.0104251,0.0024139425
1551.8199521887623,1551.8199521887623,1.0111527,0.0024030348
1551.8213410833664,1551.8213410833664,1.0086224,0.002402232
1551.822729977972,1551.822729977972,1.0080913,0.0024059156
1551.8241188725774,1551.8241188725774,1.0117512,0.0024051648
1551.8255077671815,1551.8255077671815,1.0091048,0.002402615
1551.8268966617863,1551.8268966617863,1.0119896,0.0024039934
1551.828285556391,1551.828285556391,1.0080383,0.0024042807
1551.829674450995,1551.829674450995,1.0104524,0.0024023375
1551.8310633455992,1551.8310633455992,1.0133615,0.0024074917
1551.8324522402047,1551.8324522402047,1.0089841,0.0024028504
1551.8338411348102,1551.8338411348102,1.0110877,0.002406284
1551.8352300294143,1551.8352300294143,1.0113962,0.0024044947
1551.8366189240185,1551.8366189240185,1.008567,0.0024059243
1551.8380078186233,1551.8380078186233,1.01017,0.0024042274
1551.839396713228,1551.839396713228,1.0078473,0.0024027892
1551.840785607833,1551.840785607833,1.011482,0.0024103029
1551.8421745024384,1551.8421745024384,1.0079186,0.0024021089
1551.8435633970432,1551.8435633970432,1.0079284,0.0024043191
1551.8449522916471,1551.8449522916471,1.0093396,0.0024021391
1551.8463411862513,1551.8463411862513,1.0108943,0.0024040807
1551.847730080856,1551.847730080856,1.0095009,0.0024059496
1551.849118975228,1551.849118975228,1.010121,0.002402253
1551.8505078698329,1551.8505078698329,1.0099568,0.002403173
1551.8518967644377,1551.8518967644377,1.0111933,0.0024065697
1551.8532856590425,1551.8532856590425,1.0097268,0.002403575
1551.8546745536473,1551.8546745536473,1.0099648,0.0024025892
1551.8560634482515,1551.8560634482515,1.006006,0.002403852
1551.8574523426234,1551.8574523426234,1.0082557,0.0024111925
1551.858841237228,1551.858841237228,1.0091004,0.0024044777
1551.8602301318329,1551.8602301318329,1.0061941,0.0024004104
1551.8616190264377,1551.8616190264377,1.0099297,0.0024045198
1551.8630079208097,1551.8630079208097,1.0097662,0.002406124
1551.8643968154145,1551.8643968154145,1.0074364,0.0024035336
1551.8657857100186,1551.8657857100186,1.006721,0.0024103331
1551.8671746046227,1551.8671746046227,1.010919,0.0024045312
1551.8685634989947,1551.8685634989947,1.0101041,0.002402293
1551.8699523936002,1551.8699523936002,1.0195258,0.0024064777
1551.871341288205,1551.871341288205,1.014156,0.002402968
1551.8727301825768,1551.8727301825768,1.0123591,0.002403883
1551.8741190771816,1551.8741190771816,1.0142356,0.0024090833
1551.8755079717857,1551.8755079717857,1.008279,0.0024054905
1551.876896866157,1551.876896866157,1.0107468,0.0024017394
1551.8782857607619,1551.8782857607619,1.0114417,0.0024046784
1551.8796746553674,1551.8796746553674,1.0086851,0.0024017484
1551.8810635497393,1551.8810635497393,1.0101674,0.0024020693
1551.8824524443435,1551.8824524443435,1.0095192,0.0024019948
1551.8838413389483,1551.8838413389483,1.0097809,0.0024038698
1551.8852302333203,1551.8852302333203,1.0087845,0.0024066395
1551.8866191279242,1551.8866191279242,1.0119535,0.002405041
1551.8880080222962,1551.8880080222962,1.0109974,0.0024054057
1551.8893969169017,1551.8893969169017,1.0120766,0.0024052327
1551.8907858112736,1551.8907858112736,1.0113599,0.0024038653
1551.8921747058778,1551.8921747058778,1.0086873,0.0024090682
1551.8935636002498,1551.8935636002498,1.0106646,0.0024043308
1551.8949524948546,1551.8949524948546,1.012162,0.0024054486
1551.8963413892259,1551.8963413892259,1.0076114,0.0024048034
1551.89773028383,1551.89773028383,1.0085571,0.0024036728
1551.8991191782027,1551.8991191782027,1.0100168,0.0024027282
1551.9005080728082,1551.9005080728082,1.0060781,0.0024002101
1551.9018969671793,1551.9018969671793,1.0060538,0.0024024239
1551.903285861784,1551.903285861784,1.0063337,0.002402111
1551.904674756156,1551.904674756156,1.0086132,0.0024112856
1551.9060636507602,1551.9060636507602,1.0070302,0.002400568
1551.9074525451315,1551.9074525451315,1.0066097,0.0024009477
1551.9088414395042,1551.9088414395042,1.0071354,0.0024061871
1551.9102303341097,1551.9102303341097,1.0045294,0.002401186
1551.911619228481,1551.911619228481,1.0089134,0.002402535
1551.9130081230858,1551.9130081230858,1.0065339,0.0024028015
1551.9143970174578,1551.9143970174578,1.0084963,0.0024037475
1551.9157859118288,1551.9157859118288,1.0054151,0.0024014926
1551.917174806433,1551.917174806433,1.0064892,0.002401026
1551.9185637008056,1551.9185637008056,1.0095177,0.002411301
1551.9199525951783,1551.9199525951783,1.0032564,0.0024006853
1551.9213414897824,1551.9213414897824,1.006934,0.0024031638
1551.9227303841537,1551.9227303841537,1.0022773,0.0024007447
1551.9241192785257,1551.9241192785257,1.0071975,0.0024076654
1551.9255081728977,1551.9255081728977,1.0068344,0.0023993049
1551.9268970675018,1551.9268970675018,1.005391,0.0024025275
1551.9282859618745,1551.9282859618745,1.0066425,0.0024031603
1551.9296748562472,1551.9296748562472,1.0065154,0.0024015596
1551.9310637506183,1551.9310637506183,1.0058317,0.0024014006
1551.9324526452224,1551.9324526452224,1.0115223,0.002401932
1551.9338415395944,1551.9338415395944,1.0054584,0.0024022441
1551.9352304339664,1551.9352304339664,1.0020909,0.0023997035
1551.9366193283377,1551.9366193283377,1.0047889,0.0024007063
1551.9380082227096,1551.9380082227096,1.0046697,0.0024013855
1551.9393971173151,1551.9393971173151,1.0042263,0.0024133222
1551.9407860116871,1551.9407860116871,1.0040481,0.0024005685
1551.9421749060584,1551.9421749060584,1.0052788,0.00240408
1551.9435638004304,1551.9435638004304,1.0040034,0.0024031412
1551.9449526948022,1551.9449526948022,1.0049075,0.00240016
1551.9463415891742,1551.9463415891742,1.0023813,0.002399717
1551.9477304835461,1551.9477304835461,1.0035424,0.0023979722
1551.9491193779181,1551.9491193779181,1.0006292,0.0024000325
1551.95050827229,1551.95050827229,1.0038226,0.0024065976
1551.9518971668942,1551.9518971668942,1.0021105,0.0023968844
1551.9532860612655,1551.9532860612655,1.0028832,0.0024040376
1551.9546749556375,1551.9546749556375,1.0046802,0.0023974425
1551.9560638500102,1551.9560638500102,1.0066763,0.002401066
1551.9574527443822,1551.9574527443822,0.99931294,0.0024022178
1551.958841638754,1551.958841638754,1.0011486,0.002403146
1551.960230533126,1551.960230533126,0.99995184,0.0024009766
1551.9616194274972,1551.9616194274972,1.0043268,0.0024002197
1551.9630083218685,1551.9630083218685,1.0024012,0.0024054341
1551.9643972162405,1551.9643972162405,1.00242,0.0024016504
1551.9657861106132,1551.9657861106132,1.004103,0.002401223
1551.9671750049852,1551.9671750049852,1.0011513,0.0023994248
1551.9685638993565,1551.9685638993565,1.0026006,0.002399465
1551.9699527934956,1551.9699527934956,1.0054984,0.0024001622
1551.9713416878676,1551.9713416878676,1.0026721,0.0024041778
1551.9727305822387,1551.9727305822387,1.0062208,0.002403361
1551.9741194766107,1551.9741194766107,1.0031115,0.0023989028
1551.9755083709833,1551.9755083709833,0.99927276,0.002398912
1551.9768972653553,1551.9768972653553,1.0041004,0.002401972
1551.9782861597266,1551.9782861597266,1.0011628,0.0023989861
1551.9796750540986,1551.9796750540986,1.00248,0.002400663
1551.9810639482378,1551.9810639482378,1.0029242,0.0023997042
1551.982452842609,1551.982452842609,1.0021724,0.0023993615
1551.9838417369804,1551.9838417369804,1.0026547,0.002400067
1551.985230631353,1551.985230631353,1.000028,0.0023980734
1551.9866195257257,1551.9866195257257,1.0004501,0.0023961542
1551.988008420097,1551.988008420097,0.99751,0.0023972762
1551.989397314236,1551.989397314236,1.0016515,0.0023975114
1551.990786208608,1551.990786208608,0.9986971,0.0024020937
1551.9921751029792,1551.9921751029792,0.9982696,0.0024001608
1551.9935639973505,1551.9935639973505,0.9991698,0.0023982732
1551.9949528914904,1551.9949528914904,1.0004091,0.002394377
1551.996341785863,1551.996341785863,1.0021769,0.002399666
1551.9977306802343,1551.9977306802343,0.99990785,0.0023976392
1551.9991195743728,1551.9991195743728,1.0002745,0.0023972595
1552.0005084687448,1552.0005084687448,1.002689,0.002397768
1552.0018973631165,1552.0018973631165,1.0009159,0.002397463
1552.003286257255,1552.003286257255,1.0017078,0.0023986406
1552.0046751516277,1552.0046751516277,0.9985449,0.002398232
1552.0060640460003,1552.0060640460003,1.0015771,0.002401696
1552.0074529401388,1552.0074529401388,0.99955654,0.0023976727
1552.0088418345101,1552.0088418345101,1.0002944,0.0023969566
1552.010230728882,1552.010230728882,1.0011934,0.0023977219
1552.0116196230213,1552.0116196230213,0.9983782,0.0023977219
1552.0130085173926,1552.0130085173926,0.9968861,0.002396731
1552.0143974115317,1552.0143974115317,0.999882,0.0024003023
1552.0157863059044,1552.0157863059044,0.99917054,0.0023989817
1552.0171752002764,1552.0171752002764,0.9952811,0.0024010974
1552.0185640944146,1552.0185640944146,0.99689096,0.0023979365
1552.0199529887866,1552.0199529887866,0.9998105,0.0023989216
1552.0213418829258,1552.0213418829258,1.001773,0.0023998013
1552.022730777297,1552.022730777297,0.9961364,0.0023944362
1552.0241196714362,1552.0241196714362,0.99704856,0.0024050702
1552.0255085658089,1552.0255085658089,0.9975516,0.0023982634
1552.026897459948,1552.026897459948,0.9972957,0.0024037622
1552.0282863543193,1552.0282863543193,0.9990851,0.0023986537
1552.0296752484585,1552.0296752484585,0.99986124,0.0023994343
1552.0310641425974,1552.0310641425974,0.99477047,0.0023956795
1552.0324530369687,1552.0324530369687,0.99517256,0.0023943419
1552.0338419311079,1552.0338419311079,0.9997751,0.00239788
1552.0352308254805,1552.0352308254805,1.0011826,0.0024001352
1552.0366197196197,1552.0366197196197,0.99959755,0.002399799
1552.038008613991,1552.038008613991,0.9964883,0.0023936576
1552.0393975081295,1552.0393975081295,0.9997173,0.002397693
1552.0407864022686,1552.0407864022686,0.9972772,0.0024008797
1552.0421752966406,1552.0421752966406,0.997165,0.0023953633
1552.0435641907798,1552.0435641907798,0.9959631,0.0023942157
1552.0449530849196,1552.0449530849196,0.99793065,0.002402855
1552.0463419792916,1552.0463419792916,0.99575025,0.0023980252
1552.0477308734298,1552.0477308734298,0.9940275,0.0023941188
1552.0491197675683,1552.0491197675683,0.9948794,0.0023974034
1552.0505086619403,1552.0505086619403,0.9983607,0.0023987165
1552.0518975560794,1552.0518975560794,0.9987879,0.0023956788
1552.0532864502186,1552.0532864502186,0.9948793,0.0024008846
1552.0546753443577,1552.0546753443577,0.9945016,0.002395273
1552.0560642387297,1552.0560642387297,1.0045202,0.0024017347
1552.057453132869,1552.057453132869,0.9959473,0.0023973403
1552.0588420270074,1552.0588420270074,0.997702,0.0023964427
1552.0602309211465,1552.0602309211465,0.99500376,0.002394734
1552.0616198155183,1552.0616198155183,0.99819636,0.0023944946
1552.0630087096574,1552.0630087096574,0.99829966,0.0023999598
1552.0643976037966,1552.0643976037966,0.9957642,0.002392748
1552.0657864979357,1552.0657864979357,0.99618125,0.0024018467
1552.067175392075,1552.067175392075,0.99425864,0.0023943463
1552.0685642862134,1552.0685642862134,0.9957639,0.0023990865
1552.0699531805847,1552.0699531805847,0.9986719,0.0024046863
1552.0713420747238,1552.0713420747238,0.99450046,0.0023927318
1552.0727309688637,1552.0727309688637,0.99696255,0.0023980166
1552.0741198630028,1552.0741198630028,0.9948533,0.002395359
1552.0755087571417,1552.0755087571417,0.99848306,0.0023968464
1552.076897651281,1552.076897651281,0.99514616,0.00239472
1552.0782865454194,1552.0782865454194,0.99316144,0.002393111
1552.0796754395578,1552.0796754395578,0.9940822,0.0023951584
1552.081064333697,1552.081064333697,0.99081767,0.0023958266
1552.0824532278368,1552.0824532278368,0.99392223,0.0023962262
1552.083842121976,1552.083842121976,0.9958332,0.002396097
1552.0852310161144,1552.0852310161144,0.99377537,0.0023974816
1552.0866199102536,1552.0866199102536,0.99368095,0.0023987496
1552.0880088043928,1552.0880088043928,0.99275774,0.0023958413
1552.089397698531,1552.089397698531,0.993812,0.00239343
1552.0907865926702,1552.0907865926702,0.99197936,0.002397597
1552.09217548681,1552.09217548681,0.9945118,0.0023993917
1552.0935643809491,1552.0935643809491,0.9932004,0.0023966723
1552.0949532750876,1552.0949532750876,0.9920366,0.0023945323
1552.0963421692268,1552.0963421692268,0.9931189,0.0023991738
1552.097731063366,1552.097731063366,0.99288017,0.002394571
1552.0991199575044,1552.0991199575044,0.9943988,0.0023961181
1552.1005088516429,1552.1005088516429,0.99045306,0.0023957018
1552.1018977457827,1552.1018977457827,0.9941848,0.002394287
1552.1032866396897,1552.1032866396897,0.9939904,0.0023971777
1552.104675533828,1552.104675533828,0.9884031,0.0024016253
1552.106064427967,1552.106064427967,0.9889863,0.0023933519
1552.1074533221063,1552.1074533221063,0.9929394,0.0023964767
1552.1088422162447,1552.1088422162447,0.9919429,0.0023946008
1552.1102311103832,1552.1102311103832,0.9872144,0.0023905274
1552.1116200042902,1552.1116200042902,0.9905366,0.0023957281
1552.11300889843,1552.11300889843,0.99339044,0.002396444
1552.1143977925685,1552.1143977925685,0.9902305,0.0023940261
1552.115786686707,1552.115786686707,0.9901456,0.002395135
1552.1171755808462,1552.1171755808462,0.99563265,0.0024052397
1552.1185644747522,1552.1185644747522,0.98964137,0.0023927465
1552.1199533688907,1552.1199533688907,0.98915774,0.0023904813
1552.1213422630306,1552.1213422630306,0.9888053,0.0023947612
1552.1227311571704,1552.1227311571704,0.99146336,0.0023973566
1552.124120051076,1552.124120051076,0.9936331,0.0023967559
1552.1255089452145,1552.1255089452145,0.9947447,0.0024035363
1552.1268978393537,1552.1268978393537,0.9936181,0.0023933484
1552.12828673326,1552.12828673326,0.9949992,0.0023984853
1552.1296756273985,1552.1296756273985,0.9921187,0.0023972616
1552.1310645215383,1552.1310645215383,0.9934046,0.0023945544
1552.1324534154453,1552.1324534154453,0.98821455,0.0023918804
1552.1338423095835,1552.1338423095835,0.98959774,0.0023915926
1552.1352312034892,1552.1352312034892,0.99039763,0.0023927928
1552.1366200976283,1552.1366200976283,0.9890474,0.0023957982
1552.1380089917675,1552.1380089917675,0.98975307,0.0023938378
1552.1393978856738,1552.1393978856738,0.989954,0.0023940147
1552.140786779813,1552.140786779813,0.986958,0.0023961365
1552.1421756737193,1552.1421756737193,0.99033636,0.0023995023
1552.1435645678584,1552.1435645678584,0.9900512,0.0023994448
1552.144953461764,1552.144953461764,0.98917454,0.002395357
1552.1463423559032,1552.1463423559032,0.9910559,0.0023956127
1552.1477312500422,1552.1477312500422,0.98989713,0.002393941
1552.1491201439485,1552.1491201439485,0.99071264,0.0023927186
1552.1505090380876,1552.1505090380876,0.9909086,0.0023941018
1552.151897931994,1552.151897931994,0.9893638,0.0023940555
1552.1532868259003,1552.1532868259003,0.9898616,0.0023938501
1552.1546757200388,1552.1546757200388,0.9909421,0.002395542
1552.1560646139444,1552.1560646139444,0.990166,0.0023940592
1552.1574535080836,1552.1574535080836,0.99016494,0.0023914697
1552.1588424019906,1552.1588424019906,0.9880233,0.0023925346
1552.1602312961297,1552.1602312961297,0.98805654,0.0023921435
1552.1616201900358,1552.1616201900358,0.99002475,0.002395367
1552.1630090839421,1552.1630090839421,0.9878185,0.0023954748
1552.1643979780806,1552.1643979780806,0.99002045,0.0023952846
1552.1657868719863,1552.1657868719863,0.98533213,0.0023943032
1552.1671757661254,1552.1671757661254,0.9876861,0.002391183
1552.1685646600324,1552.1685646600324,0.985579,0.0023957086
1552.1699535539387,1552.1699535539387,0.9884992,0.0023947186
1552.1713424480772,1552.1713424480772,0.98579127,0.002394401
1552.1727313419835,1552.1727313419835,0.9848591,0.0023912701
1552.1741202358899,1552.1741202358899,0.99151546,0.002393936
1552.1755091297953,1552.1755091297953,0.98999345,0.0023925204
1552.1768980239344,1552.1768980239344,0.9902169,0.002392286
1552.1782869178414,1552.1782869178414,0.98964137,0.0023913714
1552.1796758117478,1552.1796758117478,0.987913,0.002392986
1552.1810647058862,1552.1810647058862,0.99101835,0.0023927307
1552.1824535997926,1552.1824535997926,0.98755187,0.0024009235
1552.1838424936989,1552.1838424936989,0.9898339,0.0023932247
1552.1852313876045,1552.1852313876045,0.98924524,0.0023916645
1552.1866202815102,1552.1866202815102,0.98972124,0.0023929444
1552.18800917565,1552.18800917565,0.98843724,0.0023928387
1552.189398069557,1552.189398069557,0.99012804,0.0023954285
1552.1907869634626,1552.1907869634626,0.98796207,0.002392339
1552.1921758573687,1552.1921758573687,0.9883101,0.00239199
1552.193564751275,1552.193564751275,0.9858493,0.0023906962
1552.1949536451807,1552.1949536451807,0.98783743,0.0023919353
1552.1963425393192,1552.1963425393192,0.98618436,0.0023905518
1552.1977314332262,1552.1977314332262,0.9877101,0.0023925179
1552.1991203271332,1552.1991203271332,0.9859112,0.002391671
1552.2005092210388,1552.2005092210388,0.98289245,0.0023892545
1552.2018981149445,1552.2018981149445,0.9894872,0.0023919507
1552.2032870088508,1552.2032870088508,0.9852327,0.0024027482
1552.204675902757,1552.204675902757,0.9868861,0.0023935116
1552.2060647966625,1552.2060647966625,0.98518825,0.0023895223
1552.2074536905695,1552.2074536905695,0.9877105,0.002391529
1552.2088425844765,1552.2088425844765,0.98573804,0.0023898662
1552.2102314783822,1552.2102314783822,0.9869384,0.0023902575
1552.2116203722878,1552.2116203722878,0.9852971,0.0023922964
1552.2130092661941,1552.2130092661941,0.98767364,0.0023919088
1552.2143981601005,1552.2143981601005,0.9860342,0.0023927155
1552.2157870540061,1552.2157870540061,0.9854912,0.0023915223
1552.2171759479124,1552.2171759479124,0.9880072,0.0023949507
1552.2185648418194,1552.2185648418194,0.9824419,0.0023897937
1552.2199537357258,1552.2199537357258,0.9887151,0.002393337
1552.2213426296312,1552.2213426296312,0.986006,0.0023934364
1552.2227315235375,1552.2227315235375,0.9851847,0.0023903665
1552.2241204174438,1552.2241204174438,0.98256326,0.0023905921
1552.2255093111166,1552.2255093111166,0.9851811,0.0023901775
1552.226898205023,1552.226898205023,0.9874703,0.0023949603
1552.22828709893,1552.22828709893,0.9864134,0.0023912408
1552.2296759928363,1552.2296759928363,0.9827664,0.0023908487
1552.231064886742,1552.231064886742,0.98345715,0.0023915013
1552.2324537806473,1552.2324537806473,0.9856755,0.0023907265
1552.2338426745537,1552.2338426745537,0.98544455,0.002391377
1552.2352315682272,1552.2352315682272,0.98557407,0.0023912394
1552.2366204621335,1552.2366204621335,0.98653084,0.0023924788
1552.2380093560405,1552.2380093560405,0.9843467,0.0023884408
1552.2393982499468,1552.2393982499468,0.9848491,0.002391829
1552.2407871436196,1552.2407871436196,0.98562914,0.0023886422
1552.2421760375253,1552.2421760375253,0.98450524,0.002387022
1552.2435649314316,1552.2435649314316,0.9811219,0.0023972362
1552.244953825338,1552.244953825338,0.9869073,0.0023917977
1552.2463427190114,1552.2463427190114,0.9864337,0.002393235
1552.2477316129184,1552.2477316129184,0.98121375,0.0023890177
1552.2491205068247,1552.2491205068247,0.98468953,0.002391955
1552.2505094004973,1552.2505094004973,0.9802303,0.0023930399
1552.251898294403,1552.251898294403,0.98916835,0.0023953272
1552.2532871883093,1552.2532871883093,0.985579,0.0023908284
1552.2546760819828,1552.2546760819828,0.9818405,0.0023893372
1552.256064975889,1552.256064975889,0.9845367,0.002390894
1552.2574538697954,1552.2574538697954,0.98314804,0.0023922634
1552.258842763469,1552.258842763469,0.98211193,0.0023890305
1552.2602316573752,1552.2602316573752,0.98286116,0.002389903
1552.2616205510478,1552.2616205510478,0.98543763,0.0024028255
1552.2630094449542,1552.2630094449542,0.9898371,0.0023925249
1552.2643983388605,1552.2643983388605,0.9848393,0.0023893022
1552.265787232534,1552.265787232534,0.98563457,0.0023910936
1552.2671761264403,1552.2671761264403,0.98260415,0.0023887488
1552.2685650201138,1552.2685650201138,0.9823637,0.0023929214
1552.26995391402,1552.26995391402,0.9858317,0.002390766
1552.271342807693,1552.271342807693,0.9845224,0.0023909907
1552.2727317015986,1552.2727317015986,0.98406965,0.0023896573
1552.274120595272,1552.274120595272,0.9848417,0.0023909495
1552.275509489179,1552.275509489179,0.98360085,0.0023892224
1552.2768983828526,1552.2768983828526,0.98158467,0.0023930683
1552.2782872767586,1552.2782872767586,0.98361003,0.002392315
1552.2796761704321,1552.2796761704321,0.9857586,0.0023888696
1552.281065064105,1552.281065064105,0.9803548,0.002388141
1552.2824539580106,1552.2824539580106,0.9799572,0.0023878806
1552.283842851684,1552.283842851684,0.9796468,0.0023875535
1552.285231745591,1552.285231745591,0.98094475,0.0023952317
1552.2866206392646,1552.2866206392646,0.9823542,0.0023944706
1552.2880095329374,1552.2880095329374,0.98172516,0.00238809
1552.2893984268437,1552.2893984268437,0.9800659,0.0023893232
1552.290787320517,1552.290787320517,0.9799612,0.0023865523
1552.2921762141898,1552.2921762141898,0.98293203,0.0023883865
1552.2935651080961,1552.2935651080961,0.9857469,0.0023925838
1552.2949540017703,1552.2949540017703,0.97686857,0.0023868158
1552.2963428954438,1552.2963428954438,0.9823044,0.0023962487
1552.2977317893494,1552.2977317893494,0.9825403,0.0023900871
1552.299120683023,1552.299120683023,0.9809504,0.0023895449
1552.3005095766964,1552.3005095766964,0.9800887,0.0023900366
1552.301898470602,1552.301898470602,0.9841054,0.0023982262
1552.3032873642749,1552.3032873642749,0.9810515,0.0023879171
1552.304676257949,1552.304676257949,0.9813606,0.0023975826
1552.3060651516232,1552.3060651516232,0.97711504,0.002396508
1552.3074540452958,1552.3074540452958,0.9806064,0.0024062938
1552.3088429392021,1552.3088429392021,0.98062867,0.0023893537
1552.3102318328756,1552.3102318328756,0.9838082,0.0023887237
1552.3116207265484,1552.3116207265484,0.9777587,0.0023872987
1552.3130096202212,1552.3130096202212,0.9803907,0.002389182
1552.3143985138954,1552.3143985138954,0.9791795,0.0023885407
1552.3157874075696,1552.3157874075696,0.9786439,0.0023907535
1552.3171763014752,1552.3171763014752,0.98116297,0.0023880424
1552.318565195148,1552.318565195148,0.9834323,0.0023892084
1552.3199540888215,1552.3199540888215,0.9808343,0.0023917186
1552.3213429824948,1552.3213429824948,0.98173404,0.0023909358
1552.3227318761676,1552.3227318761676,0.98168457,0.002390908
1552.3241207698418,1552.3241207698418,0.97607046,0.002385387
1552.325509663516,1552.325509663516,0.98174495,0.0023878114
1552.3268985571888,1552.3268985571888,0.9788194,0.0023889206
1552.3282874508616,1552.3282874508616,0.97851825,0.0023897314
1552.329676344535,1552.329676344535,0.97994304,0.0023877332
1552.3310652382086,1552.3310652382086,0.981198,0.002387199
1552.3324541318814,1552.3324541318814,0.9802031,0.0023863197
1552.3338430255549,1552.3338430255549,0.9793805,0.0023898883
1552.3352319192288,1552.3352319192288,0.98297715,0.0023899104
1552.3366208129023,1552.3366208129023,0.98069215,0.0023881807
1552.3380097065751,1552.3380097065751,0.97936934,0.0023889113
1552.3393986002486,1552.3393986002486,0.9777095,0.0023868077
1552.340787493922,1552.340787493922,0.9780424,0.0023860978
1552.342176387595,1552.342176387595,0.9777734,0.0023862128
1552.3435652812684,1552.3435652812684,0.98175436,0.0023900177
1552.3449541749426,1552.3449541749426,0.9874553,0.002391384
1552.346343068616,1552.346343068616,0.98544663,0.002389367
1552.347731962056,1552.347731962056,0.9884672,0.0023930734
1552.3491208557286,1552.3491208557286,0.9848841,0.0023905563
1552.3505097494021,1552.3505097494021,0.9845076,0.002388654
1552.3518986430756,1552.3518986430756,0.9821316,0.0023901328
1552.3532875367484,1552.3532875367484,0.9821322,0.0023888785
1552.3546764304226,1552.3546764304226,0.9829554,0.0023919153
1552.356065323864,1552.356065323864,0.98229593,0.002389564
1552.3574542175368,1552.3574542175368,0.9817928,0.0023912403
1552.3588431112096,1552.3588431112096,0.98293614,0.0023905179
1552.360232004883,1552.360232004883,0.98064786,0.002389855
1552.3616208985566,1552.3616208985566,0.9804838,0.0023882121
1552.3630097919965,1552.3630097919965,0.98287004,0.002391054
1552.3643986856705,1552.3643986856705,0.9816209,0.002399775
1552.3657875793447,1552.3657875793447,0.98305166,0.0023886529
1552.3671764730175,1552.3671764730175,0.9856548,0.0023900885
1552.3685653664575,1552.3685653664575,0.98405206,0.002391478
1552.369954260131,1552.369954260131,0.979406,0.0023920462
1552.3713431538044,1552.3713431538044,0.98102313,0.002387364
1552.3727320472444,1552.3727320472444,0.9772238,0.0023883416
1552.374120940918,1552.374120940918,0.9830937,0.0024020995
1552.375509834592,1552.375509834592,0.9796147,0.0023898464
1552.3768987280328,1552.3768987280328,0.97951716,0.0023870517
1552.3782876217053,1552.3782876217053,0.9799172,0.0023875278
1552.379676515146,1552.379676515146,0.9774349,0.002396422
1552.3810654088195,1552.3810654088195,0.9818817,0.0023983517
1552.3824543024923,1552.3824543024923,0.9818798,0.0023982332
1552.383843195933,1552.383843195933,0.97954273,0.0023889646
1552.3852320896071,1552.3852320896071,0.9789272,0.0024001217
1552.3866209830478,1552.3866209830478,0.9779988,0.002386461
1552.3880098767206,1552.3880098767206,0.98042876,0.0023910743
1552.3893987701606,1552.3893987701606,0.9762457,0.0023868817
1552.390787663834,1552.390787663834,0.9810843,0.0023890168
1552.3921765572748,1552.3921765572748,0.977873,0.0023930257
1552.393565450948,1552.393565450948,0.9807393,0.0023966895
1552.3949543443894,1552.3949543443894,0.9769426,0.002387612
1552.3963432380629,1552.3963432380629,0.9792785,0.0023867597
1552.3977321315028,1552.3977321315028,0.97877663,0.0023872773
1552.3991210251756,1552.3991210251756,0.9796809,0.002393026
1552.4005099186163,1552.4005099186163,0.9854757,0.0023928885
1552.4018988122898,1552.4018988122898,0.98116314,0.002388209
1552.4032877057305,1552.4032877057305,0.9809896,0.0023916517
1552.4046765991711,1552.4046765991711,0.9793015,0.0023892045
1552.4060654928446,1552.4060654928446,0.9773101,0.002385524
1552.407454386285,1552.407454386285,0.9806414,0.0023854324
1552.408843279725,1552.408843279725,0.97912943,0.0023863344
1552.4102321733985,1552.4102321733985,0.9798818,0.002394296
1552.4116210668392,1552.4116210668392,0.9776394,0.0023944112
1552.4130099602799,1552.4130099602799,0.98083216,0.0023875681
1552.4143988539533,1552.4143988539533,0.98034537,0.0023880596
1552.415787747394,1552.415787747394,0.97809297,0.0023865872
1552.4171766408347,1552.4171766408347,0.9771196,0.0023853402
1552.4185655345075,1552.4185655345075,0.9769036,0.002386414
1552.4199544279475,1552.4199544279475,0.9827444,0.0023906226
1552.421343321388,1552.421343321388,0.9794553,0.0023861981
1552.4227322148292,1552.4227322148292,0.98066294,0.0023871684
1552.4241211085027,1552.4241211085027,0.980517,0.0023888578
1552.4255100019434,1552.4255100019434,0.97504777,0.002386502
1552.426898895384,1552.426898895384,0.97590935,0.0023884268
1552.428287788824,1552.428287788824,0.97951734,0.0023883109
1552.429676682264,1552.429676682264,0.9806483,0.0023899262
1552.4310655759375,1552.4310655759375,0.9797946,0.0023874932
1552.4324544693789,1552.4324544693789,0.9792904,0.0023893688
1552.4338433628195,1552.4338433628195,0.9810609,0.0023948457
1552.4352322562593,1552.4352322562593,0.97850996,0.0023894673
1552.4366211497,1552.4366211497,0.9755785,0.002387001
1552.4380100431406,1552.4380100431406,0.9802137,0.002389809
1552.4393989365806,1552.4393989365806,0.97694796,0.0023877483
1552.4407878300212,1552.4407878300212,0.97961885,0.002393093
1552.4421767236954,1552.4421767236954,0.9820009,0.0023895418
1552.443565617136,1552.443565617136,0.97913605,0.0023867784
1552.444954510576,1552.444954510576,0.98049885,0.002388623
1552.4463434040167,1552.4463434040167,0.97435564,0.0023843737
1552.4477322974574,1552.4477322974574,0.9788033,0.002389419
1552.4491211908974,1552.4491211908974,0.9792564,0.0023977351
1552.4505100843373,1552.4505100843373,0.9814568,0.0023913078
1552.4518989777785,1552.4518989777785,0.9840631,0.002391218
1552.4532878712198,1552.4532878712198,0.9828778,0.0023907905
1552.4546767646598,1552.4546767646598,0.9837218,0.0023923502
1552.4560656581004,1552.4560656581004,0.9793997,0.002396157
1552.457454551541,1552.457454551541,0.97875744,0.0023872473
1552.458843444981,1552.458843444981,0.98076165,0.0023904622
1552.4602323381882,1552.4602323381882,0.9797132,0.002390175
1552.4616212316296,1552.4616212316296,0.9835965,0.0023899842
1552.463010125071,1552.463010125071,0.98216975,0.002390091
1552.4643990185107,1552.4643990185107,0.9810392,0.002386524
1552.4657879119507,1552.4657879119507,0.97985697,0.0023870957
1552.4671768053913,1552.4671768053913,0.9808815,0.0023873348
1552.468565698832,1552.468565698832,0.9799646,0.0023870734
1552.469954592272,1552.469954592272,0.97996426,0.0023905972
1552.4713434854805,1552.4713434854805,0.9786396,0.0023916194
1552.4727323789218,1552.4727323789218,0.9802283,0.0023948585
1552.4741212723618,1552.4741212723618,0.97806245,0.0023880622
1552.4755101658018,1552.4755101658018,0.97791326,0.0023897258
1552.4768990592424,1552.4768990592424,0.9816929,0.0023903148
1552.4782879524503,1552.4782879524503,0.9836795,0.002387411
1552.4796768458903,1552.4796768458903,0.9828424,0.002390416
1552.4810657393314,1552.4810657393314,0.98055613,0.002386152
1552.4824546327727,1552.4824546327727,0.97897327,0.0023905921
1552.4838435259799,1552.4838435259799,0.9799828,0.0023869537
1552.4852324194198,1552.4852324194198,0.977368,0.0023882373
1552.4866213128605,1552.4866213128605,0.9837329,0.0023897798
1552.4880102060683,1552.4880102060683,0.97869337,0.0023908333
1552.4893990995083,1552.4893990995083,0.98102164,0.002391408
1552.490787992949,1552.490787992949,0.9788052,0.002387584
1552.4921768861575,1552.4921768861575,0.9822568,0.002391354
1552.493565779598,1552.493565779598,0.98274004,0.002406184
1552.494954673038,1552.494954673038,0.9804019,0.0023904392
1552.4963435662457,1552.4963435662457,0.9782716,0.002390367
1552.4977324596864,1552.4977324596864,0.9810961,0.0023936764
1552.4991213531264,1552.4991213531264,0.9814179,0.0023880245
1552.5005102463342,1552.5005102463342,0.9839417,0.0023907344
1552.5018991397756,1552.5018991397756,0.98156154,0.0023897737
1552.5032880329834,1552.5032880329834,0.9860515,0.0023902315
1552.5046769264234,1552.5046769264234,0.97896665,0.002393494
1552.5060658196305,1552.5060658196305,0.9824217,0.0023899006
1552.5074547130712,1552.5074547130712,0.9825108,0.0023895726
1552.508843606279,1552.508843606279,0.98145956,0.0023892764
1552.5102324997195,1552.5102324997195,0.98136854,0.002390737
1552.511621392928,1552.511621392928,0.98360944,0.0023912431
1552.5130102863686,1552.5130102863686,0.98118085,0.00239655
1552.5143991795758,1552.5143991795758,0.981532,0.0023878536
1552.5157880730158,1552.5157880730158,0.9815098,0.002389457
1552.5171769662236,1552.5171769662236,0.9827197,0.0023894378
1552.5185658596642,1552.5185658596642,0.9825344,0.0023878478
1552.519954752872,1552.519954752872,0.9838844,0.0023916902
1552.52134364608,1552.52134364608,0.98388404,0.002390384
1552.5227325395206,1552.5227325395206,0.9825702,0.0023888042
1552.5241214327282,1552.5241214327282,0.98431575,0.0023886573
1552.5255103259353,1552.5255103259353,0.9851416,0.0023913158
1552.526899219376,1552.526899219376,0.9827082,0.0023948809
1552.5282881125838,1552.5282881125838,0.9835464,0.0023886203
1552.5296770057917,1552.5296770057917,0.98598975,0.0024001622
1552.5310658992323,1552.5310658992323,0.9845641,0.0023921796
1552.5324547924401,1552.5324547924401,0.9845934,0.0023903612
1552.533843685648,1552.533843685648,0.9841731,0.0023904482
1552.535232579088,1552.535232579088,0.9814597,0.0023911863
1552.536621472295,1552.536621472295,0.98475486,0.002395972
1552.5380103655027,1552.5380103655027,0.9836077,0.0023894522
1552.5393992587105,1552.5393992587105,0.9831462,0.0023871686
1552.5407881521512,1552.5407881521512,0.98778737,0.00239188
1552.5421770453597,1552.5421770453597,0.9854158,0.0023917628
1552.5435659385676,1552.5435659385676,0.9874366,0.00239287
1552.5449548317747,1552.5449548317747,0.98432845,0.0023891085
1552.5463437249819,1552.5463437249819,0.9825414,0.002392771
1552.5477326184225,1552.5477326184225,0.98716474,0.002391544
1552.5491215116303,1552.5491215116303,0.9843311,0.002394851
1552.5505104048382,1552.5505104048382,0.98408645,0.002391212
1552.5518992980458,1552.5518992980458,0.9864453,0.0023946085
1552.5532881912536,1552.5532881912536,0.9888556,0.0023923335
1552.5546770844614,1552.5546770844614,0.98955184,0.0023967265
1552.5560659776686,1552.5560659776686,0.9848752,0.0023909719
1552.5574548708764,1552.5574548708764,0.9834923,0.002390223
1552.558843764317,1552.558843764317,0.985036,0.002393146
1552.560232657525,1552.560232657525,0.9851235,0.0023915814
1552.5616215507328,1552.5616215507328,0.9883329,0.0023923814
1552.5630104439406,1552.5630104439406,0.989193,0.0023927037
1552.5643993371484,1552.5643993371484,0.98704463,0.0023933137
1552.5657882303556,1552.5657882303556,0.9850436,0.0023907393
1552.5671771235625,1552.5671771235625,0.9865828,0.0023966676
1552.5685660167703,1552.5685660167703,0.98413515,0.0023903386
1552.5699549099788,1552.5699549099788,0.9839629,0.0024024947
1552.5713438031867,1552.5713438031867,0.99121815,0.002393588
1552.5727326963945,1552.5727326963945,0.9872106,0.0023914685
1552.5741215896023,1552.5741215896023,0.9891913,0.0023928534
1552.5755104825766,1552.5755104825766,0.99318606,0.0023939684
1552.5768993757838,1552.5768993757838,0.98919,0.0023925721
1552.5782882689916,1552.5782882689916,0.987238,0.0023906797
1552.5796771622001,1552.5796771622001,0.9884645,0.0023947717
1552.5810660554077,1552.5810660554077,0.9888231,0.0023915563
1552.5824549486156,1552.5824549486156,0.9885013,0.00239378
1552.5838438418234,1552.5838438418234,0.98916346,0.0023924136
1552.5852327350306,1552.5852327350306,0.9930409,0.0023959323
1552.5866216280049,1552.5866216280049,0.990489,0.002393716
1552.5880105212127,1552.5880105212127,0.9909298,0.002394194
1552.5893994144212,1552.5893994144212,0.99345034,0.0023946827
1552.590788307629,1552.590788307629,0.9931126,0.002392463
1552.5921772008362,1552.5921772008362,0.9909151,0.0023941167
1552.5935660938112,1552.5935660938112,0.9915574,0.0023963004
1552.594954987019,1552.594954987019,0.99091774,0.0023947929
1552.596343880226,1552.596343880226,0.9893421,0.0023971132
1552.5977327734338,1552.5977327734338,0.9939101,0.0023941728
1552.5991216664095,1552.5991216664095,0.990859,0.0024028837
1552.6005105596173,1552.6005105596173,0.99452496,0.002396889
1552.6018994528245,1552.6018994528245,0.9956169,0.0024044719
1552.6032883457995,1552.6032883457995,0.99185747,0.002397478
1552.6046772390073,1552.6046772390073,0.9921079,0.0023949638
1552.6060661322144,1552.6060661322144,0.9945449,0.0023959004
1552.6074550251888,1552.6074550251888,0.9918133,0.0023914806
1552.6088439183973,1552.6088439183973,0.9933637,0.0024007957
1552.6102328116056,1552.6102328116056,0.9931434,0.0023952962
1552.6116217045799,1552.6116217045799,0.98925155,0.002391128
1552.6130105977877,1552.6130105977877,0.9905372,0.0023925984
1552.6143994907627,1552.6143994907627,0.99417764,0.0023963593
1552.6157883839699,1552.6157883839699,0.9962668,0.00239286
1552.617177277177,1552.617177277177,0.99439424,0.0023967265
1552.6185661701527,1552.6185661701527,0.99247396,0.0023948702
1552.6199550633612,1552.6199550633612,0.99674046,0.0024067487
1552.6213439563355,1552.6213439563355,0.99614066,0.0023961477
1552.6227328495427,1552.6227328495427,0.9942696,0.0023920748
1552.6241217425174,1552.6241217425174,0.9970364,0.002397445
1552.6255106357253,1552.6255106357253,0.9961423,0.0023955808
1552.6268995286996,1552.6268995286996,0.99828285,0.0023975377
1552.628288421908,1552.628288421908,1.0022748,0.002402008
1552.6393995664057,1552.6393995664057,0.997694,0.0023989559
1552.6407884593807,1552.6407884593807,0.9969939,0.0023960657
1552.6421773525879,1552.6421773525879,0.99689007,0.0023967135
1552.6435662455629,1552.6435662455629,0.9978644,0.0023955142
1552.6449551385379,1552.6449551385379,0.9976031,0.0023939386
1552.646344031745,1552.646344031745,0.99953556,0.0024003526
1552.6477329247193,1552.6477329247193,0.99773884,0.0023950501
1552.649121817695,1552.649121817695,0.9992154,0.0024069594
1552.6505107106707,1552.6505107106707,0.9953976,0.0024059475
1552.6518996038778,1552.6518996038778,0.99795234,0.0024003389
1552.653288496852,1552.653288496852,0.99552137,0.0023943589
1552.654677389827,1552.654677389827,0.9974681,0.0023945665
1552.656066282802,1552.656066282802,0.9999278,0.0024031077
1552.657455176009,1552.657455176009,0.997423,0.002393816
1552.6588440689848,1552.6588440689848,0.9955801,0.002395509
1552.6602329619604,1552.6602329619604,0.99449384,0.0023961996
1552.6616218549348,1552.6616218549348,0.9936543,0.0024028835
1552.663010747909,1552.663010747909,0.9966923,0.0024024071
1552.664399640884,1552.664399640884,0.99681246,0.0024059531
1552.665788533859,1552.665788533859,1.0008554,0.002394409
1552.667177427066,1552.667177427066,1.0003912,0.0023970364
1552.668566320041,1552.668566320041,0.9956458,0.0024051324
1552.6699552130167,1552.6699552130167,0.9991012,0.0023966553
1552.6713441059917,1552.6713441059917,0.9973254,0.0023953796
1552.672732998966,1552.672732998966,0.99789774,0.0023948266
1552.674121891941,1552.674121891941,0.99500424,0.0023966935
1552.675510784916,1552.675510784916,0.99968135,0.0023975146
1552.6768996778903,1552.6768996778903,0.9965739,0.0023985396
1552.6782885708653,1552.6782885708653,0.99872255,0.0023956855
1552.679677463841,1552.679677463841,0.99901676,0.0023950269
1552.681066356816,1552.681066356816,0.9933157,0.002392891
1552.68245524979,1552.68245524979,0.99723905,0.002397955
1552.6838441427644,1552.6838441427644,0.9979333,0.0023994297
1552.6852330357394,1552.6852330357394,0.9955731,0.0023976346
1552.6866219287144,1552.6866219287144,0.99623245,0.0023963144
1552.6880108216894,1552.6880108216894,0.9986619,0.0023979081
1552.6893997146651,1552.6893997146651,0.9955166,0.002396727
1552.6907886076401,1552.6907886076401,0.99839675,0.0023962925
1552.6921775006144,1552.6921775006144,0.99732876,0.002397218
1552.693566393356,1552.693566393356,1.0000348,0.0024008993
1552.694955286331,1552.694955286331,0.99760467,0.0023948667
1552.6963441793057,1552.6963441793057,1.0054421,0.002399243
1552.6977330722807,1552.6977330722807,1.0007601,0.0023980562
1552.6991219652564,1552.6991219652564,0.99885195,0.0023984592
1552.7005108582314,1552.7005108582314,0.9983843,0.002397458
1552.7018997512057,1552.7018997512057,0.9943655,0.002397932
1552.7032886439472,1552.7032886439472,0.9972355,0.0024063997
1552.7046775369222,1552.7046775369222,0.9990702,0.0023989778
1552.7060664298972,1552.7060664298972,0.9991305,0.0023982332
1552.7074553228722,1552.7074553228722,0.99808156,0.002395793
1552.7088442156144,1552.7088442156144,0.9975533,0.0023974825
1552.7102331085891,1552.7102331085891,0.999319,0.0023961167
1552.7116220015641,1552.7116220015641,0.9975769,0.002395756
1552.7130108945385,1552.7130108945385,0.99689037,0.0023973752
1552.7143997872806,1552.7143997872806,1.0043237,0.0023965817
1552.7157886802556,1552.7157886802556,1.000633,0.0024022
1552.7171775732306,1552.7171775732306,0.99876434,0.0023944548
1552.7185664659728,1552.7185664659728,0.99874073,0.002393811
1552.7199553589478,1552.7199553589478,0.9989837,0.0024002215
1552.72134425169,1552.72134425169,0.99935424,0.0023954706
1552.7227331446643,1552.7227331446643,0.9977254,0.0023987445
1552.7241220376384,1552.7241220376384,1.004989,0.0024018022
1552.7255109303806,1552.7255109303806,1.0026556,0.0023977796
1552.7268998233556,1552.7268998233556,0.99947006,0.002400003
1552.7282887160977,1552.7282887160977,1.0021805,0.0024017026
1552.7296776090734,1552.7296776090734,1.0001507,0.0023969826
1552.7310665020484,1552.7310665020484,0.99612814,0.0023953363
1552.73245539479,1552.73245539479,0.999657,0.0023988073
1552.7338442877642,1552.7338442877642,1.00035,0.002396071
1552.7352331805064,1552.7352331805064,1.0041262,0.002401219
1552.7366220734814,1552.7366220734814,1.0027845,0.002398123
1552.7380109662236,1552.7380109662236,1.0024267,0.0023955524
1552.7393998591986,1552.7393998591986,1.0039889,0.0024076162
1552.7407887519405,1552.7407887519405,1.0029042,0.0024014171
1552.7421776446827,1552.7421776446827,1.0008723,0.002398761
1552.743566537657,1552.743566537657,1.0039443,0.0024011775
1552.7449554303992,1552.7449554303992,1.0001175,0.002398313
1552.7463443233742,1552.7463443233742,1.0004328,0.0023949349
1552.7477332161163,1552.7477332161163,0.99902743,0.002399712
1552.7491221088585,1552.7491221088585,1.0024594,0.00240436
1552.7505110018335,1552.7505110018335,1.002334,0.0023990495
1552.7518998945757,1552.7518998945757,1.0213462,0.0024081855
1552.7532887875498,1552.7532887875498,1.0171196,0.0024073583
1552.7546776802913,1552.7546776802913,1.0061929,0.002401229
1552.7560665730334,1552.7560665730334,1.0061412,0.0023969884
1552.7574554657763,1552.7574554657763,1.0103277,0.002400913
1552.7588443587513,1552.7588443587513,1.0060285,0.0024094454
1552.7602332514934,1552.7602332514934,1.0094784,0.0024009917
1552.7616221442356,1552.7616221442356,1.0034058,0.002403041
1552.76301103721,1552.76301103721,1.002423,0.002401051
1552.7643999299514,1552.7643999299514,1.0053241,0.0023986
1552.7657888226936,1552.7657888226936,1.0020151,0.0023971081
1552.7671777154364,1552.7671777154364,1.0023097,0.0023986488
1552.7685666081786,1552.7685666081786,1.0012722,0.0023977503
1552.7699555011527,1552.7699555011527,1.0047529,0.002398829
1552.7713443938949,1552.7713443938949,1.0015057,0.0023971926
1552.772733286637,1552.772733286637,1.0038232,0.0024032618
1552.7741221793785,1552.7741221793785,1.0057586,0.002411594
1552.7755110721207,1552.7755110721207,1.0076147,0.002399738
1552.7768999648636,1552.7768999648636,1.0037714,0.0023991815
1552.7782888578386,1552.7782888578386,1.0040302,0.002402874
1552.77967775058,1552.77967775058,1.005175,0.0024042297
1552.7810666433222,1552.7810666433222,1.0045643,0.002402665
1552.7824555360642,1552.7824555360642,1.005595,0.0023994823
1552.7838444288057,1552.7838444288057,1.0041354,0.002398973
1552.7852333215471,1552.7852333215471,1.004527,0.0024013417
1552.78662221429,1552.78662221429,1.0020866,0.0023976131
1552.7880111070328,1552.7880111070328,1.0058074,0.002399682
1552.7893999997743,1552.7893999997743,1.0041119,0.0023981289
1552.7907888925165,1552.7907888925165,1.0066925,0.0024003608
1552.7921777852587,1552.7921777852587,0.9998396,0.0023964036
1552.7935666780002,1552.7935666780002,1.0025702,0.0023976744
1552.7949555707416,1552.7949555707416,1.0024618,0.002399806
1552.7963444634845,1552.7963444634845,1.0017127,0.0023963358
1552.7977333562274,1552.7977333562274,1.0101949,0.0024004956
1552.7991222489686,1552.7991222489686,1.0061818,0.0024017498
1552.80051114171,1552.80051114171,1.0047975,0.0023989617
1552.8019000342194,1552.8019000342194,1.0038694,0.002401038
1552.8032889269616,1552.8032889269616,1.0074179,0.0024038167
1552.804677819703,1552.804677819703,0.99971014,0.0024012623
1552.8060667124453,1552.8060667124453,1.0056417,0.0023994453
1552.8074556051881,1552.8074556051881,1.0047517,0.0023991296
1552.8088444979303,1552.8088444979303,1.0063926,0.0024006765
1552.8102333906718,1552.8102333906718,1.0017756,0.0023994118
1552.8116222831811,1552.8116222831811,1.0064142,0.0024002313
1552.813011175923,1552.813011175923,1.005759,0.0024010316
1552.8144000686646,1552.8144000686646,1.0038869,0.0024033797
1552.8157889614067,1552.8157889614067,1.009911,0.002402115
1552.8171778541496,1552.8171778541496,1.0033395,0.0024021056
1552.818566746659,1552.818566746659,1.0026623,0.0023997994
1552.8199556394004,1552.8199556394004,1.0087966,0.0024041608
1552.8213445321426,1552.8213445321426,1.0061265,0.0024023533
1552.822733424652,1552.822733424652,1.0103399,0.0024035408
1552.8241223173934,1552.8241223173934,1.0068429,0.0023986863
1552.825511210135,1552.825511210135,1.005151,0.0024017117
1552.8269001026447,1552.8269001026447,1.0055786,0.0024021147
1552.8282889953875,1552.8282889953875,1.0108216,0.00240121
1552.829677888129,1552.829677888129,1.0060925,0.002401925
1552.8310667806384,1552.8310667806384,1.0108306,0.0024010136
1552.8324556733805,1552.8324556733805,1.0062455,0.0024017547
1552.833844566122,1552.833844566122,1.0099524,0.0024014574
1552.8352334586307,1552.8352334586307,1.0092846,0.0024022977
1552.8366223513735,1552.8366223513735,1.0101696,0.0024012513
1552.8380112438836,1552.8380112438836,1.0055318,0.0024006495
1552.839400136625,1552.839400136625,1.006081,0.0023982339
1552.8407890291335,1552.8407890291335,1.0101888,0.0024026816
1552.8421779218756,1552.8421779218756,1.0078601,0.0024043175
1552.843566814385,1552.843566814385,1.0059958,0.002401166
1552.8449557071265,1552.8449557071265,1.008461,0.0024021936
1552.8463445996365,1552.8463445996365,1.0078025,0.0024005808
1552.8477334923793,1552.8477334923793,1.0108737,0.0024051361
1552.849122384888,1552.849122384888,1.0078872,0.0023994714
1552.8505112776295,1552.8505112776295,1.0107803,0.0024024148
1552.8519001701388,1552.8519001701388,1.006516,0.0024076444
1552.853289062881,1552.853289062881,1.007435,0.002401603
1552.8546779553897,1552.8546779553897,1.005362,0.0024106312
1552.8560668478988,1552.8560668478988,1.0073869,0.0024042628
1552.8574557406416,1552.8574557406416,1.0096278,0.002403716
1552.858844633151,1552.858844633151,1.0114384,0.0024049631
1552.8602335258925,1552.8602335258925,1.0068938,0.0024024392
1552.8616224184018,1552.8616224184018,1.0081767,0.0024018097
1552.8630113109111,1552.8630113109111,1.0109644,0.0024032781
1552.8644002036526,1552.8644002036526,1.0149761,0.0024058286
1552.8657890961613,1552.8657890961613,1.0107355,0.0024043296
1552.8671779886713,1552.8671779886713,1.0111817,0.00240427
1552.8685668811813,1552.8685668811813,1.0137355,0.0024045636
1552.8699557739226,1552.8699557739226,1.0119468,0.0024003151
1552.8713446664312,1552.8713446664312,1.0103395,0.0024042109
1552.8727335589406,1552.8727335589406,1.0037918,0.0024024628
1552.87412245145,1552.87412245145,1.0093635,0.0024000069
1552.8755113441914,1552.8755113441914,1.0100299,0.0024112235
1552.8769002367014,1552.8769002367014,1.0090947,0.0024023652
1552.8782891292115,1552.8782891292115,1.0117601,0.0024013186
1552.87967802172,1552.87967802172,1.0133376,0.0024048397
1552.8810669142288,1552.8810669142288,1.0121882,0.0024020982
1552.882455806971,1552.882455806971,1.0088105,0.0024104784
1552.8838446994803,1552.8838446994803,1.0125531,0.0024017263
1552.8852335919887,1552.8852335919887,1.0099871,0.0024034246
1552.886622484498,1552.886622484498,1.010371,0.0024046956
1552.888011377008,1552.888011377008,1.0104365,0.002404532
1552.8894002695174,1552.8894002695174,1.013798,0.002401439
1552.890789162026,1552.890789162026,1.0090663,0.0024019675
1552.8921780545354,1552.8921780545354,1.0156245,0.002404084
1552.8935669470447,1552.8935669470447,1.0116911,0.002404157
1552.8949558395534,1552.8949558395534,1.0110217,0.002404672
1552.8963447320627,1552.8963447320627,1.0095136,0.0024035422
1552.8977336245728,1552.8977336245728,1.0115352,0.0024017459
1552.8991225170819,1552.8991225170819,1.0123833,0.0024049154
1552.9005114095905,1552.9005114095905,1.0108079,0.0024030427
1552.9019003020992,1552.9019003020992,1.009094,0.0024024479
1552.9032891946085,1552.9032891946085,1.0089383,0.0024048693
1552.9046780871179,1552.9046780871179,1.0094565,0.0024014008
1552.9060669796272,1552.9060669796272,1.0137091,0.0024038171
1552.9074558721372,1552.9074558721372,1.0096918,0.0024019575
1552.9088447646466,1552.9088447646466,1.0137441,0.002403348
1552.9102336571552,1552.9102336571552,1.0083969,0.0024019326
1552.911622549664,1552.911622549664,1.0099064,0.0024022534
1552.9130114419402,1552.9130114419402,1.0106555,0.0024052763
1552.9144003344495,1552.9144003344495,1.0074079,0.00240105
1552.9157892269589,1552.9157892269589,1.0134382,0.0024051701
1552.9171781194689,1552.9171781194689,1.0083803,0.0024019978
1552.9185670119782,1552.9185670119782,1.0148923,0.0024034884
1552.9199559044869,1552.9199559044869,1.0129759,0.002405007
1552.9213447967627,1552.9213447967627,1.0161017,0.0024050714
1552.922733689272,1552.922733689272,1.0125967,0.0024100095
1552.9241225817814,1552.9241225817814,1.0126597,0.0024044742
1552.92551147429,1552.92551147429,1.011222,0.002412392
1552.9269003665665,1552.9269003665665,1.0095762,0.0024084763
1552.9282892590763,1552.9282892590763,1.0125144,0.0024043864
1552.9296781515857,1552.9296781515857,1.0134996,0.0024144966
1552.9310670438615,1552.9310670438615,1.0133811,0.002404323
1552.9324559363708,1552.9324559363708,1.0167572,0.0024056905
1552.9338448288802,1552.9338448288802,1.0128497,0.0024052507
1552.935233721156,1552.935233721156,1.0140604,0.002406735
1552.9366226136653,1552.9366226136653,1.0113924,0.002402917
1552.9380115061754,1552.9380115061754,1.0163645,0.002405162
1552.9394003984519,1552.9394003984519,1.0137845,0.0024080877
1552.9407892909605,1552.9407892909605,1.0146613,0.0024085976
1552.942178183469,1552.942178183469,1.010885,0.0024053834
1552.9435670757455,1552.9435670757455,1.0139474,0.0024068318
1552.9449559682548,1552.9449559682548,1.0141841,0.0024087317
1552.9463448605313,1552.9463448605313,1.0129381,0.0024110556
1552.9477337530413,1552.9477337530413,1.0125549,0.002402361
1552.9491226453179,1552.9491226453179,1.0106473,0.0024027915
1552.9505115378265,1552.9505115378265,1.0138834,0.0024132335
1552.9519004301023,1552.9519004301023,1.0080572,0.0024106675
1552.9532893226117,1552.9532893226117,1.0091554,0.002401867
1552.9546782148882,1552.9546782148882,1.0135292,0.0024060756
1552.9560671073975,1552.9560671073975,1.008058,0.002402828
1552.9574559996738,1552.9574559996738,1.0124906,0.0024026728
1552.9588448919503,1552.9588448919503,1.0164889,0.0024062283
1552.9602337844597,1552.9602337844597,1.0127933,0.002405567
1552.9616226767355,1552.9616226767355,1.0195127,0.00240297
1552.9630115692448,1552.9630115692448,1.0111995,0.0024007882
1552.9644004615213,1552.9644004615213,1.0120059,0.0024089525
1552.9657893537978,1552.9657893537978,1.0131521,0.0024022858
1552.9671782463072,1552.9671782463072,1.0153011,0.0024117269
1552.9685671385837,1552.9685671385837,1.0110248,0.0024116186
1552.9699560308602,1552.9699560308602,1.0168526,0.0024053904
1552.9713449233686,1552.9713449233686,1.0136862,0.002402395
1552.9727338156445,1552.9727338156445,1.0115181,0.0024041554
1552.974122707921,1552.974122707921,1.0134792,0.00240642
1552.9755116004303,1552.9755116004303,1.0129735,0.0024032153
1552.9769004927068,1552.9769004927068,1.0105956,0.0024121818
1552.978289384984,1552.978289384984,1.0083712,0.0024054276
1552.9796782772605,1552.9796782772605,1.0131004,0.0024063813
1552.9810671695363,1552.9810671695363,1.0134319,0.0024042497
1552.982456062045,1552.982456062045,1.0126772,0.00241311
1552.9838449543215,1552.9838449543215,1.0148467,0.0024124826
1552.9852338465978,1552.9852338465978,1.0131338,0.00240263
1552.9866227388743,1552.9866227388743,1.0117911,0.0024019852
1552.9880116311508,1552.9880116311508,1.0172584,0.002406758
1552.9894005234273,1552.9894005234273,1.0124701,0.0024051156
1552.9907894159367,1552.9907894159367,1.0165578,0.002405282
1552.9921783082125,1552.9921783082125,1.0105808,0.0024031121
1552.993567200489,1552.993567200489,1.0109497,0.0024064488
1552.9949560927655,1552.9949560927655,1.0148994,0.0024065808
1552.996344985042,1552.996344985042,1.0120492,0.0024034285
1552.9977338773185,1552.9977338773185,1.0118498,0.0024043622
1552.9991227695948,1552.9991227695948,1.0115275,0.0024046905
1553.0005116618713,1553.0005116618713,1.0144358,0.0024054702
1553.0019005541471,1553.0019005541471,1.0111185,0.0024047887
1553.003289446423,1553.003289446423,1.0118165,0.0024035422
1553.0046783386995,1553.0046783386995,1.0165656,0.0024048006
1553.0060672309767,1553.0060672309767,1.0119576,0.0024054542
1553.0074561232532,1553.0074561232532,1.011778,0.0024033652
1553.0088450155297,1553.0088450155297,1.012439,0.0024052442
1553.0102339078062,1553.0102339078062,1.0138265,0.0024160524
1553.011622800082,1553.011622800082,1.012806,0.002406315
1553.0130116923576,1553.0130116923576,1.0118656,0.0024049494
1553.0144005846341,1553.0144005846341,1.0138296,0.002402445
1553.0157894766785,1553.0157894766785,1.012096,0.0024042062
1553.017178368955,1553.017178368955,1.0165597,0.0024048705
1553.0185672612308,1553.0185672612308,1.0153404,0.0024047573
1553.0199561535073,1553.0199561535073,1.0133741,0.002402669
1553.0213450457838,1553.0213450457838,1.0149724,0.0024042677
1553.0227339380597,1553.0227339380597,1.0150871,0.002408801
1553.0241228301034,1553.0241228301034,1.0150305,0.0024047534
1553.0255117223799,1553.0255117223799,1.0123043,0.0024045939
1553.0269006146564,1553.0269006146564,1.0113372,0.002402081
1553.0282895069329,1553.0282895069329,1.0123343,0.0024013394
1553.0296783989763,1553.0296783989763,1.0100882,0.0024024202
1553.0310672912528,1553.0310672912528,1.014598,0.0024028406
1553.0324561835287,1553.0324561835287,1.012091,0.0024017503
1553.0338450758052,1553.0338450758052,1.0118443,0.0024032402
1553.0352339678489,1553.0352339678489,1.0141243,0.00240412
1553.0366228601254,1553.0366228601254,1.0126967,0.0024019126
1553.0380117524019,1553.0380117524019,1.0116014,0.0024041266
1553.0394006444455,1553.0394006444455,1.0101589,0.0024051995
1553.040789536722,1553.040789536722,1.0114896,0.0024075815
1553.0421784289977,1553.0421784289977,1.0098522,0.002402893
1553.0435673210407,1553.0435673210407,1.0110945,0.00240071
1553.0449562133172,1553.0449562133172,1.016415,0.002416922
1553.0463451053615,1553.0463451053615,1.0122727,0.0024040178
1553.047733997638,1553.047733997638,1.0132834,0.0024060346
1553.0491228896817,1553.0491228896817,1.0112321,0.0024060642
1553.0505117819582,1553.0505117819582,1.0119766,0.0024049028
1553.0519006740012,1553.0519006740012,1.010241,0.002400536
1553.053289566277,1553.053289566277,1.0149599,0.0024059797
1553.0546784585536,1553.0546784585536,1.0164021,0.0024049683
1553.056067350598,1553.056067350598,1.0127057,0.0024041175
1553.0574562426416,1553.0574562426416,1.0136374,0.002403595
1553.0588451349172,1553.0588451349172,1.0120026,0.0024047391
1553.0602340269609,1553.0602340269609,1.0124853,0.0024090325
1553.0616229192374,1553.0616229192374,1.0121737,0.0023997354
1553.0630118112804,1553.0630118112804,1.0129422,0.0024069117
1553.0644007035569,1553.0644007035569,1.0124421,0.0024071578
1553.0657895956012,1553.0657895956012,1.0148351,0.0024033152
1553.067178487645,1553.067178487645,1.0116612,0.0024036285
1553.0685673799208,1553.0685673799208,1.0106862,0.0024018856
1553.0699562719644,1553.0699562719644,1.0140435,0.0024063375
1553.0713451640079,1553.0713451640079,1.0170126,0.002406097
1553.0727340562837,1553.0727340562837,1.0189805,0.002406267
1553.0741229483267,1553.0741229483267,1.0182422,0.0024058472
1553.0755118403704,1553.0755118403704,1.0139419,0.0024084542
1553.0769007326476,1553.0769007326476,1.014071,0.002403076
1553.0782896246913,1553.0782896246913,1.0154568,0.0024058952
1553.079678516735,1553.079678516735,1.0112457,0.0024040781
1553.0810674087786,1553.0810674087786,1.0125322,0.0024035198
1553.0824563010544,1553.0824563010544,1.0138235,0.0024049627
1553.0838451930974,1553.0838451930974,1.0122839,0.002410389
1553.0852340851409,1553.0852340851409,1.0165837,0.0024068975
1553.0866229771852,1553.0866229771852,1.0157907,0.0024059908
1553.088011869229,1553.088011869229,1.0144787,0.0024026532
1553.0894007615047,1553.0894007615047,1.0106716,0.0024011992
1553.0907896535484,1553.0907896535484,1.0110451,0.0024035596
1553.092178545592,1553.092178545592,1.0139474,0.0024035743
1553.093567437635,1553.093567437635,1.0111672,0.002407066
1553.0949563296788,1553.0949563296788,1.0102715,0.0024062858
1553.0963452217231,1553.0963452217231,1.0111613,0.0024055485
1553.0977341137668,1553.0977341137668,1.0121514,0.00240145
1553.0991230058096,1553.0991230058096,1.0117972,0.0024020434
1553.1005118978533,1553.1005118978533,1.0117013,0.002403302
1553.101900789897,1553.101900789897,1.0130587,0.002403632
1553.10328968194,1553.10328968194,1.0113732,0.002402862
1553.104678573983,1553.104678573983,1.011171,0.0024025296
1553.1060674660273,1553.1060674660273,1.0123235,0.0024140151
1553.1074563580717,1553.1074563580717,1.0078818,0.0024039266
1553.1088452501147,1553.1088452501147,1.0120147,0.0024090966
1553.1102341421583,1553.1102341421583,1.0120095,0.0024030951
1553.111623034202,1553.111623034202,1.0110816,0.002404409
1553.113011926245,1553.113011926245,1.0137897,0.002402525
1553.114400818288,1553.114400818288,1.0138242,0.0024032907
1553.1157897103315,1553.1157897103315,1.011805,0.00240667
1553.1171786023758,1553.1171786023758,1.0101285,0.0024009207
1553.1185674944195,1553.1185674944195,1.0118774,0.002404075
1553.1199563862297,1553.1199563862297,1.012706,0.0024029948
1553.1213452782733,1553.1213452782733,1.011348,0.0023990774
1553.122734170317,1553.122734170317,1.0118456,0.0024054334
1553.12412306236,1553.12412306236,1.0115224,0.0024028071
1553.1255119544037,1553.1255119544037,1.0140446,0.002402529
1553.126900846448,1553.126900846448,1.0110786,0.0024036702
1553.1282897382587,1553.1282897382587,1.0156249,0.002405333
1553.1296786303017,1553.1296786303017,1.0116794,0.0024117676
1553.1310675223453,1553.1310675223453,1.0241611,0.0024077303
1553.132456414389,1553.132456414389,1.7524347,0.0027601705
1553.1338453061992,1553.1338453061992,1.4697756,0.0026275571
1553.1352341982422,1553.1352341982422,1.3371205,0.0025619597
1553.1366230902865,1553.1366230902865,1.2897571,0.0025421507
1553.138011982098,1553.138011982098,1.2613102,0.002525308
1553.139400874141,1553.139400874141,1.2439303,0.0025216313
1553.1407897661848,1553.1407897661848,1.2175713,0.0025063017
1553.1421786579956,1553.1421786579956,1.1920574,0.0024940143
1553.1435675500386,1553.1435675500386,1.1732724,0.00248423
1553.1449564418485,1553.1449564418485,1.1611667,0.002477045
1553.146345333893,1553.146345333893,1.1597468,0.0024768142
1553.1477342259373,1553.1477342259373,1.1554123,0.0024741283
1553.1491231177474,1553.1491231177474,1.1464013,0.0024717457
1553.150512009791,1553.150512009791,1.1445626,0.0024702693
1553.151900901602,1553.151900901602,1.1367406,0.0024646576
1553.153289793645,1553.153289793645,1.1309416,0.002461561
1553.154678685455,1553.154678685455,1.1208857,0.002460619
1553.1560675774988,1553.1560675774988,1.1180547,0.002456633
1553.1574564693103,1553.1574564693103,1.1115981,0.002456016
1553.1588453613538,1553.1588453613538,1.1033449,0.0024493765
1553.160234253164,1553.160234253164,1.0998975,0.002451132
1553.1616231452076,1553.1616231452076,1.0945463,0.0024441523
1553.1630120370185,1553.1630120370185,1.0877606,0.0024404381
1553.1644009288286,1553.1644009288286,1.0835177,0.0024436098
1553.1657898208723,1553.1657898208723,1.0743091,0.0024363701
1553.1671787126838,1553.1671787126838,1.0746634,0.002434772
1553.1685676047275,1553.1685676047275,1.0685414,0.0024394458
1553.1699564965377,1553.1699564965377,1.0647063,0.0024306967
1553.1713453883485,1553.1713453883485,1.0605222,0.0024299768
1553.1727342803922,1553.1727342803922,1.0519979,0.0024212452
1553.1741231722021,1553.1741231722021,1.0494647,0.0024210722
1553.1755120640123,1553.1755120640123,1.0454209,0.0024224387
1553.1769009558238,1553.1769009558238,1.0417168,0.002417061
1553.1782898478682,1553.1782898478682,1.040266,0.002417195
1553.1796787396784,1553.1796787396784,1.0394992,0.0024149339
1553.1810676314892,1553.1810676314892,1.0363656,0.0024236543
1553.1824565233,1553.1824565233,1.0327286,0.002413342
1553.183845415343,1553.183845415343,1.0319726,0.002414844
1553.185234307153,1553.185234307153,1.0301441,0.0024154491
1553.1866231989645,1553.1866231989645,1.0299418,0.0024103236
1553.188012090776,1553.188012090776,1.0254412,0.002416147
1553.1894009825862,1553.1894009825862,1.0242101,0.0024091818
1553.1907898743964,1553.1907898743964,1.0255005,0.0024066663
1553.19217876644,1553.19217876644,1.0224757,0.0024078537
1553.193567658251,1553.193567658251,1.0183644,0.0024092232
1553.194956550061,1553.194956550061,1.0189705,0.0024066886
1553.196345441872,1553.196345441872,1.0206466,0.0024101778
1553.1977343336835,1553.1977343336835,1.0162854,0.0024087643
1553.1991232254943,1553.1991232254943,1.0152569,0.002403772
1553.2005121173045,1553.2005121173045,1.016468,0.002405904
1553.201901009115,1553.201901009115,1.0189675,0.0024061408
1553.203289900926,1553.203289900926,1.0188172,0.0024064733
1553.204678792736,1553.204678792736,1.01649,0.002406509
1553.2060676845463,1553.2060676845463,1.0141371,0.0024059808
1553.2074565763578,1553.2074565763578,1.0089462,0.002402795
1553.2088454681693,1553.2088454681693,1.0141796,0.0024061701
1553.2102343599795,1553.2102343599795,1.0113158,0.0024043226
1553.2116232517903,1553.2116232517903,1.0124916,0.002404485
1553.2130121436012,1553.2130121436012,1.0118709,0.0024029994
1553.2144010354111,1553.2144010354111,1.0150602,0.0024067617
1553.2157899272213,1553.2157899272213,1.0109868,0.0024031785
1553.2171788188,1553.2171788188,1.0104729,0.002404712
1553.2185677106115,1553.2185677106115,1.0086586,0.0024035787
1553.2199566024217,1553.2199566024217,1.010889,0.002402087
1553.2213454942319,1553.2213454942319,1.0064616,0.0024048965
1553.2227343860427,1553.2227343860427,1.005109,0.0024007831
1553.2241232778536,1553.2241232778536,1.0105889,0.0024008432
1553.2255121694309,1553.2255121694309,1.0103735,0.0024040397
1553.2269010612424,1553.2269010612424,1.0095575,0.002408928
1553.228289953054,1553.228289953054,1.0088954,0.0024042602
1553.229678844864,1553.229678844864,1.0103753,0.0024012125
1553.2310677364412,1553.2310677364412,1.0084985,0.0023987868
1553.232456628252,1553.232456628252,1.0101562,0.0024023848
1553.233845520063,1553.233845520063,1.0069727,0.0024025931
1553.2352344116402,1553.2352344116402,1.0094769,0.002403341
1553.2366233034504,1553.2366233034504,1.0091963,0.0024018316
1553.238012195262,1553.238012195262,1.0093737,0.0024013598
1553.2394010868406,1553.2394010868406,1.0040194,0.0023990478
1553.2407899786508,1553.2407899786508,1.007176,0.0024011324
1553.2421788704617,1553.2421788704617,1.0048428,0.002398883
1553.2435677620394,1553.2435677620394,1.006176,0.002401737
1553.2449566538496,1553.2449566538496,1.0090687,0.002401134
1553.246345545427,1553.246345545427,1.0039543,0.0023995824
1553.2477344372385,1553.2477344372385,1.004385,0.0024001673
1553.2491233288172,1553.2491233288172,1.0068185,0.0024008022
1553.2505122206273,1553.2505122206273,1.0061331,0.0024010611
1553.2519011124382,1553.2519011124382,1.00639,0.002401867
1553.2532900040162,1553.2532900040162,1.003578,0.0024017245
1553.2546788955935,1553.2546788955935,1.0018233,0.0023994069
1553.2560677874037,1553.2560677874037,1.0053834,0.0024084873
1553.2574566789824,1553.2574566789824,1.0046556,0.0023992402
1553.258845570794,1553.258845570794,1.0076858,0.0024024316
1553.260234462371,1553.260234462371,1.0063994,0.0023999587
1553.2616233541812,1553.2616233541812,1.0015008,0.0023953123
1553.2630122457592,1553.2630122457592,1.0047203,0.0023996776
1553.2644011373372,1553.2644011373372,1.0046312,0.0024004017
1553.2657900291474,1553.2657900291474,1.003409,0.0023988006
1553.267178920726,1553.267178920726,1.0021633,0.0023986567
1553.2685678125376,1553.2685678125376,1.0032662,0.0023989764
1553.269956704115,1553.269956704115,1.0018003,0.0023972117
1553.2713455956923,1553.2713455956923,1.0042747,0.002399104
1553.2727344872703,1553.2727344872703,1.0017414,0.002397713
1553.274123379081,1553.274123379081,1.0003356,0.002396342
1553.2755122706583,1553.2755122706583,1.0014082,0.0023977908
1553.2769011622356,1553.2769011622356,1.0060751,0.002401192
1553.2782900538143,1553.2782900538143,1.0029039,0.0023965782
1553.2796789456258,1553.2796789456258,1.0008894,0.0023992576
1553.2810678372032,1553.2810678372032,1.0021584,0.0023989056
1553.2824567287812,1553.2824567287812,1.001552,0.0023998574
1553.2838456203592,1553.2838456203592,1.001725,0.0023982069
1553.2852345119366,1553.2852345119366,0.99998134,0.0023959808
1553.2866234037467,1553.2866234037467,0.99982023,0.0023992737
1553.2880122953252,1553.2880122953252,0.9977952,0.0023962972
1553.289401186904,1553.289401186904,1.0018103,0.0023985144
1553.2907900784812,1553.2907900784812,1.0029336,0.002398266
1553.2921789700586,1553.2921789700586,1.0008818,0.0024091296
1553.2935678616366,1553.2935678616366,1.0011444,0.0023999428
1553.2949567532146,1553.2949567532146,1.0000957,0.0024027172
1553.296345644792,1553.296345644792,1.0055654,0.002400538
1553.2977345363706,1553.2977345363706,1.0047622,0.0023977642
1553.2991234279493,1553.2991234279493,0.9968725,0.0024047259
1553.3005123195267,1553.3005123195267,0.9979416,0.0023963468
1553.3019012111038,1553.3019012111038,0.9990625,0.0023943733
1553.3032901026818,1553.3032901026818,1.0018953,0.0023949225
1553.3046789942598,1553.3046789942598,1.0001905,0.0023974364
1553.3060678858371,1553.3060678858371,1.0016448,0.0023993694
1553.3074567774145,1553.3074567774145,1.0022,0.0024089545
1553.3088456689932,1553.3088456689932,0.9986035,0.0023982069
1553.3102345605719,1553.3102345605719,1.0014867,0.0023978709
1553.3116234521492,1553.3116234521492,1.0025148,0.002402143
1553.3130123437272,1553.3130123437272,0.9981584,0.002394959
1553.3144012353052,1553.3144012353052,0.99870634,0.0024022397
1553.3157901266497,1553.3157901266497,1.0012043,0.0023991165
1553.3171790182269,1553.3171790182269,0.99637425,0.002399039
1553.3185679098056,1553.3185679098056,1.0030167,0.0024015983
1553.3199568013843,1553.3199568013843,1.0013599,0.0023985247
1553.3213456929616,1553.3213456929616,0.99955577,0.0023994567
1553.322734584306,1553.322734584306,0.9997175,0.002397109
1553.324123475884,1553.324123475884,1.0006022,0.0023982036
1553.3255123674621,1553.3255123674621,1.0001653,0.00240046
1553.3269012590395,1553.3269012590395,0.99826556,0.0023952047
1553.3282901503853,1553.3282901503853,0.99886817,0.002395592
1553.329679041964,1553.329679041964,1.0029938,0.0023973368
1553.3310679335411,1553.3310679335411,0.99788404,0.0023975356
1553.3324568248856,1553.3324568248856,0.9987252,0.0023949642
1553.3338457164637,1553.3338457164637,1.0007474,0.0023985356
1553.3352346080417,1553.3352346080417,0.99897087,0.0023972052
1553.3366234993862,1553.3366234993862,1.0013275,0.002399138
1553.3380123909642,1553.3380123909642,0.99660635,0.0023985351
1553.33940128231,1553.33940128231,0.9984959,0.0023965777
1553.340790173888,1553.340790173888,0.9964687,0.002394816
1553.3421790654654,1553.3421790654654,0.9938464,0.0023945475
1553.3435679568106,1553.3435679568106,0.99692786,0.0024062395
1553.3449568483886,1553.3449568483886,0.99403936,0.0023947263
1553.346345739733,1553.346345739733,0.9970906,0.0023977575
1553.3477346313102,1553.3477346313102,0.9991115,0.0023956776
1553.349123522656,1553.349123522656,0.995683,0.002397869
1553.3505124142348,1553.3505124142348,0.99824625,0.0023986108
1553.3519013055793,1553.3519013055793,0.9957221,0.00240064
1553.3532901971566,1553.3532901971566,0.9945986,0.0023938909
1553.3546790885018,1553.3546790885018,0.99707836,0.0023966557
1553.356067979847,1553.356067979847,0.999009,0.0023959472
1553.3574568714243,1553.3574568714243,0.9969752,0.002394127
1553.3588457627702,1553.3588457627702,0.99458104,0.0023984362
1553.3602346543487,1553.3602346543487,0.9983989,0.002392485
1553.3616235456932,1553.3616235456932,1.0019454,0.00240026
1553.3630124370377,1553.3630124370377,0.99489874,0.0023999545
1553.3644013286157,1553.3644013286157,0.9972631,0.0023942143
1553.365790219961,1553.365790219961,0.99444675,0.0023954466
1553.3671791113054,1553.3671791113054,0.9942574,0.0023939759
1553.3685680026513,1553.3685680026513,0.9956462,0.0023990208
1553.36995689423,1553.36995689423,0.99835783,0.0023968755
1553.3713457855745,1553.3713457855745,0.9966395,0.002394591
1553.372734676919,1553.372734676919,0.99342537,0.002392824
1553.374123568264,1553.374123568264,0.99848104,0.00239527
1553.375512459842,1553.375512459842,0.99792147,0.002395715
1553.3769013511865,1553.3769013511865,0.9962974,0.002396412
1553.378290242531,1553.378290242531,0.99643606,0.002404945
1553.3796791338768,1553.3796791338768,0.99593157,0.0024020232
1553.3810680252227,1553.3810680252227,0.99806696,0.0023963447
1553.3824569165672,1553.3824569165672,0.99424696,0.002398989
1553.3838458081452,1553.3838458081452,0.9940606,0.0023948792
1553.3852346994904,1553.3852346994904,0.99663204,0.0023998534
1553.386623590835,1553.386623590835,0.9935678,0.002394302
1553.3880124821792,1553.3880124821792,0.99674124,0.0023948152
1553.389401373525,1553.389401373525,0.993864,0.002394664
1553.390790264871,1553.390790264871,0.9976004,0.002395172
1553.3921791562154,1553.3921791562154,0.9948331,0.0023958348
1553.39356804756,1553.39356804756,0.9944027,0.0023925293
1553.3949569389051,1553.3949569389051,0.996426,0.0023953216
1553.3963458302503,1553.3963458302503,0.9931132,0.0023921938
1553.3977347215948,1553.3977347215948,0.99208117,0.0023921065
1553.3991236129407,1553.3991236129407,0.99416405,0.0023957144
1553.4005125042866,1553.4005125042866,0.9966026,0.0023953454
1553.401901395631,1553.401901395631,0.99231,0.0023976273
1553.4032902869753,1553.4032902869753,0.99968666,0.0023973263
1553.4046791783205,1553.4046791783205,0.9921294,0.0023927134
1553.4060680694329,1553.4060680694329,0.9920643,0.0023941302
1553.4074569607774,1553.4074569607774,0.993567,0.002393965
1553.4088458521219,1553.4088458521219,0.99167264,0.0023959693
1553.4102347434678,1553.4102347434678,0.99508154,0.0023944427
1553.4116236348136,1553.4116236348136,0.9936436,0.0023923018
1553.4130125261581,1553.4130125261581,0.9919199,0.0023957852
1553.4144014172705,1553.4144014172705,0.99247557,0.0023931619
1553.4157903086157,1553.4157903086157,0.99244356,0.0023945419
1553.41717919996,1553.41717919996,0.9930439,0.0023943032
1553.4185680913045,1553.4185680913045,0.98907846,0.0023919672
1553.4199569824175,1553.4199569824175,0.9894093,0.0023942036
1553.4213458737634,1553.4213458737634,0.9912649,0.00239484
1553.4227347651079,1553.4227347651079,0.9921208,0.0023961863
1553.4241236562195,1553.4241236562195,0.9902697,0.0023939197
1553.4255125475647,1553.4255125475647,0.99178064,0.002395446
1553.42690143891,1553.42690143891,0.99199086,0.0023944958
1553.4282903300216,1553.4282903300216,0.9932658,0.0023941437
1553.4296792213675,1553.4296792213675,0.99179983,0.0023952916
1553.4310681127133,1553.4310681127133,0.9913857,0.0023947987
1553.4324570038248,1553.4324570038248,0.99624467,0.0023962113
1553.4338458951693,1553.4338458951693,0.99413383,0.0023947349
1553.4352347862816,1553.4352347862816,0.99030674,0.002392196
1553.4366236776268,1553.4366236776268,0.989585,0.0023924625
1553.4380125687385,1553.4380125687385,0.9929958,0.0023906082
1553.439401460083,1553.439401460083,0.99374324,0.0023956683
1553.440790351196,1553.440790351196,0.99334645,0.0023933845
1553.442179242542,1553.442179242542,0.99187285,0.0023947023
1553.4435681336536,1553.4435681336536,0.9906928,0.0023937197
1553.4449570249988,1553.4449570249988,0.9931382,0.0023924725
1553.4463459161109,1553.4463459161109,0.9879991,0.0023980385
1553.4477348074554,1553.4477348074554,0.99135816,0.0023961316
1553.449123698567,1553.449123698567,0.98686427,0.0023942124
1553.45051258968,1553.45051258968,0.9948324,0.002400153
1553.451901481026,1553.451901481026,0.99255234,0.0024032807
1553.4532903721376,1553.4532903721376,0.98904383,0.0023893781
1553.4546792634821,1553.4546792634821,0.99095374,0.0023953603
1553.4560681545945,1553.4560681545945,0.98903257,0.002391025
1553.4574570457069,1553.4574570457069,0.9913122,0.002392636
1553.4588459370514,1553.4588459370514,0.9866195,0.0023920217
1553.4602348281642,1553.4602348281642,0.9968726,0.0023947968
1553.4616237192772,1553.4616237192772,0.99240744,0.0023920739
1553.463012610389,1553.463012610389,0.990984,0.0023928764
1553.4644015017334,1553.4644015017334,0.99054694,0.0023954362
1553.4657903928457,1553.4657903928457,0.9895136,0.0023941568
1553.467179283958,1553.467179283958,0.9917646,0.0024045352
1553.4685681750698,1553.4685681750698,0.9860838,0.0023907153
1553.4699570661815,1553.4699570661815,0.9893555,0.0023902995
1553.4713459575273,1553.4713459575273,0.98666483,0.0023898797
1553.4727348486404,1553.4727348486404,0.98727465,0.0023922564
1553.4741237397518,1553.4741237397518,0.98851717,0.0023920476
1553.4755126308642,1553.4755126308642,0.9870157,0.0023900494
1553.4769015219765,1553.4769015219765,0.9877979,0.002393059
1553.4782904130882,1553.4782904130882,0.98783207,0.0023908105
1553.4796793041999,1553.4796793041999,0.988293,0.0023913013
1553.481068195313,1553.481068195313,0.9894374,0.0023916326
1553.482457086426,1553.482457086426,0.986558,0.0023926252
1553.4838459775376,1553.4838459775376,0.98815244,0.0023934925
1553.48523486865,1553.48523486865,0.9856282,0.0023900392
1553.4866237597623,1553.4866237597623,0.9892003,0.002393926
1553.488012650874,1553.488012650874,0.9843915,0.0023912468
1553.4894015419854,1553.4894015419854,0.9881233,0.0023926548
1553.4907904330985,1553.4907904330985,0.9852157,0.002388882
1553.4921793242115,1553.4921793242115,0.9855855,0.002393701
1553.4935682153232,1553.4935682153232,0.98685044,0.002390587
1553.4949571064349,1553.4949571064349,0.9868568,0.0024000886
1553.4963459975472,1553.4963459975472,0.98663664,0.0023996078
1553.4977348886596,1553.4977348886596,0.985645,0.0023894943
1553.4991237795384,1553.4991237795384,0.985706,0.002391025
1553.5005126706508,1553.5005126706508,0.985512,0.002390414
1553.5019015617638,1553.5019015617638,0.98551786,0.0023891912
1553.503290452876,1553.503290452876,0.9902339,0.0023932888
1553.5046793439876,1553.5046793439876,0.9854614,0.0023938192
1553.5060682348671,1553.5060682348671,0.9891194,0.0023940974
1553.5074571259795,1553.5074571259795,0.98438203,0.0023895728
1553.5088460170912,1553.5088460170912,0.9876609,0.0023923386
1553.5102349082028,1553.5102349082028,0.98509616,0.002394308
1553.511623799083,1553.511623799083,0.98669344,0.002392338
1553.513012690196,1553.513012690196,0.9878895,0.0024022504
1553.5144015813078,1553.5144015813078,0.98994213,0.0023916366
1553.5157904721873,1553.5157904721873,0.9883273,0.0023914622
1553.5171793632996,1553.5171793632996,0.98725533,0.0023907642
1553.518568254411,1553.518568254411,0.98961234,0.002400955
1553.51995714529,1553.51995714529,0.98428416,0.0023893572
1553.521346036403,1553.521346036403,0.9828428,0.0023943372
1553.522734927516,1553.522734927516,0.98357123,0.0023905751
1553.5241238183949,1553.5241238183949,0.98564535,0.002387604
1553.5255127095065,1553.5255127095065,0.9829286,0.002398606
1553.526901600386,1553.526901600386,0.98584944,0.0023908347
1553.5282904914984,1553.5282904914984,0.9844484,0.0023971405
1553.5296793823773,1553.5296793823773,0.9840429,0.0023902059
1553.5310682734896,1553.5310682734896,0.9829964,0.0023897956
1553.5324571643698,1553.5324571643698,0.9842551,0.0023893828
1553.533846055482,1553.533846055482,0.9844328,0.0023896396
1553.5352349463608,1553.5352349463608,0.9843159,0.0023886573
1553.5366238374731,1553.5366238374731,0.98530143,0.00239554
1553.5380127283527,1553.5380127283527,0.98228323,0.0023889064
1553.5394016192315,1553.5394016192315,0.9843376,0.0023937009
1553.5407905103432,1553.5407905103432,0.98478997,0.0023919223
1553.5421794012234,1553.5421794012234,0.98250717,0.0023880142
1553.5435682921036,1553.5435682921036,0.98088735,0.0023918506
1553.5449571832153,1553.5449571832153,0.9853265,0.002398208
1553.5463460740946,1553.5463460740946,0.9848143,0.0023883607
1553.547734964974,1553.547734964974,0.9859622,0.0023942755
1553.5491238560858,1553.5491238560858,0.9834453,0.0023874163
1553.5505127469646,1553.5505127469646,0.9824243,0.0024002744
1553.5519016378448,1553.5519016378448,0.9830665,0.0023901898
1553.553290528725,1553.553290528725,0.9849673,0.0023923446
1553.5546794198367,1553.5546794198367,0.98553556,0.002391355
1553.5560683107155,1553.5560683107155,0.98640573,0.0023875777
1553.557457201595,1553.557457201595,0.9837814,0.0023909109
1553.5588460924746,1553.5588460924746,0.987008,0.0024011033
1553.5602349833532,1553.5602349833532,0.97976494,0.0023867933
1553.5616238744656,1553.5616238744656,0.9796103,0.0023868582
1553.5630127653458,1553.5630127653458,0.98041403,0.0023859232
1553.5644016562253,1553.5644016562253,0.9790942,0.0023889157
1553.5657905471041,1553.5657905471041,0.98186195,0.0023913945
1553.5671794379837,1553.5671794379837,0.98288095,0.0023905046
1553.5685683288632,1553.5685683288632,0.98526424,0.002401989
1553.569957219742,1553.569957219742,0.98472846,0.0023890587
1553.5713461106209,1553.5713461106209,0.9854631,0.002393691
1553.572735001501,1553.572735001501,0.9816513,0.0023894918
1553.5741238923813,1553.5741238923813,0.9828657,0.0023906012
1553.5755127832601,1553.5755127832601,0.9851065,0.0023931111
1553.5769016741394,1553.5769016741394,0.9829148,0.002389464
1553.578290565019,1553.578290565019,0.9815421,0.0023884044
1553.5796794558978,1553.5796794558978,0.98366857,0.0023949388
1553.5810683467766,1553.5810683467766,0.9853368,0.002397954
1553.5824572376569,1553.5824572376569,0.9820798,0.0023866468
1553.583846128537,1553.583846128537,0.98500115,0.0023869963
1553.585235019416,1553.585235019416,0.9826285,0.002389236
1553.5866239100626,1553.5866239100626,0.9827798,0.0023866096
1553.5880128009421,1553.5880128009421,0.9824296,0.0023879295
1553.5894016918207,1553.5894016918207,0.98427755,0.0023870834
1553.5907905826996,1553.5907905826996,0.9808908,0.002390877
1553.592179473579,1553.592179473579,0.9806775,0.0023882736
1553.5935683642265,1553.5935683642265,0.9824083,0.0023903954
1553.594957255106,1553.594957255106,0.9802776,0.002386973
1553.5963461459849,1553.5963461459849,0.9796687,0.002385891
1553.5977350368644,1553.5977350368644,0.98039156,0.0023885868
1553.599123927511,1553.599123927511,0.98035437,0.0023882953
1553.60051281839,1553.60051281839,0.9813701,0.0023874873
1553.6019017092694,1553.6019017092694,0.9808298,0.002387851
1553.6032905999168,1553.6032905999168,0.9813655,0.0023880128
1553.6046794907963,1553.6046794907963,0.97938013,0.0023945544
1553.606068381675,1553.606068381675,0.98161614,0.0023880315
1553.6074572723217,1553.6074572723217,0.98166984,0.0023856093
1553.6088461632012,1553.6088461632012,0.98167664,0.0023905563
1553.61023505408,1553.61023505408,0.97866285,0.0023868505
1553.611623944726,1553.611623944726,0.98025775,0.0023853125
1553.6130128356056,1553.6130128356056,0.9782441,0.0023973954
1553.614401726253,1553.614401726253,0.97952527,0.0023873327
1553.6157906171325,1553.6157906171325,0.9819374,0.002389519
1553.6171795077792,1553.6171795077792,0.97687197,0.0023878082
1553.6185683986585,1553.6185683986585,0.981199,0.002387459
1553.6199572893045,1553.6199572893045,0.979769,0.0023881216
1553.6213461801833,1553.6213461801833,0.9784038,0.002387919
1553.62273507083,1553.62273507083,0.98292077,0.0023932809
1553.6241239614774,1553.6241239614774,0.98494726,0.0023934387
1553.625512852357,1553.625512852357,0.98337126,0.0023938257
1553.626901743003,1553.626901743003,0.9837914,0.0023893793
1553.6282906338824,1553.6282906338824,0.9833448,0.0023900894
1553.6296795245291,1553.6296795245291,0.9802755,0.0023882242
1553.6310684151752,1553.6310684151752,0.98153275,0.0023918564
1553.6324573060544,1553.6324573060544,0.9812302,0.00239285
1553.6338461967018,1553.6338461967018,0.9826371,0.0023891616
1553.6352350873485,1553.6352350873485,0.9783309,0.0023877625
1553.6366239782274,1553.6366239782274,0.9805752,0.0023888769
1553.638012868874,1553.638012868874,0.9793264,0.0023846831
1553.6394017595208,1553.6394017595208,0.98238957,0.0023885788
1553.6407906501668,1553.6407906501668,0.9809488,0.002385595
1553.6421795408128,1553.6421795408128,0.978884,0.0023873348
1553.6435684316923,1553.6435684316923,0.9768412,0.002385918
1553.6449573223397,1553.6449573223397,0.98121387,0.0023881434
1553.6463462129864,1553.6463462129864,0.97768784,0.0023911048
1553.647735103633,1553.647735103633,0.9791672,0.0023846664
1553.6491239942795,1553.6491239942795,0.9852851,0.0023919314
1553.6505128849255,1553.6505128849255,0.9807274,0.0023873914
1553.6519017755716,1553.6519017755716,0.9827176,0.0023902426
1553.653290666451,1553.653290666451,0.9805612,0.002386805
1553.6546795570985,1553.6546795570985,0.9827731,0.0023873958
1553.6560684477452,1553.6560684477452,0.97728163,0.002389245
1553.6574573383912,1553.6574573383912,0.97913724,0.002396059
1553.6588462290379,1553.6588462290379,0.9800489,0.0023873
1553.6602351196846,1553.6602351196846,0.98110604,0.0023930708
1553.6616240103306,1553.6616240103306,0.9815974,0.0023919775
1553.663012900977,1553.663012900977,0.98136723,0.0023885658
1553.6644017916244,1553.6644017916244,0.9801914,0.002388971
1553.665790682271,1553.665790682271,0.981259,0.0023884005
1553.6671795726843,1553.6671795726843,0.97973907,0.002388266
1553.668568463331,1553.668568463331,0.97855306,0.0023874757
1553.6699573539777,1553.6699573539777,0.97859097,0.0023915442
1553.6713462446237,1553.6713462446237,0.97607404,0.0023855644
1553.6727351352697,1553.6727351352697,0.98271227,0.0023874578
1553.6741240259164,1553.6741240259164,0.97792834,0.0023851655
1553.6755129165638,1553.6755129165638,0.97850454,0.002383839
1553.6769018069774,1553.6769018069774,0.97963595,0.002392512
1553.678290697624,1553.678290697624,0.97918177,0.002385461
1553.6796795882708,1553.6796795882708,0.9803042,0.002384968
1553.6810684789168,1553.6810684789168,0.97748953,0.002384387
1553.68245736933,1553.68245736933,0.97855324,0.00238807
1553.6838462599767,1553.6838462599767,0.9776365,0.0023883833
1553.685235150624,1553.685235150624,0.9795786,0.0023866151
1553.6866240412708,1553.6866240412708,0.97709334,0.0023933316
1553.688012931684,1553.688012931684,0.97761816,0.0023852065
1553.6894018223306,1553.6894018223306,0.98062503,0.0023896964
1553.6907907127445,1553.6907907127445,0.97746575,0.002384887
1553.6921796033903,1553.6921796033903,0.9803899,0.0023891057
1553.693568494037,1553.693568494037,0.97807,0.0023884394
1553.6949573844508,1553.6949573844508,0.97948986,0.0023869337
1553.6963462750975,1553.6963462750975,0.9807059,0.0023892876
1553.6977351655114,1553.6977351655114,0.9789111,0.0023877642
1553.699124056158,1553.699124056158,0.97967494,0.0023869325
1553.700512946572,1553.700512946572,0.98014516,0.0023857509
1553.701901837218,1553.701901837218,0.97546715,0.002384602
1553.7032907276318,1553.7032907276318,0.9786033,0.0023867947
1553.7046796182783,1553.7046796182783,0.9820171,0.002389783
1553.7060685086922,1553.7060685086922,0.97810775,0.0023858766
1553.7074573993389,1553.7074573993389,0.9764306,0.0023847842
1553.7088462897527,1553.7088462897527,0.9753545,0.0023838596
1553.7102351803994,1553.7102351803994,0.9798526,0.0023898007
1553.7116240708126,1553.7116240708126,0.97861856,0.0023844074
1553.7130129612258,1553.7130129612258,0.97963256,0.0023870734
1553.7144018518725,1553.7144018518725,0.979863,0.002390079
1553.715790742287,1553.715790742287,0.97833735,0.002393922
1553.717179632701,1553.717179632701,0.9780859,0.002385008
1553.7185685233476,1553.7185685233476,0.9820449,0.0023882021
1553.7199574137614,1553.7199574137614,0.97977704,0.0023883237
1553.7213463041744,1553.7213463041744,0.97798723,0.0023853446
1553.7227351945876,1553.7227351945876,0.97873884,0.0023842803
1553.7241240852343,1553.7241240852343,0.9787227,0.0023948092
1553.7255129756481,1553.7255129756481,0.9764165,0.0023858196
1553.726901866062,1553.726901866062,0.9794708,0.0023948008
1553.7282907564759,1553.7282907564759,0.98023075,0.0023892734
1553.7296796468897,1553.7296796468897,0.9795278,0.0023877802
1553.7310685375364,1553.7310685375364,0.9803279,0.002387448
1553.7324574279494,1553.7324574279494,0.9837665,0.0023892191
1553.7338463183632,1553.7338463183632,0.98388857,0.0023883723
1553.735235208777,1553.735235208777,0.9837185,0.0023870661
1553.736624099191,1553.736624099191,0.9820595,0.002389361
1553.7380129896048,1553.7380129896048,0.9818692,0.0023872328
1553.7394018800187,1553.7394018800187,0.98121536,0.0023871902
1553.7407907704326,1553.7407907704326,0.9819388,0.0023888696
1553.7421796608457,1553.7421796608457,0.98289716,0.0023877062
1553.743568551259,1553.743568551259,0.9830797,0.0023855176
1553.7449574416728,1553.7449574416728,0.9826409,0.0023893432
1553.7463463320867,1553.7463463320867,0.9818336,0.002388458
1553.7477352225003,1553.7477352225003,0.983489,0.002389074
1553.7491241129148,1553.7491241129148,0.98455334,0.0023963873
1553.7505130033287,1553.7505130033287,0.97958845,0.0023870459
1553.751901893742,1553.751901893742,0.98135805,0.002389123
1553.753290784155,1553.753290784155,0.98043716,0.0023894154
1553.754679674336,1553.754679674336,0.9809092,0.0023885788
1553.75606856475,1553.75606856475,0.98188025,0.0023886738
1553.7574574551638,1553.7574574551638,0.98342264,0.002389598
1553.7588463455777,1553.7588463455777,0.9815499,0.0023898708
1553.7602352359916,1553.7602352359916,0.98162466,0.0023908783
1553.7616241264052,1553.7616241264052,0.9829684,0.0023894585
1553.7630130165855,1553.7630130165855,0.98231,0.0023875923
1553.7644019069994,1553.7644019069994,0.98015755,0.002387907
1553.7657907974133,1553.7657907974133,0.9814107,0.0023883278
1553.7671796875936,1553.7671796875936,0.98205835,0.0023886755
1553.7685685780075,1553.7685685780075,0.98491013,0.0023896839
1553.769957468422,1553.769957468422,0.98294324,0.002385944
1553.771346358603,1553.771346358603,0.98232114,0.0023912396
1553.7727352490163,1553.7727352490163,0.98031837,0.0023871
1553.7741241394294,1553.7741241394294,0.9785601,0.0023878042
1553.7755130296105,1553.7755130296105,0.98088044,0.00238933
1553.7769019200243,1553.7769019200243,0.97757757,0.002386809
1553.7782908102051,1553.7782908102051,0.9816271,0.0023869136
1553.7796797006197,1553.7796797006197,0.9803862,0.002390484
1553.7810685910335,1553.7810685910335,0.9807339,0.0023982076
1553.782457481214,1553.782457481214,0.98204476,0.0023884426
1553.783846371627,1553.783846371627,0.9812879,0.0023900268
1553.785235261808,1553.785235261808,0.98231745,0.0023858857
1553.786624152222,1553.786624152222,0.9813263,0.0023898114
1553.788013042403,1553.788013042403,0.98201257,0.0023867993
1553.789401932584,1553.789401932584,0.97972894,0.0023857702
1553.790790822998,1553.790790822998,0.9820698,0.0023880848
1553.7921797131787,1553.7921797131787,0.98234814,0.0023895742
1553.793568603592,1553.793568603592,0.98541737,0.0023945426
1553.794957493773,1553.794957493773,0.9832081,0.0023962029
1553.796346383954,1553.796346383954,0.9798957,0.0023902184
1553.7977352743671,1553.7977352743671,0.9826957,0.0023897407
1553.7991241645482,1553.7991241645482,0.98330784,0.0023900177
1553.80051305473,1553.80051305473,0.98330575,0.0023881055
1553.801901944911,1553.801901944911,0.9823152,0.0023876403
1553.803290835324,1553.803290835324,0.9810372,0.0023863413
1553.8046797255045,1553.8046797255045,0.98334706,0.0023878226
1553.8060686156853,1553.8060686156853,0.98582375,0.0023953535
1553.8074575058663,1553.8074575058663,0.98117214,0.0023870273
1553.8088463962802,1553.8088463962802,0.9852619,0.0023899688
1553.8102352864619,1553.8102352864619,0.9820738,0.0023857513
1553.811624176643,1553.811624176643,0.98096067,0.002386938
1553.8130130668233,1553.8130130668233,0.98423004,0.0023928685
1553.8144019570036,1553.8144019570036,0.9827922,0.0023899074
1553.8157908471846,1553.8157908471846,0.98599756,0.0023950487
1553.8171797373657,1553.8171797373657,0.9824749,0.002387557
1553.8185686275458,1553.8185686275458,0.98642474,0.0023968597
1553.8199575177275,1553.8199575177275,0.9836007,0.002391576
1553.821346408142,1553.821346408142,0.98632425,0.0023898978
1553.8227352983224,1553.8227352983224,0.9814103,0.0023882668
1553.8241241885028,1553.8241241885028,0.982395,0.0023916233
1553.825513078451,1553.825513078451,0.98396,0.00238873
1553.826901968632,1553.826901968632,0.98795414,0.0023920322
1553.8282908588124,1553.8282908588124,0.98587,0.0023896873
1553.8296797489934,1553.8296797489934,0.9823357,0.0023888291
1553.831068639175,1553.831068639175,0.98432744,0.002389644
1553.8324575293561,1553.8324575293561,0.98596615,0.0023877895
1553.8338464195365,1553.8338464195365,0.9878127,0.0023908943
1553.8352353097173,1553.8352353097173,0.98786104,0.0023949277
1553.8366241998983,1553.8366241998983,0.991524,0.0023944152
1553.8380130900787,1553.8380130900787,0.98649645,0.0023916573
1553.8394019800262,1553.8394019800262,0.9816504,0.002389093
1553.840790870208,1553.840790870208,0.98623174,0.0023892778
1553.8421797603896,1553.8421797603896,0.98204947,0.002388235
1553.84356865057,1553.84356865057,0.9877509,0.0023916252
1553.8449575405175,1553.8449575405175,0.9869351,0.002395317
1553.8463464306985,1553.8463464306985,0.9813013,0.0023873448
1553.8477353208793,1553.8477353208793,0.98152477,0.0023869292
1553.8491242108269,1553.8491242108269,0.98876077,0.0023906385
1553.8505131010086,1553.8505131010086,0.9843719,0.0023887805
1553.8519019911903,1553.8519019911903,0.9879005,0.0023897097
1553.8532908811378,1553.8532908811378,0.9879342,0.0023932701
1553.8546797713182,1553.8546797713182,0.98432165,0.0023906694
1553.8560686614992,1553.8560686614992,0.9850562,0.0023921523
1553.8574575514474,1553.8574575514474,0.98653424,0.0023906517
1553.8588464416277,1553.8588464416277,0.98638564,0.0023908725
1553.860235331576,1553.860235331576,0.9858253,0.0023891618
1553.8616242217577,1553.8616242217577,0.9844791,0.0023910904
1553.8630131117059,1553.8630131117059,0.988153,0.0023918082
1553.864402001886,1553.864402001886,0.9888854,0.0023923388
1553.8657908918342,1553.8657908918342,0.9862772,0.0023901756
1553.8671797820152,1553.8671797820152,0.98661774,0.002388651
1553.8685686719627,1553.8685686719627,0.98770726,0.002389374
1553.8699575619103,1553.8699575619103,0.98490953,0.0023927214
1553.871346452092,1553.871346452092,0.98800945,0.0023896503
1553.8727353420409,1553.8727353420409,0.9880567,0.0023913376
1553.8741242322212,1553.8741242322212,0.99102354,0.0023908624
1553.8755131221687,1553.8755131221687,0.9898463,0.0023935859
1553.876902012117,1553.876902012117,0.98747724,0.0023917875
1553.8782909022977,1553.8782909022977,0.99240065,0.002397696
1553.8796797922453,1553.8796797922453,0.9912422,0.0023913032
1553.8810686821942,1553.8810686821942,0.9864074,0.0023899104
1553.882457572143,1553.882457572143,0.98607683,0.0023996092
1553.8838464623234,1553.8838464623234,0.98914504,0.002391735
1553.885235352271,1553.885235352271,0.9884455,0.002391693
1553.886624242219,1553.886624242219,0.98639697,0.0023940962
1553.8880131321673,1553.8880131321673,0.992472,0.002397354
1553.8894020221148,1553.8894020221148,0.9907024,0.0023964024
1553.8907909122952,1553.8907909122952,0.990329,0.0023923449
1553.8921798022438,1553.8921798022438,0.98939234,0.0023977798
1553.8935686921927,1553.8935686921927,0.9894533,0.0023963386
1553.8949575821403,1553.8949575821403,0.9879739,0.0023918785
1553.8963464720885,1553.8963464720885,0.9910588,0.002394959
1553.8977353620367,1553.8977353620367,0.99165237,0.0023917553
1553.8991242519842,1553.8991242519842,0.9865715,0.0023900499
1553.9005131419317,1553.9005131419317,0.98943824,0.0023914436
1553.9019020318806,1553.9019020318806,0.9889249,0.002397429
1553.9032909218295,1553.9032909218295,0.99096423,0.0024017645
1553.904679811777,1553.904679811777,0.9921384,0.0023973505
1553.9060687017243,1553.9060687017243,0.99352133,0.0023919265
1553.9074575916725,1553.9074575916725,0.99182767,0.0023928802
1553.9088464816207,1553.9088464816207,0.993656,0.002393999
1553.9102353715682,1553.9102353715682,0.99115515,0.002396502
1553.9116242615164,1553.9116242615164,0.9946752,0.0023997717
1553.9130131512325,1553.9130131512325,0.99074054,0.0023922331
1553.9144020411807,1553.9144020411807,0.99091816,0.0023938576
1553.9157909311282,1553.9157909311282,0.9941186,0.0023927244
1553.9171798210764,1553.9171798210764,0.98916286,0.00239344
1553.9185687110246,1553.9185687110246,0.9942211,0.0023972637
1553.9199576007393,1553.9199576007393,0.9929638,0.0023930946
1553.9213464906866,1553.9213464906866,0.99171835,0.0023933945
1553.9227353806355,1553.9227353806355,0.99245256,0.0023909714
1553.9241242705843,1553.9241242705843,0.99348664,0.0023938394
1553.925513160299,1553.925513160299,0.9913378,0.0023948082
1553.9269020502472,1553.9269020502472,0.989679,0.002389394
1553.9282909401954,1553.9282909401954,0.99302375,0.002400411
1553.9296798299101,1553.9296798299101,0.9948397,0.002392955
1553.9310687198576,1553.9310687198576,0.9945733,0.0023930545
1553.932457609573,1553.932457609573,0.9929082,0.0023926108
1553.933846499522,1553.933846499522,0.9946855,0.002396852
1553.9352353894699,1553.9352353894699,0.99005365,0.0023915204
1553.9366242791853,1553.9366242791853,0.99264145,0.0023947596
1553.9380131691335,1553.9380131691335,0.9944366,0.0024015286
1553.9394020588481,1553.9394020588481,0.99356765,0.0023962203
1553.9407909487957,1553.9407909487957,0.99639547,0.0024039557
1553.942179838511,1553.942179838511,0.99462163,0.0023968362
1553.94356872846,1553.94356872846,0.9947939,0.0023935735
1553.9449576181753,1553.9449576181753,0.9955237,0.002393148
1553.94634650789,1553.94634650789,0.99373037,0.0023948757
1553.9477353978382,1553.9477353978382,0.99622524,0.002395425
1553.9491242875536,1553.9491242875536,0.99613965,0.002395398
1553.9505131775009,1553.9505131775009,0.99269456,0.0023954231
1553.9519020672162,1553.9519020672162,0.9947824,0.002392975
1553.9532909569316,1553.9532909569316,0.99563336,0.0023933423
1553.9546798468798,1553.9546798468798,0.9937325,0.0023952944
1553.9560687365952,1553.9560687365952,0.9972745,0.002398524
1553.9574576263105,1553.9574576263105,0.9970043,0.0024060372
1553.958846516026,1553.958846516026,0.9964513,0.0023985303
1553.9602354059734,1553.9602354059734,0.99152344,0.0024064959
1553.9616242956881,1553.9616242956881,0.9957882,0.0023956746
1553.9630131854035,1553.9630131854035,0.9975718,0.0023944166
1553.9644020751193,1553.9644020751193,0.99661,0.0023968546
1553.9657909648347,1553.9657909648347,0.99609417,0.0023935311
1553.967179854783,1553.967179854783,0.9970324,0.0023932916
1553.9685687444983,1553.9685687444983,0.9960598,0.002395273
1553.969957634213,1553.969957634213,0.9963363,0.0023975428
1553.9713465239277,1553.9713465239277,0.9955913,0.0023992464
1553.972735413643,1553.972735413643,0.9969001,0.0023961258
1553.9741243033584,1553.9741243033584,1.0007663,0.0023957575
1553.9755131930738,1553.9755131930738,0.9946117,0.0023989207
1553.9769020827891,1553.9769020827891,0.99717355,0.0023943314
1553.9782909725043,1553.9782909725043,0.99686986,0.0024017612
1553.9796798622197,1553.9796798622197,0.99426585,0.0023955442
1553.9810687519343,1553.9810687519343,0.9956621,0.0023977668
1553.9824576416497,1553.9824576416497,0.9976757,0.0023957212
1553.983846531365,1553.983846531365,0.999451,0.002403274
1553.9852354210805,1553.9852354210805,0.99989116,0.0023933172
1553.9866243107958,1553.9866243107958,1.000584,0.002398408
1553.9880132002784,1553.9880132002784,0.9989235,0.0023974485
1553.9894020899937,1553.9894020899937,0.9972987,0.0024028362
1553.9907909797084,1553.9907909797084,0.9975559,0.0023947782
1553.992179869423,1553.992179869423,1.0010831,0.002396266
1553.9935687591383,1553.9935687591383,0.99759376,0.0023976855
1553.9949576486208,1553.9949576486208,0.9986546,0.0023982082
1553.9963465383362,1553.9963465383362,0.9968186,0.0023959202
1553.9977354280522,1553.9977354280522,0.9982848,0.0024049554
1553.9991243177676,1553.9991243177676,0.9970362,0.002397516
1554.0005132072495,1554.0005132072495,0.996654,0.002394115
1554.0019020969642,1554.0019020969642,0.9997139,0.0023970047
1554.0032909866795,1554.0032909866795,1.003671,0.0024008956
1554.004679876162,1554.004679876162,0.9997233,0.0023994104
1554.0060687658772,1554.0060687658772,1.0054907,0.0023996953
1554.0074576553598,1554.0074576553598,1.0013105,0.0023969938
1554.0088465450751,1554.0088465450751,0.9989926,0.002395491
1554.0102354347905,1554.0102354347905,1.0005674,0.0023975633
1554.0116243242724,1554.0116243242724,1.0044491,0.002396926
1554.0130132139877,1554.0130132139877,1.0011907,0.0023982795
1554.0144021034703,1554.0144021034703,1.0006499,0.0023965838
1554.0157909931856,1554.0157909931856,1.0015016,0.0023986408
1554.0171798826682,1554.0171798826682,1.0004562,0.0024009817
1554.0185687723836,1554.0185687723836,1.0019974,0.0023966697
1554.019957661866,1554.019957661866,1.0014342,0.0023981058
1554.0213465513477,1554.0213465513477,0.9972543,0.0023950005
1554.0227354410624,1554.0227354410624,0.99995863,0.0023992339
1554.024124330545,1554.024124330545,1.0008662,0.002399824
1554.0255132200275,1554.0255132200275,0.99750346,0.0023949004
1554.0269021097429,1554.0269021097429,0.9966566,0.0023977957
1554.028290999226,1554.028290999226,0.9990087,0.002396797
1554.0296798887086,1554.0296798887086,1.0003899,0.0024001063
1554.0310687784233,1554.0310687784233,1.0000932,0.0023979098
1554.0324576679052,1554.0324576679052,0.9993909,0.002397271
1554.0338465573877,1554.0338465573877,1.0005238,0.0023979107
1554.0352354468703,1554.0352354468703,1.0006832,0.0024018649
1554.0366243365854,1554.0366243365854,0.99825186,0.0023975172
1554.0380132260686,1554.0380132260686,1.0009717,0.0024003165
1554.0394021155512,1554.0394021155512,1.0036622,0.0023977137
1554.040791005033,1554.040791005033,0.9983039,0.002395908
1554.042179894515,1554.042179894515,1.0003,0.002397023
1554.0435687839974,1554.0435687839974,1.0025823,0.0024006926
1554.04495767348,1554.04495767348,1.0014902,0.0023987682
1554.0463465629618,1554.0463465629618,1.000255,0.0023949055
1554.0477354526772,1554.0477354526772,1.002792,0.002399744
1554.0491243421604,1554.0491243421604,1.002327,0.002400516
1554.0505132316428,1554.0505132316428,1.0007592,0.0023983733
1554.0519021211246,1554.0519021211246,1.0048035,0.002398899
1554.0532910106072,1554.0532910106072,0.99667025,0.002398195
1554.0546798998569,1554.0546798998569,0.9976361,0.0023965028
1554.0560687893387,1554.0560687893387,1.004725,0.0023996865
1554.0574576788206,1554.0574576788206,1.0045266,0.0024063874
1554.0588465683038,1554.0588465683038,1.0008043,0.00240053
1554.060235457787,1554.060235457787,1.0028805,0.002398807
1554.061624347269,1554.061624347269,1.0019321,0.0023969384
1554.0630132367507,1554.0630132367507,1.0030835,0.0024049897
1554.064402126233,1554.064402126233,1.001089,0.0023975316
1554.0657910154828,1554.0657910154828,1.0034945,0.0023992728
1554.0671799049646,1554.0671799049646,1.0042582,0.0024018695
1554.0685687944479,1554.0685687944479,1.0015411,0.0023988502
1554.069957683931,1554.069957683931,1.0048846,0.0024036812
1554.07134657318,1554.07134657318,1.0057617,0.002398842
1554.072735462662,1554.072735462662,1.0019004,0.0023986257
1554.0741243521445,1554.0741243521445,1.0033622,0.0024030963
1554.0755132413942,1554.0755132413942,1.0051486,0.0024027347
1554.076902130876,1554.076902130876,1.0062087,0.0023989081
1554.0782910203577,1554.0782910203577,1.0037928,0.0023982523
1554.079679909608,1554.079679909608,1.0059128,0.0024048467
1554.0810687990913,1554.0810687990913,1.0035763,0.0023997533
1554.0824576883404,1554.0824576883404,1.0038728,0.0023981805
1554.083846577823,1554.083846577823,1.0047333,0.0023985521
1554.0852354670726,1554.0852354670726,1.0025373,0.0023996993
1554.0866243565545,1554.0866243565545,1.0058277,0.0024003375
1554.0880132458035,1554.0880132458035,1.0040524,0.002399978
1554.0894021352867,1554.0894021352867,1.0049183,0.0024007333
1554.090791024537,1554.090791024537,1.0069717,0.0024003456
1554.092179914019,1554.092179914019,1.0066111,0.002406138
1554.0935688032678,1554.0935688032678,1.0092593,0.002404689
1554.0949576927503,1554.0949576927503,1.0065379,0.0024091343
1554.096346582,1554.096346582,1.0034848,0.0023991105
1554.097735471249,1554.097735471249,1.009637,0.002400595
1554.0991243607316,1554.0991243607316,1.0041046,0.0023977363
1554.100513249982,1554.100513249982,1.004692,0.002401163
1554.1019021392317,1554.1019021392317,1.0057384,0.0024006367
1554.1032910284807,1554.1032910284807,1.0028619,0.0023980364
1554.1046799179633,1554.1046799179633,1.0048478,0.0023990476
1554.106068807213,1554.106068807213,1.0073892,0.0023992285
1554.1074576964618,1554.1074576964618,1.0071447,0.0024012628
1554.1088465857108,1554.1088465857108,1.0059868,0.0023994038
1554.1102354749612,1554.1102354749612,1.0065157,0.0024009275
1554.1116243644444,1554.1116243644444,1.0054576,0.0023996627
1554.1130132536935,1554.1130132536935,1.007921,0.0024000849
1554.1144021429432,1554.1144021429432,1.008611,0.0024036216
1554.1157910321929,1554.1157910321929,1.004758,0.0023976685
1554.117179921442,1554.117179921442,1.0070239,0.0024019626
1554.118568810691,1554.118568810691,1.0096195,0.0024068097
1554.1199576999406,1554.1199576999406,1.0132937,0.002403584
1554.1213465891908,1554.1213465891908,1.0059633,0.0023984797
1554.1227354784405,1554.1227354784405,1.0042725,0.0024008744
1554.1241243676895,1554.1241243676895,1.0078319,0.0023994884
1554.1255132569393,1554.1255132569393,1.0068784,0.0024033461
1554.126902146189,1554.126902146189,1.0049591,0.0024040146
1554.128291035438,1554.128291035438,1.009205,0.0024002313
1554.1296799246877,1554.1296799246877,1.0088518,0.002403165
1554.131068813938,1554.131068813938,1.0060825,0.002398777
1554.132457702955,1554.132457702955,1.0096508,0.0024029606
1554.133846592204,1554.133846592204,1.0088761,0.0024040267
1554.1352354814537,1554.1352354814537,1.0071757,0.002400129
1554.1366243707032,1554.1366243707032,1.0036168,0.002399293
1554.1380132599522,1554.1380132599522,1.0078943,0.002403619
1554.1394021489684,1554.1394021489684,1.0087078,0.0024009827
1554.1407910382181,1554.1407910382181,1.0113049,0.0024066498
1554.1421799274685,1554.1421799274685,1.0121453,0.002403613
1554.1435688167182,1554.1435688167182,1.0095357,0.002400987
1554.1449577057351,1554.1449577057351,1.0093251,0.0024012714
1554.1463465949848,1554.1463465949848,1.0082134,0.0023995212
1554.147735484001,1554.147735484001,1.007554,0.0024063333
1554.14912437325,1554.14912437325,1.0101675,0.0024129981
1554.1505132624995,1554.1505132624995,1.0088495,0.0023993691
1554.151902151517,1554.151902151517,1.0096434,0.0024022833
1554.1532910407668,1554.1532910407668,1.0108333,0.0024007289
1554.1546799297837,1554.1546799297837,1.0099355,0.002398625
1554.1560688190334,1554.1560688190334,1.0057144,0.002399923
1554.1574577080496,1554.1574577080496,1.0112385,0.00240601
1554.1588465972986,1554.1588465972986,1.0112466,0.002404057
1554.1602354863155,1554.1602354863155,1.0145304,0.0024014828
1554.1616243755652,1554.1616243755652,1.009039,0.002402235
1554.163013264582,1554.163013264582,1.0115249,0.0024049128
1554.1644021535988,1554.1644021535988,1.0104314,0.0024036572
1554.1657910428485,1554.1657910428485,1.0083172,0.00240401
1554.1671799318653,1554.1671799318653,1.0102443,0.0024014434
1554.1685688208815,1554.1685688208815,1.0096282,0.0024026292
1554.1699577101313,1554.1699577101313,1.0146064,0.002403879
1554.1713465991481,1554.1713465991481,1.0128633,0.0024120242
1554.172735488165,1554.172735488165,1.008406,0.0024021687
1554.1741243774147,1554.1741243774147,1.0082841,0.0024027517
1554.1755132664316,1554.1755132664316,1.0119315,0.0024046001
1554.1769021554485,1554.1769021554485,1.0113623,0.0024023405
1554.1782910444647,1554.1782910444647,1.0097727,0.0024029
1554.1796799334807,1554.1796799334807,1.0098964,0.0024019862
1554.1810688227304,1554.1810688227304,1.0093347,0.002400779
1554.1824577117472,1554.1824577117472,1.0105674,0.002402116
1554.1838466007641,1554.1838466007641,1.0104115,0.002403551
1554.1852354897817,1554.1852354897817,1.0075878,0.0024032448
1554.1866243787986,1554.1866243787986,1.0125744,0.0024016318
1554.1880132678148,1554.1880132678148,1.0115875,0.0024039594
1554.189402156831,1554.189402156831,1.0117719,0.0024035543
1554.1907910458478,1554.1907910458478,1.0134718,0.002401914
1554.1921799348645,1554.1921799348645,1.0134498,0.002404083
1554.1935688238814,1554.1935688238814,1.0140544,0.0024029643
1554.1949577128983,1554.1949577128983,1.0109906,0.0024021468
1554.1963466019151,1554.1963466019151,1.0131538,0.0024006865
1554.197735490932,1554.197735490932,1.0112216,0.0024020856
1554.1991243799482,1554.1991243799482,1.0109642,0.0024033238
1554.2005132687323,1554.2005132687323,1.0128982,0.0024032842
1554.2019021577491,1554.2019021577491,1.0112842,0.0024044497
1554.2032910467653,1554.2032910467653,1.0133538,0.0024138105
1554.2046799357822,1554.2046799357822,1.0139806,0.0024039855
1554.2060688247998,1554.2060688247998,1.0131677,0.002404542
1554.2074577135838,1554.2074577135838,1.011659,0.0024032453
1554.2088466025998,1554.2088466025998,1.0125982,0.0024027778
1554.210235491616,1554.210235491616,1.0126214,0.002403289
1554.2116243804,1554.2116243804,1.0121294,0.0024022236
1554.213013269417,1554.213013269417,1.0119627,0.0024012327
1554.2144021584338,1554.2144021584338,1.0123152,0.002399713
1554.2157910472185,1554.2157910472185,1.0135336,0.0024043394
1554.2171799362354,1554.2171799362354,1.0113971,0.0024070453
1554.2185688252516,1554.2185688252516,1.0097961,0.002400195
1554.219957714035,1554.219957714035,1.0144442,0.002404184
1554.2213466030519,1554.2213466030519,1.011414,0.0024118584
1554.2227354918357,1554.2227354918357,1.012893,0.0024042497
1554.224124380852,1554.224124380852,1.0114771,0.0024003068
1554.225513269636,1554.225513269636,1.0121869,0.0024033382
1554.2269021586535,1554.2269021586535,1.016612,0.0024080314
1554.2282910474376,1554.2282910474376,1.0136892,0.0024028665
1554.2296799364537,1554.2296799364537,1.0124667,0.0024026302
1554.2310688252378,1554.2310688252378,1.011617,0.0024027259
1554.2324577140218,1554.2324577140218,1.0082375,0.0024013217
1554.233846603038,1554.233846603038,1.0105425,0.0024000108
1554.2352354918214,1554.2352354918214,1.0146995,0.0024072693
1554.236624380606,1554.236624380606,1.0165945,0.0024050511
1554.2380132696235,1554.2380132696235,1.0138435,0.0024072984
1554.2394021584068,1554.2394021584068,1.0125208,0.0024129653
1554.2407910471902,1554.2407910471902,1.0174706,0.0024056463
1554.2421799359743,1554.2421799359743,1.0149591,0.0024032535
1554.2435688249911,1554.2435688249911,1.013907,0.0024021822
1554.2449577137745,1554.2449577137745,1.0158364,0.0024067461
1554.2463466025592,1554.2463466025592,1.0154271,0.002403949
1554.247735491344,1554.247735491344,1.0130218,0.0024067254
1554.2491243801273,1554.2491243801273,1.0102475,0.0024122929
1554.2505132689105,1554.2505132689105,1.0150765,0.0024041575
1554.2519021576945,1554.2519021576945,1.0135192,0.002405193
1554.2532910464786,1554.2532910464786,1.0144293,0.002403525
1554.2546799354948,1554.2546799354948,1.011022,0.0024028313
1554.2560688242781,1554.2560688242781,1.0163358,0.0024031373
1554.2574577130629,1554.2574577130629,1.0157729,0.0024056884
1554.2588466018476,1554.2588466018476,1.0167778,0.002406337
1554.2602354903981,1554.2602354903981,1.0130095,0.002404792
1554.2616243791822,1554.2616243791822,1.0143931,0.00240826
1554.2630132679662,1554.2630132679662,1.0195112,0.0024110358
1554.2644021567496,1554.2644021567496,1.0140619,0.002409174
1554.2657910455328,1554.2657910455328,1.0118741,0.0024009903
1554.2671799343175,1554.2671799343175,1.0138419,0.002402396
1554.2685688231022,1554.2685688231022,1.0169587,0.002406048
1554.2699577118856,1554.2699577118856,1.0170902,0.0024077932
1554.2713466004368,1554.2713466004368,1.0168024,0.0024062176
1554.2727354892208,1554.2727354892208,1.0138184,0.0024080395
1554.2741243780042,1554.2741243780042,1.0168012,0.0024082977
1554.2755132667876,1554.2755132667876,1.0167646,0.0024090244
1554.2769021553388,1554.2769021553388,1.0146579,0.002408418
1554.2782910441235,1554.2782910441235,1.0149283,0.002405193
1554.2796799329074,1554.2796799329074,1.0157026,0.0024034448
1554.281068821458,1554.281068821458,1.0122885,0.0024004767
1554.282457710242,1554.282457710242,1.0169415,0.0024150952
1554.2838465987932,1554.2838465987932,1.0129486,0.0024069115
1554.2852354875765,1554.2852354875765,1.0138209,0.0024085687
1554.2866243763606,1554.2866243763606,1.0120547,0.0024047755
1554.2880132649125,1554.2880132649125,1.0146203,0.002405089
1554.2894021536965,1554.2894021536965,1.0135918,0.002404198
1554.290791042247,1554.290791042247,1.0194113,0.0024038486
1554.2921799310311,1554.2921799310311,1.0176572,0.00241347
1554.2935688195823,1554.2935688195823,1.017205,0.0024036707
1554.2949577081326,1554.2949577081326,1.0141387,0.0024040546
1554.296346596916,1554.296346596916,1.0135969,0.0024032316
1554.2977354854672,1554.2977354854672,1.0167724,0.00240316
1554.299124374252,1554.299124374252,1.0132259,0.0024125208
1554.3005132628032,1554.3005132628032,1.0156897,0.0024088407
1554.3019021513544,1554.3019021513544,1.0163754,0.002403463
1554.3032910401384,1554.3032910401384,1.0181521,0.002408503
1554.304679928689,1554.304679928689,1.0163819,0.0024058206
1554.3060688172395,1554.3060688172395,1.0139544,0.0024032427
1554.3074577057907,1554.3074577057907,1.01824,0.0024025824
1554.3088465945746,1554.3088465945746,1.0144312,0.00240849
1554.3102354831258,1554.3102354831258,1.0174364,0.0024138358
1554.311624371677,1554.311624371677,1.0137805,0.0024071874
1554.3130132602282,1554.3130132602282,1.0128108,0.0024005477
1554.3144021487794,1554.3144021487794,1.0146123,0.0024047394
1554.31579103733,1554.31579103733,1.0122327,0.0024032434
1554.3171799258812,1554.3171799258812,1.0142343,0.0024035124
1554.3185688144324,1554.3185688144324,1.0129113,0.0024025084
1554.3199577029836,1554.3199577029836,1.011171,0.0024014208
1554.3213465915348,1554.3213465915348,1.0121909,0.0023994204
1554.3227354800858,1554.3227354800858,1.013574,0.0024040826
1554.324124368637,1554.324124368637,1.0178043,0.002406217
1554.3255132571876,1554.3255132571876,1.0151266,0.002405672
1554.3269021457381,1554.3269021457381,1.0159384,0.0024042418
1554.3282910342894,1554.3282910342894,1.0150813,0.0024136826
1554.3296799228406,1554.3296799228406,1.0163648,0.00241306
1554.3310688113918,1554.3310688113918,1.0149196,0.0024019293
1554.3324576999437,1554.3324576999437,1.017485,0.0024052756
1554.333846588262,1554.333846588262,1.0117923,0.0024045112
1554.3352354768126,1554.3352354768126,1.0148392,0.0024009587
1554.336624365363,1554.336624365363,1.0118495,0.00241187
1554.3380132539141,1554.3380132539141,1.0152268,0.0024051487
1554.3394021422325,1554.3394021422325,1.0146441,0.0024047901
1554.3407910307837,1554.3407910307837,1.0180011,0.0024054223
1554.342179919335,1554.342179919335,1.0148703,0.0024008635
1554.3435688078862,1554.3435688078862,1.0162596,0.0024048039
1554.3449576962046,1554.3449576962046,1.0142003,0.002401976
1554.346346584755,1554.346346584755,1.0153109,0.0024058076
1554.3477354730735,1554.3477354730735,1.0153896,0.0024052416
1554.3491243616247,1554.3491243616247,1.0142164,0.0024060318
1554.3505132499424,1554.3505132499424,1.0149089,0.0024046283
1554.3519021384934,1554.3519021384934,1.0135783,0.0024045133
1554.3532910270453,1554.3532910270453,1.0167291,0.002407165
1554.3546799153637,1554.3546799153637,1.013699,0.0024086975
1554.3560688036814,1554.3560688036814,1.0134014,0.002409726
1554.357457692232,1554.357457692232,1.0137359,0.0024038553
1554.3588465805503,1554.3588465805503,1.0176785,0.0024026546
1554.3602354691016,1554.3602354691016,1.0146991,0.0024109702
1554.3616243574193,1554.3616243574193,1.0116878,0.0024005114
1554.3630132457383,1554.3630132457383,1.0139341,0.0024064255
1554.3644021342902,1554.3644021342902,1.0149477,0.002403678
1554.3657910226077,1554.3657910226077,1.0162418,0.0024041487
1554.3671799109254,1554.3671799109254,1.0136496,0.0024024385
1554.3685687994766,1554.3685687994766,1.013116,0.002401425
1554.369957687795,1554.369957687795,1.016955,0.0024040113
1554.3713465761127,1554.3713465761127,1.0136236,0.0024085052
1554.3727354644318,1554.3727354644318,1.0127366,0.002406923
1554.3741243527509,1554.3741243527509,1.0153044,0.0024053054
1554.3755132413014,1554.3755132413014,1.0116465,0.0024027075
1554.376902129619,1554.376902129619,1.0162094,0.0024031682
1554.3782910179375,1554.3782910179375,1.0122,0.0024090458
1554.379679906256,1554.379679906256,1.0165887,0.0024055208
1554.3810687945734,1554.3810687945734,1.0149962,0.0024084807
1554.382457682891,1554.382457682891,1.0165297,0.002407418
1554.3838465712101,1554.3838465712101,1.0142559,0.0024043564
1554.3852354595292,1554.3852354595292,1.0178694,0.0024058297
1554.386624347847,1554.386624347847,1.0178176,0.0024040865
1554.3880132361653,1554.3880132361653,1.0167809,0.0024028614
1554.3894021244837,1554.3894021244837,1.0146009,0.0024136242
1554.3907910128014,1554.3907910128014,1.0115058,0.0024099932
1554.3921799008863,1554.3921799008863,1.0131037,0.0024028013
1554.3935687892053,1554.3935687892053,1.0140035,0.0024027536
1554.3949576775242,1554.3949576775242,1.011678,0.0024138568
1554.396346565842,1554.396346565842,1.0131357,0.0024079555
1554.3977354541596,1554.3977354541596,1.0118457,0.0024119199
1554.399124342478,1554.399124342478,1.010765,0.0024027126
1554.4005132305635,1554.4005132305635,1.0123705,0.0024042344
1554.4019021188813,1554.4019021188813,1.013134,0.0024057196
1554.4032910071996,1554.4032910071996,1.0168728,0.0024024036
1554.4046798952859,1554.4046798952859,1.0153773,0.0024020409
1554.4060687836043,1554.4060687836043,1.014094,0.0024082232
1554.407457671922,1554.407457671922,1.0126672,0.002401633
1554.4088465600073,1554.4088465600073,1.0163373,0.0024098337
1554.4102354483257,1554.4102354483257,1.0531869,0.0024229256
1554.4116243364106,1554.4116243364106,1.0633157,0.0024373468
1554.4130132247283,1554.4130132247283,1.0556413,0.0024250096
1554.4144021128138,1554.4144021128138,1.0506628,0.002420967
1554.415791001133,1554.415791001133,1.0472223,0.0024210708
1554.4171798892185,1554.4171798892185,1.047016,0.0024234224
1554.4185687775368,1554.4185687775368,1.0408353,0.002414433
1554.4199576656224,1554.4199576656224,1.0424066,0.002418682
1554.42134655394,1554.42134655394,1.0339713,0.0024119332
1554.4227354420248,1554.4227354420248,1.0309604,0.002411599
1554.4241243301103,1554.4241243301103,1.0279063,0.0024118472
1554.4255132184294,1554.4255132184294,1.0241872,0.0024096614
1554.426902106515,1554.426902106515,1.0205367,0.0024101464
1554.4282909945998,1554.4282909945998,1.023754,0.0024091955
1554.4296798826854,1554.4296798826854,1.018539,0.002415798
1554.4310687710038,1554.4310687710038,1.0198005,0.002408037
1554.4324576590886,1554.4324576590886,1.0177886,0.0024057808
1554.4338465471742,1554.4338465471742,1.0179403,0.0024076274
1554.4352354352598,1554.4352354352598,1.0143563,0.002405153
1554.4366243233453,1554.4366243233453,1.0139401,0.002404824
1554.4380132114309,1554.4380132114309,1.0155315,0.002402148
1554.439402099749,1554.439402099749,1.0156755,0.0024058563
1554.4407909878346,1554.4407909878346,1.0189282,0.0024045068
1554.4421798759195,1554.4421798759195,1.0167819,0.0024060935
1554.4435687640043,1554.4435687640043,1.0145204,0.0024071832
1554.44495765209,1554.44495765209,1.013184,0.0024024036
1554.4463465401761,1554.4463465401761,1.0114034,0.0024017903
1554.4477354282617,1554.4477354282617,1.0192502,0.0024070335
1554.4491243163473,1554.4491243163473,1.0150638,0.0024023498
1554.4505132044328,1554.4505132044328,1.0146902,0.002403683
1554.4519020922846,1554.4519020922846,1.0178803,0.0024069636
1554.4532909803695,1554.4532909803695,1.0155002,0.0024034067
1554.454679868455,1554.454679868455,1.0145755,0.0023997095
1554.4560687565406,1554.4560687565406,1.011891,0.0024037252
1554.4574576446262,1554.4574576446262,1.0128081,0.0024025794
1554.458846532479,1554.458846532479,1.0135093,0.0024023477
1554.4602354205645,1554.4602354205645,1.010979,0.0024025606
1554.46162430865,1554.46162430865,1.0082318,0.0024004169
1554.463013196735,1554.463013196735,1.0150079,0.0024005526
1554.4644020845876,1554.4644020845876,1.0124425,0.0024024744
1554.4657909726732,1554.4657909726732,1.0128605,0.0024039114
1554.4671798607578,1554.4671798607578,1.0117661,0.0024028816
1554.4685687486106,1554.4685687486106,1.0135502,0.0024018975
1554.4699576366968,1554.4699576366968,1.0100081,0.0024032327
1554.4713465245495,1554.4713465245495,1.0135164,0.0024015445
1554.4727354126344,1554.4727354126344,1.014082,0.0024040714
1554.4741243004864,1554.4741243004864,1.0126519,0.0024011112
1554.475513188572,1554.475513188572,1.012467,0.0024020667
1554.4769020764247,1554.4769020764247,1.0103189,0.0024008986
1554.4782909645103,1554.4782909645103,1.0100433,0.0024105802
1554.4796798523637,1554.4796798523637,1.0100523,0.0024020486
1554.481068740449,1554.481068740449,1.0140371,0.0024068335
1554.482457628301,1554.482457628301,1.012816,0.0024087708
1554.483846516153,1554.483846516153,1.0129777,0.0024040716
1554.4852354042387,1554.4852354042387,1.0134091,0.0024035014
1554.4866242920914,1554.4866242920914,1.0134114,0.002407478
1554.4880131799434,1554.4880131799434,1.0113705,0.0024010667
1554.4894020677968,1554.4894020677968,1.0125176,0.0024029
1554.490790955883,1554.490790955883,1.0089206,0.0024029799
1554.4921798437351,1554.4921798437351,1.0089929,0.0024020714
1554.4935687315872,1554.4935687315872,1.0110679,0.0024012744
1554.4949576194397,1554.4949576194397,1.0131083,0.0024009221
1554.4963465072924,1554.4963465072924,1.0100558,0.0024014874
1554.4977353951444,1554.4977353951444,1.0109851,0.0024012926
1554.4991242829965,1554.4991242829965,1.0146718,0.0024030257
1554.50051317085,1554.50051317085,1.0141057,0.0024037114
1554.5019020587033,1554.5019020587033,1.0109572,0.0024034942
1554.5032909465554,1554.5032909465554,1.0117766,0.0024015966
1554.504679834408,1554.504679834408,1.0075946,0.0023988832
1554.5060687222608,1554.5060687222608,1.0135052,0.0024077976
1554.5074576101129,1554.5074576101129,1.011248,0.002402762
1554.5088464979647,1554.5088464979647,1.008633,0.0023983363
1554.510235385818,1554.510235385818,1.012805,0.002405955
1554.5116242736715,1554.5116242736715,1.0157738,0.0024029682
1554.5130131615235,1554.5130131615235,1.009669,0.002404585
1554.5144020493756,1554.5144020493756,1.0111346,0.0024010993
1554.5157909369955,1554.5157909369955,1.0082064,0.0024000912
1554.5171798248482,1554.5171798248482,1.0075831,0.0023989985
1554.5185687127002,1554.5185687127002,1.0089445,0.0024030777
1554.519957600553,1554.519957600553,1.0118146,0.0024092935
1554.5213464881735,1554.5213464881735,1.0086089,0.0024026583
1554.5227353760263,1554.5227353760263,1.0127231,0.0024040919
1554.524124263878,1554.524124263878,1.0142611,0.0024016937
1554.525513151498,1554.525513151498,1.0090004,0.0024012045
1554.5269020393507,1554.5269020393507,1.0123111,0.0024017936
1554.52829092697,1554.52829092697,1.0071281,0.0024019973
1554.529679814822,1554.529679814822,1.0106276,0.002400886
1554.5310687026747,1554.5310687026747,1.0085493,0.0024027952
1554.5324575902953,1554.5324575902953,1.0111711,0.0024067743
1554.533846478148,1554.533846478148,1.0115653,0.002402744
1554.535235365768,1554.535235365768,1.005963,0.0023992544
1554.5366242533878,1554.5366242533878,1.00875,0.0024014506
1554.5380131412396,1554.5380131412396,1.013972,0.0024007205
1554.5394020288588,1554.5394020288588,1.0096699,0.0024006758
1554.5407909167116,1554.5407909167116,1.0111005,0.0024077771
1554.5421798043321,1554.5421798043321,1.0060134,0.002403091
1554.543568691952,1554.543568691952,1.0083438,0.0023992576
1554.5449575795712,1554.5449575795712,1.0072341,0.0024000446
1554.546346467424,1554.546346467424,1.0061902,0.0023993095
1554.5477353550439,1554.5477353550439,1.0090946,0.0023993512
1554.549124242663,1554.549124242663,1.0079935,0.0024006348
1554.550513130283,1554.550513130283,1.0064657,0.0023987545
1554.5519020179029,1554.5519020179029,1.0063459,0.002407169
1554.5532909057554,1554.5532909057554,1.0073788,0.0023959856
1554.5546797933753,1554.5546797933753,1.0068994,0.0024001999
1554.5560686809952,1554.5560686809952,1.0090816,0.0024001533
1554.557457568615,1554.557457568615,1.0059516,0.0023996166
1554.5588464562343,1554.5588464562343,1.0083207,0.002399783
1554.5602353438535,1554.5602353438535,1.0023339,0.0023977067
1554.5616242314734,1554.5616242314734,1.0072881,0.0023999389
1554.5630131190933,1554.5630131190933,1.0070026,0.002400596
1554.5644020067132,1554.5644020067132,1.010857,0.0024036204
1554.5657908943338,1554.5657908943338,1.0091301,0.0024013082
1554.5671797819534,1554.5671797819534,1.0032028,0.0024026285
1554.5685686693398,1554.5685686693398,1.0050956,0.0023979347
1554.569957556959,1554.569957556959,1.0039794,0.0023969726
1554.571346444579,1554.571346444579,1.0077833,0.0024045403
1554.5727353321988,1554.5727353321988,1.0054513,0.0024019026
1554.5741242198187,1554.5741242198187,1.0044097,0.002398903
1554.5755131072058,1554.5755131072058,1.0060712,0.0023994804
1554.5769019948257,1554.5769019948257,1.0094427,0.0024006644
1554.5782908824456,1554.5782908824456,1.008156,0.0023966536
1554.579679769832,1554.579679769832,1.0056769,0.002409266
1554.5810686574516,1554.5810686574516,1.0080823,0.0024069394
1554.5824575450715,1554.5824575450715,1.0061755,0.0023981386
1554.583846432458,1554.583846432458,1.0058044,0.002401909
1554.5852353200778,1554.5852353200778,1.0055788,0.0024053773
1554.5866242074655,1554.5866242074655,1.0066189,0.0024002143
1554.5880130950854,1554.5880130950854,1.0091325,0.0024004146
1554.5894019824718,1554.5894019824718,1.0063235,0.002399242
1554.590790870091,1554.590790870091,1.0036947,0.0024050253
1554.592179757478,1554.592179757478,1.0064446,0.0023986488
1554.593568645098,1554.593568645098,1.0026022,0.0023982022
1554.5949575324842,1554.5949575324842,1.0058954,0.002405705
1554.596346419872,1554.596346419872,1.0086956,0.0024006313
1554.5977353074925,1554.5977353074925,1.0064508,0.002399477
1554.5991241948789,1554.5991241948789,1.0035923,0.0023999338
1554.6005130822653,1554.6005130822653,1.007556,0.0023997882
1554.6019019696523,1554.6019019696523,1.0056427,0.0024042225
1554.6032908572722,1554.6032908572722,1.0073636,0.002399296
1554.6046797446586,1554.6046797446586,1.0043399,0.0024006234
1554.6060686320463,1554.6060686320463,1.0021787,0.0023967787
1554.607457519434,1554.607457519434,1.0043236,0.0023968753
1554.6088464068205,1554.6088464068205,1.0084645,0.0023989722
1554.6102352942066,1554.6102352942066,1.0187085,0.0024039003
1554.6116241818265,1554.6116241818265,1.0148009,0.0024022923
1554.6130130692136,1554.6130130692136,1.0118195,0.0024009119
1554.6144019566,1554.6144019566,1.0073534,0.0024021368
1554.6157908439864,1554.6157908439864,1.0067469,0.0023997226
1554.617179731374,1554.617179731374,1.004093,0.0023960248
1554.6185686187619,1554.6185686187619,1.004939,0.0023978231
1554.6199575059154,1554.6199575059154,1.0044508,0.0024000017
1554.6213463933025,1554.6213463933025,1.0052251,0.0023966935
1554.6227352806895,1554.6227352806895,1.0038865,0.0023983011
1554.6241241680757,1554.6241241680757,1.0047932,0.002403481
1554.625513055462,1554.625513055462,1.0025886,0.0023972385
1554.6269019428491,1554.6269019428491,1.006156,0.0024013259
1554.628290830237,1554.628290830237,1.0024236,0.0023973242
1554.6296797173911,1554.6296797173911,1.0017083,0.0023996118
1554.6310686047775,1554.6310686047775,1.0044386,0.0023993412
1554.6324574921646,1554.6324574921646,1.0024812,0.0023964483
1554.6338463793188,1554.6338463793188,0.99893427,0.0023995047
1554.6352352667052,1554.6352352667052,1.0015155,0.002399702
1554.6366241540923,1554.6366241540923,1.0029529,0.002399082
1554.638013041247,1554.638013041247,1.000006,0.002412789
1554.639401928634,1554.639401928634,1.00615,0.0024014832
1554.6407908157876,1554.6407908157876,1.00357,0.0023982339
1554.6421797031746,1554.6421797031746,1.0032284,0.0023984818
1554.6435685903289,1554.6435685903289,0.999469,0.0023974602
1554.6449574777153,1554.6449574777153,0.99824154,0.0023960434
1554.6463463648688,1554.6463463648688,1.0038165,0.0023957347
1554.6477352522559,1554.6477352522559,0.9995907,0.002395083
1554.6491241394108,1554.6491241394108,1.0034288,0.002399246
1554.650513026565,1554.650513026565,1.0010798,0.0023966278
1554.651901913952,1554.651901913952,0.9978256,0.002394444
1554.653290801106,1554.653290801106,0.99963665,0.0023956727
1554.6546796882596,1554.6546796882596,1.0024322,0.002397517
1554.6560685754132,1554.6560685754132,0.99783945,0.002394783
1554.6574574628003,1554.6574574628003,1.0006186,0.0023960334
1554.6588463499545,1554.6588463499545,1.0044725,0.002396712
1554.6602352371087,1554.6602352371087,0.9996229,0.0023965065
1554.661624124263,1554.661624124263,1.0015453,0.0023955037
1554.6630130114172,1554.6630130114172,0.99861336,0.0023965144
1554.6644018985714,1554.6644018985714,1.0018977,0.0023958518
1554.6657907859578,1554.6657907859578,1.003797,0.0023984718
1554.6671796731118,1554.6671796731118,0.99889344,0.0023974252
1554.668568560266,1554.668568560266,0.9998961,0.0023954418
1554.6699574474203,1554.6699574474203,1.0015249,0.0024025515
1554.6713463345745,1554.6713463345745,0.9996175,0.002396318
1554.672735221496,1554.672735221496,0.99763715,0.002393539
1554.6741241086502,1554.6741241086502,0.99926764,0.0023949787
1554.6755129958037,1554.6755129958037,0.99862343,0.0023932504
1554.6769018829573,1554.6769018829573,0.99847233,0.0023925423
1554.6782907701115,1554.6782907701115,0.99976206,0.0023961512
1554.6796796572655,1554.6796796572655,0.9973371,0.002392129
1554.6810685444198,1554.6810685444198,0.9979977,0.0024001265
1554.6824574313418,1554.6824574313418,0.99849325,0.0023970904
1554.683846318496,1554.683846318496,0.9988064,0.0023956443
1554.6852352056496,1554.6852352056496,1.0014395,0.0023971316
1554.6866240925704,1554.6866240925704,0.9965792,0.0023954958
1554.6880129797246,1554.6880129797246,1.0017167,0.0024004679
1554.6894018668788,1554.6894018668788,0.99579614,0.002398647
1554.6907907537995,1554.6907907537995,0.9978993,0.0023929672
1554.6921796409538,1554.6921796409538,0.998857,0.0023956322
1554.6935685278759,1554.6935685278759,0.99491084,0.0023945991
1554.69495741503,1554.69495741503,0.9985374,0.0023950408
1554.6963463019506,1554.6963463019506,0.9984128,0.0023982415
1554.6977351891048,1554.6977351891048,0.99704456,0.0024050244
1554.6991240760262,1554.6991240760262,0.9990627,0.002394921
1554.7005129631798,1554.7005129631798,0.9956549,0.0024042083
1554.7019018501012,1554.7019018501012,0.99449927,0.0023921342
1554.7032907370233,1554.7032907370233,0.9975475,0.0023944643
1554.7046796241775,1554.7046796241775,0.9932836,0.002393115
1554.7060685110982,1554.7060685110982,0.9968731,0.0024004392
1554.707457398019,1554.707457398019,0.99630517,0.0024037946
1554.7088462851732,1554.7088462851732,0.99449146,0.0023970862
1554.7102351720944,1554.7102351720944,0.9960121,0.0023967945
1554.711624059015,1554.711624059015,0.99646527,0.0023952578
1554.7130129459372,1554.7130129459372,0.99573916,0.0023922892
1554.7144018328593,1554.7144018328593,0.9946201,0.002391652
1554.71579071978,1554.71579071978,0.9948297,0.002395032
1554.7171796069335,1554.7171796069335,0.9975813,0.002394155
1554.718568493855,1554.718568493855,0.99497676,0.0023923449
1554.7199573807763,1554.7199573807763,0.9964377,0.0023972788
1554.721346267697,1554.721346267697,0.9949114,0.0023932862
1554.7227351546185,1554.7227351546185,0.99475795,0.0023912892
1554.7241240415403,1554.7241240415403,0.99528795,0.002393975
1554.725512928229,1554.725512928229,0.9954745,0.002392694
1554.7269018151496,1554.7269018151496,0.993533,0.0023933556
1554.728290702071,1554.728290702071,0.9928126,0.0024005366
1554.7296795889924,1554.7296795889924,0.995519,0.0023947528
1554.7310684759132,1554.7310684759132,0.99483275,0.0023952755
1554.7324573628339,1554.7324573628339,0.99324846,0.002393326
1554.7338462495225,1554.7338462495225,0.9960613,0.0023933898
1554.7352351364445,1554.7352351364445,0.993382,0.0023942976
1554.736624023366,1554.736624023366,0.99420637,0.0023922035
1554.7380129102874,1554.7380129102874,0.99397326,0.0024009137
1554.7394017969757,1554.7394017969757,0.9951977,0.0023933582
1554.7407906838964,1554.7407906838964,0.99601316,0.0023910487
1554.7421795705843,1554.7421795705843,0.99673164,0.0023935179
1554.7435684575057,1554.7435684575057,0.98983115,0.0023904128
1554.7449573444278,1554.7449573444278,0.9928914,0.0023935197
1554.7463462311164,1554.7463462311164,0.9942676,0.0023935917
1554.747735118037,1554.747735118037,0.9923347,0.0023948695
1554.7491240047257,1554.7491240047257,0.99396616,0.0023943111
1554.7505128914142,1554.7505128914142,0.9918686,0.0023891279
1554.751901778335,1554.751901778335,0.9929631,0.002399222
1554.7532906650233,1554.7532906650233,0.99220616,0.002395491
1554.7546795519447,1554.7546795519447,0.9954361,0.0023940543
1554.7560684386333,1554.7560684386333,0.9940195,0.0023927311
1554.7574573253219,1554.7574573253219,0.98852265,0.002393228
1554.7588462122433,1554.7588462122433,0.995497,0.0023917041
1554.7602350989318,1554.7602350989318,0.99202853,0.0023971081
1554.7616239856197,1554.7616239856197,0.9874748,0.0023902562
1554.7630128723076,1554.7630128723076,0.99327654,0.0023942392
1554.7644017589962,1554.7644017589962,0.99137306,0.0023912785
1554.7657906456845,1554.7657906456845,0.9946592,0.0023949244
1554.767179532606,1554.767179532606,0.99955755,0.0023957004
1554.7685684192952,1554.7685684192952,0.9911181,0.0023901253
1554.7699573059838,1554.7699573059838,0.9915549,0.0023894515
1554.7713461926717,1554.7713461926717,0.9921406,0.0023917318
1554.7727350793596,1554.7727350793596,0.9948391,0.0023941542
1554.7741239660481,1554.7741239660481,0.9927087,0.0023927311
1554.7755128527367,1554.7755128527367,0.99177057,0.0023918902
1554.7769017391918,1554.7769017391918,0.99050796,0.002391916
1554.7782906258803,1554.7782906258803,0.9910775,0.0023916378
1554.7796795125696,1554.7796795125696,0.9909851,0.002393746
1554.7810683992582,1554.7810683992582,0.98953277,0.0023905751
1554.7824572859458,1554.7824572859458,0.99226755,0.0023931763
1554.7838461726344,1554.7838461726344,0.9888997,0.002388201
1554.7852350590902,1554.7852350590902,0.9907366,0.0023910268
1554.786623945778,1554.786623945778,0.99065536,0.0023893781
1554.7880128324666,1554.7880128324666,0.9902074,0.0023888093
1554.789401718923,1554.789401718923,0.99294066,0.0023905805
1554.7907906056116,1554.7907906056116,0.9944551,0.0023926904
1554.7921794922995,1554.7921794922995,0.99364454,0.0023926664
1554.7935683787546,1554.7935683787546,0.9917226,0.0023913486
1554.7949572654431,1554.7949572654431,0.9887438,0.0023899642
1554.7963461518987,1554.7963461518987,0.99004704,0.0023908666
1554.7977350385866,1554.7977350385866,0.98738647,0.0023905511
1554.799123925043,1554.799123925043,0.99104863,0.002391305
1554.8005128117322,1554.8005128117322,0.99169636,0.0023908732
1554.8019016981873,1554.8019016981873,0.9953992,0.0023927756
1554.8032905846424,1554.8032905846424,0.9929555,0.0023921377
1554.804679471331,1554.804679471331,0.99083537,0.0023932704
1554.8060683577867,1554.8060683577867,0.99242216,0.0023948129
1554.8074572442417,1554.8074572442417,0.98877984,0.002390573
1554.8088461309296,1554.8088461309296,0.98978776,0.0023952383
1554.8102350173858,1554.8102350173858,0.98946327,0.0023906725
1554.8116239038422,1554.8116239038422,0.9900014,0.002390153
1554.8130127902973,1554.8130127902973,0.98822385,0.0023908403
1554.814401676753,1554.814401676753,0.9919823,0.0023883106
1554.8157905634416,1554.8157905634416,0.9893523,0.002391697
1554.8171794498967,1554.8171794498967,0.98749137,0.0023870557
1554.8185683363517,1554.8185683363517,0.98955685,0.0023893397
1554.8199572228082,1554.8199572228082,0.9888563,0.0023909134
1554.8213461092646,1554.8213461092646,0.9871407,0.0023887658
1554.8227349957197,1554.8227349957197,0.9893846,0.0023892832
1554.8241238821754,1554.8241238821754,0.9925126,0.0023929966
1554.825512768631,1554.825512768631,0.98963815,0.0023910203
1554.826901655086,1554.826901655086,0.9884047,0.0023898445
1554.8282905413082,1554.8282905413082,0.98863214,0.0023895204
1554.829679427764,1554.829679427764,0.9883126,0.0023962334
1554.8310683142204,1554.8310683142204,0.98576283,0.002387335
1554.8324572006761,1554.8324572006761,0.98815286,0.0023903798
1554.8338460871312,1554.8338460871312,0.98471934,0.0023865525
1554.835234973354,1554.835234973354,0.98948085,0.0023889295
1554.8366238598098,1554.8366238598098,0.9841657,0.0023863926
1554.838012746265,1554.838012746265,0.9883366,0.002389221
1554.8394016324876,1554.8394016324876,0.9883342,0.002391117
1554.8407905189433,1554.8407905189433,0.9907475,0.0023915912
1554.8421794051662,1554.8421794051662,0.9867534,0.0023864298
1554.843568291622,1554.843568291622,0.9915978,0.0023927265
1554.8449571780777,1554.8449571780777,0.98920345,0.0023900974
1554.8463460643006,1554.8463460643006,0.98990923,0.0023912943
1554.8477349507557,1554.8477349507557,0.9874791,0.0023865523
1554.849123836978,1554.849123836978,0.98937154,0.002391185
1554.8505127232008,1554.8505127232008,0.9857031,0.0023893565
1554.8519016096564,1554.8519016096564,0.9876146,0.0023882778
1554.8532904958793,1554.8532904958793,0.98715925,0.002390223
1554.8546793821029,1554.8546793821029,0.987325,0.002389623
1554.8560682685586,1554.8560682685586,0.98831725,0.0023892992
1554.8574571547808,1554.8574571547808,0.9849037,0.0023880051
1554.858846041003,1554.858846041003,0.98986083,0.0024075378
1554.860234927226,1554.860234927226,0.9891844,0.0023922615
1554.8616238136817,1554.8616238136817,0.98694134,0.0023984935
1554.8630126999046,1554.8630126999046,0.9872459,0.0023886473
1554.8644015861275,1554.8644015861275,0.98856056,0.0023930222
1554.8657904723505,1554.8657904723505,0.9867094,0.0024006777
1554.8671793585734,1554.8671793585734,0.9879977,0.002389234
1554.8685682447954,1554.8685682447954,0.9860972,0.0023895598
1554.8699571310183,1554.8699571310183,0.98709726,0.0023931668
1554.8713460172412,1554.8713460172412,0.9846104,0.0023900305
1554.8727349034634,1554.8727349034634,0.98540866,0.0023866482
1554.8741237896863,1554.8741237896863,0.98413837,0.0023898894
1554.87551267591,1554.87551267591,0.9888495,0.002390225
1554.8769015621328,1554.8769015621328,0.9881341,0.002388958
1554.8782904481222,1554.8782904481222,0.9848638,0.0023863688
1554.8796793343445,1554.8796793343445,0.98823005,0.0023917924
1554.8810682205674,1554.8810682205674,0.98178864,0.0023850594
1554.88245710679,1554.88245710679,0.9834289,0.0023887823
1554.8838459927795,1554.8838459927795,0.9883277,0.0023905872
1554.885234879003,1554.885234879003,0.9848472,0.0023873786
1554.8866237652267,1554.8866237652267,0.98817223,0.0023878866
1554.888012651216,1554.888012651216,0.9880525,0.0023899039
1554.8894015374383,1554.8894015374383,0.9839418,0.0023859993
1554.8907904234284,1554.8907904234284,0.98290056,0.0023865039
1554.8921793096513,1554.8921793096513,0.98110604,0.0023858564
1554.8935681958735,1554.8935681958735,0.9867741,0.002388078
1554.894957081863,1554.894957081863,0.98209715,0.0023911668
1554.8963459678534,1554.8963459678534,0.9835201,0.0023878983
1554.897734854077,1554.897734854077,0.9846704,0.0023860594
1554.8991237400664,1554.8991237400664,0.9851118,0.002388448
1554.9005126262894,1554.9005126262894,0.98518753,0.0023894284
1554.9019015122794,1554.9019015122794,0.9877806,0.0023893472
1554.9032903982688,1554.9032903982688,0.9851698,0.0023872496
1554.9046792842582,1554.9046792842582,0.98449683,0.002390862
1554.9060681704811,1554.9060681704811,0.98627,0.0023929041
1554.907457056472,1554.907457056472,0.9851377,0.002386996
1554.908845942462,1554.908845942462,0.98385006,0.0023859453
1554.9102348284512,1554.9102348284512,0.9846506,0.0023951095
1554.9116237144412,1554.9116237144412,0.9835059,0.0023901497
1554.9130126004313,1554.9130126004313,0.9853355,0.0023908492
1554.9144014864207,1554.9144014864207,0.9860368,0.0023898657
1554.9157903724108,1554.9157903724108,0.9821087,0.0023860708
1554.9171792584016,1554.9171792584016,0.9821737,0.0023872356
1554.9185681443917,1554.9185681443917,0.983419,0.0023909567
1554.919957030381,1554.919957030381,0.98190284,0.0024024146
1554.9213459163711,1554.9213459163711,0.98684233,0.0023879008
1554.9227348023612,1554.9227348023612,0.98478603,0.002386049
1554.9241236883506,1554.9241236883506,0.98471636,0.0023894112
1554.9255125743398,1554.9255125743398,0.9848356,0.0023872843
1554.9269014603299,1554.9269014603299,0.9863171,0.0023897842
1554.9282903460878,1554.9282903460878,0.98359,0.0023882517
1554.929679232078,1554.929679232078,0.9828165,0.0023887788
1554.931068118068,1554.931068118068,0.98445356,0.0023900315
1554.9324570038252,1554.9324570038252,0.9830906,0.0023943556
1554.9338458898146,1554.9338458898146,0.98516953,0.0023897202
1554.935234775804,1554.935234775804,0.9805714,0.0023883078
1554.9366236615613,1554.9366236615613,0.9833635,0.0023862848
1554.9380125475511,1554.9380125475511,0.98270816,0.0023857846
1554.9394014333084,1554.9394014333084,0.9833596,0.0023867043
1554.9407903192991,1554.9407903192991,0.9852374,0.0023894066
1554.9421792050564,1554.9421792050564,0.98010725,0.0023862305
1554.9435680910458,1554.9435680910458,0.98272794,0.0023879213
1554.9449569768024,1554.9449569768024,0.9877,0.0023871663
1554.9463458625596,1554.9463458625596,0.98604894,0.0023888866
1554.9477347485497,1554.9477347485497,0.97906643,0.0023860296
1554.9491236343063,1554.9491236343063,0.9835018,0.0023877656
1554.9505125200635,1554.9505125200635,0.98185605,0.0023857292
1554.9519014060543,1554.9519014060543,0.97835666,0.0023884578
1554.9532902918115,1554.9532902918115,0.9861213,0.0023907302
1554.9546791775679,1554.9546791775679,0.9853947,0.002390182
1554.9560680633251,1554.9560680633251,0.98633766,0.0023965833
1554.9574569490824,1554.9574569490824,0.9821896,0.0023882405
1554.958845834839,1554.958845834839,0.9830817,0.002385608
1554.9602347205962,1554.9602347205962,0.9825752,0.0023864142
1554.961623606587,1554.961623606587,0.98109555,0.002389367
1554.9630124923442,1554.9630124923442,0.9854279,0.002392537
1554.964401377868,1554.964401377868,0.98414665,0.0023874566
1554.9657902636245,1554.9657902636245,0.9814846,0.002391368
1554.9671791493818,1554.9671791493818,0.98530483,0.002386568
1554.9685680351388,1554.9685680351388,0.9843311,0.0023876415
1554.9699569208954,1554.9699569208954,0.98197025,0.0023838643
1554.9713458066533,1554.9713458066533,0.9822564,0.0023876477
1554.9727346924112,1554.9727346924112,0.9882869,0.0023887276
1554.974123577935,1554.974123577935,0.98594517,0.0023872708
1554.9755124636915,1554.9755124636915,0.98648155,0.0023888468
1554.9769013494488,1554.9769013494488,0.98535687,0.0023855255
1554.978290235206,1554.978290235206,0.98779756,0.0023869378
1554.9796791207298,1554.9796791207298,0.98579866,0.002390286
1554.9810680064863,1554.9810680064863,0.9847802,0.002386817
1554.9824568920112,1554.9824568920112,0.98294765,0.0023851807
1554.9838457777691,1554.9838457777691,0.9851569,0.0023893102
1554.9852346632929,1554.9852346632929,0.98470706,0.0023877204
1554.9866235490501,1554.9866235490501,0.9845907,0.0023874461
1554.9880124345746,1554.9880124345746,0.9831422,0.0023854757
1554.9894013203311,1554.9894013203311,0.9817642,0.0023870913
1554.9907902058549,1554.9907902058549,0.9859545,0.0023889113
1554.9921790913793,1554.9921790913793,0.98135084,0.002387133
1554.9935679771372,1554.9935679771372,0.9835237,0.0023859774
1554.9949568626616,1554.9949568626616,0.9820149,0.0023902974
1554.9963457481851,1554.9963457481851,0.9871118,0.0023887071
1554.9977346339424,1554.9977346339424,0.9852515,0.002395609
1554.9991235194668,1554.9991235194668,0.9842721,0.0023943537
1555.0005124049906,1555.0005124049906,0.9847101,0.0023890657
1555.001901290515,1555.001901290515,0.9837535,0.0023869881
1555.0032901760394,1555.0032901760394,0.9828476,0.002384684
1555.0046790615638,1555.0046790615638,0.98377717,0.0023860512
1555.0060679470882,1555.0060679470882,0.9842402,0.0023845288
1555.0074568326127,1555.0074568326127,0.9853845,0.002387156
1555.008845718137,1555.008845718137,0.9868329,0.002388767
1555.0102346036608,1555.0102346036608,0.9827294,0.002384967
1555.0116234891843,1555.0116234891843,0.98779774,0.0023893602
1555.0130123747088,1555.0130123747088,0.9851382,0.0023960928
1555.0144012602339,1555.0144012602339,0.98611253,0.0023888866
1555.0157901457583,1555.0157901457583,0.9846997,0.0023864994
1555.0171790312827,1555.0171790312827,0.98782814,0.0023883833
1555.0185679165743,1555.0185679165743,0.98561835,0.0023887975
1555.019956802098,1555.019956802098,0.9867192,0.002391296
1555.0213456876218,1555.0213456876218,0.98476696,0.002387115
1555.0227345731462,1555.0227345731462,0.985834,0.0023893532
1555.0241234584375,1555.0241234584375,0.9851278,0.0023897297
1555.025512343962,1555.025512343962,0.986014,0.0023857823
1555.0269012292536,1555.0269012292536,0.9865808,0.0023861453
1555.028290114778,1555.028290114778,0.98571503,0.0023879895
1555.0296790000696,1555.0296790000696,0.9862017,0.00238891
1555.0310678855933,1555.0310678855933,0.9839231,0.0023876005
1555.032456770885,1555.032456770885,0.9831276,0.002384865
1555.0338456564093,1555.0338456564093,0.9861577,0.002388131
1555.0352345417002,1555.0352345417002,0.98220354,0.0023886238
1555.0366234272246,1555.0366234272246,0.9826043,0.0023846116
1555.038012312517,1555.038012312517,0.985341,0.0023947144
1555.0394011978085,1555.0394011978085,0.98324835,0.0023927463
1555.0407900830992,1555.0407900830992,0.98494595,0.0023851506
1555.042178968623,1555.042178968623,0.9859251,0.002392371
1555.0435678539145,1555.0435678539145,0.98680776,0.0023897188
1555.044956739206,1555.044956739206,0.98473495,0.0023876957
1555.046345624497,1555.046345624497,0.98814106,0.0023883034
1555.0477345097893,1555.0477345097893,0.98557985,0.0023966252
1555.0491233950816,1555.0491233950816,0.98757523,0.002393516
1555.0505122803725,1555.0505122803725,0.98816437,0.0023893833
1555.0519011658962,1555.0519011658962,0.9890424,0.0023895386
1555.0532900511878,1555.0532900511878,0.9851519,0.002388869
1555.0546789362463,1555.0546789362463,0.9861484,0.0023866904
1555.0560678215372,1555.0560678215372,0.9874607,0.0023882282
1555.0574567068288,1555.0574567068288,0.98721415,0.0023907481
1555.058845592121,1555.058845592121,0.983929,0.0023879248
1555.0602344774127,1555.0602344774127,0.98872656,0.002387041
1555.0616233627036,1555.0616233627036,0.9849787,0.0023879108
1555.0630122479952,1555.0630122479952,0.98745453,0.0023985112
1555.064401133054,1555.064401133054,0.9845815,0.0023848691
1555.0657900183448,1555.0657900183448,0.9845407,0.0023867765
1555.0671789036357,1555.0671789036357,0.9832889,0.0023874468
1555.0685677886943,1555.0685677886943,0.98458976,0.0023900329
1555.0699566739866,1555.0699566739866,0.9890723,0.0023890405
1555.0713455590453,1555.0713455590453,0.9884011,0.0023946438
1555.072734444337,1555.072734444337,0.9875942,0.0023895544
1555.0741233296285,1555.0741233296285,0.9853426,0.0023907362
1555.0755122146866,1555.0755122146866,0.98883444,0.0023926448
1555.0769010997446,1555.0769010997446,0.98880875,0.002387311
1555.0782899850362,1555.0782899850362,0.9839787,0.0023849013
1555.0796788700957,1555.0796788700957,0.99244225,0.0023904166
1555.0810677553873,1555.0810677553873,0.9913251,0.0023893737
1555.0824566404451,1555.0824566404451,0.98895544,0.0024005666
1555.0838455255039,1555.0838455255039,0.98947024,0.0023894554
1555.0852344105626,1555.0852344105626,0.98746836,0.0023875649
1555.0866232958535,1555.0866232958535,0.9906801,0.0023882953
1555.0880121809123,1555.0880121809123,0.9862678,0.002387604
1555.089401065971,1555.089401065971,0.9905143,0.0023877928
1555.0907899510298,1555.0907899510298,0.98963386,0.002388709
1555.0921788360886,1555.0921788360886,0.9872953,0.0023901965
1555.0935677211473,1555.0935677211473,0.9901748,0.0023890457
1555.094956606206,1555.094956606206,0.986766,0.0023893856
1555.0963454912642,1555.0963454912642,0.9906448,0.0023942352
1555.097734376322,1555.097734376322,0.98569417,0.002388891
1555.0991232613808,1555.0991232613808,0.99104464,0.0023887362
1555.1005121464395,1555.1005121464395,0.9896698,0.002390723
1555.1019010314983,1555.1019010314983,0.99574286,0.0023940909
1555.1032899165577,1555.1032899165577,0.9975286,0.002393618
1555.1046788016165,1555.1046788016165,0.99209315,0.00239098
1555.1060676866746,1555.1060676866746,0.99619734,0.0023940506
1555.1074565714998,1555.1074565714998,0.99251527,0.0024023054
1555.1088454565586,1555.1088454565586,0.989108,0.0023871232
1555.1102343416171,1555.1102343416171,0.99423075,0.0023891437
1555.1116232264424,1555.1116232264424,0.9938217,0.0023929412
1555.1130121115011,1555.1130121115011,0.99078566,0.002390627
1555.1144009965606,1555.1144009965606,0.9913412,0.0023887982
1555.1157898813865,1555.1157898813865,0.9917572,0.002388841
1555.1171787664446,1555.1171787664446,0.9926397,0.0023913889
1555.1185676512705,1555.1185676512705,0.99082893,0.002390461
1555.1199565363293,1555.1199565363293,0.9924509,0.002389651
1555.1213454211545,1555.1213454211545,0.9917729,0.0023901556
1555.1227343059797,1555.1227343059797,0.992215,0.0023966094
1555.1241231910392,1555.1241231910392,0.99204755,0.0023895325
1555.1255120758658,1555.1255120758658,0.99290544,0.002390274
1555.1269009606908,1555.1269009606908,0.99184394,0.0023883623
1555.128289845749,1555.128289845749,0.9885026,0.0023964534
1555.1296787305748,1555.1296787305748,0.9921266,0.002388587
1555.1310676154008,1555.1310676154008,0.9902482,0.0023927432
1555.132456500226,1555.132456500226,0.98990923,0.00238737
1555.133845385052,1555.133845385052,0.99076337,0.0023915977
1555.1352342701114,1555.1352342701114,0.9888063,0.0023888599
1555.1366231549373,1555.1366231549373,0.9901092,0.0023883362
1555.1380120397623,1555.1380120397623,0.9894933,0.0023889244
1555.1394009245882,1555.1394009245882,0.98846483,0.002386319
1555.1407898094142,1555.1407898094142,0.9902732,0.0023890566
1555.1421786942394,1555.1421786942394,0.9925211,0.002389481
1555.1435675790647,1555.1435675790647,0.9911136,0.002399051
1555.1449564636584,1555.1449564636584,0.99130815,0.0023904846
1555.146345348485,1555.146345348485,0.9902819,0.0023904627
1555.1477342333103,1555.1477342333103,0.9933763,0.0023925933
1555.1491231181362,1555.1491231181362,0.9935888,0.0023915924
1555.1505120029622,1555.1505120029622,0.99144065,0.0023916857
1555.1519008875546,1555.1519008875546,0.9939182,0.0023958571
1555.1532897723798,1555.1532897723798,0.9932458,0.0023950352
1555.1546786572055,1555.1546786572055,0.99160606,0.0023892003
1555.1560675417993,1555.1560675417993,0.9917735,0.0023893332
1555.1574564266252,1555.1574564266252,0.9920858,0.0023926343
1555.1588453114512,1555.1588453114512,0.99581283,0.0023976197
1555.1602341960443,1555.1602341960443,0.992738,0.0023932783
1555.1616230808695,1555.1616230808695,0.99587035,0.0024017512
1555.163011965462,1555.163011965462,0.9907886,0.0023896615
1555.164400850055,1555.164400850055,0.99093735,0.0023873695
1555.165789734881,1555.165789734881,0.9931189,0.0023908739
1555.167178619474,1555.167178619474,0.9961136,0.0023927258
1555.1685675042997,1555.1685675042997,0.9938585,0.0023913733
1555.1699563888928,1555.1699563888928,0.9949402,0.0023979843
1555.171345273486,1555.171345273486,0.99405074,0.0023899507
1555.1727341580784,1555.1727341580784,0.9917193,0.002390437
1555.1741230429043,1555.1741230429043,0.99607325,0.0023978895
1555.1755119274974,1555.1755119274974,0.99012816,0.0023912021
1555.1769008120898,1555.1769008120898,0.9930548,0.0023884776
1555.178289696683,1555.178289696683,0.9926694,0.0023931114
1555.1796785812767,1555.1796785812767,0.99525017,0.002391204
1555.1810674658698,1555.1810674658698,0.9963204,0.0023971605
1555.1824563504622,1555.1824563504622,0.99491006,0.0023935721
1555.1838452350544,1555.1838452350544,0.99346673,0.0023916527
1555.1852341196475,1555.1852341196475,0.9955535,0.0023916333
1555.1866230042406,1555.1866230042406,0.99337655,0.0023914108
1555.188011888833,1555.188011888833,0.99827474,0.0023988038
1555.1894007734268,1555.1894007734268,0.9957233,0.002393868
1555.1907896580205,1555.1907896580205,0.99325246,0.002389716
1555.1921785423801,1555.1921785423801,0.99408376,0.0023900862
1555.1935674269725,1555.1935674269725,0.99620754,0.0023915363
1555.1949563115656,1555.1949563115656,0.99566966,0.002392866
1555.1963451961585,1555.1963451961585,0.9971282,0.0024004981
1555.197734080518,1555.197734080518,0.9957524,0.0023930245
1555.1991229651105,1555.1991229651105,0.99475366,0.0023912678
1555.2005118497043,1555.2005118497043,1.0019656,0.002397996
1555.2019007340652,1555.2019007340652,0.99823135,0.0023925325
1555.2032896186577,1555.2032896186577,0.99889636,0.0023922792
1555.204678503018,1555.204678503018,0.9967214,0.002393649
1555.206067387611,1555.206067387611,0.9983305,0.0023945922
1555.2074562719706,1555.2074562719706,0.99848914,0.0023932757
1555.2088451563302,1555.2088451563302,1.0024443,0.0023971405
1555.210234040923,1555.210234040923,0.9988287,0.0023960962
1555.211622925284,1555.211622925284,0.99905217,0.0023939426
1555.2130118096443,1555.2130118096443,0.9964145,0.002394637
1555.2144006942367,1555.2144006942367,0.9971414,0.002394113
1555.215789578597,1555.215789578597,0.99744004,0.0023951
1555.2171784629572,1555.2171784629572,0.9993801,0.0024022458
1555.2185673473168,1555.2185673473168,0.99621904,0.0023932478
1555.21995623191,1555.21995623191,1.0002685,0.0023926771
1555.2213451162709,1555.2213451162709,0.9996972,0.0023937377
1555.2227340006311,1555.2227340006311,0.9980364,0.0023949402
1555.2241228849905,1555.2241228849905,0.9974634,0.0023942634
1555.2255117693508,1555.2255117693508,0.999332,0.0024036877
1555.226900653711,1555.226900653711,0.9968572,0.0023992956
1555.2282895380706,1555.2282895380706,1.001362,0.0023937824
1555.2296784224302,1555.2296784224302,1.0017722,0.00239364
1555.2310673067905,1555.2310673067905,0.9984506,0.002393696
1555.2324561909186,1555.2324561909186,0.9998199,0.0023932946
1555.2338450752789,1555.2338450752789,1.0040857,0.00239499
1555.2352339596391,1555.2352339596391,0.99945176,0.0023980914
1555.2366228439994,1555.2366228439994,1.0002257,0.0023934194
1555.238011728359,1555.238011728359,1.0002096,0.0023957416
1555.2394006124857,1555.2394006124857,0.99828404,0.002395024
1555.2407894968458,1555.2407894968458,1.0007753,0.002403854
1555.242178381206,1555.242178381206,0.9970866,0.002392035
1555.2435672653335,1555.2435672653335,1.0034008,0.0023960264
1555.2449561496937,1555.2449561496937,1.000557,0.002395536
1555.2463450338212,1555.2463450338212,1.0009964,0.0023940357
1555.2477339181814,1555.2477339181814,1.0014893,0.002396708
1555.2491228023082,1555.2491228023082,1.001929,0.002398459
1555.2505116866685,1555.2505116866685,1.002184,0.0023939086
1555.251900570796,1555.251900570796,1.0042502,0.0024012118
1555.2532894551553,1555.2532894551553,1.0009298,0.0023951952
1555.2546783392827,1555.2546783392827,0.9954373,0.0023915835
1555.2560672234108,1555.2560672234108,1.0031624,0.0024003517
1555.2574561075382,1555.2574561075382,1.0044143,0.0023951384
1555.2588449918978,1555.2588449918978,1.0040544,0.002395322
1555.2602338760246,1555.2602338760246,1.0032586,0.0023984858
1555.261622760152,1555.261622760152,1.0043336,0.0023956662
1555.2630116442795,1555.2630116442795,1.0021021,0.0023924045
1555.2644005284062,1555.2644005284062,1.0035874,0.0023938192
1555.2657894127672,1555.2657894127672,1.00326,0.0023976506
1555.2671782968953,1555.2671782968953,1.0007497,0.0023998728
1555.268567181022,1555.268567181022,1.0065613,0.0023994017
1555.2699560651486,1555.2699560651486,1.0046288,0.0023976474
1555.271344949276,1555.271344949276,1.0007529,0.0023935582
1555.2727338334034,1555.2727338334034,1.003283,0.0023935612
1555.2741227172974,1555.2741227172974,1.0031518,0.002396207
1555.2755116014248,1555.2755116014248,1.0033835,0.0023970893
1555.276900485553,1555.276900485553,1.0047237,0.0023967251
1555.2782893696804,1555.2782893696804,1.0049138,0.0023975223
1555.279678253807,1555.279678253807,1.0041771,0.0023949626
1555.2810671379345,1555.2810671379345,1.0034671,0.002395023
1555.282456021829,1555.282456021829,1.0034468,0.0023949903
1555.2838449059557,1555.2838449059557,1.0046335,0.0023939789
1555.2852337900824,1555.2852337900824,1.0034673,0.0024029205
1555.286622673977,1555.286622673977,1.0069346,0.0023984448
1555.2880115581052,1555.2880115581052,1.0035343,0.0024000295
1555.2894004419998,1555.2894004419998,1.0029371,0.0023975945
1555.2907893261272,1555.2907893261272,1.0029492,0.0023959468
1555.2921782100218,1555.2921782100218,1.0064963,0.0023955659
1555.2935670941486,1555.2935670941486,1.005757,0.002397661
1555.2949559780425,1555.2949559780425,1.0062516,0.0023991673
1555.2963448621697,1555.2963448621697,1.0041126,0.002395622
1555.2977337460643,1555.2977337460643,1.0044525,0.00240667
1555.299122629959,1555.299122629959,1.0052094,0.002396889
1555.3005115140863,1555.3005115140863,1.0075321,0.002401148
1555.301900397981,1555.301900397981,1.0071032,0.002402562
1555.3032892818755,1555.3032892818755,1.0052459,0.0023974753
1555.3046781657695,1555.3046781657695,1.0111862,0.002396588
1555.306067049897,1555.306067049897,1.0045402,0.0023929032
1555.3074559337915,1555.3074559337915,1.0074062,0.0023975
1555.3088448176854,1555.3088448176854,1.0088825,0.002395766
1555.31023370158,1555.31023370158,1.008909,0.002396872
1555.311622585475,1555.311622585475,1.0071387,0.0023947796
1555.3130114693697,1555.3130114693697,1.0042216,0.0023943821
1555.3144003532636,1555.3144003532636,1.0101291,0.002398538
1555.3157892371576,1555.3157892371576,1.011323,0.0023986879
1555.3171781210522,1555.3171781210522,1.005845,0.002397071
1555.3185670049468,1555.3185670049468,1.0083804,0.0023963335
1555.3199558888414,1555.3199558888414,1.008247,0.0024053887
1555.3213447727367,1555.3213447727367,1.0066925,0.0023948771
1555.3227336566313,1555.3227336566313,1.0052693,0.002400688
1555.3241225402924,1555.3241225402924,1.0059239,0.0024016742
1555.325511424186,1555.325511424186,1.0088779,0.0023979181
1555.3269003080807,1555.3269003080807,1.0059078,0.0023958848
1555.3282891917424,1555.3282891917424,1.0061278,0.002396727
1555.3296780756364,1555.3296780756364,1.0087997,0.0024014323
1555.331066959531,1555.331066959531,1.0082619,0.0024088738
1555.3324558431934,1555.3324558431934,1.0093459,0.0023971635
1555.333844727088,1555.333844727088,1.0058757,0.0023964213
1555.335233610982,1555.335233610982,1.0061417,0.0024019906
1555.3366224946437,1555.3366224946437,1.0065966,0.00240048
1555.3380113785383,1555.3380113785383,1.0109363,0.0024069084
1555.3394002621992,1555.3394002621992,1.0078168,0.0023982232
1555.3407891458603,1555.3407891458603,1.0105263,0.002398656
1555.3421780297556,1555.3421780297556,1.0044107,0.0023955256
1555.343566913418,1555.343566913418,1.007062,0.0023965274
1555.3449557970791,1555.3449557970791,1.0067991,0.0023962178
1555.346344680973,1555.346344680973,1.0070487,0.0023964937
1555.3477335646348,1555.3477335646348,1.0092723,0.0024007189
1555.3491224482966,1555.3491224482966,1.0125914,0.0023984401
1555.3505113319577,1555.3505113319577,1.0094924,0.002407896
1555.3519002158523,1555.3519002158523,1.0070434,0.00239907
1555.3532890995145,1555.3532890995145,1.0110711,0.0023996928
1555.3546779831763,1555.3546779831763,1.0111104,0.002399542
1555.3560668668374,1555.3560668668374,1.0107728,0.0024027233
1555.3574557504992,1555.3574557504992,1.0115398,0.0024088216
1555.358844634161,1555.358844634161,1.0111241,0.0023999605
1555.360233517822,1555.360233517822,1.0091906,0.0023981808
1555.3616224014831,1555.3616224014831,1.011663,0.002407955
1555.363011285145,1555.363011285145,1.0075629,0.002398341
1555.3644001688074,1555.3644001688074,1.0124601,0.0023979247
1555.3657890524692,1555.3657890524692,1.0125525,0.0024022567
1555.367177936131,1555.367177936131,1.0131859,0.0023990395
1555.3685668197925,1555.3685668197925,1.0109702,0.0024004665
1555.3699557032207,1555.3699557032207,1.0104914,0.0023978872
1555.3713445868818,1555.3713445868818,1.00846,0.002399966
1555.3727334705436,1555.3727334705436,1.0097061,0.0023983985
1555.3741223542054,1555.3741223542054,1.0097896,0.002398955
1555.3755112376343,1555.3755112376343,1.0116313,0.0024051731
1555.376900121296,1555.376900121296,1.0107397,0.0024017307
1555.3782890049579,1555.3782890049579,1.0108163,0.0023986858
1555.3796778883868,1555.3796778883868,1.0106988,0.0023961351
1555.381066772048,1555.381066772048,1.0105617,0.002398607
1555.3824556554766,1555.3824556554766,1.0145065,0.0024018292
1555.3838445391384,1555.3838445391384,1.0100843,0.0023960187
1555.3852334225667,1555.3852334225667,1.0124943,0.0024011803
1555.3866223062284,1555.3866223062284,1.0156156,0.002402074
1555.388011189658,1555.388011189658,1.0153799,0.0024025922
1555.3894000733198,1555.3894000733198,1.0121028,0.002397499
1555.390788956748,1555.390788956748,1.0087394,0.0023955896
1555.392177840177,1555.392177840177,1.0142349,0.0024010905
1555.3935667238388,1555.3935667238388,1.009672,0.0024031242
1555.394955607267,1555.394955607267,1.0138769,0.0023989812
1555.3963444906951,1555.3963444906951,1.0171571,0.0024035636
1555.3977333741248,1555.3977333741248,1.0125083,0.0024001081
1555.3991222575544,1555.3991222575544,1.0151784,0.0024037126
1555.4005111412155,1555.4005111412155,1.0156239,0.0024000749
1555.4019000246437,1555.4019000246437,1.0140145,0.0024024793
1555.4032889080727,1555.4032889080727,1.0167508,0.0024112659
1555.4046777915016,1555.4046777915016,1.0145707,0.0024065494
1555.40606667493,1555.40606667493,1.0117434,0.0024050602
1555.4074555583588,1555.4074555583588,1.0150964,0.0024026933
1555.4088444417885,1555.4088444417885,1.0162174,0.0023998313
1555.4102333252174,1555.4102333252174,1.0148621,0.0024073452
1555.4116222086454,1555.4116222086454,1.0142517,0.0024109832
1555.4130110920744,1555.4130110920744,1.015563,0.002410323
1555.4143999755033,1555.4143999755033,1.0147192,0.0024001093
1555.4157888589316,1555.4157888589316,1.0163865,0.0024033582
1555.4171777423599,1555.4171777423599,1.0123692,0.0024022926
1555.418566625556,1555.418566625556,1.0137974,0.0024003221
1555.4199555089856,1555.4199555089856,1.0159953,0.0024038197
1555.4213443924145,1555.4213443924145,1.014459,0.002400316
1555.4227332758435,1555.4227332758435,1.0131859,0.0024066994
1555.4241221590396,1555.4241221590396,1.0114347,0.002399575
1555.4255110424676,1555.4255110424676,1.0153025,0.0023986765
1555.426899925896,1555.426899925896,1.0126259,0.002401161
1555.428288809092,1555.428288809092,1.0180787,0.002401501
1555.429677692521,1555.429677692521,1.016134,0.0024003293
1555.431066575717,1555.431066575717,1.0166652,0.0024025787
1555.432455459146,1555.432455459146,1.0135854,0.002400848
1555.433844342575,1555.433844342575,1.0181388,0.0024014134
1555.435233225771,1555.435233225771,1.015345,0.0024010618
1555.4366221091993,1555.4366221091993,1.0136322,0.0024011661
1555.4380109923954,1555.4380109923954,1.0142574,0.0024021866
1555.4393998755916,1555.4393998755916,1.0153608,0.0024010136
1555.4407887590196,1555.4407887590196,1.0199953,0.0024028653
1555.4421776422157,1555.4421776422157,1.018614,0.0023998774
1555.4435665254125,1555.4435665254125,1.0152944,0.0024003063
1555.4449554088415,1555.4449554088415,1.0166196,0.0024063722
1555.4463442920369,1555.4463442920369,1.0179336,0.0024049513
1555.4477331752323,1555.4477331752323,1.0155045,0.002400712
1555.4491220586613,1555.4491220586613,1.0147036,0.0024000343
1555.4505109418574,1555.4505109418574,1.0163429,0.0024038185
1555.4518998250528,1555.4518998250528,1.0191792,0.0024001503
1555.4532887082496,1555.4532887082496,1.0140914,0.0024000055
1555.4546775914462,1555.4546775914462,1.0201857,0.0024033152
1555.4560664746416,1555.4560664746416,1.0195535,0.0023992273
1555.457455357837,1555.457455357837,1.0178568,0.0024011165
1555.458844241266,1555.458844241266,1.0178207,0.002402286
1555.460233124462,1555.460233124462,1.0207444,0.0024055187
1555.4616220076575,1555.4616220076575,1.0175408,0.0024040034
1555.463010890853,1555.463010890853,1.0174478,0.0024033901
1555.4643997740498,1555.4643997740498,1.0238329,0.0024049426
1555.4657886570137,1555.4657886570137,1.0176451,0.0024024602
1555.4671775402091,1555.4671775402091,1.017178,0.002400145
1555.468566423405,1555.468566423405,1.0193605,0.0024045932
1555.4699553066012,1555.4699553066012,1.0135679,0.00239761
1555.4713441897966,1555.4713441897966,1.0214779,0.0024025356
1555.472733072992,1555.472733072992,1.0185363,0.0024033126
1555.4741219561881,1555.4741219561881,1.0161988,0.002401215
1555.475510839152,1555.475510839152,1.0173486,0.0024024872
1555.4768997223482,1555.4768997223482,1.0160751,0.0024026062
1555.4782886055436,1555.4782886055436,1.0227646,0.0024037282
1555.4796774887398,1555.4796774887398,1.0193225,0.002402964
1555.481066371703,1555.481066371703,1.0183333,0.0024023904
1555.4824552548982,1555.4824552548982,1.0189841,0.0024061874
1555.4838441380944,1555.4838441380944,1.0185355,0.0024010222
1555.4852330210576,1555.4852330210576,1.0191207,0.0024016134
1555.4866219042538,1555.4866219042538,1.0355245,0.0024110114
1555.488010787217,1555.488010787217,1.051091,0.0024248646
1555.4893996704131,1555.4893996704131,1.037554,0.0024115809
1555.4907885533764,1555.4907885533764,1.0274348,0.00240782
1555.4921774365719,1555.4921774365719,1.0270007,0.0024071706
1555.4935663195351,1555.4935663195351,1.0230345,0.0024069932
1555.4949552027313,1555.4949552027313,1.021276,0.0024028209
1555.4963440856939,1555.4963440856939,1.0240159,0.002408551
1555.4977329688897,1555.4977329688897,1.0227057,0.0024054826
1555.4991218518537,1555.4991218518537,1.0213035,0.002405547
1555.500510734817,1555.500510734817,1.0200602,0.0024056956
1555.5018996180124,1555.5018996180124,1.0197852,0.002403499
1555.503288500975,1555.503288500975,1.019617,0.0024051077
1555.5046773839383,1555.5046773839383,1.0196347,0.0024051205
1555.5060662671344,1555.5060662671344,1.0171672,0.0024034285
1555.507455150097,1555.507455150097,1.0189688,0.0024031599
1555.508844033061,1555.508844033061,1.0186801,0.002402054
1555.510232916025,1555.510232916025,1.0196298,0.002402144
1555.5116217992202,1555.5116217992202,1.0148631,0.0024029918
1555.5130106821828,1555.5130106821828,1.0163338,0.0024030413
1555.514399565146,1555.514399565146,1.0131525,0.0024029955
1555.5157884481093,1555.5157884481093,1.0195134,0.002407268
1555.517177331072,1555.517177331072,1.0169927,0.002402558
1555.5185662140352,1555.5185662140352,1.0175304,0.0024016509
1555.5199550969992,1555.5199550969992,1.0268139,0.0024112335
1555.5213439801953,1555.5213439801953,1.0454255,0.0024203674
1555.522732863158,1555.522732863158,1.0623683,0.0024261707
1555.5241217461212,1555.5241217461212,1.0548139,0.0024276415
1555.5255106290845,1555.5255106290845,1.0491012,0.0024301403
1555.5268995120468,1555.5268995120468,1.038301,0.0024160661
1555.5282883950094,1555.5282883950094,1.0328795,0.0024113762
1555.5296772777406,1555.5296772777406,1.0327507,0.002412442
1555.5310661607045,1555.5310661607045,1.0293843,0.0024099434
1555.5324550436671,1555.5324550436671,1.0303924,0.0024150258
1555.5338439266297,1555.5338439266297,1.0265695,0.002409992
1555.535232809593,1555.535232809593,1.0236173,0.0024066113
1555.5366216925563,1555.5366216925563,1.0229007,0.0024078225
1555.5380105755187,1555.5380105755187,1.0217931,0.0024076381
1555.539399458482,1555.539399458482,1.0223014,0.002409015
1555.540788341213,1555.540788341213,1.0204667,0.002405335
1555.5421772241764,1555.5421772241764,1.0189465,0.0024094626
1555.543566107139,1555.543566107139,1.0177954,0.0024050602
1556.7310638429556,1556.7310638429556,,
1556.7352305155925,1556.7352305155925,,
1556.73661940624,1556.73661940624,,
1556.7380082971201,1556.7380082971201,,
1556.739397187999,1556.739397187999,,
1556.7407860788778,1556.7407860788778,,
1556.7421749697573,1556.7421749697573,,
1556.7435638606369,1556.7435638606369,,
1556.7449527515157,1556.7449527515157,,
1556.7463416423952,1556.7463416423952,,
1556.7477305332748,1556.7477305332748,,
1556.7491194241543,1556.7491194241543,,
1556.7505083150338,1556.7505083150338,,
1556.751897206146,1556.751897206146,,
1556.7532860970255,1556.7532860970255,,
1556.7546749879043,1556.7546749879043,,
1556.7560638787832,1556.7560638787832,,
1556.758841660775,1556.758841660775,,
1556.7602305516546,1556.7602305516546,,
1556.7616194425348,1556.7616194425348,,
1556.7630083336471,1556.7630083336471,,
1556.7643972245257,1556.7643972245257,,
1556.7657861154046,1556.7657861154046,,
1556.767175006517,1556.767175006517,,
1556.7685638973965,1556.7685638973965,,
1556.7699527885081,1556.7699527885081,,
1556.7713416793877,1556.7713416793877,,
1556.7727305705007,1556.7727305705007,,
1556.7741194613802,1556.7741194613802,,
1556.775508352492,1556.775508352492,,
1556.7768972433714,1556.7768972433714,,
1556.7782861344838,1556.7782861344838,,
1556.7796750253624,1556.7796750253624,,
1556.781063916474,1556.781063916474,,
1556.7824528075864,1556.7824528075864,,
1556.7838416984666,1556.7838416984666,,
1556.785230589579,1556.785230589579,,
1556.7866194806907,1556.7866194806907,,
1556.788008371803,1556.788008371803,,
1556.7893972626825,1556.7893972626825,,
1556.7907861537942,1556.7907861537942,,
1556.7921750449066,1556.7921750449066,,
1556.7935639360187,1556.7935639360187,,
1556.794952827131,1556.794952827131,,
1556.7963417180106,1556.7963417180106,,
1556.797730609123,1556.797730609123,,
1556.800508391347,1556.800508391347,,
1556.8018972824586,1556.8018972824586,,
1556.803286173571,1556.803286173571,,
1556.8046750646834,1556.8046750646834,,
1556.806063955795,1556.806063955795,,
1556.8074528469078,1556.8074528469078,,
1556.8088417380209,1556.8088417380209,,
1556.8102306291325,1556.8102306291325,,
1556.811619520477,1556.811619520477,,
1556.8130084115894,1556.8130084115894,,
1556.8143973027018,1556.8143973027018,,
1556.8157861938134,1556.8157861938134,,
1556.817175084925,1556.817175084925,,
1556.8185639760381,1556.8185639760381,,
1556.819952867384,1556.819952867384,,
1556.8213417584955,1556.8213417584955,,
1556.8227306496078,1556.8227306496078,,
1556.8241195407202,1556.8241195407202,,
1556.8255084320647,1556.8255084320647,,
1556.8268973231764,1556.8268973231764,,
1556.8282862142887,1556.8282862142887,,
1556.829675105634,1556.829675105634,,
1556.8310639967463,1556.8310639967463,,
1556.8324528880914,1556.8324528880914,,
1556.8338417792038,1556.8338417792038,,
1556.835230670549,1556.835230670549,,
1556.8366195616604,1556.8366195616604,,
1556.8380084527728,1556.8380084527728,,
1556.839397344118,1556.839397344118,,
1556.8407862354625,1556.8407862354625,,
1556.8421751265748,1556.8421751265748,,
1556.8435640179207,1556.8435640179207,,
1556.844952909033,1556.844952909033,,
1556.8463418003776,1556.8463418003776,,
1556.84773069149,1556.84773069149,,
1556.849119582835,1556.849119582835,,
1556.8505084741794,1556.8505084741794,,
1556.851897365291,1556.851897365291,,
1556.8532862566362,1556.8532862566362,,
1556.854675147982,1556.854675147982,,
1556.8560640393273,1556.8560640393273,,
1556.857452930439,1556.857452930439,,
1556.8588418217842,1556.8588418217842,,
1556.8602307131293,1556.8602307131293,,
1556.8616196044738,1556.8616196044738,,
1556.863008495819,1556.863008495819,,
1556.8643973871642,1556.8643973871642,,
1556.8657862782763,1556.8657862782763,,
1556.8671751696215,1556.8671751696215,,
1556.8685640609667,1556.8685640609667,,
1556.869952952312,1556.869952952312,,
1556.8713418436564,1556.8713418436564,,
1556.872730735001,1556.872730735001,,
1556.874119626346,1556.874119626346,,
1556.8755085176913,1556.8755085176913,,
1556.8768974090356,1556.8768974090356,,
1556.8782863003814,1556.8782863003814,,
1556.8796751917273,1556.8796751917273,,
1556.8810640830718,1556.8810640830718,,
1556.8824529744163,1556.8824529744163,,
1556.8838418657615,1556.8838418657615,,
1556.8852307571067,1556.8852307571067,,
1556.886619648684,1556.886619648684,,
1556.8880085400285,1556.8880085400285,,
1556.8893974313744,1556.8893974313744,,
1556.8907863227203,1556.8907863227203,,
1556.8921752140648,1556.8921752140648,,
1556.8935641056426,1556.8935641056426,,
1556.8949529969877,1556.8949529969877,,
1556.8963418883322,1556.8963418883322,,
1556.8977307796767,1556.8977307796767,,
1556.8991196712548,1556.8991196712548,,
1556.9005085626006,1556.9005085626006,,
1556.9018974539458,1556.9018974539458,,
1556.9032863455232,1556.9032863455232,,
1556.9046752368683,1556.9046752368683,,
1556.9060641282133,1556.9060641282133,,
1556.9074530197906,1556.9074530197906,,
1556.9088419111358,1556.9088419111358,,
1556.9102308027138,1556.9102308027138,,
1556.9116196940583,1556.9116196940583,,
1556.9130085856364,1556.9130085856364,,
1556.9143974769822,1556.9143974769822,,
1556.9157863683274,1556.9157863683274,,
1556.9171752599048,1556.9171752599048,,
1556.918564151482,1556.918564151482,,
1556.9199530428273,1556.9199530428273,,
1556.9213419344053,1556.9213419344053,,
1556.9227308257496,1556.9227308257496,,
1556.9241197173283,1556.9241197173283,,
1556.9255086086741,1556.9255086086741,,
1556.9268975002515,1556.9268975002515,,
1556.9282863918288,1556.9282863918288,,
1556.929675283174,1556.929675283174,,
1556.931064174752,1556.931064174752,,
1556.9324530663293,1556.9324530663293,,
1556.9338419576736,1556.9338419576736,,
1556.9352308492516,1556.9352308492516,,
1556.9366197408303,1556.9366197408303,,
1556.9380086321755,1556.9380086321755,,
1556.9393975237535,1556.9393975237535,,
1556.9407864153316,1556.9407864153316,,
1556.942175306909,1556.942175306909,,
1556.9435641984862,1556.9435641984862,,
1556.9449530898314,1556.9449530898314,,
1556.9463419814094,1556.9463419814094,,
1556.9477308729874,1556.9477308729874,,
1556.9491197645655,1556.9491197645655,,
1556.9505086561433,1556.9505086561433,,
1556.9518975477213,1556.9518975477213,,
1556.9532864392986,1556.9532864392986,,
1556.9546753308766,1556.9546753308766,,
1556.9560642222218,1556.9560642222218,,
1556.9574531137991,1556.9574531137991,,
1556.9588420053765,1556.9588420053765,,
1556.9602308969552,1556.9602308969552,,
1556.9616197885339,1556.9616197885339,,
1556.963008680111,1556.963008680111,,
1556.964397571689,1556.964397571689,,
1556.965786463267,1556.965786463267,,
1556.9671753548444,1556.9671753548444,,
1556.9685642466545,1556.9685642466545,,
1556.9699531382325,1556.9699531382325,,
1556.9713420298112,1556.9713420298112,,
1556.9727309213893,1556.9727309213893,,
1556.9741198129666,1556.9741198129666,,
1556.9755087045446,1556.9755087045446,,
1556.9768975961226,1556.9768975961226,,
1556.9782864877,1556.9782864877,,
1556.9796753795106,1556.9796753795106,,
1556.9810642710886,1556.9810642710886,,
1556.982453162666,1556.982453162666,,
1556.983842054244,1556.983842054244,,
1556.9852309458227,1556.9852309458227,,
1556.9866198376335,1556.9866198376335,,
1556.9880087292108,1556.9880087292108,,
1556.9893976207882,1556.9893976207882,,
1556.9907865123662,1556.9907865123662,,
1556.9921754041768,1556.9921754041768,,
1556.9935642957541,1556.9935642957541,,
1556.9949531873322,1556.9949531873322,,
1556.9963420791437,1556.9963420791437,,
1556.9977309707217,1556.9977309707217,,
1556.999119862299,1556.999119862299,,
1557.00050875411,1557.00050875411,,
1557.001897645688,1557.001897645688,,
1557.003286537498,1557.003286537498,,
1557.0046754290754,1557.0046754290754,,
1557.0060643206532,1557.0060643206532,,
1557.0074532124647,1557.0074532124647,,
1557.0088421040427,1557.0088421040427,,
1557.0102309958536,1557.0102309958536,,
1557.0116198874316,1557.0116198874316,,
1557.0130087792418,1557.0130087792418,,
1557.014397670819,1557.014397670819,,
1557.01578656263,1557.01578656263,,
1557.017175454208,1557.017175454208,,
1557.0185643460181,1557.0185643460181,,
1557.0199532375962,1557.0199532375962,,
1557.0213421294075,1557.0213421294075,,
1557.0227310209855,1557.0227310209855,,
1557.0241199127956,1557.0241199127956,,
1557.0255088046065,1557.0255088046065,,
1557.0268976961845,1557.0268976961845,,
1557.0282865879947,1557.0282865879947,,
1557.029675479572,1557.029675479572,,
1557.0310643713835,1557.0310643713835,,
1557.032453263195,1557.032453263195,,
1557.0338421547724,1557.0338421547724,,
1557.0352310465823,1557.0352310465823,,
1557.0366199383932,1557.0366199383932,,
1557.0380088299712,1557.0380088299712,,
1557.0393977217814,1557.0393977217814,,
1557.0407866135922,1557.0407866135922,,
1557.042175505403,1557.042175505403,,
1557.043564396981,1557.043564396981,,
1557.044953288792,1557.044953288792,,
1557.0463421806028,1557.0463421806028,,
1557.0477310724136,1557.0477310724136,,
1557.0491199642236,1557.0491199642236,,
1557.050508855801,1557.050508855801,,
1557.0518977476117,1557.0518977476117,,
1557.0532866394226,1557.0532866394226,,
1557.0546755312334,1557.0546755312334,,
1557.056064423045,1557.056064423045,,
1557.0574533148558,1557.0574533148558,,
1557.0588422064332,1557.0588422064332,,
1557.0602310982433,1557.0602310982433,,
1557.0616199900542,1557.0616199900542,,
1557.063008881865,1557.063008881865,,
1557.064397773675,1557.064397773675,,
1557.0657866654858,1557.0657866654858,,
1557.0671755572973,1557.0671755572973,,
1557.0685644491082,1557.0685644491082,,
1557.0699533409183,1557.0699533409183,,
1557.0713422327292,1557.0713422327292,,
1557.07273112454,1557.07273112454,,
1557.0741200163502,1557.0741200163502,,
1557.0755089081604,1557.0755089081604,,
1557.0768977999712,1557.0768977999712,,
1557.0782866917825,1557.0782866917825,,
1557.0796755835934,1557.0796755835934,,
1557.0810644754042,1557.0810644754042,,
1557.082453367215,1557.082453367215,,
1557.0838422590252,1557.0838422590252,,
1557.0852311508354,1557.0852311508354,,
1557.0866200426462,1557.0866200426462,,
1557.088008934457,1557.088008934457,,
1557.0893978262673,1557.0893978262673,,
1557.0907867180779,1557.0907867180779,,
1557.0921756098894,1557.0921756098894,,
1557.093564501933,1557.093564501933,,
1557.0949533937433,1557.0949533937433,,
1557.096342285554,1557.096342285554,,
1557.097731177365,1557.097731177365,,
1557.0991200691751,1557.0991200691751,,
1557.1005089609853,1557.1005089609853,,
1557.1018978530296,1557.1018978530296,,
1557.1032867448412,1557.1032867448412,,
1557.1046756366513,1557.1046756366513,,
1557.1060645284613,1557.1060645284613,,
1557.1074534202721,1557.1074534202721,,
1557.1088423123158,1557.1088423123158,,
1557.110231204126,1557.110231204126,,
1557.1116200959368,1557.1116200959368,,
1557.1130089879805,1557.1130089879805,,
1557.1143978797913,1557.1143978797913,,
1557.1157867716022,1557.1157867716022,,
1557.117175663413,1557.117175663413,,
1557.1185645554567,1557.1185645554567,,
1557.1199534472669,1557.1199534472669,,
1557.1213423390768,1557.1213423390768,,
1557.1227312311205,1557.1227312311205,,
1557.1241201229313,1557.1241201229313,,
1557.1255090147415,1557.1255090147415,,
1557.1268979067859,1557.1268979067859,,
1557.1282867985974,1557.1282867985974,,
1557.1296756904076,1557.1296756904076,,
1557.1310645824506,1557.1310645824506,,
1557.1324534742614,1557.1324534742614,,
1557.1338423663049,1557.1338423663049,,
1557.135231258115,1557.135231258115,,
1557.1366201499252,1557.1366201499252,,
1557.1380090419696,1557.1380090419696,,
1557.139397933781,1557.139397933781,,
1557.140786825824,1557.140786825824,,
1557.142175717635,1557.142175717635,,
1557.1435646096786,1557.1435646096786,,
1557.1449535014888,1557.1449535014888,,
1557.1463423935318,1557.1463423935318,,
1557.1477312853424,1557.1477312853424,,
1557.149120177386,1557.149120177386,,
1557.150509069197,1557.150509069197,,
1557.1518979612406,1557.1518979612406,,
1557.1532868530514,1557.1532868530514,,
1557.1546757450951,1557.1546757450951,,
1557.1560646369053,1557.1560646369053,,
1557.157453528949,1557.157453528949,,
1557.1588424207598,1557.1588424207598,,
1557.1602313128028,1557.1602313128028,,
1557.1616202046137,1557.1616202046137,,
1557.1630090966578,1557.1630090966578,,
1557.1643979887015,1557.1643979887015,,
1557.1657868805116,1557.1657868805116,,
1557.1671757725546,1557.1671757725546,,
1557.1685646643655,1557.1685646643655,,
1557.1699535564092,1557.1699535564092,,
1557.1713424484522,1557.1713424484522,,
1557.172731340263,1557.172731340263,,
1557.1741202323074,1557.1741202323074,,
1557.175509124351,1557.175509124351,,
1557.1768980161612,1557.1768980161612,,
1557.1782869082047,1557.1782869082047,,
1557.1796758002483,1557.1796758002483,,
1557.1810646920585,1557.1810646920585,,
1557.1824535841022,1557.1824535841022,,
1557.1838424761459,1557.1838424761459,,
1557.1852313679567,1557.1852313679567,,
1557.1866202600004,1557.1866202600004,,
1557.188009152044,1557.188009152044,,
1557.1893980440877,1557.1893980440877,,
1557.1907869358977,1557.1907869358977,,
1557.1921758279407,1557.1921758279407,,
1557.1935647199844,1557.1935647199844,,
1557.194953612028,1557.194953612028,,
1557.1963425038382,1557.1963425038382,,
1557.1977313958826,1557.1977313958826,,
1557.199120287927,1557.199120287927,,
1557.20050917997,1557.20050917997,,
1557.20189807178,1557.20189807178,,
1557.2032869638238,1557.2032869638238,,
1557.2046758558674,1557.2046758558674,,
1557.2060647479102,1557.2060647479102,,
1557.2074536399532,1557.2074536399532,,
1557.2088425319969,1557.2088425319969,,
1557.2102314238084,1557.2102314238084,,
1557.211620315852,1557.211620315852,,
1557.2130092078958,1557.2130092078958,,
1557.2143980999394,1557.2143980999394,,
1557.2157869919824,1557.2157869919824,,
1557.2171758840254,1557.2171758840254,,
1557.2185647760691,1557.2185647760691,,
1557.2199536678797,1557.2199536678797,,
1557.2213425599234,1557.2213425599234,,
1557.222731451967,1557.222731451967,,
1557.2241203440108,1557.2241203440108,,
1557.2255092360544,1557.2255092360544,,
1557.2268981280974,1557.2268981280974,,
1557.2282870201411,1557.2282870201411,,
1557.2296759121848,1557.2296759121848,,
1557.2310648042278,1557.2310648042278,,
1557.2324536962708,1557.2324536962708,,
1557.233842588315,1557.233842588315,,
1557.2352314803593,1557.2352314803593,,
1557.2366203721695,1557.2366203721695,,
1557.2380092642125,1557.2380092642125,,
1557.2393981562561,1557.2393981562561,,
1557.2407870482998,1557.2407870482998,,
1557.2421759403428,1557.2421759403428,,
1557.2435648323865,1557.2435648323865,,
1557.2449537244302,1557.2449537244302,,
1557.2463426164738,1557.2463426164738,,
1557.2477315085173,1557.2477315085173,,
1557.249120400561,1557.249120400561,,
1557.2505092926046,1557.2505092926046,,
1557.2518981846476,1557.2518981846476,,
1557.2532870769235,1557.2532870769235,,
1557.2546759689671,1557.2546759689671,,
1557.2560648610108,1557.2560648610108,,
1557.2574537530545,1557.2574537530545,,
1557.2588426450989,1557.2588426450989,,
1557.2602315371425,1557.2602315371425,,
1557.2616204291855,1557.2616204291855,,
1557.2630093212283,1557.2630093212283,,
1557.264398213272,1557.264398213272,,
1557.2657871053157,1557.2657871053157,,
1557.2671759973587,1557.2671759973587,,
1557.2685648894017,1557.2685648894017,,
1557.269953781446,1557.269953781446,,
1557.2713426734904,1557.2713426734904,,
1557.2727315657662,1557.2727315657662,,
1557.2741204578099,1557.2741204578099,,
1557.2755093498533,1557.2755093498533,,
1557.2768982418963,1557.2768982418963,,
1557.2782871339393,1557.2782871339393,,
1557.279676025983,1557.279676025983,,
1557.2810649180274,1557.2810649180274,,
1557.2824538103039,1557.2824538103039,,
1557.2838427023469,1557.2838427023469,,
1557.2852315943906,1557.2852315943906,,
1557.2866204864342,1557.2866204864342,,
1557.2880093784772,1557.2880093784772,,
1557.289398270521,1557.289398270521,,
1557.2907871627974,1557.2907871627974,,
1557.2921760548402,1557.2921760548402,,
1557.2935649468839,1557.2935649468839,,
1557.2949538389282,1557.2949538389282,,
1557.296342730972,1557.296342730972,,
1557.2977316232477,1557.2977316232477,,
1557.2991205152914,1557.2991205152914,,
1557.300509407335,1557.300509407335,,
1557.301898299378,1557.301898299378,,
1557.3032871916537,1557.3032871916537,,
1557.3046760836974,1557.3046760836974,,
1557.3060649757417,1557.3060649757417,,
1557.3074538677854,1557.3074538677854,,
1557.3088427598284,1557.3088427598284,,
1557.310231652105,1557.310231652105,,
1557.3116205441486,1557.3116205441486,,
1557.3130094361916,1557.3130094361916,,
1557.314398328468,1557.314398328468,,
1557.3157872205118,1557.3157872205118,,
1557.3171761125554,1557.3171761125554,,
1557.3185650045991,1557.3185650045991,,
1557.3199538968754,1557.3199538968754,,
1557.321342788919,1557.321342788919,,
1557.322731680962,1557.322731680962,,
1557.324120573238,1557.324120573238,,
1557.3255094652816,1557.3255094652816,,
1557.3268983573253,1557.3268983573253,,
1557.328287249601,1557.328287249601,,
1557.3296761416455,1557.3296761416455,,
1557.3310650336898,1557.3310650336898,,
1557.3324539257326,1557.3324539257326,,
1557.3338428180084,1557.3338428180084,,
1557.335231710052,1557.335231710052,,
1557.3366206023286,1557.3366206023286,,
1557.3380094943716,1557.3380094943716,,
1557.3393983864146,1557.3393983864146,,
1557.340787278691,1557.340787278691,,
1557.3421761707355,1557.3421761707355,,
1557.3435650627791,1557.3435650627791,,
1557.3449539550556,1557.3449539550556,,
1557.3463428470993,1557.3463428470993,,
1557.347731739142,1557.347731739142,,
1557.349120631418,1557.349120631418,,
1557.3505095234616,1557.3505095234616,,
1557.351898415738,1557.351898415738,,
1557.3532873077818,1557.3532873077818,,
1557.3546761998255,1557.3546761998255,,
1557.356065092102,1557.356065092102,,
1557.3574539841456,1557.3574539841456,,
1557.3588428764215,1557.3588428764215,0.995846,0.002578901
1557.3602317684652,1557.3602317684652,0.9943128,0.0025782462
1557.3616206605086,1557.3616206605086,0.99801373,0.0025759216
1557.3630095527844,1557.3630095527844,0.99425524,0.0025869622
1557.3643984448274,1557.3643984448274,0.9911837,0.0025717134
1557.3657873371046,1557.3657873371046,0.9933287,0.002570109
1557.367176229149,1557.367176229149,0.99475247,0.0025723875
1557.3685651214248,1557.3685651214248,0.9928927,0.002568629
1557.3699540134678,1557.3699540134678,0.9915232,0.0025697113
1557.3713429055115,1557.3713429055115,0.99471724,0.002567229
1557.372731797788,1557.372731797788,0.9938496,0.0025693595
1557.374120689831,1557.374120689831,0.99316794,0.0025632733
1557.3755095821073,1557.3755095821073,0.9929455,0.002567716
1557.376898474151,1557.376898474151,0.9910001,0.0025646987
1557.3782873664275,1557.3782873664275,0.9949706,0.0025661683
1557.3796762584711,1557.3796762584711,0.99466527,0.0025612593
1557.3810651507476,1557.3810651507476,0.99056494,0.0025607129
1557.3824540427913,1557.3824540427913,0.99062496,0.0025651397
1557.3838429350672,1557.3838429350672,0.9961278,0.0025609715
1557.3852318271101,1557.3852318271101,0.99620956,0.0025599245
1557.3866207193867,1557.3866207193867,0.99334455,0.0025609427
1557.3880096114303,1557.3880096114303,0.9914161,0.002557334
1557.3893985037068,1557.3893985037068,0.99214137,0.002552494
1557.390787395751,1557.390787395751,0.9936526,0.0025565936
1557.3921762880275,1557.3921762880275,0.992337,0.0025555838
1557.3935651800705,1557.3935651800705,0.99462605,0.0025572754
1557.3949540723463,1557.3949540723463,0.99184376,0.002552323
1557.39634296439,1557.39634296439,0.99272436,0.002552587
1557.3977318566665,1557.3977318566665,0.99145424,0.0025526981
1557.3991207487095,1557.3991207487095,0.99205315,0.002550774
1557.400509640986,1557.400509640986,0.9923364,0.002548991
1557.4018985330304,1557.4018985330304,0.9947694,0.0025470397
1557.4032874253069,1557.4032874253069,0.99125034,0.0025473442
1557.4046763173496,1557.4046763173496,0.9942805,0.0025556074
1557.4060652096261,1557.4060652096261,0.9925491,0.0025465258
1557.4074541016698,1557.4074541016698,0.9888793,0.002555012
1557.4088429939457,1557.4088429939457,0.9893022,0.0025451544
1557.4102318859887,1557.4102318859887,0.98895246,0.0025434997
1557.4116207782652,1557.4116207782652,0.9920099,0.0025441265
1557.4130096703088,1557.4130096703088,0.9894851,0.0025398182
1557.4143985625853,1557.4143985625853,0.99000156,0.002539862
1557.4157874548625,1557.4157874548625,0.9900237,0.002540391
1557.4171763469062,1557.4171763469062,0.9882257,0.0025411455
1557.4185652391818,1557.4185652391818,0.9931626,0.0025406624
1557.4199541312248,1557.4199541312248,0.9879489,0.0025395148
1557.4213430235013,1557.4213430235013,0.9886752,0.002538194
1557.422731915545,1557.422731915545,0.9864122,0.002537909
1557.4241208078208,1557.4241208078208,0.9901825,0.0025364333
1557.4255097000973,1557.4255097000973,0.98966974,0.0025333187
1557.4268985921417,1557.4268985921417,0.9903696,0.0025379183
1557.4282874844182,1557.4282874844182,0.9862867,0.002537571
1557.4296763764612,1557.4296763764612,0.9877258,0.0025339785
1557.4310652687377,1557.4310652687377,0.9858888,0.0025344274
1557.4324541607814,1557.4324541607814,0.98818266,0.0025318074
1557.433843053057,1557.433843053057,0.99107033,0.0025349576
1557.4352319453328,1557.4352319453328,0.9827261,0.002527651
1557.4366208373765,1557.4366208373765,0.99110466,0.0025318721
1557.4380097296537,1557.4380097296537,0.98768485,0.0025295191
1557.4393986216974,1557.4393986216974,0.98813397,0.0025303257
1557.4407875139732,1557.4407875139732,0.9876774,0.0025377045
1557.4421764062497,1557.4421764062497,0.98485017,0.0025288346
1557.4435652982934,1557.4435652982934,0.98316836,0.0025303573
1557.444954190569,1557.444954190569,0.9902258,0.0025292912
1557.4463430828455,1557.4463430828455,0.98515934,0.0025281669
1557.4477319748892,1557.4477319748892,0.98801965,0.0025294595
1557.449120867165,1557.449120867165,0.9871785,0.0025221861
1557.4505097592087,1557.4505097592087,0.9840687,0.0025270823
1557.4518986514859,1557.4518986514859,0.9849475,0.002522099
1557.4532875437624,1557.4532875437624,0.9856602,0.002534168
1557.4546764358054,1557.4546764358054,0.98569316,0.002523288
1557.4560653280812,1557.4560653280812,0.98522705,0.0025245417
1557.4574542203577,1557.4574542203577,0.98759645,0.0025219165
1557.4588431124014,1557.4588431124014,0.98434633,0.0025190213
1557.4602320046772,1557.4602320046772,0.98487383,0.002520596
1557.4616208967207,1557.4616208967207,0.9837987,0.0025204958
1557.4630097889979,1557.4630097889979,0.98951125,0.002523629
1557.4643986812744,1557.4643986812744,0.9839767,0.0025203284
1557.4657875733174,1557.4657875733174,0.98319167,0.002525932
1557.4671764655939,1557.4671764655939,0.985741,0.002517842
1557.4685653578704,1557.4685653578704,0.9849796,0.0025158192
1557.4699542499134,1557.4699542499134,0.98985916,0.0025177118
1557.4713431421892,1557.4713431421892,0.98877865,0.002523949
1557.4727320344657,1557.4727320344657,0.981435,0.002512718
1557.47412092651,1557.47412092651,0.9803788,0.0025166615
1557.4755098187863,1557.4755098187863,0.9856453,0.0025163507
1557.4768987110629,1557.4768987110629,0.98493975,0.0025167807
1557.4782876031065,1557.4782876031065,0.9850351,0.0025147183
1557.4796764953824,1557.4796764953824,0.9830255,0.0025164806
1557.4810653876582,1557.4810653876582,0.9853552,0.0025161286
1557.4824542797019,1557.4824542797019,0.9857012,0.0025143563
1557.4838431719784,1557.4838431719784,0.9828402,0.0025234083
1557.4852320642542,1557.4852320642542,0.9853437,0.0025125616
1557.4866209562979,1557.4866209562979,0.9846037,0.0025125246
1557.488009848575,1557.488009848575,0.98210603,0.0025117586
1557.4893987408516,1557.4893987408516,0.98577905,0.0025124652
1557.4907876331272,1557.4907876331272,0.9841224,0.002519717
1557.4921765251709,1557.4921765251709,0.98396707,0.002514698
1557.4935654174474,1557.4935654174474,0.9838842,0.002511448
1557.4949543097232,1557.4949543097232,0.98884803,0.002516778
1557.4963432017662,1557.4963432017662,0.9810927,0.0025096557
1557.4977320940427,1557.4977320940427,0.9826878,0.0025152555
1557.49912098632,1557.49912098632,0.98591673,0.0025097195
1557.5005098783636,1557.5005098783636,0.9840855,0.002509907
1557.5018987706392,1557.5018987706392,0.98441494,0.002507315
1557.5032876629157,1557.5032876629157,0.9837873,0.0025087658
1557.5046765551922,1557.5046765551922,0.98401785,0.0025167349
1557.5060654472352,1557.5060654472352,0.97888434,0.0025038163
1557.5074543395117,1557.5074543395117,0.9841031,0.0025094913
1557.5088432317882,1557.5088432317882,0.98324025,0.002507201
1557.5102321238319,1557.5102321238319,0.98122597,0.0025082184
1557.5116210161084,1557.5116210161084,0.98087716,0.0025024489
1557.513009908385,1557.513009908385,0.98124105,0.0025167265
1557.5143988006614,1557.5143988006614,0.98081523,0.002508544
1557.5157876927044,1557.5157876927044,0.982833,0.002505624
1557.5171765849807,1557.5171765849807,0.97947925,0.0025038235
1557.5185654772572,1557.5185654772572,0.98459417,0.0025050393
1557.5199543693002,1557.5199543693002,0.98311645,0.0025039501
1557.521343261576,1557.521343261576,0.98377544,0.0025028025
1557.5227321538532,1557.5227321538532,0.9809206,0.002501536
1557.5241210461304,1557.5241210461304,0.9832495,0.0025056063
1557.5255099381734,1557.5255099381734,0.98053026,0.002503149
1557.5268988304492,1557.5268988304492,0.9789691,0.0025005178
1557.5282877227257,1557.5282877227257,0.98287696,0.0025001774
1557.5296766150022,1557.5296766150022,0.9821469,0.0025056668
1557.531065507045,1557.531065507045,0.97938275,0.0024999708
1557.5324543993215,1557.5324543993215,0.9818576,0.0025026468
1557.533843291598,1557.533843291598,0.9819594,0.0024991482
1557.5352321838745,1557.5352321838745,0.98094076,0.002512664
1557.5366210759182,1557.5366210759182,0.9809338,0.0024980903
1557.5380099681947,1557.5380099681947,0.9778282,0.0024963736
1557.5393988604712,1557.5393988604712,0.98172927,0.0024971585
1557.540787752747,1557.540787752747,0.9804003,0.0024986549
1557.54217664479,1557.54217664479,0.9801699,0.0024994852
1557.5435655370666,1557.5435655370666,0.9812111,0.00250356
1557.544954429343,1557.544954429343,0.98237354,0.0024974884
1557.5463433216187,1557.5463433216187,0.9820413,0.0024974784
1557.547732213663,1557.547732213663,0.98141885,0.002497536
1557.5491211059402,1557.5491211059402,0.9851994,0.0025004942
1557.550509998216,1557.550509998216,0.9817888,0.0025047439
1557.5518988904919,1557.5518988904919,0.9785213,0.0024949752
1557.5532877825356,1557.5532877825356,0.98370945,0.0025026146
1557.554676674812,1557.554676674812,0.97751486,0.0024939121
1557.556065567088,1557.556065567088,0.98231876,0.002496707
1557.5574544593637,1557.5574544593637,0.9811594,0.0024957524
1557.558843351408,1557.558843351408,0.9809094,0.0024951296
1557.560232243685,1557.560232243685,0.98058087,0.002494134
1557.5616211359609,1557.5616211359609,0.9815467,0.0024976926
1557.5630100282374,1557.5630100282374,0.976363,0.0024999247
1557.564398920514,1557.564398920514,0.97726727,0.0024940043
1557.565787812557,1557.565787812557,0.98017764,0.0024917533
1557.5671767048327,1557.5671767048327,0.9809335,0.0024945033
1557.5685655971092,1557.5685655971092,0.9787416,0.0024923207
1557.5699544893857,1557.5699544893857,0.9785132,0.002491385
1557.5713433814294,1557.5713433814294,0.9784917,0.0024928714
1557.572732273706,1557.572732273706,0.98263144,0.0024904876
1557.5741211659822,1557.5741211659822,0.9826932,0.0024947033
1557.5755100582587,1557.5755100582587,0.98210967,0.0024897612
1557.5768989503017,1557.5768989503017,0.9796764,0.0025037103
1557.5782878425782,1557.5782878425782,0.97803336,0.0024927277
1557.5796767348547,1557.5796767348547,0.9806373,0.0024941354
1557.5810656271306,1557.5810656271306,0.9822542,0.0024921899
1557.5824545194064,1557.5824545194064,0.98411155,0.002493344
1557.5838434114507,1557.5838434114507,0.9796265,0.0024940171
1557.585232303728,1557.585232303728,0.9795332,0.0024887356
1557.5866211960038,1557.5866211960038,0.9801559,0.0024918232
1557.5880100882794,1557.5880100882794,0.9810172,0.0024959347
1557.5893989805559,1557.5893989805559,0.98154974,0.002490584
1557.5907878725995,1557.5907878725995,0.9823118,0.0024925915
1557.5921767648754,1557.5921767648754,0.97945845,0.0024898339
1557.5935656571519,1557.5935656571519,0.98441756,0.0024902737
1557.5949545494284,1557.5949545494284,1.005069,0.002506047
1557.596343441472,1557.596343441472,1.0015097,0.002499276
1557.5977323337486,1557.5977323337486,0.99083334,0.0024932493
1557.599121226025,1557.599121226025,0.9828138,0.0024893852
1557.6005101183016,1557.6005101183016,0.98067695,0.0024898408
1557.6018990105774,1557.6018990105774,0.98314196,0.0024916641
1557.6032879026202,1557.6032879026202,0.98369175,0.00248648
1557.6046767948967,1557.6046767948967,0.98324925,0.002495277
1557.6060656871732,1557.6060656871732,0.98344845,0.0024901773
1557.6074545794497,1557.6074545794497,0.9841849,0.0024982223
1557.608843471727,1557.608843471727,0.9801716,0.0024867626
1557.6102323637706,1557.6102323637706,0.98244965,0.002494006
1557.6116212560464,1557.6116212560464,0.97911185,0.0024860331
1557.6130101483222,1557.6130101483222,0.98084223,0.0024886685
1557.6143990405988,1557.6143990405988,0.9781001,0.0024846308
1557.615787932875,1557.615787932875,0.98104984,0.0024906145
1557.617176824918,1557.617176824918,0.98499775,0.0024879796
1557.6185657171939,1557.6185657171939,0.97913605,0.0024878487
1557.619954609471,1557.619954609471,0.98506135,0.0024886457
1557.6213435017482,1557.6213435017482,0.9791621,0.0024847875
1557.622732394024,1557.622732394024,0.9801369,0.002488585
1557.6241212860677,1557.6241212860677,0.9811758,0.0024850755
1557.6255101783443,1557.6255101783443,0.98080504,0.0024864806
1557.62689907062,1557.62689907062,0.9809948,0.0024906807
1557.628287962896,1557.628287962896,0.97859293,0.0024857041
1557.6296768551722,1557.6296768551722,0.9813699,0.0024859116
1557.6310657472159,1557.6310657472159,0.9777593,0.0024816568
1557.6324546394924,1557.6324546394924,0.9801567,0.0024849584
1557.6338435317696,1557.6338435317696,0.9797604,0.0024962095
1557.635232424046,1557.635232424046,0.9805123,0.0024825672
1557.636621316322,1557.636621316322,0.9798123,0.0024826052
1557.638010208365,1557.638010208365,0.9799531,0.0024831379
1557.6393991006414,1557.6393991006414,0.9793952,0.002483547
1557.640787992918,1557.640787992918,0.9812008,0.0024841935
1557.6421768851937,1557.6421768851937,0.97635883,0.0024807982
1557.6435657774693,1557.6435657774693,0.9826479,0.0024833363
1557.6449546695137,1557.6449546695137,0.9833804,0.002494245
1557.646343561791,1557.646343561791,0.9770386,0.0024864092
1557.6477324540667,1557.6477324540667,0.9782987,0.0024809598
1557.6491213463432,1557.6491213463432,0.9776649,0.0024826203
1557.6505102386197,1557.6505102386197,0.97932196,0.0024836885
1557.6518991308956,1557.6518991308956,0.9817962,0.0024922665
1557.6532880229386,1557.6532880229386,0.9796441,0.0024805248
1557.654676915215,1557.654676915215,0.98181283,0.002487061
1557.6560658074916,1557.6560658074916,0.97676206,0.0024853526
1557.657454699768,1557.657454699768,0.98230046,0.002482899
1557.6588435920446,1557.6588435920446,0.9799605,0.0024836157
1557.660232484088,1557.660232484088,0.9803539,0.002481881
1557.6616213763646,1557.6616213763646,0.98053783,0.002483828
1557.6630102686404,1557.6630102686404,0.97540474,0.0024834245
1557.664399160917,1557.664399160917,0.97948945,0.0024812112
1557.6657880531934,1557.6657880531934,0.98082316,0.0024828373
1557.6671769452364,1557.6671769452364,0.9811614,0.0024805767
1557.668565837513,1557.668565837513,0.98423797,0.0024908346
1557.66995472979,1557.66995472979,0.97914207,0.0024816915
1557.6713436220666,1557.6713436220666,0.98091173,0.0024833072
1557.6727325143422,1557.6727325143422,0.98216915,0.0024798634
1557.6741214063852,1557.6741214063852,0.98247045,0.0024830713
1557.6755102986617,1557.6755102986617,0.97923887,0.0024819118
1557.6768991909382,1557.6768991909382,0.98325753,0.002482212
1557.678288083214,1557.678288083214,0.9791586,0.002479139
1557.6796769754906,1557.6796769754906,0.9824876,0.0024806298
1557.681065867535,1557.681065867535,0.9831886,0.002481044
1557.6824547598114,1557.6824547598114,0.9792839,0.0024797004
1557.6838436520873,1557.6838436520873,0.97850114,0.0024800107
1557.6852325443638,1557.6852325443638,0.9784817,0.0024797376
1557.6866214366403,1557.6866214366403,0.9840748,0.0024841889
1557.688010328683,1557.688010328683,0.97916967,0.0024807723
1557.6893992209589,1557.6893992209589,0.9830243,0.0024811574
1557.6907881132354,1557.6907881132354,0.98476297,0.002482509
1557.692177005512,1557.692177005512,0.9790214,0.0024805835
1557.6935658977884,1557.6935658977884,0.9850304,0.0024810527
1557.6949547898328,1557.6949547898328,0.9832154,0.0024885125
1557.6963436821093,1557.6963436821093,0.97994876,0.0024790002
1557.697732574385,1557.697732574385,0.98110545,0.0024790796
1557.699121466661,1557.699121466661,0.9797912,0.0024857698
1557.7005103589374,1557.7005103589374,0.98254484,0.0024810715
1557.701899250981,1557.701899250981,0.98021466,0.0024794692
1557.7032881432567,1557.7032881432567,0.98041534,0.0024788354
1557.7046770355325,1557.7046770355325,0.980831,0.0024800247
1557.7060659278097,1557.7060659278097,0.9835197,0.0024821335
1557.707454820087,1557.707454820087,0.9828183,0.002480898
1557.70884371213,1557.70884371213,0.9825114,0.0024838056
1557.7102326044064,1557.7102326044064,0.98107284,0.0024818026
1557.711621496683,1557.711621496683,0.9806178,0.0024777087
1557.7130103889588,1557.7130103889588,0.9852005,0.0024794969
1557.7143992812346,1557.7143992812346,0.9779657,0.0024765474
1557.715788173278,1557.715788173278,0.9841018,0.0024822357
1557.7171770655546,1557.7171770655546,0.9811906,0.0024761043
1557.718565957831,1557.718565957831,0.9866194,0.0024815341
1557.7199548501076,1557.7199548501076,0.98515743,0.0024823737
1557.721343742384,1557.721343742384,0.9832102,0.0024827956
1557.7227326344278,1557.7227326344278,0.9852396,0.002481593
1557.7241215267036,1557.7241215267036,0.98702043,0.0024801947
1557.72551041898,1557.72551041898,0.984319,0.0024790836
1557.7268993112566,1557.7268993112566,0.9800261,0.0024792578
1557.7282882035322,1557.7282882035322,0.9815068,0.002476565
1557.7296770955759,1557.7296770955759,0.9852168,0.0024865163
1557.731065987853,1557.731065987853,0.9825456,0.002479088
1557.7324548801296,1557.7324548801296,0.9823132,0.0024771325
1557.7338437724054,1557.7338437724054,0.98126996,0.0024758978
1557.735232664682,1557.735232664682,0.9832993,0.0024776447
1557.7366215567256,1557.7366215567256,0.9799077,0.0024745075
1557.7380104490014,1557.7380104490014,0.9831061,0.0024805875
1557.7393993412772,1557.7393993412772,0.9821133,0.002475746
1557.7407882335538,1557.7407882335538,0.98471665,0.0024780273
1557.7421771255981,1557.7421771255981,0.9805079,0.0024755893
1557.7435660178746,1557.7435660178746,0.98116684,0.002474382
1557.7449549101502,1557.7449549101502,0.98411894,0.0024759527
1557.7463438024267,1557.7463438024267,0.9823069,0.0024855142
1557.7477326947032,1557.7477326947032,0.9826273,0.0024734184
1557.7491215867462,1557.7491215867462,0.98398954,0.0024760829
1557.7505104790228,1557.7505104790228,0.98330873,0.002472317
1557.7518993712993,1557.7518993712993,0.9813855,0.0024736777
1557.753288263575,1557.753288263575,0.987051,0.0024895163
1557.7546771556188,1557.7546771556188,0.9871069,0.0024754412
1557.756066047896,1557.756066047896,0.9851301,0.0024737823
1557.7574549401722,1557.7574549401722,0.98096216,0.0024734195
1557.758843832448,1557.758843832448,0.98782206,0.0024746794
1557.760232724724,1557.760232724724,0.9846472,0.0024720777
1557.7616216167676,1557.7616216167676,0.982168,0.0024740854
1557.763010509044,1557.763010509044,0.98674864,0.0024773052
1557.76439940132,1557.76439940132,0.9865431,0.0024717299
1557.7657882935964,1557.7657882935964,0.98288304,0.0024733727
1557.7671771856408,1557.7671771856408,0.98369294,0.00247704
1557.7685660779173,1557.7685660779173,0.9825185,0.0024707343
1557.769954970193,1557.769954970193,0.98442775,0.0024770137
1557.7713438624696,1557.7713438624696,0.9891014,0.0024727602
1557.7727327547461,1557.7727327547461,0.9822795,0.00246932
1557.774121646789,1557.774121646789,0.98437,0.0024727576
1557.7755105390647,1557.7755105390647,0.9870773,0.0024724938
1557.7768994313412,1557.7768994313412,0.9842461,0.0024697473
1557.7782883236177,1557.7782883236177,0.9868767,0.0024727162
1557.7796772156614,1557.7796772156614,0.98758984,0.0024709785
1557.7810661079386,1557.7810661079386,0.9867923,0.0024744528
1557.7824550002151,1557.7824550002151,0.989248,0.0024720933
1557.783843892491,1557.783843892491,0.9819408,0.0024662884
1557.7852327845337,1557.7852327845337,0.9853671,0.0024721313
1557.7866216768102,1557.7866216768102,0.9838412,0.0024685822
1557.7880105690867,1557.7880105690867,0.98599905,0.0024691918
1557.7893994613626,1557.7893994613626,0.98433894,0.002469338
1557.7907883534056,1557.7907883534056,0.986081,0.00247
1557.7921772456828,1557.7921772456828,0.98660755,0.0024720568
1557.79356613796,1557.79356613796,0.9852545,0.0024660763
1557.7949550302358,1557.7949550302358,0.9883775,0.0024689923
1557.7963439222794,1557.7963439222794,0.9856411,0.0024658963
1557.797732814556,1557.797732814556,0.98517185,0.002471093
1557.7991217068318,1557.7991217068318,0.98314655,0.002466173
1557.8005105991076,1557.8005105991076,0.9862805,0.0024862625
1557.801899491151,1557.801899491151,0.9877257,0.0024690928
1557.8032883834283,1557.8032883834283,0.9879679,0.002470016
1557.8046772757048,1557.8046772757048,0.985963,0.0024709306
1557.8060661679806,1557.8060661679806,0.9891876,0.0024719806
1557.8074550600243,1557.8074550600243,0.9831257,0.0024638516
1557.8088439523008,1557.8088439523008,0.98677886,0.0024661922
1557.8102328445766,1557.8102328445766,0.9899525,0.0024686265
1557.8116217366203,1557.8116217366203,0.9883295,0.0024662828
1557.8130106288968,1557.8130106288968,0.9889683,0.0024692595
1557.8143995211724,1557.8143995211724,0.98799115,0.002467347
1557.815788413449,1557.815788413449,0.99215263,0.0024664036
1557.8171773054933,1557.8171773054933,0.9881103,0.0024662607
1557.8185661977698,1557.8185661977698,0.99249154,0.002467251
1557.8199550900456,1557.8199550900456,0.99121153,0.0024659813
1557.8213439823214,1557.8213439823214,0.9888283,0.0024620458
1557.822732874365,1557.822732874365,0.9917315,0.0024646535
1557.8241217666416,1557.8241217666416,0.99073476,0.0024634318
1557.8255106589174,1557.8255106589174,0.98820215,0.00246569
1557.8268995509611,1557.8268995509611,0.9889862,0.0024657159
1557.8282884432383,1557.8282884432383,0.9902021,0.002462717
1557.8296773355148,1557.8296773355148,0.9894886,0.0024637512
1557.8310662277904,1557.8310662277904,0.98902553,0.0024658106
1557.832455119834,1557.832455119834,0.99418825,0.0024626865
1557.8338440121106,1557.8338440121106,0.9893785,0.0024629515
1557.8352329043864,1557.8352329043864,0.9912947,0.0024648025
1557.8366217964294,1557.8366217964294,0.99047244,0.0024621107
1557.838010688706,1557.838010688706,0.9901366,0.0024634693
1557.8393995809824,1557.8393995809824,0.98989373,0.002462507
1557.840788473259,1557.840788473259,0.9870574,0.0024611396
1557.8421773653033,1557.8421773653033,0.9906297,0.0024606013
1557.8435662575796,1557.8435662575796,0.99093854,0.0024616488
1557.8449551498554,1557.8449551498554,0.98996264,0.0024622246
1557.8463440418984,1557.8463440418984,0.99360496,0.0024605477
1557.847732934175,1557.847732934175,0.99052787,0.0024601696
1557.8491218264514,1557.8491218264514,0.9905647,0.0024606604
1557.8505107184944,1557.8505107184944,0.99014,0.0024620043
1557.851899610771,1557.851899610771,0.9889507,0.0024606637
1557.8532885030481,1557.8532885030481,0.99092156,0.0024661003
1557.8546773950918,1557.8546773950918,0.98882604,0.0024613193
1557.8560662873676,1557.8560662873676,0.9884354,0.0024596162
1557.857455179644,1557.857455179644,0.99303275,0.0024595165
1557.8588440719204,1557.8588440719204,0.99109584,0.002464839
1557.8602329639634,1557.8602329639634,0.99208784,0.002460008
1557.8616218562393,1557.8616218562393,0.9915621,0.002458812
1557.8630107485158,1557.8630107485158,0.9907108,0.0024621077
1557.8643996405594,1557.8643996405594,0.99234605,0.0024608746
1557.865788532836,1557.865788532836,0.98883516,0.0024601936
1557.8671774251131,1557.8671774251131,0.99155194,0.0024585878
1557.8685663171568,1557.8685663171568,0.992482,0.0024590776
1557.8699552094326,1557.8699552094326,0.9944352,0.0024614467
1557.8713441017082,1557.8713441017082,0.99066955,0.0024620588
1557.872732993752,1557.872732993752,0.9917093,0.0024586746
1557.8741218860284,1557.8741218860284,0.9899113,0.002460569
1557.8755107783043,1557.8755107783043,0.99244374,0.0024606902
1557.8768996703473,1557.8768996703473,0.9922764,0.0024585677
1557.8782885626244,1557.8782885626244,0.9942016,0.0024606797
1557.8796774549016,1557.8796774549016,0.99605393,0.0024608138
1557.8810663469446,1557.8810663469446,0.9949918,0.0024575961
1557.8824552392211,1557.8824552392211,0.99408394,0.002457641
1557.8838441312648,1557.8838441312648,0.99220634,0.0024559954
1557.8852330235406,1557.8852330235406,0.9937206,0.002457172
1557.8866219158162,1557.8866219158162,0.99612725,0.0024582334
1557.88801080786,1557.88801080786,0.99700373,0.002466747
1557.8893997001364,1557.8893997001364,0.9946576,0.0024606553
1557.890788592413,1557.890788592413,0.9905017,0.0024572858
1557.8921774844566,1557.8921774844566,0.99453366,0.002462625
1557.8935663767331,1557.8935663767331,0.99526227,0.002460435
1557.8949552690096,1557.8949552690096,0.9954855,0.002462041
1557.8963441610526,1557.8963441610526,0.9926675,0.0024564592
1557.8977330533291,1557.8977330533291,0.9934821,0.0024571072
1557.8991219456054,1557.8991219456054,0.99399686,0.0024593829
1557.9005108376484,1557.9005108376484,0.9947032,0.0024683892
1557.901899729925,1557.901899729925,0.99632746,0.0024608201
1557.9032886219693,1557.9032886219693,0.9925502,0.0024567863
1557.9046775142458,1557.9046775142458,0.99787724,0.002457282
1557.9060664065216,1557.9060664065216,0.9935289,0.0024561652
1557.9074552985646,1557.9074552985646,0.9977636,0.002460035
1557.9088441908411,1557.9088441908411,0.99809784,0.0024597524
1557.9102330828848,1557.9102330828848,0.9939114,0.0024557933
1557.9116219751606,1557.9116219751606,0.99160784,0.0024568397
1557.913010867437,1557.913010867437,0.99098855,0.002452998
1557.9143997594813,1557.9143997594813,0.99475443,0.0024556469
1557.9157886517578,1557.9157886517578,0.99623525,0.0024624765
1557.9171775438008,1557.9171775438008,0.99411744,0.002455489
1557.9185664360773,1557.9185664360773,0.99696827,0.0024683338
1557.9199553283538,1557.9199553283538,0.99570554,0.0024557605
1557.9213442203968,1557.9213442203968,0.9970856,0.002458531
1557.9227331126726,1557.9227331126726,0.9947259,0.002455825
1557.9241220047163,1557.9241220047163,0.9921986,0.0024540627
1557.9255108969928,1557.9255108969928,0.9957372,0.002458764
1557.9268997892693,1557.9268997892693,0.9991758,0.0024604835
1557.9282886813137,1557.9282886813137,0.99741775,0.0024560767
1557.92967757359,1557.92967757359,0.99737203,0.002457726
1557.931066465633,1557.931066465633,0.99276537,0.0024557454
1557.9324553579088,1557.9324553579088,0.99769,0.0024575244
1557.9338442501853,1557.9338442501853,0.99546945,0.0024559498
1557.935233142229,1557.935233142229,0.99448776,0.0024560092
1557.9366220345048,1557.9366220345048,0.995308,0.002453474
1557.9380109265478,1557.9380109265478,0.99519384,0.0024555284
1557.939399818825,1557.939399818825,1.0004647,0.002456512
1557.9407887108694,1557.9407887108694,0.99678355,0.0024553204
1557.9421776031452,1557.9421776031452,0.99712574,0.002456542
1557.9435664954215,1557.9435664954215,0.9994307,0.0024574199
1557.9449553874651,1557.9449553874651,0.99797434,0.002454528
1557.946344279741,1557.946344279741,0.99704665,0.0024550054
1557.947733171784,1557.947733171784,0.99251795,0.0024552876
1557.9491220640605,1557.9491220640605,0.9936499,0.0024555502
1557.9505109561042,1557.9505109561042,0.99475104,0.0024539442
1557.9518998483807,1557.9518998483807,0.9973163,0.0024554902
1557.9532887404243,1557.9532887404243,1.0009542,0.0024612225
1557.9546776327009,1557.9546776327009,0.99875015,0.0024560173
1557.9560665247443,1557.9560665247443,0.99819154,0.0024554122
1557.9574554170201,1557.9574554170201,1.004187,0.0024614362
1557.9588443092966,1557.9588443092966,1.0021689,0.0024595642
1557.9602332013403,1557.9602332013403,1.001906,0.002458227
1557.9616220936161,1557.9616220936161,1.0017763,0.0024624197
1557.9630109856591,1557.9630109856591,1.000654,0.0024547344
1557.9643998779363,1557.9643998779363,0.99843097,0.0024580355
1557.9657887699807,1557.9657887699807,0.99685866,0.0024549589
1557.9671776622565,1557.9671776622565,0.9991311,0.002455186
1557.9685665543002,1557.9685665543002,0.99477154,0.0024527712
1557.9699554465767,1557.9699554465767,1.0000834,0.0024599903
1557.9713443386195,1557.9713443386195,0.9970281,0.0024542094
1557.9727332308953,1557.9727332308953,0.9975896,0.002457014
1557.974122122939,1557.974122122939,0.9979209,0.002459667
1557.9755110152155,1557.9755110152155,0.99920475,0.0024550534
1557.9768999072592,1557.9768999072592,1.0014441,0.002457403
1557.9782887995357,1557.9782887995357,0.99789345,0.002453641
1557.9796776915794,1557.9796776915794,0.9975093,0.0024554725
1557.9810665838559,1557.9810665838559,1.0018594,0.002455584
1557.9824554758989,1557.9824554758989,1.0015473,0.002455963
1557.9838443681754,1557.9838443681754,0.9998389,0.0024560888
1557.9852332602188,1557.9852332602188,1.0030636,0.0024540923
1557.9866221524946,1557.9866221524946,1.0008657,0.0024582755
1557.9880110445376,1557.9880110445376,1.0021762,0.002457292
1557.9893999368148,1557.9893999368148,0.9979834,0.0024509071
1557.9907888288592,1557.9907888288592,0.9979004,0.0024549374
1557.992177721135,1557.992177721135,0.99912274,0.0024534643
1557.993566613178,1557.993566613178,0.9984691,0.002455657
1557.9949555054545,1557.9949555054545,0.9964781,0.002451454
1557.9963443974982,1557.9963443974982,1.0001193,0.0024554313
1557.997733289774,1557.997733289774,1.0018656,0.0024539873
1557.9991221818175,1557.9991221818175,1.0037789,0.0024549915
1558.000511074094,1558.000511074094,1.0042233,0.0024604169
1558.0018999661377,1558.0018999661377,0.99905664,0.0024524133
1558.0032888581813,1558.0032888581813,0.9969648,0.0024510848
1558.0046777504579,1558.0046777504579,1.0005006,0.0024526305
1558.0060666425015,1558.0060666425015,1.0009001,0.002455446
1558.0074555347774,1558.0074555347774,0.9997602,0.0024569738
1558.0088444268204,1558.0088444268204,0.9998595,0.0024525367
1558.0102333190969,1558.0102333190969,0.99949104,0.002453712
1558.0116222111403,1558.0116222111403,0.9961118,0.0024505984
1558.0130111034161,1558.0130111034161,1.0009205,0.0024567188
1558.0143999954605,1558.0143999954605,1.003673,0.0024565693
1558.0157888875049,1558.0157888875049,1.0065464,0.0024555349
1558.0171777797807,1558.0171777797807,1.0064195,0.0024610239
1558.0185666718237,1558.0185666718237,1.0013278,0.0024541323
1558.0199555641002,1558.0199555641002,1.0036379,0.0024592434
1558.0213444561439,1558.0213444561439,1.0006176,0.0024557782
1558.0227333484197,1558.0227333484197,1.0029095,0.0024628926
1558.0241222404627,1558.0241222404627,1.0045456,0.0024559975
1558.0255111325064,1558.0255111325064,1.0026026,0.0024531868
1558.0269000247833,1558.0269000247833,1.0045252,0.002452555
1558.028288916827,1558.028288916827,1.0038495,0.0024629796
1558.0296778091035,1558.0296778091035,1.0017512,0.002451232
1558.0310667011472,1558.0310667011472,1.0034887,0.002454897
1558.0324555931902,1558.0324555931902,1.0021775,0.002459291
1558.033844485466,1558.033844485466,1.004945,0.002464445
1558.0352333775097,1558.0352333775097,1.0000619,0.0024530161
1558.0366222697862,1558.0366222697862,1.0043793,0.0024545665
1558.0380111618292,1558.0380111618292,1.0010177,0.0024502254
1558.039400053873,1558.039400053873,1.0034893,0.0024511556
1558.04078894615,1558.04078894615,1.0005563,0.002451797
1558.0421778381935,1558.0421778381935,1.0024651,0.0024512147
1558.0435667304694,1558.0435667304694,1.0036185,0.0024513733
1558.044955622513,1558.044955622513,1.0012914,0.002453134
1558.0463445145567,1558.0463445145567,1.0036017,0.0024513702
1558.0477334068325,1558.0477334068325,1.0034288,0.0024537165
1558.0491222988755,1558.0491222988755,1.0035113,0.0024490983
1558.0505111909192,1558.0505111909192,0.9993011,0.0024535565
1558.0519000831964,1558.0519000831964,1.0033463,0.00246091
1558.05328897524,1558.05328897524,1.0033861,0.0024517102
1558.054677867283,1558.054677867283,1.0027516,0.002450322
1558.0560667595594,1558.0560667595594,1.0035139,0.0024493558
1558.057455651603,1558.057455651603,1.0013826,0.002449461
1558.058844543646,1558.058844543646,1.0029801,0.0024539984
1558.0602334359226,1558.0602334359226,1.0065194,0.0024551318
1558.0616223279662,1558.0616223279662,1.0035568,0.0024481623
1558.0630112200092,1558.0630112200092,1.0042,0.0024471337
1558.0644001122857,1558.0644001122857,1.0020233,0.002451021
1558.06578900433,1558.06578900433,1.0080235,0.0024502703
1558.0671778963738,1558.0671778963738,1.0044796,0.002458085
1558.0685667886494,1558.0685667886494,1.0039265,0.0024501274
1558.0699556806924,1558.0699556806924,1.0012133,0.0024534352
1558.071344572736,1558.071344572736,1.0047143,0.0024472487
1558.0727334650126,1558.0727334650126,1.0044438,0.0024510766
1558.0741223570556,1558.0741223570556,1.0036566,0.0024500259
1558.0755112490992,1558.0755112490992,1.0023661,0.0024462624
1558.0769001413764,1558.0769001413764,1.0044832,0.0024484755
1558.07828903342,1558.07828903342,1.0050753,0.0024467113
1558.079677925463,1558.079677925463,1.0082116,0.0024499213
1558.0810668177396,1558.0810668177396,1.0023187,0.002445594
1558.0824557097833,1558.0824557097833,1.0018239,0.002446613
1558.0838446018263,1558.0838446018263,1.005172,0.0024471045
1558.0852334938697,1558.0852334938697,1.0067894,0.0024483865
1558.0866223861462,1558.0866223861462,1.0061102,0.0024489223
1558.08801127819,1558.08801127819,1.0050607,0.0024510755
1558.0894001702336,1558.0894001702336,1.0102513,0.0024469623
1558.09078906251,1558.09078906251,1.0042499,0.0024474016
1558.0921779545538,1558.0921779545538,1.0065238,0.0024468405
1558.0935668465968,1558.0935668465968,1.0101634,0.0024496452
1558.0949557386398,1558.0949557386398,1.0069368,0.0024479115
1558.0963446309163,1558.0963446309163,1.0058415,0.0024474016
1558.0977335229597,1558.0977335229597,1.0045798,0.002457814
1558.0991224150027,1558.0991224150027,1.0063326,0.0024449949
1558.100511307047,1558.100511307047,1.0084723,0.0024478026
1558.1019001993243,1558.1019001993243,1.0038004,0.002444101
1558.1032890913673,1558.1032890913673,1.0074837,0.0024480585
1558.1046779834103,1558.1046779834103,1.0059683,0.0024458654
1558.106066875454,1558.106066875454,1.0055857,0.0024487458
1558.1074557677305,1558.1074557677305,1.0065283,0.00244323
1558.1088446597735,1558.1088446597735,1.0039648,0.0024446512
1558.1102335518165,1558.1102335518165,1.0046052,0.0024435264
1558.11162244386,1558.11162244386,1.0071949,0.0024472212
1558.113011336137,1558.113011336137,1.0094414,0.002456067
1558.1144002281808,1558.1144002281808,1.0067897,0.0024458834
1558.1157891202245,1558.1157891202245,1.0052062,0.0024450917
1558.1171780122681,1558.1171780122681,1.0030861,0.0024427683
1558.118566904544,1558.118566904544,1.006742,0.002446468
1558.119955796587,1558.119955796587,1.0085716,0.0024525572
1558.1213446886306,1558.1213446886306,1.0083008,0.0024435488
1558.1227335806743,1558.1227335806743,1.0077665,0.0024461662
1558.1241224727173,1558.1241224727173,1.0048453,0.0024436784
1558.1255113649938,1558.1255113649938,1.0084916,0.0024468354
1558.126900257038,1558.126900257038,1.0062344,0.002442772
1558.1282891490816,1558.1282891490816,1.0079342,0.0024445134
1558.1296780411246,1558.1296780411246,1.0063435,0.0024445527
1558.1310669331683,1558.1310669331683,1.0047065,0.0024413236
1558.132455825212,1558.132455825212,1.0070595,0.0024452205
1558.1338447174878,1558.1338447174878,1.0079474,0.0024463057
1558.1352336095308,1558.1352336095308,1.0086478,0.0024465285
1558.1366225015745,1558.1366225015745,1.0053241,0.0024442305
1558.1380113936189,1558.1380113936189,1.0073409,0.002443983
1558.1394002856625,1558.1394002856625,1.0059975,0.002441474
1558.1407891777053,1558.1407891777053,1.0072062,0.0024444861
1558.1421780699818,1558.1421780699818,1.008122,0.0024443364
1558.1435669620255,1558.1435669620255,1.0076146,0.0024431224
1558.1449558540685,1558.1449558540685,1.0072223,0.0024433658
1558.1463447461122,1558.1463447461122,1.0080287,0.002441212
1558.1477336381558,1558.1477336381558,1.0069602,0.0024421087
1558.1491225301988,1558.1491225301988,1.0118858,0.0024431518
1558.1505114224753,1558.1505114224753,1.009088,0.0024438093
1558.1519003145197,1558.1519003145197,1.0082883,0.0024431122
1558.1532892065634,1558.1532892065634,1.0096499,0.0024410991
1558.1546780986062,1558.1546780986062,1.0064244,0.0024427355
1558.1560669906492,1558.1560669906492,1.003808,0.0024406211
1558.1574558826928,1558.1574558826928,1.0088744,0.0024508277
1558.1588447747365,1558.1588447747365,1.007937,0.0024402577
1558.1602336667795,1558.1602336667795,1.0060925,0.0024400125
1558.161622559056,1558.161622559056,1.0037268,0.0024405366
1558.1630114511004,1558.1630114511004,1.010072,0.002442198
1558.164400343144,1558.164400343144,1.0076118,0.0024414028
1558.165789235187,1558.165789235187,1.0070287,0.0024490322
1558.1671781272307,1558.1671781272307,1.0066646,0.0024420717
1558.1685670192744,1558.1685670192744,1.0065315,0.0024399236
1558.1699559113172,1558.1699559113172,1.0110224,0.0024477749
1558.1713448033602,1558.1713448033602,1.0050058,0.002438975
1558.1727336954038,1558.1727336954038,1.0068256,0.0024392102
1558.1741225874475,1558.1741225874475,1.0073386,0.0024403895
1558.1755114794912,1558.1755114794912,1.0096242,0.0024426342
1558.1769003715356,1558.1769003715356,1.0098984,0.0024442652
1558.178289263812,1558.178289263812,1.0070888,0.0024392174
1558.179678155855,1558.179678155855,1.0089251,0.0024418652
1558.181067047898,1558.181067047898,1.009721,0.0024403438
1558.1824559399417,1558.1824559399417,1.0108922,0.0024393306
1558.1838448319852,1558.1838448319852,1.0076796,0.0024388884
1558.1852337240282,1558.1852337240282,1.0063928,0.0024396935
1558.1866226160719,1558.1866226160719,1.0067242,0.002448371
1558.1880115081162,1558.1880115081162,1.0075811,0.0024404442
1558.18940040016,1558.18940040016,1.007581,0.0024396547
1558.190789292203,1558.190789292203,1.0083992,0.0024410752
1558.1921781842466,1558.1921781842466,1.0081187,0.002439019
1558.1935670762903,1558.1935670762903,1.0063258,0.0024447753
1558.1949559683333,1558.1949559683333,1.0083221,0.0024392393
1558.1963448603763,1558.1963448603763,1.005317,0.0024525546
1558.1977337524197,1558.1977337524197,1.0082192,0.0024433027
1558.1991226444634,1558.1991226444634,1.0064257,0.002445937
1558.2005115365064,1558.2005115365064,1.0085068,0.0024379676
1558.2019004285507,1558.2019004285507,1.0095763,0.0024399844
1558.203289320595,1558.203289320595,1.0107411,0.0024419066
1558.204678212638,1558.204678212638,1.0120964,0.0024447604
1558.206067104681,1558.206067104681,1.0094771,0.0024448838
1558.2074559967248,1558.2074559967248,1.0032457,0.0024382926
1558.2088448887685,1558.2088448887685,1.0080377,0.0024405532
1558.2102337808112,1558.2102337808112,1.0096599,0.0024383825
1558.2116226728542,1558.2116226728542,1.0060438,0.0024396447
1558.213011564898,1558.213011564898,1.0105339,0.0024420943
1558.2144004569423,1558.2144004569423,1.003688,0.002440115
1558.215789348986,1558.215789348986,1.0057715,0.002437685
1558.2171782410296,1558.2171782410296,1.0087587,0.0024376311
1558.2185671330733,1558.2185671330733,1.0089132,0.0024376593
1558.2199560251163,1558.2199560251163,1.007874,0.002438444
1558.2213449171593,1558.2213449171593,1.0048325,0.0024370188
1558.222733809203,1558.222733809203,1.0076185,0.0024380656
1558.2241227012466,1558.2241227012466,1.006594,0.0024386882
1558.2255115932894,1558.2255115932894,1.0043911,0.0024373652
1558.226900485333,1558.226900485333,1.0101244,0.0024406018
1558.2282893773775,1558.2282893773775,1.0090094,0.002452302
1558.2296782694211,1558.2296782694211,1.0075042,0.0024390034
1558.2310671614641,1558.2310671614641,1.0063214,0.0024368756
1558.232456053275,1558.232456053275,1.007695,0.0024370619
1558.2338449453187,1558.2338449453187,1.0038238,0.0024370283
1558.2352338373616,1558.2352338373616,1.007245,0.0024385774
1558.2366227294046,1558.2366227294046,1.0041426,0.002440773
1558.2380116214483,1558.2380116214483,1.0051743,0.0024362884
1558.2394005134925,1558.2394005134925,1.0061179,0.0024366095
1558.2407894055361,1558.2407894055361,1.0052884,0.0024369657
1558.2421782975791,1558.2421782975791,1.0053837,0.0024372826
1558.2435671896228,1558.2435671896228,1.0078702,0.002437897
1558.2449560816665,1558.2449560816665,1.0078255,0.002444674
1558.2463449737095,1558.2463449737095,1.0058129,0.0024399618
1558.2477338655203,1558.2477338655203,1.0061969,0.0024370789
1558.249122757564,1558.249122757564,1.0036415,0.0024369229
1558.250511649607,1558.250511649607,1.0061169,0.0024359121
1558.2519005416507,1558.2519005416507,1.0097185,0.0024470342
1558.2532894336948,1558.2532894336948,1.0073278,0.0024365208
1558.2546783257385,1558.2546783257385,1.0069554,0.002441387
1558.2560672177815,1558.2560672177815,1.0043648,0.0024354851
1558.2574561098245,1558.2574561098245,1.0086738,0.0024379967
1558.2588450016353,1558.2588450016353,1.0092154,0.0024367892
1558.260233893679,1558.260233893679,1.0058769,0.0024372456
1558.261622785722,1558.261622785722,1.0047017,0.0024337333
1558.2630116777657,1558.2630116777657,1.0069983,0.0024368882
1558.26440056981,1558.26440056981,1.0071955,0.002435494
1558.2657894618537,1558.2657894618537,1.0033886,0.0024386514
1558.2671783536637,1558.2671783536637,1.003367,0.0024347377
1558.2685672457073,1558.2685672457073,1.0056612,0.0024351778
1558.269956137751,1558.269956137751,1.006029,0.0024492042
1558.271345029794,1558.271345029794,1.004555,0.0024351198
1558.272733921837,1558.272733921837,1.006224,0.0024387678
1558.2741228138807,1558.2741228138807,1.0070002,0.0024340593
1558.2755117056915,1558.2755117056915,1.0089681,0.0024355422
1558.2769005977352,1558.2769005977352,1.0096327,0.0024379606
1558.2782894897796,1558.2782894897796,1.0078795,0.002435622
1558.2796783818233,1558.2796783818233,1.0045174,0.0024365773
1558.2810672738663,1558.2810672738663,1.0069405,0.0024366472
1558.2824561656762,1558.2824561656762,1.0074122,0.0024359853
1558.2838450577199,1558.2838450577199,1.0101792,0.0024366737
1558.2852339497636,1558.2852339497636,1.005594,0.0024349645
1558.2866228418065,1558.2866228418065,1.0052176,0.0024325766
1558.2880117336167,1558.2880117336167,1.008645,0.0024507106
1558.289400625661,1558.289400625661,1.0044516,0.0024358307
1558.2907895177054,1558.2907895177054,1.004615,0.0024431257
1558.2921784097484,1558.2921784097484,1.0034931,0.0024350202
1558.293567301792,1558.293567301792,1.0066669,0.00243908
1558.2949561936027,1558.2949561936027,1.0065513,0.0024332704
1558.2963450856457,1558.2963450856457,1.0074729,0.0024348055
1558.2977339776887,1558.2977339776887,1.0056009,0.0024355052
1558.2991228697324,1558.2991228697324,1.005089,0.0024341454
1558.3005117615432,1558.3005117615432,1.0073426,0.0024364935
1558.301900653587,1558.301900653587,1.0090653,0.0024384444
1558.3032895456313,1558.3032895456313,1.0095555,0.0024362972
1558.3046784374421,1558.3046784374421,1.01044,0.0024336057
1558.3060673294851,1558.3060673294851,1.006576,0.0024352488
1558.3074562215281,1558.3074562215281,1.0101999,0.0024369499
1558.3088451135718,1558.3088451135718,1.0072912,0.0024339247
1558.3102340053827,1558.3102340053827,1.0044197,0.0024350353
1558.3116228974254,1558.3116228974254,1.0073961,0.0024425862
1558.3130117894684,1558.3130117894684,1.0065367,0.0024338467
1558.31440068128,1558.31440068128,1.0037668,0.0024325808
1558.3157895733243,1558.3157895733243,1.0091423,0.0024363305
1558.3171784653673,1558.3171784653673,1.0086282,0.002432716
1558.3185673571782,1558.3185673571782,1.0056126,0.0024335429
1558.3199562492218,1558.3199562492218,1.0001321,0.0024341955
1558.3213451412648,1558.3213451412648,1.0101126,0.0024358446
1558.3227340333076,1558.3227340333076,1.0072227,0.00243414
1558.3241229251184,1558.3241229251184,1.0087467,0.0024340788
1558.3255118171621,1558.3255118171621,1.0046366,0.0024326155
1558.3269007092058,1558.3269007092058,1.0019774,0.002432037
1558.3282896010166,1558.3282896010166,1.0066706,0.0024352227
1558.3296784930603,1558.3296784930603,1.0059817,0.002432132
1558.3310673848712,1558.3310673848712,1.005151,0.002430684
1558.3324562769142,1558.3324562769142,1.0008707,0.002430503
1558.3338451689579,1558.3338451689579,1.0087857,0.0024337645
1558.3352340607687,1558.3352340607687,1.0057405,0.0024393061
1558.3366229528117,1558.3366229528117,1.003964,0.0024328937
1558.3380118448547,1558.3380118448547,1.0058936,0.0024304853
1558.339400736666,1558.339400736666,1.0080521,0.0024302474
1558.3407896287104,1558.3407896287104,1.0071603,0.0024327314
1558.3421785207534,1558.3421785207534,1.0069189,0.0024326083
1558.3435674125635,1558.3435674125635,1.0095894,0.00243287
1558.3449563046072,1558.3449563046072,1.0076966,0.0024339957
1558.346345196418,1558.346345196418,1.0164078,0.0024359985
1558.347734088461,1558.347734088461,1.011342,0.0024333412
1558.3491229805047,1558.3491229805047,1.0147797,0.0024357503
1558.3505118723156,1558.3505118723156,1.007194,0.0024313072
1558.3519007643592,1558.3519007643592,1.0051104,0.0024321997
1558.3532896561699,1558.3532896561699,1.0077814,0.0024338192
1558.3546785482135,1558.3546785482135,1.006977,0.0024403722
1558.3560674400244,1558.3560674400244,1.0043217,0.0024298057
1558.3574563320674,1558.3574563320674,1.0029093,0.0024300243
1558.3588452241104,1558.3588452241104,1.0065833,0.002431918
1558.3602341159212,1558.3602341159212,1.010278,0.00243736
1558.361623007965,1558.361623007965,1.0061189,0.0024307226
1558.363011899775,1558.363011899775,1.0030376,0.002432095
1558.3644007918194,1558.3644007918194,1.0079838,0.0024412645
1558.365789683631,1558.365789683631,1.0049723,0.002429123
1558.367178575674,1558.367178575674,1.0063095,0.0024328793
1558.368567467484,1558.368567467484,1.005171,0.002427675
1558.3699563595276,1558.3699563595276,1.0051535,0.0024304157
1558.3713452513384,1558.3713452513384,1.0060444,0.0024294574
1558.3727341433814,1558.3727341433814,1.00564,0.0024346416
1558.3741230351916,1558.3741230351916,1.0087466,0.002430322
1558.3755119272353,1558.3755119272353,1.0040469,0.0024294315
1558.3769008192796,1558.3769008192796,1.0073456,0.002428468
1558.3782897110905,1558.3782897110905,1.0058908,0.0024317503
1558.3796786031342,1558.3796786031342,1.0056295,0.0024314902
1558.3810674949448,1558.3810674949448,1.0053595,0.002427312
1558.3824563869878,1558.3824563869878,1.0032568,0.0024258129
1558.383845278798,1558.383845278798,1.0052742,0.0024295037
1558.3852341706088,1558.3852341706088,0.998691,0.002429665
1558.3866230626525,1558.3866230626525,1.0012007,0.0024269442
1558.3880119544626,1558.3880119544626,1.0038307,0.0024310017
1558.3894008465056,1558.3894008465056,1.0036523,0.0024291298
1558.3907897383172,1558.3907897383172,1.0019548,0.0024268185
1558.3921786303615,1558.3921786303615,1.0029577,0.0024271586
1558.3935675221717,1558.3935675221717,1.0095823,0.002429773
1558.3949564142151,1558.3949564142151,1.0041518,0.0024258157
1558.396345306026,1558.396345306026,1.0086911,0.0024271682
1558.397734198069,1558.397734198069,1.0030757,0.0024321878
1558.3991230898791,1558.3991230898791,1.0053061,0.0024295328
1558.4005119819228,1558.4005119819228,1.0009896,0.0024260853
1558.4019008737337,1558.4019008737337,1.0007699,0.0024291878
1558.4032897655445,1558.4032897655445,0.9995694,0.002425888
1558.4046786575882,1558.4046786575882,1.0022188,0.0024286304
1558.406067549399,1558.406067549399,1.0051497,0.0024270718
1558.4074564414427,1558.4074564414427,1.0024801,0.0024330458
1558.4088453332527,1558.4088453332527,1.0063493,0.0024303736
1558.4102342250635,1558.4102342250635,1.0004498,0.0024297626
1558.4116231171072,1558.4116231171072,1.0008103,0.0024239728
1558.4130120089173,1558.4130120089173,1.0014775,0.0024245845
1558.4144009009603,1558.4144009009603,0.99749964,0.002427115
1558.4157897927719,1558.4157897927719,1.0029386,0.0024251884
1558.4171786845834,1558.4171786845834,0.99963903,0.0024255118
1558.4185675766264,1558.4185675766264,1.0005969,0.0024214978
1558.4199564684372,1558.4199564684372,1.0010092,0.0024245982
1558.421345360481,1558.421345360481,0.9997429,0.0024236983
1558.422734252291,1558.422734252291,0.99974126,0.0024225067
1558.424123144101,1558.424123144101,1.0002881,0.0024229053
1558.4255120361447,1558.4255120361447,1.0000648,0.0024232427
1558.4269009279556,1558.4269009279556,1.0006256,0.00242199
1558.4282898197664,1558.4282898197664,1.0008119,0.002424489
1558.42967871181,1558.42967871181,0.9991581,0.0024221945
1558.431067603621,1558.431067603621,0.9992943,0.002421489
1558.4324564954318,1558.4324564954318,0.9966171,0.002422518
1558.4338453874748,1558.4338453874748,1.0006382,0.0024221719
1558.4352342792856,1558.4352342792856,1.0035715,0.002425319
1558.4366231710962,1558.4366231710962,0.9996448,0.002431173
1558.4380120631392,1558.4380120631392,1.0033956,0.0024218634
1558.4394009549494,1558.4394009549494,0.997443,0.002431495
1558.440789846761,1558.440789846761,0.99785554,0.0024195549
1558.4421787388053,1558.4421787388053,0.99868536,0.002422425
1558.4435676306155,1558.4435676306155,0.9982205,0.0024225318
1558.4449565224256,1558.4449565224256,0.99762976,0.0024219863
1558.4463454142365,1558.4463454142365,1.000236,0.002420317
1558.4477343062802,1558.4477343062802,0.9963746,0.0024190003
1558.4491231980903,1558.4491231980903,0.9961476,0.0024211148
1558.450512089901,1558.450512089901,1.0001768,0.0024223377
1558.4519009819446,1558.4519009819446,1.0024842,0.0024223495
1558.4532898737555,1558.4532898737555,0.9989677,0.0024224343
1558.4546787655663,1558.4546787655663,0.99723035,0.002429351
1558.4560676573772,1558.4560676573772,0.9991562,0.0024209493
1558.4574565494208,1558.4574565494208,1.0019431,0.0024227453
1558.458845441231,1558.458845441231,0.9996933,0.0024226333
1558.4602343330412,1558.4602343330412,0.998395,0.0024207581
1558.461623224852,1558.461623224852,0.9981681,0.0024204585
1558.4630121168957,1558.4630121168957,0.9950849,0.0024197798
1558.4644010087056,1558.4644010087056,1.0007488,0.0024205113
1558.4657899005172,1558.4657899005172,0.99388015,0.0024236785
1558.4671787923287,1558.4671787923287,0.9974034,0.0024188668
1558.4685676841389,1558.4685676841389,0.99733347,0.0024208785
1558.4699565761819,1558.4699565761819,0.9989704,0.0024229835
1558.4713454679927,1558.4713454679927,0.99923795,0.0024193306
1558.4727343598036,1558.4727343598036,0.99855673,0.0024206454
1558.4741232516137,1558.4741232516137,0.9996784,0.0024218974
1558.4755121434239,1558.4755121434239,1.0291687,0.0024355762
1558.4769010354676,1558.4769010354676,1.0382284,0.0024397888
1558.4782899272784,1558.4782899272784,1.0274096,0.0024330232
1558.479678819089,1558.479678819089,1.0254623,0.002435164
1558.4810677109006,1558.4810677109006,1.0193391,0.002436443
1558.4824566027114,1558.4824566027114,1.0234108,0.0024305105
1558.4838454947544,1558.4838454947544,1.0252231,0.002432844
1558.4852343865646,1558.4852343865646,1.0273172,0.002432742
1558.4866232783754,1558.4866232783754,1.026158,0.0024333105
1558.4880121701863,1558.4880121701863,1.0207671,0.002435237
1558.4894010619964,1558.4894010619964,1.0222601,0.0024307694
1558.4907899538066,1558.4907899538066,1.018097,0.002428199
1558.4921788456181,1558.4921788456181,1.0170876,0.002429235
1558.4935677376623,1558.4935677376623,1.0153939,0.0024279295
1558.4949566294724,1558.4949566294724,1.0125561,0.00242665
1558.4963455212833,1558.4963455212833,1.0143166,0.0024273754
1558.4977344130941,1558.4977344130941,1.0067924,0.0024240785
1558.4991233049043,1558.4991233049043,1.0088954,0.0024246625
1558.5005121967145,1558.5005121967145,1.0080726,0.0024233821
1558.5019010885253,1558.5019010885253,1.0038512,0.0024204582
1558.5032899803361,1558.5032899803361,1.0043057,0.0024235107
1558.504678872147,1558.504678872147,1.001255,0.0024204834
1558.5060677641907,1558.5060677641907,1.000731,0.0024268106
1558.5074566560013,1558.5074566560013,1.0039794,0.0024294278
1558.5088455478121,1558.5088455478121,1.0027374,0.0024220217
1558.5102344396223,1558.5102344396223,1.0025731,0.0024209148
1558.5116233314332,1558.5116233314332,1.0039452,0.0024243942
1558.513012223244,1558.513012223244,0.99793184,0.002417814
1558.5144011150542,1558.5144011150542,1.001171,0.0024237316
1558.5157900068643,1558.5157900068643,1.0005451,0.0024220091
1558.5171788986759,1558.5171788986759,1.0029855,0.0024217386
1558.5185677904874,1558.5185677904874,0.9983847,0.002423175
1558.5199566822976,1558.5199566822976,0.9978859,0.002420394
1558.5213455741084,1558.5213455741084,0.99820435,0.002418203
1558.522734465919,1558.522734465919,0.998383,0.00241857
1558.5241233577292,1558.5241233577292,0.9966723,0.0024179243
1558.5255122495394,1558.5255122495394,0.9965353,0.0024188336
1558.5269011413502,1558.5269011413502,0.99558204,0.0024197157
1558.528290033161,1558.528290033161,0.99796623,0.0024178782
1558.529678924972,1558.529678924972,0.9994838,0.00241899
1558.5310678167828,1558.5310678167828,0.99773383,0.0024201155
1558.5324567085936,1558.5324567085936,0.9983837,0.002419538
1558.5338456004044,1558.5338456004044,0.99870384,0.0024183872
1558.5352344922146,1558.5352344922146,1.0026672,0.002419233
1558.5366233840252,1558.5366233840252,0.99472064,0.002415279
1558.538012275836,1558.538012275836,0.99673826,0.0024206506
1558.5394011676462,1558.5394011676462,0.998604,0.0024190904
1558.5407900594564,1558.5407900594564,0.9997626,0.002419132
1558.542178951268,1558.542178951268,1.0028104,0.002422548
1558.5435678430795,1558.5435678430795,1.003654,0.0024208932
1558.5449567348896,1558.5449567348896,1.0018514,0.0024182969
1558.5463456266998,1558.5463456266998,0.9984835,0.0024222867
1558.5477345185107,1558.5477345185107,1.0029982,0.002420528
1558.5491234103213,1558.5491234103213,0.99863005,0.0024195598
1558.5505123021314,1558.5505123021314,1.0016073,0.002422395
1558.5519011939423,1558.5519011939423,0.9988873,0.002425756
1558.5532900857531,1558.5532900857531,1.0020269,0.002434432
1558.5546789775633,1558.5546789775633,1.0031184,0.0024282988
1558.5560678693741,1558.5560678693741,0.9982822,0.0024169823
1558.5574567611857,1558.5574567611857,1.002681,0.002423807
1558.5588456527637,1558.5588456527637,1.0000994,0.0024184566
1558.5602345445739,1558.5602345445739,0.9973152,0.0024229528
1558.561623436384,1558.561623436384,0.9998176,0.002418173
1558.5630123281949,1558.5630123281949,1.0050194,0.002421218
1558.5644012200057,1558.5644012200057,0.9973518,0.0024264161
1558.5657901118157,1558.5657901118157,1.0015287,0.0024200778
1558.5671790036265,1558.5671790036265,0.99411094,0.0024189793
1558.568567895438,1558.568567895438,1.0020006,0.0024224725
1558.5699567872489,1558.5699567872489,1.0003331,0.0024172326
1558.5713456788262,1558.5713456788262,0.9991196,0.0024161055
1558.572734570637,1558.572734570637,1.0001863,0.002417768
1558.574123462448,1558.574123462448,1.003191,0.0024177723
1558.575512354258,1558.575512354258,1.001092,0.0024194596
1558.576901246068,1558.576901246068,1.0052623,0.002420233
1558.5782901378789,1558.5782901378789,1.0027705,0.0024225146
1558.5796790296897,1558.5796790296897,1.0019639,0.002419601
1558.5810679212677,1558.5810679212677,0.99979776,0.002415982
1558.5824568130793,1558.5824568130793,1.0007933,0.002417874
1558.58384570489,1558.58384570489,1.0013694,0.00241981
1558.5852345967003,1558.5852345967003,1.0022987,0.0024177856
1558.5866234885104,1558.5866234885104,1.0043802,0.0024221945
1558.5880123800885,1558.5880123800885,1.0023685,0.0024206343
1558.5894012718993,1558.5894012718993,1.0052392,0.0024278094
1558.5907901637095,1558.5907901637095,1.0000825,0.002417678
1558.5921790555194,1558.5921790555194,1.0035207,0.0024195618
1558.593567947331,1558.593567947331,1.0014654,0.002417378
1558.5949568389096,1558.5949568389096,1.0013618,0.0024168284
1558.5963457307198,1558.5963457307198,1.0030451,0.0024201532
1558.5977346225307,1558.5977346225307,0.9995836,0.0024193584
1558.5991235143415,1558.5991235143415,0.99809235,0.0024211882
1558.6005124059188,1558.6005124059188,1.0017399,0.0024181134
1558.601901297729,1558.601901297729,1.0000972,0.0024190445
1558.6032901895398,1558.6032901895398,0.99837184,0.0024157914
1558.6046790813507,1558.6046790813507,1.0006472,0.002417646
1558.6060679729287,1558.6060679729287,0.9974058,0.0024247922
1558.6074568647393,1558.6074568647393,0.995847,0.002415401
1558.6088457565502,1558.6088457565502,0.9976904,0.002424877
1558.610234648361,1558.610234648361,0.998782,0.0024177148
1558.6116235399384,1558.6116235399384,0.99969125,0.0024156366
1558.6130124317492,1558.6130124317492,0.99854165,0.002417937
1558.61440132356,1558.61440132356,0.99501365,0.0024172554
1558.6157902153702,1558.6157902153702,0.9976961,0.0024154237
1558.6171791069476,1558.6171791069476,0.9979527,0.002419944
1558.6185679987584,1558.6185679987584,0.99942225,0.002416824
1558.6199568905697,1558.6199568905697,0.99560577,0.002418883
1558.6213457821477,1558.6213457821477,1.0001369,0.0024209984
1558.622734673958,1558.622734673958,0.9961724,0.0024156864
1558.6241235657687,1558.6241235657687,0.9929754,0.0024157437
1558.6255124573468,1558.6255124573468,0.9952432,0.0024171446
1558.626901349157,1558.626901349157,0.9944477,0.0024165919
1558.6282902409678,1558.6282902409678,0.9966202,0.0024210964
1558.6296791325458,1558.6296791325458,0.9958477,0.002413784
1558.631068024356,1558.631068024356,0.999024,0.0024192466
1558.6324569161668,1558.6324569161668,0.9973175,0.0024174221
1558.6338458077455,1558.6338458077455,0.99452007,0.002412219
1558.6352346995561,1558.6352346995561,0.99354404,0.0024160796
1558.6366235913663,1558.6366235913663,0.99533945,0.0024145294
1558.6380124829443,1558.6380124829443,0.9945892,0.0024161069
1558.6394013747552,1558.6394013747552,0.99245256,0.002413542
1558.6407902663325,1558.6407902663325,0.99740696,0.002413111
1558.6421791581427,1558.6421791581427,0.99606675,0.0024181008
1558.6435680499535,1558.6435680499535,0.9952615,0.0024142317
1558.6449569415322,1558.6449569415322,0.99812657,0.0024161316
1558.646345833343,1558.646345833343,0.99523187,0.0024128628
1558.6477347249204,1558.6477347249204,0.9979936,0.0024149148
1558.649123616731,1558.649123616731,0.99812996,0.002415993
1558.6505125085419,1558.6505125085419,0.9975365,0.0024176927
1558.6519014001192,1558.6519014001192,1.0005122,0.0024150084
1558.65329029193,1558.65329029193,0.9995886,0.0024143942
1558.654679183508,1558.654679183508,0.9996486,0.0024163956
1558.6560680753182,1558.6560680753182,1.001869,0.002417572
1558.6574569668962,1558.6574569668962,1.0023851,0.002417468
1558.6588458587078,1558.6588458587078,1.0001277,0.0024166843
1558.6602347502858,1558.6602347502858,1.0010811,0.0024152468
1558.661623642096,1558.661623642096,1.0028853,0.002417628
1558.6630125339059,1558.6630125339059,1.006611,0.0024228683
1558.664401425484,1558.664401425484,1.0031527,0.002417021
1558.6657903172947,1558.6657903172947,1.0033209,0.0024279673
1558.667179208872,1558.667179208872,1.0033635,0.002419296
1558.668568100683,1558.668568100683,1.0031072,0.0024153714
1558.669956992261,1558.669956992261,1.000616,0.0024246753
1558.6713458840718,1558.6713458840718,1.0017658,0.0024318686
1558.6727347756498,1558.6727347756498,1.001997,0.0024175076
1558.6741236674607,1558.6741236674607,1.001551,0.0024169837
1558.6755125590387,1558.6755125590387,1.0038314,0.0024176093
1558.6769014508488,1558.6769014508488,0.998172,0.0024151225
1558.678290342426,1558.678290342426,0.9982134,0.0024161257
1558.6796792342368,1558.6796792342368,1.00009,0.0024164817
1558.6810681258148,1558.6810681258148,1.0020976,0.0024164433
1558.682457017625,1558.682457017625,1.0024067,0.002415443
1558.6838459092037,1558.6838459092037,0.9988498,0.0024146908
1558.6852348007824,1558.6852348007824,0.9976577,0.0024145448
1558.6866236925925,1558.6866236925925,0.99915916,0.0024165604
1558.6880125841699,1558.6880125841699,1.0024872,0.002415233
1558.6894014759807,1558.6894014759807,1.002774,0.0024185625
1558.6907903675585,1558.6907903675585,1.0016978,0.0024157204
1558.6921792593687,1558.6921792593687,0.9974785,0.0024130791
1558.693568150946,1558.693568150946,1.0013897,0.0024164552
1558.694957042524,1558.694957042524,1.0005127,0.0024130412
1558.6963459343356,1558.6963459343356,1.0027205,0.0024159108
1558.6977348259136,1558.6977348259136,1.0051178,0.0024160373
1558.6991237177244,1558.6991237177244,1.0019673,0.0024163541
1558.7005126093025,1558.7005126093025,1.002133,0.0024202988
1558.7019015008798,1558.7019015008798,1.002704,0.002416458
1558.70329039269,1558.70329039269,1.0046146,0.0024175209
1558.7046792842677,1558.7046792842677,1.0028497,0.002422026
1558.7060681760786,1558.7060681760786,1.0030286,0.0024170154
1558.707457067656,1558.707457067656,1.0066899,0.0024193784
1558.708845959234,1558.708845959234,1.0069054,0.002424349
1558.7102348510455,1558.7102348510455,1.0104607,0.002419113
1558.7116237426235,1558.7116237426235,1.0173241,0.0024221938
1558.7130126342008,1558.7130126342008,1.0226108,0.0024262073
1558.7144015260117,1558.7144015260117,1.0221744,0.0024246254
1558.7157904175897,1558.7157904175897,1.0229597,0.0024251896
1558.717179309167,1558.717179309167,1.025892,0.0024286455
1558.718568200977,1558.718568200977,1.0378441,0.0024326632
1558.719957092555,1558.719957092555,1.0518005,0.002439669
1558.721345984133,1558.721345984133,1.0572437,0.0024428798
1558.7227348759438,1558.7227348759438,1.0437018,0.0024389338
1558.7241237675219,1558.7241237675219,1.048553,0.0024373187
1558.7255126590999,1558.7255126590999,1.0438532,0.002434783
1558.7269015509107,1558.7269015509107,1.0475667,0.0024365017
1558.728290442488,1558.728290442488,1.0469278,0.0024414319
1558.729679334066,1558.729679334066,1.0425746,0.0024358882
1558.731068225644,1558.731068225644,1.0426883,0.0024445686
1558.7324571174543,1558.7324571174543,1.044481,0.0024367925
1558.7338460090314,1558.7338460090314,1.0421131,0.0024387932
1558.73523490061,1558.73523490061,1.0422857,0.002438637
1558.7366237921888,1558.7366237921888,1.0420687,0.0024350567
1558.738012683999,1558.738012683999,1.0395916,0.0024401303
1558.7394015755763,1558.7394015755763,1.0409106,0.0024423539
1558.7407904671543,1558.7407904671543,1.0410906,0.0024349797
1558.7421793587323,1558.7421793587323,1.0356584,0.0024363874
1558.7435682505425,1558.7435682505425,1.0371165,0.0024337189
1558.7449571421205,1558.7449571421205,1.0337275,0.0024286672
1558.7463460336983,1558.7463460336983,1.0366927,0.002432326
1558.7477349252763,1558.7477349252763,1.0336891,0.0024418088
1558.7491238170871,1558.7491238170871,1.0343333,0.0024280755
1558.7505127086652,1558.7505127086652,1.0374382,0.0024345503
1558.7519016002432,1558.7519016002432,1.0394508,0.0024316881
1558.7532904918205,1558.7532904918205,1.0568621,0.0024423164
1558.7546793833985,1558.7546793833985,1.0771352,0.0024551654
1558.7560682752094,1558.7560682752094,1.0703522,0.0024486328
1558.7574571667867,1558.7574571667867,1.064095,0.0024465544
1558.758846058364,1558.758846058364,1.062454,0.0024475818
1558.7602349499427,1558.7602349499427,1.0580121,0.0024500312
1558.7616238415214,1558.7616238415214,1.0574923,0.0024430635
1558.7630127330985,1558.7630127330985,1.0502748,0.0024394905
1558.7644016249087,1558.7644016249087,1.0488933,0.0024409175
1558.7657905164867,1558.7657905164867,1.0502679,0.0024374912
1558.7671794080647,1558.7671794080647,1.0451515,0.002437205
1558.768568299642,1558.768568299642,1.0432022,0.0024363499
1558.76995719122,1558.76995719122,1.0448836,0.0024377266
1558.7713460827981,1558.7713460827981,1.0406643,0.0024364756
1558.7727349743755,1558.7727349743755,1.0413231,0.0024349275
1558.7741238659535,1558.7741238659535,1.0384012,0.002432683
1558.775512757765,1558.775512757765,1.046206,0.0024375562
1558.7769016493428,1558.7769016493428,1.0359201,0.0024309517
1558.7782905409201,1558.7782905409201,1.0350156,0.002436365
1558.7796794324975,1558.7796794324975,1.0325955,0.0024294024
1558.7810683240755,1558.7810683240755,1.0351909,0.0024354039
1558.7824572156535,1558.7824572156535,1.0270997,0.002425958
1558.7838461072308,1558.7838461072308,1.0296088,0.002427576
1558.7852349988088,1558.7852349988088,1.0308913,0.0024303908
1558.7866238903875,1558.7866238903875,1.027836,0.002425891
1558.7880127819656,1558.7880127819656,1.0224929,0.0024231533
1558.789401673543,1558.789401673543,1.0238963,0.0024245703
1558.7907905651207,1558.7907905651207,1.0206226,0.002430566
1558.7921794566987,1558.7921794566987,1.0235621,0.0024249253
1558.7935683485089,1558.7935683485089,1.0201739,0.002423215
1558.7949572400862,1558.7949572400862,1.0225965,0.0024240718
1558.7963461316642,1558.7963461316642,1.0184615,0.0024222592
1558.7977350232422,1558.7977350232422,1.0181358,0.0024241682
1558.7991239148203,1558.7991239148203,1.019974,0.0024220953
1558.800512806399,1558.800512806399,1.0195293,0.0024285142
1558.801901697977,1558.801901697977,1.015521,0.0024205388
1558.803290589554,1558.803290589554,1.0152642,0.0024189444
1558.8046794811314,1558.8046794811314,1.0149816,0.0024190731
1558.8060683727094,1558.8060683727094,1.0166849,0.0024244327
1558.8074572642875,1558.8074572642875,1.0146888,0.002424189
1558.8088461558648,1558.8088461558648,1.0112112,0.0024232194
1558.8102350474421,1558.8102350474421,1.0126668,0.0024190785
1558.8116239390201,1558.8116239390201,1.0155456,0.0024240527
1558.813012830366,1558.813012830366,1.0167288,0.002419243
1558.814401721944,1558.814401721944,1.014619,0.002420145
1558.815790613522,1558.815790613522,1.015086,0.0024182308
1558.8171795051,1558.8171795051,1.0115182,0.0024191074
1558.8185683966774,1558.8185683966774,1.0133629,0.0024188708
1558.8199572882545,1558.8199572882545,1.0134096,0.0024268855
1558.8213461798325,1558.8213461798325,1.0200777,0.002420611
1558.8227350714105,1558.8227350714105,1.0143809,0.0024196028
1558.8241239629879,1558.8241239629879,1.0123754,0.0024215702
1558.8255128545659,1558.8255128545659,1.0160973,0.0024227598
1558.8269017461446,1558.8269017461446,1.0169718,0.0024223789
1558.8282906377226,1558.8282906377226,1.0168018,0.0024239284
1558.8296795293,1558.8296795293,1.0174053,0.002421409
1558.831068420878,1558.831068420878,1.0197892,0.0024238585
1558.832457312223,1558.832457312223,1.0157635,0.0024219567
1558.8338462038002,1558.8338462038002,1.0171441,0.0024236196
1558.8352350953776,1558.8352350953776,1.0167992,0.0024268704
1558.8366239869556,1558.8366239869556,1.0177634,0.002422767
1558.8380128785343,1558.8380128785343,1.0198746,0.0024233458
1558.8394017701123,1558.8394017701123,1.0181788,0.0024252727
1558.8407906616897,1558.8407906616897,1.0209512,0.0024232455
1558.8421795530348,1558.8421795530348,1.0199239,0.0024227777
1558.8435684446129,1558.8435684446129,1.0200031,0.0024241582
1558.8449573361902,1558.8449573361902,1.0185671,0.0024225074
1558.846346227768,1558.846346227768,1.0210876,0.0024269258
1558.847735119346,1558.847735119346,1.0306491,0.0024292474
1558.8491240109233,1558.8491240109233,1.027819,0.0024292036
1558.8505129022678,1558.8505129022678,1.0334606,0.0024290702
1558.8519017938465,1558.8519017938465,1.033,0.0024304907
1558.8532906854252,1558.8532906854252,1.0364144,0.0024328316
1558.8546795770026,1558.8546795770026,1.0390432,0.0024345606
1558.85606846858,1558.85606846858,1.0428694,0.0024343047
1558.857457359925,1558.857457359925,1.0474502,0.0024380498
1558.858846251503,1558.858846251503,1.0507115,0.0024415075
1558.8602351430802,1558.8602351430802,1.0661204,0.0024452447
1558.8616240346582,1558.8616240346582,1.0580711,0.0024416987
1558.8630129260034,1558.8630129260034,1.060034,0.0024441814
1558.8644018175814,1558.8644018175814,1.0635761,0.002444488
1558.8657907091595,1558.8657907091595,1.0632969,0.0024452577
1558.8671796007375,1558.8671796007375,1.06671,0.0024465933
1558.8685684920827,1558.8685684920827,1.059152,0.002446143
1558.86995738366,1558.86995738366,1.0637515,0.0024435283
1558.871346275238,1558.871346275238,1.0604725,0.0024468966
1558.872735166816,1558.872735166816,1.0543591,0.0024408284
1558.8741240581605,1558.8741240581605,1.0534236,0.0024420687
1558.8755129497376,1558.8755129497376,1.0483084,0.002437825
1558.8769018413163,1558.8769018413163,1.043198,0.002434216
1558.878290732895,1558.878290732895,1.0405778,0.0024354593
1558.8796796242395,1558.8796796242395,1.0385393,0.002433885
1558.8810685158169,1558.8810685158169,1.037133,0.0024329019
1558.882457407395,1558.882457407395,1.0363921,0.0024312066
1558.88384629874,1558.88384629874,1.0333766,0.0024315733
1558.8852351903174,1558.8852351903174,1.0340211,0.0024286914
1558.8866240818954,1558.8866240818954,1.0318754,0.0024290476
1558.8880129732404,1558.8880129732404,1.031267,0.0024271493
1558.8894018648177,1558.8894018648177,1.031913,0.002428738
1558.8907907563957,1558.8907907563957,1.0275825,0.0024282897
1558.8921796477416,1558.8921796477416,1.0281599,0.0024338565
1558.8935685393196,1558.8935685393196,1.030945,0.0024300881
1558.894957430897,1558.894957430897,1.0227883,0.002428472
1558.8963463222415,1558.8963463222415,1.0273075,0.0024357727
1558.8977352138195,1558.8977352138195,1.0249774,0.0024247486
1558.8991241051647,1558.8991241051647,1.0248826,0.002425679
1558.900512996742,1558.900512996742,1.024635,0.002426812
1558.9019018883198,1558.9019018883198,1.0272518,0.0024276155
1558.9032907796657,1558.9032907796657,1.0233555,0.0024259775
1558.9046796712437,1558.9046796712437,1.0261748,0.0024263659
1558.9060685625882,1558.9060685625882,1.027767,0.0024282064
1558.9074574541662,1558.9074574541662,1.0250329,0.0024262846
1558.9088463457442,1558.9088463457442,1.0253243,0.0024257402
1558.9102352370887,1558.9102352370887,1.0271287,0.002426059
1558.911624128666,1558.911624128666,1.0237387,0.0024301405
1558.9130130200112,1558.9130130200112,1.0307828,0.002432995
1558.9144019115893,1558.9144019115893,1.0246149,0.0024291873
1558.9157908029345,1558.9157908029345,1.025558,0.0024226063
1558.9171796945132,1558.9171796945132,1.0263057,0.0024257272
1558.918568585858,1558.918568585858,1.0267392,0.0024259228
1558.9199574774354,1558.9199574774354,1.0228949,0.00242327
1558.9213463690128,1558.9213463690128,1.0243213,0.002424784
1558.922735260358,1558.922735260358,1.0257101,0.002432788
1558.924124151936,1558.924124151936,1.0241326,0.0024256045
1558.9255130432805,1558.9255130432805,1.0245702,0.0024252993
1558.9269019348578,1558.9269019348578,1.0202717,0.002426285
1558.928290826203,1558.928290826203,1.020298,0.002428668
1558.9296797177817,1558.9296797177817,1.0216928,0.0024250306
1558.931068609127,1558.931068609127,1.0199587,0.0024254816
1558.9324575007047,1558.9324575007047,1.01937,0.0024228941
1558.9338463920499,1558.9338463920499,1.0197932,0.0024219553
1558.9352352836272,1558.9352352836272,1.0216167,0.0024243386
1558.9366241749717,1558.9366241749717,1.021826,0.0024266248
1558.938013066317,1558.938013066317,1.0194159,0.0024212217
1558.939401957895,1558.939401957895,1.0186628,0.002421969
1558.9407908492394,1558.9407908492394,1.0239506,0.002422859
1558.9421797408174,1558.9421797408174,1.0175886,0.0024220096
1558.9435686321633,1558.9435686321633,1.0195119,0.0024240513
1558.944957523741,1558.944957523741,1.0195802,0.0024253346
1558.9463464150856,1558.9463464150856,1.0214221,0.0024271829
1558.9477353066636,1558.9477353066636,1.0207813,0.0024215898
1558.9491241980088,1558.9491241980088,1.0171167,0.0024207958
1558.9505130893533,1558.9505130893533,1.0197036,0.0024258709
1558.9519019809306,1558.9519019809306,1.0198406,0.0024272907
1558.9532908722758,1558.9532908722758,1.018138,0.0024259768
1558.9546797638545,1558.9546797638545,1.0198125,0.0024225595
1558.9560686551997,1558.9560686551997,1.0171613,0.0024243332
1558.9574575465442,1558.9574575465442,1.018132,0.0024199754
1558.958846438122,1558.958846438122,1.0168585,0.0024188948
1558.9602353294672,1558.9602353294672,1.0165731,0.0024298648
1558.9616242208117,1558.9616242208117,1.0119915,0.0024186994
1558.9630131123897,1558.9630131123897,1.0187776,0.0024205695
1558.964402003735,1558.964402003735,1.0179265,0.0024229453
1558.9657908950794,1558.9657908950794,1.0167559,0.002422572
1558.9671797866567,1558.9671797866567,1.0137061,0.0024187872
1558.9685686780026,1558.9685686780026,1.0157267,0.0024200291
1558.9699575693485,1558.9699575693485,1.0150874,0.0024221165
1558.9713464609258,1558.9713464609258,1.0165025,0.0024204256
1558.972735352271,1558.972735352271,1.0089177,0.0024164915
1558.974124243616,1558.974124243616,1.0154454,0.0024334728
1558.9755131351933,1558.9755131351933,1.0121074,0.0024173376
1558.9769020265378,1558.9769020265378,1.0106771,0.002418766
1558.978290917883,1558.978290917883,1.016088,0.0024268897
1558.979679809461,1558.979679809461,1.0149512,0.0024206908
1558.9810687008062,1558.9810687008062,1.0128287,0.0024195514
1558.9824575921514,1558.9824575921514,1.0131772,0.0024234515
1558.9838464834966,1558.9838464834966,1.0127373,0.0024213707
1558.9852353750746,1558.9852353750746,1.0162164,0.0024213658
1558.986624266419,1558.986624266419,1.0135998,0.0024219914
1558.988013157764,1558.988013157764,1.0138948,0.0024191542
1558.9894020491092,1558.9894020491092,1.0132569,0.0024269314
1558.9907909406866,1558.9907909406866,1.0140278,0.0024213002
1558.992179832031,1558.992179832031,1.0142452,0.0024187672
1558.9935687233763,1558.9935687233763,1.0132277,0.0024202846
1558.9949576147221,1558.9949576147221,1.0095999,0.0024161926
1558.9963465063001,1558.9963465063001,1.0110459,0.002417755
1558.9977353976446,1558.9977353976446,1.010449,0.0024259062
1558.9991242889898,1558.9991242889898,1.0112587,0.0024192906
1559.0005131803348,1559.0005131803348,1.0105103,0.0024218347
1559.0019020716793,1559.0019020716793,1.0091567,0.0024185367
1559.0032909632573,1559.0032909632573,1.0062109,0.0024265754
1559.0046798546025,1559.0046798546025,1.0111755,0.002418858
1559.006068745947,1559.006068745947,1.0080674,0.00241636
1559.0074576372922,1559.0074576372922,1.0111976,0.0024207
1559.008846528638,1559.008846528638,1.012867,0.0024192515
1559.0102354199832,1559.0102354199832,1.0110934,0.0024187593
1559.0116243115606,1559.0116243115606,1.0093384,0.002421421
1559.013013202905,1559.013013202905,1.0117515,0.0024231032
1559.0144020942503,1559.0144020942503,1.0097562,0.0024181914
1559.0157909855955,1559.0157909855955,1.0068564,0.0024181602
1559.0171798769397,1559.0171798769397,1.0074313,0.0024146955
1559.018568768285,1559.018568768285,1.0100229,0.002417705
1559.0199576596308,1559.0199576596308,1.0098089,0.0024181865
1559.0213465512088,1559.0213465512088,1.0087831,0.0024198163
1559.0227354425533,1559.0227354425533,1.0126427,0.0024290516
1559.0241243338985,1559.0241243338985,1.0085485,0.0024170037
1559.0255132252437,1559.0255132252437,1.0130363,0.0024197032
1559.0269021165882,1559.0269021165882,1.0069798,0.002419225
1559.0282910079325,1559.0282910079325,1.0071434,0.0024265219
1559.0296798992777,1559.0296798992777,1.0079907,0.0024137646
1559.0310687906228,1559.0310687906228,1.0068283,0.0024156994
1559.0324576819673,1559.0324576819673,1.0059583,0.0024172585
1559.0338465733132,1559.0338465733132,1.0072218,0.0024155343
1559.035235464659,1559.035235464659,1.0105158,0.0024170973
1559.0366243560036,1559.0366243560036,1.0098557,0.0024162252
1559.038013247348,1559.038013247348,1.0083194,0.0024181046
1559.0394021386933,1559.0394021386933,1.0087658,0.002417275
1559.0407910302713,1559.0407910302713,1.0090221,0.0024152445
1559.0421799216158,1559.0421799216158,1.0101887,0.0024166845
1559.0435688129603,1559.0435688129603,1.0093223,0.0024158594
1559.0449577043053,1559.0449577043053,1.0074631,0.0024144917
1559.0463465956511,1559.0463465956511,1.0092008,0.0024152934
1559.0477354869963,1559.0477354869963,1.0065877,0.0024154724
1559.0491243783415,1559.0491243783415,1.0071611,0.0024173886
1559.0505132696867,1559.0505132696867,1.008623,0.0024185805
1559.0519021610312,1559.0519021610312,1.007232,0.0024161313
1559.0532910523757,1559.0532910523757,1.0078521,0.0024160917
1559.054679943488,1559.054679943488,1.0073413,0.002415763
1559.0560688348332,1559.0560688348332,1.0079566,0.0024165022
1559.0574577261775,1559.0574577261775,1.0118115,0.002418211
1559.058846617522,1559.058846617522,1.0104159,0.0024151125
1559.060235508868,1559.060235508868,1.0120356,0.0024177092
1559.0616244002138,1559.0616244002138,1.0087276,0.0024190147
1559.0630132915583,1559.0630132915583,1.0081962,0.0024168612
1559.0644021829035,1559.0644021829035,1.0094455,0.002416531
1559.0657910742486,1559.0657910742486,1.0112518,0.0024281526
1559.0671799655931,1559.0671799655931,1.0117557,0.0024177495
1559.0685688569376,1559.0685688569376,1.0091627,0.00241845
1559.0699577482828,1559.0699577482828,1.0107353,0.0024154796
1559.071346639628,1559.071346639628,1.0108523,0.0024269833
1559.072735530973,1559.072735530973,1.0135773,0.002417665
1559.0741244220853,1559.0741244220853,1.010095,0.0024194159
1559.0755133134305,1559.0755133134305,1.0061713,0.0024154598
1559.0769022047757,1559.0769022047757,1.0089177,0.0024298842
1559.0782910961202,1559.0782910961202,1.009283,0.0024174477
1559.0796799874654,1559.0796799874654,1.0104295,0.0024171786
1559.0810688788106,1559.0810688788106,1.0116382,0.0024169788
1559.082457770155,1559.082457770155,1.0076764,0.0024164454
1559.0838466614996,1559.0838466614996,1.0092579,0.0024139914
1559.0852355526126,1559.0852355526126,1.0048133,0.00241578
1559.0866244439583,1559.0866244439583,1.006726,0.0024147304
1559.0880133353028,1559.0880133353028,1.0066414,0.002424305
1559.089402226648,1559.089402226648,1.0107105,0.002418051
1559.0907911179931,1559.0907911179931,1.0095251,0.0024194082
1559.0921800093377,1559.0921800093377,1.0067825,0.0024129704
1559.0935689004493,1559.0935689004493,1.0076485,0.0024194259
1559.0949577917945,1559.0949577917945,1.0070997,0.0024194766
1559.0963466831397,1559.0963466831397,1.0071266,0.0024150284
1559.0977355744842,1559.0977355744842,1.0064902,0.0024155679
1559.0991244655963,1559.0991244655963,1.0088291,0.0024159926
1559.1005133569422,1559.1005133569422,1.0093899,0.0024194224
1559.1019022482874,1559.1019022482874,1.0064646,0.0024155846
1559.103291139632,1559.103291139632,1.0068564,0.0024174566
1559.104680030977,1559.104680030977,1.0035626,0.0024152682
1559.1060689220894,1559.1060689220894,1.0093594,0.0024154854
1559.107457813434,1559.107457813434,1.0085301,0.0024206135
1559.1088467047784,1559.1088467047784,1.0055244,0.0024261172
1559.1102355961236,1559.1102355961236,1.0080059,0.0024147702
1559.1116244872367,1559.1116244872367,1.0033693,0.0024129474
1559.1130133785819,1559.1130133785819,1.0064269,0.0024143308
1559.1144022699261,1559.1144022699261,1.0066496,0.002414056
1559.1157911610385,1559.1157911610385,1.00468,0.0024150277
1559.1171800523837,1559.1171800523837,1.0040033,0.0024158328
1559.1185689437282,1559.1185689437282,1.0062026,0.0024208233
1559.1199578350734,1559.1199578350734,1.007023,0.0024147134
1559.1213467261857,1559.1213467261857,1.0082812,0.0024287787
1559.1227356175302,1559.1227356175302,1.0141356,0.002417576
1559.1241245088747,1559.1241245088747,1.0158274,0.0024182515
1559.1255133999878,1559.1255133999878,1.0098337,0.0024187488
1559.1269022913336,1559.1269022913336,1.0091408,0.0024184946
1559.1282911826781,1559.1282911826781,1.0113676,0.0024177977
1559.1296800737896,1559.1296800737896,1.0123097,0.0024287018
1559.1310689651348,1559.1310689651348,1.0092975,0.0024164356
1559.1324578562471,1559.1324578562471,1.0064785,0.0024165795
1559.1338467475916,1559.1338467475916,1.0065483,0.0024134337
1559.1352356389368,1559.1352356389368,1.0112308,0.002415488
1559.1366245300492,1559.1366245300492,1.0076456,0.0024172643
1559.1380134213944,1559.1380134213944,1.0099324,0.0024164065
1559.1394023127395,1559.1394023127395,1.0100013,0.002414826
1559.140791203852,1559.140791203852,1.0087794,0.002416111
1559.1421800951969,1559.1421800951969,1.0084052,0.0024161146
1559.1435689863085,1559.1435689863085,1.0106232,0.0024200184
1559.144957877653,1559.144957877653,1.0069941,0.0024156156
1559.1463467689982,1559.1463467689982,1.0093683,0.0024202394
1559.1477356601106,1559.1477356601106,1.0132841,0.0024239582
1559.149124551455,1559.149124551455,1.0081034,0.0024149902
1559.1505134425674,1559.1505134425674,1.0094906,0.0024159572
1559.1519023339133,1559.1519023339133,1.0084937,0.002419497
1559.1532912250257,1559.1532912250257,1.0101069,0.0024161555
1559.1546801163702,1559.1546801163702,1.0089755,0.002416107
1559.1560690074823,1559.1560690074823,1.0047674,0.0024147576
1559.1574578988275,1559.1574578988275,1.0081342,0.002417631
1559.1588467899392,1559.1588467899392,1.0080353,0.0024138386
1559.1602356812837,1559.1602356812837,1.007954,0.002416521
1559.1616245726289,1559.1616245726289,1.0081921,0.0024172035
1559.1630134637412,1559.1630134637412,1.005776,0.002422066
1559.1644023550864,1559.1644023550864,1.008549,0.0024154242
1559.1657912461994,1559.1657912461994,1.0086743,0.002427626
1559.1671801373118,1559.1671801373118,1.0075846,0.0024178997
1559.1685690286563,1559.1685690286563,1.0038778,0.0024142317
1559.1699579197677,1559.1699579197677,1.0065558,0.0024118547
1559.171346811113,1559.171346811113,1.0082321,0.0024144193
1559.1727357022253,1559.1727357022253,1.005734,0.0024144377
1559.1741245935698,1559.1741245935698,1.0059701,0.0024158547
1559.1755134846815,1559.1755134846815,1.0044274,0.0024128782
1559.1769023760266,1559.1769023760266,1.0055467,0.0024120763
1559.1782912671397,1559.1782912671397,1.0034581,0.0024148826
1559.1796801584849,1559.1796801584849,1.0074502,0.0024181951
1559.1810690495972,1559.1810690495972,1.0066537,0.0024134773
1559.1824579407096,1559.1824579407096,1.0098848,0.00242508
1559.183846832054,1559.183846832054,1.0069253,0.002418484
1559.1852357231655,1559.1852357231655,1.0063802,0.0024146326
1559.1866246145107,1559.1866246145107,1.0038742,0.002411
1559.188013505623,1559.188013505623,1.0069052,0.002414208
1559.1894023967347,1559.1894023967347,1.0061815,0.0024134414
1559.19079128808,1559.19079128808,1.0036144,0.002423189
1559.192180179193,1559.192180179193,1.0037603,0.0024123637
1559.1935690705382,1559.1935690705382,1.0059894,0.0024121033
1559.1949579616498,1559.1949579616498,1.0068966,0.0024154286
1559.1963468527622,1559.1963468527622,1.0061705,0.0024164685
1559.1977357441071,1559.1977357441071,1.0063894,0.002415185
1559.1991246352188,1559.1991246352188,1.0054983,0.0024190508
1559.2005135263305,1559.2005135263305,1.002311,0.002413031
1559.2019024176757,1559.2019024176757,1.0036863,0.002413454
1559.203291308788,1559.203291308788,1.0031312,0.0024138857
1559.2046801999004,1559.2046801999004,1.0049523,0.0024142126
1559.2060690912463,1559.2060690912463,1.0077423,0.002417903
1559.2074579823586,1559.2074579823586,1.0055555,0.0024153856
1559.2088468734703,1559.2088468734703,1.0073292,0.0024137103
1559.2102357648148,1559.2102357648148,1.0044732,0.0024139422
1559.2116246559272,1559.2116246559272,1.0067103,0.0024179735
1559.2130135470395,1559.2130135470395,1.0063386,0.0024137963
1559.214402438151,1559.214402438151,1.0037814,0.0024150817
1559.2157913294955,1559.2157913294955,1.0124513,0.0024193893
1559.2171802206085,1559.2171802206085,1.0099567,0.002416273
1559.2185691117215,1559.2185691117215,1.0087581,0.0024178647
1559.2199580028332,1559.2199580028332,1.0095872,0.0024152899
1559.2213468941784,1559.2213468941784,1.0088139,0.0024151434
1559.2227357852908,1559.2227357852908,1.0079043,0.0024153257
1559.2241246764024,1559.2241246764024,1.0075881,0.0024151881
1559.2255135675139,1559.2255135675139,1.0061606,0.0024131297
1559.226902458859,1559.226902458859,1.0070513,0.002420908
1559.2282913499714,1559.2282913499714,1.004485,0.0024164706
1559.229680241083,1559.229680241083,1.004461,0.0024125304
1559.2310691321954,1559.2310691321954,1.010898,0.0024155984
1559.2324580235413,1559.2324580235413,1.0063297,0.0024151143
1559.2338469146537,1559.2338469146537,1.0036341,0.002417399
1559.2352358057653,1559.2352358057653,1.0064062,0.002414748
1559.2366246968777,1559.2366246968777,1.0041568,0.0024126635
1559.23801358799,1559.23801358799,1.0047227,0.0024310718
1559.2394024791017,1559.2394024791017,1.0060412,0.0024132568
1559.2407913704462,1559.2407913704462,1.002242,0.0024135804
1559.2421802615584,1559.2421802615584,1.0053792,0.0024134105
1559.2435691526714,1559.2435691526714,1.0023055,0.002412904
1559.2449580437838,1559.2449580437838,1.0036235,0.0024132032
1559.2463469348954,1559.2463469348954,1.0041348,0.0024132733
1559.2477358260078,1559.2477358260078,1.0067772,0.0024138128
1559.2491247171201,1559.2491247171201,1.004351,0.00241273
1559.2505136084646,1559.2505136084646,1.0045441,0.0024117269
1559.251902499577,1559.251902499577,1.0076071,0.0024152247
1559.2532913906894,1559.2532913906894,1.0069156,0.002413923
1559.2546802818008,1559.2546802818008,1.0046284,0.0024126873
1559.2560691729125,1559.2560691729125,1.006055,0.0024143439
1559.2574580640255,1559.2574580640255,1.0016243,0.0024189716
1559.2588469551386,1559.2588469551386,1.0073216,0.0024137727
1559.2602358462502,1559.2602358462502,1.0052396,0.002418137
1559.261624737362,1559.261624737362,1.0043548,0.0024113134
1559.2630136284743,1559.2630136284743,1.0012567,0.002410692
1559.2644025195866,1559.2644025195866,1.0001129,0.0024192869
1559.2657914106983,1559.2657914106983,1.0089254,0.0024217705
1559.2671803020435,1559.2671803020435,1.0042547,0.0024139604
1559.2685691931558,1559.2685691931558,1.0050311,0.0024155788
1559.269958084268,1559.269958084268,1.0053986,0.0024177737
1559.2713469753803,1559.2713469753803,1.0069451,0.0024135355
1559.2727358664927,1559.2727358664927,1.001781,0.002412515
1559.274124757605,1559.274124757605,1.0089304,0.00241539
1559.2755136487167,1559.2755136487167,1.0065231,0.002413837
1559.2769025398284,1559.2769025398284,1.0016711,0.0024136861
1559.2782914309407,1559.2782914309407,1.0031619,0.0024128673
1559.279680322053,1559.279680322053,1.0042057,0.0024236145
1559.2810692131648,1559.2810692131648,1.0060004,0.002416954
1559.282458104277,1559.282458104277,1.0048969,0.0024128254
1559.28384699539,1559.28384699539,1.0040036,0.002412447
1559.2852358865023,1559.2852358865023,1.0042849,0.0024144412
1559.2866247773811,1559.2866247773811,1.0046605,0.002411084
1559.2880136684935,1559.2880136684935,1.0010494,0.0024114796
1559.2894025596058,1559.2894025596058,1.0048032,0.0024117038
1559.2907914507175,1559.2907914507175,1.0057162,0.0024231845
1559.2921803418292,1559.2921803418292,1.0057648,0.0024127222
1559.2935692329415,1559.2935692329415,1.0027966,0.002412803
1559.294958124054,1559.294958124054,1.005102,0.0024145674
1559.2963470151662,1559.2963470151662,1.0027056,0.0024116046
1559.297735906279,1559.297735906279,1.0043516,0.002411022
1559.2991247973914,1559.2991247973914,1.0047615,0.0024115648
1559.300513688503,1559.300513688503,1.0042565,0.0024127364
1559.3019025796148,1559.3019025796148,1.0044917,0.0024141525
1559.3032914704943,1559.3032914704943,1.006046,0.002412923
1559.3046803616066,1559.3046803616066,1.0056646,0.002412997
1559.3060692527183,1559.3060692527183,1.0067112,0.0024131124
1559.3074581438307,1559.3074581438307,1.0019432,0.0024110167
1559.308847034943,1559.308847034943,1.0075164,0.0024154065
1559.3102359260554,1559.3102359260554,1.0028552,0.0024138524
1559.3116248171675,1559.3116248171675,1.004254,0.0024127902
1559.313013708047,1559.313013708047,1.0087893,0.0024146498
1559.3144025991594,1559.3144025991594,1.0087601,0.0024158661
1559.315791490271,1559.315791490271,1.0058352,0.0024114733
1559.3171803813827,1559.3171803813827,1.0063193,0.00241407
1559.318569272495,1559.318569272495,1.0073481,0.002414243
1559.3199581636075,1559.3199581636075,1.0054077,0.0024166505
1559.3213470544863,1559.3213470544863,1.0056505,0.002414015
1559.3227359455987,1559.3227359455987,1.00739,0.002422222
1559.3241248367117,1559.3241248367117,1.0094951,0.002413963
1559.325513727824,1559.325513727824,1.0091279,0.002415411
1559.3269026189355,1559.3269026189355,1.0090464,0.0024151986
1559.328291509815,1559.328291509815,1.0107837,0.002414622
1559.3296804009274,1559.3296804009274,1.0050939,0.0024156845
1559.331069292039,1559.331069292039,1.0073436,0.0024208694
1559.3324581831507,1559.3324581831507,1.0084848,0.0024135855
1559.3338470740302,1559.3338470740302,1.00524,0.0024142715
1559.3352359651426,1559.3352359651426,1.0085163,0.0024144307
1559.336624856255,1559.336624856255,1.0059499,0.0024129474
1559.338013747368,1559.338013747368,1.0085199,0.002412996
1559.3394026382473,1559.3394026382473,1.0116119,0.0024163197
1559.340791529359,1559.340791529359,1.0052302,0.0024174766
1559.3421804204706,1559.3421804204706,1.0090986,0.002416184
1559.3435693113502,1559.3435693113502,1.0085473,0.0024165998
1559.3449582024625,1559.3449582024625,1.0081271,0.0024216329
1559.3463470935742,1559.3463470935742,1.00666,0.002413966
1559.347735984453,1559.347735984453,1.0089421,0.0024122996
1559.3491248755654,1559.3491248755654,1.0066803,0.0024143974
1559.3505137666784,1559.3505137666784,1.0061834,0.002410825
1559.351902657558,1559.351902657558,1.008015,0.0024159758
1559.35329154867,1559.35329154867,1.0099729,0.0024146244
1559.3546804397824,1559.3546804397824,1.0060266,0.0024120712
1559.3560693306613,1559.3560693306613,1.0074643,0.0024130798
1559.357458221773,1559.357458221773,1.0095651,0.002414669
1559.3588471128853,1559.3588471128853,1.0131127,0.0024154864
1559.3602360037648,1559.3602360037648,1.0126227,0.002415876
1559.3616248948765,1559.3616248948765,1.008545,0.002414401
1559.3630137859889,1559.3630137859889,1.0066608,0.002416158
1559.364402676869,1559.364402676869,1.0129046,0.0024242932
1559.3657915679814,1559.3657915679814,1.011645,0.0024183707
1559.36718045886,1559.36718045886,1.0112683,0.0024244415
1559.3685693499724,1559.3685693499724,1.0106511,0.0024152694
1559.369958240852,1559.369958240852,1.0083569,0.0024152456
1559.3713471319636,1559.3713471319636,1.0077238,0.0024156503
1559.3727360230753,1559.3727360230753,1.0090954,0.002419753
1559.3741249139548,1559.3741249139548,1.0119742,0.0024130824
1559.3755138050672,1559.3755138050672,1.0100043,0.0024175919
1559.3769026959467,1559.3769026959467,1.0083805,0.0024213046
1559.378291587059,1559.378291587059,1.0078367,0.0024221076
1559.3796804779386,1559.3796804779386,1.0098767,0.0024139008
1559.381069369051,1559.381069369051,1.007732,0.0024163646
1559.3824582599295,1559.3824582599295,1.008221,0.0024169097
1559.383847151042,1559.383847151042,1.0101603,0.002413274
1559.3852360419214,1559.3852360419214,1.0109663,0.0024150773
1559.386624933033,1559.386624933033,1.0083119,0.0024138591
1559.388013823912,1559.388013823912,1.0082583,0.0024122575
1559.389402715025,1559.389402715025,1.0112287,0.0024121075
1559.3907916059052,1559.3907916059052,1.0109808,0.0024176226
1559.3921804970169,1559.3921804970169,1.0126804,0.0024139073
1559.3935693878957,1559.3935693878957,1.0105762,0.0024162245
1559.394958279008,1559.394958279008,1.0102395,0.002416717
1559.3963471698873,1559.3963471698873,1.0075988,0.0024140792
1559.397736060999,1559.397736060999,1.0100937,0.0024155458
1559.3991249518785,1559.3991249518785,1.009465,0.0024157502
1559.400513842991,1559.400513842991,1.0074,0.0024146724
1559.4019027338697,1559.4019027338697,1.010275,0.0024156093
1559.403291624982,1559.403291624982,1.0084134,0.002414048
1559.4046805158623,1559.4046805158623,1.0134275,0.002417972
1559.4060694067418,1559.4060694067418,1.0080205,0.0024126817
1559.4074582978535,1559.4074582978535,1.0112692,0.0024128081
1559.4088471887324,1559.4088471887324,1.0058047,0.0024208704
1559.4102360798445,1559.4102360798445,1.0096341,0.0024116014
1559.411624970724,1559.411624970724,1.0043074,0.0024094621
1559.4130138616028,1559.4130138616028,1.0118605,0.0024222257
1559.4144027527152,1559.4144027527152,1.0071938,0.0024150787
1559.4157916435947,1559.4157916435947,1.010553,0.00241675
1559.4171805344743,1559.4171805344743,1.009055,0.0024128254
1559.4185694255866,1559.4185694255866,1.0076423,0.0024147765
1559.4199583164661,1559.4199583164661,1.0088326,0.0024184946
1559.4213472073457,1559.4213472073457,1.0100367,0.0024146596
1559.422736098457,1559.422736098457,1.0098705,0.0024124924
1559.4241249893366,1559.4241249893366,1.0113887,0.0024145434
1559.4255138802162,1559.4255138802162,1.005366,0.0024131332
1559.4269027713278,1559.4269027713278,1.0081233,0.0024146908
1559.4282916622067,1559.4282916622067,1.0075567,0.0024130063
1559.4296805530869,1559.4296805530869,1.010136,0.0024122826
1559.4310694442,1559.4310694442,1.0083265,0.0024149336
1559.4324583350788,1559.4324583350788,1.0106287,0.0024157974
1559.4338472259576,1559.4338472259576,1.0085531,0.002412881
1559.43523611707,1559.43523611707,1.0091406,0.0024142726
1559.4366250079495,1559.4366250079495,1.0105398,0.0024153958
1559.4380138988283,1559.4380138988283,1.0081885,0.0024128684
1559.4394027897076,1559.4394027897076,1.0090165,0.0024132184
1559.44079168082,1559.44079168082,1.0080386,0.0024161183
1559.4421805716988,1559.4421805716988,1.0106628,0.0024172012
1559.4435694625784,1559.4435694625784,1.0087688,0.002413509
1559.4449583534586,1559.4449583534586,1.0114225,0.0024161455
1559.446347244571,1559.446347244571,1.0105783,0.0024150745
1559.4477361354498,1559.4477361354498,1.0120482,0.0024135634
1559.4491250263286,1559.4491250263286,1.010991,0.0024209502
1559.4505139172081,1559.4505139172081,1.0071858,0.0024128512
1559.4519028080874,1559.4519028080874,1.0114148,0.0024126514
1559.453291699199,1559.453291699199,1.0101031,0.0024147707
1559.4546805900786,1559.4546805900786,1.0097294,0.0024152393
1559.4560694809588,1559.4560694809588,1.0136096,0.002413262
1559.4574583718384,1559.4574583718384,1.0080898,0.002412962
1559.4588472627172,1559.4588472627172,1.0073607,0.0024115397
1559.4602361538296,1559.4602361538296,1.0135369,0.0024172347
1559.461625044709,1559.461625044709,1.0057554,0.0024173695
1559.463013935588,1559.463013935588,1.0083349,0.0024135222
1559.4644028264668,1559.4644028264668,1.0112673,0.0024121157
1559.465791717346,1559.465791717346,1.0102108,0.002418807
1559.4671806082256,1559.4671806082256,1.0055918,0.0024095983
1559.4685694991044,1559.4685694991044,1.008761,0.0024106863
1559.4699583902175,1559.4699583902175,1.0087236,0.0024130184
1559.4713472810977,1559.4713472810977,1.00987,0.0024143448
1559.4727361719765,1559.4727361719765,1.0084833,0.0024133965
1559.4741250628554,1559.4741250628554,1.0085158,0.0024170133
1559.475513953735,1559.475513953735,1.0104836,0.0024160247
1559.4769028446144,1559.4769028446144,1.0081329,0.0024117099
1559.4782917354933,1559.4782917354933,1.0113753,0.002416737
1559.4796806263719,1559.4796806263719,1.0101289,0.0024146421
1559.4810695172514,1559.4810695172514,1.0094205,0.0024137285
1559.482458408131,1559.482458408131,1.0096414,0.0024133204
1559.4838472990104,1559.4838472990104,1.0062227,0.0024137099
1559.4852361898907,1559.4852361898907,1.00864,0.0024143064
1559.4866250807702,1559.4866250807702,1.0107613,0.0024152664
1559.488013971649,1559.488013971649,1.0094787,0.002416294
1559.4894028627607,1559.4894028627607,1.0103579,0.00241494
1559.4907917536402,1559.4907917536402,1.0091407,0.0024148137
1559.4921806445197,1559.4921806445197,1.013132,0.002414769
1559.4935695353986,1559.4935695353986,1.0127449,0.0024173602
1559.4949584262772,1559.4949584262772,1.0103145,0.002414852
1559.4963473171574,1559.4963473171574,1.0098004,0.0024155746
1559.4977362080376,1559.4977362080376,1.0113934,0.002414808
1559.4991250989165,1559.4991250989165,1.0140505,0.0024164072
1559.500513989796,1559.500513989796,1.0086069,0.00241162
1559.5019028804427,1559.5019028804427,1.0062387,0.002412011
1559.5032917713215,1559.5032917713215,1.0076956,0.0024122198
1559.5046806622004,1559.5046806622004,1.0061617,0.0024135949
1559.50606955308,1559.50606955308,1.00813,0.0024159634
1559.5074584439592,1559.5074584439592,1.005296,0.002415401
1559.508847334838,1559.508847334838,1.0098308,0.0024156224
1559.5102362257176,1559.5102362257176,1.0062945,0.0024114975
1559.5116251165978,1559.5116251165978,1.0072696,0.0024151597
1559.5130140074773,1559.5130140074773,1.0130067,0.0024168363
1559.5144028983561,1559.5144028983561,1.0081931,0.002415241
1559.5157917892357,1559.5157917892357,1.008616,0.0024123134
1559.5171806801152,1559.5171806801152,1.0114652,0.002419702
1559.518569570994,1559.518569570994,1.0091565,0.0024131227
1559.5199584618729,1559.5199584618729,1.0076451,0.0024116717
1559.5213473525193,1559.5213473525193,1.0135689,0.0024165795
1559.5227362433989,1559.5227362433989,1.006775,0.0024116468
1559.5241251342784,1559.5241251342784,1.0086815,0.0024143371
1559.525514025158,1559.525514025158,1.008845,0.0024187597
1559.5269029160374,1559.5269029160374,1.0073947,0.0024197225
1559.528291806917,1559.528291806917,1.0101429,0.0024116698
1559.5296806977958,1559.5296806977958,1.0122513,0.0024140938
1559.5310695884425,1559.5310695884425,1.0074337,0.0024131814
1559.532458479322,1559.532458479322,1.0104975,0.0024148296
1559.5338473702009,1559.5338473702009,1.0083393,0.0024144135
1559.5352362610795,1559.5352362610795,1.0107391,0.0024115117
1559.5366251519597,1559.5366251519597,1.0086193,0.002411488
1559.538014042607,1559.538014042607,1.0099243,0.0024143357
1559.539402933486,1559.539402933486,1.0080749,0.0024099704
1559.5407918243654,1559.5407918243654,1.0088336,0.0024120016
1559.542180715245,1559.542180715245,1.0069299,0.0024100014
1559.5435696061238,1559.5435696061238,1.004939,0.0024118735
1559.5449584967698,1559.5449584967698,1.0091335,0.0024224967
1559.5463473876493,1559.5463473876493,1.0065888,0.0024118496
1559.5477362785289,1559.5477362785289,1.0094132,0.0024155527
1559.5491251694077,1559.5491251694077,1.0089221,0.002414411
1559.5505140600542,1559.5505140600542,1.0072888,0.0024118926
1559.5519029509344,1559.5519029509344,1.008546,0.0024130514
1559.553291841814,1559.553291841814,1.004884,0.002410495
1559.5546807326928,1559.5546807326928,1.0056491,0.00240944
1559.5560696233395,1559.5560696233395,1.0123962,0.0024164603
1559.557458514219,1559.557458514219,1.0074718,0.002418775
1559.5588474050978,1559.5588474050978,1.0112826,0.0024179383
1559.5602362957438,1559.5602362957438,1.0076069,0.002412143
1559.5616251866234,1559.5616251866234,1.0094627,0.0024105925
1559.5630140775029,1559.5630140775029,1.0080731,0.0024142934
1559.5644029681496,1559.5644029681496,1.005457,0.0024157204
1559.5657918590289,1559.5657918590289,1.0055352,0.0024120163
1559.5671807499084,1559.5671807499084,1.0118765,0.0024117131
1559.568569640555,1559.568569640555,1.0115033,0.0024179239
1559.569958531434,1559.569958531434,1.0097953,0.0024118877
1559.5713474223135,1559.5713474223135,1.010394,0.00241308
1559.5727363129602,1559.5727363129602,1.0122465,0.0024144843
1559.574125203839,1559.574125203839,1.0066738,0.0024142954
1559.5755140947178,1559.5755140947178,1.0071383,0.002415919
1559.5769029853652,1559.5769029853652,1.0072935,0.0024115252
1559.5782918762454,1559.5782918762454,1.0076829,0.0024140538
1559.5796807668912,1559.5796807668912,1.0074782,0.002412529
1559.58106965777,1559.58106965777,1.0079619,0.0024111748
1559.5824585486496,1559.5824585486496,1.0026782,0.002409007
1559.5838474392963,1559.5838474392963,1.0043784,0.0024115245
1559.5852363301751,1559.5852363301751,1.0076462,0.002413153
1559.5866252208218,1559.5866252208218,1.0071844,0.0024108358
1559.5880141117013,1559.5880141117013,1.008638,0.002415753
1559.5894030023474,1559.5894030023474,1.006152,0.002412745
1559.5907918932269,1559.5907918932269,1.0070115,0.002416144
1559.592180784107,1559.592180784107,1.0072821,0.0024126023
1559.5935696747536,1559.5935696747536,1.0074654,0.002416216
1559.5949585656324,1559.5949585656324,1.008962,0.002411905
1559.5963474562784,1559.5963474562784,1.0032085,0.0024114645
1559.597736347158,1559.597736347158,1.0096052,0.0024146219
1559.5991252378046,1559.5991252378046,1.0061824,0.0024096337
1559.6005141286835,1559.6005141286835,1.0020893,0.0024101918
1559.6019030193302,1559.6019030193302,1.0074818,0.0024133716
1559.6032919102097,1559.6032919102097,1.0039645,0.0024107716
1559.6046808008564,1559.6046808008564,1.003608,0.002413159
1559.606069691736,1559.606069691736,1.0063632,0.0024125273
1559.6074585823824,1559.6074585823824,1.0106758,0.0024116111
1559.608847473262,1559.608847473262,1.0075334,0.0024133888
1559.610236363908,1559.610236363908,1.0027757,0.0024097664
1559.6116252547868,1559.6116252547868,1.004637,0.002408931
1559.6130141454335,1559.6130141454335,1.0052515,0.0024106381
1559.6144030360801,1559.6144030360801,1.0051309,0.0024188512
1559.615791926959,1559.615791926959,1.0087141,0.002413257
1559.6171808176057,1559.6171808176057,1.0052372,0.0024176391
1559.618569708486,1559.618569708486,1.005014,0.0024143227
1559.6199585991326,1559.6199585991326,1.0057287,0.0024108847
1559.6213474900112,1559.6213474900112,1.0064878,0.0024108337
1559.622736380658,1559.622736380658,1.0055403,0.00240974
1559.6241252713046,1559.6241252713046,1.0087256,0.0024122098
1559.6255141621834,1559.6255141621834,1.0038968,0.002416931
1559.6269030528294,1559.6269030528294,1.0071108,0.002411514
1559.6282919434761,1559.6282919434761,1.006116,0.0024194615
1559.6296808343557,1559.6296808343557,1.00515,0.002412197
1559.6310697250024,1559.6310697250024,1.00341,0.002409742
1559.6324586158826,1559.6324586158826,1.005275,0.0024099704
1559.6338475065293,1559.6338475065293,1.0053647,0.002410972
1559.6352363971753,1559.6352363971753,1.007698,0.0024146775
1559.636625288054,1559.636625288054,1.0062183,0.0024129462
1559.6380141787006,1559.6380141787006,1.0077296,0.0024172217
1559.6394030693473,1559.6394030693473,1.0063671,0.0024116223
1559.6407919602261,1559.6407919602261,1.0026982,0.0024155728
1559.6421808508728,1559.6421808508728,1.0042847,0.0024107236
1559.6435697415195,1559.6435697415195,1.0063308,0.002409721
1559.6449586321662,1559.6449586321662,1.0043601,0.002411537
1559.6463475230457,1559.6463475230457,1.010487,0.0024226082
1559.6477364136924,1559.6477364136924,1.0051106,0.0024121946
1559.649125304339,1559.649125304339,1.007703,0.0024207833
1559.6505141952177,1559.6505141952177,1.006534,0.00241055
1559.6519030858638,1559.6519030858638,1.0046501,0.0024079653
1559.6532919765104,1559.6532919765104,1.0057864,0.002411726
1559.6546808671571,1559.6546808671571,1.0030175,0.0024118742
1559.656069758036,1559.656069758036,1.0053405,0.0024120405
1559.6574586486827,1559.6574586486827,1.0055231,0.002410668
1559.65884753933,1559.65884753933,1.0128034,0.0024156945
1559.6602364299767,1559.6602364299767,1.0069518,0.002411036
1559.6616253206228,1559.6616253206228,1.0066589,0.0024110947
1559.663014211502,1559.663014211502,1.0068238,0.0024098125
1559.6644031021488,1559.6644031021488,1.0066066,0.0024085047
1559.6657919927948,1559.6657919927948,1.0108736,0.0024112195
1559.6671808834408,1559.6671808834408,1.0031937,0.0024074703
1559.6685697740875,1559.6685697740875,1.0075681,0.0024204596
1559.669958664967,1559.669958664967,1.0053242,0.0024135513
1559.6713475556137,1559.6713475556137,1.0026534,0.002410449
1559.672736446261,1559.672736446261,1.006659,0.0024089261
1559.6741253369078,1559.6741253369078,1.0057303,0.0024122633
1559.6755142275538,1559.6755142275538,1.0019454,0.0024120775
1559.6769031181996,1559.6769031181996,1.00737,0.0024203828
1559.678292009079,1559.678292009079,1.0076824,0.0024118351
1559.6796808997258,1559.6796808997258,1.0056102,0.002413097
1559.6810697903718,1559.6810697903718,1.0070366,0.0024107774
1559.6824586810178,1559.6824586810178,1.0064298,0.00241208
1559.6838475716645,1559.6838475716645,1.0068166,0.0024108156
1559.6852364623119,1559.6852364623119,1.0096586,0.00241294
1559.6866253529586,1559.6866253529586,1.0026854,0.0024101625
1559.6880142436053,1559.6880142436053,1.0030578,0.0024079587
1559.689403134252,1559.689403134252,1.0069053,0.0024105522
1559.690792024898,1559.690792024898,1.0049931,0.0024089203
1559.6921809157766,1559.6921809157766,1.0056036,0.0024094286
1559.6935698064233,1559.6935698064233,1.00959,0.0024094784
1559.69495869707,1559.69495869707,1.0033624,0.0024103425
1559.696347587716,1559.696347587716,1.0048878,0.0024101257
1559.697736478362,1559.697736478362,1.0057358,0.002409877
1559.6991253690094,1559.6991253690094,1.0042602,0.002408177
1559.7005142596568,1559.7005142596568,1.0039107,0.0024076675
1559.7019031503028,1559.7019031503028,1.002406,0.0024107373
1559.7032920409495,1559.7032920409495,1.0034827,0.0024093278
1559.704680931596,1559.704680931596,1.0007782,0.0024096956
1559.706069822242,1559.706069822242,1.0031518,0.0024072246
1559.707458712888,1559.707458712888,1.0070051,0.0024101923
1559.7088476035347,1559.7088476035347,1.0024784,0.0024109904
1559.7102364941813,1559.7102364941813,1.0016109,0.0024060176
1559.7116253848274,1559.7116253848274,1.0031275,0.0024076563
1559.713014275474,1559.713014275474,1.004877,0.0024096137
1559.7144031661214,1559.7144031661214,1.0042933,0.0024128195
1559.7157920567681,1559.7157920567681,1.0017581,0.0024049387
1559.7171809474141,1559.7171809474141,1.0069352,0.0024115762
1559.7185698380608,1559.7185698380608,1.0066379,0.0024114859
1559.7199587284747,1559.7199587284747,1.0012213,0.0024166938
1559.7213476191205,1559.7213476191205,1.0015087,0.0024170182
1559.7227365097665,1559.7227365097665,1.0016758,0.002406803
1559.7241254004132,1559.7241254004132,1.0009791,0.0024104083
1559.7255142910606,1559.7255142910606,1.0049454,0.0024098612
1559.7269031817073,1559.7269031817073,1.0015928,0.0024085932
1559.7282920723533,1559.7282920723533,1.0032545,0.0024092945
1559.729680963,1559.729680963,0.9989822,0.0024120829
1559.7310698536467,1559.7310698536467,1.0000994,0.0024083129
1559.7324587442924,1559.7324587442924,0.9976286,0.002406287
1559.7338476347063,1559.7338476347063,0.99970996,0.0024133008
1559.735236525353,1559.735236525353,1.0024141,0.0024057492
1559.736625415999,1559.736625415999,0.99764264,0.0024144195
1559.738014306645,1559.738014306645,1.0023249,0.002408613
1559.7394031972924,1559.7394031972924,0.9998569,0.0024079215
1559.7407920879398,1559.7407920879398,1.0020155,0.0024056348
1559.7421809785858,1559.7421809785858,1.0028105,0.0024097727
1559.743569868999,1559.743569868999,1.0002408,0.0024047545
1559.7449587596457,1559.7449587596457,1.0008395,0.0024061124
1559.7463476502924,1559.7463476502924,1.0000216,0.0024087077
1559.7477365409381,1559.7477365409381,1.002186,0.0024057177
1559.7491254315848,1559.7491254315848,1.0005168,0.002407635
1559.7505143219987,1559.7505143219987,0.9973454,0.0024073364
1559.7519032126447,1559.7519032126447,1.0020168,0.0024078202
1559.7532921032914,1559.7532921032914,0.99992543,0.002418824
1559.7546809939388,1559.7546809939388,1.0011525,0.0024075713
1559.7560698843527,1559.7560698843527,0.9981473,0.0024064798
1559.7574587749987,1559.7574587749987,0.9996763,0.0024069264
1559.7588476656454,1559.7588476656454,0.99672437,0.0024071003
1559.760236556292,1559.760236556292,1.0017233,0.0024082905
1559.761625446705,1559.761625446705,1.0001923,0.0024058311
1559.763014337351,1559.763014337351,0.99743456,0.0024061992
1559.7644032279977,1559.7644032279977,1.0004722,0.002409342
1559.7657921186444,1559.7657921186444,0.99945575,0.0024067694
1559.7671810090583,1559.7671810090583,0.9984054,0.0024076542
1559.768569899705,1559.768569899705,1.0011839,0.0024119052
1559.7699587903517,1559.7699587903517,0.9990921,0.0024037466
1559.7713476807655,1559.7713476807655,1.0027435,0.0024072283
1559.7727365714115,1559.7727365714115,0.99737865,0.002407134
1559.7741254620582,1559.7741254620582,1.001831,0.002406593
1559.775514352472,1559.775514352472,0.9960347,0.0024037457
1559.7769032431179,1559.7769032431179,0.9992634,0.0024049785
1559.778292133764,1559.778292133764,0.9996021,0.0024046064
1559.7796810241778,1559.7796810241778,1.0016241,0.002418056
1559.7810699148251,1559.7810699148251,0.9962051,0.0024126186
1559.7824588054718,1559.7824588054718,0.9969256,0.0024030355
1559.783847695885,1559.783847695885,0.99994105,0.0024044379
1559.7852365865317,1559.7852365865317,0.99482316,0.002404627
1559.7866254769456,1559.7866254769456,0.99308693,0.0024015086
1559.7880143675916,1559.7880143675916,0.9941986,0.0024121199
1559.7894032582383,1559.7894032582383,0.996396,0.0024055783
1559.790792148652,1559.790792148652,0.9962906,0.0024033962
1559.792181039298,1559.792181039298,1.0007021,0.0024044286
1559.7935699297118,1559.7935699297118,1.003563,0.0024066153
1559.7949588203592,1559.7949588203592,1.0091442,0.0024128333
1559.796347710773,1559.796347710773,0.99889344,0.0024156042
1559.797736601419,1559.797736601419,1.001556,0.0024112782
1559.799125492065,1559.799125492065,0.9970121,0.0024051785
1559.800514382479,1559.800514382479,0.9996222,0.002405465
1559.8019032731256,1559.8019032731256,0.9959884,0.002405042
1559.8032921635388,1559.8032921635388,0.99841106,0.002404029
1559.8046810541853,1559.8046810541853,0.99828684,0.002407463
1559.8060699445991,1559.8060699445991,0.9965492,0.0024070055
1559.8074588352458,1559.8074588352458,0.9963617,0.002404942
1559.8088477256597,1559.8088477256597,0.9988372,0.0024060125
1559.8102366163064,1559.8102366163064,0.9981163,0.0024044544
1559.8116255067202,1559.8116255067202,0.9957157,0.002405378
1559.8130143973663,1559.8130143973663,0.99223894,0.002401647
1559.8144032877794,1559.8144032877794,0.9927597,0.0024007512
1559.8157921784261,1559.8157921784261,0.9933431,0.0024022195
1559.8171810688398,1559.8171810688398,0.99434566,0.0024037082
1559.8185699594858,1559.8185699594858,0.9943385,0.0024027687
1559.8199588498996,1559.8199588498996,0.99522465,0.0024035731
1559.8213477403142,1559.8213477403142,0.9954354,0.0024090004
1559.822736630961,1559.822736630961,0.9923427,0.0024050612
1559.824125521374,1559.824125521374,0.9921662,0.0024029952
1559.8255144120208,1559.8255144120208,0.9945654,0.002404142
1559.8269033024346,1559.8269033024346,0.99580336,0.0024034043
1559.8282921930806,1559.8282921930806,0.9949619,0.0024147131
1559.8296810834938,1559.8296810834938,0.994555,0.002402819
1559.8310699739075,1559.8310699739075,0.9917838,0.0024023582
1559.8324588645542,1559.8324588645542,0.9958439,0.0024093422
1559.8338477549673,1559.8338477549673,0.99435574,0.002406032
1559.8352366456147,1559.8352366456147,0.99508226,0.0024104235
1559.8366255360293,1559.8366255360293,0.9966005,0.0024026562
1559.8380144264424,1559.8380144264424,0.9976974,0.002408676
1559.8394033170885,1559.8394033170885,1.0100515,0.0024082088
1559.8407922075023,1559.8407922075023,1.002606,0.0024105813
1559.8421810979162,1559.8421810979162,0.9959078,0.0024037864
1559.8435699885622,1559.8435699885622,0.99477655,0.002405214
1559.8449588789751,1559.8449588789751,0.9969611,0.002403486
1559.846347769389,1559.846347769389,0.9951563,0.0024039745
1559.8477366600357,1559.8477366600357,0.9955912,0.0024038563
1559.8491255504496,1559.8491255504496,0.9965846,0.0024177001
1559.8505144408641,1559.8505144408641,0.9952213,0.0024029114
1559.851903331278,1559.851903331278,0.99007,0.002402279
1559.853292221924,1559.853292221924,0.99388134,0.0024027305
1559.8546811123372,1559.8546811123372,0.99662465,0.0024061725
1559.856070002751,1559.856070002751,0.99372435,0.0024077152
1559.8574588933977,1559.8574588933977,0.99282783,0.0024056542
1559.858847783811,1559.858847783811,0.9948947,0.0024113585
1559.8602366742239,1559.8602366742239,0.99206877,0.0024054882
1559.8616255646384,1559.8616255646384,0.993213,0.0024014548
1559.8630144552858,1559.8630144552858,0.99069697,0.002403001
1559.864403345699,1559.864403345699,0.99231476,0.002406499
1559.8657922361128,1559.8657922361128,0.99373424,0.0024009764
1559.8671811265267,1559.8671811265267,0.9891815,0.0023991142
1559.8685700169399,1559.8685700169399,0.9899237,0.0024001673
1559.869958907586,1559.869958907586,0.9946249,0.002413199
1559.8713477979998,1559.8713477979998,0.9936604,0.0024074733
1559.8727366884134,1559.8727366884134,0.9926535,0.0024059156
1559.8741255788266,1559.8741255788266,0.99193925,0.0024065466
1559.8755144692411,1559.8755144692411,0.98982495,0.0023994548
1559.8769033598885,1559.8769033598885,0.9923736,0.0024037675
1559.8782922503017,1559.8782922503017,0.9901057,0.002401894
1559.8796811407149,1559.8796811407149,0.9910388,0.002402366
1559.8810700311287,1559.8810700311287,0.98871785,0.0024010255
1559.8824589215426,1559.8824589215426,0.994185,0.00240143
1559.8838478119558,1559.8838478119558,0.9928467,0.0024031424
1559.885236702369,1559.885236702369,0.98882,0.0024005873
1559.8866255930157,1559.8866255930157,0.99157226,0.00240051
1559.8880144834295,1559.8880144834295,0.9885647,0.0024013082
1559.8894033738432,1559.8894033738432,0.9922116,0.0024077063
1559.8907922642577,1559.8907922642577,0.9885791,0.0024066765
1559.8921811546716,1559.8921811546716,0.99413216,0.0024050067
1559.8935700450847,1559.8935700450847,0.9903717,0.0024010679
1559.894958935498,1559.894958935498,0.9887702,0.0024007997
1559.8963478259118,1559.8963478259118,0.9862865,0.0024008972
1559.8977367163257,1559.8977367163257,0.9874465,0.0023988674
1559.8991256067388,1559.8991256067388,0.9900354,0.002401032
1559.910236730281,1559.910236730281,0.9872002,0.0024029715
1559.9116256206948,1559.9116256206948,0.98924977,0.0024033866
1559.9130145111087,1559.9130145111087,0.9896239,0.0023978066
1559.914403401522,1559.914403401522,0.99091107,0.0024001254
1559.9157922917022,1559.9157922917022,0.9904907,0.00240059
1559.9171811821166,1559.9171811821166,0.9879273,0.0024010977
1559.918570072531,1559.918570072531,0.9874799,0.0023990357
1559.9199589629443,1559.9199589629443,0.98973113,0.0023997677
1559.9213478533582,1559.9213478533582,0.9862223,0.0023990767
1559.922736743772,1559.922736743772,0.98822397,0.0024051084
1559.9241256341852,1559.9241256341852,0.98958904,0.0024039668
1559.9255145245984,1559.9255145245984,0.98924595,0.0024033622
1559.9269034150122,1559.9269034150122,0.9852259,0.0023981454
1559.928292305426,1559.928292305426,0.9883218,0.0024044781
1559.929681195839,1559.929681195839,0.9856461,0.002399753
1559.931070086253,1559.931070086253,0.985618,0.002399876
1559.9324589766675,1559.9324589766675,0.98633915,0.0023985854
1559.9338478670813,1559.9338478670813,0.9862348,0.002400776
1559.9352367572617,1559.9352367572617,0.98709476,0.002398617
1559.9366256476756,1559.9366256476756,0.99045956,0.0024016418
1559.9380145380894,1559.9380145380894,0.99049276,0.002400546
1559.9394034285026,1559.9394034285026,0.9889982,0.0023956709
1559.9421812093296,1559.9421812093296,0.98944443,0.0024105022
1559.9435700997435,1559.9435700997435,0.9886065,0.002396687
1559.9449589899243,1559.9449589899243,0.9910282,0.0024014649
1559.9463478803382,1559.9463478803382,0.99191904,0.002408125
1559.947736770752,1559.947736770752,0.98946553,0.0023995354
1559.949125661166,1559.949125661166,0.98945594,0.002398561
1559.950514551579,1559.950514551579,0.9875264,0.0023988856
1559.9519034417601,1559.9519034417601,0.98863703,0.0024022555
1559.953292332174,1559.953292332174,0.98491067,0.002405573
1559.9546812225872,1559.9546812225872,0.9896999,0.0023966245
1559.9560701130004,1559.9560701130004,0.98572385,0.0023961451
1559.9574590034142,1559.9574590034142,0.98249906,0.0023979263
1559.9588478935957,1559.9588478935957,0.9893131,0.002398414
1559.9602367840096,1559.9602367840096,0.98640174,0.002395719
1559.9616256744227,1559.9616256744227,0.98479605,0.0023964564
1559.9630145648366,1559.9630145648366,0.9832538,0.0023970243
1559.9644034550176,1559.9644034550176,0.9856219,0.002398017
1559.9657923454308,1559.9657923454308,0.9864704,0.0023979528
1559.9671812358447,1559.9671812358447,0.9867477,0.0023976534
1559.9685701260257,1559.9685701260257,0.98477584,0.0024064884
1559.969959016439,1559.969959016439,0.98829234,0.0023997882
1559.972736797267,1559.972736797267,0.9839609,0.0023965111
1559.9741256874481,1559.9741256874481,0.9835947,0.002399298
1559.9755145778613,1559.9755145778613,0.98643214,0.0023975594
1559.9769034682752,1559.9769034682752,0.9886856,0.0023992015
1559.9782923584562,1559.9782923584562,0.98624784,0.0023953647
1559.9796812488694,1559.9796812488694,0.9881252,0.0024032635
1559.9810701392826,1559.9810701392826,0.98671144,0.0023995356
1559.9824590294636,1559.9824590294636,0.987244,0.00239713
1559.9838479198775,1559.9838479198775,0.9844057,0.0023985042
1559.9852368102913,1559.9852368102913,0.9843856,0.0023969726
1559.9866257004721,1559.9866257004721,0.9866929,0.0023962187
1559.988014590886,1559.988014590886,0.9853711,0.0023971316
1559.989403481067,1559.989403481067,0.98364645,0.0023999426
1559.9907923714802,1559.9907923714802,0.98382753,0.00239689
1559.992181261894,1559.992181261894,0.9838428,0.00240651
1559.993570152075,1559.993570152075,0.98014975,0.002392965
1559.9949590424883,1559.9949590424883,0.985084,0.0023972814
1559.9963479326686,1559.9963479326686,0.98303396,0.0023995836
1559.9977368230825,1559.9977368230825,0.9852415,0.002396783
1559.9991257132642,1559.9991257132642,0.9839512,0.0023985405
1560.000514603678,1560.000514603678,0.983711,0.002406191
1560.001903494091,1560.001903494091,0.98523283,0.0023978383
1560.003292384272,1560.003292384272,0.98715115,0.0023996679
1560.004681274686,1560.004681274686,0.9865299,0.00239815
1560.0060701648663,1560.0060701648663,0.9844585,0.0023930385
1560.0074590552802,1560.0074590552802,0.98375165,0.0023978546
1560.0088479454612,1560.0088479454612,0.9808147,0.0023940313
1560.0102368358744,1560.0102368358744,0.98331076,0.0023966809
1560.0116257260547,1560.0116257260547,0.9818009,0.0023950844
1560.0130146164693,1560.0130146164693,0.98205495,0.0023935244
1560.0144035066508,1560.0144035066508,0.9831886,0.0024009466
1560.015792397064,1560.015792397064,0.9849858,0.0023939551
1560.0171812872443,1560.0171812872443,0.98377633,0.002398284
1560.0185701776581,1560.0185701776581,0.98068523,0.0023995624
1560.0199590678392,1560.0199590678392,0.9865284,0.0023963193
1560.0213479582524,1560.0213479582524,0.9830527,0.0023955964
1560.0227368484334,1560.0227368484334,0.9836132,0.002397248
1560.0241257386144,1560.0241257386144,0.98402184,0.0023961987
1560.0255146290276,1560.0255146290276,0.9787202,0.002395171
1560.0269035192086,1560.0269035192086,0.9827259,0.0023976855
1560.028292409623,1560.028292409623,0.98433816,0.002398338
1560.029681299804,1560.029681299804,0.98108864,0.002393775
1560.0310701899843,1560.0310701899843,0.98241013,0.0023995861
1560.0324590803975,1560.0324590803975,0.98078173,0.0023980157
1560.0338479705786,1560.0338479705786,0.9826515,0.0023984285
1560.0352368609924,1560.0352368609924,0.9827213,0.0023958094
1560.0366257511728,1560.0366257511728,0.98111796,0.0023931575
1560.0380146413538,1560.0380146413538,0.97975993,0.002394415
1560.0394035317677,1560.0394035317677,0.98359096,0.0023995214
1560.0407924219487,1560.0407924219487,0.98595417,0.002401265
1560.0421813121295,1560.0421813121295,0.9824453,0.0023926266
1560.0435702025434,1560.0435702025434,0.9833992,0.002396006
1560.0449590927244,1560.0449590927244,0.9852317,0.0023956397
1560.0463479829048,1560.0463479829048,0.9821461,0.0023926322
1560.047736873318,1560.047736873318,0.9832234,0.0023912985
1560.049125763499,1560.049125763499,0.98363864,0.0024016497
1560.05051465368,1560.05051465368,0.9798941,0.0023909826
1560.0519035440932,1560.0519035440932,0.9784843,0.0023988322
1560.0532924342742,1560.0532924342742,0.9790048,0.0023955572
1560.054681324456,1560.054681324456,0.9814389,0.0023943346
1560.0560702148698,1560.0560702148698,0.9788566,0.0024011582
1560.05745910505,1560.05745910505,0.9810317,0.0023953035
1560.058847995231,1560.058847995231,0.9814602,0.0024038958
1560.060236885412,1560.060236885412,0.98105437,0.002404308
1560.0616257758252,1560.0616257758252,0.977692,0.0023926888
1560.0630146660055,1560.0630146660055,0.9806462,0.0023959044
1560.0644035561866,1560.0644035561866,0.9826421,0.002393433
1560.0657924463676,1560.0657924463676,0.9779612,0.002401649
1560.067181336548,1560.067181336548,0.9830676,0.0023974385
1560.0685702269625,1560.0685702269625,0.9774814,0.0024015515
1560.069959117144,1560.069959117144,0.9828362,0.0023960848
1560.0713480073243,1560.0713480073243,0.98051196,0.0023944837
1560.0727368975047,1560.0727368975047,0.97691447,0.0023942837
1560.0741257879185,1560.0741257879185,0.978018,0.0023993438
1560.0755146780996,1560.0755146780996,0.98096067,0.002395896
1560.07690356828,1560.07690356828,0.98010415,0.002392294
1560.0782924584603,1560.0782924584603,0.97935176,0.0023982313
1560.0796813486413,1560.0796813486413,0.97886926,0.0023949062
1560.0810702388223,1560.0810702388223,0.9785798,0.0023935921
1560.0824591290034,1560.0824591290034,0.9809543,0.002394018
1560.083848019418,1560.083848019418,0.98113143,0.002395871
1560.085236909599,1560.085236909599,0.981237,0.0024003272
1560.086625799779,1560.086625799779,0.9793261,0.0023943908
1560.0880146899594,1560.0880146899594,0.9822645,0.002394873
1560.0894035801405,1560.0894035801405,0.9776015,0.0024008667
1560.0907924703215,1560.0907924703215,0.9760173,0.0023893036
1560.0921813605019,1560.0921813605019,0.9806745,0.002391786
1560.093570250683,1560.093570250683,0.9809512,0.0023920732
1560.094959140864,1560.094959140864,0.9811471,0.0023940806
1560.0963480312778,1560.0963480312778,0.9807101,0.0023911907
1560.0977369214586,1560.0977369214586,0.97911346,0.002393653
1560.0991258116396,1560.0991258116396,0.9789143,0.002390866
1560.1005147018207,1560.1005147018207,0.9811497,0.0023934918
1560.101903592001,1560.101903592001,0.9781661,0.00239096
1560.1032924821814,1560.1032924821814,0.97658515,0.002395194
1560.1046813723624,1560.1046813723624,0.9759908,0.0023912708
1560.1060702625434,1560.1060702625434,0.9772739,0.002403872
1560.1074591527238,1560.1074591527238,0.97731334,0.0023918026
1560.1088480429048,1560.1088480429048,0.9758191,0.0023928813
1560.1102369330865,1560.1102369330865,0.97818834,0.0023920785
1560.1116258232676,1560.1116258232676,0.974242,0.002389894
1560.113014713448,1560.113014713448,0.98165905,0.0023940753
1560.1144036036287,1560.1144036036287,0.9772805,0.0023936897
1560.1157924938097,1560.1157924938097,0.9771047,0.0023920564
1560.11718138399,1560.11718138399,0.9788035,0.0023990483
1560.1185702741705,1560.1185702741705,0.97826576,0.0023976623
1560.1199591643515,1560.1199591643515,0.97835666,0.0023910152
1560.1213480545325,1560.1213480545325,0.9760641,0.0023915926
1560.1227369447129,1560.1227369447129,0.98079354,0.0023921323
1560.1241258348946,1560.1241258348946,0.9768242,0.0023907442
1560.1255147248435,1560.1255147248435,0.97888523,0.0023940452
1560.1269036150236,1560.1269036150236,0.9774349,0.0024018364
1560.128292505204,1560.128292505204,0.9827911,0.0023964273
1560.129681395385,1560.129681395385,0.97875905,0.0023911987
1560.131070285566,1560.131070285566,0.9762003,0.0023968068
1560.1324591757464,1560.1324591757464,0.9815265,0.0023927244
1560.1338480659267,1560.1338480659267,0.97816193,0.0023928995
1560.1352369561077,1560.1352369561077,0.97654814,0.0023905644
1560.1366258462888,1560.1366258462888,0.9786841,0.0023923842
1560.138014736237,1560.138014736237,0.9766525,0.0023913283
1560.1394036264187,1560.1394036264187,0.9795059,0.0023945265
1560.1407925165997,1560.1407925165997,0.9783961,0.0024026616
1560.1421814067799,1560.1421814067799,0.97956556,0.0023903935
1560.1435702969602,1560.1435702969602,0.97888976,0.0023900368
1560.1449591871412,1560.1449591871412,0.9822153,0.002395792
1560.1463480773223,1560.1463480773223,0.9784717,0.0023925046
1560.1477369672698,1560.1477369672698,0.9840827,0.0023909162
1560.1491258574501,1560.1491258574501,0.97845453,0.0023959454
1560.1505147476312,1560.1505147476312,0.97768825,0.0023912545
1560.151903637813,1560.151903637813,0.9795223,0.002397129
1560.153292527994,1560.153292527994,0.9781344,0.0023930043
1560.1546814179421,1560.1546814179421,0.97700423,0.0024017685
1560.156070308123,1560.156070308123,0.98201394,0.002391756
1560.1574591983033,1560.1574591983033,0.98382485,0.0023935298
1560.1588480884836,1560.1588480884836,0.98044163,0.0023891425
1560.1602369784318,1560.1602369784318,0.9786532,0.0023926492
1560.1616258686129,1560.1616258686129,0.97882706,0.0023949065
1560.1630147587932,1560.1630147587932,0.9760073,0.0023889362
1560.1644036489736,1560.1644036489736,0.98060554,0.002392374
1560.1657925389225,1560.1657925389225,0.97882855,0.0023925237
1560.1671814291042,1560.1671814291042,0.9761355,0.0023925065
1560.1685703192845,1560.1685703192845,0.9792536,0.002392204
1560.1699592092325,1560.1699592092325,0.9755016,0.0023906413
1560.1713480994135,1560.1713480994135,0.9765013,0.0023965242
1560.172736989594,1560.172736989594,0.9769075,0.0023914475
1560.1741258795414,1560.1741258795414,0.97514963,0.0023914233
1560.1755147697224,1560.1755147697224,0.9810906,0.0023939046
1560.1769036599035,1560.1769036599035,0.9842837,0.0023993503
1560.178292549851,1560.178292549851,0.97832704,0.002393455
1560.179681440032,1560.179681440032,0.9808998,0.0023898976
1560.1810703302137,1560.1810703302137,0.977014,0.002389308
1560.1824592201617,1560.1824592201617,0.9792558,0.002391153
1560.183848110342,1560.183848110342,0.9762907,0.002390256
1560.185237000523,1560.185237000523,0.97730714,0.002391344
1560.1866258904713,1560.1866258904713,0.9774341,0.0023905693
1560.1880147806517,1560.1880147806517,0.9792503,0.0023986266
1560.1894036705992,1560.1894036705992,0.97581154,0.0023920282
1560.1907925607802,1560.1907925607802,0.9780835,0.0023948366
1560.1921814509612,1560.1921814509612,0.97876275,0.0023927086
1560.1935703409094,1560.1935703409094,0.9759895,0.0023935582
1560.1949592310905,1560.1949592310905,0.9778761,0.0023929272
1560.1963481210385,1560.1963481210385,0.9783634,0.0023901854
1560.1977370112195,1560.1977370112195,0.9787109,0.0023936494
1560.199125901167,1560.199125901167,0.9794571,0.002394987
1560.200514791348,1560.200514791348,0.98019856,0.0023924368
1560.201903681529,1560.201903681529,0.9814317,0.002392105
1560.2032925714766,1560.2032925714766,0.98346347,0.002393177
1560.204681461657,1560.204681461657,0.97874576,0.0023908035
1560.2060703516051,1560.2060703516051,0.979171,0.0023947277
1560.2074592417869,1560.2074592417869,0.9795533,0.0023945828
1560.208848131735,1560.208848131735,0.979856,0.0023912867
1560.210237021916,1560.210237021916,0.97829926,0.0023932299
1560.211625911864,1560.211625911864,0.97586507,0.0023956946
1560.2130148020444,1560.2130148020444,0.9770389,0.0023910303
1560.214403691992,1560.214403691992,0.9787521,0.0023919344
1560.215792582173,1560.215792582173,0.9784455,0.0023910692
1560.2171814721212,1560.2171814721212,0.9790569,0.002389847
1560.2185703620687,1560.2185703620687,0.9791026,0.0023919682
1560.219959252249,1560.219959252249,0.9790698,0.0023922306
1560.221348142198,1560.221348142198,0.9785157,0.0023932043
1560.2227370323797,1560.2227370323797,0.982219,0.002404323
1560.2241259223272,1560.2241259223272,0.98015213,0.0023961582
1560.225514812508,1560.225514812508,0.98074484,0.0023919716
1560.2269037024562,1560.2269037024562,0.9810655,0.0023921996
1560.2282925924037,1560.2282925924037,0.9810702,0.002392454
1560.229681482584,1560.229681482584,0.9774923,0.0023922569
1560.2310703725323,1560.2310703725323,0.97854793,0.0023934178
1560.2324592627133,1560.2324592627133,0.97935426,0.0023965363
1560.2338481526608,1560.2338481526608,0.97849333,0.0023933637
1560.235237042609,1560.235237042609,0.98226506,0.0024023235
1560.2366259327907,1560.2366259327907,0.9806301,0.0023971559
1560.238014822739,1560.238014822739,0.9759732,0.002389413
1560.2394037126862,1560.2394037126862,0.9794331,0.002389111
1560.2407926028673,1560.2407926028673,0.98190856,0.002392429
1560.2421814928155,1560.2421814928155,0.9803263,0.0023915342
1560.243570382763,1560.243570382763,0.9778212,0.0023923717
1560.2449592729433,1560.2449592729433,0.98403883,0.0023918985
1560.2463481628915,1560.2463481628915,0.9785514,0.002392521
1560.2477370528397,1560.2477370528397,0.9793499,0.0023891064
1560.2491259430208,1560.2491259430208,0.9763646,0.0023889851
1560.250514832969,1560.250514832969,0.97901505,0.002388929
1560.2519037229172,1560.2519037229172,0.9811993,0.0023926066
1560.2532926130982,1560.2532926130982,0.978446,0.0023964627
1560.2546815030455,1560.2546815030455,0.9772854,0.0023919477
1560.2560703929937,1560.2560703929937,0.9843484,0.0023935493
1560.257459282942,1560.257459282942,0.98043567,0.0023933216
1560.2588481731223,1560.2588481731223,0.98449194,0.0023930469
1560.2602370630698,1560.2602370630698,0.97969115,0.0023929875
1560.261625953018,1560.261625953018,0.9822453,0.002393263
1560.2630148429669,1560.2630148429669,0.9809125,0.0023945842
1560.264403732915,1560.264403732915,0.9772102,0.0023888913
1560.2657926230952,1560.2657926230952,0.98420095,0.0023964203
1560.2671815130434,1560.2671815130434,0.98073095,0.0023927887
1560.2685704029916,1560.2685704029916,0.98013103,0.0024034367
1560.2699592929391,1560.2699592929391,0.98136026,0.0023950252
1560.2713481828873,1560.2713481828873,0.9783927,0.0023916038
1560.2727370730684,1560.2727370730684,0.98157656,0.0023929076
1560.2741259630159,1560.2741259630159,0.98048663,0.0023911817
1560.2755148529634,1560.2755148529634,0.97959477,0.0023938084
1560.2769037429123,1560.2769037429123,0.98173463,0.0023935146
1560.2782926328612,1560.2782926328612,0.97800106,0.002389503
1560.2796815228087,1560.2796815228087,0.98130566,0.0023915854
1560.281070412989,1560.281070412989,0.97728956,0.0023924932
1560.282459302937,1560.282459302937,0.983426,0.0023910734
1560.2838481928852,1560.2838481928852,0.98049927,0.0023914042
1560.2852370828327,1560.2852370828327,0.9820823,0.0023923183
1560.286625972781,1560.286625972781,0.98651564,0.0023947288
1560.2880148627291,1560.2880148627291,0.979176,0.0023928997
1560.2894037526767,1560.2894037526767,0.98254967,0.0024023906
1560.2907926426249,1560.2907926426249,0.9857976,0.002398119
1560.2921815325737,1560.2921815325737,0.98268366,0.0024045163
1560.293570422522,1560.293570422522,0.98220366,0.0023943936
1560.2949593124692,1560.2949593124692,0.983675,0.0023914035
1560.2963482026496,1560.2963482026496,0.98344487,0.0023922022
1560.2977370925978,1560.2977370925978,0.98231405,0.0023924054
1560.299125982546,1560.299125982546,0.9827543,0.0023931214
1560.3005148724935,1560.3005148724935,0.98077726,0.0023923593
1560.3019037624417,1560.3019037624417,0.9827246,0.0023929141
1560.30329265239,1560.30329265239,0.9844508,0.0023985016
1560.3046815423381,1560.3046815423381,0.9837667,0.0023958473
1560.3060704322863,1560.3060704322863,0.98346245,0.0023934923
1560.3074593222345,1560.3074593222345,0.9830483,0.0023948206
1560.3088482121827,1560.3088482121827,0.9823875,0.002390865
1560.31023710213,1560.31023710213,0.9836589,0.002398578
1560.3116259920776,1560.3116259920776,0.9815875,0.0023932697
1560.3130148820258,1560.3130148820258,0.9846379,0.0023923116
1560.314403771974,1560.314403771974,0.9839331,0.0023927335
1560.3157926619215,1560.3157926619215,0.98562926,0.0024020015
1560.3171815516368,1560.3171815516368,0.9812566,0.0023941114
1560.3185704415857,1560.3185704415857,0.98246247,0.002395379
1560.319959331534,1560.319959331534,0.9840111,0.002392387
1560.3213482214815,1560.3213482214815,0.98600453,0.0023990537
1560.3227371114297,1560.3227371114297,0.9874833,0.00239569
1560.3241260013776,1560.3241260013776,0.9875982,0.0023977112
1560.3255148913252,1560.3255148913252,0.9857962,0.0023940292
1560.3269037812734,1560.3269037812734,0.98553485,0.0023969042
1560.3282926712216,1560.3282926712216,0.9858442,0.002392274
1560.329681561169,1560.329681561169,0.98577255,0.00239423
1560.3310704511166,1560.3310704511166,0.98408306,0.0023961596
1560.3324593408327,1560.3324593408327,0.9825526,0.0023930392
1560.3338482307815,1560.3338482307815,0.98417884,0.0023949225
1560.335237120729,1560.335237120729,0.98696166,0.0023945242
1560.3366260106766,1560.3366260106766,0.98355186,0.0023914925
1560.3380149006246,1560.3380149006246,0.9853605,0.0024002213
1560.3394037905728,1560.3394037905728,0.98549247,0.002396179
1560.3407926805203,1560.3407926805203,0.9841099,0.0023933556
1560.3421815702357,1560.3421815702357,0.9848005,0.002395742
1560.3435704601839,1560.3435704601839,0.9828245,0.0023977112
1560.3449593501314,1560.3449593501314,0.9885315,0.0023937903
1560.346348240079,1560.346348240079,0.9878448,0.0023915186
1560.3477371300278,1560.3477371300278,0.98445386,0.0023945214
1560.3491260197438,1560.3491260197438,0.9861235,0.0023956392
1560.3505149096911,1560.3505149096911,0.98664284,0.0023972106
1560.3519037996386,1560.3519037996386,0.98865515,0.0023934632
1560.3532926895869,1560.3532926895869,0.9879825,0.0023926538
1560.3546815793022,1560.3546815793022,0.98754954,0.0023935142
1560.3560704692497,1560.3560704692497,0.98689973,0.002393319
1560.357459359198,1560.357459359198,0.9887202,0.0023973992
1560.3588482491461,1560.3588482491461,0.98734164,0.0024051173
1560.3602371388608,1560.3602371388608,0.9869397,0.0023969866
1560.361626028809,1560.361626028809,0.9883282,0.0023962238
1560.363014918758,1560.363014918758,0.9878369,0.0024087322
1560.3644038084733,1560.3644038084733,0.9844111,0.0023947193
1560.3657926984206,1560.3657926984206,0.98929507,0.002396091
1560.367181588368,1560.367181588368,0.9899613,0.0023938897
1560.3685704783163,1560.3685704783163,0.98513836,0.002393314
1560.3699593680317,1560.3699593680317,0.9886784,0.0023958632
1560.3713482579792,1560.3713482579792,0.98890615,0.0024043622
1560.3727371479274,1560.3727371479274,0.98634934,0.0023965174
1560.3741260376428,1560.3741260376428,0.9881973,0.0023959
1560.375514927591,1560.375514927591,0.98797894,0.0023990723
1560.3769038173064,1560.3769038173064,0.9925481,0.0024007433
1560.3782927072546,1560.3782927072546,0.99088264,0.00239677
1560.3796815972025,1560.3796815972025,0.9860485,0.0023949058
1560.3810704869172,1560.3810704869172,0.99120325,0.0023965747
1560.3824593768647,1560.3824593768647,0.9919346,0.0023960874
1560.383848266813,1560.383848266813,0.985409,0.0023955808
1560.3852371565283,1560.3852371565283,0.98894465,0.002395297
1560.3866260464758,1560.3866260464758,0.99079174,0.002395713
1560.3880149361912,1560.3880149361912,0.98883873,0.0023960453
1560.38940382614,1560.38940382614,0.98850054,0.0023947507
1560.3907927158555,1560.3907927158555,0.991111,0.0023969528
1560.392181605803,1560.392181605803,0.98709863,0.0023960061
1560.393570495751,1560.393570495751,0.9898903,0.0023962024
1560.3949593854663,1560.3949593854663,0.9906635,0.0023959
1560.3963482754139,1560.3963482754139,0.98822397,0.0023953589
1560.3977371651285,1560.3977371651285,0.9895298,0.0024045303
1560.3991260550767,1560.3991260550767,0.98781264,0.0024033338
1560.4005149447921,1560.4005149447921,0.99159425,0.002397754
1560.4019038347396,1560.4019038347396,0.99105924,0.002395604
1560.4032927244557,1560.4032927244557,0.9907334,0.0023993994
1560.4046816144046,1560.4046816144046,0.9877001,0.0023942336
1560.4060705041193,1560.4060705041193,0.99211884,0.0023988506
1560.4074593940666,1560.4074593940666,0.99220407,0.0024050465
1560.408848283782,1560.408848283782,0.98877656,0.0023991072
1560.4102371737301,1560.4102371737301,0.9902809,0.002401996
1560.4116260634448,1560.4116260634448,0.9902373,0.0023997035
1560.4130149533923,1560.4130149533923,0.98753935,0.0023955097
1560.4144038431077,1560.4144038431077,0.99194336,0.0023997293
1560.415792732823,1560.415792732823,0.9892761,0.0024031966
1560.4171816227713,1560.4171816227713,0.99260575,0.002395545
1560.4185705124873,1560.4185705124873,0.9901676,0.002399154
1560.4199594024356,1560.4199594024356,0.99061334,0.0023979698
1560.4213482921502,1560.4213482921502,0.9914658,0.0023959365
1560.4227371820975,1560.4227371820975,0.99170923,0.0023962155
1560.424126071813,1560.424126071813,0.99200577,0.00239927
1560.4255149615283,1560.4255149615283,0.99028844,0.0023961063
1560.4269038514758,1560.4269038514758,0.9898301,0.0023956576
1560.4282927411912,1560.4282927411912,0.99241954,0.0024060311
1560.4296816309065,1560.4296816309065,0.9891375,0.0023956466
1560.4310705208547,1560.4310705208547,0.9902954,0.002396052
1560.4324594105701,1560.4324594105701,0.9902293,0.0023977098
1560.4338483002855,1560.4338483002855,0.9938985,0.002398271
1560.4352371902335,1560.4352371902335,0.99012095,0.0023999296
1560.4366260799482,1560.4366260799482,0.9926813,0.0023971146
1560.4380149696628,1560.4380149696628,0.9916567,0.0024001165
1560.439403859611,1560.439403859611,0.98974526,0.0023976022
1560.4407927493264,1560.4407927493264,0.9911092,0.002405167
1560.442181639041,1560.442181639041,0.9939642,0.0023966378
1560.4435705289893,1560.4435705289893,0.9919789,0.0023964986
1560.4449594187054,1560.4449594187054,0.9931693,0.0023985873
1560.4463483084207,1560.4463483084207,0.9922336,0.0023979857
1560.4477371981354,1560.4477371981354,0.9926391,0.0024013268
1560.4491260880834,1560.4491260880834,0.99169636,0.0023960997
1560.4505149777988,1560.4505149777988,0.9895927,0.0024003338
1560.4519038675135,1560.4519038675135,0.99445075,0.0024039557
1560.453292757461,1560.453292757461,0.99345654,0.0024086307
1560.4546816471764,1560.4546816471764,0.9967561,0.0023973116
1560.4560705368917,1560.4560705368917,0.99071634,0.0023991442
1560.4574594266064,1560.4574594266064,0.99537516,0.002397751
1560.4588483163218,1560.4588483163218,0.9894482,0.0023970825
1560.4602372062707,1560.4602372062707,0.9888239,0.0023966806
1560.461626095986,1560.461626095986,0.9949348,0.0023980674
1560.4630149857005,1560.4630149857005,0.99461424,0.0023990832
1560.4644038754159,1560.4644038754159,0.99468815,0.00239733
1560.4657927651313,1560.4657927651313,0.99460375,0.0023993978
1560.4671816550788,1560.4671816550788,0.99359685,0.0024035932
1560.4685705447935,1560.4685705447935,0.9947357,0.0023992797
1560.4699594345088,1560.4699594345088,0.9957155,0.0023973999
1560.4713483242242,1560.4713483242242,0.9924566,0.0023990741
1560.472737213939,1560.472737213939,0.9932308,0.0023983407
1560.474126103655,1560.474126103655,1.002508,0.0024011133
1560.475514993371,1560.475514993371,0.99632126,0.0023989822
1560.4769038833185,1560.4769038833185,0.9921578,0.0023980984
1560.478292773033,1560.478292773033,0.99426,0.002396377
1560.4796816627484,1560.4796816627484,0.9969898,0.002399454
1560.4810705524637,1560.4810705524637,0.9943767,0.0023980325
1560.4824594421784,1560.4824594421784,0.99514896,0.0024019766
1560.4838483318931,1560.4838483318931,0.99191356,0.0023978523
1560.4852372216085,1560.4852372216085,0.9950691,0.0023990935
1560.4866261113239,1560.4866261113239,0.99652046,0.002400625
1560.4880150010392,1560.4880150010392,0.99384487,0.002403426
1560.4894038907553,1560.4894038907553,0.99647176,0.0024004264
1560.4907927804704,1560.4907927804704,0.99538666,0.0023995277
1560.4921816701851,1560.4921816701851,0.99397117,0.002408052
1560.4935705598998,1560.4935705598998,0.99874014,0.0024019238
1560.4949594496152,1560.4949594496152,0.9959423,0.0023998537
1560.4963483393306,1560.4963483393306,0.9957681,0.0023992988
1560.4977372290452,1560.4977372290452,0.9962377,0.002402741
1560.49912611876,1560.49912611876,0.9958287,0.0024001822
1560.5005150084753,1560.5005150084753,0.99480385,0.002398653
1560.5019038981914,1560.5019038981914,0.996372,0.0023982339
1560.5032927879067,1560.5032927879067,0.9967886,0.002397824
1560.504681677622,1560.504681677622,0.99677366,0.002400539
1560.5060705673375,1560.5060705673375,0.99145555,0.0023983337
1560.507459457052,1560.507459457052,0.9983357,0.0024015398
1560.5088483467666,1560.5088483467666,0.99758375,0.002399643
1560.510237236482,1560.510237236482,0.99654746,0.0023989473
1560.5116261261974,1560.5116261261974,0.99898183,0.002400795
1560.513015015912,1560.513015015912,0.99855125,0.0024019328
1560.5144039056268,1560.5144039056268,0.9980157,0.002401412
1560.5157927953428,1560.5157927953428,0.9946781,0.002397487
1560.5171816850589,1560.5171816850589,0.9959014,0.0023996546
1560.5185705747733,1560.5185705747733,0.9972107,0.002399279
1560.5199594644887,1560.5199594644887,0.9966835,0.0023990248
1560.5213483539712,1560.5213483539712,0.99524826,0.002400224
1560.522737243686,1560.522737243686,0.9960685,0.0023992842
1560.5241261334006,1560.5241261334006,0.9969062,0.0024010374
1560.525515023116,1560.525515023116,0.9982223,0.0024035804
1560.5269039128314,1560.5269039128314,0.9977972,0.0023984283
1560.528292802546,1560.528292802546,0.9989704,0.0024025326
1560.5296816922607,1560.5296816922607,0.9984793,0.0024021962
1560.531070581744,1560.531070581744,0.9982628,0.0024039808
1560.53245947146,1560.53245947146,0.9995257,0.0024046295
1560.5338483611747,1560.5338483611747,0.9972763,0.0023984257
1560.5352372508898,1560.5352372508898,0.99608284,0.0024008565
1560.5366261406052,1560.5366261406052,0.9960629,0.0023987708
1560.53801503032,1560.53801503032,1.0006515,0.0024009957
1560.5394039198018,1560.5394039198018,1.000731,0.0024013782
1560.5407928095171,1560.5407928095171,0.9959454,0.0023979568
1560.5421816992325,1560.5421816992325,0.99772614,0.0024021363
1560.5435705889472,1560.5435705889472,0.9978965,0.002403167
1560.5449594784304,1560.5449594784304,0.99762636,0.0023996078
1560.5463483681465,1560.5463483681465,0.9989084,0.0023992516
1560.547737257861,1560.547737257861,0.9995393,0.0024050635
1560.5491261475756,1560.5491261475756,0.9970896,0.0024003542
1560.5505150370582,1560.5505150370582,0.99824905,0.0024022965
1560.5519039267735,1560.5519039267735,1.005283,0.0024085082
1560.5532928164882,1560.5532928164882,0.9989639,0.0024015347
1560.554681706203,1560.554681706203,0.99758035,0.002401175
1560.5560705956855,1560.5560705956855,0.9979733,0.0024055527
1560.5574594854008,1560.5574594854008,1.000884,0.0024025866
1560.5588483751162,1560.5588483751162,1.0019476,0.002401727
1560.5602372645994,1560.5602372645994,0.9998792,0.002399639
1560.5616261543148,1560.5616261543148,0.9988294,0.002402148
1560.5630150440293,1560.5630150440293,0.99878716,0.0024048246
1560.5644039335111,1560.5644039335111,0.9971843,0.0024068656
1560.5657928232265,1560.5657928232265,1.003037,0.0024115616
1560.5671817129419,1560.5671817129419,1.0025003,0.0024046013
1560.5685706024237,1560.5685706024237,1.001959,0.0023999668
1560.5699594921384,1560.5699594921384,1.0002537,0.0024026192
1560.5713483818538,1560.5713483818538,1.0012482,0.0024043694
1560.572737271337,1560.572737271337,0.9981374,0.0024030278
1560.5741261610524,1560.5741261610524,0.9990215,0.002403359
1560.575515050535,1560.575515050535,1.0001385,0.0024017433
1560.57690394025,1560.57690394025,1.0013278,0.0024018954
1560.5782928299648,1560.5782928299648,1.0012155,0.0024026672
1560.5796817194466,1560.5796817194466,1.0011657,0.0024021808
1560.581070609162,1560.581070609162,1.0008005,0.0023993463
1560.5824594986445,1560.5824594986445,0.99992204,0.002412069
1560.5838483883592,1560.5838483883592,1.0015562,0.002406018
1560.585237277841,1560.585237277841,1.0012257,0.0024025037
1560.5866261675565,1560.5866261675565,1.0023369,0.0024031545
1560.5880150570397,1560.5880150570397,1.0038288,0.0024045848
1560.589403946755,1560.589403946755,1.0008588,0.0024093934
1560.5907928362374,1560.5907928362374,1.00416,0.0024031855
1560.5921817259527,1560.5921817259527,1.0042702,0.0024017785
1560.5935706154346,1560.5935706154346,1.0006298,0.0024012877
1560.5949595051493,1560.5949595051493,1.0141668,0.0024078654
1560.5963483946318,1560.5963483946318,1.0057677,0.002404761
1560.5977372843472,1560.5977372843472,1.0117166,0.0024070633
1560.599126173829,1560.599126173829,1.0076784,0.0024072074
1560.6005150635438,1560.6005150635438,1.0092343,0.002406664
1560.601903953027,1560.601903953027,1.007335,0.0024046798
1560.6032928427428,1560.6032928427428,1.0088973,0.002405647
1560.6046817322247,1560.6046817322247,1.0050776,0.0024086344
1560.60607062194,1560.60607062194,1.0057994,0.002402203
1560.6074595114226,1560.6074595114226,1.0064565,0.0024075957
1560.6088484011373,1560.6088484011373,1.009057,0.0024104048
1560.6102372906191,1560.6102372906191,1.002595,0.0024025533
1560.6116261801017,1560.6116261801017,1.0246813,0.0024216832
1560.613015069817,1560.613015069817,1.0284615,0.0024170522
1560.614403959299,1560.614403959299,1.0190418,0.0024188473
1560.6157928490143,1560.6157928490143,1.0176274,0.0024094405
1560.6171817384973,1560.6171817384973,1.0147436,0.0024097522
1560.6185706279798,1560.6185706279798,1.0104343,0.0024060206
1560.6199595176945,1560.6199595176945,1.0129434,0.0024117976
1560.621348407177,1560.621348407177,1.0120457,0.002405948
1560.6227372966596,1560.6227372966596,1.0064561,0.0024083224
1560.6241261863743,1560.6241261863743,1.0065413,0.0024055562
1560.6255150758561,1560.6255150758561,1.0117344,0.0024072744
1560.6269039653387,1560.6269039653387,1.0099607,0.0024088712
1560.628292855054,1560.628292855054,1.0097355,0.0024057347
1560.6296817445366,1560.6296817445366,1.0115494,0.0024082074
1560.631070634019,1560.631070634019,1.0077734,0.002409066
1560.6324595237343,1560.6324595237343,1.0090901,0.0024159371
1560.6338484132168,1560.6338484132168,1.0100579,0.002405652
1560.6352373026987,1560.6352373026987,1.0095046,0.002406065
1560.636626192414,1560.636626192414,1.0121931,0.002415312
1560.6380150818966,1560.6380150818966,1.0091057,0.0024043072
1560.6394039713784,1560.6394039713784,1.0096949,0.0024076714
1560.6407928608603,1560.6407928608603,1.0115856,0.0024099255
1560.6421817505757,1560.6421817505757,1.0114604,0.0024050043
1560.6435706400582,1560.6435706400582,1.0118132,0.0024059499
1560.6449595295405,1560.6449595295405,1.0064883,0.002404112
1560.646348419023,1560.646348419023,1.0094737,0.0024137541
1560.6477373087384,1560.6477373087384,1.0092648,0.0024051203
1560.649126198221,1560.649126198221,1.0077139,0.0024049922
1560.6505150877028,1560.6505150877028,1.0071847,0.0024092833
1560.6519039771854,1560.6519039771854,1.0079442,0.0024034623
1560.653292866668,1560.653292866668,1.0096172,0.0024039377
1560.6546817563826,1560.6546817563826,1.0113535,0.0024145946
1560.6560706458645,1560.6560706458645,1.007234,0.0024051853
1560.657459535347,1560.657459535347,1.0107523,0.0024204326
1560.6588484248302,1560.6588484248302,1.0065266,0.0024053615
1560.6602373143126,1560.6602373143126,1.0087414,0.002405792
1560.661626203795,1560.661626203795,1.0074333,0.002406809
1560.6630150932776,1560.6630150932776,1.008362,0.0024059317
1560.6644039829923,1560.6644039829923,1.010838,0.0024063915
1560.6657928724742,1560.6657928724742,1.0076349,0.0024044316
1560.6671817619567,1560.6671817619567,1.0117904,0.0024060372
1560.6685706514393,1560.6685706514393,1.0068825,0.0024034164
1560.6699595409211,1560.6699595409211,1.0064727,0.0024037107
1560.671348430403,1560.671348430403,1.0070423,0.0024061766
1560.6727373198862,1560.6727373198862,1.0072917,0.0024033617
1560.6741262093694,1560.6741262093694,1.0076193,0.0024042095
1560.675515098851,1560.675515098851,1.0057144,0.002404524
1560.6769039883336,1560.6769039883336,1.0108491,0.0024062663
1560.678292878049,1560.678292878049,1.0101179,0.002405601
1560.6796817675308,1560.6796817675308,1.0067024,0.0024047983
1560.6810706570127,1560.6810706570127,1.0091709,0.0024091892
1560.6824595464952,1560.6824595464952,1.0093408,0.0024087052
1560.6838484359778,1560.6838484359778,1.0091312,0.002402766
1560.6852373254596,1560.6852373254596,1.0107903,0.0024060917
1560.6866262149422,1560.6866262149422,1.0091054,0.0024030698
1560.6880151044252,1560.6880151044252,1.011774,0.0024167094
1560.6894039939077,1560.6894039939077,1.008937,0.0024050993
1560.6907928833896,1560.6907928833896,1.0099117,0.002405995
1560.6921817728721,1560.6921817728721,1.007681,0.0024126696
1560.6935706623547,1560.6935706623547,1.0077279,0.002408972
1560.6949595518365,1560.6949595518365,1.0064692,0.002407015
1560.6963484413184,1560.6963484413184,1.0073806,0.0024094551
1560.697737330801,1560.697737330801,1.0083113,0.0024053084
1560.6991262200506,1560.6991262200506,1.0096986,0.0024104062
1560.7005151095325,1560.7005151095325,1.0070213,0.0024138023
1560.7019039990148,1560.7019039990148,1.011647,0.002406758
1560.703292888498,1560.703292888498,1.0093043,0.0024051191
1560.7046817779806,1560.7046817779806,1.0090176,0.0024115886
1560.7060706674624,1560.7060706674624,1.0094304,0.0024102759
1560.707459556945,1560.707459556945,1.0116571,0.0024119962
1560.7088484464275,1560.7088484464275,1.0097308,0.0024039834
1560.7102373359094,1560.7102373359094,1.0100617,0.0024133252
1560.7116262253912,1560.7116262253912,1.010287,0.0024068009
1560.7130151148738,1560.7130151148738,1.007924,0.0024064481
1560.7144040041233,1560.7144040041233,1.0122532,0.0024065222
1560.7157928936058,1560.7157928936058,1.009516,0.0024074225
1560.7171817830883,1560.7171817830883,1.009818,0.0024075492
1560.7185706725709,1560.7185706725709,1.0112919,0.002408648
1560.7199595620534,1560.7199595620534,1.0107001,0.002405926
1560.7213484515353,1560.7213484515353,1.0103183,0.0024064204
1560.722737340785,1560.722737340785,1.0080779,0.002403376
1560.7241262302675,1560.7241262302675,1.011842,0.0024060651
1560.7255151197494,1560.7255151197494,1.0060105,0.0024054828
1560.7269040092312,1560.7269040092312,1.0090604,0.0024052965
1560.7282928987138,1560.7282928987138,1.0144699,0.0024096929
1560.729681787964,1560.729681787964,1.0099167,0.0024054216
1560.7310706774465,1560.7310706774465,1.0092984,0.002404212
1560.7324595669284,1560.7324595669284,1.0113059,0.002407561
1560.733848456411,1560.733848456411,1.0082335,0.002410749
1560.7352373458934,1560.7352373458934,1.011418,0.0024040358
1560.7366262351425,1560.7366262351425,1.0126028,0.0024067922
1560.738015124625,1560.738015124625,1.0104617,0.0024162394
1560.7394040141075,1560.7394040141075,1.0101736,0.002407831
1560.7407929033566,1560.7407929033566,1.012215,0.0024053212
1560.7421817928382,1560.7421817928382,1.0109998,0.002406852
1560.7435706823208,1560.7435706823208,1.0118845,0.002406414
1560.744959571804,1560.744959571804,1.0084008,0.0024054064
1560.7463484610537,1560.7463484610537,1.0144398,0.002411037
1560.7477373505355,1560.7477373505355,1.011571,0.0024070216
1560.749126240018,1560.749126240018,1.0062814,0.002407893
1560.7505151292678,1560.7505151292678,1.0099925,0.0024056109
1560.7519040187497,1560.7519040187497,1.0103962,0.0024048144
1560.7532929082322,1560.7532929082322,1.0108129,0.0024145858
1560.754681797482,1560.754681797482,1.0092924,0.0024054614
1560.7560706869638,1560.7560706869638,1.0132594,0.002408363
1560.7574595764454,1560.7574595764454,1.0085266,0.0024035329
1560.7588484656958,1560.7588484656958,1.0109702,0.002405355
1560.760237355179,1560.760237355179,1.0125018,0.0024121401
1560.761626244428,1560.761626244428,1.008811,0.0024063704
1560.76301513391,1560.76301513391,1.0092969,0.0024044013
1560.7644040233924,1560.7644040233924,1.0112876,0.0024082463
1560.7657929126422,1560.7657929126422,1.0107136,0.002406259
1560.767181802124,1560.767181802124,1.0114746,0.002406734
1560.7685706913737,1560.7685706913737,1.0100782,0.002405475
1560.7699595808563,1560.7699595808563,1.0120519,0.002408936
1560.771348470338,1560.771348470338,1.0107367,0.0024066963
1560.7727373595876,1560.7727373595876,1.0104227,0.002405483
1560.7741262490708,1560.7741262490708,1.0082711,0.0024156477
1560.7755151383205,1560.7755151383205,1.0111455,0.002405751
1560.7769040278024,1560.7769040278024,1.0097618,0.0024045648
1560.778292917052,1560.778292917052,1.0100616,0.0024069706
1560.7796818065347,1560.7796818065347,1.0100361,0.0024081038
1560.7810706957837,1560.7810706957837,1.0075771,0.0024132198
1560.7824595852655,1560.7824595852655,1.0101722,0.0024059666
1560.7838484745153,1560.7838484745153,1.0134062,0.002413988
1560.7852373639978,1560.7852373639978,1.0132776,0.0024052325
1560.7866262532466,1560.7866262532466,1.0119472,0.0024055291
1560.7880151427291,1560.7880151427291,1.012547,0.0024052379
1560.7894040319795,1560.7894040319795,1.0106571,0.0024080148
1560.790792921462,1560.790792921462,1.010638,0.0024110028
1560.792181810711,1560.792181810711,1.0111128,0.0024052132
1560.7935707001936,1560.7935707001936,1.0102429,0.0024076893
1560.7949595894434,1560.7949595894434,1.0110866,0.0024095033
1560.7963484786924,1560.7963484786924,1.0101041,0.0024089601
1560.7977373681742,1560.7977373681742,1.008469,0.0024054819
1560.799126257424,1560.799126257424,1.0110103,0.002408288
1560.8005151469063,1560.8005151469063,1.0134116,0.002408002
1560.801904036156,1560.801904036156,1.009052,0.0024104402
1560.8032929254057,1560.8032929254057,1.008373,0.002405816
1560.8046818148882,1560.8046818148882,1.0091795,0.0024090563
1560.806070704138,1560.806070704138,1.0099745,0.002410647
1560.8074595936198,1560.8074595936198,1.0123739,0.0024112253
1560.8088484828695,1560.8088484828695,1.0143113,0.0024175972
1560.8102373721192,1560.8102373721192,1.0126282,0.0024067073
1560.811626261601,1560.811626261601,1.0088108,0.0024035904
1560.81301515085,1560.81301515085,1.0135624,0.0024086498
1560.8144040400996,1560.8144040400996,1.0073293,0.0024056444
1560.8157929295821,1560.8157929295821,1.0123181,0.0024097487
1560.8171818188318,1560.8171818188318,1.0102901,0.0024074353
1560.8185707080816,1560.8185707080816,1.0117496,0.0024056362
1560.819959597564,1560.819959597564,1.0112777,0.0024064768
1560.8213484868138,1560.8213484868138,1.0089054,0.0024147222
1560.8227373760628,1560.8227373760628,1.0135283,0.0024113907
1560.8241262653125,1560.8241262653125,1.0146508,0.0024090048
1560.825515154795,1560.825515154795,1.0100907,0.0024065843
1560.8269040440439,1560.8269040440439,1.0130994,0.0024081327
1560.828292933293,1560.828292933293,1.0086194,0.0024051198
1560.8296818227755,1560.8296818227755,1.0093223,0.0024067347
1560.8310707120258,1560.8310707120258,1.0151628,0.0024071997
1560.8324596012756,1560.8324596012756,1.0085691,0.0024045496
1560.8338484905246,1560.8338484905246,1.0105307,0.0024081334
1560.8352373797743,1560.8352373797743,1.0109273,0.0024044595
1560.8366262692568,1560.8366262692568,1.0121355,0.0024071762
1560.8380151585059,1560.8380151585059,1.0080382,0.0024048232
1560.8394040477556,1560.8394040477556,1.0102574,0.0024073473
1560.8407929370053,1560.8407929370053,1.0092837,0.002405532
1560.842181826254,1560.842181826254,1.0112977,0.0024113907
1560.843570715736,1560.843570715736,1.0064896,0.0024057163
1560.8449596049863,1560.8449596049863,1.0082473,0.0024073902
1560.8463484942367,1560.8463484942367,1.0114157,0.0024168764
1560.8477373834858,1560.8477373834858,1.0106726,0.0024063082
1560.8491262727348,1560.8491262727348,1.0078577,0.0024100305
1560.8505151619845,1560.8505151619845,1.0100511,0.0024045522
1560.8519040512342,1560.8519040512342,1.0125432,0.0024081897
1560.853292940716,1560.853292940716,1.0100657,0.0024056039
1560.8546818299658,1560.8546818299658,1.0094146,0.0024052176
1560.8560707192153,1560.8560707192153,1.0102216,0.0024133744
1560.8574596084643,1560.8574596084643,1.0093486,0.0024058435
1560.8588484977133,1560.8588484977133,1.0098109,0.0024029259
1560.8602373869637,1560.8602373869637,1.008709,0.0024038316
1560.861626276214,1560.861626276214,1.0121614,0.00240546
1560.8630151654631,1560.8630151654631,1.0123446,0.0024168016
1560.8644040547122,1560.8644040547122,1.0076345,0.002409097
1560.8657929439619,1560.8657929439619,1.0084435,0.0024086267
1560.8671818332116,1560.8671818332116,1.0102671,0.0024064507
1560.8685707224606,1560.8685707224606,1.0094683,0.0024056442
1560.869959611943,1560.869959611943,1.009027,0.0024071056
1560.8713485011926,1560.8713485011926,1.0118139,0.0024091974
1560.8727373904417,1560.8727373904417,1.0077809,0.002404884
1560.8741262796914,1560.8741262796914,1.0091269,0.002405855
1560.8755151689418,1560.8755151689418,1.0108435,0.0024070947
1560.8769040581915,1560.8769040581915,1.0094497,0.0024083434
1560.8782929474405,1560.8782929474405,1.0095105,0.0024070854
1560.8796818366902,1560.8796818366902,1.0120804,0.002409938
1560.88107072594,1560.88107072594,1.009312,0.0024084412
1560.882459614956,1560.882459614956,1.011005,0.00240917
1560.883848504205,1560.883848504205,1.0074031,0.0024080032
1560.8852373934546,1560.8852373934546,1.00855,0.0024048956
1560.8866262827044,1560.8866262827044,1.0110885,0.002405601
1560.8880151719534,1560.8880151719534,1.0095427,0.0024105108
1560.889404061203,1560.889404061203,1.0122396,0.0024077746
1560.8907929504535,1560.8907929504535,1.0102478,0.0024078672
1560.8921818397032,1560.8921818397032,1.0099357,0.0024058358
1560.8935707289522,1560.8935707289522,1.0111787,0.002408705
1560.894959618202,1560.894959618202,1.0139014,0.0024075406
1560.8963485074516,1560.8963485074516,1.0118133,0.0024059229
1560.8977373967007,1560.8977373967007,1.00605,0.002404816
1560.8991262859495,1560.8991262859495,1.009635,0.0024059233
1560.9005151749664,1560.9005151749664,1.0078477,0.0024046549
1560.901904064216,1560.901904064216,1.0102135,0.0024130903
1560.9032929534658,1560.9032929534658,1.0100058,0.002405532
1560.9046818427155,1560.9046818427155,1.0096862,0.002406053
1560.9060707319652,1560.9060707319652,1.0077463,0.0024044644
1560.907459621215,1560.907459621215,1.0057412,0.0024031405
1560.908848510231,1560.908848510231,1.0091381,0.00240546
1560.9102373994808,1560.9102373994808,1.0099812,0.002402958
1560.9116262887303,1560.9116262887303,1.0096546,0.0024045983
1560.9130151779793,1560.9130151779793,1.010278,0.0024098016
1560.9144040672284,1560.9144040672284,1.008457,0.00240265
1560.9157929562452,1560.9157929562452,1.0106636,0.0024087108
1560.9171818454956,1560.9171818454956,1.0104085,0.0024041734
1560.9185707347453,1560.9185707347453,1.011025,0.0024046877
1560.9199596239944,1560.9199596239944,1.0094737,0.0024073515
1560.921348513244,1560.921348513244,1.0086979,0.0024045762
1560.922737402261,1560.922737402261,1.0121039,0.0024158873
1560.92412629151,1560.92412629151,1.0110766,0.002408529
1560.9255151807595,1560.9255151807595,1.0104697,0.0024086968
1560.9269040697764,1560.9269040697764,1.0125173,0.0024057566
1560.9282929590254,1560.9282929590254,1.012417,0.0024147062
1560.9296818482744,1560.9296818482744,1.0098057,0.0024039359
1560.9310707375241,1560.9310707375241,1.0075397,0.0024080896
1560.9324596265417,1560.9324596265417,1.0106726,0.0024093587
1560.9338485157914,1560.9338485157914,1.0105456,0.0024032441
1560.9352374050404,1560.9352374050404,1.0077187,0.0024044663
1560.9366262940573,1560.9366262940573,1.0088378,0.0024037282
1560.938015183307,1560.938015183307,1.0105456,0.002402938
1560.9394040725558,1560.9394040725558,1.0102909,0.0024089045
1560.9407929615727,1560.9407929615727,1.0078835,0.002403943
1560.9421818508224,1560.9421818508224,1.0058045,0.002405117
1560.9435707400714,1560.9435707400714,1.0079938,0.002404294
1560.9449596290876,1560.9449596290876,1.0065732,0.0024062763
1560.946348518338,1560.946348518338,1.0065951,0.0024034076
1560.9477374073556,1560.9477374073556,1.0057076,0.0024070565
1560.9491262966046,1560.9491262966046,1.0088822,0.002413984
1560.9505151858536,1560.9505151858536,1.0065717,0.0024058814
1560.9519040748705,1560.9519040748705,1.006963,0.002403307
1560.9532929641202,1560.9532929641202,1.006509,0.0024042458
1560.9546818531362,1560.9546818531362,1.0068941,0.002413445
1560.956070742386,1560.956070742386,1.0092083,0.0024063895
1560.9574596316356,1560.9574596316356,1.0101241,0.0024082414
1560.9588485206518,1560.9588485206518,1.0080408,0.0024065604
1560.9602374099009,1560.9602374099009,1.0046251,0.00240312
1560.9616262989184,1560.9616262989184,1.0057006,0.0024050944
1560.9630151881688,1560.9630151881688,1.0082089,0.002404057
1560.964404077185,1560.964404077185,1.009256,0.002413574
1560.965792966434,1560.965792966434,1.0068663,0.0024049992
1560.967181855451,1560.967181855451,1.0064262,0.0024042046
1560.9685707447004,1560.9685707447004,1.0079098,0.0024031703
1560.9699596337166,1560.9699596337166,1.0068661,0.0024023196
1560.9713485229663,1560.9713485229663,1.0066082,0.002401011
1560.9727374119832,1560.9727374119832,1.0090904,0.002404431
1560.9741263012322,1560.9741263012322,1.0058893,0.0024044095
1560.975515190249,1560.975515190249,1.0058078,0.002406032
1560.9769040794995,1560.9769040794995,1.0086888,0.0024064267
1560.9782929685164,1560.9782929685164,1.0054255,0.0024036204
1560.9796818577654,1560.9796818577654,1.0074494,0.0024022546
1560.9810707467816,1560.9810707467816,1.0068972,0.0024044497
1560.9824596357983,1560.9824596357983,1.008362,0.0024052667
1560.983848525048,1560.983848525048,1.0024018,0.002400883
1560.9852374140642,1560.9852374140642,1.0043254,0.0024008576
1560.9866263033139,1560.9866263033139,1.0076439,0.002407629
1560.9880151923307,1560.9880151923307,1.007349,0.0024099883
1560.989404081347,1560.989404081347,1.0066466,0.0024096814
1560.9907929705967,1560.9907929705967,1.00671,0.002404855
1560.9921818596142,1560.9921818596142,1.0049909,0.0024093785
1560.993570748864,1560.993570748864,1.0044003,0.0024010427
1560.99495963788,1560.99495963788,1.003305,0.0024056153
1560.9963485268968,1560.9963485268968,1.0058607,0.0024047017
1560.9977374161465,1560.9977374161465,1.0020434,0.002400812
1560.9991263051627,1560.9991263051627,1.0073893,0.0024019359
1561.000515194179,1561.000515194179,1.0076622,0.0024041412
1561.0019040834286,1561.0019040834286,1.001462,0.0023992984
1561.0032929724455,1561.0032929724455,1.0077463,0.0024021324
1561.0046818614624,1561.0046818614624,1.0069944,0.0024070211
1561.0060707504792,1561.0060707504792,1.0067449,0.0024024132
1561.007459639729,1561.007459639729,1.002121,0.0024001494
1561.0088485287458,1561.0088485287458,1.0061927,0.0024018607
1561.0102374177618,1561.0102374177618,1.0023478,0.0024103296
1561.0116263070115,1561.0116263070115,1.0054178,0.002401548
1561.0130151960284,1561.0130151960284,1.003357,0.0024015426
1561.0144040850446,1561.0144040850446,1.0015509,0.0024023736
1561.0157929740608,1561.0157929740608,1.0054338,0.0023998471
1561.0171818633105,1561.0171818633105,1.0098926,0.0024058563
1561.0185707523274,1561.0185707523274,1.0067747,0.0024009575
1561.0199596413443,1561.0199596413443,1.0057243,0.0024024872
1561.0213485303611,1561.0213485303611,1.0029783,0.002399867
1561.022737419378,1561.022737419378,1.0024382,0.002399539
1561.0241263086275,1561.0241263086275,1.0029325,0.0024027193
1561.0255151976437,1561.0255151976437,1.0036929,0.0024015552
1561.0269040866606,1561.0269040866606,1.0071791,0.0024036
1561.0282929756775,1561.0282929756775,1.0028741,0.0024008697
1561.0296818646937,1561.0296818646937,1.0061375,0.002404889
1561.0310707539427,1561.0310707539427,1.001824,0.0024030737
1561.0324596429596,1561.0324596429596,1.0024513,0.002398344
1561.0338485319771,1561.0338485319771,1.0041912,0.0024043869
1561.035237420994,1561.035237420994,1.0037019,0.0024032488
1561.0366263100102,1561.0366263100102,1.00219,0.0024001088
1561.0380151990269,1561.0380151990269,1.006103,0.002401063
1561.0394040880437,1561.0394040880437,1.0044689,0.0024000553
1561.04079297706,1561.04079297706,1.0054915,0.0024051787
1561.0421818663096,1561.0421818663096,1.0029434,0.0024017522
1561.0435707553265,1561.0435707553265,1.0034248,0.0024021945
1561.0449596443427,1561.0449596443427,1.0051835,0.002402513
1561.046348533359,1561.046348533359,1.0012766,0.002399146
1561.0477374223758,1561.0477374223758,1.0066969,0.0024009622
1561.0491263113934,1561.0491263113934,1.007739,0.002402396
1561.05051520041,1561.05051520041,1.0019118,0.0024001636
1561.0519040894262,1561.0519040894262,0.99905527,0.0024017117
1561.053292978443,1561.053292978443,1.0038961,0.0024131318
1561.05468186746,1561.05468186746,1.0013884,0.0024013298
1561.0560707564762,1561.0560707564762,0.99977505,0.0023985954
1561.057459645493,1561.057459645493,1.0036213,0.0024012257
1561.05884853451,1561.05884853451,1.0022011,0.0024002672
1561.0602374235261,1561.0602374235261,1.0041109,0.0024004483
1561.0616263125423,1561.0616263125423,1.0005342,0.0024008993
1561.06301520156,1561.06301520156,1.0020181,0.0024010162
1561.0644040905775,1561.0644040905775,1.0042529,0.0024011878
1561.0657929795937,1561.0657929795937,1.0032656,0.0024020388
1561.0671818686096,1561.0671818686096,0.99985117,0.0024047582
1561.0685707576265,1561.0685707576265,1.0019145,0.0023991936
1561.0699596466434,1561.0699596466434,0.99543506,0.0023976525
1561.0713485356596,1561.0713485356596,1.0011988,0.0023997847
1561.0727374246765,1561.0727374246765,0.99967116,0.002399706
1561.0741263136933,1561.0741263136933,1.0042249,0.0024106335
1561.0755152027095,1561.0755152027095,1.0040137,0.0024000218
1561.0769040917257,1561.0769040917257,0.9996756,0.002399822
1561.0782929807433,1561.0782929807433,1.0001405,0.0024001063
1561.0796818695278,1561.0796818695278,0.99920654,0.002400186
1561.081070758544,1561.081070758544,0.9994279,0.0024023652
1561.0824596475602,1561.0824596475602,0.9990512,0.0024004758
1561.083848536577,1561.083848536577,1.0006849,0.002398561
1561.085237425594,1561.085237425594,0.99817806,0.0024005934
1561.0866263146102,1561.0866263146102,0.9999777,0.0024001903
1561.088015203627,1561.088015203627,1.0010264,0.0024032793
1561.089404092644,1561.089404092644,1.0031108,0.0024131055
1561.0907929814273,1561.0907929814273,1.0035028,0.002404055
1561.0921818704442,1561.0921818704442,1.0004694,0.0023992932
1561.0935707594615,1561.0935707594615,0.9996922,0.0023985042
1561.0949596484784,1561.0949596484784,0.9963016,0.0024002597
1561.0963485374946,1561.0963485374946,0.99906415,0.0023994995
1561.097737426278,1561.097737426278,0.9984395,0.0023978078
1561.0991263152948,1561.0991263152948,0.99495745,0.0024001063
1561.1005152043117,1561.1005152043117,0.9989886,0.0024017424
1561.101904093328,1561.101904093328,0.999604,0.002398004
1561.1032929823448,1561.1032929823448,1.0010461,0.0023996532
1561.1046818711288,1561.1046818711288,1.00232,0.0023980273
1561.1060707601448,1561.1060707601448,0.9973203,0.00239973
1561.1074596491617,1561.1074596491617,0.9991154,0.0024017708
1561.1088485381792,1561.1088485381792,1.0036278,0.0023976096
1561.1102374269633,1561.1102374269633,1.0016084,0.0024080032
1561.1116263159795,1561.1116263159795,0.9963021,0.002397651
1561.1130152049964,1561.1130152049964,0.9981728,0.002400349
1561.1144040937804,1561.1144040937804,0.9977461,0.002397494
1561.1157929827966,1561.1157929827966,0.9958003,0.0023986122
1561.1171818718128,1561.1171818718128,0.9947081,0.0023977822
1561.1185707608297,1561.1185707608297,0.9971444,0.0023998676
1561.1199596496137,1561.1199596496137,0.99582577,0.0023980786
1561.1213485386304,1561.1213485386304,0.9976362,0.0023981738
1561.1227374276473,1561.1227374276473,0.9957756,0.0023969694
1561.1241263164313,1561.1241263164313,0.9994666,0.0024002574
1561.1255152054482,1561.1255152054482,0.99782825,0.0023988066
1561.1269040942316,1561.1269040942316,0.9999057,0.0023982634
1561.1282929832485,1561.1282929832485,0.99546546,0.002397494
1561.1296818722653,1561.1296818722653,0.99514914,0.002398657
1561.1310707610487,1561.1310707610487,0.9983328,0.0023978138
1561.132459650065,1561.132459650065,0.9995437,0.0023996772
1561.1338485390818,1561.1338485390818,0.9960194,0.0023968148
1561.1352374278656,1561.1352374278656,1.0004522,0.0024004753
1561.1366263168825,1561.1366263168825,0.9982995,0.002398792
1561.1380152056665,1561.1380152056665,0.99671274,0.0023977668
1561.1394040946834,1561.1394040946834,0.9966387,0.0024031848
1561.1407929834675,1561.1407929834675,0.99839747,0.0023997189
1561.1421818724837,1561.1421818724837,0.997722,0.0023974655
1561.1435707615005,1561.1435707615005,0.9944048,0.002397013
1561.1449596502846,1561.1449596502846,0.9942823,0.0023971642
1561.1463485393008,1561.1463485393008,0.9965327,0.0023984367
1561.1477374280842,1561.1477374280842,0.9941469,0.0023993566
1561.1491263171008,1561.1491263171008,0.99545604,0.002402527
1561.1505152058849,1561.1505152058849,0.9948405,0.0023986632
1561.1519040949017,1561.1519040949017,0.9954642,0.0023978876
1561.1532929836858,1561.1532929836858,0.99365294,0.0024006104
1561.1546818727027,1561.1546818727027,0.9941354,0.0023983591
1561.1560707614867,1561.1560707614867,0.99788517,0.002401672
1561.157459650503,1561.157459650503,0.99978244,0.0023994287
1561.158848539287,1561.158848539287,0.996545,0.002397741
1561.1602374283038,1561.1602374283038,0.99502146,0.002395425
1561.1616263170872,1561.1616263170872,0.9931217,0.0023964369
1561.1630152058704,1561.1630152058704,0.9931141,0.0023965007
1561.1644040948872,1561.1644040948872,0.9946545,0.0023995123
1561.165792983672,1561.165792983672,0.99527156,0.0023982723
1561.1671818726888,1561.1671818726888,0.9972414,0.0024030756
1561.1685707614722,1561.1685707614722,0.99446297,0.0023969624
1561.169959650489,1561.169959650489,0.995864,0.0023978895
1561.1713485392731,1561.1713485392731,0.99557865,0.0024049724
1561.1727374280565,1561.1727374280565,0.9957233,0.0023957796
1561.1741263170734,1561.1741263170734,0.98994684,0.0023976862
1561.1755152058574,1561.1755152058574,0.99289626,0.0023966492
1561.1769040946408,1561.1769040946408,0.9928652,0.002397844
1561.1782929836568,1561.1782929836568,0.9938407,0.002400973
1561.1796818724408,1561.1796818724408,0.9946014,0.0023968413
1561.1810707612256,1561.1810707612256,0.99314475,0.0023976108
1561.1824596502424,1561.1824596502424,0.9908563,0.0024014488
1561.1838485390258,1561.1838485390258,0.99129224,0.002397044
1561.1852374278099,1561.1852374278099,0.99345946,0.0023968392
1561.1866263168267,1561.1866263168267,0.9971082,0.0024057708
1561.18801520561,1561.18801520561,0.9936452,0.002395242
1561.1894040943941,1561.1894040943941,0.99227107,0.0023952269
1561.1907929834108,1561.1907929834108,0.98988426,0.0023930727
1561.1921818721942,1561.1921818721942,0.9933956,0.0023968997
1561.1935707609775,1561.1935707609775,0.9935938,0.0023969836
1561.1949596497623,1561.1949596497623,0.9890062,0.0023957414
1561.1963485387798,1561.1963485387798,0.9923092,0.0023958525
1561.1977374275632,1561.1977374275632,0.9932715,0.0023984427
1561.1991263163466,1561.1991263163466,0.994307,0.0023941442
1561.2005152051306,1561.2005152051306,0.9906023,0.0023939244
1561.2019040941475,1561.2019040941475,0.99035907,0.0023955281
1561.2032929829309,1561.2032929829309,0.99237114,0.0023957866
1561.2046818717147,1561.2046818717147,0.9906945,0.002395018
1561.2060707604987,1561.2060707604987,0.9937889,0.0024038025
1561.207459649515,1561.207459649515,0.9875651,0.0024028493
1561.2088485382983,1561.2088485382983,0.9905085,0.0023951707
1561.210237427083,1561.210237427083,0.9909041,0.002396007
1561.2116263158678,1561.2116263158678,0.9911007,0.002397048
1561.2130152046511,1561.2130152046511,0.99227506,0.0023954506
1561.2144040934352,1561.2144040934352,0.99019367,0.002395742
1561.215792982452,1561.215792982452,0.98988897,0.0024005861
1561.2171818712354,1561.2171818712354,0.99123126,0.0023976702
1561.2185707600186,1561.2185707600186,0.99052286,0.00239494
1561.2199596488026,1561.2199596488026,0.9881846,0.00239406
1561.2213485375867,1561.2213485375867,0.989591,0.0023935684
1561.22273742637,1561.22273742637,0.9918513,0.0023941372
1561.2241263151534,1561.2241263151534,0.9923918,0.0023958064
1561.2255152039381,1561.2255152039381,0.9889907,0.0023935495
1561.2269040927229,1561.2269040927229,0.98708326,0.0023943398
1561.228292981739,1561.228292981739,0.98962617,0.0023951693
1561.229681870523,1561.229681870523,0.98760337,0.0023937668
1561.2310707593072,1561.2310707593072,0.9874795,0.0023926233
1561.2324596480905,1561.2324596480905,0.9900662,0.0023943398
1561.2338485368737,1561.2338485368737,0.98974997,0.0024037184
1561.2352374256577,1561.2352374256577,0.9906365,0.0023978078
1561.2366263144418,1561.2366263144418,0.9902607,0.002395966
1561.2380152032251,1561.2380152032251,0.9892569,0.002392537
1561.2394040920092,1561.2394040920092,0.9920537,0.0023941132
1561.240792980794,1561.240792980794,0.9919493,0.0024026225
1561.242181869578,1561.242181869578,0.9900595,0.0023931216
1561.2435707583613,1561.2435707583613,0.9912307,0.0023959405
1561.2449596471454,1561.2449596471454,0.98876846,0.0023947256
1561.2463485359292,1561.2463485359292,0.9877737,0.002396193
1561.2477374247126,1561.2477374247126,0.98901916,0.0023930734
1561.249126313496,1561.249126313496,0.98409027,0.0023906205
1561.25051520228,1561.25051520228,0.9889328,0.0024014553
1561.251904091064,1561.251904091064,0.9896407,0.0023965887
1561.2532929798474,1561.2532929798474,0.99204785,0.0023953049
1561.2546818686315,1561.2546818686315,0.9862663,0.0023918897
1561.2560707574162,1561.2560707574162,0.9863817,0.0023920885
1561.2574596462002,1561.2574596462002,0.98746306,0.0023915367
1561.2588485347508,1561.2588485347508,0.9896193,0.0023947144
1561.2602374235348,1561.2602374235348,0.9880514,0.00239729
1561.2616263123189,1561.2616263123189,0.9907104,0.0023950639
1561.263015201102,1561.263015201102,0.99011487,0.002392999
1561.2644040898854,1561.2644040898854,0.98611385,0.002391
1561.2657929786694,1561.2657929786694,0.9892835,0.0023951575
1561.2671818674535,1561.2671818674535,0.98920584,0.002396893
1561.2685707562368,1561.2685707562368,0.99061006,0.0023946902
1561.269959644788,1561.269959644788,0.98991126,0.0023943516
1561.2713485335728,1561.2713485335728,0.98669684,0.0023933859
1561.2727374223568,1561.2727374223568,0.98423773,0.0023901681
1561.27412631114,1561.27412631114,0.9883308,0.0023933444
1561.275515199924,1561.275515199924,0.98364127,0.0023903814
1561.276904088708,1561.276904088708,0.9861297,0.0023930804
1561.2782929772586,1561.2782929772586,0.9880074,0.0023936632
1561.279681866042,1561.279681866042,0.9862059,0.0023932995
1561.281070754826,1561.281070754826,0.98769337,0.0023917772
1561.28245964361,1561.28245964361,0.98486114,0.0023995151
1561.2838485323941,1561.2838485323941,0.9906983,0.0023932408
1561.2852374209454,1561.2852374209454,0.9899325,0.002403064
1561.2866263097294,1561.2866263097294,0.98594,0.0023916876
1561.2880151985134,1561.2880151985134,0.98572785,0.0023904003
1561.2894040872968,1561.2894040872968,0.9846899,0.0024023196
1561.2907929758478,1561.2907929758478,0.9868845,0.0023919307
1561.2921818646319,1561.2921818646319,0.9891982,0.0023954147
1561.2935707534152,1561.2935707534152,0.98416203,0.00239359
1561.2949596419658,1561.2949596419658,0.9832629,0.0023933582
1561.2963485307498,1561.2963485307498,0.9847718,0.002392913
1561.2977374195339,1561.2977374195339,0.9836281,0.002390753
1561.299126308318,1561.299126308318,0.98650384,0.0023927905
1561.3005151968691,1561.3005151968691,0.98648274,0.0023927658
1561.3019040856532,1561.3019040856532,0.98821217,0.0023939041
1561.303292974437,1561.303292974437,0.9854516,0.002395437
1561.3046818629875,1561.3046818629875,0.98304355,0.002389353
1561.3060707517716,1561.3060707517716,0.9877441,0.0024035259
1561.3074596405556,1561.3074596405556,0.98295647,0.002389149
1561.3088485291062,1561.3088485291062,0.98467594,0.0023906215
1561.3102374178895,1561.3102374178895,0.9867172,0.0023958974
1561.3116263064408,1561.3116263064408,0.98614424,0.002391831
1561.3130151952248,1561.3130151952248,0.9842993,0.0023949943
1561.3144040840089,1561.3144040840089,0.9872344,0.0023909458
1561.31579297256,1561.31579297256,0.9838764,0.0023930927
1561.317181861344,1561.317181861344,0.9896082,0.0023960103
1561.3185707498951,1561.3185707498951,0.9833516,0.0023951354
1561.3199596386785,1561.3199596386785,0.9855683,0.0023899132
1561.3213485274625,1561.3213485274625,0.98465925,0.0023921744
1561.3227374160138,1561.3227374160138,0.98628706,0.0023937684
1561.3241263047971,1561.3241263047971,0.98529935,0.0023923076
1561.3255151933477,1561.3255151933477,0.9838027,0.0023911553
1561.3269040821317,1561.3269040821317,0.98573637,0.0023930946
1561.3282929706836,1561.3282929706836,0.98631257,0.0023904173
1561.3296818594677,1561.3296818594677,0.98155236,0.0023916883
1561.3310707480189,1561.3310707480189,0.9826221,0.002387901
1561.3324596368027,1561.3324596368027,0.9837599,0.0023940892
1561.3338485253532,1561.3338485253532,0.9832963,0.002401219
1561.3352374141366,1561.3352374141366,0.98459417,0.0023917353
1561.3366263026878,1561.3366263026878,0.9832538,0.002395732
1561.3380151914719,1561.3380151914719,0.9857324,0.0023909225
1561.3394040800224,1561.3394040800224,0.985298,0.0023929758
1561.3407929688058,1561.3407929688058,0.9858525,0.002395715
1561.342181857357,1561.342181857357,0.9808832,0.0023892273
1561.3435707461417,1561.3435707461417,0.98318034,0.002390747
1561.344959634693,1561.344959634693,0.98493505,0.0023926273
1561.3463485234768,1561.3463485234768,0.9831792,0.0023900513
1561.347737412028,1561.347737412028,0.98252416,0.0023906794
1561.3491263005785,1561.3491263005785,0.9817034,0.0023877202
1561.3505151893619,1561.3505151893619,0.9837109,0.0023894634
1561.351904077913,1561.351904077913,0.98186356,0.002388398
1561.3532929666972,1561.3532929666972,0.9843433,0.0023920396
1561.3546818552477,1561.3546818552477,0.9786777,0.002386118
1561.3560707437982,1561.3560707437982,0.98088133,0.0023923356
1561.3574596325823,1561.3574596325823,0.98035294,0.0023891577
1561.3588485211342,1561.3588485211342,0.9839622,0.0023895865
1561.3602374096852,1561.3602374096852,0.98071647,0.0023886308
1561.3616262984692,1561.3616262984692,0.98102576,0.002392878
1561.3630151870204,1561.3630151870204,0.9847815,0.0023930944
1561.364404075571,1561.364404075571,0.98107,0.0023914576
1561.3657929643543,1561.3657929643543,0.9842096,0.0023927214
1561.3671818529056,1561.3671818529056,0.9828166,0.0023914587
1561.3685707414568,1561.3685707414568,0.98545897,0.002394796
1561.3699596302401,1561.3699596302401,0.9842111,0.0023915523
1561.3713485187907,1561.3713485187907,0.98003376,0.002392953
1561.3727374073424,1561.3727374073424,0.97986674,0.0023984762
1561.3741262958943,1561.3741262958943,0.98284787,0.0023907712
1561.3755151846776,1561.3755151846776,0.98607117,0.0023892366
1561.3769040732288,1561.3769040732288,0.9814274,0.002392405
1561.37829296178,1561.37829296178,0.98132473,0.0023918853
1561.3796818505634,1561.3796818505634,0.98406345,0.002392234
1561.381070739114,1561.381070739114,0.9842676,0.0023908354
1561.3824596276652,1561.3824596276652,0.9816942,0.0023913821
1561.3838485162164,1561.3838485162164,0.9803238,0.002388318
1561.385237404767,1561.385237404767,0.98059297,0.0023976744
1561.38662629355,1561.38662629355,0.97888476,0.0023908748
1561.388015182102,1561.388015182102,0.98455733,0.0023935887
1561.3894040706539,1561.3894040706539,0.98072904,0.0023930199
1561.3907929592044,1561.3907929592044,0.9792992,0.0023899016
1561.3921818477556,1561.3921818477556,0.9800106,0.0023906801
1561.3935707365397,1561.3935707365397,0.9828333,0.0023898787
1561.3949596250902,1561.3949596250902,0.9788061,0.0023877039
1561.3963485136408,1561.3963485136408,0.9834304,0.0023993931
1561.397737402192,1561.397737402192,0.98324186,0.0023899106
1561.3991262907432,1561.3991262907432,0.98142755,0.0023887255
1561.4005151792937,1561.4005151792937,0.9844338,0.002391607
1561.401904067844,1561.401904067844,0.9820479,0.0023910922
1561.403292956396,1561.403292956396,0.9817854,0.0023884892
1561.4046818451807,1561.4046818451807,0.9800194,0.0023903954
1561.4060707337312,1561.4060707337312,0.9844353,0.0023943821
1561.4074596222824,1561.4074596222824,0.9798433,0.0023878277
1561.4088485108336,1561.4088485108336,0.9837684,0.0023978576
1561.4102373993842,1561.4102373993842,0.9754846,0.0023850661
1561.4116262879347,1561.4116262879347,0.98102915,0.0023891134
1561.413015176486,1561.413015176486,0.9821356,0.0024040136
1561.414404065037,1561.414404065037,0.9779623,0.0023880024
1561.4157929535875,1561.4157929535875,0.9797206,0.0023886017
1561.417181842138,1561.417181842138,0.98039687,0.0023898517
1561.41857073069,1561.41857073069,0.9801612,0.0023884655
1561.4199596192418,1561.4199596192418,0.9787183,0.0023888352
1561.4213485077923,1561.4213485077923,0.9828449,0.0023898524
1561.4227373963436,1561.4227373963436,0.9791749,0.0023877579
1561.4241262848948,1561.4241262848948,0.97662354,0.0023839124
1561.4255151734453,1561.4255151734453,0.9797899,0.0023878133
1561.4269040619959,1561.4269040619959,0.97601444,0.002387286
1561.4282929505468,1561.4282929505468,0.977337,0.0023911998
1561.429681839098,1561.429681839098,0.98056555,0.002393438
1561.4310707276486,1561.4310707276486,0.9782991,0.0023938033
1561.4324596161998,1561.4324596161998,0.976669,0.0023877625
1561.4338485047517,1561.4338485047517,0.9806351,0.0023895318
1561.435237393303,1561.435237393303,0.977429,0.0023961815
1561.4366262818535,1561.4366262818535,0.98127437,0.0023891933
1561.4380151704047,1561.4380151704047,0.97641635,0.002391068
1561.439404058956,1561.439404058956,0.9812791,0.002392461
1561.4407929475065,1561.4407929475065,0.9784484,0.0023861234
1561.442181835824,1561.442181835824,0.98041165,0.0023878636
1561.4435707243751,1561.4435707243751,0.97975934,0.0023981798
1561.4449596129264,1561.4449596129264,0.97811544,0.0023879148
1561.446348501477,1561.446348501477,0.9768839,0.0023876172
1561.4477373900288,1561.4477373900288,0.97993076,0.002389431
1561.4491262785807,1561.4491262785807,0.9778444,0.0023958234
1561.4505151671312,1561.4505151671312,0.97800916,0.002387914
1561.4519040556818,1561.4519040556818,0.9809542,0.0023890033
1561.4532929440002,1561.4532929440002,0.98135614,0.002389226
1561.4546818325514,1561.4546818325514,0.9768943,0.0023937698
1561.456070721102,1561.456070721102,0.9786824,0.0023868105
1561.4574596096522,1561.4574596096522,0.9799486,0.002388035
1561.4588484982035,1561.4588484982035,0.97496825,0.0023864356
1561.4602373865218,1561.4602373865218,0.9820951,0.0023897192
1561.4616262750724,1561.4616262750724,0.97850835,0.0023884012
1561.4630151636243,1561.4630151636243,0.97956294,0.0023887649
1561.4644040521762,1561.4644040521762,0.97990096,0.0023910925
1561.4657929407267,1561.4657929407267,0.9782033,0.0023870978
1561.4671818290444,1561.4671818290444,0.98221624,0.002390436
1561.4685707175956,1561.4685707175956,0.981561,0.0023926878
1561.4699596061466,1561.4699596061466,0.9799374,0.0023869087
1561.4713484944643,1561.4713484944643,0.98085546,0.002392329
1561.4727373830149,1561.4727373830149,0.97831434,0.0023877798
1561.474126271566,1561.474126271566,0.9806023,0.0023924687
1561.4755151601173,1561.4755151601173,0.98096645,0.0023899064
1561.476904048435,1561.476904048435,0.9788165,0.0023886077
1561.478292936987,1561.478292936987,0.9817186,0.0023889937
1561.4796818255388,1561.4796818255388,0.9805687,0.0023892901
1561.4810707138565,1561.4810707138565,0.9784859,0.0023873197
1561.482459602407,1561.482459602407,0.98108584,0.002392432
1561.4838484909583,1561.4838484909583,0.9756163,0.002396384
1561.4852373792767,1561.4852373792767,0.9787127,0.0023886706
1561.486626267827,1561.486626267827,0.9784284,0.0023938846
1561.4880151563775,1561.4880151563775,0.97804195,0.00238842
1561.489404044696,1561.489404044696,0.98095137,0.0023888245
1561.4907929332471,1561.4907929332471,0.9812162,0.0023940466
1561.4921818217977,1561.4921818217977,0.9770919,0.0023864452
1561.4935707101167,1561.4935707101167,0.98058593,0.0023919074
1561.4949595986686,1561.4949595986686,0.9792858,0.002392078
1561.4963484869863,1561.4963484869863,0.97999895,0.002387644
1561.4977373755366,1561.4977373755366,0.9776633,0.002389784
1561.4991262640879,1561.4991262640879,0.97833073,0.0023889937
1561.5005151524063,1561.5005151524063,0.9814064,0.0023904108
1561.5019040409568,1561.5019040409568,0.97737753,0.0023875525
1561.5032929292745,1561.5032929292745,0.9770565,0.002386825
1561.5046818178257,1561.5046818178257,0.9776555,0.0023866247
1561.506070706144,1561.506070706144,0.9780762,0.0023909563
1561.5074595946953,1561.5074595946953,0.9765054,0.0023900068
1561.5088484830144,1561.5088484830144,0.98061657,0.0023893372
1561.5102373715656,1561.5102373715656,0.977438,0.0023885986
1561.5116262598833,1561.5116262598833,0.97547054,0.0023876568
1561.5130151484336,1561.5130151484336,0.9791099,0.002388192
1561.514404036752,1561.514404036752,0.98120487,0.00239378
1561.5157929253032,1561.5157929253032,0.98211646,0.0023880345
1561.517181813621,1561.517181813621,0.982525,0.0023903255
1561.5185707021715,1561.5185707021715,0.9769596,0.0023869947
1561.5199595904899,1561.5199595904899,0.98152435,0.0023920196
1561.521348479041,1561.521348479041,0.9797606,0.0023891774
1561.5227373673595,1561.5227373673595,0.97845536,0.0023865367
1561.5241262559114,1561.5241262559114,0.97947204,0.0023886778
1561.5255151442298,1561.5255151442298,0.9789551,0.0023940261
1561.5269040325472,1561.5269040325472,0.9777727,0.0023896846
1561.5282929210978,1561.5282929210978,0.97776586,0.0023865555
1561.5296818094162,1561.5296818094162,0.9804311,0.0023899095
1561.5310706979674,1561.5310706979674,0.98065954,0.0023923607
1561.532459586285,1561.532459586285,0.98320675,0.0023899712
1561.5338484746028,1561.5338484746028,0.9767545,0.002387913
1561.535237363154,1561.535237363154,0.9787657,0.0023965873
1561.5366262514724,1561.5366262514724,0.9773426,0.0023980397
1561.5380151400236,1561.5380151400236,0.9781093,0.0023910059
1561.5394040283427,1561.5394040283427,0.979578,0.0023880354
1561.540792916661,1561.540792916661,0.9820593,0.0023895332
1561.5421818052114,1561.5421818052114,0.9765245,0.0023890685
1561.543570693529,1561.543570693529,0.9824141,0.0023887097
1561.5449595818475,1561.5449595818475,0.98123294,0.0023903458
1561.5463484701659,1561.5463484701659,0.98086905,0.0023884485
1561.5477373587164,1561.5477373587164,0.97918767,0.0023866436
1561.5491262470348,1561.5491262470348,0.97743356,0.0023864035
1561.5505151353532,1561.5505151353532,0.9784669,0.0023863094
1561.5519040239037,1561.5519040239037,0.98217297,0.0023934543
1561.553292912222,1561.553292912222,0.9813886,0.0023889553
1561.5546818005412,1561.5546818005412,0.97932667,0.0023884643
1561.5560706888593,1561.5560706888593,0.978963,0.0023891265
1561.5574595774099,1561.5574595774099,0.98070663,0.002387715
1561.5588484657276,1561.5588484657276,0.9808862,0.002389917
1561.560237354046,1561.560237354046,0.98012555,0.0023896396
1561.5616262423644,1561.5616262423644,0.9812853,0.0023872198
1561.563015130915,1561.563015130915,0.97877896,0.0023880515
1561.5644040192333,1561.5644040192333,0.98001385,0.0023868568
1561.5657929075517,1561.5657929075517,0.9821163,0.0023911027
1561.5671817958694,1561.5671817958694,0.9804337,0.0023889325
1561.5685706841875,1561.5685706841875,0.9795089,0.002388157
1561.5699595727394,1561.5699595727394,0.98107684,0.0023886557
1561.5713484610578,1561.5713484610578,0.97779083,0.0023880673
1561.5727373493755,1561.5727373493755,0.9792777,0.0023904862
1561.5741262376932,1561.5741262376932,0.9818943,0.00238976
1561.5755151260116,1561.5755151260116,0.9821512,0.002390071
1561.57690401433,1561.57690401433,0.97698784,0.002387581
1561.5782929028805,1561.5782929028805,0.9799404,0.0023881884
1561.579681791199,1561.579681791199,0.98191255,0.0023971838
1561.581070679517,1561.581070679517,0.9807969,0.002389386
1561.5824595678348,1561.5824595678348,0.9821869,0.002389912
1561.5838484561532,1561.5838484561532,0.98179203,0.002389775
1561.5852373444723,1561.5852373444723,0.9791153,0.0023887306
1561.5866262327906,1561.5866262327906,0.980993,0.0023906142
1561.5880151211084,1561.5880151211084,0.9796858,0.002387857
1561.589404009426,1561.589404009426,0.98155123,0.002392308
1561.5907928977444,1561.5907928977444,0.9810314,0.0023891148
1561.5921817860628,1561.5921817860628,0.9811022,0.0023887649
1561.5935706743805,1561.5935706743805,0.97641945,0.0023895567
1561.594959562699,1561.594959562699,0.98139423,0.0023909907
1561.5963484512502,1561.5963484512502,0.981762,0.0023907705
1561.5977373395683,1561.5977373395683,0.9808286,0.002390266
1561.5991262278867,1561.5991262278867,0.98311746,0.002390597
1561.600515116205,1561.600515116205,0.9855818,0.0024027566
1561.6019040045235,1561.6019040045235,0.98410255,0.0023906173
1561.6032928928412,1561.6032928928412,0.983441,0.0023896515
1561.604681781159,1561.604681781159,0.97996444,0.0023896284
1561.6060706694773,1561.6060706694773,0.9888053,0.0023976094
1561.6074595575628,1561.6074595575628,0.98385733,0.0023998306
1561.6088484458803,1561.6088484458803,0.9811568,0.002388
1561.6102373341987,1561.6102373341987,0.98296237,0.0023900464
1561.611626222517,1561.611626222517,0.98501927,0.002391942
1561.6130151108355,1561.6130151108355,0.9852321,0.0023917586
1561.6144039991539,1561.6144039991539,0.9808417,0.0023894878
1561.6157928874723,1561.6157928874723,0.9837864,0.0023908864
1561.6171817757906,1561.6171817757906,0.986841,0.0023941654
1561.6185706641083,1561.6185706641083,0.98267573,0.0023903088
1561.619959552426,1561.619959552426,0.9872522,0.0023906636
1561.6213484407444,1561.6213484407444,0.9860117,0.002392437
1561.6227373290628,1561.6227373290628,0.98207754,0.002389727
1561.6241262171477,1561.6241262171477,0.98149604,0.0023921505
1561.6255151054659,1561.6255151054659,0.98786026,0.0023916464
1561.6269039937843,1561.6269039937843,0.98153096,0.0023904687
1561.6282928821026,1561.6282928821026,0.98186296,0.002390124
1561.629681770421,1561.629681770421,0.98482394,0.0023937672
1561.6310706587394,1561.6310706587394,0.98312896,0.0023929537
1561.6324595470578,1561.6324595470578,0.9857008,0.0023940254
1561.6338484351427,1561.6338484351427,0.98345363,0.0023926478
1561.6352373234604,1561.6352373234604,0.9830251,0.0023878755
1561.6366262117788,1561.6366262117788,0.98132104,0.0023922683
1561.638015100097,1561.638015100097,0.9894624,0.0023921188
1561.6394039884146,1561.6394039884146,0.98481566,0.002392566
1561.6407928765002,1561.6407928765002,0.9848721,0.0023931377
1561.6421817648186,1561.6421817648186,0.9877434,0.0023958196
1561.643570653137,1561.643570653137,0.98297876,0.00238831
1561.6449595414554,1561.6449595414554,0.98166466,0.0023922864
1561.646348429541,1561.646348429541,0.9856268,0.0023928685
1561.6477373178593,1561.6477373178593,0.9822702,0.0023896252
1561.649126206177,1561.649126206177,0.9871116,0.002396939
1561.6505150944947,1561.6505150944947,0.9855446,0.0023951798
1561.65190398258,1561.65190398258,0.9856177,0.0023941319
1561.6532928708984,1561.6532928708984,0.9882196,0.0023932976
1561.6546817592161,1561.6546817592161,0.989429,0.0023918592
1561.6560706473017,1561.6560706473017,0.9841171,0.0023895816
1561.65745953562,1561.65745953562,0.98724973,0.0023923665
1561.6588484239385,1561.6588484239385,0.98470986,0.0023955498
1561.660237312024,1561.660237312024,0.9861936,0.0023925803
1561.6616262003424,1561.6616262003424,0.9861874,0.0023908606
1561.6630150886608,1561.6630150886608,0.9863875,0.0023908995
1561.6644039767457,1561.6644039767457,0.9843261,0.0023889467
1561.665792865064,1561.665792865064,0.988351,0.0023927432
1561.6671817533822,1561.6671817533822,0.98906916,0.0023945775
1561.668570641467,1561.668570641467,0.98563856,0.0023946252
1561.6699595297848,1561.6699595297848,0.988966,0.002392475
1561.6713484181032,1561.6713484181032,0.98581517,0.0023930846
1561.6727373061888,1561.6727373061888,0.9890225,0.0023958245
1561.6741261945072,1561.6741261945072,0.9878671,0.0023925698
1561.6755150825927,1561.6755150825927,0.9869188,0.002391834
1561.676903970911,1561.676903970911,0.9909296,0.002394274
1561.6782928589967,1561.6782928589967,0.98758775,0.002391364
1561.6796817473144,1561.6796817473144,0.989791,0.002393451
1561.6810706356325,1561.6810706356325,0.98663527,0.0023931474
1561.682459523718,1561.682459523718,0.98606575,0.0023939365
1561.6838484120358,1561.6838484120358,0.9855393,0.0023904801
1561.6852373001207,1561.6852373001207,0.98607266,0.0023945314
1561.686626188439,1561.686626188439,0.9877548,0.0023932331
1561.6880150765246,1561.6880150765246,0.9870217,0.0023912815
1561.689403964843,1561.689403964843,0.98705983,0.002395637
1561.6907928529286,1561.6907928529286,0.98686236,0.0023917395
1561.692181741247,1561.692181741247,0.98870754,0.0023946562
1561.6935706293323,1561.6935706293323,0.98859876,0.0023937447
1561.69495951765,1561.69495951765,0.9898125,0.0023931023
1561.6963484057355,1561.6963484057355,0.9889023,0.0024041254
1561.697737294054,1561.697737294054,0.9875498,0.0023930676
1561.6991261821388,1561.6991261821388,0.9891546,0.0023916208
1561.7005150702237,1561.7005150702237,0.9910539,0.0023920892
1561.701903958542,1561.701903958542,0.9927381,0.002396587
1561.7032928466276,1561.7032928466276,0.9882926,0.002392475
1561.704681734946,1561.704681734946,0.9910376,0.0023935828
1561.7060706230316,1561.7060706230316,0.99179554,0.0023957046
1561.7074595113497,1561.7074595113497,0.9896197,0.0023955924
1561.7088483994353,1561.7088483994353,0.9906633,0.0023934445
1561.7102372875202,1561.7102372875202,0.99221253,0.0023953128
1561.7116261758385,1561.7116261758385,0.9919334,0.002395375
1561.713015063924,1561.713015063924,0.99435484,0.0023949144
1561.714403952009,1561.714403952009,0.9896971,0.0023929751
1561.7157928403267,1561.7157928403267,0.9887572,0.0023946867
1561.7171817284122,1561.7171817284122,0.99446845,0.0023946734
1561.7185706164978,1561.7185706164978,0.99115187,0.0023955412
1561.7199595048162,1561.7199595048162,0.9924859,0.002395124
1561.7213483929015,1561.7213483929015,0.9952931,0.0024046542
1561.722737280987,1561.722737280987,0.9948296,0.0023964518
1561.7241261693055,1561.7241261693055,0.9920767,0.0023959477
1561.7255150573903,1561.7255150573903,0.9927661,0.002399049
1561.726903945476,1561.726903945476,0.9943314,0.0023952757
1561.7282928337943,1561.7282928337943,0.9882135,0.0023937249
1561.7296817218792,1561.7296817218792,0.98908025,0.002392199
1561.731070609964,1561.731070609964,0.99185026,0.0023974755
1561.7324594980496,1561.7324594980496,0.9900665,0.0023944762
1561.733848386368,1561.733848386368,0.9946609,0.002395933
1561.7352372744533,1561.7352372744533,0.993612,0.0023932287
1561.7366261625389,1561.7366261625389,0.98984647,0.00239274
1561.7380150506244,1561.7380150506244,0.9956284,0.002396572
1561.7394039389428,1561.7394039389428,0.9912118,0.0023928725
1561.7407928270277,1561.7407928270277,0.9952685,0.0023983093
1561.7421817151132,1561.7421817151132,0.9909856,0.002394065
1561.7435706031988,1561.7435706031988,0.9930989,0.0024029992
1561.7449594912837,1561.7449594912837,0.99462354,0.0023952075
1561.7463483796014,1561.7463483796014,0.99387544,0.002395102
1561.747737267687,1561.747737267687,0.9940369,0.0024011726
1561.7491261557723,1561.7491261557723,0.9949633,0.00239343
1561.7505150438578,1561.7505150438578,0.9972529,0.0023972723
1561.7519039319434,1561.7519039319434,0.9947492,0.0023975708
1561.753292820029,1561.753292820029,0.99656916,0.0023983396
1561.7546817081145,1561.7546817081145,0.9956428,0.0023997528
1561.7560705964322,1561.7560705964322,0.99305296,0.0023936303
1561.7574594845178,1561.7574594845178,0.9954489,0.0024049103
1561.7588483726033,1561.7588483726033,0.99383026,0.002399057
1561.7602372606882,1561.7602372606882,0.99473464,0.002400054
1561.761626148773,1561.761626148773,0.99766886,0.0024096144
1561.7630150368584,1561.7630150368584,0.9936314,0.0023955817
1561.764403924944,1561.764403924944,0.9933821,0.0023959163
1561.7657928130295,1561.7657928130295,0.9953272,0.0023940715
1561.767181701115,1561.767181701115,0.99501914,0.002403749
1561.7685705892006,1561.7685705892006,0.9979936,0.0023953905
1561.7699594772862,1561.7699594772862,0.9966207,0.0023966946
1561.771348365371,1561.771348365371,0.9961673,0.0023953698
1561.7727372534566,1561.7727372534566,0.99402124,0.002396232
1561.7741261415422,1561.7741261415422,0.9970667,0.0023977116
1561.77551502986,1561.77551502986,0.9952116,0.002399761
1561.7769039179445,1561.7769039179445,0.99745816,0.0023972534
1561.77829280603,1561.77829280603,0.9993023,0.0023989924
1561.7796816941157,1561.7796816941157,0.9951884,0.0023959507
1561.7810705819684,1561.7810705819684,0.99437535,0.0023992974
1561.7824594700546,1561.7824594700546,0.99710757,0.002396933
1561.7838483581402,1561.7838483581402,0.9983227,0.0023975712
1561.785237246225,1561.785237246225,0.9989573,0.002395953
1561.78662613431,1561.78662613431,0.9991673,0.002401095
1561.7880150223955,1561.7880150223955,0.9967805,0.0024005393
1561.789403910481,1561.789403910481,0.99751127,0.002395831
1561.790792798566,1561.790792798566,0.99964356,0.0023978911
1561.7921816866506,1561.7921816866506,0.9953197,0.0023952588
1561.7935705747361,1561.7935705747361,1.0013833,0.0024064265
1561.7949594628217,1561.7949594628217,0.998611,0.0023977214
1561.7963483509072,1561.7963483509072,0.99876386,0.0023960103
1561.7977372389935,1561.7977372389935,0.998231,0.0023962692
1561.799126127079,1561.799126127079,0.99823964,0.0023975936
1561.800515014931,1561.800515014931,0.99733686,0.0023969277
1561.801903903016,1561.801903903016,0.9974189,0.002397218
1561.8032927911015,1561.8032927911015,0.9990735,0.0023964224
1561.8046816791868,1561.8046816791868,0.99808365,0.0023956532
1561.8060705672717,1561.8060705672717,0.99762034,0.0023975368
1561.8074594553566,1561.8074594553566,0.9957875,0.0023965968
1561.8088483432093,1561.8088483432093,0.99830824,0.0023964667
1561.8102372312949,1561.8102372312949,1.0018708,0.0024007945
1561.8116261193804,1561.8116261193804,0.99856585,0.002396098
1561.8130150074667,1561.8130150074667,0.9989573,0.002396475
1561.8144038955522,1561.8144038955522,0.9997234,0.0023972914
1561.8157927834043,1561.8157927834043,1.0005025,0.0023988064
1561.8171816714892,1561.8171816714892,0.99932915,0.0023981922
1561.8185705595747,1561.8185705595747,1.0006043,0.0023988406
1561.8199594476603,1561.8199594476603,0.9990574,0.002396897
1561.821348335745,1561.821348335745,0.99822193,0.002399485
1561.822737223597,1561.822737223597,0.9958233,0.0023950683
1561.8241261116825,1561.8241261116825,1.0014518,0.0023970501
1561.825514999768,1561.825514999768,1.0014628,0.0024048153
1561.8269038876208,1561.8269038876208,1.0011494,0.002399003
1561.828292775707,1561.828292775707,1.0016134,0.0023979666
1561.8296816637926,1561.8296816637926,0.9975756,0.0023993792
1561.8310705518775,1561.8310705518775,0.9995417,0.0023974439
1561.8324594397293,1561.8324594397293,0.99870384,0.002397015
1561.8338483278148,1561.8338483278148,0.99920964,0.0023987433
1561.8352372159004,1561.8352372159004,1.0008171,0.002403595
1561.8366261037525,1561.8366261037525,1.0032816,0.0024006595
1561.8380149918373,1561.8380149918373,1.0001683,0.0023973633
1561.8394038799229,1561.8394038799229,1.0034394,0.0024032828
1561.8407927677756,1561.8407927677756,0.9990889,0.0024005307
1561.8421816558612,1561.8421816558612,1.0010734,0.002399841
1561.8435705437146,1561.8435705437146,1.0011197,0.0024078414
1561.8449594318001,1561.8449594318001,1.0010749,0.0024005112
1561.846348319885,1561.846348319885,1.0004728,0.0023975384
1561.8477372077368,1561.8477372077368,1.0028156,0.0023969205
1561.8491260958224,1561.8491260958224,1.001176,0.0023999414
1561.850514983675,1561.850514983675,1.0013423,0.0023987682
1561.85190387176,1561.85190387176,0.9991618,0.0023991757
1561.8532927598449,1561.8532927598449,1.0006802,0.002399649
1561.8546816476976,1561.8546816476976,1.0025082,0.0024035145
1561.8560705357831,1561.8560705357831,1.0022751,0.0024009726
1561.8574594236359,1561.8574594236359,1.003158,0.0023985815
1561.858848311722,1561.858848311722,1.003261,0.0023973663
1561.8602371995748,1561.8602371995748,1.0026938,0.0024007687
1561.8616260876595,1561.8616260876595,1.0011919,0.002401549
1561.8630149755115,1561.8630149755115,1.0012623,0.002398338
1561.864403863597,1561.864403863597,1.0011063,0.0023988502
1561.8657927514498,1561.8657927514498,1.0035034,0.0024022846
1561.8671816395347,1561.8671816395347,1.0036832,0.0024004383
1561.8685705273867,1561.8685705273867,1.00367,0.0023986236
1561.8699594154723,1561.8699594154723,1.0005167,0.0024016683
1561.871348303325,1561.871348303325,1.0050327,0.0024000953
1561.8727371914106,1561.8727371914106,1.002422,0.002402648
1561.874126079264,1561.874126079264,1.0033118,0.0024001475
1561.8755149673495,1561.8755149673495,1.0027299,0.0024052574
1561.8769038552014,1561.8769038552014,1.0013365,0.0023991524
1561.8782927432862,1561.8782927432862,1.0040617,0.0023990897
1561.879681631139,1561.879681631139,1.0021791,0.002399293
1561.8810705189917,1561.8810705189917,0.99998266,0.0024006555
1561.8824594070766,1561.8824594070766,1.0031486,0.0023997538
1561.8838482949293,1561.8838482949293,1.0029544,0.0024028865
1561.8852371830149,1561.8852371830149,1.0036215,0.0023992378
1561.886626070867,1561.886626070867,1.0023209,0.0023985205
1561.8880149587196,1561.8880149587196,1.0047152,0.0023997808
1561.8894038468059,1561.8894038468059,1.0027554,0.002402268
1561.8907927346584,1561.8907927346584,1.0030438,0.0024023184
1561.8921816225104,1561.8921816225104,1.0018097,0.0024015491
1561.8935705105953,1561.8935705105953,1.0046186,0.0024023757
1561.894959398448,1561.894959398448,1.0048976,0.002400266
1561.8963482863007,1561.8963482863007,1.0067433,0.002403138
1561.8977371743856,1561.8977371743856,1.0074545,0.00240515
1561.8991260622383,1561.8991260622383,1.0057324,0.0024013654
1561.900514950091,1561.900514950091,1.0094316,0.0024105504
1561.901903838176,1561.901903838176,1.0026777,0.0024006246
1561.9032927260284,1561.9032927260284,1.006791,0.0024004814
1561.9046816138818,1561.9046816138818,1.0061113,0.0024030867
1561.9060705017346,1561.9060705017346,1.0038056,0.0024010646
1561.9074593898195,1561.9074593898195,1.0105238,0.002401855
1561.9088482776715,1561.9088482776715,1.0079416,0.002403864
1561.9102371655242,1561.9102371655242,1.0038302,0.002404062
1561.911626053377,1561.911626053377,1.0073771,0.0024017724
1561.9130149414618,1561.9130149414618,1.0062397,0.0024075876
1561.9144038293146,1561.9144038293146,1.0081859,0.002401412
1561.9157927171673,1561.9157927171673,1.0100785,0.0024021221
1561.917181605019,1561.917181605019,1.0104883,0.0024017347
1561.9185704928718,1561.9185704928718,1.0057167,0.0024022711
1561.919959380958,1561.919959380958,1.0076907,0.0024042614
1561.9213482688108,1561.9213482688108,1.0045437,0.0024031787
1561.9227371566628,1561.9227371566628,1.0092816,0.0024078293
1561.9241260445149,1561.9241260445149,1.0057267,0.00240609
1561.9255149323676,1561.9255149323676,1.0096867,0.0024046013
1561.9269038202203,1561.9269038202203,1.0068024,0.0024026658
1561.9282927083052,1561.9282927083052,1.0071955,0.0024078316
1561.929681596158,1561.929681596158,1.0050112,0.002409443
1561.9310704840107,1561.9310704840107,1.0103538,0.002405847
1561.9324593718625,1561.9324593718625,1.0075905,0.0024062528
1561.9338482597152,1561.9338482597152,1.0064834,0.0024015813
1561.9352371475686,1561.9352371475686,1.0073873,0.002402432
1561.9366260354213,1561.9366260354213,1.0085794,0.002404537
1561.9380149232734,1561.9380149232734,1.0081401,0.0024049901
1561.9394038111254,1561.9394038111254,1.0067588,0.0024010884
1561.9407926989782,1561.9407926989782,1.0089204,0.0024020597
1561.9421815870637,1561.9421815870637,1.0116153,0.0024045913
1561.9435704749155,1561.9435704749155,1.0072821,0.0024068195
1561.9449593627683,1561.9449593627683,1.0075926,0.0024018514
1561.946348250621,1561.946348250621,1.0056623,0.002400028
1561.947737138473,1561.947737138473,1.0080109,0.0024026579
1561.9491260263258,1561.9491260263258,1.0087695,0.002402097
1561.9505149141792,1561.9505149141792,1.0091559,0.0024035256
1561.951903802032,1561.951903802032,1.0062288,0.0024021917
1561.953292689884,1561.953292689884,1.011961,0.002405962
1561.954681577736,1561.954681577736,1.0082724,0.0024028698
1561.9560704655887,1561.9560704655887,1.0123686,0.0024048924
1561.9574593534414,1561.9574593534414,1.0089943,0.002402688
1561.9588482412935,1561.9588482412935,1.0107485,0.0024029887
1561.960237129146,1561.960237129146,1.0073564,0.0023995833
1561.9616260167659,1561.9616260167659,1.0111256,0.002407071
1561.963014904618,1561.963014904618,1.0083045,0.0024059915
1561.9644037924706,1561.9644037924706,1.0068302,0.0023993417
1561.965792680324,1561.965792680324,1.0102841,0.0024056816
1561.9671815681768,1561.9671815681768,1.0096265,0.0024013836
1561.9685704560288,1561.9685704560288,1.0066355,0.0024093231
1561.9699593438809,1561.9699593438809,1.0087067,0.0024059524
1561.9713482317336,1561.9713482317336,1.0058326,0.0024068535
1561.972737119586,1561.972737119586,1.0128211,0.0024117657
1561.9741260074381,1561.9741260074381,1.0120069,0.0024131893
1561.9755148952909,1561.9755148952909,1.0071579,0.0024025275
1561.9769037829108,1561.9769037829108,1.0121981,0.0024060819
1561.9782926707628,1561.9782926707628,1.0077583,0.0024010644
1561.9796815586155,1561.9796815586155,1.0113918,0.002405808
1561.981070446469,1561.981070446469,1.0094285,0.0024012811
1561.9824593343217,1561.9824593343217,1.0090204,0.0024083871
1561.9838482221737,1561.9838482221737,1.0112422,0.0024046951
1561.985237109793,1561.985237109793,1.0082308,0.002404532
1561.9866259976454,1561.9866259976454,1.0118666,0.0024021948
1561.9880148854982,1561.9880148854982,1.0095117,0.0024088132
1561.9894037733502,1561.9894037733502,1.0106975,0.0024016562
1561.990792661203,1561.990792661203,1.0068738,0.0024055704
1561.9921815488228,1561.9921815488228,1.0119958,0.0024099043
1561.9935704366749,1561.9935704366749,1.0083785,0.0024032323
1561.994959324527,1561.994959324527,1.008665,0.0024048078
1561.9963482123803,1561.9963482123803,1.0130209,0.0024037412
1561.997737100001,1561.997737100001,1.0114461,0.0024006057
1561.999125987853,1561.999125987853,1.0083613,0.0024015275
1562.0005148757057,1562.0005148757057,1.0126256,0.002404004
1562.0019037633253,1562.0019037633253,1.0112237,0.0024025096
1562.0032926511774,1562.0032926511774,1.0113626,0.0024026986
1562.0046815390294,1562.0046815390294,1.0117538,0.002419194
1562.0060704268822,1562.0060704268822,1.0092161,0.0024027168
1562.007459314502,1562.007459314502,1.0110763,0.0024029887
1562.008848202354,1562.008848202354,1.0144846,0.002408026
1562.0102370902061,1562.0102370902061,1.0127896,0.0024048977
1562.0116259778267,1562.0116259778267,1.0125213,0.0024067333
1562.0130148656801,1562.0130148656801,1.0114628,0.0024052095
1562.0144037535322,1562.0144037535322,1.0117564,0.0024040714
1562.0157926411518,1562.0157926411518,1.0094491,0.0024132398
1562.0171815290046,1562.0171815290046,1.0116684,0.0024045925
1562.0185704166238,1562.0185704166238,1.0086004,0.0024012076
1562.0199593044758,1562.0199593044758,1.0096582,0.0024032178
1562.0213481923286,1562.0213481923286,1.0129699,0.0024046532
1562.0227370799485,1562.0227370799485,1.0146596,0.0024028032
1562.0241259678005,1562.0241259678005,1.0138828,0.00241405
1562.0255148554197,1562.0255148554197,1.0112259,0.0024043876
1562.0269037432731,1562.0269037432731,1.011798,0.0024063217
1562.0282926311263,1562.0282926311263,1.0130652,0.0024059815
1562.0296815187455,1562.0296815187455,1.0105103,0.0024034432
1562.0310704065982,1562.0310704065982,1.0112886,0.0024058416
1562.0324592942181,1562.0324592942181,1.0118409,0.0024038963
1562.0338481820702,1562.0338481820702,1.012651,0.0024084577
1562.0352370696894,1562.0352370696894,1.0131897,0.0024041603
1562.0366259575421,1562.0366259575421,1.0133402,0.0024037107
1562.038014845162,1562.038014845162,1.0139207,0.002403965
1562.039403733014,1562.039403733014,1.0162851,0.0024054847
1562.0407926206333,1562.0407926206333,1.0130086,0.0024027643
1562.0421815084865,1562.0421815084865,1.0129137,0.0024047953
1562.043570396107,1562.043570396107,1.0114481,0.002408693
1562.044959283959,1562.044959283959,1.0126101,0.002404346
1562.046348171579,1562.046348171579,1.0126204,0.0024052626
1562.0477370594317,1562.0477370594317,1.0158764,0.0024062516
1562.049125947051,1562.049125947051,1.0115472,0.0024032055
1562.0505148346701,1562.0505148346701,1.01213,0.0024044346
1562.0519037225229,1562.0519037225229,1.0109944,0.0024005899
1562.0532926101428,1562.0532926101428,1.0119345,0.0024128868
1562.0546814979948,1562.0546814979948,1.0092732,0.002404194
1562.0560703856138,1562.0560703856138,1.0115602,0.0024045396
1562.0574592732344,1562.0574592732344,1.0148304,0.002404426
1562.0588481610878,1562.0588481610878,1.0129446,0.0024033976
1562.060237048707,1562.060237048707,1.0127903,0.002402671
1562.0616259365597,1562.0616259365597,1.0133344,0.0024047645
1562.0630148241796,1562.0630148241796,1.0170592,0.002407202
1562.0644037117988,1562.0644037117988,1.0133848,0.0024065142
1562.0657925996509,1562.0657925996509,1.0139189,0.0024068193
1562.0671814872708,1562.0671814872708,1.0138271,0.0024047892
1562.0685703748907,1562.0685703748907,1.0103027,0.0024041012
1562.0699592627427,1562.0699592627427,1.0104896,0.0024121995
1562.0713481503617,1562.0713481503617,1.0109439,0.0024058458
1562.0727370379823,1562.0727370379823,1.014522,0.0024117548
1562.0741259258357,1562.0741259258357,1.0140133,0.0024041422
1562.075514813455,1562.075514813455,1.0138937,0.0024043173
1562.0769037010748,1562.0769037010748,1.016213,0.00240531
1562.0782925886947,1562.0782925886947,1.0128326,0.0024106104
1562.0796814765467,1562.0796814765467,1.0121202,0.0024045843
1562.081070364166,1562.081070364166,1.0117818,0.0024033664
1562.0824592517858,1562.0824592517858,1.0141138,0.0024069771
1562.0838481394055,1562.0838481394055,1.0174817,0.0024061727
1562.0852370272576,1562.0852370272576,1.0120584,0.002404775
1562.0866259148768,1562.0866259148768,1.0140798,0.0024056365
1562.0880148024967,1562.0880148024967,1.0110255,0.0024049361
1562.0894036901173,1562.0894036901173,1.0124987,0.0024036309
1562.0907925777371,1562.0907925777371,1.014711,0.0024070358
1562.0921814655899,1562.0921814655899,1.016743,0.0024111792
1562.0935703532098,1562.0935703532098,1.0160979,0.002405755
1562.094959240829,1562.094959240829,1.0139402,0.0024027787
1562.0963481284482,1562.0963481284482,1.0093641,0.0024041962
1562.0977370160679,1562.0977370160679,1.0113844,0.002407056
1562.0991259036878,1562.0991259036878,1.0121862,0.0024102512
1562.1005147915398,1562.1005147915398,1.0111796,0.0024052265
1562.101903679159,1562.101903679159,1.0122486,0.0024101078
1562.103292566779,1562.103292566779,1.015376,0.0024091988
1562.1046814543995,1562.1046814543995,1.0124773,0.0024049853
1562.1060703420194,1562.1060703420194,1.0120094,0.0024062297
1562.1074592296393,1562.1074592296393,1.010061,0.0024014043
1562.1088481172592,1562.1088481172592,1.0108966,0.0024050933
1562.1102370048784,1562.1102370048784,1.0115,0.0024048693
1562.1116258924974,1562.1116258924974,1.014387,0.0024092498
1562.1130147801173,1562.1130147801173,1.0119504,0.002401524
1562.11440366797,1562.11440366797,1.0126936,0.0024073133
1562.1157925555892,1562.1157925555892,1.0131383,0.0024041513
1562.1171814432091,1562.1171814432091,1.015198,0.0024044677
1562.118570330829,1562.118570330829,1.0140363,0.002404459
1562.119959218449,1562.119959218449,1.0144705,0.002407205
1562.1213481060688,1562.1213481060688,1.0154967,0.002405699
1562.1227369936887,1562.1227369936887,1.0139742,0.0024044996
1562.1241258813086,1562.1241258813086,1.015626,0.0024058293
1562.1255147689278,1562.1255147689278,1.0144837,0.0024044684
1562.1269036565468,1562.1269036565468,1.0155498,0.002405322
1562.1282925441667,1562.1282925441667,1.0159872,0.0024045745
1562.1296814317866,1562.1296814317866,1.0140297,0.002405865
1562.1310703194058,1562.1310703194058,1.0144194,0.002406976
1562.1324592070257,1562.1324592070257,1.0142001,0.0024063154
1562.1338480946456,1562.1338480946456,1.0116417,0.002401411
1562.1352369822655,1562.1352369822655,1.0114155,0.0024054467
1562.1366258696526,1562.1366258696526,1.0132629,0.0024154242
1562.1380147572725,1562.1380147572725,1.0147495,0.0024074048
1562.1394036448921,1562.1394036448921,1.014224,0.0024052183
1562.1407925325113,1562.1407925325113,1.0176476,0.0024067317
1562.1421814201306,1562.1421814201306,1.0116199,0.0024053904
1562.1435703077505,1562.1435703077505,1.0135514,0.0024042674
1562.1449591953703,1562.1449591953703,1.015134,0.0024054083
1562.1463480829896,1562.1463480829896,1.0117635,0.0024044514
1562.1477369706095,1562.1477369706095,1.0135733,0.0024029047
1562.1491258579965,1562.1491258579965,1.0102736,0.0024059385
1562.1505147456157,1562.1505147456157,1.0148377,0.002404719
1562.1519036332356,1562.1519036332356,1.0148317,0.0024164137
1562.1532925208562,1562.1532925208562,1.0178899,0.0024058793
1562.154681408476,1562.154681408476,1.014232,0.002405902
1562.156070296095,1562.156070296095,1.0146234,0.0024046223
1562.1574591834815,1562.1574591834815,1.0173278,0.00240538
1562.1588480711014,1562.1588480711014,1.0096959,0.0024022006
1562.1602369587213,1562.1602369587213,1.0115249,0.002403448
1562.1616258463405,1562.1616258463405,1.0158931,0.0024059427
1562.1630147339604,1562.1630147339604,1.0112696,0.002402447
1562.1644036213474,1562.1644036213474,1.0144587,0.0024036367
1562.1657925089667,1562.1657925089667,1.0108509,0.0024046078
1562.1671813965866,1562.1671813965866,1.0128024,0.0024041499
1562.168570284207,1562.168570284207,1.0097283,0.0024047883
1562.169959171594,1562.169959171594,1.0105788,0.002404515
1562.1713480592132,1562.1713480592132,1.0106372,0.0024034146
1562.1727369468324,1562.1727369468324,1.009584,0.0024027633
1562.1741258344523,1562.1741258344523,1.0133243,0.0024048074
1562.1755147218394,1562.1755147218394,1.0091636,0.0024023459
1562.1769036094586,1562.1769036094586,1.0110168,0.0024021687
1562.1782924970785,1562.1782924970785,1.0151968,0.0024049613
1562.1796813844655,1562.1796813844655,1.0121915,0.0024011896
1562.1810702720848,1562.1810702720848,1.0151459,0.0024050565
1562.1824591597044,1562.1824591597044,1.014202,0.0024046584
1562.1838480470922,1562.1838480470922,1.0122433,0.0024028872
1562.185236934712,1562.185236934712,1.0149071,0.002404226
1562.1866258223313,1562.1866258223313,1.0088565,0.0024048812
1562.1880147097177,1562.1880147097177,1.0118165,0.0024038437
1562.1894035973376,1562.1894035973376,1.0116503,0.0024036632
1562.1907924847246,1562.1907924847246,1.0102341,0.002407347
1562.1921813723438,1562.1921813723438,1.0150441,0.0024025529
1562.1935702599637,1562.1935702599637,1.0064145,0.0024020819
1562.1949591473506,1562.1949591473506,1.0111183,0.0024018236
1562.1963480349698,1562.1963480349698,1.0098026,0.002402792
1562.1977369223569,1562.1977369223569,1.0093149,0.002403963
1562.1991258099774,1562.1991258099774,1.0164922,0.002405617
1562.2005146975973,1562.2005146975973,1.0092846,0.0024048877
1562.2019035849837,1562.2019035849837,1.0126262,0.0024037128
1562.203292472603,1562.203292472603,1.0124526,0.002405902
1562.20468135999,1562.20468135999,1.0119774,0.0024055042
1562.20607024761,1562.20607024761,1.0107092,0.0024004506
1562.2074591349963,1562.2074591349963,1.0112542,0.002403962
1562.208848022616,1562.208848022616,1.0099517,0.0023997703
1562.210236910003,1562.210236910003,1.0121931,0.0024060023
1562.2116257976222,1562.2116257976222,1.0109488,0.0024096158
1562.2130146850086,1562.2130146850086,1.0127778,0.0024125928
1562.2144035726292,1562.2144035726292,1.009013,0.002401501
1562.215792460017,1562.215792460017,1.0113219,0.0024035522
1562.2171813476361,1562.2171813476361,1.0112334,0.0024046185
1562.2185702350232,1562.2185702350232,1.0115193,0.002401486
1562.2199591224103,1562.2199591224103,1.0122755,0.0024067126
1562.2213480100295,1562.2213480100295,1.0132782,0.0024047908
1562.2227368974156,1562.2227368974156,1.0109917,0.002402325
1562.2241257850355,1562.2241257850355,1.0117366,0.0024039873
1562.2255146724226,1562.2255146724226,1.0127605,0.0024008814
1562.2269035600418,1562.2269035600418,1.0105304,0.0024073843
1562.2282924474282,1562.2282924474282,1.009526,0.0024048123
1562.229681334816,1562.229681334816,1.010094,0.0024044144
1562.2310702224365,1562.2310702224365,1.0110904,0.0024078996
1562.232459109823,1562.232459109823,1.0096487,0.0024031613
1562.23384799721,1562.23384799721,1.0117283,0.0024061028
1562.2352368848299,1562.2352368848299,1.0123261,0.002405076
1562.2366257722163,1562.2366257722163,1.0094339,0.002402458
1562.2380146598352,1562.2380146598352,1.0117488,0.002403627
1562.2394035472223,1562.2394035472223,1.0113776,0.0024081927
1562.2407924346094,1562.2407924346094,1.0120276,0.0024056404
1562.2421813219958,1562.2421813219958,1.0098363,0.002402037
1562.243570209615,1562.243570209615,1.0108242,0.002403988
1562.2449590970027,1562.2449590970027,1.0109528,0.0024049657
1562.2463479843905,1562.2463479843905,1.0127156,0.0024019487
1562.2477368720097,1562.2477368720097,1.0109742,0.002403449
1562.2491257593967,1562.2491257593967,1.0096277,0.0024013438
1562.2505146467838,1562.2505146467838,1.0088853,0.0024036935
1562.25190353417,1562.25190353417,1.0086491,0.0024023755
1562.2532924217892,1562.2532924217892,1.0108762,0.0024060719
1562.2546813091762,1562.2546813091762,1.0087831,0.0024003845
1562.2560701965633,1562.2560701965633,1.0095829,0.0024000034
1562.2574590839497,1562.2574590839497,1.0134993,0.002404265
1562.258847971569,1562.258847971569,1.0062902,0.0024030856
1562.260236858956,1562.260236858956,1.0099554,0.00240116
1562.2616257463437,1562.2616257463437,1.0068536,0.0024013286
1562.2630146337308,1562.2630146337308,1.0134407,0.002406275
1562.2644035211179,1562.2644035211179,1.0082089,0.0024068533
1562.2657924087378,1562.2657924087378,1.0101333,0.0024041613
1562.267181296124,1562.267181296124,1.0115985,0.0024021405
1562.2685701835103,1562.2685701835103,1.0063715,0.0024117057
1562.2699590708974,1562.2699590708974,1.0077153,0.0023989591
1562.2713479582844,1562.2713479582844,1.0074881,0.002408818
1562.2727368456708,1562.2727368456708,1.0098829,0.0024006271
1562.2741257330572,1562.2741257330572,1.012932,0.0024046474
1562.275514620677,1562.275514620677,1.0055194,0.0024003775
1562.2769035080648,1562.2769035080648,1.0098494,0.002405308
1562.2782923954517,1562.2782923954517,1.0086257,0.002405537
1562.2796812828387,1562.2796812828387,1.010761,0.0024023817
1562.2810701702258,1562.2810701702258,1.0062691,0.002400398
1562.2824590576122,1562.2824590576122,1.0109043,0.002402955
1562.2838479449986,1562.2838479449986,1.0129036,0.0024034113
1562.2852368323856,1562.2852368323856,1.0119525,0.0024019852
1562.2866257197727,1562.2866257197727,1.0059139,0.0024006534
1562.288014607159,1562.288014607159,1.0101163,0.0024014076
1562.2894034945455,1562.2894034945455,1.0087949,0.0024048653
1562.2907923819325,1562.2907923819325,1.0076094,0.002398713
1562.2921812693203,1562.2921812693203,1.0079225,0.00240459
1562.2935701567073,1562.2935701567073,1.0089823,0.0024053557
1562.2949590440942,1562.2949590440942,1.0074944,0.002401008
1562.2963479314813,1562.2963479314813,1.004083,0.0024000749
1562.2977368188676,1562.2977368188676,1.0109043,0.0023997817
1562.299125706254,1562.299125706254,1.0090384,0.0024059908
1562.300514593641,1562.300514593641,1.0042039,0.0024002565
1562.3019034810281,1562.3019034810281,1.0102777,0.0024016094
1562.3032923684145,1562.3032923684145,1.0074991,0.002402822
1562.304681255801,1562.304681255801,1.0090518,0.002400622
1562.306070143188,1562.306070143188,1.0111293,0.0024022732
1562.3074590305748,1562.3074590305748,1.0106213,0.0024020826
1562.3088479179619,1562.3088479179619,1.0060455,0.002401112
1562.3102368053496,1562.3102368053496,1.0051161,0.0024007782
1562.3116256927367,1562.3116256927367,1.0077916,0.0024032719
1562.313014580123,1562.313014580123,1.0043694,0.0024043496
1562.3144034675095,1562.3144034675095,1.0072771,0.0023995135
1562.3157923546637,1562.3157923546637,1.00695,0.002400183
1562.3171812420508,1562.3171812420508,1.0082684,0.002403716
1562.3185701294371,1562.3185701294371,1.008973,0.0024029363
1562.3199590168235,1562.3199590168235,1.0092489,0.0024017221
1562.3213479042104,1562.3213479042104,1.007693,0.002398114
1562.3227367915974,1562.3227367915974,1.007157,0.0024002392
1562.3241256789845,1562.3241256789845,1.0061647,0.0023983584
1562.3255145661394,1562.3255145661394,1.0083014,0.0024016674
1562.3269034535265,1562.3269034535265,1.0050837,0.0023996357
1562.3282923409129,1562.3282923409129,1.0071099,0.002401
1562.3296812282993,1562.3296812282993,1.007446,0.0024117923
1562.3310701156863,1562.3310701156863,1.0080795,0.0024015717
1562.3324590028406,1562.3324590028406,1.0103997,0.0024021755
1562.3338478902267,1562.3338478902267,1.0071133,0.0024019072
1562.3352367776138,1562.3352367776138,1.0051768,0.0024028593
1562.3366256650008,1562.3366256650008,1.0060769,0.0024031848
1562.3380145521544,1562.3380145521544,1.0054495,0.002398946
1562.3394034395415,1562.3394034395415,1.0056268,0.0024004672
1562.3407923269292,1562.3407923269292,1.0051607,0.002398076
1562.3421812143163,1562.3421812143163,1.0085878,0.0024006038
1562.3435701014698,1562.3435701014698,1.0057971,0.0024001107
1562.3449589888562,1562.3449589888562,1.006161,0.0024001235
1562.3463478762433,1562.3463478762433,1.0026971,0.0023999026
1562.3477367633975,1562.3477367633975,1.0063354,0.0024049159
1562.349125650784,1562.349125650784,1.005333,0.0023987931
1562.3505145381707,1562.3505145381707,1.007017,0.002401886
1562.351903425325,1562.351903425325,1.0075277,0.002402202
1562.3532923127113,1562.3532923127113,1.0064639,0.0024000343
1562.3546812000977,1562.3546812000977,1.0073235,0.0024047208
1562.3560700872526,1562.3560700872526,1.0021719,0.0023968664
1562.3574589746404,1562.3574589746404,1.0050613,0.0024043573
1562.3588478620268,1562.3588478620268,1.005845,0.0023979472
1562.3602367491803,1562.3602367491803,1.0027928,0.0023989584
1562.3616256365674,1562.3616256365674,1.0014828,0.0024018413
1562.3630145237214,1562.3630145237214,1.0085447,0.0023985133
1562.3644034111078,1562.3644034111078,1.0068364,0.002400039
1562.3657922984949,1562.3657922984949,1.0100982,0.0024059084
1562.367181185649,1562.367181185649,1.0112344,0.0024029796
1562.3685700730355,1562.3685700730355,1.0046288,0.0023986923
1562.369958960189,1562.369958960189,1.0039446,0.0023960269
1562.3713478475768,1562.3713478475768,1.0066494,0.0023996811
1562.3727367347317,1562.3727367347317,1.0062923,0.0023987284
1562.374125622118,1562.374125622118,1.0018213,0.002397842
1562.3755145092716,1562.3755145092716,1.0028238,0.0023961607
1562.3769033966585,1562.3769033966585,1.0067105,0.0024042302
1562.3782922840455,1562.3782922840455,1.0086836,0.0024033268
1562.379681171199,1562.379681171199,1.002123,0.0023991317
1562.3810700585861,1562.3810700585861,1.0025826,0.0023998
1562.3824589457404,1562.3824589457404,1.003111,0.0023997163
1562.383847832894,1562.383847832894,1.0036281,0.0024007566
1562.3852367202803,1562.3852367202803,1.0053225,0.0023999123
1562.3866256074346,1562.3866256074346,1.004643,0.0023984
1562.3880144948223,1562.3880144948223,1.0035052,0.0023986963
1562.3894033819765,1562.3894033819765,1.0048009,0.002400929
1562.3907922693627,1562.3907922693627,1.0046511,0.0023971652
1562.392181156517,1562.392181156517,1.0043013,0.002399084
1562.393570043904,1562.393570043904,1.0037807,0.0023981973
1562.3949589310575,1562.3949589310575,1.0032731,0.0023967992
1562.3963478182118,1562.3963478182118,1.0056106,0.0023998541
1562.3977367055988,1562.3977367055988,1.0023375,0.002400273
1562.3991255927524,1562.3991255927524,1.0014193,0.0023992946
1562.4005144801388,1562.4005144801388,1.0073011,0.0024033564
1562.401903367293,1562.401903367293,1.0016739,0.00239618
1562.403292254448,1562.403292254448,1.0072123,0.002403383
1562.404681141835,1562.404681141835,1.0052812,0.0023972192
1562.4060700289883,1562.4060700289883,1.0021253,0.0023989559
1562.4074589161426,1562.4074589161426,1.0016103,0.0023985086
1562.4088478035296,1562.4088478035296,1.0011322,0.002406174
1562.4102366906832,1562.4102366906832,0.999865,0.0023965072
1562.4116255778374,1562.4116255778374,1.0021181,0.002402722
1562.4130144652245,1562.4130144652245,1.0060899,0.0024004998
1562.414403352378,1562.414403352378,1.0047499,0.0023978073
1562.4157922395316,1562.4157922395316,1.0047877,0.0023979847
1562.4171811266858,1562.4171811266858,1.001988,0.0023973375
1562.4185700140736,1562.4185700140736,0.9979231,0.0023974113
1562.4199589012276,1562.4199589012276,0.9974972,0.002399695
1562.4213477883811,1562.4213477883811,1.0026308,0.002406347
1562.4227366757682,1562.4227366757682,0.9988665,0.0023962383
1562.4241255629224,1562.4241255629224,1.0011529,0.0023979228
1562.425514450076,1562.425514450076,1.0004768,0.0023954774
1562.4269033372302,1562.4269033372302,1.0003223,0.002395478
1562.4282922243844,1562.4282922243844,1.0022025,0.0024035585
1562.4296811117708,1562.4296811117708,1.0000128,0.002397618
1562.4310699989244,1562.4310699989244,1.0007255,0.002399779
1562.4324588860784,1562.4324588860784,1.003114,0.0024000579
1562.4338477732326,1562.4338477732326,0.9998423,0.0023991007
1562.4352366603869,1562.4352366603869,0.9980972,0.0023973607
1562.436625547774,1562.436625547774,0.9978581,0.0023986546
1562.4380144349282,1562.4380144349282,0.99870026,0.0023960848
1562.4394033220824,1562.4394033220824,0.99901736,0.0023966695
1562.440792209236,1562.440792209236,0.9984506,0.0023935016
1562.4421810963902,1562.4421810963902,0.9978889,0.0023957086
1562.4435699835444,1562.4435699835444,1.0009563,0.002395799
1562.4449588706977,1562.4449588706977,0.9966198,0.002394483
1562.4463477578513,1562.4463477578513,0.998068,0.0023950995
1562.4477366452384,1562.4477366452384,0.9984555,0.0023970427
1562.4491255323926,1562.4491255323926,0.9971152,0.0023977414
1562.4505144195468,1562.4505144195468,0.9956985,0.002397402
1562.4519033067018,1562.4519033067018,0.99840504,0.0023961077
1562.453292193856,1562.453292193856,0.9998166,0.0023976334
1562.4546810810095,1562.4546810810095,0.9954874,0.0023993289
1562.456069968163,1562.456069968163,0.9997966,0.0023943495
1562.4574588553173,1562.4574588553173,0.99971765,0.002396719
1562.4588477424716,1562.4588477424716,1.0004137,0.0023968145
1562.4602366296251,1562.4602366296251,1.0008976,0.0023977074
1562.4616255167784,1562.4616255167784,0.9966371,0.0023959132
1562.4630144039327,1562.4630144039327,0.9977108,0.0023958678
1562.464403291087,1562.464403291087,0.99319947,0.0023930299
1562.4657921782405,1562.4657921782405,1.0002476,0.0023959216
1562.4671810653954,1562.4671810653954,0.9974802,0.0024063694
1562.4685699525503,1562.4685699525503,0.9963841,0.0023934913
1562.4699588397038,1562.4699588397038,0.99728173,0.0023975396
1562.4713477268574,1562.4713477268574,0.99496347,0.0023929214
1562.4727366140116,1562.4727366140116,0.9970842,0.0023975344
1562.4741255011656,1562.4741255011656,0.99708253,0.0023964292
1562.4755143883192,1562.4755143883192,0.9950826,0.0023963335
1562.4769032754728,1562.4769032754728,1.0021399,0.0023981796
1562.478292162627,1562.478292162627,0.997301,0.0023950653
1562.4796810497812,1562.4796810497812,0.9955267,0.0023929332
1562.481069936702,1562.481069936702,0.9996045,0.0023957777
1562.4824588238569,1562.4824588238569,0.9964748,0.0023963202
1562.4838477110118,1562.4838477110118,0.9962967,0.0024000844
1562.4852365981653,1562.4852365981653,0.99713486,0.0023959966
1562.4866254853189,1562.4866254853189,0.99967045,0.0023989545
1562.488014372473,1562.488014372473,0.9937593,0.0023922294
1562.4894032596271,1562.4894032596271,0.997603,0.002393286
1562.4907921467807,1562.4907921467807,0.99502033,0.0023959507
1562.4921810337014,1562.4921810337014,0.9962025,0.002403333
1562.4935699208556,1562.4935699208556,0.9943533,0.0023942385
1562.4949588080099,1562.4949588080099,0.9965634,0.0023955468
1562.4963476951634,1562.4963476951634,0.9972181,0.002396116
1562.4977365823177,1562.4977365823177,0.9932511,0.00239216
1562.4991254692397,1562.4991254692397,0.9960976,0.0023959659
1562.500514356394,1562.500514356394,0.9912067,0.0023928543
1562.5019032435473,1562.5019032435473,0.9942196,0.002396062
1562.5032921307015,1562.5032921307015,0.9962096,0.0023972932
1562.504681017623,1562.504681017623,0.99866396,0.0024024444
1562.5060699047765,1562.5060699047765,0.9944543,0.0024037524
1562.50745879193,1562.50745879193,0.99567306,0.0023954734
1562.5088476790843,1562.5088476790843,0.99534804,0.0023941186
1562.5102365660057,1562.5102365660057,0.9928116,0.002392594
1562.5116254531592,1562.5116254531592,0.99413157,0.002393425
1562.5130143403135,1562.5130143403135,0.9952321,0.0023918909
1562.5144032274684,1562.5144032274684,0.9904931,0.0024031077
1562.5157921143898,1562.5157921143898,0.9945397,0.002394987
1562.5171810015431,1562.5171810015431,0.99363697,0.0023909907
1562.5185698886974,1562.5185698886974,0.99374557,0.0023997854
1562.5199587756188,1562.5199587756188,0.99316436,0.0024040067
1562.5213476627723,1562.5213476627723,0.9958804,0.0023954515
1562.5227365499259,1562.5227365499259,0.99260104,0.0023927193
1562.5241254368473,1562.5241254368473,0.9922244,0.002392889
1562.5255143240015,1562.5255143240015,0.99170476,0.0023926522
1562.5269032109222,1562.5269032109222,0.99481404,0.0023929216
1562.5282920980765,1562.5282920980765,0.9947187,0.0023926594
1562.5296809852305,1562.5296809852305,0.9945236,0.0023969333
1562.5310698721519,1562.5310698721519,0.99714977,0.0023974057
1562.532458759306,1562.532458759306,0.99473953,0.0023939784
1562.5338476462275,1562.5338476462275,0.993191,0.0023949693
1562.5352365333817,1562.5352365333817,0.9914935,0.0023924385
1562.5366254205353,1562.5366254205353,0.9924692,0.0023911262
1562.538014307456,1562.538014307456,0.9934598,0.0023928077
1562.5394031946103,1562.5394031946103,0.99333024,0.0023936164
1562.5407920815317,1562.5407920815317,0.99171036,0.0023920552
1562.5421809686852,1562.5421809686852,0.99295604,0.0023913719
1562.5435698556064,1562.5435698556064,0.99510133,0.0023951977
1562.5449587427606,1562.5449587427606,0.99222255,0.0023963582
1562.546347629682,1562.546347629682,0.99194074,0.0023920494
1562.5477365168363,1562.5477365168363,0.9965566,0.0023946385
1562.5491254037577,1562.5491254037577,0.99323756,0.002392525
1562.550514290912,1562.550514290912,0.9906707,0.0023919824
1562.5519031778326,1562.5519031778326,0.9907338,0.0023942408
1562.5532920649862,1562.5532920649862,0.9931537,0.0023923442
1562.5546809519076,1562.5546809519076,0.9910884,0.0023963286
1562.5560698390618,1562.5560698390618,0.98811257,0.0023922375
1562.5574587259823,1562.5574587259823,0.99315083,0.0023915973
1562.5588476131365,1562.5588476131365,0.98799497,0.0023954432
1562.560236500058,1562.560236500058,0.9898628,0.0023904298
1562.5616253869787,1562.5616253869787,0.9926176,0.002393843
1562.563014274133,1562.563014274133,0.99244046,0.0023920054
1562.564403161055,1562.564403161055,0.9888967,0.002390809
1562.5657920482092,1562.5657920482092,0.988781,0.0023965852
1562.56718093513,1562.56718093513,0.9940074,0.0023925507
1562.5685698220514,1562.5685698220514,0.98803407,0.0023909572
1562.5699587092056,1562.5699587092056,0.98846203,0.002392745
1562.5713475961263,1562.5713475961263,0.9880271,0.0023900247
1562.5727364830468,1562.5727364830468,0.98859686,0.0023969794
1562.574125370201,1562.574125370201,0.98987615,0.002390026
1562.5755142571224,1562.5755142571224,0.988265,0.002387987
1562.5769031440432,1562.5769031440432,0.99061435,0.0023907034
1562.5782920311974,1562.5782920311974,0.9928186,0.0023957575
1562.5796809181195,1562.5796809181195,0.9908883,0.002392593
1562.581069805041,1562.581069805041,0.9906064,0.0023935772
1562.5824586921945,1562.5824586921945,0.99026215,0.00239093
1562.5838475791159,1562.5838475791159,0.99057686,0.0023905216
1562.585236466037,1562.585236466037,0.99072415,0.0023930655
1562.5866253531906,1562.5866253531906,0.9897477,0.0023902291
1562.5880142401113,1562.5880142401113,0.9849961,0.002387836
1562.5894031270327,1562.5894031270327,0.98996156,0.0023950564
1562.5907920139541,1562.5907920139541,0.9888104,0.0023920378
1562.5921809008748,1562.5921809008748,0.9916176,0.0023926345
1562.5935697880284,1562.5935697880284,0.9881322,0.002389591
1562.5949586749505,1562.5949586749505,0.98862416,0.002390398
1562.5963475618726,1562.5963475618726,0.9904034,0.0023927146
1562.5977364487933,1562.5977364487933,0.9893462,0.002395719
1562.5991253359473,1562.5991253359473,0.9877367,0.0023918308
1562.6005142228687,1562.6005142228687,0.9857549,0.0023900396
1562.6019031097894,1562.6019031097894,0.98710555,0.0023906862
1562.6032919967101,1562.6032919967101,0.9909074,0.0023904606
1562.6046808836315,1562.6046808836315,0.9857787,0.0023889313
1562.606069770553,1562.606069770553,0.9871827,0.0023931882
1562.6074586577065,1562.6074586577065,0.9891279,0.0023911013
1562.6088475446272,1562.6088475446272,0.9834452,0.0023977011
1562.6102364315486,1562.6102364315486,0.98923844,0.00239385
1562.6116253184707,1562.6116253184707,0.98802114,0.0023911437
1562.613014205392,1562.613014205392,0.991283,0.0023944096
1562.6144030923133,1562.6144030923133,0.9876839,0.002388089
1562.6157919792347,1562.6157919792347,0.986393,0.0023888885
1562.6171808661554,1562.6171808661554,0.98478466,0.0023876466
1562.6185697530761,1562.6185697530761,0.9858873,0.002395128
1562.6199586399975,1562.6199586399975,0.9862761,0.0023884168
1562.621347526919,1562.621347526919,0.9869789,0.0023880927
1562.6227364140725,1562.6227364140725,0.98635453,0.0023863416
1562.6241253009932,1562.6241253009932,0.9873737,0.002389751
1562.6255141879146,1562.6255141879146,0.99068034,0.0023925246
1562.6269030748365,1562.6269030748365,0.989217,0.002389051
1562.628291961758,1562.628291961758,0.98611337,0.0023880254
1562.6296808486793,1562.6296808486793,0.9884831,0.0023963368
1562.6310697356007,1562.6310697356007,0.98537165,0.0023919253
1562.6324586225214,1562.6324586225214,0.98780745,0.0023907677
1562.6338475094421,1562.6338475094421,0.98625255,0.002394658
1562.6352363963636,1562.6352363963636,0.98530877,0.0023985337
1562.636625283285,1562.636625283285,0.98424554,0.0023876433
1562.6380141702057,1562.6380141702057,0.9906592,0.0023906236
1562.6394030568933,1562.6394030568933,0.98397386,0.0023907153
1562.6407919438147,1562.6407919438147,0.98449135,0.0023916394
1562.6421808307362,1562.6421808307362,0.9864166,0.0023887022
1562.6435697176576,1562.6435697176576,0.9864756,0.0023887064
1562.6449586045796,1562.6449586045796,0.9826544,0.0023870505
1562.646347491501,1562.646347491501,0.9823312,0.002390258
1562.6477363784218,1562.6477363784218,0.98688835,0.0023911565
1562.6491252653425,1562.6491252653425,0.9862907,0.0023878033
1562.650514152264,1562.650514152264,0.98470706,0.0023888517
1562.6519030391853,1562.6519030391853,0.9869175,0.0023979878
1562.653291926106,1562.653291926106,0.9853501,0.0023918555
1562.654680812794,1562.654680812794,0.9861227,0.0023879025
1562.656069699715,1562.656069699715,0.9888273,0.0023888403
1562.6574585866365,1562.6574585866365,0.9820744,0.0023870436
1562.658847473558,1562.658847473558,0.9800418,0.0023876058
1562.66023636048,1562.66023636048,0.9835023,0.0023882696
1562.6616252474014,1562.6616252474014,0.9839336,0.002387626
1562.6630141340893,1562.6630141340893,0.98172855,0.0023879884
1562.66440302101,1562.66440302101,0.9801451,0.002387833
1562.6657919079314,1562.6657919079314,0.983558,0.0023896503
1562.6671807948528,1562.6671807948528,0.98422825,0.0023975705
1562.6685696817733,1562.6685696817733,0.9847241,0.0023908152
1562.6699585684619,1562.6699585684619,0.982932,0.0023880177
1562.6713474553833,1562.6713474553833,0.98501676,0.002388308
1562.672736342304,1562.672736342304,0.98792595,0.0023919742
1562.6741252292247,1562.6741252292247,0.9844077,0.0023893423
1562.675514115914,1562.675514115914,0.9797136,0.002391379
1562.676903002836,1562.676903002836,0.98392975,0.0023900229
1562.6782918897568,1562.6782918897568,0.98337805,0.0023899465
1562.6796807764447,1562.6796807764447,0.98483807,0.00239077
1562.681069663366,1562.681069663366,0.9847511,0.0023885404
1562.6824585502875,1562.6824585502875,0.9828852,0.0023896352
1562.6838474369752,1562.6838474369752,0.9839231,0.0023901227
1562.6852363238966,1562.6852363238966,0.98517805,0.0023856875
1562.686625210818,1562.686625210818,0.9818035,0.0023909912
1562.6880140975059,1562.6880140975059,0.98214126,0.002387816
1562.6894029844266,1562.6894029844266,0.98261255,0.0023998886
1562.690791871348,1562.690791871348,0.9817673,0.0023867085
1562.6921807580372,1562.6921807580372,0.9827852,0.0023874817
1562.6935696449586,1562.6935696449586,0.983074,0.0023881223
1562.6949585318794,1562.6949585318794,0.9847471,0.0023910434
1562.696347418568,1562.696347418568,0.98294824,0.0023889153
1562.6977363054891,1562.6977363054891,0.98073405,0.002394011
1562.699125192177,1562.699125192177,0.98097837,0.0023876447
1562.7005140790984,1562.7005140790984,0.9843212,0.002387335
1562.7019029660198,1562.7019029660198,0.9833184,0.0023886526
1562.7032918527077,1562.7032918527077,0.98378277,0.0023878352
1562.7046807396284,1562.7046807396284,0.98295903,0.0023866335
1562.706069626317,1562.706069626317,0.9819604,0.0023889113
1562.707458513239,1562.707458513239,0.9834587,0.002388954
1562.7088473999277,1562.7088473999277,0.9856055,0.002388935
1562.7102362868484,1562.7102362868484,0.9813409,0.0023854887
1562.7116251735367,1562.7116251735367,0.9839648,0.002401032
1562.7130140604581,1562.7130140604581,0.980203,0.0023865788
1562.714402947146,1562.714402947146,0.9842323,0.0023873348
1562.7157918340674,1562.7157918340674,0.9840747,0.0023935342
1562.717180720756,1562.717180720756,0.9803306,0.0023883602
1562.7185696076767,1562.7185696076767,0.9840304,0.0023861204
1562.7199584943646,1562.7199584943646,0.9818335,0.0023875635
1562.721347381286,1562.721347381286,0.9822271,0.0023878813
1562.7227362679746,1562.7227362679746,0.9818309,0.0023936378
1562.724125154896,1562.724125154896,0.9823408,0.0023896517
1562.7255140415843,1562.7255140415843,0.9809983,0.0023907288
1562.726902928273,1562.726902928273,0.98311174,0.0023866794
1562.7282918151943,1562.7282918151943,1.0008768,0.0024071874
1562.7296807018822,1562.7296807018822,0.9980254,0.0023951756
1562.7310695888036,1562.7310695888036,0.98863953,0.0023906964
1562.7324584754922,1562.7324584754922,0.9865275,0.002393854
1562.73384736218,1562.73384736218,0.9852761,0.0023912755
1562.7352362491008,1562.7352362491008,0.9829387,0.0023882508
1562.7366251357894,1562.7366251357894,0.98291993,0.0023903414
1562.738014022478,1562.738014022478,0.98300165,0.002388619
1562.7394029093984,1562.7394029093984,0.9804906,0.002390692
1562.740791796087,1562.740791796087,0.9796411,0.0023896284
1562.7421806827763,1562.7421806827763,0.98211247,0.0023908569
1562.7435695696977,1562.7435695696977,0.9804834,0.0023859115
1562.7449584563856,1562.7449584563856,0.982141,0.0023860668
1562.7463473430741,1562.7463473430741,0.9790671,0.0023884324
1562.7477362299956,1562.7477362299956,0.9820593,0.002387009
1562.7491251166834,1562.7491251166834,0.9814836,0.0023893984
1562.7505140033713,1562.7505140033713,0.98428774,0.0023882678
1562.7519028902927,1562.7519028902927,0.98336184,0.0023887744
1562.753291776981,1562.753291776981,0.98087716,0.002385791
1562.754680663669,1562.754680663669,0.9801002,0.0023955652
1562.7560695503576,1562.7560695503576,0.9804838,0.0023873788
1562.7574584372796,1562.7574584372796,0.9807963,0.00239076
1562.7588473239682,1562.7588473239682,0.9799676,0.0023878291
1562.760236210656,1562.760236210656,0.98154765,0.00238882
1562.7616250973447,1562.7616250973447,0.981647,0.0023865593
1562.7630139840333,1562.7630139840333,0.9850835,0.0023879767
1562.764402870954,1562.764402870954,0.9830102,0.0023880836
1562.7657917576419,1562.7657917576419,0.9810587,0.0023870654
1562.7671806443302,1562.7671806443302,0.97731626,0.0023832784
1562.7685695310188,1562.7685695310188,0.9816742,0.002386384
1562.7699584177067,1562.7699584177067,0.98376125,0.002387016
1562.7713473043946,1562.7713473043946,0.9814592,0.002386897
1562.7727361913167,1562.7727361913167,0.9846274,0.002388231
1562.774125078006,1562.774125078006,0.98230743,0.0023853183
1562.7755139646938,1562.7755139646938,0.9801146,0.002386104
1562.7769028513824,1562.7769028513824,0.980618,0.0023876932
1562.778291738071,1562.778291738071,0.9791701,0.0023875865
1562.7796806247586,1562.7796806247586,0.98311085,0.0023869162
1562.7810695114465,1562.7810695114465,0.9786459,0.0023890107
1562.782458398135,1562.782458398135,0.9820623,0.0023845625
1562.7838472848237,1562.7838472848237,0.9774795,0.0023829478
1562.7852361715115,1562.7852361715115,0.9817033,0.0023859728
1562.786625058433,1562.786625058433,0.9796135,0.0023855795
1562.7880139451215,1562.7880139451215,0.9796895,0.0023872424
1562.78940283181,1562.78940283181,0.98051816,0.0023884631
1562.7907917184987,1562.7907917184987,0.98318934,0.0023853895
1562.7921806051872,1562.7921806051872,0.98111886,0.0023872228
1562.7935694918758,1562.7935694918758,0.9823588,0.0023863725
1562.7949583785635,1562.7949583785635,0.98173195,0.0023862855
1562.7963472652514,1562.7963472652514,0.9818921,0.002388134
1562.79773615194,1562.79773615194,0.9819893,0.002387798
1562.7991250386285,1562.7991250386285,0.98322827,0.0023860487
1562.8005139253164,1562.8005139253164,0.9869479,0.0023920538
1562.801902812005,1562.801902812005,0.9801946,0.002386488
1562.8032916986936,1562.8032916986936,0.97969145,0.0023856505
1562.8046805853821,1562.8046805853821,0.981782,0.0023860151
1562.8060694718379,1562.8060694718379,0.98382354,0.0023912392
1562.8074583585264,1562.8074583585264,0.9846037,0.0023883015
1562.8088472452148,1562.8088472452148,0.9840751,0.0023880866
1562.8102361319027,1562.8102361319027,0.98033565,0.002384311
1562.8116250185906,1562.8116250185906,0.9823105,0.002394461
1562.8130139052791,1562.8130139052791,0.9811489,0.002386767
1562.8144027919677,1562.8144027919677,0.9838697,0.0023865665
1562.8157916786556,1562.8157916786556,0.98207176,0.0023864345
1562.8171805653442,1562.8171805653442,0.9842075,0.0023881525
1562.8185694520328,1562.8185694520328,0.980463,0.0023953617
1562.8199583384878,1562.8199583384878,0.9838644,0.0023907807
1562.8213472251762,1562.8213472251762,0.98246527,0.002387598
1562.8227361118654,1562.8227361118654,0.9822835,0.0023877847
1562.824124998554,1562.824124998554,0.9832713,0.0023896436
1562.825513885242,1562.825513885242,0.9820467,0.00238941
1562.8269027719298,1562.8269027719298,0.9826203,0.002389408
1562.8282916583855,1562.8282916583855,0.9832144,0.00238589
1562.829680545074,1562.829680545074,0.9842459,0.002389275
1562.831069431762,1562.831069431762,0.9799467,0.0023849336
1562.8324583184506,1562.8324583184506,0.98714125,0.0023891781
1562.8338472049063,1562.8338472049063,0.98359877,0.0023867537
1562.835236091594,1562.835236091594,0.98267204,0.0023956848
1562.8366249782819,1562.8366249782819,0.98476714,0.0023886375
1562.8380138649711,1562.8380138649711,0.98261184,0.0023879725
1562.8394027514275,1562.8394027514275,0.9858758,0.0023876403
1562.8407916381154,1562.8407916381154,0.9841218,0.0023893074
1562.8421805248033,1562.8421805248033,0.98617834,0.0023871697
1562.843569411492,1562.843569411492,0.98449284,0.0023877986
1562.8449582979476,1562.8449582979476,0.98029864,0.0023896992
1562.8463471846355,1562.8463471846355,0.98482627,0.0023872678
1562.847736071324,1562.847736071324,0.98343337,0.0023860575
1562.8491249577798,1562.8491249577798,0.9861195,0.0023879923
1562.8505138444675,1562.8505138444675,0.98468757,0.0023875486
1562.8519027311554,1562.8519027311554,0.98513836,0.0023881462
1562.8532916176111,1562.8532916176111,0.98226833,0.0023861218
1562.8546805043004,1562.8546805043004,0.9857738,0.002389267
1562.856069390989,1562.856069390989,0.9858835,0.0023922906
1562.857458277444,1562.857458277444,0.98189497,0.0023867348
1562.8588471641326,1562.8588471641326,0.97904074,0.0023867798
1562.8602360505884,1562.8602360505884,0.98271877,0.002385992
1562.8616249372762,1562.8616249372762,0.9844075,0.0023872247
1562.8630138239648,1562.8630138239648,0.98428124,0.002387286
1562.8644027104203,1562.8644027104203,0.98403656,0.0023864803
1562.8657915971082,1562.8657915971082,0.9834968,0.0023886045
1562.8671804835633,1562.8671804835633,0.98418593,0.0023860747
1562.8685693702519,1562.8685693702519,0.9857902,0.0023902897
1562.8699582567083,1562.8699582567083,0.98610836,0.002388147
1562.8713471433969,1562.8713471433969,0.9850083,0.0023856717
1562.8727360300848,1562.8727360300848,0.98581815,0.002389613
1562.8741249165405,1562.8741249165405,0.9878897,0.0023889681
1562.875513803229,1562.875513803229,0.9847681,0.0023913935
1562.8769026896841,1562.8769026896841,0.9873573,0.0023894515
1562.8782915763725,1562.8782915763725,0.98656696,0.0023927009
1562.8796804628282,1562.8796804628282,0.9844,0.0023863777
1562.881069349516,1562.881069349516,0.9846991,0.0023887916
1562.8824582359712,1562.8824582359712,0.9862484,0.0023897032
1562.883847122427,1562.883847122427,0.98950046,0.0023912874
1562.8852360091155,1562.8852360091155,0.9853092,0.0023870966
1562.8866248955712,1562.8866248955712,0.9873364,0.0023912315
1562.8880137822598,1562.8880137822598,0.98602694,0.002390724
1562.8894026687155,1562.8894026687155,0.98918307,0.0023925088
1562.890791555404,1562.890791555404,0.9835903,0.002386745
1562.892180441859,1562.892180441859,0.9887825,0.0023896007
1562.8935693283147,1562.8935693283147,0.9844342,0.0023893332
1562.8949582150033,1562.8949582150033,0.98235255,0.0023913714
1562.8963471014583,1562.8963471014583,0.9850317,0.0023865511
1562.8977359881462,1562.8977359881462,0.9878718,0.0023889535
1562.899124874602,1562.899124874602,0.9849104,0.0023982401
1562.9005137610577,1562.9005137610577,0.9914866,0.0023899586
1562.9019026477456,1562.9019026477456,0.98489195,0.0023889164
1562.903291534202,1562.903291534202,0.980449,0.0023863374
1562.9046804206585,1562.9046804206585,0.9811433,0.0023864175
1562.9060693073461,1562.9060693073461,0.9832951,0.0023910222
1562.9074581938012,1562.9074581938012,0.98825,0.0023897176
1562.908847080257,1562.908847080257,0.9833116,0.0023989012
1562.9102359669455,1562.9102359669455,0.9874133,0.0023904983
1562.9116248534006,1562.9116248534006,0.9838574,0.0023905695
1562.9130137398556,1562.9130137398556,0.9820911,0.0023892135
1562.9144026265442,1562.9144026265442,0.9848347,0.0023888801
1562.915791513,1562.915791513,0.9848123,0.002385153
1562.9171803994548,1562.9171803994548,0.9905762,0.0023947812
1562.9185692859105,1562.9185692859105,0.98655075,0.0024012367
1562.9199581725998,1562.9199581725998,0.9836874,0.0023922333
1562.9213470590555,1562.9213470590555,0.986966,0.002389627
1562.9227359455106,1562.9227359455106,0.98377204,0.002393461
1562.9241248319663,1562.9241248319663,0.98667955,0.0023897311
1562.925513718422,1562.925513718422,0.98677945,0.0023985375
1562.92690260511,1562.92690260511,0.98591197,0.0023899458
1562.928291491565,1562.928291491565,0.98884386,0.0023889025
1562.9296803780207,1562.9296803780207,0.98644197,0.0023945721
1562.9310692644765,1562.9310692644765,0.9883558,0.0023896801
1562.9324581509316,1562.9324581509316,0.9852132,0.0023880063
1562.933847037387,1562.933847037387,0.9875972,0.002389333
1562.9352359240756,1562.9352359240756,0.9857807,0.0023896787
1562.9366248105314,1562.9366248105314,0.99075896,0.0023909574
1562.9380136969871,1562.9380136969871,0.9868589,0.0023955926
1562.9394025834429,1562.9394025834429,0.98772293,0.0023925386
1562.9407914698986,1562.9407914698986,0.9892978,0.0023945544
1562.9421803563537,1562.9421803563537,0.9901319,0.0023904578
1562.9435692428087,1562.9435692428087,0.9891968,0.0023934452
1562.9449581292645,1562.9449581292645,0.9874589,0.0023901179
1562.94634701572,1562.94634701572,0.99165165,0.0023910215
1562.9477359024079,1562.9477359024079,0.98984444,0.0023949007
1562.9491247888636,1562.9491247888636,0.9903192,0.0023909388
1562.9505136753194,1562.9505136753194,0.9851603,0.002399648
1562.9519025617744,1562.9519025617744,0.9937465,0.0023951384
1562.9532914482302,1562.9532914482302,0.99067575,0.0023897097
1562.9546803346866,1562.9546803346866,0.9888692,0.0023913025
1562.9560692211423,1562.9560692211423,0.98688364,0.002390906
1562.9574581075974,1562.9574581075974,0.9864914,0.0023884703
1562.9588469940525,1562.9588469940525,0.98878336,0.0023897828
1562.960235880508,1562.960235880508,0.99130076,0.0023985647
1562.9616247669637,1562.9616247669637,0.99155414,0.00239299
1562.9630136534188,1562.9630136534188,0.9938917,0.0023933924
1562.9644025398745,1562.9644025398745,0.98885006,0.0023923817
1562.9657914263303,1562.9657914263303,0.9885643,0.0023937074
1562.9671803127853,1562.9671803127853,0.99087584,0.0023921814
1562.968569199241,1562.968569199241,0.9934649,0.0023920601
1562.9699580856975,1562.9699580856975,0.9928771,0.0023941025
1562.9713469719204,1562.9713469719204,0.9884724,0.002390461
1562.9727358583755,1562.9727358583755,0.98899233,0.0023903265
1562.9741247448303,1562.9741247448303,0.9951675,0.002393994
1562.975513631286,1562.975513631286,0.9897591,0.0023925344
1562.9769025177418,1562.9769025177418,0.9895676,0.002398014
1562.9782914041969,1562.9782914041969,0.9903736,0.0023925302
1562.9796802906526,1562.9796802906526,0.9906331,0.0023937786
1562.9810691771083,1562.9810691771083,0.99307054,0.002392802
1562.9824580635634,1562.9824580635634,0.9957155,0.0023922874
1562.9838469497856,1562.9838469497856,0.99246794,0.0023923917
1562.985235836242,1562.985235836242,0.99406564,0.0023914278
1562.9866247226985,1562.9866247226985,0.99093205,0.0023926983
1562.9880136091535,1562.9880136091535,0.9895895,0.0023956022
1562.9894024956084,1562.9894024956084,0.99128485,0.0023923314
1562.9907913818313,1562.9907913818313,0.9917028,0.0023948438
1562.992180268287,1562.992180268287,0.99449706,0.0023950266
1562.993569154742,1562.993569154742,0.99176085,0.0023941358
1562.9949580411978,1562.9949580411978,0.9913096,0.002391965
1562.9963469276536,1562.9963469276536,0.9932859,0.0023923714
1562.9977358138758,1562.9977358138758,0.9947372,0.0023942266
1562.9991247003309,1562.9991247003309,0.9865155,0.0023872233
1563.0005135867866,1563.0005135867866,0.9966052,0.0023986
1563.001902473243,1563.001902473243,0.9913319,0.0023937956
1563.0032913594657,1563.0032913594657,0.99483395,0.0023925172
1563.0046802459208,1563.0046802459208,0.9978833,0.0023959107
1563.0060691323765,1563.0060691323765,0.9946237,0.0023944338
1563.0074580185994,1563.0074580185994,0.9902427,0.0023944965
1563.0088469050545,1563.0088469050545,0.9940356,0.0023953167
1563.0102357915102,1563.0102357915102,0.9941098,0.0023934215
1563.011624677966,1563.011624677966,0.9946282,0.0023929465
1563.0130135641882,1563.0130135641882,0.99327713,0.0023989202
1563.0144024506433,1563.0144024506433,0.9943572,0.0023968068
1563.015791336866,1563.015791336866,0.99537104,0.0023932024
1563.0171802233217,1563.0171802233217,1.0012722,0.0023981316
1563.0185691097774,1563.0185691097774,0.99393594,0.0023919933
1563.019957996001,1563.019957996001,0.99649173,0.002394129
1563.0213468824568,1563.0213468824568,0.9948152,0.0024028625
1563.0227357689118,1563.0227357689118,0.99671143,0.0023933002
1563.024124655134,1563.024124655134,0.99550986,0.0024021892
1563.03523574608,1563.03523574608,0.9939607,0.0023994658
1563.0366246323035,1563.0366246323035,0.9959403,0.0023972085
1563.0380135187586,1563.0380135187586,0.99856764,0.002392661
1563.0394024049808,1563.0394024049808,0.99697894,0.0023928443
1563.0407912914366,1563.0407912914366,1.0032767,0.0023996227
1563.0421801776595,1563.0421801776595,0.99584335,0.0023925346
1563.0435690641145,1563.0435690641145,0.99197876,0.0023939465
1563.0449579503365,1563.0449579503365,0.9929129,0.0024025897
1563.0463468367923,1563.0463468367923,0.99979156,0.00239591
1563.0477357230152,1563.0477357230152,0.99711,0.0023938923
1563.0491246092374,1563.0491246092374,0.99721324,0.0024018148
1563.0505134956932,1563.0505134956932,0.9976323,0.0023935842
1563.0519023819168,1563.0519023819168,0.9956357,0.0023930927
1563.0532912683725,1563.0532912683725,0.9968126,0.0023930115
1563.0546801545947,1563.0546801545947,0.9968254,0.002394845
1563.0560690410505,1563.0560690410505,0.99881244,0.0023977894
1563.0574579272732,1563.0574579272732,1.0007287,0.0023981142
1563.0588468134954,1563.0588468134954,1.0036435,0.0023948355
1563.0602356999505,1563.0602356999505,0.99962735,0.0024002572
1563.0616245861734,1563.0616245861734,0.9970672,0.0023950678
1563.0630134723963,1563.0630134723963,0.99686986,0.002392079
1563.0644023588513,1563.0644023588513,0.9961154,0.0023975973
1563.0657912450743,1563.0657912450743,0.99921453,0.002394744
1563.0671801312972,1563.0671801312972,1.000347,0.0023956173
1563.068569017753,1563.068569017753,0.9985023,0.0023939358
1563.0699579039758,1563.0699579039758,1.0001909,0.0023945097
1563.0713467901985,1563.0713467901985,0.9993654,0.0023965011
1563.0727356766542,1563.0727356766542,1.0007104,0.0023998562
1563.0741245628765,1563.0741245628765,0.9982553,0.0023923726
1563.0755134490987,1563.0755134490987,1.0,0.002407948
1563.0769023355545,1563.0769023355545,0.998728,0.0024067182
1563.0782912217774,1563.0782912217774,1.0011045,0.00239717
1563.0796801079996,1563.0796801079996,1.0023718,0.002396571
1563.0810689942225,1563.0810689942225,0.9990772,0.002395957
1563.0824578806782,1563.0824578806782,0.99990445,0.0023957533
1563.0838467669003,1563.0838467669003,1.0019765,0.0023977086
1563.0852356531232,1563.0852356531232,1.0033354,0.0023992395
1563.0866245393468,1563.0866245393468,1.002609,0.002404049
1563.0880134255697,1563.0880134255697,0.9995101,0.0024002944
1563.0894023120247,1563.0894023120247,1.0007644,0.002397436
1563.090791198247,1563.090791198247,0.9983586,0.002394066
1563.0921800844699,1563.0921800844699,0.9964645,0.002393201
1563.0935689706928,1563.0935689706928,1.0040555,0.0024031084
1563.094957856915,1563.094957856915,1.001438,0.0023964893
1563.096346743138,1563.096346743138,1.0015795,0.002400305
1563.0977356295937,1563.0977356295937,1.0025072,0.0024060626
1563.099124515816,1563.099124515816,0.99904644,0.0023977722
1563.100513402038,1563.100513402038,1.0009385,0.0023968867
1563.1019022882615,1563.1019022882615,1.0009317,0.0023983936
1563.103291174485,1563.103291174485,1.0011455,0.0024009687
1563.1046800607073,1563.1046800607073,1.0031905,0.0023965014
1563.1060689469296,1563.1060689469296,1.0012335,0.002398044
1563.1074578331525,1563.1074578331525,1.000183,0.002395782
1563.1088467193754,1563.1088467193754,1.0031991,0.002396777
1563.1102356055976,1563.1102356055976,1.0017536,0.0023980862
1563.1116244918205,1563.1116244918205,0.9992187,0.0023963144
1563.1130133780432,1563.1130133780432,0.9995849,0.0024026022
1563.1144022644983,1563.1144022644983,1.0061139,0.0023983778
1563.1157911507205,1563.1157911507205,0.9988425,0.002402849
1563.1171800369434,1563.1171800369434,0.99865395,0.0023957356
1563.118568923167,1563.118568923167,1.0014431,0.002397794
1563.11995780939,1563.11995780939,1.0038646,0.002396593
1563.1213466956128,1563.1213466956128,1.0015286,0.002404962
1563.1227355818357,1563.1227355818357,0.99827933,0.0023953596
1563.124124468058,1563.124124468058,1.0034533,0.0023967125
1563.1255133542802,1563.1255133542802,1.0052958,0.002400044
1563.12690224027,1563.12690224027,1.0020808,0.0023977759
1563.128291126493,1563.128291126493,1.0042261,0.0023988392
1563.1296800127152,1563.1296800127152,1.0031078,0.0023966676
1563.1310688989374,1563.1310688989374,1.0032651,0.0023979747
1563.1324577851603,1563.1324577851603,1.0032408,0.002399938
1563.1338466713833,1563.1338466713833,1.0038894,0.0024037543
1563.1352355576062,1563.1352355576062,1.0058863,0.0024012078
1563.1366244438298,1563.1366244438298,1.0077906,0.0024002048
1563.1380133300527,1563.1380133300527,1.0038826,0.0024002295
1563.139402216275,1563.139402216275,1.0025223,0.0023968064
1563.140791102497,1563.140791102497,1.0054128,0.0023986897
1563.142179988487,1563.142179988487,1.0023918,0.0023967114
1563.14356887471,1563.14356887471,1.0042043,0.0024008371
1563.1449577609321,1563.1449577609321,1.0071024,0.002405895
1563.1463466471544,1563.1463466471544,1.0044408,0.0024021177
1563.1477355333773,1563.1477355333773,1.008424,0.0023996555
1563.1491244196002,1563.1491244196002,1.0017048,0.0023961808
1563.1505133055896,1563.1505133055896,1.0042311,0.002396996
1563.1519021918132,1563.1519021918132,1.0031987,0.0023960038
1563.1532910780368,1563.1532910780368,1.0064769,0.0024012525
1563.154679964259,1563.154679964259,1.0042056,0.0023970334
1563.156068850481,1563.156068850481,1.0075787,0.0024087178
1563.157457736471,1563.157457736471,1.007492,0.0024004143
1563.158846622694,1563.158846622694,1.0022722,0.0023961742
1563.1602355089162,1563.1602355089162,1.0014669,0.0023980907
1563.1616243951385,1563.1616243951385,1.0054538,0.0023981922
1563.1630132811285,1563.1630132811285,1.003765,0.002402796
1563.1644021673515,1563.1644021673515,1.0069807,0.0023971852
1563.1657910535737,1563.1657910535737,1.0032469,0.0024010902
1563.1671799395638,1563.1671799395638,1.0026271,0.002399532
1563.1685688257874,1563.1685688257874,1.0079318,0.0024007352
1563.16995771201,1563.16995771201,1.0053107,0.0023971004
1563.1713465982323,1563.1713465982323,1.0060993,0.0023969642
1563.1727354842224,1563.1727354842224,1.003596,0.0023955426
1563.1741243704453,1563.1741243704453,1.0056691,0.0023966047
1563.1755132566675,1563.1755132566675,1.0057582,0.0023991885
1563.176902142657,1563.176902142657,1.0043732,0.002407223
1563.1782910288798,1563.1782910288798,1.0040995,0.002397224
1563.17967991487,1563.17967991487,1.0079156,0.0023991659
1563.1810688010921,1563.1810688010921,1.007268,0.002408097
1563.1824576873148,1563.1824576873148,1.0075104,0.0024007352
1563.183846573305,1563.183846573305,1.0068451,0.0023998185
1563.1852354595278,1563.1852354595278,1.009063,0.0023972036
1563.1866243455179,1563.1866243455179,1.0042291,0.002399605
1563.1880132317408,1563.1880132317408,1.007028,0.0024012334
1563.1894021179637,1563.1894021179637,1.0049484,0.002401163
1563.190791003953,1563.190791003953,1.0057925,0.0024014125
1563.1921798901753,1563.1921798901753,1.0071043,0.0023999633
1563.1935687761654,1563.1935687761654,1.0076025,0.0024002243
1563.1949576623883,1563.1949576623883,1.0062351,0.0023978937
1563.1963465483775,1563.1963465483775,1.0062746,0.0023972087
1563.1977354346004,1563.1977354346004,1.0095383,0.0024013638
1563.1991243205905,1563.1991243205905,1.0051352,0.0024006665
1563.2005132068127,1563.2005132068127,1.0090083,0.0024007738
1563.2019020928028,1563.2019020928028,1.0086536,0.002398617
1563.2032909790264,1563.2032909790264,1.0076587,0.0023987715
1563.2046798650165,1563.2046798650165,1.0106322,0.00240017
1563.2060687512387,1563.2060687512387,1.0147065,0.002400045
1563.2074576372281,1563.2074576372281,1.0064185,0.0023976776
1563.208846523451,1563.208846523451,1.0065978,0.0023994737
1563.210235409441,1563.210235409441,1.0073301,0.0024013107
1563.2116242954303,1563.2116242954303,1.0072614,0.0023988318
1563.2130131816532,1563.2130131816532,1.0057286,0.0024017375
1563.2144020676433,1563.2144020676433,1.0093709,0.0024028362
1563.2157909538655,1563.2157909538655,1.0101706,0.0024008376
1563.217179839855,1563.217179839855,1.0110126,0.0024025019
1563.2185687258457,1563.2185687258457,1.0066631,0.0023980986
1563.2199576120693,1563.2199576120693,1.0087134,0.0023990194
1563.2213464980587,1563.2213464980587,1.009398,0.0024007717
1563.222735384281,1563.222735384281,1.0093468,0.002399706
1563.224124270271,1563.224124270271,1.0107687,0.0024012283
1563.2255131562608,1563.2255131562608,1.0095782,0.0024035382
1563.226902042483,1563.226902042483,1.00717,0.0024018444
1563.2282909284731,1563.2282909284731,1.009324,0.0023998679
1563.2296798144632,1563.2296798144632,1.0124452,0.0024026153
1563.2310687006855,1563.2310687006855,1.0140235,0.0024063815
1563.2324575866749,1563.2324575866749,1.0126675,0.002401018
1563.233846472665,1563.233846472665,1.0099523,0.002401713
1563.2352353586557,1563.2352353586557,1.0096164,0.00240223
1563.2366242448786,1563.2366242448786,1.0113003,0.0024006881
1563.2380131308685,1563.2380131308685,1.0077474,0.002401182
1563.2394020168585,1563.2394020168585,1.0101162,0.0024073387
1563.240790902848,1563.240790902848,1.0079755,0.0024006304
1563.2421797890702,1563.2421797890702,1.010742,0.0024013836
1563.2435686750603,1563.2435686750603,1.0109606,0.0024031603
1563.2449575610503,1563.2449575610503,1.0118101,0.0024022942
1563.2463464470397,1563.2463464470397,1.0098295,0.002402804
1563.2477353330291,1563.2477353330291,1.0102127,0.0024083452
1563.249124219252,1563.249124219252,1.0121108,0.0024044916
1563.250513105242,1563.250513105242,1.0126358,0.0024045378
1563.251901991232,1563.251901991232,1.0115961,0.0024036735
1563.2532908772228,1563.2532908772228,1.011852,0.0024003629
1563.2546797632128,1563.2546797632128,1.0139512,0.0024009931
1563.2560686492022,1563.2560686492022,1.0100293,0.0024038937
1563.2574575354245,1563.2574575354245,1.015374,0.002402151
1563.2588464214145,1563.2588464214145,1.012219,0.0024057082
1563.2602353074046,1563.2602353074046,1.0171888,0.0024053087
1563.261624193394,1563.261624193394,1.0100737,0.0024010679
1563.2630130793834,1563.2630130793834,1.0084971,0.0024000625
1563.2644019653735,1563.2644019653735,1.010116,0.002403546
1563.2657908513636,1563.2657908513636,1.0121322,0.002402054
1563.2671797373528,1563.2671797373528,1.0136111,0.002402893
1563.2685686233435,1563.2685686233435,1.0163882,0.0024039275
1563.2699575093343,1563.2699575093343,1.0121466,0.0024031948
1563.2713463955565,1563.2713463955565,1.0132142,0.0023996567
1563.272735281546,1563.272735281546,1.0124097,0.002403039
1563.274124167536,1563.274124167536,1.0166267,0.0024030944
1563.275513053526,1563.275513053526,1.0164145,0.0024024437
1563.2769019395155,1563.2769019395155,1.0144755,0.0024038185
1563.2782908255047,1563.2782908255047,1.0086796,0.0023994448
1563.2796797114947,1563.2796797114947,1.0116255,0.0024012448
1563.2810685974848,1563.2810685974848,1.0106966,0.0024031296
1563.2824574834742,1563.2824574834742,1.0146759,0.0024109243
1563.2838463694643,1563.2838463694643,1.0158275,0.002406742
1563.285235255455,1563.285235255455,1.0149356,0.0024034597
1563.2866241412123,1563.2866241412123,1.0148456,0.0024037997
1563.2880130272017,1563.2880130272017,1.0150365,0.0024039173
1563.2894019131918,1563.2894019131918,1.0178494,0.0024047208
1563.2907907991819,1563.2907907991819,1.0183634,0.002405125
1563.2921796851713,1563.2921796851713,1.0117017,0.0024011182
1563.2935685711607,1563.2935685711607,1.0175023,0.002401785
1563.2949574571505,1563.2949574571505,1.0157237,0.0024129427
1563.2963463431406,1563.2963463431406,1.0144691,0.0024047117
1563.29773522913,1563.29773522913,1.016786,0.0024022008
1563.29912411512,1563.29912411512,1.0178694,0.002407876
1563.3005130011102,1563.3005130011102,1.0180185,0.0024064784
1563.3019018868674,1563.3019018868674,1.0160913,0.0024031429
1563.3032907728575,1563.3032907728575,1.0153583,0.0024030078
1563.3046796588476,1563.3046796588476,1.0142145,0.0024008595
1563.3060685448377,1563.3060685448377,1.0183297,0.0024015878
1563.3074574308268,1563.3074574308268,1.0139194,0.0024012313
1563.3088463168162,1563.3088463168162,1.0190189,0.0024020704
1563.3102352025735,1563.3102352025735,1.0126173,0.0023989775
1563.3116240885636,1563.3116240885636,1.0155077,0.0024022674
1563.313012974553,1563.313012974553,1.0165547,0.0024043592
1563.314401860543,1563.314401860543,1.0153689,0.0024023703
1563.3157907463003,1563.3157907463003,1.0162785,0.002403727
1563.3171796322897,1563.3171796322897,1.0142968,0.002402092
1563.3185685182798,1563.3185685182798,1.0149765,0.0024031186
1563.3199574042706,1563.3199574042706,1.0162736,0.00240065
1563.3213462900278,1563.3213462900278,1.0134082,0.0024039457
1563.322735176017,1563.322735176017,1.0187368,0.0024041657
1563.3241240620064,1563.3241240620064,1.0186266,0.0024052018
1563.3255129479965,1563.3255129479965,1.0170559,0.0024053187
1563.3269018337537,1563.3269018337537,1.0157125,0.0024026274
1563.328290719743,1563.328290719743,1.0173047,0.0024046507
1563.3296796057332,1563.3296796057332,1.0127821,0.0024002313
1563.3310684914904,1563.3310684914904,1.0161291,0.0024030867
1563.3324573774798,1563.3324573774798,1.0157074,0.0023999456
1563.333846263469,1563.333846263469,1.020437,0.0024038742
1563.335235149227,1563.335235149227,1.0166991,0.0024030707
1563.3366240352177,1563.3366240352177,1.0150552,0.0024038153
1563.338012921207,1563.338012921207,1.0181617,0.002405662
1563.3394018069637,1563.3394018069637,1.0164394,0.0024056246
1563.3407906929538,1563.3407906929538,1.0141315,0.0024017629
1563.342179578711,1563.342179578711,1.0158099,0.0024044183
1563.3435684647004,1563.3435684647004,1.0181798,0.0024018632
1563.3449573506905,1563.3449573506905,1.0302416,0.0024152366
1563.3463462364477,1563.3463462364477,1.0246218,0.002408192
1563.3477351224371,1563.3477351224371,1.0209385,0.0024049298
1563.3491240081935,1563.3491240081935,1.0214858,0.0024148256
1563.3505128941836,1563.3505128941836,1.0197669,0.002405676
1563.3519017799408,1563.3519017799408,1.0148487,0.002412883
1563.353290665931,1563.353290665931,1.0160239,0.002404907
1563.3546795516888,1563.3546795516888,1.0196923,0.0024088589
1563.356068437679,1563.356068437679,1.0161211,0.0024057948
1563.3574573234355,1563.3574573234355,1.0150533,0.0024038784
1563.3588462094249,1563.3588462094249,1.0185997,0.0024044276
1563.3602350951821,1563.3602350951821,1.0197328,0.0024040246
1563.3616239811722,1563.3616239811722,1.0178878,0.002399624
1563.3630128669286,1563.3630128669286,1.0176406,0.0024026332
1563.364401752918,1563.364401752918,1.0159061,0.0024002686
1563.3657906386752,1563.3657906386752,1.0161289,0.002403551
1563.3671795246653,1563.3671795246653,1.0164907,0.0024057901
1563.3685684104219,1563.3685684104219,1.0142195,0.0024030046
1563.3699572964126,1563.3699572964126,1.0165153,0.0024034441
1563.3713461821706,1563.3713461821706,1.0148592,0.0024005098
1563.3727350679271,1563.3727350679271,1.0198041,0.0024039678
1563.3741239539165,1563.3741239539165,1.0166858,0.0024052034
1563.3755128396738,1563.3755128396738,1.0155244,0.0024032965
1563.3769017256639,1563.3769017256639,1.0176775,0.0024048295
1563.3782906114202,1563.3782906114202,1.0144182,0.0024022246
1563.3796794971768,1563.3796794971768,1.0156065,0.0024068833
1563.3810683831668,1563.3810683831668,1.0149603,0.0024035622
1563.382457268924,1563.382457268924,1.0152789,0.002404988
1563.3838461546807,1563.3838461546807,1.018929,0.002404339
1563.3852350406708,1563.3852350406708,1.0195245,0.0024039333
1563.3866239264287,1563.3866239264287,1.0164284,0.0024030723
1563.388012812186,1563.388012812186,1.0189416,0.0024041736
1563.3894016981753,1563.3894016981753,1.0157912,0.002410024
1563.3907905839326,1563.3907905839326,1.0193403,0.0024020746
1563.3921794696896,1563.3921794696896,1.0181197,0.002405438
1563.3935683554462,1563.3935683554462,1.0134897,0.002400683
1563.3949572414356,1563.3949572414356,1.0169456,0.002401633
1563.3963461271928,1563.3963461271928,1.0167769,0.0024054362
1563.39773501295,1563.39773501295,1.0179703,0.0024046362
1563.3991238987066,1563.3991238987066,1.0198914,0.002414068
1563.4005127846967,1563.4005127846967,1.021547,0.002405059
1563.401901670454,1563.401901670454,1.0197759,0.0024037198
1563.4032905562112,1563.4032905562112,1.0185623,0.0024063285
1563.4046794419685,1563.4046794419685,1.0161846,0.0024027806
1563.4060683277255,1563.4060683277255,1.0141678,0.0024032542
1563.4074572137156,1563.4074572137156,1.0172588,0.0024031922
1563.4088460994722,1563.4088460994722,1.0170947,0.0024068237
1563.4102349852287,1563.4102349852287,1.0167147,0.0024023943
1563.411623870986,1563.411623870986,1.020411,0.0024054581
1563.4130127567432,1563.4130127567432,1.0159192,0.0024052227
1563.4144016424998,1563.4144016424998,1.017736,0.0024057038
1563.4157905284899,1563.4157905284899,1.022421,0.002403039
1563.417179414247,1563.417179414247,1.0189439,0.0024040092
1563.4199571857607,1563.4199571857607,1.017372,0.0024019715
1563.4213460715187,1563.4213460715187,1.0168428,0.002402102
1563.422734957276,1563.422734957276,1.0181801,0.0024011636
1563.4241238430325,1563.4241238430325,1.0177693,0.0024031592
1563.425512728789,1563.425512728789,1.0167596,0.0024056323
1563.4269016145463,1563.4269016145463,1.0184267,0.0024090454
1563.4282905003035,1563.4282905003035,1.0199981,0.002406734
1563.4296793860601,1563.4296793860601,1.0144465,0.0024016437
1563.4310682718174,1563.4310682718174,1.0188822,0.00241617
1563.4324571575746,1563.4324571575746,1.015014,0.0024027503
1563.433846043331,1563.433846043331,1.0164057,0.0024016418
1563.4352349290875,1563.4352349290875,1.019682,0.0024065643
1563.4366238148448,1563.4366238148448,1.0165682,0.002404253
1563.4380127006027,1563.4380127006027,1.01351,0.0024013754
1563.43940158636,1563.43940158636,1.0150672,0.002402663
1563.4407904721165,1563.4407904721165,1.0175486,0.0024085573
1563.4421793578738,1563.4421793578738,1.0155244,0.0024093913
1563.443568243631,1563.443568243631,1.017696,0.0024050062
1563.4449571293874,1563.4449571293874,1.0173837,0.0024038884
1563.4463460151446,1563.4463460151446,1.0151769,0.0024044202
1563.4477349009019,1563.4477349009019,1.0137471,0.0024068374
1563.4491237866584,1563.4491237866584,1.0215386,0.0024160075
1563.450512672415,1563.450512672415,1.0164056,0.0024032686
1563.4519015581723,1563.4519015581723,1.0180387,0.0024058882
1563.4532904439295,1563.4532904439295,1.014884,0.002405613
1563.4546793296868,1563.4546793296868,1.0170592,0.0024054672
1563.4560682154447,1563.4560682154447,1.0176966,0.0024031254
1563.4574571009691,1563.4574571009691,1.0154744,0.0024009985
1563.4588459867257,1563.4588459867257,1.0198134,0.0024029196
1563.4602348724823,1563.4602348724823,1.0216773,0.0024051336
1563.4616237582393,1563.4616237582393,1.0204171,0.0024045352
1563.4630126439965,1563.4630126439965,1.019251,0.0024079634
1563.464401529753,1563.464401529753,1.0201454,0.0024068705
1563.4657904152768,1563.4657904152768,1.0143167,0.002404841
1563.467179301034,1563.467179301034,1.0213585,0.0024037284
1563.4685681867913,1563.4685681867913,1.0174205,0.0024034511
1563.469957072548,1563.469957072548,1.0143636,0.0024010874
1563.4713459583058,1563.4713459583058,1.0195395,0.0024042174
1563.472734843831,1563.472734843831,1.016722,0.002401176
1563.4741237295873,1563.4741237295873,1.0165776,0.002404574
1563.4755126153439,1563.4755126153439,1.0158399,0.0024018716
1563.476901501101,1563.476901501101,1.0164825,0.002418289
1563.4782903866255,1563.4782903866255,1.0179157,0.0024072202
1563.479679272382,1563.479679272382,1.0144409,0.002403472
1563.4810681581387,1563.4810681581387,1.0173644,0.0024070248
1563.482457043663,1563.482457043663,1.0184478,0.0024044297
1563.4838459294203,1563.4838459294203,1.0157869,0.0024079424
1563.485234815177,1563.485234815177,1.0184937,0.0024061303
1563.486623700701,1563.486623700701,1.0148824,0.0024032998
1563.488012586459,1563.488012586459,1.0188305,0.0024026635
1563.4894014722163,1563.4894014722163,1.0130216,0.0023990732
1563.49079035774,1563.49079035774,1.0151395,0.0024024167
1563.4921792434973,1563.4921792434973,1.0173447,0.0024024846
1563.4935681292545,1563.4935681292545,1.0145822,0.0024005163
1563.4949570147783,1563.4949570147783,1.0119951,0.0023999852
1563.4963459005348,1563.4963459005348,1.018081,0.0024037207
1563.497734786292,1563.497734786292,1.0151658,0.0024059475
1563.4991236718165,1563.4991236718165,1.0161382,0.0024032611
1563.5005125575728,1563.5005125575728,1.0150106,0.0024014097
1563.5019014430973,1563.5019014430973,1.0152863,0.002402694
1563.5032903288545,1563.5032903288545,1.0104153,0.0024015636
1563.5046792143783,1563.5046792143783,1.0139244,0.0024009356
1563.5060681001355,1563.5060681001355,1.0165246,0.0024043275
1563.5074569858934,1563.5074569858934,1.0194539,0.002404513
1563.5088458714179,1563.5088458714179,1.016164,0.0024028304
1563.5102347571744,1563.5102347571744,1.0145977,0.0024044723
1563.5116236426982,1563.5116236426982,1.0152981,0.0024047294
1563.5130125284554,1563.5130125284554,1.0197111,0.002404212
1563.5144014139798,1563.5144014139798,1.0160034,0.0024050951
1563.5157902997362,1563.5157902997362,1.0180653,0.0024078796
1563.5171791852606,1563.5171791852606,1.013898,0.0024032118
1563.5185680710179,1563.5185680710179,1.0177361,0.002406269
1563.5199569565416,1563.5199569565416,1.01149,0.0024064407
1563.5213458420653,1563.5213458420653,1.0143198,0.002400195
1563.5227347278233,1563.5227347278233,1.0170997,0.0024019459
1563.5241236133484,1563.5241236133484,1.0154208,0.0024123325
1563.525512499105,1563.525512499105,1.0148488,0.0024027647
1563.5269013846287,1563.5269013846287,1.0119518,0.0024024772
1563.528290270386,1563.528290270386,1.0137962,0.0024060775
1563.5296791559101,1563.5296791559101,1.016676,0.0024140726
1563.5310680414339,1563.5310680414339,1.0145775,0.0024029051
1563.532456927191,1563.532456927191,1.0135779,0.0024006562
1563.5338458127155,1563.5338458127155,1.0150532,0.002401553
1563.535234698472,1563.535234698472,1.0174952,0.0024014905
1563.5366235839958,1563.5366235839958,1.0119781,0.0024039473
1563.5380124695203,1563.5380124695203,1.008552,0.0024010458
1563.5394013552782,1563.5394013552782,1.0128065,0.0024038928
1563.5407902408026,1563.5407902408026,1.0140371,0.0024032334
1563.5421791263263,1563.5421791263263,1.016779,0.0024073382
1563.5435680120834,1563.5435680120834,1.0155818,0.00240103
1563.5449568976078,1563.5449568976078,1.0138972,0.0024055208
1563.5463457831315,1563.5463457831315,1.0143329,0.002404164
1563.547734668656,1563.547734668656,1.0140624,0.0024089
1563.5491235544132,1563.5491235544132,1.0114722,0.0023991216
1563.550512439937,1563.550512439937,1.0136381,0.0024032542
1563.5519013254607,1563.5519013254607,1.0129952,0.0024021438
1563.553290210985,1563.553290210985,1.0157503,0.0024023906
1563.5546790967423,1563.5546790967423,1.0149605,0.0024013899
1563.5560679822659,1563.5560679822659,1.0136888,0.002399987
1563.5574568677903,1563.5574568677903,1.0183431,0.002410043
1563.5588457533154,1563.5588457533154,1.0153414,0.0024039075
1563.5602346390726,1563.5602346390726,1.0148596,0.0024006
1563.5616235245964,1563.5616235245964,1.0116994,0.0023998278
1563.5630124101208,1563.5630124101208,1.011667,0.002400623
1563.5644012956452,1563.5644012956452,1.0122528,0.002401696
1563.565790181169,1563.565790181169,1.0115466,0.0024006076
1563.5671790666927,1563.5671790666927,1.0112267,0.0024079422
1563.56856795245,1563.56856795245,1.0137026,0.0024050395
1563.5699568379744,1563.5699568379744,1.0129797,0.0024011298
1563.5713457234979,1563.5713457234979,1.0143197,0.0024004574
1563.5727346090223,1563.5727346090223,1.0128452,0.0024091254
1563.5741234945474,1563.5741234945474,1.0117406,0.002402768
1563.5755123800718,1563.5755123800718,1.0119011,0.0024001817
1563.5769012655956,1563.5769012655956,1.0146704,0.0024022548
1563.57829015112,1563.57829015112,1.0129097,0.0024011144
1563.5796790366444,1563.5796790366444,1.0137836,0.002401791
1563.5810679221681,1563.5810679221681,1.0079862,0.0024073136
1563.5824568079247,1563.5824568079247,1.0140196,0.0024024101
1563.5838456934491,1563.5838456934491,1.0138164,0.0024032753
1563.5852345789733,1563.5852345789733,1.0119946,0.0024046646
1563.586623464497,1563.586623464497,1.0155729,0.0024041247
1563.5880123500215,1563.5880123500215,1.0137281,0.0024053657
1563.589401235546,1563.589401235546,1.0141662,0.0024000397
1563.5907901210703,1563.5907901210703,1.0124557,0.0024010127
1563.5921790065947,1563.5921790065947,1.0112574,0.0024003373
1563.5935678921192,1563.5935678921192,1.0122677,0.002402369
1563.5949567776436,1563.5949567776436,1.0108756,0.002401446
1563.5963456631673,1563.5963456631673,1.0119418,0.0024166957
1563.597734548691,1563.597734548691,1.014258,0.0024024397
1563.5991234339824,1563.5991234339824,1.0115473,0.002400532
1563.6005123195068,1563.6005123195068,1.0135797,0.0024054828
1563.6019012050306,1563.6019012050306,1.012535,0.002401383
1563.603290090555,1563.603290090555,1.0119907,0.0023995603
1563.6046789760794,1563.6046789760794,1.0070119,0.0024023626
1563.6060678616032,1563.6060678616032,1.0108962,0.0024092032
1563.607456747127,1563.607456747127,1.0127077,0.002401263
1563.608845632652,1563.608845632652,1.0071048,0.0024075776
1563.610234518177,1563.610234518177,1.0086917,0.0023972767
1563.6116234037006,1563.6116234037006,1.0152978,0.0024074886
1563.6130122889915,1563.6130122889915,1.0115416,0.0024014628
1563.614401174516,1563.614401174516,1.009866,0.0023986094
1563.6157900600404,1563.6157900600404,1.0115155,0.002403159
1563.617178945564,1563.617178945564,1.0067358,0.0024013836
1563.6185678310885,1563.6185678310885,1.0103872,0.0024018956
1563.619956716613,1563.619956716613,1.0161213,0.002403961
1563.6213456019038,1563.6213456019038,1.0080814,0.0024031296
1563.6227344874276,1563.6227344874276,1.0068916,0.002401712
1563.624123372952,1563.624123372952,1.009153,0.0023979936
1563.625512258477,1563.625512258477,1.0104376,0.0024006683
1563.6269011440015,1563.6269011440015,1.0140386,0.002401159
1563.6282900292922,1563.6282900292922,1.0077107,0.0024003312
1563.6296789148166,1563.6296789148166,1.0097547,0.0023998444
1563.631067800341,1563.631067800341,1.0084939,0.002402458
1563.6324566858648,1563.6324566858648,1.0094727,0.002398502
1563.6338455711564,1563.6338455711564,1.0062228,0.0024011363
1563.6352344566808,1563.6352344566808,1.0086908,0.0024000844
1563.6366233422045,1563.6366233422045,1.0074601,0.0023993333
1563.6380122274954,1563.6380122274954,1.0080508,0.0024000742
1563.6394011130199,1563.6394011130199,1.0133147,0.0024006926
1563.640789998544,1563.640789998544,1.0101783,0.0023988872
1563.642178883835,1563.642178883835,1.007366,0.0024007342
1563.6435677693594,1563.6435677693594,1.010298,0.0024014846
1563.6449566548845,1563.6449566548845,1.0092347,0.0023991733
1563.646345540176,1563.646345540176,1.0087192,0.0023989321
1563.6477344256998,1563.6477344256998,1.0083581,0.0024017924
1563.6491233112242,1563.6491233112242,1.0100074,0.002399335
1563.6505121965158,1563.6505121965158,1.0064636,0.0024060498
1563.6519010820396,1563.6519010820396,1.0092957,0.0024017934
1563.6532899673305,1563.6532899673305,1.0024736,0.002399203
1563.6546788528547,1563.6546788528547,1.0080585,0.0024093515
1563.656067738379,1563.656067738379,1.0079995,0.002398973
1563.65745662367,1563.65745662367,1.008271,0.0023993256
1563.6588455091937,1563.6588455091937,1.0068063,0.002402916
1563.660234394486,1563.660234394486,1.0091825,0.0023984385
1563.661623280011,1563.661623280011,1.0071179,0.0024013037
1563.663012165302,1563.663012165302,1.0055484,0.0024049846
1563.6644010508264,1563.6644010508264,1.0080931,0.0023989168
1563.665789936118,1563.665789936118,1.0075963,0.0023969845
1563.6671788216415,1563.6671788216415,1.0060642,0.0023996092
1563.6685677069324,1563.6685677069324,1.0049099,0.0023939174
1563.6699565924569,1563.6699565924569,1.0075504,0.0024007023
1563.6713454777484,1563.6713454777484,1.0064752,0.0023971759
1563.6727343632722,1563.6727343632722,1.0065718,0.0023953451
1563.674123248563,1563.674123248563,1.007205,0.0023963968
1563.6755121340875,1563.6755121340875,1.0069324,0.0023966248
1563.6769010193798,1563.6769010193798,1.0048436,0.0023977414
1563.6782899049042,1563.6782899049042,1.0057418,0.0023980953
1563.6796787901958,1563.6796787901958,1.0052779,0.0023954585
1563.6810676754874,1563.6810676754874,1.0075604,0.0024033685
1563.682456561011,1563.682456561011,1.0051266,0.0023978383
1563.6838454463018,1563.6838454463018,1.0030618,0.0023997286
1563.6852343318262,1563.6852343318262,1.0059857,0.0023973857
1563.6866232171178,1563.6866232171178,1.002359,0.0023981663
1563.6880121024087,1563.6880121024087,1.0015247,0.0023961028
1563.6894009879331,1563.6894009879331,1.0044545,0.0023961
1563.6907898732247,1563.6907898732247,1.0055304,0.00240453
1563.6921787585156,1563.6921787585156,1.0068668,0.0023982152
1563.6935676440391,1563.6935676440391,1.0030066,0.002397624
1563.6949565293314,1563.6949565293314,1.0048825,0.00239895
1563.6963454146237,1563.6963454146237,1.0053202,0.0023997414
1563.6977343001474,1563.6977343001474,1.0028951,0.0023977363
1563.6991231854383,1563.6991231854383,1.0051929,0.002395976
1563.70051207073,1563.70051207073,1.005307,0.0023951172
1563.7019009562543,1563.7019009562543,1.0024918,0.0023974774
1563.7032898415453,1563.7032898415453,1.0056571,0.0023988027
1563.7046787268368,1563.7046787268368,1.0047812,0.002394308
1563.7060676121284,1563.7060676121284,1.0032411,0.0023993962
1563.7074564976522,1563.7074564976522,1.0013041,0.0023937225
1563.708845382943,1563.708845382943,1.004065,0.0023966995
1563.7102342682344,1563.7102342682344,1.0047846,0.0023962508
1563.7116231535267,1563.7116231535267,1.0026636,0.0023986485
1563.7130120388183,1563.7130120388183,1.0033435,0.0023951344
1563.714400924342,1563.714400924342,1.0021739,0.0023931442
1563.7157898096336,1563.7157898096336,1.0012311,0.0023950613
1563.7171786949252,1563.7171786949252,1.002802,0.0024036465
1563.7185675802161,1563.7185675802161,1.0001411,0.0023970604
1563.7199564655077,1563.7199564655077,1.002558,0.0024057261
1563.7213453507993,1563.7213453507993,1.0028279,0.0023950269
1563.7227342363228,1563.7227342363228,1.0035334,0.0023990266
1563.7241231216137,1563.7241231216137,1.0041803,0.0023979528
1563.7255120069053,1563.7255120069053,1.0026265,0.0024012318
1563.726900892197,1563.726900892197,1.0046185,0.0023977794
1563.7282897774878,1563.7282897774878,1.001385,0.0023977028
1563.7296786627794,1563.7296786627794,1.0033054,0.0023975475
1563.7310675480717,1563.7310675480717,1.0002922,0.0023943845
1563.7324564333633,1563.7324564333633,1.0013286,0.0023955759
1563.7338453186542,1563.7338453186542,1.004831,0.0023964422
1563.7352342039458,1563.7352342039458,1.0016532,0.0023960462
1563.7366230894702,1563.7366230894702,1.0002795,0.0023986823
1563.7380119747609,1563.7380119747609,1.0034745,0.0023952934
1563.7394008600518,1563.7394008600518,0.9986058,0.0023961973
1563.7407897453434,1563.7407897453434,1.0015467,0.0023947414
1563.742178630635,1563.742178630635,1.0004177,0.002394168
1563.7435675159259,1563.7435675159259,1.0009453,0.002399177
1563.7449564012168,1563.7449564012168,1.001917,0.0023955689
1563.746345286509,1563.746345286509,1.0028559,0.0023995265
1563.7477341718013,1563.7477341718013,0.9984772,0.0023961894
1563.7491230570922,1563.7491230570922,0.99759716,0.0024080507
1563.7505119423838,1563.7505119423838,0.9980883,0.0023967426
1563.7519008274423,1563.7519008274423,0.9990793,0.0023975861
1563.7532897127332,1563.7532897127332,1.0008398,0.0023949174
1563.7546785980242,1563.7546785980242,0.9985902,0.0023967554
1563.7560674833157,1563.7560674833157,1.0022035,0.0023956576
1563.7574563686073,1563.7574563686073,1.0013248,0.0023963868
1563.7588452538982,1563.7588452538982,1.002506,0.002396291
1563.7602341391892,1563.7602341391892,1.0005087,0.002395233
1563.7616230244807,1563.7616230244807,0.998864,0.0023939426
1563.7630119097723,1563.7630119097723,0.99759185,0.0024004139
1563.7644007950637,1563.7644007950637,1.0010964,0.002401066
1563.7657896801231,1563.7657896801231,1.002569,0.0023949184
1563.7671785654147,1563.7671785654147,0.9949582,0.0023945414
1563.7685674507056,1563.7685674507056,1.0006645,0.0023933493
1563.7699563359965,1563.7699563359965,1.0021911,0.0023941083
1563.7713452212881,1563.7713452212881,0.99273473,0.0023976783
1563.7727341065797,1563.7727341065797,0.9978675,0.002392901
1563.7741229916378,1563.7741229916378,0.9984684,0.0023964131
1563.7755118769287,1563.7755118769287,0.9957469,0.002395667
1563.7769007622203,1563.7769007622203,0.9972385,0.0023968548
1563.7782896475117,1563.7782896475117,0.99686605,0.0023947137
1563.7796785328026,1563.7796785328026,0.9961365,0.002395851
1563.781067417862,1563.781067417862,0.99848574,0.0023939053
1563.7824563031543,1563.7824563031543,0.9975666,0.0023923223
1563.7838451884452,1563.7838451884452,0.996249,0.0023970539
1563.7852340735033,1563.7852340735033,0.99939513,0.0023941067
1563.7866229587949,1563.7866229587949,0.99787253,0.0023944196
1563.7880118440864,1563.7880118440864,0.997489,0.0024002756
1563.7894007293773,1563.7894007293773,0.9990746,0.0023927614
1563.790789614436,1563.790789614436,1.0010678,0.0024067182
1563.7921784997277,1563.7921784997277,0.9965771,0.002396637
1563.7935673850184,1563.7935673850184,0.99559367,0.0023940078
1563.7949562700765,1563.7949562700765,0.9985645,0.0023927223
1563.796345155368,1563.796345155368,0.99703926,0.002394819
1563.7977340406596,1563.7977340406596,0.99999905,0.0023931155
1563.7991229257184,1563.7991229257184,0.9957189,0.0023980986
1563.80051181101,1563.80051181101,0.99894553,0.002393195
1563.8019006963016,1563.8019006963016,0.99687004,0.0023945249
1563.8032895813603,1563.8032895813603,0.99673796,0.002398621
1563.8046784666512,1563.8046784666512,0.9960676,0.002391268
1563.80606735171,1563.80606735171,0.99559355,0.0023940417
1563.8074562370014,1563.8074562370014,0.99519545,0.0023937437
1563.8088451220594,1563.8088451220594,0.9945084,0.0023930292
1563.8102340073503,1563.8102340073503,0.9961493,0.0023962138
1563.811622892642,1563.811622892642,0.9965004,0.0023992737
1563.8130117777007,1563.8130117777007,0.9960047,0.0023946355
1563.8144006629916,1563.8144006629916,1.0000796,0.0023962732
1563.8157895480497,1563.8157895480497,1.0021727,0.00239616
1563.817178433342,1563.817178433342,0.998787,0.0024039517
1563.8185673184014,1563.8185673184014,1.0011665,0.0023936615
1563.8199562036923,1563.8199562036923,0.99969935,0.0023931502
1563.8213450887508,1563.8213450887508,1.0016245,0.0023935225
1563.8227339740424,1563.8227339740424,0.9960192,0.002394981
1563.8241228591005,1563.8241228591005,0.9960627,0.0023929786
1563.8255117443914,1563.8255117443914,0.99691135,0.0023958478
1563.8269006294502,1563.8269006294502,0.9947218,0.0023926483
1563.828289514509,1563.828289514509,0.9959465,0.0023986911
1563.8296783997998,1563.8296783997998,0.99761903,0.0023924042
1563.831067284858,1563.831067284858,0.9935914,0.00239415
1563.8324561701495,1563.8324561701495,0.9928167,0.0023917046
1563.833845055209,1563.833845055209,0.99377406,0.0023956706
1563.8352339405003,1563.8352339405003,0.9951035,0.0023906133
1563.836622825559,1563.836622825559,0.99545884,0.002391677
1563.8380117106178,1563.8380117106178,0.992826,0.0023933065
1563.8394005959087,1563.8394005959087,0.99769795,0.0023953298
1563.8407894809668,1563.8407894809668,0.99399143,0.0023920094
1563.8421783660256,1563.8421783660256,0.99297416,0.0023937954
1563.8435672513172,1563.8435672513172,0.9929514,0.0023942837
1563.8449561363752,1563.8449561363752,0.9918707,0.0023902527
1563.8463450214333,1563.8463450214333,0.9937585,0.002391624
1563.8477339067247,1563.8477339067247,0.98961645,0.0023887947
1563.8491227917834,1563.8491227917834,0.9940796,0.002393457
1563.8505116768415,1563.8505116768415,0.99539334,0.0023965256
1563.8519005621338,1563.8519005621338,0.9930069,0.0023912678
1563.8532894471932,1563.8532894471932,0.9958568,0.0023949249
1563.8546783322513,1563.8546783322513,0.9954878,0.0024003189
1563.8560672173094,1563.8560672173094,0.9941514,0.0023933325
1563.857456102601,1563.857456102601,0.9943427,0.002393183
1563.8588449876597,1563.8588449876597,0.9939214,0.0023997847
1563.8602338727176,1563.8602338727176,0.99359995,0.002388705
1563.8616227577756,1563.8616227577756,0.9934845,0.00238948
1563.8630116430672,1563.8630116430672,0.9939972,0.0023939856
1563.864400528126,1563.864400528126,0.994622,0.0023913234
1563.865789413184,1563.865789413184,0.9925888,0.002396137
1563.8671782982428,1563.8671782982428,0.99465984,0.0023931176
1563.8685671833023,1563.8685671833023,0.9954702,0.0023917921
1563.869956068361,1563.869956068361,0.9906573,0.0023966187
1563.871344953652,1563.871344953652,0.9933013,0.0023907898
1563.8727338387107,1563.8727338387107,0.9914411,0.0023930864
1563.8741227237695,1563.8741227237695,0.9941704,0.0023921598
1563.8755116088275,1563.8755116088275,0.990693,0.00238873
1563.8769004938854,1563.8769004938854,0.9960126,0.0023924094
1563.8782893789441,1563.8782893789441,0.9895575,0.0023966702
1563.879678264003,1563.879678264003,0.9924408,0.0023892152
1563.881067149061,1563.881067149061,0.9927107,0.0023915418
1563.8824560343526,1563.8824560343526,0.9888314,0.0023908839
1563.8838449194113,1563.8838449194113,0.9906591,0.0023923519
1563.8852338044694,1563.8852338044694,0.9910097,0.0023907097
1563.8866226895282,1563.8866226895282,0.99094355,0.0023971386
1563.8880115745876,1563.8880115745876,0.99345887,0.002390637
1563.8894004596461,1563.8894004596461,0.9924118,0.0023929933
1563.8907893447042,1563.8907893447042,0.99010503,0.0023977167
1563.8921782297623,1563.8921782297623,0.9921502,0.0023904587
1563.893567114821,1563.893567114821,0.9953295,0.002391712
1563.8949559998798,1563.8949559998798,0.9912534,0.002397175
1563.896344884938,1563.896344884938,0.9897813,0.002389769
1563.8977337699966,1563.8977337699966,0.9915432,0.0023920329
1563.8991226550554,1563.8991226550554,0.9921744,0.002390146
1563.9005115401135,1563.9005115401135,0.9914384,0.0023951624
1563.9019004251716,1563.9019004251716,0.9914048,0.0023940946
1563.90328931023,1563.90328931023,0.99039197,0.0023882114
1563.9046781952895,1563.9046781952895,0.9922451,0.002396896
1563.9060670803483,1563.9060670803483,0.9914197,0.0023888524
1563.9074559651742,1563.9074559651742,0.99065447,0.0023907074
1563.908844850233,1563.908844850233,0.9916258,0.0023969715
1563.910233735291,1563.910233735291,0.9938783,0.0023931277
1563.9116226203491,1563.9116226203491,0.98723173,0.0023919432
1563.913011505408,1563.913011505408,0.9856595,0.002389561
1563.9144003904667,1563.9144003904667,0.9928804,0.0023931258
1563.9157892755245,1563.9157892755245,0.99242485,0.0023897593
1563.9171781605826,1563.9171781605826,0.987859,0.0023897525
1563.9185670454085,1563.9185670454085,0.9904843,0.0024008122
1563.9199559304673,1563.9199559304673,0.9885604,0.0023885786
1563.921344815526,1563.921344815526,0.9914518,0.002391734
1563.9227337005855,1563.9227337005855,0.98987037,0.0023999892
1563.9241225856442,1563.9241225856442,0.9872895,0.002388139
1563.9255114704695,1563.9255114704695,0.9854765,0.0023891164
1563.9269003555276,1563.9269003555276,0.9898784,0.0023889295
1563.9282892405863,1563.9282892405863,0.9898813,0.002389197
1563.929678125645,1563.929678125645,0.9875523,0.0023899556
1563.931067010703,1563.931067010703,0.9880153,0.0023860345
1563.9324558955282,1563.9324558955282,0.98884255,0.0023902438
1563.933844780587,1563.933844780587,0.98794985,0.0023913467
1563.9352336656457,1563.9352336656457,0.98970133,0.0023893407
1563.9366225507038,1563.9366225507038,0.98956686,0.0023926161
1563.9380114355297,1563.9380114355297,0.9866767,0.002389111
1563.9394003205891,1563.9394003205891,0.9877843,0.002392444
1563.940789205648,1563.940789205648,0.98727953,0.0023889877
1563.9421780904731,1563.9421780904731,0.98946846,0.0023905877
1563.943566975532,1563.943566975532,0.99148506,0.0023927581
1563.9449558605904,1563.9449558605904,0.9877008,0.0023910808
1563.9463447454157,1563.9463447454157,0.9889594,0.0023867893
1563.9477336304737,1563.9477336304737,0.9869351,0.0023866445
1563.9491225155325,1563.9491225155325,0.9910592,0.0023888524
1563.9505114003584,1563.9505114003584,0.98923343,0.0023882182
1563.9519002854165,1563.9519002854165,0.9887757,0.002390855
1563.9532891702424,1563.9532891702424,0.98968196,0.0023907819
1563.9546780553012,1563.9546780553012,0.9872068,0.0023874857
1563.9560669403593,1563.9560669403593,0.9878306,0.0023876608
1563.957455825185,1563.957455825185,0.9900837,0.0023898934
1563.9588447102444,1563.9588447102444,0.988041,0.0023888028
1563.9602335950703,1563.9602335950703,0.9893306,0.0023898333
1563.9616224801284,1563.9616224801284,0.99038386,0.0023977214
1563.9630113649537,1563.9630113649537,0.987717,0.0023944941
1563.9644002500124,1563.9644002500124,0.9896184,0.0023904252
1563.9657891348384,1563.9657891348384,0.9869315,0.0023898373
1563.9671780198964,1563.9671780198964,0.9850207,0.002393137
1563.9685669047224,1563.9685669047224,0.98701537,0.0023857318
1563.9699557897811,1563.9699557897811,0.9872599,0.0024007957
1563.9713446746061,1563.9713446746061,0.9861577,0.002388307
1563.9727335596642,1563.9727335596642,0.98876035,0.0023904357
1563.9741224444908,1563.9741224444908,0.9931493,0.0023909246
1563.9755113295503,1563.9755113295503,0.9866682,0.0023885139
1563.9769002143755,1563.9769002143755,0.9844914,0.0023888224
1563.9782890994336,1563.9782890994336,0.9865938,0.0023916624
1563.9796779842595,1563.9796779842595,0.98909825,0.0023902466
1563.9810668693183,1563.9810668693183,0.98649156,0.0023940161
1563.9824557541435,1563.9824557541435,0.98313814,0.0023916168
1563.9838446389695,1563.9838446389695,0.98416066,0.002384449
1563.9852335240282,1563.9852335240282,0.9881549,0.0023892596
1563.9866224088532,1563.9866224088532,0.9889201,0.0023898538
1563.9880112939113,1563.9880112939113,0.9869411,0.0023916957
1563.9894001787372,1563.9894001787372,0.9851722,0.0023986707
1563.9907890635632,1563.9907890635632,0.9861507,0.0023876447
1563.992177948622,1563.992177948622,0.9846504,0.002391201
1563.9935668334479,1563.9935668334479,0.9864232,0.0023883197
1563.9949557182738,1563.9949557182738,0.9849413,0.0023911977
1563.9963446033325,1563.9963446033325,0.9817093,0.0023877309
1563.9977334881578,1563.9977334881578,0.9835841,0.0023830663
1563.9991223729837,1563.9991223729837,0.984827,0.0023912343
1564.0005112578094,1564.0005112578094,0.9863022,0.0023921258
1564.0019001428675,1564.0019001428675,0.9863371,0.0023885109
1564.0032890276927,1564.0032890276927,0.9879675,0.002394468
1564.0046779125187,1564.0046779125187,0.98728615,0.0023906294
1564.0060667975774,1564.0060667975774,0.98493904,0.0023901681
1564.0074556824027,1564.0074556824027,0.9807662,0.0023863248
1564.008844567228,1564.008844567228,0.98702526,0.0023878182
1564.0102334520545,1564.0102334520545,0.9818537,0.002385197
1564.0116223368811,1564.0116223368811,0.983622,0.002387102
1564.0130112219392,1564.0130112219392,0.98658437,0.002388339
1564.014400106765,1564.014400106765,0.9847884,0.0023931337
1564.0157889915909,1564.0157889915909,0.9862583,0.002388522
1564.017177876416,1564.017177876416,0.9852075,0.0024089273
1564.0185667612413,1564.0185667612413,0.984034,0.0023851583
1564.0199556463,1564.0199556463,0.9815835,0.0023906594
1564.021344531126,1564.021344531126,0.9848975,0.0023866317
1564.0227334159513,1564.0227334159513,0.9859326,0.0023910864
1564.0241223007772,1564.0241223007772,0.9837726,0.0023880836
1564.0255111856031,1564.0255111856031,0.98287797,0.002387268
1564.026900070429,1564.026900070429,0.98508966,0.0023867271
1564.0282889552548,1564.0282889552548,0.9879054,0.0023879874
1564.0296778400807,1564.0296778400807,0.9836099,0.0023876573
1564.0310667249066,1564.0310667249066,0.9845885,0.0023908473
1564.0324556099647,1564.0324556099647,0.98341054,0.0023970003
1564.03384449479,1564.03384449479,0.9885071,0.0023886168
1564.0352333796159,1564.0352333796159,0.9833702,0.002387356
1564.0366222644418,1564.0366222644418,0.98496586,0.0023847944
1564.038011149267,1564.038011149267,0.9850908,0.0023845565
1564.039400034093,1564.039400034093,0.9843318,0.0023867122
1564.040788918919,1564.040788918919,0.9830523,0.002387621
1564.042177803744,1564.042177803744,0.9842242,0.00238672
1564.0435666885692,1564.0435666885692,0.9830207,0.0023860133
1564.0449555733958,1564.0449555733958,0.98422074,0.002391524
1564.0463444582224,1564.0463444582224,0.9826494,0.0023929542
1564.0477333430476,1564.0477333430476,0.9838328,0.002388253
1564.0491222278729,1564.0491222278729,0.9841316,0.0023899477
1564.0505111126988,1564.0505111126988,0.9846514,0.0023870808
1564.0518999975247,1564.0518999975247,0.98294103,0.0023876824
1564.05328888235,1564.05328888235,0.9806747,0.0023868245
1564.054677766943,1564.054677766943,0.98530614,0.0023904275
1564.0560666517688,1564.0560666517688,0.9867288,0.0023883574
1564.057455536594,1564.057455536594,0.9831225,0.0023867046
1564.0588444214193,1564.0588444214193,0.98411334,0.002385793
1564.0602333062452,1564.0602333062452,0.982758,0.0023861849
1564.0616221910711,1564.0616221910711,0.98450935,0.0023875334
1564.063011075897,1564.063011075897,0.9834043,0.002384394
1564.064399960723,1564.064399960723,0.9852875,0.002387679
1564.065788845316,1564.065788845316,0.98099446,0.0023850242
1564.067177730142,1564.067177730142,0.9835078,0.0023853434
1564.0685666149673,1564.0685666149673,0.9823667,0.0023870436
1564.069955499793,1564.069955499793,0.98550475,0.0023855902
1564.071344384619,1564.071344384619,0.9813196,0.0023867015
1564.0727332694441,1564.0727332694441,0.9827941,0.002385909
1564.0741221540366,1564.0741221540366,0.9823864,0.002386027
1564.0755110388625,1564.0755110388625,0.98455906,0.0023869267
1564.0768999236884,1564.0768999236884,0.9852673,0.0023880182
1564.0782888085137,1564.0782888085137,0.9935302,0.0023922806
1564.079677693106,1564.079677693106,0.98913145,0.0023926955
1564.0810665779327,1564.0810665779327,0.98911655,0.0023907886
1564.082455462759,1564.082455462759,0.9865239,0.0023971878
1564.0838443475843,1564.0838443475843,0.98449236,0.0023889442
1564.0852332321774,1564.0852332321774,0.98348415,0.0023884987
1564.0866221170033,1564.0866221170033,0.98300844,0.0023870429
1564.0880110018286,1564.0880110018286,0.9902692,0.0023978513
1564.089399886421,1564.089399886421,0.9836311,0.0023895672
1564.090788771247,1564.090788771247,0.9856074,0.0023860787
1564.0921776560729,1564.0921776560729,0.98407817,0.0023865153
1564.0935665406653,1564.0935665406653,0.9867341,0.0023853837
1564.0949554254905,1564.0949554254905,0.9847018,0.0023880154
1564.0963443103162,1564.0963443103162,0.98546684,0.0023920427
1564.0977331949093,1564.0977331949093,0.9875035,0.0023923
1564.0991220797353,1564.0991220797353,0.9839905,0.0023860328
1564.1005109645619,1564.1005109645619,0.985186,0.002390423
1564.101899849155,1564.101899849155,0.98860914,0.0023866077
1564.1032887339802,1564.1032887339802,0.98477584,0.002386813
1564.1046776185726,1564.1046776185726,0.98373616,0.0023938871
1564.1060665033986,1564.1060665033986,0.98471993,0.0023879425
1564.1074553879916,1564.1074553879916,0.98478323,0.0023855153
1564.108844272817,1564.108844272817,0.987288,0.0023876138
1564.110233157642,1564.110233157642,0.9839459,0.0023887053
1564.111622042235,1564.111622042235,0.98520035,0.0023884925
1564.113010927061,1564.113010927061,0.9867262,0.0023896373
1564.1143998116534,1564.1143998116534,0.9857613,0.002407772
1564.11578869648,1564.11578869648,0.98301715,0.0023870338
1564.1171775810737,1564.1171775810737,0.9848633,0.002396427
1564.118566465899,1564.118566465899,0.98858243,0.0023881567
1564.1199553504914,1564.1199553504914,0.98649126,0.0023882557
1564.1213442353173,1564.1213442353173,0.9827572,0.0023866573
1564.1227331199104,1564.1227331199104,0.9838946,0.0023905784
1564.1241220045029,1564.1241220045029,0.9867949,0.0023863004
1564.1255108893286,1564.1255108893286,0.9840604,0.0023886496
1564.1268997739217,1564.1268997739217,0.9847571,0.0023898894
1564.128288658747,1564.128288658747,0.9842461,0.0023858962
1564.1296775433393,1564.1296775433393,0.9850967,0.0023869094
1564.1310664281652,1564.1310664281652,0.9828611,0.002399121
1564.1324553127583,1564.1324553127583,0.9860971,0.002397664
1564.1338441973514,1564.1338441973514,0.98582834,0.0023881018
1564.1352330821774,1564.1352330821774,0.9861276,0.0023876538
1564.1366219667705,1564.1366219667705,0.9877745,0.0023890762
1564.1380108513633,1564.1380108513633,0.98604983,0.0023864792
1564.1393997361886,1564.1393997361886,0.983097,0.0023867977
1564.1407886207817,1564.1407886207817,0.9845698,0.0023893048
1564.1421775053748,1564.1421775053748,0.98600656,0.002386663
1564.1435663902,1564.1435663902,0.986203,0.0023863276
1564.1449552747924,1564.1449552747924,0.98227924,0.0023880259
1564.1463441593855,1564.1463441593855,0.98725605,0.002397477
1564.1477330442115,1564.1477330442115,0.9836021,0.0023864305
1564.1491219288039,1564.1491219288039,0.984507,0.002386281
1564.1505108133963,1564.1505108133963,0.9803505,0.0023864934
1564.1518996979898,1564.1518996979898,0.98497,0.0023918916
1564.1532885828165,1564.1532885828165,0.9862215,0.0023874287
1564.1546774674089,1564.1546774674089,0.98757976,0.002385789
1564.156066352002,1564.156066352002,0.98501146,0.002388378
1564.157455236595,1564.157455236595,0.9855107,0.0023918294
1564.1588441214203,1564.1588441214203,0.98657143,0.0023867602
1564.1602330060127,1564.1602330060127,0.98285353,0.0023861374
1564.1616218906058,1564.1616218906058,0.98658466,0.002388563
1564.163010775199,1564.163010775199,0.98356575,0.0023891295
1564.1643996597911,1564.1643996597911,0.98736644,0.0023882466
1564.1657885443835,1564.1657885443835,0.98505247,0.002394169
1564.1671774292095,1564.1671774292095,0.98528516,0.0023857378
1564.1685663138026,1564.1685663138026,0.98233974,0.002387827
1564.1699551983957,1564.1699551983957,0.98782814,0.0023902936
1564.1713440829894,1564.1713440829894,0.9858232,0.0023984015
1564.1727329675825,1564.1727329675825,0.9845537,0.0023891542
1564.174121852175,1564.174121852175,0.98509705,0.0023884277
1564.1755107367674,1564.1755107367674,0.98828334,0.0023896352
1564.1768996213605,1564.1768996213605,0.9854921,0.0023976949
1564.1782885061864,1564.1782885061864,0.9857175,0.0023876345
1564.1796773907788,1564.1796773907788,0.98820776,0.0023883125
1564.181066275371,1564.181066275371,0.98467946,0.0023903076
1564.182455159964,1564.182455159964,0.9877407,0.0023941328
1564.1838440445572,1564.1838440445572,0.9873805,0.0023879022
1564.1852329291496,1564.1852329291496,0.98877263,0.002390491
1564.1866218137427,1564.1866218137427,0.9845973,0.0023873271
1564.1880106983365,1564.1880106983365,0.98382854,0.0023880156
1564.1893995829296,1564.1893995829296,0.98633504,0.0023903414
1564.190788467522,1564.190788467522,0.9840577,0.002390308
1564.192177352115,1564.192177352115,0.989871,0.0023919984
1564.193566236708,1564.193566236708,0.98807126,0.002389807
1564.1949551213004,1564.1949551213004,0.9855314,0.002386748
1564.1963440058928,1564.1963440058928,0.98609555,0.0023890003
1564.197732890486,1564.197732890486,0.98865515,0.002388747
1564.1991217748462,1564.1991217748462,0.9866338,0.0023891744
1564.2005106594386,1564.2005106594386,0.9909321,0.0023921416
1564.2018995440317,1564.2018995440317,0.9887153,0.0023946567
1564.2032884286248,1564.2032884286248,0.98781085,0.002390391
1564.2046773132172,1564.2046773132172,0.98733675,0.0023936303
1564.2060661978103,1564.2060661978103,0.9904715,0.0023909092
1564.2074550824038,1564.2074550824038,0.9861768,0.0023888794
1564.208843966997,1564.208843966997,0.987747,0.0023878352
1564.2102328515894,1564.2102328515894,0.9872617,0.0023906352
1564.211621735949,1564.211621735949,0.9897817,0.0023886033
1564.213010620542,1564.213010620542,0.9969939,0.0024057487
1564.2143995051351,1564.2143995051351,0.9883762,0.002404032
1564.2157883897275,1564.2157883897275,0.98934036,0.002389616
1564.2171772743206,1564.2171772743206,0.98723537,0.0023922767
1564.2185661589137,1564.2185661589137,0.9889024,0.0023882443
1564.219955043273,1564.219955043273,0.9897362,0.0023907248
1564.2213439278655,1564.2213439278655,0.99123836,0.0023900948
1564.2227328124586,1564.2227328124586,0.99180555,0.002391786
1564.2241216970524,1564.2241216970524,0.9886389,0.0023909146
1564.2255105814127,1564.2255105814127,0.9902211,0.0023905374
1564.226899466005,1564.226899466005,0.9893902,0.0023903227
1564.2282883505982,1564.2282883505982,0.98921156,0.0023912662
1564.2296772351913,1564.2296772351913,0.9880346,0.0023956657
1564.2310661195509,1564.2310661195509,0.9883335,0.0023929875
1564.232455004144,1564.232455004144,0.9897387,0.0023899027
1564.233843888737,1564.233843888737,0.98856,0.0023879835
1564.2352327730964,1564.2352327730964,0.9871362,0.00239136
1564.2366216576888,1564.2366216576888,0.9873031,0.0023893886
1564.238010542282,1564.238010542282,0.9873201,0.002389295
1564.2393994266422,1564.2393994266422,0.98575574,0.0023890797
1564.2407883112346,1564.2407883112346,0.98970395,0.00238973
1564.2421771958284,1564.2421771958284,0.9880179,0.0023876415
1564.2435660801893,1564.2435660801893,0.98635864,0.0023887672
1564.2449549647818,1564.2449549647818,0.98844993,0.0023914406
1564.2463438491413,1564.2463438491413,0.9881165,0.002388143
1564.2477327337344,1564.2477327337344,0.99018246,0.002389189
1564.2491216183273,1564.2491216183273,0.98870903,0.0023897318
1564.250510502687,1564.250510502687,0.9891848,0.002389044
1564.2518993872793,1564.2518993872793,0.9885524,0.002393253
1564.2532882716396,1564.2532882716396,0.9928771,0.0023901013
1564.2546771562327,1564.2546771562327,0.9886352,0.0023885493
1564.2560660405923,1564.2560660405923,0.9903585,0.0023921037
1564.2574549251854,1564.2574549251854,0.9884509,0.002391787
1564.2588438095456,1564.2588438095456,0.9890773,0.0023903758
1564.2602326941387,1564.2602326941387,0.99071926,0.0023924736
1564.2616215787318,1564.2616215787318,0.98925555,0.0023956748
1564.2630104630919,1564.2630104630919,0.98993844,0.0023883504
1564.2643993474521,1564.2643993474521,0.9884882,0.0023882014
1564.2657882320445,1564.2657882320445,0.99042344,0.0023913262
1564.2671771164041,1564.2671771164041,0.9910214,0.0023915418
1564.2685660009972,1564.2685660009972,0.9936224,0.0023920476
1564.2699548853575,1564.2699548853575,0.99091756,0.0023930147
1564.27134376995,1564.27134376995,0.9894212,0.002392833
1564.2727326543102,1564.2727326543102,0.989645,0.0023926604
1564.2741215389033,1564.2741215389033,0.99128413,0.0023930776
1564.2755104232626,1564.2755104232626,0.99297655,0.0023931381
1564.2768993076222,1564.2768993076222,0.9936262,0.0023901428
1564.278288192216,1564.278288192216,0.9937043,0.0023940392
1564.279677076577,1564.279677076577,0.99169713,0.0023925698
1564.2810659609365,1564.2810659609365,0.9934873,0.0024007857
1564.282454845529,1564.282454845529,0.9962453,0.0023969046
1564.2838437298892,1564.2838437298892,0.996998,0.0023937083
1564.2852326144823,1564.2852326144823,0.9975333,0.002396527
1564.286621498842,1564.286621498842,0.99270874,0.0023920152
1564.2880103832022,1564.2880103832022,0.9941244,0.0023934045
1564.2893992675624,1564.2893992675624,0.995152,0.0023929856
1564.2907881521546,1564.2907881521546,0.9948842,0.0023920052
1564.2921770365142,1564.2921770365142,0.99751806,0.002394511
1564.2935659208745,1564.2935659208745,0.9959998,0.0023907097
1564.2949548054676,1564.2949548054676,0.9939127,0.0023933304
1564.2963436898278,1564.2963436898278,0.99646384,0.0024014423
1564.297732574188,1564.297732574188,0.9935283,0.0023928455
1564.2991214585484,1564.2991214585484,0.9924206,0.0023979614
1564.3005103431415,1564.3005103431415,0.9942656,0.002391504
1564.301899227501,1564.301899227501,0.9933935,0.0023939144
1564.3032881118613,1564.3032881118613,0.99711424,0.0023955975
1564.3046769962214,1564.3046769962214,0.99605095,0.002400193
1564.306065880581,1564.306065880581,0.9941423,0.0023919381
1564.3074547651734,1564.3074547651734,0.9955098,0.002391314
1564.3088436495336,1564.3088436495336,0.99774677,0.002395558
1564.310232533894,1564.310232533894,0.99732673,0.0023958103
1564.3116214182535,1564.3116214182535,0.9969607,0.0023915968
1564.313010302613,1564.313010302613,0.99904966,0.0023959745
1564.314399186974,1564.314399186974,0.99889654,0.0023998886
1564.315788071335,1564.315788071335,0.9954496,0.002394765
1564.3171769559274,1564.3171769559274,0.9963314,0.0024010898
1564.3185658402874,1564.3185658402874,0.9966868,0.0023941514
1564.3199547246477,1564.3199547246477,0.9940618,0.002393156
1564.3213436090073,1564.3213436090073,0.9960717,0.002396775
1564.3227324933669,1564.3227324933669,0.997372,0.002395801
1564.3241213777271,1564.3241213777271,0.9974984,0.00239724
1564.3255102620874,1564.3255102620874,0.99911577,0.0023945298
1564.326899146447,1564.326899146447,0.9961554,0.0023965486
1564.3282880308066,1564.3282880308066,0.9992287,0.0023957868
1564.3296769151668,1564.3296769151668,0.9964844,0.0023966606
1564.3310657995269,1564.3310657995269,0.9955677,0.0023918105
1564.3324546838871,1564.3324546838871,0.9953261,0.0023950823
1564.333843568248,1564.333843568248,0.99736863,0.0023966145
1564.3352324526084,1564.3352324526084,0.99576324,0.0023938664
1564.336621336968,1564.336621336968,0.995913,0.0023932906
1564.3380102213275,1564.3380102213275,1.002383,0.0023990942
1564.3393991056878,1564.3393991056878,0.997583,0.0024050372
1564.340787990048,1564.340787990048,0.9992849,0.0023971044
1564.3421768744076,1564.3421768744076,0.9982266,0.0023954764
1564.3435657587672,1564.3435657587672,1.0008804,0.0023954562
1564.3449546431273,1564.3449546431273,0.99840295,0.002400939
1564.3463435274875,1564.3463435274875,0.9997667,0.0023940224
1564.3477324118471,1564.3477324118471,0.9973663,0.0023924294
1564.3491212959746,1564.3491212959746,1.0012906,0.0023974073
1564.3505101803355,1564.3505101803355,1.0009849,0.0024023983
1564.3518990646958,1564.3518990646958,0.9989201,0.0023946208
1564.3532879490554,1564.3532879490554,0.9980372,0.002394937
1564.3546768334156,1564.3546768334156,1.0011735,0.0023942431
1564.356065717776,1564.356065717776,0.9983863,0.0023952532
1564.3574546021355,1564.3574546021355,0.9994535,0.002394413
1564.358843486263,1564.358843486263,1.0018435,0.0023988348
1564.360232370623,1564.360232370623,0.99853307,0.0023959405
1564.3616212549825,1564.3616212549825,1.0025367,0.002396247
1564.3630101393421,1564.3630101393421,1.003251,0.0023970522
1564.3643990237024,1564.3643990237024,0.9953474,0.0023965589
1564.3657879078298,1564.3657879078298,0.9987939,0.0023942604
1564.3671767921894,1564.3671767921894,1.0000113,0.0023950546
1564.3685656765497,1564.3685656765497,0.99526834,0.002396495
1564.3699545609106,1564.3699545609106,1.0018808,0.0023958695
1564.371343445038,1564.371343445038,1.0031538,0.0023947184
1564.3727323293976,1564.3727323293976,0.99905115,0.002404148
1564.3741212137577,1564.3741212137577,1.0017022,0.0023994225
1564.3755100978851,1564.3755100978851,1.0010322,0.0023988686
1564.3768989822447,1564.3768989822447,0.9983335,0.0024018174
1564.3782878666043,1564.3782878666043,0.9964175,0.0023951272
1564.3796767509646,1564.3796767509646,0.9986117,0.0023941668
1564.381065635092,1564.381065635092,1.0003192,0.0023966467
1564.3824545194516,1564.3824545194516,0.9999305,0.0023948934
1564.3838434035783,1564.3838434035783,1.0014316,0.002403559
1564.3852322879386,1564.3852322879386,0.99887305,0.0023947004
1564.3866211722996,1564.3866211722996,1.0007284,0.0023969624
1564.3880100564268,1564.3880100564268,0.9981224,0.0023966597
1564.389398940787,1564.389398940787,0.9982898,0.0023939118
1564.3907878251473,1564.3907878251473,1.0007863,0.002396782
1564.392176709274,1564.392176709274,0.99904686,0.0023946466
1564.3935655936336,1564.3935655936336,1.0013661,0.002398467
1564.394954477761,1564.394954477761,1.000308,0.0023934445
1564.3963433621213,1564.3963433621213,0.9973589,0.002395339
1564.397732246248,1564.397732246248,1.0002434,0.002396772
1564.3991211306077,1564.3991211306077,1.0037465,0.0023951603
1564.400510014735,1564.400510014735,1.0024436,0.0023964727
1564.4018988990952,1564.4018988990952,0.99967045,0.0024014285
1564.403287783222,1564.403287783222,1.0002167,0.0023956993
1564.4046766675829,1564.4046766675829,1.0011786,0.0023960923
1564.406065551711,1564.406065551711,1.001395,0.0023975729
1564.4074544360706,1564.4074544360706,1.0014806,0.0023971498
1564.4088433201973,1564.4088433201973,1.0047722,0.0023995126
1564.4102322045576,1564.4102322045576,1.0221748,0.0024068234
1564.411621088685,1564.411621088685,1.0186938,0.002405903
1564.4130099730446,1564.4130099730446,1.0098861,0.0024056078
1564.4143988571711,1564.4143988571711,1.0069865,0.0023992592
1564.4157877415314,1564.4157877415314,1.0074502,0.0024008034
1564.4171766256588,1564.4171766256588,1.0109028,0.0024057422
1564.4185655097856,1564.4185655097856,1.0059808,0.0023984453
1564.4199543941459,1564.4199543941459,1.0273238,0.0024176422
1564.4213432782733,1564.4213432782733,1.0185583,0.0024070663
1564.4227321626336,1564.4227321626336,1.0157241,0.0024054737
1564.424121046761,1564.424121046761,1.0126992,0.00240083
1564.4255099308884,1564.4255099308884,1.0151116,0.0024053752
1564.4268988152487,1564.4268988152487,1.0123035,0.0024012954
1564.4282876993755,1564.4282876993755,1.0110737,0.00240064
1564.429676583502,1564.429676583502,1.0101719,0.002403345
1564.4310654678623,1564.4310654678623,1.0075413,0.002397959
1564.4324543519897,1564.4324543519897,1.0085847,0.0024073052
1564.4338432361164,1564.4338432361164,1.0088484,0.00239769
1564.4352321202439,1564.4352321202439,1.0076607,0.0024032427
1564.4366210046041,1564.4366210046041,1.0120379,0.002407476
1564.438009888731,1564.438009888731,1.008779,0.002400715
1564.4393987728577,1564.4393987728577,1.0076898,0.00240092
1564.4407876569858,1564.4407876569858,1.007901,0.002398434
1564.4421765413465,1564.4421765413465,1.0070616,0.002397442
1564.4435654254733,1564.4435654254733,1.0098046,0.0024001764
1564.4449543096,1564.4449543096,1.0073981,0.0023997494
1564.4463431937274,1564.4463431937274,1.0069408,0.0023993747
1564.4477320778549,1564.4477320778549,1.0069276,0.0023992541
1564.4491209622145,1564.4491209622145,1.0066527,0.0023981896
1564.450509846342,1564.450509846342,1.0069424,0.0024009207
1564.4518987304693,1564.4518987304693,1.006298,0.0023972725
1564.453287614596,1564.453287614596,1.0095837,0.0023980457
1564.4546764987228,1564.4546764987228,1.0070795,0.002401734
1564.45606538285,1564.45606538285,1.0073261,0.0024007545
1564.4574542672103,1564.4574542672103,1.0095962,0.0023995726
1564.4588431513378,1564.4588431513378,1.0089195,0.0024050192
1564.4602320354652,1564.4602320354652,1.0104508,0.0024065361
1564.4616209195926,1564.4616209195926,1.0051088,0.002397798
1564.46300980372,1564.46300980372,1.0056096,0.0023964008
1564.4643986878468,1564.4643986878468,1.0096942,0.0024000155
1564.4657875719743,1564.4657875719743,1.0049728,0.002399218
1564.4671764561017,1564.4671764561017,1.0104129,0.0024012187
1564.4685653402282,1564.4685653402282,1.0038255,0.0023966038
1564.469954224355,1564.469954224355,1.008854,0.0024001491
1564.4713431084824,1564.4713431084824,1.008178,0.0024003906
1564.4727319926099,1564.4727319926099,1.0086129,0.0023985787
1564.4741208767366,1564.4741208767366,1.0116556,0.00240283
1564.475509760864,1564.475509760864,1.0093411,0.0024012825
1564.4768986449915,1564.4768986449915,1.0066708,0.0023995538
1564.478287529119,1564.478287529119,1.0062577,0.0023979077
1564.4796764132464,1564.4796764132464,1.0079913,0.0023993007
1564.4810652973738,1564.4810652973738,1.0157753,0.0024064905
1564.4824541815012,1564.4824541815012,1.008978,0.0024094337
1564.483843065628,1564.483843065628,1.0078747,0.0024017552
1564.4852319497545,1564.4852319497545,1.0095711,0.0024040206
1564.486620833882,1564.486620833882,1.0123553,0.0024034353
1564.4880097180094,1564.4880097180094,1.0122788,0.0023991878
1564.4893986021361,1564.4893986021361,1.0101522,0.0023981214
1564.4907874862636,1564.4907874862636,1.010112,0.0024008683
1564.4921763701582,1564.4921763701582,1.0089704,0.0023985847
1564.493565254285,1564.493565254285,1.007763,0.002399706
1564.4949541384117,1564.4949541384117,1.0102395,0.0023994157
1564.4963430225398,1564.4963430225398,1.0113246,0.0024021761
1564.4977319066677,1564.4977319066677,1.009313,0.002400479
1564.4991207907944,1564.4991207907944,1.011406,0.002403753
1564.5005096746884,1564.5005096746884,1.0101429,0.00240075
1564.5018985588158,1564.5018985588158,1.008293,0.0024016045
1564.5032874429432,1564.5032874429432,1.0077621,0.0023980937
1564.50467632707,1564.50467632707,1.0116558,0.0024022618
1564.5060652111974,1564.5060652111974,1.0106318,0.002401736
1564.507454095092,1564.507454095092,1.0129275,0.0024023154
1564.5088429792188,1564.5088429792188,1.0083122,0.002403257
1564.5102318633456,1564.5102318633456,1.00988,0.0024013103
1564.5116207474728,1564.5116207474728,1.0086478,0.0023982131
1564.5130096313674,1564.5130096313674,1.0104465,0.0023992625
1564.5143985154948,1564.5143985154948,1.0088032,0.0024116754
1564.5157873996222,1564.5157873996222,1.0099738,0.0024032656
1564.5171762835168,1564.5171762835168,1.0086478,0.0024016404
1564.5185651676443,1564.5185651676443,1.0100342,0.0023990504
1564.519954051771,1564.519954051771,1.0112568,0.002410397
1564.5213429356656,1564.5213429356656,1.0090244,0.0024053575
1564.522731819793,1564.522731819793,1.0101873,0.002401295
1564.5241207039196,1564.5241207039196,1.01035,0.0023989829
1564.5255095878135,1564.5255095878135,1.0117595,0.0024000355
1564.526898471941,1564.526898471941,1.0129772,0.0024079785
1564.5282873560684,1564.5282873560684,1.0087862,0.0023994083
1564.5296762399623,1564.5296762399623,1.0067827,0.0024009265
1564.531065124089,1564.531065124089,1.0122048,0.002401703
1564.5324540079844,1564.5324540079844,1.0120254,0.0024061105
1564.5338428921125,1564.5338428921125,1.0099301,0.0024010425
1564.5352317762392,1564.5352317762392,1.0106283,0.0024023564
1564.5366206601338,1564.5366206601338,1.0112114,0.002400079
1564.5380095442613,1564.5380095442613,1.0100155,0.0024031512
1564.539398428155,1564.539398428155,1.0127674,0.002400484
1564.5407873122817,1564.5407873122817,1.0104356,0.0024046772
1564.5421761961763,1564.5421761961763,1.0095154,0.0024000334
1564.5435650803038,1564.5435650803038,1.0094558,0.0024013384
1564.5449539641977,1564.5449539641977,1.0078453,0.002400973
1564.5463428483245,1564.5463428483245,1.0115352,0.0024004646
1564.547731732219,1564.547731732219,1.0158288,0.00240565
1564.5491206163465,1564.5491206163465,1.0127474,0.0024004627
1564.550509500241,1564.550509500241,1.0125302,0.002399816
1564.5518983843692,1564.5518983843692,1.0108654,0.0024040062
1564.5532872682636,1564.5532872682636,1.0154889,0.0024047503
1564.5546761521575,1564.5546761521575,1.0170287,0.002413252
1564.5560650362843,1564.5560650362843,1.0108038,0.002399359
1564.557453920179,1564.557453920179,1.0129434,0.0024096977
1564.5588428043063,1564.5588428043063,1.0147041,0.002402602
1564.5602316882002,1564.5602316882002,1.0129043,0.002401488
1564.5616205720942,1564.5616205720942,1.0111841,0.0024090891
1564.5630094562216,1564.5630094562216,1.0105486,0.0024057552
1564.5643983401162,1564.5643983401162,1.0113025,0.002406882
1564.5657872240101,1564.5657872240101,1.0125546,0.0024025487
1564.5671761081373,1564.5671761081373,1.0155298,0.0024023843
1564.568564992032,1564.568564992032,1.0126184,0.002411579
1564.5699538759266,1564.5699538759266,1.0133697,0.002401175
1564.571342760054,1564.571342760054,1.0151693,0.0024005966
1564.5727316439486,1564.5727316439486,1.0118142,0.0024020765
1564.5741205278432,1564.5741205278432,1.0132873,0.002402849
1564.57550941197,1564.57550941197,1.0146534,0.0024034674
1564.5768982958646,1564.5768982958646,1.0137678,0.002404702
1564.5782871797592,1564.5782871797592,1.0176545,0.002403345
1564.5796760636529,1564.5796760636529,1.0157588,0.002406878
1564.5810649477796,1564.5810649477796,1.013424,0.002403613
1564.5824538316742,1564.5824538316742,1.0175557,0.0024048912
1564.5838427155688,1564.5838427155688,1.0147063,0.0024052623
1564.5852315994628,1564.5852315994628,1.0152146,0.0024054172
1564.5866204833567,1564.5866204833567,1.017993,0.0024050856
1564.5880093674848,1564.5880093674848,1.0214506,0.002406664
1564.58939825138,1564.58939825138,1.0164199,0.0024021834
1564.590787135274,1564.590787135274,1.0142922,0.002404053
1564.5921760191686,1564.5921760191686,1.0140401,0.0024031627
1564.5935649030632,1564.5935649030632,1.0158575,0.002402889
1564.594953786957,1564.594953786957,1.0150405,0.0024030153
1564.5963426710837,1564.5963426710837,1.0174097,0.0024068623
1564.5977315549783,1564.5977315549783,1.0165884,0.0024019263
1564.599120438873,1564.599120438873,1.0140271,0.0024022951
1564.6005093227668,1564.6005093227668,1.0166986,0.0024069864
1564.6018982066607,1564.6018982066607,1.0175114,0.0024033836
1564.6032870905553,1564.6032870905553,1.0146555,0.0024106866
1564.60467597445,1564.60467597445,1.0146906,0.002402238
1564.6060648583446,1564.6060648583446,1.0134443,0.0024012863
1564.6074537422398,1564.6074537422398,1.0150701,0.0024027165
1564.6088426261342,1564.6088426261342,1.0148959,0.0024037657
1564.6102315100281,1564.6102315100281,1.0112073,0.0024070102
1564.611620393922,1564.611620393922,1.0154471,0.0024042695
1564.6130092778167,1564.6130092778167,1.0169448,0.0024058118
1564.6143981617113,1564.6143981617113,1.0157278,0.002407382
1564.6157870456052,1564.6157870456052,1.0126232,0.002401343
1564.6171759294991,1564.6171759294991,1.0138714,0.0024028816
1564.6185648133937,1564.6185648133937,1.0131924,0.0024039196
1564.6199536972883,1564.6199536972883,1.0182879,0.002405678
1564.6213425811823,1564.6213425811823,1.0136987,0.0024027245
1564.6227314650766,1564.6227314650766,1.0157816,0.0024132389
1564.6241203489712,1564.6241203489712,1.0127212,0.0024075562
1564.6255092328659,1564.6255092328659,1.0136639,0.002403904
1564.6268981167605,1564.6268981167605,1.0172476,0.0024046258
1564.628287000655,1564.628287000655,1.0189137,0.002407717
1564.6296758845497,1564.6296758845497,1.0101038,0.0024003158
1564.6310647682108,1564.6310647682108,1.0152041,0.0024034795
1564.6324536521047,1564.6324536521047,1.0175246,0.002406246
1564.6338425359993,1564.6338425359993,1.01667,0.0024028942
1564.6352314198937,1564.6352314198937,1.0156317,0.0024023117
1564.6366203037876,1564.6366203037876,1.0155774,0.0024039447
1564.6380091876822,1564.6380091876822,1.0179363,0.002404046
1564.639398071344,1564.639398071344,1.0154761,0.0024035415
1564.640786955238,1564.640786955238,1.0149406,0.002405368
1564.6421758391318,1564.6421758391318,1.0117751,0.002408489
1564.643564723027,1564.643564723027,1.0174959,0.0024033957
1564.6449536069224,1564.6449536069224,1.0170207,0.00240645
1564.6463424905835,1564.6463424905835,1.0285373,0.0024091182
1564.6477313744774,1564.6477313744774,1.0292727,0.002411673
1564.6491202583718,1564.6491202583718,1.0228251,0.002412096
1564.6505091422664,1564.6505091422664,1.0218633,0.002405991
1564.6518980259275,1564.6518980259275,1.0222725,0.002405253
1564.653286909822,1564.653286909822,1.0187577,0.0024045177
1564.6546757937167,1564.6546757937167,1.0153673,0.0024028711
1564.6560646773778,1564.6560646773778,1.0194,0.0024067038
1564.6574535612717,1564.6574535612717,1.0176102,0.002407768
1564.6588424451663,1564.6588424451663,1.0184455,0.0024038823
1564.660231328828,1564.660231328828,1.0189539,0.0024060202
1564.6616202127227,1564.6616202127227,1.0191219,0.0024099587
1564.663009096617,1564.663009096617,1.018176,0.002407508
1564.6643979802789,1564.6643979802789,1.019419,0.0024063403
1564.6657868641735,1564.6657868641735,1.0156993,0.0024053007
1564.6671757480674,1564.6671757480674,1.0181737,0.0024039443
1564.6685646317292,1564.6685646317292,1.0177027,0.0024044504
1564.6699535156238,1564.6699535156238,1.017409,0.0024032488
1564.6713423992849,1564.6713423992849,1.0185235,0.0024056118
1564.6727312831788,1564.6727312831788,1.0159585,0.0024033468
1564.6741201670734,1564.6741201670734,1.0226073,0.0024123932
1564.6755090507352,1564.6755090507352,1.019966,0.00240709
1564.6768979346289,1564.6768979346289,1.0202719,0.002405734
1564.67828681829,1564.67828681829,1.0212375,0.0024035522
1564.6796757021846,1564.6796757021846,1.0186795,0.0024047063
1564.681064585847,1564.681064585847,1.0164853,0.0024056153
1564.6824534697416,1564.6824534697416,1.0147377,0.0024029354
1564.6838423534034,1564.6838423534034,1.0199193,0.0024053468
1564.685231237298,1564.685231237298,1.0173527,0.0024126829
1564.686620120959,1564.686620120959,1.0149064,0.002402982
1564.688009004853,1564.688009004853,1.0116258,0.0024030928
1564.6893978885148,1564.6893978885148,1.0174196,0.002404761
1564.6907867721764,1564.6907867721764,1.0160555,0.0024033678
1564.6921756560703,1564.6921756560703,1.0174053,0.0024073466
1564.693564539732,1564.693564539732,1.0170957,0.002403812
1564.6949534236267,1564.6949534236267,1.0176783,0.0024054172
1564.6963423072878,1564.6963423072878,1.015176,0.002404193
1564.6977311909488,1564.6977311909488,1.0181317,0.0024074554
1564.6991200748441,1564.6991200748441,1.0160606,0.0024151355
1564.7005089585066,1564.7005089585066,1.0164872,0.0024057713
1564.7018978424005,1564.7018978424005,1.016596,0.002404358
1564.7032867260616,1564.7032867260616,1.0131534,0.0024016912
1564.7046756097232,1564.7046756097232,1.014084,0.0024051515
1564.7060644936178,1564.7060644936178,1.0161406,0.0024038404
1564.7074533772789,1564.7074533772789,1.0173014,0.0024048039
1564.7088422609406,1564.7088422609406,1.0165664,0.0024047378
1564.7102311446024,1564.7102311446024,1.0147244,0.0024030316
1564.7116200284963,1564.7116200284963,1.0140349,0.002406629
1564.7130089121574,1564.7130089121574,1.0161451,0.0024023624
1564.7143977958192,1564.7143977958192,1.0154676,0.0024023077
1564.7157866797138,1564.7157866797138,1.0144281,0.0024024728
1564.7171755633747,1564.7171755633747,1.0157044,0.0024042889
1564.7185644470364,1564.7185644470364,1.0153718,0.0024032302
1564.719953330699,1564.719953330699,1.0146061,0.002403228
1564.7213422143607,1564.7213422143607,1.0130446,0.0024056614
1564.7227310982546,1564.7227310982546,1.0136195,0.0024035142
1564.7241199819164,1564.7241199819164,1.0140873,0.0024020567
1564.7255088655781,1564.7255088655781,1.0175899,0.0024054362
1564.7268977492392,1564.7268977492392,1.0141306,0.0024080288
1564.7282866329003,1564.7282866329003,1.0167112,0.002404705
1564.729675516795,1564.729675516795,1.0110989,0.0024048607
1564.7310644004567,1564.7310644004567,1.0157405,0.0024020548
1564.7324532841176,1564.7324532841176,1.0146384,0.0024031422
1564.7338421677787,1564.7338421677787,1.0175395,0.0024041836
1564.7352310514405,1564.7352310514405,1.0166402,0.00240318
1564.736619935103,1564.736619935103,1.0143837,0.0024036884
1564.7380088187647,1564.7380088187647,1.0163019,0.0024100735
1564.7393977024265,1564.7393977024265,1.0174788,0.002403198
1564.7407865860882,1564.7407865860882,1.0128156,0.0024187611
1564.7421754697493,1564.7421754697493,1.0142355,0.002403169
1564.7435643536433,1564.7435643536433,1.0167475,0.0024040118
1564.744953237305,1564.744953237305,1.0134592,0.0024010255
1564.7463421209666,1564.7463421209666,1.0153362,0.002403297
1564.7477310046277,1564.7477310046277,1.0183634,0.0024092714
1564.7491198882888,1564.7491198882888,1.0124618,0.0024050004
1564.7505087719505,1564.7505087719505,1.0126841,0.002403948
1564.7518976556123,1564.7518976556123,1.0126543,0.0024024218
1564.7532865392734,1564.7532865392734,1.0147772,0.0024022614
1564.7546754229359,1564.7546754229359,1.0125474,0.0024018874
1564.7560643063655,1564.7560643063655,1.01183,0.0024027068
1564.7574531900266,1564.7574531900266,1.0157688,0.0024044968
1564.7588420736877,1564.7588420736877,1.0141411,0.0024053194
1564.7602309573492,1564.7602309573492,1.0145384,0.0024072977
1564.761619841011,1564.761619841011,1.0129373,0.0024095036
1564.763008724672,1564.763008724672,1.0125772,0.0024016807
1564.7643976083332,1564.7643976083332,1.0168583,0.0024037997
1564.765786491995,1564.765786491995,1.0146462,0.0024056376
1564.7671753756567,1564.7671753756567,1.0113449,0.0024107788
1564.7685642593178,1564.7685642593178,1.0160234,0.0024030106
1564.7699531427468,1564.7699531427468,1.014448,0.0024125334
1564.7713420264085,1564.7713420264085,1.018718,0.0024068141
1564.7727309100694,1564.7727309100694,1.0169014,0.0024053846
1564.7741197937312,1564.7741197937312,1.0137233,0.0024025824
1564.7755086773936,1564.7755086773936,1.0185578,0.0024036078
1564.7768975610554,1564.7768975610554,1.0129249,0.002400694
1564.7782864444837,1564.7782864444837,1.0147151,0.002404089
1564.7796753281448,1564.7796753281448,1.0134327,0.0024038139
1564.7810642118066,1564.7810642118066,1.0148672,0.0024036374
1564.7824530954683,1564.7824530954683,1.0144314,0.0024006118
1564.7838419788966,1564.7838419788966,1.0159827,0.0024021487
1564.7852308625584,1564.7852308625584,1.0173537,0.0024043464
1564.7866197462201,1564.7866197462201,1.0146663,0.0024054395
1564.788008629881,1564.788008629881,1.0150521,0.0024018907
1564.7893975133093,1564.7893975133093,1.0160999,0.0024060505
1564.790786396971,1564.790786396971,1.0176835,0.0024011172
1564.7921752806335,1564.7921752806335,1.0166818,0.0024035727
1564.7935641640624,1564.7935641640624,1.0171837,0.002404185
1564.7949530477235,1564.7949530477235,1.0173248,0.0024048176
1564.7963419313853,1564.7963419313853,1.0137551,0.0024107783
1564.7977308148143,1564.7977308148143,1.0153508,0.0024033757
1564.7991196984754,1564.7991196984754,1.01227,0.0024042523
1564.8005085821371,1564.8005085821371,1.0150244,0.0024014479
1564.8018974655658,1564.8018974655658,1.0119345,0.0024007142
1564.803286349227,1564.803286349227,1.0161395,0.0024036327
1564.804675232888,1564.804675232888,1.015572,0.0024017356
1564.806064116317,1564.806064116317,1.014844,0.0024005289
1564.8074529999788,1564.8074529999788,1.0163527,0.002403932
1564.808841883407,1564.808841883407,1.0159755,0.0024035817
1564.8102307670688,1564.8102307670688,1.0115135,0.0024032516
1564.8116196504984,1564.8116196504984,1.0136454,0.0024071059
1564.8130085341602,1564.8130085341602,1.0163496,0.0024058982
1564.8143974175885,1564.8143974175885,1.0158923,0.0024113993
1564.81578630125,1564.81578630125,1.0174559,0.0024028963
1564.817175184679,1564.817175184679,1.0143206,0.0024033138
1564.81856406834,1564.81856406834,1.0134428,0.002404407
1564.8199529517683,1564.8199529517683,1.0137923,0.0024079974
1564.82134183543,1564.82134183543,1.013761,0.002412203
1564.822730718859,1564.822730718859,1.0125037,0.0024024695
1564.82411960252,1564.82411960252,1.0135223,0.0024047138
1564.825508485949,1564.825508485949,1.015612,0.0024067839
1564.8268973696108,1564.8268973696108,1.0190653,0.0024070349
1564.8282862530389,1564.8282862530389,1.0199075,0.002408321
1564.8296751364678,1564.8296751364678,1.015937,0.0024038248
1564.8310640201303,1564.8310640201303,1.0147895,0.0024071198
1564.8324529035592,1564.8324529035592,1.0118781,0.0024039268
1564.8338417872203,1564.8338417872203,1.0117495,0.002404107
1564.8352306706486,1564.8352306706486,1.0131522,0.0023992378
1564.8366195540775,1564.8366195540775,1.0098199,0.0024001866
1564.8380084377393,1564.8380084377393,1.0119488,0.0024023904
1564.8393973211676,1564.8393973211676,1.0128396,0.0024012309
1564.8407862045965,1564.8407862045965,1.0123745,0.0024007151
1564.8421750882583,1564.8421750882583,1.013521,0.0024054972
1564.8435639716863,1564.8435639716863,1.0123754,0.0023988134
1564.8449528551146,1564.8449528551146,1.0104525,0.0024004595
1564.8463417387763,1564.8463417387763,1.0101861,0.0024107986
1564.8477306222053,1564.8477306222053,1.0124549,0.0024102714
1564.8491195056342,1564.8491195056342,1.0108037,0.0023999033
1564.8505083890632,1564.8505083890632,1.0119435,0.0023995829
1564.851897272725,1564.851897272725,1.0098157,0.002402326
1564.853286156154,1564.853286156154,1.0141371,0.0024048153
1564.854675039582,1564.854675039582,1.0093963,0.0024030989
1564.8560639230109,1564.8560639230109,1.012868,0.0024030404
1564.8574528064398,1564.8574528064398,1.0129063,0.0024057636
1564.858841690101,1564.858841690101,1.0102133,0.0023984697
1564.8602305735292,1564.8602305735292,1.0136964,0.0024033445
1564.8616194569581,1564.8616194569581,1.0129914,0.0024025326
1564.863008340387,1564.863008340387,1.0104913,0.0024006574
1564.8643972238153,1564.8643972238153,1.0092529,0.0024029121
1564.8657861072436,1564.8657861072436,1.0115131,0.0024076174
1564.8671749909054,1564.8671749909054,1.0132295,0.0024065662
1564.868563874335,1564.868563874335,1.0093706,0.0024027152
1564.869952757764,1564.869952757764,1.0115037,0.0024058423
1564.8713416411927,1564.8713416411927,1.0101137,0.0024075333
1564.8727305246216,1564.8727305246216,1.0109816,0.0024035196
1564.8741194080499,1564.8741194080499,1.0130277,0.0024021196
1564.8755082914781,1564.8755082914781,1.0108991,0.00240227
1564.876897174907,1564.876897174907,1.0094985,0.0024058537
1564.878286058336,1564.878286058336,1.0052757,0.002399423
1564.8796749417643,1564.8796749417643,1.0114183,0.0024012995
1564.8810638251925,1564.8810638251925,1.0082653,0.0024010716
1564.8824527086215,1564.8824527086215,1.0075408,0.0024048877
1564.8838415920502,1564.8838415920502,1.0115662,0.0024011764
1564.8852304754785,1564.8852304754785,1.0168214,0.0024070246
1564.886619358908,1564.886619358908,1.0098603,0.0024037296
1564.8880082423377,1564.8880082423377,1.0090921,0.0024042972
1564.889397125766,1564.889397125766,1.0088501,0.0023984686
1564.8907860091942,1564.8907860091942,1.0122445,0.0024017375
1564.8921748926232,1564.8921748926232,1.0122461,0.0024158151
1564.8935637760521,1564.8935637760521,1.0089967,0.0024007142
1564.8949526594804,1564.8949526594804,1.0095274,0.002401011
1564.8963415429087,1564.8963415429087,1.0089484,0.0024022325
1564.8977304263374,1564.8977304263374,1.0061256,0.0023999198
1564.8991193097663,1564.8991193097663,1.0105472,0.0024034427
1564.9005081931946,1564.9005081931946,1.0110977,0.0023997016
1564.9018970763907,1564.9018970763907,1.0071218,0.002399425
1564.9032859598196,1564.9032859598196,1.0078586,0.002403165
1564.904674843248,1564.904674843248,1.009933,0.002400125
1564.9060637266768,1564.9060637266768,1.0084463,0.0024076595
1564.9074526101065,1564.9074526101065,1.0090976,0.0024039384
1564.9088414935354,1564.9088414935354,1.0091908,0.002400777
1564.9102303767306,1564.9102303767306,1.0060027,0.0023968234
1564.911619260159,1564.911619260159,1.0080333,0.002401566
1564.9130081435878,1564.9130081435878,1.0087805,0.0023980225
1564.9143970270168,1564.9143970270168,1.0114303,0.0024020234
1564.915785910445,1564.915785910445,1.0092161,0.0024089646
1564.9171747936412,1564.9171747936412,1.0108905,0.0024017757
1564.91856367707,1564.91856367707,1.0094808,0.0024029708
1564.9199525604984,1564.9199525604984,1.0056914,0.0024042642
1564.9213414436938,1564.9213414436938,1.0097983,0.0024039089
1564.9227303271227,1564.9227303271227,1.006557,0.0024056432
1564.9241192105521,1564.9241192105521,1.0091906,0.0023986006
1564.925508093981,1564.925508093981,1.0065014,0.002400428
1564.9268969771772,1564.9268969771772,1.0036961,0.002397785
1564.9282858606061,1564.9282858606061,1.0046232,0.0024060775
1564.9296747440344,1564.9296747440344,1.0068696,0.002399477
1564.9310636272298,1564.9310636272298,1.0070555,0.0023992688
1564.9324525106588,1564.9324525106588,1.0047431,0.002398721
1564.933841393855,1564.933841393855,1.0066553,0.0023976702
1564.9352302772832,1564.9352302772832,1.0096581,0.0024007044
1564.9366191607114,1564.9366191607114,1.0094987,0.0024004795
1564.9380080439075,1564.9380080439075,1.0080495,0.0023967992
1564.9393969273362,1564.9393969273362,1.0062611,0.0023960227
1564.9407858105317,1564.9407858105317,1.0018913,0.0023974425
1564.9421746939606,1564.9421746939606,1.0068271,0.0023993913
1564.9435635773903,1564.9435635773903,1.0065008,0.0023972795
1564.9449524605864,1564.9449524605864,1.0080752,0.002401883
1564.9463413440146,1564.9463413440146,1.0094063,0.0023993123
1564.9477302272107,1564.9477302272107,1.0094541,0.0024010744
1564.9491191106397,1564.9491191106397,1.0080404,0.0023992434
1564.9505079938351,1564.9505079938351,1.0073358,0.0023971393
1564.9518968772634,1564.9518968772634,1.002082,0.0024008257
1564.9532857604593,1564.9532857604593,1.0089521,0.0023989591
1564.9546746438882,1564.9546746438882,1.006525,0.0024036728
1564.9560635270836,1564.9560635270836,1.0050132,0.002407489
1564.9574524102798,1564.9574524102798,1.0086895,0.0024003442
1564.9588412937087,1564.9588412937087,1.0062952,0.0023984131
1564.9602301769041,1564.9602301769041,1.0054446,0.0023990753
1564.9616190603324,1564.9616190603324,1.005455,0.0023972704
1564.9630079435292,1564.9630079435292,1.005659,0.0023993778
1564.9643968269588,1564.9643968269588,1.0045166,0.0023974844
1564.965785710154,1564.965785710154,1.0085789,0.0023986953
1564.9671745933495,1564.9671745933495,1.005239,0.002398132
1564.9685634767784,1564.9685634767784,1.0038983,0.0023981745
1564.9699523599745,1564.9699523599745,1.0079392,0.0023985142
1564.97134124317,1564.97134124317,1.0051856,0.0023969163
1564.972730126599,1564.972730126599,1.0081413,0.00240154
1564.974119009795,1564.974119009795,1.00819,0.0023984013
1564.9755078929904,1564.9755078929904,1.0062387,0.00239747
1564.9768967764187,1564.9768967764187,1.0045574,0.002397687
1564.9782856596148,1564.9782856596148,1.0053042,0.0023984564
1564.979674542811,1564.979674542811,1.0032295,0.0024069217
1564.9810634260068,1564.9810634260068,1.0050559,0.00239829
1564.9824523094358,1564.9824523094358,1.0010302,0.0023959184
1564.9838411926319,1564.9838411926319,1.0046334,0.002394511
1564.985230075828,1564.985230075828,1.0059078,0.002399301
1564.9866189590234,1564.9866189590234,1.0038998,0.0023964492
1564.9880078424524,1564.9880078424524,1.0021113,0.0024035699
1564.9893967256485,1564.9893967256485,1.0058208,0.002397983
1564.990785608844,1564.990785608844,1.0051724,0.0024015673
1564.992174492039,1564.992174492039,1.0078164,0.0023989272
1564.9935633752352,1564.9935633752352,1.0049399,0.002395955
1564.9949522586642,1564.9949522586642,1.0077076,0.0023993975
1564.9963411418596,1564.9963411418596,1.0050049,0.0023965552
1564.997730025055,1564.997730025055,1.0033727,0.0023969559
1564.9991189082511,1564.9991189082511,1.0038638,0.0024001296
1565.000507791448,1565.000507791448,1.0059468,0.002398686
1565.001896674644,1565.001896674644,1.0018309,0.0023947856
1565.0032855578402,1565.0032855578402,1.0027626,0.0024088875
1565.0046744410363,1565.0046744410363,1.0065792,0.002398685
1565.0060633242317,1565.0060633242317,1.0065653,0.0023975272
1565.0074522074271,1565.0074522074271,1.0048591,0.002398138
1565.0088410908559,1565.0088410908559,1.0002574,0.0023985198
1565.010229974052,1565.010229974052,1.0045931,0.002400777
1565.0116188572474,1565.0116188572474,0.997989,0.0023981195
1565.0130077404428,1565.0130077404428,1.0058615,0.002396692
1565.014396623639,1565.014396623639,1.0011154,0.002399347
1565.015785506835,1565.015785506835,1.0023046,0.0023968222
1565.0171743900305,1565.0171743900305,0.9999959,0.0023964334
1565.0185632732266,1565.0185632732266,1.0034804,0.0023942213
1565.0199521564234,1565.0199521564234,1.0022882,0.0024053608
1565.0213410396193,1565.0213410396193,1.0034863,0.0023971226
1565.022729922582,1565.022729922582,1.0033385,0.002398633
1565.024118805778,1565.024118805778,1.0001495,0.0023956504
1565.0255076889741,1565.0255076889741,1.0020502,0.0023972595
1565.0268965721696,1565.0268965721696,1.0036997,0.0023964653
1565.0282854553657,1565.0282854553657,1.004249,0.0024015077
1565.0296743385618,1565.0296743385618,0.99944687,0.0023956795
1565.0310632217572,1565.0310632217572,1.0004529,0.0023983787
1565.0324521049527,1565.0324521049527,0.99900806,0.0023943966
1565.0338409881488,1565.0338409881488,1.001014,0.0023955458
1565.0352298713449,1565.0352298713449,1.0009767,0.0023980415
1565.0366187543073,1565.0366187543073,1.0013255,0.0023957868
1565.0380076375027,1565.0380076375027,1.0017581,0.0024037831
1565.0393965206995,1565.0393965206995,1.0017492,0.0023945412
1565.0407854038963,1565.0407854038963,1.002397,0.0023969782
1565.0421742870917,1565.0421742870917,0.9991175,0.0024016788
1565.043563170055,1565.043563170055,1.0004842,0.0024041554
1565.044952053251,1565.044952053251,0.9990858,0.002399218
1565.0463409364465,1565.0463409364465,0.9982824,0.0023995203
1565.0477298196417,1565.0477298196417,0.99728924,0.002394298
1565.049118702605,1565.049118702605,0.9965122,0.002404273
1565.0505075858011,1565.0505075858011,0.99803114,0.00239595
1565.0518964689966,1565.0518964689966,1.0009123,0.0023958115
1565.053285352192,1565.053285352192,1.0009687,0.0023973174
1565.0546742351553,1565.0546742351553,1.0019165,0.0024032006
1565.0560631183514,1565.0560631183514,1.0022957,0.0024014472
1565.0574520015475,1565.0574520015475,0.99791795,0.002395445
1565.0588408845115,1565.0588408845115,0.9983178,0.0023926056
1565.0602297677076,1565.0602297677076,0.9992912,0.0023966485
1565.061618650903,1565.061618650903,0.9978377,0.002396137
1565.0630075338654,1565.0630075338654,0.99747723,0.0023946126
1565.0643964170615,1565.0643964170615,0.9983342,0.0023956946
1565.0657853002576,1565.0657853002576,0.99982244,0.0023936296
1565.0671741832202,1565.0671741832202,0.99912256,0.002397326
1565.0685630664157,1565.0685630664157,0.99697465,0.0023936513
1565.069951949379,1565.069951949379,0.9979934,0.0023922422
1565.071340832575,1565.071340832575,0.9967216,0.0023984718
1565.0727297155377,1565.0727297155377,0.99811363,0.0023945677
1565.0741185987338,1565.0741185987338,0.9978789,0.0023948697
1565.0755074819297,1565.0755074819297,0.99862415,0.0024042272
1565.076896364893,1565.076896364893,1.002436,0.0023984592
1565.078285248089,1565.078285248089,0.9973048,0.0023958127
1565.0796741310523,1565.0796741310523,0.9967216,0.0023974658
1565.0810630142485,1565.0810630142485,0.9966445,0.0023955584
1565.082451897211,1565.082451897211,0.99663866,0.002396939
1565.0838407804065,1565.0838407804065,0.99718297,0.0023969628
1565.0852296633698,1565.0852296633698,0.99960357,0.0024023242
1565.086618546333,1565.086618546333,0.9954964,0.0023931442
1565.0880074295285,1565.0880074295285,0.99866897,0.0023988797
1565.0893963124915,1565.0893963124915,0.9996198,0.0023958087
1565.0907851956877,1565.0907851956877,0.9962823,0.0023968348
1565.0921740786503,1565.0921740786503,0.9944436,0.0023934692
1565.0935629618457,1565.0935629618457,0.99569553,0.0023926215
1565.094951844809,1565.094951844809,0.99259365,0.0023927747
1565.096340727773,1565.096340727773,0.99901944,0.0023945107
1565.097729610969,1565.097729610969,0.9967771,0.0023944096
1565.0991184939317,1565.0991184939317,0.9949544,0.0023930816
1565.100507376895,1565.100507376895,0.9942401,0.0023920836
1565.101896260091,1565.101896260091,0.99444276,0.002392232
1565.1032851430534,1565.1032851430534,0.99198896,0.0023942154
1565.1046740260167,1565.1046740260167,0.99709463,0.0024000027
1565.1060629092128,1565.1060629092128,0.99630666,0.0023984124
1565.1074517921754,1565.1074517921754,0.9957165,0.0023967794
1565.108840675138,1565.108840675138,0.99150205,0.0023943791
1565.1102295583341,1565.1102295583341,0.99139327,0.0023920995
1565.1116184412974,1565.1116184412974,0.9961599,0.0023927516
1565.11300732426,1565.11300732426,0.99435174,0.0023925824
1565.1143962072226,1565.1143962072226,0.992378,0.0023936098
1565.1157850901866,1565.1157850901866,0.9963811,0.0023952357
1565.1171739733834,1565.1171739733834,0.9952111,0.0023936906
1565.1185628563458,1565.1185628563458,0.9946112,0.0023910613
1565.119951739309,1565.119951739309,0.992791,0.0023910494
1565.1213406222723,1565.1213406222723,0.9937228,0.0023979228
1565.122729505235,1565.122729505235,0.99361026,0.0023932608
1565.1241183884304,1565.1241183884304,0.9930141,0.0023921505
1565.1255072713936,1565.1255072713936,0.99500746,0.002393096
1565.126896154357,1565.126896154357,0.99513227,0.0023920229
1565.1282850373195,1565.1282850373195,0.997066,0.0023944825
1565.129673920282,1565.129673920282,0.9899617,0.0023917397
1565.1310628032452,1565.1310628032452,0.9971609,0.0024084344
1565.1324516862085,1565.1324516862085,0.9998412,0.0023936832
1565.133840569171,1565.133840569171,0.99290043,0.002392107
1565.1352294523679,1565.1352294523679,0.9923372,0.0023912962
1565.1366183353318,1565.1366183353318,0.9927726,0.0023908282
1565.1380072182944,1565.1380072182944,0.9914554,0.0024013028
1565.139396101257,1565.139396101257,0.9881632,0.0023963987
1565.1407849842203,1565.1407849842203,0.9936098,0.0023909505
1565.1421738671836,1565.1421738671836,0.99338806,0.0023919537
1565.1435627501462,1565.1435627501462,0.9931623,0.002390326
1565.1449516331093,1565.1449516331093,0.99289376,0.002392274
1565.1463405160725,1565.1463405160725,0.9911286,0.0023902848
1565.1477293990351,1565.1477293990351,0.9934024,0.0023941179
1565.1491182819977,1565.1491182819977,0.9938129,0.002393094
1565.150507164961,1565.150507164961,0.9945327,0.0023931812
1565.1518960479243,1565.1518960479243,0.9907454,0.0023895858
1565.1532849306548,1565.1532849306548,0.9957242,0.0023960462
1565.154673813618,1565.154673813618,0.9923059,0.0023892857
1565.1560626965813,1565.1560626965813,0.9908999,0.0023940355
1565.1574515795446,1565.1574515795446,0.99017006,0.002390505
1565.158840462507,1565.158840462507,0.9978631,0.0023961966
1565.1602293454703,1565.1602293454703,0.9909867,0.0023905875
1565.1616182284336,1565.1616182284336,0.9893621,0.0023899737
1565.1630071113962,1565.1630071113962,0.99064654,0.002390568
1565.1643959943588,1565.1643959943588,0.99185634,0.0023920746
1565.1657848770892,1565.1657848770892,0.98950565,0.0023880496
1565.1671737600525,1565.1671737600525,0.98720056,0.0023902736
1565.168562643015,1565.168562643015,0.9860554,0.0023904014
1565.1699515259777,1565.1699515259777,0.9906426,0.0023986462
1565.171340408941,1565.171340408941,0.9925024,0.0023917088
1565.1727292916719,1565.1727292916719,0.9880238,0.0023873865
1565.1741181746352,1565.1741181746352,0.9893481,0.0023913863
1565.1755070575985,1565.1755070575985,0.99574023,0.0024006811
1565.1768959405617,1565.1768959405617,0.99087447,0.0023914105
1565.1782848232915,1565.1782848232915,0.9894421,0.0023903276
1565.179673706254,1565.179673706254,0.9934598,0.0023934634
1565.1810625892174,1565.1810625892174,0.9910295,0.0023887989
1565.1824514721807,1565.1824514721807,0.99236226,0.0023947794
1565.1838403549104,1565.1838403549104,0.9877264,0.0023974841
1565.1852292378728,1565.1852292378728,0.9904141,0.0023898103
1565.186618120836,1565.186618120836,0.99114,0.002402349
1565.1880070035666,1565.1880070035666,0.99111867,0.0023933626
1565.1893958865292,1565.1893958865292,0.98987913,0.0023934327
1565.1907847694924,1565.1907847694924,0.9890865,0.00239296
1565.1921736522236,1565.1921736522236,0.9849139,0.0023880198
1565.1935625351869,1565.1935625351869,0.98800886,0.0023907495
1565.1949514179166,1565.1949514179166,0.99168426,0.0023918818
1565.19634030088,1565.19634030088,0.9902596,0.0023900974
1565.1977291838432,1565.1977291838432,0.990286,0.0023901286
1565.199118066573,1565.199118066573,0.99211246,0.0023901465
1565.2005069495353,1565.2005069495353,0.9899252,0.0023907642
1565.2018958322658,1565.2018958322658,0.99361074,0.0023914445
1565.203284715229,1565.203284715229,0.9899441,0.0023928892
1565.2046735979588,1565.2046735979588,0.98992306,0.0023894005
1565.2060624809221,1565.2060624809221,0.98891795,0.002389341
1565.2074513636526,1565.2074513636526,0.9896477,0.0023912191
1565.2088402466152,1565.2088402466152,0.9883789,0.002394988
1565.210229129345,1565.210229129345,0.9887195,0.0023886177
1565.211618012309,1565.211618012309,0.98967886,0.0023897956
1565.21300689504,1565.21300689504,0.9892383,0.00240051
1565.2143957780024,1565.2143957780024,0.98799706,0.0023921086
1565.2157846607322,1565.2157846607322,0.9855201,0.0023921286
1565.2171735436955,1565.2171735436955,0.98881686,0.0023999703
1565.218562426426,1565.218562426426,0.9943155,0.0023919784
1565.2199513091557,1565.2199513091557,0.9887207,0.002390702
1565.221340192119,1565.221340192119,0.9878242,0.0023994462
1565.2227290748494,1565.2227290748494,0.9895998,0.002388405
1565.224117957812,1565.224117957812,0.9844453,0.002397155
1565.2255068405418,1565.2255068405418,0.98814845,0.0023899125
1565.226895723272,1565.226895723272,0.9883407,0.0023910962
1565.2282846062353,1565.2282846062353,0.9874444,0.0023897714
1565.229673488965,1565.229673488965,0.9874417,0.0023921577
1565.2310623716955,1565.2310623716955,0.9846236,0.0023910766
1565.2324512546595,1565.2324512546595,0.98499286,0.0023860433
1565.23384013739,1565.23384013739,0.9852372,0.0023967703
1565.2352290201197,1565.2352290201197,0.9861594,0.002389281
1565.2366179028502,1565.2366179028502,0.9866723,0.002388485
1565.2380067858135,1565.2380067858135,0.98559505,0.002389069
1565.2393956685432,1565.2393956685432,0.98317206,0.002386685
1565.2407845512728,1565.2407845512728,0.9859555,0.0023883588
1565.2421734340032,1565.2421734340032,0.9857739,0.0023874596
1565.2435623169665,1565.2435623169665,0.98818946,0.0023963184
1565.2449511996963,1565.2449511996963,0.98684967,0.0023900894
1565.246340082426,1565.246340082426,0.98196936,0.0023871018
1565.2477289651565,1565.2477289651565,0.98598415,0.0023890582
1565.249117847887,1565.249117847887,0.9855499,0.0023869884
1565.2505067308502,1565.2505067308502,0.9854232,0.0023896927
1565.2518956135814,1565.2518956135814,0.98672426,0.0023894997
1565.2532844963118,1565.2532844963118,0.9885993,0.002390115
1565.2546733790416,1565.2546733790416,0.98563963,0.0023858144
1565.2560622617711,1565.2560622617711,0.9836336,0.002388938
1565.2574511445016,1565.2574511445016,0.9833954,0.0023869004
1565.258840027232,1565.258840027232,0.9828115,0.0023854265
1565.2602289099618,1565.2602289099618,0.98503244,0.0023890827
1565.2616177926923,1565.2616177926923,0.9844653,0.002387804
1565.2630066754227,1565.2630066754227,0.9871477,0.0023901344
1565.2643955583853,1565.2643955583853,0.98599136,0.0023882657
1565.265784441115,1565.265784441115,0.98592407,0.0023873688
1565.2671733238456,1565.2671733238456,0.9831509,0.0023880985
1565.2685622065758,1565.2685622065758,0.9863723,0.0023875746
1565.2699510893062,1565.2699510893062,0.98421884,0.002386385
1565.2713399720367,1565.2713399720367,0.9879377,0.002388065
1565.2727288547671,1565.2727288547671,0.98651856,0.0023946562
1565.2741177374976,1565.2741177374976,0.98298013,0.0023904424
1565.2755066202274,1565.2755066202274,0.9828136,0.0023853888
1565.2768955029578,1565.2768955029578,0.98520505,0.002389943
1565.2782843854554,1565.2782843854554,0.9856959,0.0023900147
1565.2796732681852,1565.2796732681852,0.98496217,0.0023945195
1565.281062150915,1565.281062150915,0.9843944,0.002388491
1565.2824510336452,1565.2824510336452,0.9801814,0.0023847949
1565.2838399163757,1565.2838399163757,0.98399013,0.002385725
1565.2852287991054,1565.2852287991054,0.9846564,0.0023896813
1565.2866176818352,1565.2866176818352,0.98035496,0.0023897898
1565.2880065645656,1565.2880065645656,0.98253405,0.002383828
1565.2893954472968,1565.2893954472968,0.98258585,0.0023868617
1565.2907843297944,1565.2907843297944,0.98343056,0.002393255
1565.2921732125249,1565.2921732125249,0.9854948,0.002390998
1565.2935620952553,1565.2935620952553,0.9835089,0.0023942715
1565.294950977985,1565.294950977985,0.98321694,0.0023983363
1565.2963398607146,1565.2963398607146,0.98252594,0.0023910513
1565.2977287432122,1565.2977287432122,0.98242867,0.0023860992
1565.2991176259427,1565.2991176259427,0.9852909,0.0023888613
1565.3005065086725,1565.3005065086725,0.982649,0.0023876843
1565.3018953914022,1565.3018953914022,0.9829897,0.0023848438
1565.3032842738999,1565.3032842738999,0.9845326,0.0023889693
1565.3046731566303,1565.3046731566303,0.98332447,0.0023845413
1565.30606203936,1565.30606203936,0.983439,0.0023894797
1565.3074509220905,1565.3074509220905,0.98225284,0.0023928767
1565.3088398045888,1565.3088398045888,0.9817876,0.002387827
1565.3102286873193,1565.3102286873193,0.9809393,0.0023886706
1565.3116175700488,1565.3116175700488,0.98188853,0.0023863518
1565.3130064525465,1565.3130064525465,0.9839312,0.002384116
1565.314395335277,1565.314395335277,0.9822387,0.0023872203
1565.3157842180067,1565.3157842180067,0.9852122,0.0023873972
1565.3171731005036,1565.3171731005036,0.98314184,0.002386393
1565.318561983234,1565.318561983234,0.9831121,0.0023888089
1565.3199508659645,1565.3199508659645,0.9845903,0.0023883486
1565.3213397484615,1565.3213397484615,0.9816165,0.0023869963
1565.322728631192,1565.322728631192,0.98191744,0.0023985857
1565.3241175136893,1565.3241175136893,0.98679644,0.0023855213
1565.325506396419,1565.325506396419,0.9816032,0.0023850016
1565.326895278916,1565.326895278916,0.98484796,0.0023907113
1565.3282841616472,1565.3282841616472,0.9864117,0.0023967298
1565.3296730441455,1565.3296730441455,0.982338,0.0023857134
1565.3310619268752,1565.3310619268752,0.9850317,0.0023969675
1565.3324508093722,1565.3324508093722,0.9819874,0.0023887416
1565.3338396921026,1565.3338396921026,0.9811555,0.0023853267
1565.3352285746003,1565.3352285746003,0.9822114,0.0023876687
1565.33661745733,1565.33661745733,0.98320675,0.002387006
1565.3380063398274,1565.3380063398274,0.98300415,0.0023869176
1565.3393952225579,1565.3393952225579,0.983694,0.002384959
1565.3407841050548,1565.3407841050548,0.98213273,0.002386699
1565.3421729877846,1565.3421729877846,0.98043424,0.0023886873
1565.3435618702822,1565.3435618702822,0.98146373,0.0023968064
1565.3449507527798,1565.3449507527798,0.9814809,0.0023868217
1565.3463396355096,1565.3463396355096,0.9857817,0.0023885525
1565.3477285180072,1565.3477285180072,0.97914207,0.00238607
1565.3491174007384,1565.3491174007384,0.98118997,0.0023854827
1565.350506283236,1565.350506283236,0.98405284,0.0023880568
1565.3518951657327,1565.3518951657327,0.9807738,0.002386201
1565.3532840484631,1565.3532840484631,0.98222506,0.0023875998
1565.3546729309608,1565.3546729309608,0.98199296,0.0023879586
1565.3560618134577,1565.3560618134577,0.9844323,0.0023907856
1565.3574506961875,1565.3574506961875,0.98123765,0.0023970522
1565.358839578685,1565.358839578685,0.9806201,0.0023876408
1565.3602284611827,1565.3602284611827,0.9789653,0.0023856275
1565.3616173436797,1565.3616173436797,0.98224604,0.0023900382
1565.36300622641,1565.36300622641,0.982256,0.0023872934
1565.3643951089077,1565.3643951089077,0.98358715,0.002401626
1565.3657839914044,1565.3657839914044,0.98340964,0.002398268
1565.367172873902,1565.367172873902,0.9815992,0.0023873001
1565.3685617566332,1565.3685617566332,0.9828623,0.0023887216
1565.3699506391308,1565.3699506391308,0.97929966,0.0024040376
1565.3713395216278,1565.3713395216278,0.9821849,0.0023870615
1565.3727284041247,1565.3727284041247,0.98009205,0.0023857574
1565.3741172866223,1565.3741172866223,0.9817823,0.0023983472
1565.3755061693528,1565.3755061693528,0.9792322,0.00238435
1565.3768950518497,1565.3768950518497,0.9827051,0.0023927605
1565.3782839343473,1565.3782839343473,0.9826508,0.0023868573
1565.3796728168447,1565.3796728168447,0.9819376,0.002384409
1565.3810616993417,1565.3810616993417,0.9849751,0.0023874035
1565.3824505818386,1565.3824505818386,0.98277634,0.0023859108
1565.3838394643362,1565.3838394643362,0.98027205,0.002385057
1565.3852283468339,1565.3852283468339,0.98289347,0.0023878408
1565.3866172293308,1565.3866172293308,0.98239255,0.0023852582
1565.3880061118284,1565.3880061118284,0.9795461,0.0023876857
1565.3893949943267,1565.3893949943267,0.98293704,0.0023904522
1565.3907838768243,1565.3907838768243,0.9812689,0.002386834
1565.3921727593213,1565.3921727593213,0.9826599,0.0023846556
1565.3935616420515,1565.3935616420515,0.9818455,0.00238854
1565.3949505245491,1565.3949505245491,0.9793249,0.002384401
1565.3963394068132,1565.3963394068132,0.98421514,0.0023867702
1565.3977282893102,1565.3977282893102,0.98350686,0.0023862906
1565.3991171718078,1565.3991171718078,0.98171,0.002388483
1565.4005060543054,1565.4005060543054,0.9801192,0.002385244
1565.4018949368024,1565.4018949368024,0.9827191,0.0023872799
1565.4032838192993,1565.4032838192993,0.97997135,0.002383654
1565.404672701797,1565.404672701797,0.9817917,0.002386638
1565.4060615842943,1565.4060615842943,0.9868629,0.0023882503
1565.407450466792,1565.407450466792,0.987234,0.0023936308
1565.4088393492902,1565.4088393492902,0.98231804,0.0023884526
1565.4102282317879,1565.4102282317879,0.98429275,0.0023885116
1565.4116171142848,1565.4116171142848,0.98581225,0.0023879877
1565.413005996549,1565.413005996549,0.98440844,0.00238693
1565.4143948790465,1565.4143948790465,0.9851337,0.0023900548
1565.4157837615442,1565.4157837615442,0.98107874,0.0023860773
1565.417172644041,1565.417172644041,0.9849125,0.0023921651
1565.418561526538,1565.418561526538,0.97893137,0.0023833807
1565.4199504088026,1565.4199504088026,0.9862739,0.002386595
1565.4213392913002,1565.4213392913002,0.98594373,0.0023922112
1565.4227281737972,1565.4227281737972,0.98270744,0.0023859139
1565.4241170562948,1565.4241170562948,0.98434997,0.0023876275
1565.4255059387924,1565.4255059387924,0.98553556,0.0023883271
1565.4268948210572,1565.4268948210572,0.9810016,0.002389437
1565.4282837035548,1565.4282837035548,0.9862179,0.002389342
1565.4296725860524,1565.4296725860524,0.98801774,0.0023882426
1565.4310614683172,1565.4310614683172,0.98462605,0.0023879588
1565.4324503508142,1565.4324503508142,0.9867088,0.0023871923
1565.433839233311,1565.433839233311,0.98512816,0.0023856808
1565.4352281155757,1565.4352281155757,0.98194784,0.0023869842
1565.4366169980733,1565.4366169980733,0.9843989,0.0023859327
1565.4380058805702,1565.4380058805702,0.9860733,0.002387769
1565.439394762835,1565.439394762835,0.98570555,0.0023889812
1565.4407836453327,1565.4407836453327,0.9882206,0.0023925127
1565.4421725278296,1565.4421725278296,1.0127466,0.0024032448
1565.4435614100937,1565.4435614100937,1.00866,0.0023998634
1565.4449502925913,1565.4449502925913,0.9996941,0.0023945828
1565.4463391748568,1565.4463391748568,0.9942753,0.0023905043
1565.4477280573544,1565.4477280573544,0.9955625,0.0023934585
1565.4491169396183,1565.4491169396183,0.99138075,0.002395314
1565.450505822116,1565.450505822116,0.9864963,0.0023880184
1565.4518947046136,1565.4518947046136,0.9869894,0.002395561
1565.4532835868777,1565.4532835868777,0.98581076,0.002387461
1565.4546724693753,1565.4546724693753,0.99080825,0.0023903586
1565.45606135164,1565.45606135164,0.98548746,0.0023889048
1565.457450234137,1565.457450234137,0.98553574,0.0023944387
1565.4588391164011,1565.4588391164011,0.9873296,0.0023903698
1565.460227998666,1565.460227998666,0.98540324,0.0023890373
1565.4616168811633,1565.4616168811633,0.98486817,0.0023895612
1565.4630057634274,1565.4630057634274,0.9877331,0.0023893227
1565.4643946459244,1565.4643946459244,0.9840374,0.0023897118
1565.4657835281898,1565.4657835281898,0.9789931,0.002386774
1565.4671724106881,1565.4671724106881,0.98327726,0.0023894468
1565.4685612929522,1565.4685612929522,0.9878523,0.0023891758
1565.469950175217,1565.469950175217,0.988237,0.002390903
1565.4713390577147,1565.4713390577147,0.9856863,0.0023992362
1565.4727279399788,1565.4727279399788,0.98709464,0.0023871274
1565.4741168222429,1565.4741168222429,0.9855122,0.0023877914
1565.4755057047403,1565.4755057047403,0.9870422,0.0023886138
1565.476894587005,1565.476894587005,0.985084,0.0023884717
1565.4782834692692,1565.4782834692692,0.9860985,0.0023878384
1565.4796723517668,1565.4796723517668,0.9830271,0.002396249
1565.4810612340316,1565.4810612340316,0.9850074,0.0023875183
1565.4824501162957,1565.4824501162957,0.9858572,0.0023913803
1565.4838389987926,1565.4838389987926,0.9870618,0.0023878617
1565.4852278810574,1565.4852278810574,0.98410285,0.0023900196
1565.486616763323,1565.486616763323,0.98798436,0.002396124
1565.4880056455877,1565.4880056455877,0.98450315,0.0023884722
1565.4893945278516,1565.4893945278516,0.98567635,0.0023900298
1565.4907834103492,1565.4907834103492,0.98536694,0.0023887812
1565.492172292614,1565.492172292614,0.98510027,0.00239816
1565.493561174878,1565.493561174878,0.9847909,0.0023868217
1565.494950057143,1565.494950057143,0.9866223,0.002393972
1565.4963389394077,1565.4963389394077,0.9848956,0.0023884461
1565.4977278219046,1565.4977278219046,0.9830185,0.0023891213
1565.4991167041687,1565.4991167041687,0.9858807,0.0023910655
1565.5005055864335,1565.5005055864335,0.9906977,0.0023904557
1565.5018944686983,1565.5018944686983,0.98892784,0.0023872785
1565.5032833509622,1565.5032833509622,0.98746765,0.0023872487
1565.5046722332263,1565.5046722332263,0.98778456,0.0023892573
1565.5060611154918,1565.5060611154918,0.9832836,0.0023861402
1565.5074499977572,1565.5074499977572,0.990582,0.0023906378
1565.5088388800214,1565.5088388800214,0.98555243,0.0023881171
1565.5102277622861,1565.5102277622861,0.98524433,0.002389849
1565.511616644551,1565.511616644551,0.99142486,0.0023937372
1565.513005526815,1565.513005526815,0.9881725,0.0023891488
1565.5143944090792,1565.5143944090792,0.98475826,0.0023876666
1565.515783291344,1565.515783291344,0.98876375,0.0023922946
1565.5171721736085,1565.5171721736085,0.9877088,0.0023913726
1565.5185610558726,1565.5185610558726,0.9895491,0.0023941605
1565.5199499381367,1565.5199499381367,0.98690635,0.0023884512
1565.5213388204015,1565.5213388204015,0.9881286,0.0023882026
1565.5227277026663,1565.5227277026663,0.9851823,0.0023871337
1565.5241165849304,1565.5241165849304,0.98555905,0.0023887989
1565.525505467196,1565.525505467196,0.9885466,0.0023940702
1565.5268943494614,1565.5268943494614,0.9867356,0.0023923586
1565.5282832317255,1565.5282832317255,0.98795664,0.002391737
1565.5296721139896,1565.5296721139896,0.9868754,0.0023881553
1565.5310609962542,1565.5310609962542,0.9872535,0.0023912925
1565.5324498782861,1565.5324498782861,0.9866908,0.00238642
1565.5338387605502,1565.5338387605502,0.99037,0.0023896613
1565.5352276428143,1565.5352276428143,0.987061,0.0023912531
1565.5366165250791,1565.5366165250791,0.98973495,0.002400143
1565.538005407344,1565.538005407344,0.98751885,0.002392445
1565.539394289608,1565.539394289608,0.9888114,0.002392812
1565.54078317164,1565.54078317164,0.9896168,0.0023932722
1565.5421720539048,1565.5421720539048,0.9868541,0.0023955072
1565.5435609361687,1565.5435609361687,0.9888291,0.002389295
1565.5449498184335,1565.5449498184335,0.98978037,0.00239238
1565.546338700466,1565.546338700466,0.98509216,0.0023861967
1565.5477275827309,1565.5477275827309,0.9863887,0.002386799
1565.549116464995,1565.549116464995,0.9896667,0.0023940015
1565.5505053470263,1565.5505053470263,0.98975885,0.00239246
1565.551894229291,1565.551894229291,0.9898544,0.0023911514
1565.5532831115559,1565.5532831115559,0.9872204,0.0023896524
1565.55467199382,1565.55467199382,0.988676,0.0023928548
1565.556060875852,1565.556060875852,0.9896457,0.0023924974
1565.5574497581167,1565.5574497581167,0.9892954,0.002394456
1565.5588386401478,1565.5588386401478,0.9894654,0.0023965717
1565.5602275224119,1565.5602275224119,0.99033165,0.0023900045
1565.5616164046767,1565.5616164046767,0.9899377,0.0023927977
1565.5630052867086,1565.5630052867086,0.99211097,0.0023930392
1565.5643941689727,1565.5643941689727,0.99061775,0.0023908927
1565.5657830510047,1565.5657830510047,0.9894155,0.002389865
1565.5671719332702,1565.5671719332702,0.99179745,0.0023914615
1565.568560815535,1565.568560815535,0.9894636,0.0023927796
1565.5699496975662,1565.5699496975662,0.9926647,0.0023940152
1565.571338579831,1565.571338579831,0.9890165,0.00239205
1565.5727274618628,1565.5727274618628,0.9903753,0.002397675
1565.5741163441269,1565.5741163441269,0.9893034,0.002390446
1565.5755052261582,1565.5755052261582,0.99179256,0.002390751
1565.576894108423,1565.576894108423,0.98856145,0.0023886026
1565.578282990455,1565.578282990455,0.9914178,0.0023919814
1565.579671872719,1565.579671872719,0.9877649,0.0023922496
1565.5810607547503,1565.5810607547503,0.9878839,0.0023889854
1565.5824496367823,1565.5824496367823,0.9911225,0.0023989363
1565.583838519047,1565.583838519047,0.9919795,0.0023916068
1565.5852274010788,1565.5852274010788,0.98969597,0.0023916876
1565.5866162833443,1565.5866162833443,0.9942726,0.0023923176
1565.5880051653762,1565.5880051653762,0.9885451,0.0023894503
1565.5893940474075,1565.5893940474075,0.99083894,0.0023917696
1565.5907829296716,1565.5907829296716,0.9899772,0.0023900028
1565.5921718117036,1565.5921718117036,0.99354476,0.0024015114
1565.5935606939684,1565.5935606939684,0.9902359,0.002396992
1565.5949495759996,1565.5949495759996,0.99276555,0.0024000998
1565.5963384580316,1565.5963384580316,0.993593,0.0023910173
1565.5977273400636,1565.5977273400636,0.99258554,0.0023939253
1565.5991162223274,1565.5991162223274,0.99074364,0.00239098
1565.6005051043587,1565.6005051043587,0.99461955,0.0023961996
1565.6018939863907,1565.6018939863907,0.9923861,0.0023938324
1565.6032828686555,1565.6032828686555,0.99153244,0.002391313
1565.6046717506874,1565.6046717506874,0.996304,0.0023936688
1565.6060606327194,1565.6060606327194,0.99607134,0.0023940683
1565.6074495147514,1565.6074495147514,0.9961008,0.0023951195
1565.6088383970161,1565.6088383970161,0.9934441,0.0023918916
1565.6102272790474,1565.6102272790474,0.99467677,0.0023953784
1565.6116161610794,1565.6116161610794,0.9918766,0.002390556
1565.6130050431113,1565.6130050431113,0.9958022,0.0023915502
1565.6143939251424,1565.6143939251424,0.99160653,0.0023947896
1565.6157828071737,1565.6157828071737,0.9932633,0.002400086
1565.6171716894385,1565.6171716894385,0.9944397,0.0023918685
1565.6185605714704,1565.6185605714704,0.9939128,0.0023918455
1565.6199494535017,1565.6199494535017,0.9936894,0.0023921963
1565.621338335533,1565.621338335533,0.9951245,0.0023997843
1565.622727217565,1565.622727217565,0.9979685,0.0024012697
1565.624116099597,1565.624116099597,0.99477667,0.0023928576
1565.6255049816289,1565.6255049816289,0.9961261,0.0023944275
1565.6268938636615,1565.6268938636615,0.9974415,0.0023939924
1565.6282827456932,1565.6282827456932,0.99403185,0.002393661
1565.6296716277245,1565.6296716277245,0.9940575,0.002393504
1565.6310605097558,1565.6310605097558,0.99593294,0.0023963465
1565.6324493917878,1565.6324493917878,0.99295944,0.0023922008
1565.6338382738197,1565.6338382738197,0.9977826,0.002394896
1565.635227155851,1565.635227155851,1.0019883,0.0023956953
1565.6366160378823,1565.6366160378823,0.9935789,0.002395362
1565.6380049199142,1565.6380049199142,0.99667436,0.0023954415
1565.6393938019462,1565.6393938019462,0.9965607,0.0023964944
1565.6407826839772,1565.6407826839772,0.9959752,0.0023923612
1565.6421715660092,1565.6421715660092,0.99663204,0.0023931891
1565.6435604480412,1565.6435604480412,0.99245393,0.0023920324
1565.6449493300731,1565.6449493300731,0.9987006,0.0023994762
1565.646338212105,1565.646338212105,0.9978198,0.0023990662
1565.647727094137,1565.647727094137,0.99828094,0.0023921737
1565.6491159759362,1565.6491159759362,0.99500406,0.0023939104
1565.6505048579675,1565.6505048579675,0.9977873,0.0023975011
1565.6518937399987,1565.6518937399987,0.9976891,0.0023959319
1565.6532826220307,1565.6532826220307,0.99723786,0.0023925146
1565.6546715040624,1565.6546715040624,0.9941606,0.0024029003
1565.6560603860937,1565.6560603860937,0.9984574,0.0023942848
1565.6574492678928,1565.6574492678928,0.99544054,0.0023936064
1565.6588381499248,1565.6588381499248,0.99530715,0.0023907041
1565.660227031956,1565.660227031956,0.99584466,0.0023928063
1565.6616159139874,1565.6616159139874,0.9982629,0.0023971263
1565.6630047957865,1565.6630047957865,0.99637425,0.0023954986
1565.6643936778185,1565.6643936778185,0.99402976,0.0023951689
1565.6657825598504,1565.6657825598504,0.9974417,0.0024030006
1565.6671714418824,1565.6671714418824,1.0003967,0.0023961877
1565.6685603236813,1565.6685603236813,0.99861354,0.0023939752
1565.6699492057132,1565.6699492057132,0.9998304,0.0023964597
1565.6713380877445,1565.6713380877445,0.9973696,0.0023946385
1565.6727269695436,1565.6727269695436,1.0038958,0.0023965917
1565.6741158515756,1565.6741158515756,0.99820304,0.0023945675
1565.6755047336069,1565.6755047336069,1.0017092,0.0023962313
1565.6768936154053,1565.6768936154053,1.0003957,0.0023963216
1565.6782824974373,1565.6782824974373,0.9979188,0.0023942732
1565.6796713792364,1565.6796713792364,0.99836916,0.0023931605
1565.6810602612675,1565.6810602612675,1.0002012,0.0023961347
1565.6824491432988,1565.6824491432988,0.99759144,0.002394045
1565.6838380250979,1565.6838380250979,1.0039889,0.00239495
1565.6852269071305,1565.6852269071305,1.0024402,0.0023970567
1565.6866157889297,1565.6866157889297,1.0021024,0.0023990688
1565.6880046709616,1565.6880046709616,1.0008274,0.002396829
1565.6893935527607,1565.6893935527607,1.0035293,0.0024003503
1565.690782434792,1565.690782434792,0.99769425,0.0024023382
1565.6921713165905,1565.6921713165905,1.0023944,0.0023990313
1565.6935601986224,1565.6935601986224,0.99959546,0.0024021305
1565.6949490804216,1565.6949490804216,1.0031447,0.0024071154
1565.6963379624526,1565.6963379624526,1.0006845,0.0024006686
1565.6977268442517,1565.6977268442517,0.99921435,0.0023947011
1565.6991157262837,1565.6991157262837,1.0031921,0.0023973559
1565.7005046080822,1565.7005046080822,1.0000795,0.002396294
1565.7018934898806,1565.7018934898806,1.0028698,0.0023965684
1565.7032823719126,1565.7032823719126,1.0026375,0.002398064
1565.7046712537117,1565.7046712537117,0.9984351,0.0023948704
1565.7060601357437,1565.7060601357437,0.9960561,0.0024028716
1565.7074490175428,1565.7074490175428,1.003291,0.002399489
1565.708837899342,1565.708837899342,1.0020796,0.0023975996
1565.7102267813736,1565.7102267813736,1.0017998,0.002396876
1565.711615663172,1565.711615663172,1.0039699,0.0023968122
1565.7130045449712,1565.7130045449712,1.0051996,0.0024049517
1565.7143934270032,1565.7143934270032,1.0051421,0.0024025817
1565.7157823088016,1565.7157823088016,1.0048639,0.0024055522
1565.7171711906,1565.7171711906,1.0035154,0.0023990748
1565.7185600723992,1565.7185600723992,1.0052198,0.002395956
1565.7199489544312,1565.7199489544312,1.003236,0.00239505
1565.7213378362296,1565.7213378362296,1.0023608,0.0023967768
1565.7227267180278,1565.7227267180278,1.0038993,0.002398758
1565.724115599827,1565.724115599827,1.0029923,0.002398179
1565.7255044818596,1565.7255044818596,1.0038276,0.0024092398
1565.7268933636587,1565.7268933636587,1.002447,0.0023951
1565.7282822454579,1565.7282822454579,0.9980863,0.002394588
1565.729671127257,1565.729671127257,1.0011337,0.0023986378
1565.7310600090555,1565.7310600090555,1.0009432,0.0023961738
1565.732448890854,1565.732448890854,1.0017881,0.002397011
1565.7338377728859,1565.7338377728859,1.0044318,0.002406275
1565.735226654685,1565.735226654685,1.0051666,0.00239914
1565.7366155364832,1565.7366155364832,1.005821,0.0024076807
1565.7380044182817,1565.7380044182817,1.0029798,0.002399429
1565.7393933000808,1565.7393933000808,1.0035409,0.0024019878
1565.74078218188,1565.74078218188,1.0003433,0.002394945
1565.7421710636784,1565.7421710636784,1.003715,0.0023961677
1565.7435599454775,1565.7435599454775,1.0032552,0.0024055503
1565.7449488272766,1565.7449488272766,1.0023831,0.0024058635
1565.7463377090758,1565.7463377090758,1.0057203,0.0024043696
1565.747726590875,1565.747726590875,1.0038166,0.002399006
1565.749115472674,1565.749115472674,1.0024226,0.0023961728
1565.7505043544732,1565.7505043544732,1.0041925,0.002396519
1565.7518932362714,1565.7518932362714,1.001797,0.0023965414
1565.7532821180698,1565.7532821180698,1.0059735,0.0024016392
1565.754670999869,1565.754670999869,1.0082312,0.002399193
1565.756059881668,1565.756059881668,1.006492,0.0023987207
1565.7574487634665,1565.7574487634665,1.0059083,0.0024068425
1565.7588376452657,1565.7588376452657,1.0066605,0.0024009019
1565.7602265270648,1565.7602265270648,1.0057411,0.002400534
1565.7616154088632,1565.7616154088632,1.0055612,0.002398467
1565.7630042906615,1565.7630042906615,1.0052398,0.0024004253
1565.7643931722278,1565.7643931722278,1.0006437,0.0023954278
1565.7657820540276,1565.7657820540276,1.0057509,0.0023986076
1565.7671709358267,1565.7671709358267,1.0027374,0.0023966432
1565.7685598176251,1565.7685598176251,1.0019578,0.0023965887
1565.7699486994243,1565.7699486994243,1.0079215,0.0024023382
1565.7713375812234,1565.7713375812234,1.0073316,0.0024009931
1565.772726462789,1565.772726462789,1.0048404,0.0023974618
1565.7741153445882,1565.7741153445882,1.006443,0.0023981459
1565.7755042263873,1565.7755042263873,1.0105674,0.0024008425
1565.7768931081857,1565.7768931081857,1.0075967,0.0024026397
1565.7782819897511,1565.7782819897511,1.0058331,0.002398778
1565.7796708715503,1565.7796708715503,1.0072008,0.0023990131
1565.7810597533494,1565.7810597533494,1.0052669,0.0024022174
1565.7824486351478,1565.7824486351478,1.0095559,0.0024005203
1565.7838375167134,1565.7838375167134,1.005206,0.002396585
1565.7852263985126,1565.7852263985126,1.007929,0.002401114
1565.7866152803124,1565.7866152803124,1.0081255,0.00239872
1565.7880041618787,1565.7880041618787,1.0090867,0.0024045028
1565.7893930436778,1565.7893930436778,1.0072385,0.0024036525
1565.7907819254767,1565.7907819254767,1.0057446,0.0023994697
1565.7921708070423,1565.7921708070423,1.0067265,0.0024002776
1565.7935596888408,1565.7935596888408,1.007578,0.0023998374
1565.794948570407,1565.794948570407,1.0048543,0.0023964436
1565.7963374522062,1565.7963374522062,1.0061933,0.0023966688
1565.7977263337718,1565.7977263337718,1.0062317,0.0023979838
1565.7991152155703,1565.7991152155703,1.0079987,0.0024024574
1565.8005040973694,1565.8005040973694,1.0075371,0.002400826
1565.8018929789357,1565.8018929789357,1.0078479,0.0024032984
1565.8032818607342,1565.8032818607342,1.0055035,0.0023976967
1565.8046707423002,1565.8046707423002,1.0074502,0.0023993438
1565.8060596240994,1565.8060596240994,1.0086657,0.0024019992
1565.8074485056657,1565.8074485056657,1.0097477,0.002401702
1565.8088373874648,1565.8088373874648,1.0095137,0.0024042975
1565.810226269031,1565.810226269031,1.0053934,0.002401178
1565.8116151505974,1565.8116151505974,1.0050448,0.0023984062
1565.8130040323958,1565.8130040323958,1.008062,0.002397286
1565.8143929139621,1565.8143929139621,1.0114452,0.0024032171
1565.8157817957613,1565.8157817957613,1.0087787,0.002400184
1565.8171706773269,1565.8171706773269,1.0074668,0.002402946
1565.818559559125,1565.818559559125,1.0089371,0.002403333
1565.8199484406914,1565.8199484406914,1.0057251,0.0023976816
1565.8213373222577,1565.8213373222577,1.0072799,0.0024009119
1565.8227262040562,1565.8227262040562,1.0115957,0.0024039783
1565.8241150856218,1565.8241150856218,1.008823,0.0024009708
1565.825503967188,1565.825503967188,1.0082027,0.0024000546
1565.8268928489879,1565.8268928489879,1.0118182,0.0023996958
1565.8282817305542,1565.8282817305542,1.0106287,0.002399685
1565.8296706121205,1565.8296706121205,1.0078797,0.0023987226
1565.8310594936868,1565.8310594936868,1.0130936,0.0024033044
1565.8324483754852,1565.8324483754852,1.0115347,0.0024007948
1565.8338372570506,1565.8338372570506,1.0078311,0.0024003643
1565.835226138617,1565.835226138617,1.0069165,0.0023967114
1565.8366150201832,1565.8366150201832,1.0091058,0.0024009554
1565.8380039019817,1565.8380039019817,1.009363,0.002401484
1565.8393927835473,1565.8393927835473,1.0105232,0.0024012413
1565.8407816651136,1565.8407816651136,1.0103868,0.0023993317
1565.8421705466799,1565.8421705466799,1.0115352,0.0024018537
1565.8435594282455,1565.8435594282455,1.0075831,0.0024004213
1565.8449483098118,1565.8449483098118,1.0123956,0.0024009214
1565.8463371916107,1565.8463371916107,1.0058339,0.002398309
1565.847726073177,1565.847726073177,1.0123113,0.0024073082
1565.8491149547433,1565.8491149547433,1.0091388,0.002401666
1565.8505038363096,1565.8505038363096,1.0113044,0.0024024565
1565.851892717876,1565.851892717876,1.0114365,0.0024055662
1565.8532815994415,1565.8532815994415,1.0109748,0.002398761
1565.8546704810071,1565.8546704810071,1.0087451,0.0024087701
1565.8560593625734,1565.8560593625734,1.0129834,0.0023999165
1565.8574482441397,1565.8574482441397,1.0101736,0.002406954
1565.8588371257053,1565.8588371257053,1.0143027,0.0024012125
1565.8602260072714,1565.8602260072714,1.0092868,0.0024046425
1565.8616148888377,1565.8616148888377,1.0089285,0.0024002963
1565.8630037704033,1565.8630037704033,1.0085156,0.0024176694
1565.864392651969,1565.864392651969,1.0139706,0.0024036292
1565.8657815335353,1565.8657815335353,1.0124388,0.002401225
1565.8671704151016,1565.8671704151016,1.0136797,0.0024057499
1565.8685592966679,1565.8685592966679,1.0109615,0.002404862
1565.8699481782342,1565.8699481782342,1.0102055,0.0024021333
1565.8713370598005,1565.8713370598005,1.0124688,0.0024024972
1565.8727259413668,1565.8727259413668,1.0124503,0.002400438
1565.8741148229321,1565.8741148229321,1.01211,0.0024008343
1565.8755037044984,1565.8755037044984,1.0135273,0.0024052095
1565.876892585832,1565.876892585832,1.0111462,0.0024013636
1565.8782814673975,1565.8782814673975,1.0155052,0.0024017775
1565.8796703489631,1565.8796703489631,1.0139706,0.0024017314
1565.8810592305294,1565.8810592305294,1.0164785,0.0024049368
1565.8824481120957,1565.8824481120957,1.014208,0.0024012693
1565.8838369936614,1565.8838369936614,1.0119762,0.0024023254
1565.8852258749941,1565.8852258749941,1.0120312,0.0023991093
1565.8866147565602,1565.8866147565602,1.012813,0.0024006285
1565.8880036381272,1565.8880036381272,1.008852,0.0024009051
1565.8893925196935,1565.8893925196935,1.0113071,0.0024019515
1565.890781401027,1565.890781401027,1.0134358,0.002401689
1565.8921702825933,1565.8921702825933,1.0102669,0.002398936
1565.893559164159,1565.893559164159,1.0133241,0.0024009086
1565.8949480457245,1565.8949480457245,1.0137165,0.0024041017
1565.896336927058,1565.896336927058,1.0143846,0.0024031794
1565.8977258086243,1565.8977258086243,1.014426,0.0024016348
1565.89911469019,1565.89911469019,1.0138451,0.0024015552
1565.9005035715224,1565.9005035715224,1.0159904,0.0024043953
1565.9018924530887,1565.9018924530887,1.0127608,0.002404234
1565.9032813344222,1565.9032813344222,1.0141742,0.0024020318
1565.9046702159878,1565.9046702159878,1.013954,0.0024018218
1565.9060590975541,1565.9060590975541,1.0113168,0.002402307
1565.9074479788876,1565.9074479788876,1.0122643,0.0024005566
1565.908836860454,1565.908836860454,1.013215,0.002410062
1565.9102257417874,1565.9102257417874,1.0130626,0.0024028283
1565.9116146233537,1565.9116146233537,1.0118967,0.0024002534
1565.9130035046871,1565.9130035046871,1.0113329,0.0024036756
1565.9143923862528,1565.9143923862528,1.0121831,0.0024023326
1565.9157812675853,1565.9157812675853,1.013235,0.002400461
1565.9171701491516,1565.9171701491516,1.0140262,0.002404505
1565.918559030485,1565.918559030485,1.0148879,0.0024041487
1565.9199479120507,1565.9199479120507,1.0143106,0.002404197
1565.9213367933842,1565.9213367933842,1.0158709,0.0024026441
1565.9227256749505,1565.9227256749505,1.0158036,0.002403836
1565.9241145562833,1565.9241145562833,1.0182464,0.0024035717
1565.9255034378489,1565.9255034378489,1.0124391,0.002401994
1565.9268923191823,1565.9268923191823,1.0134478,0.0024035226
1565.9282812005156,1565.9282812005156,1.0185128,0.0024050549
1565.9296700820819,1565.9296700820819,1.0151967,0.0024046889
1565.931058963416,1565.931058963416,1.0151182,0.0024117394
1565.9324478449823,1565.9324478449823,1.013517,0.0024069378
1565.9338367263151,1565.9338367263151,1.01814,0.002402825
1565.935225607648,1565.935225607648,1.0134628,0.0023993035
1565.9366144892142,1565.9366144892142,1.0155848,0.0024032744
1565.9380033705477,1565.9380033705477,1.0143211,0.0024032858
1565.9393922518805,1565.9393922518805,1.0120939,0.0024027396
1565.9407811332132,1565.9407811332132,1.0143373,0.0024033308
1565.9421700147793,1565.9421700147793,1.0149901,0.0024048465
1565.9435588961128,1565.9435588961128,1.0135705,0.0024041831
1565.9449477774456,1565.9449477774456,1.0142471,0.0024011747
1565.946336658779,1565.946336658779,1.0175538,0.0024079361
1565.9477255403453,1565.9477255403453,1.015132,0.0024028989
1565.9491144216781,1565.9491144216781,1.0172955,0.0024067822
1565.9505033030116,1565.9505033030116,1.0195975,0.0024093809
1565.9518921843458,1565.9518921843458,1.0147293,0.0024026576
1565.9532810656792,1565.9532810656792,1.018761,0.0024057163
1565.9546699472448,1565.9546699472448,1.0151906,0.0024015794
1565.9560588285774,1565.9560588285774,1.0161935,0.0024029948
1565.9574477099109,1565.9574477099109,1.0145699,0.0024031103
1565.9588365912443,1565.9588365912443,1.0164948,0.0024031317
1565.9602254725771,1565.9602254725771,1.013102,0.002400214
1565.9616143539106,1565.9616143539106,1.0139369,0.0024115373
1565.963003235244,1565.963003235244,1.0153421,0.002403445
1565.9643921165768,1565.9643921165768,1.0168498,0.0024048218
1565.9657809979096,1565.9657809979096,1.0196153,0.0024137562
1565.967169879243,1565.967169879243,1.0135682,0.0024023808
1565.9685587605766,1565.9685587605766,1.0178076,0.002405984
1565.9699476419098,1565.9699476419098,1.0158159,0.0024008986
1565.9713365232433,1565.9713365232433,1.0137515,0.0024022837
1565.9727254045767,1565.9727254045767,1.0140707,0.0024033184
1565.9741142859102,1565.9741142859102,1.0153351,0.0024051792
1565.975503167243,1565.975503167243,1.0166358,0.0024029661
1565.9768920485765,1565.9768920485765,1.0133474,0.0024040109
1565.97828092991,1565.97828092991,1.0137517,0.0024030646
1565.9796698112427,1565.9796698112427,1.0182852,0.002402906
1565.9810586925755,1565.9810586925755,1.0166645,0.0024160373
1565.982447573909,1565.982447573909,1.0157497,0.0024038374
1565.9838364552422,1565.9838364552422,1.0132234,0.0024018702
1565.985225336575,1565.985225336575,1.0100574,0.0024024884
1565.9866142179078,1565.9866142179078,1.0131731,0.002400162
1565.9880030990084,1565.9880030990084,1.0171075,0.002403846
1565.989391980342,1565.989391980342,1.0127423,0.0024149986
1565.9907808616754,1565.9907808616754,1.0167227,0.0024054225
1565.9921697430095,1565.9921697430095,1.0181719,0.0024125776
1565.993558624343,1565.993558624343,1.0149078,0.0024043855
1565.994947505443,1565.994947505443,1.0172611,0.00240406
1565.9963363867757,1565.9963363867757,1.01731,0.0024036728
1565.997725268109,1565.997725268109,1.0138208,0.0024022742
1565.9991141494424,1565.9991141494424,1.0147042,0.0024120207
1566.0005030305424,1566.0005030305424,1.0140061,0.0024002744
1566.0018919118752,1566.0018919118752,1.015246,0.0024020865
1566.0032807932087,1566.0032807932087,1.0156531,0.002405679
1566.0046696745421,1566.0046696745421,1.017019,0.0024089203
1566.006058555642,1566.006058555642,1.0204473,0.0024051748
1566.0074474369756,1566.0074474369756,1.0160685,0.0024048663
1566.008836318309,1566.008836318309,1.0159312,0.0024033783
1566.0102251994088,1566.0102251994088,1.0206906,0.002406215
1566.0116140807422,1566.0116140807422,1.017608,0.0024037352
1566.0130029618435,1566.0130029618435,1.0170268,0.002412745
1566.014391843177,1566.014391843177,1.0141261,0.0024055827
1566.0157807245098,1566.0157807245098,1.0174271,0.0024069014
1566.0171696056098,1566.0171696056098,1.0114102,0.0024064681
1566.0185584869432,1566.0185584869432,1.0132718,0.002402904
1566.0199473680439,1566.0199473680439,1.0128843,0.0024011678
1566.0213362493766,1566.0213362493766,1.014247,0.0024040884
1566.0227251304773,1566.0227251304773,1.0157591,0.0024036923
1566.0241140118108,1566.0241140118108,1.0168728,0.0024048977
1566.0255028929105,1566.0255028929105,1.0181656,0.0024043508
1566.0268917742433,1566.0268917742433,1.0160213,0.002406661
1566.028280655344,1566.028280655344,1.016741,0.00241137
1566.0296695366774,1566.0296695366774,1.0143021,0.0024033985
1566.0310584177773,1566.0310584177773,1.0156889,0.0024082153
1566.0324472991115,1566.0324472991115,1.0139765,0.0024029964
1566.0338361802128,1566.0338361802128,1.0166082,0.0024024397
1566.0352250615456,1566.0352250615456,1.0123386,0.0024056397
1566.0366139426455,1566.0366139426455,1.0147692,0.0024022046
1566.0380028237462,1566.0380028237462,1.0146717,0.0024015976
1566.0393917050794,1566.0393917050794,1.0162627,0.002400079
1566.0407805861794,1566.0407805861794,1.0123746,0.0023981554
1566.0421694672793,1566.0421694672793,1.0156952,0.0024047624
1566.0435583486128,1566.0435583486128,1.0148056,0.0024046607
1566.0449472297134,1566.0449472297134,1.0164379,0.0024046975
1566.0463361108134,1566.0463361108134,1.0163671,0.0024047093
1566.0477249921469,1566.0477249921469,1.0146009,0.0024025529
1566.0491138732475,1566.0491138732475,1.012955,0.0024030015
1566.0505027543475,1566.0505027543475,1.014568,0.0024019992
1566.0518916354474,1566.0518916354474,1.0163392,0.0024030698
1566.0532805167813,1566.0532805167813,1.0101526,0.0024007573
1566.0546693978827,1566.0546693978827,1.0155889,0.0024006437
1566.0560582789826,1566.0560582789826,1.0178103,0.0024079771
1566.0574471600826,1566.0574471600826,1.0152224,0.0024080507
1566.0588360411832,1566.0588360411832,1.0166396,0.0024016155
1566.0602249225167,1566.0602249225167,1.01333,0.00240419
1566.0616138036166,1566.0616138036166,1.0155176,0.0024055694
1566.0630026847173,1566.0630026847173,1.0166575,0.002403128
1566.064391565818,1566.064391565818,1.0172728,0.002402534
1566.0657804469176,1566.0657804469176,1.0175215,0.0024038923
1566.0671693280176,1566.0671693280176,1.0130455,0.0024029068
1566.0685582091182,1566.0685582091182,1.0142913,0.0024046046
1566.0699470902189,1566.0699470902189,1.0158203,0.0024032984
1566.0713359715517,1566.0713359715517,1.0147405,0.002401506
1566.0727248526516,1566.0727248526516,1.0174506,0.00240338
1566.074113733753,1566.074113733753,1.0128859,0.0024061503
1566.0755026148543,1566.0755026148543,1.0144063,0.0024016467
1566.0768914959542,1566.0768914959542,1.01526,0.0024044402
1566.0782803770549,1566.0782803770549,1.0159506,0.0024013566
1566.0796692581555,1566.0796692581555,1.0156312,0.0024038362
1566.0810581392552,1566.0810581392552,1.01598,0.00240113
1566.0824470203552,1566.0824470203552,1.0108546,0.0023982783
1566.0838359014558,1566.0838359014558,1.0135367,0.0023995694
1566.0852247823236,1566.0852247823236,1.0130863,0.0024071855
1566.0866136634236,1566.0866136634236,1.0135827,0.0024032062
1566.0880025445235,1566.0880025445235,1.0116184,0.0024049403
1566.0893914256242,1566.0893914256242,1.0166551,0.002403758
1566.0907803067248,1566.0907803067248,1.0098454,0.0024004194
1566.0921691878245,1566.0921691878245,1.0084549,0.002398744
1566.0935580689252,1566.0935580689252,1.0140514,0.002403253
1566.0949469500265,1566.0949469500265,1.014456,0.002403431
1566.0963358308943,1566.0963358308943,1.0161017,0.0024008786
1566.0977247119943,1566.0977247119943,1.0151563,0.0024027266
1566.099113593095,1566.099113593095,1.0105363,0.002404584
1566.1005024741955,1566.1005024741955,1.01666,0.0024018458
1566.1018913552955,1566.1018913552955,1.0121322,0.0024023864
1566.1032802361626,1566.1032802361626,1.0156431,0.0024049894
1566.1046691172633,1566.1046691172633,1.0173682,0.0024027629
1566.106057998364,1566.106057998364,1.0144824,0.0024023626
1566.1074468794636,1566.1074468794636,1.0192225,0.0024052446
1566.1088357603314,1566.1088357603314,1.0130012,0.0024021426
1566.110224641432,1566.110224641432,1.015017,0.002403377
1566.111613522532,1566.111613522532,1.0133612,0.0024001596
1566.1130024033992,1566.1130024033992,1.0160494,0.0024056318
1566.1143912844998,1566.1143912844998,1.017279,0.0024016134
1566.115780165601,1566.115780165601,1.0136896,0.0024041447
1566.117169046469,1566.117169046469,1.015469,0.0024025263
1566.1185579275689,1566.1185579275689,1.0173352,0.002404484
1566.1199468086695,1566.1199468086695,1.0089678,0.002401409
1566.121335689537,1566.121335689537,1.0123844,0.0024019845
1566.122724570637,1566.122724570637,1.0142188,0.00240025
1566.1241134515049,1566.1241134515049,1.0143757,0.0024026742
1566.1255023326055,1566.1255023326055,1.0148896,0.0024086027
1566.1268912134726,1566.1268912134726,1.0132161,0.0024049943
1566.1282800945726,1566.1282800945726,1.0157503,0.0024061275
1566.1296689754404,1566.1296689754404,1.0141475,0.0024020984
1566.131057856541,1566.131057856541,1.0151418,0.0024034616
1566.1324467374081,1566.1324467374081,1.0130605,0.0024031668
1566.133835618508,1566.133835618508,1.0167886,0.0024071874
1566.1352244993757,1566.1352244993757,1.0131899,0.00240373
1566.136613380477,1566.136613380477,1.0124303,0.002404993
1566.1380022613448,1566.1380022613448,1.0112951,0.0024027906
1566.1393911424454,1566.1393911424454,1.011095,0.0023986555
1566.1407800233133,1566.1407800233133,1.0169574,0.002404158
1566.1421689041804,1566.1421689041804,1.0133448,0.002402035
1566.1435577852803,1566.1435577852803,1.0146539,0.0024014001
1566.1449466661481,1566.1449466661481,1.0126777,0.0024019482
1566.1463355472488,1566.1463355472488,1.0113945,0.002410008
1566.1477244281157,1566.1477244281157,1.0126097,0.002402741
1566.1491133089835,1566.1491133089835,1.0085714,0.0023986937
1566.1602243563902,1566.1602243563902,1.1293244,0.002460685
1566.161613237258,1566.161613237258,1.109611,0.0024531067
1566.1630021183578,1566.1630021183578,1.0927233,0.0024440745
1566.1643909992256,1566.1643909992256,1.0741994,0.0024315799
1566.1657798800934,1566.1657798800934,1.0658841,0.002429457
1566.1671687609605,1566.1671687609605,1.052831,0.002423561
1566.1685576418276,1566.1685576418276,1.0433236,0.002421009
1566.1699465226955,1566.1699465226955,1.0421878,0.0024242643
1566.171335403796,1566.171335403796,1.0354006,0.0024133269
1566.1727242846632,1566.1727242846632,1.0341119,0.0024149895
1566.1741131655301,1566.1741131655301,1.0287491,0.00241149
1566.175502046398,1566.175502046398,1.0257812,0.002409506
1566.1768909272657,1566.1768909272657,1.0269728,0.0024146682
1566.1782798081335,1566.1782798081335,1.0264153,0.0024092563
1566.179668689002,1566.179668689002,1.0234975,0.0024069026
1566.1810575698698,1566.1810575698698,1.0227687,0.002406587
1566.182446450737,1566.182446450737,1.0182015,0.002407168
1566.183835331604,1566.183835331604,1.0193943,0.002405821
1566.185224212472,1566.185224212472,1.0200679,0.0024053785
1566.1866130933397,1566.1866130933397,1.0173938,0.002405398
1566.1880019742068,1566.1880019742068,1.0160298,0.002405056
1566.189390855074,1566.189390855074,1.0184293,0.0024090442
1566.1907797359415,1566.1907797359415,1.0174105,0.0024051508
1566.1921686168093,1566.1921686168093,1.0192623,0.0024080803
1566.1935574974436,1566.1935574974436,1.0177265,0.0024057769
1566.1949463783114,1566.1949463783114,1.0147501,0.0024035098
1566.1963352591792,1566.1963352591792,1.0124726,0.002399905
1566.1977241400464,1566.1977241400464,1.0156279,0.0024037436
1566.1991130209142,1566.1991130209142,1.0147635,0.0024033538
1566.2005019017827,1566.2005019017827,1.0150605,0.0024022034
1566.2018907826505,1566.2018907826505,1.0158088,0.0024029047
1566.2032796632845,1566.2032796632845,1.0128131,0.0024003396
1566.2046685441517,1566.2046685441517,1.0094898,0.002410358
1566.2060574250195,1566.2060574250195,1.0161021,0.0024025186
1566.2074463058873,1566.2074463058873,1.0161823,0.002402116
1566.2088351865216,1566.2088351865216,1.0160472,0.0024027827
1566.2102240673894,1566.2102240673894,1.0123588,0.0024054805
1566.2116129482572,1566.2116129482572,1.0104532,0.0024011934
1566.2130018291243,1566.2130018291243,1.0127896,0.0024004776
1566.2143907097586,1566.2143907097586,1.0124233,0.0024005042
1566.2157795906264,1566.2157795906264,1.0080377,0.0023979563
1566.2171684714942,1566.2171684714942,1.0117662,0.0024052875
1566.2185573521283,1566.2185573521283,1.0115899,0.0024002402
1566.219946232996,1566.219946232996,1.0133882,0.0024053755
1566.2213351138646,1566.2213351138646,1.0161182,0.00240802
1566.2227239944996,1566.2227239944996,1.0104446,0.0024017857
1566.2241128753667,1566.2241128753667,1.0145214,0.0024050483
1566.2255017560017,1566.2255017560017,1.0143533,0.0024001575
1566.2268906368695,1566.2268906368695,1.0099337,0.0024004078
1566.2282795175038,1566.2282795175038,1.0127375,0.002401409
1566.2296683983707,1566.2296683983707,1.0148559,0.0023995747
1566.2310572790057,1566.2310572790057,1.0108435,0.0024003363
1566.2324461598735,1566.2324461598735,1.0151561,0.0024034039
1566.2338350405078,1566.2338350405078,1.0153593,0.0024047894
1566.2352239213749,1566.2352239213749,1.0134683,0.002405027
1566.2366128020099,1566.2366128020099,1.0116113,0.002401702
1566.2380016828777,1566.2380016828777,1.0116136,0.0023997987
1566.239390563512,1566.239390563512,1.013209,0.0024018765
1566.2407794443805,1566.2407794443805,1.0103164,0.0024010306
1566.242168325016,1566.242168325016,1.0093855,0.002401474
1566.2435572058832,1566.2435572058832,1.0105655,0.0024001566
1566.2449460865173,1566.2449460865173,1.0092161,0.0023977344
1566.2463349671523,1566.2463349671523,1.0093253,0.0024003065
1566.24772384802,1566.24772384802,1.0089613,0.002409188
1566.2491127286544,1566.2491127286544,1.0112714,0.0024000397
1566.2505016092887,1566.2505016092887,1.0091407,0.002400442
1566.2518904901565,1566.2518904901565,1.0124314,0.0024000928
1566.2532793707915,1566.2532793707915,1.0185251,0.0024081
1566.2546682514258,1566.2546682514258,1.0152891,0.0024011272
1566.2560571322936,1566.2560571322936,1.011464,0.0024039426
1566.2574460129283,1566.2574460129283,1.0103443,0.0023989852
1566.2588348935626,1566.2588348935626,1.0138736,0.002400592
1566.260223774197,1566.260223774197,1.0133501,0.0024013259
1566.2616126550647,1566.2616126550647,1.0122474,0.0023990867
1566.2630015357004,1566.2630015357004,1.0090957,0.0023996835
1566.2643904163353,1566.2643904163353,1.0064284,0.0023988527
1566.2657792969703,1566.2657792969703,1.0072699,0.0023977
1566.2671681776053,1566.2671681776053,1.0092393,0.002398896
1566.2685570584724,1566.2685570584724,1.0068871,0.0023967186
1566.2699459391067,1566.2699459391067,1.0064385,0.0024012276
1566.2713348197415,1566.2713348197415,1.0113468,0.0024010348
1566.2727237003764,1566.2727237003764,1.0100267,0.002402589
1566.2741125810107,1566.2741125810107,1.0074348,0.0024022418
1566.275501461645,1566.275501461645,1.006157,0.0023965237
1566.27689034228,1566.27689034228,1.0068715,0.0023975968
1566.278279222915,1566.278279222915,1.0113485,0.002408699
1566.2796681035493,1566.2796681035493,1.0095245,0.002398789
1566.2810569841843,1566.2810569841843,1.0058125,0.0024005896
1566.2824458648192,1566.2824458648192,1.0040041,0.002396363
1566.2838347454542,1566.2838347454542,1.0103565,0.0024012714
1566.285223626089,1566.285223626089,1.0070784,0.0024012453
1566.286612506724,1566.286612506724,1.0088388,0.0024013168
1566.288001387359,1566.288001387359,1.0114615,0.0023992683
1566.2893902679932,1566.2893902679932,1.0082116,0.0023991792
1566.2907791486275,1566.2907791486275,1.0059711,0.0023981486
1566.2921680292625,1566.2921680292625,1.0049628,0.0023966928
1566.2935569098975,1566.2935569098975,1.0053931,0.0024079948
1566.2949457905318,1566.2949457905318,1.0064466,0.0023999189
1566.2963346711667,1566.2963346711667,1.0096818,0.002397955
1566.2977235518017,1566.2977235518017,1.0247794,0.0024089958
1566.2991124322032,1566.2991124322032,1.0136945,0.0024010814
1566.3005013128372,1566.3005013128372,1.0134698,0.0024043038
1566.3018901934722,1566.3018901934722,1.0102185,0.0023984113
1566.3032790741072,1566.3032790741072,1.00813,0.0024008485
1566.3046679547422,1566.3046679547422,1.0114486,0.0024031857
1566.3060568351443,1566.3060568351443,1.0114602,0.0023995887
1566.3074457157793,1566.3074457157793,1.0101109,0.0023998343
1566.3088345964143,1566.3088345964143,1.0063388,0.0023988965
1566.3102234770486,1566.3102234770486,1.0076623,0.002400099
1566.3116123574507,1566.3116123574507,1.007549,0.0023984087
1566.3130012380855,1566.3130012380855,1.0085331,0.002399122
1566.3143901187198,1566.3143901187198,1.008618,0.0023994644
1566.315778999354,1566.315778999354,1.0083153,0.0024007403
1566.3171678797562,1566.3171678797562,1.0089005,0.002398255
1566.3185567603912,1566.3185567603912,1.0071251,0.0024012427
1566.3199456407926,1566.3199456407926,1.0080673,0.0023985468
1566.321334521427,1566.321334521427,1.0092322,0.0024006898
1566.322723402062,1566.322723402062,1.0047395,0.0024026886
1566.324112282464,1566.324112282464,1.0077382,0.0023981603
1566.325501163099,1566.325501163099,1.003195,0.0023975726
1566.3268900435016,1566.3268900435016,1.0025632,0.0023985617
1566.3282789241366,1566.3282789241366,1.0050637,0.002397666
1566.329667804771,1566.329667804771,1.0044607,0.0023947947
1566.3310566851724,1566.3310566851724,1.0041457,0.0023981368
1566.3324455658073,1566.3324455658073,1.0068521,0.0024053438
1566.3338344462095,1566.3338344462095,1.0054101,0.0024002977
1566.3352233268438,1566.3352233268438,1.0067681,0.0024077997
1566.3366122072453,1566.3366122072453,1.006316,0.0023980262
1566.3380010878802,1566.3380010878802,1.0075359,0.002401979
1566.3393899682821,1566.3393899682821,1.004589,0.0023987168
1566.3407788486836,1566.3407788486836,1.0041012,0.0023947882
1566.3421677293186,1566.3421677293186,1.0052757,0.0023990471
1566.3435566097207,1566.3435566097207,1.003168,0.0023992711
1566.344945490355,1566.344945490355,1.0060874,0.0024007957
1566.3463343707565,1566.3463343707565,1.0032866,0.0023969894
1566.3477232511593,1566.3477232511593,1.00812,0.0023991026
1566.349112131795,1566.349112131795,0.99996984,0.0024075592
1566.3505010121964,1566.3505010121964,1.0018978,0.002398953
1566.351889892598,1566.351889892598,1.0045701,0.0023998986
1566.353278773233,1566.353278773233,1.0040691,0.0023965861
1566.354667653635,1566.354667653635,1.0021902,0.0023951114
1566.3560565340363,1566.3560565340363,1.002095,0.0023991903
1566.3574454144384,1566.3574454144384,1.0036033,0.0023943216
1566.3588342950734,1566.3588342950734,1.0029188,0.0023961542
1566.3602231754749,1566.3602231754749,1.0044771,0.0024017936
1566.3616120558763,1566.3616120558763,1.0026513,0.0023926713
1566.3630009362785,1566.3630009362785,1.0015776,0.0023933253
1566.3643898169134,1566.3643898169134,1.002491,0.0023990849
1566.365778697315,1566.365778697315,1.0013112,0.0023985521
1566.367167577717,1566.367167577717,0.9993503,0.0023946997
1566.3685564581197,1566.3685564581197,0.9991237,0.0023917237
1566.3699453385218,1566.3699453385218,1.0010085,0.0023943358
1566.3713342189233,1566.3713342189233,1.0016491,0.0023959966
1566.3727230993254,1566.3727230993254,1.0035801,0.002394468
1566.3741119797276,1566.3741119797276,0.99971765,0.0023963095
1566.3755008603619,1566.3755008603619,1.0011532,0.002395927
1566.3768897407633,1566.3768897407633,0.9978304,0.0023973684
1566.3782786211655,1566.3782786211655,1.0034757,0.0023950096
1566.3796675015676,1566.3796675015676,0.99948627,0.0023951426
1566.381056381969,1566.381056381969,1.0014292,0.0023938802
1566.382445262371,1566.382445262371,0.9976293,0.002395818
1566.3838341427731,1566.3838341427731,1.0008519,0.0024008695
1566.3852230231746,1566.3852230231746,0.99749917,0.0023933176
1566.386611903576,1566.386611903576,0.998895,0.002392961
1566.3880007839782,1566.3880007839782,0.99831504,0.002396795
1566.389389664381,1566.389389664381,0.99859905,0.0023948487
1566.3907785445504,1566.3907785445504,0.9983566,0.0023949414
1566.3921674249518,1566.3921674249518,0.99768794,0.002403462
1566.393556305354,1566.393556305354,0.9967792,0.0023924538
1566.394945185756,1566.394945185756,0.99593693,0.0024026353
1566.3963340661574,1566.3963340661574,0.99670666,0.002401485
1566.3977229465595,1566.3977229465595,0.99776334,0.0023941298
1566.3991118269616,1566.3991118269616,0.9995717,0.002394473
1566.4005007071303,1566.4005007071303,0.99777377,0.0023926836
1566.4018895875317,1566.4018895875317,1.0009243,0.0023974036
1566.403278467934,1566.403278467934,0.9973499,0.0023964138
1566.404667348336,1566.404667348336,0.99933165,0.002394923
1566.4060562287375,1566.4060562287375,0.99755406,0.002394129
1566.4074451089061,1566.4074451089061,0.9976268,0.002400043
1566.408833989308,1566.408833989308,0.9986098,0.002395687
1566.4102228697102,1566.4102228697102,0.99711096,0.0023948483
1566.4116117501123,1566.4116117501123,0.99816036,0.0023939065
1566.4130006302823,1566.4130006302823,1.0032017,0.0023939607
1566.4143895106845,1566.4143895106845,0.9994006,0.0023962022
1566.415778391086,1566.415778391086,0.99514246,0.0023905244
1566.4171672712546,1566.4171672712546,0.9997633,0.0023968122
1566.4185561516567,1566.4185561516567,0.99348485,0.0023906773
1566.419945031826,1566.419945031826,0.9982541,0.0023912874
1566.4213339122273,1566.4213339122273,0.9972243,0.0023932313
1566.4227227926287,1566.4227227926287,0.9939379,0.0023913088
1566.424111672798,1566.424111672798,0.9949789,0.0023922564
1566.4255005532002,1566.4255005532002,0.99680096,0.0023904894
1566.4268894333688,1566.4268894333688,0.994436,0.002394586
1566.428278313771,1566.428278313771,0.9956285,0.0023925505
1566.4296671939403,1566.4296671939403,0.99341273,0.0023955177
1566.4310560743418,1566.4310560743418,0.9962562,0.0023949554
1566.432444954511,1566.432444954511,0.9976721,0.0023934813
1566.433833834914,1566.433833834914,0.99673855,0.0023933689
1566.4352227150832,1566.4352227150832,0.9934705,0.0023915502
1566.4366115954847,1566.4366115954847,0.99526757,0.0023947621
1566.438000475653,1566.438000475653,0.9984644,0.0023926767
1566.4393893560552,1566.4393893560552,0.9916257,0.0023902752
1566.4407782362246,1566.4407782362246,0.99596024,0.0023930334
1566.4421671163932,1566.4421671163932,0.9951669,0.0023915241
1566.4435559967953,1566.4435559967953,0.99616724,0.0023916257
1566.4449448769647,1566.4449448769647,0.9938944,0.0023890974
1566.4463337571333,1566.4463337571333,1.0026308,0.002393848
1566.4477226375348,1566.4477226375348,0.9964493,0.002392556
1566.449111517704,1566.449111517704,0.99324447,0.0023917588
1566.4505003978732,1566.4505003978732,0.99331826,0.0023926648
1566.4518892782746,1566.4518892782746,0.9978473,0.0023956022
1566.4532781584433,1566.4532781584433,0.9956589,0.002391599
1566.4546670386133,1566.4546670386133,0.9963793,0.002390933
1566.4560559187832,1566.4560559187832,0.99395436,0.0023915567
1566.4574447991847,1566.4574447991847,0.9913997,0.0023897234
1566.458833679354,1566.458833679354,0.9938768,0.0023917747
1566.4602225595233,1566.4602225595233,0.9913247,0.0023932604
1566.461611439692,1566.461611439692,0.99336743,0.0023900126
1566.4630003198606,1566.4630003198606,0.99148,0.002387765
1566.4643892002625,1566.4643892002625,0.9905757,0.0023901456
1566.4657780804318,1566.4657780804318,0.9904886,0.0023881753
1566.4671669606005,1566.4671669606005,0.9946581,0.002402545
1566.468555840769,1566.468555840769,0.99080956,0.0023888845
1566.4699447209384,1566.4699447209384,0.99460506,0.0023908385
1566.4713336011077,1566.4713336011077,0.99317443,0.002398913
1566.4727224812764,1566.4727224812764,0.99184996,0.0023911863
1566.4741113614457,1566.4741113614457,0.99453646,0.0023912885
1566.4755002416157,1566.4755002416157,0.9911989,0.0023921737
1566.4768891217848,1566.4768891217848,0.99077,0.002399911
1566.4782780019534,1566.4782780019534,0.9952727,0.002390785
1566.4796668821227,1566.4796668821227,0.98966634,0.0023892624
1566.481055762292,1566.481055762292,0.99058235,0.0023916778
1566.4824446424607,1566.4824446424607,0.99067444,0.0023887274
1566.48383352263,1566.48383352263,0.9921466,0.0023949794
1566.4852224027993,1566.4852224027993,0.9883977,0.0023979614
1566.486611282968,1566.486611282968,0.987394,0.0023892482
1566.4880001631366,1566.4880001631366,0.99034834,0.0023911067
1566.489389043306,1566.489389043306,0.98940665,0.0023907698
1566.4907779234752,1566.4907779234752,0.9889885,0.002386798
1566.4921668034108,1566.4921668034108,0.991721,0.0023915386
1566.4935556835794,1566.4935556835794,0.9913349,0.002389002
1566.4949445637487,1566.4949445637487,0.98970675,0.0023871672
1566.496333443918,1566.496333443918,0.98942333,0.0023958015
1566.4977223240874,1566.4977223240874,0.99172175,0.0023885688
1566.4991112042574,1566.4991112042574,0.98879796,0.002395871
1566.5005000841938,1566.5005000841938,0.98918706,0.0023885618
1566.5018889643625,1566.5018889643625,0.9925383,0.0023924063
1566.503277844531,1566.503277844531,0.9896401,0.0023935111
1566.5046667247004,1566.5046667247004,0.99068093,0.0023900883
1566.5060556046367,1566.5060556046367,0.98595643,0.0023896503
1566.5074444848053,1566.5074444848053,0.9865772,0.0023882254
1566.508833364974,1566.508833364974,0.99147624,0.002394608
1566.5102222449104,1566.5102222449104,0.98903626,0.0023870298
1566.5116111250798,1566.5116111250798,0.9876886,0.002389689
1566.5130000052484,1566.5130000052484,0.9896998,0.0023898347
1566.5143888851849,1566.5143888851849,0.9876096,0.0023880722
1566.5157777653542,1566.5157777653542,0.99103993,0.002388181
1566.51716664529,1566.51716664529,0.9841033,0.0023909078
1566.518555525459,1566.518555525459,0.987679,0.0023908927
1566.519944405629,1566.519944405629,0.9868954,0.002388228
1566.5213332855656,1566.5213332855656,0.98820215,0.0023891702
1566.5227221657342,1566.5227221657342,0.9868455,0.0023921228
1566.52411104567,1566.52411104567,0.9883305,0.0023879402
1566.5254999258393,1566.5254999258393,0.9884648,0.0023905488
1566.5268888057758,1566.5268888057758,0.9898788,0.0023953398
1566.5282776859444,1566.5282776859444,0.98694265,0.0023880948
1566.529666565881,1566.529666565881,0.98594207,0.0023872752
1566.5310554460502,1566.5310554460502,0.98642474,0.0023908466
1566.5324443259858,1566.5324443259858,0.9881428,0.0023896536
1566.5338332059216,1566.5338332059216,0.9875498,0.002389974
1566.535222086091,1566.535222086091,0.98879176,0.0023858484
1566.5366109660274,1566.5366109660274,0.9849378,0.0023945041
1566.537999846196,1566.537999846196,0.9890749,0.002387951
1566.5393887261318,1566.5393887261318,0.98597276,0.0023904606
1566.540777606069,1566.540777606069,0.98524386,0.0023856452
1566.542166486239,1566.542166486239,0.9865147,0.0023880233
1566.5435553661748,1566.5435553661748,0.98311406,0.0023876354
1566.5449442461113,1566.5449442461113,0.9851094,0.002388433
1566.5463331260478,1566.5463331260478,0.9867382,0.0023879136
1566.5477220062162,1566.5477220062162,0.98371124,0.0023899933
1566.549110886152,1566.549110886152,0.98698,0.0023881136
1566.5504997660885,1566.5504997660885,0.9850149,0.002387613
1566.551888646025,1566.551888646025,0.98406965,0.0023862128
1566.5532775261936,1566.5532775261936,0.98212993,0.0023849101
1566.5546664061294,1566.5546664061294,0.9864922,0.0023834652
1566.5560552860659,1566.5560552860659,0.98341733,0.0023908215
1566.5574441660024,1566.5574441660024,0.9853938,0.0023852712
1566.558833045938,1566.558833045938,0.98781776,0.0023870454
1566.5602219258744,1566.5602219258744,0.985767,0.0023843742
1566.5616108058116,1566.5616108058116,0.9867243,0.0023913567
1566.562999685981,1566.562999685981,0.9816323,0.0023859353
1566.5643885659167,1566.5643885659167,0.984877,0.002387393
1566.5657774458532,1566.5657774458532,0.98447776,0.0023846894
1566.5671663257897,1566.5671663257897,0.9884593,0.0023870526
1566.5685552057255,1566.5685552057255,0.9852897,0.0023853623
1566.5699440856613,1566.5699440856613,0.98633826,0.0023869302
1566.5713329655978,1566.5713329655978,0.98280454,0.002386275
1566.5727218455343,1566.5727218455343,0.98830754,0.0023868044
1566.5741107254698,1566.5741107254698,0.98436487,0.0023873567
1566.5754996054063,1566.5754996054063,0.98682755,0.0023956865
1566.5768884853428,1566.5768884853428,0.98234385,0.002389601
1566.5782773652786,1566.5782773652786,0.9893383,0.002385822
1566.5796662452144,1566.5796662452144,0.98558766,0.002385537
1566.581055125151,1566.581055125151,0.9845904,0.0023872664
1566.5824440048546,1566.5824440048546,0.9876604,0.0023901649
1566.583832884791,1566.583832884791,0.9851488,0.002384497
1566.5852217647275,1566.5852217647275,0.9861415,0.0023848948
1566.586610644664,1566.586610644664,0.98368245,0.0023839588
1566.5879995246003,1566.5879995246003,0.983227,0.0023869572
1566.589388404536,1566.589388404536,0.9819607,0.0023861479
1566.5907772842397,1566.5907772842397,0.98514783,0.0023861513
1566.5921661641762,1566.5921661641762,0.9841267,0.0023922285
1566.593555044112,1566.593555044112,0.98707,0.002387101
1566.5949439240478,1566.5949439240478,0.9834069,0.002384057
1566.5963328037515,1566.5963328037515,0.9848323,0.0023955242
1566.597721683688,1566.597721683688,0.9882174,0.0023850738
1566.5991105636238,1566.5991105636238,0.9844731,0.0023859565
1566.60049944356,1566.60049944356,0.9843618,0.002387115
1566.6018883232637,1566.6018883232637,0.9845601,0.0023871409
1566.6032772031995,1566.6032772031995,0.98510426,0.0023896964
1566.604666083136,1566.604666083136,0.98164713,0.002386848
1566.6060549628403,1566.6060549628403,0.9841067,0.0023883032
1566.6074438427768,1566.6074438427768,0.98184097,0.0023913532
1566.6088327224797,1566.6088327224797,0.9812798,0.0023851385
1566.6102216024155,1566.6102216024155,0.9836829,0.0023863132
1566.611610482352,1566.611610482352,0.985267,0.0023893367
1566.6129993620557,1566.6129993620557,0.98170024,0.0023855323
1566.6143882419913,1566.6143882419913,0.98610026,0.0023891088
1566.615777121695,1566.615777121695,0.98095083,0.002385639
1566.6171660016314,1566.6171660016314,0.98805654,0.0023872813
1566.6185548813344,1566.6185548813344,0.9825922,0.002391848
1566.6199437612702,1566.6199437612702,0.9834364,0.002384564
1566.6213326409738,1566.6213326409738,0.9850294,0.0023840712
1566.6227215206775,1566.6227215206775,0.9825019,0.0023915225
1566.6241104006133,1566.6241104006133,0.9860374,0.0023891896
1566.6254992803163,1566.6254992803163,0.98818475,0.0023832894
1566.6268881602534,1566.6268881602534,0.9829175,0.0023859527
1566.6282770399578,1566.6282770399578,0.98362815,0.0023855525
1566.6296659196605,1566.6296659196605,0.98637736,0.0023842508
1566.631054799597,1566.631054799597,0.9884117,0.0023883947
1566.6324436793006,1566.6324436793006,0.9870274,0.0023900406
1566.6338325590036,1566.6338325590036,0.98319423,0.0023868904
1566.6352214389394,1566.6352214389394,0.9844917,0.0023919358
1566.636610318643,1566.636610318643,0.9834311,0.0023863863
1566.6379991983467,1566.6379991983467,0.9859313,0.0023901383
1566.6393880782825,1566.6393880782825,0.98418593,0.0023873106
1566.6407769579853,1566.6407769579853,0.9830014,0.0023878252
1566.642165837689,1566.642165837689,0.982019,0.0023857034
1566.6435547173926,1566.6435547173926,0.9806528,0.002385053
1566.6449435970956,1566.6449435970956,0.985597,0.0023865837
1566.646332477032,1566.646332477032,0.9837849,0.0023882282
1566.6477213567357,1566.6477213567357,0.9817259,0.0023849532
1566.6491102364394,1566.6491102364394,0.9840951,0.0023853348
1566.650499116143,1566.650499116143,0.9862734,0.0023886326
1566.6518879958467,1566.6518879958467,0.98451877,0.0023861446
1566.6532768755503,1566.6532768755503,0.98399866,0.0023848605
1566.6546657552533,1566.6546657552533,0.984561,0.002387169
1566.6560546351889,1566.6560546351889,0.9864159,0.0023872387
1566.6574435148925,1566.6574435148925,0.985084,0.0023918739
1566.6588323945962,1566.6588323945962,0.98617446,0.0023865781
1566.6602212742991,1566.6602212742991,0.9844353,0.0023876
1566.6616101540028,1566.6616101540028,0.985044,0.0023945235
1566.6629990337065,1566.6629990337065,0.98221445,0.0023849648
1566.6643879134094,1566.6643879134094,0.9820649,0.0023839693
1566.6657767931124,1566.6657767931124,0.98020744,0.0023878727
1566.667165672816,1566.667165672816,0.984467,0.002388324
1566.6685545522867,1566.6685545522867,0.9844681,0.0023839977
1566.6699434319896,1566.6699434319896,0.98761266,0.0023851735
1566.6713323116933,1566.6713323116933,0.9800997,0.002388433
1566.6727211913976,1566.6727211913976,0.98470044,0.00238999
1566.6741100711013,1566.6741100711013,0.98295426,0.0023829592
1566.6754989508042,1566.6754989508042,0.98287755,0.002387891
1566.676887830508,1566.676887830508,0.98416936,0.0023864016
1566.6782767102115,1566.6782767102115,0.9819397,0.0023855828
1566.6796655896817,1566.6796655896817,0.9857885,0.0023861597
1566.6810544693847,1566.6810544693847,0.98512715,0.0023866452
1566.682443349088,1566.682443349088,0.9863794,0.0023886117
1566.6838322287917,1566.6838322287917,0.98705447,0.0023884457
1566.6852211082619,1566.6852211082619,0.98467445,0.0023868554
1566.6866099879649,1566.6866099879649,0.98601514,0.0023861295
1566.6879988676685,1566.6879988676685,0.9860748,0.0023858217
1566.6893877473722,1566.6893877473722,0.99006176,0.0023962576
1566.6907766268423,1566.6907766268423,0.98918176,0.0023874745
1566.6921655065466,1566.6921655065466,0.9881902,0.0023856116
1566.693554386251,1566.693554386251,0.9842619,0.0023903311
1566.6949432657211,1566.6949432657211,0.9911339,0.0023880876
1566.6963321454239,1566.6963321454239,0.9848079,0.0023855844
1566.6977210248947,1566.6977210248947,0.98792636,0.0023868699
1566.6991099045983,1566.6991099045983,0.986313,0.0023858254
1566.7004987843013,1566.7004987843013,0.9879469,0.0023899996
1566.7018876637715,1566.7018876637715,0.9857227,0.0023898026
1566.703276543475,1566.703276543475,0.98594576,0.0023875854
1566.704665422946,1566.704665422946,0.99053454,0.0023881681
1566.706054302649,1566.706054302649,0.98370606,0.0023906953
1566.7074431821197,1566.7074431821197,0.99230075,0.0023885411
1566.7088320618234,1566.7088320618234,0.9869039,0.0023920345
1566.7102209412935,1566.7102209412935,0.9896795,0.0023880347
1566.7116098209963,1566.7116098209963,0.98858345,0.0023885153
1566.712998700467,1566.712998700467,0.9881745,0.0023869835
1566.7143875799386,1566.7143875799386,0.9878412,0.0023904748
1566.7157764596423,1566.7157764596423,0.9837783,0.0023858668
1566.717165339113,1566.717165339113,0.98274106,0.0023853688
1566.7185542188167,1566.7185542188167,0.9857033,0.0023867327
1566.7199430982869,1566.7199430982869,0.9874306,0.0023863572
1566.721331977757,1566.721331977757,0.98789823,0.0023845327
1566.7227208574607,1566.7227208574607,0.9877674,0.0023864324
1566.7241097369313,1566.7241097369313,0.98486435,0.0023854594
1566.7254986164014,1566.7254986164014,0.98722404,0.002385817
1566.7268874961044,1566.7268874961044,0.98458844,0.0023866787
1566.7282763755752,1566.7282763755752,0.98458505,0.0023915537
1566.729665255046,1566.729665255046,0.9869654,0.0023908583
1566.7310541345162,1566.7310541345162,0.98781705,0.0023861686
1566.732443013987,1566.732443013987,0.98643094,0.0023891025
1566.7338318936906,1566.7338318936906,0.98691595,0.0023852726
1566.7352207731608,1566.7352207731608,0.9843128,0.0023861157
1566.7366096526314,1566.7366096526314,0.9840951,0.0023859364
1566.737998532103,1566.737998532103,0.9843852,0.002397044
1566.7393874115737,1566.7393874115737,0.9837568,0.00238973
1566.7407762910439,1566.7407762910439,0.98414534,0.0023891267
1566.742165170514,1566.742165170514,0.98347914,0.002385947
1566.7435540502177,1566.7435540502177,0.9869378,0.002386504
1566.7449429296885,1566.7449429296885,0.9852054,0.0023872731
1566.7463318091586,1566.7463318091586,0.984945,0.0023861544
1566.7477206886294,1566.7477206886294,0.98338956,0.002388674
1566.7491095681003,1566.7491095681003,0.98680115,0.0023917502
1566.7504984475702,1566.7504984475702,0.9832716,0.0023842412
1566.7518873270403,1566.7518873270403,0.9879659,0.0023907737
1566.7532762065111,1566.7532762065111,0.9830919,0.0023859246
1566.754665085982,1566.754665085982,0.9834562,0.0023887027
1566.756053965452,1566.756053965452,0.98556376,0.002386358
1566.7574428446894,1566.7574428446894,0.9841434,0.0023857753
1566.758831724161,1566.758831724161,0.9823812,0.00238316
1566.7602206036324,1566.7602206036324,0.98482573,0.0023913183
1566.7616094831026,1566.7616094831026,0.98651993,0.002386817
1566.7629983625734,1566.7629983625734,0.983874,0.0023856994
1566.7643872420442,1566.7643872420442,0.9880567,0.0023887623
1566.7657761215141,1566.7657761215141,0.99157286,0.002387807
1566.7671650007514,1566.7671650007514,0.9854604,0.002385698
1566.7685538802223,1566.7685538802223,0.9836425,0.0023858566
1566.769942759693,1566.769942759693,0.98857874,0.0023878675
1566.7713316391632,1566.7713316391632,0.98659337,0.0023867532
1566.7727205184005,1566.7727205184005,0.98525876,0.002384794
1566.7741093978714,1566.7741093978714,0.98835695,0.0023920273
1566.7754982773422,1566.7754982773422,0.9841216,0.0023904566
1566.776887156812,1566.776887156812,0.9851486,0.0023877213
1566.77827603605,1566.77827603605,0.98529536,0.0023870114
1566.779664915521,1566.779664915521,0.987374,0.002386937
1566.7810537949917,1566.7810537949917,0.98506874,0.0023908694
1566.7824426742297,1566.7824426742297,0.9883264,0.0023940208
1566.7838315537006,1566.7838315537006,0.9847702,0.0023860629
1566.7852204329386,1566.7852204329386,0.9875874,0.002396072
1566.7866093124087,1566.7866093124087,0.9866939,0.0023906236
1566.7879981918788,1566.7879981918788,0.9859532,0.0023894345
1566.7893870711168,1566.7893870711168,0.98714715,0.0023881837
1566.7907759505877,1566.7907759505877,0.98746127,0.0023868184
1566.792164829825,1566.792164829825,0.98549616,0.002383498
1566.7935537092956,1566.7935537092956,0.9893613,0.0023883984
1566.7949425885336,1566.7949425885336,0.98857796,0.0023895698
1566.7963314680037,1566.7963314680037,0.9906516,0.0023885109
1566.797720347241,1566.797720347241,0.98916173,0.0023893255
1566.7991092267118,1566.7991092267118,0.98713565,0.0023853907
1566.8004981059498,1566.8004981059498,0.9861208,0.0023877143
1566.8018869851871,1566.8018869851871,0.98484945,0.0023848019
1566.803275864658,1566.803275864658,0.985843,0.0023901295
1566.8046647438966,1566.8046647438966,0.9872016,0.0023889388
1566.8060536231344,1566.8060536231344,0.98709637,0.0023912846
1566.8074425026045,1566.8074425026045,0.98641413,0.0023869828
1566.8088313818425,1566.8088313818425,0.9898439,0.002388174
1566.8102202610805,1566.8102202610805,0.98603666,0.0023853653
1566.8116091405507,1566.8116091405507,0.9856759,0.0023877698
1566.812998019788,1566.812998019788,0.9894555,0.0023938292
1566.814386899026,1566.814386899026,0.9863009,0.0023861758
1566.815775778264,1566.815775778264,0.9871849,0.0023876526
1566.817164657734,1566.817164657734,0.985548,0.0023859618
1566.8185535369714,1566.8185535369714,0.9884268,0.0023876522
1566.8199424162092,1566.8199424162092,0.98621076,0.0023919784
1566.8213312954472,1566.8213312954472,0.98968875,0.0023919314
1566.8227201746845,1566.8227201746845,0.98887086,0.0023870722
1566.8241090541553,1566.8241090541553,0.987539,0.0023906273
1566.825497933394,1566.825497933394,0.9891971,0.0023898594
1566.826886812632,1566.826886812632,0.9852906,0.0023850892
1566.8282756918693,1566.8282756918693,0.9884999,0.0023891258
1566.8296645711073,1566.8296645711073,0.9913138,0.00238863
1566.8310534503453,1566.8310534503453,0.9854462,0.0023878175
1566.8324423295824,1566.8324423295824,0.9866533,0.002387415
1566.8338312088204,1566.8338312088204,0.9864416,0.0023864354
1566.8352200880583,1566.8352200880583,0.987203,0.0023937335
1566.8366089672957,1566.8366089672957,0.9875266,0.0023906867
1566.837997846533,1566.837997846533,0.9888388,0.00239916
1566.839386725771,1566.839386725771,0.9880051,0.0023889525
1566.840775605009,1566.840775605009,0.98940057,0.0023960161
1566.8421644842463,1566.8421644842463,0.9903891,0.0023890107
1566.8435533634836,1566.8435533634836,0.9894257,0.0023906187
1566.8449422427216,1566.8449422427216,0.9891205,0.0023881586
1566.8463311219596,1566.8463311219596,0.98783875,0.0023968492
1566.8477200009645,1566.8477200009645,0.99130803,0.0023911186
1566.8491088802032,1566.8491088802032,0.9909394,0.0023911383
1566.8504977594412,1566.8504977594412,0.9893645,0.0023899546
1566.8518866386785,1566.8518866386785,0.9893471,0.002389349
1566.8532755179158,1566.8532755179158,0.9882555,0.0023900298
1566.854664396921,1566.854664396921,0.9886514,0.0023863693
1566.856053276159,1566.856053276159,0.9895955,0.0023921328
1566.8574421553963,1566.8574421553963,0.98809206,0.0023970092
1566.8588310346336,1566.8588310346336,0.9913168,0.002388984
1566.8602199136387,1566.8602199136387,0.9907244,0.0023897549
1566.8616087928765,1566.8616087928765,0.9886686,0.0023881784
1566.8629976721138,1566.8629976721138,0.99394953,0.0023899951
1566.864386551119,1566.864386551119,0.98940897,0.0023887008
1566.865775430357,1566.865775430357,0.98879415,0.0023935304
1566.8671643095943,1566.8671643095943,0.9923289,0.0023913507
1566.8685531885988,1566.8685531885988,0.98991805,0.0023920545
1566.8699420678374,1566.8699420678374,0.99596393,0.0023926978
1566.8713309468433,1566.8713309468433,0.9893349,0.0023878645
1566.8727198260806,1566.8727198260806,0.99253243,0.0023905043
1566.874108705085,1566.874108705085,0.9938173,0.0023900778
1566.8754975843228,1566.8754975843228,0.9905336,0.0023913486
1566.8768864635608,1566.8768864635608,0.98827475,0.0023902396
1566.8782753425653,1566.8782753425653,0.99082685,0.0023958052
1566.8796642215705,1566.8796642215705,0.9913006,0.0023925526
1566.8810531008085,1566.8810531008085,0.99113184,0.0023896373
1566.882441979813,1566.882441979813,0.9948365,0.0023905612
1566.8838308590502,1566.8838308590502,0.9921494,0.002392281
1566.8852197380554,1566.8852197380554,0.990123,0.0023909411
1566.8866086172934,1566.8866086172934,0.9895532,0.0023884485
1566.8879974962977,1566.8879974962977,0.99514854,0.002390936
1566.8893863753021,1566.8893863753021,0.9880874,0.0023892254
1566.8907752545401,1566.8907752545401,0.9952339,0.0023919328
1566.892164133546,1566.892164133546,0.9919763,0.002390792
1566.8935530125511,1566.8935530125511,0.99300706,0.002392234
1566.8949418917891,1566.8949418917891,0.9923173,0.002389615
1566.8963307707943,1566.8963307707943,0.9956365,0.002393826
1566.8977196497988,1566.8977196497988,0.9957744,0.0024036823
1566.8991085288033,1566.8991085288033,0.9906679,0.0023891074
1566.9004974080412,1566.9004974080412,0.996863,0.002394234
1566.9018862870464,1566.9018862870464,0.98845184,0.0023871239
1566.9032751660507,1566.9032751660507,0.99517745,0.0023930066
1566.9046640450551,1566.9046640450551,0.99299806,0.0023911179
1566.9060529240603,1566.9060529240603,0.99423,0.0023919926
1566.9074418030655,1566.9074418030655,0.99202543,0.0023916408
1566.9088306823028,1566.9088306823028,0.99676317,0.0023912084
1566.910219561308,1566.910219561308,0.99489146,0.0023925966
1566.911608440313,1566.911608440313,0.9933931,0.0023960217
1566.9129973193176,1566.9129973193176,0.9935912,0.0023901358
1566.9143861983227,1566.9143861983227,0.99619055,0.002395701
1566.9157750773284,1566.9157750773284,0.99690974,0.0023941973
1566.9171639563335,1566.9171639563335,0.99497956,0.0023909253
1566.918552835338,1566.918552835338,0.9957681,0.0024039564
1566.9199417143425,1566.9199417143425,0.9978642,0.0023925924
1566.9213305933476,1566.9213305933476,0.99392384,0.0023886024
1566.9227194723528,1566.9227194723528,0.99316794,0.0023916673
1566.9241083513573,1566.9241083513573,0.99700844,0.0023911013
1566.9254972303625,1566.9254972303625,0.99197435,0.0023920976
1566.9268861093676,1566.9268861093676,0.99324715,0.0023923109
1566.9282749881393,1566.9282749881393,0.99290115,0.0023978443
1566.9296638671435,1566.9296638671435,0.99390024,0.0024005314
1566.9310527461487,1566.9310527461487,0.9944691,0.0023946415
1566.9324416251538,1566.9324416251538,0.9943704,0.0023918839
1566.9338305041583,1566.9338305041583,0.99429774,0.002393364
1566.9352193831635,1566.9352193831635,0.9961088,0.002396871
1566.9366082619365,1566.9366082619365,0.99665743,0.002400098
1566.9379971409417,1566.9379971409417,0.99718183,0.0023952303
1566.9393860199461,1566.9393860199461,0.9947918,0.002392159
1566.9407748989513,1566.9407748989513,0.99460244,0.0023922704
1566.9421637777234,1566.9421637777234,0.99576646,0.0023946562
1566.943552656728,1566.943552656728,0.9947895,0.0023915234
1566.9449415357324,1566.9449415357324,0.99534214,0.0023935286
1566.9463304145047,1566.9463304145047,0.9951705,0.0023919707
1566.9477192935099,1566.9477192935099,0.9940422,0.002390484
1566.9491081725143,1566.9491081725143,0.99646044,0.0024013577
1566.9504970512867,1566.9504970512867,0.99589574,0.0023921225
1566.9518859302918,1566.9518859302918,0.99648005,0.002390456
1566.9532748090635,1566.9532748090635,0.99499595,0.0024015803
1566.954663688068,1566.954663688068,0.99813545,0.0023944469
1566.95605256684,1566.95605256684,0.995386,0.0023906094
1566.9574414458452,1566.9574414458452,0.99697053,0.0023926075
1566.9588303246176,1566.9588303246176,0.9946099,0.002395227
1566.9602192036227,1566.9602192036227,0.99527204,0.002392263
1566.961608082395,1566.961608082395,0.9956651,0.0023906976
1566.9629969614002,1566.9629969614002,0.99931026,0.002394128
1566.9643858401719,1566.9643858401719,0.9991554,0.0023963475
1566.965774719177,1566.965774719177,0.9967835,0.0023987354
1566.9671635979494,1566.9671635979494,0.9956187,0.0023994423
1566.968552476721,1566.968552476721,1.0007792,0.0023942294
1566.9699413557253,1566.9699413557253,1.0010859,0.0024036916
1566.9713302344976,1566.9713302344976,0.99717313,0.0023945095
1566.97271911327,1566.97271911327,0.995958,0.002392713
1566.9741079922744,1566.9741079922744,1.0013189,0.0023986895
1566.975496871046,1566.975496871046,1.0008318,0.0024027226
1566.9768857498184,1566.9768857498184,0.997057,0.002393901
1566.9782746288236,1566.9782746288236,0.99844545,0.0023931214
1566.9796635075952,1566.9796635075952,0.9952929,0.002392641
1566.9810523863682,1566.9810523863682,0.9971658,0.0023932098
1566.9824412651412,1566.9824412651412,0.9995785,0.0023948762
1566.9838301439129,1566.9838301439129,1.001338,0.002400086
1566.9852190229171,1566.9852190229171,0.99953145,0.0023964185
1566.9866079016895,1566.9866079016895,1.0006537,0.0023955097
1566.9879967804618,1566.9879967804618,0.998033,0.002393288
1566.9893856592334,1566.9893856592334,1.0006868,0.0023980713
1566.990774538005,1566.990774538005,1.0000768,0.002393592
1566.9921634167774,1566.9921634167774,1.0032151,0.0023989726
1566.9935522955498,1566.9935522955498,0.9980873,0.0023965526
1566.9949411743214,1566.9949411743214,1.0028586,0.0024012045
1566.9963300530937,1566.9963300530937,0.9980712,0.0023936587
1566.9977189318658,1566.9977189318658,1.0038445,0.0024009335
1566.9991078106375,1566.9991078106375,0.99772215,0.0023948657
1567.0004966894091,1567.0004966894091,0.99912864,0.0023983172
1567.0018855681815,1567.0018855681815,1.0014445,0.0023952005
1567.0032744469538,1567.0032744469538,0.99890554,0.002397638
1567.0046633257261,1567.0046633257261,1.0000781,0.002404576
1567.0060522044985,1567.0060522044985,0.9992253,0.002393476
1567.0074410832708,1567.0074410832708,1.0012896,0.0023963526
1567.0088299620431,1567.0088299620431,1.003392,0.0023997077
1567.0102188408148,1567.0102188408148,1.001008,0.0023962546
1567.011607719354,1567.011607719354,1.0048963,0.0024020243
1567.0129965981264,1567.0129965981264,1.0033547,0.0023993058
1567.014385476898,1567.014385476898,0.9985516,0.0023972464
1567.0157743556697,1567.0157743556697,0.9998472,0.002394886
1567.017163234442,1567.017163234442,1.0039065,0.0023981044
1567.0185521129815,1567.0185521129815,1.0004184,0.002396431
1567.0199409917532,1567.0199409917532,0.999177,0.002397128
1567.0213298705248,1567.0213298705248,1.0003191,0.0024006872
1567.0227187492972,1567.0227187492972,1.0038929,0.0024033256
1567.0241076278364,1567.0241076278364,0.9990682,0.0023950173
1567.025496506608,1567.025496506608,1.0020566,0.0023971018
1567.026885385381,1567.026885385381,1.0023355,0.0023974832
1567.0282742639213,1567.0282742639213,1.0011418,0.0023953968
1567.029663142693,1567.029663142693,1.0039152,0.002399675
1567.0310520212317,1567.0310520212317,1.0007637,0.0023981924
1567.032440900004,1567.032440900004,1.0038234,0.0023970397
1567.0338297785436,1567.0338297785436,1.009705,0.0023981752
1567.0352186573152,1567.0352186573152,1.002271,0.0023961246
1567.036607535854,1567.036607535854,1.0019997,0.0023964858
1567.0379964146261,1567.0379964146261,1.0012578,0.0023964182
1567.0393852931657,1567.0393852931657,1.0026546,0.002394891
1567.0407741719373,1567.0407741719373,1.0019593,0.0023966108
1567.0421630504768,1567.0421630504768,1.0031191,0.0023990134
1567.0435519292491,1567.0435519292491,1.0045902,0.0023944415
1567.044940807788,1567.044940807788,1.0009117,0.002394187
1567.0463296865596,1567.0463296865596,1.0055488,0.0023958813
1567.047718565099,1567.047718565099,1.0051584,0.0024009303
1567.0491074436393,1567.0491074436393,1.0031927,0.002398602
1567.0504963224116,1567.0504963224116,1.0020158,0.0024043152
1567.0518852009511,1567.0518852009511,1.0037256,0.0023990208
1567.0532740794904,1567.0532740794904,1.004026,0.002402731
1567.054662958262,1567.054662958262,1.0045148,0.0023997491
1567.0560518368009,1567.0560518368009,1.0023444,0.0023952571
1567.0574407153404,1567.0574407153404,1.0028582,0.0023958185
1567.0588295938799,1567.0588295938799,1.0034463,0.002395665
1567.0602184726515,1567.0602184726515,1.0072232,0.0023991347
1567.0616073511903,1567.0616073511903,1.0042866,0.0023981007
1567.0629962297298,1567.0629962297298,1.0028285,0.0023988858
1567.0643851082693,1567.0643851082693,1.0035597,0.0023957351
1567.0657739868082,1567.0657739868082,1.002111,0.0023978276
1567.0671628653474,1567.0671628653474,1.0027672,0.0023967167
1567.068551743887,1567.068551743887,1.0073913,0.0023971545
1567.0699406224257,1567.0699406224257,1.004065,0.002399004
1567.071329501198,1567.071329501198,1.0057441,0.0023970671
1567.0727183797383,1567.0727183797383,1.0062635,0.0024015268
1567.0741072582778,1567.0741072582778,1.0045408,0.002396951
1567.0754961368166,1567.0754961368166,1.0078115,0.0024018195
1567.0768850153554,1567.0768850153554,1.0038505,0.0023990055
1567.078273893895,1567.078273893895,1.0022829,0.002398319
1567.0796627724342,1567.0796627724342,1.0034978,0.0024001778
1567.081051650973,1567.081051650973,1.0083109,0.0023977687
1567.0824405292797,1567.0824405292797,1.0054152,0.002398528
1567.0838294078192,1567.0838294078192,1.0069703,0.0023986895
1567.085218286358,1567.085218286358,1.0084633,0.0024090444
1567.0866071648968,1567.0866071648968,1.0047035,0.0024000767
1567.0879960434363,1567.0879960434363,1.0061362,0.0023970092
1567.0893849219758,1567.0893849219758,1.0090605,0.0023994606
1567.0907738005146,1567.0907738005146,1.0065302,0.0023998527
1567.0921626788206,1567.0921626788206,1.0059261,0.0023983847
1567.09355155736,1567.09355155736,1.011566,0.0024027273
1567.0949404359,1567.0949404359,1.0058643,0.002398397
1567.0963293144396,1567.0963293144396,1.0076984,0.002398006
1567.0977181927462,1567.0977181927462,1.0058419,0.0023979845
1567.0991070712857,1567.0991070712857,1.00451,0.0023977812
1567.1004959498246,1567.1004959498246,1.0068092,0.0023964185
1567.1018848281306,1567.1018848281306,1.0060211,0.0023977684
1567.10327370667,1567.10327370667,1.0072918,0.0024061233
1567.1046625852096,1567.1046625852096,1.0038984,0.002398781
1567.1060514635153,1567.1060514635153,1.0015646,0.0023976883
1567.1074403420541,1567.1074403420541,1.0077806,0.0023997277
1567.1088292203608,1567.1088292203608,1.0030332,0.0023996343
1567.1102180989003,1567.1102180989003,1.0046644,0.0024056556
1567.1116069774391,1567.1116069774391,1.0072666,0.002405054
1567.1129958557458,1567.1129958557458,1.0054976,0.0023991354
1567.1143847342853,1567.1143847342853,1.0096655,0.0024002984
1567.1157736125913,1567.1157736125913,1.002955,0.002399633
1567.1171624911308,1567.1171624911308,1.0080669,0.0023988842
1567.1185513694381,1567.1185513694381,1.0065749,0.002397979
1567.1199402477448,1567.1199402477448,1.0123354,0.0024006134
1567.1213291262834,1567.1213291262834,1.0080081,0.0024071499
1567.1227180045894,1567.1227180045894,1.005705,0.002396371
1567.124106883129,1567.124106883129,1.0071665,0.0024000928
1567.1254957614356,1567.1254957614356,1.0070711,0.0024003386
1567.1268846397415,1567.1268846397415,1.0060816,0.0023990602
1567.128273518281,1567.128273518281,1.0078257,0.0024069985
1567.1296623965877,1567.1296623965877,1.0101489,0.0023988872
1567.1310512748937,1567.1310512748937,1.0062673,0.0023964143
1567.1324401531997,1567.1324401531997,1.0109342,0.0024030607
1567.1338290317392,1567.1338290317392,1.005868,0.0023975428
1567.1352179100456,1567.1352179100456,1.0082372,0.002403918
1567.1366067883516,1567.1366067883516,1.0112443,0.002401612
1567.1379956666576,1567.1379956666576,1.0146668,0.002404486
1567.1393845449643,1567.1393845449643,1.0073247,0.002398535
1567.1407734235045,1567.1407734235045,1.0081452,0.0024004504
1567.1421623018111,1567.1421623018111,1.0096644,0.0024046071
1567.1435511801178,1567.1435511801178,1.0097075,0.0024091655
1567.1449400584245,1567.1449400584245,1.0093154,0.0023992816
1567.1463289367305,1567.1463289367305,1.0096724,0.0024010302
1567.1477178150365,1567.1477178150365,1.0085292,0.0024028614
1567.149106693343,1567.149106693343,1.0099953,0.0024034958
1567.1504955716496,1567.1504955716496,1.0113006,0.0024014337
1567.1518844499556,1567.1518844499556,1.0082349,0.0024098724
1567.1532733282615,1567.1532733282615,1.0090811,0.0024151236
1567.1546622065682,1567.1546622065682,1.0109981,0.0024001726
1567.156051084875,1567.156051084875,1.0104377,0.0024030071
1567.1574399631809,1567.1574399631809,1.0056871,0.0023982336
1567.1588288414875,1567.1588288414875,1.0097381,0.0024005538
1567.160217719794,1567.160217719794,1.008054,0.002398134
1567.1616065978671,1567.1616065978671,1.0108157,0.0024024057
1567.1629954761738,1567.1629954761738,1.0100842,0.0023994017
1567.1643843544812,1567.1643843544812,1.0100472,0.0024007638
1567.1657732327878,1567.1657732327878,1.0087806,0.0024005598
1567.1671621110938,1567.1671621110938,1.0072963,0.0024052253
1567.1685509894005,1567.1685509894005,1.0128065,0.002400723
1567.1699398674743,1567.1699398674743,1.0105016,0.0024015233
1567.1713287457803,1567.1713287457803,1.0122894,0.002404325
1567.1727176240863,1567.1727176240863,1.0098244,0.0024042663
1567.1741065021602,1567.1741065021602,1.0127138,0.0024031282
1567.1754953804668,1567.1754953804668,1.0132658,0.0024020826
1567.1768842587726,1567.1768842587726,1.0105659,0.002400018
1567.1782731368457,1567.1782731368457,1.0120486,0.0024065345
1567.1796620151524,1567.1796620151524,1.012257,0.0024030043
1567.181050893459,1567.181050893459,1.0129145,0.0024014832
1567.1824397715322,1567.1824397715322,1.011458,0.0024072272
1567.183828649839,1567.183828649839,1.0073991,0.0024008085
1567.1852175279128,1567.1852175279128,1.0089474,0.002403756
1567.1866064062194,1567.1866064062194,1.0139846,0.0024045408
1567.187995284293,1567.187995284293,1.0097653,0.0024022118
1567.1893841625997,1567.1893841625997,1.0101601,0.0024027163
1567.1907730406735,1567.1907730406735,1.0096252,0.0024018101
1567.1921619189795,1567.1921619189795,1.0103382,0.0024027787
1567.1935507970527,1567.1935507970527,1.0130517,0.0024022132
1567.1949396753594,1567.1949396753594,1.0125028,0.0024103748
1567.1963285534332,1567.1963285534332,1.0098186,0.0023997275
1567.1977174315064,1567.1977174315064,1.0110786,0.002402659
1567.199106309813,1567.199106309813,1.0080059,0.0024001654
1567.2004951878869,1567.2004951878869,1.0089018,0.0023990818
1567.20188406596,1567.20188406596,1.0139134,0.0024104235
1567.2032729442658,1567.2032729442658,1.0136131,0.002401575
1567.2046618223396,1567.2046618223396,1.0146238,0.0024031848
1567.2060507004135,1567.2060507004135,1.0155551,0.0024075129
1567.2074395784866,1567.2074395784866,1.0137078,0.002401012
1567.2088284567933,1567.2088284567933,1.0127655,0.0024021934
1567.2102173348678,1567.2102173348678,1.0109249,0.00240131
1567.2116062129417,1567.2116062129417,1.0148861,0.0024052076
1567.2129950910148,1567.2129950910148,1.0147489,0.0024046293
1567.2143839690887,1567.2143839690887,1.0118122,0.0024028143
1567.2157728471623,1567.2157728471623,1.011896,0.0024020672
1567.2171617254683,1567.2171617254683,1.0123492,0.0024005962
1567.2185506035414,1567.2185506035414,1.0121148,0.0024017747
1567.2199394816153,1567.2199394816153,1.0135028,0.0024068253
1567.221328359689,1567.221328359689,1.0176505,0.0024030928
1567.2227172377623,1567.2227172377623,1.0120897,0.0024108952
1567.2241061158354,1567.2241061158354,1.0127447,0.0024024833
1567.2254949939093,1567.2254949939093,1.0165814,0.0024019177
1567.226883871983,1567.226883871983,1.0152444,0.0024015415
1567.2282727500562,1567.2282727500562,1.0144384,0.0024048781
1567.2296616281299,1567.2296616281299,1.0104401,0.0024026488
1567.2310505062037,1567.2310505062037,1.0130706,0.002407824
1567.2324393840447,1567.2324393840447,1.0157064,0.0024074772
1567.2338282621185,1567.2338282621185,1.012816,0.0024013107
1567.2352171401924,1567.2352171401924,1.0123861,0.0024007524
1567.2366060182662,1567.2366060182662,1.0172861,0.0024041003
1567.2379948963394,1567.2379948963394,1.014187,0.0024018576
1567.2393837744125,1567.2393837744125,1.0119213,0.0024104572
1567.2407726522536,1567.2407726522536,1.012911,0.002403315
1567.2421615303274,1567.2421615303274,1.0113035,0.0024022523
1567.2435504084003,1567.2435504084003,1.0162634,0.0024045776
1567.2449392864742,1567.2449392864742,1.01167,0.0024081836
1567.2463281643152,1567.2463281643152,1.0145994,0.0024022616
1567.2477170423883,1567.2477170423883,1.0130302,0.0024101934
1567.2491059204615,1567.2491059204615,1.0126854,0.0024022062
1567.2504947983025,1567.2504947983025,1.0150857,0.0024057513
1567.2518836763763,1567.2518836763763,1.011804,0.0024014346
1567.2532725542167,1567.2532725542167,1.0134962,0.002405638
1567.2546614322905,1567.2546614322905,1.0161334,0.002402676
1567.256050310365,1567.256050310365,1.0118582,0.0024028036
1567.257439188206,1567.257439188206,1.01467,0.0024057738
1567.258828066279,1567.258828066279,1.0152369,0.0024051468
1567.26021694412,1567.26021694412,1.0163524,0.002406364
1567.2616058221938,1567.2616058221938,1.0140661,0.0024015356
1567.2629947000341,1567.2629947000341,1.0136764,0.0024012348
1567.2643835781073,1567.2643835781073,1.0127717,0.0024119876
1567.2657724559483,1567.2657724559483,1.0143355,0.002403525
1567.2671613337893,1567.2671613337893,1.0138019,0.0024027205
1567.2685502118625,1567.2685502118625,1.0127815,0.0024017317
1567.2699390897035,1567.2699390897035,1.0145926,0.0024047901
1567.2713279675443,1567.2713279675443,1.0122145,0.0024018213
1567.2727168456174,1567.2727168456174,1.013787,0.002402405
1567.2741057234578,1567.2741057234578,1.0134798,0.002401415
1567.2754946012988,1567.2754946012988,1.0139707,0.0024042025
1567.2768834793726,1567.2768834793726,1.0140649,0.0024026576
1567.2782723572136,1567.2782723572136,1.0157808,0.002405964
1567.2796612350546,1567.2796612350546,1.0167465,0.0024098905
1567.2810501128956,1567.2810501128956,1.0130578,0.0024012073
1567.2824389909695,1567.2824389909695,1.0159512,0.0024115543
1567.2838278688098,1567.2838278688098,1.0187397,0.0024048542
1567.2852167466506,1567.2852167466506,1.0161715,0.0024031645
1567.2866056244916,1567.2866056244916,1.0147183,0.0024027913
1567.287994502332,1567.287994502332,1.0144919,0.0024020756
1567.2893833801722,1567.2893833801722,1.0127716,0.0024001217
1567.2907722580132,1567.2907722580132,1.0184972,0.002404733
1567.2921611358543,1567.2921611358543,1.0187439,0.0024055813
1567.2935500136946,1567.2935500136946,1.0147388,0.0024136265
1567.294938891535,1567.294938891535,1.0171452,0.0024017044
1567.296327769376,1567.296327769376,1.0173217,0.0024124891
1567.2977166472167,1567.2977166472167,1.0169076,0.0024070158
1567.299105525057,1567.299105525057,1.0183687,0.0024069508
1567.300494402898,1567.300494402898,1.0164487,0.0024070044
1567.3018832807397,1567.3018832807397,1.0140584,0.0024024155
1567.3032721585807,1567.3032721585807,1.0138019,0.0024149034
1567.304661036421,1567.304661036421,1.0152967,0.0024036744
1567.306049914262,1567.306049914262,1.0156894,0.0024078572
1567.3074387918703,1567.3074387918703,1.0165857,0.0024041694
1567.3088276697106,1567.3088276697106,1.0177501,0.0024046197
1567.310216547551,1567.310216547551,1.0156634,0.0024015221
1567.3116054253917,1567.3116054253917,1.0163243,0.0024060023
1567.3129943032327,1567.3129943032327,1.0163134,0.0024044947
1567.3143831808402,1567.3143831808402,1.0168638,0.002403722
1567.3157720586812,1567.3157720586812,1.0136945,0.00240253
1567.3171609365222,1567.3171609365222,1.0164734,0.0024051764
1567.3185498141297,1567.3185498141297,1.0114605,0.0024152682
1567.31993869197,1567.31993869197,1.0161798,0.0024035133
1567.321327569811,1567.321327569811,1.0173368,0.0024072991
1567.3227164474192,1567.3227164474192,1.0211016,0.002406952
1567.3241053252602,1567.3241053252602,1.01577,0.0024134205
1567.3254942028682,1567.3254942028682,1.01766,0.0024068682
1567.3268830807092,1567.3268830807092,1.0187837,0.002407359
1567.3282719583174,1567.3282719583174,1.0173624,0.0024052733
1567.3296608361577,1567.3296608361577,1.0151986,0.0024047531
1567.3310497137659,1567.3310497137659,1.0145307,0.0024140421
1567.332438591607,1567.332438591607,1.0202559,0.002404074
1567.3338274692144,1567.3338274692144,1.0168109,0.0024061892
1567.3352163470547,1567.3352163470547,1.0170285,0.002404189
1567.336605224663,1567.336605224663,1.0161359,0.002403609
1567.337994102504,1567.337994102504,1.0128244,0.0024057687
1567.3393829801112,1567.3393829801112,1.0115213,0.0024040027
1567.3407718577187,1567.3407718577187,1.017549,0.0024095352
1567.3421607355597,1567.3421607355597,1.0130757,0.002409978
1567.3435496131679,1567.3435496131679,1.0168991,0.0024042
1567.3449384907753,1567.3449384907753,1.0145398,0.002401159
1567.3463273683835,1567.3463273683835,1.0139091,0.002402133
1567.3477162462252,1567.3477162462252,1.018673,0.0024017799
1567.3491051238334,1567.3491051238334,1.0151237,0.002403107
1567.350494001441,1567.350494001441,1.0150414,0.0024063063
1567.351882879049,1567.351882879049,1.0152335,0.0024024886
1567.353271756657,1567.353271756657,1.0144001,0.00240508
1567.3546606344973,1567.3546606344973,1.0152913,0.0024030444
1567.3560495121048,1567.3560495121048,1.018128,0.0024041778
1567.357438389713,1567.357438389713,1.0124261,0.0024019622
1567.3588272673212,1567.3588272673212,1.0144058,0.002400701
1567.3602161449287,1567.3602161449287,1.0127093,0.0024022546
1567.3616050225369,1567.3616050225369,1.0152953,0.002402932
1567.362993900145,1567.362993900145,1.0147723,0.002402302
1567.3643827777526,1567.3643827777526,1.0120841,0.0024026968
1567.36577165536,1567.36577165536,1.0112805,0.0024020104
1567.367160532968,1567.367160532968,1.0162041,0.0024043245
1567.3685494105762,1567.3685494105762,1.0103327,0.00240199
1567.3699382881837,1567.3699382881837,1.0133483,0.0024043364
1567.3713271657919,1567.3713271657919,1.012175,0.0024031103
1567.3727160431679,1567.3727160431679,1.0150719,0.0024047466
1567.374104920776,1567.374104920776,1.0142741,0.0024102982
1567.3754937983836,1567.3754937983836,1.010136,0.00240134
1567.3768826759917,1567.3768826759917,1.0131798,0.0024060602
1567.3782715536,1567.3782715536,1.0150207,0.0024045522
1567.3796604309744,1567.3796604309744,1.0139623,0.0024005796
1567.3810493085819,1567.3810493085819,1.0165294,0.002404578
1567.38243818619,1567.38243818619,1.0152745,0.002409102
1567.3838270637982,1567.3838270637982,1.0133951,0.0024056304
1567.3852159411729,1567.3852159411729,1.01009,0.0024025778
1567.386604818781,1567.386604818781,1.0113394,0.0024015612
1567.3879936963892,1567.3879936963892,1.0107661,0.0024007792
1567.389382573764,1567.389382573764,1.0162396,0.0024032218
1567.3907714513714,1567.3907714513714,1.0087006,0.002405862
1567.3921603287467,1567.3921603287467,1.0144911,0.0024012034
1567.393549206355,1567.393549206355,1.0142847,0.002402108
1567.39493808373,1567.39493808373,1.016477,0.0024032192
1567.3963269613382,1567.3963269613382,1.0101775,0.0024011838
1567.3977158389464,1567.3977158389464,1.0142543,0.0024025873
1567.3991047163217,1567.3991047163217,1.0157429,0.002402986
1567.4004935936964,1567.4004935936964,1.0114094,0.0024016001
1567.4018824713046,1567.4018824713046,1.0163713,0.0024142505
1567.40327134868,1567.40327134868,1.015796,0.002401575
1567.4046602262874,1567.4046602262874,1.0083889,0.0023995035
1567.4060491036619,1567.4060491036619,1.0164264,0.0024025666
1567.4074379810372,1567.4074379810372,1.0094388,0.0024027112
1567.4088268586454,1567.4088268586454,1.0146768,0.002407895
1567.41021573602,1567.41021573602,1.0127872,0.0024013862
1567.4116046133947,1567.4116046133947,1.0131838,0.002403746
1567.412993491003,1567.412993491003,1.0085396,0.0024000136
1567.4143823683783,1567.4143823683783,1.0134152,0.002402733
1567.415771245753,1567.415771245753,1.0123471,0.0024006322
1567.417160123129,1567.417160123129,1.0140102,0.0024005207
1567.418549000505,1567.418549000505,1.0105969,0.002401836
1567.4199378781125,1567.4199378781125,1.01445,0.002400069
1567.4213267554871,1567.4213267554871,1.014014,0.0024017165
1567.4227156328623,1567.4227156328623,1.0133693,0.0024015731
1567.4241045102376,1567.4241045102376,1.0136683,0.0024097066
1567.4254933876123,1567.4254933876123,1.0070717,0.0023994301
1567.426882264987,1567.426882264987,1.0129681,0.0024026919
1567.4282711423623,1567.4282711423623,1.0079502,0.0024057506
1567.4296600197376,1567.4296600197376,1.0118906,0.0024040528
1567.4310488971123,1567.4310488971123,1.0064281,0.002398925
1567.4324377744877,1567.4324377744877,1.0144032,0.002409156
1567.4338266518628,1567.4338266518628,1.0124911,0.0024068612
1567.4352155292374,1567.4352155292374,1.0102003,0.0024002513
1567.436604406612,1567.436604406612,1.0134544,0.002401579
1567.4379932839875,1567.4379932839875,1.0133299,0.0024042649
1567.4393821613628,1567.4393821613628,1.0114967,0.0024015612
1567.4407710385053,1567.4407710385053,1.0109547,0.0023984576
1567.4421599158807,1567.4421599158807,1.0123705,0.0023996525
1567.443548793256,1567.443548793256,1.0114846,0.0024016357
1567.4449376706314,1567.4449376706314,1.0118278,0.0024000602
1567.446326548006,1567.446326548006,1.0116258,0.0024015782
1567.4477154251483,1567.4477154251483,1.016101,0.0024018793
1567.4491043025237,1567.4491043025237,1.0102233,0.0024022642
1567.4504931798983,1567.4504931798983,1.0084946,0.002398934
1567.4518820570402,1567.4518820570402,1.0129918,0.002400413
1567.4532709344155,1567.4532709344155,1.0104178,0.0024031429
1567.4546598117909,1567.4546598117909,1.0118686,0.002400814
1567.4560486889327,1567.4560486889327,1.0086932,0.002409859
1567.4574375663074,1567.4574375663074,1.0109224,0.0024007997
1567.4588264434499,1567.4588264434499,1.008823,0.00239902
1567.4602153208252,1567.4602153208252,1.010599,0.002399962
1567.4616041979668,1567.4616041979668,1.0137904,0.002401483
1567.4629930753422,1567.4629930753422,1.0094048,0.0024003577
1567.4643819524854,1567.4643819524854,1.0126333,0.002403551
1567.4657708298607,1567.4657708298607,1.0110224,0.0024036209
1567.4671597070026,1567.4671597070026,1.0105649,0.0024021594
1567.468548584378,1567.468548584378,1.0118322,0.0024059417
1567.4699374615204,1567.4699374615204,1.0097889,0.002399113
1567.4713263386623,1567.4713263386623,1.0120151,0.0024018635
1567.472715216037,1567.472715216037,1.0075407,0.0023994322
1567.4741040931794,1567.4741040931794,1.010346,0.002401001
1567.475492970322,1567.475492970322,1.0114847,0.0024020951
1567.4768818476964,1567.4768818476964,1.0127484,0.0024011638
1567.478270724839,1567.478270724839,1.0119264,0.0024031168
1567.4796596019814,1567.4796596019814,1.0072438,0.002398555
1567.4810484791233,1567.4810484791233,1.010725,0.0024167576
1567.482437356498,1567.482437356498,1.012025,0.0024023645
1567.4838262336405,1567.4838262336405,1.0075934,0.0024077506
1567.485215110783,1567.485215110783,1.0141796,0.0024057226
1567.4866039879248,1567.4866039879248,1.0082194,0.0024046146
1567.4879928650673,1567.4879928650673,1.014548,0.0024021994
1567.4893817422105,1567.4893817422105,1.0104086,0.002409239
1567.4907706193528,1567.4907706193528,1.0119163,0.0024025666
1567.4921594964947,1567.4921594964947,1.0093656,0.0024015596
1567.4935483736372,1567.4935483736372,1.0101513,0.0024029796
1567.4949372507797,1567.4949372507797,1.0080421,0.002400164
1567.4963261279215,1567.4963261279215,1.0104296,0.0024030844
1567.4977150050634,1567.4977150050634,1.0119039,0.0024011852
1567.4991038822059,1567.4991038822059,1.0052406,0.0023998476
1567.5004927593484,1567.5004927593484,1.010137,0.0023983845
1567.5018816364902,1567.5018816364902,1.0091559,0.002401929
1567.5032705136325,1567.5032705136325,1.0105195,0.002400772
1567.504659390775,1567.504659390775,1.0100013,0.0024033186
1567.506048267684,1567.506048267684,1.0054833,0.0023997857
1567.5074371448259,1567.5074371448259,1.011513,0.0024053522
1567.5088260219684,1567.5088260219684,1.0133897,0.0024024877
1567.510214899111,1567.510214899111,1.0108912,0.0023997321
1567.5116037762534,1567.5116037762534,1.0072889,0.002408585
1567.512992653163,1567.512992653163,1.0112023,0.0024017831
1567.5143815303056,1567.5143815303056,1.007338,0.0024001284
1567.515770407448,1567.515770407448,1.0090833,0.0024022067
1567.517159284357,1567.517159284357,1.0100613,0.0023996765
1567.5185481614994,1567.5185481614994,1.0077653,0.0024017245
1567.5199370384091,1567.5199370384091,1.0086006,0.0024002378
1567.521325915551,1567.521325915551,1.0076165,0.0023998695
1567.5227147926928,1567.5227147926928,1.0063056,0.002398546
1567.5241036696025,1567.5241036696025,1.0084751,0.002401028
1567.525492546745,1567.525492546745,1.0075341,0.0023998087
1567.526881423654,1567.526881423654,1.0081301,0.0023984031
1567.5282703007958,1567.5282703007958,1.0053023,0.00240106
1567.5296591777053,1567.5296591777053,1.0037987,0.0023977952
1567.531048054615,1567.531048054615,1.0075727,0.0023999207
1567.5324369317568,1567.5324369317568,1.009013,0.0023980155
1567.5338258086665,1567.5338258086665,1.0080621,0.0023987351
1567.5352146858097,1567.5352146858097,1.0048864,0.0023963875
1567.5366035627194,1567.5366035627194,1.0088518,0.0024007105
1567.5379924396284,1567.5379924396284,1.0087492,0.002401343
1567.539381316538,1567.539381316538,1.0070736,0.0023987107
1567.5407701936806,1567.5407701936806,1.005624,0.0024022548
1567.5421590705896,1567.5421590705896,1.00751,0.0023999354
1567.5435479474984,1567.5435479474984,1.0068821,0.0024041266
1567.544936824408,1567.544936824408,1.0058552,0.0023980995
1567.5463257015506,1567.5463257015506,1.0081025,0.0024009899
1567.5477145784596,1567.5477145784596,1.0048362,0.0023967852
1567.5491034553693,1567.5491034553693,1.0046362,0.0023975968
1567.550492332279,1567.550492332279,1.0053797,0.0023972825
1567.551881209188,1567.551881209188,1.0061349,0.0023985791
1567.553270086097,1567.553270086097,1.0104053,0.0024016649
1567.5546589630067,1567.5546589630067,1.0109409,0.002405671
1567.5560478399163,1567.5560478399163,1.0058504,0.0023997282
1567.5574367168251,1567.5574367168251,1.0040151,0.0023986832
1567.5588255937348,1567.5588255937348,1.0031922,0.002399802
1567.5602144706452,1567.5602144706452,1.0046984,0.0023970066
1567.5616033475549,1567.5616033475549,1.0045505,0.0023971726
1567.5629922244639,1567.5629922244639,1.0052643,0.0023974453
1567.5643811013736,1567.5643811013736,1.005124,0.00240515
1567.5657699782832,1567.5657699782832,1.0044974,0.0023995806
1567.5671588549594,1567.5671588549594,1.0088234,0.0024068542
1567.5685477318684,1567.5685477318684,1.0020763,0.0023976148
1567.569936608778,1567.569936608778,1.0029855,0.002403528
1567.5713254856876,1567.5713254856876,1.0051343,0.0023954276
1567.5727143625966,1567.5727143625966,1.0010906,0.002395977
1567.5741032392727,1567.5741032392727,1.0067626,0.0023973791
1567.5754921161824,1567.5754921161824,1.0092397,0.002398742
1567.5768809930921,1567.5768809930921,1.0032194,0.0023975065
1567.5782698697683,1567.5782698697683,1.0049454,0.0024002625
1567.579658746678,1567.579658746678,1.0047626,0.0023971617
1567.5810476235877,1567.5810476235877,1.0050415,0.0023972166
1567.5824365002638,1567.5824365002638,1.0019723,0.0023972252
1567.5838253771733,1567.5838253771733,1.0050615,0.0023983442
1567.5852142538508,1567.5852142538508,1.0043466,0.0024002579
1567.5866031307605,1567.5866031307605,1.0006394,0.0023962678
1567.5879920074367,1567.5879920074367,1.0022095,0.0023981992
1567.5893808843457,1567.5893808843457,1.0011363,0.0023946397
1567.5907697610226,1567.5907697610226,1.0016735,0.0023960616
1567.5921586379322,1567.5921586379322,1.0006211,0.0023972888
1567.5935475146084,1567.5935475146084,1.0058308,0.0024058914
1567.5949363912853,1567.5949363912853,0.99934185,0.00239689
1567.596325268195,1567.596325268195,1.0017221,0.0023992413
1567.597714144871,1567.597714144871,1.0025512,0.0023987188
1567.599103021547,1567.599103021547,0.999657,0.0023997654
1567.6004918984568,1567.6004918984568,1.0024203,0.0023951158
1567.6018807751336,1567.6018807751336,1.0027648,0.0023965102
1567.6032696518098,1567.6032696518098,1.0034921,0.0023947277
1567.6046585284867,1567.6046585284867,1.0042391,0.002399963
1567.6060474051635,1567.6060474051635,0.99752516,0.0023949684
1567.6074362820732,1567.6074362820732,1.0001184,0.002397362
1567.60882515875,1567.60882515875,1.0022951,0.0023953856
1567.610214035427,1567.610214035427,1.0008343,0.0023967233
1567.6116029121038,1567.6116029121038,1.0027037,0.0024005873
1567.6129917887797,1567.6129917887797,1.0005792,0.0023975205
1567.6143806654559,1567.6143806654559,1.001724,0.0023960457
1567.6157695421327,1567.6157695421327,0.9998744,0.0023964834
1567.6171584188096,1567.6171584188096,1.0003489,0.0023953207
1567.6185472954858,1567.6185472954858,1.000453,0.002396852
1567.6199361721626,1567.6199361721626,0.9994095,0.002396821
1567.6213250488395,1567.6213250488395,1.0020039,0.0023981195
1567.6227139255157,1567.6227139255157,1.0006665,0.0023994884
1567.6241028021916,1567.6241028021916,0.9987779,0.0023971822
1567.6254916788685,1567.6254916788685,0.99903625,0.0023940424
1567.6268805555453,1567.6268805555453,0.9985112,0.0023957905
1567.6282694319887,1567.6282694319887,0.99852693,0.0023973898
1567.6296583086648,1567.6296583086648,1.0006707,0.0023964893
1567.6310471853424,1567.6310471853424,1.0031829,0.0023971475
1567.63243606202,1567.63243606202,0.99919677,0.002395235
1567.6338249384632,1567.6338249384632,1.0000386,0.002396421
1567.63521381514,1567.63521381514,1.0013669,0.002398707
1567.636602691817,1567.636602691817,1.0000985,0.0024020937
1567.6379915682603,1567.6379915682603,1.0007012,0.002395711
1567.6393804449365,1567.6393804449365,0.9973263,0.0023960394
1567.640769321613,1567.640769321613,0.9957593,0.0024074845
1567.6421581980571,1567.6421581980571,0.99869126,0.0023941258
1567.6435470747333,1567.6435470747333,0.9994097,0.0023955172
1567.6449359511766,1567.6449359511766,0.99750614,0.0023939235
1567.6463248278535,1567.6463248278535,1.0007547,0.0023962192
1567.6477137042975,1567.6477137042975,0.9989242,0.002405181
1567.6491025809737,1567.6491025809737,0.99697995,0.0024006157
1567.6504914574177,1567.6504914574177,0.9980306,0.0023957163
1567.6518803340944,1567.6518803340944,0.9989837,0.002393785
1567.6532692105377,1567.6532692105377,0.99901056,0.0023958993
1567.6546580869817,1567.6546580869817,0.997352,0.002395117
1567.6560469636593,1567.6560469636593,0.9956035,0.0023945235
1567.6574358401033,1567.6574358401033,0.99721545,0.0023959451
1567.6588247165466,1567.6588247165466,1.0000544,0.0023947053
1567.6602135932228,1567.6602135932228,0.9965028,0.002394951
1567.6616024696668,1567.6616024696668,0.9983362,0.0023945314
1567.6629913461109,1567.6629913461109,1.0091887,0.002400769
1567.6643802225542,1567.6643802225542,1.0016359,0.002399194
1567.665769099231,1567.665769099231,1.0007979,0.0023963577
1567.667157975675,1567.667157975675,0.9966242,0.0023940369
1567.6685468521182,1567.6685468521182,0.99860775,0.0023938008
1567.6699357285615,1567.6699357285615,0.99574596,0.0023951181
1567.6713246050056,1567.6713246050056,0.99741316,0.0023920785
1567.6727134814496,1567.6727134814496,0.99558544,0.0023951596
1567.674102357893,1567.674102357893,0.9993258,0.0023940152
1567.6754912343363,1567.6754912343363,0.9950712,0.002392187
1567.6768801107803,1567.6768801107803,0.9953261,0.0023971114
1567.6782689872243,1567.6782689872243,0.9975722,0.002396126
1567.6796578636684,1567.6796578636684,0.99607694,0.0023953472
1567.6810467401128,1567.6810467401128,0.99909663,0.0024019845
1567.6824356165569,1567.6824356165569,0.99619424,0.002392348
1567.6838244930002,1567.6838244930002,0.9976561,0.0023921195
1567.6852133694435,1567.6852133694435,0.99853843,0.0023965174
1567.6866022456547,1567.6866022456547,0.9946315,0.002393653
1567.6879911220988,1567.6879911220988,0.99262726,0.0023953135
1567.689379998542,1567.689379998542,0.99781924,0.002396137
1567.6907688749855,1567.6907688749855,0.9941894,0.0023968888
1567.6921577511966,1567.6921577511966,0.9963289,0.0023921877
1567.6935466276407,1567.6935466276407,0.9935601,0.0023950902
1567.6949355040838,1567.6949355040838,0.99611324,0.0023983542
1567.696324380295,1567.696324380295,0.9956815,0.002394606
1567.697713256739,1567.697713256739,0.9970585,0.002391546
1567.6991021331824,1567.6991021331824,0.9940696,0.0023940457
1567.7004910093929,1567.7004910093929,0.9982689,0.002393855
1567.701879885837,1567.701879885837,0.9971986,0.0023932597
1567.7032687620488,1567.7032687620488,0.9943138,0.0023901188
1567.7046576384928,1567.7046576384928,0.9923982,0.0023976075
1567.7060465147033,1567.7060465147033,0.9925468,0.002391255
1567.7074353911473,1567.7074353911473,0.994676,0.0023922198
1567.7088242673583,1567.7088242673583,0.9908373,0.0023914108
1567.7102131438016,1567.7102131438016,0.99094486,0.0023900352
1567.7116020200128,1567.7116020200128,0.993442,0.0023951118
1567.712990896224,1567.712990896224,0.9972766,0.002392277
1567.7143797726674,1567.7143797726674,0.993812,0.0023915847
1567.7157686488779,1567.7157686488779,0.9951693,0.0023935412
1567.717157525089,1567.717157525089,0.99415416,0.002400886
1567.718546401533,1567.718546401533,0.9941144,0.0023920608
1567.7199352777436,1567.7199352777436,0.9941584,0.002395211
1567.7213241539546,1567.7213241539546,0.9930337,0.0023915838
1567.7227130301658,1567.7227130301658,0.99356174,0.002403142
1567.7241019063763,1567.7241019063763,0.99371547,0.0023928685
1567.7254907825868,1567.7254907825868,0.99127334,0.0023906245
1567.7268796590315,1567.7268796590315,0.9917785,0.0023900808
1567.7282685352434,1567.7282685352434,0.99282545,0.0023957803
1567.729657411454,1567.729657411454,0.99266833,0.0023927311
1567.7310462876644,1567.7310462876644,0.99273854,0.002397917
1567.7324351638756,1567.7324351638756,0.99107295,0.002392796
1567.7338240400866,1567.7338240400866,0.992723,0.0023925786
1567.735212916297,1567.735212916297,0.99521387,0.0023940348
1567.7366017925083,1567.7366017925083,0.99427456,0.0024022434
1567.7379906687195,1567.7379906687195,0.9940615,0.0023957503
1567.7393795446972,1567.7393795446972,0.9894912,0.0023900815
1567.7407684209077,1567.7407684209077,0.99358267,0.0023924895
1567.7421572971189,1567.7421572971189,0.9925846,0.0023908732
1567.74354617333,1567.74354617333,0.9877965,0.0023896287
1567.7449350495406,1567.7449350495406,0.9974768,0.0023962166
1567.746323925751,1567.746323925751,0.99445903,0.0023942788
1567.7477128017292,1567.7477128017292,0.99361974,0.0023945842
1567.7491016779404,1567.7491016779404,0.9910839,0.002390207
1567.750490554151,1567.750490554151,0.9913004,0.0023926178
1567.75187943013,1567.75187943013,0.9915986,0.002389898
1567.7532683063419,1567.7532683063419,0.99124384,0.0023931537
1567.7546571825524,1567.7546571825524,0.99490905,0.0023930361
1567.75604605853,1567.75604605853,0.9929147,0.0023951128
1567.7574349347412,1567.7574349347412,0.9897327,0.002388696
1567.7588238107196,1567.7588238107196,0.99185944,0.002391313
1567.7602126869301,1567.7602126869301,0.98932886,0.0023884221
1567.7616015629076,1567.7616015629076,0.9885165,0.0023881241
1567.7629904391188,1567.7629904391188,0.98897743,0.002389597
1567.7643793150971,1567.7643793150971,0.9938092,0.0023964264
1567.7657681913076,1567.7657681913076,0.98671687,0.0023890338
1567.767157067286,1567.767157067286,0.98918307,0.0023882021
1567.7685459432644,1567.7685459432644,0.9882537,0.0023942995
1567.7699348194749,1567.7699348194749,0.99397427,0.0023901558
1567.7713236954526,1567.7713236954526,0.99027526,0.0023906708
1567.772712571431,1567.772712571431,0.9895609,0.002391093
1567.7741014476421,1567.7741014476421,0.99022305,0.0023957123
1567.7754903236203,1567.7754903236203,0.99018437,0.002387732
1567.7768791995986,1567.7768791995986,0.98985374,0.0023900743
1567.778268075577,1567.778268075577,0.98929316,0.0023871884
1567.7796569515554,1567.7796569515554,0.9914087,0.0023988732
1567.7810458277659,1567.7810458277659,0.98812205,0.002389158
1567.7824347037442,1567.7824347037442,0.99043626,0.0023908874
1567.7838235797226,1567.7838235797226,0.9888729,0.0023883963
1567.7852124557003,1567.7852124557003,0.99265766,0.002389122
1567.786601331678,1567.786601331678,0.9878658,0.0023917893
1567.7879902076563,1567.7879902076563,0.9907802,0.0023917311
1567.7893790836345,1567.7893790836345,0.98966503,0.0023906466
1567.7907679596121,1567.7907679596121,0.98638505,0.00239056
1567.7921568355898,1567.7921568355898,0.99272436,0.0023923283
1567.7935457115682,1567.7935457115682,0.99174404,0.0023905588
1567.7949345873137,1567.7949345873137,0.98687994,0.00239792
1567.7963234632914,1567.7963234632914,0.99012315,0.002389765
1567.7977123392698,1567.7977123392698,0.9894295,0.0023894699
1567.7991012152481,1567.7991012152481,0.98856646,0.0023908487
1567.8004900912265,1567.8004900912265,0.98792076,0.002393464
1567.8018789672049,1567.8018789672049,0.9848614,0.002389422
1567.8032678429502,1567.8032678429502,0.99189603,0.0023929144
1567.8046567189285,1567.8046567189285,0.9863766,0.002389043
1567.8060455949062,1567.8060455949062,0.98893714,0.0023888608
1567.807434470651,1567.807434470651,0.9878363,0.0023909993
1567.8088233466294,1567.8088233466294,0.9887793,0.0023987712
1567.810212222375,1567.810212222375,0.9905707,0.0023957905
1567.8116010983526,1567.8116010983526,0.9915837,0.002394842
1567.812989974331,1567.812989974331,0.9894796,0.0023887928
1567.8143788500765,1567.8143788500765,0.98652846,0.0023880224
1567.815767726054,1567.815767726054,0.98797333,0.0023882913
1567.8171566017988,1567.8171566017988,0.98765105,0.0023892066
1567.8185454777772,1567.8185454777772,0.98727727,0.0023940683
1567.8199343535227,1567.8199343535227,0.98554385,0.0023993135
1567.8213232292676,1567.8213232292676,0.98404056,0.0023888675
1567.8227121052453,1567.8227121052453,0.98979115,0.0023938834
1567.8241009809915,1567.8241009809915,0.99106055,0.0023905612
1567.8254898567377,1567.8254898567377,0.9853826,0.0023885262
1567.8268787327154,1567.8268787327154,0.9862301,0.0023863534
1567.828267608461,1567.828267608461,0.9872461,0.002408529
1567.8296564842065,1567.8296564842065,0.98826915,0.00238877
1567.831045359951,1567.831045359951,0.9815793,0.0023855744
1567.8324342359288,1567.8324342359288,0.98299503,0.0023892373
1567.8338231116743,1567.8338231116743,0.98591703,0.0023893726
1567.8352119874198,1567.8352119874198,0.9885451,0.0023874592
1567.8366008631647,1567.8366008631647,0.98601514,0.0023888277
1567.8379897389102,1567.8379897389102,0.9856211,0.002388855
1567.8393786146557,1567.8393786146557,0.98717356,0.0023896266
1567.8407674904006,1567.8407674904006,0.98758715,0.0023890797
1567.8421563661452,1567.8421563661452,0.986078,0.0023881018
1567.8435452418908,1567.8435452418908,0.9923119,0.0023915386
1567.8449341176363,1567.8449341176363,0.99834055,0.0023948436
1567.8463229933811,1567.8463229933811,0.99061984,0.0023889304
1567.847711869126,1567.847711869126,0.9888637,0.0023902748
1567.8491007448722,1567.8491007448722,0.9913332,0.002391531
1567.8504896206184,1567.8504896206184,0.986479,0.0023906901
1567.8518784961304,1567.8518784961304,0.98935515,0.0023991594
1567.853267371876,1567.853267371876,0.991371,0.0023913854
1567.8546562476215,1567.8546562476215,0.9898433,0.002393081
1567.8560451233664,1567.8560451233664,0.98965365,0.002389861
1567.8574339988784,1567.8574339988784,0.98639417,0.0023880017
1567.8588228746237,1567.8588228746237,0.9838595,0.002389882
1567.8602117503692,1567.8602117503692,0.9865606,0.0023877055
1567.8616006258812,1567.8616006258812,0.9843558,0.0023886592
1567.862989501626,1567.862989501626,0.98288906,0.0023847779
1567.8643783773716,1567.8643783773716,0.9847092,0.0023864405
1567.8657672528843,1567.8657672528843,0.98434025,0.0023875544
1567.8671561286292,1567.8671561286292,0.9869989,0.0023874177
1567.8685450041419,1567.8685450041419,0.98598963,0.002389947
1567.8699338798872,1567.8699338798872,0.9815671,0.002385138
1567.8713227553992,1567.8713227553992,0.9820536,0.0023949363
1567.8727116311447,1567.8727116311447,0.98541206,0.002390442
1567.8741005066581,1567.8741005066581,0.98371744,0.0023871025
1567.8754893821708,1567.8754893821708,0.983948,0.0023857912
1567.8768782579157,1567.8768782579157,0.9852125,0.0023880166
1567.8782671334277,1567.8782671334277,0.9842596,0.002384226
1567.8796560089404,1567.8796560089404,0.9862512,0.0023884333
1567.881044884686,1567.881044884686,0.98372877,0.0023866838
1567.882433760198,1567.882433760198,0.98136467,0.0023934974
1567.8838226357107,1567.8838226357107,0.9846128,0.0023864096
1567.8852115112234,1567.8852115112234,0.9839962,0.0023882685
1567.8866003867352,1567.8866003867352,0.9816148,0.0023911796
1567.88798926248,1567.88798926248,0.98276424,0.0023870072
1567.8893781379927,1567.8893781379927,0.9895074,0.0023912436
1567.8907670135054,1567.8907670135054,0.9848272,0.0023897984
1567.8921558890174,1567.8921558890174,0.9864009,0.0023940457
1567.8935447645295,1567.8935447645295,0.9832613,0.0023849595
1567.8949336400422,1567.8949336400422,0.98465204,0.0023881327
1567.8963225155549,1567.8963225155549,0.98459446,0.0023876932
1567.8977113910676,1567.8977113910676,0.98559266,0.0023878422
1567.8991002665807,1567.8991002665807,0.983095,0.0023854412
1567.9004891418606,1567.9004891418606,0.98087656,0.0023869062
1567.9018780173726,1567.9018780173726,0.98740685,0.0023916154
1567.9032668928846,1567.9032668928846,0.98496073,0.002390158
1567.9046557683973,1567.9046557683973,0.979779,0.0023835783
1567.90604464391,1567.90604464391,0.985782,0.0023933547
1567.907433519422,1567.907433519422,0.9842783,0.0023909765
1567.9088223947012,1567.9088223947012,0.98016953,0.0023942003
1567.910211270214,1567.910211270214,0.9827216,0.0023861148
1567.9116001457267,1567.9116001457267,0.9873845,0.0023889851
1567.9129890210056,1567.9129890210056,0.98388875,0.0023871737
1567.9143778965183,1567.9143778965183,0.9844617,0.0023887432
1567.9157667717982,1567.9157667717982,0.9816307,0.0023872508
1567.9171556473102,1567.9171556473102,0.98320806,0.0023905488
1567.9185445228222,1567.9185445228222,0.9812606,0.0023858848
1567.919933398102,1567.919933398102,0.9842963,0.0023885106
1567.9213222736148,1567.9213222736148,0.98004603,0.0023841865
1567.9227111488947,1567.9227111488947,0.983487,0.0023871881
1567.9241000241745,1567.9241000241745,0.9832168,0.0023944168
1567.9254888996873,1567.9254888996873,0.98077637,0.002391113
1567.926877774967,1567.926877774967,0.9827291,0.0023840768
1567.928266650479,1567.928266650479,0.9830442,0.0023838344
1567.9296555257588,1567.9296555257588,0.98432195,0.002386916
1567.9310444010387,1567.9310444010387,0.9842644,0.002397619
1567.9324332763179,1567.9324332763179,0.9827901,0.0023850778
1567.9338221518299,1567.9338221518299,0.98205155,0.0023851795
1567.9352110271097,1567.9352110271097,0.98301125,0.0023850598
1567.9365999023896,1567.9365999023896,0.9833219,0.0023932452
1567.9379887776688,1567.9379887776688,0.9810321,0.002393409
1567.9393776529485,1567.9393776529485,0.9846716,0.00238844
1567.9407665284612,1567.9407665284612,0.9821526,0.0023911933
1567.9421554037403,1567.9421554037403,0.98353046,0.0023903023
1567.9435442790195,1567.9435442790195,0.9859915,0.0023936243
1567.9449331542994,1567.9449331542994,0.9812182,0.0023837634
1567.9463220295793,1567.9463220295793,0.9813886,0.002385871
1567.9477109048592,1567.9477109048592,0.9841288,0.0023887942
1567.949099780139,1567.949099780139,0.9846385,0.002386743
1567.950488655186,1567.950488655186,0.9814676,0.0023875637
1567.951877530466,1567.951877530466,0.98173785,0.0023853015
1567.953266405745,1567.953266405745,0.9860147,0.0023874792
1567.9546552810248,1567.9546552810248,0.98042375,0.0023859304
1567.9560441563046,1567.9560441563046,0.9840651,0.0023853844
1567.9574330315838,1567.9574330315838,0.9841193,0.0023910897
1567.9588219066302,1567.9588219066302,0.98369914,0.0023840738
1567.96021078191,1567.96021078191,0.98436296,0.0023857323
1567.96159965719,1567.96159965719,0.9823541,0.0023918182
1567.9629885322363,1567.9629885322363,0.9824622,0.0023864545
1567.9643774075155,1567.9643774075155,0.98592204,0.002386411
1567.9657662827951,1567.9657662827951,0.9834932,0.0023874682
1567.9671551578422,1567.9671551578422,0.9830458,0.002385934
1567.9685440331214,1567.9685440331214,0.98102015,0.0023862878
1567.9699329081684,1567.9699329081684,0.9815605,0.0023895262
1567.971321783449,1567.971321783449,0.98373896,0.0023851036
1567.972710658496,1567.972710658496,0.9803972,0.0023848894
1567.9740995337752,1567.9740995337752,0.98136294,0.002385828
1567.9754884088222,1567.9754884088222,0.98268884,0.002385104
1567.9768772838693,1567.9768772838693,0.9853076,0.0023850487
1567.9782661591485,1567.9782661591485,0.9853609,0.002386018
1567.9796550341946,1567.9796550341946,0.985488,0.0023858908
1567.9810439092416,1567.9810439092416,0.98371285,0.0023857602
1567.9824327845215,1567.9824327845215,0.9832057,0.002388152
1567.9838216595679,1567.9838216595679,0.985014,0.0023879262
1567.985210534615,1567.985210534615,0.9858629,0.0023868491
1567.986599409662,1567.986599409662,0.9839357,0.0023883549
1567.9879882847083,1567.9879882847083,0.9839239,0.0023932387
1567.9893771599875,1567.9893771599875,0.98278517,0.002386856
1567.9907660350345,1567.9907660350345,0.98427254,0.0023875872
1567.9921549100816,1567.9921549100816,0.985244,0.0023849627
1567.993543785128,1567.993543785128,0.98147,0.002385309
1567.994932660174,1567.994932660174,0.980287,0.002386731
1567.9963215352218,1567.9963215352218,0.98132473,0.0023852843
1567.9977104102695,1567.9977104102695,0.9820446,0.0023840335
1567.9990992853159,1567.9990992853159,0.9827799,0.0023867767
1568.000488160363,1568.000488160363,0.9857771,0.0023974755
1568.0018770351771,1568.0018770351771,0.9838357,0.002388361
1568.0032659102235,1568.0032659102235,0.98342794,0.002385493
1568.0046547852698,1568.0046547852698,0.9804727,0.002383947
1568.006043660317,1568.006043660317,0.9838213,0.0023863553
1568.0074325353637,1568.0074325353637,0.9875621,0.0023886901
1568.0088214101772,1568.0088214101772,0.9819962,0.0023878932
1568.0102102852236,1568.0102102852236,0.9834911,0.0023921567
1568.0115991602706,1568.0115991602706,0.98363334,0.002388468
1568.0129880350848,1568.0129880350848,0.9818896,0.0023872114
1568.0143769101312,1568.0143769101312,0.9851752,0.0023918017
1568.0157657851782,1568.0157657851782,0.9811091,0.0023832084
1568.0171546599925,1568.0171546599925,0.9850899,0.0023869195
1568.0185435350388,1568.0185435350388,0.98413885,0.0023872238
1568.0199324098523,1568.0199324098523,0.98004764,0.0023876168
1568.0213212848998,1568.0213212848998,0.98364735,0.0023880154
1568.0227101597147,1568.0227101597147,0.98271775,0.002386681
1568.024099034761,1568.024099034761,0.98279655,0.0023857867
1568.0254879095746,1568.0254879095746,0.98353875,0.0023865523
1568.0268767843888,1568.0268767843888,0.98068535,0.0023836705
1568.0282656594359,1568.0282656594359,0.9860838,0.00239288
1568.0296545342494,1568.0296545342494,0.98396826,0.0023957777
1568.0310434090636,1568.0310434090636,0.99034667,0.002398528
1568.0324322841107,1568.0324322841107,0.98518944,0.002387512
1568.033821158924,1568.033821158924,0.98888355,0.0023925279
1568.0352100337375,1568.0352100337375,0.98384094,0.002390469
1568.0365989085517,1568.0365989085517,0.98600245,0.0023880901
1568.037987783366,1568.037987783366,0.98574555,0.0023880075
1568.0393766581794,1568.0393766581794,0.98630524,0.0023882636
1568.040765532993,1568.040765532993,0.9845762,0.0023887495
1568.0421544078072,1568.0421544078072,0.98481077,0.0023865418
1568.0435432828542,1568.0435432828542,0.9850944,0.0023869975
1568.0449321576677,1568.0449321576677,0.986638,0.002388792
1568.0463210322498,1568.0463210322498,0.9856776,0.0023880708
1568.0477099070647,1568.0477099070647,0.9832245,0.0023878028
1568.049098781878,1568.049098781878,0.98307514,0.0023839034
1568.0504876566915,1568.0504876566915,0.98431855,0.0023858617
1568.0518765315057,1568.0518765315057,0.9869129,0.0023865732
1568.05326540632,1568.05326540632,0.98583233,0.002387742
1568.0546542811335,1568.0546542811335,0.983985,0.0023959365
1568.0560431557149,1568.0560431557149,0.98524153,0.002388587
1568.057432030529,1568.057432030529,0.9828279,0.0023861404
1568.0588209053426,1568.0588209053426,0.9813319,0.0023868298
1568.0602097799233,1568.0602097799233,0.9850551,0.002387353
1568.0615986547375,1568.0615986547375,0.9835173,0.0023889812
1568.0629875295515,1568.0629875295515,0.9841548,0.0023854242
1568.0643764041322,1568.0643764041322,0.9851194,0.0023950061
1568.0657652789457,1568.0657652789457,0.98493403,0.0023978455
1568.067154153527,1568.067154153527,0.9841657,0.0023872866
1568.0685430283413,1568.0685430283413,0.9850137,0.0023879588
1568.069931902922,1568.069931902922,0.9884854,0.002389914
1568.071320777737,1568.071320777737,0.98519665,0.0023884026
1568.072709652319,1568.072709652319,0.981283,0.0023842605
1568.0740985271325,1568.0740985271325,0.98190564,0.0023859967
1568.0754874017132,1568.0754874017132,0.98768425,0.0023894622
1568.0768762762943,1568.0768762762943,0.98518264,0.0023888587
1568.0782651511086,1568.0782651511086,0.98758507,0.0023912792
1568.0796540256893,1568.0796540256893,0.9855964,0.0023901106
1568.08104290027,1568.08104290027,0.9870066,0.0023865434
1568.0824317748513,1568.0824317748513,0.98620003,0.0023874647
1568.0838206494327,1568.0838206494327,0.9875147,0.0023894105
1568.0852095242462,1568.0852095242462,0.9892701,0.0023884217
1568.0865983988276,1568.0865983988276,0.98423034,0.0023856037
1568.0879872734088,1568.0879872734088,0.9858625,0.0023868731
1568.0893761479895,1568.0893761479895,0.98762554,0.0023958234
1568.0907650225702,1568.0907650225702,0.98565173,0.002387656
1568.0921538971515,1568.0921538971515,0.9882101,0.0023900005
1568.093542771733,1568.093542771733,0.9893684,0.00239093
1568.0949316463136,1568.0949316463136,0.98750997,0.0023877241
1568.096320520895,1568.096320520895,0.9849509,0.0023890163
1568.097709395477,1568.097709395477,0.9882954,0.002389283
1568.0990982698256,1568.0990982698256,0.9830734,0.0023901518
1568.1004871444063,1568.1004871444063,0.9833571,0.002385828
1568.1018760189877,1568.1018760189877,0.98551553,0.0023883858
1568.103264893569,1568.103264893569,0.9873428,0.0023909668
1568.1046537681495,1568.1046537681495,0.98727465,0.0023893444
1568.1060426424974,1568.1060426424974,0.9916214,0.0023877278
1568.1074315170788,1568.1074315170788,0.9833999,0.0023870992
1568.1088203916602,1568.1088203916602,0.9865318,0.0023877143
1568.110209266008,1568.110209266008,0.9847971,0.0023865686
1568.1115981405887,1568.1115981405887,0.9871678,0.0023881376
1568.1129870149373,1568.1129870149373,0.989536,0.0023911123
1568.1143758895187,1568.1143758895187,0.99049807,0.0023893616
1568.1157647638663,1568.1157647638663,0.9901321,0.0023895414
1568.1171536384477,1568.1171536384477,0.989193,0.002391728
1568.1185425127962,1568.1185425127962,0.98531973,0.002399043
1568.119931387377,1568.119931387377,0.98687553,0.0023888543
1568.1213202617255,1568.1213202617255,0.9904645,0.002390254
1568.1227091363075,1568.1227091363075,0.98684424,0.0023856508
1568.124098010656,1568.124098010656,0.98681414,0.002388322
1568.125486885004,1568.125486885004,0.9865218,0.0023932378
1568.1268757593518,1568.1268757593518,0.9876176,0.0023903914
1568.1282646339332,1568.1282646339332,0.9896254,0.0023903663
1568.1296535082818,1568.1296535082818,0.98600566,0.0023889118
1568.1310423826294,1568.1310423826294,0.98649764,0.0023878207
1568.132431256978,1568.132431256978,0.9896263,0.0023918082
1568.1338201313265,1568.1338201313265,0.9871028,0.002386306
1568.1352090056744,1568.1352090056744,0.9893241,0.0023936501
1568.1365978800222,1568.1365978800222,0.991452,0.0023917768
1568.1379867543708,1568.1379867543708,0.9880847,0.0023897064
1568.1393756287193,1568.1393756287193,0.9899119,0.0023880503
1568.1421533774148,1568.1421533774148,0.9920634,0.002401686
1568.1435422517634,1568.1435422517634,0.9918113,0.002389004
1568.144931126112,1568.144931126112,0.987535,0.002387603
1568.1463200004605,1568.1463200004605,0.9889319,0.0023882645
1568.1477088748097,1568.1477088748097,0.9887105,0.0023983764
1568.1490977491583,1568.1490977491583,0.99168926,0.002394713
1568.1504866232733,1568.1504866232733,0.98769695,0.0023885053
1568.1518754976212,1568.1518754976212,0.99048585,0.0023907453
1568.1532643719697,1568.1532643719697,0.9925789,0.002390406
1568.1546532460854,1568.1546532460854,0.99150777,0.0023880557
1568.1560421204333,1568.1560421204333,0.9886769,0.0023898187
1568.157430994781,1568.157430994781,0.9943775,0.002393174
1568.1588198688967,1568.1588198688967,0.9908369,0.002393731
1568.1602087432452,1568.1602087432452,0.98895866,0.0023883423
1568.1615976173603,1568.1615976173603,0.98940605,0.0023889479
1568.1629864917088,1568.1629864917088,1.0119092,0.0024002427
1568.1643753658245,1568.1643753658245,1.0226473,0.002404724
1568.1657642401724,1568.1657642401724,1.0133308,0.0024019808
1568.1671531142874,1568.1671531142874,1.0074729,0.0023993496
1568.1685419884031,1568.1685419884031,1.003519,0.0023961505
1568.1699308627515,1568.1699308627515,0.9955501,0.0023920606
1568.1713197368672,1568.1713197368672,0.99346524,0.0023921428
1568.1727086109836,1568.1727086109836,0.99311024,0.0023921973
1568.1740974853321,1568.1740974853321,0.9965074,0.0023919938
1568.1754863594472,1568.1754863594472,0.99676424,0.0023935782
1568.1768752335622,1568.1768752335622,0.9928607,0.0023916233
1568.178264107678,1568.178264107678,0.9960568,0.0023922059
1568.1796529817937,1568.1796529817937,0.9886843,0.0023902422
1568.1810418559087,1568.1810418559087,0.99529946,0.0023900052
1568.1824307300237,1568.1824307300237,0.99394894,0.002395121
1568.1838196041392,1568.1838196041392,0.995161,0.0023941256
1568.185208478255,1568.185208478255,0.99057496,0.0023898392
1568.18659735237,1568.18659735237,0.9938938,0.0023894687
1568.1879862264857,1568.1879862264857,0.9937865,0.00239322
1568.1893751006014,1568.1893751006014,0.9955068,0.0023906466
1568.1907639747164,1568.1907639747164,0.99677074,0.002392018
1568.1921528488315,1568.1921528488315,0.9954964,0.0023968287
1568.1935417229472,1568.1935417229472,0.991662,0.0023891656
1568.194930597063,1568.194930597063,0.99060464,0.0023884817
1568.196319470945,1568.196319470945,0.9951735,0.0023930103
1568.1977083450606,1568.1977083450606,0.9951423,0.0023903444
1568.199097219177,1568.199097219177,0.9971386,0.0023909518
1568.20048609306,1568.20048609306,0.9907572,0.002398611
1568.201874967175,1568.201874967175,0.99596477,0.0023923733
1568.2032638412907,1568.2032638412907,0.9936892,0.0024042248
1568.2046527151736,1568.2046527151736,0.99424374,0.0023919055
1568.2060415892886,1568.2060415892886,0.992917,0.0023892883
1568.2074304631708,1568.2074304631708,0.99609697,0.0023987237
1568.2088193372865,1568.2088193372865,0.9906056,0.0023906427
1568.2102082111694,1568.2102082111694,0.9961511,0.0023911546
1568.2115970852844,1568.2115970852844,0.9941565,0.002399797
1568.2129859591664,1568.2129859591664,0.9961206,0.0023913332
1568.2143748330493,1568.2143748330493,0.9975777,0.0023935724
1568.215763707165,1568.215763707165,0.99033684,0.0023872214
1568.2171525810472,1568.2171525810472,0.9978908,0.0023931097
1568.2185414549301,1568.2185414549301,0.99566394,0.00239617
1568.2199303290458,1568.2199303290458,0.9945969,0.002391765
1568.221319202928,1568.221319202928,0.9974219,0.0023917179
1568.222708076811,1568.222708076811,0.9963066,0.0023953195
1568.2240969506945,1568.2240969506945,0.9961401,0.0023914173
1568.2254858245772,1568.2254858245772,1.0011127,0.002393575
1568.2268746984594,1568.2268746984594,0.99551785,0.0023909837
1568.2282635723416,1568.2282635723416,0.9979639,0.0023943111
1568.2296524462245,1568.2296524462245,0.9935366,0.0023916403
1568.2310413201074,1568.2310413201074,0.99622256,0.002391091
1568.2324301939896,1568.2324301939896,1.0007261,0.0023954937
1568.2338190678724,1568.2338190678724,0.9957882,0.0023911956
1568.2352079417553,1568.2352079417553,0.9967203,0.002392475
1568.2365968156375,1568.2365968156375,0.9985329,0.0023952234
1568.2379856895197,1568.2379856895197,0.99845433,0.0024017256
1568.2393745634024,1568.2393745634024,0.99654573,0.0023908075
1568.2407634370525,1568.2407634370525,0.999685,0.0024026856
1568.2421523109347,1568.2421523109347,1.0013307,0.0023989736
1568.2435411848169,1568.2435411848169,1.0014718,0.0023966082
1568.2449300586998,1568.2449300586998,0.9983835,0.002392957
1568.2463189323498,1568.2463189323498,0.996495,0.0023919868
1568.2477078062327,1568.2477078062327,0.9961789,0.0023905102
1568.2490966798835,1568.2490966798835,0.99874425,0.0023929875
1568.2504855537663,1568.2504855537663,0.9957735,0.0023952874
1568.2518744276483,1568.2518744276483,0.99835896,0.0023945123
1568.2532633012977,1568.2532633012977,0.9965765,0.0023947894
1568.2546521751806,1568.2546521751806,0.9981749,0.0023959777
1568.2560410488306,1568.2560410488306,0.9968279,0.0023996995
1568.25742992248,1568.25742992248,1.0009828,0.0023973614
1568.2588187963622,1568.2588187963622,0.99741834,0.0023933495
1568.2602076700123,1568.2602076700123,0.99919355,0.0023974061
1568.2615965436623,1568.2615965436623,1.0002631,0.0023952154
1568.2629854175445,1568.2629854175445,1.0019383,0.0024016898
1568.2643742911946,1568.2643742911946,0.9998617,0.00240131
1568.2657631648447,1568.2657631648447,1.0019512,0.0024044842
1568.2671520384938,1568.2671520384938,0.99930614,0.0023940366
1568.268540912376,1568.268540912376,1.0001848,0.0023953302
1568.269929786026,1568.269929786026,0.99544114,0.0023924038
1568.2713186596761,1568.2713186596761,1.0058646,0.0023958064
1568.2727075333255,1568.2727075333255,0.9966356,0.0023901649
1568.2740964069762,1568.2740964069762,1.0001181,0.0023934604
1568.275485280627,1568.275485280627,0.9973526,0.0023937526
1568.2768741542764,1568.2768741542764,1.0014137,0.0023975323
1568.2782630279257,1568.2782630279257,0.9977054,0.002392691
1568.2796519015758,1568.2796519015758,1.0035993,0.0024062952
1568.2810407752256,1568.2810407752256,1.0011652,0.0023995806
1568.282429648875,1568.282429648875,0.9999039,0.002395298
1568.2838185222915,1568.2838185222915,1.0001457,0.0023936203
1568.2852073959416,1568.2852073959416,0.998338,0.0023928967
1568.2865962695917,1568.2865962695917,1.0015835,0.0024021722
1568.287985143241,1568.287985143241,1.0002714,0.0023933633
1568.2893740166583,1568.2893740166583,1.0004516,0.002393407
1568.2907628903083,1568.2907628903083,1.0008177,0.0023969589
1568.2921517639577,1568.2921517639577,1.0027741,0.0023964285
1568.293540637374,1568.293540637374,0.99944776,0.0023934857
1568.294929511024,1568.294929511024,1.0009336,0.0023938755
1568.2963183844413,1568.2963183844413,1.0026894,0.00239629
1568.2977072580907,1568.2977072580907,1.0000689,0.0023945044
1568.299096131508,1568.299096131508,1.0026757,0.0023949724
1568.3004850051586,1568.3004850051586,0.99932104,0.0023942685
1568.3018738785759,1568.3018738785759,1.0015045,0.0023967905
1568.3032627522252,1568.3032627522252,0.9993222,0.0023945754
1568.3046516256425,1568.3046516256425,1.0003345,0.0023995147
1568.3060404990595,1568.3060404990595,0.99929047,0.002396007
1568.3074293727088,1568.3074293727088,1.0040997,0.0023989377
1568.3088182461254,1568.3088182461254,1.0021709,0.0023955526
1568.3102071195426,1568.3102071195426,0.99912703,0.0023972497
1568.3115959929598,1568.3115959929598,1.003954,0.0024004788
1568.3129848666092,1568.3129848666092,1.0022305,0.0024033792
1568.3143737400258,1568.3143737400258,1.0027319,0.0023924434
1568.315762613443,1568.315762613443,1.0018064,0.0023951852
1568.3171514868602,1568.3171514868602,1.0034039,0.0023969556
1568.3185403602768,1568.3185403602768,1.0056782,0.0023954364
1568.3199292336938,1568.3199292336938,0.99989235,0.0023978904
1568.321318107111,1568.321318107111,1.0021219,0.0024020579
1568.3227069805275,1568.3227069805275,1.0036812,0.002397436
1568.324095853944,1568.324095853944,1.0073746,0.0023973987
1568.325484727362,1568.325484727362,1.0040187,0.0023962576
1568.32687360078,1568.32687360078,1.0034319,0.0023960164
1568.3282624741964,1568.3282624741964,1.0039713,0.0024046185
1568.3296513473801,1568.3296513473801,1.0055454,0.002396814
1568.3310402207974,1568.3310402207974,1.0103974,0.0024016134
1568.3324290942146,1568.3324290942146,1.0108409,0.0024000236
1568.333817967631,1568.333817967631,1.0045246,0.0023972138
1568.3352068408153,1568.3352068408153,1.0047797,0.0023978355
1568.3365957142325,1568.3365957142325,1.0035326,0.002399113
1568.337984587649,1568.337984587649,1.0075147,0.0024053017
1568.3393734608328,1568.3393734608328,1.0075848,0.0023999037
1568.34076233425,1568.34076233425,1.0089827,0.0024016497
1568.3421512074344,1568.3421512074344,1.0051035,0.0024006183
1568.343540080851,1568.343540080851,1.0070142,0.0023987822
1568.3449289540347,1568.3449289540347,1.0078639,0.002397035
1568.3463178274517,1568.3463178274517,1.0043592,0.0023974222
1568.347706700636,1568.347706700636,1.0041772,0.002395458
1568.3490955740526,1568.3490955740526,1.0060174,0.002406915
1568.3504844472377,1568.3504844472377,1.0069171,0.0023976262
1568.3518733204228,1568.3518733204228,1.0066037,0.0023967011
1568.3532621936065,1568.3532621936065,1.0074736,0.0023957777
1568.354651067023,1568.354651067023,1.0075046,0.002398446
1568.3560399402074,1568.3560399402074,1.0068011,0.0023990704
1568.3574288133918,1568.3574288133918,1.0043639,0.0023961365
1568.3588176865755,1568.3588176865755,1.0061088,0.0023957402
1568.360206559759,1568.360206559759,1.0071217,0.002398582
1568.3615954331763,1568.3615954331763,1.0088986,0.0024000048
1568.3629843063607,1568.3629843063607,1.007622,0.0024010232
1568.3643731795444,1568.3643731795444,1.0082974,0.0023992353
1568.3657620527288,1568.3657620527288,1.0039072,0.0023961735
1568.3671509259132,1568.3671509259132,1.0092437,0.002400059
1568.3685397990969,1568.3685397990969,1.0085192,0.0023979743
1568.3699286722806,1568.3699286722806,1.0094781,0.0024001114
1568.3713175452322,1568.3713175452322,1.0045859,0.0023964338
1568.3727064184166,1568.3727064184166,1.0054005,0.0024001705
1568.3740952916003,1568.3740952916003,1.0075353,0.0024041578
1568.3754841647838,1568.3754841647838,1.0052484,0.0023957577
1568.3768730379688,1568.3768730379688,1.0060923,0.0023969086
1568.378261910921,1568.378261910921,1.00645,0.002400501
1568.3796507841048,1568.3796507841048,1.0077579,0.002395937
1568.3810396572892,1568.3810396572892,1.0071757,0.0023972879
1568.3824285302408,1568.3824285302408,1.0091047,0.0023991114
1568.3838174034245,1568.3838174034245,1.0092493,0.002400534
1568.3852062766082,1568.3852062766082,1.0084155,0.0023986183
1568.3865951495598,1568.3865951495598,1.0087956,0.0024065531
1568.387984022744,1568.387984022744,1.0076284,0.0024005445
1568.3893728956948,1568.3893728956948,1.0097504,0.0023988131
1568.3907617688792,1568.3907617688792,1.0061957,0.002398288
1568.3921506418308,1568.3921506418308,1.0088222,0.0023987968
1568.3935395147817,1568.3935395147817,1.0074948,0.0024066584
1568.3949283879654,1568.3949283879654,1.0101587,0.0024002497
1568.396317260917,1568.396317260917,1.0088173,0.0023983596
1568.3977061338685,1568.3977061338685,1.0122218,0.0023996322
1568.3990950070522,1568.3990950070522,1.0065992,0.0023992537
1568.400483880003,1568.400483880003,1.012627,0.0024030877
1568.4018727529551,1568.4018727529551,1.006939,0.0023975566
1568.4032616259074,1568.4032616259074,1.0107994,0.0023980015
1568.404650499091,1568.404650499091,1.014455,0.0024008558
1568.4060393720426,1568.4060393720426,1.0101123,0.002402075
1568.4074282449942,1568.4074282449942,1.0088135,0.0023984252
1568.408817117945,1568.408817117945,1.008785,0.0023990485
1568.410205990896,1568.410205990896,1.0131272,0.0024004546
1568.4115948638475,1568.4115948638475,1.0138205,0.0024067385
1568.412983736799,1568.412983736799,1.0095507,0.0024027042
1568.4143726097498,1568.4143726097498,1.0099756,0.0023984
1568.4157614827006,1568.4157614827006,1.0124022,0.002398025
1568.4171503556522,1568.4171503556522,1.0117736,0.002402476
1568.418539228371,1568.418539228371,1.0139114,0.002399415
1568.4199281013218,1568.4199281013218,1.0088897,0.0023997452
1568.4213169742734,1568.4213169742734,1.0137758,0.0024006444
1568.422705847225,1568.422705847225,1.0158167,0.0024015114
1568.4240947201758,1568.4240947201758,1.0101761,0.002401573
1568.425483592894,1568.425483592894,1.007025,0.002396883
1568.4268724658455,1568.4268724658455,1.0138283,0.0024010479
1568.4282613387977,1568.4282613387977,1.011435,0.002401024
1568.4296502115164,1568.4296502115164,1.012913,0.0024018276
1568.431039084467,1568.431039084467,1.0145066,0.002401369
1568.4324279571858,1568.4324279571858,1.0130452,0.0024040875
1568.4338168301374,1568.4338168301374,1.0114862,0.0024091527
1568.4352057028555,1568.4352057028555,1.0133445,0.0024014448
1568.436594575807,1568.436594575807,1.0116742,0.0023993556
1568.4379834485258,1568.4379834485258,1.0093883,0.002399954
1568.4393723214766,1568.4393723214766,1.0108037,0.0023999105
1568.4407611941947,1568.4407611941947,1.011592,0.0024030765
1568.4421500669134,1568.4421500669134,1.0105574,0.0023989917
1568.4435389398648,1568.4435389398648,1.0126776,0.0024025224
1568.4449278125828,1568.4449278125828,1.0110883,0.0024056311
1568.4463166853009,1568.4463166853009,1.0128947,0.0024092966
1568.4477055582524,1568.4477055582524,1.0116898,0.0024004302
1568.4490944309712,1568.4490944309712,1.0093516,0.0024040716
1568.4504833036892,1568.4504833036892,1.0114512,0.0024013002
1568.451872176408,1568.451872176408,1.0105605,0.0023993219
1568.4532610491267,1568.4532610491267,1.0112857,0.0024037054
1568.4546499218454,1568.4546499218454,1.0136169,0.0024006087
1568.4560387945642,1568.4560387945642,1.0070857,0.00239878
1568.4574276672827,1568.4574276672827,1.0109739,0.0024059904
1568.4588165400014,1568.4588165400014,1.014346,0.0024008714
1568.4602054127195,1568.4602054127195,1.030782,0.0024136272
1568.4615942854375,1568.4615942854375,1.0336376,0.0024118067
1568.4629831581562,1568.4629831581562,1.0255247,0.0024101958
1568.464372030875,1568.464372030875,1.0258714,0.0024191544
1568.465760903593,1568.465760903593,1.0174483,0.0024040185
1568.4671497763118,1568.4671497763118,1.0184786,0.0024044276
1568.4685386487977,1568.4685386487977,1.0125997,0.0024009713
1568.4699275215155,1568.4699275215155,1.0155057,0.0024137842
1568.4713163942336,1568.4713163942336,1.0164351,0.0024045352
1568.4727052669523,1568.4727052669523,1.0133848,0.0024050327
1568.4740941394382,1568.4740941394382,1.0132401,0.0024060642
1568.4754830121562,1568.4754830121562,1.0099598,0.0024027932
1568.4768718848743,1568.4768718848743,1.0105876,0.0024019473
1569.4393605692326,1569.4393605692326,,
1569.4407494454204,1569.4407494454204,,
1569.4421383213753,1569.4421383213753,,
1569.4435271975644,1569.4435271975644,,
1569.4449160737536,1569.4449160737536,,
1569.4463049499414,1569.4463049499414,,
1569.447693825896,1569.447693825896,,
1569.4490827020845,1569.4490827020845,,
1569.4504715782723,1569.4504715782723,,
1569.45186045446,1569.45186045446,,
1569.4532493306483,1569.4532493306483,,
1569.4546382068365,1569.4546382068365,,
1569.4560270832571,1569.4560270832571,,
1569.457415959445,1569.457415959445,,
1569.4588048356334,1569.4588048356334,,
1569.4601937118218,1569.4601937118218,,
1569.4615825882424,1569.4615825882424,,
1569.4629714644302,1569.4629714644302,,
1569.4643603408513,1569.4643603408513,,
1569.4657492170397,1569.4657492170397,,
1569.46713809346,1569.46713809346,,
1569.4685269698807,1569.4685269698807,,
1569.4699158460694,1569.4699158460694,,
1569.4713047224898,1569.4713047224898,,
1569.472693598911,1569.472693598911,,
1569.474082475333,1569.474082475333,,
1569.475471351754,1569.475471351754,,
1569.4768602281747,1569.4768602281747,,
1569.4782491045953,1569.4782491045953,,
1569.4796379810164,1569.4796379810164,,
1569.4810268574379,1569.4810268574379,,
1569.4824157340913,1569.4824157340913,,
1569.4838046105117,1569.4838046105117,,
1569.485193486933,1569.485193486933,,
1569.4865823635864,1569.4865823635864,,
1569.487971240007,1569.487971240007,,
1569.489360116661,1569.489360116661,,
1569.490748993082,1569.490748993082,,
1569.4921378697354,1569.4921378697354,,
1569.4935267463889,1569.4935267463889,,
1569.4949156228101,1569.4949156228101,,
1569.4963044994643,1569.4963044994643,,
1569.4976933761177,1569.4976933761177,,
1569.4990822527711,1569.4990822527711,,
1569.500471129425,1569.500471129425,,
1569.5018600060798,1569.5018600060798,,
1569.5032488827337,1569.5032488827337,,
1569.5046377593872,1569.5046377593872,,
1569.5060266360415,1569.5060266360415,,
1569.5074155126947,1569.5074155126947,,
1569.5088043895807,1569.5088043895807,,
1569.510193266235,1569.510193266235,,
1569.511582142889,1569.511582142889,,
1569.5129710197753,1569.5129710197753,,
1569.5143598964287,1569.5143598964287,,
1569.5157487733154,1569.5157487733154,,
1569.5171376502026,1569.5171376502026,,
1569.518526526856,1569.518526526856,,
1569.519915403742,1569.519915403742,,
1569.521304280629,1569.521304280629,,
1569.522693157283,1569.522693157283,,
1569.5240820341692,1569.5240820341692,,
1569.5254709110554,1569.5254709110554,,
1569.5268597879422,1569.5268597879422,,
1569.5282486648284,1569.5282486648284,,
1569.5296375417147,1569.5296375417147,,
1569.5310264186023,1569.5310264186023,,
1569.5324152957228,1569.5324152957228,,
1569.533804172609,1569.533804172609,,
1569.5351930494953,1569.5351930494953,,
1569.536581926382,1569.536581926382,,
1569.5379708035018,1569.5379708035018,,
1569.5393596803879,1569.5393596803879,,
1569.540748557507,1569.540748557507,,
1569.5421374343941,1569.5421374343941,,
1569.543526311513,1569.543526311513,,
1569.5449151886319,1569.5449151886319,,
1569.546304065519,1569.546304065519,,
1569.5476929426386,1569.5476929426386,,
1569.5490818197577,1569.5490818197577,,
1569.5504706968768,1569.5504706968768,,
1569.5518595739964,1569.5518595739964,,
1569.5532484508835,1569.5532484508835,,
1569.5546373280026,1569.5546373280026,,
1569.5560262053543,1569.5560262053543,,
1569.557415082474,1569.557415082474,,
1569.5588039595937,1569.5588039595937,,
1569.5601928367128,1569.5601928367128,,
1569.5615817138325,1569.5615817138325,,
1569.5629705911856,1569.5629705911856,,
1569.5643594683047,1569.5643594683047,,
1569.5657483454238,1569.5657483454238,,
1569.5671372227766,1569.5671372227766,,
1569.5685260998962,1569.5685260998962,,
1569.5699149772481,1569.5699149772481,,
1569.5713038543672,1569.5713038543672,,
1569.5726927317196,1569.5726927317196,,
1569.5740816090722,1569.5740816090722,,
1569.575470486191,1569.575470486191,,
1569.576859363543,1569.576859363543,,
1569.5782482408958,1569.5782482408958,,
1569.5796371182475,1569.5796371182475,,
1569.5810259955992,1569.5810259955992,,
1569.582414872952,1569.582414872952,,
1569.5838037503045,1569.5838037503045,,
1569.5851926276564,1569.5851926276564,,
1569.5865815050083,1569.5865815050083,,
1569.5879703823607,1569.5879703823607,,
1569.5893592597135,1569.5893592597135,,
1569.5907481372988,1569.5907481372988,,
1569.5921370146514,1569.5921370146514,,
1569.593525892004,1569.593525892004,,
1569.5949147695892,1569.5949147695892,,
1569.5963036469411,1569.5963036469411,,
1569.5976925245259,1569.5976925245259,,
1569.5990814018783,1569.5990814018783,,
1569.600470279463,1569.600470279463,,
1569.601859156815,1569.601859156815,,
1569.6032480344006,1569.6032480344006,,
1569.6046369119858,1569.6046369119858,,
1569.6060257895706,1569.6060257895706,,
1569.6074146669225,1569.6074146669225,,
1569.6088035445077,1569.6088035445077,,
1569.6101924220932,1569.6101924220932,,
1569.6115812996777,1569.6115812996777,,
1569.6129701772625,1569.6129701772625,,
1569.6143590548481,1569.6143590548481,,
1569.6157479324327,1569.6157479324327,,
1569.61713681025,1569.61713681025,,
1569.6185256878357,1569.6185256878357,,
1569.6199145654218,1569.6199145654218,,
1569.621303443007,1569.621303443007,,
1569.6226923208246,1569.6226923208246,,
1569.6240811984098,1569.6240811984098,,
1569.6254700759955,1569.6254700759955,,
1569.626858953813,1569.626858953813,,
1569.6282478313976,1569.6282478313976,,
1569.629636709216,1569.629636709216,,
1569.6310255868011,1569.6310255868011,,
1569.6324144646187,1569.6324144646187,,
1569.6338033424363,1569.6338033424363,,
1569.6351922200215,1569.6351922200215,,
1569.636581097839,1569.636581097839,,
1569.6379699756567,1569.6379699756567,,
1569.6393588534752,1569.6393588534752,,
1569.6407477312932,1569.6407477312932,,
1569.6421366091108,1569.6421366091108,,
1569.6435254869284,1569.6435254869284,,
1569.6449143647465,1569.6449143647465,,
1569.6463032425647,1569.6463032425647,,
1569.647692120382,1569.647692120382,,
1569.6490809981997,1569.6490809981997,,
1569.6504698760186,1569.6504698760186,,
1569.6518587538376,1569.6518587538376,,
1569.653247631888,1569.653247631888,,
1569.6546365097056,1569.6546365097056,,
1569.6560253875236,1569.6560253875236,,
1569.657414265574,1569.657414265574,,
1569.6588031433917,1569.6588031433917,,
1569.6601920214425,1569.6601920214425,,
1569.661580899261,1569.661580899261,,
1569.6629697773114,1569.6629697773114,,
1569.6643586553616,1569.6643586553616,,
1569.66574753318,1569.66574753318,,
1569.6671364112308,1569.6671364112308,,
1569.6685252892812,1569.6685252892812,,
1569.6699141670988,1569.6699141670988,,
1569.6713030451497,1569.6713030451497,,
1569.6726919232,1569.6726919232,,
1569.6740808012505,1569.6740808012505,,
1569.6754696793018,1569.6754696793018,,
1569.6768585573527,1569.6768585573527,,
1569.6782474354031,1569.6782474354031,,
1569.679636313454,1569.679636313454,,
1569.6810251915058,1569.6810251915058,,
1569.682414069557,1569.682414069557,,
1569.683802947607,1569.683802947607,,
1569.6851918258903,1569.6851918258903,,
1569.6865807039417,1569.6865807039417,,
1569.6879695819925,1569.6879695819925,,
1569.6893584602758,1569.6893584602758,,
1569.6907473383262,1569.6907473383262,,
1569.692136216377,1569.692136216377,,
1569.6935250946603,1569.6935250946603,,
1569.6949139727108,1569.6949139727108,,
1569.6963028509945,1569.6963028509945,,
1569.6976917292786,1569.6976917292786,,
1569.699080607329,1569.699080607329,,
1569.700469485612,1569.700469485612,,
1569.701858363896,1569.701858363896,,
1569.7032472419469,1569.7032472419469,,
1569.7046361202301,1569.7046361202301,,
1569.7060249985134,1569.7060249985134,,
1569.707413876797,1569.707413876797,,
1569.7088027550803,1569.7088027550803,,
1569.7101916333645,1569.7101916333645,,
1569.7115805116491,1569.7115805116491,,
1569.7129693899328,1569.7129693899328,,
1569.714358268216,1569.714358268216,,
1569.7157471464993,1569.7157471464993,,
1569.717136024783,1569.717136024783,,
1569.718524903067,1569.718524903067,,
1569.71991378135,1569.71991378135,,
1569.7213026596332,1569.7213026596332,,
1569.7226915381502,1569.7226915381502,,
1569.724080416434,1569.724080416434,,
1569.7254692947172,1569.7254692947172,,
1569.7268581732333,1569.7268581732333,,
1569.728247051517,1569.728247051517,,
1569.729635930033,1569.729635930033,,
1569.7310248083163,1569.7310248083163,,
1569.7324136868328,1569.7324136868328,,
1569.733802565117,1569.733802565117,,
1569.735191443633,1569.735191443633,,
1569.736580321916,1569.736580321916,,
1569.7379692004329,1569.7379692004329,,
1569.7393580789494,1569.7393580789494,,
1569.7407469574664,1569.7407469574664,,
1569.74213583575,1569.74213583575,,
1569.7435247142669,1569.7435247142669,,
1569.7449135927827,1569.7449135927827,,
1569.7463024712988,1569.7463024712988,,
1569.7476913498158,1569.7476913498158,,
1569.7490802283323,1569.7490802283323,,
1569.7504691068484,1569.7504691068484,,
1569.7518579853645,1569.7518579853645,,
1569.753246863881,1569.753246863881,,
1569.754635742398,1569.754635742398,,
1569.7560246209139,1569.7560246209139,,
1569.7574134994297,1569.7574134994297,,
1569.7588023779467,1569.7588023779467,,
1569.760191256696,1569.760191256696,,
1569.7615801352122,1569.7615801352122,,
1569.7629690137283,1569.7629690137283,,
1569.7643578924776,1569.7643578924776,,
1569.7657467709937,1569.7657467709937,,
1569.7671356495098,1569.7671356495098,,
1569.7685245282591,1569.7685245282591,,
1569.7699134067766,1569.7699134067766,,
1569.7713022855264,1569.7713022855264,,
1569.7726911640425,1569.7726911640425,,
1569.7740800427919,1569.7740800427919,,
1569.7754689213084,1569.7754689213084,,
1569.7768578000573,1569.7768578000573,,
1569.7782466788062,1569.7782466788062,,
1569.7796355575558,1569.7796355575558,,
1569.7810244360726,1569.7810244360726,,
1569.7824133148215,1569.7824133148215,,
1569.7838021935704,1569.7838021935704,,
1569.7851910723198,1569.7851910723198,,
1569.7865799510687,1569.7865799510687,,
1569.7879688295848,1569.7879688295848,,
1569.7893577083341,1569.7893577083341,,
1569.790746587084,1569.790746587084,,
1569.7921354658326,1569.7921354658326,,
1569.7935243445813,1569.7935243445813,,
1569.7949132233312,1569.7949132233312,,
1569.7963021023133,1569.7963021023133,,
1569.7976909810623,1569.7976909810623,,
1569.7990798598112,1569.7990798598112,,
1569.8004687385614,1569.8004687385614,,
1569.8018576173108,1569.8018576173108,,
1569.8032464962926,1569.8032464962926,,
1569.804635375042,1569.804635375042,,
1569.8060242537917,1569.8060242537917,,
1569.8074131327735,1569.8074131327735,,
1569.8088020115224,1569.8088020115224,,
1569.8101908902718,1569.8101908902718,,
1569.811579769254,1569.811579769254,,
1569.8129686480029,1569.8129686480029,,
1569.8143575269846,1569.8143575269846,,
1569.8157464057342,1569.8157464057342,,
1569.8171352847166,1569.8171352847166,,
1569.8185241634656,1569.8185241634656,,
1569.8199130424473,1569.8199130424473,,
1569.8213019214295,1569.8213019214295,,
1569.8226908001784,1569.8226908001784,,
1569.8240796791601,1569.8240796791601,,
1569.8254685581423,1569.8254685581423,,
1569.826857437125,1569.826857437125,,
1569.8282463161065,1569.8282463161065,,
1569.8296351948552,1569.8296351948552,,
1569.8310240738383,1569.8310240738383,,
1569.8324129528214,1569.8324129528214,,
1569.8338018318032,1569.8338018318032,,
1569.835190710785,1569.835190710785,,
1569.836579589767,1569.836579589767,,
1569.8379684687488,1569.8379684687488,,
1569.8393573477306,1569.8393573477306,,
1569.8407462267128,1569.8407462267128,,
1569.8421351056954,1569.8421351056954,,
1569.8435239846772,1569.8435239846772,,
1569.8449128638918,1569.8449128638918,,
1569.846301742874,1569.846301742874,,
1569.8476906218561,1569.8476906218561,,
1569.849079500838,1569.849079500838,,
1569.8504683798196,1569.8504683798196,,
1569.851857259035,1569.851857259035,,
1569.8532461380173,1569.8532461380173,,
1569.854635016999,1569.854635016999,,
1569.8560238962136,1569.8560238962136,,
1569.8574127751958,1569.8574127751958,,
1569.8588016544104,1569.8588016544104,,
1569.8601905333921,1569.8601905333921,,
1569.861579412608,1569.861579412608,,
1569.8629682915912,1569.8629682915912,,
1569.8643571708055,1569.8643571708055,,
1569.865746049787,1569.865746049787,,
1569.8671349290025,1569.8671349290025,,
1569.8685238082176,1569.8685238082176,,
1569.8699126871993,1569.8699126871993,,
1569.8713015664139,1569.8713015664139,,
1569.872690445629,1569.872690445629,,
1569.8740793248435,1569.8740793248435,,
1569.8754682038252,1569.8754682038252,,
1569.8768570830402,1569.8768570830402,,
1569.8782459622557,1569.8782459622557,,
1569.8796348414703,1569.8796348414703,,
1569.8810237206849,1569.8810237206849,,
1569.8824125999,1569.8824125999,,
1569.883801479115,1569.883801479115,,
1569.8851903580967,1569.8851903580967,,
1569.8865792373113,1569.8865792373113,,
1569.8879681167593,1569.8879681167593,,
1569.8893569959746,1569.8893569959746,,
1569.8907458751892,1569.8907458751892,,
1569.8921347544042,1569.8921347544042,,
1569.8935236336201,1569.8935236336201,,
1569.8949125128347,1569.8949125128347,,
1569.8963013920493,1569.8963013920493,,
1569.8976902712643,1569.8976902712643,,
1569.8990791507126,1569.8990791507126,,
1569.900468029927,1569.900468029927,,
1569.9018569091413,1569.9018569091413,,
1569.9032457883568,1569.9032457883568,,
1569.9046346678047,1569.9046346678047,,
1569.9060235470192,1569.9060235470192,,
1569.9074124262338,1569.9074124262338,,
1569.9088013056817,1569.9088013056817,,
1569.9101901848971,1569.9101901848971,,
1569.9115790643443,1569.9115790643443,,
1569.9129679435587,1569.9129679435587,,
1569.914356823007,1569.914356823007,,
1569.9157457022216,1569.9157457022216,,
1569.917134581669,1569.917134581669,,
1569.918523460884,1569.918523460884,,
1569.9199123403318,1569.9199123403318,,
1569.9213012197793,1569.9213012197793,,
1569.9226900989947,1569.9226900989947,,
1569.9240789784433,1569.9240789784433,,
1569.9254678578914,1569.9254678578914,,
1569.926856737106,1569.926856737106,,
1569.9282456165533,1569.9282456165533,,
1569.9296344960012,1569.9296344960012,,
1569.9310233754486,1569.9310233754486,,
1569.932412254896,1569.932412254896,,
1569.9351900135593,1569.9351900135593,,
1569.9365788930065,1569.9365788930065,,
1569.9379677724537,1569.9379677724537,,
1569.939356651902,1569.939356651902,,
1569.9407455313499,1569.9407455313499,,
1569.9421344107973,1569.9421344107973,,
1569.9435232902447,1569.9435232902447,,
1569.9449121696925,1569.9449121696925,,
1569.9463010491409,1569.9463010491409,,
1569.947689928588,1569.947689928588,,
1569.9490788080352,1569.9490788080352,,
1569.9504676874835,1569.9504676874835,,
1569.951856566931,1569.951856566931,,
1569.9532454466112,1569.9532454466112,,
1569.9560232055082,1569.9560232055082,,
1569.9574120849556,1569.9574120849556,,
1569.9588009646359,1569.9588009646359,,
1569.960189844084,1569.960189844084,,
1569.961578723532,1569.961578723532,,
1569.9629676029795,1569.9629676029795,,
1569.9643564826597,1569.9643564826597,,
1569.9657453621076,1569.9657453621076,,
1569.9671342417878,1569.9671342417878,,
1569.9685231212352,1569.9685231212352,,
1569.969912000683,1569.969912000683,,
1569.9713008803642,1569.9713008803642,,
1569.9726897598114,1569.9726897598114,,
1569.9740786394914,1569.9740786394914,,
1569.9754675189397,1569.9754675189397,,
1569.9782452780678,1569.9782452780678,,
1569.979634157748,1569.979634157748,,
1569.9810230374287,1569.9810230374287,,
1569.982411916877,1569.982411916877,,
1569.983800796557,1569.983800796557,,
1569.985189676238,1569.985189676238,,
1569.9865785556867,1569.9865785556867,,
1569.987967435367,1569.987967435367,,
1569.9893563150472,1569.9893563150472,,
1569.9907451947279,1569.9907451947279,,
1569.9921340741757,1569.9921340741757,,
1569.993522953856,1569.993522953856,,
1569.9963007132171,1569.9963007132171,,
1569.997689592898,1569.997689592898,,
1570.0004673520257,1570.0004673520257,,
1570.0018562317064,1570.0018562317064,,
1570.0032451113866,1570.0032451113866,,
1570.0046339910668,1570.0046339910668,,
1570.0060228707475,1570.0060228707475,,
1570.0074117504287,1570.0074117504287,,
1570.0088006301087,1570.0088006301087,,
1570.0101895097887,1570.0101895097887,,
1570.0115783894698,1570.0115783894698,,
1570.0129672691505,1570.0129672691505,,
1570.0143561490636,1570.0143561490636,,
1570.0157450287443,1570.0157450287443,,
1570.0171339084259,1570.0171339084259,,
1570.018522788107,1570.018522788107,,
1570.0199116677873,1570.0199116677873,,
1570.0213005474673,1570.0213005474673,,
1570.022689427381,1570.022689427381,,
1570.0254671867415,1570.0254671867415,,
1570.0268560664222,1570.0268560664222,,
1570.0282449463357,1570.0282449463357,,
1570.029633826016,1570.029633826016,,
1570.0310227056962,1570.0310227056962,,
1570.03241158561,1570.03241158561,,
1570.0338004652908,1570.0338004652908,,
1570.035189344971,1570.035189344971,,
1570.0365782248841,1570.0365782248841,,
1570.0379671045648,1570.0379671045648,,
1570.0393559844786,1570.0393559844786,,
1570.0407448641586,1570.0407448641586,,
1570.0421337440716,1570.0421337440716,,
1570.0435226237528,1570.0435226237528,,
1570.0449115036656,1570.0449115036656,,
1570.0490781429417,1570.0490781429417,,
1570.0518559027678,1570.0518559027678,,
1570.0532447824485,1570.0532447824485,,
1570.0546336623624,1570.0546336623624,,
1570.0560225420427,1570.0560225420427,,
1570.0574114219555,1570.0574114219555,,
1570.0588003018693,1570.0588003018693,,
1570.0601891817823,1570.0601891817823,,
1570.0615780614626,1570.0615780614626,,
1570.062966941376,1570.062966941376,,
1570.0643558212896,1570.0643558212896,,
1570.0657447012027,1570.0657447012027,,
1570.067133580883,1570.067133580883,,
1570.0685224607967,1570.0685224607967,,
1570.0699113407104,1570.0699113407104,,
1570.0713002206235,1570.0713002206235,,
1570.0726891005365,1570.0726891005365,,
1570.07407798045,1570.07407798045,,
1570.0768557402766,1570.0768557402766,,
1570.0782446201897,1570.0782446201897,,
1570.0796334998713,1570.0796334998713,,
1570.081022379785,1570.081022379785,,
1570.082411259698,1570.082411259698,,
1570.0838001396119,1570.0838001396119,,
1570.0851890195254,1570.0851890195254,,
1570.0865778996713,1570.0865778996713,,
1570.0879667795843,1570.0879667795843,,
1570.0893556594979,1570.0893556594979,,
1570.0907445394118,1570.0907445394118,,
1570.092133419325,1570.092133419325,,
1570.0935222992377,1570.0935222992377,,
1570.0949111791515,1570.0949111791515,,
1570.0963000590646,1570.0963000590646,,
1570.0976889392105,1570.0976889392105,,
1570.099077819124,1570.099077819124,,
1570.1018555789506,1570.1018555789506,,
1570.1032444588636,1570.1032444588636,,
1570.1046333390102,1570.1046333390102,,
1570.106022218924,1570.106022218924,,
1570.107411098837,1570.107411098837,,
1570.108799978983,1570.108799978983,,
1570.1101888588973,1570.1101888588973,,
1570.1115777388115,1570.1115777388115,,
1570.1129666189572,1570.1129666189572,,
1570.1143554988703,1570.1143554988703,,
1570.1157443787843,1570.1157443787843,,
1570.11713325893,1570.11713325893,,
1570.1199110189896,1570.1199110189896,,
1570.1226887788162,1570.1226887788162,,
1570.124077658962,1570.124077658962,,
1570.1254665388756,1570.1254665388756,,
1570.1268554190224,1570.1268554190224,,
1570.1282442989354,1570.1282442989354,,
1570.129633179081,1570.129633179081,,
1570.1310220592277,1570.1310220592277,,
1570.1324109391408,1570.1324109391408,,
1570.1337998192867,1570.1337998192867,,
1570.1351886992002,1570.1351886992002,,
1570.1365775793465,1570.1365775793465,,
1570.1379664594924,1570.1379664594924,,
1570.140744219552,1570.140744219552,,
1570.1421330994663,1570.1421330994663,,
1570.143521979613,1570.143521979613,,
1570.144910859759,1570.144910859759,,
1570.1462997399053,1570.1462997399053,,
1570.147688619819,1570.147688619819,,
1570.1490774999647,1570.1490774999647,,
1570.1504663801106,1570.1504663801106,,
1570.1518552602574,1570.1518552602574,,
1570.1532441401703,1570.1532441401703,,
1570.154633020316,1570.154633020316,,
1570.1560219004627,1570.1560219004627,,
1570.157410780609,1570.157410780609,,
1570.158799660755,1570.158799660755,,
1570.160188540901,1570.160188540901,,
1570.1615774208144,1570.1615774208144,,
1570.1629663009612,1570.1629663009612,,
1570.164355181107,1570.164355181107,,
1570.1657440612528,1570.1657440612528,,
1570.1671329413994,1570.1671329413994,,
1570.1685218215457,1570.1685218215457,,
1570.1699107016916,1570.1699107016916,,
1570.1712995818375,1570.1712995818375,,
1570.1726884619839,1570.1726884619839,,
1570.1740773421307,1570.1740773421307,,
1570.175466222277,1570.175466222277,,
1570.1768551024238,1570.1768551024238,,
1570.1782439825702,1570.1782439825702,,
1570.179632862716,1570.179632862716,,
1570.181021742862,1570.181021742862,,
1570.1824106230083,1570.1824106230083,,
1570.183799503155,1570.183799503155,,
1570.1851883833006,1570.1851883833006,,
1570.1865772634465,1570.1865772634465,,
1570.1921327842642,1570.1921327842642,,
1570.1935216644106,1570.1935216644106,,
1570.1949105445565,1570.1949105445565,,
1570.1962994247024,1570.1962994247024,,
1570.1976883050816,1570.1976883050816,,
1570.1990771852284,1570.1990771852284,,
1570.2004660653743,1570.2004660653743,,
1570.20185494552,1570.20185494552,,
1570.2032438258993,1570.2032438258993,,
1570.2046327060457,1570.2046327060457,,
1570.2060215861925,1570.2060215861925,,
1570.2074104665717,1570.2074104665717,,
1570.208799346718,1570.208799346718,,
1570.210188226864,1570.210188226864,,
1570.2115771072426,1570.2115771072426,,
1570.2129659873895,1570.2129659873895,,
1570.2157437479145,1570.2157437479145,,
1570.2171326280604,1570.2171326280604,,
1570.2185215082068,1570.2185215082068,,
1570.2199103885862,1570.2199103885862,,
1570.2212992687319,1570.2212992687319,,
1570.2226881491106,1570.2226881491106,,
1570.225465909636,1570.225465909636,,
1570.2268547897816,1570.2268547897816,,
1570.2282436701612,1570.2282436701612,,
1570.2296325503075,1570.2296325503075,,
1570.2310214306863,1570.2310214306863,,
1570.2324103108322,1570.2324103108322,,
1570.2337991912113,1570.2337991912113,,
1570.2351880713582,1570.2351880713582,,
1570.2365769517369,1570.2365769517369,,
1570.2379658318832,1570.2379658318832,,
1570.2393547122633,1570.2393547122633,,
1570.2462991136922,1570.2462991136922,,
1570.247687994071,1570.247687994071,,
1570.2490768742177,1570.2490768742177,,
1570.250465754597,1570.250465754597,,
1570.2518546349756,1570.2518546349756,,
1570.2532435151215,1570.2532435151215,,
1570.2546323955007,1570.2546323955007,,
1570.2560212758801,1570.2560212758801,,
1570.2587990364045,1570.2587990364045,,
1570.2601879167842,1570.2601879167842,,
1570.2615767971627,1570.2615767971627,,
1570.2629656773083,1570.2629656773083,,
1570.264354557688,1570.264354557688,,
1570.2657434380671,1570.2657434380671,,
1570.2671323184459,1570.2671323184459,,
1570.2685211985918,1570.2685211985918,,
1570.2699100789719,1570.2699100789719,,
1570.271298959352,1570.271298959352,,
1570.2726878397307,1570.2726878397307,,
1570.2740767201092,1570.2740767201092,,
1570.2754656004886,1570.2754656004886,,
1570.2768544808678,1570.2768544808678,,
1570.2782433610137,1570.2782433610137,,
1570.2796322413924,1570.2796322413924,,
1570.2810211217718,1570.2810211217718,,
1570.2824100021503,1570.2824100021503,,
1570.2851877629087,1570.2851877629087,,
1570.2865766432878,1570.2865766432878,,
1570.2893544040453,1570.2893544040453,,
1570.2907432844245,1570.2907432844245,,
1570.292132164804,1570.292132164804,,
1570.2935210451824,1570.2935210451824,,
1570.2949099255611,1570.2949099255611,,
1570.2962988059408,1570.2962988059408,,
1570.29768768632,1570.29768768632,,
1570.2990765666987,1570.2990765666987,,
1570.3004654470774,1570.3004654470774,,
1570.3018543274566,1570.3018543274566,,
1570.3032432078362,1570.3032432078362,,
1570.3046320882154,1570.3046320882154,,
1570.3060209685946,1570.3060209685946,,
1570.308798729353,1570.308798729353,,
1570.3101876097314,1570.3101876097314,,
1570.3115764901108,1570.3115764901108,,
1570.3129653707228,1570.3129653707228,,
1570.3143542511016,1570.3143542511016,,
1570.3157431314803,1570.3157431314803,,
1570.3171320118597,1570.3171320118597,,
1570.3185208922382,1570.3185208922382,,
1570.319909772617,1570.319909772617,,
1570.3226875336086,1570.3226875336086,,
1570.3240764139873,1570.3240764139873,,
1570.325465294366,1570.325465294366,,
1570.3268541747452,1570.3268541747452,,
1570.3282430551246,1570.3282430551246,,
1570.329631935736,1570.329631935736,,
1570.3310208161147,1570.3310208161147,,
1570.3324096964943,1570.3324096964943,,
1570.3337985768735,1570.3337985768735,,
1570.3351874574857,1570.3351874574857,,
1570.3365763378652,1570.3365763378652,,
1570.3379652182443,1570.3379652182443,,
1570.339354098856,1570.339354098856,,
1570.3407429792346,1570.3407429792346,,
1570.3421318596138,1570.3421318596138,,
1570.3435207402263,1570.3435207402263,,
1570.3462985009835,1570.3462985009835,,
1570.3476873815957,1570.3476873815957,,
1570.349076261975,1570.349076261975,,
1570.3504651423536,1570.3504651423536,,
1570.3518540229652,1570.3518540229652,,
1570.3532429033446,1570.3532429033446,,
1570.354631783723,1570.354631783723,,
1570.3560206643347,1570.3560206643347,,
1570.3574095447143,1570.3574095447143,,
1570.3587984253263,1570.3587984253263,,
1570.360187305705,1570.360187305705,,
1570.3615761860838,1570.3615761860838,,
1570.3643539470752,1570.3643539470752,,
1570.3657428276865,1570.3657428276865,,
1570.3671317080652,1570.3671317080652,,
1570.3685205886782,1570.3685205886782,,
1570.3699094690583,1570.3699094690583,,
1570.3712983496698,1570.3712983496698,,
1570.3726872300485,1570.3726872300485,,
1570.3740761106606,1570.3740761106606,,
1570.3768538716508,1570.3768538716508,,
1570.37824275203,1570.37824275203,,
1570.3796316326425,1570.3796316326425,,
1570.3810205130212,1570.3810205130212,,
1570.3824093936325,1570.3824093936325,,
1570.383798274012,1570.383798274012,,
1570.3865760350027,1570.3865760350027,,
1570.3879649156142,1570.3879649156142,,
1570.3893537962265,1570.3893537962265,,
1570.390742676605,1570.390742676605,,
1570.3921315572165,1570.3921315572165,,
1570.3935204375962,1570.3935204375962,,
1570.3949093182082,1570.3949093182082,,
1570.3962981988197,1570.3962981988197,,
1570.4004648404234,1570.4004648404234,,
1570.4018537208028,1570.4018537208028,,
1570.4032426014141,1570.4032426014141,,
1570.4046314820266,1570.4046314820266,,
1570.4060203624058,1570.4060203624058,,
1570.4074092430174,1570.4074092430174,,
1570.408798123629,1570.408798123629,,
1570.410187004008,1570.410187004008,1.0011417,0.003593717
1570.4115758846197,1570.4115758846197,1.0005814,0.0035862178
1570.4129647652312,1570.4129647652312,1.0009078,0.00359131
1570.4143536456104,1570.4143536456104,1.0016365,0.003585428
1570.4157425262229,1570.4157425262229,0.9975157,0.003582223
1570.4171314068344,1570.4171314068344,1.0000799,0.0035828738
1570.4185202874457,1570.4185202874457,0.9986719,0.0035760454
1570.4199091678252,1570.4199091678252,1.0030028,0.003596534
1570.4212980484372,1570.4212980484372,1.0022757,0.0035740896
1570.4226869290487,1570.4226869290487,1.0171117,0.0035762198
1570.4240758096603,1570.4240758096603,0.99900734,0.0035799528
1570.4254646900397,1570.4254646900397,1.0009054,0.0035695783
1570.429631331875,1570.429631331875,1.0036122,0.003568678
1570.431020212487,1570.431020212487,1.005598,0.0035661496
1570.4324090928658,1570.4324090928658,1.005789,0.0035648334
1570.4337979734778,1570.4337979734778,1.0054462,0.0035674728
1570.4351868540907,1570.4351868540907,0.9984296,0.0035597575
1570.4365757347032,1570.4365757347032,0.998423,0.0035578276
1570.4379646153145,1570.4379646153145,1.0021021,0.0035663042
1570.443520137529,1570.443520137529,0.99921864,0.0035610395
1570.4449090181406,1570.4449090181406,1.0066861,0.0035585843
1570.4462978987526,1570.4462978987526,1.0019596,0.0035534394
1570.4476867793642,1570.4476867793642,1.0030323,0.0035498086
1570.449075659743,1570.449075659743,1.0023292,0.0035507306
1570.450464540355,1570.450464540355,0.99700457,0.0035479753
1570.4518534209674,1570.4518534209674,1.0022655,0.0035471746
1570.453242301579,1570.453242301579,1.000387,0.0035489632
1570.4546311821903,1570.4546311821903,0.9965152,0.0035454642
1570.4560200628025,1570.4560200628025,0.99740624,0.0035456105
1570.4574089434145,1570.4574089434145,0.9984704,0.0035452794
1570.458797824026,1570.458797824026,0.99729323,0.0035456375
1570.4601867046376,1570.4601867046376,1.0013833,0.0035459495
1570.4615755852499,1570.4615755852499,1.0043293,0.0035484813
1570.4629644658621,1570.4629644658621,0.9993316,0.0035462498
1570.4643533464737,1570.4643533464737,1.0045805,0.003555215
1570.4657422268524,1570.4657422268524,0.9912004,0.0035382044
1570.467131107465,1570.467131107465,0.9953568,0.00353952
1570.4685199880773,1570.4685199880773,0.9970204,0.0035456247
1570.469908868689,1570.469908868689,0.9938009,0.0035357305
1570.471297749301,1570.471297749301,0.9947054,0.003541255
1570.4726866299134,1570.4726866299134,0.99367845,0.0035388314
1570.4740755105247,1570.4740755105247,1.0008762,0.0035343347
1570.475464391136,1570.475464391136,0.99742573,0.0035356428
1570.4768532717485,1570.4768532717485,1.0147145,0.0035325463
1570.4782421523605,1570.4782421523605,0.99757093,0.0035403923
1570.479631032972,1570.479631032972,0.9942991,0.0035398148
1570.4810199135836,1570.4810199135836,0.99139774,0.0035309708
1570.4824087941956,1570.4824087941956,0.9962833,0.0035289137
1570.4837976748072,1570.4837976748072,0.99641734,0.0035286436
1570.4851865554187,1570.4851865554187,0.9991856,0.0035380702
1570.4865754360308,1570.4865754360308,0.991593,0.0035304313
1570.4879643166432,1570.4879643166432,0.9971428,0.0035374737
1570.4893531974876,1570.4893531974876,0.99867404,0.003530089
1570.490742078099,1570.490742078099,0.99630713,0.0035401192
1570.4921309587112,1570.4921309587112,0.998356,0.0035247146
1570.4935198393232,1570.4935198393232,0.9967504,0.0035319887
1570.4949087199348,1570.4949087199348,0.9961478,0.0035250476
1570.4962976005463,1570.4962976005463,0.99630094,0.0035254403
1570.4976864811586,1570.4976864811586,0.999071,0.0035264129
1570.4990753617708,1570.4990753617708,0.99775946,0.003525907
1570.5004642423828,1570.5004642423828,1.0025901,0.0035257528
1570.5018531229953,1570.5018531229953,0.9936082,0.0035258373
1570.5032420036073,1570.5032420036073,1.0068192,0.0035262792
1570.5046308842188,1570.5046308842188,1.0247266,0.0035231228
1570.5060197650632,1570.5060197650632,1.0013815,0.0035224122
1570.5074086456752,1570.5074086456752,1.0109488,0.0035209106
1570.5087975262877,1570.5087975262877,1.0003504,0.0035241607
1570.510186406899,1570.510186406899,0.99885046,0.0035176354
1570.5115752875104,1570.5115752875104,0.99518865,0.0035197604
1570.5129641681228,1570.5129641681228,0.99604607,0.0035150184
1570.5143530487348,1570.5143530487348,0.99512345,0.0035245982
1570.5157419293464,1570.5157419293464,0.99301916,0.003518138
1570.5171308101908,1570.5171308101908,0.993415,0.00351613
1570.5185196908028,1570.5185196908028,0.9988983,0.003516512
1570.5199085714144,1570.5199085714144,0.99269354,0.0035129383
1570.521297452026,1570.521297452026,0.99975,0.0035146677
1570.522686332638,1570.522686332638,0.99659705,0.0035131297
1570.5254640940948,1570.5254640940948,0.998157,0.0035087469
1570.5268529747061,1570.5268529747061,1.0251298,0.0035080782
1570.5282418553184,1570.5282418553184,0.99280536,0.0035118638
1570.5296307359304,1570.5296307359304,0.99663615,0.0035119338
1570.531019616542,1570.531019616542,0.9958206,0.0035097068
1570.5324084973863,1570.5324084973863,0.990774,0.0035051086
1570.5337973779992,1570.5337973779992,0.99748015,0.0035093264
1570.5351862586122,1570.5351862586122,1.0011171,0.003510509
1570.5365751392237,1570.5365751392237,0.99564195,0.0035112118
1570.5379640198353,1570.5379640198353,1.0004331,0.0035129567
1570.5393529006801,1570.5393529006801,0.994894,0.00350819
1570.5421306619032,1570.5421306619032,0.9942211,0.003504789
1570.5449084233605,1570.5449084233605,0.9928152,0.003505734
1570.5462973039719,1570.5462973039719,0.99042207,0.0035030055
1570.5476861845832,1570.5476861845832,0.9967849,0.0035088966
1570.5490750651957,1570.5490750651957,0.99520594,0.0035038434
1570.5504639460405,1570.5504639460405,0.99176663,0.0035059252
1570.551852826652,1570.551852826652,0.991792,0.0035102558
1570.5532417072636,1570.5532417072636,0.99352694,0.0035061014
1570.5546305878756,1570.5546305878756,0.99820834,0.0035014106
1570.556019468721,1570.556019468721,0.99389803,0.0035027377
1570.5574083493323,1570.5574083493323,1.0026678,0.003503577
1570.5587972299436,1570.5587972299436,0.9959597,0.0034983195
1570.560186110789,1570.560186110789,1.0096619,0.0035014371
1570.5615749914004,1570.5615749914004,0.99374306,0.003508362
1570.5629638720118,1570.5629638720118,0.989795,0.0035017277
1570.5643527528568,1570.5643527528568,0.9899614,0.0035083783
1570.5657416334689,1570.5657416334689,0.9951518,0.0035025447
1570.5671305140813,1570.5671305140813,0.99403,0.0035090197
1570.5685193946933,1570.5685193946933,0.9957549,0.0035015272
1570.5699082755384,1570.5699082755384,0.9930838,0.0035009722
1570.5712971561506,1570.5712971561506,0.99695194,0.0035004236
1570.5726860367622,1570.5726860367622,0.99529946,0.0034987621
1570.5740749176066,1570.5740749176066,0.9940193,0.003509169
1570.5754637982186,1570.5754637982186,0.9946343,0.0034957456
1570.5768526788302,1570.5768526788302,0.9957349,0.0034972788
1570.5782415596746,1570.5782415596746,0.99711293,0.003498105
1570.5796304402866,1570.5796304402866,0.9941901,0.0035013244
1570.5810193211319,1570.5810193211319,1.0008272,0.0034988
1570.5824082017432,1570.5824082017432,0.99560624,0.0034961593
1570.5837970823545,1570.5837970823545,0.9937913,0.0034995903
1570.5851859631998,1570.5851859631998,0.99554217,0.0034966692
1570.5865748438118,1570.5865748438118,0.9963768,0.003499764
1570.5879637244234,1570.5879637244234,0.9943207,0.003497762
1570.5893526052678,1570.5893526052678,0.9949346,0.0034924506
1570.5907414858798,1570.5907414858798,0.993892,0.0034924087
1570.592130366725,1570.592130366725,0.99045646,0.0034896354
1570.5935192473364,1570.5935192473364,0.9931873,0.003489658
1570.5949081279477,1570.5949081279477,0.98966163,0.0034934117
1570.596297008793,1570.596297008793,0.99427444,0.0034897686
1570.5976858894046,1570.5976858894046,0.9917048,0.0034883951
1570.599074770016,1570.599074770016,0.9903142,0.0034977985
1570.6004636508615,1570.6004636508615,0.9921944,0.0034910245
1570.6018525314744,1570.6018525314744,0.9919061,0.0034873376
1570.6032414123188,1570.6032414123188,0.99153864,0.0034973503
1570.6046302929303,1570.6046302929303,0.9860108,0.003485093
1570.6060191737754,1570.6060191737754,0.99269396,0.0034867958
1570.6087969349992,1570.6087969349992,0.99286884,0.0034859977
1570.6101858158436,1570.6101858158436,0.9912518,0.0034879178
1570.6115746964556,1570.6115746964556,0.9913862,0.0034818193
1570.6129635773,1570.6129635773,0.9898134,0.0034835888
1570.6143524579115,1570.6143524579115,0.99304086,0.003486991
1570.6157413387564,1570.6157413387564,0.99684626,0.0034860682
1570.6171302193688,1570.6171302193688,0.9928631,0.003479479
1570.618519100213,1570.618519100213,0.9974689,0.0034850833
1570.6199079808243,1570.6199079808243,0.9907485,0.0034887115
1570.6212968614368,1570.6212968614368,0.99357694,0.003481269
1570.6226857422816,1570.6226857422816,0.991187,0.0034809983
1570.6240746228932,1570.6240746228932,0.9947197,0.0034794274
1570.6254635037376,1570.6254635037376,0.9882115,0.0034778586
1570.6268523843496,1570.6268523843496,0.99120176,0.0034773862
1570.628241265195,1570.628241265195,0.99289966,0.0034784058
1570.6310190266504,1570.6310190266504,0.99252707,0.0034812677
1570.6324079072629,1570.6324079072629,0.9899606,0.0034757226
1570.6337967881072,1570.6337967881072,0.99067414,0.0034766737
1570.6351856687193,1570.6351856687193,1.0006808,0.0034798493
1570.636574549565,1570.636574549565,0.991707,0.0034731047
1570.637963430177,1570.637963430177,0.99299407,0.0034721252
1570.6393523110214,1570.6393523110214,0.98913264,0.003470904
1570.640741191633,1570.640741191633,0.98997074,0.0034723221
1570.642130072478,1570.642130072478,0.9883724,0.0034690206
1570.6435189530903,1570.6435189530903,0.98975796,0.0034750474
1570.6449078339347,1570.6449078339347,0.98728025,0.003470246
1570.6462967145462,1570.6462967145462,0.9944387,0.0034657028
1570.647685595391,1570.647685595391,0.9937842,0.0034669938
1570.6490744760026,1570.6490744760026,0.99613255,0.0034674122
1570.650463356847,1570.650463356847,0.9932075,0.0034681906
1570.651852237459,1570.651852237459,0.99026644,0.003464557
1570.6532411183043,1570.6532411183043,0.993511,0.0034693757
1570.6546299989157,1570.6546299989157,0.99297464,0.003475581
1570.6560188797598,1570.6560188797598,0.9993605,0.0034626513
1570.6574077603723,1570.6574077603723,0.99535394,0.0034740968
1570.6587966412171,1570.6587966412171,0.9891042,0.003463125
1570.6601855220615,1570.6601855220615,0.9956186,0.0034635065
1570.661574402673,1570.661574402673,0.9878085,0.0034602818
1570.662963283518,1570.662963283518,0.9898623,0.0034559132
1570.6643521641304,1570.6643521641304,0.9941828,0.0034585218
1570.6657410449745,1570.6657410449745,0.9916475,0.0034664918
1570.6671299255859,1570.6671299255859,0.9956093,0.0034579688
1570.6685188064316,1570.6685188064316,0.9916482,0.003458298
1570.669907687044,1570.669907687044,0.9945778,0.003454284
1570.6712965678885,1570.6712965678885,0.98946875,0.0034538487
1570.6726854487333,1570.6726854487333,0.9944585,0.0034530824
1570.6740743293453,1570.6740743293453,1.0011374,0.0034640476
1570.6754632101897,1570.6754632101897,0.9994586,0.00345304
1570.6768520908013,1570.6768520908013,0.9945224,0.003458063
1570.6782409716463,1570.6782409716463,0.99548763,0.0034524116
1570.6796298522586,1570.6796298522586,0.99775815,0.003451623
1570.681018733103,1570.681018733103,0.99777365,0.0034623751
1570.6824076139474,1570.6824076139474,0.9958588,0.0034576224
1570.6837964945594,1570.6837964945594,0.9945385,0.0034419957
1570.6851853754044,1570.6851853754044,0.9968937,0.0034461424
1570.6865742560158,1570.6865742560158,0.98907703,0.0034404006
1570.6879631368602,1570.6879631368602,0.99302757,0.0034414565
1570.6893520177055,1570.6893520177055,0.992805,0.0034458293
1570.6907408983168,1570.6907408983168,0.99144393,0.0034435177
1570.692129779161,1570.692129779161,0.99103165,0.0034380392
1570.6935186597734,1570.6935186597734,0.9948392,0.0034384194
1570.6949075406183,1570.6949075406183,0.99789745,0.0034456525
1570.6962964214626,1570.6962964214626,0.9887925,0.0034394232
1570.6976853020742,1570.6976853020742,0.9903533,0.003433227
1570.699074182919,1570.699074182919,0.99887013,0.0034343957
1570.7004630635315,1570.7004630635315,0.99292326,0.0034310853
1570.7018519443757,1570.7018519443757,0.99197686,0.003432284
1570.7032408252207,1570.7032408252207,0.9923667,0.003427922
1570.7046297058337,1570.7046297058337,0.99002415,0.0034260843
1570.706018586678,1570.706018586678,0.9947207,0.0034262212
1570.7074074672896,1570.7074074672896,0.9930008,0.0034261395
1570.7087963481345,1570.7087963481345,0.99689484,0.0034268557
1570.7101852289793,1570.7101852289793,0.9876198,0.0034214414
1570.7115741095909,1570.7115741095909,0.9957067,0.0034241732
1570.7129629904352,1570.7129629904352,0.9956315,0.00342472
1570.7143518712803,1570.7143518712803,0.99982655,0.0034170984
1570.7157407518926,1570.7157407518926,0.99686086,0.0034195874
1570.717129632737,1570.717129632737,0.9965926,0.0034175774
1570.7185185135813,1570.7185185135813,0.9951852,0.0034261309
1570.7199073941933,1570.7199073941933,0.9932699,0.0034124674
1570.7212962750384,1570.7212962750384,0.9934506,0.0034126958
1570.7226851556497,1570.7226851556497,0.9964921,0.003419304
1570.7240740364941,1570.7240740364941,0.99461263,0.0034081643
1570.7254629173394,1570.7254629173394,0.9923971,0.0034129487
1570.7268517979508,1570.7268517979508,0.99482214,0.003407649
1570.728240678795,1570.728240678795,0.9952987,0.0034191026
1570.7296295596402,1570.7296295596402,0.9939212,0.0034060422
1570.7310184402522,1570.7310184402522,0.9947603,0.0034030902
1570.7324073210966,1570.7324073210966,0.9951787,0.003406905
1570.733796201941,1570.733796201941,0.99715006,0.003400822
1570.735185082553,1570.735185082553,0.9994655,0.0034023293
1570.7365739633988,1570.7365739633988,0.9975529,0.003396365
1570.737962844244,1570.737962844244,0.99794054,0.0033931914
1570.7393517248554,1570.7393517248554,0.9925212,0.0033930049
1570.7407406057005,1570.7407406057005,0.99073297,0.0033933227
1570.7421294865449,1570.7421294865449,0.9935827,0.0033994955
1570.7435183671564,1570.7435183671564,0.9948348,0.003385821
1570.7449072480013,1570.7449072480013,0.9939894,0.0033856188
1570.746296128846,1570.746296128846,0.9955267,0.0033873287
1570.7476850094577,1570.7476850094577,0.9928719,0.0033851503
1570.749073890302,1570.749073890302,0.99752325,0.0033803047
1570.750462771147,1570.750462771147,0.99712896,0.0033762539
1570.7518516517594,1570.7518516517594,0.99398845,0.00337757
1570.7532405326037,1570.7532405326037,0.99705577,0.0033766604
1570.7546294134481,1570.7546294134481,0.9975035,0.0033781081
1570.756018294293,1570.756018294293,0.99909306,0.0033734504
1570.7574071749052,1570.7574071749052,0.9960804,0.0033780495
1570.7587960557494,1570.7587960557494,0.99735224,0.0033747144
1570.7601849365938,1570.7601849365938,0.99584824,0.0033785605
1570.7615738172062,1570.7615738172062,0.9904534,0.00336479
1570.7629626980504,1570.7629626980504,0.99610484,0.0033667267
1570.7643515788945,1570.7643515788945,0.99534404,0.0033632892
1570.765740459507,1570.765740459507,0.9978455,0.0033629606
1570.7671293403519,1570.7671293403519,0.9993367,0.0033606843
1570.7685182211962,1570.7685182211962,0.99699515,0.0033579513
1570.7699071018078,1570.7699071018078,0.9961994,0.0033585585
1570.7712959826536,1570.7712959826536,0.99472773,0.0033565117
1570.7726848634993,1570.7726848634993,0.99395144,0.0033548363
1570.7740737443437,1570.7740737443437,0.99896896,0.0033605127
1570.775462624955,1570.775462624955,0.99596995,0.0033550006
1570.7768515058,1570.7768515058,1.0026917,0.0033513804
1570.7782403866445,1570.7782403866445,1.0012462,0.0033504074
1570.779629267256,1570.779629267256,0.9980378,0.0033455528
1570.7810181481009,1570.7810181481009,0.9971945,0.0033493133
1570.7824070289457,1570.7824070289457,1.0026453,0.0033500402
1570.7837959097901,1570.7837959097901,0.9988614,0.0033480758
1570.7851847904017,1570.7851847904017,1.0025225,0.0033466208
1570.7865736712467,1570.7865736712467,0.997927,0.0033459144
1570.7879625520918,1570.7879625520918,0.99818766,0.0033444995
1570.7893514327034,1570.7893514327034,1.002258,0.0033432387
1570.7907403135478,1570.7907403135478,0.99639714,0.0033416562
1570.7921291943926,1570.7921291943926,1.0004872,0.003338919
1570.7935180752377,1570.7935180752377,0.99880546,0.0033398757
1570.794906955849,1570.794906955849,0.99552476,0.0033366757
1570.7962958366934,1570.7962958366934,0.9967775,0.0033355032
1570.7976847175387,1570.7976847175387,1.0021588,0.0033422704
1570.7990735983828,1570.7990735983828,1.0008227,0.003337029
1570.8004624789942,1570.8004624789942,1.0027933,0.0033357653
1570.8018513598395,1570.8018513598395,0.99712294,0.003330042
1570.8032402406843,1570.8032402406843,0.9960899,0.0033291215
1570.8046291212959,1570.8046291212959,0.9987385,0.0033333292
1570.8060180021407,1570.8060180021407,0.9974278,0.0033286163
1570.8074068829865,1570.8074068829865,0.99992746,0.0033292032
1570.8087957638318,1570.8087957638318,0.9994354,0.0033293527
1570.8101846444433,1570.8101846444433,0.999741,0.0033273562
1570.8115735252875,1570.8115735252875,0.9961398,0.00332706
1570.8129624061326,1570.8129624061326,0.99836165,0.0033278805
1570.8143512869774,1570.8143512869774,1.0010827,0.0033350717
1570.815740167589,1570.815740167589,1.001421,0.0033264877
1570.8171290484333,1570.8171290484333,1.0046316,0.0033249431
1570.8185179292782,1570.8185179292782,0.9995907,0.0033213727
1570.8199068101226,1570.8199068101226,1.0015522,0.0033235822
1570.8212956907341,1570.8212956907341,1.0016329,0.003318216
1570.8226845715792,1570.8226845715792,0.9961531,0.0033187529
1570.8240734524243,1570.8240734524243,0.9999667,0.0033205044
1570.8254623332687,1570.8254623332687,1.003782,0.003316883
1570.8268512138802,1570.8268512138802,0.9975607,0.0033209855
1570.828240094725,1570.828240094725,1.0041243,0.003318844
1570.8296289755701,1570.8296289755701,1.0033337,0.003326958
1570.8310178564143,1570.8310178564143,1.00048,0.003311836
1570.8324067370258,1570.8324067370258,0.9963818,0.0033110254
1570.8337956178711,1570.8337956178711,1.0006379,0.0033118287
1570.8351844987153,1570.8351844987153,1.003937,0.0033088685
1570.8365733793266,1570.8365733793266,0.9990395,0.0033076245
1570.837962260172,1570.837962260172,1.0031523,0.0033113186
1570.8393511410168,1570.8393511410168,0.99739945,0.0033097782
1570.8407400218618,1570.8407400218618,1.002243,0.003306204
1570.842128902707,1570.842128902707,0.99955565,0.0033049164
1570.843517783319,1570.843517783319,1.004838,0.0033051735
1570.8449066641642,1570.8449066641642,1.0029048,0.0033047183
1570.8462955450086,1570.8462955450086,1.0016004,0.0033030221
1570.8476844258528,1570.8476844258528,1.0021795,0.003307351
1570.849073306465,1570.849073306465,0.99970794,0.003303124
1570.8504621873099,1570.8504621873099,1.00305,0.0033016773
1570.8518510681542,1570.8518510681542,1.004952,0.0033093581
1570.8532399489986,1570.8532399489986,0.9993246,0.0033021509
1570.8546288296106,1570.8546288296106,1.0016141,0.0032976812
1570.856017710455,1570.856017710455,1.002603,0.003302292
1570.8574065912994,1570.8574065912994,1.0043364,0.0033011343
1570.8587954721445,1570.8587954721445,1.0064752,0.0033003238
1570.8601843527567,1570.8601843527567,1.0038044,0.003301316
1570.8615732336011,1570.8615732336011,1.0028245,0.0032976537
1570.8629621144455,1570.8629621144455,1.0034,0.0032997192
1570.8643509952904,1570.8643509952904,1.0019567,0.0032968344
1570.8657398759026,1570.8657398759026,1.0023681,0.0032989895
1570.8671287567468,1570.8671287567468,1.0064468,0.0032956228
1570.8685176375911,1570.8685176375911,1.0082314,0.0033006205
1570.8699065184364,1570.8699065184364,1.0040758,0.0032989122
1570.8712953990478,1570.8712953990478,1.0045317,0.0033003408
1570.872684279892,1570.872684279892,1.0060867,0.0032966225
1570.8740731607372,1570.8740731607372,1.0018859,0.0032943795
1570.875462041582,1570.875462041582,1.0049186,0.003297433
1570.8768509221943,1570.8768509221943,1.0036278,0.0032942132
1570.8796286838842,1570.8796286838842,1.0027043,0.0032924456
1570.8810175647295,1570.8810175647295,1.0039905,0.0033017562
1570.882406445574,1570.882406445574,1.0045509,0.0032891734
1570.8837953261852,1570.8837953261852,1.0077691,0.0032928912
1570.8851842070303,1570.8851842070303,1.0026265,0.0033020086
1570.8865730878751,1570.8865730878751,1.0025564,0.0032926654
1570.8879619687195,1570.8879619687195,1.0032835,0.0032882723
1570.889350849331,1570.889350849331,1.0059954,0.0032910337
1570.890739730176,1570.890739730176,1.0021619,0.0032867724
1570.8921286110203,1570.8921286110203,1.0045314,0.0032874246
1570.8935174918647,1570.8935174918647,1.0097371,0.0033012405
1570.894906372477,1570.894906372477,1.0067358,0.00329514
1570.896295253322,1570.896295253322,1.0090994,0.0032878693
1570.8976841341664,1570.8976841341664,1.0049495,0.0032872618
1570.8990730150108,1570.8990730150108,1.005813,0.0032846027
1570.9004618956228,1570.9004618956228,1.0128499,0.003289671
1570.9018507764679,1570.9018507764679,1.0043341,0.0032887843
1570.903239657312,1570.903239657312,1.0066339,0.003295865
1570.9046285381564,1570.9046285381564,1.0046418,0.00328239
1570.9060174190017,1570.9060174190017,1.0124902,0.0032902483
1570.907406299613,1570.907406299613,1.0075533,0.0032811868
1570.9087951804572,1570.9087951804572,1.0091953,0.0032846422
1570.9101840613025,1570.9101840613025,1.0064825,0.0032810555
1570.9115729421483,1570.9115729421483,1.0018128,0.0032791786
1570.9129618227603,1570.9129618227603,1.0075536,0.003280291
1570.9143507036047,1570.9143507036047,1.0041672,0.003289185
1570.9157395844495,1570.9157395844495,1.0133119,0.0032767144
1570.9171284652948,1570.9171284652948,1.0070364,0.0032756543
1570.9185173459064,1570.9185173459064,1.0061439,0.0032774704
1570.9199062267505,1570.9199062267505,1.0061362,0.0032724484
1570.9212951075956,1570.9212951075956,1.005311,0.0032752545
1570.9226839884404,1570.9226839884404,1.0067645,0.0032763863
1570.924072869052,1570.924072869052,1.0096432,0.003270546
1570.9254617498964,1570.9254617498964,1.0079795,0.003271678
1570.9268506307412,1570.9268506307412,1.0066241,0.0032832078
1570.9282395115856,1570.9282395115856,1.0092555,0.0032701122
1570.9296283921972,1570.9296283921972,1.0242536,0.0032711932
1570.9310172730422,1570.9310172730422,1.0074654,0.0032905005
1570.9324061538873,1570.9324061538873,1.0112681,0.0032685034
1570.9337950347317,1570.9337950347317,1.0115523,0.0032673774
1570.935183915576,1570.935183915576,1.0087345,0.0032636365
1570.936572796188,1570.936572796188,1.0111936,0.0032642267
1570.9379616770332,1570.9379616770332,1.0088187,0.0032806802
1570.9393505578773,1570.9393505578773,1.0047191,0.0032633597
1570.9407394387217,1570.9407394387217,1.0098017,0.0032618626
1570.9421283193342,1570.9421283193342,1.0021951,0.0032712833
1570.943517200179,1570.943517200179,1.0151685,0.0032598786
1570.9449060810234,1570.9449060810234,1.0084611,0.003259065
1570.9462949618683,1570.9462949618683,1.0118147,0.0032602455
1570.9476838424812,1570.9476838424812,1.0134791,0.00326902
1570.9490727233256,1570.9490727233256,1.0126828,0.0032643978
1570.95046160417,1570.95046160417,1.0115527,0.0032549223
1570.9518504850148,1570.9518504850148,1.0124255,0.0032549219
1570.9532393656273,1570.9532393656273,1.0067798,0.0032551256
1570.9546282464717,1570.9546282464717,1.009276,0.003253841
1570.9560171273158,1570.9560171273158,1.0076486,0.0032518792
1570.957406008161,1570.957406008161,1.0082957,0.0032494885
1570.958794888773,1570.958794888773,1.0108216,0.0032511759
1570.9601837696173,1570.9601837696173,1.0105128,0.0032497474
1570.9615726504617,1570.9615726504617,1.0113881,0.0032498862
1570.9629615313065,1570.9629615313065,1.009247,0.003260401
1570.964350411918,1570.964350411918,1.0096737,0.003247813
1570.9657392927625,1570.9657392927625,1.007758,0.0032500671
1570.9671281736075,1570.9671281736075,1.011019,0.003245524
1570.9685170544526,1570.9685170544526,1.0128329,0.0032480292
1570.9699059350642,1570.9699059350642,1.0127048,0.0032474573
1570.9712948159085,1570.9712948159085,1.0170401,0.00324183
1570.9726836967534,1570.9726836967534,1.0141306,0.0032401844
1570.9740725775985,1570.9740725775985,1.012819,0.0032393427
1570.9754614582098,1570.9754614582098,1.0105966,0.0032418615
1570.9768503390542,1570.9768503390542,1.0107713,0.0032384668
1570.9782392198995,1570.9782392198995,1.0149142,0.0032376302
1570.9796281007443,1570.9796281007443,1.0113767,0.0032370249
1570.9810169813559,1570.9810169813559,1.0155544,0.0032347345
1570.9824058622007,1570.9824058622007,1.0127276,0.0032402931
1570.9837947430465,1570.9837947430465,1.0084411,0.0032463982
1570.9851836238909,1570.9851836238909,1.0124661,0.0032325087
1570.9865725045024,1570.9865725045024,1.0164963,0.0032365278
1570.9879613853473,1570.9879613853473,1.0152313,0.0032328255
1570.9893502661926,1570.9893502661926,1.0105956,0.0032303184
1570.990739147037,1570.990739147037,1.0129573,0.0032292993
1570.9921280276483,1570.9921280276483,1.0118593,0.0032293813
1570.9935169084933,1570.9935169084933,1.0086179,0.0032251948
1570.9949057893382,1570.9949057893382,1.0134873,0.0032236713
1570.9962946701826,1570.9962946701826,1.0110663,0.003231512
1570.9976835507941,1570.9976835507941,1.0130689,0.0032275855
1570.999072431639,1570.999072431639,1.0138435,0.003223329
1571.0004613124834,1571.0004613124834,1.012258,0.003222547
1571.0018501933278,1571.0018501933278,1.0171498,0.0032348528
1571.00323907394,1571.00323907394,1.0167911,0.0032199752
1571.004627954785,1571.004627954785,1.0178478,0.0032194504
1571.0060168356295,1571.0060168356295,1.0165138,0.0032199149
1571.007405716241,1571.007405716241,1.011047,0.0032184876
1571.0087945970859,1571.0087945970859,1.0114394,0.0032157786
1571.010183477931,1571.010183477931,1.0114347,0.0032181486
1571.011572358775,1571.011572358775,1.0107509,0.003224048
1571.0129612393866,1571.0129612393866,1.0097238,0.0032126664
1571.014350120232,1571.014350120232,1.0075102,0.0032094605
1571.0157390010768,1571.0157390010768,1.0112723,0.003209117
1571.0171278819212,1571.0171278819212,1.013855,0.003212784
1571.0185167625332,1571.0185167625332,1.0162891,0.0032126687
1571.019905643379,1571.019905643379,1.0119381,0.0032067127
1571.0212945242233,1571.0212945242233,1.0080268,0.0032045832
1571.0226834048349,1571.0226834048349,1.015026,0.0032047592
1571.0240722856797,1571.0240722856797,1.0174329,0.0032041576
1571.025461166525,1571.025461166525,1.0107486,0.0032023562
1571.0268500473694,1571.0268500473694,1.006203,0.0032020474
1571.0282389279807,1571.0282389279807,1.0121784,0.003197909
1571.0296278088258,1571.0296278088258,1.0087471,0.003193808
1571.0310166896707,1571.0310166896707,1.0100119,0.00319497
1571.0324055702822,1571.0324055702822,1.0157273,0.0031948795
1571.0337944511266,1571.0337944511266,1.0120736,0.0032031233
1571.0351833319714,1571.0351833319714,1.0128739,0.00319249
1571.0365722128158,1571.0365722128158,1.0092553,0.0031921247
1571.0379610934274,1571.0379610934274,1.0142329,0.003192198
1571.0393499742725,1571.0393499742725,1.0109378,0.003190455
1571.0407388551175,1571.0407388551175,1.0141625,0.003197546
1571.042127735729,1571.042127735729,1.0113711,0.0031877325
1571.0435166165735,1571.0435166165735,1.012466,0.0031911081
1571.0449054974183,1571.0449054974183,1.0141541,0.0031934113
1571.0462943782634,1571.0462943782634,1.0128149,0.0031812089
1571.0476832588747,1571.0476832588747,1.0140331,0.0031807607
1571.049072139719,1571.049072139719,1.0148264,0.003180572
1571.0504610205644,1571.0504610205644,1.0120778,0.003176847
1571.0518499011764,1571.0518499011764,1.0155561,0.0031795928
1571.0532387820208,1571.0532387820208,1.0136144,0.0031766293
1571.0546276628656,1571.0546276628656,1.0140742,0.0031871956
1571.0560165434786,1571.0560165434786,1.0125768,0.0031768943
1571.057405424323,1571.057405424323,1.0127562,0.0031855835
1571.0587943051673,1571.0587943051673,1.0065184,0.0031805313
1571.0601831857794,1571.0601831857794,1.009703,0.0031706034
1571.0615720666246,1571.0615720666246,1.0124131,0.0031707347
1571.062960947469,1571.062960947469,1.0118643,0.0031696667
1571.0643498283132,1571.0643498283132,1.0091276,0.0031778119
1571.0657387089254,1571.0657387089254,1.00971,0.003162523
1571.0671275897703,1571.0671275897703,1.0141629,0.0031636297
1571.0685164706147,1571.0685164706147,1.0073385,0.0031620127
1571.0699053512262,1571.0699053512262,1.0111425,0.0031632748
1571.071294232071,1571.071294232071,1.0112702,0.003163005
1571.0726831129164,1571.0726831129164,1.0162386,0.0031620157
1571.074071993528,1571.074071993528,1.0117826,0.0031573994
1571.075460874372,1571.075460874372,1.0149457,0.0031562925
1571.0768497552172,1571.0768497552172,1.0116553,0.0031536447
1571.0782386358287,1571.0782386358287,1.0081913,0.0031534908
1571.079627516673,1571.079627516673,1.0151802,0.0031517497
1571.081016397518,1571.081016397518,1.0139811,0.0031533453
1571.0824052781302,1571.0824052781302,1.0112054,0.0031511555
1571.0837941589743,1571.0837941589743,1.0138465,0.0031532783
1571.0851830398187,1571.0851830398187,1.0052998,0.0031494803
1571.0865719204312,1571.0865719204312,1.0133795,0.0031427795
1571.087960801276,1571.087960801276,1.0109906,0.003143659
1571.0893496821204,1571.0893496821204,1.011755,0.0031483779
1571.0907385627324,1571.0907385627324,1.0087248,0.0031442663
1571.0921274435782,1571.0921274435782,1.0130161,0.0031409208
1571.0935163244226,1571.0935163244226,1.0065011,0.003142786
1571.0949052050341,1571.0949052050341,1.0139501,0.0031428672
1571.096294085879,1571.096294085879,1.0099782,0.0031522869
1571.0976829667243,1571.0976829667243,1.0134546,0.003140144
1571.0990718473358,1571.0990718473358,1.0097843,0.0031340697
1571.10046072818,1571.10046072818,1.0105792,0.0031340846
1571.101849609025,1571.101849609025,1.0083538,0.0031465676
1571.103238489637,1571.103238489637,1.0074122,0.0031275027
1571.1046273704815,1571.1046273704815,1.0106393,0.0031345584
1571.106016251093,1571.106016251093,1.0108684,0.003144295
1571.1074051319379,1571.1074051319379,1.0102413,0.0031292557
1571.1087940127832,1571.1087940127832,1.015105,0.003132259
1571.1101828933947,1571.1101828933947,1.0147457,0.0031279265
1571.111571774239,1571.111571774239,1.0093181,0.0031283766
1571.112960655084,1571.112960655084,1.0132796,0.003122371
1571.1143495356955,1571.1143495356955,1.0085669,0.003122773
1571.11573841654,1571.11573841654,1.0131943,0.0031195874
1571.1171272973847,1571.1171272973847,1.0128629,0.0031245386
1571.118516177997,1571.118516177997,1.0125451,0.00312326
1571.1199050588411,1571.1199050588411,1.0106603,0.0031208256
1571.1212939394527,1571.1212939394527,1.0108399,0.0031232724
1571.122682820298,1571.122682820298,1.0109384,0.0031159
1571.1240717011428,1571.1240717011428,1.0125927,0.0031156468
1571.1254605817544,1571.1254605817544,1.011097,0.0031229833
1571.1268494625992,1571.1268494625992,1.0113478,0.0031175886
1571.128238343445,1571.128238343445,1.0145464,0.003123393
1571.1296272240565,1571.1296272240565,1.0112247,0.0031159902
1571.131016104901,1571.131016104901,1.0132555,0.0031140507
1571.132404985513,1571.132404985513,1.0121804,0.003113643
1571.1337938663582,1571.1337938663582,1.0108688,0.0031119706
1571.1351827472026,1571.1351827472026,1.015375,0.0031094414
1571.136571627814,1571.136571627814,1.0152776,0.0031115364
1571.137960508659,1571.137960508659,1.0147789,0.0031113042
1571.139349389271,1571.139349389271,1.0172743,0.0031140528
1571.1407382701154,1571.1407382701154,1.0102063,0.0031177115
1571.1421271509598,1571.1421271509598,1.0150875,0.0031106933
1571.1435160315718,1571.1435160315718,1.011348,0.003108112
1571.1449049124171,1571.1449049124171,1.0104086,0.0031083308
1571.1462937930287,1571.1462937930287,1.0143101,0.0031035296
1571.147682673873,1571.147682673873,1.0130254,0.0031054232
1571.149071554718,1571.149071554718,1.0184962,0.0031036183
1571.1504604353295,1571.1504604353295,1.0135744,0.0031063806
1571.1518493161739,1571.1518493161739,1.0122073,0.003100294
1571.1532381967859,1571.1532381967859,1.0106615,0.0031092442
1571.154627077631,1571.154627077631,1.01451,0.00310498
1571.1560159582423,1571.1560159582423,1.0099232,0.003102513
1571.1574048390867,1571.1574048390867,1.0139427,0.0031003384
1571.158793719932,1571.158793719932,1.0188347,0.0031121399
1571.160182600544,1571.160182600544,1.0127833,0.0031014318
1571.1615714813884,1571.1615714813884,1.0166032,0.003096231
1571.1629603620004,1571.1629603620004,1.0150313,0.0030999712
1571.1643492428461,1571.1643492428461,1.0106761,0.0030950883
1571.1657381234577,1571.1657381234577,1.0162375,0.0030914505
1571.167127004302,1571.167127004302,1.0098999,0.0030994988
1571.168515885147,1571.168515885147,1.0120414,0.0030930194
1571.1699047657594,1571.1699047657594,1.0137652,0.0030908543
1571.1712936466038,1571.1712936466038,1.015907,0.0030907071
1571.172682527215,1571.172682527215,1.0107878,0.003090502
1571.1740714080602,1571.1740714080602,1.0116795,0.003091343
1571.1754602886722,1571.1754602886722,1.0177622,0.003101885
1571.1768491695166,1571.1768491695166,1.0122937,0.0030997237
1571.1782380501281,1571.1782380501281,1.0126522,0.0030978192
1571.179626930973,1571.179626930973,1.0111557,0.0030896056
1571.1810158118183,1571.1810158118183,1.0092778,0.0030841401
1571.1824046924298,1571.1824046924298,1.0132238,0.00308486
1571.1837935732742,1571.1837935732742,1.0176116,0.0030868305
1571.1851824538862,1571.1851824538862,1.0131996,0.0030965253
1571.1865713347306,1571.1865713347306,1.0107456,0.0030849015
1571.1879602153422,1571.1879602153422,1.0159415,0.0030853825
1571.189349096187,1571.189349096187,1.0134609,0.0030821876
1571.1907379767993,1571.1907379767993,1.0160666,0.0030835725
1571.1921268576434,1571.1921268576434,1.012097,0.0030849832
1571.193515738255,1571.193515738255,1.013586,0.0030813254
1571.1949046191003,1571.1949046191003,1.0175183,0.0030819168
1571.1962934997123,1571.1962934997123,1.0127419,0.0030790064
1571.1976823805567,1571.1976823805567,1.0112964,0.0030777913
1571.1990712611682,1571.1990712611682,1.0189993,0.0030796123
1571.200460142014,1571.200460142014,1.0151349,0.0030883658
1571.201849022627,1571.201849022627,1.0183176,0.0030790213
1571.203237903471,1571.203237903471,1.0154995,0.003090298
1571.2046267843152,1571.2046267843152,1.0138452,0.0030775317
1571.2060156649277,1571.2060156649277,1.015912,0.0030770157
1571.207404545772,1571.207404545772,1.0131342,0.00308074
1571.2087934263834,1571.2087934263834,1.0114893,0.0030777936
1571.2101823072285,1571.2101823072285,1.0126034,0.0030880978
1571.2115711878405,1571.2115711878405,1.017211,0.0030766549
1571.2129600686849,1571.2129600686849,1.0193908,0.0030743333
1571.2143489492964,1571.2143489492964,1.0135751,0.0030725515
1571.2157378299084,1571.2157378299084,1.0136569,0.003092672
1571.2171267107537,1571.2171267107537,1.0131762,0.0030720634
1571.2185155913653,1571.2185155913653,1.0106913,0.0030849804
1571.2199044722097,1571.2199044722097,1.0143718,0.0030730576
1571.2212933528217,1571.2212933528217,1.0116132,0.00308223
1571.222682233666,1571.222682233666,1.0117929,0.0030699288
1571.2240711142776,1571.2240711142776,1.0133674,0.003072685
1571.2254599951225,1571.2254599951225,1.0133551,0.0030677372
1571.2268488757347,1571.2268488757347,1.011789,0.0030715233
1571.228237756579,1571.228237756579,1.012109,0.0030671633
1571.2296266371904,1571.2296266371904,1.0157871,0.0030679791
1571.2310155180357,1571.2310155180357,1.0115795,0.003076482
1571.2324043986478,1571.2324043986478,1.014444,0.0030686113
1571.2337932794921,1571.2337932794921,1.012711,0.003066499
1571.2351821601037,1571.2351821601037,1.0146079,0.0030671426
1571.2365710409495,1571.2365710409495,1.0144465,0.0030679745
1571.2379599215624,1571.2379599215624,1.0144051,0.003064318
1571.2393488021737,1571.2393488021737,1.0103505,0.003074489
1571.2407376830179,1571.2407376830179,1.016126,0.003069842
1571.2421265636303,1571.2421265636303,1.0185038,0.0030766344
1571.2435154444747,1571.2435154444747,1.010945,0.0030626333
1571.244904325086,1571.244904325086,1.0127199,0.0030640194
1571.2462932059311,1571.2462932059311,1.0149362,0.0030649474
1571.2476820865431,1571.2476820865431,1.0139234,0.00305937
1571.2490709673875,1571.2490709673875,1.0133798,0.003077288
1571.250459847999,1571.250459847999,1.011439,0.003061307
1571.251848728611,1571.251848728611,1.0130609,0.0030574265
1571.2532376094564,1571.2532376094564,1.0136464,0.0030588957
1571.254626490068,1571.254626490068,1.016633,0.003055826
1571.2560153709123,1571.2560153709123,1.0181268,0.0030584473
1571.2574042515243,1571.2574042515243,1.018665,0.0030579392
1571.2587931323687,1571.2587931323687,1.0118982,0.0030675523
1571.2601820129803,1571.2601820129803,1.014686,0.0030582256
1571.2615708935923,1571.2615708935923,1.0127426,0.0030658422
1571.2629597744374,1571.2629597744374,1.0126488,0.0030594599
1571.2643486550487,1571.2643486550487,1.0161302,0.0030539357
1571.265737535893,1571.265737535893,1.0142201,0.003064553
1571.2671264165056,1571.2671264165056,1.0083792,0.0030511657
1571.2685152971176,1571.2685152971176,1.0114412,0.003051237
1571.269904177962,1571.269904177962,1.0125761,0.0030506307
1571.2712930585735,1571.2712930585735,1.0153089,0.0030539394
1571.2726819394184,1571.2726819394184,1.0094986,0.0030506216
1571.2740708200313,1571.2740708200313,1.0114882,0.0030544654
1571.2754597006435,1571.2754597006435,1.0121647,0.0030492595
1571.2768485814877,1571.2768485814877,1.0159552,0.0030555637
1571.2782374621002,1571.2782374621002,1.0087993,0.0030485364
1571.2796263427117,1571.2796263427117,1.0141928,0.0030495853
1571.2810152235559,1571.2810152235559,1.012562,0.0030447475
1571.282404104168,1571.282404104168,1.0187479,0.0030530498
1571.283792985013,1571.283792985013,1.0154673,0.0030454178
1571.2851818656245,1571.2851818656245,1.0219522,0.0030500554
1571.286570746236,1571.286570746236,1.0114123,0.0030447717
1571.287959627081,1571.287959627081,1.0126514,0.003047177
1571.2893485076934,1571.2893485076934,1.0123614,0.0030504628
1571.290737388305,1571.290737388305,1.0108464,0.0030410816
1571.2921262691493,1571.2921262691493,1.0107723,0.003040452
1571.2935151497613,1571.2935151497613,1.0102009,0.0030425882
1571.294904030373,1571.294904030373,1.0147699,0.0030511706
1571.2962929112173,1571.2962929112173,1.0108626,0.0030509096
1571.2976817918293,1571.2976817918293,1.0118821,0.003035246
1571.2990706724415,1571.2990706724415,1.0132716,0.003045989
1571.3004595532857,1571.3004595532857,1.0123299,0.0030361498
1571.3018484338972,1571.3018484338972,1.0059594,0.0030346033
1571.3032373145097,1571.3032373145097,1.0096354,0.0030383084
1571.3046261953546,1571.3046261953546,1.0172745,0.0030348503
1571.3060150759661,1571.3060150759661,1.0147585,0.0030454935
1571.3074039565777,1571.3074039565777,1.0117339,0.0030338706
1571.3087928374225,1571.3087928374225,1.0147343,0.0030321886
1571.310181718035,1571.310181718035,1.0115914,0.003043527
1571.311570598647,1571.311570598647,1.0140994,0.0030307316
1571.3129594794918,1571.3129594794918,1.015482,0.0030306324
1571.3143483601043,1571.3143483601043,1.0150396,0.0030281702
1571.3157372407159,1571.3157372407159,1.0095388,0.0030402695
1571.31712612156,1571.31712612156,1.0071125,0.0030296373
1571.3185150021723,1571.3185150021723,1.0073521,0.0030218798
1571.3199038827843,1571.3199038827843,1.0109336,0.0030236002
1571.3212927636287,1571.3212927636287,1.0112712,0.003023005
1571.3226816442402,1571.3226816442402,1.0141426,0.0030260992
1571.3240705248522,1571.3240705248522,1.0111914,0.0030276321
1571.3254594054647,1571.3254594054647,1.0077008,0.0030163205
1571.326848286309,1571.326848286309,1.0117631,0.00301914
1571.3282371669206,1571.3282371669206,1.010256,0.0030233914
1571.3296260475327,1571.3296260475327,1.012173,0.003019553
1571.331014928377,1571.331014928377,1.0153698,0.003017548
1571.3324038089886,1571.3324038089886,1.0127627,0.0030147028
1571.3337926896006,1571.3337926896006,1.0125306,0.003018956
1571.3351815702129,1571.3351815702129,1.0146834,0.0030152507
1571.336570451057,1571.336570451057,1.0120289,0.003013164
1571.3379593316686,1571.3379593316686,1.0093836,0.0030120737
1571.339348212281,1571.339348212281,1.0115782,0.0030215501
1571.340737092893,1571.340737092893,1.0089638,0.003008374
1571.3421259737374,1571.3421259737374,1.0104802,0.003013314
1571.343514854349,1571.343514854349,1.0105075,0.00302168
1571.344903734961,1571.344903734961,1.0153786,0.003009279
1571.3462926155735,1571.3462926155735,1.0119016,0.0030075149
1571.3476814964176,1571.3476814964176,1.011888,0.003005984
1571.3490703770299,1571.3490703770299,1.0136069,0.0030072518
1571.3504592576428,1571.3504592576428,1.0075431,0.0030002943
1571.3518481382544,1571.3518481382544,1.0126674,0.0030029553
1571.3532370190985,1571.3532370190985,1.0088433,0.0030051745
1571.3546258997108,1571.3546258997108,1.009544,0.0030103312
1571.3560147803228,1571.3560147803228,1.0130798,0.0030002554
1571.3574036609343,1571.3574036609343,1.0081557,0.0030000787
1571.3587925415459,1571.3587925415459,1.0095342,0.0030027647
1571.3601814223907,1571.3601814223907,1.0096529,0.0029972643
1571.3615703030032,1571.3615703030032,1.0068365,0.0029935194
1571.3629591836147,1571.3629591836147,1.0131311,0.0030029863
1571.3643480642263,1571.3643480642263,1.0087879,0.0030083426
1571.3657369448383,1571.3657369448383,1.0067115,0.0029934682
1571.3671258256832,1571.3671258256832,1.0123241,0.0029925897
1571.3685147062947,1571.3685147062947,1.0097021,0.0029956864
1571.3699035869063,1571.3699035869063,1.0093791,0.0029890572
1571.3712924675185,1571.3712924675185,1.0076997,0.0029896758
1571.3726813481298,1571.3726813481298,1.0104257,0.0029899955
1571.3740702289742,1571.3740702289742,1.0116655,0.0029979656
1571.3754591095867,1571.3754591095867,1.0076247,0.0029918044
1571.3768479901987,1571.3768479901987,1.0084863,0.002987413
1571.3782368708103,1571.3782368708103,1.0089108,0.002984684
1571.3796257514218,1571.3796257514218,1.009168,0.002985574
1571.3810146320338,1571.3810146320338,1.0111674,0.002983852
1571.3824035128791,1571.3824035128791,1.008977,0.002981616
1571.3837923934905,1571.3837923934905,1.0085679,0.0029826518
1571.3851812741018,1571.3851812741018,1.009073,0.0029835287
1571.3865701547147,1571.3865701547147,1.0045465,0.0029808355
1571.3879590353272,1571.3879590353272,1.0099581,0.0029852416
1571.3893479159385,1571.3893479159385,1.0105585,0.0029791512
1571.3907367967836,1571.3907367967836,1.0120348,0.0029856942
1571.3921256773956,1571.3921256773956,1.0134177,0.002977238
1571.3935145580072,1571.3935145580072,1.0129493,0.0029805056
1571.3949034386187,1571.3949034386187,1.008959,0.0029792658
1571.3962923192307,1571.3962923192307,1.0085723,0.0029745786
1571.3976811998432,1571.3976811998432,1.0103526,0.0029783358
1571.3990700804547,1571.3990700804547,1.0080212,0.0029863266
1571.4004589612991,1571.4004589612991,1.0076514,0.0029715023
1571.4018478419111,1571.4018478419111,1.0067669,0.0029690575
1571.4032367225232,1571.4032367225232,1.0047841,0.00297015
1571.4046256031347,1571.4046256031347,1.0068502,0.0029720757
1571.4060144837463,1571.4060144837463,1.0066634,0.0029683579
1571.4074033643585,1571.4074033643585,1.0122011,0.0029706445
1571.4087922449698,1571.4087922449698,1.0031575,0.0029687942
1571.4101811255814,1571.4101811255814,1.0070399,0.002973711
1571.4115700061939,1571.4115700061939,1.0059597,0.0029683798
1571.4129588868059,1571.4129588868059,1.0043362,0.002966788
1571.4143477676503,1571.4143477676503,1.0070914,0.0029643998
1571.4157366482618,1571.4157366482618,1.0120558,0.0029642815
1571.4171255288738,1571.4171255288738,1.006358,0.0029652608
1571.4185144094863,1571.4185144094863,1.0029174,0.0029654298
1571.4199032900976,1571.4199032900976,1.01029,0.0029622067
1571.421292170709,1571.421292170709,1.0107167,0.0029652193
1571.4226810513214,1571.4226810513214,1.0051091,0.0029705411
1571.424069931933,1571.424069931933,1.005146,0.0029620118
1571.425458812545,1571.425458812545,1.0091062,0.0029597613
1571.426847693158,1571.426847693158,1.0064882,0.002969709
1571.42823657377,1571.42823657377,1.0047988,0.0029584346
1571.4296254543815,1571.4296254543815,1.006692,0.0029588237
1571.431014334993,1571.431014334993,1.0069327,0.002958607
1571.432403215605,1571.432403215605,1.0070679,0.0029567974
1571.4337920964504,1571.4337920964504,1.0042062,0.002957355
1571.435180977062,1571.435180977062,1.006351,0.0029569585
1571.4365698576735,1571.4365698576735,1.0037402,0.0029642135
1571.4379587382855,1571.4379587382855,1.0025909,0.0029558958
1571.4393476188975,1571.4393476188975,1.0111632,0.0029570663
1571.440736499509,1571.440736499509,1.0022744,0.0029560323
1571.4421253801206,1571.4421253801206,1.0062128,0.0029535561
1571.4435142607329,1571.4435142607329,1.0070434,0.0029568581
1571.4449031413442,1571.4449031413442,1.0046282,0.0029555468
1571.4462920219557,1571.4462920219557,1.0013167,0.0029574381
1571.4476809025682,1571.4476809025682,1.0058694,0.0029510772
1571.4490697831802,1571.4490697831802,1.0047089,0.002955052
1571.4504586637918,1571.4504586637918,1.0037469,0.0029535673
1571.4518475444033,1571.4518475444033,1.0018411,0.002950775
1571.4532364250153,1571.4532364250153,1.0058271,0.002957899
1571.4546253056278,1571.4546253056278,1.0031276,0.0029510262
1571.4560141862391,1571.4560141862391,1.0071785,0.002951951
1571.4574030668505,1571.4574030668505,1.0087467,0.0029580407
1571.458791947463,1571.458791947463,1.0043633,0.002960046
1571.4601808280745,1571.4601808280745,1.0074333,0.0029543673
1571.4615697086858,1571.4615697086858,1.0031421,0.0029511766
1571.4629585892985,1571.4629585892985,1.0039546,0.0029556507
1571.4643474699114,1571.4643474699114,1.0059487,0.0029491163
1571.465736350523,1571.465736350523,1.010483,0.0029507712
1571.4671252311346,1571.4671252311346,1.0119834,0.0029514895
1571.4685141117466,1571.4685141117466,1.0094267,0.002949793
1571.469902992359,1571.469902992359,1.0095288,0.0029515466
1571.4712918729706,1571.4712918729706,1.0101962,0.0029536744
1571.4726807533493,1571.4726807533493,1.0114936,0.002953297
1571.4740696339613,1571.4740696339613,1.0072,0.002948195
1571.4754585145733,1571.4754585145733,1.0055885,0.0029515298
1571.476847395185,1571.476847395185,1.0075463,0.0029555701
1571.4782362757965,1571.4782362757965,1.0099301,0.002950567
1571.4796251564087,1571.4796251564087,1.0115288,0.0029553862
1571.48101403702,1571.48101403702,1.006618,0.0029502937
1571.4824029176316,1571.4824029176316,1.007798,0.0029485573
1571.483791798244,1571.483791798244,1.0075328,0.002955422
1571.485180678856,1571.485180678856,1.0062826,0.0029589818
1571.4865695594676,1571.4865695594676,1.0046699,0.0029466164
1571.4879584400792,1571.4879584400792,1.0038055,0.0029508728
1571.4893473206912,1571.4893473206912,1.0018349,0.0029588745
1571.4907362013037,1571.4907362013037,1.0020713,0.002956037
1571.4921250816822,1571.4921250816822,1.0029293,0.0029617948
1571.4935139622935,1571.4935139622935,1.0047103,0.0029493826
1571.494902842906,1571.494902842906,0.99929065,0.0029572507
1571.496291723518,1571.496291723518,1.0048939,0.002948625
1571.4976806041295,1571.4976806041295,1.000895,0.0029463137
1571.499069484741,1571.499069484741,1.0001993,0.002947465
1571.500458365353,1571.500458365353,0.99950826,0.0029469503
1571.5018472459656,1571.5018472459656,0.9996963,0.002956196
1571.5032361263447,1571.5032361263447,1.0012205,0.0029457235
1571.5046250069568,1571.5046250069568,1.0017023,0.0029527526
1571.5060138875692,1571.5060138875692,0.9998358,0.0029444275
1571.5074027681808,1571.5074027681808,1.0009184,0.0029471244
1571.5087916487923,1571.5087916487923,1.0039102,0.002947852
1571.5101805294044,1571.5101805294044,0.998793,0.0029534579
1571.5115694100164,1571.5115694100164,1.0018821,0.0029482169
1571.512958290395,1571.512958290395,1.0025615,0.0029477645
1571.5143471710066,1571.5143471710066,1.0016824,0.00294706
1571.515736051619,1571.515736051619,1.0004916,0.0029494027
1571.5171249322302,1571.5171249322302,1.0011683,0.0029477396
1571.5185138128418,1571.5185138128418,1.0002372,0.002943939
1571.5199026934542,1571.5199026934542,1.0031133,0.0029506837
1571.5212915738334,1571.5212915738334,1.0039109,0.0029476704
1571.522680454445,1571.522680454445,0.9990157,0.0029568325
1571.5240693350565,1571.5240693350565,0.99926066,0.0029459163
1571.5254582156686,1571.5254582156686,0.997534,0.0029451416
1571.526847096281,1571.526847096281,1.0013994,0.0029449903
1571.5282359768923,1571.5282359768923,1.0030276,0.0029463833
1571.5296248572708,1571.5296248572708,0.9989372,0.0029443786
1571.5310137378833,1571.5310137378833,1.0032438,0.0029474513
1571.5324026184953,1571.5324026184953,0.9989348,0.0029407346
1571.5337914991069,1571.5337914991069,0.9983596,0.0029445472
1571.5351803797184,1571.5351803797184,0.9992448,0.0029468182
1571.5365692600976,1571.5365692600976,1.0001141,0.0029469817
1571.5379581407092,1571.5379581407092,1.0016718,0.0029453642
1571.5393470213207,1571.5393470213207,0.99674124,0.0029465235
1571.5407359019337,1571.5407359019337,1.008803,0.002946368
1571.5421247823137,1571.5421247823137,1.002971,0.0029426827
1571.5435136629253,1571.5435136629253,1.0032929,0.0029499754
1571.5449025435369,1571.5449025435369,1.0042304,0.0029432348
1571.5462914241489,1571.5462914241489,0.99831486,0.002943415
1571.547680304528,1571.547680304528,0.99963427,0.0029576225
1571.5490691851396,1571.5490691851396,1.0009128,0.0029473766
1571.5504580657512,1571.5504580657512,1.0011213,0.0029546176
1571.5518469463634,1571.5518469463634,1.000385,0.002943975
1571.553235826742,1571.553235826742,1.0000111,0.0029454904
1571.5546247073535,1571.5546247073535,0.99504083,0.0029442452
1571.556013587966,1571.556013587966,0.9982941,0.0029427689
1571.557402468578,1571.557402468578,0.9936278,0.0029433218
1571.5587913489567,1571.5587913489567,0.9950656,0.0029563184
1571.5601802295682,1571.5601802295682,0.9983334,0.0029469193
1571.5615691101802,1571.5615691101802,0.9990385,0.0029438436
1571.5629579907927,1571.5629579907927,1.0009663,0.0029530239
1571.5643468711712,1571.5643468711712,0.997838,0.0029422697
1571.5657357517825,1571.5657357517825,0.999431,0.0029432157
1571.567124632395,1571.567124632395,0.99702096,0.0029474478
1571.5685135127742,1571.5685135127742,0.9982581,0.0029440043
1571.5699023933857,1571.5699023933857,0.9981952,0.0029427896
1571.5712912739973,1571.5712912739973,0.99958515,0.0029462634
1571.5726801543765,1571.5726801543765,0.99620426,0.002943266
1571.574069034988,1571.574069034988,0.99578583,0.0029534458
1571.5754579155996,1571.5754579155996,0.9958705,0.0029417425
1571.5768467959788,1571.5768467959788,0.9943022,0.0029489463
1571.5782356765912,1571.5782356765912,0.9996479,0.0029545936
1571.5796245572033,1571.5796245572033,0.99377275,0.002950683
1571.581013437583,1571.581013437583,0.99560297,0.0029426157
1571.582402318195,1571.582402318195,1.0008887,0.0029472043
1571.583791198807,1571.583791198807,0.9972531,0.0029395558
1571.5851800791856,1571.5851800791856,0.9945388,0.0029416662
1571.5865689597972,1571.5865689597972,0.99320734,0.0029450771
1571.5879578404094,1571.5879578404094,0.99722016,0.0029401614
1571.589346720788,1571.589346720788,0.99391854,0.0029462322
1571.5907356013995,1571.5907356013995,0.98931515,0.0029394901
1571.592124482012,1571.592124482012,0.9972934,0.0029453393
1571.5935133623911,1571.5935133623911,0.9941998,0.002942885
1571.5949022430027,1571.5949022430027,0.99439293,0.0029390054
1571.5962911233814,1571.5962911233814,0.990491,0.0029517193
1571.5976800039934,1571.5976800039934,0.9966923,0.0029417858
1571.599068884606,1571.599068884606,0.9961624,0.0029390277
1571.6004577649844,1571.6004577649844,0.9944837,0.0029413104
1571.6018466455957,1571.6018466455957,0.9959327,0.0029428557
1571.6032355259754,1571.6032355259754,0.99751955,0.00295552
1571.6046244065874,1571.6046244065874,0.9923296,0.0029380452
1571.606013287199,1571.606013287199,0.99327856,0.0029386024
1571.6074021675777,1571.6074021675777,0.9923536,0.0029411104
1571.6087910481897,1571.6087910481897,0.99281615,0.0029391097
1571.6101799285684,1571.6101799285684,0.99279594,0.0029405183
1571.61156880918,1571.61156880918,0.991637,0.00295921
1571.612957689792,1571.612957689792,0.99271065,0.0029402806
1571.6143465701716,1571.6143465701716,0.992962,0.0029404496
1571.6157354507832,1571.6157354507832,0.99044764,0.002937653
1571.617124331162,1571.617124331162,0.9907865,0.0029419675
1571.6185132117746,1571.6185132117746,0.9881964,0.0029431288
1571.6199020921545,1571.6199020921545,0.9941622,0.00294016
1571.621290972766,1571.621290972766,0.9926827,0.00293909
1571.6226798531447,1571.6226798531447,0.993904,0.0029390645
1571.624068733757,1571.624068733757,0.99687785,0.0029392794
1571.6254576143692,1571.6254576143692,0.9949136,0.0029380093
1571.626846494748,1571.626846494748,0.9931431,0.0029375195
1571.6282353753595,1571.6282353753595,0.9939444,0.0029437428
1571.6296242557387,1571.6296242557387,0.99284744,0.0029394883
1571.6310131363502,1571.6310131363502,0.99127346,0.002958575
1571.632402016729,1571.632402016729,0.99565023,0.0029366708
1571.633790897341,1571.633790897341,0.9906476,0.0029531626
1571.6351797777206,1571.6351797777206,0.989793,0.0029346151
1571.636568658332,1571.636568658332,0.99367774,0.002937064
1571.6379575387105,1571.6379575387105,0.99072194,0.002944829
1571.639346419323,1571.639346419323,0.987122,0.002950853
1571.640735299702,1571.640735299702,0.994268,0.002946703
1571.6421241803137,1571.6421241803137,0.99237454,0.002942166
1571.6435130606924,1571.6435130606924,0.98907185,0.002936329
1571.6449019413044,1571.6449019413044,0.99381286,0.0029377826
1571.6462908216831,1571.6462908216831,0.9845666,0.0029481214
1571.6476797022947,1571.6476797022947,1.0071172,0.0029611548
1571.6490685826739,1571.6490685826739,1.0077375,0.0029439547
1571.6504574630535,1571.6504574630535,1.0016391,0.0029405449
1571.651846343665,1571.651846343665,0.9969022,0.0029467337
1571.6532352240438,1571.6532352240438,0.9934675,0.0029401712
1571.6546241046558,1571.6546241046558,0.99691147,0.0029457773
1571.656012985035,1571.656012985035,0.99353063,0.0029508984
1571.6574018656465,1571.6574018656465,0.994981,0.0029402778
1571.6587907460262,1571.6587907460262,0.9933962,0.0029340184
1571.6601796266389,1571.6601796266389,0.9944654,0.0029405644
1571.6615685070183,1571.6615685070183,0.9955601,0.0029354668
1571.662957387397,1571.662957387397,0.99266744,0.0029340514
1571.6643462680086,1571.6643462680086,0.9910522,0.0029360522
1571.6657351483877,1571.6657351483877,0.9919574,0.0029352237
1571.6671240289993,1571.6671240289993,0.9941424,0.002936785
1571.668512909378,1571.668512909378,0.9916414,0.0029326659
1571.6699017897572,1571.6699017897572,0.9919494,0.002944396
1571.6712906703697,1571.6712906703697,0.9863179,0.0029312337
1571.6726795507482,1571.6726795507482,0.9894984,0.0029364876
1571.6740684313595,1571.6740684313595,0.9919255,0.0029400894
1571.6754573117391,1571.6754573117391,0.9909405,0.0029459468
1571.6768461921183,1571.6768461921183,0.99008405,0.0029354473
1571.6782350727299,1571.6782350727299,0.99066794,0.0029352196
1571.6796239531086,1571.6796239531086,0.9934973,0.0029342512
1571.6810128337206,1571.6810128337206,0.99023616,0.002931598
1571.6824017140993,1571.6824017140993,0.9882032,0.002930273
1571.683790594478,1571.683790594478,0.98878497,0.0029364617
1571.68517947509,1571.68517947509,0.99281317,0.0029384845
1571.6865683554697,1571.6865683554697,0.992594,0.0029345844
1571.6879572358484,1571.6879572358484,0.9917015,0.0029291771
1571.68934611646,1571.68934611646,0.99375427,0.0029328659
1571.6907349968392,1571.6907349968392,0.992121,0.0029296898
1571.6921238772184,1571.6921238772184,0.9902486,0.0029307834
1571.69351275783,1571.69351275783,0.9926755,0.0029351434
1571.6949016382086,1571.6949016382086,0.9915226,0.002928612
1571.696290518588,1571.696290518588,0.98908603,0.002931535
1571.6976793992008,1571.6976793992008,0.9922554,0.0029368019
1571.6990682795804,1571.6990682795804,0.99303186,0.0029280377
1571.7004571599591,1571.7004571599591,0.99213254,0.0029272025
1571.7018460405711,1571.7018460405711,0.9901961,0.002927797
1571.7032349209499,1571.7032349209499,0.9865808,0.0029273347
1571.7046238013286,1571.7046238013286,0.9901813,0.00292628
1571.7060126817078,1571.7060126817078,0.9911274,0.0029251126
1571.7074015623202,1571.7074015623202,0.98965573,0.0029267983
1571.7087904426987,1571.7087904426987,0.9922636,0.002927323
1571.7101793230772,1571.7101793230772,0.991831,0.002932349
1571.7115682036897,1571.7115682036897,0.98995614,0.002927852
1571.7129570840689,1571.7129570840689,0.9911709,0.0029231268
1571.7143459644476,1571.7143459644476,0.9887629,0.0029298752
1571.7157348448263,1571.7157348448263,0.9900048,0.0029406003
1571.7171237254383,1571.7171237254383,0.9906899,0.00292447
1571.718512605817,1571.718512605817,0.9885374,0.0029249259
1571.7199014861958,1571.7199014861958,0.98846,0.002920128
1571.721290366575,1571.721290366575,0.9900195,0.0029243212
1571.7226792471874,1571.7226792471874,0.9860611,0.00292243
1571.7240681275662,1571.7240681275662,0.99175584,0.0029230842
1571.725457007945,1571.725457007945,0.99107534,0.0029218209
1571.726845888324,1571.726845888324,0.9882507,0.002919888
1571.728234768936,1571.728234768936,0.98657197,0.0029266127
1571.7296236493148,1571.7296236493148,0.9890739,0.002933666
1571.7310125296935,1571.7310125296935,0.985538,0.0029173878
1571.732401410073,1571.732401410073,0.9894783,0.0029187684
1571.7337902904524,1571.7337902904524,0.9874363,0.0029198588
1571.735179171064,1571.735179171064,0.98413825,0.0029170858
1571.7365680514426,1571.7365680514426,0.9863737,0.0029187326
1571.7379569318227,1571.7379569318227,0.9918704,0.0029177498
1571.739345812202,1571.739345812202,0.983507,0.0029122967
1571.7407346925806,1571.7407346925806,0.98595643,0.0029124748
1571.7421235731927,1571.7421235731927,0.9861719,0.00292154
1571.7435124535723,1571.7435124535723,0.98537743,0.0029246942
1571.7449013339508,1571.7449013339508,0.9843582,0.0029122627
1571.7462902143293,1571.7462902143293,0.9857142,0.002913053
1571.747679094709,1571.747679094709,0.9858164,0.0029104236
1571.749067975088,1571.749067975088,0.98880744,0.0029139023
1571.7504568556997,1571.7504568556997,0.98844206,0.0029083525
1571.7518457360784,1571.7518457360784,0.98447293,0.0029082776
1571.7532346164576,1571.7532346164576,0.9870765,0.0029090117
1571.7546234968372,1571.7546234968372,0.9819686,0.0029098536
1571.7560123772157,1571.7560123772157,0.986392,0.0029104764
1571.7574012575942,1571.7574012575942,0.9819192,0.0029047157
1571.7587901379738,1571.7587901379738,0.9871074,0.0029074042
1571.7601790185854,1571.7601790185854,0.9819568,0.002915129
1571.7615678989641,1571.7615678989641,0.98878163,0.0029084254
1571.7629567793433,1571.7629567793433,0.9831394,0.0029100324
1571.7643456597225,1571.7643456597225,0.98281586,0.0029097018
1571.7657345401012,1571.7657345401012,0.9846273,0.0029071183
1571.76712342048,1571.76712342048,0.98245096,0.0029049756
1571.7685123008594,1571.7685123008594,0.98438,0.002904433
1571.7699011812388,1571.7699011812388,0.99023217,0.002916925
1571.7712900616175,1571.7712900616175,0.9817576,0.0028993364
1571.7726789419962,1571.7726789419962,0.9874621,0.0029038754
1571.7740678226082,1571.7740678226082,0.98733383,0.0029044298
1571.775456702987,1571.775456702987,0.98317766,0.002900804
1571.7768455833657,1571.7768455833657,0.98780936,0.0029036067
1571.7782344637458,1571.7782344637458,0.97994244,0.002906895
1571.7796233441259,1571.7796233441259,0.9797924,0.0028968207
1571.7810122245044,1571.7810122245044,0.98293084,0.0028987369
1571.7824011048829,1571.7824011048829,0.98471546,0.0029004042
1571.7837899852625,1571.7837899852625,0.9854505,0.0029053553
1571.7851788656417,1571.7851788656417,0.9859543,0.0028959075
1571.7865677460204,1571.7865677460204,0.9830678,0.0029047995
1571.7879566263991,1571.7879566263991,0.9861102,0.0028973157
1571.7893455067783,1571.7893455067783,0.9859424,0.0029011394
1571.790734387158,1571.790734387158,0.98188746,0.0029061383
1571.7921232675365,1571.7921232675365,0.9829869,0.0028974288
1571.793512147915,1571.793512147915,0.9824623,0.0028910062
1571.7949010282946,1571.7949010282946,0.980706,0.0028989501
1571.7962899086733,1571.7962899086733,0.9837663,0.002892433
1571.797678789052,1571.797678789052,0.98346174,0.0028947608
1571.7990676694312,1571.7990676694312,0.9851151,0.0029040412
1571.8004565498104,1571.8004565498104,0.98291963,0.002902152
1571.8018454301891,1571.8018454301891,0.98915637,0.0028924292
1571.8032343105679,1571.8032343105679,0.9821269,0.0028916541
1571.8046231909473,1571.8046231909473,0.98202133,0.002892232
1571.8060120713267,1571.8060120713267,0.98024774,0.0028921212
1571.8074009517054,1571.8074009517054,0.9840995,0.0028876131
1571.8087898320841,1571.8087898320841,0.98257446,0.0028909165
1571.8101787124633,1571.8101787124633,0.9852262,0.0029009804
1571.811567592842,1571.811567592842,0.9870648,0.0028971944
1571.8129564732208,1571.8129564732208,0.9826849,0.0028900919
1571.8143453536,1571.8143453536,0.9812865,0.0028905708
1571.8157342339796,1571.8157342339796,0.9841422,0.002912496
1571.817123114358,1571.817123114358,0.9802768,0.0028957361
1571.8185119947375,1571.8185119947375,0.984765,0.0028884383
1571.8199008751176,1571.8199008751176,0.98334795,0.0028858357
1571.821289755264,1571.821289755264,0.9816554,0.002886741
1571.8226786356427,1571.8226786356427,0.9804851,0.0028857037
1571.8240675160214,1571.8240675160214,0.9831315,0.0028845707
1571.8254563964006,1571.8254563964006,0.984594,0.002892618
1571.8268452767802,1571.8268452767802,0.98556036,0.0028894243
1571.8282341571587,1571.8282341571587,0.9808949,0.0028879836
1571.8296230375372,1571.8296230375372,0.9813773,0.0028842394
1571.8310119179168,1571.8310119179168,0.9793246,0.0028805542
1571.8324007982956,1571.8324007982956,0.9796885,0.0028833866
1571.8337896786743,1571.8337896786743,0.9841257,0.0029007378
1571.8351785588206,1571.8351785588206,0.97935843,0.0028962812
1571.8365674391998,1571.8365674391998,0.98480225,0.002895325
1571.8379563195786,1571.8379563195786,0.9814201,0.002882077
1571.8393451999573,1571.8393451999573,0.98869383,0.0028859416
1571.8407340803367,1571.8407340803367,0.98222685,0.002878835
1571.842122960716,1571.842122960716,0.9816903,0.002882485
1571.8435118410948,1571.8435118410948,0.9818107,0.002881455
1571.8449007212407,1571.8449007212407,0.97878766,0.0028803172
1571.84628960162,1571.84628960162,0.98029304,0.0028833924
1571.8476784819986,1571.8476784819986,0.98204243,0.0028827195
1571.8490673623774,1571.8490673623774,0.98345095,0.0028828348
1571.8504562427565,1571.8504562427565,0.9812483,0.0028855575
1571.8518451231362,1571.8518451231362,0.98035675,0.00289394
1571.8532340032818,1571.8532340032818,0.98233825,0.0028779614
1571.8546228836603,1571.8546228836603,0.9810971,0.002888782
1571.85601176404,1571.85601176404,0.9794382,0.0028754412
1571.8574006444192,1571.8574006444192,0.97992766,0.0028777681
1571.8587895247986,1571.8587895247986,0.9796216,0.00287418
1571.8601784049451,1571.8601784049451,0.98262155,0.0028891433
1571.8615672853243,1571.8615672853243,0.98270804,0.002878995
1571.862956165704,1571.862956165704,0.98204243,0.0028744335
1571.8643450460825,1571.8643450460825,0.9783558,0.0028761402
1571.865733926461,1571.865733926461,0.98320925,0.0028745255
1571.8671228066078,1571.8671228066078,0.9827215,0.0028782673
1571.8685116869865,1571.8685116869865,0.98151857,0.0028750084
1571.8699005673652,1571.8699005673652,0.9856481,0.0028753085
1571.8712894477444,1571.8712894477444,0.98287845,0.0028756245
1571.8726783278908,1571.8726783278908,0.98311096,0.0028719248
1571.8740672082695,1571.8740672082695,0.9849703,0.0028943806
1571.8754560886482,1571.8754560886482,0.98165315,0.0028698386
1571.8768449690276,1571.8768449690276,0.98385984,0.002877813
1571.8782338491742,1571.8782338491742,0.9799126,0.0028767183
1571.879622729553,1571.879622729553,0.9839138,0.0028761511
1571.8810116099316,1571.8810116099316,0.9812283,0.0028720037
1571.882400490078,1571.882400490078,0.9839051,0.0028813377
1571.8837893704572,1571.8837893704572,0.9827061,0.0028706307
1571.885178250836,1571.885178250836,0.9802723,0.0028749197
1571.8865671312146,1571.8865671312146,0.98550195,0.0028865105
1571.8879560113614,1571.8879560113614,0.98517185,0.0028893647
1571.88934489174,1571.88934489174,0.9865026,0.002872798
1571.8907337721184,1571.8907337721184,0.98160803,0.0028729837
1571.8921226522652,1571.8921226522652,0.98523694,0.002883447
1571.8935115326444,1571.8935115326444,0.9808196,0.0028875843
1571.8949004130232,1571.8949004130232,0.9803238,0.0028726193
1571.896289293169,1571.896289293169,0.9837834,0.002874385
1571.8976781735482,1571.8976781735482,0.9809174,0.0028698095
1571.8990670539279,1571.8990670539279,0.9800224,0.0028783805
1571.9004559340742,1571.9004559340742,0.98246807,0.0028818888
1571.9018448144534,1571.9018448144534,0.98093444,0.0028743597
1571.903233694833,1571.903233694833,0.98005134,0.0028757905
1571.904622574979,1571.904622574979,0.97947824,0.0028706088
1571.9060114553577,1571.9060114553577,0.9830645,0.0028754612
1571.9074003357368,1571.9074003357368,0.97956455,0.0028706032
1571.9087892158832,1571.9087892158832,0.9851014,0.0028857454
1571.910178096262,1571.910178096262,0.98312217,0.0028840902
1571.9115669764078,1571.9115669764078,0.9810114,0.0028788587
1571.9129558567872,1571.9129558567872,0.9841454,0.0028839654
1571.9143447371666,1571.9143447371666,0.98172474,0.0028710105
1571.9157336173125,1571.9157336173125,0.98193944,0.0028890953
1571.9171224976913,1571.9171224976913,0.9795177,0.0028707788
1571.9185113778376,1571.9185113778376,0.98197716,0.002869476
1571.9199002582168,1571.9199002582168,0.9822117,0.0028790557
1571.9212891385955,1571.9212891385955,0.98059535,0.0028898085
1571.9226780187414,1571.9226780187414,0.9795913,0.002880022
1571.924066899121,1571.924066899121,0.97947764,0.002871317
1571.9254557792667,1571.9254557792667,0.98467666,0.0028718389
1571.9268446596452,1571.9268446596452,0.98152906,0.0028718843
1571.928233539792,1571.928233539792,0.9814537,0.0028704652
1571.9296224201712,1571.9296224201712,0.9855815,0.0028737064
1571.931011300317,1571.931011300317,0.9799193,0.0028695804
1571.9324001806958,1571.9324001806958,0.98666835,0.0028755588
1571.933789061075,1571.933789061075,0.9810548,0.0028688756
1571.9351779412218,1571.9351779412218,0.98166054,0.0028730615
1571.9365668216003,1571.9365668216003,0.9817034,0.0028687941
1571.937955701746,1571.937955701746,0.98910385,0.0028740375
1571.9393445821256,1571.9393445821256,0.9818264,0.0028704845
1571.9407334622715,1571.9407334622715,0.9816814,0.0028686975
1571.9421223426507,1571.9421223426507,0.9824916,0.0028748538
1571.943511222798,1571.943511222798,0.9836624,0.0028720328
1571.9449001031771,1571.9449001031771,0.9861804,0.0028703203
1571.946288983323,1571.946288983323,0.9851525,0.0028722894
1571.9476778637018,1571.9476778637018,0.98288256,0.002871777
1571.9490667438483,1571.9490667438483,0.9819163,0.0028685296
1571.9504556242277,1571.9504556242277,0.98312235,0.0028708365
1571.9518445043736,1571.9518445043736,0.9843619,0.0028690526
1571.9532333847524,1571.9532333847524,0.98419744,0.0028765781
1571.9546222648987,1571.9546222648987,0.9808038,0.0028713928
1571.956011145045,1571.956011145045,0.9852805,0.0028697634
1571.9574000254238,1571.9574000254238,0.9826694,0.002868832
1571.9587889055697,1571.9587889055697,0.98310685,0.0028795698
1571.9601777859493,1571.9601777859493,0.9850995,0.0028733078
1571.961566666095,1571.961566666095,0.98124725,0.002867524
1571.9629555464735,1571.9629555464735,0.9828955,0.0028692659
1571.9643444266203,1571.9643444266203,0.9811557,0.0028751201
1571.9657333069995,1571.9657333069995,0.9820751,0.0028718207
1571.9671221871454,1571.9671221871454,0.98179346,0.0028660845
1571.9685110672913,1571.9685110672913,0.9802136,0.0028662914
1571.9698999476705,1571.9698999476705,0.9820028,0.002870485
1571.9712888278173,1571.9712888278173,0.98002124,0.0028679552
1571.9726777081958,1571.9726777081958,0.9837914,0.0028918767
1571.9740665883414,1571.9740665883414,0.98551756,0.0028703483
1571.9754554684882,1571.9754554684882,0.9837617,0.0028701094
1571.976844348867,1571.976844348867,0.98468375,0.0028658363
1571.9782332290129,1571.9782332290129,0.9837858,0.002864503
1571.979622109392,1571.979622109392,0.97952753,0.002866725
1571.9810109895384,1571.9810109895384,0.9845333,0.0028710181
1571.9823998696843,1571.9823998696843,0.98243666,0.002889645
1571.983788750064,1571.983788750064,0.9812392,0.0028720738
1571.985177630211,1571.985177630211,0.9800465,0.0028636989
1571.9865665103575,1571.9865665103575,0.9851558,0.0028786184
1571.9879553907363,1571.9879553907363,0.9845331,0.002869984
1571.9893442708822,1571.9893442708822,0.9832593,0.0028659923
1571.9907331510285,1571.9907331510285,0.98535466,0.0028688505
1571.992122031408,1571.992122031408,0.98279876,0.002865651
1571.9935109115536,1571.9935109115536,0.9817686,0.002866454
1571.9948997916995,1571.9948997916995,0.98429966,0.0028662889
1571.9962886720791,1571.9962886720791,0.9852352,0.0028693473
1571.9976775522248,1571.9976775522248,0.9848757,0.002865576
1571.9990664323705,1571.9990664323705,0.9838208,0.00287404
1572.00045531275,1572.00045531275,0.9826649,0.002862721
1572.0018441928964,1572.0018441928964,0.98721033,0.002867991
1572.0032330730423,1572.0032330730423,0.98449296,0.0028659084
1572.0046219531882,1572.0046219531882,0.9853826,0.002877002
1572.0060108335674,1572.0060108335674,0.9858672,0.0028616742
1572.0073997137142,1572.0073997137142,0.985121,0.0028680048
1572.00878859386,1572.00878859386,0.9874163,0.0028646183
1572.0101774742384,1572.0101774742384,0.98246974,0.0028619599
1572.0115663543852,1572.0115663543852,0.98656994,0.0028623987
1572.0129552345315,1572.0129552345315,0.98741835,0.0028827852
1572.0143441146774,1572.0143441146774,0.9813229,0.002861088
1572.0157329950562,1572.0157329950562,0.98794985,0.0028712498
1572.0171218752025,1572.0171218752025,0.9843709,0.0028668498
1572.0185107553484,1572.0185107553484,0.98550004,0.0028591163
1572.0198996354943,1572.0198996354943,0.986526,0.0028640488
1572.021288515641,1572.021288515641,0.98532844,0.0028714817
1572.0226773960203,1572.0226773960203,0.9834859,0.0028616092
1572.0240662761662,1572.0240662761662,0.9859427,0.002862565
1572.0254551563125,1572.0254551563125,0.9837909,0.0028660207
1572.0268440364598,1572.0268440364598,0.98737687,0.0028649701
1572.0282329166064,1572.0282329166064,0.9869349,0.0028608176
1572.0296217969849,1572.0296217969849,0.9841092,0.0028621056
1572.0310106771308,1572.0310106771308,0.98411,0.00286076
1572.0323995572776,1572.0323995572776,0.9871212,0.0028597696
1572.0337884374233,1572.0337884374233,0.98686934,0.0028578606
1572.035177317569,1572.035177317569,0.98594224,0.0028587943
1572.0365661979486,1572.0365661979486,0.98939127,0.002859699
1572.037955078095,1572.037955078095,0.98613226,0.0028625561
1572.0393439582408,1572.0393439582408,0.9830798,0.0028575428
1572.0407328383867,1572.0407328383867,0.9883658,0.002859063
1572.042121718533,1572.042121718533,0.9866277,0.00285652
1572.0435105986799,1572.0435105986799,0.98959273,0.0028597207
1572.0448994788255,1572.0448994788255,0.9914078,0.0028647687
1572.046288359204,1572.046288359204,0.98712397,0.0028583698
1572.0476772393508,1572.0476772393508,0.98973435,0.0028635182
1572.0490661194972,1572.0490661194972,1.0025914,0.0028655513
1572.050454999643,1572.050454999643,1.0002953,0.0028662856
1572.051843879789,1572.051843879789,0.99611306,0.0028583691
1572.0532327599353,1572.0532327599353,0.99385947,0.0028680516
1572.0546216400812,1572.0546216400812,0.99067545,0.0028555037
1572.0560105202271,1572.0560105202271,0.99370104,0.0028545703
1572.0573994003737,1572.0573994003737,0.9956087,0.0028592045
1572.058788280753,1572.058788280753,0.99433625,0.0028639913
1572.060177160899,1572.060177160899,0.99203056,0.0028536038
1572.061566041045,1572.061566041045,0.9891015,0.002856437
1572.0629549211912,1572.0629549211912,0.99010247,0.002864162
1572.0643438013376,1572.0643438013376,0.98811996,0.0028545414
1572.0657326814835,1572.0657326814835,0.9896368,0.0028569417
1572.0671215616303,1572.0671215616303,0.9916519,0.002855545
1572.0685104417776,1572.0685104417776,0.9898076,0.0028538115
1572.0698993219232,1572.0698993219232,0.9907106,0.002868359
1572.071288202069,1572.071288202069,0.9904071,0.0028500005
1572.0726770822157,1572.0726770822157,0.9903483,0.0028535826
1572.074065962362,1572.074065962362,0.9911103,0.0028547535
1572.075454842508,1572.075454842508,0.98804015,0.0028628695
1572.0768437226538,1572.0768437226538,0.9878233,0.0028610819
1572.0782326028002,1572.0782326028002,0.98856634,0.0028485893
1572.079621482947,1572.079621482947,0.9910778,0.0028504313
1572.0810103630927,1572.0810103630927,0.99343884,0.0028541503
1572.0823992432383,1572.0823992432383,0.99264896,0.0028577575
1572.0837881233851,1572.0837881233851,0.9909943,0.002852817
1572.0851770035315,1572.0851770035315,0.9883888,0.0028511784
1572.0865658836774,1572.0865658836774,0.98930633,0.0028494687
1572.0879547638233,1572.0879547638233,0.9921888,0.002848017
1572.0893436439696,1572.0893436439696,0.99362457,0.0028623613
1572.0907325241155,1572.0907325241155,0.98940045,0.0028487435
1572.0921214042614,1572.0921214042614,0.98957986,0.0028475383
1572.093510284408,1572.093510284408,0.9913038,0.002846288
1572.0948991645546,1572.0948991645546,0.9865688,0.002851813
1572.0962880447005,1572.0962880447005,0.99326074,0.0028519945
1572.0976769248464,1572.0976769248464,0.99417055,0.0028472936
1572.0990658049927,1572.0990658049927,0.9944048,0.0028527265
1572.100454685139,1572.100454685139,0.9915598,0.0028457593
1572.101843565285,1572.101843565285,0.99466354,0.0028483816
1572.1032324454309,1572.1032324454309,0.99282706,0.0028430503
1572.1046213253449,1572.1046213253449,0.9920944,0.0028456314
1572.1060102054905,1572.1060102054905,0.9919857,0.00285161
1572.1073990856362,1572.1073990856362,0.99388516,0.0028463055
1572.108787965783,1572.108787965783,0.99135774,0.002852995
1572.1101768459303,1572.1101768459303,0.98823404,0.0028565591
1572.1115657260766,1572.1115657260766,0.99188703,0.0028524508
1572.1129546062225,1572.1129546062225,0.9919252,0.002843923
1572.1143434863689,1572.1143434863689,0.9932976,0.00285772
1572.1157323665157,1572.1157323665157,0.9883524,0.0028425662
1572.1171212464285,1572.1171212464285,0.9945581,0.0028440203
1572.1185101265742,1572.1185101265742,0.9942863,0.002851837
1572.119899006721,1572.119899006721,0.99094194,0.0028405811
1572.1212878868673,1572.1212878868673,0.9958754,0.0028492317
1572.1226767670132,1572.1226767670132,0.990461,0.0028414347
1572.1240656471591,1572.1240656471591,0.9935379,0.0028479912
1572.1254545273055,1572.1254545273055,0.99481034,0.0028427688
1572.1268434072185,1572.1268434072185,0.99254936,0.0028440608
1572.1282322873644,1572.1282322873644,0.9929152,0.002845749
1572.129621167511,1572.129621167511,0.9914751,0.0028441465
1572.1310100476576,1572.1310100476576,0.98924416,0.0028418282
1572.1323989278035,1572.1323989278035,0.9927341,0.0028415988
1572.1337878077165,1572.1337878077165,0.9953022,0.0028545149
1572.135176687863,1572.135176687863,0.9910561,0.0028446012
1572.1365655680092,1572.1365655680092,0.99322915,0.0028404875
1572.1379544481551,1572.1379544481551,0.994602,0.0028391413
1572.139343328301,1572.139343328301,0.9949299,0.0028417564
1572.140732208215,1572.140732208215,0.99426115,0.002839008
1572.1421210883614,1572.1421210883614,0.99141943,0.0028372405
1572.1435099685073,1572.1435099685073,0.99730515,0.00284301
1572.1448988486532,1572.1448988486532,0.99418503,0.0028425015
1572.1462877285667,1572.1462877285667,0.9945462,0.002841027
1572.1476766087126,1572.1476766087126,0.99290645,0.0028387122
1572.1490654888585,1572.1490654888585,0.9983659,0.0028442587
1572.1504543690048,1572.1504543690048,0.9914791,0.0028376689
1572.1518432489188,1572.1518432489188,0.99317074,0.0028627142
1572.1532321290651,1572.1532321290651,0.9938389,0.0028418591
1572.1546210092115,1572.1546210092115,0.99903023,0.002837348
1572.1560098893583,1572.1560098893583,0.9963279,0.0028413704
1572.1573987692718,1572.1573987692718,0.9944415,0.0028615936
1572.1587876494177,1572.1587876494177,0.9976242,0.0028395266
1572.1601765295636,1572.1601765295636,0.9943141,0.0028393238
1572.1615654094771,1572.1615654094771,0.9971022,0.00283812
1572.162954289623,1572.162954289623,0.9986495,0.0028569729
1572.164343169769,1572.164343169769,0.9953433,0.0028367776
1572.1657320496827,1572.1657320496827,0.9953925,0.0028475393
1572.1671209298293,1572.1671209298293,0.99406433,0.0028625238
1572.1685098099751,1572.1685098099751,0.99516714,0.0028371909
1572.1698986898882,1572.1698986898882,0.99760944,0.0028423194
1572.1712875700346,1572.1712875700346,0.9975575,0.0028347096
1572.172676450181,1572.172676450181,0.995602,0.0028474354
1572.174065330094,1572.174065330094,1.0009701,0.0028424615
1572.1754542102399,1572.1754542102399,0.9993603,0.0028470333
1572.1768430903867,1572.1768430903867,0.9983927,0.0028443222
1572.1782319703002,1572.1782319703002,1.0010954,0.0028411378
1572.179620850446,1572.179620850446,0.9976814,0.00284249
1572.181009730592,1572.181009730592,0.9974513,0.002837353
1572.1823986105055,1572.1823986105055,0.99761283,0.0028402247
1572.1837874906514,1572.1837874906514,0.9998396,0.0028435916
1572.1851763705645,1572.1851763705645,0.9971824,0.0028390219
1572.1865652507108,1572.1865652507108,0.99783224,0.0028401993
1572.1879541308576,1572.1879541308576,0.9987757,0.0028363117
1572.1893430107705,1572.1893430107705,0.9951673,0.00283608
1572.1907318909161,1572.1907318909161,0.99485993,0.0028381608
1572.1921207708301,1572.1921207708301,0.9976814,0.0028482326
1572.1935096509765,1572.1935096509765,0.99695057,0.0028448214
1572.1948985308895,1572.1948985308895,0.9966235,0.0028413215
1572.1962874110359,1572.1962874110359,0.9931941,0.0028367534
1572.1976762911831,1572.1976762911831,0.9984904,0.0028379906
1572.1990651710962,1572.1990651710962,1.0021378,0.0028399774
1572.200454051242,1572.200454051242,0.9973071,0.0028379238
1572.2018429311559,1572.2018429311559,0.99977195,0.002866804
1572.2032318113024,1572.2032318113024,0.999538,0.0028397664
1572.2046206912155,1572.2046206912155,1.0005311,0.0028390053
1572.2060095713614,1572.2060095713614,1.0017395,0.0028387103
1572.207398451275,1572.207398451275,0.99555135,0.0028397378
1572.2087873314213,1572.2087873314213,0.9984083,0.002843064
1572.2101762113343,1572.2101762113343,0.99758744,0.0028375413
1572.2115650914802,1572.2115650914802,0.9953717,0.0028382437
1572.2129539713942,1572.2129539713942,0.99876267,0.0028411194
1572.2143428515406,1572.2143428515406,0.9997681,0.002837205
1572.2157317314536,1572.2157317314536,0.9982913,0.0028391704
1572.2171206115995,1572.2171206115995,0.9991817,0.0028387269
1572.218509491513,1572.218509491513,0.9991082,0.0028371569
1572.219898371659,1572.219898371659,0.9992047,0.0028381876
1572.221287251572,1572.221287251572,0.9979191,0.0028372996
1572.2226761317183,1572.2226761317183,0.9997023,0.0028391485
1572.2240650116323,1572.2240650116323,1.0028137,0.0028395501
1572.225453891778,1572.225453891778,1.0007926,0.0028418116
1572.2268427716908,1572.2268427716908,1.0018214,0.002840456
1572.2282316516048,1572.2282316516048,1.0009309,0.0028436105
1572.2296205317512,1572.2296205317512,0.99931884,0.0028363566
1572.2310094116642,1572.2310094116642,1.0019336,0.0028397962
1572.2323982918101,1572.2323982918101,1.00236,0.0028503053
1572.2337871717236,1572.2337871717236,1.001006,0.0028443893
1572.2351760518695,1572.2351760518695,0.9986024,0.0028416154
1572.2365649317826,1572.2365649317826,1.0044589,0.0028374854
1572.2379538116963,1572.2379538116963,1.0037501,0.002840191
1572.239342691843,1572.239342691843,0.99855894,0.0028357957
1572.2407315717564,1572.2407315717564,1.0004073,0.002837845
1572.2421204519032,1572.2421204519032,1.0036736,0.0028369434
1572.2435093318168,1572.2435093318168,1.0003492,0.002839022
1572.2448982117303,1572.2448982117303,1.0035789,0.0028379608
1572.2462870918762,1572.2462870918762,1.0032067,0.0028365152
1572.2476759717892,1572.2476759717892,0.999279,0.0028422764
1572.2490648517032,1572.2490648517032,1.0028508,0.0028381748
1572.2504537318496,1572.2504537318496,1.0027165,0.002838118
1572.2518426117626,1572.2518426117626,1.0036591,0.0028380526
1572.2532314916757,1572.2532314916757,0.99846196,0.0028386205
1572.254620371822,1572.254620371822,1.0024195,0.0028386978
1572.2560092517351,1572.2560092517351,1.0001682,0.002833173
1572.2573981316482,1572.2573981316482,0.99937016,0.002838115
1572.2587870117945,1572.2587870117945,1.0025747,0.00283547
1572.2601758917085,1572.2601758917085,1.0025035,0.0028396049
1572.2615647716214,1572.2615647716214,1.0055355,0.0028379285
1572.262953651767,1572.262953651767,1.0047082,0.0028375792
1572.264342531681,1572.264342531681,1.0042909,0.002836418
1572.2657314115945,1572.2657314115945,1.0012062,0.002839553
1572.2671202915076,1572.2671202915076,1.0043293,0.0028384163
1572.2685091716535,1572.2685091716535,1.003154,0.0028386377
1572.269898051567,1572.269898051567,1.005494,0.0028403043
1572.271286931481,1572.271286931481,1.0008129,0.0028370887
1572.2726758116269,1572.2726758116269,1.0028203,0.0028438196
1572.2740646915397,1572.2740646915397,1.0019758,0.002833208
1572.2754535714535,1572.2754535714535,1.0030411,0.0028323652
1572.2768424513665,1572.2768424513665,1.0016286,0.002838192
1572.2782313315124,1572.2782313315124,1.0033921,0.0028403166
1572.279620211426,1572.279620211426,1.0027804,0.0028323473
1572.2810090913395,1572.2810090913395,1.0051335,0.002835895
1572.2823979712525,1572.2823979712525,1.0038795,0.002834039
1572.2837868511665,1572.2837868511665,1.0032113,0.002830734
1572.2851757313138,1572.2851757313138,1.0076984,0.0028344742
1572.2865646112273,1572.2865646112273,1.0034467,0.0028399457
1572.2879534911403,1572.2879534911403,1.005321,0.002840728
1572.2893423710534,1572.2893423710534,1.0043344,0.002830088
1572.290731250967,1572.290731250967,1.0042504,0.0028446515
1572.2921201311128,1572.2921201311128,1.0046571,0.0028413045
1572.293509011026,1572.293509011026,1.0020676,0.0028361813
1572.2948978909394,1572.2948978909394,1.0039833,0.0028317731
1572.2962867708534,1572.2962867708534,1.0029567,0.0028352353
1572.2976756507662,1572.2976756507662,1.0025864,0.0028275745
1572.299064530679,1572.299064530679,1.0055412,0.0028304413
1572.3004534108259,1572.3004534108259,0.99864846,0.0028289054
1572.3018422907394,1572.3018422907394,1.0043855,0.0028425541
1572.3032311706525,1572.3032311706525,1.0049808,0.0028316034
1572.3046200505655,1572.3046200505655,1.0037842,0.0028312372
1572.306008930479,1572.306008930479,1.0054396,0.0028264825
1572.307397810393,1572.307397810393,1.007525,0.002839649
1572.308786690306,1572.308786690306,1.0043155,0.0028279808
1572.310175570219,1572.310175570219,1.0049963,0.0028305314
1572.3115644503655,1572.3115644503655,1.0044096,0.002826507
1572.3129533302786,1572.3129533302786,1.0063539,0.0028301026
1572.3143422101916,1572.3143422101916,1.0039337,0.0028330507
1572.3157310901051,1572.3157310901051,1.0038804,0.0028324258
1572.3171199700187,1572.3171199700187,1.0062805,0.002828289
1572.3185088499317,1572.3185088499317,1.0042351,0.0028356137
1572.3198977298448,1572.3198977298448,1.0076635,0.0028278138
1572.3212866097585,1572.3212866097585,1.0057625,0.00283664
1572.3226754896723,1572.3226754896723,1.0063747,0.00283374
1572.3240643695854,1572.3240643695854,1.0059549,0.0028342872
1572.3254532494984,1572.3254532494984,1.0061187,0.0028255458
1572.326842129412,1572.326842129412,1.006479,0.0028235738
1572.3282310093257,1572.3282310093257,1.0058298,0.0028250609
1572.3296198892394,1572.3296198892394,1.0039088,0.0028259067
1572.331008769153,1572.331008769153,1.0054815,0.0028264595
1572.332397649067,1572.332397649067,1.005058,0.0028248995
1572.3337865289798,1572.3337865289798,1.0051688,0.002838816
1572.3351754088926,1572.3351754088926,1.0061513,0.002823435
1572.3365642888066,1572.3365642888066,1.00489,0.0028253344
1572.33795316872,1572.33795316872,1.00733,0.0028231987
1572.3393420486332,1572.3393420486332,1.0045756,0.0028254718
1572.3407309285462,1572.3407309285462,1.0051374,0.0028253722
1572.3421198084598,1572.3421198084598,1.0090295,0.0028223433
1572.3435086883737,1572.3435086883737,1.0035964,0.0028236764
1572.3448975682868,1572.3448975682868,1.004454,0.0028243035
1572.3462864481996,1572.3462864481996,1.010532,0.0028218857
1572.3476753281134,1572.3476753281134,1.0097631,0.00283694
1572.3490642080264,1572.3490642080264,1.0086685,0.0028260758
1572.3504530879395,1572.3504530879395,1.0045828,0.0028285696
1572.351841967853,1572.351841967853,1.0080713,0.0028195118
1572.3532308477666,1572.3532308477666,1.0094235,0.0028264446
1572.3546197276796,1572.3546197276796,1.0046777,0.0028257116
1572.3560086075927,1572.3560086075927,1.0061737,0.0028321345
1572.3573974875067,1572.3573974875067,1.0104444,0.002829796
1572.3587863674202,1572.3587863674202,1.0077746,0.0028200736
1572.3601752473332,1572.3601752473332,1.0065157,0.002815744
1572.3615641272463,1572.3615641272463,1.0071273,0.0028252956
1572.362953006927,1572.362953006927,1.0101768,0.0028205174
1572.36434188684,1572.36434188684,1.0098673,0.002825021
1572.3657307667531,1572.3657307667531,1.0091316,0.0028212005
1572.3671196466667,1572.3671196466667,1.0064576,0.0028171958
1572.3685085265806,1572.3685085265806,1.0086871,0.0028231484
1572.3698974064935,1572.3698974064935,1.0053269,0.0028307152
1572.3712862864063,1572.3712862864063,1.0108299,0.002820482
1572.3726751663207,1572.3726751663207,1.0095559,0.0028182042
1572.3740640460023,1572.3740640460023,1.0089343,0.0028171998
1572.3754529259154,1572.3754529259154,1.0100175,0.0028169868
1572.3768418058285,1572.3768418058285,1.0106295,0.0028205432
1572.378230685742,1572.378230685742,1.0081655,0.0028153653
1572.379619565656,1572.379619565656,1.0070595,0.002812185
1572.381008445569,1572.381008445569,1.0103097,0.0028221526
1572.382397325249,1572.382397325249,1.0117321,0.0028140799
1572.3837862051628,1572.3837862051628,1.012091,0.0028215954
1572.3851750850758,1572.3851750850758,1.0098627,0.002823337
1572.386563964989,1572.386563964989,1.0113386,0.0028134214
1572.3879528449024,1572.3879528449024,1.0105333,0.00281341
1572.3893417245831,1572.3893417245831,1.0111243,0.0028140838
1572.3907306044962,1572.3907306044962,1.0071931,0.0028240497
1572.3921194844092,1572.3921194844092,1.0098137,0.0028159388
1572.3935083643232,1572.3935083643232,1.0098743,0.0028138105
1572.3948972442367,1572.3948972442367,1.0134149,0.0028247896
1572.396286123917,1572.396286123917,1.0085424,0.0028235235
1572.39767500383,1572.39767500383,1.0127715,0.002813352
1572.3990638837436,1572.3990638837436,1.0097829,0.0028140761
1572.4004527636573,1572.4004527636573,1.0083846,0.0028087983
1572.4018416433373,1572.4018416433373,1.0070297,0.002810849
1572.4032305232504,1572.4032305232504,1.0102316,0.0028096347
1572.4046194031644,1572.4046194031644,1.0134817,0.0028131048
1572.4060082828444,1572.4060082828444,1.0088415,0.0028068337
1572.4073971627572,1572.4073971627572,1.0086321,0.0028271694
1572.4087860426712,1572.4087860426712,1.0104402,0.0028111679
1572.4101749225847,1572.4101749225847,1.0099854,0.0028141383
1572.411563802265,1572.411563802265,1.0094843,0.0028107937
1572.412952682178,1572.412952682178,1.0137972,0.0028137667
1572.4143415620915,1572.4143415620915,1.0098182,0.0028106954
1572.4157304417727,1572.4157304417727,1.0103035,0.0028074686
1572.4171193216857,1572.4171193216857,1.013089,0.0028118924
1572.4185082015993,1572.4185082015993,1.0085866,0.0028136908
1572.4198970812809,1572.4198970812809,1.0106775,0.002806701
1572.421285961194,1572.421285961194,1.0101429,0.002811575
1572.422674841107,1572.422674841107,1.0122168,0.0028078696
1572.4240637207877,1572.4240637207877,1.0100086,0.0028198457
1572.4254526007012,1572.4254526007012,1.0105784,0.0028044276
1572.4268414806143,1572.4268414806143,1.012501,0.0028060086
1572.4282303602945,1572.4282303602945,1.0119188,0.002820621
1572.4296192402085,1572.4296192402085,1.0118731,0.0028142359
1572.4310081198892,1572.4310081198892,1.0096276,0.0028042009
1572.4323969998022,1572.4323969998022,1.0114214,0.0028211838
1572.4337858797153,1572.4337858797153,1.0097898,0.0028069373
1572.435174759396,1572.435174759396,1.0089388,0.0028215204
1572.4365636393097,1572.4365636393097,1.0114113,0.0028100589
1572.4379525189897,1572.4379525189897,1.008588,0.0028027038
1572.4393413989028,1572.4393413989028,1.0088955,0.0028031485
1572.4407302788168,1572.4407302788168,1.0132157,0.0028077406
1572.4421191584968,1572.4421191584968,1.0122656,0.0028063157
1572.4435080384096,1572.4435080384096,1.0109979,0.0028077825
1572.4448969180908,1572.4448969180908,1.011277,0.0028067825
1572.4462857980043,1572.4462857980043,1.012367,0.002802877
1572.4476746776845,1572.4476746776845,1.0112559,0.0028066183
1572.4490635575976,1572.4490635575976,1.011467,0.0028233004
1572.4504524372783,1572.4504524372783,1.013719,0.0028124363
1572.4518413171922,1572.4518413171922,1.0131947,0.0028105206
1572.4532301968725,1572.4532301968725,1.0088254,0.002798697
1572.4546190767853,1572.4546190767853,1.0109884,0.0028052474
1572.456007956699,1572.456007956699,1.0123314,0.0028041399
1572.4573968363793,1572.4573968363793,1.0107435,0.0028033205
1572.4587857162924,1572.4587857162924,1.0110333,0.002804798
1572.460174595973,1572.460174595973,1.0094316,0.002816475
1572.4615634756537,1572.4615634756537,1.0143541,0.0028131425
1572.4629523555677,1572.4629523555677,1.0106913,0.0028033417
1572.4643412352484,1572.4643412352484,1.011048,0.0028032209
1572.4657301151624,1572.4657301151624,1.0139353,0.0028038197
1572.467118994843,1572.467118994843,1.0129174,0.002802102
1572.4685078747561,1572.4685078747561,1.011118,0.0028027145
1572.4698967544364,1572.4698967544364,1.0106518,0.00280612
1572.47128563435,1572.47128563435,1.0104316,0.002799349
1572.4726745140308,1572.4726745140308,1.0117543,0.0028045066
1572.4740633939437,1572.4740633939437,1.0087395,0.0028075
1572.475452273624,1572.475452273624,1.0123758,0.0028100072
1572.476841153305,1572.476841153305,1.0108098,0.0028015464
1572.4782300332179,1572.4782300332179,1.0139557,0.0028029513
1572.4796189128979,1572.4796189128979,1.0198565,0.0028165833
1572.4810077928119,1572.4810077928119,1.0172368,0.0028079553
1572.4823966724925,1572.4823966724925,1.0097289,0.0028065336
1572.4837855524056,1572.4837855524056,1.0124928,0.0028035867
1572.4851744320858,1572.4851744320858,1.0164065,0.0028025839
1572.4865633117665,1572.4865633117665,1.0139291,0.0028000036
1572.4879521916805,1572.4879521916805,1.0136516,0.0028053292
1572.4893410713607,1572.4893410713607,1.0123991,0.0028019988
1572.4907299510407,1572.4907299510407,1.0124307,0.0028052193
1572.4921188309545,1572.4921188309545,1.0125128,0.0028015687
1572.4935077106347,1572.4935077106347,1.0100187,0.0028103401
1572.494896590315,1572.494896590315,1.0171613,0.0028159046
1572.4962854702285,1572.4962854702285,1.0111886,0.002798141
1572.4976743499092,1572.4976743499092,1.014339,0.0028006718
1572.4990632295894,1572.4990632295894,1.0126503,0.0028125946
1572.5004521095025,1572.5004521095025,1.0134662,0.0028026414
1572.5018409891834,1572.5018409891834,1.0107654,0.002799587
1572.5032298688643,1572.5032298688643,1.0142034,0.0028010989
1572.5046187487774,1572.5046187487774,1.0100229,0.002809453
1572.5060076284576,1572.5060076284576,1.0151149,0.0028037208
1572.5073965081383,1572.5073965081383,1.0151339,0.0028022525
1572.5087853880527,1572.5087853880527,1.0158839,0.0028034619
1572.5101742677334,1572.5101742677334,1.01287,0.0027995526
1572.5115631474137,1572.5115631474137,1.0131029,0.002801424
1572.5129520270948,1572.5129520270948,1.0136198,0.0028000285
1572.5143409070076,1572.5143409070076,1.0116155,0.0028181204
1572.5157297866876,1572.5157297866876,1.0136846,0.002797975
1572.5171186663688,1572.5171186663688,1.0125947,0.0027987547
1572.5185075460495,1572.5185075460495,1.0133649,0.0028002048
1572.5198964259625,1572.5198964259625,1.0152464,0.0028002677
1572.5212853056428,1572.5212853056428,1.0119157,0.0028117187
1572.5226741853235,1572.5226741853235,1.0114365,0.0027985035
1572.5240630650046,1572.5240630650046,1.013725,0.002800269
1572.5254519449177,1572.5254519449177,1.0143836,0.0027986504
1572.5268408245977,1572.5268408245977,1.0127045,0.0028009233
1572.5282297042786,1572.5282297042786,1.0111611,0.0028006097
1572.5296185839593,1572.5296185839593,1.0155649,0.0027989466
1572.5310074636395,1572.5310074636395,1.0102409,0.002802059
1572.5323963435526,1572.5323963435526,1.0143948,0.0027983685
1572.5337852232333,1572.5337852232333,1.0137451,0.0028091057
1572.5351741029135,1572.5351741029135,1.014508,0.0027976565
1572.5365629825938,1572.5365629825938,1.0095308,0.0028023177
1572.5379518622747,1572.5379518622747,1.0124924,0.0027980262
1572.5393407421884,1572.5393407421884,1.0105864,0.0027974856
1572.5407296218686,1572.5407296218686,1.0143603,0.00279892
1572.5421185015489,1572.5421185015489,1.013092,0.0028122484
1572.5435073812296,1572.5435073812296,1.0129833,0.0027974837
1572.5448962609105,1572.5448962609105,1.0106512,0.0028081778
1572.5462851405905,1572.5462851405905,1.0134101,0.0027990448
1572.5476740202707,1572.5476740202707,1.0148404,0.0028065343
1572.5490628999519,1572.5490628999519,1.0115744,0.0027967815
1572.5504517798647,1572.5504517798647,1.0098985,0.002799386
1572.5518406595447,1572.5518406595447,1.013729,0.0027953715
1572.5532295392259,1572.5532295392259,1.014306,0.0027964036
1572.5546184189075,1572.5546184189075,1.016782,0.0028099448
1572.5560072985882,1572.5560072985882,1.0189655,0.0027980525
1572.5573961782684,1572.5573961782684,1.0141174,0.002802903
1572.558785057949,1572.558785057949,1.0148783,0.002804592
1572.5601739376302,1572.5601739376302,1.0117778,0.0028097776
1572.5615628173105,1572.5615628173105,1.0132861,0.002798601
1572.5629516969905,1572.5629516969905,1.0132873,0.0027991491
1572.5643405766714,1572.5643405766714,1.0114052,0.0027967005
1572.565729456352,1572.565729456352,1.0103031,0.002799313
1572.5671183360323,1572.5671183360323,1.011991,0.0027960774
1572.5685072159454,1572.5685072159454,1.0147899,0.0027983272
1572.569896095626,1572.569896095626,1.0124671,0.0027979352
1572.5712849753063,1572.5712849753063,1.0140647,0.0028025317
1572.5726738549865,1572.5726738549865,1.012207,0.0027951202
1572.5740627346675,1572.5740627346675,1.0158076,0.002799862
1572.5754516143484,1572.5754516143484,1.013026,0.0027956467
1572.5768404940286,1572.5768404940286,1.0090703,0.002794198
1572.5782293737088,1572.5782293737088,1.0149769,0.0027973512
1572.5796182533895,1572.5796182533895,1.0116025,0.0027951985
1572.5810071330704,1572.5810071330704,1.0141459,0.0027972776
1572.5823960127505,1572.5823960127505,1.0113823,0.0027948269
1572.5837848924307,1572.5837848924307,1.0170585,0.0027999668
1572.585173771879,1572.585173771879,1.0119693,0.0027953754
1572.586562651559,1572.586562651559,1.0136801,0.0027927977
1572.587951531239,1572.587951531239,1.0133808,0.0028069196
1572.5893404109202,1572.5893404109202,1.0109313,0.0027971214
1572.5907292906008,1572.5907292906008,1.0141286,0.0028074596
1572.592118170281,1572.592118170281,1.0124987,0.0027942038
1572.5935070499613,1572.5935070499613,1.0145589,0.0027968297
1572.594895929642,1572.594895929642,1.0133557,0.0027969757
1572.5962848093232,1572.5962848093232,1.0145637,0.0028068733
1572.5976736890032,1572.5976736890032,1.0133948,0.0028083932
1572.5990625686832,1572.5990625686832,1.0108913,0.0027959372
1572.6004514483643,1572.6004514483643,1.0167633,0.0028057743
1572.601840328046,1572.601840328046,1.0131887,0.002793621
1572.6032292074938,1572.6032292074938,1.0103717,0.0027957081
1572.604618087174,1572.604618087174,1.0156415,0.0027934823
1572.6060069668547,1572.6060069668547,1.0171719,0.0027954564
1572.607395846535,1572.607395846535,1.0141253,0.0028000202
1572.6185068837462,1572.6185068837462,1.0140213,0.0027965263
1572.6198957634265,1572.6198957634265,1.0099493,0.0027932094
1572.6212846428748,1572.6212846428748,1.0131828,0.0027933319
1572.6226735225548,1572.6226735225548,1.0113063,0.0027950432
1572.6240624022348,1572.6240624022348,1.0137836,0.0027957137
1572.625451281916,1572.625451281916,1.011228,0.0027983817
1572.6268401615966,1572.6268401615966,1.0105629,0.002804767
1572.628229041044,1572.628229041044,1.0122831,0.0027931253
1572.6296179207243,1572.6296179207243,1.0131378,0.0027930296
1572.631006800405,1572.631006800405,1.0160306,0.0028034358
1572.6323956800861,1572.6323956800861,1.0110184,0.0027933905
1572.6337845595333,1572.6337845595333,1.0122089,0.0027951212
1572.6351734392133,1572.6351734392133,1.0134623,0.0027944944
1572.6365623188944,1572.6365623188944,1.01023,0.0027933451
1572.6379511985751,1572.6379511985751,1.0119469,0.0027955112
1572.6393400780225,1572.6393400780225,1.0128763,0.002793992
1572.6407289577028,1572.6407289577028,1.0103679,0.0027948644
1572.6421178373835,1572.6421178373835,1.0089037,0.0027984527
1572.6435067170637,1572.6435067170637,1.0125937,0.002791869
1572.644895596511,1572.644895596511,1.0125034,0.0028115083
1572.646284476192,1572.646284476192,1.0137312,0.0027970322
1572.647673355873,1572.647673355873,1.0119236,0.0027941824
1572.6490622353208,1572.6490622353208,1.010346,0.0027951011
1572.650451115002,1572.650451115002,1.0123683,0.0027936692
1572.6518399946826,1572.6518399946826,1.0115443,0.0027931593
1572.6532288741307,1572.6532288741307,1.0130457,0.0028057601
1572.6546177538107,1572.6546177538107,1.0120747,0.0027937086
1572.656006633491,1572.656006633491,1.0113056,0.0027936774
1572.6573955129393,1572.6573955129393,1.0105478,0.0028071117
1572.65878439262,1572.65878439262,1.0135697,0.0027901444
1572.6601732723002,1572.6601732723002,1.0113508,0.0027932485
1572.6615621517476,1572.6615621517476,1.0105469,0.0027947265
1572.6629510314283,1572.6629510314283,1.0085945,0.0028056442
1572.6643399108757,1572.6643399108757,1.0148426,0.0028063466
1572.665728790556,1572.665728790556,1.0124092,0.0027908897
1572.6671176702366,1572.6671176702366,1.0153378,0.0027923875
1572.668506549685,1572.668506549685,1.0100884,0.0027928334
1572.669895429365,1572.669895429365,1.0107085,0.0027911745
1572.671284309045,1572.671284309045,1.0123051,0.0027899633
1572.6726731884933,1572.6726731884933,1.0137355,0.0027946276
1572.674062068174,1572.674062068174,1.0117117,0.0027984784
1572.6754509476214,1572.6754509476214,1.0114151,0.0027929333
1572.6768398273016,1572.6768398273016,1.0117778,0.0028012681
1572.6782287067495,1572.6782287067495,1.0132079,0.002792388
1572.6796175864297,1572.6796175864297,1.01236,0.0028037154
1572.681006465877,1572.681006465877,1.0071447,0.0027911682
1572.682395345558,1572.682395345558,1.0100862,0.0028042048
1572.683784225239,1572.683784225239,1.0122682,0.0027943635
1572.6851731046863,1572.6851731046863,1.011939,0.0027934825
1572.6865619843666,1572.6865619843666,1.0131407,0.0028062018
1572.6879508638144,1572.6879508638144,1.0109142,0.0027957018
1572.689339743495,1572.689339743495,1.0102937,0.0027992963
1572.6907286229425,1572.6907286229425,1.0125822,0.0028035
1572.6921175026228,1572.6921175026228,1.0112197,0.0027938078
1572.693506382071,1572.693506382071,1.0099789,0.0027999606
1572.6948952617518,1572.6948952617518,1.0081205,0.0027901724
1572.6962841411996,1572.6962841411996,1.0119798,0.0028002048
1572.6976730208808,1572.6976730208808,1.0111743,0.002791069
1572.6990619003286,1572.6990619003286,1.009228,0.002792069
1572.7004507800089,1572.7004507800089,1.0082746,0.002788768
1572.7018396594563,1572.7018396594563,1.0143459,0.0027893179
1572.703228538904,1572.703228538904,1.0090475,0.0027882268
1572.7046174185853,1572.7046174185853,1.0095332,0.0027881197
1572.7060062980324,1572.7060062980324,1.008215,0.002790532
1572.7073951777124,1572.7073951777124,1.0075307,0.0027858692
1572.7087840571608,1572.7087840571608,1.0071731,0.002801498
1572.7101729368414,1572.7101729368414,1.0091931,0.0027856026
1572.7115618162888,1572.7115618162888,1.0107726,0.0027880985
1572.7129506957363,1572.7129506957363,1.0130886,0.0027887982
1572.714339575417,1572.714339575417,1.0106789,0.0027853232
1572.7157284548643,1572.7157284548643,1.0089653,0.0027871015
1572.7171173345446,1572.7171173345446,1.0074815,0.002784308
1572.7185062139927,1572.7185062139927,1.0081298,0.0027935244
1572.7198950934408,1572.7198950934408,1.009594,0.002795427
1572.721283973121,1572.721283973121,1.0084622,0.0027861218
1572.7226728525684,1572.7226728525684,1.0097812,0.002787085
1572.7240617320163,1572.7240617320163,1.0081744,0.0027853067
1572.725450611697,1572.725450611697,1.0073749,0.0027962278
1572.7268394911443,1572.7268394911443,1.0103189,0.0027896273
1572.7282283708246,1572.7282283708246,1.0100312,0.0027881542
1572.729617250273,1572.729617250273,1.0073897,0.002785154
1572.7310061297208,1572.7310061297208,1.0103588,0.0027889858
1572.7323950091682,1572.7323950091682,1.0119683,0.0027854037
1572.7337838888484,1572.7337838888484,1.0074579,0.002787886
1572.7351727682963,1572.7351727682963,1.0080494,0.0027843264
1572.7365616477437,1572.7365616477437,1.0146347,0.0027995077
1572.737950527424,1572.737950527424,1.0113583,0.0027883905
1572.7393394068717,1572.7393394068717,1.0076556,0.0027868673
1572.74072828632,1572.74072828632,1.0127416,0.0027811376
1572.742117166,1572.742117166,1.0091647,0.0027910958
1572.7435060454472,1572.7435060454472,1.0107336,0.0027993438
1572.744894924896,1572.744894924896,1.010705,0.002785373
1572.7462838043448,1572.7462838043448,1.0108066,0.0027858154
1572.747672684025,1572.747672684025,1.0109508,0.0027861062
1572.7490615634724,1572.7490615634724,1.00863,0.0027839495
1572.7504504429203,1572.7504504429203,1.0105625,0.002786416
1572.7518393223677,1572.7518393223677,1.0081874,0.0027851206
1572.753228202048,1572.753228202048,1.0204154,0.0027851537
1572.754617081496,1572.754617081496,1.0132473,0.002782086
1572.756005960944,1572.756005960944,1.0114899,0.002783055
1572.7573948403915,1572.7573948403915,1.0108098,0.0027864156
1572.758783719839,1572.758783719839,1.0081587,0.0027994297
1572.7601725995196,1572.7601725995196,1.0086735,0.0027880021
1572.7615614789677,1572.7615614789677,1.0063766,0.0027834817
1572.7629503584149,1572.7629503584149,1.0091977,0.0027804533
1572.7643392378623,1572.7643392378623,1.006597,0.0027782973
1572.7657281173106,1572.7657281173106,1.0101994,0.0027967724
1572.7671169969913,1572.7671169969913,1.00965,0.0027816282
1572.7685058764387,1572.7685058764387,1.0070565,0.0027843677
1572.769894755886,1572.769894755886,1.0105076,0.0027869206
1572.771283635334,1572.771283635334,1.0103117,0.0027815097
1572.7726725147813,1572.7726725147813,1.0060894,0.0027772274
1572.7740613942287,1572.7740613942287,1.0069191,0.0027870955
1572.7754502736766,1572.7754502736766,1.0088942,0.0027797024
1572.7768391533577,1572.7768391533577,1.0058789,0.0027976565
1572.778228032805,1572.778228032805,1.0069422,0.0027947295
1572.779616912252,1572.779616912252,1.0029871,0.0027783038
1572.7810057917004,1572.7810057917004,1.005149,0.00278154
1572.7823946711483,1572.7823946711483,1.0061115,0.0027749888
1572.7837835505957,1572.7837835505957,1.0044924,0.0027754598
1572.785172430043,1572.785172430043,1.0041124,0.002775744
1572.786561309491,1572.786561309491,1.0049423,0.002781984
1572.7879501889392,1572.7879501889392,1.0065281,0.0027784368
1572.7893390683867,1572.7893390683867,1.0111628,0.0027792114
1572.7907279478338,1572.7907279478338,1.0045353,0.00277962
1572.7921168275152,1572.7921168275152,1.0043507,0.0027807544
1572.7935057069635,1572.7935057069635,1.0074506,0.0027767266
1572.794894586411,1572.794894586411,1.0041256,0.0027793422
1572.7962834658588,1572.7962834658588,1.0060687,0.0027765227
1572.7976723453069,1572.7976723453069,1.0033724,0.002776528
1572.799061224754,1572.799061224754,1.0072799,0.0027790111
1572.8004501042014,1572.8004501042014,1.0074856,0.002778392
1572.8018389836498,1572.8018389836498,1.002811,0.0027764083
1572.8032278630976,1572.8032278630976,1.0012803,0.0027712004
1572.804616742545,1572.804616742545,1.0066626,0.0027785315
1572.8060056219924,1572.8060056219924,1.0032709,0.0027766586
1572.8073945014403,1572.8073945014403,0.99859303,0.0027779215
1572.8087833808877,1572.8087833808877,1.0027448,0.002776173
1572.810172260335,1572.810172260335,0.99990976,0.0027731496
1572.811561139783,1572.811561139783,1.0018998,0.0027775362
1572.8129500192313,1572.8129500192313,1.003123,0.0027752707
1572.8143388986784,1572.8143388986784,1.0065987,0.0027817981
1572.8157277781256,1572.8157277781256,1.0078834,0.0027792605
1572.817116657574,1572.817116657574,1.0023386,0.0027738402
1572.818505536789,1572.818505536789,0.9983883,0.0027744246
1572.8198944162364,1572.8198944162364,1.0081213,0.002775648
1572.8212832956838,1572.8212832956838,1.0044248,0.0027714686
1572.8226721751316,1572.8226721751316,1.0015954,0.0027792489
1572.82406105458,1572.82406105458,0.9998911,0.0027708644
1572.8254499340273,1572.8254499340273,1.003534,0.0027738938
1572.8268388134745,1572.8268388134745,1.0005736,0.002768236
1572.8282276929226,1572.8282276929226,1.0047078,0.0027699224
1572.82961657237,1572.82961657237,1.0001367,0.0027691438
1572.8310054518174,1572.8310054518174,0.9998226,0.0027682404
1572.8323943312653,1572.8323943312653,1.0014125,0.002771171
1572.8337832104803,1572.8337832104803,1.0015916,0.0027683994
1572.8351720899277,1572.8351720899277,1.0013022,0.0027694223
1572.8365609693751,1572.8365609693751,1.0044159,0.0027712958
1572.8379498488234,1572.8379498488234,0.99882007,0.0027709904
1572.8393387282713,1572.8393387282713,1.0015335,0.0027687624
1572.8407276077191,1572.8407276077191,1.0009261,0.0027682255
1572.8421164869346,1572.8421164869346,1.0004703,0.0027726362
1572.8435053663825,1572.8435053663825,0.997753,0.0027670786
1572.84489424583,1572.84489424583,0.9987005,0.0027664767
1572.8462831252773,1572.8462831252773,1.0020809,0.0027693803
1572.8476720047252,1572.8476720047252,0.9995636,0.002767042
1572.8490608841735,1572.8490608841735,1.0010829,0.0027678055
1572.8504497633878,1572.8504497633878,1.000166,0.0027681633
1572.851838642835,1572.851838642835,1.0010741,0.0027686988
1572.8532275222833,1572.8532275222833,0.99837637,0.002768742
1572.8546164017312,1572.8546164017312,1.0001509,0.0027733364
1572.8560052809457,1572.8560052809457,1.0007647,0.0027766547
1572.8573941603931,1572.8573941603931,1.0006645,0.0027768426
1572.858783039841,1572.858783039841,1.0001872,0.0027712488
1572.8601719192893,1572.8601719192893,0.99815255,0.002766946
1572.861560798504,1572.861560798504,1.0009812,0.0027806326
1572.862949677951,1572.862949677951,0.9976859,0.0027787378
1572.8643385573992,1572.8643385573992,1.0007204,0.0027693496
1572.8657274368466,1572.8657274368466,0.998653,0.0027668881
1572.8671163160611,1572.8671163160611,0.9984855,0.0027649265
1572.868505195509,1572.868505195509,1.0033189,0.0027674823
1572.8698940749568,1572.8698940749568,1.0001067,0.002771485
1572.8712829544043,1572.8712829544043,0.999833,0.0027670187
1572.8726718336188,1572.8726718336188,0.99788207,0.0027659899
1572.8740607130671,1572.8740607130671,1.0104083,0.0027756006
1572.875449592515,1572.875449592515,1.0030074,0.0027718018
1572.8768384717296,1572.8768384717296,1.0008098,0.0027643733
1572.878227351177,1572.878227351177,0.9985667,0.0027737475
1572.8796162306248,1572.8796162306248,1.0080336,0.0027731645
1572.8810051098394,1572.8810051098394,1.0041361,0.0027759718
1572.8823939892868,1572.8823939892868,1.0023626,0.0027659063
1572.8837828687347,1572.8837828687347,1.0018374,0.0027713382
1572.8851717479502,1572.8851717479502,1.0020354,0.0027662448
1572.8865606273973,1572.8865606273973,1.0006629,0.0027641444
1572.8879495066117,1572.8879495066117,1.0026777,0.0027671994
1572.88933838606,1572.88933838606,1.0015811,0.0027665193
1572.8907272655088,1572.8907272655088,1.0020419,0.0027661207
1572.8921161447238,1572.8921161447238,0.9996042,0.0027721326
1572.8935050241712,1572.8935050241712,1.0008435,0.0027701282
1572.894893903619,1572.894893903619,0.9988617,0.0027622543
1572.8962827828345,1572.8962827828345,1.00305,0.0027644506
1572.897671662282,1572.897671662282,1.0010805,0.0027708842
1572.8990605414963,1572.8990605414963,0.99838334,0.0027684402
1572.9004494209444,1572.9004494209444,0.9966892,0.0027632571
1572.901838300159,1572.901838300159,0.99647075,0.0027831097
1572.9032271796063,1572.9032271796063,0.9981422,0.0027782938
1572.9046160588214,1572.9046160588214,0.9955944,0.0027603633
1572.9060049382692,1572.9060049382692,0.99739736,0.0027625684
1572.9073938177166,1572.9073938177166,0.9978545,0.00276381
1572.9087826969312,1572.9087826969312,0.9966647,0.002763479
1572.9101715763795,1572.9101715763795,0.9954493,0.0027635065
1572.9115604555946,1572.9115604555946,0.99831176,0.0027757015
1572.912949335042,1572.912949335042,0.998174,0.002763413
1572.9143382142565,1572.9143382142565,0.9972415,0.0027649452
1572.9157270937044,1572.9157270937044,0.9988825,0.0027641922
1572.9171159729196,1572.9171159729196,0.9970294,0.0027663005
1572.9185048523668,1572.9185048523668,0.9956631,0.002772893
1572.9198937315814,1572.9198937315814,0.9936857,0.0027646066
1572.9212826110297,1572.9212826110297,0.99614,0.0027588676
1572.922671490244,1572.922671490244,0.9950601,0.0027770763
1572.9240603696912,1572.9240603696912,0.9975224,0.0027631386
1572.9254492489067,1572.9254492489067,0.99344033,0.0027669535
1572.9268381281217,1572.9268381281217,0.9961037,0.0027647219
1572.9282270075691,1572.9282270075691,0.99623233,0.0027616285
1572.9296158867837,1572.9296158867837,1.0014309,0.0027668634
1572.9310047662316,1572.9310047662316,0.9972959,0.0027711496
1572.932393645447,1572.932393645447,0.9957352,0.002766239
1572.9337825248945,1572.9337825248945,0.99523175,0.00277788
1572.9351714041088,1572.9351714041088,0.9995774,0.0027653703
1572.936560283324,1572.936560283324,0.9963673,0.0027758172
1572.9379491627715,1572.9379491627715,0.99716294,0.0027605218
1572.939338041986,1572.939338041986,0.99171877,0.0027714502
1572.9407269214346,1572.9407269214346,0.9961234,0.002765417
1572.9421158006503,1572.9421158006503,0.9964727,0.0027610057
1572.9435046798649,1572.9435046798649,0.99499625,0.0027583584
1572.9448935593123,1572.9448935593123,0.99432874,0.0027585784
1572.9462824385278,1572.9462824385278,0.9922494,0.002774796
1572.9476713177428,1572.9476713177428,0.99314886,0.0027587072
1572.9490601971902,1572.9490601971902,0.99475694,0.0027606064
1572.9504490764048,1572.9504490764048,0.99502474,0.0027601467
1572.9518379556198,1572.9518379556198,0.99727887,0.0027567397
1572.9532268350679,1572.9532268350679,0.9951163,0.002778655
1572.9546157142822,1572.9546157142822,0.9921787,0.0027564634
1572.9560045934968,1572.9560045934968,0.9964669,0.0027647805
1572.9573934729451,1572.9573934729451,0.9934746,0.0027601407
1572.9587823521595,1572.9587823521595,0.99502486,0.0027600718
1572.9601712313738,1572.9601712313738,0.9935549,0.0027644557
1572.9615601108221,1572.9615601108221,0.98993194,0.0027564315
1572.9629489900371,1572.9629489900371,0.9900653,0.0027848412
1572.9643378692517,1572.9643378692517,0.9936868,0.0027706616
1572.9657267484663,1572.9657267484663,0.9950966,0.0027610322
1572.9671156279142,1572.9671156279142,0.99424076,0.0027686865
1572.9685045071296,1572.9685045071296,0.9932054,0.0027582538
1572.9698933863442,1572.9698933863442,0.9914183,0.002758194
1572.9712822657914,1572.9712822657914,0.9945558,0.0027640194
1572.9726711450066,1572.9726711450066,0.99244654,0.0027672246
1572.9740600242212,1572.9740600242212,0.9899758,0.0027604252
1572.9754489034358,1572.9754489034358,0.9917369,0.002758321
1572.9768377826508,1572.9768377826508,0.99436396,0.0027595768
1572.9782266620987,1572.9782266620987,0.9908887,0.002759465
1572.9796155413133,1572.9796155413133,0.9885327,0.0027673475
1572.9810044205278,1572.9810044205278,0.9921995,0.0027600573
1572.982393299743,1572.982393299743,0.99127036,0.0027576047
1572.9837821789583,1572.9837821789583,0.9895496,0.0027544
1572.9851710584057,1572.9851710584057,0.9908967,0.0027740865
1572.9865599376203,1572.9865599376203,0.9897697,0.0027682576
1572.9879488168353,1572.9879488168353,0.9910289,0.0027674483
1572.9893376960506,1572.9893376960506,0.98965585,0.0027557027
1572.9907265752659,1572.9907265752659,0.9910659,0.002763748
1572.9921154544809,1572.9921154544809,0.9917915,0.0027575442
1572.9935043339292,1572.9935043339292,0.9914921,0.0027570664
1572.9948932131435,1572.9948932131435,0.9916549,0.0027578904
1572.996282092358,1572.996282092358,0.9893567,0.0027519588
1572.9976709715734,1572.9976709715734,0.9907304,0.0027555597
1572.9990598507884,1572.9990598507884,0.98765326,0.0027575556
1573.000448730003,1573.000448730003,0.9918986,0.0027575665
1573.0018376092175,1573.0018376092175,0.9914694,0.0027670553
1573.0032264884326,1573.0032264884326,0.9912949,0.0027552093
1573.004615367881,1573.004615367881,0.9919604,0.0027680246
1573.0060042470955,1573.0060042470955,0.99234205,0.0027585588
1573.0073931263098,1573.0073931263098,0.99118394,0.0027619298
1573.008782005525,1573.008782005525,0.98705226,0.002755072
1573.0101708847396,1573.0101708847396,0.9878617,0.0027627184
1573.0115597639542,1573.0115597639542,0.9908801,0.0027568305
1573.0129486431692,1573.0129486431692,0.9869315,0.0027608557
1573.0143375223843,1573.0143375223843,0.98685336,0.0027552492
1573.0157264015988,1573.0157264015988,0.98747367,0.0027569367
1573.0171152808134,1573.0171152808134,0.98889923,0.0027525397
1573.0185041600287,1573.0185041600287,0.98857313,0.0027609845
1573.019893039244,1573.019893039244,0.98839164,0.0027580357
1573.0212819184585,1573.0212819184585,0.9917001,0.0027557155
1573.022670797673,1573.022670797673,0.98819274,0.0027570338
1573.024059676888,1573.024059676888,0.9861816,0.0027549136
1573.0254485561034,1573.0254485561034,0.988347,0.0027589651
1573.0268374353177,1573.0268374353177,0.9894865,0.0027544945
1573.0282263145323,1573.0282263145323,0.98929983,0.002754146
1573.0296151937478,1573.0296151937478,0.9905657,0.0027696348
1573.031004072962,1573.031004072962,0.9898421,0.0027554275
1573.0323929521765,1573.0323929521765,0.98786294,0.0027529092
1573.033781831392,1573.033781831392,0.9908681,0.0027560086
1573.035170710607,1573.035170710607,0.9861225,0.0027535877
1573.0365595898215,1573.0365595898215,0.98757136,0.002754508
1573.037948469036,1573.037948469036,0.9886192,0.0027561036
1573.0393373482511,1573.0393373482511,0.9857867,0.0027543532
1573.0407262274666,1573.0407262274666,0.98726434,0.0027538193
1573.0421151066816,1573.0421151066816,0.9898028,0.0027549476
1573.043503985897,1573.043503985897,0.9890801,0.0027524505
1573.0448928648793,1573.0448928648793,0.98709583,0.0027555358
1573.0462817440944,1573.0462817440944,0.9870586,0.002750083
1573.047670623309,1573.047670623309,0.991406,0.0027541232
1573.0490595025235,1573.0490595025235,0.9876144,0.0027532638
1573.0504483817385,1573.0504483817385,0.98773265,0.00275176
1573.051837260953,1573.051837260953,0.9870625,0.0027529355
1573.0532261401677,1573.0532261401677,0.9861715,0.0027521478
1573.054615019383,1573.054615019383,0.9877048,0.0027620061
1573.0560038985982,1573.0560038985982,0.98843193,0.0027513548
1573.05739277758,1573.05739277758,0.9890707,0.0027511693
1573.0587816567945,1573.0587816567945,0.98874974,0.0027548536
1573.0601705360095,1573.0601705360095,0.98795736,0.0027514435
1573.0615594152248,1573.0615594152248,0.9874279,0.00275696
1573.0629482944391,1573.0629482944391,0.9901105,0.0027527425
1573.0643371736537,1573.0643371736537,0.98885626,0.0027563623
1573.0657260526364,1573.0657260526364,0.9855865,0.0027507334
1573.0671149318507,1573.0671149318507,0.9864567,0.0027497492
1573.068503811065,1573.068503811065,0.9847133,0.0027500975
1573.0698926902805,1573.0698926902805,0.98410654,0.0027540238
1573.0712815694956,1573.0712815694956,0.98685133,0.0027589716
1573.0726704484773,1573.0726704484773,0.9848824,0.0027533183
1573.0740593276919,1573.0740593276919,0.9861474,0.0027532887
1573.075448206907,1573.075448206907,0.9870949,0.0027530985
1573.0768370861224,1573.0768370861224,0.9885822,0.0027504913
1573.078225965104,1573.078225965104,0.98628247,0.0027495236
1573.0796148443183,1573.0796148443183,0.98278934,0.0027484407
1573.0810037235337,1573.0810037235337,0.98515505,0.0027485483
1573.0823926027488,1573.0823926027488,0.98623246,0.0027475585
1573.0837814817305,1573.0837814817305,0.98461366,0.0027560461
1573.085170360945,1573.085170360945,0.98343486,0.0027566
1573.08655924016,1573.08655924016,0.9882369,0.002752662
1573.0879481191419,1573.0879481191419,0.9836595,0.0027633135
1573.0893369983564,1573.0893369983564,0.98707956,0.0027488677
1573.0907258775717,1573.0907258775717,0.98422146,0.002752514
1573.092114756787,1573.092114756787,0.9818845,0.0027573756
1573.0935036357691,1573.0935036357691,0.9834333,0.0027631049
1573.0948925149846,1573.0948925149846,0.98717266,0.0027575758
1573.0962813941997,1573.0962813941997,0.9860535,0.0027510803
1573.097670273182,1573.097670273182,0.9852017,0.00274607
1573.0990591523964,1573.0990591523964,0.9855284,0.0027549625
1573.100448031611,1573.100448031611,0.9830325,0.002747017
1573.1018369105936,1573.1018369105936,0.9861783,0.002748574
1573.103225789808,1573.103225789808,0.98647887,0.0027449545
1573.1046146687895,1573.1046146687895,0.9867286,0.0027657202
1573.106003548005,1573.106003548005,0.9854838,0.0027466558
1573.10739242722,1573.10739242722,0.9839562,0.0027570913
1573.1087813062018,1573.1087813062018,0.98350626,0.0027708502
1573.1101701854163,1573.1101701854163,0.98320067,0.0027491932
1573.1115590646314,1573.1115590646314,0.98552954,0.0027470647
1573.112947943614,1573.112947943614,0.9850311,0.0027561267
1573.1143368228284,1573.1143368228284,0.9818088,0.002745316
1573.1157257018099,1573.1157257018099,0.9818978,0.002755343
1573.1171145810254,1573.1171145810254,0.98278135,0.002746891
1573.1185034600076,1573.1185034600076,0.9829973,0.0027489765
1573.1198923392221,1573.1198923392221,0.98430175,0.00274986
1573.1212812184367,1573.1212812184367,0.98356456,0.002751932
1573.122670097419,1573.122670097419,0.9827686,0.0027469674
1573.1240589766335,1573.1240589766335,0.9848942,0.0027550452
1573.1254478556152,1573.1254478556152,0.9846699,0.0027477837
1573.1268367348305,1573.1268367348305,0.98360157,0.0027452707
1573.128225613813,1573.128225613813,0.9809572,0.002749927
1573.1296144930275,1573.1296144930275,0.9808409,0.0027438435
1573.1310033720092,1573.1310033720092,0.98392075,0.002759495
1573.1323922512242,1573.1323922512242,0.982967,0.00274692
1573.1337811302067,1573.1337811302067,0.9824205,0.0027484295
1573.135170009421,1573.135170009421,0.9865413,0.0027479567
1573.1365588884028,1573.1365588884028,0.98419774,0.002747403
1573.1379477676182,1573.1379477676182,0.9813812,0.0027416407
1573.1393366465998,1573.1393366465998,0.98339117,0.0027585763
1573.140725525814,1573.140725525814,0.9865692,0.002762718
1573.1421144047968,1573.1421144047968,0.9861952,0.0027461832
1573.1435032840118,1573.1435032840118,0.9850014,0.002745145
1573.1448921629942,1573.1448921629942,0.984549,0.0027474903
1573.1462810419766,1573.1462810419766,0.9840941,0.002744328
1573.1476699211917,1573.1476699211917,0.9839351,0.0027451667
1573.1490588001743,1573.1490588001743,0.9849198,0.0027437836
1573.150447679389,1573.150447679389,0.98433167,0.0027494149
1573.1518365583704,1573.1518365583704,0.98644716,0.002755645
1573.1532254373528,1573.1532254373528,0.9823182,0.0027470563
1573.1546143165679,1573.1546143165679,0.98376673,0.0027473266
1573.1560031955496,1573.1560031955496,0.9868662,0.0027562594
1573.1573920747642,1573.1573920747642,0.9796742,0.0027409133
1573.1587809537464,1573.1587809537464,0.98109823,0.0027470887
1573.1601698327281,1573.1601698327281,0.9833805,0.0027471997
1573.1615587119427,1573.1615587119427,0.98285294,0.0027471844
1573.1629475909251,1573.1629475909251,0.98274034,0.002749498
1573.1643364699075,1573.1643364699075,0.9831506,0.0027437864
1573.165725349122,1573.165725349122,0.97982824,0.0027479571
1573.1671142281039,1573.1671142281039,0.98112357,0.002743366
1573.168503107086,1573.168503107086,0.9813089,0.0027456374
1573.1698919863013,1573.1698919863013,0.98264825,0.002744116
1573.1712808652828,1573.1712808652828,0.9868316,0.002742096
1573.1726697442646,1573.1726697442646,0.98266286,0.0027536566
1573.17405862348,1573.17405862348,0.98160917,0.0027470132
1573.1754475024622,1573.1754475024622,0.9824505,0.0027456547
1573.176836381444,1573.176836381444,0.9878304,0.0027459634
1573.1782252606586,1573.1782252606586,0.9871177,0.0027491746
1573.1796141396408,1573.1796141396408,0.9817497,0.0027422158
1573.1810030186225,1573.1810030186225,0.9822386,0.0027430083
1573.1823918976042,1573.1823918976042,0.9849199,0.0027454114
1573.1837807768193,1573.1837807768193,0.9820112,0.0027477688
1573.185169655802,1573.185169655802,0.9806516,0.0027420775
1573.1865585347834,1573.1865585347834,0.9841272,0.0027466407
1573.187947413765,1573.187947413765,0.9831384,0.0027528752
1573.1893362929804,1573.1893362929804,0.9818568,0.0027456924
1573.1907251719626,1573.1907251719626,0.9815506,0.0027443469
1573.1921140509444,1573.1921140509444,0.9824898,0.002746632
1573.1935029299261,1573.1935029299261,0.981547,0.0027411191
1573.1948918091412,1573.1948918091412,0.9835573,0.0027422765
1573.196280688123,1573.196280688123,0.9874346,0.0027450966
1573.1976695671055,1573.1976695671055,0.9842435,0.0027501623
1573.1990584460884,1573.1990584460884,0.9863193,0.002744698
1573.2004473250709,1573.2004473250709,0.98344153,0.0027428602
1573.2018362040526,1573.2018362040526,0.9831405,0.00274903
1573.2032250832672,1573.2032250832672,0.97948676,0.0027421021
1573.2046139622494,1573.2046139622494,0.9835,0.0027436404
1573.2060028412318,1573.2060028412318,0.98427725,0.0027556038
1573.2073917202133,1573.2073917202133,0.9821132,0.0027452195
1573.208780599195,1573.208780599195,0.98371047,0.0027441552
1573.2101694781777,1573.2101694781777,0.98531693,0.0027503623
1573.2115583573927,1573.2115583573927,0.98393476,0.0027533653
1573.2129472363745,1573.2129472363745,0.9841938,0.002745787
1573.2143361153562,1573.2143361153562,0.98371446,0.0027483802
1573.2157249943384,1573.2157249943384,0.983659,0.002740329
1573.2171138733202,1573.2171138733202,0.9838249,0.0027426453
1573.218502752302,1573.218502752302,0.98444253,0.0027433957
1573.219891631284,1573.219891631284,0.9820269,0.0027422518
1573.2212805102668,1573.2212805102668,0.98420995,0.0027431098
1573.2226693892483,1573.2226693892483,0.983524,0.002740186
1573.2240582682298,1573.2240582682298,0.98615074,0.0027428179
1573.2254471472124,1573.2254471472124,0.9829382,0.002743749
1573.2268360264275,1573.2268360264275,0.98434883,0.0027403757
1573.2282249054092,1573.2282249054092,0.9822734,0.0027405806
1573.229613784391,1573.229613784391,0.9862055,0.0027438626
1573.2310026633731,1573.2310026633731,0.9848054,0.0027400902
1573.232391542355,1573.232391542355,0.9850374,0.002746567
1573.2337804213366,1573.2337804213366,0.98556864,0.0027521364
1573.235169300319,1573.235169300319,0.98410064,0.0027535458
1573.2365581793015,1573.2365581793015,0.9829523,0.0027494833
1573.2379470582832,1573.2379470582832,0.9842855,0.0027477113
1573.239335937265,1573.239335937265,0.98313904,0.0027527951
1573.2407248162472,1573.2407248162472,0.9813932,0.0027470186
1573.2421136952294,1573.2421136952294,0.98243535,0.0027421124
1573.243502574211,1573.243502574211,0.9857819,0.0027412637
1573.2448914531928,1573.2448914531928,0.9850175,0.0027412227
1573.2462803321755,1573.2462803321755,0.98305005,0.0027440735
1573.2476692111577,1573.2476692111577,0.98409325,0.0027411508
1573.2490580901394,1573.2490580901394,0.98463905,0.0027539455
1573.2504469688888,1573.2504469688888,0.9831521,0.0027536245
1573.251835847872,1573.251835847872,0.98553103,0.0027550089
1573.2532247268537,1573.2532247268537,0.9817585,0.002755225
1573.2546136058354,1573.2546136058354,0.98312086,0.0027611917
1573.2560024848176,1573.2560024848176,0.982766,0.0027412411
1573.2573913638003,1573.2573913638003,0.98589045,0.0027402057
1573.2587802427818,1573.2587802427818,0.98407054,0.0027385508
1573.2601691217633,1573.2601691217633,0.98355556,0.0027443217
1573.261558000746,1573.261558000746,0.98129845,0.0027410542
1573.2629468797281,1573.2629468797281,0.98225284,0.0027407813
1573.2643357587099,1573.2643357587099,0.98688185,0.002741279
1573.2657246374588,1573.2657246374588,0.9837194,0.002742738
1573.267113516441,1573.267113516441,0.9780833,0.0027409291
1573.2685023954227,1573.2685023954227,0.98622775,0.002747435
1573.2698912744045,1573.2698912744045,0.9851521,0.0027416195
1573.271280153387,1573.271280153387,0.98267686,0.0027522289
1573.2726690323693,1573.2726690323693,0.9833115,0.0027448689
1573.274057911351,1573.274057911351,0.98951644,0.0027386525
1573.2754467901,1573.2754467901,0.9856244,0.0027422018
1573.2768356690822,1573.2768356690822,0.98729503,0.0027414463
1573.2782245480644,1573.2782245480644,0.9865004,0.002763266
1573.2796134270461,1573.2796134270461,0.98619473,0.002739633
1573.2810023060279,1573.2810023060279,0.98702717,0.0027509297
1573.2823911847777,1573.2823911847777,0.9875791,0.0027406586
1573.2837800637599,1573.2837800637599,0.9865544,0.0027475185
1573.2851689427416,1573.2851689427416,0.9856755,0.0027442265
1573.2865578217234,1573.2865578217234,0.9851464,0.0027457452
1573.2879467007056,1573.2879467007056,0.98565495,0.0027394884
1573.2893355794545,1573.2893355794545,0.9895977,0.0027432686
1573.2907244584362,1573.2907244584362,0.9850221,0.0027411724
1573.2921133374184,1573.2921133374184,0.9901645,0.0027420423
1573.293502216401,1573.293502216401,0.9819996,0.0027620117
1573.2948910951498,1573.2948910951498,0.9839893,0.0027456624
1573.2962799741313,1573.2962799741313,0.98921055,0.0027423168
1573.297668853114,1573.297668853114,0.9880306,0.002747747
1573.2990577318633,1573.2990577318633,0.98482484,0.0027396916
1573.300446610845,1573.300446610845,0.98763454,0.0027425576
1573.3018354898268,1573.3018354898268,0.9883337,0.0027449378
1573.303224368809,1573.303224368809,0.98458934,0.0027426209
1573.3046132475592,1573.3046132475592,0.9869953,0.0027544498
1573.306002126542,1573.306002126542,0.9870267,0.0027551411
1573.3073910055234,1573.3073910055234,0.9877945,0.0027404525
1573.308779884273,1573.308779884273,0.98928565,0.0027428814
1573.3101687632548,1573.3101687632548,0.98802584,0.0027413003
1573.3115576422365,1573.3115576422365,0.9845415,0.0027389778
1573.3129465209859,1573.3129465209859,0.9892292,0.0027395284
1573.314335399968,1573.314335399968,0.9852119,0.0027415
1573.315724278717,1573.315724278717,0.9893654,0.0027408833
1573.3171131576987,1573.3171131576987,0.9886258,0.0027424705
1573.3185020366814,1573.3185020366814,0.98651665,0.0027394458
1573.3198909154307,1573.3198909154307,0.9899168,0.0027469723
1573.3212797944125,1573.3212797944125,0.9889054,0.002736921
1573.3226686733942,1573.3226686733942,0.9884604,0.002757076
1573.3240575521436,1573.3240575521436,0.98681307,0.0027443003
1573.3254464311253,1573.3254464311253,0.9894372,0.002745273
1573.3268353098742,1573.3268353098742,0.9868185,0.0027356446
1573.3282241888564,1573.3282241888564,0.9860349,0.0027427368
1573.3296130676063,1573.3296130676063,0.9842779,0.002737982
1573.3310019465878,1573.3310019465878,0.98691696,0.0027375058
1573.3323908255693,1573.3323908255693,0.9888618,0.0027547402
1573.333779704319,1573.333779704319,0.9876013,0.0027371633
1573.3351685833013,1573.3351685833013,0.98936373,0.0027404919
1573.3365574620502,1573.3365574620502,0.98973775,0.0027389855
1573.337946341032,1573.337946341032,0.9865505,0.0027354339
1573.3393352197813,1573.3393352197813,0.9886571,0.0027422947
1573.340724098764,1573.340724098764,0.9872363,0.002737741
1573.342112977513,1573.342112977513,0.99072534,0.0027383808
1573.3435018564944,1573.3435018564944,0.984373,0.0027384988
1573.344890735244,1573.344890735244,0.9917773,0.002750866
1573.3462796142258,1573.3462796142258,0.9910879,0.002742549
1573.3476684929747,1573.3476684929747,0.9853574,0.0027381617
1573.3490573719569,1573.3490573719569,0.9884557,0.0027433615
1573.3504462507062,1573.3504462507062,0.98721033,0.0027401757
1573.351835129688,1573.351835129688,0.98648846,0.0027407242
1573.3532240084369,1573.3532240084369,0.9918537,0.0027415094
1573.3546128874193,1573.3546128874193,0.9881442,0.002738337
1573.356001766169,1573.356001766169,0.98855567,0.0027376371
1573.3573906449178,1573.3573906449178,0.99185735,0.002738971
1573.3587795239,1573.3587795239,0.9898215,0.002740564
1573.3601684026503,1573.3601684026503,0.98802835,0.002737843
1573.361557281632,1573.361557281632,0.9906217,0.0027513185
1573.362946160381,1573.362946160381,0.98746324,0.002737879
1573.3643350393631,1573.3643350393631,0.9902713,0.0027369636
1573.365723918113,1573.365723918113,0.98739016,0.0027373047
1573.3671127968616,1573.3671127968616,0.98735225,0.0027400125
1573.3685016758432,1573.3685016758432,0.9900698,0.0027359677
1573.369890554593,1573.369890554593,0.99249834,0.0027589637
1573.3712794333424,1573.3712794333424,0.99197143,0.0027382057
1573.372668312324,1573.372668312324,0.99473447,0.0027406863
1573.374057191073,1573.374057191073,0.99095005,0.0027633125
1573.3754460700552,1573.3754460700552,0.990024,0.0027396018
1573.376834948805,1573.376834948805,0.9924149,0.002756118
1573.378223827554,1573.378223827554,0.98937577,0.0027370162
1573.3796127065355,1573.3796127065355,0.9912393,0.002755286
1573.381001585285,1573.381001585285,0.9900902,0.0027382546
1573.382390464034,1573.382390464034,0.9944137,0.0027395969
1573.3837793427829,1573.3837793427829,0.9884362,0.00273628
1573.385168221765,1573.385168221765,0.9927065,0.0027357766
1573.3865571005144,1573.3865571005144,0.9911165,0.0027500377
1573.3879459792633,1573.3879459792633,0.9915512,0.0027440512
1573.389334858245,1573.389334858245,0.9930868,0.002740223
1573.3907237369947,1573.3907237369947,0.9900062,0.002737999
1573.3921126157443,1573.3921126157443,0.98968273,0.0027359172
1573.3935014944932,1573.3935014944932,0.9969744,0.0027365885
1573.394890373475,1573.394890373475,0.98989904,0.0027359403
1573.3962792522243,1573.3962792522243,0.98998886,0.0027468218
1573.3976681309732,1573.3976681309732,0.9901943,0.002746299
1573.3990570097221,1573.3990570097221,0.992221,0.002743907
1573.4004458887043,1573.4004458887043,0.99470836,0.0027367624
1573.4018347674541,1573.4018347674541,0.9951288,0.0027402889
1573.4032236462028,1573.4032236462028,0.9923116,0.0027382914
1573.4046125249515,1573.4046125249515,0.99646014,0.0027403443
1573.4060014037013,1573.4060014037013,0.994628,0.0027388819
1573.4073902826835,1573.4073902826835,0.99411184,0.0027360248
1573.4087791614324,1573.4087791614324,0.99330634,0.002736791
1573.4101680401814,1573.4101680401814,0.9959434,0.0027435753
1573.4115569189307,1573.4115569189307,0.9929971,0.002739758
1573.4129457976805,1573.4129457976805,0.9904469,0.0027429822
1573.4143346766627,1573.4143346766627,0.9911623,0.0027346078
1573.4157235554123,1573.4157235554123,0.989767,0.0027400875
1573.417112434162,1573.417112434162,0.9941437,0.0027387165
1573.4185013129108,1573.4185013129108,0.9953936,0.0027390935
1573.4198901916598,1573.4198901916598,0.9910661,0.002745523
1573.4212790704091,1573.4212790704091,0.99311495,0.0027390418
1573.4226679491585,1573.4226679491585,0.9945412,0.0027407685
1573.4240568281402,1573.4240568281402,0.9926519,0.0027371054
1573.4254457068891,1573.4254457068891,0.99402803,0.0027367654
1573.4268345856387,1573.4268345856387,0.99432695,0.0027384725
1573.4282234643883,1573.4282234643883,0.9976029,0.002741346
1573.4296123431373,1573.4296123431373,0.99384123,0.0027434186
1573.4310012218862,1573.4310012218862,0.9967935,0.0027515304
1573.4323901006355,1573.4323901006355,0.99542665,0.0027455476
1573.4337789793851,1573.4337789793851,0.99910975,0.0027512847
1573.4351678581338,1573.4351678581338,0.9980737,0.0027431475
1573.4365567368827,1573.4365567368827,0.99944854,0.0027370655
1573.4379456156325,1573.4379456156325,0.9968074,0.0027509471
1573.4393344943812,1573.4393344943812,0.99383724,0.0027455722
1573.44072337313,1573.44072337313,0.9925569,0.0027348252
1573.4421122518797,1573.4421122518797,0.99662197,0.00273575
1573.443501130629,1573.443501130629,0.99638355,0.0027411084
1573.444890009378,1573.444890009378,0.99597484,0.0027457532
1573.446278888127,1573.446278888127,0.99533194,0.0027376025
1573.4476677668763,1573.4476677668763,0.99573547,0.002746616
1573.4490566456261,1573.4490566456261,0.9944674,0.002736953
1573.4504455243748,1573.4504455243748,0.99754846,0.002742162
1573.4518344031235,1573.4518344031235,0.9954458,0.002743774
1573.4532232818733,1573.4532232818733,0.9982972,0.0027373072
1573.4546121606222,1573.4546121606222,0.99578714,0.002735963
1573.4560010393711,1573.4560010393711,0.9987886,0.0027355808
1573.4573899181205,1573.4573899181205,0.997823,0.002740108
1573.4587787968699,1573.4587787968699,0.9992037,0.002751047
1573.4601676756188,1573.4601676756188,0.9988699,0.0027381883
1573.4615565543677,1573.4615565543677,0.9959058,0.0027463401
1573.4629454331173,1573.4629454331173,0.99396366,0.0027400672
1573.4643343118669,1573.4643343118669,0.99787915,0.0027414444
1573.4657231906158,1573.4657231906158,0.99557024,0.002739432
1573.4671120693647,1573.4671120693647,0.99763,0.0027455345
1573.468500948114,1573.468500948114,0.99849766,0.0027390884
1573.4698898268643,1573.4698898268643,0.99645084,0.0027483688
1573.4712787053809,1573.4712787053809,0.9968526,0.002739607
1573.4726675841298,1573.4726675841298,0.99630564,0.0027411769
1573.4740564628796,1573.4740564628796,0.99715066,0.0027415752
1573.4754453416283,1573.4754453416283,0.99659693,0.0027355754
1573.476834220377,1573.476834220377,0.99732065,0.0027370865
1573.4782230991268,1573.4782230991268,0.99876964,0.0027486347
1573.4796119778762,1573.4796119778762,0.99894416,0.0027394388
1573.4810008563923,1573.4810008563923,0.9975052,0.0027409121
1573.4823897351412,1573.4823897351412,0.99951136,0.0027499557
1573.4837786138905,1573.4837786138905,0.99696374,0.0027428486
1573.4851674926404,1573.4851674926404,0.9976018,0.0027408747
1573.486556371389,1573.486556371389,0.9990047,0.002735946
1573.4879452501377,1573.4879452501377,0.9999045,0.0027468004
1573.4893341286547,1573.4893341286547,0.99809647,0.002739662
1573.4907230074036,1573.4907230074036,0.9975705,0.0027393824
1573.4921118861525,1573.4921118861525,1.0002573,0.00273767
1573.493500764902,1573.493500764902,1.0016965,0.0027359466
1573.4948896434184,1573.4948896434184,0.9982,0.0027376106
1573.4962785221674,1573.4962785221674,0.99802005,0.002743747
1573.4976674009163,1573.4976674009163,0.9952671,0.0027381722
1573.4990562796659,1573.4990562796659,0.99595743,0.0027381205
1573.5004451581826,1573.5004451581826,0.99951994,0.0027368572
1573.5018340369315,1573.5018340369315,0.999344,0.002737371
1573.5032229156805,1573.5032229156805,0.9958137,0.0027362637
1573.5046117944298,1573.5046117944298,0.9975222,0.0027486426
1573.5060006729466,1573.5060006729466,1.002987,0.002737935
1573.5073895516953,1573.5073895516953,1.0029013,0.0027384458
1573.5087784304442,1573.5087784304442,1.0004374,0.0027505083
1573.510167309194,1573.510167309194,1.0011555,0.0027376153
1573.5115561877099,1573.5115561877099,1.0002612,0.0027344706
1573.5129450664585,1573.5129450664585,0.99957407,0.0027412185
1573.5143339452084,1573.5143339452084,1.0002632,0.0027348686
1573.515722823725,1573.515722823725,1.0009124,0.002753302
1573.5171117024738,1573.5171117024738,0.99995875,0.0027416071
1573.5185005812227,1573.5185005812227,1.0000134,0.0027401731
1573.5198894597393,1573.5198894597393,1.0003959,0.0027374576
1573.521278338489,1573.521278338489,1.0040189,0.002750074
1573.522667217005,1573.522667217005,1.002965,0.0027368004
1573.5240560957536,1573.5240560957536,1.0020245,0.0027346984
1573.5254449745034,1573.5254449745034,1.0015888,0.002747198
1573.52683385302,1573.52683385302,1.0028899,0.002738673
1573.5282227317698,1573.5282227317698,1.003954,0.0027446786
1573.5296116105192,1573.5296116105192,1.0057842,0.002740116
1573.5310004890357,1573.5310004890357,0.9998955,0.002749927
1573.5323893677846,1573.5323893677846,1.0021034,0.0027373245
1573.5337782463007,1573.5337782463007,1.0021042,0.0027404823
1573.5351671250503,1573.5351671250503,0.99840087,0.00273477
1573.536556003567,1573.536556003567,1.0002835,0.0027437801
1573.537944882316,1573.537944882316,0.9989415,0.0027406258
1573.5393337610649,1573.5393337610649,1.0005215,0.0027372972
1573.5407226395814,1573.5407226395814,1.0039183,0.0027410155
1573.542111518331,1573.542111518331,1.0022727,0.0027463003
1573.5435003968469,1573.5435003968469,1.0015512,0.0027391303
1573.5448892755958,1573.5448892755958,1.0026408,0.0027374655
1573.5462781541128,1573.5462781541128,1.0001489,0.0027358576
1573.5476670328615,1573.5476670328615,0.998606,0.002743914
1573.5490559113773,1573.5490559113773,1.0040581,0.002738199
1573.5504447901271,1573.5504447901271,0.9974003,0.0027382988
1573.5518336686437,1573.5518336686437,1.0027459,0.0027405648
1573.5532225473926,1573.5532225473926,1.0011405,0.0027405838
1573.5546114259087,1573.5546114259087,1.0001824,0.0027447355
1573.556000304658,1573.556000304658,0.99972266,0.0027493
1573.557389183175,1573.557389183175,1.002365,0.002737622
1573.5587780619237,1573.5587780619237,1.0035744,0.0027362027
1573.5601669404396,1573.5601669404396,1.0025703,0.0027500791
1573.5615558191894,1573.5615558191894,1.0027282,0.002743663
1573.562944697706,1573.562944697706,1.0027889,0.0027386448
1573.564333576222,1573.564333576222,1.0057571,0.0027380707
1573.565722454971,1573.565722454971,1.0046154,0.0027533243
1573.5671113334874,1573.5671113334874,1.0006702,0.0027413785
1573.5685002122364,1573.5685002122364,1.0039376,0.0027350415
1573.5698890907524,1573.5698890907524,1.0034252,0.0027465718
1573.5712779692692,1573.5712779692692,1.0032965,0.0027543716
1573.5726668480188,1573.5726668480188,1.0062217,0.0027395098
1573.5740557265349,1573.5740557265349,1.0041686,0.0027396749
1573.5754446052838,1573.5754446052838,1.0074937,0.0027393033
1573.5768334838003,1573.5768334838003,1.0059134,0.0027402812
1573.5782223623169,1573.5782223623169,1.0053489,0.002737348
1573.5796112410658,1573.5796112410658,1.005284,0.0027444032
1573.5810001195819,1573.5810001195819,1.0040808,0.0027532144
1573.5823889980988,1573.5823889980988,1.0070732,0.0027399282
1573.5837778768482,1573.5837778768482,1.0018224,0.0027398206
1573.5851667553648,1573.5851667553648,1.0028713,0.0027393943
1573.5865556338817,1573.5865556338817,1.0074235,0.002744577
1573.587944512631,1573.587944512631,1.003052,0.0027418707
1573.5893333911472,1573.5893333911472,1.0055748,0.0027421992
1573.5907222696633,1573.5907222696633,1.0043398,0.002744223
1573.5921111484126,1573.5921111484126,1.0078219,0.0027518808
1573.5935000269296,1573.5935000269296,1.0057417,0.002753025
1573.5948889054455,1573.5948889054455,1.009837,0.0027457105
1573.5962777841942,1573.5962777841942,1.0059395,0.0027442332
1573.5976666627112,1573.5976666627112,1.0051751,0.0027413017
1573.5990555412277,1573.5990555412277,1.005541,0.0027414777
1573.6004444197438,1573.6004444197438,1.0086101,0.0027466787
1573.6018332984927,1573.6018332984927,1.0068654,0.002737207
1573.6032221770092,1573.6032221770092,1.0079832,0.00273885
1573.6046110555253,1573.6046110555253,1.0055214,0.002743468
1573.6059999340414,1573.6059999340414,1.0071044,0.0027426835
1573.6073888125582,1573.6073888125582,1.0241399,0.0027477182
1573.6087776913078,1573.6087776913078,1.0198061,0.0027475287
1573.6101665698238,1573.6101665698238,1.0143571,0.002738758
1573.61155544834,1573.61155544834,1.0094045,0.0027424481
1573.6129443268565,1573.6129443268565,1.0118147,0.0027521213
1573.614333205373,1573.614333205373,1.0103791,0.00274944
1573.615722084122,1573.615722084122,1.0088391,0.0027372004
1573.617110962638,1573.617110962638,1.0098195,0.0027391952
1573.618499841155,1573.618499841155,1.0098552,0.002754018
1573.6198887196708,1573.6198887196708,1.0104369,0.0027444041
1573.6212775981867,1573.6212775981867,1.0089034,0.0027446798
1573.6226664767037,1573.6226664767037,1.0089082,0.002752971
1573.624055355453,1573.624055355453,1.0098356,0.002738597
1573.6254442339691,1573.6254442339691,1.0069952,0.0027412374
1573.6268331124852,1573.6268331124852,1.0060711,0.0027408728
1573.6282219910017,1573.6282219910017,1.0079317,0.0027383305
1573.6296108695187,1573.6296108695187,1.009055,0.0027410071
1573.6309997480346,1573.6309997480346,1.0076655,0.0027413035
1573.6323886265504,1573.6323886265504,1.0083894,0.0027381731
1573.6337775050674,1573.6337775050674,1.0093966,0.0027411687
1573.635166383584,1573.635166383584,1.0102577,0.0027406283
1573.6365552623329,1573.6365552623329,1.0091176,0.0027404805
1573.637944140849,1573.637944140849,1.0059246,0.0027398143
1573.6393330193655,1573.6393330193655,1.0087799,0.0027418097
1573.6407218978816,1573.6407218978816,1.0098206,0.00274248
1573.6421107763986,1573.6421107763986,1.0108253,0.002740622
1573.6434996549158,1573.6434996549158,1.0113939,0.0027396195
1573.6448885334325,1573.6448885334325,1.0100874,0.0027445662
1573.6462774119486,1573.6462774119486,1.0093485,0.0027426009
1573.6476662904647,1573.6476662904647,1.0103921,0.0027573681
1573.6490551689812,1573.6490551689812,1.0097636,0.0027405322
1573.6504440474978,1573.6504440474978,1.0082936,0.0027407247
1573.6518329260139,1573.6518329260139,1.0098764,0.0027418078
1573.65322180453,1573.65322180453,1.0114356,0.0027414726
1573.654610683047,1573.654610683047,1.0107634,0.0027482472
1573.6559995615628,1573.6559995615628,1.0119796,0.002743833
1573.6573884400786,1573.6573884400786,1.01236,0.0027419175
1573.6587773185956,1573.6587773185956,1.010951,0.002742511
1573.6601661971122,1573.6601661971122,1.0081273,0.0027417557
1573.6615550756283,1573.6615550756283,1.0148522,0.002741978
1573.6629439541443,1573.6629439541443,1.0147237,0.0027479213
1573.6643328326609,1573.6643328326609,1.0156561,0.00274416
1573.6657217111779,1573.6657217111779,1.0100013,0.0027539884
1573.6671105896937,1573.6671105896937,1.012313,0.0027435194
1573.6684994679767,1573.6684994679767,1.0061476,0.0027398544
1573.6698883464937,1573.6698883464937,1.0128888,0.0027417087
1573.6712772250103,1573.6712772250103,1.0147719,0.0027388413
1573.6726661035264,1573.6726661035264,1.0130688,0.0027433261
1573.6740549820424,1573.6740549820424,1.011809,0.0027412083
1573.675443860559,1573.675443860559,1.013925,0.0027415818
1573.676832739075,1573.676832739075,1.0131325,0.002743263
1573.6782216175911,1573.6782216175911,1.0122031,0.0027458456
1573.679610496108,1573.679610496108,1.0138438,0.0027435753
1573.6809993743918,1573.6809993743918,1.0084289,0.0027408316
1573.682388252908,1573.682388252908,1.0098021,0.0027424565
1573.683777131424,1573.683777131424,1.014339,0.0027411408
1573.6851660099405,1573.6851660099405,1.0100456,0.0027416102
1573.686554888457,1573.686554888457,1.0083807,0.0027419296
1573.6879437669731,1573.6879437669731,1.0106864,0.0027439604
1573.6893326452564,1573.6893326452564,1.0119798,0.0027510487
1573.6907215237732,1573.6907215237732,1.0123829,0.002743515
1573.69211040229,1573.69211040229,1.0097405,0.0027455601
1573.693499280806,1573.693499280806,1.0133053,0.0027428737
1573.694888159322,1573.694888159322,1.0116596,0.0027439974
1573.6962770376058,1573.6962770376058,1.0105171,0.0027415499
1573.6976659161219,1573.6976659161219,1.0084059,0.0027392646
1573.699054794638,1573.699054794638,1.0124671,0.0027464763
1573.7004436731554,1573.7004436731554,1.0110992,0.0027449555
1573.7018325516729,1573.7018325516729,1.013065,0.0027439203
1573.7032214299559,1573.7032214299559,1.012266,0.0027440838
1573.7046103084717,1573.7046103084717,1.0122179,0.0027388588
1573.7059991869887,1573.7059991869887,1.0136409,0.0027415573
1573.7073880655053,1573.7073880655053,1.0120635,0.0027453
1573.7087769437885,1573.7087769437885,1.0146244,0.0027569304
1573.7101658223046,1573.7101658223046,1.0120784,0.00274073
1573.7115547008211,1573.7115547008211,1.0123125,0.002743869
1573.7129435791044,1573.7129435791044,1.013507,0.002742515
1573.7143324576205,1573.7143324576205,1.0163087,0.0027423014
1573.7157213361372,1573.7157213361372,1.0147526,0.002743502
1573.7171102144212,1573.7171102144212,1.0124563,0.0027407724
1573.7184990929372,1573.7184990929372,1.0126575,0.002744081
1573.7198879714533,1573.7198879714533,1.0160156,0.0027420744
1573.721276849737,1573.721276849737,1.0097493,0.0027407939
1573.7226657282536,1573.7226657282536,1.0114285,0.002749587
1573.7240546067696,1573.7240546067696,1.0123281,0.002742792
1573.725443485053,1573.725443485053,1.0141544,0.0027425895
1573.7268323635697,1573.7268323635697,1.0159422,0.0027471506
1573.7282212420864,1573.7282212420864,1.0113059,0.0027404292
1573.7296101203697,1573.7296101203697,1.0121951,0.002756474
1573.7309989988858,1573.7309989988858,1.0131334,0.002741577
1573.7323878771695,1573.7323878771695,1.0117416,0.002742433
1573.7337767556855,1573.7337767556855,1.0121356,0.002741716
1573.7351656342016,1573.7351656342016,1.0100018,0.0027440314
1573.7365545124853,1573.7365545124853,1.0113758,0.0027502559
1573.7379433910023,1573.7379433910023,1.0127555,0.0027417312
1573.7393322692853,1573.7393322692853,1.0135703,0.0027589372
1573.7407211478012,1573.7407211478012,1.0095946,0.0027443627
1573.7421100260854,1573.7421100260854,1.0128105,0.0027411422
1573.743498904602,1573.743498904602,1.0136082,0.0027466584
1573.744887783118,1573.744887783118,1.0130353,0.0027459199
1573.7462766614012,1573.7462766614012,1.0162822,0.0027544417
1573.7476655399178,1573.7476655399178,1.012781,0.0027533527
1573.749054418201,1573.749054418201,1.0163059,0.0027420032
1573.750443296717,1573.750443296717,1.0153805,0.0027481841
1573.7518321750008,1573.7518321750008,1.0135814,0.0027523728
1573.7532210535178,1573.7532210535178,1.0186073,0.0027457539
1573.754609931801,1573.754609931801,1.0173042,0.0027419266
1573.7559988103171,1573.7559988103171,1.0133812,0.0027440516
1573.7573876886008,1573.7573876886008,1.0159738,0.0027479578
1573.7587765671174,1573.7587765671174,1.01489,0.0027440432
1573.7601654454006,1573.7601654454006,1.0138087,0.0027460346
1573.7615543239176,1573.7615543239176,1.013125,0.0027433198
1573.762943202202,1573.762943202202,1.0118386,0.0027438898
1573.764332080486,1573.764332080486,1.013476,0.0027418747
1573.765720959002,1573.765720959002,1.0113162,0.0027481902
1573.7671098372853,1573.7671098372853,1.0122913,0.0027412819
1573.7684987158018,1573.7684987158018,1.0108882,0.0027432726
1573.769887594085,1573.769887594085,1.0159181,0.002747747
1573.7712764726011,1573.7712764726011,1.0140898,0.002746754
1573.7726653508848,1573.7726653508848,1.0134528,0.002743029
1573.774054229169,1573.774054229169,1.013989,0.0027458353
1573.7754431076849,1573.7754431076849,1.0200934,0.0027507632
1573.7768319859679,1573.7768319859679,1.0159686,0.0027495848
1573.7782208644849,1573.7782208644849,1.015372,0.0027439436
1573.7796097427686,1573.7796097427686,1.0162764,0.0027428535
1573.7809986210518,1573.7809986210518,1.014447,0.0027429631
1573.782387499568,1573.782387499568,1.0140764,0.0027440605
1573.7837763778516,1573.7837763778516,1.0156791,0.002743932
1573.7851652561349,1573.7851652561349,1.0137572,0.0027477148
1573.786554134651,1573.786554134651,1.0156921,0.0027463813
1573.7879430129346,1573.7879430129346,1.0178343,0.002747688
1573.7893318912188,1573.7893318912188,1.0135157,0.0027424805
1573.790720769735,1573.790720769735,1.0179043,0.0027486822
1573.7921096480181,1573.7921096480181,1.0157454,0.0027636173
1573.7934985263018,1573.7934985263018,1.0122893,0.0027423226
1573.7948874048184,1573.7948874048184,1.0130818,0.0027463494
1573.7962762831016,1573.7962762831016,1.0143481,0.0027500554
1573.7976651613849,1573.7976651613849,1.0143176,0.0027398446
1573.7990540396688,1573.7990540396688,1.0136008,0.0027479779
1573.8004429181856,1573.8004429181856,1.0159885,0.0027420346
1573.8018317964688,1573.8018317964688,1.0194966,0.0027553728
1573.803220674752,1573.803220674752,1.013669,0.0027466458
1573.8046095530358,1573.8046095530358,1.0177128,0.0027504032
1573.8059984315519,1573.8059984315519,1.0149915,0.0027601875
1573.8073873098351,1573.8073873098351,1.0171623,0.0027450162
1573.8087761881188,1573.8087761881188,1.0165094,0.0027491036
1573.810165066403,1573.810165066403,1.0177838,0.0027413669
1573.8115539449188,1573.8115539449188,1.0155199,0.0027456856
1573.8129428232019,1573.8129428232019,1.0110171,0.002747898
1573.814331701486,1573.814331701486,1.0158902,0.0027471322
1573.8157205797697,1573.8157205797697,1.012391,0.0027413508
1573.817109458053,1573.817109458053,1.0151526,0.002741052
1573.8184983363362,1573.8184983363362,1.013595,0.0027437888
1573.8198872148528,1573.8198872148528,1.0123489,0.00274353
1573.8212760931374,1573.8212760931374,1.0163985,0.002754219
1573.8226649714213,1573.8226649714213,1.0139766,0.0027452952
1573.8240538497043,1573.8240538497043,1.0139365,0.002748075
1573.8254427279885,1573.8254427279885,1.0136328,0.0027450083
1573.8268316062718,1573.8268316062718,1.0128111,0.002747765
1573.8282204847878,1573.8282204847878,1.0133059,0.002746583
1573.8296093630715,1573.8296093630715,1.0141491,0.0027401985
1573.8309982413552,1573.8309982413552,1.0142208,0.0027421818
1573.8323871196385,1573.8323871196385,1.0134106,0.0027424048
1573.8337759979217,1573.8337759979217,1.0167848,0.0027415308
1573.8351648762057,1573.8351648762057,1.0143933,0.0027484242
1573.8365537544896,1573.8365537544896,1.0142428,0.0027512398
1573.8379426327729,1573.8379426327729,1.0158663,0.002745524
1573.8393315110561,1573.8393315110561,1.0126351,0.002752896
1573.8407203893398,1573.8407203893398,1.0144069,0.0027443871
1573.842109267623,1573.842109267623,1.0136019,0.0027446565
1573.8434981459063,1573.8434981459063,1.0152005,0.0027440412
1573.8448870244229,1573.8448870244229,1.0153917,0.0027417052
1573.846275902707,1573.846275902707,1.0174805,0.0027513104
1573.84766478099,1573.84766478099,1.0158063,0.0027409988
1573.849053659273,1573.849053659273,1.0136898,0.0027413848
1573.8504425375572,1573.8504425375572,1.017456,0.0027565868
1573.851831415841,1573.851831415841,1.0138639,0.0027435017
1573.8532202941242,1573.8532202941242,1.0187286,0.0027480572
1573.8546091724074,1573.8546091724074,1.0127908,0.0027412109
1573.8559980506911,1573.8559980506911,1.0173707,0.002745104
1573.8573869289753,1573.8573869289753,1.012868,0.0027479066
1573.8587758072583,1573.8587758072583,1.013369,0.0027502142
1573.8601646855413,1573.8601646855413,1.0168456,0.0027428244
1573.8615535638255,1573.8615535638255,1.0169843,0.0027435222
1573.862942441876,1573.862942441876,1.0149654,0.002746948
1573.8643313201592,1573.8643313201592,1.0157233,0.0027467955
1573.865720198443,1573.865720198443,1.0129913,0.0027469886
1573.8671090767266,1573.8671090767266,1.0120863,0.0027531853
1573.8684979550098,1573.8684979550098,1.0160482,0.002745946
1573.869886833293,1573.869886833293,1.0180801,0.002745341
1573.871275711577,1573.871275711577,1.013826,0.0027416388
1573.872664589861,1573.872664589861,1.0129927,0.0027426358
1573.8740534681442,1573.8740534681442,1.0139165,0.002746088
1573.8754423464275,1573.8754423464275,1.0118923,0.0027428088
1573.8768312247112,1573.8768312247112,1.0156305,0.0027445203
1573.8782201027616,1573.8782201027616,1.0154736,0.0027447208
1573.8796089810448,1573.8796089810448,1.0184603,0.0027458463
1573.8809978593285,1573.8809978593285,1.0135335,0.002743447
1573.8823867376127,1573.8823867376127,1.012814,0.0027518922
1573.8837756158964,1573.8837756158964,1.0147965,0.0027408334
1573.8851644941801,1573.8851644941801,1.0152231,0.0027422707
1573.8865533724643,1573.8865533724643,1.0129888,0.0027436577
1573.8879422505152,1573.8879422505152,1.0149424,0.0027449932
1573.8893311287984,1573.8893311287984,1.0110238,0.0027508256
1573.8907200070817,1573.8907200070817,1.0147785,0.0027443783
1573.8921088853654,1573.8921088853654,1.0126987,0.0027423517
1573.8934977636495,1573.8934977636495,1.0158725,0.0027456377
1573.8948866416997,1573.8948866416997,1.0138955,0.002746171
1573.8962755199827,1573.8962755199827,1.0084944,0.0027408656
1573.897664398267,1573.897664398267,1.015716,0.0027460598
1573.8990532765501,1573.8990532765501,1.0141098,0.0027440204
1573.9004421548334,1573.9004421548334,1.0137894,0.0027484125
1573.9018310328843,1573.9018310328843,1.0155452,0.0027490957
1573.903219911168,1573.903219911168,1.0146892,0.002744986
1573.9046087894512,1573.9046087894512,1.0158725,0.002747355
1573.9059976677345,1573.9059976677345,1.0133524,0.0027489853
1573.9073865457856,1573.9073865457856,1.0131687,0.0027567027
1573.9087754240695,1573.9087754240695,1.012744,0.002747251
1573.9101643023528,1573.9101643023528,1.0125188,0.002755704
1573.9115531804032,1573.9115531804032,1.014708,0.0027407603
1573.912942058687,1573.912942058687,1.0113227,0.002744476
1573.9143309369701,1573.9143309369701,1.0123031,0.00274087
1573.9157198152534,1573.9157198152534,1.0154959,0.00274667
1573.9171086933043,1573.9171086933043,1.0095909,0.0027421138
1573.9184975715884,1573.9184975715884,1.0133928,0.0027419522
1573.9198864498715,1573.9198864498715,1.0110344,0.0027425315
1573.9212753279216,1573.9212753279216,1.0137784,0.0027597104
1573.9226642062058,1573.9226642062058,1.0137004,0.0027442568
1573.9240530844895,1573.9240530844895,1.0136515,0.0027399114
1573.92544196254,1573.92544196254,1.015331,0.002760883
1573.9268308408232,1573.9268308408232,1.0144868,0.0027437916
1573.928219718874,1573.928219718874,1.0142334,0.0027423343
1573.9296085971582,1573.9296085971582,1.0166527,0.0027470342
1573.9309974754412,1573.9309974754412,1.014529,0.0027413163
1573.9323863534914,1573.9323863534914,1.0157799,0.0027466114
1573.9337752317756,1573.9337752317756,1.0138686,0.0027560145
1573.935164109826,1573.935164109826,1.0133566,0.0027413936
1573.936552988109,1573.936552988109,1.0105575,0.0027464088
1573.937941866393,1573.937941866393,1.0141385,0.002743219
1573.9393307444439,1573.9393307444439,1.0109861,0.0027500615
1573.940719622727,1573.940719622727,1.0154063,0.0027453178
1573.9421085007775,1573.9421085007775,1.0165085,0.0027490677
1573.9434973790615,1573.9434973790615,1.0160751,0.0027479045
1573.9448862571126,1573.9448862571126,1.0151024,0.0027438325
1573.9462751353963,1573.9462751353963,1.0134258,0.0027529655
1573.9476640134476,1573.9476640134476,1.0122708,0.0027517695
1573.9490528917313,1573.9490528917313,1.0134429,0.0027443517
1573.9504417697822,1573.9504417697822,1.0159742,0.0027523283
1573.9518306480654,1573.9518306480654,1.0135533,0.0027466237
1573.9532195261158,1573.9532195261158,1.0091548,0.0027421913
1573.9546084044,1573.9546084044,1.013041,0.002741635
1573.9559972824502,1573.9559972824502,1.013607,0.0027421778
1573.9573861607332,1573.9573861607332,1.0115322,0.0027451497
1573.9587750387846,1573.9587750387846,1.010597,0.00274705
1573.9601639170683,1573.9601639170683,1.0125761,0.002742236
1573.9615527951187,1573.9615527951187,1.0122024,0.0027555202
1573.962941673402,1573.962941673402,1.0080266,0.0027516272
1573.9643305514528,1573.9643305514528,1.0127729,0.002743313
1573.965719429737,1573.965719429737,1.0152094,0.0027546266
1573.9671083077872,1573.9671083077872,1.0115092,0.0027434498
1573.9684971860702,1573.9684971860702,1.0147444,0.0027459841
1573.9698860641215,1573.9698860641215,1.0116885,0.0027446046
1573.971274942172,1573.971274942172,1.0126562,0.0027420213
1573.972663820455,1573.972663820455,1.0088235,0.0027417839
1573.974052698506,1573.974052698506,1.0120672,0.0027575567
1573.9754415767898,1573.9754415767898,1.0111208,0.002742009
1573.9768304548402,1573.9768304548402,1.0134988,0.0027435147
1573.9782193328906,1573.9782193328906,1.017506,0.0027421187
1573.9796082111745,1573.9796082111745,1.012074,0.0027560457
1573.9809970892256,1573.9809970892256,1.0131469,0.0027496212
1573.982385967276,1573.982385967276,1.0109905,0.0027385354
1573.9837748455593,1573.9837748455593,1.0142949,0.00274667
1573.9851637236102,1573.9851637236102,1.0131607,0.0027574413
1573.986552601661,1573.986552601661,1.0157871,0.002744213
1573.9879414799443,1573.9879414799443,1.0150725,0.002745218
1573.9893303579947,1573.9893303579947,1.0123228,0.0027440053
1573.9907192360458,1573.9907192360458,1.0111506,0.0027402863
1573.9921081143289,1573.9921081143289,1.007707,0.0027399638
1573.9934969923793,1573.9934969923793,1.0098757,0.002753746
1573.9948858704306,1573.9948858704306,1.0072787,0.002739456
1573.9962747487143,1573.9962747487143,1.0128154,0.0027453043
1573.9976636267647,1573.9976636267647,1.0121169,0.00274524
1573.9990525048152,1573.9990525048152,1.0127555,0.0027516594
1574.000441382866,1574.000441382866,1.0080689,0.0027541225
1574.0018302611502,1574.0018302611502,1.0070412,0.0027420167
1574.0032191392004,1574.0032191392004,1.0093495,0.0027417152
1574.0046080172506,1574.0046080172506,1.0107473,0.0027423587
1574.005996895302,1574.005996895302,1.0068806,0.0027417883
1574.0073857735852,1574.0073857735852,1.0071709,0.00274835
1574.0087746516353,1574.0087746516353,1.0105469,0.002739988
1574.010163529687,1574.010163529687,1.0089141,0.0027394404
1574.0115524077387,1574.0115524077387,1.0098217,0.0027413254
1574.012941285789,1574.012941285789,1.0083137,0.002742275
1574.0143301640724,1574.0143301640724,1.0119164,0.0027427457
1574.0157190421235,1574.0157190421235,1.0104796,0.0027400788
1574.0171079201746,1574.0171079201746,1.00933,0.0027416204
1574.018496798225,1574.018496798225,1.0095135,0.0027450202
1574.0198856762754,1574.0198856762754,1.0087171,0.0027400774
1574.0212745543263,1574.0212745543263,1.0100678,0.0027711599
1574.02266343261,1574.02266343261,1.0095532,0.002743846
1574.0240523106604,1574.0240523106604,1.0079952,0.002738861
1574.0254411887108,1574.0254411887108,1.0081598,0.0027401466
1574.026830066762,1574.026830066762,1.006565,0.0027400611
1574.0282189448121,1574.0282189448121,1.0091398,0.002741246
1574.0296078228625,1574.0296078228625,1.0099975,0.0027407364
1574.0309967009139,1574.0309967009139,1.0067577,0.0027402148
1574.0323855789647,1574.0323855789647,1.0085573,0.002744318
1574.0337744570152,1574.0337744570152,1.0089536,0.0027421557
1574.0351633352984,1574.0351633352984,1.0071758,0.00273998
1574.0365522133493,1574.0365522133493,1.010499,0.0027463927
1574.0379410914006,1574.0379410914006,1.0067081,0.002744393
1574.0393299694508,1574.0393299694508,1.0086474,0.0027455508
1574.040718847501,1574.040718847501,1.0063194,0.0027430921
1574.0421077255523,1574.0421077255523,1.005071,0.0027374378
1574.0434966036028,1574.0434966036028,1.0046484,0.002751822
1574.044885481653,1574.044885481653,1.0105246,0.0027433906
1574.046274359704,1574.046274359704,1.0086498,0.0027421387
1574.047663237755,1574.047663237755,1.0078596,0.0027379312
1574.0490521158054,1574.0490521158054,1.0034372,0.002743915
1574.0504409938558,1574.0504409938558,1.0067905,0.0027408053
1574.0518298719066,1574.0518298719066,1.0041802,0.0027529013
1574.053218749958,1574.053218749958,1.0084996,0.0027503613
1574.0546076280084,1574.0546076280084,1.0084125,0.0027404297
1574.0559965060588,1574.0559965060588,1.0036972,0.0027455573
1574.0573853841097,1574.0573853841097,1.0054522,0.0027400563
1574.0587742621606,1574.0587742621606,1.005598,0.0027580478
1574.060163140211,1574.060163140211,1.0049127,0.0027433587
1574.0615520182614,1574.0615520182614,1.0026499,0.0027388642
1574.0629408963125,1574.0629408963125,1.0034217,0.002740221
1574.0643297743627,1574.0643297743627,1.0050901,0.0027618415
1574.0657186524131,1574.0657186524131,1.0045327,0.002742444
1574.0671075304645,1574.0671075304645,1.004054,0.0027420197
1574.0684964082825,1574.0684964082825,1.0051363,0.0027391713
1574.069885286333,1574.069885286333,1.0063895,0.0027563728
1574.0712741643833,1574.0712741643833,1.0058568,0.002742747
1574.0726630424342,1574.0726630424342,1.0065755,0.002740839
1574.074051920486,1574.074051920486,1.0058999,0.0027401517
1574.075440798537,1574.075440798537,1.0045788,0.0027427936
1574.0768296765873,1574.0768296765873,1.0056504,0.0027426265
1574.0782185546386,1574.0782185546386,1.0026108,0.0027375657
1574.0796074326895,1574.0796074326895,1.0045049,0.0027510624
1574.080996310507,1574.080996310507,1.0047721,0.0027398414
1574.0823851885575,1574.0823851885575,1.0054071,0.0027388022
1574.0837740666084,1574.0837740666084,1.000762,0.0027375284
1574.0851629446588,1574.0851629446588,1.0048541,0.0027470698
1574.0865518227092,1574.0865518227092,1.0031513,0.0027369321
1574.08794070076,1574.08794070076,1.0047184,0.0027515974
1574.0893295785786,1574.0893295785786,1.0032037,0.002741993
1574.090718456629,1574.090718456629,0.9995703,0.0027362944
1574.0921073346794,1574.0921073346794,1.0068941,0.002741351
1574.0934962127303,1574.0934962127303,1.0025969,0.0027393687
1574.0948850907812,1574.0948850907812,0.99876964,0.0027432274
1574.0962739685988,1574.0962739685988,1.0043224,0.002738743
1574.0976628466492,1574.0976628466492,1.0063556,0.0027388905
1574.0990517247003,1574.0990517247003,1.0042633,0.0027414784
1574.1004406027505,1574.1004406027505,1.0026779,0.0027361442
1574.101829480568,1574.101829480568,1.0053021,0.0027395524
1574.1032183586194,1574.1032183586194,1.0021747,0.0027390865
1574.1046072366703,1574.1046072366703,1.0031505,0.002739617
1574.1059961147207,1574.1059961147207,1.0032645,0.0027362057
1574.1073849925383,1574.1073849925383,1.0041096,0.0027376327
1574.1087738705892,1574.1087738705892,1.0061502,0.002739815
1574.1101627486405,1574.1101627486405,1.0028106,0.0027481737
1574.1115516264579,1574.1115516264579,0.99874604,0.002737361
1574.112940504508,1574.112940504508,0.999899,0.0027495027
1574.1143293825594,1574.1143293825594,1.0049635,0.0027351375
1574.1157182603774,1574.1157182603774,1.0027527,0.0027377603
1574.1171071384279,1574.1171071384279,1.0019126,0.0027366735
1574.1184960164783,1574.1184960164783,1.000221,0.0027369072
1574.1198848942963,1574.1198848942963,1.000756,0.0027524915
1574.1212737723467,1574.1212737723467,1.0033485,0.0027531656
1574.1226626503972,1574.1226626503972,1.0019178,0.002760635
1574.1240515282152,1574.1240515282152,1.0013701,0.0027414928
1574.1254404062665,1574.1254404062665,1.0010155,0.0027369976
1574.126829284317,1574.126829284317,0.99923235,0.0027411801
1574.1282181621343,1574.1282181621343,0.9981448,0.0027410316
1574.1296070401854,1574.1296070401854,1.000268,0.0027456302
1574.1309959180035,1574.1309959180035,0.9986496,0.002750787
1574.1323847960539,1574.1323847960539,1.0035421,0.0027398241
1574.1337736741043,1574.1337736741043,1.001419,0.0027373978
1574.1351625519226,1574.1351625519226,0.9994154,0.0027489997
1574.1365514299728,1574.1365514299728,1.0053883,0.002738429
1574.1379403077904,1574.1379403077904,1.0004228,0.0027393294
1574.1393291858417,1574.1393291858417,1.0022968,0.002741288
1574.1407180636604,1574.1407180636604,0.9992457,0.0027351456
1574.1421069417115,1574.1421069417115,0.99947447,0.0027403617
1574.143495819529,1574.143495819529,1.0040686,0.0027397813
1574.14488469758,1574.14488469758,1.003259,0.0027394886
1574.1462735753985,1574.1462735753985,1.0013537,0.0027345405
1574.1476624534487,1574.1476624534487,0.99929625,0.0027375503
1574.149051331266,1574.149051331266,1.0009162,0.002735213
1574.1504402093174,1574.1504402093174,0.99749017,0.0027367196
1574.1518290871354,1574.1518290871354,1.0028985,0.0027457883
1574.1532179651858,1574.1532179651858,1.0018154,0.002738027
1574.1546068430034,1574.1546068430034,1.0000193,0.002735959
1574.1559957210543,1574.1559957210543,1.0036496,0.002746412
1574.1573845988719,1574.1573845988719,0.99823105,0.0027355775
1574.1587734769223,1574.1587734769223,1.0013222,0.0027424647
1574.1601623547404,1574.1601623547404,0.99965316,0.0027365421
1574.1615512327917,1574.1615512327917,0.9990378,0.0027344502
1574.1629401106093,1574.1629401106093,0.9965463,0.0027356506
1574.1643289886595,1574.1643289886595,0.99746984,0.0027430095
1574.1657178664777,1574.1657178664777,0.9976406,0.0027334082
1574.1671067442958,1574.1671067442958,0.9993425,0.0027363114
1574.1684956223462,1574.1684956223462,0.9979653,0.0027352583
1574.1698845001638,1574.1698845001638,0.99891424,0.00273704
1574.171273378215,1574.171273378215,0.9988942,0.0027538957
1574.1726622560323,1574.1726622560323,1.0000179,0.0027386895
1574.1740511338498,1574.1740511338498,1.0003251,0.0027380218
1574.1754400119012,1574.1754400119012,0.9991051,0.0027379575
1574.1768288897192,1574.1768288897192,0.99814004,0.0027452654
1574.1782177675368,1574.1782177675368,0.9965909,0.0027403166
1574.1796066455872,1574.1796066455872,0.9978179,0.002733592
1574.1809955234053,1574.1809955234053,0.9967412,0.0027358895
1574.1823844012235,1574.1823844012235,0.9956913,0.002734839
1574.1837732792737,1574.1837732792737,1.0007569,0.0027377128
1574.1851621570913,1574.1851621570913,0.9969723,0.002738917
1574.1865510349098,1574.1865510349098,1.0014824,0.0027350187
1574.1879399129607,1574.1879399129607,0.9965121,0.002739133
1574.1893287907783,1574.1893287907783,0.9971024,0.0027366662
1574.1907176685959,1574.1907176685959,0.99736786,0.0027412164
1574.1921065466468,1574.1921065466468,0.9971456,0.0027419827
1574.1934954244643,1574.1934954244643,0.9948029,0.002733148
1574.194884302282,1574.194884302282,0.9982202,0.0027348427
1574.1962731801,1574.1962731801,0.99719995,0.0027448875
1574.1976620581513,1574.1976620581513,0.9947878,0.0027505376
1574.199050935969,1574.199050935969,0.99451375,0.0027412344
1574.2004398137863,1574.2004398137863,0.9946321,0.00273527
1574.2018286916045,1574.2018286916045,0.99822366,0.0027499099
1574.2032175696554,1574.2032175696554,0.99465567,0.0027553306
1574.204606447473,1574.204606447473,0.9966986,0.0027400393
1574.2059953252906,1574.2059953252906,0.9952508,0.0027321447
1574.2073842031095,1574.2073842031095,0.9937609,0.0027378325
1574.2087730809285,1574.2087730809285,0.99641466,0.0027393978
1574.210161958979,1574.210161958979,0.9954382,0.0027528899
1574.2115508367965,1574.2115508367965,0.99637413,0.002741326
1574.2129397146145,1574.2129397146145,0.9926814,0.002732538
1574.2143285924321,1574.2143285924321,0.9920457,0.0027410293
1574.2157174702497,1574.2157174702497,0.99245363,0.0027338348
1574.2171063480678,1574.2171063480678,0.99459624,0.0027461678
1574.218495226119,1574.218495226119,0.995608,0.0027361778
1574.2198841039365,1574.2198841039365,0.9968329,0.0027358595
1574.2212729817538,1574.2212729817538,0.99329734,0.0027304583
1574.2226618595723,1574.2226618595723,0.9954884,0.0027330709
1574.2240507373904,1574.2240507373904,0.9932344,0.0027349184
1574.225439615208,1574.225439615208,0.9908855,0.002733556
1574.2268284930256,1574.2268284930256,0.99369186,0.002734543
1574.2282173708436,1574.2282173708436,0.9939475,0.0027341954
1574.2296062486612,1574.2296062486612,0.99272186,0.0027330148
1574.2309951267116,1574.2309951267116,0.99403334,0.002735589
1574.2323840045296,1574.2323840045296,0.9935085,0.0027336823
1574.2337728823481,1574.2337728823481,0.9958933,0.0027432775
1574.2351617601657,1574.2351617601657,0.99129087,0.0027346828
1574.236550637983,1574.236550637983,0.9949638,0.0027370898
1574.2379395158014,1574.2379395158014,0.9919907,0.0027347733
1574.2393283936194,1574.2393283936194,0.9904324,0.0027386763
1574.240717271437,1574.240717271437,0.9897883,0.00273481
1574.2421061492546,1574.2421061492546,0.9934835,0.0027347177
1574.2434950270729,1574.2434950270729,0.99325883,0.002742912
1574.2448839048911,1574.2448839048911,0.9929457,0.0027500521
1574.2462727827087,1574.2462727827087,0.9926544,0.002730694
1574.2476616605263,1574.2476616605263,0.9899235,0.0027331605
1574.2490505383444,1574.2490505383444,0.99121463,0.0027348488
1574.250439416162,1574.250439416162,0.9934013,0.0027334963
1574.2518282939795,1574.2518282939795,0.99384236,0.0027372928
1574.2532171717976,1574.2532171717976,0.9970032,0.002735748
1574.2546060496159,1574.2546060496159,0.9917119,0.0027321256
1574.2559949274332,1574.2559949274332,0.9906702,0.0027580406
1574.2573838052508,1574.2573838052508,0.99106383,0.0027311961
1574.2587726830693,1574.2587726830693,0.99079436,0.0027311288
1574.2601615608874,1574.2601615608874,0.99340296,0.0027312906
1574.261550438705,1574.261550438705,0.9930047,0.0027367498
1574.2629393165225,1574.2629393165225,0.99225557,0.002734761
1574.2643281941077,1574.2643281941077,0.9891977,0.0027325896
1574.2657170719253,1574.2657170719253,0.99430585,0.002734588
1574.267105949743,1574.267105949743,0.9891051,0.00272952
1574.268494827561,1574.268494827561,0.99227744,0.002738412
1574.2698837053795,1574.2698837053795,0.9907997,0.0027325158
1574.271272583197,1574.271272583197,0.99227756,0.0027305423
1574.2726614610144,1574.2726614610144,0.98915035,0.0027311419
1574.2740503388327,1574.2740503388327,0.9908164,0.0027343456
1574.2754392164188,1574.2754392164188,0.9911843,0.0027323202
1574.2768280942369,1574.2768280942369,0.9880403,0.0027352858
1574.2782169720545,1574.2782169720545,0.9892911,0.002731601
1574.2796058498727,1574.2796058498727,0.9916594,0.0027311763
1574.280994727691,1574.280994727691,0.9923864,0.0027337705
1574.2823836055086,1574.2823836055086,0.98947734,0.0027403962
1574.2837724830933,1574.2837724830933,0.9915219,0.0027307582
1574.2851613609114,1574.2851613609114,0.99099,0.002736841
1574.286550238729,1574.286550238729,0.9930827,0.002732288
1574.2879391165466,1574.2879391165466,0.9897957,0.0027307826
1574.2893279943646,1574.2893279943646,0.9902862,0.0027331754
1574.29071687195,1574.29071687195,0.9934897,0.0027480845
1574.2921057497674,1574.2921057497674,0.98717505,0.0027317102
1574.293494627585,1574.293494627585,0.9931309,0.0027327735
1574.2948835054035,1574.2948835054035,0.9919352,0.002744986
1574.2962723829887,1574.2962723829887,0.9949177,0.0027351207
1574.2976612608063,1574.2976612608063,0.9917354,0.0027340904
1574.299050138624,1574.299050138624,0.99095505,0.0027307374
1574.300439016442,1574.300439016442,0.99294907,0.002734567
1574.3018278940267,1574.3018278940267,0.9911896,0.002737336
1574.3032167718443,1574.3032167718443,1.0384821,0.002754709
1574.3046056496623,1574.3046056496623,1.0348865,0.0027520254
1574.305994527248,1574.305994527248,1.0117373,0.0027432716
1574.3073834050656,1574.3073834050656,1.0051632,0.002749954
1574.308772282883,1574.308772282883,1.0001211,0.0027414577
1574.3101611604684,1574.3101611604684,0.9980877,0.0027393822
1574.3115500382864,1574.3115500382864,0.9992345,0.002736406
1574.312938916104,1574.312938916104,0.9933824,0.002743593
1574.3143277936888,1574.3143277936888,0.99452925,0.0027382937
1574.3157166715068,1574.3157166715068,0.9969017,0.0027349687
1574.3171055493253,1574.3171055493253,0.9942292,0.0027371196
1574.31849442691,1574.31849442691,0.9913398,0.0027373831
1574.3198833047277,1574.3198833047277,0.9940789,0.0027344942
1574.3212721825457,1574.3212721825457,0.99202865,0.0027451522
1574.3226610601305,1574.3226610601305,0.99274665,0.0027322287
1574.324049937948,1574.324049937948,0.9934002,0.0027383165
1574.3254388155333,1574.3254388155333,0.99227035,0.0027336688
1574.3268276933516,1574.3268276933516,0.993445,0.0027444828
1574.328216571169,1574.328216571169,0.9947011,0.0027450097
1574.3296054487537,1574.3296054487537,0.9885223,0.0027354858
1574.3309943265722,1574.3309943265722,0.9890141,0.0027359505
1574.3323832041574,1574.3323832041574,0.99201035,0.002737454
1574.333772081975,1574.333772081975,0.98944,0.0027353135
1574.3351609595597,1574.3351609595597,0.98877305,0.0027345007
1574.3365498373778,1574.3365498373778,0.99172926,0.002738982
1574.3379387149635,1574.3379387149635,0.9921049,0.002739513
1574.3393275927808,1574.3393275927808,0.9917786,0.002733315
1574.3407164705982,1574.3407164705982,0.9914239,0.0027348201
1574.3421053481838,1574.3421053481838,0.9916539,0.0027347417
1574.3434942260014,1574.3434942260014,0.9908425,0.0027379806
1574.344883103586,1574.344883103586,0.9870792,0.0027341798
1574.3462719814047,1574.3462719814047,0.9891741,0.0027357077
1574.3476608589908,1574.3476608589908,0.9864081,0.0027337933
1574.3490497365756,1574.3490497365756,0.98759574,0.0027298473
1574.3504386143932,1574.3504386143932,0.9888057,0.0027360753
1574.3518274919784,1574.3518274919784,0.988106,0.0027325125
1574.3532163697969,1574.3532163697969,0.98831725,0.0027301654
1574.3546052473816,1574.3546052473816,0.98928654,0.002735292
1574.3559941251992,1574.3559941251992,0.98612773,0.0027313011
1574.3573830027844,1574.3573830027844,0.9882513,0.0027375743
1574.358771880602,1574.358771880602,0.9865057,0.0027291162
1574.3601607581868,1574.3601607581868,0.9864455,0.0027419934
1574.361549635772,1574.361549635772,0.9851414,0.0027418784
1574.3629385135903,1574.3629385135903,0.98772824,0.0027351049
1574.3643273911748,1574.3643273911748,0.98765683,0.002733292
1574.3657162689924,1574.3657162689924,0.986868,0.002729035
1574.367105146578,1574.367105146578,0.98829466,0.0027328178
1574.3684940241633,1574.3684940241633,0.9827002,0.0027289751
1574.3698829019809,1574.3698829019809,0.9881318,0.0027326413
1574.3712717795656,1574.3712717795656,0.9864681,0.0027485571
1574.3726606571508,1574.3726606571508,0.98540926,0.002741753
1574.3740495349693,1574.3740495349693,0.9883918,0.0027385354
1574.3754384125539,1574.3754384125539,0.98710865,0.0027311088
1574.3768272901384,1574.3768272901384,0.98668426,0.0027281116
1574.378216167957,1574.378216167957,0.98544794,0.0027335985
1574.3796050455417,1574.3796050455417,0.9909358,0.0027373498
1574.3809939231262,1574.3809939231262,0.99263066,0.0027319877
1574.3823828009445,1574.3823828009445,1.0068032,0.0027401538
1574.3837716785297,1574.3837716785297,0.998036,0.0027386942
1574.3851605561144,1574.3851605561144,0.99644214,0.0027422872
1574.386549433932,1574.386549433932,0.99347156,0.0027354166
1574.3879383115172,1574.3879383115172,0.99649227,0.0027378576
1574.389327189103,1574.389327189103,0.99301577,0.0027368339
1574.3907160666877,1574.3907160666877,0.9929083,0.0027336325
1574.392104944505,1574.392104944505,0.9936416,0.0027333112
1574.3934938220905,1574.3934938220905,0.98787194,0.0027315367
1574.3948826996752,1574.3948826996752,0.9918689,0.0027352443
1574.39627157726,1574.39627157726,0.99131536,0.0027485758
1574.3976604548452,1574.3976604548452,0.98633057,0.0027310967
1574.3990493326635,1574.3990493326635,0.9920083,0.0027320033
1574.400438210248,1574.400438210248,0.98992944,0.0027302224
1574.4018270878328,1574.4018270878328,0.9860268,0.0027329118
1574.4032159654184,1574.4032159654184,0.98598075,0.0027402414
1574.4046048430037,1574.4046048430037,0.989961,0.0027311842
1574.4059937208212,1574.4059937208212,0.98582375,0.0027290655
1574.407382598406,1574.407382598406,0.9853734,0.00273168
1574.4087714759912,1574.4087714759912,0.9888788,0.0027319216
1574.4101603535767,1574.4101603535767,0.9881325,0.0027317856
1574.4115492311612,1574.4115492311612,0.98495,0.0027285523
1574.412938108746,1574.412938108746,0.98340416,0.0027320825
1574.4143269865644,1574.4143269865644,0.98536,0.0027350283
1574.415715864149,1574.415715864149,0.98526496,0.0027417503
1574.4171047417344,1574.4171047417344,0.9871066,0.002745959
1574.4184936193205,1574.4184936193205,0.98619556,0.0027380774
1574.4198824969058,1574.4198824969058,0.9847665,0.002729169
1574.4212713744905,1574.4212713744905,0.9882608,0.0027392795
1574.4226602520753,1574.4226602520753,0.98508847,0.002734897
1574.4240491296605,1574.4240491296605,0.9840805,0.0027370458
1574.4254380072462,1574.4254380072462,0.98324424,0.0027323859
1574.426826884831,1574.426826884831,0.98346823,0.002727968
1574.4282157626483,1574.4282157626483,0.98432887,0.002731431
1574.4296046402337,1574.4296046402337,0.98585904,0.0027477122
1574.4309935178185,1574.4309935178185,0.9841896,0.0027396248
1574.4323823954032,1574.4323823954032,0.984874,0.002727914
1574.4337712729885,1574.4337712729885,0.983256,0.002733886
1574.435160150574,1574.435160150574,0.9870478,0.0027301847
1574.4365490281584,1574.4365490281584,0.9837856,0.002728674
1574.4379379057432,1574.4379379057432,0.98593783,0.0027310995
1574.4393267833289,1574.4393267833289,0.9803126,0.0027317398
1574.440715660914,1574.440715660914,0.987073,0.0027302906
1574.4421045384988,1574.4421045384988,0.98398703,0.0027276322
1574.4434934160836,1574.4434934160836,0.9854213,0.0027292485
1574.4448822936688,1574.4448822936688,0.9833864,0.0027298194
1574.4462711712542,1574.4462711712542,0.98584616,0.0027267472
1574.4476600488388,1574.4476600488388,0.9859063,0.002736449
1574.4490489264235,1574.4490489264235,0.98614126,0.0027342888
1574.4504378040092,1574.4504378040092,0.9841676,0.002742403
1574.451826681361,1574.451826681361,0.98489517,0.0027286357
1574.4532155589454,1574.4532155589454,0.9840413,0.0027267868
1574.454604436531,1574.454604436531,0.97981143,0.0027266252
1574.4559933141163,1574.4559933141163,0.9830334,0.0027284638
1574.457382191701,1574.457382191701,0.98452955,0.0027304622
1574.4587710692858,1574.4587710692858,0.9842547,0.0027301842
1574.460159946871,1574.460159946871,0.983005,0.0027289963
1574.4615488244567,1574.4615488244567,0.98625743,0.0027309067
1574.4629377020415,1574.4629377020415,0.9826883,0.002726579
1574.464326579626,1574.464326579626,0.98294395,0.002730998
1574.4657154569786,1574.4657154569786,0.98420197,0.002738958
1574.4671043345638,1574.4671043345638,0.9814784,0.002727193
1574.4684932121486,1574.4684932121486,0.9818568,0.0027312227
1574.4698820897333,1574.4698820897333,0.9842883,0.002728348
1574.4712709673186,1574.4712709673186,0.98382276,0.0027271896
1574.4726598449033,1574.4726598449033,0.98313135,0.0027368315
1574.4740487222552,1574.4740487222552,0.9840136,0.0027390532
1574.475437599841,1574.475437599841,0.9830086,0.0027436034
1574.4768264774261,1574.4768264774261,0.9826421,0.0027320248
1574.478215355011,1574.478215355011,0.983299,0.002727109
1574.4796042325956,1574.4796042325956,0.98362976,0.0027321174
1574.480993109948,1574.480993109948,0.98339146,0.0027330518
1574.4823819875335,1574.4823819875335,0.9869212,0.0027336422
1574.483770865118,1574.483770865118,0.985054,0.0027289558
1574.4851597427028,1574.4851597427028,0.98602104,0.0027274324
1574.4865486202884,1574.4865486202884,0.985797,0.0027312466
1574.4879374976401,1574.4879374976401,0.9833407,0.0027302576
1574.4893263752256,1574.4893263752256,0.98454547,0.0027330944
1574.4907152528117,1574.4907152528117,0.9834765,0.0027317314
1574.492104130164,1574.492104130164,0.98420876,0.0027305444
1574.4934930077488,1574.4934930077488,0.9857618,0.0027320483
1574.4948818853336,1574.4948818853336,0.9835593,0.0027489576
1574.4962707629188,1574.4962707629188,0.98362887,0.0027317982
1574.4976596402716,1574.4976596402716,0.98402464,0.0027307335
1574.4990485178564,1574.4990485178564,0.9818819,0.0027355296
1574.500437395441,1574.500437395441,0.98634815,0.0027331759
1574.5018262727936,1574.5018262727936,0.9820945,0.002725333
1574.5032151503788,1574.5032151503788,0.9851618,0.0027320676
1574.5046040279635,1574.5046040279635,0.98153377,0.002732721
1574.5059929053155,1574.5059929053155,0.98547053,0.0027415922
1574.5073817829007,1574.5073817829007,0.9853788,0.0027291372
1574.5087706604854,1574.5087706604854,0.9846383,0.0027303118
1574.5101595378374,1574.5101595378374,0.98628813,0.0027312075
1574.511548415423,1574.511548415423,0.9854716,0.0027359684
1574.5129372930082,1574.5129372930082,0.98194844,0.002726827
1574.5143261703602,1574.5143261703602,0.9832693,0.0027282473
1574.515715047945,1574.515715047945,0.97990036,0.0027325035
1574.5171039252973,1574.5171039252973,0.98503244,0.0027312157
1574.5184928028827,1574.5184928028827,0.982985,0.0027442232
1574.5198816804673,1574.5198816804673,0.98639065,0.0027337247
1574.5212705578192,1574.5212705578192,0.9857169,0.0027320026
1574.5226594354049,1574.5226594354049,0.9853048,0.0027256196
1574.5240483127566,1574.5240483127566,0.9868874,0.002733158
1574.525437190341,1574.525437190341,0.9953904,0.0027393696
1574.526826067694,1574.526826067694,0.98618907,0.0027325794
1574.5282149452792,1574.5282149452792,0.9867194,0.0027448721
1574.529603822631,1574.529603822631,0.9860229,0.002728254
1574.5309927002158,1574.5309927002158,0.98264176,0.002730492
1574.5323815775682,1574.5323815775682,0.98616976,0.00273609
1574.533770455154,1574.533770455154,0.9856624,0.0027312832
1574.5351593325058,1574.5351593325058,0.98166734,0.0027301454
1574.5365482100904,1574.5365482100904,0.98712987,0.002729614
1574.537937087443,1574.537937087443,0.98766017,0.0027298776
1574.5393259650282,1574.5393259650282,0.9878616,0.0027294834
1574.54071484238,1574.54071484238,0.9848763,0.0027302222
1574.5421037199649,1574.5421037199649,0.9888054,0.0027316702
1574.5434925973173,1574.5434925973173,0.9865791,0.0027325167
1574.544881474902,1574.544881474902,0.984698,0.0027413017
1574.546270352254,1574.546270352254,0.9850426,0.0027317344
1574.5476592298396,1574.5476592298396,0.9849446,0.0027299086
1574.549048107192,1574.549048107192,0.98513687,0.002731213
1574.550436984544,1574.550436984544,0.9842891,0.0027280804
1574.5518258621287,1574.5518258621287,0.9860779,0.0027279581
1574.553214739481,1574.553214739481,0.9844313,0.002739529
1574.5546036170665,1574.5546036170665,0.9857956,0.0027328662
1574.5559924944182,1574.5559924944182,0.98582596,0.0027335866
1574.5573813717701,1574.5573813717701,0.9850593,0.0027302736
1574.5587702493558,1574.5587702493558,0.9827585,0.0027304415
1574.5601591267075,1574.5601591267075,0.9838889,0.002732717
1574.561548004292,1574.561548004292,0.98520714,0.0027288513
1574.5629368816449,1574.5629368816449,0.9855867,0.002738722
1574.5643257589982,1574.5643257589982,0.9840657,0.0027404323
1574.5657146365834,1574.5657146365834,0.9862868,0.0027326595
1574.5671035139353,1574.5671035139353,0.9847836,0.0027286988
1574.5684923912877,1574.5684923912877,0.9820641,0.0027309174
1574.5698812688734,1574.5698812688734,0.98240566,0.0027415652
1574.5712701462253,1574.5712701462253,0.98421043,0.0027310424
1574.572659023577,1574.572659023577,0.9849259,0.0027275737
1574.5740479011624,1574.5740479011624,0.9862307,0.0027365193
1574.5754367785148,1574.5754367785148,0.98765063,0.0027321717
1574.5768256558667,1574.5768256558667,0.98210335,0.002727324
1574.5782145332187,1574.5782145332187,0.9845744,0.0027439424
1574.5796034108039,1574.5796034108039,0.98623973,0.0027279037
1574.5809922881558,1574.5809922881558,0.98500514,0.0027301381
1574.5823811655077,1574.5823811655077,0.9837691,0.0027273817
1574.5837700428606,1574.5837700428606,0.9866448,0.0027312194
1574.5851589204458,1574.5851589204458,0.98456484,0.0027313642
1574.5865477977977,1574.5865477977977,0.98499113,0.002729163
1574.5879366751496,1574.5879366751496,0.98861325,0.0027326527
1574.589325552502,1574.589325552502,0.9853243,0.002729738
1574.5907144300875,1574.5907144300875,0.98708946,0.0027325384
1574.5921033074392,1574.5921033074392,0.9844444,0.002733159
1574.593492184791,1574.593492184791,0.9834206,0.002732733
1574.594881062144,1574.594881062144,0.98643774,0.002731556
1574.5962699394963,1574.5962699394963,0.98243856,0.0027410414
1574.5976588168483,1574.5976588168483,0.9887813,0.0027366597
1574.599047694433,1574.599047694433,0.9855234,0.00272904
1574.6004365717854,1574.6004365717854,0.98358226,0.002731684
1574.6018254491373,1574.6018254491373,0.9893638,0.0027320664
1574.6032143264893,1574.6032143264893,0.9872489,0.0027325684
1574.6046032038416,1574.6046032038416,0.9863486,0.0027333144
1574.6059920811945,1574.6059920811945,0.98584133,0.0027431168
1574.6073809585464,1574.6073809585464,0.98661906,0.0027322515
1574.608769836131,1574.608769836131,0.98335516,0.0027338923
1574.6101587134835,1574.6101587134835,0.98777604,0.0027318662
1574.611547590836,1574.611547590836,0.99043006,0.0027406944
1574.6129364681879,1574.6129364681879,0.98975897,0.00273314
1574.6143253455398,1574.6143253455398,0.9890614,0.002735712
1574.6157142228922,1574.6157142228922,0.9879407,0.0027321281
1574.617103100244,1574.617103100244,0.98531204,0.0027330278
1574.618491977596,1574.618491977596,0.9894635,0.0027291111
1574.6198808549486,1574.6198808549486,0.98681486,0.0027351396
1574.6212697323012,1574.6212697323012,0.98928076,0.0027318224
1574.6226586096532,1574.6226586096532,0.9850382,0.0027384844
1574.624047487005,1574.624047487005,0.98546416,0.0027298192
1574.6254363643575,1574.6254363643575,0.98696727,0.0027336658
1574.62682524171,1574.62682524171,0.9876159,0.0027343773
1574.6282141190618,1574.6282141190618,0.9890434,0.0027406523
1574.6296029964137,1574.6296029964137,0.98630154,0.0027496866
1574.6309918737666,1574.6309918737666,0.9851713,0.0027355745
1574.632380751119,1574.632380751119,0.9881268,0.0027323249
1574.6337696284709,1574.6337696284709,0.98460793,0.0027311011
1574.6351585058228,1574.6351585058228,0.9855642,0.0027309437
1574.6365473831752,1574.6365473831752,0.9881386,0.0027358716
1574.637936260527,1574.637936260527,0.9877936,0.0027307959
1574.639325137879,1574.639325137879,0.985846,0.0027337892
1574.6407140152323,1574.6407140152323,0.9873916,0.0027304103
1574.6421028925856,1574.6421028925856,0.98764783,0.0027438945
1574.6434917699376,1574.6434917699376,0.9889879,0.0027412632
1574.6448806472893,1574.6448806472893,0.98799425,0.0027456663
1574.6462695246419,1574.6462695246419,0.98822004,0.0027315686
1574.6476584019942,1574.6476584019942,0.988799,0.0027317165
1574.6490472793462,1574.6490472793462,0.98775905,0.0027320033
1574.650436156698,1574.650436156698,0.9891395,0.0027357014
1574.6518250338177,1574.6518250338177,0.9937702,0.0027320161
1574.6532139111696,1574.6532139111696,0.99480045,0.002736407
1574.6546027885215,1574.6546027885215,0.99282837,0.0027420796
1574.6559916658741,1574.6559916658741,0.9913443,0.002730167
1574.6573805432267,1574.6573805432267,0.9907164,0.0027341759
1574.6587694205787,1574.6587694205787,0.9918238,0.002734907
1574.6601582979306,1574.6601582979306,0.9915583,0.002731531
1574.6615471750501,1574.6615471750501,0.9910985,0.0027374174
1574.6629360524028,1574.6629360524028,0.992114,0.0027320248
1574.6643249297545,1574.6643249297545,0.9929151,0.002739617
1574.6657138071064,1574.6657138071064,0.99034745,0.0027351724
1574.6671026844592,1574.6671026844592,0.9922302,0.0027371787
1574.6684915618116,1574.6684915618116,0.9924353,0.0027338653
1574.6698804389307,1574.6698804389307,0.9914374,0.002728769
1574.6712693162826,1574.6712693162826,0.9936248,0.0027309498
1574.672658193635,1574.672658193635,0.9919288,0.002736926
1574.674047070987,1574.674047070987,0.99216807,0.002737071
1574.675435948106,1574.675435948106,0.9895025,0.0027334294
1574.6768248254584,1574.6768248254584,0.99603754,0.002732775
1574.6782137028113,1574.6782137028113,0.99678123,0.0027342716
1574.679602580163,1574.679602580163,0.99415326,0.0027358895
1574.6809914572818,1574.6809914572818,0.99481857,0.0027450537
1574.6823803346347,1574.6823803346347,0.9947411,0.0027380555
1574.683769211987,1574.683769211987,0.99127036,0.00273431
1574.685158089339,1574.685158089339,0.99547917,0.002747473
1574.686546966458,1574.686546966458,0.99221426,0.0027436176
1574.6879358438105,1574.6879358438105,0.9955713,0.0027362425
1574.6893247211624,1574.6893247211624,0.9952114,0.002735201
1574.6907135982815,1574.6907135982815,0.99321616,0.0027449473
1574.692102475634,1574.692102475634,0.99750495,0.0027466414
1574.6934913529867,1574.6934913529867,0.99356467,0.0027349368
1574.6948802301058,1574.6948802301058,0.9928801,0.0027311475
1574.6962691074577,1574.6962691074577,0.995482,0.0027363377
1574.6976579848101,1574.6976579848101,0.99480855,0.0027378225
1574.6990468619297,1574.6990468619297,0.99286836,0.0027356944
1574.7004357392816,1574.7004357392816,0.9931398,0.002739015
1574.7018246164007,1574.7018246164007,0.990303,0.0027329703
1574.7032134937535,1574.7032134937535,0.99221,0.0027328427
1574.704602371106,1574.704602371106,0.9942787,0.0027359268
1574.705991248225,1574.705991248225,0.9945349,0.0027356232
1574.707380125577,1574.707380125577,0.9953415,0.0027354592
1574.7087690026965,1574.7087690026965,0.9942706,0.0027347675
1574.7101578800484,1574.7101578800484,0.9939365,0.0027452155
1574.7115467574004,1574.7115467574004,0.99539775,0.0027388688
1574.71293563452,1574.71293563452,0.993016,0.0027345496
1574.7143245118727,1574.7143245118727,0.99523586,0.0027345682
1574.7157133889916,1574.7157133889916,0.9940098,0.0027331258
1574.7171022663433,1574.7171022663433,0.9933129,0.002744233
1574.7184911434638,1574.7184911434638,0.9970253,0.0027442211
1574.719880020817,1574.719880020817,0.9924567,0.0027341985
1574.7212688979362,1574.7212688979362,0.99427664,0.002736125
1574.722657775288,1574.722657775288,0.9979757,0.0027395508
1574.7240466524077,1574.7240466524077,0.9983964,0.0027376986
1574.7254355297605,1574.7254355297605,0.99396235,0.0027367373
1574.7268244068796,1574.7268244068796,0.99946064,0.0027422141
1574.7282132842313,1574.7282132842313,0.9953897,0.002732688
1574.729602161351,1574.729602161351,0.9957823,0.0027368122
1574.730991038703,1574.730991038703,0.9937291,0.0027342222
1574.732379915822,1574.732379915822,0.9952215,0.0027398944
1574.7337687931745,1574.7337687931745,0.9924714,0.002735664
1574.735157670294,1574.735157670294,0.99731356,0.002736601
1574.736546547646,1574.736546547646,0.99707365,0.0027328352
1574.737935424765,1574.737935424765,0.9933535,0.0027414754
1574.739324302118,1574.739324302118,0.9963356,0.0027352003
1574.7407131792374,1574.7407131792374,0.99775106,0.002738511
1574.7421020563565,1574.7421020563565,1.0002187,0.0027367962
1574.7434909337085,1574.7434909337085,0.9980225,0.0027488284
1574.744879810828,1574.744879810828,0.9953768,0.0027360443
1574.74626868818,1574.74626868818,0.99690264,0.002747555
1574.747657565299,1574.747657565299,0.9972801,0.0027388525
1574.7490464424186,1574.7490464424186,0.99669397,0.0027356772
1574.7504353197714,1574.7504353197714,1.0006942,0.0027373896
1574.7518241968903,1574.7518241968903,0.99513966,0.0027351005
1574.7532130740092,1574.7532130740092,0.99645054,0.0027377752
1574.754601951362,1574.754601951362,0.9991257,0.0027366483
1574.7559908284816,1574.7559908284816,0.9980129,0.0027385862
1574.7573797056007,1574.7573797056007,0.9986427,0.0027376101
1574.7587685829526,1574.7587685829526,0.9984676,0.0027445038
1574.7601574600722,1574.7601574600722,0.99586195,0.002733688
1574.7615463371922,1574.7615463371922,0.997351,0.0027371247
1574.762935214544,1574.762935214544,0.99680674,0.0027369498
1574.764324091663,1574.764324091663,0.9976487,0.0027367147
1574.7657129687827,1574.7657129687827,0.99567807,0.0027397012
1574.7671018459018,1574.7671018459018,0.9955586,0.0027350578
1574.7684907232538,1574.7684907232538,0.99670047,0.0027382402
1574.7698796003733,1574.7698796003733,1.0001675,0.0027371196
1574.7712684774929,1574.7712684774929,0.9989092,0.0027399275
1574.772657354612,1574.772657354612,0.9966609,0.0027526557
1574.774046231964,1574.774046231964,1.0002445,0.0027497634
1574.7754351090837,1574.7754351090837,0.99849045,0.002739628
1574.7768239862035,1574.7768239862035,0.9963656,0.0027432658
1574.7782128633226,1574.7782128633226,0.9939905,0.0027396926
1574.7796017406745,1574.7796017406745,0.99866,0.0027434204
1574.780990617794,1574.780990617794,0.99780554,0.0027346958
1574.7823794949131,1574.7823794949131,0.99884063,0.0027351463
1574.7837683720322,1574.7837683720322,0.99622804,0.0027344688
1574.7851572491518,1574.7851572491518,1.0006938,0.0027371193
1574.7865461262718,1574.7865461262718,0.99728936,0.002736751
1574.7879350036235,1574.7879350036235,0.99842626,0.002746679
1574.7893238807424,1574.7893238807424,0.99565434,0.0027340788
1574.7907127578624,1574.7907127578624,0.99727535,0.0027356986
1574.792101634982,1574.792101634982,1.0007448,0.0027391238
1574.793490512101,1574.793490512101,1.0003269,0.0027382008
1574.7948793892201,1574.7948793892201,1.0010124,0.0027335805
1574.7962682663397,1574.7962682663397,0.9998486,0.0027369547
1574.797657143693,1574.797657143693,1.0006742,0.002744559
1574.799046020813,1574.799046020813,0.9983125,0.002742683
1574.8004348979318,1574.8004348979318,0.9973026,0.0027464603
1574.8018237750516,1574.8018237750516,0.9990555,0.0027422928
1574.8032126521707,1574.8032126521707,0.9978664,0.0027356045
1574.8046015292898,1574.8046015292898,1.0013165,0.0027397238
1574.8059904064094,1574.8059904064094,0.9986842,0.0027402593
1574.807379283529,1574.807379283529,1.0030171,0.002737891
1574.808768160648,1574.808768160648,1.001445,0.0027366336
1574.810157037767,1574.810157037767,0.9985842,0.002741953
1574.811545914887,1574.811545914887,1.0043412,0.002738539
1574.8129347920067,1574.8129347920067,1.0005918,0.0027374108
1574.8143236691258,1574.8143236691258,0.99922115,0.0027372772
1574.8157125462449,1574.8157125462449,1.0035558,0.0027381678
1574.8171014233644,1574.8171014233644,1.000577,0.0027532722
1574.8184903004835,1574.8184903004835,1.0021718,0.0027446016
1574.8198791776026,1574.8198791776026,1.0030913,0.0027477106
1574.8212680547222,1574.8212680547222,0.999354,0.002753461
1574.8226569318422,1574.8226569318422,1.0038259,0.002763012
1574.824045808961,1574.824045808961,1.0002048,0.0027454877
1574.82543468608,1574.82543468608,1.0008996,0.0027363277
1574.8268235632,1574.8268235632,1.003018,0.0027392139
1574.8282124403195,1574.8282124403195,0.99825644,0.0027435457
1574.8296013174386,1574.8296013174386,1.0034001,0.0027397096
1574.8309901945577,1574.8309901945577,1.000108,0.002739648
1574.8323790716772,1574.8323790716772,1.002723,0.0027381927
1574.8337679487972,1574.8337679487972,1.0006514,0.0027384777
1574.835156825916,1574.835156825916,0.9996294,0.002741297
1574.836545703035,1574.836545703035,1.0043738,0.0027443345
1574.837934580155,1574.837934580155,1.0068597,0.0027441303
1574.8393234570412,1574.8393234570412,1.003852,0.0027453753
1574.8407123341603,1574.8407123341603,1.0019759,0.0027388649
1574.84210121128,1574.84210121128,1.0023737,0.0027455187
1574.8434900883994,1574.8434900883994,1.0036166,0.0027475846
1574.8448789655185,1574.8448789655185,1.0038891,0.0027393172
1574.8462678426376,1574.8462678426376,1.0030345,0.0027388015
1574.8476567197574,1574.8476567197574,1.0028617,0.0027410807
1574.8490455968772,1574.8490455968772,1.0084981,0.0027530275
1574.8504344737635,1574.8504344737635,1.0051253,0.0027430158
1574.8518233508826,1574.8518233508826,1.0042294,0.002736204
1574.8532122280021,1574.8532122280021,1.0004566,0.0027368779
1574.8546011051217,1574.8546011051217,1.004886,0.0027423797
1574.8559899822408,1574.8559899822408,1.004587,0.0027395769
1574.857378859127,1574.857378859127,1.0043712,0.0027386628
1574.858767736247,1574.858767736247,1.0031468,0.0027385843
1574.860156613366,1574.860156613366,1.0045702,0.0027397596
1574.8615454904848,1574.8615454904848,1.0034627,0.0027437494
1574.862934367372,1574.862934367372,1.0031615,0.0027585686
1574.8643232444915,1574.8643232444915,1.0057966,0.0027402258
1574.8657121216106,1574.8657121216106,1.0061111,0.002737702
1574.8671009987297,1574.8671009987297,1.0091133,0.0027442998
1574.8684898756164,1574.8684898756164,1.0025252,0.002750325
1574.8698787527364,1574.8698787527364,1.0063783,0.0027407845
1574.8712676298553,1574.8712676298553,1.0047593,0.0027432288
1574.8726565069742,1574.8726565069742,1.0074545,0.0027419308
1574.8740453838614,1574.8740453838614,1.0041922,0.0027376863
1574.8754342609805,1574.8754342609805,1.004166,0.002740359
1574.8768231380996,1574.8768231380996,1.0066339,0.0027401203
1574.8782120149863,1574.8782120149863,1.0043672,0.002740923
1574.8796008921058,1574.8796008921058,1.0047517,0.0027435534
1574.8809897692258,1574.8809897692258,1.0076839,0.0027419562
1574.8823786461126,1574.8823786461126,1.0045688,0.0027417305
1574.8837675232323,1574.8837675232323,1.0093223,0.0027393785
1574.8851564003521,1574.8851564003521,1.0075971,0.00273862
1574.8865452772384,1574.8865452772384,1.0023152,0.002741915
1574.8879341543575,1574.8879341543575,1.0063665,0.0027465478
1574.889323031477,1574.889323031477,1.0040646,0.002749314
1574.8907119083638,1574.8907119083638,1.0079565,0.002736844
1574.8921007854829,1574.8921007854829,1.0048192,0.0027405974
1574.8934896623691,1574.8934896623691,1.0066928,0.0027365712
1574.8948785394891,1574.8948785394891,1.0045888,0.0027490065
1574.896267416608,1574.896267416608,1.0050648,0.002748153
1574.897656293494,1574.897656293494,1.0028733,0.0027364523
1574.899045170614,1574.899045170614,1.0097717,0.002746757
1574.9004340475008,1574.9004340475008,1.0047479,0.0027384737
1574.9018229246199,1574.9018229246199,1.0049187,0.0027387985
1574.9032118015061,1574.9032118015061,1.0089116,0.0027406507
1574.9046006786257,1574.9046006786257,1.0091733,0.002752311
1574.9059895555129,1574.9059895555129,1.0068953,0.0027456537
1574.9073784326317,1574.9073784326317,1.004489,0.0027382972
1574.9087673095178,1574.9087673095178,1.0093157,0.002753217
1574.9101561866378,1574.9101561866378,1.0055428,0.002738709
1574.911545063524,1574.911545063524,1.007546,0.0027409673
1574.9129339406431,1574.9129339406431,1.0095922,0.0027397163
1574.9143228175299,1574.9143228175299,1.0085988,0.002743084
1574.9157116946494,1574.9157116946494,1.0073893,0.0027387145
1574.9171005715357,1574.9171005715357,1.0087667,0.0027408372
1574.9184894486548,1574.9184894486548,1.0049509,0.002737113
1574.9198783255417,1574.9198783255417,1.010945,0.00274252
1574.9212672026615,1574.9212672026615,1.0106466,0.0027528575
1574.9226560795478,1574.9226560795478,1.0060296,0.0027482293
1574.9240449566669,1574.9240449566669,1.008607,0.0027401391
1574.9254338335536,1574.9254338335536,1.0104526,0.002739689
1574.9268227106732,1574.9268227106732,1.0095346,0.002755518
1574.9282115875594,1574.9282115875594,1.007462,0.00274136
1574.9296004644457,1574.9296004644457,1.0114079,0.0027406206
1574.9309893415657,1574.9309893415657,1.0113254,0.0027445098
1574.9323782184517,1574.9323782184517,1.0073482,0.0027408914
1574.9337670953378,1574.9337670953378,1.0059278,0.002747813
1574.9351559724578,1574.9351559724578,1.0054951,0.002740685
1574.9365448493445,1574.9365448493445,1.0084978,0.0027406174
1574.9379337264636,1574.9379337264636,1.0044764,0.0027409068
1574.9393226033499,1574.9393226033499,1.0090144,0.0027428549
1574.9407114802366,1574.9407114802366,1.0070716,0.0027449632
1574.9421003573566,1574.9421003573566,1.0102254,0.0027429408
1574.9434892342426,1574.9434892342426,1.008211,0.002741895
1574.9448781111287,1574.9448781111287,1.0107051,0.0027437713
1574.9462669882487,1574.9462669882487,1.0117849,0.002748635
1574.947655865135,1574.947655865135,1.0114149,0.0027433322
1574.949044742021,1574.949044742021,1.011162,0.0027443306
1574.950433618908,1574.950433618908,1.0141981,0.0027416982
1574.9518224960275,1574.9518224960275,1.0097369,0.002744096
1574.9532113729138,1574.9532113729138,1.009179,0.0027557882
1574.9546002498,1574.9546002498,1.0107753,0.0027490146
1574.9559891269198,1574.9559891269198,1.0124958,0.0027468344
1574.9573780038068,1574.9573780038068,1.010166,0.0027401692
1574.958766880693,1574.958766880693,1.0096833,0.0027542557
1574.9601557575793,1574.9601557575793,1.0048671,0.0027403303
1574.9615446346988,1574.9615446346988,1.0108508,0.0027439105
1574.9629335115856,1574.9629335115856,1.0117273,0.0027421215
1574.9643223884718,1574.9643223884718,1.0142586,0.002744253
1574.965711265359,1574.965711265359,1.0120358,0.0027442556
1574.9671001422466,1574.9671001422466,1.0101467,0.002741107
1574.9684890193655,1574.9684890193655,1.0066957,0.0027435573
1574.9698778962515,1574.9698778962515,1.0105898,0.002748182
1574.9712667731387,1574.9712667731387,1.012352,0.0027402914
1574.9726556500254,1574.9726556500254,1.0123874,0.002742766
1574.9740445269117,1574.9740445269117,1.0138763,0.002754738
1574.975433403798,1574.975433403798,1.0119884,0.0027418335
1574.9768222809175,1574.9768222809175,1.0099283,0.0027402716
1574.9782111578047,1574.9782111578047,1.0101942,0.0027391736
1574.9796000346907,1574.9796000346907,1.013885,0.0027562103
1574.9809889115768,1574.9809889115768,1.0131481,0.0027480852
1574.982377788464,1574.982377788464,1.0103067,0.0027444079
1574.9837666653507,1574.9837666653507,1.0110505,0.002744257
1574.985155542237,1574.985155542237,1.0133421,0.0027425317
1574.9865444191232,1574.9865444191232,1.0102601,0.0027433727
1574.9879332962428,1574.9879332962428,1.0109627,0.0027552412
1574.989322173129,1574.989322173129,1.0142096,0.0027457448
1574.9907110500153,1574.9907110500153,1.011913,0.0027412109
1574.9920999269023,1574.9920999269023,1.0096211,0.0027440987
1574.9934888037892,1574.9934888037892,1.0121747,0.0027674732
1574.9948776806755,1574.9948776806755,1.0113318,0.0027440246
1574.9962665575617,1574.9962665575617,1.0107167,0.0027409943
1574.9976554344485,1574.9976554344485,1.0114545,0.0027444847
1574.9990443113352,1574.9990443113352,1.0109255,0.0027489287
1575.0004331882215,1575.0004331882215,1.0103526,0.0027485366
1575.0018220651077,1575.0018220651077,1.0115644,0.0027408462
1575.0032109419947,1575.0032109419947,1.0084652,0.0027420283
1575.0045998188807,1575.0045998188807,1.0112674,0.0027391762
1575.005988695767,1575.005988695767,1.0115044,0.0027398092
1575.0073775726541,1575.0073775726541,1.0128269,0.00274309
1575.0087664495409,1575.0087664495409,1.0077953,0.002740821
1575.0101553264271,1575.0101553264271,1.0154728,0.0027582329
1575.0115442033134,1575.0115442033134,1.0114124,0.0027528978
1575.0129330802001,1575.0129330802001,1.0219393,0.0027500899
1575.0143219570873,1575.0143219570873,1.0250348,0.0027517593
1575.0157108339733,1575.0157108339733,1.0222377,0.0027480277
1575.0170997108594,1575.0170997108594,1.0201632,0.0027471392
1575.0184885877466,1575.0184885877466,1.016476,0.0027496587
1575.0198774646333,1575.0198774646333,1.0157838,0.0027464784
1575.0212663412867,1575.0212663412867,1.0175666,0.0027440358
1575.022655218173,1575.022655218173,1.01332,0.002755119
1575.0240440950597,1575.0240440950597,1.0161948,0.0027447802
1575.025432971946,1575.025432971946,1.0149949,0.0027419443
1575.0268218488322,1575.0268218488322,1.0149977,0.0027569653
1575.028210725719,1575.028210725719,1.0172637,0.0027511027
1575.0295996026061,1575.0295996026061,1.0163381,0.0027423347
1575.0309884794924,1575.0309884794924,1.0155326,0.0027455708
1575.0323773561458,1575.0323773561458,1.0142121,0.0027421906
1575.0337662330326,1575.0337662330326,1.0143057,0.0027425175
1575.0351551099193,1575.0351551099193,1.0169282,0.0027442824
1575.0365439868056,1575.0365439868056,1.0136464,0.0027442696
1575.0379328636918,1575.0379328636918,1.0146347,0.0027430665
1575.0393217405788,1575.0393217405788,1.0151687,0.002741847
1575.040710617232,1575.040710617232,1.0198861,0.0027465655
1575.0420994941182,1575.0420994941182,1.0158936,0.0027487122
1575.0434883710054,1575.0434883710054,1.0161877,0.0027431953
1575.0448772478921,1575.0448772478921,1.014791,0.0027429962
1575.0462661247784,1575.0462661247784,1.0121125,0.002741605
1575.0476550014318,1575.0476550014318,1.0169286,0.002751802
1575.0490438783186,1575.0490438783186,1.015647,0.0027419175
1575.0504327552057,1575.0504327552057,1.0153766,0.0027448954
1575.0518216320918,1575.0518216320918,1.0132753,0.0027411836
1575.053210508746,1575.053210508746,1.0162013,0.0027444111
1575.0545993856335,1575.0545993856335,1.0121024,0.0027420018
1575.0559882625203,1575.0559882625203,1.0187894,0.002743989
1575.0573771394065,1575.0573771394065,1.016346,0.0027446619
1575.05876601606,1575.05876601606,1.0127145,0.0027551407
1575.0601548929467,1575.0601548929467,1.016023,0.0027587009
1575.061543769833,1575.061543769833,1.0167471,0.002741155
1575.0629326464864,1575.0629326464864,1.0169904,0.0027448542
1575.064321523373,1575.064321523373,1.0158846,0.0027556962
1575.0657104002603,1575.0657104002603,1.0116289,0.002741963
1575.0670992769137,1575.0670992769137,1.0148832,0.0027443017
1575.0684881538,1575.0684881538,1.0169537,0.002746228
1575.0698770306867,1575.0698770306867,1.0155805,0.002746884
1575.0712659073406,1575.0712659073406,1.0176637,0.0027467092
1575.0726547842269,1575.0726547842269,1.0155073,0.0027474135
1575.0740436611131,1575.0740436611131,1.0129501,0.0027526908
1575.0754325377673,1575.0754325377673,1.0153645,0.0027532575
1575.0768214146533,1575.0768214146533,1.0149306,0.002759101
1575.0782102913067,1575.0782102913067,1.0167936,0.0027444207
1575.079599168194,1575.079599168194,1.0195099,0.0027634809
1575.0809880450806,1575.0809880450806,1.0141487,0.0027422297
1575.082376921734,1575.082376921734,1.0188482,0.0027445727
1575.0837657986203,1575.0837657986203,1.0110126,0.0027570568
1575.0851546752742,1575.0851546752742,1.0159898,0.0027480947
1575.0865435521614,1575.0865435521614,1.0167043,0.0027451208
1575.0879324288146,1575.0879324288146,1.0192543,0.0027590333
1575.0893213057007,1575.0893213057007,1.013263,0.0027464249
1575.090710182355,1575.090710182355,1.0134308,0.0027450894
1575.0920990592417,1575.0920990592417,1.0154732,0.0027553313
1575.0934879358952,1575.0934879358952,1.0144079,0.0027472926
1575.0948768127814,1575.0948768127814,1.0160072,0.002744756
1575.0962656894353,1575.0962656894353,1.0156565,0.0027420644
1575.0976545663216,1575.0976545663216,1.0155963,0.0027533937
1575.099043442975,1575.099043442975,1.0132285,0.0027419336
1575.1004323198617,1575.1004323198617,1.01183,0.0027585158
1575.101821196516,1575.101821196516,1.0151173,0.002745609
1575.1032100734024,1575.1032100734024,1.0167918,0.0027463536
1575.1045989500556,1575.1045989500556,1.0172393,0.002741858
1575.1059878269425,1575.1059878269425,1.0142606,0.0027465336
1575.1073767035964,1575.1073767035964,1.017615,0.0027474088
1575.1087655804827,1575.1087655804827,1.0156999,0.002744875
1575.110154457136,1575.110154457136,1.0149171,0.0027431697
1575.111543334023,1575.111543334023,1.0162758,0.0027462165
1575.1129322106772,1575.1129322106772,1.0156496,0.0027618879
1575.1143210873306,1575.1143210873306,1.0130049,0.0027424642
1575.1157099642169,1575.1157099642169,1.0134586,0.0027410348
1575.1170988408708,1575.1170988408708,1.0151532,0.002746632
1575.1184877175242,1575.1184877175242,1.0154843,0.0027447792
1575.1198765944105,1575.1198765944105,1.0157477,0.0027528177
1575.1212654710644,1575.1212654710644,1.0166237,0.002742839
1575.1226543479513,1575.1226543479513,1.014266,0.0027652755
1575.1240432246045,1575.1240432246045,1.0141002,0.0027449057
1575.125432101258,1575.125432101258,1.0122691,0.002745537
1575.1268209781451,1575.1268209781451,1.0122657,0.0027430642
1575.128209854799,1575.128209854799,1.0115995,0.0027443436
1575.1295987314525,1575.1295987314525,1.0168588,0.0027445906
1575.1309876083387,1575.1309876083387,1.0158879,0.0027447718
1575.1323764849926,1575.1323764849926,1.0178776,0.0027575055
1575.133765361646,1575.133765361646,1.01333,0.002744365
1575.1351542385323,1575.1351542385323,1.0164791,0.0027467615
1575.1365431151862,1575.1365431151862,1.0151774,0.0027450097
1575.1379319918406,1575.1379319918406,1.0123329,0.002741271
1575.139320868494,1575.139320868494,1.0121088,0.0027487783
1575.14070974538,1575.14070974538,1.0148551,0.0027521087
1575.1420986220342,1575.1420986220342,1.0122142,0.0027453636
1575.143487498689,1575.143487498689,1.0114611,0.0027535493
1575.1448763753428,1575.1448763753428,1.0134416,0.002745576
1575.146265252229,1575.146265252229,1.0205851,0.0027609905
1575.1476541288832,1575.1476541288832,1.0177191,0.0027456342
1575.1490430055374,1575.1490430055374,1.0168276,0.0027516014
1575.1504318821908,1575.1504318821908,1.0173001,0.0027459145
1575.1518207588442,1575.1518207588442,1.0156456,0.0027528002
1575.153209635731,1575.153209635731,1.0143533,0.0027419657
1575.1545985123844,1575.1545985123844,1.0175501,0.0027482938
1575.1559873890378,1575.1559873890378,1.0170573,0.0027425808
1575.1573762656917,1575.1573762656917,1.0156003,0.002745501
1575.1587651423458,1575.1587651423458,1.0149192,0.0027450663
1575.160154018999,1575.160154018999,1.0151852,0.002768589
1575.1615428958853,1575.1615428958853,1.0125823,0.0027630187
1575.1629317725397,1575.1629317725397,1.0151491,0.0027430002
1575.1643206491935,1575.1643206491935,1.014468,0.002742603
1575.165709525847,1575.165709525847,1.0161822,0.002746589
1575.1670984025004,1575.1670984025004,1.0153431,0.0027430847
1575.1684872791543,1575.1684872791543,1.0166144,0.0027598024
1575.1698761558077,1575.1698761558077,1.0138847,0.0027482586
1575.1712650324612,1575.1712650324612,1.0147029,0.002744567
1575.172653909348,1575.172653909348,1.0114212,0.002746044
1575.1740427860022,1575.1740427860022,1.0157567,0.0027454046
1575.1754316626557,1575.1754316626557,1.0153602,0.0027464759
1575.176820539309,1575.176820539309,1.0162276,0.002745959
1575.178209415963,1575.178209415963,1.0104216,0.0027436803
1575.179598292617,1575.179598292617,1.0129839,0.0027429983
1575.1809871692703,1575.1809871692703,1.01285,0.002754915
1575.1823760459238,1575.1823760459238,1.0127491,0.0027415825
1575.1837649225777,1575.1837649225777,1.0137638,0.002742427
1575.185153799232,1575.185153799232,1.0137213,0.0027596988
1575.1865426758854,1575.1865426758854,1.015156,0.0027484482
1575.1879315525389,1575.1879315525389,1.0151677,0.0027425047
1575.1893204291928,1575.1893204291928,1.0118045,0.0027419426
1575.1907093058462,1575.1907093058462,1.0136025,0.0027520077
1575.1920981824996,1575.1920981824996,1.0145022,0.0027439704
1575.1934870591535,1575.1934870591535,1.0129836,0.0027437287
1575.1948759358077,1575.1948759358077,1.0115751,0.0027441673
1575.1962648124609,1575.1962648124609,1.0121274,0.0027552333
1575.1976536891143,1575.1976536891143,1.0132508,0.0027423848
1575.1990425657687,1575.1990425657687,1.0104069,0.0027387089
1575.2004314424225,1575.2004314424225,1.0129696,0.0027502896
1575.201820319076,1575.201820319076,1.0129157,0.002746364
1575.2032091957294,1575.2032091957294,1.0146897,0.002746125
1575.2045980721505,1575.2045980721505,1.0126156,0.0027412616
1575.205986948804,1575.205986948804,1.0152308,0.002741587
1575.2073758254573,1575.2073758254573,1.012054,0.0027453261
1575.2087647021112,1575.2087647021112,1.0142381,0.0027431669
1575.2101535787656,1575.2101535787656,1.0139517,0.0027451862
1575.211542455419,1575.211542455419,1.0163491,0.0027426486
1575.2129313320722,1575.2129313320722,1.0120523,0.0027431569
1575.2143202087263,1575.2143202087263,1.0119989,0.0027548564
1575.2157090851474,1575.2157090851474,1.0141139,0.002747372
1575.2170979618008,1575.2170979618008,1.0130548,0.0027461788
1575.2184868384543,1575.2184868384543,1.0114343,0.002741902
1575.2198757151082,1575.2198757151082,1.0099981,0.0027431569
1575.2212645917625,1575.2212645917625,1.0112345,0.0027409052
1575.222653468416,1575.222653468416,1.0180776,0.0027567893
1575.2240423448366,1575.2240423448366,1.0137397,0.002744936
1575.2254312214905,1575.2254312214905,1.0149682,0.0027478766
1575.226820098144,1575.226820098144,1.0137674,0.002745538
1575.2282089747973,1575.2282089747973,1.0153177,0.0027497546
1575.2295978514512,1575.2295978514512,1.0138121,0.0027442684
1575.2309867278725,1575.2309867278725,1.0136983,0.0027408833
1575.2323756045257,1575.2323756045257,1.0136224,0.0027467213
1575.2337644811792,1575.2337644811792,1.0155916,0.0027484724
1575.2351533578335,1575.2351533578335,1.0233934,0.0027453597
1575.2365422342555,1575.2365422342555,1.0194552,0.0027437457
1575.2379311109094,1575.2379311109094,1.0154548,0.00274436
1575.2393199875628,1575.2393199875628,1.0192423,0.0027477187
1575.2407088642167,1575.2407088642167,1.0161304,0.002748998
1575.2420977406382,1575.2420977406382,1.0169476,0.002750197
1575.2434866172914,1575.2434866172914,1.016439,0.0027470787
1575.2448754939446,1575.2448754939446,1.0151832,0.0027440921
1575.2462643703661,1575.2462643703661,1.0130829,0.0027427555
1575.2476532470196,1575.2476532470196,1.0150462,0.0027470496
1575.2490421236728,1575.2490421236728,1.0137347,0.0027488612
1575.250431000094,1575.250431000094,1.0125844,0.0027453273
1575.251819876748,1575.251819876748,1.0121033,0.0027434723
1575.2532087534014,1575.2532087534014,1.0108365,0.0027419403
1575.254597629822,1575.254597629822,1.025544,0.0027614902
1575.255986506476,1575.255986506476,1.0198345,0.002752824
1575.2573753828974,1575.2573753828974,1.0134991,0.0027458766
1575.2587642595508,1575.2587642595508,1.014842,0.0027436505
1575.2601531362043,1575.2601531362043,1.0151428,0.002741973
1575.2615420126253,1575.2615420126253,1.0151547,0.0027492365
1575.2629308892788,1575.2629308892788,1.0135196,0.0027424346
1575.2643197656994,1575.2643197656994,1.0133045,0.0027424449
1575.2657086423533,1575.2657086423533,1.012154,0.0027419738
1575.2670975190074,1575.2670975190074,1.0122521,0.0027444912
1575.2684863954278,1575.2684863954278,1.0161234,0.002745618
1575.2698752720812,1575.2698752720812,1.0152107,0.002743584
1575.2712641485027,1575.2712641485027,1.0124558,0.0027440134
1575.2726530251566,1575.2726530251566,1.0116774,0.0027425156
1575.2740419015772,1575.2740419015772,1.0106422,0.0027413548
1575.2754307782307,1575.2754307782307,1.0117172,0.002749421
1575.2768196546517,1575.2768196546517,1.0112984,0.0027388083
1575.278208531306,1575.278208531306,1.0112991,0.0027436547
1575.2795974077264,1575.2795974077264,1.0141001,0.0027428905
1575.2809862843797,1575.2809862843797,1.0126715,0.0027452162
1575.2823751608012,1575.2823751608012,1.0145357,0.0027446484
1575.2837640374546,1575.2837640374546,1.0131942,0.0027423955
1575.285152913875,1575.285152913875,1.0133333,0.0027431725
1575.286541790529,1575.286541790529,1.0083734,0.0027413124
1575.2879306669502,1575.2879306669502,1.0104408,0.00274011
1575.2893195436036,1575.2893195436036,1.011599,0.0027410707
1575.2907084200242,1575.2907084200242,1.0101955,0.0027386919
1575.292097296678,1575.292097296678,1.0121498,0.0027521676
1575.2934861730996,1575.2934861730996,1.0115436,0.002750263
1575.2948750495202,1575.2948750495202,1.0112132,0.0027428647
1575.2962639261734,1575.2962639261734,1.0142227,0.0027408104
1575.2976528025947,1575.2976528025947,1.0109563,0.0027412619
1575.2990416792481,1575.2990416792481,1.0118468,0.0027558634
1575.3004305556688,1575.3004305556688,1.0124643,0.0027411822
1575.3018194320898,1575.3018194320898,1.0085397,0.0027477534
1575.303208308744,1575.303208308744,1.0102949,0.002750803
1575.3045971851643,1575.3045971851643,1.007916,0.0027410225
1575.3059860618177,1575.3059860618177,1.0098298,0.0027444055
1575.3073749382393,1575.3073749382393,1.0116585,0.0027488496
1575.3087638146603,1575.3087638146603,1.0124292,0.0027414854
1575.3101526913138,1575.3101526913138,1.0092992,0.00275276
1575.3115415677344,1575.3115415677344,1.011643,0.0027418616
1575.3129304441554,1575.3129304441554,1.0126455,0.002746995
1575.3143193205767,1575.3143193205767,1.0092665,0.0027402635
1575.31570819723,1575.31570819723,1.011558,0.0027542836
1575.3170970736505,1575.3170970736505,1.0115973,0.002743558
1575.318485950072,1575.318485950072,1.0074232,0.0027390993
1575.3198748267253,1575.3198748267253,1.0093571,0.0027406283
1575.3212637031456,1575.3212637031456,1.0076046,0.0027412311
1575.3226525795671,1575.3226525795671,1.0052415,0.0027440593
1575.3240414559882,1575.3240414559882,1.0111108,0.00274866
1575.3254303326416,1575.3254303326416,1.0064744,0.0027441138
1575.3268192090623,1575.3268192090623,1.010712,0.002739751
1575.3282080854833,1575.3282080854833,1.0080919,0.0027396074
1575.3295969619048,1575.3295969619048,1.0089307,0.002738977
1575.3309858385583,1575.3309858385583,1.0034941,0.0027423708
1575.3323747149786,1575.3323747149786,1.0058223,0.002736487
1575.3337635914004,1575.3337635914004,1.0050273,0.0027395238
1575.335152467822,1575.335152467822,1.0041518,0.002740118
1575.3365413442425,1575.3365413442425,1.0054736,0.0027391808
1575.3379302208964,1575.3379302208964,1.0070177,0.0027395526
1575.3393190973177,1575.3393190973177,1.0096714,0.002744053
1575.340707973738,1575.340707973738,1.0085387,0.0027544685
1575.3420968501587,1575.3420968501587,1.0047996,0.002741511
1575.3434857265802,1575.3434857265802,1.0055189,0.0027415385
1575.3448746030012,1575.3448746030012,1.0037277,0.0027395147
1575.3462634796547,1575.3462634796547,1.0054518,0.0027468703
1575.3476523560753,1575.3476523560753,1.0046947,0.0027434337
1575.3490412324963,1575.3490412324963,1.0072553,0.0027441469
1575.3504301089176,1575.3504301089176,1.0058498,0.002741551
1575.351818985338,1575.351818985338,1.0063907,0.0027407832
1575.3532078617586,1575.3532078617586,1.003925,0.0027401238
1575.3545967381801,1575.3545967381801,1.0052923,0.0027419876
1575.3559856146005,1575.3559856146005,1.0008733,0.0027397866
1575.357374491021,1575.357374491021,1.0063351,0.0027429347
1575.3587633674424,1575.3587633674424,1.0026082,0.0027393322
1575.3601522438635,1575.3601522438635,1.0056967,0.0027436025
1575.361541120284,1575.361541120284,1.0096453,0.0027392325
1575.3629299969375,1575.3629299969375,1.0015906,0.0027379293
1575.3643188733586,1575.3643188733586,1.0053827,0.002737432
1575.36570774978,1575.36570774978,1.008127,0.0027554678
1575.3670966262007,1575.3670966262007,1.0055168,0.0027453292
1575.368485502621,1575.368485502621,1.0034419,0.0027376984
1575.3698743790424,1575.3698743790424,1.0019716,0.0027569935
1575.3712632554634,1575.3712632554634,1.0026176,0.0027397887
1575.372652131884,1575.372652131884,1.0028186,0.002739354
1575.3740410083046,1575.3740410083046,1.004278,0.0027382725
1575.3754298847257,1575.3754298847257,0.9999953,0.002737145
1575.3768187611463,1575.3768187611463,1.0070306,0.0027401885
1575.378207637567,1575.378207637567,1.0033293,0.0027385885
1575.3795965137556,1575.3795965137556,1.0057397,0.0027426118
1575.3809853901766,1575.3809853901766,1.0041509,0.0027380649
1575.3823742665973,1575.3823742665973,1.0021342,0.0027400774
1575.3837631430179,1575.3837631430179,1.0030812,0.002738607
1575.385152019439,1575.385152019439,1.007423,0.0027407345
1575.3865408958602,1575.3865408958602,1.0018263,0.0027451396
1575.3879297722806,1575.3879297722806,1.0022761,0.0027376902
1575.3893186487012,1575.3893186487012,1.0035024,0.0027501087
1575.3907075251227,1575.3907075251227,1.0032661,0.002737333
1575.392096401543,1575.392096401543,1.0038441,0.0027385342
1575.3934852779635,1575.3934852779635,1.0022771,0.0027374316
1575.3948741541521,1575.3948741541521,1.0038197,0.0027554466
1575.3962630305732,1575.3962630305732,1.0029014,0.0027419622
1575.3976519069938,1575.3976519069938,0.9996675,0.0027370842
1575.3990407834144,1575.3990407834144,1.000174,0.0027434651
1575.4004296598355,1575.4004296598355,1.0001638,0.0027374912
1575.401818536257,1575.401818536257,1.0039763,0.0027516992
1575.4032074124448,1575.4032074124448,1.0019923,0.0027366763
1575.4045962888652,1575.4045962888652,1.0014117,0.0027371123
1575.4059851652864,1575.4059851652864,1.0031705,0.002738979
1575.4073740417075,1575.4073740417075,1.0036229,0.0027419715
1575.408762918128,1575.408762918128,1.004221,0.0027355163
1575.4101517943159,1575.4101517943159,1.0016333,0.0027407047
1575.411540670737,1575.411540670737,1.0054389,0.002737425
1575.4129295471575,1575.4129295471575,1.0033542,0.002751077
1575.4143184235782,1575.4143184235782,1.0004947,0.0027424493
1575.4157072997666,1575.4157072997666,0.9982999,0.0027383603
1575.417096176188,1575.417096176188,1.0010444,0.0027368919
1575.4184850526085,1575.4184850526085,0.99981123,0.002740027
1575.419873929029,1575.419873929029,1.0010816,0.0027375226
1575.4212628052173,1575.4212628052173,1.000473,0.0027390479
1575.4226516816386,1575.4226516816386,0.9996326,0.002749249
1575.424040558059,1575.424040558059,1.0013106,0.0027381028
1575.4254294344796,1575.4254294344796,0.999387,0.002741572
1575.4268183106683,1575.4268183106683,0.99941325,0.0027364346
1575.4282071870887,1575.4282071870887,1.0012432,0.0027390062
1575.429596063509,1575.429596063509,1.001087,0.002738529
1575.4309849396977,1575.4309849396977,1.0014524,0.002747827
1575.4323738161188,1575.4323738161188,1.0010222,0.0027411527
1575.43376269254,1575.43376269254,1.0017333,0.0027517318
1575.4351515687285,1575.4351515687285,0.99650353,0.002734556
1575.4365404451496,1575.4365404451496,1.0017872,0.0027400537
1575.4379293213383,1575.4379293213383,0.9990523,0.0027451366
1575.439318197759,1575.439318197759,0.9974773,0.0027387002
1575.4407070741793,1575.4407070741793,1.0003903,0.0027351386
1575.4420959503677,1575.4420959503677,0.9999555,0.0027369293
1575.4434848267888,1575.4434848267888,0.9990646,0.0027367496
1575.4448737029766,1575.4448737029766,0.9992717,0.0027373221
1575.4462625793972,1575.4462625793972,0.99929863,0.0027342718
1575.4476514558182,1575.4476514558182,1.002517,0.0027380816
1575.449040332006,1575.449040332006,1.0009694,0.00274567
1575.4504292084266,1575.4504292084266,0.9971178,0.002736909
1575.451818084615,1575.451818084615,1.0003343,0.002739662
1575.4532069610364,1575.4532069610364,0.9962183,0.0027426726
1575.4545958372241,1575.4545958372241,0.997046,0.002736046
1575.4559847136447,1575.4559847136447,0.9964313,0.0027480565
1575.457373589833,1575.457373589833,0.99722433,0.002742584
1575.4587624662543,1575.4587624662543,1.0001607,0.002738353
1575.4601513424418,1575.4601513424418,0.99605906,0.0027500605
1575.4615402188624,1575.4615402188624,0.9995719,0.0027371335
1575.462929095051,1575.462929095051,0.9957661,0.002736084
1575.4643179714715,1575.4643179714715,0.99661857,0.0027386863
1575.465706847659,1575.465706847659,0.9952361,0.002735977
1575.4670957240805,1575.4670957240805,0.9972931,0.0027427871
1575.4684846002688,1575.4684846002688,0.99230784,0.0027387906
1575.4698734766894,1575.4698734766894,0.997475,0.0027438782
1575.4712623528771,1575.4712623528771,1.0010428,0.0027385706
1575.4726512292982,1575.4726512292982,0.9952189,0.0027384076
1575.474040105487,1575.474040105487,0.9994616,0.0027397538
1575.4754289816744,1575.4754289816744,0.99713314,0.0027353237
1575.4768178580948,1575.4768178580948,0.99779105,0.0027343987
1575.4782067342835,1575.4782067342835,0.99430805,0.0027355275
1575.4795956107046,1575.4795956107046,0.9986082,0.0027404192
1575.4809844868923,1575.4809844868923,0.99902785,0.0027527246
1575.4823733630801,1575.4823733630801,0.99632764,0.0027352634
1575.4837622395012,1575.4837622395012,0.9957921,0.0027321596
1575.485151115689,1575.485151115689,0.99595034,0.002736391
1575.4865399921096,1575.4865399921096,0.9993659,0.0027382572
1575.487928868298,1575.487928868298,0.99348336,0.0027421275
1575.4893177444865,1575.4893177444865,0.9975865,0.002736872
1575.490706620907,1575.490706620907,0.99592376,0.002736541
1575.4920954970949,1575.4920954970949,0.99746644,0.0027372215
1575.493484373283,1575.493484373283,0.9983831,0.0027332455
1575.4948732497041,1575.4948732497041,0.99642855,0.002739102
1575.496262125892,1575.496262125892,0.9969754,0.0027478796
1575.4976510020797,1575.4976510020797,0.9951658,0.0027347535
1575.4990398782684,1575.4990398782684,0.99624825,0.0027361976
1575.5004287546894,1575.5004287546894,0.9963473,0.002736193
1575.5018176308772,1575.5018176308772,0.99437255,0.0027448589
1575.503206507065,1575.503206507065,0.9954553,0.0027339635
1575.5045953832532,1575.5045953832532,0.9944131,0.0027396504
1575.5059842596738,1575.5059842596738,0.99534166,0.0027328688
1575.5073731358616,1575.5073731358616,0.9963442,0.0027508568
1575.5087620120498,1575.5087620120498,0.9995965,0.0027464463
1575.5101508882385,1575.5101508882385,0.9969241,0.0027442218
1575.511539764659,1575.511539764659,0.99596804,0.0027324364
1575.5129286408464,1575.5129286408464,0.994536,0.0027358541
1575.5143175170351,1575.5143175170351,0.99397594,0.0027319223
1575.5157063932234,1575.5157063932234,0.9983399,0.0027344753
1575.5170952694111,1575.5170952694111,0.99590206,0.002749235
1575.5184841458317,1575.5184841458317,0.99451864,0.0027385554
1575.51987302202,1575.51987302202,0.9929686,0.0027319163
1575.5212618982077,1575.5212618982077,0.995382,0.002732902
1575.5226507743955,1575.5226507743955,0.9960503,0.0027398055
1575.524039650584,1575.524039650584,0.99525326,0.0027355463
1575.5254285267724,1575.5254285267724,0.9965338,0.0027354844
1575.526817403193,1575.526817403193,0.9931421,0.0027436642
1575.5282062793808,1575.5282062793808,0.9944761,0.0027344336
1575.529595155569,1575.529595155569,0.9939264,0.0027393387
1575.5309840317573,1575.5309840317573,0.9930845,0.002739197
1575.532372907945,1575.532372907945,0.9944887,0.0027321281
1575.5337617841328,1575.5337617841328,0.9916461,0.0027326322
1575.5351506603215,1575.5351506603215,0.9938688,0.0027443448
1575.5365395365097,1575.5365395365097,0.9921352,0.0027329572
1575.5379284126975,1575.5379284126975,0.99067473,0.0027338043
1575.5393172888857,1575.5393172888857,0.994305,0.0027326096
1575.5407061650749,1575.5407061650749,0.9912613,0.0027310164
1575.5420950412627,1575.5420950412627,0.99211687,0.0027356062
1575.5434839174504,1575.5434839174504,0.9907212,0.0027357317
1575.5448727938715,1575.5448727938715,0.99798775,0.0027306727
1575.5462616700602,1575.5462616700602,0.99566203,0.002732113
1575.5476505462477,1575.5476505462477,0.9925591,0.002734153
1575.5490394224353,1575.5490394224353,0.9896519,0.0027335389
1575.550428298624,1575.550428298624,0.9917695,0.0027322979
1575.5518171748122,1575.5518171748122,0.9913402,0.0027388216
1575.553206051,1575.553206051,0.99061865,0.0027340667
1575.5545949271877,1575.5545949271877,0.9910818,0.0027350085
1575.555983803376,1575.555983803376,0.9905796,0.002739711
1575.557372679331,1575.557372679331,0.9929904,0.0027366953
1575.5587615555187,1575.5587615555187,0.9903145,0.002732844
1575.5601504317071,1575.5601504317071,0.99188775,0.0027365529
1575.5615393078956,1575.5615393078956,0.98919797,0.0027314755
1575.5629281840834,1575.5629281840834,0.99291414,0.0027382036
1575.5643170602712,1575.5643170602712,0.9897499,0.0027306704
1575.5657059364594,1575.5657059364594,0.99486494,0.0027422016
1575.5670948126476,1575.5670948126476,0.99205047,0.0027394164
1575.5684836888354,1575.5684836888354,0.9889956,0.0027367093
1575.5698725650232,1575.5698725650232,0.9926817,0.002734724
1575.5712614412118,1575.5712614412118,0.98889565,0.0027353172
1575.5726503174,1575.5726503174,0.9925902,0.0027468635
1575.574039193355,1575.574039193355,0.9906472,0.0027306452
1575.5754280695428,1575.5754280695428,0.98973525,0.002736391
1575.576816945731,1575.576816945731,0.98633975,0.0027326008
1575.5782058219188,1575.5782058219188,0.99396193,0.002732654
1575.5795946981066,1575.5795946981066,0.99107635,0.0027386323
1575.5809835742948,1575.5809835742948,0.99030226,0.0027540422
1575.5823724502507,1575.5823724502507,0.98899686,0.0027331344
1575.5837613264382,1575.5837613264382,0.9859568,0.0027325351
1575.5851502026258,1575.5851502026258,0.9907749,0.0027329207
1575.5865390788144,1575.5865390788144,0.9900649,0.0027366902
1575.5879279550027,1575.5879279550027,0.99100137,0.0027371147
1575.5893168309576,1575.5893168309576,0.98825395,0.0027349335
1575.5907057071454,1575.5907057071454,0.9897009,0.0027416681
1575.5920945833336,1575.5920945833336,0.98926526,0.002736585
1575.5934834595214,1575.5934834595214,0.99404824,0.0027370998
1575.5948723357092,1575.5948723357092,0.9857775,0.0027347526
1575.5962612116648,1575.5962612116648,0.98652494,0.002731047
1575.5976500878533,1575.5976500878533,0.98759943,0.0027270354
1575.599038964041,1575.599038964041,0.9905886,0.002733394
1575.600427839996,1575.600427839996,0.9854947,0.00273402
1575.6018167161842,1575.6018167161842,0.99129236,0.0027358648
1575.6032055923724,1575.6032055923724,0.98989266,0.002730523
1575.6045944685602,1575.6045944685602,0.98846453,0.0027437839
1575.6059833445152,1575.6059833445152,0.99142826,0.0027350085
1575.6073722207036,1575.6073722207036,0.9930313,0.0027323705
1575.608761096892,1575.608761096892,0.9889349,0.002738484
1575.610149972847,1575.610149972847,0.9904766,0.0027474912
1575.6115388490348,1575.6115388490348,0.9875637,0.0027449778
1575.612927725223,1575.612927725223,0.99005574,0.0027307575
1575.614316601178,1575.614316601178,0.98800236,0.0027331035
1575.6157054773657,1575.6157054773657,0.9905431,0.002729597
1575.6170943533211,1575.6170943533211,0.9852473,0.0027347663
1575.6184832295098,1575.6184832295098,0.98794204,0.0027305684
1575.6198721056974,1575.6198721056974,0.9901326,0.002738477
1575.621260981652,1575.621260981652,0.9883261,0.0027306168
1575.6226498578408,1575.6226498578408,0.9887482,0.0027309214
1575.6240387337962,1575.6240387337962,0.9861584,0.0027300196
1575.625427609984,1575.625427609984,0.9888373,0.0027356937
1575.6268164861717,1575.6268164861717,0.9863958,0.0027493685
1575.6282053621271,1575.6282053621271,0.98593736,0.0027302273
1575.629594238315,1575.629594238315,0.9868721,0.0027309372
1575.6309831142698,1575.6309831142698,0.9829463,0.0027413515
1575.632371990458,1575.632371990458,0.98637295,0.0027277502
1575.633760866414,1575.633760866414,0.9848621,0.0027299144
1575.6351497426017,1575.6351497426017,0.9906269,0.0027420418
1575.6365386185566,1575.6365386185566,0.9857778,0.0027305835
1575.6379274947449,1575.6379274947449,0.9877335,0.002740591
1575.6393163707003,1575.6393163707003,0.9880252,0.002731797
1575.640705246888,1575.640705246888,0.9881251,0.0027438956
1575.642094122843,1575.642094122843,0.9842079,0.0027310504
1575.6434829990314,1575.6434829990314,0.98423004,0.0027267395
1575.644871874987,1575.644871874987,0.9910388,0.0027337305
1575.6462607511749,1575.6462607511749,0.98486197,0.0027368453
1575.6476496271298,1575.6476496271298,0.9887871,0.0027327212
1575.649038503318,1575.649038503318,0.98885,0.0027341687
1575.6504273792734,1575.6504273792734,0.99163777,0.0027324592
1575.651816255462,1575.651816255462,0.98482054,0.002729197
1575.6532051314175,1575.6532051314175,0.98591506,0.0027398802
1575.6545940073734,1575.6545940073734,0.987528,0.0027393168
1575.655982883561,1575.655982883561,0.9855342,0.0027335195
1575.6573717595156,1575.6573717595156,0.99439234,0.0027424952
1575.6587606357043,1575.6587606357043,0.99042714,0.002733817
1575.6601495116597,1575.6601495116597,0.9926389,0.0027310895
1575.6615383876147,1575.6615383876147,0.9894556,0.0027295863
1575.6629272638024,1575.6629272638024,0.9904368,0.0027342634
1575.6643161397578,1575.6643161397578,0.9910563,0.0027345133
1575.6657050159465,1575.6657050159465,0.9885137,0.0027507802
1575.6670938919012,1575.6670938919012,0.9878244,0.002743216
1575.668482767856,1575.668482767856,0.99343663,0.002731242
1575.6698716440446,1575.6698716440446,0.9881079,0.0027447236
1575.6712605199996,1575.6712605199996,0.9890068,0.0027302888
1575.6726493959545,1575.6726493959545,0.98716706,0.0027346467
1575.67403827191,1575.67403827191,0.98825663,0.0027365673
1575.6754271480982,1575.6754271480982,0.98853403,0.0027328858
1575.676816024053,1575.676816024053,0.9892041,0.0027458693
1575.678204900008,1575.678204900008,0.989357,0.0027441639
1575.6795937761965,1575.6795937761965,0.9842476,0.0027322338
1575.6809826521521,1575.6809826521521,0.98754877,0.0027351982
1575.682371528107,1575.682371528107,0.9881862,0.0027326872
1575.683760404062,1575.683760404062,0.987722,0.0027309032
1575.6851492802502,1575.6851492802502,0.9902339,0.002752626
1575.6865381562052,1575.6865381562052,0.98472035,0.0027306858
1575.6879270321601,1575.6879270321601,0.98412484,0.0027309633
1575.6893159081155,1575.6893159081155,0.9876374,0.002736746
1575.6907047843042,1575.6907047843042,0.9876734,0.0027318997
1575.692093660259,1575.692093660259,0.9845447,0.0027316322
1575.6934825362137,1575.6934825362137,0.98557305,0.0027277996
1575.6948714121695,1575.6948714121695,0.9871047,0.0027285866
1575.696260288125,1575.696260288125,0.9871752,0.002730813
1575.6976491643127,1575.6976491643127,0.98548996,0.0027274874
1575.6990380402676,1575.6990380402676,0.9882981,0.002745279
1575.700426916223,1575.700426916223,0.9850306,0.00273142
1575.7018157921789,1575.7018157921789,0.98657876,0.0027295277
1575.7032046681336,1575.7032046681336,0.9834685,0.0027316734
1575.7045935440883,1575.7045935440883,0.986791,0.0027331521
1575.7059824200442,1575.7059824200442,0.98635125,0.0027328427
1575.707371296232,1575.707371296232,0.9838631,0.0027293158
1575.7087601721867,1575.7087601721867,0.9829233,0.0027356176
1575.7101490481423,1575.7101490481423,0.98416454,0.002734221
1575.7115379240977,1575.7115379240977,0.98655885,0.002728565
1575.7129268000526,1575.7129268000526,0.9883296,0.0027309842
1575.7143156760076,1575.7143156760076,0.98598075,0.0027304024
1575.7157045519632,1575.7157045519632,0.9872963,0.0027432789
1575.7170934279188,1575.7170934279188,0.98409003,0.0027305444
1575.7184823038738,1575.7184823038738,0.9833816,0.0027325214
1575.7198711798287,1575.7198711798287,0.98164284,0.0027281665
1575.7212600557841,1575.7212600557841,0.98616666,0.0027341947
1575.722648931739,1575.722648931739,0.98605156,0.00274277
1575.724037807694,1575.724037807694,0.9863172,0.0027299868
1575.7254266836494,1575.7254266836494,0.98471385,0.0027278243
1575.726815559605,1575.726815559605,0.9893071,0.0027428754
1575.7282044355597,1575.7282044355597,0.9835514,0.0027338886
1575.7295933115147,1575.7295933115147,0.98612684,0.0027328904
1575.7309821874705,1575.7309821874705,0.98725873,0.0027305046
1575.732371063426,1575.732371063426,0.98676187,0.002729331
1575.7434820710673,1575.7434820710673,0.9862244,0.00272834
1575.744870947022,1575.744870947022,0.98536104,0.0027297565
1575.7462598229777,1575.7462598229777,0.9876181,0.0027343554
1575.747648698933,1575.747648698933,0.98746634,0.0027314117
1575.7490375746552,1575.7490375746552,0.9879134,0.002730827
1575.7504264506101,1575.7504264506101,0.982849,0.0027382383
1575.7518153265655,1575.7518153265655,0.98567164,0.0027333768
1575.7532042025214,1575.7532042025214,0.98431784,0.0027383815
1575.7545930784763,1575.7545930784763,0.98717725,0.0027301495
1575.7559819544313,1575.7559819544313,0.98229915,0.002727232
1575.7573708303867,1575.7573708303867,0.98496014,0.0027305156
1575.7587597061092,1575.7587597061092,0.9831448,0.002736595
1575.7601485820642,1575.7601485820642,0.98357594,0.0027331053
1575.7615374580191,1575.7615374580191,0.9871005,0.0027307535
1575.7629263339747,1575.7629263339747,0.98648936,0.002729106
1575.7643152099295,1575.7643152099295,0.98280865,0.0027432616
1575.7657040856516,1575.7657040856516,0.9839151,0.002741139
1575.767092961608,1575.767092961608,0.98647726,0.0027276254
1575.7684818375642,1575.7684818375642,0.98563385,0.0027275865
1575.7698707135191,1575.7698707135191,0.98980016,0.00273891
1575.771259589474,1575.771259589474,0.9858749,0.002727174
1575.7726484651967,1575.7726484651967,0.9854234,0.0027348609
1575.7740373411525,1575.7740373411525,0.9812527,0.0027275607
1575.7754262171072,1575.7754262171072,0.9815499,0.0027263544
1575.776815092829,1575.776815092829,0.98534346,0.0027338623
1575.778203968785,1575.778203968785,0.9881399,0.0027322073
1575.77959284474,1575.77959284474,0.98903745,0.0027339621
1575.7809817206946,1575.7809817206946,0.9846695,0.0027289123
1575.7823705964174,1575.7823705964174,0.9873763,0.0027301013
1575.7837594723728,1575.7837594723728,0.98520684,0.0027309533
1575.7851483483278,1575.7851483483278,0.9851812,0.0027309787
1575.7865372240499,1575.7865372240499,0.9852121,0.00273797
1575.7879261000053,1575.7879261000053,0.9856305,0.0027293807
1575.7893149759611,1575.7893149759611,0.98673815,0.0027318574
1575.7907038516832,1575.7907038516832,0.9844896,0.0027273102
1575.7920927276382,1575.7920927276382,0.9857304,0.0027427177
1575.7934816035936,1575.7934816035936,0.9868787,0.0027276217
1575.7948704793162,1575.7948704793162,0.9836011,0.0027380323
1575.796259355271,1575.796259355271,0.98922104,0.0027292436
1575.7976482309932,1575.7976482309932,0.9858224,0.002729436
1575.7990371069488,1575.7990371069488,0.9867885,0.0027324064
1575.8004259829036,1575.8004259829036,0.9866258,0.0027315307
1575.8018148586257,1575.8018148586257,0.9835202,0.002728641
1575.8032037345815,1575.8032037345815,0.98610234,0.002731554
1575.804592610304,1575.804592610304,0.9844234,0.0027262827
1575.805981486259,1575.805981486259,0.9874656,0.0027289789
1575.8073703619812,1575.8073703619812,0.9830768,0.0027265528
1575.8087592379366,1575.8087592379366,0.98923236,0.0027331759
1575.8101481138924,1575.8101481138924,0.987392,0.0027405866
1575.8115369896143,1575.8115369896143,0.98531187,0.0027437578
1575.812925865569,1575.812925865569,0.9840409,0.0027300364
1575.814314741292,1575.814314741292,0.9875462,0.0027311277
1575.815703617247,1575.815703617247,0.9870799,0.002728362
1575.8170924929689,1575.8170924929689,0.98434645,0.0027296976
1575.8184813689245,1575.8184813689245,0.98675025,0.0027290545
1575.819870244647,1575.819870244647,0.98795897,0.0027287651
1575.821259120602,1575.821259120602,0.9856922,0.0027336548
1575.8226479963241,1575.8226479963241,0.9856785,0.002731533
1575.8240368720467,1575.8240368720467,0.98534983,0.0027312578
1575.8254257480025,1575.8254257480025,0.98555815,0.0027437038
1575.8268146237247,1575.8268146237247,0.9837688,0.002735176
1575.8282034996794,1575.8282034996794,0.9836595,0.0027328392
1575.8295923754022,1575.8295923754022,0.98313266,0.002728245
1575.8309812513576,1575.8309812513576,0.9891786,0.0027330087
1575.8323701270797,1575.8323701270797,0.98738897,0.0027295714
1575.8337590028018,1575.8337590028018,0.98949164,0.0027402935
1575.8351478787574,1575.8351478787574,0.98397535,0.002731939
1575.8365367544793,1575.8365367544793,0.9865871,0.0027313456
1575.8379256304343,1575.8379256304343,0.9872898,0.0027336148
1575.8393145061573,1575.8393145061573,0.9874199,0.0027317647
1575.8407033818798,1575.8407033818798,0.98635685,0.0027277316
1575.8420922578348,1575.8420922578348,0.9856062,0.0027354725
1575.843481133557,1575.843481133557,0.9843007,0.002744325
1575.8448700092795,1575.8448700092795,0.9872403,0.0027389769
1575.846258885235,1575.846258885235,0.98676354,0.0027290375
1575.847647760957,1575.847647760957,0.9889851,0.0027300399
1575.849036636679,1575.849036636679,0.9908773,0.0027331412
1575.850425512635,1575.850425512635,0.9929922,0.0027296587
1575.851814388357,1575.851814388357,0.99092305,0.002732182
1575.853203264079,1575.853203264079,0.9907138,0.002733219
1575.8545921400346,1575.8545921400346,0.98960274,0.0027317512
1575.8559810157572,1575.8559810157572,0.9931469,0.002746968
1575.8573698914793,1575.8573698914793,0.9914806,0.0027359868
1575.8587587672014,1575.8587587672014,0.9867566,0.0027314883
1575.8601476431568,1575.8601476431568,0.9874798,0.0027293486
1575.8615365188798,1575.8615365188798,0.98996407,0.0027360397
1575.862925394602,1575.862925394602,0.99006975,0.0027324753
1575.8643142703238,1575.8643142703238,0.98461443,0.002727638
1575.8657031462794,1575.8657031462794,0.98857266,0.002733371
1575.867092022002,1575.867092022002,0.9899593,0.002738281
1575.868480897724,1575.868480897724,0.983808,0.0027309288
1575.8698697734462,1575.8698697734462,0.9848054,0.0027283793
1575.871258649169,1575.871258649169,0.9883079,0.0027339729
1575.8726475251237,1575.8726475251237,0.98712605,0.0027471955
1575.8740364008459,1575.8740364008459,0.9865879,0.0027262124
1575.8754252765689,1575.8754252765689,0.9843126,0.0027277402
1575.8768141522914,1575.8768141522914,0.9869455,0.0027437722
1575.8782030280136,1575.8782030280136,0.98815465,0.0027291512
1575.8795919037357,1575.8795919037357,0.9864882,0.0027287723
1575.8809807794582,1575.8809807794582,0.9862476,0.0027297582
1575.8823696554139,1575.8823696554139,0.98591346,0.0027302927
1575.8837585311358,1575.8837585311358,0.9873552,0.0027408358
1575.8851474068579,1575.8851474068579,0.98800904,0.0027296506
1575.886536282581,1575.886536282581,0.9864232,0.0027303128
1575.8879251583028,1575.8879251583028,0.9857383,0.00273696
1575.8893140340247,1575.8893140340247,0.9897027,0.0027327728
1575.8907029097481,1575.8907029097481,0.98673755,0.0027328916
1575.8920917854716,1575.8920917854716,0.9878992,0.0027441552
1575.8934806611937,1575.8934806611937,0.9914139,0.0027295316
1575.8948695369158,1575.8948695369158,0.9889557,0.0027306653
1575.8962584126384,1575.8962584126384,0.98691326,0.002740859
1575.8976472883614,1575.8976472883614,0.9858583,0.002726727
1575.8990361640836,1575.8990361640836,0.98487544,0.0027349298
1575.9004250400383,1575.9004250400383,0.984538,0.0027344942
1575.901813915761,1575.901813915761,0.9867831,0.0027318588
1575.9032027914836,1575.9032027914836,0.9879898,0.0027340208
1575.9045916672058,1575.9045916672058,0.9888639,0.0027336252
1575.9059805429279,1575.9059805429279,0.98762673,0.0027297505
1575.9073694186507,1575.9073694186507,0.98688954,0.0027333742
1575.9087582941397,1575.9087582941397,0.9883226,0.002737534
1575.9101471698618,1575.9101471698618,0.99035007,0.0027453557
1575.9115360455849,1575.9115360455849,0.9831093,0.0027297272
1575.9129249213074,1575.9129249213074,0.9866712,0.002731062
1575.9143137970295,1575.9143137970295,0.9915577,0.0027321358
1575.9157026727516,1575.9157026727516,0.98674667,0.00273063
1575.9170915484742,1575.9170915484742,0.9875451,0.0027339126
1575.918480424197,1575.918480424197,0.99044913,0.0027316476
1575.919869299919,1575.919869299919,0.99530125,0.0027471206
1575.921258175641,1575.921258175641,0.9907956,0.0027446446
1575.922647051364,1575.922647051364,0.98703915,0.0027285996
1575.9240359270866,1575.9240359270866,0.9927816,0.0027345817
1575.9254248028087,1575.9254248028087,0.99008155,0.0027362169
1575.926813678298,1575.926813678298,0.99027306,0.00272984
1575.9282025540206,1575.9282025540206,0.99158776,0.0027338634
1575.9295914297427,1575.9295914297427,0.9872513,0.002741182
1575.9309803054648,1575.9309803054648,0.9909968,0.002742211
1575.9323691811874,1575.9323691811874,0.9879739,0.002744817
1575.9337580569104,1575.9337580569104,0.98834187,0.0027337375
1575.9351469326325,1575.9351469326325,0.991559,0.0027305046
1575.9365358081216,1575.9365358081216,0.98875993,0.0027342269
1575.9379246838444,1575.9379246838444,0.9908052,0.0027305312
1575.939313559567,1575.939313559567,0.99094194,0.002744022
1575.940702435289,1575.940702435289,0.99435925,0.0027420302
1575.9420913110112,1575.9420913110112,0.99328727,0.0027325074
1575.943480186501,1575.943480186501,0.9905805,0.0027453196
1575.944869062223,1575.944869062223,0.99104136,0.0027293274
1575.9462579379451,1575.9462579379451,0.9933705,0.00273517
1575.9476468136681,1575.9476468136681,0.9894837,0.0027398267
1575.9490356891579,1575.9490356891579,0.9928091,0.0027331156
1575.95042456488,1575.95042456488,0.9919573,0.0027302776
1575.951813440602,1575.951813440602,0.9931452,0.002731551
1575.9532023163247,1575.9532023163247,0.9918669,0.0027474125
1575.9545911918146,1575.9545911918146,0.99484134,0.002734473
1575.9559800675365,1575.9559800675365,0.9912967,0.0027441347
1575.9573689432586,1575.9573689432586,0.9922259,0.002733268
1575.9587578187488,1575.9587578187488,0.9940641,0.0027340571
1575.9601466944714,1575.9601466944714,0.99393964,0.0027301272
1575.9615355701935,1575.9615355701935,0.9944069,0.0027379952
1575.9629244456828,1575.9629244456828,0.9882729,0.0027317752
1575.9643133214054,1575.9643133214054,0.99256814,0.0027340422
1575.9657021971275,1575.9657021971275,0.9950419,0.002731045
1575.9670910726168,1575.9670910726168,0.9917377,0.0027324753
1575.9684799483393,1575.9684799483393,0.9953245,0.002744885
1575.9698688240624,1575.9698688240624,0.99474907,0.0027351638
1575.9712576995516,1575.9712576995516,0.9954635,0.0027351081
1575.9726465752735,1575.9726465752735,0.994711,0.0027406598
1575.9740354507635,1575.9740354507635,0.99162596,0.0027466917
1575.975424326486,1575.975424326486,0.9902606,0.002730707
1575.9768132022082,1575.9768132022082,0.9948227,0.0027343482
1575.9782020776975,1575.9782020776975,0.992893,0.0027292487
1575.97959095342,1575.97959095342,0.9928493,0.0027334273
1575.9809798289093,1575.9809798289093,0.99793106,0.0027500167
1575.9823687046314,1575.9823687046314,0.9958364,0.0027432016
1575.9837575801214,1575.9837575801214,0.99336445,0.002745363
1575.9851464558442,1575.9851464558442,0.9940351,0.0027380968
1575.9865353313335,1575.9865353313335,0.99324894,0.002730959
1575.9879242070556,1575.9879242070556,0.9936327,0.0027351135
1575.9893130825453,1575.9893130825453,0.9934729,0.0027293903
1575.9907019582681,1575.9907019582681,0.99058825,0.0027354937
1575.9920908337572,1575.9920908337572,0.9931714,0.00272879
1575.9934797094793,1575.9934797094793,0.99899125,0.002731181
1575.9948685849695,1575.9948685849695,0.9958851,0.0027333382
1575.996257460692,1575.996257460692,0.99670994,0.0027360506
1575.9976463361813,1575.9976463361813,0.9942825,0.0027342427
1575.9990352119034,1575.9990352119034,0.9949617,0.0027402602
1576.0004240873932,1576.0004240873932,0.997305,0.0027327326
1576.0018129631153,1576.0018129631153,0.99666584,0.0027305705
1576.0032018386046,1576.0032018386046,0.9967346,0.0027352057
1576.0045907143272,1576.0045907143272,0.99599373,0.0027496857
1576.0059795898173,1576.0059795898173,0.9961675,0.0027372644
1576.0073684653064,1576.0073684653064,0.9982842,0.0027339517
1576.0087573410283,1576.0087573410283,0.9955172,0.0027356911
1576.0101462165185,1576.0101462165185,0.9983265,0.0027359265
1576.011535092241,1576.011535092241,0.9964605,0.0027399121
1576.0129239677303,1576.0129239677303,0.9975137,0.002734625
1576.0143128432196,1576.0143128432196,0.99358034,0.0027441424
1576.0157017189422,1576.0157017189422,0.99692696,0.0027350052
1576.0170905944315,1576.0170905944315,0.99603665,0.002737564
1576.0184794699207,1576.0184794699207,0.99784654,0.0027324264
1576.0198683456435,1576.0198683456435,0.99762905,0.0027432158
1576.0212572211335,1576.0212572211335,1.0012232,0.0027342236
1576.0226460966232,1576.0226460966232,1.0002185,0.0027373591
1576.0240349723463,1576.0240349723463,0.9990217,0.0027485492
1576.025423847836,1576.025423847836,0.9968456,0.002733766
1576.026812723326,1576.026812723326,0.99564296,0.0027468873
1576.0282015990479,1576.0282015990479,0.99897885,0.0027345505
1576.0295904745371,1576.0295904745371,0.9978582,0.0027323964
1576.0309793500273,1576.0309793500273,0.99973893,0.002736762
1576.032368225517,1576.032368225517,1.0051178,0.002742025
1576.0337571012392,1576.0337571012392,0.9974671,0.002734903
1576.0351459767285,1576.0351459767285,0.9980473,0.0027416237
1576.0365348522182,1576.0365348522182,0.9996603,0.0027432125
1576.0379237277075,1576.0379237277075,0.99977964,0.0027353151
1576.0393126034296,1576.0393126034296,0.9991391,0.0027334448
1576.0407014789193,1576.0407014789193,0.99976397,0.0027465022
1576.0420903544095,1576.0420903544095,0.9958,0.0027367466
1576.0434792298986,1576.0434792298986,0.9976848,0.002733248
1576.0448681053876,1576.0448681053876,0.9965603,0.002735415
1576.0462569811107,1576.0462569811107,1.0073807,0.0027379824
1576.0476458566004,1576.0476458566004,1.0045639,0.002745842
1576.0490347320897,1576.0490347320897,1.0029874,0.0027381182
1576.050423607579,1576.050423607579,1.0024834,0.002737857
1576.0518124830687,1576.0518124830687,1.0034212,0.002733997
1576.053201358559,1576.053201358559,1.0040665,0.0027384583
1576.054590234281,1576.054590234281,1.0011888,0.0027342273
1576.05597910977,1576.05597910977,1.0026149,0.002742027
1576.05736798526,1576.05736798526,0.99901605,0.0027320504
1576.0587568607493,1576.0587568607493,1.0050763,0.0027427867
1576.0601457362386,1576.0601457362386,1.000247,0.0027423587
1576.0615346117283,1576.0615346117283,0.99702096,0.0027351382
1576.062923487218,1576.062923487218,1.0015457,0.0027361996
1576.0643123627074,1576.0643123627074,1.0013478,0.002749162
1576.0657012381967,1576.0657012381967,1.0007766,0.002741742
1576.0670901136868,1576.0670901136868,1.0003673,0.002733416
1576.0684789891766,1576.0684789891766,1.0023984,0.0027403506
1576.0698678648987,1576.0698678648987,1.0020813,0.0027360863
1576.071256740388,1576.071256740388,1.0017875,0.0027369515
1576.0726456158777,1576.0726456158777,1.0023481,0.002742308
1576.074034491367,1576.074034491367,1.0021738,0.0027486093
1576.0754233668563,1576.0754233668563,1.0016788,0.0027390858
1576.076812242346,1576.076812242346,1.0012989,0.0027406856
1576.0782011178362,1576.0782011178362,1.0028522,0.0027490938
1576.0795899933253,1576.0795899933253,1.002443,0.0027385014
1576.0809788688143,1576.0809788688143,1.0010703,0.0027384963
1576.0823677443045,1576.0823677443045,1.0014056,0.0027399308
1576.0837566197943,1576.0837566197943,1.0004996,0.0027523113
1576.0851454952835,1576.0851454952835,1.000358,0.0027326667
1576.0865343707728,1576.0865343707728,1.0026095,0.0027419066
1576.0879232460297,1576.0879232460297,1.0029632,0.0027350138
1576.08931212152,1576.08931212152,1.0011063,0.002735125
1576.0907009970092,1576.0907009970092,0.9991555,0.0027512321
1576.0920898724983,1576.0920898724983,1.0014474,0.002735633
1576.0934787479882,1576.0934787479882,1.0006804,0.0027342073
1576.0948676234775,1576.0948676234775,1.0009477,0.0027372635
1576.0962564989668,1576.0962564989668,0.99850154,0.002743723
1576.0976453744565,1576.0976453744565,1.000772,0.0027357242
1576.0990342499463,1576.0990342499463,1.005441,0.0027378006
1576.1004231254356,1576.1004231254356,1.0026187,0.002740333
1576.101812000692,1576.101812000692,1.0025649,0.002734109
1576.103200876182,1576.103200876182,1.0007864,0.0027410008
1576.104589751672,1576.104589751672,1.0053859,0.0027467278
1576.1059786271612,1576.1059786271612,0.9980719,0.002736949
1576.1073675026505,1576.1073675026505,1.003742,0.0027362811
1576.1087563781402,1576.1087563781402,1.0022199,0.0027448365
1576.1101452533967,1576.1101452533967,1.0025166,0.0027384667
1576.111534128886,1576.111534128886,1.0039139,0.0027374336
1576.1129230043757,1576.1129230043757,1.0019294,0.0027379454
1576.114311879866,1576.114311879866,1.0024719,0.0027336203
1576.115700755355,1576.115700755355,1.0029321,0.00275217
1576.1170896306112,1576.1170896306112,1.002815,0.0027508347
1576.1184785061014,1576.1184785061014,1.0026569,0.0027374236
1576.1198673815911,1576.1198673815911,1.0033604,0.002750223
1576.1212562570804,1576.1212562570804,1.003473,0.002734795
1576.1226451323369,1576.1226451323369,1.0034822,0.002755454
1576.1240340078266,1576.1240340078266,1.0079628,0.0027451466
1576.1254228833168,1576.1254228833168,1.0046912,0.0027619659
1576.1268117588058,1576.1268117588058,1.006672,0.0027489369
1576.128200634062,1576.128200634062,1.0052577,0.0027526643
1576.1295895095523,1576.1295895095523,1.0041722,0.002737064
1576.1309783850415,1576.1309783850415,1.0033619,0.0027372933
1576.132367260298,1576.132367260298,1.0031897,0.0027400395
1576.1337561357877,1576.1337561357877,1.005234,0.0027422197
1576.1351450112775,1576.1351450112775,1.0046667,0.002735521
1576.136533886534,1576.136533886534,1.0053364,0.0027446633
1576.1379227620232,1576.1379227620232,1.0015482,0.002750253
1576.1393116375132,1576.1393116375132,1.0073127,0.0027400218
1576.1407005127703,1576.1407005127703,1.0066905,0.0027415839
1576.1420893882596,1576.1420893882596,1.005651,0.0027388467
1576.1434782637489,1576.1434782637489,1.0002742,0.002743372
1576.1448671390058,1576.1448671390058,1.0019817,0.0027364125
1576.146256014495,1576.146256014495,1.0045264,0.0027378006
1576.1476448897515,1576.1476448897515,1.0035301,0.0027415827
1576.1490337652413,1576.1490337652413,1.0065483,0.0027368001
1576.1504226407314,1576.1504226407314,1.0019332,0.0027352953
1576.1518115159877,1576.1518115159877,1.0039464,0.0027544592
1576.1532003914767,1576.1532003914767,1.0101615,0.0027380614
1576.154589266734,1576.154589266734,1.0089712,0.0027408071
1576.1559781422238,1576.1559781422238,1.005382,0.002732654
1576.1573670174803,1576.1573670174803,1.0070282,0.0027355175
1576.1587558929696,1576.1587558929696,1.0056278,0.0027385957
1576.1601447682265,1576.1601447682265,1.0046973,0.0027586063
1576.1615336437167,1576.1615336437167,1.0070853,0.0027377715
1576.162922518973,1576.162922518973,1.0069242,0.0027421624
1576.164311394462,1576.164311394462,1.003639,0.0027399792
1576.1657002697193,1576.1657002697193,1.0063626,0.0027401217
1576.167089145209,1576.167089145209,1.0084455,0.0027424209
1576.1684780204664,1576.1684780204664,1.0084295,0.0027414518
1576.1698668959561,1576.1698668959561,1.0075458,0.0027496293
1576.171255771213,1576.171255771213,1.0050997,0.002737526
1576.1726446467023,1576.1726446467023,1.0049509,0.002740285
1576.1740335219588,1576.1740335219588,1.0066441,0.0027386346
1576.1754223974488,1576.1754223974488,1.007704,0.002739243
1576.176811272706,1576.176811272706,1.0078664,0.0027440616
1576.1782001481952,1576.1782001481952,1.0092038,0.0027400723
1576.1795890234516,1576.1795890234516,1.0081689,0.002743945
1576.1809778987085,1576.1809778987085,1.0067955,0.0027391873
1576.1823667741985,1576.1823667741985,1.0054227,0.0027442244
1576.1837556494547,1576.1837556494547,1.0081784,0.002741755
1576.185144524944,1576.185144524944,1.0087242,0.002740049
1576.1865334002014,1576.1865334002014,1.0091195,0.0027443427
1576.1879222754576,1576.1879222754576,1.006966,0.0027422935
1576.1893111509467,1576.1893111509467,1.0072033,0.0027386441
1576.190700026204,1576.190700026204,1.0114791,0.0027480887
1576.192088901461,1576.192088901461,1.005471,0.002733951
1576.1934777769502,1576.1934777769502,1.0088174,0.0027403294
1576.1948666522067,1576.1948666522067,1.0069162,0.002748631
1576.1962555274636,1576.1962555274636,1.0095971,0.0027434127
1576.1976444029538,1576.1976444029538,1.0080023,0.0027366513
1576.19903327821,1576.19903327821,1.0081903,0.0027452472
1576.2004221534662,1576.2004221534662,1.0068971,0.002737456
1576.2018110287236,1576.2018110287236,1.0066733,0.0027348427
1576.2031999042129,1576.2031999042129,1.0086049,0.0027385806
1576.2045887794693,1576.2045887794693,1.0110183,0.0027406197
1576.2059776547262,1576.2059776547262,1.0086834,0.002738074
1576.207366530216,1576.207366530216,1.0065073,0.002747458
1576.2087554054724,1576.2087554054724,1.0097299,0.002739109
1576.2101442807289,1576.2101442807289,1.0085166,0.002740022
1576.211533155986,1576.211533155986,1.0091127,0.0027408123
1576.2129220312431,1576.2129220312431,1.0071477,0.0027408132
1576.2143109067324,1576.2143109067324,1.0124568,0.0027397326
1576.2156997819889,1576.2156997819889,1.0116283,0.0027390248
1576.2170886572458,1576.2170886572458,1.0092535,0.0027383263
1576.2184775325027,1576.2184775325027,1.0111493,0.0027628427
1576.2198664077591,1576.2198664077591,1.011326,0.0027387566
1576.2212552832484,1576.2212552832484,1.0064828,0.0027400318
1576.2226441585058,1576.2226441585058,1.0077723,0.0027402155
1576.224033033762,1576.224033033762,1.0126501,0.0027398139
1576.2254219090182,1576.2254219090182,1.0122834,0.002739069
1576.2268107842756,1576.2268107842756,1.0088214,0.0027411783
1576.2281996595325,1576.2281996595325,1.0126315,0.00273943
1576.229588534789,1576.229588534789,1.0089599,0.0027429743
1576.2309774102782,1576.2309774102782,1.0104119,0.0027534638
1576.2323662855351,1576.2323662855351,1.0133363,0.0027468232
1576.2337551607925,1576.2337551607925,1.0083297,0.00274014
1576.2351440360487,1576.2351440360487,1.0117602,0.0027394062
1576.236532911305,1576.236532911305,1.010525,0.0027442803
1576.2379217865623,1576.2379217865623,1.0092463,0.0027394872
1576.2393106618188,1576.2393106618188,1.0077353,0.0027395398
1576.240699537075,1576.240699537075,1.0130025,0.0027429948
1576.2420884123321,1576.2420884123321,1.0100362,0.002738417
1576.243477287589,1576.243477287589,1.0127544,0.0027390968
1576.2448661628455,1576.2448661628455,1.0149093,0.00275069
1576.246255038102,1576.246255038102,1.0090657,0.0027402444
1576.247643913359,1576.247643913359,1.0091602,0.0027374031
1576.2490327886162,1576.2490327886162,1.0131584,0.002739196
1576.2504216638727,1576.2504216638727,1.0125941,0.002738825
1576.251810539129,1576.251810539129,1.0156277,0.0027427687
1576.253199414386,1576.253199414386,1.0095825,0.002743356
1576.254588289643,1576.254588289643,1.0100714,0.0027410323
1576.2559771648994,1576.2559771648994,1.0109456,0.0027397992
1576.2573660401558,1576.2573660401558,1.0115639,0.0027452435
1576.258754915413,1576.258754915413,1.0141206,0.0027420844
1576.2601437906692,1576.2601437906692,1.011573,0.0027400819
1576.2615326659256,1576.2615326659256,1.0166264,0.0027424097
1576.262921541183,1576.262921541183,1.0157603,0.0027393233
1576.26431041644,1576.26431041644,1.0173476,0.0027478342
1576.2656992916964,1576.2656992916964,1.0208939,0.002747701
1576.2670881669528,1576.2670881669528,1.025593,0.002747493
1576.2684770422097,1576.2684770422097,1.0183033,0.0027476286
1576.2698659172343,1576.2698659172343,1.02083,0.0027456437
1576.2712547924905,1576.2712547924905,1.0154881,0.0027439059
1576.2726436677467,1576.2726436677467,1.0140496,0.0027403377
1576.274032543004,1576.274032543004,1.0167811,0.0027461138
1576.2754214182605,1576.2754214182605,1.0155555,0.0027479192
1576.2768102935167,1576.2768102935167,1.0205084,0.0027437033
1576.2781991687739,1576.2781991687739,1.0168821,0.002756156
1576.279588043798,1576.279588043798,1.017165,0.002749225
1576.2809769190544,1576.2809769190544,1.0189351,0.0027536505
1576.2823657943109,1576.2823657943109,1.0154971,0.0027565225
1576.2837546695678,1576.2837546695678,1.0152715,0.0027439275
1576.2851435448251,1576.2851435448251,1.0178624,0.00274359
1576.2865324198488,1576.2865324198488,1.0150769,0.0027443753
1576.2879212951052,1576.2879212951052,1.0118868,0.0027408914
1576.2893101703621,1576.2893101703621,1.015142,0.0027423652
1576.290699045619,1576.290699045619,1.0165489,0.0027490004
1576.2920879206426,1576.2920879206426,1.0144444,0.0027414104
1576.293476795899,1576.293476795899,1.0150288,0.0027464132
1576.2948656711562,1576.2948656711562,1.0136486,0.0027404008
1576.2962545464125,1576.2962545464125,1.0143294,0.002742296
1576.297643421436,1576.297643421436,1.0126041,0.0027406523
1576.2990322966934,1576.2990322966934,1.0162983,0.002740701
1576.3004211719503,1576.3004211719503,1.0164354,0.0027463352
1576.301810046974,1576.301810046974,1.0171405,0.0027438926
1576.3031989222304,1576.3031989222304,1.0141957,0.0027412241
1576.3045877974873,1576.3045877974873,1.0152032,0.0027415778
1576.3059766727447,1576.3059766727447,1.0144655,0.0027427631
1576.307365547768,1576.307365547768,1.0151393,0.0027432293
1576.3087544230243,1576.3087544230243,1.015702,0.002740813
1576.3101432982817,1576.3101432982817,1.0111145,0.002738791
1576.3115321733057,1576.3115321733057,1.0138171,0.0027427508
1576.3129210485622,1576.3129210485622,1.0135199,0.0027508296
1576.3143099235858,1576.3143099235858,1.0126171,0.0027425138
1576.3156987988427,1576.3156987988427,1.0125778,0.0027403487
1576.3170876740992,1576.3170876740992,1.0159144,0.0027540757
1576.3184765491228,1576.3184765491228,1.0164407,0.0027469108
1576.3198654243797,1576.3198654243797,1.012833,0.0027387228
1576.3212542994042,1576.3212542994042,1.0139059,0.0027552475
1576.3226431746607,1576.3226431746607,1.0164582,0.0027472929
1576.3240320499176,1576.3240320499176,1.0163066,0.0027417266
1576.3254209249426,1576.3254209249426,1.0143485,0.0027473224
1576.3268098001995,1576.3268098001995,1.0151445,0.0027429946
1576.3281986752231,1576.3281986752231,1.0164374,0.0027531483
1576.3295875504796,1576.3295875504796,1.0146914,0.0027410882
1576.3309764255039,1576.3309764255039,1.0174195,0.0027469918
1576.33236530076,1576.33236530076,1.0274684,0.002747151
1576.3337541757837,1576.3337541757837,1.023461,0.0027595053
1576.335143051041,1576.335143051041,1.0191696,0.002743131
1576.3365319260652,1576.3365319260652,1.0116441,0.0027455646
1576.3379208013216,1576.3379208013216,1.0172255,0.0027453103
1576.3393096763452,1576.3393096763452,1.0147054,0.0027447017
1576.3406985516021,1576.3406985516021,1.0181391,0.0027425117
1576.3420874266267,1576.3420874266267,1.0184875,0.0027410737
1576.343476301883,1576.343476301883,1.0158837,0.0027438698
1576.3448651769063,1576.3448651769063,1.0165087,0.0027431946
1576.3462540521637,1576.3462540521637,1.0166038,0.0027489932
1576.3476429271877,1576.3476429271877,1.0185093,0.0027551143
1576.3490318022114,1576.3490318022114,1.0172459,0.0027451988
1576.3504206774678,1576.3504206774678,1.0143795,0.0027459427
1576.3518095524919,1576.3518095524919,1.0136447,0.002749584
1576.3531984277483,1576.3531984277483,1.0151136,0.0027406798
1576.354587302772,1576.354587302772,1.0159483,0.002745505
1576.355976177796,1576.355976177796,1.0133958,0.0027499965
1576.3573650530534,1576.3573650530534,1.0132371,0.0027499183
1576.358753928077,1576.358753928077,1.0157553,0.002741331
1576.3601428031004,1576.3601428031004,1.0152364,0.0027509849
1576.3615316783576,1576.3615316783576,1.0157773,0.0027426565
1576.3629205533816,1576.3629205533816,1.0128477,0.0027411191
1576.3643094284052,1576.3643094284052,1.0164202,0.0027427825
1576.3656983036617,1576.3656983036617,1.0137606,0.002740353
1576.367087178686,1576.367087178686,1.0176837,0.0027492915
1576.3684760537094,1576.3684760537094,1.0190568,0.0027585092
1576.3698649289659,1576.3698649289659,1.0155993,0.0027488777
1576.3712538039904,1576.3712538039904,1.0154008,0.0027572585
1576.3726426790145,1576.3726426790145,1.0175273,0.002755568
1576.374031554038,1576.374031554038,1.0145228,0.0027415222
1576.3754204292945,1576.3754204292945,1.015574,0.0027444055
1576.3768093043186,1576.3768093043186,1.0169165,0.00275476
1576.378198179343,1576.378198179343,1.0170822,0.002755311
1576.3795870545991,1576.3795870545991,1.018046,0.002754294
1576.3809759296228,1576.3809759296228,1.0154581,0.0027481208
1576.3823648046473,1576.3823648046473,1.0187649,0.002748482
1576.3837536796714,1576.3837536796714,1.0183458,0.0027589807
1576.385142554695,1576.385142554695,1.0214344,0.0027465231
1576.3865314299514,1576.3865314299514,1.0163145,0.002744053
1576.3879203049755,1576.3879203049755,1.0153124,0.0027409808
1576.3893091799991,1576.3893091799991,1.0204841,0.0027451094
1576.3906980550228,1576.3906980550228,1.0159239,0.0027460007
1576.3920869300468,1576.3920869300468,1.0212535,0.002760178
1576.3934758050714,1576.3934758050714,1.0158677,0.0027475627
1576.3948646803278,1576.3948646803278,1.0144335,0.0027440353
1576.3962535553512,1576.3962535553512,1.0226579,0.0027462302
1576.3976424303755,1576.3976424303755,1.0182351,0.0027434165
1576.3990313053996,1576.3990313053996,1.012894,0.0027411557
1576.4004201804232,1576.4004201804232,1.014739,0.0027534624
1576.4018090554468,1576.4018090554468,1.0142628,0.0027418367
1576.403197930471,1576.403197930471,1.0155989,0.002744822
1576.4045868054945,1576.4045868054945,1.0182217,0.0027499048
1576.4059756805182,1576.4059756805182,1.0142667,0.0027455725
1576.4073645557755,1576.4073645557755,1.0159816,0.002746423
1576.4087534307996,1576.4087534307996,1.0138324,0.0027433564
1576.4101423058232,1576.4101423058232,1.0177537,0.0027580755
1576.4115311808469,1576.4115311808469,1.0160663,0.0027494251
1576.412920055871,1576.412920055871,1.0167627,0.0027631419
1576.4143089308952,1576.4143089308952,1.017475,0.0027428865
1576.4156978059186,1576.4156978059186,1.0151955,0.0027457413
1576.4170866809422,1576.4170866809422,1.0143713,0.002741627
1576.4184755559668,1576.4184755559668,1.0128177,0.002741551
1576.4198644309909,1576.4198644309909,1.014356,0.0027454942
1576.4212533060145,1576.4212533060145,1.0153478,0.0027452034
1576.422642181038,1576.422642181038,1.015113,0.002740527
1576.4240310560622,1576.4240310560622,1.0156989,0.0027420851
1576.4254199310858,1576.4254199310858,1.014104,0.0027448013
1576.4268088061094,1576.4268088061094,1.0183692,0.0027447005
1576.4281976811335,1576.4281976811335,1.0096496,0.0027395778
1576.429586556158,1576.429586556158,1.0132582,0.0027421254
1576.4309754311817,1576.4309754311817,1.0116183,0.0027475443
1576.4323643059722,1576.4323643059722,1.0155221,0.0027431617
1576.4337531809965,1576.4337531809965,1.0155228,0.0027455706
1576.4351420560206,1576.4351420560206,1.0101011,0.0027518235
1576.4365309310442,1576.4365309310442,1.0160737,0.0027428342
1576.4379198060678,1576.4379198060678,1.0156602,0.0027455415
1576.439308681092,1576.439308681092,1.0137286,0.0027452805
1576.4406975561164,1576.4406975561164,1.0169951,0.0027530272
1576.44208643114,1576.44208643114,1.014565,0.0027455029
1576.4434753061635,1576.4434753061635,1.0151206,0.0027488647
1576.444864180955,1576.444864180955,1.0145978,0.0027557688
1576.4462530559786,1576.4462530559786,1.0147523,0.002741378
1576.4476419310022,1576.4476419310022,1.0167847,0.0027434577
1576.4490308060263,1576.4490308060263,1.0125991,0.0027432924
1576.4504196810506,1576.4504196810506,1.0152758,0.0027582382
1576.451808556074,1576.451808556074,1.0156723,0.002742665
1576.4531974308647,1576.4531974308647,1.0148655,0.0027547348
1576.4545863058893,1576.4545863058893,1.0145359,0.0027477327
1576.4559751809134,1576.4559751809134,1.0152209,0.0027445962
1576.457364055937,1576.457364055937,1.0144268,0.0027527406
1576.4587529309606,1576.4587529309606,1.0140707,0.0027443173
1576.4601418057518,1576.4601418057518,1.0162481,0.002740258
1576.4615306807755,1576.4615306807755,1.0132122,0.0027413145
1576.462919555799,1576.462919555799,1.0152334,0.0027599172
1576.4643084308232,1576.4643084308232,1.0116954,0.002744862
1576.4656973056149,1576.4656973056149,1.0156761,0.0027466575
1576.4670861806385,1576.4670861806385,1.0139656,0.0027473303
1576.4684750556619,1576.4684750556619,1.0140303,0.0027418414
1576.4698639304534,1576.4698639304534,1.0117271,0.0027423496
1576.4712528054774,1576.4712528054774,1.0189213,0.0027440349
1576.472641680501,1576.472641680501,1.0147588,0.002746495
1576.4740305552918,1576.4740305552918,1.0143216,0.00274265
1576.475419430316,1576.475419430316,1.0159054,0.002756199
1576.4768083053405,1576.4768083053405,1.0138017,0.0027429867
1576.4781971801312,1576.4781971801312,1.0154867,0.002751072
1576.4795860551546,1576.4795860551546,1.013669,0.002740647
1576.480974930179,1576.480974930179,1.0139349,0.002740883
1576.4823638049697,1576.4823638049697,1.0135251,0.0027474917
1576.4837526799934,1576.4837526799934,1.013316,0.0027471508
1576.4851415550174,1576.4851415550174,1.0147482,0.002744739
1576.486530429809,1576.486530429809,1.0158484,0.002753472
1576.4879193048323,1576.4879193048323,1.015135,0.0027421871
1576.489308179623,1576.489308179623,1.0170212,0.0027707494
1576.4906970546476,1576.4906970546476,1.016334,0.0027577134
1576.4920859296717,1576.4920859296717,1.0144886,0.0027424963
1576.4934748044625,1576.4934748044625,1.0147,0.0027407175
1576.4948636794861,1576.4948636794861,1.0158762,0.0027543954
1576.4962525542774,1576.4962525542774,1.013297,0.0027401552
1576.497641429301,1576.497641429301,1.0141547,0.0027436437
1576.4990303040918,1576.4990303040918,1.0152113,0.0027450428
1576.5004191791168,1576.5004191791168,1.0114734,0.002745527
1576.501808053909,1576.501808053909,1.0169601,0.0027463401
1576.5031969289325,1576.5031969289325,1.0157557,0.002746597
1576.504585803723,1576.504585803723,1.0146868,0.0027554303
1576.5059746787474,1576.5059746787474,1.0129116,0.0027543323
1576.5073635535387,1576.5073635535387,1.0127745,0.0027417955
1576.5087524285623,1576.5087524285623,1.0178171,0.002748006
1576.510141303353,1576.510141303353,1.0164512,0.0027463865
1576.5115301783771,1576.5115301783771,1.016683,0.0027447832
1576.5129190531688,1576.5129190531688,1.013565,0.002747801
1576.5143079281925,1576.5143079281925,1.0170379,0.0027459338
1576.515696802983,1576.515696802983,1.0095453,0.0027549267
1576.5170856777745,1576.5170856777745,1.0142041,0.002740148
1576.5184745527981,1576.5184745527981,1.0126468,0.0027444765
1576.519863427589,1576.519863427589,1.0124683,0.002742942
1576.521252302613,1576.521252302613,1.0123472,0.0027438893
1576.5226411774045,1576.5226411774045,1.0149643,0.0027461273
1576.524030052195,1576.524030052195,1.0143691,0.0027400625
1576.5254189272187,1576.5254189272187,1.0082834,0.0027391515
1576.5268078020104,1576.5268078020104,1.0166066,0.0027471913
1576.5281966768016,1576.5281966768016,1.017579,0.002751099
1576.5295855518252,1576.5295855518252,1.0123177,0.0027449606
1576.530974426616,1576.530974426616,1.0144147,0.0027461422
1576.5323633014073,1576.5323633014073,1.0146903,0.0027410488
1576.5337521764309,1576.5337521764309,1.0140584,0.0027431583
1576.5351410512217,1576.5351410512217,1.014889,0.0027477443
1576.536529926013,1576.536529926013,1.0121286,0.002743826
1576.5379188010374,1576.5379188010374,1.0147953,0.0027475131
1576.539307675828,1576.539307675828,1.0139426,0.0027402684
1576.5406965506186,1576.5406965506186,1.0098406,0.0027524112
1576.542085425643,1576.542085425643,1.013045,0.0027464456
1576.5434743004344,1576.5434743004344,1.0141758,0.002741148
1576.5448631752251,1576.5448631752251,1.013737,0.002742932
1576.546252050016,1576.546252050016,1.0143903,0.0027439145
1576.54764092504,1576.54764092504,1.0153677,0.0027444484
1576.5490297998317,1576.5490297998317,1.0096296,0.0027427583
1576.5504186746225,1576.5504186746225,1.014085,0.002749946
1576.551807549413,1576.551807549413,1.0128694,0.002742373
1576.5531964242045,1576.5531964242045,1.010241,0.002752539
1576.5545852992282,1576.5545852992282,1.0120418,0.0027445257
1576.555974174019,1576.555974174019,1.0146435,0.0027446672
1576.5573630488102,1576.5573630488102,1.0131766,0.0027496552
1576.5587519236014,1576.5587519236014,1.012733,0.002744675
1576.5601407983922,1576.5601407983922,1.0107888,0.0027496777
1576.5615296734159,1576.5615296734159,1.0123371,0.0027528908
1576.5629185482076,1576.5629185482076,1.0097387,0.0027421566
1576.5643074229988,1576.5643074229988,1.0144297,0.0027445008
1576.5656962977896,1576.5656962977896,1.0108638,0.0027437534
1576.5670851725804,1576.5670851725804,1.0137646,0.002745955
1576.5684740473716,1576.5684740473716,1.0117003,0.0027428716
1576.569862922163,1576.569862922163,1.0110371,0.0027380295
1576.5712517969537,1576.5712517969537,1.006788,0.0027388043
1576.5726406717445,1576.5726406717445,1.0133927,0.0027471317
1576.574029546769,1576.574029546769,1.0138669,0.0027399191
1576.5754184215596,1576.5754184215596,1.0118827,0.0027405065
1576.5768072963501,1576.5768072963501,1.0115914,0.0027402344
1576.5781961711418,1576.5781961711418,1.0120705,0.002738812
1576.579585045933,1576.579585045933,1.0150324,0.0027440703
1576.5809739207239,1576.5809739207239,1.0148584,0.0027449746
1576.5823627955147,1576.5823627955147,1.0131973,0.0027412598
1576.583751670306,1576.583751670306,1.0126791,0.002739292
1576.5851405450976,1576.5851405450976,1.0113494,0.0027386157
1576.5865294198884,1576.5865294198884,1.0093334,0.0027398444
1576.587918294679,1576.587918294679,1.0077101,0.0027431822
1576.5893071694704,1576.5893071694704,1.0104734,0.002749582
1576.5906960442612,1576.5906960442612,1.0102054,0.0027435308
1576.592084919052,1576.592084919052,1.0094836,0.002740685
1576.5934737938433,1576.5934737938433,1.0114802,0.0027418192
1576.5948626686345,1576.5948626686345,1.007973,0.002741764
1576.5962515434253,1576.5962515434253,1.0149274,0.0027440782
1576.597640418216,1576.597640418216,1.0114528,0.0027412805
1576.5990292930076,1576.5990292930076,1.0071174,0.0027541188
1576.600418167799,1576.600418167799,1.0156821,0.0027420546
1576.601807042357,1576.601807042357,1.0113043,0.0027463182
1576.6031959171478,1576.6031959171478,1.0120088,0.0027421247
1576.604584791939,1576.604584791939,1.0104892,0.0027410341
1576.6059736667305,1576.6059736667305,1.0091559,0.0027390518
1576.607362541521,1576.607362541521,1.0136787,0.0027518903
1576.6087514163119,1576.6087514163119,1.0109518,0.0027443327
1576.6101402911036,1576.6101402911036,1.0116148,0.002739127
1576.6115291658941,1576.6115291658941,1.0111799,0.0027442605
1576.6129180404519,1576.6129180404519,1.0100987,0.0027433913
1576.6143069152436,1576.6143069152436,1.0106695,0.0027385154
1576.6156957900348,1576.6156957900348,1.0090777,0.0027397843
1576.6170846648256,1576.6170846648256,1.0060256,0.002741787
1576.6184735396164,1576.6184735396164,1.0117773,0.002760735
1576.6198624144076,1576.6198624144076,1.012917,0.0027429713
1576.6212512889665,1576.6212512889665,1.0119917,0.0027470808
1576.622640163757,1576.622640163757,1.0081034,0.0027384716
1576.6240290385476,1576.6240290385476,1.0080873,0.0027405522
1576.6254179133393,1576.6254179133393,1.0112574,0.0027484824
1576.6268067878973,1576.6268067878973,1.0077804,0.002740257
1576.628195662688,1576.628195662688,1.0132457,0.0027526708
1576.6295845374793,1576.6295845374793,1.0109432,0.0027423794
1576.6309734122706,1576.6309734122706,1.0128728,0.0027428416
1576.6323622868285,1576.6323622868285,1.0125105,0.0027401135
1576.6337511616193,1576.6337511616193,1.0130264,0.0027425883
1576.6351400364108,1576.6351400364108,1.0079612,0.002739502
1576.6365289112023,1576.6365289112023,1.0098495,0.0027420996
1576.6379177857602,1576.6379177857602,1.0085261,0.0027401093
1576.639306660551,1576.639306660551,1.0098813,0.0027392213
1576.6406955353423,1576.6406955353423,1.0106064,0.0027418933
1576.6420844099007,1576.6420844099007,1.007278,0.002738867
1576.6434732846915,1576.6434732846915,1.0095042,0.0027436065
1576.6448621594823,1576.6448621594823,1.0098162,0.002739131
1576.6462510340411,1576.6462510340411,1.0085841,0.0027366914
1576.6476399088317,1576.6476399088317,1.0053538,0.0027515152
1576.6490287836223,1576.6490287836223,1.0076416,0.0027394376
1576.6504176581811,1576.6504176581811,1.0057224,0.0027392283
1576.6518065329724,1576.6518065329724,1.0110737,0.0027432595
1576.6531954075303,1576.6531954075303,1.007429,0.0027451455
1576.6545842823211,1576.6545842823211,1.0093886,0.0027543486
1576.6559731571124,1576.6559731571124,1.0060389,0.0027447802
1576.6573620316713,1576.6573620316713,1.0099697,0.002752653
1576.6587509064618,1576.6587509064618,1.0089574,0.0027486887
1576.6601397810196,1576.6601397810196,1.0066397,0.00276349
1576.6615286558113,1576.6615286558113,1.0062789,0.0027490864
1576.6629175303692,1576.6629175303692,1.0041358,0.0027411287
1576.6643064051598,1576.6643064051598,1.010583,0.0027379293
1576.6656952799513,1576.6656952799513,1.0072991,0.0027543185
1576.6670841545097,1576.6670841545097,1.0066103,0.0027457802
1576.6684730293005,1576.6684730293005,1.0081241,0.0027520747
1576.6698619038584,1576.6698619038584,1.004881,0.0027492035
1576.67125077865,1576.67125077865,1.0048403,0.0027375466
1576.6726396532085,1576.6726396532085,1.0020174,0.0027382993
1576.6740285279993,1576.6740285279993,1.0076723,0.0027414847
1576.6754174025573,1576.6754174025573,1.0072298,0.0027406644
1576.6768062771157,1576.6768062771157,1.006883,0.002737807
1576.678195151907,1576.678195151907,1.0061016,0.0027532584
1576.679584026465,1576.679584026465,1.004759,0.002738757
1576.6809729012557,1576.6809729012557,1.0053383,0.0027376458
1576.6823617758143,1576.6823617758143,1.0066042,0.0027490624
1576.683750650605,1576.683750650605,1.0068543,0.0027400237
1576.6851395251629,1576.6851395251629,1.0032539,0.0027397603
1576.6865283997217,1576.6865283997217,1.0064421,0.002740368
1576.687917274513,1576.687917274513,1.005758,0.0027373987
1576.689306149071,1576.689306149071,1.0045209,0.0027358476
1576.6906950238617,1576.6906950238617,1.0032872,0.0027399089
1576.6920838984202,1576.6920838984202,1.0015441,0.0027386225
1576.693472772979,1576.693472772979,1.0073165,0.0027369699
1576.6948616477696,1576.6948616477696,1.0043986,0.002739269
1576.6962505223273,1576.6962505223273,1.0062295,0.002751418
1576.6976393968862,1576.6976393968862,1.0029314,0.002739129
1576.6990282716774,1576.6990282716774,1.0022994,0.002749639
1576.7004171462354,1576.7004171462354,1.0046029,0.0027366325
1576.7018060207934,1576.7018060207934,1.0052617,0.0027402067
1576.7031948955846,1576.7031948955846,1.0033014,0.0027637568
1576.7045837701435,1576.7045837701435,1.0038993,0.0027354665
1576.705972644702,1576.705972644702,1.0040681,0.0027368057
1576.7073615192605,1576.7073615192605,1.0067563,0.0027390302
1576.708750394052,1576.708750394052,1.0009124,0.0027406483
1576.71013926861,1576.71013926861,1.0035717,0.0027383275
1576.711528143168,1576.711528143168,1.0038131,0.002754847
1576.7129170179592,1576.7129170179592,1.0011505,0.0027382826
1576.7143058925176,1576.7143058925176,1.0011102,0.0027385498
1576.7156947670755,1576.7156947670755,1.0006803,0.0027372786
1576.7170836416335,1576.7170836416335,1.0024606,0.002738033
1576.7184725161922,1576.7184725161922,1.0052035,0.0027393533
1576.7198613909827,1576.7198613909827,1.004626,0.0027523334
1576.7212502655407,1576.7212502655407,1.0016443,0.0027396672
1576.7226391400995,1576.7226391400995,1.0040632,0.002739233
1576.724028014658,1576.724028014658,1.0057138,0.002746335
1576.725416889216,1576.725416889216,1.0022912,0.0027391517
1576.7268057640067,1576.7268057640067,1.000672,0.002734675
1576.7281946385651,1576.7281946385651,0.998348,0.0027421047
1576.729583513124,1576.729583513124,1.0050689,0.0027399294
1576.7309723876817,1576.7309723876817,1.0016521,0.0027368676
1576.7323612622395,1576.7323612622395,1.0021621,0.0027383037
1576.7337501367983,1576.7337501367983,1.0024687,0.002734891
1576.7351390113568,1576.7351390113568,1.003004,0.0027364774
1576.7365278859147,1576.7365278859147,0.9980983,0.0027356963
1576.7379167604727,1576.7379167604727,1.0005386,0.002749717
1576.739305635264,1576.739305635264,0.99946135,0.0027361093
1576.7406945098219,1576.7406945098219,1.001777,0.0027372092
1576.7420833843798,1576.7420833843798,1.0018085,0.0027387328
1576.7434722589383,1576.7434722589383,0.9996561,0.0027368828
1576.7448611334971,1576.7448611334971,1.0027822,0.0027367757
1576.746250008055,1576.746250008055,1.0009921,0.002746461
1576.747638882613,1576.747638882613,1.0010875,0.002738754
1576.7490277571715,1576.7490277571715,1.0020263,0.0027391876
1576.7504166317299,1576.7504166317299,1.0045097,0.0027391245
1576.7518055062878,1576.7518055062878,0.9998549,0.0027388847
1576.7531943808458,1576.7531943808458,1.0014526,0.0027356746
1576.7545832554044,1576.7545832554044,1.0026793,0.0027522256
1576.7559721299622,1576.7559721299622,1.0014517,0.0027697869
1576.7573610045201,1576.7573610045201,0.9990506,0.0027378881
1576.758749879079,1576.758749879079,0.99983644,0.0027488049
1576.7601387536374,1576.7601387536374,1.0025022,0.0027419636
1576.7615276281954,1576.7615276281954,0.9999299,0.002734911
1576.7629165027533,1576.7629165027533,0.99983853,0.002739034
1576.7643053773118,1576.7643053773118,1.0020779,0.0027457094
1576.7656942518706,1576.7656942518706,0.9999986,0.0027363796
1576.7670831261955,1576.7670831261955,1.0004901,0.0027371433
1576.7684720007533,1576.7684720007533,1.0021526,0.0027377075
1576.7698608753121,1576.7698608753121,0.998115,0.0027319165
1576.7712497498705,1576.7712497498705,0.9993028,0.0027347365
1576.7726386244285,1576.7726386244285,1.0007702,0.002739774
1576.7740274989865,1576.7740274989865,0.9992939,0.0027409883
1576.7754163735449,1576.7754163735449,0.9975973,0.0027319856
1576.7768052481028,1576.7768052481028,0.9971654,0.0027339065
1576.778194122428,1576.778194122428,0.99802583,0.0027350264
1576.7795829969864,1576.7795829969864,1.0006402,0.0027343994
1576.7809718715453,1576.7809718715453,1.0008935,0.002736884
1576.7823607461032,1576.7823607461032,0.99955374,0.002746073
1576.7837496206612,1576.7837496206612,0.9965263,0.0027445
1576.7851384952196,1576.7851384952196,0.99935,0.00273973
1576.7865273695452,1576.7865273695452,0.99477655,0.0027344755
1576.7879162441031,1576.7879162441031,0.9968905,0.0027326008
1576.789305118661,1576.789305118661,0.9976951,0.0027353042
1576.7906939932197,1576.7906939932197,0.99586457,0.0027436295
1576.7920828675447,1576.7920828675447,0.9939249,0.0027329207
1576.7934717421026,1576.7934717421026,0.9968896,0.0027337605
1576.7948606166615,1576.7948606166615,0.99578065,0.0027347135
1576.79624949122,1576.79624949122,0.99658304,0.00274595
1576.797638365545,1576.797638365545,0.99759567,0.0027352006
1576.799027240103,1576.799027240103,0.99950874,0.0027526584
1576.8004161146614,1576.8004161146614,0.9987869,0.0027339
1576.8018049892203,1576.8018049892203,0.9982388,0.002747726
1576.8031938635452,1576.8031938635452,0.9973639,0.0027400001
1576.804582738103,1576.804582738103,0.99696267,0.002736232
1576.8059716126618,1576.8059716126618,0.99513495,0.002739617
1576.8073604869874,1576.8073604869874,0.99753475,0.0027371095
1576.8087493615453,1576.8087493615453,0.9968531,0.0027395063
1576.8101382361033,1576.8101382361033,0.99632674,0.002731784
1576.8115271104289,1576.8115271104289,0.997118,0.0027399526
1576.8129159849868,1576.8129159849868,0.9945806,0.002737202
1576.8143048595448,1576.8143048595448,0.9981312,0.0027465168
1576.8156937338704,1576.8156937338704,0.9944605,0.0027329614
1576.8170826084292,1576.8170826084292,0.9935871,0.0027319207
1576.8184714827544,1576.8184714827544,0.99782646,0.0027454013
1576.819860357312,1576.819860357312,0.9942282,0.0027362313
1576.8212492318708,1576.8212492318708,0.996513,0.0027332075
1576.8226381061963,1576.8226381061963,0.9988989,0.0027485292
1576.8240269807543,1576.8240269807543,0.9997821,0.002738378
1576.8254158550794,1576.8254158550794,0.99777645,0.0027347973
1576.826804729638,1576.826804729638,0.99431235,0.0027339105
1576.8281936039639,1576.8281936039639,0.9972969,0.0027463797
1576.8295824785218,1576.8295824785218,0.99356985,0.00274242
1576.830971352847,1576.830971352847,0.9960839,0.002734702
1576.8323602274054,1576.8323602274054,0.9968016,0.0027349128
1576.8337491017305,1576.8337491017305,0.99669015,0.0027463639
1576.8351379762885,1576.8351379762885,0.9988511,0.002735033
1576.836526850614,1576.836526850614,0.99786526,0.00273244
1576.8379157251727,1576.8379157251727,0.9949582,0.0027351957
1576.8393045994976,1576.8393045994976,0.9960877,0.0027350697
1576.8406934740556,1576.8406934740556,0.9952081,0.00273832
1576.8420823483816,1576.8420823483816,0.99445224,0.002736552
1576.84347122294,1576.84347122294,0.99399465,0.0027368753
1576.8448600972652,1576.8448600972652,0.99510354,0.0027468738
1576.8462489718231,1576.8462489718231,0.99280924,0.0027356327
1576.8476378461487,1576.8476378461487,0.99275374,0.0027353296
1576.8490267204738,1576.8490267204738,0.9990731,0.0027378085
1576.8504155950318,1576.8504155950318,0.99927765,0.0027387894
1576.8518044693574,1576.8518044693574,0.99279284,0.0027319521
1576.8531933439162,1576.8531933439162,0.99213856,0.0027452253
1576.8545822182414,1576.8545822182414,0.99301815,0.0027343302
1576.8559710925663,1576.8559710925663,0.99635834,0.00273386
1576.857359967125,1576.857359967125,0.9961411,0.0027370264
1576.8587488414505,1576.8587488414505,0.99470085,0.0027317996
1576.8601377157756,1576.8601377157756,0.99474704,0.0027322446
1576.8615265903336,1576.8615265903336,0.9927863,0.0027310292
1576.8629154646592,1576.8629154646592,0.99216753,0.002730705
1576.8643043389852,1576.8643043389852,0.9908354,0.0027338539
1576.8656932135432,1576.8656932135432,0.98920494,0.0027317917
1576.8670820878683,1576.8670820878683,0.9961483,0.0027361512
1576.868470962194,1576.868470962194,0.9934474,0.0027394588
1576.8698598367519,1576.8698598367519,0.99008286,0.002733398
1576.871248711077,1576.871248711077,0.9897697,0.0027328045
1576.8726375854026,1576.8726375854026,0.9948233,0.002733555
1576.8740264597284,1576.8740264597284,0.9912169,0.0027336911
1576.8754153342861,1576.8754153342861,0.98906344,0.0027295658
1576.8768042086112,1576.8768042086112,0.99218607,0.002733193
1576.8781930829373,1576.8781930829373,0.99153394,0.002732358
1576.8795819572629,1576.8795819572629,0.9948545,0.0027435382
1576.8809708318208,1576.8809708318208,0.9899898,0.0027311316
1576.882359706146,1576.882359706146,0.9941193,0.002735053
1576.8837485804715,1576.8837485804715,0.99495,0.0027402847
1576.8851374547967,1576.8851374547967,0.98931855,0.0027334725
1576.8865263291218,1576.8865263291218,0.9904559,0.0027441867
1576.8879152036802,1576.8879152036802,0.99561447,0.0027410036
1576.8893040780063,1576.8893040780063,0.9918552,0.002733014
1576.8906929523314,1576.8906929523314,0.9941456,0.0027338583
1576.8920818266563,1576.8920818266563,0.98987114,0.0027332997
1576.893470700982,1576.893470700982,0.9883302,0.0027444188
1576.8948595753077,1576.8948595753077,0.9936544,0.002733392
1576.8962484496328,1576.8962484496328,0.9901126,0.0027332734
1576.8976373241908,1576.8976373241908,0.9914167,0.0027384802
1576.8990261985164,1576.8990261985164,0.992132,0.002732148
1576.9004150728424,1576.9004150728424,0.990825,0.002734874
1576.9018039471675,1576.9018039471675,0.9938883,0.0027324315
1576.9031928214924,1576.9031928214924,0.99162525,0.0027298196
1576.9045816958183,1576.9045816958183,0.9886813,0.0027318087
1576.9059705701434,1576.9059705701434,0.9891806,0.0027475494
1576.9073594444685,1576.9073594444685,0.98891205,0.002734789
1576.908748318794,1576.908748318794,0.9917724,0.0027349226
1576.91013719312,1576.91013719312,0.9911879,0.0027310883
1576.9115260674448,1576.9115260674448,0.9897859,0.0027385128
1576.91291494177,1576.91291494177,0.99035555,0.0027328227
1576.914303816096,1576.914303816096,0.99157983,0.0027335396
1576.9156926904216,1576.9156926904216,0.9904919,0.0027373827
1576.9170815647467,1576.9170815647467,0.9934723,0.0027378255
1576.9184704390718,1576.9184704390718,0.99102443,0.0027323088
1576.9198593133974,1576.9198593133974,0.9891945,0.0027299596
1576.9212481877225,1576.9212481877225,0.99259496,0.002744627
1576.9226370620477,1576.9226370620477,0.98747325,0.0027325677
1576.9240259363733,1576.9240259363733,0.99217254,0.002735252
1576.9254148106993,1576.9254148106993,0.98654616,0.0027511842
1576.9268036850242,1576.9268036850242,0.9925087,0.0027315302
1576.928192559349,1576.928192559349,0.98636174,0.0027317333
1576.9295814336751,1576.9295814336751,0.98526937,0.0027306073
1576.9309703080007,1576.9309703080007,0.9871302,0.002732999
1576.9323591823259,1576.9323591823259,0.991457,0.0027337626
1576.933748056651,1576.933748056651,0.986904,0.0027316322
1576.9351369307437,1576.9351369307437,0.9858547,0.002732533
1576.9365258050698,1576.9365258050698,0.98693097,0.002729416
1576.937914679395,1576.937914679395,0.98615414,0.0027299868
1576.9393035537198,1576.9393035537198,0.9882662,0.0027302802
1576.9406924280456,1576.9406924280456,0.98983043,0.0027326983
1576.9420813023708,1576.9420813023708,0.98702705,0.0027358618
1576.9434701766959,1576.9434701766959,0.9877389,0.0027300152
1576.9448590507886,1576.9448590507886,0.9872904,0.0027331167
1576.9462479251142,1576.9462479251142,0.98851943,0.0027438973
1576.9476367994394,1576.9476367994394,0.98827595,0.0027312047
1576.9490256737645,1576.9490256737645,0.9886701,0.0027300352
1576.9504145480905,1576.9504145480905,0.9880968,0.0027342704
1576.9518034221833,1576.9518034221833,0.98530734,0.0027298797
1576.9531922965084,1576.9531922965084,0.98570466,0.0027270883
1576.9545811708335,1576.9545811708335,0.98888314,0.0027305158
1576.9559700451591,1576.9559700451591,0.98472244,0.002734283
1576.9573589192528,1576.9573589192528,0.9869166,0.002733424
1576.9587477935784,1576.9587477935784,0.9863118,0.0027361293
1576.9601366679035,1576.9601366679035,0.9868749,0.0027296622
1576.9615255422295,1576.9615255422295,0.98875695,0.0027342609
1576.9629144163216,1576.9629144163216,0.9875213,0.0027363056
1576.9643032906465,1576.9643032906465,0.9877721,0.0027331307
1576.9656921649726,1576.9656921649726,0.98763984,0.002734135
1576.9670810390653,1576.9670810390653,0.9839224,0.0027299414
1576.9684699133904,1576.9684699133904,0.9844914,0.00273592
1576.9698587877156,1576.9698587877156,0.98215747,0.0027298236
1576.9712476618083,1576.9712476618083,0.9842395,0.0027438132
1576.9726365361344,1576.9726365361344,0.9870211,0.0027313554
1576.9740254104595,1576.9740254104595,0.9861229,0.002733772
1576.9754142845516,1576.9754142845516,0.98871547,0.002733325
1576.9768031588774,1576.9768031588774,0.98877645,0.002731849
1576.9781920332025,1576.9781920332025,0.98278165,0.0027320073
1576.9795809072948,1576.9795809072948,0.9883987,0.002730873
1576.9809697816204,1576.9809697816204,0.9865979,0.002732042
1576.9823586557131,1576.9823586557131,0.99057525,0.0027462444
1576.9837475300383,1576.9837475300383,0.98624176,0.0027316697
1576.9851364043634,1576.9851364043634,0.98579526,0.002729441
1576.9865252784566,1576.9865252784566,0.9829376,0.0027433224
1576.9879141527822,1576.9879141527822,0.9866067,0.0027307912
1576.9893030268745,1576.9893030268745,0.98667157,0.0027324194
1576.9906919011996,1576.9906919011996,0.9835946,0.0027283283
1576.9920807752924,1576.9920807752924,0.9899323,0.0027368425
1576.9934696496182,1576.9934696496182,0.9860048,0.0027437804
1576.9948585237103,1576.9948585237103,0.9841201,0.0027293654
1576.9962473980354,1576.9962473980354,0.98605156,0.0027313689
1576.9976362721286,1576.9976362721286,0.982425,0.002728712
1576.9990251464535,1576.9990251464535,0.98754096,0.0027551653
1577.0004140205456,1577.0004140205456,0.9857724,0.002735037
1577.0018028948716,1577.0018028948716,0.98334265,0.0027281255
1577.0031917689644,1577.0031917689644,0.9853716,0.002748633
1577.0045806432895,1577.0045806432895,0.98475236,0.002731143
1577.0059695173818,1577.0059695173818,0.9839344,0.0027257167
1577.0073583917074,1577.0073583917074,0.98330986,0.0027274461
1577.0087472658006,1577.0087472658006,0.9871495,0.0027321794
1577.010136139893,1577.010136139893,0.98393244,0.0027259681
1577.0115250142178,1577.0115250142178,0.9853472,0.0027348832
1577.0129138883108,1577.0129138883108,0.9821448,0.002727199
1577.014302762636,1577.014302762636,0.9820562,0.0027370155
1577.0156916367282,1577.0156916367282,0.98417586,0.0027335072
1577.017080510821,1577.017080510821,0.9824728,0.0027261374
1577.0184693851465,1577.0184693851465,0.98915094,0.0027457762
1577.0198582592388,1577.0198582592388,0.9863755,0.002731618
1577.021247133564,1577.021247133564,0.98363125,0.002732006
1577.022636007657,1577.022636007657,0.9852315,0.002729694
1577.02402488175,1577.02402488175,0.9846987,0.0027270666
1577.025413756075,1577.025413756075,0.98232293,0.0027302804
1577.0268026301674,1577.0268026301674,0.98328584,0.0027305523
1577.0281915042601,1577.0281915042601,0.98471516,0.0027295544
1577.029580378353,1577.029580378353,0.98306537,0.0027285398
1577.030969252678,1577.030969252678,0.9855156,0.002742924
1577.0323581267703,1577.0323581267703,0.9821573,0.0027300017
1577.0337470008635,1577.0337470008635,0.98057914,0.0027269046
1577.0351358751884,1577.0351358751884,0.9844738,0.0027313952
1577.0365247492805,1577.0365247492805,0.9832287,0.0027320432
1577.0379136233737,1577.0379136233737,0.98690856,0.002734113
1577.0393024974665,1577.0393024974665,0.9846066,0.0027309686
1577.0406913717916,1577.0406913717916,0.9852092,0.0027270433
1577.0420802458839,1577.0420802458839,0.98747593,0.002731828
1577.0434691199766,1577.0434691199766,0.980889,0.00272782
1577.0448579940698,1577.0448579940698,0.9851196,0.0027314022
1577.046246868162,1577.046246868162,0.9853032,0.0027285109
1577.0476357424868,1577.0476357424868,0.98549485,0.002732975
1577.04902461658,1577.04902461658,0.9863018,0.0027309086
1577.0504134906723,1577.0504134906723,0.9864252,0.0027307929
1577.0518023647646,1577.0518023647646,0.98162216,0.002729739
1577.0531912388574,1577.0531912388574,0.9821358,0.002728199
1577.0545801129501,1577.0545801129501,0.9804577,0.0027301535
1577.0559689870424,1577.0559689870424,0.98419076,0.0027355442
1577.0573578613676,1577.0573578613676,0.9795909,0.0027315752
1577.0587467354605,1577.0587467354605,0.9804453,0.00272738
1577.0601356095535,1577.0601356095535,0.9826455,0.0027332038
1577.0615244836458,1577.0615244836458,0.9840472,0.0027270014
1577.0629133577381,1577.0629133577381,0.982652,0.0027245078
1577.0643022318309,1577.0643022318309,0.98308873,0.0027340613
1577.0656911059236,1577.0656911059236,0.9866448,0.00274226
1577.067079980016,1577.067079980016,0.98393565,0.0027294524
1577.0684688541082,1577.0684688541082,0.98792535,0.0027315544
1577.0698577282014,1577.0698577282014,0.9808832,0.002728202
1577.0712466022935,1577.0712466022935,0.98285383,0.0027445771
1577.0726354763856,1577.0726354763856,0.98720247,0.0027345945
1577.0740243504788,1577.0740243504788,0.98098785,0.0027315924
1577.0754132245715,1577.0754132245715,0.9851479,0.002726248
1577.0768020986638,1577.0768020986638,0.9844358,0.0027318965
1577.0781909727561,1577.0781909727561,0.9857344,0.0027374984
1577.079579846849,1577.079579846849,0.9881468,0.002732779
1577.080968720942,1577.080968720942,0.98278075,0.0027286944
1577.0823575950342,1577.0823575950342,0.98378474,0.002729546
1577.0837464691263,1577.0837464691263,0.9863589,0.0027423033
1577.0851353432195,1577.0851353432195,0.98479086,0.0027269504
1577.0865242173122,1577.0865242173122,0.98243725,0.0027288143
1577.0879130914045,1577.0879130914045,0.9846529,0.0027281288
1577.0893019654968,1577.0893019654968,0.9839373,0.0027272184
1577.0906908395896,1577.0906908395896,0.98155516,0.0027388765
1577.0920797136819,1577.0920797136819,0.981512,0.0027305305
1577.0934685877742,1577.0934685877742,0.98456764,0.0027299344
1577.0948574618672,1577.0948574618672,0.9831708,0.0027272266
1577.0962463359601,1577.0962463359601,0.9821744,0.0027293877
1577.0976352098196,1577.0976352098196,0.9856619,0.0027294296
1577.099024083912,1577.099024083912,0.98089105,0.0027320297
1577.1004129580047,1577.1004129580047,0.9820749,0.0027307023
1577.1018018320974,1577.1018018320974,0.9823128,0.0027356127
1577.1031907061897,1577.1031907061897,0.98399246,0.0027297367
1577.104579580282,1577.104579580282,0.98229563,0.0027291598
1577.1059684543752,1577.1059684543752,0.98502326,0.0027343214
1577.1073573282345,1577.1073573282345,0.9840194,0.0027253062
1577.1087462023265,1577.1087462023265,0.9870558,0.0027309472
1577.1101350764197,1577.1101350764197,0.9889326,0.002730288
1577.1115239505125,1577.1115239505125,0.9897095,0.0027337985
1577.1129128246048,1577.1129128246048,0.98721766,0.0027340797
1577.1143016984643,1577.1143016984643,0.989924,0.0027326816
1577.115690572557,1577.115690572557,0.9849674,0.0027296531
1577.1170794466502,1577.1170794466502,0.9832748,0.0027271463
1577.1184683207423,1577.1184683207423,0.980371,0.002733579
1577.1198571946015,1577.1198571946015,0.9831156,0.002741859
1577.1212460686947,1577.1212460686947,0.9905942,0.0027351826
1577.1226349427875,1577.1226349427875,0.98395115,0.002732279
1577.124023816647,1577.124023816647,0.9868504,0.0027297495
1577.1254126907393,1577.1254126907393,0.9821179,0.0027286632
1577.126801564832,1577.126801564832,0.98235255,0.0027334127
1577.1281904386915,1577.1281904386915,0.9885708,0.0027416232
1577.1295793127838,1577.1295793127838,0.9849486,0.0027311814
1577.1309681868768,1577.1309681868768,0.9829879,0.0027291675
1577.132357060737,1577.132357060737,0.9831191,0.0027322618
1577.1337459348292,1577.1337459348292,0.9837064,0.0027286892
1577.1351348089215,1577.1351348089215,0.9835281,0.0027296573
1577.1365236827814,1577.1365236827814,0.98379606,0.0027332243
1577.1379125568742,1577.1379125568742,0.9801832,0.0027309891
1577.1393014309665,1577.1393014309665,0.9821224,0.0027291246
1577.140690304826,1577.140690304826,0.9833767,0.0027301346
1577.142079178919,1577.142079178919,0.98289084,0.0027254727
1577.1434680527782,1577.1434680527782,0.9857191,0.0027315526
1577.1448569268705,1577.1448569268705,0.98545384,0.0027308671
1577.1462458009637,1577.1462458009637,0.9839247,0.0027307079
1577.1476346748236,1577.1476346748236,0.9811579,0.0027291155
1577.149023548916,1577.149023548916,0.98194414,0.0027392604
1577.1504124227754,1577.1504124227754,0.9893397,0.0027324844
1577.1518012968681,1577.1518012968681,0.98427397,0.00273174
1577.1531901707285,1577.1531901707285,0.9855221,0.0027277013
1577.1545790448206,1577.1545790448206,0.983692,0.0027429464
1577.1559679186798,1577.1559679186798,0.9827761,0.0027288643
1577.157356792773,1577.157356792773,0.985799,0.002728861
1577.158745666633,1577.158745666633,0.98401004,0.0027304292
1577.1601345407253,1577.1601345407253,0.98659796,0.0027429194
1577.1615234145847,1577.1615234145847,0.98549306,0.0027384951
1577.1629122886775,1577.1629122886775,0.9848371,0.002731594
1577.164301162537,1577.164301162537,0.9863911,0.002727553
1577.1656900366293,1577.1656900366293,0.98586804,0.002733015
1577.1670789104892,1577.1670789104892,0.9890566,0.0027388646
1577.1684677843496,1577.1684677843496,0.9837636,0.002745328
1577.1698566584419,1577.1698566584419,0.9847611,0.002730831
1577.1712455323013,1577.1712455323013,0.9861012,0.002730117
1577.172634406394,1577.172634406394,0.9822067,0.0027298308
1577.174023280254,1577.174023280254,0.98531085,0.002729946
1577.1754121541135,1577.1754121541135,0.9848671,0.0027295812
1577.1768010282058,1577.1768010282058,0.98346364,0.002730379
1577.178189902066,1577.178189902066,0.9856862,0.002747416
1577.179578776158,1577.179578776158,0.9841465,0.00274339
1577.1809676500175,1577.1809676500175,0.9833455,0.0027334404
1577.1823565238778,1577.1823565238778,0.9851935,0.0027278361
1577.1837453979706,1577.1837453979706,0.98544616,0.0027318036
1577.18513427183,1577.18513427183,0.9821887,0.00272956
1577.1865231456895,1577.1865231456895,0.9879134,0.0027426712
1577.1879120197823,1577.1879120197823,0.98366636,0.002733068
1577.1893008936427,1577.1893008936427,0.98577064,0.002727425
1577.190689767502,1577.190689767502,0.98499584,0.0027429862
1577.1920786413611,1577.1920786413611,0.9856383,0.0027330243
1577.1934675154544,1577.1934675154544,0.987148,0.0027335691
1577.1948563893143,1577.1948563893143,0.9848687,0.0027290308
1577.1962452631738,1577.1962452631738,0.98776907,0.002729601
1577.1976341370332,1577.1976341370332,0.9870379,0.0027326162
1577.199023011126,1577.199023011126,0.9849815,0.0027435345
1577.2004118849854,1577.2004118849854,0.9847902,0.002749085
1577.201800758845,1577.201800758845,0.98782593,0.0027430768
1577.2031896327048,1577.2031896327048,0.9848189,0.0027493269
1577.204578506798,1577.204578506798,0.98626286,0.0027311589
1577.2059673806575,1577.2059673806575,0.98546267,0.0027371035
1577.2073562545168,1577.2073562545168,0.9881937,0.00274031
1577.208745128377,1577.208745128377,0.988996,0.0027393398
1577.2101340022368,1577.2101340022368,0.9836343,0.0027293453
1577.2115228760963,1577.2115228760963,0.9908147,0.0027348548
1577.2129117501886,1577.2129117501886,0.9873051,0.0027302615
1577.2143006240487,1577.2143006240487,0.98746914,0.0027390672
1577.215689497909,1577.215689497909,0.98785317,0.0027380441
1577.2170783717684,1577.2170783717684,0.9850056,0.0027312387
1577.2184672456278,1577.2184672456278,0.98170006,0.002727599
1577.2198561194878,1577.2198561194878,0.99041605,0.0027315242
1577.2212449933472,1577.2212449933472,0.99136996,0.0027406672
1577.2226338672067,1577.2226338672067,0.9853354,0.0027371473
1577.2240227410666,1577.2240227410666,0.9851924,0.002728676
1577.2254116149268,1577.2254116149268,0.98817873,0.0027458859
1577.2268004890188,1577.2268004890188,0.98572546,0.002753265
1577.2281893628783,1577.2281893628783,0.9882681,0.0027337137
1577.2295782367387,1577.2295782367387,0.9857826,0.002734009
1577.2309671105986,1577.2309671105986,0.9860864,0.0027329263
1577.232355984458,1577.232355984458,0.98676413,0.0027378784
1577.2337448583176,1577.2337448583176,0.98580635,0.0027476226
1577.2351337321775,1577.2351337321775,0.98853725,0.0027306112
1577.236522606037,1577.236522606037,0.98606145,0.0027316017
1577.2379114798964,1577.2379114798964,0.98984224,0.0027364928
1577.2393003537563,1577.2393003537563,0.9869166,0.0027343195
1577.2406892276167,1577.2406892276167,0.9885533,0.0027330888
1577.2420781014762,1577.2420781014762,0.98718625,0.0027307998
1577.2434669753354,1577.2434669753354,0.98809546,0.0027414293
1577.2448558489627,1577.2448558489627,0.988341,0.0027369144
1577.2462447228227,1577.2462447228227,0.98882216,0.0027485252
1577.2476335966821,1577.2476335966821,0.9884213,0.0027329377
1577.2490224705416,1577.2490224705416,0.98701376,0.002738027
1577.2504113444015,1577.2504113444015,0.9888702,0.0027455492
1577.251800218262,1577.251800218262,0.9885465,0.002732166
1577.2531890921214,1577.2531890921214,0.99215084,0.0027347682
1577.2545779659808,1577.2545779659808,0.9914653,0.0027306795
1577.2559668398408,1577.2559668398408,0.9850015,0.0027385452
1577.2573557137002,1577.2573557137002,0.9902853,0.0027319603
1577.2587445873269,1577.2587445873269,0.9900991,0.0027421804
1577.2601334611868,1577.2601334611868,0.9925448,0.0027370898
1577.261522335047,1577.261522335047,0.9935558,0.0027341263
1577.2629112089062,1577.2629112089062,0.9903927,0.0027302362
1577.2643000827657,1577.2643000827657,0.98948413,0.002739968
1577.265688956626,1577.265688956626,0.9920886,0.0027324536
1577.2670778302531,1577.2670778302531,0.9936689,0.0027356609
1577.2684667041126,1577.2684667041126,0.99196863,0.002736451
1577.269855577972,1577.269855577972,0.9921031,0.0027353698
1577.271244451832,1577.271244451832,0.9887717,0.002733235
1577.2726333256915,1577.2726333256915,0.9929365,0.0027309386
1577.274022199318,1577.274022199318,0.99156505,0.0027375983
1577.275411073178,1577.275411073178,0.99008304,0.0027302857
1577.2767999470384,1577.2767999470384,0.99208057,0.0027297714
1577.2781888208979,1577.2781888208979,0.9932982,0.002733924
1577.2795776945243,1577.2795776945243,0.9955889,0.002736727
1577.2809665683844,1577.2809665683844,1.004356,0.0027378756
1577.2823554422444,1577.2823554422444,0.9968728,0.0027348823
1577.283744315871,1577.283744315871,0.9983091,0.0027344604
1577.2851331897305,1577.2851331897305,0.9949438,0.0027323288
1577.2865220635904,1577.2865220635904,0.995,0.0027340357
1577.287910937218,1577.287910937218,0.9929961,0.002735049
1577.2892998110774,1577.2892998110774,0.9969417,0.0027354485
1577.2906886849366,1577.2906886849366,0.99366456,0.0027452393
1577.292077558564,1577.292077558564,0.99704164,0.0027336103
1577.2934664324234,1577.2934664324234,0.99500674,0.0027455976
1577.294855306283,1577.294855306283,0.9975598,0.0027410665
1577.29624417991,1577.29624417991,0.9920477,0.0027336995
1577.2976330537701,1577.2976330537701,0.9948674,0.0027351824
1577.2990219273966,1577.2990219273966,0.9989727,0.0027366027
1577.300410801256,1577.300410801256,0.9973936,0.002747183
1577.3017996751164,1577.3017996751164,0.99797857,0.0027390216
1577.3031885487435,1577.3031885487435,0.995004,0.0027355808
1577.304577422603,1577.304577422603,0.99687815,0.0027524284
1577.3059662962296,1577.3059662962296,0.99915063,0.0027418926
1577.3073551700895,1577.3073551700895,0.9961247,0.0027369463
1577.3087440437162,1577.3087440437162,0.9995359,0.002738277
1577.3101329175756,1577.3101329175756,0.99604326,0.002743334
1577.3115217912027,1577.3115217912027,1.0006546,0.0027437108
1577.312910665063,1577.312910665063,0.9965345,0.0027353384
1577.3142995386895,1577.3142995386895,0.9956822,0.0027342879
1577.3156884125488,1577.3156884125488,0.99917984,0.0027361226
1577.3170772861763,1577.3170772861763,0.99890447,0.0027406751
1577.3184661600362,1577.3184661600362,0.99951017,0.0027354932
1577.3198550336629,1577.3198550336629,0.9991013,0.0027553758
1577.3212439075223,1577.3212439075223,0.99294925,0.0027324662
1577.3226327811494,1577.3226327811494,0.99592006,0.0027323666
1577.3240216550098,1577.3240216550098,0.99805117,0.0027352548
1577.3254105286364,1577.3254105286364,0.9920359,0.002737336
1577.3267994024957,1577.3267994024957,0.9960311,0.0027363582
1577.328188276123,1577.328188276123,0.99789166,0.0027356767
1577.3295771497496,1577.3295771497496,0.99603426,0.0027334718
1577.330966023609,1577.330966023609,0.99871105,0.0027413575
1577.3323548972362,1577.3323548972362,0.99991906,0.0027374187
1577.3337437710961,1577.3337437710961,0.99925655,0.0027358322
1577.3351326447228,1577.3351326447228,0.99900436,0.002737707
1577.3365215183503,1577.3365215183503,0.99890745,0.002742276
1577.3379103922111,1577.3379103922111,0.9972837,0.0027367484
1577.3392992658382,1577.3392992658382,0.9975748,0.0027388341
1577.3406881394649,1577.3406881394649,0.9993805,0.002740251
1577.3420770133243,1577.3420770133243,0.99661416,0.0027478999
1577.3434658869514,1577.3434658869514,1.0002754,0.0027348222
1577.3448547605788,1577.3448547605788,0.9982391,0.0027398542
1577.346243634438,1577.346243634438,0.9950008,0.0027338846
1577.3476325080646,1577.3476325080646,0.9991904,0.0027357927
1577.3490213816922,1577.3490213816922,0.99824655,0.0027336765
1577.3504102553186,1577.3504102553186,0.997744,0.0027446344
1577.3517991291778,1577.3517991291778,0.9992954,0.002737171
1577.3531880028054,1577.3531880028054,0.999531,0.0027500202
1577.3545768764325,1577.3545768764325,1.0001327,0.002753204
1577.355965750059,1577.355965750059,1.0003303,0.0027495932
1577.3573546239186,1577.3573546239186,0.999689,0.0027433445
1577.3587434975457,1577.3587434975457,0.9989198,0.002752724
1577.3601323711732,1577.3601323711732,1.0006704,0.0027484077
1577.3615212447999,1577.3615212447999,1.001457,0.0027398246
1577.3629101184263,1577.3629101184263,0.99851865,0.002733355
1577.3642989922864,1577.3642989922864,0.9992366,0.0027370483
1577.365687865913,1577.365687865913,1.0018893,0.0027389543
1577.3670767395397,1577.3670767395397,0.9948121,0.0027328392
1577.3684656131668,1577.3684656131668,1.0007228,0.0027384178
1577.369854486794,1577.369854486794,0.9976406,0.0027372125
1577.3712433604205,1577.3712433604205,0.99858385,0.002749467
1577.37263223428,1577.37263223428,0.99821585,0.0027488125
1577.3740211079075,1577.3740211079075,1.0008166,0.0027399994
1577.3754099815346,1577.3754099815346,1.0008526,0.002747172
1577.3767988551613,1577.3767988551613,0.9956147,0.002737415
1577.378187728788,1577.378187728788,1.0003726,0.0027382853
1577.379576602415,1577.379576602415,1.000406,0.0027358464
1577.3809654760423,1577.3809654760423,1.0006729,0.0027390076
1577.3823543496687,1577.3823543496687,1.0009094,0.0027460824
1577.3837432232954,1577.3837432232954,1.0012479,0.0027352276
1577.385132096923,1577.385132096923,0.9990149,0.0027393308
1577.3865209705493,1577.3865209705493,1.0022032,0.0027390493
1577.3879098441757,1577.3879098441757,0.9996747,0.002743167
1577.3892987178033,1577.3892987178033,0.9998533,0.0027380188
1577.3906875914304,1577.3906875914304,0.9987876,0.0027415801
1577.392076465057,1577.392076465057,1.0023882,0.00274102
1577.3934653386837,1577.3934653386837,1.0021461,0.002738308
1577.3948542123107,1577.3948542123107,1.0013726,0.0027525793
1577.3962430859383,1577.3962430859383,1.0012479,0.002737837
1577.397631959565,1577.397631959565,0.9994422,0.0027371566
1577.3990208331913,1577.3990208331913,0.99906856,0.0027345538
1577.4004097068187,1577.4004097068187,1.0011711,0.0027399978
1577.4017985804453,1577.4017985804453,1.0032195,0.0027385394
1577.403187454072,1577.403187454072,0.9984552,0.0027461334
1577.404576327699,1577.404576327699,0.99905735,0.0027428502
1577.4059652013261,1577.4059652013261,1.0047413,0.0027391787
1577.4073540749528,1577.4073540749528,1.0061142,0.0027551616
1577.4087429485794,1577.4087429485794,1.0018322,0.002737177
1577.410131822207,1577.410131822207,1.0022902,0.0027368374
1577.4115206956012,1577.4115206956012,1.0014739,0.0027501234
1577.4129095692278,1577.4129095692278,0.9989267,0.002736066
1577.4142984428545,1577.4142984428545,1.0015662,0.0027378353
1577.4156873164816,1577.4156873164816,1.001958,0.0027435976
1577.417076190109,1577.417076190109,1.0023665,0.0027374085
1577.4184650637353,1577.4184650637353,1.0012167,0.0027388742
1577.419853937362,1577.419853937362,0.99837863,0.002738929
1577.4212428107567,1577.4212428107567,1.0043947,0.0027356676
1577.422631684383,1577.422631684383,1.0067115,0.0027462696
1577.4240205580095,1577.4240205580095,1.0011449,0.0027381605
1577.425409431637,1577.425409431637,1.007844,0.0027429531
1577.4267983052641,1577.4267983052641,1.000908,0.0027513176
1577.428187178658,1577.428187178658,1.002027,0.002743695
1577.4295760522846,1577.4295760522846,1.0007042,0.0027385156
1577.4309649259117,1577.4309649259117,1.000575,0.00273581
1577.4323537995392,1577.4323537995392,1.0044837,0.002738254
1577.433742672933,1577.433742672933,1.0022677,0.002741018
1577.4351315465594,1577.4351315465594,1.0029035,0.0027414355
1577.4365204201868,1577.4365204201868,1.001745,0.0027406088
1577.4379092935806,1577.4379092935806,1.0029154,0.0027373608
1577.4392981672072,1577.4392981672072,1.0027887,0.002744221
1577.4406870408343,1577.4406870408343,1.0025135,0.002736246
1577.4420759142286,1577.4420759142286,1.0045729,0.0027501741
1577.4434647878552,1577.4434647878552,1.0029664,0.002736706
1577.4448536614818,1577.4448536614818,1.0025315,0.0027381917
1577.4462425348763,1577.4462425348763,1.00257,0.002741524
1577.4476314085036,1577.4476314085036,1.0061744,0.0027463653
1577.4490202821303,1577.4490202821303,1.0020477,0.0027420688
1577.450409155524,1577.450409155524,1.0052966,0.0027367843
1577.4517980291512,1577.4517980291512,1.0028698,0.0027418893
1577.4531869027785,1577.4531869027785,1.003836,0.0027369899
1577.454575776172,1577.454575776172,1.0018164,0.0027446528
1577.4559646497987,1577.4559646497987,1.0048401,0.0027388448
1577.4573535231934,1577.4573535231934,1.0052322,0.0027436262
1577.4587423968198,1577.4587423968198,1.006031,0.0027401166
1577.4601312702134,1577.4601312702134,1.0033736,0.0027434903
1577.461520143841,1577.461520143841,1.0064896,0.0027569067
1577.462909017468,1577.462909017468,1.0049373,0.0027540103
1577.4642978908619,1577.4642978908619,1.0069498,0.002742242
1577.4656867644885,1577.4656867644885,1.0063654,0.0027390989
1577.4670756378828,1577.4670756378828,1.0012244,0.002741117
1577.4684645115103,1577.4684645115103,1.0049472,0.0027461788
1577.469853384904,1577.469853384904,1.005075,0.0027385855
1577.4712422585303,1577.4712422585303,1.0018448,0.002737915
1577.472631131925,1577.472631131925,1.003818,0.0027465161
1577.4740200055521,1577.4740200055521,1.0084051,0.002735939
1577.475408878946,1577.475408878946,1.0076787,0.002747999
1577.4767977525726,1577.4767977525726,1.0033876,0.002753408
1577.4781866259668,1577.4781866259668,1.0035594,0.0027493015
1577.4795754993606,1577.4795754993606,1.0048136,0.0027365435
1577.4809643729873,1577.4809643729873,1.0038009,0.002747218
1577.4823532463818,1577.4823532463818,1.007139,0.0027411224
1577.483742120009,1577.483742120009,1.0092157,0.002738151
1577.485130993403,1577.485130993403,1.0041652,0.0027365873
1577.4865198667967,1577.4865198667967,1.0101867,0.0027427156
1577.4879087404238,1577.4879087404238,1.0052154,0.0027418886
1577.489297613818,1577.489297613818,1.0081934,0.0027415305
1577.4906864874447,1577.4906864874447,1.0072509,0.0027455953
1577.4920753608385,1577.4920753608385,1.0034361,0.0027397515
1577.4934642342332,1577.4934642342332,1.0066582,0.0027384828
1577.4948531078596,1577.4948531078596,1.0049564,0.0027413575
1577.4962419812532,1577.4962419812532,1.0070932,0.0027393478
1577.497630854648,1577.497630854648,1.008561,0.002741802
1577.499019728275,1577.499019728275,1.0067648,0.0027434684
1577.5004086016688,1577.5004086016688,1.0091896,0.002738368
1577.5017974750626,1577.5017974750626,1.0111598,0.0027499879
1577.503186348457,1577.503186348457,1.0167035,0.0027508475
1577.5045752220844,1577.5045752220844,1.0133035,0.002750564
1577.505964095478,1577.505964095478,1.0137212,0.0027400802
1577.5073529688716,1577.5073529688716,1.013568,0.0027465546
1577.5087418422663,1577.5087418422663,1.0112526,0.002742578
1577.5101307158934,1577.5101307158934,1.0087069,0.0027477313
1577.5115195892872,1577.5115195892872,1.0154902,0.0027423291
1577.512908462681,1577.512908462681,1.008644,0.0027404935
1577.5142973360753,1577.5142973360753,1.0110928,0.0027425792
1577.515686209702,1577.515686209702,1.0071878,0.0027405422
1577.5170750830957,1577.5170750830957,1.0113766,0.0027420355
1577.5184639564902,1577.5184639564902,1.0077773,0.0027392318
1577.5198528298847,1577.5198528298847,1.0109923,0.0027457273
1577.5212417032785,1577.5212417032785,1.0086994,0.0027400006
1577.5226305766723,1577.5226305766723,1.0109912,0.0027459352
1577.5240194502994,1577.5240194502994,1.0133833,0.0027406425
1577.5254083236937,1577.5254083236937,1.0101955,0.0027424532
1577.5267971970875,1577.5267971970875,1.0105557,0.002749338
1577.5281860704813,1577.5281860704813,1.0096042,0.0027433813
1577.5295749438758,1577.5295749438758,1.0102644,0.0027457047
1577.5309638172694,1577.5309638172694,1.0101134,0.0027452626
1577.5323526906632,1577.5323526906632,1.0109624,0.002744862
1577.533741564058,1577.533741564058,1.010324,0.0027449997
1577.5351304374522,1577.5351304374522,1.006706,0.002743244
1577.5365193110788,1577.5365193110788,1.0078365,0.0027400285
1577.5379081844726,1577.5379081844726,1.0090392,0.002756059
1577.5392970578669,1577.5392970578669,1.0091796,0.0027398858
1577.5406859312616,1577.5406859312616,1.0071781,0.0027394763
1577.5420748046552,1577.5420748046552,1.0090222,0.0027425278
1577.5434636780487,1577.5434636780487,1.0086005,0.0027406334
1577.5448525514435,1577.5448525514435,1.010044,0.002742781
1577.5462414248377,1577.5462414248377,1.0099856,0.002742725
1577.5476302982315,1577.5476302982315,1.0112144,0.002750742
1577.5490191716253,1577.5490191716253,1.0095818,0.0027489201
1577.5504080450196,1577.5504080450196,1.0092615,0.00275678
1577.5517969184134,1577.5517969184134,1.0129849,0.0027400267
1577.5531857918072,1577.5531857918072,1.0096728,0.0027423804
1577.5545746652015,1577.5545746652015,1.0089157,0.0027404586
1577.5559635383634,1577.5559635383634,1.0091648,0.002738174
1577.5573524117572,1577.5573524117572,1.0098193,0.0027443832
1577.558741285151,1577.558741285151,1.0121459,0.002740875
1577.5601301585452,1577.5601301585452,1.0107977,0.0027443527
1577.5615190319395,1577.5615190319395,1.0114374,0.0027438446
1577.5629079053333,1577.5629079053333,1.0085268,0.0027496677
1577.564296778727,1577.564296778727,1.0108716,0.0027411927
1577.5656856521216,1577.5656856521216,1.0129682,0.0027448107
1577.5670745255152,1577.5670745255152,1.0077252,0.0027428183
1577.5684633986762,1577.5684633986762,1.0130688,0.0027578336
1577.5698522720709,1577.5698522720709,1.0132109,0.002742454
1577.5712411454651,1577.5712411454651,1.014613,0.0027438772
1577.572630018859,1577.572630018859,1.0141634,0.002751839
1577.5740188922528,1577.5740188922528,1.0111549,0.0027503497
1577.575407765647,1577.575407765647,1.0143275,0.0027471737
1577.576796638809,1577.576796638809,1.0100732,0.0027395785
1577.5781855122025,1577.5781855122025,1.0119956,0.0027408702
1577.579574385596,1577.579574385596,1.0104744,0.0027395377
1577.5809632589908,1577.5809632589908,1.0091476,0.002740578
1577.582352132385,1577.582352132385,1.0106528,0.0027403974
1577.583741005546,1577.583741005546,1.0148294,0.0027435457
1577.5851298789398,1577.5851298789398,1.0117763,0.0027423576
1577.586518752334,1577.586518752334,1.0134442,0.0027421706
1577.587907625728,1577.587907625728,1.0104342,0.0027423066
1577.5892964988889,1577.5892964988889,1.0139858,0.0027409324
1577.5906853722831,1577.5906853722831,1.011951,0.0027448765
1577.5920742456778,1577.5920742456778,1.0129071,0.0027455627
1577.5934631188388,1577.5934631188388,1.0095367,0.0027440512
1577.5948519922324,1577.5948519922324,1.0116394,0.0027409513
1577.596240865627,1577.596240865627,1.0122572,0.0027394905
1577.5976297387883,1577.5976297387883,1.0129298,0.0027404195
1577.5990186121821,1577.5990186121821,1.0086967,0.002740396
1577.600407485576,1577.600407485576,1.0134019,0.002748423
1577.6017963587376,1577.6017963587376,1.0101303,0.0027410854
1577.603185232132,1577.603185232132,1.0106213,0.002745175
1577.604574105526,1577.604574105526,1.0137373,0.0027509502
1577.6059629786869,1577.6059629786869,1.0109178,0.0027416025
1577.6073518520811,1577.6073518520811,1.0120541,0.0027397717
1577.6087407252421,1577.6087407252421,1.0080789,0.0027424109
1577.610129598636,1577.610129598636,1.0114231,0.002743192
1577.6115184717974,1577.6115184717974,1.0110351,0.00275257
1577.6129073451918,1577.6129073451918,1.0090758,0.002736879
1577.6142962185854,1577.6142962185854,1.0118396,0.0027391461
1577.6156850917464,1577.6156850917464,1.0108331,0.002741415
1577.6170739651411,1577.6170739651411,1.0119739,0.0027412127
1577.6184628383025,1577.6184628383025,1.0165263,0.0027429543
1577.6198517116964,1577.6198517116964,1.0123287,0.0027441303
1577.6212405848573,1577.6212405848573,1.0115801,0.002742331
1577.6226294582516,1577.6226294582516,1.0099988,0.0027568126
1577.6240183314126,1577.6240183314126,1.0102459,0.002755485
1577.6254072048064,1577.6254072048064,1.0152118,0.0027473497
1577.6267960779678,1577.6267960779678,1.0125214,0.0027446137
1577.6281849513625,1577.6281849513625,1.0101981,0.0027434577
1577.6295738245235,1577.6295738245235,1.0101285,0.0027398644
1577.630962697917,1577.630962697917,1.0152258,0.0027458773
1577.6323515710787,1577.6323515710787,1.0112878,0.002747341
1577.6337404442402,1577.6337404442402,1.0129389,0.0027411662
1577.635129317634,1577.635129317634,1.0135533,0.002743631
1577.636518190795,1577.636518190795,1.0138537,0.0027510086
1577.6379070641892,1577.6379070641892,1.0109103,0.002744286
1577.639295937351,1577.639295937351,1.0116159,0.0027432698
1577.640684810512,1577.640684810512,1.0118406,0.0027596115
1577.642073683906,1577.642073683906,1.0129398,0.0027569404
1577.6434625570673,1577.6434625570673,1.0164187,0.0027527423
1577.6448514302283,1577.6448514302283,1.0120656,0.0027440533
1577.646240303622,1577.646240303622,1.0159097,0.00274576
1577.6476291767835,1577.6476291767835,1.0165299,0.0027438793
1577.6490180499452,1577.6490180499452,1.0118564,0.002744896
1577.6504069233388,1577.6504069233388,1.0160822,0.0027458288
1577.6517957964998,1577.6517957964998,1.0097826,0.0027414516
1577.6531846696616,1577.6531846696616,1.0127966,0.002744114
1577.654573543056,1577.654573543056,1.0166352,0.002756255
1577.6559624162169,1577.6559624162169,1.0135583,0.0027439701
1577.6573512893779,1577.6573512893779,1.0142893,0.0027414202
1577.6587401625393,1577.6587401625393,1.0121714,0.0027417184
1577.660129035933,1577.660129035933,1.0112355,0.0027456856
1577.661517909094,1577.661517909094,1.0112674,0.0027431347
1577.6629067822555,1577.6629067822555,1.0135981,0.002743394
1577.6642956554174,1577.6642956554174,1.016453,0.0027567649
1577.6656845288112,1577.6656845288112,1.0126698,0.00273931
1577.667073401972,1577.667073401972,1.0109004,0.0027393103
1577.6684622751336,1577.6684622751336,1.0114493,0.0027418586
1577.669851148295,1577.669851148295,1.0146834,0.0027410637
1577.671240021456,1577.671240021456,1.0138308,0.0027449245
1577.6726288948498,1577.6726288948498,1.0120317,0.0027478714
1577.6740177680113,1577.6740177680113,1.015407,0.0027463422
1577.6754066411731,1577.6754066411731,1.0141071,0.0027429971
1577.6767955143341,1577.6767955143341,1.0119249,0.00275784
1577.678184387495,1577.678184387495,1.0159731,0.0027456903
1577.6795732606565,1577.6795732606565,1.0138047,0.002745317
1577.6809621338175,1577.6809621338175,1.0135131,0.0027440633
1577.6823510069785,1577.6823510069785,1.0141237,0.0027438183
1577.6837398803727,1577.6837398803727,1.0151432,0.0027414444
1577.6851287535344,1577.6851287535344,1.0144577,0.0027406034
1577.6865176266951,1577.6865176266951,1.0142136,0.0027499131
1577.6879064998561,1577.6879064998561,1.0154568,0.0027551304
1577.689295373018,1577.689295373018,1.0144815,0.0027430004
1577.6906842461794,1577.6906842461794,1.0146726,0.0027429592
1577.6920731193404,1577.6920731193404,1.0165942,0.0027451832
1577.6934619925014,1577.6934619925014,1.0136473,0.0027419052
1577.6948508656628,1577.6948508656628,1.0139791,0.0027420344
1577.6962397388238,1577.6962397388238,1.0135658,0.0027442523
1577.6976286119848,1577.6976286119848,1.0159547,0.0027507935
1577.6990174851462,1577.6990174851462,1.0191021,0.0027451145
1577.700406358308,1577.700406358308,1.0127898,0.0027428025
1577.701795231469,1577.701795231469,1.0154567,0.0027486514
1577.7031841046298,1577.7031841046298,1.0159669,0.0027530135
1577.7045729777915,1577.7045729777915,1.0139917,0.002743882
1577.705961850953,1577.705961850953,1.0137612,0.0027460128
1577.707350724114,1577.707350724114,1.0127158,0.0027439801
1577.7087395972749,1577.7087395972749,1.0148019,0.0027427394
1577.7101284704363,1577.7101284704363,1.0152333,0.0027508193
1577.7115173435982,1577.7115173435982,1.0176094,0.0027452034
1577.7129062165263,1577.7129062165263,1.011487,0.002740809
1577.714295089687,1577.714295089687,1.0111084,0.0027448535
1577.7156839628487,1577.7156839628487,1.0118978,0.0027425066
1577.7170728360097,1577.7170728360097,1.01176,0.0027400216
1577.7184617091707,1577.7184617091707,1.0130882,0.0027422647
1577.7198505823321,1577.7198505823321,1.0133895,0.0027433601
1577.7212394554938,1577.7212394554938,1.0125729,0.0027414383
1577.7226283284217,1577.7226283284217,1.0122075,0.0027503883
1577.7240172015827,1577.7240172015827,1.0151131,0.002745293
1577.7254060747446,1577.7254060747446,1.0117809,0.0027419967
1577.726794947906,1577.726794947906,1.0149747,0.0027438125
1577.728183821067,1577.728183821067,1.0137591,0.00276002
1577.7295726939951,1577.7295726939951,1.015549,0.0027458994
1577.7309615671566,1577.7309615671566,1.0113155,0.002759061
1577.7323504403182,1577.7323504403182,1.0141467,0.0027414458
1577.733739313479,1577.733739313479,1.0142653,0.002739603
1577.73512818664,1577.73512818664,1.0141857,0.002746466
1577.736517059569,1577.736517059569,1.0126235,0.002743576
1577.7379059327297,1577.7379059327297,1.0124373,0.0027539069
1577.7392948058905,1577.7392948058905,1.0106812,0.0027424986
1577.7406836788196,1577.7406836788196,1.0151995,0.0027441892
1577.742072551981,1577.742072551981,1.0126827,0.0027430588
1577.743461425142,1577.743461425142,1.0173384,0.0027474442
1577.744850298303,1577.744850298303,1.0124137,0.0027601267
1577.7462391712315,1577.7462391712315,1.0145221,0.002741971
1577.7476280443934,1577.7476280443934,1.0100901,0.0027615223
1577.7490169175544,1577.7490169175544,1.0131314,0.0027457552
1577.7504057904823,1577.7504057904823,1.015407,0.0027570254
1577.751794663644,1577.751794663644,1.0151503,0.0027438921
1577.7531835365721,1577.7531835365721,1.0134445,0.0027460898
1577.754572409733,1577.754572409733,1.0150267,0.0027572492
1577.7559612828945,1577.7559612828945,1.0158412,0.002761977
1577.7573501558231,1577.7573501558231,1.0144353,0.0027480263
1577.758739028984,1577.758739028984,1.0127646,0.0027440311
1577.7601279019123,1577.7601279019123,1.0170845,0.0027535483
1577.7615167750741,1577.7615167750741,1.0110766,0.0027398386
1577.7629056482356,1577.7629056482356,1.0128127,0.0027561586
1577.7642945211637,1577.7642945211637,1.0159022,0.0027474912
1577.7656833943247,1577.7656833943247,1.012021,0.002743471
1577.7670722672533,1577.7670722672533,1.0147787,0.0027422032
1577.768461140415,1577.768461140415,1.0170423,0.0027443732
1577.7698500133429,1577.7698500133429,1.013439,0.0027446738
1577.7712388865039,1577.7712388865039,1.0129964,0.0027410367
1577.772627759433,1577.772627759433,1.0117481,0.0027454877
1577.7740166325937,1577.7740166325937,1.0139178,0.002748357
1577.7754055055216,1577.7754055055216,1.0132889,0.002746724
1577.7767943786835,1577.7767943786835,1.0170822,0.0027482673
1577.778183251612,1577.778183251612,1.0153784,0.0027562103
1577.779572124773,1577.779572124773,1.0127966,0.00274884
1577.7809609977012,1577.7809609977012,1.0141845,0.00277079
1577.7823498708626,1577.7823498708626,1.0138954,0.0027439669
1577.7837387437917,1577.7837387437917,1.0168046,0.0027438442
1577.7851276167198,1577.7851276167198,1.0156995,0.0027418996
1577.7865164898806,1577.7865164898806,1.0145719,0.002748519
1577.7879053628094,1577.7879053628094,1.0142536,0.0027435573
1577.7892942359704,1577.7892942359704,1.0151498,0.0027476843
1577.7906831088985,1577.7906831088985,1.011538,0.0027425822
1577.7920719818271,1577.7920719818271,1.0139006,0.0027410116
1577.7934608549886,1577.7934608549886,1.0179332,0.0027689033
1577.7948497279167,1577.7948497279167,1.0094357,0.0027424877
1577.7962386008448,1577.7962386008448,1.0147634,0.002747154
1577.7976274740065,1577.7976274740065,1.0154625,0.0027508964
1577.7990163469353,1577.7990163469353,1.0130177,0.0027413035
1577.8004052198635,1577.8004052198635,1.010649,0.0027428085
1577.8017940930245,1577.8017940930245,1.0150685,0.0027433694
1577.803182965953,1577.803182965953,1.0111126,0.0027559663
1577.8045718388819,1577.8045718388819,1.0119514,0.0027395
1577.8059607120426,1577.8059607120426,1.0115573,0.0027504128
1577.8073495849708,1577.8073495849708,1.0100951,0.0027431522
1577.8087384578998,1577.8087384578998,1.0106343,0.002743493
1577.8101273308278,1577.8101273308278,1.0131203,0.002755026
1577.8115162039885,1577.8115162039885,1.0149002,0.002741804
1577.8129050769176,1577.8129050769176,1.0146319,0.0027429052
1577.8142939498462,1577.8142939498462,1.0127581,0.0027555763
1577.8156828227743,1577.8156828227743,1.0101643,0.0027444363
1577.8170716957025,1577.8170716957025,1.0141166,0.002742026
1577.8184605688639,1577.8184605688639,1.0099528,0.0027397177
1577.819849441793,1577.819849441793,1.0148277,0.0027443147
1577.8212383147209,1577.8212383147209,1.0104167,0.0027398479
1577.8226271876488,1577.8226271876488,1.015883,0.002750865
1577.8240160605778,1577.8240160605778,1.0095406,0.0027549763
1577.825404933506,1577.825404933506,1.0087352,0.002760482
1577.826793806667,1577.826793806667,1.009642,0.0027572047
1577.8281826795956,1577.8281826795956,1.0112739,0.002742944
1577.8295715525242,1577.8295715525242,1.0096068,0.002754369
1577.8309604254523,1577.8309604254523,1.0116249,0.002747477
1577.8323492983804,1577.8323492983804,1.0108443,0.0027603551
1577.8337381713093,1577.8337381713093,1.0146472,0.002743146
1577.835127044238,1577.835127044238,1.0131546,0.0027466004
1577.8365159171663,1577.8365159171663,1.01208,0.002743508
1577.8379047900944,1577.8379047900944,1.0119939,0.002747469
1577.839293663023,1577.839293663023,1.0143256,0.0027469464
1577.8406825359516,1577.8406825359516,1.013271,0.0027403787
1577.8420714088797,1577.8420714088797,1.007542,0.0027483348
1577.843460281808,1577.843460281808,1.0145797,0.0027450377
1577.844849154737,1577.844849154737,1.0122916,0.0027536163
1577.8462380276649,1577.8462380276649,1.011517,0.0027414614
1577.8476269005928,1577.8476269005928,1.0125518,0.0027418812
1577.8490157735218,1577.8490157735218,1.0111344,0.002745643
1577.8504046464504,1577.8504046464504,1.0128483,0.0027449082
1577.8517935193786,1577.8517935193786,1.0628643,0.0027627025
1577.8531823923067,1577.8531823923067,1.0216099,0.0027613319
1577.8545712652353,1577.8545712652353,1.0191225,0.0027449995
1577.8559601381644,1577.8559601381644,1.0174313,0.0027471446
1577.8573490110923,1577.8573490110923,1.0149168,0.0027408816
1577.8587378840202,1577.8587378840202,1.0160846,0.0027574112
1577.8601267569493,1577.8601267569493,1.0148032,0.002742503
1577.8615156298779,1577.8615156298779,1.01756,0.0027454784
1577.862904502806,1577.862904502806,1.015839,0.0027514782
1577.8642933757342,1577.8642933757342,1.014309,0.0027403615
1577.86568224843,1577.86568224843,1.011603,0.002745308
1577.867071121358,1577.867071121358,1.0160841,0.0027439736
1577.8684599942862,1577.8684599942862,1.017461,0.0027436523
1577.869848867215,1577.869848867215,1.0150295,0.0027493045
1577.871237740144,1577.871237740144,1.0158798,0.0027468635
1577.872626613072,1577.872626613072,1.0132009,0.0027575442
1577.8740154860002,1577.8740154860002,1.0108511,0.0027434442
1577.875404358696,1577.875404358696,1.0140342,0.002746092
1577.8767932316246,1577.8767932316246,1.0138862,0.002740639
1577.8781821045527,1577.8781821045527,1.0116024,0.0027589574
1577.8795709774809,1577.8795709774809,1.0146545,0.002744294
1577.8809598501769,1577.8809598501769,1.011366,0.0027431848
1577.8823487231048,1577.8823487231048,1.0148923,0.0027447687
1577.883737596033,1577.883737596033,1.0113542,0.0027421163
1577.885126468962,1577.885126468962,1.014476,0.0027444009
1577.8865153416577,1577.8865153416577,1.0106959,0.0027415955
1577.887904214586,1577.887904214586,1.0077986,0.0027461357
1577.889293087514,1577.889293087514,1.0115206,0.0027430588
1577.8906819604426,1577.8906819604426,1.0110341,0.0027532352
1577.8920708331389,1577.8920708331389,1.012182,0.0027424218
1577.8934597060668,1577.8934597060668,1.0115578,0.0027386802
1577.8948485789947,1577.8948485789947,1.0102689,0.002745482
1577.896237451691,1577.896237451691,1.0099391,0.0027420465
1577.8976263246195,1577.8976263246195,1.0092325,0.0027401012
1577.8990151975477,1577.8990151975477,1.0087457,0.0027397706
1577.900404070243,1577.900404070243,1.012928,0.002744145
1577.9017929431716,1577.9017929431716,1.010893,0.0027383098
1577.903181815867,1577.903181815867,1.0070524,0.0027521611
1577.904570688795,1577.904570688795,1.0120091,0.002742746
1577.9059595617236,1577.9059595617236,1.0082568,0.002742331
1577.9073484344199,1577.9073484344199,1.006017,0.0027536787
1577.908737307348,1577.908737307348,1.0095477,0.0027398015
1577.9101261800433,1577.9101261800433,1.0103146,0.0027384677
1577.911515052972,1577.911515052972,1.0086621,0.0027403936
1577.9129039256677,1577.9129039256677,1.0124667,0.002751672
1577.9142927985959,1577.9142927985959,1.0109735,0.0027471278
1577.915681671524,1577.915681671524,1.0121938,0.0027452467
1577.91707054422,1577.91707054422,1.0045278,0.0027490535
1577.918459417148,1577.918459417148,1.0097734,0.002764151
1577.9198482898432,1577.9198482898432,1.0084776,0.0027421932
1577.9212371627723,1577.9212371627723,1.0101877,0.0027490533
1577.922626035468,1577.922626035468,1.0094466,0.0027382951
1577.9240149083962,1577.9240149083962,1.0063298,0.0027403086
1577.9254037810915,1577.9254037810915,1.0063616,0.0027425275
1577.9267926537873,1577.9267926537873,1.008776,0.0027402467
1577.9281815267163,1577.9281815267163,1.0075179,0.0027376933
1577.9295703994114,1577.9295703994114,1.0089442,0.002741079
1577.9309592723394,1577.9309592723394,1.0068368,0.0027441115
1577.9323481450356,1577.9323481450356,1.0090295,0.0027403273
1577.9337370179642,1577.9337370179642,1.0067108,0.0027378534
1577.9351258906595,1577.9351258906595,1.0084065,0.002738338
1577.9365147633548,1577.9365147633548,1.0047686,0.0027396064
1577.9379036362834,1577.9379036362834,1.00895,0.0027590883
1577.9392925089787,1577.9392925089787,1.010772,0.0027433624
1577.940681381674,1577.940681381674,1.0053124,0.0027392635
1577.9420702546026,1577.9420702546026,1.0055908,0.0027421797
1577.9434591272989,1577.9434591272989,1.0043868,0.0027416733
1577.944848000227,1577.944848000227,1.0065359,0.0027433594
1577.9462368729223,1577.9462368729223,1.0080336,0.0027411976
1577.947625745618,1577.947625745618,1.0087633,0.0027449646
1577.9490146183139,1577.9490146183139,1.0057466,0.0027380984
1577.950403491242,1577.950403491242,1.0068811,0.002748774
1577.9517923639373,1577.9517923639373,1.005096,0.0027433895
1577.9531812366333,1577.9531812366333,1.0062766,0.002741395
1577.9545701095612,1577.9545701095612,1.007805,0.002754982
1577.9559589822566,1577.9559589822566,1.00475,0.0027393182
1577.9573478549528,1577.9573478549528,1.0016812,0.0027474158
1577.9587367276486,1577.9587367276486,1.0084201,0.0027423745
1577.9601256005767,1577.9601256005767,1.0056587,0.0027532147
1577.961514473272,1577.961514473272,1.0049795,0.0027365761
1577.9629033459678,1577.9629033459678,1.0031639,0.0027527153
1577.964292218664,1577.964292218664,1.007189,0.0027384886
1577.965681091359,1577.965681091359,1.003381,0.0027402083
1577.967069964287,1577.967069964287,1.0054407,0.0027376798
1577.9684588369832,1577.9684588369832,1.0015745,0.0027382635
1577.969847709679,1577.969847709679,1.0044185,0.002738455
1577.9712365823743,1577.9712365823743,1.0049703,0.0027417755
1577.9726254550696,1577.9726254550696,1.0074275,0.0027409643
1577.9740143277654,1577.9740143277654,1.0028175,0.0027463092
1577.9754032004607,1577.9754032004607,1.0048257,0.0027392253
1577.9767920733889,1577.9767920733889,1.0052183,0.0027451313
1577.9781809460846,1577.9781809460846,1.0002948,0.0027368604
1577.9795698187809,1577.9795698187809,1.005566,0.002738325
1577.9809586914762,1577.9809586914762,1.0061098,0.0027575174
1577.9823475641713,1577.9823475641713,1.0068594,0.0027384383
1577.9837364368673,1577.9837364368673,1.0062408,0.0027401822
1577.985125309563,1577.985125309563,1.0057021,0.0027398712
1577.9865141822584,1577.9865141822584,1.0047487,0.0027436987
1577.9879030549537,1577.9879030549537,1.0076512,0.0027405808
1577.9892919276497,1577.9892919276497,1.0045217,0.0027421864
1577.9906808003457,1577.9906808003457,1.0037577,0.0027407764
1577.992069673041,1577.992069673041,1.0056558,0.0027566806
1577.9934585457363,1577.9934585457363,1.0038055,0.0027354427
1577.994847418432,1577.994847418432,1.0075608,0.0027427075
1577.9962362911274,1577.9962362911274,1.0059589,0.0027425806
1577.9976251638227,1577.9976251638227,1.0066652,0.0027575393
1577.9990140365185,1577.9990140365185,1.0032429,0.0027374532
1578.0004029092145,1578.0004029092145,1.0032052,0.002740744
1578.0017917819096,1578.0017917819096,1.0005822,0.0027384784
1578.0031806546049,1578.0031806546049,1.0045295,0.0027509036
1578.004569527301,1578.004569527301,1.0017391,0.0027481902
1578.0059583999969,1578.0059583999969,1.0029837,0.0027411534
1578.0073472726922,1578.0073472726922,1.0051687,0.0027412935
1578.0087361451547,1578.0087361451547,1.0032318,0.0027368858
1578.0101250178504,1578.0101250178504,1.0027224,0.0027486177
1578.0115138905458,1578.0115138905458,1.0030649,0.0027376472
1578.012902763241,1578.012902763241,1.0019294,0.002735741
1578.0142916359368,1578.0142916359368,1.0012926,0.0027397508
1578.015680508633,1578.015680508633,1.0032077,0.0027399377
1578.0170693813284,1578.0170693813284,0.99913675,0.0027390996
1578.0184582537906,1578.0184582537906,0.99885774,0.0027475476
1578.0198471264866,1578.0198471264866,1.0011415,0.0027374872
1578.0212359991824,1578.0212359991824,0.9990774,0.0027397617
1578.0226248718777,1578.0226248718777,0.99956995,0.002734841
1578.024013744573,1578.024013744573,1.0029042,0.0027397783
1578.025402617036,1578.025402617036,1.0029938,0.0027372276
1578.0267914897322,1578.0267914897322,1.0038823,0.002738916
1578.0281803624275,1578.0281803624275,1.0006615,0.0027374655
1578.0295692351228,1578.0295692351228,1.0040689,0.002740092
1578.0309581075858,1578.0309581075858,1.0019405,0.0027344814
1578.032346980281,1578.032346980281,0.99995273,0.0027381955
1578.0337358529764,1578.0337358529764,1.0013243,0.0027387675
1578.0351247256722,1578.0351247256722,0.99813545,0.002737127
1578.0365135981353,1578.0365135981353,1.0035971,0.0027400157
1578.0379024708304,1578.0379024708304,0.9978421,0.0027478796
1578.0392913435257,1578.0392913435257,1.0018111,0.00274727
1578.0406802159891,1578.0406802159891,1.0005496,0.0027422747
1578.042069088685,1578.042069088685,0.9997006,0.0027434074
1578.0434579613802,1578.0434579613802,1.0027606,0.0027367575
1578.0448468338427,1578.0448468338427,1.0014726,0.0027343389
1578.0462357065385,1578.0462357065385,1.0001838,0.0027370837
1578.0476245792338,1578.0476245792338,1.0010833,0.0027485045
1578.0490134516963,1578.0490134516963,1.0012099,0.0027371394
1578.050402324392,1578.050402324392,1.0017738,0.0027371133
1578.0517911968554,1578.0517911968554,1.0016022,0.002739277
1578.0531800695508,1578.0531800695508,0.9987685,0.0027407843
1578.054568942013,1578.054568942013,1.003309,0.0027375051
1578.055957814709,1578.055957814709,0.99957633,0.0027512186
1578.0573466874048,1578.0573466874048,1.002083,0.002737687
1578.0587355598673,1578.0587355598673,0.99954414,0.002738462
1578.0601244325626,1578.0601244325626,0.9972486,0.0027392984
1578.0615133050255,1578.0615133050255,1.0001187,0.002737281
1578.0629021777218,1578.0629021777218,0.9981473,0.002735313
1578.0642910501842,1578.0642910501842,0.99848586,0.0027367359
1578.0656799228793,1578.0656799228793,0.9980122,0.0027338192
1578.0670687953425,1578.0670687953425,0.99849117,0.0027495634
1578.0684576680378,1578.0684576680378,0.9938947,0.0027413045
1578.0698465405003,1578.0698465405003,0.99863124,0.0027349018
1578.071235413196,1578.071235413196,0.9992432,0.0027354476
1578.0726242856592,1578.0726242856592,0.996505,0.002739465
1578.0740131581215,1578.0740131581215,0.99816227,0.002736804
1578.0754020308168,1578.0754020308168,0.99614936,0.0027359414
1578.0767909032802,1578.0767909032802,1.0000323,0.0027388122
1578.078179775976,1578.078179775976,0.9998289,0.0027339575
1578.0795686484385,1578.0795686484385,0.9965491,0.0027489017
1578.0809575211338,1578.0809575211338,0.9976991,0.002736622
1578.0823463935967,1578.0823463935967,0.99574965,0.0027366115
1578.0837352660592,1578.0837352660592,0.99627006,0.0027392274
1578.0851241387545,1578.0851241387545,0.99692607,0.0027331922
1578.0865130112174,1578.0865130112174,0.9991224,0.00274193
1578.0879018836808,1578.0879018836808,0.9948165,0.0027467983
1578.089290756376,1578.089290756376,0.9974968,0.0027394928
1578.0906796288382,1578.0906796288382,0.99513465,0.0027336816
1578.0920685013016,1578.0920685013016,1.0018214,0.002736284
1578.0934573739974,1578.0934573739974,0.99822676,0.002736819
1578.0948462464598,1578.0948462464598,1.0018176,0.0027386777
1578.0962351189223,1578.0962351189223,0.99738204,0.0027359307
1578.0976239913853,1578.0976239913853,0.9994184,0.0027435585
1578.0990128640815,1578.0990128640815,0.9994708,0.002749692
1578.100401736544,1578.100401736544,0.99605143,0.0027475874
1578.1017906090062,1578.1017906090062,1.0008271,0.002735381
1578.1031794814694,1578.1031794814694,0.99637246,0.002733914
1578.1045683541647,1578.1045683541647,0.9996698,0.002736119
1578.1059572266272,1578.1059572266272,0.996531,0.0027332725
1578.1073460990901,1578.1073460990901,0.9967365,0.0027399294
1578.108734971553,1578.108734971553,0.992115,0.002733507
1578.1101238440156,1578.1101238440156,0.9987311,0.0027451606
1578.1115127167109,1578.1115127167109,0.9956853,0.0027347316
1578.1129015891743,1578.1129015891743,1.0020745,0.002740874
1578.1142904616372,1578.1142904616372,0.9975255,0.002744764
1578.1156793340997,1578.1156793340997,0.99579185,0.0027330497
1578.1170682065622,1578.1170682065622,0.9920102,0.0027332422
1578.1184570790251,1578.1184570790251,0.99879813,0.0027341447
1578.1198459517211,1578.1198459517211,0.99714184,0.0027341757
1578.1212348241834,1578.1212348241834,0.9960826,0.0027379512
1578.1226236966459,1578.1226236966459,0.9989144,0.0027482086
1578.1240125691093,1578.1240125691093,0.99456877,0.0027359764
1578.1254014415715,1578.1254014415715,0.991574,0.0027311419
1578.1267903140338,1578.1267903140338,0.9949384,0.0027352627
1578.1281791864972,1578.1281791864972,0.99519587,0.0027353303
1578.12956805896,1578.12956805896,0.9970811,0.0027335712
1578.1309569314226,1578.1309569314226,0.9964129,0.0027330383
1578.132345803885,1578.132345803885,0.9938206,0.0027353193
1578.133734676348,1578.133734676348,0.993146,0.0027368506
1578.1351235488114,1578.1351235488114,0.99699306,0.0027353752
1578.136512421274,1578.136512421274,0.9973764,0.002735457
1578.1379012937361,1578.1379012937361,0.99093616,0.0027342374
1578.1392901661993,1578.1392901661993,0.99591225,0.00273548
1578.1406790386618,1578.1406790386618,0.9978384,0.0027382937
1578.1420679111243,1578.1420679111243,0.994416,0.0027373864
1578.1434567835872,1578.1434567835872,0.9922406,0.0027318946
1578.1448456560502,1578.1448456560502,0.99412,0.0027458754
1578.1462345285127,1578.1462345285127,0.9902316,0.0027327638
1578.1476234009751,1578.1476234009751,0.99475896,0.002733562
1578.1490122734383,1578.1490122734383,0.9966194,0.002733562
1578.1504011459015,1578.1504011459015,0.99055105,0.0027396872
1578.151790018364,1578.151790018364,0.9946883,0.0027433953
1578.1531788905936,1578.1531788905936,0.9882013,0.0027287675
1578.1545677630565,1578.1545677630565,0.99106807,0.0027318276
1578.1559566355197,1578.1559566355197,0.99403405,0.0027364257
1578.157345507982,1578.157345507982,0.9954619,0.0027445545
1578.1587343804445,1578.1587343804445,0.9910188,0.0027374257
1578.1601232529079,1578.1601232529079,0.99491507,0.0027315193
1578.16151212537,1578.16151212537,0.99393743,0.0027338031
1578.1629009975995,1578.1629009975995,0.99493814,0.00273312
1578.164289870063,1578.164289870063,1.0127106,0.002740215
1578.1656787425259,1578.1656787425259,0.99819416,0.002734425
1578.1670676149884,1578.1670676149884,0.99947786,0.0027386246
1578.1684564874508,1578.1684564874508,1.0006381,0.0027497131
1578.169845359681,1578.169845359681,0.997004,0.0027322876
1578.1712342321443,1578.1712342321443,0.9968966,0.0027344537
1578.1726231046066,1578.1726231046066,0.9994431,0.0027364206
1578.1740119770689,1578.1740119770689,0.99697775,0.0027323202
1578.1754008492994,1578.1754008492994,0.9969603,0.0027342718
1578.176789721762,1578.176789721762,0.993644,0.0027468577
1578.1781785942244,1578.1781785942244,0.99018824,0.0027317244
1578.1795674664545,1578.1795674664545,0.99602413,0.0027321281
1578.1809563389174,1578.1809563389174,0.9930442,0.002734714
1578.18234521138,1578.18234521138,0.99361324,0.0027315675
1578.1837340836096,1578.1837340836096,0.9938848,0.002737354
1578.1851229560727,1578.1851229560727,0.98931897,0.002738621
1578.186511828536,1578.186511828536,0.9894291,0.0027412593
1578.1879007007656,1578.1879007007656,0.9912879,0.0027332637
1578.189289573228,1578.189289573228,0.9914796,0.0027332653
1578.190678445691,1578.190678445691,0.99267626,0.002733122
1578.192067317921,1578.192067317921,0.9931102,0.0027380853
1578.1934561903836,1578.1934561903836,0.9947025,0.0027332117
1578.1948450626132,1578.1948450626132,0.99455166,0.002730339
1578.1962339350766,1578.1962339350766,0.9933605,0.0027334057
1578.197622807539,1578.197622807539,0.99206984,0.0027331486
1578.1990116797683,1578.1990116797683,0.99277604,0.0027301619
1578.2004005522317,1578.2004005522317,0.99162257,0.0027332394
1578.2017894244618,1578.2017894244618,0.9869532,0.002730616
1578.2031782969243,1578.2031782969243,0.99226165,0.0027329659
1578.204567169154,1578.204567169154,0.9919106,0.0027467941
1578.205956041617,1578.205956041617,0.99417514,0.002740867
1578.2073449138475,1578.2073449138475,0.9914568,0.0027468486
1578.2087337863097,1578.2087337863097,0.9963901,0.0027349796
1578.2101226585391,1578.2101226585391,0.991397,0.0027497255
1578.2115115310025,1578.2115115310025,0.9924413,0.002730229
1578.2129004032322,1578.2129004032322,0.9927245,0.0027337766
1578.2142892756947,1578.2142892756947,0.98953366,0.0027319896
1578.2156781479248,1578.2156781479248,0.9895241,0.0027334983
1578.2170670203877,1578.2170670203877,0.9894998,0.0027468142
1578.2184558926174,1578.2184558926174,0.992209,0.0027408644
1578.219844764847,1578.219844764847,0.990408,0.002731159
1578.2212336373102,1578.2212336373102,0.98762614,0.0027310562
1578.2226225095405,1578.2226225095405,0.98894334,0.0027313307
1578.224011382003,1578.224011382003,0.9907672,0.0027359698
1578.2254002542327,1578.2254002542327,0.9906532,0.002733137
1578.2267891264628,1578.2267891264628,0.99290997,0.0027356655
1578.2281779989257,1578.2281779989257,0.9919104,0.0027307847
1578.2295668711554,1578.2295668711554,0.99269044,0.002734921
1578.230955743385,1578.230955743385,0.9894208,0.002732265
1578.2323446158484,1578.2323446158484,0.99107,0.0027330432
1578.2337334880779,1578.2337334880779,0.99143535,0.0027438768
1578.2351223603073,1578.2351223603073,0.9911356,0.0027348956
1578.2365112327707,1578.2365112327707,0.9905047,0.0027325393
1578.2379001050008,1578.2379001050008,0.9880211,0.002732585
1578.2392889772304,1578.2392889772304,0.9908358,0.0027306108
1578.24067784946,1578.24067784946,0.98843515,0.0027491993
1578.242066721923,1578.242066721923,0.9874423,0.0027300126
1578.2434555941527,1578.2434555941527,0.9891973,0.0027339451
1578.2448444663817,1578.2448444663817,0.9940856,0.0027319107
1578.246233338611,1578.246233338611,0.99087864,0.0027294748
1578.2476222110745,1578.2476222110745,0.98777544,0.0027315035
1578.2490110833046,1578.2490110833046,0.9895602,0.0027285835
1578.2503999555342,1578.2503999555342,0.9873445,0.0027320825
1578.251788827764,1578.251788827764,0.99096084,0.0027335316
1578.253177699994,1578.253177699994,0.984884,0.0027271893
1578.2545665722237,1578.2545665722237,0.98779327,0.002729056
1578.2559554446862,1578.2559554446862,0.98865724,0.0027398202
1578.2573443169163,1578.2573443169163,0.98576593,0.0027322194
1578.2587331891468,1578.2587331891468,0.98772776,0.0027386416
1578.2601220613765,1578.2601220613765,0.9862462,0.0027346204
1578.2615109336061,1578.2615109336061,0.98625416,0.0027408006
1578.2628998058362,1578.2628998058362,0.9880545,0.002729679
1578.2642886780664,1578.2642886780664,0.9854955,0.002732445
1578.265677550296,1578.265677550296,0.9888258,0.0027292133
1578.2670664225257,1578.2670664225257,0.9870016,0.0027358308
1578.2684552949888,1578.2684552949888,0.98622006,0.0027292848
1578.2698441672183,1578.2698441672183,0.9912038,0.0027329633
1578.271233039448,1578.271233039448,0.98669064,0.0027364818
1578.2726219116785,1578.2726219116785,0.99049985,0.0027375168
1578.2740107839086,1578.2740107839086,0.9862007,0.0027333882
1578.2753996561382,1578.2753996561382,0.9870932,0.0027285467
1578.276788528368,1578.276788528368,0.98735535,0.0027299162
1578.278177400598,1578.278177400598,0.98781866,0.0027284594
1578.2795662728286,1578.2795662728286,0.98716193,0.0027314923
1578.280955145058,1578.280955145058,0.98930365,0.0027348043
1578.2823440172874,1578.2823440172874,0.98533636,0.0027291907
1578.283732889518,1578.283732889518,0.98645854,0.002734718
1578.285121761748,1578.285121761748,0.9865633,0.002741391
1578.2865106339777,1578.2865106339777,0.98750156,0.0027289032
1578.2878995059746,1578.2878995059746,0.9822412,0.0027315598
1578.2892883782047,1578.2892883782047,0.98524696,0.0027283283
1578.2906772504343,1578.2906772504343,0.9844298,0.0027262443
1578.292066122664,1578.292066122664,0.98814154,0.0027305947
1578.293454994894,1578.293454994894,0.9849169,0.0027282278
1578.2948438671247,1578.2948438671247,0.9824672,0.0027382055
1578.2962327393543,1578.2962327393543,0.98491263,0.0027319922
1578.2976216115837,1578.2976216115837,0.98617864,0.002742866
1578.2990104835812,1578.2990104835812,0.9877345,0.00272919
1578.3003993558114,1578.3003993558114,0.98432386,0.002730623
1578.301788228041,1578.301788228041,0.9833022,0.002735142
1578.3031771002707,1578.3031771002707,0.9853326,0.0027416227
1578.304565972501,1578.304565972501,0.9825286,0.0027286643
1578.3059548447304,1578.3059548447304,0.98434603,0.0027407377
1578.3073437167272,1578.3073437167272,0.9866875,0.0027409827
1578.3087325889578,1578.3087325889578,0.9825182,0.002730297
1578.310121461188,1578.310121461188,0.98429817,0.0027321982
1578.3115103334176,1578.3115103334176,0.98610103,0.002732391
1578.3128992054144,1578.3128992054144,0.9805208,0.002726239
1578.3142880776445,1578.3142880776445,0.9867189,0.002752619
1578.3156769498748,1578.3156769498748,0.98420626,0.0027293877
1578.3170658221043,1578.3170658221043,0.98601186,0.0027430854
1578.318454694101,1578.318454694101,0.98544526,0.0027282995
1578.3198435663317,1578.3198435663317,0.98796177,0.0027329326
1578.3212324385618,1578.3212324385618,0.9827413,0.002740424
1578.3226213105586,1578.3226213105586,0.98354137,0.0027300227
1578.3240101827882,1578.3240101827882,0.98236406,0.0027296175
1578.3253990550184,1578.3253990550184,0.9859121,0.0027357591
1578.3267879270152,1578.3267879270152,0.9874761,0.0027321354
1578.3281767992448,1578.3281767992448,0.98592776,0.0027409461
1578.329565671475,1578.329565671475,0.9827955,0.0027438905
1578.3309545434727,1578.3309545434727,0.9862831,0.002731437
1578.3323434157023,1578.3323434157023,0.9822625,0.0027287928
1578.333732287699,1578.333732287699,0.98591673,0.0027292874
1578.3351211599293,1578.3351211599293,0.9813675,0.0027283865
1578.3365100321594,1578.3365100321594,0.986088,0.0027300704
1578.3378989041562,1578.3378989041562,0.983999,0.0027297118
1578.3392877763858,1578.3392877763858,0.98329353,0.002742937
1578.3406766483831,1578.3406766483831,0.98283553,0.0027280399
1578.3420655206128,1578.3420655206128,0.98157114,0.0027276487
1578.3434543926096,1578.3434543926096,0.9835158,0.0027397675
1578.3448432648402,1578.3448432648402,0.98681056,0.0027307703
1578.3462321368374,1578.3462321368374,0.98559254,0.0027323938
1578.347621009067,1578.347621009067,0.9829783,0.0027336273
1578.349009881064,1578.349009881064,0.9831986,0.0027315295
1578.350398753294,1578.350398753294,0.98188454,0.00274107
1578.3517876252915,1578.3517876252915,0.98601604,0.0027310834
1578.353176497521,1578.353176497521,0.9840029,0.0027344842
1578.3545653695178,1578.3545653695178,0.98438424,0.002729925
1578.3559542417483,1578.3559542417483,0.9862287,0.002732318
1578.3573431137456,1578.3573431137456,0.9844661,0.0027313547
1578.3587319857425,1578.3587319857425,0.97696453,0.002725506
1578.360120857972,1578.360120857972,0.9856524,0.002740317
1578.3615097299694,1578.3615097299694,0.98640525,0.002732425
1578.362898602199,1578.362898602199,0.98412144,0.0027357687
1578.3642874741959,1578.3642874741959,0.9875562,0.0027298061
1578.3656763461931,1578.3656763461931,0.9828753,0.0027289498
1578.3670652184237,1578.3670652184237,0.9830745,0.00273926
1578.3684540904205,1578.3684540904205,0.9823879,0.0027250096
1578.3698429624171,1578.3698429624171,0.9821411,0.00273097
1578.3712318346475,1578.3712318346475,0.9848279,0.0027452342
1578.3726207066447,1578.3726207066447,0.9817886,0.0027317062
1578.3740095786416,1578.3740095786416,0.98400795,0.0027349854
1578.3753984508712,1578.3753984508712,1.0296931,0.0027582804
1578.3767873228685,1578.3767873228685,1.0991627,0.00278383
1578.3781761948662,1578.3781761948662,1.0707668,0.0027782454
1578.379565066863,1578.379565066863,1.0387523,0.0027654178
1578.3809539390925,1578.3809539390925,1.0150297,0.0027413035
1578.38234281109,1578.38234281109,1.0013647,0.0027338583
1578.3837316830868,1578.3837316830868,0.9990105,0.00273482
1578.3851205550836,1578.3851205550836,0.9954979,0.002735077
1578.3865094273137,1578.3865094273137,0.9873688,0.0027435727
1578.3878982993112,1578.3878982993112,0.99110544,0.0027339293
1578.3892871713078,1578.3892871713078,0.98837346,0.0027405669
1578.3906760433047,1578.3906760433047,0.9915916,0.0027334148
1578.3920649153024,1578.3920649153024,0.99137086,0.0027301079
1578.3934537875325,1578.3934537875325,0.9894273,0.0027330464
1578.3948426595293,1578.3948426595293,0.9874398,0.0027305915
1578.3962315315262,1578.3962315315262,0.9885735,0.0027299537
1578.3976204035234,1578.3976204035234,0.9860511,0.0027308797
1578.3990092755203,1578.3990092755203,0.98255205,0.0027253062
1578.400398147517,1578.400398147517,0.98433405,0.0027385382
1578.4017870195144,1578.4017870195144,0.985708,0.0027295027
1578.403175891512,1578.403175891512,0.985897,0.0027272308
1578.4045647637415,1578.4045647637415,0.9839976,0.0027401638
1578.4059536357381,1578.4059536357381,0.98070025,0.0027301246
1578.4073425077358,1578.4073425077358,0.9838676,0.002729194
1578.4087313797331,1578.4087313797331,0.98595935,0.0027403834
1578.41012025173,1578.41012025173,0.9836239,0.0027286655
1578.4115091237268,1578.4115091237268,0.9851936,0.0027334369
1578.412897995724,1578.412897995724,0.98439145,0.0027303773
1578.4142868677218,1578.4142868677218,0.98654974,0.0027275952
1578.4156757397186,1578.4156757397186,0.9857935,0.0027278836
1578.4170646117152,1578.4170646117152,0.9840146,0.0027288282
1578.4184534837127,1578.4184534837127,0.9810469,0.002745269
1578.4198423557095,1578.4198423557095,0.9838758,0.002737882
1578.4212312277064,1578.4212312277064,0.98301244,0.0027300403
1578.4226200997036,1578.4226200997036,0.9824603,0.0027286613
1578.424008971701,1578.424008971701,0.9842567,0.0027315863
1578.4253978436977,1578.4253978436977,0.98407376,0.0027340017
1578.4267867154617,1578.4267867154617,0.98312104,0.0027304513
1578.4281755874595,1578.4281755874595,0.9846004,0.0027278387
1578.4295644594567,1578.4295644594567,0.98223156,0.0027334034
1578.4309533314536,1578.4309533314536,0.9845776,0.0027299994
1578.4323422034504,1578.4323422034504,0.9827836,0.0027276832
1578.4337310754477,1578.4337310754477,0.9857598,0.0027368239
1578.4351199474445,1578.4351199474445,0.9842607,0.0027301963
1578.4365088194413,1578.4365088194413,0.98330384,0.0027338224
1578.4378976912058,1578.4378976912058,0.9849829,0.0027294694
1578.4392865632035,1578.4392865632035,0.98465323,0.0027419098
1578.4406754352,1578.4406754352,0.98617655,0.0027439776
1578.4420643071967,1578.4420643071967,0.98751104,0.002731821
1578.4434531791944,1578.4434531791944,0.98544204,0.0027289905
1578.4448420509589,1578.4448420509589,0.9847365,0.0027312886
1578.4462309229557,1578.4462309229557,0.9846464,0.0027351256
1578.4476197949525,1578.4476197949525,0.98577434,0.002728598
1578.4490086669498,1578.4490086669498,0.98459595,0.002730083
1578.4503975389475,1578.4503975389475,0.9857972,0.0027278871
1578.4517864107115,1578.4517864107115,0.98001677,0.0027293
1578.4531752827081,1578.4531752827081,0.983009,0.0027330292
1578.4545641547056,1578.4545641547056,0.98389846,0.0027280778
1578.4559530264696,1578.4559530264696,0.9843463,0.0027411007
1578.4573418984664,1578.4573418984664,0.9818551,0.0027264878
1578.4587307704637,1578.4587307704637,0.9887414,0.0027385824
1578.4601196422282,1578.4601196422282,0.9870646,0.002744898
1578.461508514225,1578.461508514225,0.98297304,0.0027282913
1578.4628973862218,1578.4628973862218,0.9861808,0.00272839
1578.4642862579865,1578.4642862579865,0.98319596,0.0027263635
1578.465675129984,1578.465675129984,0.9847949,0.002727927
1578.4670640019808,1578.4670640019808,0.9835527,0.0027272787
1578.4684528737448,1578.4684528737448,0.98809916,0.0027427452
1578.469841745742,1578.469841745742,0.9855615,0.0027417133
1578.471230617739,1578.471230617739,0.9889926,0.002731088
1578.472619489503,1578.472619489503,0.9890702,0.0027331198
1578.4740083615002,1578.4740083615002,0.98516303,0.0027301894
1578.475397233265,1578.475397233265,0.9864102,0.0027318348
1578.4767861052617,1578.4767861052617,0.9853046,0.0027309614
1578.4781749770254,1578.4781749770254,0.9842358,0.0027263989
1578.4795638490232,1578.4795638490232,0.98654276,0.0027306075
1578.4809527207876,1578.4809527207876,0.98580295,0.002730638
1578.4823415927845,1578.4823415927845,0.98514515,0.0027273202
1578.4837304645484,1578.4837304645484,0.98521835,0.0027290455
1578.4851193365457,1578.4851193365457,0.9881016,0.002736641
1578.4865082083106,1578.4865082083106,0.99018323,0.002740094
1578.4878970803074,1578.4878970803074,0.98646456,0.0027428402
1578.4892859520712,1578.4892859520712,0.98829514,0.0027304853
1578.4906748240687,1578.4906748240687,0.98733854,0.0027301288
1578.4920636958327,1578.4920636958327,0.98488003,0.0027319514
1578.4934525678295,1578.4934525678295,0.9860028,0.0027336837
1578.494841439594,1578.494841439594,0.98772615,0.0027332637
1578.4962303113584,1578.4962303113584,0.9839314,0.002728305
1578.4976191833553,1578.4976191833553,0.9907927,0.0027335077
1578.4990080551192,1578.4990080551192,0.98303884,0.0027302336
1578.5003969271168,1578.5003969271168,0.9887786,0.0027322855
1578.5017857988814,1578.5017857988814,0.9889455,0.002748253
1578.5031746706454,1578.5031746706454,0.98946875,0.0027303484
1578.5045635426422,1578.5045635426422,0.98767847,0.0027312478
1578.5059524144067,1578.5059524144067,0.98276585,0.0027270894
1578.5073412861714,1578.5073412861714,0.98566973,0.002730794
1578.508730158168,1578.508730158168,0.98403,0.0027372027
1578.510119029932,1578.510119029932,0.9917605,0.002739457
1578.5115079016969,1578.5115079016969,0.98698777,0.0027317286
1578.5128967736935,1578.5128967736935,0.98578894,0.0027276927
1578.5142856454572,1578.5142856454572,0.984775,0.002730827
1578.5156745172221,1578.5156745172221,0.9882678,0.0027303637
1578.5170633889866,1578.5170633889866,0.99107003,0.0027306315
1578.5184522609834,1578.5184522609834,0.9856832,0.0027306783
1578.5198411327474,1578.5198411327474,0.9890184,0.0027332283
1578.5212300045118,1578.5212300045118,0.9893953,0.0027301672
1578.5226188762767,1578.5226188762767,0.9864615,0.0027301076
1578.5240077480405,1578.5240077480405,0.9842954,0.002728499
1578.525396620037,1578.525396620037,0.9896824,0.002734256
1578.526785491802,1578.526785491802,0.98645014,0.0027367647
1578.528174363566,1578.528174363566,0.9900222,0.0027389708
1578.52956323533,1578.52956323533,0.9850007,0.0027320234
1578.5309521070944,1578.5309521070944,0.99007106,0.0027333999
1578.5323409788589,1578.5323409788589,0.9869934,0.0027329195
1578.5337298508557,1578.5337298508557,0.98308617,0.002726151
1578.5351187226197,1578.5351187226197,0.99045753,0.002732945
1578.5365075943844,1578.5365075943844,0.9916495,0.0027347617
1578.537896466149,1578.537896466149,0.9863799,0.0027368488
1578.539285337913,1578.539285337913,0.9877768,0.0027311472
1578.540674209677,1578.540674209677,0.98730534,0.0027295263
1578.5420630814415,1578.5420630814415,0.98957115,0.0027312944
1578.543451953206,1578.543451953206,0.99195784,0.0027385876
1578.54484082497,1578.54484082497,0.9936412,0.0027422258
1578.546229696734,1578.546229696734,0.9888841,0.0027418328
1578.5476185684988,1578.5476185684988,0.9898407,0.0027307782
1578.5490074402626,1578.5490074402626,0.99018115,0.0027290538
1578.5503963120264,1578.5503963120264,0.9877398,0.0027407976
1578.5517851837913,1578.5517851837913,0.98871064,0.0027314883
1578.5531740555557,1578.5531740555557,0.98701286,0.002737444
1578.5545629273197,1578.5545629273197,0.9882946,0.0027341563
1578.5559517990837,1578.5559517990837,0.9900448,0.0027348904
1578.5573406708481,1578.5573406708481,0.98971665,0.0027390034
1578.558729542613,1578.558729542613,0.9886342,0.002729156
1578.5601184143768,1578.5601184143768,0.9919506,0.0027370972
1578.5615072861406,1578.5615072861406,0.9902788,0.0027346057
1578.5628961579055,1578.5628961579055,0.9918054,0.002732153
1578.5642850296695,1578.5642850296695,0.99146855,0.002735006
1578.5656739014332,1578.5656739014332,0.98983896,0.0027313624
1578.567062773198,1578.567062773198,0.9927504,0.0027349468
1578.5684516449624,1578.5684516449624,0.98902535,0.0027350318
1578.5698405164935,1578.5698405164935,0.9895716,0.002731568
1578.5712293882575,1578.5712293882575,0.9917582,0.0027446363
1578.5726182600222,1578.5726182600222,0.99050134,0.0027306932
1578.5740071317869,1578.5740071317869,0.9932154,0.002733611
1578.5753960035508,1578.5753960035508,0.9928734,0.0027453941
1578.5767848753148,1578.5767848753148,0.99137986,0.002738432
1578.5781737468465,1578.5781737468465,0.99204004,0.0027306553
1578.579562618611,1578.579562618611,0.99353653,0.0027367894
1578.580951490375,1578.580951490375,0.9912997,0.0027305067
1578.582340362139,1578.582340362139,0.9953719,0.0027380835
1578.5837292336707,1578.5837292336707,0.9933609,0.0027318208
1578.5851181054345,1578.5851181054345,0.995257,0.0027348767
1578.5865069771985,1578.5865069771985,0.99135137,0.0027336078
1578.5878958489634,1578.5878958489634,0.99243265,0.0027324744
1578.589284720495,1578.589284720495,0.99344975,0.002735826
1578.590673592259,1578.590673592259,0.9916643,0.002731384
1578.592062464023,1578.592062464023,0.99274176,0.0027386497
1578.5934513355546,1578.5934513355546,0.99282575,0.0027346215
1578.5948402073195,1578.5948402073195,0.99448067,0.00273425
1578.5962290790833,1578.5962290790833,0.9922967,0.0027351095
1578.5976179506142,1578.5976179506142,0.9940382,0.00273259
1578.5990068223791,1578.5990068223791,0.99205947,0.0027362627
1578.6003956941431,1578.6003956941431,0.99617314,0.0027350595
1578.601784565674,1578.601784565674,0.9941105,0.0027338997
1578.6031734374387,1578.6031734374387,0.9959621,0.00273669
1578.6045623092032,1578.6045623092032,0.9953442,0.002736038
1578.6059511807343,1578.6059511807343,0.9907046,0.0027311894
1578.6073400524983,1578.6073400524983,0.9925192,0.0027341899
1578.60872892403,1578.60872892403,0.9946489,0.0027458542
1578.6101177957948,1578.6101177957948,0.9964624,0.00273406
1578.611506667326,1578.611506667326,0.9936786,0.0027454603
1578.61289553909,1578.61289553909,0.99515724,0.0027334366
1578.6142844106216,1578.6142844106216,0.9952415,0.002736899
1578.615673282386,1578.615673282386,0.9969073,0.0027384523
1578.6170621539172,1578.6170621539172,0.9947447,0.0027333468
1578.6184510256812,1578.6184510256812,0.9951944,0.0027354362
1578.619839897213,1578.619839897213,0.99554706,0.0027354807
1578.6212287689764,1578.6212287689764,0.9976993,0.002736703
1578.6226176405066,1578.6226176405066,0.9974491,0.0027356693
1578.6240065122715,1578.6240065122715,0.9892556,0.0027359962
1578.6253953838032,1578.6253953838032,0.99682754,0.0027379992
1578.6267842555671,1578.6267842555671,0.9931844,0.0027376283
1578.6281731270983,1578.6281731270983,0.997491,0.002733987
1578.6295619988628,1578.6295619988628,0.9989445,0.0027344455
1578.6309508703946,1578.6309508703946,0.99564016,0.0027421983
1578.6323397419255,1578.6323397419255,0.99594676,0.0027359864
1578.6337286136895,1578.6337286136895,0.9921361,0.0027363328
1578.6351174852216,1578.6351174852216,0.99913937,0.0027435028
1578.6365063567532,1578.6365063567532,1.0008641,0.002735979
1578.6378952285172,1578.6378952285172,0.9936792,0.0027298296
1578.6392841000484,1578.6392841000484,0.99781907,0.0027397492
1578.6406729718128,1578.6406729718128,0.9939401,0.0027324774
1578.642061843344,1578.642061843344,0.99911904,0.0027337181
1578.6434507148751,1578.6434507148751,0.99821645,0.0027490966
1578.6448395864068,1578.6448395864068,0.9991591,0.0027452088
1578.6462284581717,1578.6462284581717,0.9987234,0.002747131
1578.6476173297028,1578.6476173297028,1.0001677,0.0027361591
1578.6490062012338,1578.6490062012338,0.99586666,0.002732557
1578.6503950729984,1578.6503950729984,0.99669486,0.0027390788
1578.65178394453,1578.65178394453,0.9967741,0.002747391
1578.6531728160612,1578.6531728160612,0.9975058,0.0027554133
1578.6545616875924,1578.6545616875924,0.99602413,0.0027461122
1578.655950559124,1578.655950559124,0.99879575,0.0027514314
1578.657339430888,1578.657339430888,0.99507093,0.002734705
1578.6587283024191,1578.6587283024191,0.99675244,0.0027315102
1578.6601171739512,1578.6601171739512,1.0018842,0.002741954
1578.6615060454828,1578.6615060454828,0.9973714,0.0027459224
1578.662894917014,1578.662894917014,0.99801666,0.002731519
1578.6642837885452,1578.6642837885452,0.998025,0.002735752
1578.6656726603096,1578.6656726603096,0.9989694,0.002734001
1578.6670615318415,1578.6670615318415,1.0023593,0.0027338408
1578.6684504033724,1578.6684504033724,0.99928594,0.0027342478
1578.6698392749036,1578.6698392749036,0.99767405,0.0027333363
1578.6712281464356,1578.6712281464356,1.0009282,0.0027348693
1578.6726170179672,1578.6726170179672,0.9975603,0.0027432865
1578.6740058894984,1578.6740058894984,0.9966803,0.0027379727
1578.6753947610296,1578.6753947610296,0.99956685,0.0027368765
1578.6767836325612,1578.6767836325612,0.99897885,0.0027375245
1578.6781725040923,1578.6781725040923,0.9980521,0.0027386788
1578.6795613756235,1578.6795613756235,0.9982719,0.0027374893
1578.6809502471551,1578.6809502471551,1.000281,0.0027397
1578.6823391186872,1578.6823391186872,0.9984714,0.002748102
1578.6837279902184,1578.6837279902184,1.0032547,0.0027397855
1578.6851168617493,1578.6851168617493,0.9985771,0.002734624
1578.6865057332811,1578.6865057332811,0.9972792,0.0027411089
1578.6878946048128,1578.6878946048128,1.000157,0.0027353046
1578.689283476344,1578.689283476344,0.9956403,0.002743897
1578.690672347875,1578.690672347875,1.0023626,0.0027401634
1578.6920612194067,1578.6920612194067,1.0004084,0.0027395757
1578.6934500909379,1578.6934500909379,1.0020578,0.0027358644
1578.694838962469,1578.694838962469,1.0013452,0.0027357084
1578.6962278340009,1578.6962278340009,1.0001514,0.002735019
1578.6976167055327,1578.6976167055327,0.999354,0.0027395699
1578.6990055770639,1578.6990055770639,1.0006889,0.002741939
1578.700394448595,1578.700394448595,1.00185,0.0027351568
1578.7017833201267,1578.7017833201267,1.0016133,0.002737286
1578.7031721914257,1578.7031721914257,1.0014402,0.0027433028
1578.7045610629566,1578.7045610629566,1.0000776,0.002754965
1578.7059499344878,1578.7059499344878,1.0034056,0.0027392223
1578.7073388060198,1578.7073388060198,0.9993358,0.0027400814
1578.7087276775515,1578.7087276775515,1.0005733,0.0027376984
1578.7101165488498,1578.7101165488498,1.0003924,0.0027427627
1578.711505420381,1578.711505420381,1.0014869,0.002748165
1578.7128942919126,1578.7128942919126,1.0002586,0.0027543525
1578.7142831634437,1578.7142831634437,1.0012146,0.0027372707
1578.715672034975,1578.715672034975,1.0024215,0.002744402
1578.7170609062737,1578.7170609062737,1.004763,0.0027429657
1578.7184497778057,1578.7184497778057,1.0026873,0.0027535018
1578.7198386493367,1578.7198386493367,0.9990808,0.0027354832
1578.7212275208676,1578.7212275208676,1.0014181,0.0027397228
1578.7226163921669,1578.7226163921669,1.00234,0.0027385612
1578.7240052636985,1578.7240052636985,1.005122,0.002736883
1578.7253941352296,1578.7253941352296,1.0051303,0.0027416619
1578.726783006528,1578.726783006528,1.0055381,0.0027427662
1578.7281718780596,1578.7281718780596,1.0050932,0.002737132
1578.7295607495907,1578.7295607495907,1.0026674,0.002736499
1578.730949620889,1578.730949620889,1.0034739,0.0027368567
1578.732338492421,1578.732338492421,1.0021483,0.0027364027
1578.73372736372,1578.73372736372,1.0032023,0.0027369575
1578.735116235251,1578.735116235251,1.002182,0.0027366262
1578.7365051067823,1578.7365051067823,1.0070249,0.0027415745
1578.737893978081,1578.737893978081,1.0013477,0.002747863
1578.7392828496127,1578.7392828496127,1.0022128,0.002739727
1578.740671720911,1578.740671720911,1.0024586,0.002747227
1578.7420605924422,1578.7420605924422,1.0031097,0.002749772
1578.7434494637414,1578.7434494637414,1.0019053,0.002734488
1578.744838335273,1578.744838335273,1.0072662,0.0027388614
1578.7462272068042,1578.7462272068042,1.0051512,0.0027389398
1578.7476160781025,1578.7476160781025,1.0038564,0.0027358131
1578.7490049496341,1578.7490049496341,1.0011086,0.0027344634
1578.7503938209325,1578.7503938209325,1.0041069,0.0027364541
1578.7517826924636,1578.7517826924636,1.001242,0.002751686
1578.7531715637624,1578.7531715637624,1.0016769,0.002735833
1578.7545604350616,1578.7545604350616,1.0025065,0.0027390206
1578.7559493065926,1578.7559493065926,1.0017881,0.002739122
1578.7573381778907,1578.7573381778907,1.0016787,0.0027507842
1578.7587270494228,1578.7587270494228,1.006303,0.002740213
1578.7601159207215,1578.7601159207215,1.0050412,0.0027447923
1578.7615047922527,1578.7615047922527,1.000171,0.0027522016
1578.762893663551,1578.762893663551,1.0047466,0.0027385869
1578.7642825348498,1578.7642825348498,1.0022131,0.0027353277
1578.765671406382,1578.765671406382,1.0032995,0.0027413948
1578.7670602776802,1578.7670602776802,1.00611,0.0027440756
1578.7684491489783,1578.7684491489783,1.0025783,0.002737152
1578.7698380205102,1578.7698380205102,1.0051266,0.0027425608
1578.7712268918085,1578.7712268918085,1.003592,0.0027381715
1578.7726157631068,1578.7726157631068,1.0049428,0.002750503
1578.7740046346385,1578.7740046346385,1.0075024,0.0027535823
1578.7753935059372,1578.7753935059372,1.0031129,0.0027389748
1578.7767823772356,1578.7767823772356,1.0053753,0.00274291
1578.7781712487667,1578.7781712487667,1.0095292,0.0027368297
1578.779560120066,1578.779560120066,1.0045768,0.0027519602
1578.7809489913648,1578.7809489913648,1.0046364,0.0027369563
1578.782337862663,1578.782337862663,1.0015426,0.0027365945
1578.7837267341943,1578.7837267341943,0.99939114,0.0027499937
1578.785115605493,1578.785115605493,1.0060138,0.0027384872
1578.7865044767914,1578.7865044767914,1.0043936,0.0027397815
1578.7878933480897,1578.7878933480897,1.0061109,0.0027466149
1578.7892822193885,1578.7892822193885,1.0037904,0.0027381177
1578.7906710909206,1578.7906710909206,1.0051827,0.00273841
1578.7920599622187,1578.7920599622187,1.0051643,0.0027363442
1578.7934488335168,1578.7934488335168,1.0077776,0.0027382332
1578.794837704816,1578.794837704816,1.0097654,0.0027550666
1578.7962265761148,1578.7962265761148,1.0023932,0.002737281
1578.7976154474131,1578.7976154474131,1.0058473,0.0027421478
1578.7990043187115,1578.7990043187115,1.0040804,0.0027543283
1578.800393190243,1578.800393190243,1.005393,0.0027449075
1578.8017820615423,1578.8017820615423,1.0047544,0.0027380255
1578.8031709328407,1578.8031709328407,1.0067896,0.0027406395
1578.8045598041388,1578.8045598041388,1.0035725,0.002738139
1578.8059486754378,1578.8059486754378,1.0085573,0.0027511115
1578.807337546736,1578.807337546736,1.0056317,0.0027534035
1578.8087264180344,1578.8087264180344,1.0033401,0.0027411429
1578.8101152893332,1578.8101152893332,1.005575,0.00273615
1578.811504160632,1578.811504160632,1.0051954,0.002737897
1578.8128930319303,1578.8128930319303,1.0046213,0.0027368923
1578.8142819032287,1578.8142819032287,1.0076574,0.0027383182
1578.8156707745277,1578.8156707745277,1.0042146,0.002741058
1578.8170596458267,1578.8170596458267,1.0050926,0.0027382108
1578.818448517125,1578.818448517125,1.0048462,0.0027419934
1578.8198373884234,1578.8198373884234,1.0051129,0.0027399815
1578.8212262597222,1578.8212262597222,1.0059171,0.0027569328
1578.8226151310205,1578.8226151310205,1.0069976,0.0027409208
1578.8240040023188,1578.8240040023188,1.0047799,0.0027408688
1578.8253928736176,1578.8253928736176,1.0050275,0.002738786
1578.826781744684,1578.826781744684,1.0084516,0.0027409424
1578.8281706159821,1578.8281706159821,1.0067576,0.0027524498
1578.8295594872802,1578.8295594872802,1.0072165,0.0027420656
1578.8309483585795,1578.8309483585795,1.0097939,0.0027557265
1578.8323372298782,1578.8323372298782,1.0094244,0.0027419662
1578.8337261011766,1578.8337261011766,1.006427,0.0027387063
1578.835114972475,1578.835114972475,1.0069612,0.0027372753
1578.8365038435409,1578.8365038435409,1.0090976,0.00273857
1578.83789271484,1578.83789271484,1.0095675,0.0027427615
1578.8392815861382,1578.8392815861382,1.0065205,0.0027395464
1578.8420593287356,1578.8420593287356,1.0087681,0.0027430449
1578.843448199801,1578.843448199801,1.0085741,0.0027586552
1578.8448370710994,1578.8448370710994,1.009583,0.002740467
1578.8462259423982,1578.8462259423982,1.0101544,0.0027528848
1578.847614813697,1578.847614813697,1.0080023,0.0027496817
1578.8490036847625,1578.8490036847625,1.0109936,0.0027417233
1578.8503925560608,1578.8503925560608,1.0054295,0.0027418525
1578.8517814273598,1578.8517814273598,1.0111953,0.002741374
1578.853170298426,1578.853170298426,1.0080978,0.0027417433
1578.8545591697243,1578.8545591697243,1.0092082,0.0027560927
1578.8559480410227,1578.8559480410227,1.0086855,0.0027406123
1578.8573369120886,1578.8573369120886,1.0075464,0.0027552275
1578.868447881779,1578.868447881779,1.0088934,0.0027411864
1578.8698367530774,1578.8698367530774,1.0096024,0.0027380853
1578.8712256241429,1578.8712256241429,1.0113404,0.0027394295
1578.8726144954417,1578.8726144954417,1.0134345,0.002746786
1578.874003366508,1578.874003366508,1.0097611,0.00274247
1578.8753922378055,1578.8753922378055,1.0112386,0.002739421
1578.876781109103,1578.876781109103,1.0095829,0.00273993
1578.8781699801693,1578.8781699801693,1.0113188,0.0027396998
1578.8795588512348,1578.8795588512348,1.0126307,0.0027410854
1578.880947722533,1578.880947722533,1.0093051,0.002745697
1578.8823365935991,1578.8823365935991,1.0137402,0.0027404889
1578.883725464898,1578.883725464898,1.00878,0.002745659
1578.8851143359634,1578.8851143359634,1.010755,0.0027426474
1578.8865032072617,1578.8865032072617,1.0122113,0.0027466035
1578.8878920783277,1578.8878920783277,1.0097572,0.002751284
1578.889280949627,1578.889280949627,1.0110234,0.002748151
1578.8906698206924,1578.8906698206924,1.0098969,0.0027425548
1578.892058691758,1578.892058691758,1.0093757,0.002744553
1578.8934475630567,1578.8934475630567,1.0082258,0.0027442635
1578.8948364341227,1578.8948364341227,1.010888,0.002742746
1578.8962253051882,1578.8962253051882,1.0114478,0.0027444712
1578.8976141764865,1578.8976141764865,1.0119412,0.0027524554
1578.8990030475527,1578.8990030475527,1.0116384,0.0027509986
1578.900391918618,1578.900391918618,1.0105175,0.0027426272
1578.9017807899163,1578.9017807899163,1.0111985,0.002743864
1578.9031696609827,1578.9031696609827,1.0114037,0.0027554855
1578.9045585320487,1578.9045585320487,1.0111663,0.002746317
1578.905947403347,1578.905947403347,1.0101461,0.002754174
1578.9073362744125,1578.9073362744125,1.0087663,0.0027545537
1578.9087251454785,1578.9087251454785,1.0117753,0.0027527302
1578.9101140165449,1578.9101140165449,1.0097786,0.0027422777
1578.911502887843,1578.911502887843,1.0115651,0.0027407594
1578.9128917589082,1578.9128917589082,1.0133878,0.0027421813
1578.9142806299747,1578.9142806299747,1.0147822,0.002755353
1578.9156695010402,1578.9156695010402,1.0100622,0.0027406602
1578.9170583721054,1578.9170583721054,1.013048,0.002749381
1578.9184472434044,1578.9184472434044,1.0064039,0.0027406742
1578.9198361144704,1578.9198361144704,1.0150858,0.0027476724
1578.921224985536,1578.921224985536,1.0129894,0.0027417578
1578.9226138566014,1578.9226138566014,1.0109721,0.0027546624
1578.9240027276674,1578.9240027276674,1.0131431,0.0027444887
1578.9253915987338,1578.9253915987338,1.0140835,0.0027423697
1578.9267804697993,1578.9267804697993,1.0121865,0.0027545588
1578.9281693408645,1578.9281693408645,1.017772,0.0027481185
1578.9295582121636,1578.9295582121636,1.0141664,0.00275141
1578.9309470832295,1578.9309470832295,1.015675,0.0027441035
1578.932335954295,1578.932335954295,1.0122191,0.0027446798
1578.9337248253605,1578.9337248253605,1.0136821,0.0027507034
1578.9351136964267,1578.9351136964267,1.0113168,0.0027419515
1578.936502567492,1578.936502567492,1.0117731,0.002742518
1578.9378914385575,1578.9378914385575,1.0144005,0.0027467282
1578.9392803096239,1578.9392803096239,1.0130622,0.002742688
1578.9406691806898,1578.9406691806898,1.0148667,0.0027437494
1578.9420580517553,1578.9420580517553,1.0115521,0.0027456104
1578.9434469228208,1578.9434469228208,1.0126818,0.0027500892
1578.9448357938868,1578.9448357938868,1.015677,0.0027406942
1578.946224664953,1578.946224664953,1.0117162,0.002743528
1578.9476135360183,1578.9476135360183,1.0143421,0.0027447217
1578.9490024070838,1578.9490024070838,1.012266,0.0027515811
1578.9503912781502,1578.9503912781502,1.015815,0.0027699634
1578.9517801489826,1578.9517801489826,1.0161841,0.0027442607
1578.9531690200479,1578.9531690200479,1.0154384,0.0027518894
1578.9545578911143,1578.9545578911143,1.0144179,0.0027414747
1578.9559467621802,1578.9559467621802,1.014627,0.002743992
1578.9573356332457,1578.9573356332457,1.0141551,0.0027462444
1578.9587245043112,1578.9587245043112,1.0126237,0.0027439282
1578.9601133753772,1578.9601133753772,1.0128442,0.002746695
1578.9615022464436,1578.9615022464436,1.0160974,0.002744129
1578.9628911172763,1578.9628911172763,1.0157257,0.002744057
1578.9642799883416,1578.9642799883416,1.0147227,0.0027434903
1578.9656688594077,1578.9656688594077,1.0156989,0.002748435
1578.9670577304737,1578.9670577304737,1.013755,0.002743802
1578.9684466015392,1578.9684466015392,1.0319141,0.0027491923
1578.9698354723719,1578.9698354723719,1.1028317,0.0027947798
1578.9712243434378,1578.9712243434378,1.0818152,0.0027714302
1578.9726132145033,1578.9726132145033,1.0664564,0.0027660548
1578.9740020855688,1578.9740020855688,1.059758,0.002765764
1578.9753909564024,1578.9753909564024,1.057297,0.0027619347
1578.9767798274684,1578.9767798274684,1.0514659,0.0027594983
1578.9781686985339,1578.9781686985339,1.048087,0.002757579
1578.9795575693665,1578.9795575693665,1.0505981,0.002761037
1578.9809464404325,1578.9809464404325,1.0475519,0.0027600024
1578.9823353114987,1578.9823353114987,1.0448394,0.002768523
1578.9837241823311,1578.9837241823311,1.0417409,0.0027551835
1578.9851130533966,1578.9851130533966,1.0425867,0.0027564918
1578.986501924463,1578.986501924463,1.0366024,0.0027510822
1578.9878907952955,1578.9878907952955,1.0377753,0.0027645978
1578.9892796663607,1578.9892796663607,1.036183,0.0027771308
1578.9906685371943,1578.9906685371943,1.034147,0.0027503762
1578.9920574082603,1578.9920574082603,1.0315331,0.002750335
1578.9934462793258,1578.9934462793258,1.0345517,0.0027504114
1578.9948351501585,1578.9948351501585,1.0280782,0.0027492149
1578.9962240212244,1578.9962240212244,1.0328752,0.0027515101
1578.997612892058,1578.997612892058,1.0286909,0.0027613703
1578.9990017631235,1578.9990017631235,1.0279002,0.0027492715
1579.000390633956,1579.000390633956,1.0239434,0.002742805
1579.0017795050221,1579.0017795050221,1.0266109,0.002747241
1579.0031683758552,1579.0031683758552,1.022444,0.0027518144
1579.0045572469207,1579.0045572469207,1.0269389,0.002749858
1579.0059461177534,1579.0059461177534,1.0214998,0.0027477168
1579.0073349888194,1579.0073349888194,1.0205492,0.0027549602
1579.008723859652,1579.008723859652,1.0215043,0.002745416
1579.0101127307175,1579.0101127307175,1.0224029,0.002743484
1579.0115016015511,1579.0115016015511,1.0207286,0.0027430668
1579.0128904723842,1579.0128904723842,1.022655,0.0027547188
1579.0142793434497,1579.0142793434497,1.0235856,0.0027469227
1579.0156682142824,1579.0156682142824,1.0199449,0.0027476808
1579.0170570853484,1579.0170570853484,1.0202855,0.0027446812
1579.0184459561817,1579.0184459561817,1.020554,0.002754339
1579.0198348270142,1579.0198348270142,1.0188881,0.0027479723
1579.0212236980797,1579.0212236980797,1.0152173,0.0027519746
1579.0226125689132,1579.0226125689132,1.0221967,0.0027472037
1579.0240014397464,1579.0240014397464,1.0156782,0.0027460593
1579.0253903108119,1579.0253903108119,1.022026,0.0027488896
1579.0267791816445,1579.0267791816445,1.0157198,0.0027499818
1579.0281680524777,1579.0281680524777,1.0166129,0.0027570934
1579.0295569235432,1579.0295569235432,1.0177076,0.0027418653
1579.0309457943758,1579.0309457943758,1.0173936,0.002745246
1579.032334665209,1579.032334665209,1.0176448,0.0027442218
1579.0337235360425,1579.0337235360425,1.0201489,0.0027485278
1579.035112407108,1579.035112407108,1.0154785,0.0027415447
1579.0365012779405,1579.0365012779405,1.0179437,0.0027473227
1579.0378901487738,1579.0378901487738,1.0154586,0.0027420782
1579.039279019607,1579.039279019607,1.0157802,0.0027423908
1579.0406678904396,1579.0406678904396,1.0171889,0.0027443082
1579.0420567615051,1579.0420567615051,1.018531,0.0027417867
1579.0434456323383,1579.0434456323383,1.0179636,0.0027432046
1579.044834503171,1579.044834503171,1.0136877,0.002744644
1579.0462233740036,1579.0462233740036,1.0169847,0.0027420986
1579.047612244837,1579.047612244837,1.013602,0.0027415238
1579.0490011156703,1579.0490011156703,1.0146031,0.0027443713
1579.050389986503,1579.050389986503,1.0142713,0.0027418877
1579.0517788575685,1579.0517788575685,1.0156035,0.0027463832
1579.0531677284016,1579.0531677284016,1.0143886,0.0027415082
1579.054556599235,1579.054556599235,1.0184048,0.002746706
1579.0559454700674,1579.0559454700674,1.013954,0.002768908
1579.0573343409,1579.0573343409,1.0122889,0.0027415424
1579.0587232117336,1579.0587232117336,1.0132535,0.0027594764
1579.0601120825668,1579.0601120825668,1.0149957,0.002752299
1579.0615009533994,1579.0615009533994,1.0169073,0.0027578706
1579.0628898242321,1579.0628898242321,1.0162834,0.002741398
1579.0642786950652,1579.0642786950652,1.0176297,0.0027561905
1579.065667565898,1579.065667565898,1.0148011,0.0027506556
1579.0670564367306,1579.0670564367306,1.0176133,0.0027517932
1579.0684453075637,1579.0684453075637,1.0166277,0.0027526862
1579.0698341783973,1579.0698341783973,1.0149645,0.0027433105
1579.0712230492297,1579.0712230492297,1.0141406,0.0027406944
1579.0726119200622,1579.0726119200622,1.0157286,0.002739778
1579.0740007908958,1579.0740007908958,1.014607,0.0027407622
1579.0753896617289,1579.0753896617289,1.0162158,0.0027417622
1579.0767785325615,1579.0767785325615,1.0176582,0.0027436772
1579.0781674031614,1579.0781674031614,1.017004,0.0027465809
1579.079556273994,1579.079556273994,1.0161611,0.0027425992
1579.0809451448258,1579.0809451448258,1.0193759,0.0027442756
1579.0823340156585,1579.0823340156585,1.0118475,0.0027446703
1579.0837228864918,1579.0837228864918,1.0198929,0.0027525385
1579.0851117573252,1579.0851117573252,1.0157609,0.0027413582
1579.086500627925,1579.086500627925,1.011634,0.002746447
1579.0878894987577,1579.0878894987577,1.0154511,0.0027523134
1579.0892783695908,1579.0892783695908,1.0140002,0.002756284
1579.090667240424,1579.090667240424,1.0122317,0.0027467946
1579.0920561112566,1579.0920561112566,1.0123993,0.0027402847
1579.0934449818565,1579.0934449818565,1.0153896,0.0027439767
1579.0948338526898,1579.0948338526898,1.0143291,0.0027403492
1579.0962227235232,1579.0962227235232,1.0172167,0.0027463022
1579.0976115943558,1579.0976115943558,1.0162829,0.002742683
1579.0990004649557,1579.0990004649557,1.0180638,0.002743236
1579.1003893357888,1579.1003893357888,1.0140532,0.0027448346
1579.1017782066215,1579.1017782066215,1.0179008,0.0027425913
1579.1031670772213,1579.1031670772213,1.0153897,0.0027423098
1579.1045559480544,1579.1045559480544,1.0140952,0.0027464775
1579.105944818888,1579.105944818888,1.0176558,0.0027501895
1579.1073336894876,1579.1073336894876,1.014271,0.0027523537
1579.10872256032,1579.10872256032,1.0169244,0.002752887
1579.1101114311537,1579.1101114311537,1.0147053,0.0027418481
1579.111500301754,1579.111500301754,1.0151961,0.0027561425
1579.1128891725866,1579.1128891725866,1.0194124,0.0027430174
1579.1142780431865,1579.1142780431865,1.0131619,0.002745572
1579.1156669140196,1579.1156669140196,1.0165871,0.0027443843
1579.1170557848523,1579.1170557848523,1.015271,0.002754014
1579.118444655452,1579.118444655452,1.0128217,0.0027401703
1579.1198335262852,1579.1198335262852,1.0133854,0.0027448535
1579.121222396886,1579.121222396886,1.0118417,0.0027411303
1579.1226112677186,1579.1226112677186,1.0139172,0.0027416933
1579.1240001383185,1579.1240001383185,1.0195075,0.0027447357
1579.1253890091516,1579.1253890091516,1.0104715,0.0027422681
1579.126777879752,1579.126777879752,1.0148015,0.0027423776
1579.1281667505846,1579.1281667505846,1.0128108,0.0027518908
1579.1295556211844,1579.1295556211844,1.0153565,0.002742511
1579.1309444920178,1579.1309444920178,1.0170858,0.0027445226
1579.1323333626183,1579.1323333626183,1.0165716,0.002744363
1579.133722233451,1579.133722233451,1.0205328,0.002744105
1579.1351111040508,1579.1351111040508,1.0118983,0.0027484624
1579.136499974651,1579.136499974651,1.0156591,0.0027434211
1579.1378888454838,1579.1378888454838,1.0126735,0.0027417215
1579.1392777160836,1579.1392777160836,1.0153474,0.0027485425
1579.140666586684,1579.140666586684,1.0138295,0.002744038
1579.1420554575175,1579.1420554575175,1.0144081,0.0027513974
1579.143444328117,1579.143444328117,1.0114616,0.002742308
1579.1448331989495,1579.1448331989495,1.0141603,0.0027413184
1579.1462220695503,1579.1462220695503,1.013756,0.0027418507
1579.1476109401506,1579.1476109401506,1.0091491,0.0027393347
1579.1489998107504,1579.1489998107504,1.0117229,0.002740172
1579.150388681583,1579.150388681583,1.0115187,0.0027536328
1579.1517775521834,1579.1517775521834,1.0099953,0.0027450302
1579.1531664227841,1579.1531664227841,1.0116954,0.0027426057
1579.1545552936166,1579.1545552936166,1.0138757,0.0027422186
1579.1559441642162,1579.1559441642162,1.0118129,0.0027465632
1579.157333034817,1579.157333034817,1.0133425,0.002750787
1579.1587219054168,1579.1587219054168,1.0125505,0.0027460256
1579.1601107760164,1579.1601107760164,1.0164713,0.0027493744
1579.1614996468497,1579.1614996468497,1.0144655,0.0027415704
1579.16288851745,1579.16288851745,1.0137615,0.0027410984
1579.1642773880499,1579.1642773880499,1.0137058,0.0027433247
1579.1656662586497,1579.1656662586497,1.0114377,0.0027405457
1579.1670551292502,1579.1670551292502,1.0130804,0.0027474375
1579.1684440000836,1579.1684440000836,1.0110239,0.0027424642
1579.1698328706834,1579.1698328706834,1.0138086,0.002741982
1579.1712217412833,1579.1712217412833,1.0106683,0.002741101
1579.1726106118836,1579.1726106118836,1.0105355,0.0027409347
1579.1739994824834,1579.1739994824834,1.0114012,0.0027404625
1579.1753883530832,1579.1753883530832,1.0115012,0.0027583647
1579.1767772236835,1579.1767772236835,1.0083133,0.0027378083
1579.178166094284,1579.178166094284,1.0109664,0.0027479206
1579.1795549648837,1579.1795549648837,1.0099072,0.002741598
1579.1809438354835,1579.1809438354835,1.0107216,0.0027390067
1579.1823327060843,1579.1823327060843,1.0120156,0.0027426712
1579.1837215766845,1579.1837215766845,1.0100678,0.002744439
1579.1851104472844,1579.1851104472844,1.0101404,0.002743509
1579.1864993178842,1579.1864993178842,1.0096467,0.0027400737
1579.1878881884845,1579.1878881884845,1.0114658,0.0027386867
1579.1892770590853,1579.1892770590853,1.0119864,0.0027528321
1579.1906659296849,1579.1906659296849,1.0102441,0.0027392337
1579.1920548002845,1579.1920548002845,1.0126531,0.0027423904
1579.1934436708852,1579.1934436708852,1.0134511,0.0027432267
1579.194832541485,1579.194832541485,1.0135028,0.0027509434
1579.1962214120847,1579.1962214120847,1.0134398,0.0027429368
1579.1976102826852,1579.1976102826852,1.0084502,0.0027383142
1579.1989991532855,1579.1989991532855,1.0119513,0.0027390504
1579.2003880238854,1579.2003880238854,1.0120361,0.0027597796
1579.2017768942524,1579.2017768942524,1.008627,0.0027547427
1579.2031657648527,1579.2031657648527,1.010641,0.0027470617
1579.2045546354534,1579.2045546354534,1.0075074,0.0027395035
1579.2059435060532,1579.2059435060532,1.0106846,0.0027404851
1579.207332376653,1579.207332376653,1.0088118,0.0027405056
1579.2087212472534,1579.2087212472534,1.0123698,0.0027419794
1579.2101101176204,1579.2101101176204,1.0110906,0.0027545046
1579.2114989882202,1579.2114989882202,1.0121866,0.0027463632
1579.2128878588205,1579.2128878588205,1.0092871,0.0027437315
1579.214276729421,1579.214276729421,1.0130172,0.0027479061
1579.2156655997878,1579.2156655997878,1.009153,0.0027397769
1579.2170544703877,1579.2170544703877,1.007584,0.002742625
1579.2184433409884,1579.2184433409884,1.0098201,0.0027407757
1579.2198322115887,1579.2198322115887,1.008958,0.002753178
1579.2212210819557,1579.2212210819557,1.0099227,0.00273609
1579.2226099525556,1579.2226099525556,1.0117208,0.00274379
1579.2239988231559,1579.2239988231559,1.0086926,0.002746722
1579.2253876935238,1579.2253876935238,1.0100831,0.0027440432
1579.2267765641234,1579.2267765641234,1.0089452,0.00273839
1579.228165434723,1579.228165434723,1.0071174,0.0027466866
1579.229554305091,1579.229554305091,1.0070459,0.0027370958
1579.2309431756908,1579.2309431756908,1.0078012,0.0027544026
1579.2323320460575,1579.2323320460575,1.0078335,0.0027435257
1579.233720916658,1579.233720916658,1.0079021,0.0027389424
1579.2351097872584,1579.2351097872584,1.0109695,0.0027483527
1579.2364986576254,1579.2364986576254,1.0047042,0.0027438598
1579.2378875282252,1579.2378875282252,1.0108871,0.00273889
1579.2392763985927,1579.2392763985927,1.0086501,0.0027410965
1579.2406652691934,1579.2406652691934,1.0074873,0.00274178
1579.2420541395604,1579.2420541395604,1.0072998,0.0027418842
1579.24344301016,1579.24344301016,1.0099825,0.002742086
1579.2448318805277,1579.2448318805277,1.0079391,0.0027416805
1579.2462207511276,1579.2462207511276,1.011196,0.0027452363
1579.2476096214946,1579.2476096214946,1.0113542,0.002740892
1579.2489984920949,1579.2489984920949,1.0070256,0.002745737
1579.2503873624626,1579.2503873624626,1.0087068,0.0027445476
1579.2517762330622,1579.2517762330622,1.0057513,0.002740849
1579.2531651034292,1579.2531651034292,1.0066738,0.0027387843
1579.254553973797,1579.254553973797,1.0033792,0.0027358371
1579.2559428443967,1579.2559428443967,1.0080595,0.002753611
1579.257331714763,1579.257331714763,1.003468,0.0027368492
1579.2587205853629,1579.2587205853629,1.0080019,0.0027378178
1579.2601094557303,1579.2601094557303,1.0066149,0.002737243
1579.261498326098,1579.261498326098,1.0076444,0.0027394684
1579.2628871966976,1579.2628871966976,1.007292,0.0027472442
1579.2642760670647,1579.2642760670647,1.0049498,0.0027397815
1579.2656649374326,1579.2656649374326,1.0101013,0.0027412253
1579.2670538080322,1579.2670538080322,1.0061693,0.0027366357
1579.268442678399,1579.268442678399,1.0062686,0.0027384306
1579.269831548767,1579.269831548767,1.0065813,0.002740493
1579.2712204193672,1579.2712204193672,1.0062591,0.0027401526
1579.2726092897342,1579.2726092897342,1.0118101,0.0027536142
1579.2739981601012,1579.2739981601012,1.0082502,0.002740698
1579.2753870304687,1579.2753870304687,1.0054518,0.0027379966
1579.2767759010694,1579.2767759010694,1.0048044,0.0027392684
1579.2781647714364,1579.2781647714364,1.0087231,0.0027529984
1579.2795536418032,1579.2795536418032,1.0047989,0.0027363177
1579.280942512171,1579.280942512171,1.0062362,0.002750971
1579.2823313825384,1579.2823313825384,1.008698,0.002742129
1579.2837202529054,1579.2837202529054,1.0027376,0.0027530922
1579.2851091235052,1579.2851091235052,1.0057813,0.002737402
1579.2864979938727,1579.2864979938727,1.0078475,0.0027517627
1579.2878868642397,1579.2878868642397,1.005861,0.0027420358
1579.2892757346067,1579.2892757346067,1.0060215,0.0027389613
1579.2906646049746,1579.2906646049746,1.001595,0.0027361847
1579.292053475342,1579.292053475342,1.0072644,0.0027417317
1579.293442345709,1579.293442345709,1.0072819,0.0027405352
1579.294831216076,1579.294831216076,1.0056818,0.0027388134
1579.2962200864436,1579.2962200864436,1.0092565,0.0027597477
1579.297608957044,1579.297608957044,1.0039974,0.0027414395
1579.2989978274109,1579.2989978274109,1.0072134,0.002738536
1579.3003866977779,1579.3003866977779,1.0056566,0.0027392646
1579.3017755681458,1579.3017755681458,1.0065824,0.0027434602
1579.3031644385126,1579.3031644385126,1.0091168,0.0027382057
1579.3045533088793,1579.3045533088793,1.0020081,0.0027376064
1579.3059421792473,1579.3059421792473,1.005924,0.0027368162
1579.3073310496147,1579.3073310496147,1.0055009,0.00273532
1579.308719919749,1579.308719919749,1.0088867,0.0027390239
1579.310108790116,1579.310108790116,1.002522,0.0027398572
1579.3114976604834,1579.3114976604834,1.0065144,0.002737166
1579.3128865308513,1579.3128865308513,1.0059974,0.0027396653
1579.3142754012183,1579.3142754012183,1.0050665,0.0027522203
1579.315664271585,1579.315664271585,1.0039212,0.00274245
1579.3170531419528,1579.3170531419528,1.0026296,0.0027445685
1579.3184420123202,1579.3184420123202,1.0035448,0.002737139
1579.3198308826873,1579.3198308826873,1.0032436,0.002738727
1579.3212197530543,1579.3212197530543,1.0035254,0.0027355256
1579.322608623189,1579.322608623189,1.0032485,0.0027364097
1579.323997493556,1579.323997493556,1.0082786,0.0027400039
1579.325386363923,1579.325386363923,1.0051905,0.002739882
1579.3267752342906,1579.3267752342906,1.0063057,0.002742583
1579.3281641046583,1579.3281641046583,1.0049958,0.0027386677
1579.3295529747925,1579.3295529747925,1.0080748,0.0027365792
1579.3309418451595,1579.3309418451595,1.0073477,0.0027380115
1579.332330715527,1579.332330715527,1.0025256,0.0027367943
1579.3337195858946,1579.3337195858946,1.0008996,0.0027350883
1579.3351084560286,1579.3351084560286,1.0078534,0.002741023
1579.3364973263956,1579.3364973263956,1.0016792,0.0027383869
1579.3378861967635,1579.3378861967635,1.0016896,0.0027394413
1579.3392750668975,1579.3392750668975,1.002835,0.0027395112
1579.3406639372643,1579.3406639372643,1.0000892,0.002745089
1579.3420528076322,1579.3420528076322,1.0034704,0.0027404772
1579.3434416777668,1579.3434416777668,1.0011933,0.0027343992
1579.3448305481338,1579.3448305481338,1.0011219,0.0027430607
1579.3462194185008,1579.3462194185008,1.0009341,0.0027384483
1579.3476082886355,1579.3476082886355,1.0025407,0.0027368276
1579.3489971590034,1579.3489971590034,0.99983335,0.0027313405
1579.3503860293702,1579.3503860293702,1.0037045,0.0027377964
1579.351774899504,1579.351774899504,1.0018246,0.0027366863
1579.353163769872,1579.353163769872,1.0064428,0.0027513744
1579.3545526400067,1579.3545526400067,1.0058436,0.0027364409
1579.3559415103737,1579.3559415103737,1.0005437,0.0027355978
1579.3573303805078,1579.3573303805078,1.0029616,0.0027512815
1579.3587192508753,1579.3587192508753,1.0020242,0.0027341463
1579.3601081210095,1579.3601081210095,1.0023159,0.0027340872
1579.3614969913765,1579.3614969913765,0.99979985,0.0027351538
1579.3628858615114,1579.3628858615114,0.9991201,0.0027367144
1579.364274731879,1579.364274731879,1.000685,0.0027352376
1579.3656636020132,1579.3656636020132,0.9977988,0.0027362027
1579.3670524723802,1579.3670524723802,0.9992226,0.002746949
1579.3684413425149,1579.3684413425149,1.0025805,0.0027404318
1579.3698302128823,1579.3698302128823,0.99849844,0.002733148
1579.3712190830165,1579.3712190830165,0.999209,0.0027420712
1579.3726079531507,1579.3726079531507,1.0012932,0.0027373019
1579.3739968235186,1579.3739968235186,0.9980079,0.0027344762
1579.3753856936526,1579.3753856936526,1.0022645,0.0027480433
1579.3767745637865,1579.3767745637865,0.9986535,0.0027350625
1579.3781634341544,1579.3781634341544,0.99691033,0.0027383189
1579.379552304289,1579.379552304289,1.000819,0.002740569
1579.380941174656,1579.380941174656,0.99565333,0.0027303058
1579.3823300447903,1579.3823300447903,0.99957144,0.0027334115
1579.3837189149249,1579.3837189149249,0.9992934,0.0027386409
1579.38510778506,1579.38510778506,0.9985962,0.0027337156
1579.3864966554268,1579.3864966554268,0.9973631,0.0027366397
1579.3878855255607,1579.3878855255607,0.9942714,0.002734356
1579.3892743956958,1579.3892743956958,0.99751127,0.0027310736
1579.3906632658304,1579.3906632658304,0.9962,0.0027371196
1579.3920521361974,1579.3920521361974,0.99699813,0.0027317253
1579.3934410063316,1579.3934410063316,1.0046986,0.0027366753
1579.3948298764662,1579.3948298764662,1.0080981,0.0027414162
1579.3962187466004,1579.3962187466004,1.0034868,0.0027421187
1579.3976076169674,1579.3976076169674,1.0067512,0.0027414996
1579.3989964871023,1579.3989964871023,1.0022122,0.002738283
1579.4003853572372,1579.4003853572372,1.0035293,0.0027443462
1579.4017742273713,1579.4017742273713,1.000517,0.0027338676
1579.4031630975055,1579.4031630975055,1.0019631,0.0027383002
1579.4045519676401,1579.4045519676401,1.0003752,0.0027350634
1579.4059408377748,1579.4059408377748,1.0001404,0.0027431927
1579.407329707909,1579.407329707909,0.99911004,0.0027418807
1579.408718578276,1579.408718578276,0.999206,0.00273466
1579.4101074484108,1579.4101074484108,0.9992089,0.002748859
1579.4114963185457,1579.4114963185457,1.0040896,0.002739808
1579.412885188679,1579.412885188679,0.9957012,0.002738048
1579.4142740588127,1579.4142740588127,0.9970058,0.0027513083
1579.4156629289473,1579.4156629289473,0.99759316,0.0027410542
1579.4170517990815,1579.4170517990815,0.99213505,0.00273541
1579.4184406692157,1579.4184406692157,0.99881506,0.0027368704
1579.4198295393503,1579.4198295393503,0.99476576,0.0027389014
1579.4212184094854,1579.4212184094854,0.9985718,0.0027400278
1579.4226072796193,1579.4226072796193,0.99231446,0.0027373042
1579.4239961497533,1579.4239961497533,0.9951445,0.002731757
1579.4253850198884,1579.4253850198884,0.99425715,0.0027324709
1579.4267738897902,1579.4267738897902,0.99142915,0.0027336166
1579.4281627599244,1579.4281627599244,0.9974848,0.0027333656
1579.4295516300585,1579.4295516300585,0.99186116,0.0027326136
1579.4309405001932,1579.4309405001932,0.99545234,0.0027327917
1579.4323293703274,1579.4323293703274,0.99566203,0.0027342797
1579.4337182404615,1579.4337182404615,0.9929336,0.0027322227
1579.4351071105962,1579.4351071105962,0.991879,0.00273549
1579.4364959807313,1579.4364959807313,0.99150425,0.0027321037
1579.4378848506326,1579.4378848506326,0.9941191,0.002741613
1579.4392737207666,1579.4392737207666,0.99398285,0.0027296117
1579.4406625909014,1579.4406625909014,0.9966395,0.0027457112
1579.442051461036,1579.442051461036,0.9909414,0.002740898
1579.4434403311702,1579.4434403311702,0.99327064,0.0027464582
1579.4448292010716,1579.4448292010716,0.99341583,0.0027352062
1579.4462180712064,1579.4462180712064,0.9926939,0.0027342679
1579.4476069413413,1579.4476069413413,0.9945487,0.002743235
1579.4489958114755,1579.4489958114755,0.9920227,0.0027326306
1579.4503846813768,1579.4503846813768,0.9928619,0.0027303272
1579.4517735515115,1579.4517735515115,0.9903247,0.0027393515
1579.4531624216456,1579.4531624216456,0.99299765,0.0027549125
1579.454551291547,1579.454551291547,0.9927411,0.002736157
1579.4559401616816,1579.4559401616816,0.9910658,0.002734013
1579.4573290318165,1579.4573290318165,0.99375576,0.0027336236
1579.4587179017176,1579.4587179017176,0.99303806,0.0027321011
1579.4601067718518,1579.4601067718518,0.9927943,0.0027379103
1579.4614956419869,1579.4614956419869,1.0005655,0.002734511
1579.4628845118887,1579.4628845118887,1.0014893,0.0027329493
1579.4642733820228,1579.4642733820228,0.99798316,0.0027343328
1579.4656622519242,1579.4656622519242,0.9965463,0.0027400195
1579.4670511220588,1579.4670511220588,0.99408525,0.0027454772
1579.468439992193,1579.468439992193,0.99321723,0.0027363424
1579.4698288620943,1579.4698288620943,0.99356765,0.0027377158
1579.471217732229,1579.471217732229,0.99338037,0.0027339407
1579.4726066021312,1579.4726066021312,0.9929907,0.0027351552
1579.4739954722654,1579.4739954722654,0.9902001,0.0027321023
1579.4753843421665,1579.4753843421665,0.99354523,0.0027397121
1579.4767732123014,1579.4767732123014,0.9951262,0.0027461967
1579.4781620822032,1579.4781620822032,0.99690884,0.0027370513
1579.4795509523374,1579.4795509523374,0.9921847,0.0027330983
1579.4809398222387,1579.4809398222387,0.9923673,0.0027314797
1579.4823286921405,1579.4823286921405,0.99516356,0.0027311963
1579.4837175622756,1579.4837175622756,0.989636,0.0027334897
1579.485106432177,1579.485106432177,0.9898665,0.0027371373
1579.4864953023111,1579.4864953023111,0.99188894,0.0027323088
1579.487884172213,1579.487884172213,0.9913637,0.002733624
1579.4892730421143,1579.4892730421143,0.9921342,0.0027319337
1579.4906619122485,1579.4906619122485,0.99159646,0.0027437625
1579.4920507821503,1579.4920507821503,0.9924152,0.0027359377
1579.4934396520523,1579.4934396520523,0.99378425,0.002733029
1579.4948285221863,1579.4948285221863,0.9930842,0.0027413077
1579.4962173920876,1579.4962173920876,0.9903695,0.0027438074
1579.4976062619899,1579.4976062619899,0.9942211,0.0027338108
1579.4989951321245,1579.4989951321245,0.9924142,0.0027393547
1579.5003840020258,1579.5003840020258,0.9886488,0.002729179
1579.5017728719272,1579.5017728719272,0.9915295,0.0027360073
1579.503161741829,1579.503161741829,0.9879014,0.0027286222
1579.5045506119632,1579.5045506119632,0.98971283,0.0027298229
1579.5059394818645,1579.5059394818645,0.9895075,0.002748724
1579.5073283517663,1579.5073283517663,0.9877983,0.0027514629
1579.5087172216686,1579.5087172216686,0.9885105,0.0027307055
1579.51010609157,1579.51010609157,0.991516,0.0027306932
1579.5114949617039,1579.5114949617039,0.9896958,0.0027481853
1579.512883831606,1579.512883831606,0.9898844,0.0027286
1579.5142727015077,1579.5142727015077,0.988361,0.0027429292
1579.515661571409,1579.515661571409,0.987241,0.0027306858
1579.5170504413104,1579.5170504413104,0.9880201,0.0027351913
1579.5184393112122,1579.5184393112122,0.9924152,0.0027433329
1579.5198281811145,1579.5198281811145,0.9891982,0.0027512903
1579.5212170510158,1579.5212170510158,0.99291915,0.0027332327
1579.522605920917,1579.522605920917,0.99045473,0.0027292278
1579.5239947910518,1579.5239947910518,0.9879618,0.002736737
1579.5253836609531,1579.5253836609531,0.98919016,0.0027318853
1579.5267725308545,1579.5267725308545,0.9914034,0.0027380828
1579.5281614007563,1579.5281614007563,0.98818606,0.0027305172
1579.5295502706583,1579.5295502706583,0.9896312,0.0027330641
1579.5309391405594,1579.5309391405594,0.9919251,0.0027332176
1579.5323280104608,1579.5323280104608,0.9879704,0.0027276035
1579.533716880363,1579.533716880363,0.98535067,0.0027335654
1579.5351057502648,1579.5351057502648,0.987338,0.002736502
1579.5364946199334,1579.5364946199334,0.9879782,0.0027340194
1579.5378834898347,1579.5378834898347,0.9888036,0.002733838
1579.5392723597365,1579.5392723597365,0.98952246,0.0027324795
1579.54205009954,1579.54205009954,0.990471,0.0027305598
1579.543438969441,1579.543438969441,0.98834527,0.0027334183
1579.5448278393433,1579.5448278393433,0.987535,0.0027435194
1579.5462167092446,1579.5462167092446,0.9850383,0.002731019
1579.5476055791457,1579.5476055791457,0.9868721,0.0027298287
1579.548994448815,1579.548994448815,0.98416984,0.002732318
1579.5503833187167,1579.5503833187167,0.9890729,0.0027306671
1579.551772188618,1579.551772188618,0.9844219,0.0027324476
1579.5531610585194,1579.5531610585194,0.9875498,0.002734367
1579.5545499284212,1579.5545499284212,0.98750377,0.0027278697
1579.5559387980907,1579.5559387980907,0.98697823,0.002729554
1579.557327667991,1579.557327667991,0.9863246,0.002731599
1579.5587165378918,1579.5587165378918,0.98795223,0.0027326525
1579.5601054077938,1579.5601054077938,0.9847062,0.0027275532
1579.5614942774623,1579.5614942774623,0.98746204,0.002737999
1579.5628831473637,1579.5628831473637,0.98533994,0.0027312883
1579.5642720172655,1579.5642720172655,0.9859487,0.0027352318
1579.5656608869344,1579.5656608869344,0.9856975,0.002727876
1579.5670497568358,1579.5670497568358,0.98942506,0.0027300813
1579.5684386267371,1579.5684386267371,0.98467684,0.00272683
1579.5698274964066,1579.5698274964066,0.9840254,0.0027446966
1579.5712163663084,1579.5712163663084,0.9823249,0.002726578
1579.5726052362097,1579.5726052362097,0.9874748,0.0027444349
1579.5739941058782,1579.5739941058782,0.98515147,0.0027293868
1579.57538297578,1579.57538297578,0.9860981,0.0027311235
1579.5767718454492,1579.5767718454492,0.9875213,0.0027312553
1579.5781607153504,1579.5781607153504,0.98955756,0.002736732
1579.5795495850189,1579.5795495850189,0.9841177,0.002732148
1579.5809384549211,1579.5809384549211,0.98914564,0.0027365983
1579.5823273248222,1579.5823273248222,0.9853666,0.0027300252
1579.5837161944905,1579.5837161944905,0.98603094,0.0027378171
1579.5851050643928,1579.5851050643928,0.9873317,0.0027319153
1579.5864939340618,1579.5864939340618,0.9880968,0.0027411538
1579.587882803963,1579.587882803963,0.98556715,0.0027335794
1579.5892716736316,1579.5892716736316,0.9865339,0.0027302308
1579.5906605433006,1579.5906605433006,0.9895463,0.0027347098
1579.5920494132029,1579.5920494132029,0.9865333,0.002728893
1579.5934382828714,1579.5934382828714,0.9840635,0.002730338
1579.5948271527725,1579.5948271527725,0.98189855,0.0027441739
1579.5962160224417,1579.5962160224417,0.9865169,0.0027293742
1579.597604892343,1579.597604892343,0.9871781,0.0027321647
1579.5989937620116,1579.5989937620116,0.9829991,0.002732557
1579.6003826316805,1579.6003826316805,0.986555,0.0027278226
1579.6017715015823,1579.6017715015823,0.9860128,0.0027300222
1579.6031603712509,1579.6031603712509,0.98505473,0.0027295116
1579.6045492409194,1579.6045492409194,0.98417044,0.0027314585
1579.6059381108214,1579.6059381108214,0.9820878,0.002738757
1579.6073269804906,1579.6073269804906,0.9832908,0.0027299032
1579.6087158501591,1579.6087158501591,0.985189,0.0027437012
1579.6101047198276,1579.6101047198276,0.98415315,0.002730365
1579.6114935897294,1579.6114935897294,0.9813725,0.002727362
1579.6128824593986,1579.6128824593986,0.9839746,0.0027299013
1579.614271329067,1579.614271329067,0.98330325,0.0027258352
1579.6156601987354,1579.6156601987354,0.98595923,0.0027275477
1579.6170490686377,1579.6170490686377,0.9833778,0.0027370295
1579.618437938306,1579.618437938306,0.97966486,0.0027464596
1579.6198268079743,1579.6198268079743,0.98306817,0.002742752
1579.6212156776437,1579.6212156776437,0.9874946,0.0027325696
1579.6226045473127,1579.6226045473127,0.984427,0.0027318965
1579.6239934169812,1579.6239934169812,0.98582834,0.0027329635
1579.6253822868825,1579.6253822868825,0.9853131,0.0027287574
1579.6267711565515,1579.6267711565515,0.98575604,0.0027301216
1579.628160026221,1579.628160026221,0.9815415,0.0027294976
1579.6295488958892,1579.6295488958892,0.9889941,0.0027306532
1579.6309377655575,1579.6309377655575,0.98441595,0.0027374
1579.632326635227,1579.632326635227,0.982557,0.002730373
1579.6337155048955,1579.6337155048955,0.98466694,0.0027293747
1579.635104374564,1579.635104374564,0.98655576,0.0027269656
1579.636493244233,1579.636493244233,0.98144275,0.0027279449
1579.637882113902,1579.637882113902,0.9850018,0.002745912
1579.6392709835704,1579.6392709835704,0.98104966,0.0027283612
1579.640659853239,1579.640659853239,0.9846653,0.0027316723
1579.6420487229082,1579.6420487229082,0.9852012,0.002739545
1579.6434375925774,1579.6434375925774,0.9825578,0.002730747
1579.6448264622459,1579.6448264622459,0.9836921,0.0027291456
1579.6462153319144,1579.6462153319144,0.98511034,0.002730527
1579.6476042015834,1579.6476042015834,0.9886617,0.0027308639
1579.6489930712523,1579.6489930712523,0.9833807,0.0027287337
1579.6503819409209,1579.6503819409209,0.98398685,0.0027373221
1579.6517708105894,1579.6517708105894,0.9841976,0.002735023
1579.653159680026,1579.653159680026,0.9811271,0.0027394465
1579.6545485496943,1579.6545485496943,0.9884719,0.0027282396
1579.6559374193625,1579.6559374193625,0.98496926,0.0027419762
1579.657326289032,1579.657326289032,0.98353094,0.0027306313
1579.658715158701,1579.658715158701,0.9833444,0.0027290955
1579.6601040283695,1579.6601040283695,0.98563534,0.002726466
1579.6614928978051,1579.6614928978051,0.9823522,0.0027262887
1579.6628817674741,1579.6628817674741,0.9829815,0.0027289563
1579.6642706371435,1579.6642706371435,0.98258024,0.0027292706
1579.6656595068118,1579.6656595068118,0.9838132,0.0027342704
1579.6670483762473,1579.6670483762473,0.9877527,0.0027279842
1579.6684372459167,1579.6684372459167,0.9845015,0.0027297393
1579.6698261155857,1579.6698261155857,0.9846197,0.0027290976
1579.6712149852542,1579.6712149852542,0.9848817,0.0027402241
1579.67260385469,1579.67260385469,0.9847447,0.0027431156
1579.6739927243589,1579.6739927243589,0.9842284,0.0027283696
1579.6753815940274,1579.6753815940274,0.98279756,0.002727019
1579.676770463463,1579.676770463463,0.98596,0.0027315787
1579.6781593331323,1579.6781593331323,0.9859035,0.0027342378
1579.6795482025686,1579.6795482025686,0.982514,0.0027302601
1579.6809370722372,1579.6809370722372,0.9834051,0.0027303284
1579.6823259419057,1579.6823259419057,0.98319185,0.0027275959
1579.6837148113418,1579.6837148113418,0.9841151,0.0027267772
1579.6851036810108,1579.6851036810108,0.9846619,0.002730332
1579.6864925504465,1579.6864925504465,0.98590297,0.002736899
1579.687881420115,1579.687881420115,0.98721766,0.0027306336
1579.6892702897835,1579.6892702897835,0.9857716,0.0027404348
1579.6920480288868,1579.6920480288868,0.98676544,0.0027279968
1579.6934368983234,1579.6934368983234,0.985275,0.002733961
1579.6948257679924,1579.6948257679924,0.98529536,0.0027311018
1579.696214637428,1579.696214637428,0.98744464,0.0027304704
1579.6976035068637,1579.6976035068637,0.9867198,0.0027271423
1579.6989923765327,1579.6989923765327,0.987173,0.002740124
1579.7003812459693,1579.7003812459693,0.9889029,0.002729563
1579.7017701156376,1579.7017701156376,0.9877437,0.0027278482
1579.703158985073,1579.703158985073,0.9863184,0.0027269172
1579.7045478545097,1579.7045478545097,0.98735523,0.0027389058
1579.7059367241786,1579.7059367241786,0.9860721,0.0027287009
1579.7073255936143,1579.7073255936143,0.98647803,0.0027476316
1579.7087144632828,1579.7087144632828,0.98967415,0.002736814
1579.710103332719,1579.710103332719,0.98261255,0.002733828
1579.7114922021547,1579.7114922021547,0.9859003,0.0027304606
1579.7128810718232,1579.7128810718232,0.9849846,0.0027232645
1579.7142699412593,1579.7142699412593,0.9917884,0.0027298625
1579.715658810696,1579.715658810696,0.98694056,0.0027271535
1579.7170476801316,1579.7170476801316,0.98915035,0.0027288694
1579.7184365498,1579.7184365498,0.9899252,0.002732571
1579.7198254192363,1579.7198254192363,0.98955405,0.0027274839
1579.7212142886724,1579.7212142886724,0.98516893,0.0027294531
1579.722603158108,1579.722603158108,0.98554,0.0027301528
1579.7239920277766,1579.7239920277766,0.9866462,0.002731894
1579.725380897213,1579.725380897213,0.9851739,0.0027276108
1579.7267697666484,1579.7267697666484,0.9846982,0.0027304918
1579.7281586360841,1579.7281586360841,0.98758394,0.0027298548
1579.7295475055207,1579.7295475055207,0.98901784,0.0027363622
1579.7309363749569,1579.7309363749569,0.98721266,0.0027321961
1579.7323252443925,1579.7323252443925,0.9892303,0.0027315526
1579.733714114061,1579.733714114061,0.9851597,0.0027248128
1579.7351029834972,1579.7351029834972,0.9897002,0.0027342397
1579.7364918529336,1579.7364918529336,0.98967415,0.0027299912
1579.737880722369,1579.737880722369,0.9885337,0.0027251588
1579.7406584612413,1579.7406584612413,0.9885548,0.0027276548
1579.7420473306775,1579.7420473306775,0.9876796,0.0027303344
1579.7434362001131,1579.7434362001131,0.9852653,0.0027311025
1579.7448250695488,1579.7448250695488,0.987936,0.002727554
1579.746213938985,1579.746213938985,0.98993486,0.0027292268
1579.7476028084207,1579.7476028084207,0.98851365,0.0027293242
1579.7489916778563,1579.7489916778563,0.98722327,0.0027266557
1579.7503805472925,1579.7503805472925,0.98571235,0.002729161
1579.7531582861648,1579.7531582861648,0.99016565,0.0027350103
1579.7545471556002,1579.7545471556002,0.9869623,0.0027283914
1579.7559360250366,1579.7559360250366,0.9863971,0.0027445443
1579.75732489424,1579.75732489424,0.99171877,0.0027308543
1579.7587137636756,1579.7587137636756,0.98800254,0.0027286068
1579.7601026331113,1579.7601026331113,0.9868519,0.0027275977
1579.7614915025474,1579.7614915025474,0.98593223,0.0027282296
1579.762880371983,1579.762880371983,0.9881292,0.0027284997
1579.7642692414188,1579.7642692414188,0.9865535,0.0027485262
1579.7656581108554,1579.7656581108554,0.9866033,0.0027262983
1579.7670469800587,1579.7670469800587,0.9892976,0.002731568
1579.7684358494944,1579.7684358494944,0.9840082,0.0027376565
1579.76982471893,1579.76982471893,0.9892677,0.0027393003
1579.7712135883662,1579.7712135883662,0.9802387,0.002726355
1579.7726024575697,1579.7726024575697,0.9867082,0.002731078
1579.7739913270052,1579.7739913270052,0.9908633,0.0027306143
1579.775380196441,1579.775380196441,0.9881733,0.002739366
1579.7767690656447,1579.7767690656447,0.98723334,0.00273049
1579.7781579350808,1579.7781579350808,0.9892522,0.0027286266
1579.7795468045165,1579.7795468045165,0.98931086,0.002739003
1579.7809356737193,1579.7809356737193,0.98790663,0.0027314406
1579.7823245431555,1579.7823245431555,0.9887534,0.0027285388
1579.7837134125912,1579.7837134125912,0.9895077,0.0027388125
1579.785102281794,1579.785102281794,0.9866007,0.0027406584
1579.7864911512302,1579.7864911512302,0.98888147,0.002743493
1579.7878800206668,1579.7878800206668,0.9857316,0.0027340972
1579.7892688898696,1579.7892688898696,0.987908,0.0027286431
1579.790657759305,1579.790657759305,0.98515874,0.0027286306
1579.7920466285086,1579.7920466285086,0.9880203,0.0027281467
1579.7934354979448,1579.7934354979448,0.9906771,0.0027293589
1579.7948243671476,1579.7948243671476,0.98972875,0.00274214
1579.7962132365833,1579.7962132365833,0.98929,0.0027312103
1579.7976021057866,1579.7976021057866,0.988469,0.0027376055
1579.7989909752232,1579.7989909752232,0.9889326,0.0027296303
1579.800379844426,1579.800379844426,0.98682123,0.0027353778
1579.8017687138617,1579.8017687138617,0.9893322,0.0027310227
1579.803157583065,1579.803157583065,0.9892262,0.0027317978
1579.8045464525007,1579.8045464525007,0.9897239,0.0027304692
1579.8059353217036,1579.8059353217036,0.98689383,0.002729106
1579.807324190907,1579.807324190907,0.98916936,0.0027357885
1579.8087130603433,1579.8087130603433,0.9901883,0.0027297854
1579.810101929546,1579.810101929546,0.99050367,0.0027405256
1579.8114907989816,1579.8114907989816,0.992114,0.0027290483
1579.8128796681845,1579.8128796681845,1.0004472,0.0027343899
1579.8142685373873,1579.8142685373873,1.0016456,0.0027373175
1579.815657406823,1579.815657406823,0.9987221,0.0027363112
1579.8170462760258,1579.8170462760258,0.99502355,0.0027467266
1579.8184351452292,1579.8184351452292,0.9978926,0.002735916
1579.819824014432,1579.819824014432,0.99625343,0.0027334057
1579.8212128838677,1579.8212128838677,0.9962131,0.0027391105
1579.822601753071,1579.822601753071,0.99352056,0.0027324304
1579.8239906222748,1579.8239906222748,0.99741626,0.0027329382
1579.8253794914774,1579.8253794914774,0.99415064,0.0027464456
1579.8267683609129,1579.8267683609129,0.9933964,0.002732571
1579.8281572301166,1579.8281572301166,0.9936498,0.0027473625
1579.82954609932,1579.82954609932,0.99279654,0.0027364462
1579.8309349685228,1579.8309349685228,0.9962449,0.0027332308
1579.8323238377257,1579.8323238377257,0.9914674,0.0027338825
1579.8337127071618,1579.8337127071618,0.9935505,0.0027335645
1579.8351015763656,1579.8351015763656,0.9927495,0.00273137
1579.8364904455684,1579.8364904455684,0.9918908,0.002738325
1579.837879314771,1579.837879314771,0.99108225,0.0027321319
1579.8392681839746,1579.8392681839746,0.9923985,0.002731238
1579.8406570531774,1579.8406570531774,0.9941011,0.0027346215
1579.8420459223803,1579.8420459223803,0.9914723,0.0027382446
1579.8434347915836,1579.8434347915836,0.99521476,0.002744107
1579.844823660787,1579.844823660787,0.99231595,0.002731214
1579.8462125299898,1579.8462125299898,0.99126905,0.0027408614
1579.8476013991926,1579.8476013991926,0.9923037,0.0027372695
1579.8489902683964,1579.8489902683964,0.9962177,0.002737286
1579.8503791375997,1579.8503791375997,0.9920075,0.0027408404
1579.8517680068026,1579.8517680068026,0.9923886,0.002729976
1579.8531568760054,1579.8531568760054,0.99283147,0.0027320664
1579.8545457452087,1579.8545457452087,0.99077564,0.0027309232
1579.8559346144116,1579.8559346144116,0.9923363,0.0027306017
1579.8573234836144,1579.8573234836144,0.991909,0.00273126
1579.8587123528177,1579.8587123528177,0.98974824,0.0027296508
1579.8601012220215,1579.8601012220215,0.99143267,0.002743178
1579.8614900912241,1579.8614900912241,0.99318916,0.0027411445
1579.862878960194,1579.862878960194,0.99239606,0.0027326914
1579.8642678293977,1579.8642678293977,0.99581206,0.0027344301
1579.865656698601,1579.865656698601,0.99285305,0.0027392015
1579.8670455678039,1579.8670455678039,0.99099,0.0027311668
1579.8684344370067,1579.8684344370067,0.9911358,0.0027472044
1579.86982330621,1579.86982330621,0.9919581,0.0027326667
1579.871212175181,1579.871212175181,0.99192214,0.002735612
1579.8726010443838,1579.8726010443838,0.9918276,0.002731992
1579.8739899135865,1579.8739899135865,0.99236023,0.002735989
1579.87537878279,1579.87537878279,0.9898706,0.0027415603
1579.87676765176,1579.87676765176,0.99075395,0.0027472666
1579.8781565209629,1579.8781565209629,0.9956879,0.0027436446
1579.8795453901662,1579.8795453901662,0.99317783,0.0027349356
1579.8809342591367,1579.8809342591367,0.9942391,0.0027488652
1579.8823231283395,1579.8823231283395,0.98823375,0.002729533
1579.8837119975424,1579.8837119975424,0.99397355,0.002735902
1579.885100866513,1579.885100866513,0.9931395,0.0027436262
1579.8864897357166,1579.8864897357166,0.9944676,0.0027382134
1579.8878786049195,1579.8878786049195,0.993129,0.002735743
1579.8892674738895,1579.8892674738895,0.995861,0.002733122
1579.8906563430928,1579.8906563430928,0.9902649,0.0027306871
1579.8920452120628,1579.8920452120628,1.0024648,0.0027349156
1579.8934340812657,1579.8934340812657,1.0164729,0.0027539858
1579.8948229502362,1579.8948229502362,1.0091,0.0027458754
1579.89621181944,1579.89621181944,1.0041559,0.0027409603
1579.8976006884097,1579.8976006884097,1.0019433,0.0027448086
1579.8989895576124,1579.8989895576124,1.0035931,0.0027556396
1579.9003784265833,1579.9003784265833,0.9995968,0.0027350402
1579.9017672957866,1579.9017672957866,0.9993575,0.0027349282
1579.9031561647566,1579.9031561647566,1.0003757,0.002743795
1579.9045450339595,1579.9045450339595,0.99767727,0.0027331978
1579.90593390293,1579.90593390293,0.9971338,0.0027386062
1579.9073227721337,1579.9073227721337,0.9992032,0.002733012
1579.9087116411035,1579.9087116411035,0.997792,0.002733147
1579.9101005100733,1579.9101005100733,0.99952865,0.0027369682
1579.9128782482471,1579.9128782482471,0.99563754,0.0027381869
1579.9142671172172,1579.9142671172172,0.99512136,0.0027360183
1579.9156559864205,1579.9156559864205,0.9957959,0.0027340793
1579.917044855391,1579.917044855391,0.99560744,0.0027360136
1579.918433724361,1579.918433724361,0.9962114,0.0027371887
1579.9198225935638,1579.9198225935638,0.9964457,0.002743529
1579.9212114625345,1579.9212114625345,0.9951202,0.0027359482
1579.9226003315052,1579.9226003315052,0.9982129,0.002735332
1579.923989200708,1579.923989200708,1.0002882,0.002738705
1579.9253780696781,1579.9253780696781,0.99869746,0.0027376912
1579.9267669386486,1579.9267669386486,0.99541235,0.002732771
1579.928155807619,1579.928155807619,0.9982839,0.0027399815
1579.929544676589,1579.929544676589,0.99564755,0.0027332641
1579.9309335457915,1579.9309335457915,0.9994635,0.0027403943
1579.9323224147613,1579.9323224147613,0.994329,0.002740898
1579.933711283731,1579.933711283731,0.9982377,0.0027358814
1579.9351001527011,1579.9351001527011,0.99796915,0.002733218
1579.936489021672,1579.936489021672,0.9967934,0.0027363454
1579.9378778906425,1579.9378778906425,0.99464273,0.0027484724
1579.9392667596126,1579.9392667596126,0.9992338,0.0027356574
1579.9406556285826,1579.9406556285826,0.9991499,0.0027345233
1579.942044497553,1579.942044497553,0.99481225,0.002738394
1579.9434333667568,1579.9434333667568,0.9965637,0.0027378656
1579.9462111046964,1579.9462111046964,0.99885887,0.0027376558
1579.9475999736674,1579.9475999736674,0.99823755,0.0027373147
1579.9489888426374,1579.9489888426374,1.0024189,0.0027400441
1579.9503777116072,1579.9503777116072,1.0007899,0.0027477213
1579.951766580578,1579.951766580578,0.998949,0.0027375536
1579.9531554495484,1579.9531554495484,0.9954272,0.0027366336
1579.9545443182856,1579.9545443182856,0.99986744,0.0027511609
1579.9559331872556,1579.9559331872556,1.0024011,0.0027383696
1579.957322056226,1579.957322056226,0.9967915,0.0027331484
1579.958710925197,1579.958710925197,1.0010225,0.002738347
1579.960099794167,1579.960099794167,0.9972887,0.0027333575
1579.961488663137,1579.961488663137,0.9980396,0.0027379794
1579.9628775321075,1579.9628775321075,1.0008223,0.0027415885
1579.964266401078,1579.964266401078,1.0023026,0.0027371587
1579.9656552698152,1579.9656552698152,0.99645215,0.0027355026
1579.9670441387852,1579.9670441387852,1.0024129,0.002738729
1579.968433007756,1579.968433007756,0.9997264,0.002732737
1579.9698218767257,1579.9698218767257,0.99595165,0.0027436016
1579.9712107456958,1579.9712107456958,0.9990653,0.0027435676
1579.9725996144339,1579.9725996144339,1.0057713,0.0027440642
1579.9739884834044,1579.9739884834044,0.99964345,0.0027328492
1579.9753773523744,1579.9753773523744,1.0000807,0.0027339307
1579.9767662213444,1579.9767662213444,1.0020471,0.002748806
1579.978155090082,1579.978155090082,1.0005237,0.002734858
1579.979543959053,1579.979543959053,1.0040774,0.0027497865
1579.9809328280228,1579.9809328280228,0.9982058,0.002732104
1579.9823216967598,1579.9823216967598,0.9994188,0.0027364213
1579.9837105657307,1579.9837105657307,0.9974777,0.0027327507
1579.9850994347007,1579.9850994347007,1.0019889,0.0027381405
1579.9864883034377,1579.9864883034377,1.0002484,0.002746499
1579.9878771724084,1579.9878771724084,0.9993009,0.002751099
1579.989266041146,1579.989266041146,1.0025822,0.0027337575
1579.990654910116,1579.990654910116,1.0023987,0.002735991
1579.992043779086,1579.992043779086,1.0037673,0.0027377845
1579.9934326478237,1579.9934326478237,1.0007966,0.0027403994
1579.9948215167947,1579.9948215167947,1.0007045,0.002735097
1579.9962103855319,1579.9962103855319,0.99810296,0.0027500142
1579.9975992545017,1579.9975992545017,1.0069572,0.0027368888
1579.9989881232395,1579.9989881232395,1.0022047,0.0027377314
1580.00037699221,1580.00037699221,1.0018336,0.0027406765
1580.0017658609472,1580.0017658609472,0.99743223,0.0027328366
1580.0031547296844,1580.0031547296844,0.9994251,0.0027442994
1580.0045435986551,1580.0045435986551,1.0003355,0.002735331
1580.005932467392,1580.005932467392,1.0005702,0.0027417503
1580.007321336362,1580.007321336362,1.0025433,0.002738529
1580.0087102051002,1580.0087102051002,1.0023112,0.0027359917
1580.0100990738379,1580.0100990738379,1.000313,0.0027331994
1580.011487942808,1580.011487942808,1.0017095,0.0027355554
1580.012876811545,1580.012876811545,1.0016487,0.0027364176
1580.0142656805156,1580.0142656805156,1.0017458,0.0027364716
1580.0156545492534,1580.0156545492534,1.0008308,0.0027451557
1580.0170434179904,1580.0170434179904,1.0018287,0.002735314
1580.0184322867276,1580.0184322867276,1.0024667,0.0027395366
1580.0198211556985,1580.0198211556985,1.003688,0.0027362253
1580.0212100244355,1580.0212100244355,1.0044043,0.0027370856
1580.0225988931725,1580.0225988931725,0.99813014,0.0027369468
1580.0239877619106,1580.0239877619106,1.0062951,0.0027383259
1580.025376630881,1580.025376630881,1.0030417,0.0027342478
1580.0267654996183,1580.0267654996183,1.002998,0.0027363766
1580.0281543683554,1580.0281543683554,1.0044143,0.0027462197
1580.029543237093,1580.029543237093,1.0050786,0.0027407228
1580.0309321058312,1580.0309321058312,1.0039316,0.0027364008
1580.0323209745684,1580.0323209745684,1.0017235,0.0027406416
1580.0337098435382,1580.0337098435382,1.0008682,0.002744797
1580.035098712276,1580.035098712276,1.0071589,0.0027401203
1580.0364875810137,1580.0364875810137,1.0014112,0.0027339412
1580.037876449751,1580.037876449751,1.0027806,0.0027397654
1580.039265318488,1580.039265318488,1.003639,0.0027494964
1580.0406541872253,1580.0406541872253,1.002685,0.0027366427
1580.0420430559616,1580.0420430559616,1.0047035,0.0027361577
1580.0434319246988,1580.0434319246988,1.0051017,0.0027443438
1580.0448207934369,1580.0448207934369,1.001583,0.0027406868
1580.0462096621745,1580.0462096621745,1.0040023,0.0027373035
1580.0475985309117,1580.0475985309117,1.0024061,0.00274006
1580.048987399649,1580.048987399649,1.0038853,0.0027357128
1580.0503762683866,1580.0503762683866,1.0023074,0.0027393326
1580.0517651371244,1580.0517651371244,1.0025378,0.0027478654
1580.0531540058614,1580.0531540058614,1.0032028,0.0027353244
1580.0545428745986,1580.0545428745986,1.0026027,0.002738981
1580.0559317433367,1580.0559317433367,1.0056107,0.0027375927
1580.0573206120744,1580.0573206120744,1.0006045,0.0027368618
1580.0587094805787,1580.0587094805787,1.0060501,0.002743008
1580.060098349316,1580.060098349316,1.0063779,0.0027596885
1580.0614872180536,1580.0614872180536,1.0032555,0.0027388288
1580.0628760867908,1580.0628760867908,1.0032979,0.002738631
1580.064264955528,1580.064264955528,1.004997,0.0027372367
1580.0656538242656,1580.0656538242656,1.0085043,0.0027434253
1580.0670426927709,1580.0670426927709,1.0047939,0.0027362155
1580.068431561508,1580.068431561508,1.0036763,0.002751626
1580.069820430245,1580.069820430245,1.0051056,0.0027402125
1580.071209298983,1580.071209298983,1.004365,0.0027354606
1580.0725981674877,1580.0725981674877,1.0073259,0.0027527078
1580.073987036225,1580.073987036225,1.008383,0.0027393436
1580.0753759049621,1580.0753759049621,1.0040934,0.0027418653
1580.076764773467,1580.076764773467,1.0047388,0.0027386146
1580.0781536422041,1580.0781536422041,1.0064718,0.0027386262
1580.0795425109413,1580.0795425109413,1.0047483,0.002735622
1580.0809313794464,1580.0809313794464,1.0046644,0.0027406698
1580.0823202481843,1580.0823202481843,1.003446,0.0027377675
1580.0837091169215,1580.0837091169215,1.0088139,0.002747265
1580.0850979854258,1580.0850979854258,1.0052819,0.0027383477
1580.0864868541635,1580.0864868541635,1.004141,0.0027560582
1580.0878757226685,1580.0878757226685,1.004795,0.0027372125
1580.0892645914055,1580.0892645914055,1.0005655,0.0027433676
1580.0906534599098,1580.0906534599098,1.0053043,0.0027366164
1580.092042328648,1580.092042328648,1.0038747,0.0027368574
1580.0934311971528,1580.0934311971528,1.0050546,0.0027375324
1580.09482006589,1580.09482006589,1.0066143,0.002748116
1580.0962089343943,1580.0962089343943,1.0078212,0.0027378926
1580.097597803132,1580.097597803132,1.0039423,0.0027389945
1580.0989866716363,1580.0989866716363,1.008821,0.002740144
1580.1003755403735,1580.1003755403735,1.0089976,0.0027439024
1580.1017644088784,1580.1017644088784,1.0051214,0.0027398595
1580.1031532773836,1580.1031532773836,1.0089893,0.002750229
1580.1045421461206,1580.1045421461206,1.008107,0.0027364118
1580.1059310146247,1580.1059310146247,1.008818,0.0027509925
1580.1073198833628,1580.1073198833628,1.0072972,0.0027412109
1580.1087087518677,1580.1087087518677,1.0068797,0.0027411466
1580.110097620372,1580.110097620372,1.007551,0.0027420258
1580.1114864891092,1580.1114864891092,1.0068719,0.0027392223
1580.112875357614,1580.112875357614,1.0041467,0.002739716
1580.1142642261184,1580.1142642261184,1.0099139,0.0027390218
1580.1156530946228,1580.1156530946228,1.0023805,0.0027407028
1580.1170419633606,1580.1170419633606,1.0054924,0.0027419382
1580.1184308318657,1580.1184308318657,1.0044905,0.0027368916
1580.11981970037,1580.11981970037,1.0061399,0.0027365556
1580.1212085688744,1580.1212085688744,1.0108892,0.0027420674
1580.1225974373792,1580.1225974373792,1.0071808,0.002744238
1580.1239863061169,1580.1239863061169,1.0052333,0.0027359053
1580.1253751746212,1580.1253751746212,1.0086842,0.0027421108
1580.1267640431256,1580.1267640431256,1.004954,0.0027384222
1580.1281529116309,1580.1281529116309,1.0091403,0.0027411475
1580.1295417801357,1580.1295417801357,1.0070094,0.0027446458
1580.13093064864,1580.13093064864,1.0099181,0.0027410833
1580.1323195171444,1580.1323195171444,1.0067681,0.0027405748
1580.1337083856492,1580.1337083856492,1.0094311,0.0027437673
1580.1350972543864,1580.1350972543864,1.006903,0.00274011
1580.1364861228908,1580.1364861228908,1.0075896,0.0027502119
1580.1378749913956,1580.1378749913956,1.0085543,0.0027381387
1580.139263859901,1580.139263859901,1.0063995,0.0027405908
1580.140652728405,1580.140652728405,1.0062411,0.0027483713
1580.1420415969092,1580.1420415969092,1.0081828,0.0027498915
1580.1434304654144,1580.1434304654144,1.0063487,0.0027419426
1580.1448193339193,1580.1448193339193,1.0057611,0.0027386602
1580.14620820219,1580.14620820219,1.0096619,0.0027537518
1580.1475970706938,1580.1475970706938,1.0051143,0.0027410188
1580.1489859391986,1580.1489859391986,1.0093693,0.0027544147
1580.150374807703,1580.150374807703,1.0067849,0.0027462302
1580.1517636762073,1580.1517636762073,1.0082607,0.0027395322
1580.1531525447122,1580.1531525447122,1.0103433,0.0027451033
1580.1545414132174,1580.1545414132174,1.0060878,0.0027393827
1580.1559302817218,1580.1559302817218,1.009788,0.0027418586
1580.1573191499933,1580.1573191499933,1.0087548,0.002742459
1580.1587080184981,1580.1587080184981,1.0088912,0.0027379415
1580.160096887003,1580.160096887003,1.0076214,0.002739573
1580.1614857555073,1580.1614857555073,1.006323,0.0027395533
1580.1628746240117,1580.1628746240117,1.0121678,0.0027429631
1580.164263492284,1580.164263492284,1.0072975,0.0027540533
1580.165652360789,1580.165652360789,1.008608,0.0027426847
1580.1670412292933,1580.1670412292933,1.0063763,0.0027393587
1580.1684300975649,1580.1684300975649,1.0110517,0.0027452598
1580.1698189660697,1580.1698189660697,1.0126411,0.0027433634
1580.171207834574,1580.171207834574,1.0102373,0.0027437897
1580.1725967028456,1580.1725967028456,1.0096849,0.0027396996
1580.1739855713504,1580.1739855713504,1.0152987,0.0027434414
1580.1753744398557,1580.1753744398557,1.006169,0.0027375072
1580.176763308127,1580.176763308127,1.0106978,0.0027396793
1580.178152176631,1580.178152176631,1.0069369,0.0027463858
1580.1795410449035,1580.1795410449035,1.010205,0.002740208
1580.1809299134084,1580.1809299134084,1.0084164,0.0027404658
1580.1823187819127,1580.1823187819127,1.0111623,0.002746276
1580.1837076501843,1580.1837076501843,1.0119071,0.0027507986
1580.185096518689,1580.185096518689,1.011174,0.0027418367
1580.1864853869606,1580.1864853869606,1.0095646,0.0027403373
1580.187874255465,1580.187874255465,1.0083437,0.002755564
1580.189263123737,1580.189263123737,1.010279,0.00274194
1580.1906519922422,1580.1906519922422,1.0085076,0.0027459236
1580.1920408605138,1580.1920408605138,1.0102403,0.0027459508
1580.193429728785,1580.193429728785,1.0089941,0.002750802
1580.1948185972901,1580.1948185972901,1.0120404,0.0027537222
1580.196207465562,1580.196207465562,1.0112913,0.0027420744
1580.1975963340665,1580.1975963340665,1.012404,0.002744354
1580.198985202338,1580.198985202338,1.0099244,0.0027538175
1580.2003740706102,1580.2003740706102,1.0118058,0.0027481455
1580.2017629391153,1580.2017629391153,1.0148495,0.002743262
1580.2031518073868,1580.2031518073868,1.0151037,0.00274742
1580.2045406756583,1580.2045406756583,1.0091206,0.0027537348
1580.2059295441632,1580.2059295441632,1.0133263,0.0027472589
1580.2073184124347,1580.2073184124347,1.0112426,0.0027420693
1580.2087072807062,1580.2087072807062,1.0141912,0.0027417273
1580.2100961489782,1580.2100961489782,1.0129694,0.0027416481
1580.2114850174833,1580.2114850174833,1.0153195,0.0027422912
1580.2128738857546,1580.2128738857546,1.0158976,0.0027566373
1580.214262754026,1580.214262754026,1.0118448,0.0027444582
1580.2156516222985,1580.2156516222985,1.0103084,0.0027446852
1580.2170404905705,1580.2170404905705,1.0105178,0.002739917
1580.218429358842,1580.218429358842,1.0140101,0.0027429825
1580.2198182273464,1580.2198182273464,1.0102525,0.002742876
1580.2212070956184,1580.2212070956184,1.0140524,0.0027422549
1580.2225959638909,1580.2225959638909,1.0186747,0.0027420484
1580.2239848321622,1580.2239848321622,1.0140833,0.0027437105
1580.2253737004335,1580.2253737004335,1.0125598,0.0027454612
1580.226762568706,1580.226762568706,1.015302,0.0027449175
1580.2281514369774,1580.2281514369774,1.012234,0.0027420835
1580.2295403052487,1580.2295403052487,1.013576,0.0027435585
1580.230929173521,1580.230929173521,1.0155258,0.0027564852
1580.232318041793,1580.232318041793,1.0121332,0.002747774
1580.2337069100645,1580.2337069100645,1.0168946,0.0027598024
1580.235095778336,1580.235095778336,1.0109854,0.002741732
1580.236484646608,1580.236484646608,1.0090872,0.0027392139
1580.2378735148804,1580.2378735148804,1.0108588,0.0027398579
1580.239262383152,1580.239262383152,1.0125208,0.0027479012
1580.2406512514235,1580.2406512514235,1.0151072,0.0027416546
1580.2420401196955,1580.2420401196955,1.0142791,0.0027463092
1580.243428987967,1580.243428987967,1.0140474,0.0027415636
1580.2448178560057,1580.2448178560057,1.0123786,0.00274227
1580.2462067242777,1580.2462067242777,1.0130631,0.002743601
1580.2475955925493,1580.2475955925493,1.0108649,0.0027387305
1580.2489844608199,1580.2489844608199,1.0171597,0.0027429708
1580.2503733290914,1580.2503733290914,1.0133523,0.002743005
1580.251762197131,1580.251762197131,1.012483,0.0027429708
1580.253151065403,1580.253151065403,1.0135226,0.0027429117
1580.2545399336746,1580.2545399336746,1.0157822,0.0027472477
1580.255928801946,1580.255928801946,1.0109676,0.0027408376
1580.2573176699852,1580.2573176699852,1.013235,0.0027440775
1580.2587065382575,1580.2587065382575,1.0129391,0.0027403783
1580.2600954065288,1580.2600954065288,1.0120801,0.0027551
1580.2614842745675,1580.2614842745675,1.0114942,0.0027551895
1580.26287314284,1580.26287314284,1.0126722,0.0027465734
1580.2642620111112,1580.2642620111112,1.0121404,0.0027430174
1580.2656508791497,1580.2656508791497,1.0100473,0.0027410807
1580.2670397474221,1580.2670397474221,1.0114636,0.0027417375
1580.2684286156941,1580.2684286156941,1.0106548,0.002740922
1580.2698174837328,1580.2698174837328,1.0128807,0.0027402267
1580.2712063520044,1580.2712063520044,1.0119694,0.002742014
1580.2725952200435,1580.2725952200435,1.0120329,0.0027546214
1580.273984088316,1580.273984088316,1.0161499,0.002745373
1580.2753729563547,1580.2753729563547,1.0136817,0.002743029
1580.276761824626,1580.276761824626,1.0134761,0.0027565057
1580.2781506926653,1580.2781506926653,1.0109175,0.0027447268
1580.2795395609369,1580.2795395609369,1.0115898,0.0027447185
1580.2809284289756,1580.2809284289756,1.0154854,0.0027517895
1580.2823172972476,1580.2823172972476,1.0114205,0.0027474766
1580.2837061652867,1580.2837061652867,1.0125029,0.002740894
1580.2850950333254,1580.2850950333254,1.015253,0.0027488952
1580.286483901597,1580.286483901597,1.0165794,0.0027464211
1580.2878727696366,1580.2878727696366,1.0159106,0.0027503208
1580.2892616377922,1580.2892616377922,1.0131252,0.002753867
1580.2906505059473,1580.2906505059473,1.0136023,0.0027428402
1580.2920393741024,1580.2920393741024,1.018194,0.0027463196
1580.2934282421415,1580.2934282421415,1.0145576,0.0027438307
1580.2948171102973,1580.2948171102973,1.0117288,0.0027452891
1580.2962059783358,1580.2962059783358,1.0086005,0.00274226
1580.297594846491,1580.297594846491,1.0145565,0.0027468952
1580.2989837145306,1580.2989837145306,1.0162125,0.002745384
1580.3003725826854,1580.3003725826854,1.0123671,0.0027449972
1580.301761450724,1580.301761450724,1.0119843,0.0027481902
1580.30315031888,1580.30315031888,1.0125641,0.0027505765
1580.304539186919,1580.304539186919,1.0166497,0.002741589
1580.3059280549578,1580.3059280549578,1.0110275,0.002752637
1580.307316923113,1580.307316923113,1.0133435,0.0027458782
1580.308705791152,1580.308705791152,1.0127276,0.0027538221
1580.3100946591917,1580.3100946591917,1.0136814,0.0027434921
1580.3114835272304,1580.3114835272304,1.0163326,0.0027487038
1580.3128723953853,1580.3128723953853,1.012586,0.0027440987
1580.3142612634247,1580.3142612634247,1.013136,0.0027401892
1580.3156501314638,1580.3156501314638,1.014284,0.002748871
1580.3170389995025,1580.3170389995025,1.0143801,0.0027524724
1580.3184278675412,1580.3184278675412,1.0142995,0.0027426444
1580.3198167355804,1580.3198167355804,1.0132014,0.0027436095
1580.321205603619,1580.321205603619,1.0131885,0.002741627
1580.3225944716578,1580.3225944716578,1.0129213,0.002743223
1580.3239833396974,1580.3239833396974,1.0172688,0.0027451154
1580.3253722077366,1580.3253722077366,1.0123057,0.0027428837
1580.3267610757753,1580.3267610757753,1.0133214,0.0027458973
1580.328149943814,1580.328149943814,1.0109828,0.0027427555
1580.3295388117367,1580.3295388117367,1.0117018,0.0027424044
1580.330927679776,1580.330927679776,1.0153549,0.0027440367
1580.3323165478146,1580.3323165478146,1.0125866,0.0027500796
1580.3337054158533,1580.3337054158533,1.0157253,0.002743522
1580.3350942837765,1580.3350942837765,1.0119418,0.0027438386
1580.336483151815,1580.336483151815,1.016199,0.0027442006
1580.337872019737,1580.337872019737,1.012907,0.0027421066
1580.3392608877766,1580.3392608877766,1.0148101,0.0027441888
1580.3406497558158,1580.3406497558158,1.0142472,0.0027482756
1580.342038623738,1580.342038623738,1.0124714,0.0027526056
1580.3434274917768,1580.3434274917768,1.0139366,0.002748093
1580.344816359699,1580.344816359699,1.0116292,0.0027557085
1580.3462052276213,1580.3462052276213,1.014254,0.0027428556
1580.3475940956598,1580.3475940956598,1.0148778,0.0027413652
1580.3489829635819,1580.3489829635819,1.0139842,0.00274072
1580.3503718316215,1580.3503718316215,1.0151235,0.0027602492
1580.3517606995442,1580.3517606995442,1.0151781,0.002748386
1580.3531495674665,1580.3531495674665,1.0169113,0.002742053
1580.3545384353888,1580.3545384353888,1.0150057,0.002743264
1580.3559273033115,1580.3559273033115,1.0163423,0.0027445187
1580.3573161713502,1580.3573161713502,1.0153321,0.0027433669
1580.3587050392725,1580.3587050392725,1.0147506,0.002743409
1580.3600939071955,1580.3600939071955,1.0120223,0.0027527239
1580.3614827751185,1580.3614827751185,1.0102342,0.0027459823
1580.3628716430408,1580.3628716430408,1.01351,0.0027506116
1580.364260510963,1580.364260510963,1.0130073,0.002745422
1580.3656493788858,1580.3656493788858,1.0129648,0.0027403603
1580.3670382468085,1580.3670382468085,1.0109402,0.0027397696
1580.3684271147308,1580.3684271147308,1.0128344,0.002752092
1580.369815982653,1580.369815982653,1.0134838,0.0027401997
1580.37120485046,1580.37120485046,1.0126073,0.0027440428
1580.372593718382,1580.372593718382,1.0157201,0.0027469548
1580.373982586304,1580.373982586304,1.0126042,0.0027447778
1580.3753714542272,1580.3753714542272,1.0160894,0.0027498943
1580.37676032215,1580.37676032215,1.0155976,0.0027517397
1580.3781491899558,1580.3781491899558,1.0136144,0.0027477243
1580.379538057878,1580.379538057878,1.0141823,0.0027410719
1580.3809269256844,1580.3809269256844,1.0160166,0.0027455261
1580.3823157936076,1580.3823157936076,1.0131818,0.0027459578
1580.3837046615297,1580.3837046615297,1.0129142,0.0027485373
1580.3850935293353,1580.3850935293353,1.0141517,0.0027490656
1580.3864823972585,1580.3864823972585,1.0118058,0.0027415338
1580.3878712650649,1580.3878712650649,1.015687,0.0027451983
1580.3892601328707,1580.3892601328707,1.0132227,0.002743068
1580.390649000793,1580.390649000793,1.0128019,0.0027468624
1580.3920378685993,1580.3920378685993,1.0133952,0.0027473394
1580.3934267364052,1580.3934267364052,1.0149809,0.0027425967
1580.3948156043275,1580.3948156043275,1.0121574,0.0027546356
1580.396204472134,1580.396204472134,1.0094397,0.002755441
1580.3975933399406,1580.3975933399406,1.0107918,0.002754237
1580.3989822077465,1580.3989822077465,1.0122225,0.0027515257
1580.4003710756688,1580.4003710756688,1.0125805,0.0027453408
1580.401759943475,1580.401759943475,1.0113451,0.0027430675
1580.4031488112814,1580.4031488112814,1.0121971,0.0027564056
1580.4045376790873,1580.4045376790873,1.0114291,0.0027399145
1580.4059265468932,1580.4059265468932,1.0116777,0.0027418989
1580.4073154146997,1580.4073154146997,1.0085337,0.002739807
1580.4087042825054,1580.4087042825054,1.0118759,0.0027423997
1580.4100931503112,1580.4100931503112,1.012144,0.0027402425
1580.411482018118,1580.411482018118,1.012122,0.0027477862
1580.4128708859243,1580.4128708859243,1.0110129,0.0027461124
1580.4142597536138,1580.4142597536138,1.0121771,0.0027446246
1580.4156486214197,1580.4156486214197,1.0163537,0.0027447257
1580.417037489226,1580.417037489226,1.0115219,0.0027432458
1580.4184263570328,1580.4184263570328,1.01257,0.0027420707
1580.419815224722,1580.419815224722,1.0107642,0.0027561951
1580.4212040925277,1580.4212040925277,1.0120394,0.0027397573
1580.4225929603344,1580.4225929603344,1.0110211,0.002747956
1580.4239818280244,1580.4239818280244,1.012431,0.0027429054
1580.4253706958302,1580.4253706958302,1.0113465,0.0027543982
1580.4267595635197,1580.4267595635197,1.0120581,0.0027393308
1580.428148431326,1580.428148431326,1.0106736,0.00275401
1580.4295372990155,1580.4295372990155,1.0131339,0.002755277
1580.4309261668213,1580.4309261668213,1.0137868,0.0027464922
1580.4323150345112,1580.4323150345112,1.0124166,0.0027418882
1580.4337039022016,1580.4337039022016,1.0106269,0.0027422172
1580.4350927700075,1580.4350927700075,1.013267,0.002748469
1580.436481637697,1580.436481637697,1.0112399,0.0027497148
1580.4378705053862,1580.4378705053862,1.0128592,0.0027424556
1580.4392593731918,1580.4392593731918,1.0092665,0.0027487827
1580.4406482408813,1580.4406482408813,1.0097948,0.0027433224
1580.4420371085707,1580.4420371085707,1.0128576,0.0027471578
1580.4434259762609,1580.4434259762609,1.0082093,0.002751687
1580.44481484395,1580.44481484395,1.0092161,0.002741849
1580.4462037116396,1580.4462037116396,1.010817,0.0027501234
1580.44759257933,1580.44759257933,1.0106633,0.0027437566
1580.4489814470198,1580.4489814470198,1.0145084,0.0027445678
1580.4503703147093,1580.4503703147093,1.0110344,0.0027442735
1580.4517591823987,1580.4517591823987,1.0106963,0.0027421212
1580.4531480500887,1580.4531480500887,1.0110278,0.0027471858
1580.4545369177788,1580.4545369177788,1.0122356,0.0027392244
1580.455925785468,1580.455925785468,1.0143338,0.0027460705
1580.4573146531575,1580.4573146531575,1.0102265,0.0027429867
1580.4587035207314,1580.4587035207314,1.0121108,0.0027549632
1580.4600923884213,1580.4600923884213,1.0076514,0.0027436453
1580.4614812561108,1580.4614812561108,1.0131837,0.0027396968
1580.4628701238003,1580.4628701238003,1.0120679,0.0027464496
1580.4642589913738,1580.4642589913738,1.0123261,0.0027424837
1580.4656478590632,1580.4656478590632,1.0125743,0.0027433434
1580.4670367266363,1580.4670367266363,1.0067846,0.0027410027
1580.4684255943262,1580.4684255943262,1.0083666,0.0027415333
1580.4698144619001,1580.4698144619001,1.0102577,0.0027420432
1580.4712033295896,1580.4712033295896,1.012279,0.002741532
1580.4725921971624,1580.4725921971624,1.007681,0.0027435862
1580.4739810648525,1580.4739810648525,1.0078412,0.002759507
1580.475369932426,1580.475369932426,1.0125701,0.002741299
1580.476758799999,1580.476758799999,1.0091848,0.002744207
1580.4781476676885,1580.4781476676885,1.0133191,0.0027429003
1580.479536535262,1580.479536535262,1.007256,0.0027462663
1580.480925402836,1580.480925402836,1.010153,0.0027398905
1580.482314270409,1580.482314270409,1.0080036,0.0027402162
1580.4837031380985,1580.4837031380985,1.0120783,0.002746305
1580.485092005672,1580.485092005672,1.0117797,0.0027539409
1580.486480873245,1580.486480873245,1.0083238,0.0027560007
1580.487869740818,1580.487869740818,1.006326,0.0027372877
1580.4892586083915,1580.4892586083915,1.0077505,0.0027441643
1580.4906474759653,1580.4906474759653,1.011412,0.0027415026
1580.492036343538,1580.492036343538,1.0104467,0.002746224
1580.4934252111111,1580.4934252111111,1.0073694,0.0027417247
1580.494814078685,1580.494814078685,1.012523,0.0027404465
1580.4962029461421,1580.4962029461421,1.0093138,0.0027504342
1580.4975918137152,1580.4975918137152,1.0093957,0.0027397182
1580.4989806812882,1580.4989806812882,1.0063189,0.0027481457
1580.5003695488617,1580.5003695488617,1.0107621,0.0027431701
1580.5017584164348,1580.5017584164348,1.0082988,0.002742188
1580.5031472838914,1580.5031472838914,1.0088878,0.0027415345
1580.504536151465,1580.504536151465,1.0111041,0.0027419084
1580.5059250190388,1580.5059250190388,1.0090423,0.0027408241
1580.5073138864955,1580.5073138864955,1.0060096,0.0027525974
1580.5087027540683,1580.5087027540683,1.0079796,0.0027400928
1580.5100916215256,1580.5100916215256,1.0063483,0.002755035
1580.511480489099,1580.511480489099,1.0069019,0.0027423122
1580.5128693565557,1580.5128693565557,1.0061733,0.0027425524
1580.5142582241288,1580.5142582241288,1.0089972,0.002739916
1580.5156470915858,1580.5156470915858,1.0091552,0.0027469278
1580.5170359590434,1580.5170359590434,1.006469,0.0027395294
1580.5184248266164,1580.5184248266164,1.0070548,0.0027400001
1580.5198136940728,1580.5198136940728,1.010963,0.0027543742
1580.5212025615301,1580.5212025615301,1.008971,0.0027403731
1580.5225914289867,1580.5225914289867,1.0097923,0.0027463678
1580.5239802965598,1580.5239802965598,1.0101721,0.0027375105
1580.5253691640169,1580.5253691640169,1.0072485,0.0027386504
1580.5267580314742,1580.5267580314742,1.0095689,0.0027406195
1580.5281468989301,1580.5281468989301,1.0041652,0.002736683
1580.5295357663858,1580.5295357663858,1.0064913,0.0027454859
1580.5309246338434,1580.5309246338434,1.0038476,0.0027373994
1580.5323135013005,1580.5323135013005,1.0094489,0.002756037
1580.533702368757,1580.533702368757,1.0062187,0.0027437299
1580.5350912362137,1580.5350912362137,1.0095022,0.0027401445
1580.5364801036708,1580.5364801036708,1.008995,0.002745861
1580.537868971011,1580.537868971011,1.0092809,0.002752102
1580.5392578384676,1580.5392578384676,1.0059439,0.002748201
1580.5406467059247,1580.5406467059247,1.0071473,0.002739936
1580.5420355733822,1580.5420355733822,1.0055398,0.0027456803
1580.5434244407222,1580.5434244407222,1.0139983,0.0027472302
1580.5448133081786,1580.5448133081786,1.0099838,0.002742053
1580.5462021756362,1580.5462021756362,1.0077271,0.0027667752
1580.5475910429768,1580.5475910429768,1.0092655,0.0027426095
1580.5489799104334,1580.5489799104334,1.0057709,0.0027378988
1580.5503687777737,1580.5503687777737,1.0045983,0.002751231
1580.5517576452307,1580.5517576452307,1.0080682,0.0027395699
1580.5531465125719,1580.5531465125719,1.0022227,0.0027365792
1580.5545353800285,1580.5545353800285,1.0060027,0.0027448677
1580.5559242473685,1580.5559242473685,1.0050437,0.0027439133
1580.5573131148258,1580.5573131148258,1.0024228,0.0027400474
1580.558701982166,1580.558701982166,1.0032321,0.002749222
1580.5600908495062,1580.5600908495062,1.0018517,0.0027557688
1580.5614797168469,1580.5614797168469,1.0045635,0.002746934
1580.562868584304,1580.562868584304,1.0038077,0.0027454367
1580.5642574516442,1580.5642574516442,1.0061666,0.0027417503
1580.5656463189844,1580.5656463189844,1.0057011,0.002737794
1580.5670351863255,1580.5670351863255,1.0047612,0.0027409233
1580.5684240536661,1580.5684240536661,1.0056708,0.002739317
1580.5698129210064,1580.5698129210064,1.0066651,0.0027359428
1580.5712017883466,1580.5712017883466,0.99906874,0.002750007
1580.5725906556872,1580.5725906556872,1.0046848,0.0027377845
1580.5739795230274,1580.5739795230274,1.0047293,0.0027381773
1580.5753683903677,1580.5753683903677,1.0030226,0.0027502389
1580.5767572577083,1580.5767572577083,1.0028362,0.0027421056
1580.5781461250494,1580.5781461250494,1.0015868,0.00274141
1580.579534992273,1580.579534992273,1.0068644,0.002752006
1580.580923859613,1580.580923859613,1.0026572,0.0027396237
1580.5823127269541,1580.5823127269541,1.0049984,0.00273951
1580.5837015942948,1580.5837015942948,1.0024828,0.0027401885
1580.5850904615186,1580.5850904615186,1.0018884,0.0027385051
1580.5864793288588,1580.5864793288588,1.0031183,0.0027389864
1580.587868196083,1580.587868196083,1.0025455,0.0027667547
1580.5892570634242,1580.5892570634242,1.0024749,0.0027373126
1580.5906459307644,1580.5906459307644,1.005632,0.0027539805
1580.592034797988,1580.592034797988,1.0042218,0.002748221
1580.5934236652124,1580.5934236652124,1.0045472,0.0027408581
1580.5948125325526,1580.5948125325526,1.0028521,0.0027372483
1580.5962013997764,1580.5962013997764,1.0026182,0.002740941
1580.597590267117,1580.597590267117,1.0019307,0.0027441236
1580.5989791343413,1580.5989791343413,1.0028478,0.0027385189
1580.6003680015651,1580.6003680015651,1.0002447,0.0027354986
1580.601756868789,1580.601756868789,0.999815,0.0027427536
1580.6031457361298,1580.6031457361298,1.0027553,0.0027479162
1580.6045346033543,1580.6045346033543,1.0017211,0.0027393221
1580.605923470578,1580.605923470578,1.0020117,0.002749708
1580.607312337802,1580.607312337802,1.0001644,0.0027396737
1580.6087012050261,1580.6087012050261,1.0001409,0.0027349817
1580.6100900722506,1580.6100900722506,1.0006312,0.0027380134
1580.6114789394742,1580.6114789394742,1.0030848,0.002737191
1580.612867806698,1580.612867806698,0.99815977,0.0027478172
1580.6142566739227,1580.6142566739227,0.9988787,0.0027362723
1580.6156455411456,1580.6156455411456,0.99972796,0.0027363934
1580.6170344083685,1580.6170344083685,1.0010083,0.0027369575
1580.6184232754767,1580.6184232754767,1.0022718,0.0027374108
1580.619812142701,1580.619812142701,1.0022926,0.0027385438
1580.6212010099248,1580.6212010099248,0.9991037,0.0027396865
1580.6225898771486,1580.6225898771486,1.0019612,0.002743307
1580.6239787442564,1580.6239787442564,0.9990248,0.0027421562
1580.6253676114811,1580.6253676114811,1.000421,0.0027423305
1580.6267564785883,1580.6267564785883,1.0016364,0.0027363708
1580.6281453458118,1580.6281453458118,0.9998963,0.0027359554
1580.6295342130365,1580.6295342130365,0.998423,0.0027355026
1580.630923080144,1580.630923080144,0.9996117,0.0027374346
1580.632311947251,1580.632311947251,0.99977225,0.0027385375
1580.6337008144756,1580.6337008144756,1.0005893,0.0027356741
1580.6350896815834,1580.6350896815834,0.99878925,0.002740006
1580.6364785488072,1580.6364785488072,0.99869615,0.002738406
1580.6378674159146,1580.6378674159146,0.99947596,0.0027516782
1580.6392562830226,1580.6392562830226,1.0011957,0.0027480156
1580.6406451501307,1580.6406451501307,1.007285,0.0027384178
1580.6420340173545,1580.6420340173545,1.0001154,0.002736769
1580.6434228844619,1580.6434228844619,1.0033736,0.002741696
1580.6448117515697,1580.6448117515697,1.0014497,0.0027565376
1580.6462006186775,1580.6462006186775,1.0037694,0.002736965
1580.647589485785,1580.647589485785,1.0020181,0.0027390185
1580.6489783528923,1580.6489783528923,1.0003985,0.002748449
1580.6503672200004,1580.6503672200004,1.003075,0.0027356271
1580.6517560871075,1580.6517560871075,0.99928015,0.0027402022
1580.653144954215,1580.653144954215,1.0000347,0.0027514235
1580.6545338213232,1580.6545338213232,1.0002092,0.0027377543
1580.655922688431,1580.655922688431,1.0031978,0.002737219
1580.657311555422,1580.657311555422,1.0020633,0.0027368136
1580.6587004225294,1580.6587004225294,0.9992783,0.0027395198
1580.6600892896372,1580.6600892896372,0.9994852,0.002740649
1580.6614781567455,1580.6614781567455,0.9981979,0.002738471
1580.6628670237362,1580.6628670237362,0.9983562,0.0027354422
1580.6642558908434,1580.6642558908434,0.9985137,0.002740333
1580.6656447579517,1580.6656447579517,0.9981639,0.0027451504
1580.6670336249426,1580.6670336249426,1.0009723,0.002737896
1580.6684224920498,1580.6684224920498,0.998794,0.002738941
1580.6698113590414,1580.6698113590414,1.0015678,0.002739792
1580.6712002260329,1580.6712002260329,1.0003234,0.0027374718
1580.6725890931402,1580.6725890931402,0.9966107,0.0027346981
1580.6739779601312,1580.6739779601312,0.995523,0.0027506521
1580.675366827239,1580.675366827239,0.9982128,0.0027464614
1580.676755694231,1580.676755694231,0.9969631,0.0027359377
1580.6781445612219,1580.6781445612219,0.99616504,0.0027376108
1580.6795334282128,1580.6795334282128,0.99812853,0.002740114
1580.6809222953207,1580.6809222953207,0.9955364,0.0027357151
1580.682311162312,1580.682311162312,0.9959381,0.002734571
1580.683700029303,1580.683700029303,0.9952181,0.0027341477
1580.685088896294,1580.685088896294,0.999179,0.0027407473
1580.6864777632857,1580.6864777632857,0.9935656,0.0027364863
1580.6878666302764,1580.6878666302764,0.99903303,0.002737998
1580.6892554972674,1580.6892554972674,0.9931058,0.0027338024
1580.6906443642592,1580.6906443642592,0.99425983,0.0027376101
1580.6920332312507,1580.6920332312507,0.99523556,0.0027341787
1580.6934220982416,1580.6934220982416,0.99379915,0.0027344942
1580.6948109651162,1580.6948109651162,0.9936265,0.002743288
1580.6961998321076,1580.6961998321076,0.9893981,0.00273263
1580.6975886990995,1580.6975886990995,0.99636185,0.002735797
1580.6989775660902,1580.6989775660902,0.99717253,0.0027386446
1580.700366432964,1580.700366432964,0.9908868,0.002746514
1580.701755299955,1580.701755299955,0.9924832,0.0027406598
1580.7031441669458,1580.7031441669458,0.9938576,0.002734693
1580.70453303382,1580.70453303382,0.99411184,0.0027343028
1580.705921900812,1580.705921900812,0.99227494,0.0027342024
1580.707310767687,1580.707310767687,0.9917943,0.0027358078
1580.708699634678,1580.708699634678,0.9959808,0.002738722
1580.7100885015525,1580.7100885015525,1.0112635,0.0027431478
1580.7114773684275,1580.7114773684275,1.0136161,0.0027483208
1580.7128662354194,1580.7128662354194,1.0089442,0.0027468875
1580.714255102294,1580.714255102294,1.0009162,0.002738544
1580.7156439691682,1580.7156439691682,0.99720913,0.002735825
1580.71703283616,1580.71703283616,0.9981048,0.0027506927
1580.718421703035,1580.718421703035,0.99712723,0.0027405408
1580.7198105699094,1580.7198105699094,0.9986055,0.0027523793
1580.721199436784,1580.721199436784,0.9999116,0.0027458507
1580.722588303659,1580.722588303659,0.99392843,0.002734188
1580.7239771705335,1580.7239771705335,0.9961172,0.0027340925
1580.725366037408,1580.725366037408,0.99453056,0.0027395147
1580.7267549042836,1580.7267549042836,0.9964809,0.0027340725
1580.7281437711586,1580.7281437711586,0.99326056,0.002739296
1580.729532638033,1580.729532638033,0.99397945,0.002747299
1580.7309215049077,1580.7309215049077,0.9947657,0.0027493085
1580.7323103717827,1580.7323103717827,0.9928619,0.002738684
1580.7336992385415,1580.7336992385415,0.9933054,0.0027480503
1580.7350881054158,1580.7350881054158,0.99166876,0.0027351233
1580.7364769722903,1580.7364769722903,0.99799705,0.0027352632
1580.7378658391658,1580.7378658391658,0.99372613,0.0027335077
1580.7392547059244,1580.7392547059244,0.9957932,0.0027336963
1580.740643572799,1580.740643572799,0.9927861,0.0027336827
1580.742032439557,1580.742032439557,0.9945753,0.002737
1580.743421306432,1580.743421306432,0.9934097,0.002733054
1580.7448101731902,1580.7448101731902,0.99214363,0.0027319887
1580.7461990400648,1580.7461990400648,0.99264485,0.0027345265
1580.7475879068234,1580.7475879068234,0.9883743,0.002732753
1580.7489767736988,1580.7489767736988,0.99311817,0.0027329195
1580.750365640457,1580.750365640457,0.99182165,0.0027324618
1580.7517545072149,1580.7517545072149,0.9904826,0.0027427194
1580.7531433739737,1580.7531433739737,0.9930111,0.0027357675
1580.7545322408487,1580.7545322408487,0.98906195,0.002737109
1580.7559211076068,1580.7559211076068,0.99288154,0.0027342408
1580.757309974365,1580.757309974365,0.990288,0.0027414218
1580.7586988411235,1580.7586988411235,0.99246186,0.0027355
1580.7600877078817,1580.7600877078817,0.9890801,0.002733908
1580.7614765746398,1580.7614765746398,0.9901184,0.0027319847
1580.7628654413986,1580.7628654413986,0.9920761,0.002749123
1580.7642543081574,1580.7642543081574,0.9897986,0.0027359424
1580.7656431749156,1580.7656431749156,0.98880476,0.0027319235
1580.7670320416737,1580.7670320416737,0.9922058,0.0027366728
1580.7684209084323,1580.7684209084323,0.9901,0.002734992
1580.769809775191,1580.769809775191,0.98735815,0.002731745
1580.7711986418326,1580.7711986418326,0.98946714,0.0027286639
1580.7725875085907,1580.7725875085907,0.98901147,0.0027334923
1580.7739763753498,1580.7739763753498,0.99009895,0.0027301854
1580.775365241992,1580.775365241992,0.987068,0.0027307787
1580.77675410875,1580.77675410875,0.99183697,0.0027357324
1580.7781429755082,1580.7781429755082,0.99376327,0.0027390693
1580.7795318421504,1580.7795318421504,0.987389,0.0027325293
1580.7809207089085,1580.7809207089085,0.9934723,0.0027320092
1580.7823095755502,1580.7823095755502,0.9861801,0.0027289586
1580.7836984423084,1580.7836984423084,0.9920802,0.0027328301
1580.78508730895,1580.78508730895,0.9947358,0.0027367445
1580.7864761755916,1580.7864761755916,0.9880756,0.002729134
1580.7878650423495,1580.7878650423495,0.9883597,0.002731495
1580.7892539089921,1580.7892539089921,0.9911746,0.0027444907
1580.7906427756343,1580.7906427756343,0.9859751,0.002731502
1580.792031642276,1580.792031642276,0.9907478,0.0027478747
1580.7934205090341,1580.7934205090341,0.9918881,0.0027335624
1580.7948093756763,1580.7948093756763,0.98862386,0.0027293472
1580.796198242318,1580.796198242318,0.994405,0.0027339323
1580.7975871089598,1580.7975871089598,0.9864666,0.0027322837
1580.7989759756022,1580.7989759756022,0.98672694,0.002732834
1580.8003648422446,1580.8003648422446,0.9902342,0.002731027
1580.8017537088863,1580.8017537088863,0.9876215,0.002732492
1580.803142575528,1580.803142575528,0.98698306,0.0027429666
1580.8045314420538,1580.8045314420538,0.9882967,0.0027388944
1580.805920308696,1580.805920308696,0.9891455,0.0027374176
1580.8073091753377,1580.8073091753377,0.9871999,0.002741328
1580.8086980419794,1580.8086980419794,0.9876021,0.0027322802
1580.8100869085056,1580.8100869085056,0.9872405,0.002737342
1580.8114757751478,1580.8114757751478,0.9843369,0.0027392386
1580.8128646417895,1580.8128646417895,0.985826,0.0027306331
1580.8142535083148,1580.8142535083148,0.98414874,0.0027476377
1580.815642374957,1580.815642374957,0.9833276,0.0027295928
1580.8170312414823,1580.8170312414823,0.9895119,0.002731539
1580.818420108124,1580.818420108124,0.98849684,0.0027312755
1580.8198089746497,1580.8198089746497,0.98643064,0.0027380974
1580.8211978412924,1580.8211978412924,0.98564166,0.0027418733
1580.8225867078174,1580.8225867078174,0.98780036,0.0027342848
1580.8239755743425,1580.8239755743425,0.98759866,0.002731293
1580.8253644409851,1580.8253644409851,0.9859039,0.002744671
1580.826753307511,1580.826753307511,0.98549145,0.0027342564
1580.8281421740362,1580.8281421740362,0.98902696,0.0027306809
1580.8295310405615,1580.8295310405615,0.98441374,0.0027549658
1580.8309199070873,1580.8309199070873,0.9851946,0.0027299926
1580.8323087736126,1580.8323087736126,0.98523575,0.0027323088
1580.8336976401379,1580.8336976401379,0.9841926,0.0027312057
1580.8350865066639,1580.8350865066639,0.9858618,0.0027473734
1580.8364753731898,1580.8364753731898,0.9828336,0.0027316639
1580.8378642397151,1580.8378642397151,0.9844934,0.0027296199
1580.8392531062404,1580.8392531062404,0.9866822,0.0027328099
1580.8406419727662,1580.8406419727662,0.9837772,0.0027451015
1580.842030839292,1580.842030839292,0.98728526,0.0027333214
1580.8434197058173,1580.8434197058173,0.9827782,0.0027377089
1580.8448085722262,1580.8448085722262,0.9827249,0.0027284943
1580.8461974387521,1580.8461974387521,0.98622644,0.002736897
1580.8475863052781,1580.8475863052781,0.9811545,0.002738855
1580.848975171687,1580.848975171687,0.9850564,0.0027425187
1580.8503640382123,1580.8503640382123,0.9833718,0.0027290522
1580.8517529046217,1580.8517529046217,0.98234296,0.0027346024
1580.853141771147,1580.853141771147,0.9811914,0.0027287428
1580.8545306375559,1580.8545306375559,0.98475975,0.002730442
1580.8559195040816,1580.8559195040816,0.9833278,0.0027291048
1580.8573083704914,1580.8573083704914,0.9870747,0.002733869
1580.8586972369,1580.8586972369,0.9805573,0.00273147
1580.8600861034251,1580.8600861034251,0.98247504,0.0027312958
1580.861474969835,1580.861474969835,0.98585993,0.0027337228
1580.8628638362443,1580.8628638362443,0.98336756,0.0027330099
1580.8642527026525,1580.8642527026525,0.9814657,0.002728166
1580.8656415691771,1580.8656415691771,0.98385173,0.0027339065
1580.8670304355865,1580.8670304355865,0.9849992,0.002732281
1580.8684193019963,1580.8684193019963,0.98282933,0.002729394
1580.869808168405,1580.869808168405,0.9807868,0.0027309705
1580.8711970348136,1580.8711970348136,0.98383045,0.0027371948
1580.8725859012234,1580.8725859012234,0.9841667,0.002731042
1580.8739747676323,1580.8739747676323,0.98084337,0.0027300704
1580.8753636339245,1580.8753636339245,0.98297733,0.0027327836
1580.876752500334,1580.876752500334,0.97794694,0.00272825
1580.8781413667434,1580.8781413667434,0.9805455,0.0027466482
1580.8795302331523,1580.8795302331523,0.98355913,0.002728948
1580.8809190994448,1580.8809190994448,0.98089856,0.0027299528
1580.8823079658544,1580.8823079658544,0.9804509,0.00273139
1580.883696832264,1580.883696832264,0.9808936,0.0027321503
1580.8850856985564,1580.8850856985564,0.97988564,0.0027274373
1580.8864745649653,1580.8864745649653,0.9841289,0.002732147
1580.8878634312582,1580.8878634312582,0.98132163,0.002741515
1580.889252297667,1580.889252297667,0.9816696,0.0027447161
1580.8906411639596,1580.8906411639596,0.9841394,0.002735505
1580.892030030369,1580.892030030369,0.9803652,0.0027338509
1580.893418896662,1580.893418896662,0.98041546,0.0027317696
1580.8948077629543,1580.8948077629543,0.9803461,0.0027288997
1580.8961966293632,1580.8961966293632,0.9801586,0.0027297507
1580.8975854956566,1580.8975854956566,0.982755,0.0027392996
1580.8989743619495,1580.8989743619495,0.98290616,0.0027303456
1580.900363228242,1580.900363228242,0.9830585,0.0027325484
1580.9017520945345,1580.9017520945345,0.98360485,0.0027332641
1580.9031409608274,1580.9031409608274,0.98957217,0.002734879
1580.9045298271208,1580.9045298271208,0.9852644,0.0027304662
1580.905918693413,1580.905918693413,0.98183477,0.0027424726
1580.9073075597053,1580.9073075597053,0.98246956,0.0027307274
1580.9086964259986,1580.9086964259986,0.98554265,0.0027316697
1580.9100852922911,1580.9100852922911,0.97911155,0.0027264226
1580.9114741585834,1580.9114741585834,0.97775316,0.0027285013
1580.9128630248765,1580.9128630248765,0.9835115,0.0027300948
1580.914251891053,1580.914251891053,0.98144937,0.002731325
1580.9156407573455,1580.9156407573455,0.9840285,0.002739417
1580.917029623638,1580.917029623638,0.98070496,0.0027272156
1580.9184184898145,1580.9184184898145,0.97661006,0.0027482624
1580.9198073561079,1580.9198073561079,0.9807256,0.0027313423
1580.921196222284,1580.921196222284,0.98180526,0.002729279
1580.9225850885764,1580.9225850885764,0.9830355,0.0027336006
1580.923973954753,1580.923973954753,0.9820461,0.0027351396
1580.9253628210454,1580.9253628210454,0.97913754,0.0027280417
1580.9267516872214,1580.9267516872214,0.9779878,0.002729641
1580.928140553398,1580.928140553398,0.982689,0.0027335663
1580.929529419691,1580.929529419691,0.9792119,0.002733423
1580.930918285867,1580.930918285867,0.9830809,0.0027302622
1580.932307152043,1580.932307152043,0.9804414,0.002737535
1580.93369601822,1580.93369601822,0.9778995,0.0027258804
1580.935084884513,1580.935084884513,0.9775375,0.0027290217
1580.936473750689,1580.936473750689,0.9781533,0.002728823
1580.937862616865,1580.937862616865,0.978803,0.0027263537
1580.9392514830415,1580.9392514830415,0.9767475,0.0027458656
1580.9406403492185,1580.9406403492185,0.9791351,0.0027321116
1580.9420292153936,1580.9420292153936,0.9758374,0.0027332567
1580.9434180814524,1580.9434180814524,0.9858487,0.002730752
1580.9448069476293,1580.9448069476293,0.98303807,0.0027262636
1580.9461958138052,1580.9461958138052,0.98035073,0.002727302
1580.947584679981,1580.947584679981,0.98064345,0.0027355591
1580.948973546158,1580.948973546158,0.98069465,0.0027347482
1580.950362412218,1580.950362412218,0.98100394,0.0027323028
1580.951751278394,1580.951751278394,0.9822921,0.002731919
1580.9531401445702,1580.9531401445702,0.97969836,0.002731334
1580.9545290106303,1580.9545290106303,0.9809499,0.0027293342
1580.9559178768072,1580.9559178768072,0.978255,0.0027292406
1580.9573067428669,1580.9573067428669,0.9802283,0.0027398989
1580.9586956090427,1580.9586956090427,0.9817307,0.0027324979
1580.960084475103,1580.960084475103,0.9765594,0.0027277204
1580.9614733411627,1580.9614733411627,0.98023766,0.0027274953
1580.9628622073387,1580.9628622073387,0.98010683,0.002726603
1580.9642510733988,1580.9642510733988,0.9777808,0.0027283984
1580.965639939459,1580.965639939459,0.9815073,0.0027423939
1580.9670288055186,1580.9670288055186,0.98270446,0.0027286469
1580.9684176715782,1580.9684176715782,0.97598326,0.002731251
1580.9698065377552,1580.9698065377552,0.97894657,0.0027348718
1580.9711954038153,1580.9711954038153,0.98024774,0.0027295907
1580.972584269875,1580.972584269875,0.9775622,0.0027276687
1580.9739731359346,1580.9739731359346,0.97992486,0.0027321696
1580.9753620019947,1580.9753620019947,0.9809531,0.002730386
1580.9767508679386,1580.9767508679386,0.98084223,0.0027521164
1580.978139733998,1580.978139733998,0.9809575,0.0027316671
1580.9795286000576,1580.9795286000576,0.983771,0.00274101
1580.9809174661182,1580.9809174661182,0.97887,0.0027464987
1580.9823063321776,1580.9823063321776,0.98238087,0.0027450304
1580.9836951981206,1580.9836951981206,0.98216736,0.002735822
1580.9850840641811,1580.9850840641811,0.9801624,0.002738153
1580.9864729302412,1580.9864729302412,0.980281,0.0027301824
1580.9878617961845,1580.9878617961845,0.9833976,0.0027281067
1580.989250662244,1580.989250662244,0.97634095,0.0027302108
1580.9906395281878,1580.9906395281878,0.9793577,0.002729602
1580.9920283942483,1580.9920283942483,0.9800516,0.0027275996
1580.9934172601916,1580.9934172601916,0.9828454,0.0027311132
1580.9948061261346,1580.9948061261346,0.97784495,0.002732319
1580.996194992195,1580.996194992195,0.97596383,0.002728237
1580.9975838581386,1580.9975838581386,0.9798281,0.0027330897
1580.9989727240818,1580.9989727240818,0.9790484,0.002727793
1581.000361590025,1581.000361590025,0.97882533,0.002744972
1581.0017504559687,1581.0017504559687,0.97884244,0.0027296746
1581.0031393220283,1581.0031393220283,0.9801955,0.002728522
1581.0045281879716,1581.0045281879716,0.97657335,0.0027267693
1581.0059170539155,1581.0059170539155,0.9825799,0.002727966
1581.0073059198594,1581.0073059198594,0.9796597,0.0027313076
1581.0086947858026,1581.0086947858026,0.9822666,0.0027309717
1581.0100836516294,1581.0100836516294,0.9847092,0.0027490652
1581.011472517573,1581.011472517573,0.984255,0.002729633
1581.012861383517,1581.012861383517,0.97952014,0.0027304376
1581.01425024946,1581.01425024946,0.97842604,0.0027410001
1581.0156391154032,1581.0156391154032,0.97932947,0.0027379883
1581.017027981231,1581.017027981231,0.9771654,0.0027271474
1581.0184168471733,1581.0184168471733,0.9785169,0.0027361836
1581.0198057131156,1581.0198057131156,0.98109066,0.0027348185
1581.0211945789433,1581.0211945789433,0.97884846,0.002726975
1581.022583444887,1581.022583444887,0.981556,0.0027296103
1581.0239723107138,1581.0239723107138,0.9818907,0.0027288306
1581.0253611765406,1581.0253611765406,0.98120886,0.0027295758
1581.0267500424843,1581.0267500424843,0.9768324,0.0027319286
1581.028138908312,1581.028138908312,0.98097926,0.0027391906
1581.0295277741386,1581.0295277741386,0.9847724,0.002731475
1581.0309166400816,1581.0309166400816,0.9794238,0.0027282578
1581.0323055059093,1581.0323055059093,0.9823592,0.002731937
1581.0336943717366,1581.0336943717366,0.98054564,0.0027270473
1581.0350832375634,1581.0350832375634,0.98352396,0.002732922
1581.0364721033902,1581.0364721033902,0.98332125,0.0027312774
1581.0378609692175,1581.0378609692175,0.97953105,0.0027356192
1581.0392498350443,1581.0392498350443,0.98093975,0.0027330003
1581.040638700871,1581.040638700871,0.9819826,0.0027339365
1581.0420275666986,1581.0420275666986,0.97973496,0.0027316757
1581.043416432526,1581.043416432526,0.97858137,0.0027301894
1581.044805298353,1581.044805298353,0.97877836,0.0027410951
1581.0461941641797,1581.0461941641797,0.9799007,0.002729129
1581.0475830298906,1581.0475830298906,0.980149,0.0027382474
1581.0489718957178,1581.0489718957178,0.9793702,0.0027282308
1581.0503607615447,1581.0503607615447,0.98173213,0.0027316262
1581.051749627255,1581.051749627255,0.98234904,0.0027415236
1581.0531384930828,1581.0531384930828,0.98129827,0.0027397603
1581.0545273589094,1581.0545273589094,0.9816255,0.002727285
1581.0559162246195,1581.0559162246195,0.97960716,0.0027304098
1581.0573050903308,1581.0573050903308,0.984467,0.0027297891
1581.058693956158,1581.058693956158,0.9823782,0.0027292846
1581.0600828218685,1581.0600828218685,0.9809159,0.0027343985
1581.0614716876953,1581.0614716876953,0.97812295,0.0027265495
1581.0628605534062,1581.0628605534062,0.9806765,0.002726024
1581.0642494191175,1581.0642494191175,0.9816831,0.0027307575
1581.0656382848276,1581.0656382848276,0.9784952,0.0027440062
1581.0670271505378,1581.0670271505378,0.97836363,0.0027391077
1581.068416016249,1581.068416016249,0.97869146,0.0027262396
1581.0698048820764,1581.0698048820764,0.9832223,0.0027308627
1581.0711937477868,1581.0711937477868,0.9823451,0.0027344285
1581.0725826133807,1581.0725826133807,0.9823124,0.0027315852
1581.0739714790916,1581.0739714790916,0.98275685,0.0027325954
1581.075360344802,1581.075360344802,0.9834238,0.0027328902
1581.0767492105124,1581.0767492105124,0.97970647,0.0027312445
1581.0781380762235,1581.0781380762235,0.97908527,0.0027396546
1581.0795269419345,1581.0795269419345,0.9817664,0.0027282601
1581.0809158075285,1581.0809158075285,0.982743,0.0027289302
1581.082304673239,1581.082304673239,0.9811566,0.002739135
1581.0836935389498,1581.0836935389498,0.9833046,0.0027308438
1581.0850824045442,1581.0850824045442,0.9821147,0.0027394916
1581.0864712702546,1581.0864712702546,0.9812246,0.002730257
1581.0878601358486,1581.0878601358486,0.97998744,0.0027465739
1581.0892490015597,1581.0892490015597,0.9799498,0.0027288937
1581.0906378671534,1581.0906378671534,0.9782715,0.0027297765
1581.092026732747,1581.092026732747,0.9815506,0.0027407724
1581.0934155984573,1581.0934155984573,0.97963315,0.0027288855
1581.0948044640518,1581.0948044640518,0.98418874,0.0027314774
1581.0961933296458,1581.0961933296458,0.97818106,0.002725905
1581.0975821952397,1581.0975821952397,0.98126763,0.0027294923
1581.0989710609506,1581.0989710609506,0.980683,0.0027436693
1581.1003599265455,1581.1003599265455,0.983863,0.0027266098
1581.1017487921392,1581.1017487921392,0.97999644,0.0027297318
1581.103137657733,1581.103137657733,0.981899,0.0027400323
1581.1045265233279,1581.1045265233279,0.97788316,0.0027289926
1581.1059153889223,1581.1059153889223,0.98395944,0.0027301265
1581.1073042543999,1581.1073042543999,0.98231435,0.0027297798
1581.1086931199939,1581.1086931199939,0.9822289,0.0027328883
1581.1100819855883,1581.1100819855883,0.9844555,0.002739997
1581.1114708511823,1581.1114708511823,0.98076224,0.0027306206
1581.1128597166598,1581.1128597166598,0.9812339,0.0027329552
1581.1142485822543,1581.1142485822543,0.98302764,0.002734894
1581.1156374478492,1581.1156374478492,0.985641,0.002732831
1581.1170263133267,1581.1170263133267,0.98478603,0.002735936
1581.1184151789205,1581.1184151789205,0.9844976,0.0027401187
1581.1198040443987,1581.1198040443987,0.983461,0.0027369065
1581.1211929099932,1581.1211929099932,0.9850648,0.0027311035
1581.1225817754707,1581.1225817754707,0.98621124,0.0027342031
1581.1239706409483,1581.1239706409483,0.9843548,0.0027292534
1581.125359506543,1581.125359506543,0.9818983,0.0027310292
1581.1267483720212,1581.1267483720212,0.9808899,0.0027311007
1581.1281372374988,1581.1281372374988,0.9862751,0.0027389722
1581.1295261029763,1581.1295261029763,0.98374224,0.0027367736
1581.1309149684544,1581.1309149684544,0.9850863,0.0027371158
1581.1323038340483,1581.1323038340483,0.98590803,0.0027329111
1581.133692699526,1581.133692699526,0.9856932,0.0027403615
1581.135081565004,1581.135081565004,0.9819147,0.0027351445
1581.1364704303658,1581.1364704303658,0.98393476,0.0027331877
1581.137859295843,1581.137859295843,0.98484147,0.002730527
1581.1392481613207,1581.1392481613207,0.9821435,0.0027376844
1581.1406370267991,1581.1406370267991,0.98252195,0.0027319558
1581.1420258922772,1581.1420258922772,0.98579,0.0027344807
1581.1434147576383,1581.1434147576383,0.9844228,0.0027285563
1581.1448036231159,1581.1448036231159,0.9851568,0.002732219
1581.146192488594,1581.146192488594,0.98420364,0.0027323419
1581.147581353955,1581.147581353955,0.98471045,0.002733276
1581.1489702194326,1581.1489702194326,0.9835014,0.002731573
1581.1503590847942,1581.1503590847942,0.9831598,0.0027288212
1581.1517479502727,1581.1517479502727,0.9857073,0.00273533
1581.1531368156338,1581.1531368156338,0.9823739,0.0027378637
1581.1545256811112,1581.1545256811112,0.98647094,0.0027461972
1581.155914546473,1581.155914546473,0.9874565,0.002731757
1581.1573034118346,1581.1573034118346,0.9883617,0.002742889
1581.1586922771958,1581.1586922771958,0.98466486,0.0027356974
1581.1600811426733,1581.1600811426733,0.986104,0.002735114
1581.161470008035,1581.161470008035,0.9848333,0.0027320771
1581.162858873397,1581.162858873397,0.9852945,0.0027318343
1581.1642477387581,1581.1642477387581,0.98840225,0.0027450249
1581.1656366041184,1581.1656366041184,0.9854567,0.002735824
1581.1670254694795,1581.1670254694795,0.9856048,0.0027293952
1581.1684143348407,1581.1684143348407,0.9851104,0.002745627
1581.1698032000854,1581.1698032000854,0.9874638,0.002728907
1581.171192065447,1581.171192065447,0.98433167,0.002735527
1581.1725809308089,1581.1725809308089,0.9899535,0.0027332646
1581.1739697961698,1581.1739697961698,0.9850373,0.0027299516
1581.1753586614145,1581.1753586614145,0.9848108,0.0027333058
1581.1767475267766,1581.1767475267766,0.99050987,0.0027353484
1581.1781363921382,1581.1781363921382,0.98704016,0.00273173
1581.179525257383,1581.179525257383,0.98369586,0.002733537
1581.180914122744,1581.180914122744,0.9858392,0.0027331167
1581.1823029879893,1581.1823029879893,0.9847283,0.0027314299
1581.183691853234,1581.183691853234,0.98536545,0.002735619
1581.1850807185951,1581.1850807185951,0.99042135,0.00273203
1581.1864695838403,1581.1864695838403,0.9864795,0.0027397603
1581.187858449086,1581.187858449086,0.98306346,0.002730624
1581.189247314447,1581.189247314447,0.98757476,0.002737074
1581.1906361796914,1581.1906361796914,0.9870999,0.0027310415
1581.192025044937,1581.192025044937,0.9909065,0.0027353829
1581.1934139101822,1581.1934139101822,0.9873546,0.002735786
1581.194802775427,1581.194802775427,0.9902146,0.002733971
1581.1961916406717,1581.1961916406717,0.9846107,0.0027313705
1581.197580505917,1581.197580505917,0.9856313,0.0027332024
1581.1989693711625,1581.1989693711625,0.987606,0.0027330103
1581.2003582364073,1581.2003582364073,0.98891604,0.002730956
1581.2017471015354,1581.2017471015354,0.9891649,0.0027395515
1581.2031359667808,1581.2031359667808,0.99184024,0.002734896
1581.2045248320255,1581.2045248320255,0.98928213,0.002731445
1581.2059136972703,1581.2059136972703,0.98872983,0.002735851
1581.207302562399,1581.207302562399,0.9881491,0.0027336131
1581.2086914276442,1581.2086914276442,0.9894953,0.0027328632
1581.2100802927725,1581.2100802927725,0.99030656,0.0027327186
1581.2114691580173,1581.2114691580173,0.9870993,0.002748182
1581.2128580231465,1581.2128580231465,0.987324,0.0027361577
1581.2142468883917,1581.2142468883917,0.98554355,0.0027300233
1581.21563575352,1581.21563575352,0.9920978,0.0027366315
1581.2170246186483,1581.2170246186483,0.9876375,0.0027347058
1581.218413483777,1581.218413483777,0.9874578,0.0027506046
1581.2198023490218,1581.2198023490218,0.9911655,0.0027370483
1581.2211912141502,1581.2211912141502,0.99047554,0.0027354914
1581.222580079279,1581.222580079279,0.98735106,0.0027390332
1581.2239689444082,1581.2239689444082,0.9906118,0.002741735
1581.2253578095363,1581.2253578095363,0.9909758,0.0027473797
1581.2267466746644,1581.2267466746644,0.9872806,0.0027487695
1581.2281355397936,1581.2281355397936,0.98943645,0.0027368993
1581.2295244049224,1581.2295244049224,0.993439,0.0027359047
1581.2309132700507,1581.2309132700507,0.98997396,0.002734427
1581.2323021350626,1581.2323021350626,0.98845214,0.0027386844
1581.2336910001914,1581.2336910001914,0.98793226,0.0027376136
1581.2350798653206,1581.2350798653206,0.98787093,0.0027365342
1581.2364687303316,1581.2364687303316,0.9924383,0.0027434728
1581.237857595459,1581.237857595459,0.989863,0.0027344644
1581.2392464604718,1581.2392464604718,0.9921614,0.0027447715
1581.2406353256001,1581.2406353256001,0.9924546,0.0027350741
1581.242024190612,1581.242024190612,0.9886878,0.002732018
1581.2434130557408,1581.2434130557408,0.9881857,0.002735053
1581.2448019207532,1581.2448019207532,0.9916715,0.002737687
1581.246190785765,1581.246190785765,0.99214363,0.0027373394
1581.2475796508934,1581.2475796508934,0.99282295,0.0027325812
1581.248968515906,1581.248968515906,0.9900334,0.0027323014
1581.2503573809186,1581.2503573809186,0.9879418,0.0027353463
1581.2517462459305,1581.2517462459305,0.9895162,0.0027397547
1581.2531351109424,1581.2531351109424,0.9895402,0.0027387207
1581.2545239759547,1581.2545239759547,0.98963845,0.0027331817
1581.255912840967,1581.255912840967,0.9910873,0.0027365042
1581.257301705979,1581.257301705979,0.988521,0.0027349666
1581.258690570991,1581.258690570991,0.98739535,0.0027353738
1581.2600794360037,1581.2600794360037,0.99247473,0.0027376583
1581.2614683010154,1581.2614683010154,0.98988914,0.0027355137
1581.2628571659106,1581.2628571659106,0.9915716,0.0027358534
1581.2642460309235,1581.2642460309235,0.98727953,0.0027335826
1581.2656348959358,1581.2656348959358,0.99157506,0.002736123
1581.2670237608313,1581.2670237608313,0.9906461,0.0027341426
1581.2684126258432,1581.2684126258432,0.9882102,0.00273444
1581.2698014907392,1581.2698014907392,0.9925864,0.0027345347
1581.271190355752,1581.271190355752,0.9891184,0.0027495907
1581.2725792206472,1581.2725792206472,0.9901483,0.0027353724
1581.273968085659,1581.273968085659,0.991516,0.0027357594
1581.2753569505553,1581.2753569505553,0.990443,0.002738596
1581.2767458154508,1581.2767458154508,0.9936758,0.0027357202
1581.2781346803463,1581.2781346803463,0.9925331,0.0027351712
1581.2795235453586,1581.2795235453586,0.9944729,0.0027468142
1581.2809124102546,1581.2809124102546,0.99257094,0.0027470211
1581.28230127515,1581.28230127515,0.9935016,0.002733895
1581.2836901400456,1581.2836901400456,0.9942234,0.0027358977
1581.2850790049417,1581.2850790049417,0.99496907,0.0027505208
1581.286467869838,1581.286467869838,0.9924824,0.0027383477
1581.2878567347334,1581.2878567347334,0.99252367,0.0027356877
1581.2892455995125,1581.2892455995125,0.9911335,0.0027367931
1581.2906344644084,1581.2906344644084,0.9960516,0.0027385533
1581.2920233293044,1581.2920233293044,0.9961537,0.002742634
1581.2934121941998,1581.2934121941998,0.9926842,0.0027421818
1581.294801058979,1581.294801058979,0.992764,0.002740982
1581.2961899238753,1581.2961899238753,0.99370515,0.0027357934
1581.2975787886542,1581.2975787886542,0.99478287,0.0027388888
1581.2989676535494,1581.2989676535494,0.99648803,0.0027470544
1581.3003565183294,1581.3003565183294,0.99493223,0.0027336744
1581.3017453832254,1581.3017453832254,0.99251544,0.0027361223
1581.3031342480044,1581.3031342480044,0.9949191,0.0027331007
1581.3045231127835,1581.3045231127835,0.9946751,0.0027491977
1581.3059119776794,1581.3059119776794,0.9972268,0.002737957
1581.3073008424585,1581.3073008424585,0.99533236,0.0027351074
1581.308689707237,1581.308689707237,0.99545205,0.0027389606
1581.3100785720158,1581.3100785720158,0.9965315,0.0027365705
1581.3114674367957,1581.3114674367957,0.9961325,0.0027405838
1581.3128563015748,1581.3128563015748,0.9947388,0.0027446577
1581.3142451663537,1581.3142451663537,0.99385566,0.0027359338
1581.3156340311334,1581.3156340311334,0.99552983,0.0027423091
1581.317022895913,1581.317022895913,0.99175084,0.0027372502
1581.318411760692,1581.318411760692,0.9958356,0.0027387377
1581.3198006253547,1581.3198006253547,1.0087467,0.002742227
1581.3211894901342,1581.3211894901342,1.0164849,0.0027540738
1581.3225783549142,1581.3225783549142,1.0026417,0.0027421578
1581.3239672195768,1581.3239672195768,0.99921244,0.0027377883
1581.325356084356,1581.325356084356,0.99583393,0.0027476402
1581.326744949019,1581.326744949019,0.99900436,0.0027388083
1581.3281338137986,1581.3281338137986,0.9999424,0.002750481
1581.3295226784612,1581.3295226784612,0.99899024,0.0027457864
1581.3309115432403,1581.3309115432403,1.0011032,0.0027370052
1581.3323004079036,1581.3323004079036,0.99918497,0.0027372595
1581.333689272566,1581.333689272566,0.999847,0.00275214
1581.3350781373451,1581.3350781373451,0.9968608,0.0027420032
1581.3364670020087,1581.3364670020087,1.0007514,0.0027369584
1581.3378558666718,1581.3378558666718,1.0011777,0.0027389922
1581.3392447313345,1581.3392447313345,1.0013088,0.002744863
1581.3406335959971,1581.3406335959971,0.9952074,0.0027377252
1581.3420224606602,1581.3420224606602,0.99981934,0.002743582
1581.3434113253238,1581.3434113253238,0.99985236,0.0027469588
1581.3448001899862,1581.3448001899862,1.0005894,0.0027450111
1581.3461890546487,1581.3461890546487,0.99970496,0.0027367254
1581.3475779191958,1581.3475779191958,0.99467313,0.002746194
1581.3489667838585,1581.3489667838585,1.0033383,0.0027454915
1581.350355648521,1581.350355648521,1.0031468,0.0027419408
1581.3517445130678,1581.3517445130678,1.0037665,0.0027515877
1581.353133377731,1581.353133377731,1.0057261,0.002748003
1581.3545222422772,1581.3545222422772,0.9995139,0.002747673
1581.3559111069399,1581.3559111069399,0.99706876,0.0027407885
1581.3572999714866,1581.3572999714866,0.99724823,0.0027353056
1581.3586888361501,1581.3586888361501,1.000749,0.0027421985
1581.3600777006964,1581.3600777006964,0.9999053,0.002737448
1581.3614665652424,1581.3614665652424,0.9971755,0.0027383026
1581.3628554299057,1581.3628554299057,0.997229,0.0027372916
1581.3642442944524,1581.3642442944524,0.9970475,0.0027434884
1581.3656331589987,1581.3656331589987,0.99881756,0.0027380574
1581.367022023545,1581.367022023545,0.9968513,0.0027433634
1581.3684108880918,1581.3684108880918,0.99993706,0.0027385296
1581.3697997526378,1581.3697997526378,0.9996102,0.002736987
1581.371188617184,1581.371188617184,1.0013989,0.0027535772
1581.3725774817312,1581.3725774817312,0.99723023,0.0027395205
1581.373966346278,1581.373966346278,0.99990773,0.0027411934
1581.3753552107069,1581.3753552107069,1.000468,0.0027397217
1581.3767440752526,1581.3767440752526,0.99966586,0.0027372956
1581.3781329397993,1581.3781329397993,0.9990218,0.002742077
1581.3795218042299,1581.3795218042299,0.99881965,0.0027371184
1581.3809106687759,1581.3809106687759,0.9988242,0.0027368367
1581.382299533322,1581.382299533322,1.0018855,0.0027380295
1581.3836883977528,1581.3836883977528,1.0005474,0.0027426474
1581.3850772621831,1581.3850772621831,0.9981952,0.0027423152
1581.3864661267294,1581.3864661267294,1.0008051,0.0027377927
1581.3878549911592,1581.3878549911592,0.999786,0.002740247
1581.3892438555895,1581.3892438555895,1.0023407,0.0027387964
1581.3906327201357,1581.3906327201357,1.0016936,0.0027423578
1581.3920215845656,1581.3920215845656,0.9980643,0.0027375666
1581.3934104489958,1581.3934104489958,1.0027217,0.0027392698
1581.3947993134266,1581.3947993134266,1.0012378,0.0027377699
1581.3961881778564,1581.3961881778564,1.0035076,0.0027477348
1581.397577042286,1581.397577042286,1.0025603,0.0027402928
1581.3989659067165,1581.3989659067165,1.0003635,0.002742074
1581.4003547711468,1581.4003547711468,1.0021248,0.0027384982
1581.4017436355766,1581.4017436355766,1.0002005,0.0027432654
1581.40313249989,1581.40313249989,1.0025839,0.0027462153
1581.4045213643203,1581.4045213643203,1.0031999,0.0027415357
1581.4059102287501,1581.4059102287501,0.99847597,0.0027372604
1581.40729909318,1581.40729909318,1.0017717,0.002741393
1581.408687957494,1581.408687957494,1.0018921,0.0027385075
1581.4100768219246,1581.4100768219246,0.9991611,0.0027523963
1581.411465686238,1581.411465686238,1.003073,0.0027372567
1581.4128545505514,1581.4128545505514,0.9978705,0.0027370662
1581.4142434149817,1581.4142434149817,1.0052906,0.0027412844
1581.4156322792958,1581.4156322792958,1.0043323,0.0027410882
1581.417021143609,1581.417021143609,1.0015484,0.0027451583
1581.4184100080388,1581.4184100080388,1.0023035,0.00273774
1581.419798872353,1581.419798872353,1.0024872,0.0027408148
1581.421187736667,1581.421187736667,1.0037315,0.0027412856
1581.4225766009804,1581.4225766009804,1.005467,0.0027408258
1581.4239654652938,1581.4239654652938,1.0027316,0.002738025
1581.4253543296077,1581.4253543296077,1.0029894,0.0027398365
1581.426743193921,1581.426743193921,1.0026232,0.00275309
1581.4281320582345,1581.4281320582345,1.0033014,0.0027427434
1581.4295209225484,1581.4295209225484,1.0043654,0.002743216
1581.4309097867463,1581.4309097867463,1.0015919,0.0027490018
1581.4322986510595,1581.4322986510595,1.0027984,0.0027377561
1581.4336875153726,1581.4336875153726,1.0017538,0.0027436507
1581.4350763795705,1581.4350763795705,1.0056685,0.0027438453
1581.4364652438844,1581.4364652438844,1.0035839,0.002738315
1581.4378541080814,1581.4378541080814,1.0024029,0.002739531
1581.4392429723948,1581.4392429723948,1.0008016,0.0027428437
1581.4406318365923,1581.4406318365923,1.0017321,0.0027403291
1581.4420207007888,1581.4420207007888,1.0031458,0.0027406635
1581.4434095651013,1581.4434095651013,1.0037851,0.0027470423
1581.444798429299,1581.444798429299,1.0028142,0.0027370667
1581.4461872934967,1581.4461872934967,1.0025557,0.002738459
1581.4475761576937,1581.4475761576937,1.0032773,0.0027412013
1581.4489650218907,1581.4489650218907,1.0052649,0.002757984
1581.4503538860881,1581.4503538860881,1.0020769,0.0027404078
1581.4517427502856,1581.4517427502856,1.0027127,0.0027395738
1581.4531316144826,1581.4531316144826,1.0061303,0.002742006
1581.4545204786796,1581.4545204786796,1.0068414,0.002750058
1581.4559093428772,1581.4559093428772,1.0066601,0.0027487206
1581.457298207075,1581.457298207075,1.002309,0.0027406677
1581.4586870711555,1581.4586870711555,1.0077031,0.0027535795
1581.4600759353525,1581.4600759353525,1.003105,0.0027400523
1581.46146479955,1581.46146479955,1.0054773,0.0027550608
1581.4628536636305,1581.4628536636305,1.0054991,0.0027673526
1581.4642425278275,1581.4642425278275,1.0066414,0.002743403
1581.4656313919086,1581.4656313919086,1.0042878,0.0027409664
1581.4670202561065,1581.4670202561065,1.0031886,0.0027406414
1581.4684091201868,1581.4684091201868,1.0019442,0.0027441182
1581.4697979842672,1581.4697979842672,1.0083184,0.0027437096
1581.471186848465,1581.471186848465,1.0038276,0.002740043
1581.4725757125461,1581.4725757125461,1.006751,0.0027437059
1581.4739645766267,1581.4739645766267,1.0070282,0.0027459941
1581.4753534407073,1581.4753534407073,1.0047309,0.002741433
1581.4767423047883,1581.4767423047883,1.0085349,0.002756861
1581.478131168869,1581.478131168869,1.0051248,0.002743055
1581.4795200329495,1581.4795200329495,1.0053843,0.002740202
1581.4809088970305,1581.4809088970305,1.0106232,0.0027442542
1581.482297761112,1581.482297761112,1.0065447,0.0027409266
1581.4836866251926,1581.4836866251926,1.0098501,0.002743031
1581.4850754891568,1581.4850754891568,1.0050634,0.0027453573
1581.4864643532378,1581.4864643532378,1.0059602,0.0027443557
1581.4878532173188,1581.4878532173188,1.008422,0.0027396083
1581.489242081283,1581.489242081283,1.0089722,0.0027384772
1581.4906309453636,1581.4906309453636,1.005789,0.002752909
1581.4920198093284,1581.4920198093284,1.0075699,0.0027415697
1581.4934086732933,1581.4934086732933,1.0038439,0.0027433056
1581.4947975373739,1581.4947975373739,1.0084337,0.0027434602
1581.496186401338,1581.496186401338,1.000064,0.0027517145
1581.4975752653027,1581.4975752653027,1.0077606,0.0027559695
1581.4989641293832,1581.4989641293832,1.005699,0.002742441
1581.5003529933474,1581.5003529933474,1.0056844,0.0027412495
1581.501741857312,1581.501741857312,1.0077021,0.002747547
1581.503130721277,1581.503130721277,1.0093231,0.0027455767
1581.504519585241,1581.504519585241,1.0082287,0.0027433236
1581.505908449205,1581.505908449205,1.0084264,0.0027528594
1581.50729731317,1581.50729731317,1.0072553,0.0027492214
1581.5086861770178,1581.5086861770178,1.0071348,0.00274399
1581.510075040981,1581.510075040981,1.0049348,0.0027506023
1581.5114639049452,1581.5114639049452,1.0092854,0.002740762
1581.5128527689099,1581.5128527689099,1.0097739,0.0027425515
1581.5142416327585,1581.5142416327585,1.0076659,0.0027416947
1581.5156304967225,1581.5156304967225,1.0068264,0.0027416148
1581.51701936057,1581.51701936057,1.0086219,0.0027544464
1581.518408224535,1581.518408224535,1.004998,0.0027511716
1581.5197970883828,1581.5197970883828,1.0093297,0.002742895
1581.5211859523467,1581.5211859523467,1.0052017,0.0027430265
1581.5225748161952,1581.5225748161952,1.013031,0.002743273
1581.5239636800434,1581.5239636800434,1.0095055,0.002749476
1581.5253525438911,1581.5253525438911,1.0088731,0.0027500077
1581.5267414077389,1581.5267414077389,1.0097481,0.0027468258
1581.5281302715873,1581.5281302715873,1.0118176,0.0027437697
1581.5295191355522,1581.5295191355522,1.008406,0.0027552838
1581.5309079992835,1581.5309079992835,1.0086458,0.0027454877
1581.5322968631313,1581.5322968631313,1.0079639,0.0027422674
1581.5336857269795,1581.5336857269795,1.009838,0.0027477911
1581.5350745908272,1581.5350745908272,1.0129782,0.0027426628
1581.536463454675,1581.536463454675,1.0062034,0.0027497257
1581.5378523185232,1581.5378523185232,1.0107015,0.0027454025
1581.5392411822552,1581.5392411822552,1.0097513,0.0027461895
1581.5406300461027,1581.5406300461027,1.0076023,0.0027424635
1581.542018909834,1581.542018909834,1.0075425,0.0027395398
1581.5434077736827,1581.5434077736827,1.0083758,0.0027565327
1581.5447966374145,1581.5447966374145,1.0096358,0.0027471725
1581.5461855012622,1581.5461855012622,1.0086689,0.002741609
1581.5475743649936,1581.5475743649936,1.0084441,0.0027441815
1581.5489632287254,1581.5489632287254,1.0098436,0.002749602
1581.550352092574,1581.550352092574,1.0086876,0.0027455427
1581.5517409563051,1581.5517409563051,1.0084054,0.0027393135
1581.5531298200362,1581.5531298200362,1.0092441,0.0027501099
1581.5545186837685,1581.5545186837685,1.0083252,0.0027488472
1581.5559075474998,1581.5559075474998,1.0091286,0.0027423943
1581.557296411231,1581.557296411231,1.0082213,0.0027498305
1581.558685274963,1581.558685274963,1.0078855,0.0027401454
1581.5600741386947,1581.5600741386947,1.0110039,0.0027565567
1581.5614630023097,1581.5614630023097,1.0094519,0.002764611
1581.562851866041,1581.562851866041,1.0080332,0.0027428237
1581.5642407297728,1581.5642407297728,1.0099108,0.0027717254
1581.5656295933886,1581.5656295933886,1.0071247,0.0027465092
1581.56701845712,1581.56701845712,1.0080708,0.0027433918
1581.5684073207349,1581.5684073207349,1.0071366,0.002740293
1581.5697961844667,1581.5697961844667,1.0122113,0.0027434276
1581.5711850480816,1581.5711850480816,1.008978,0.002749124
1581.572573911813,1581.572573911813,1.0094315,0.00274419
1581.5739627754278,1581.5739627754278,1.0091808,0.0027445771
1581.5753516390425,1581.5753516390425,1.0073754,0.0027421864
1581.5767405026572,1581.5767405026572,1.0095502,0.0027452512
1581.5781293663886,1581.5781293663886,1.006926,0.0027440963
1581.5795182300044,1581.5795182300044,1.0117805,0.002745304
1581.5809070936198,1581.5809070936198,1.0064763,0.0027449133
1581.5822959572347,1581.5822959572347,1.00871,0.0027410598
1581.5836848208496,1581.5836848208496,1.0096769,0.0027539267
1581.5850736843486,1581.5850736843486,1.0076588,0.0027426248
1581.5864625479642,1581.5864625479642,1.0072345,0.002751822
1581.5878514115789,1581.5878514115789,1.0108117,0.0027433562
1581.5892402751938,1581.5892402751938,1.0127966,0.0027476642
1581.5906291386932,1581.5906291386932,1.0116287,0.0027499087
1581.592018002308,1581.592018002308,1.0103263,0.0027433122
1581.5934068658062,1581.5934068658062,1.0131068,0.0027453084
1581.594795729422,1581.594795729422,1.0129251,0.0027468146
1581.596184592921,1581.596184592921,1.011564,0.0027420889
1581.5975734565359,1581.5975734565359,1.0079325,0.002742612
1581.5989623200344,1581.5989623200344,1.0100021,0.0027448623
1581.6003511835333,1581.6003511835333,1.012074,0.0027415112
1581.6017400471492,1581.6017400471492,1.010672,0.0027429888
1581.6031289106477,1581.6031289106477,1.0148444,0.0027451345
1581.604517774146,1581.604517774146,1.00807,0.0027475245
1581.6059066376451,1581.6059066376451,1.0096623,0.0027421932
1581.6072955011437,1581.6072955011437,1.0115492,0.0027461655
1581.6086843646422,1581.6086843646422,1.0114942,0.002743588
1581.6100732281411,1581.6100732281411,1.0095308,0.0027436216
1581.6114620915237,1581.6114620915237,1.009279,0.0027404372
1581.6128509550222,1581.6128509550222,1.0118784,0.002743887
1581.6142398185207,1581.6142398185207,1.0116678,0.002743913
1581.61562868202,1581.61562868202,1.0114548,0.0027446717
1581.6170175454026,1581.6170175454026,1.0079538,0.0027451455
1581.6184064089011,1581.6184064089011,1.0092177,0.0027455017
1581.6197952722832,1581.6197952722832,1.0112606,0.0027449133
1581.6211841357822,1581.6211841357822,1.0098546,0.0027439888
1581.622572999165,1581.622572999165,1.0084194,0.0027411103
1581.6239618625468,1581.6239618625468,1.0128783,0.002746971
1581.6253507260453,1581.6253507260453,1.0122623,0.0027489255
1581.6267395894283,1581.6267395894283,1.0097555,0.0027417338
1581.6281284528102,1581.6281284528102,1.0057498,0.0027439778
1581.629517316192,1581.629517316192,1.011063,0.0027525034
1581.630906179575,1581.630906179575,1.0105733,0.0027463406
1581.6322950429576,1581.6322950429576,1.0098678,0.002754368
1581.6336839063397,1581.6336839063397,1.0104898,0.002757232
1581.6350727697218,1581.6350727697218,1.0135778,0.0027445506
1581.6364616331043,1581.6364616331043,1.0095444,0.002759148
1581.6378504964864,1581.6378504964864,1.0072472,0.0027431396
1581.6392393597514,1581.6392393597514,1.009046,0.0027413615
1581.6406282231333,1581.6406282231333,1.0125468,0.002743834
1581.6420170865163,1581.6420170865163,1.0062594,0.0027444928
1581.6434059497824,1581.6434059497824,1.0086087,0.0027533446
1581.6447948131645,1581.6447948131645,1.0071901,0.0027439927
1581.6461836764302,1581.6461836764302,1.0117086,0.0027532883
1581.6475725396963,1581.6475725396963,1.0108916,0.002744043
1581.6489614030784,1581.6489614030784,1.0116435,0.0027458502
1581.650350266344,1581.650350266344,1.0125635,0.0027582224
1581.6517391296104,1581.6517391296104,1.009196,0.0027432453
1581.6531279928768,1581.6531279928768,1.0100466,0.0027451543
1581.6545168562589,1581.6545168562589,1.0082256,0.002739296
1581.6559057195245,1581.6559057195245,1.0104421,0.0027462542
1581.6572945827907,1581.6572945827907,1.009256,0.0027432428
1581.6586834460568,1581.6586834460568,1.0104891,0.002747809
1581.660072309206,1581.660072309206,1.008955,0.0027470281
1581.6614611724717,1581.6614611724717,1.007988,0.0027487185
1581.6628500357383,1581.6628500357383,1.008271,0.002741793
1581.6642388990037,1581.6642388990037,1.0068898,0.002740291
1581.6656277621528,1581.6656277621528,1.0091916,0.002742827
1581.6670166254194,1581.6670166254194,1.0108671,0.0027428677
1581.6684054886855,1581.6684054886855,1.0124887,0.002744509
1581.6697943518348,1581.6697943518348,1.006672,0.0027501252
1581.671183214984,1581.671183214984,1.0085156,0.0027517998
1581.6725720782501,1581.6725720782501,1.0086529,0.002742904
1581.6739609414003,1581.6739609414003,1.0089383,0.002751648
1581.6753498045493,1581.6753498045493,1.0078311,0.0027483078
1581.6767386678148,1581.6767386678148,1.0102401,0.002744213
1581.678127530965,1581.678127530965,1.0111545,0.0027434113
1581.6795163941147,1581.6795163941147,1.0115349,0.002752686
1581.680905257264,1581.680905257264,1.0093491,0.0027462437
1581.6822941204132,1581.6822941204132,1.0084672,0.0027444838
1581.683682983563,1581.683682983563,1.0074416,0.0027444104
1581.6850718467122,1581.6850718467122,1.0093554,0.0027506424
1581.686460709745,1581.686460709745,1.0124826,0.002743426
1581.687849572895,1581.687849572895,1.0086529,0.0027417182
1581.689238436045,1581.689238436045,1.006655,0.0027403769
1581.6906272991941,1581.6906272991941,1.0096418,0.0027552715
1581.692016162227,1581.692016162227,1.0112883,0.002748645
1581.6934050253767,1581.6934050253767,1.0091048,0.002745198
1581.69479388841,1581.69479388841,1.0104253,0.0027423224
1581.6961827515593,1581.6961827515593,1.0072203,0.0027475143
1581.697571614592,1581.697571614592,1.0155965,0.0027470675
1581.6989604776256,1581.6989604776256,1.010351,0.0027450158
1581.7003493407742,1581.7003493407742,1.0091566,0.0027556268
1581.7017382038061,1581.7017382038061,1.012314,0.0027455913
1581.70312706684,1581.70312706684,1.0118731,0.0027472686
1581.7045159298732,1581.7045159298732,1.0075035,0.0027507525
1581.705904792906,1581.705904792906,1.0090209,0.0027535171
1581.7072936559389,1581.7072936559389,1.009198,0.0027593581
1581.7086825189722,1581.7086825189722,1.0098321,0.002742158
1581.710071382006,1581.710071382006,1.0130107,0.0027446551
1581.7114602450386,1581.7114602450386,1.0054326,0.002741755
1581.7128491079548,1581.7128491079548,1.01059,0.002745264
1581.7142379709885,1581.7142379709885,1.0096365,0.00274188
1581.7156268340218,1581.7156268340218,1.0038327,0.0027504067
1581.7170156969382,1581.7170156969382,1.0070953,0.0027460244
1581.718404559971,1581.718404559971,1.0133089,0.0027463804
1581.719793422888,1581.719793422888,1.0080316,0.002749508
1581.7211822859208,1581.7211822859208,1.0063562,0.0027574603
1581.7225711488372,1581.7225711488372,1.0082195,0.0027452447
1581.7239600117541,1581.7239600117541,1.0092984,0.002760465
1581.7253488746715,1581.7253488746715,1.007357,0.0027431387
1581.7267377377043,1581.7267377377043,1.0103372,0.0027438772
1581.7281266006207,1581.7281266006207,1.0089732,0.0027471392
1581.7295154635376,1581.7295154635376,1.0090135,0.002747006
1581.7309043264545,1581.7309043264545,1.00935,0.00275545
1581.732293189371,1581.732293189371,1.0095643,0.0027438926
1581.7336820522873,1581.7336820522873,1.0095919,0.0027430544
1581.735070915088,1581.735070915088,1.0084455,0.0027430137
1581.7364597780042,1581.7364597780042,1.0095484,0.0027583274
1581.7378486409207,1581.7378486409207,1.0059879,0.0027460079
1581.739237503838,1581.739237503838,1.010431,0.0027428058
1581.7406263666385,1581.7406263666385,1.0082191,0.0027434253
1581.742015229555,1581.742015229555,1.0079674,0.0027476929
1581.743404092355,1581.743404092355,1.0073617,0.002746344
1581.7447929552718,1581.7447929552718,1.0057619,0.0027435552
1581.7461818180727,1581.7461818180727,1.004804,0.0027441548
1581.7475706808725,1581.7475706808725,1.0057793,0.0027460472
1581.7489595437887,1581.7489595437887,1.0058051,0.0027535863
1581.7503484065896,1581.7503484065896,1.0063465,0.002752432
1581.75173726939,1581.75173726939,1.0082874,0.002750621
1581.7531261321901,1581.7531261321901,1.0047735,0.0027429215
1581.7545149949901,1581.7545149949901,1.012287,0.0027414176
1581.7559038577906,1581.7559038577906,1.005099,0.002739716
1581.7572927205906,1581.7572927205906,1.0092813,0.0027459867
1581.7586815833906,1581.7586815833906,1.0058726,0.002746608
1581.760070446191,1581.760070446191,1.0055593,0.0027486924
1581.761459308991,1581.761459308991,1.0094719,0.0027452637
1581.7628481716742,1581.7628481716742,1.0052127,0.0027444097
1581.764237034474,1581.764237034474,1.0049976,0.0027436567
1581.7656258972747,1581.7656258972747,1.004861,0.0027443604
1581.7670147599588,1581.7670147599588,1.0051466,0.0027412933
1581.7684036227588,1581.7684036227588,1.0055208,0.0027416064
1581.7697924854424,1581.7697924854424,1.0025796,0.0027405133
1581.7711813481264,1581.7711813481264,1.008153,0.0027442195
1581.7725702109274,1581.7725702109274,1.0043378,0.002758164
1581.773959073611,1581.773959073611,1.0073396,0.0027468752
1581.7753479362946,1581.7753479362946,1.0059376,0.0027611945
1581.7767367989786,1581.7767367989786,1.0028144,0.0027435161
1581.7781256616622,1581.7781256616622,1.0047126,0.0027441988
1581.7795145243458,1581.7795145243458,1.0060844,0.0027509225
1581.7809033870299,1581.7809033870299,1.0060297,0.0027414192
1581.7822922497141,1581.7822922497141,1.0047406,0.0027429482
1581.7836811123975,1581.7836811123975,1.0068213,0.002741477
1581.7850699750811,1581.7850699750811,1.0059688,0.0027581898
1581.7864588377656,1581.7864588377656,1.0051239,0.002744703
1582.7697727315517,1582.7697727315517,,
1582.7711615942394,1582.7711615942394,,
1582.7725504570435,1582.7725504570435,,
1582.7739393197303,1582.7739393197303,,
1582.775328182534,1582.775328182534,,
1582.7767170453371,1582.7767170453371,,
1582.7781059081412,1582.7781059081412,,
1582.7794947709453,1582.7794947709453,,
1582.7808836338654,1582.7808836338654,,
1582.7822724966686,1582.7822724966686,,
1582.783661359472,1582.783661359472,,
1582.7850502223919,1582.7850502223919,,
1582.7864390853124,1582.7864390853124,,
1582.787827948233,1582.787827948233,,
1582.789216811036,1582.789216811036,,
1582.7906056739562,1582.7906056739562,,
1582.7919945369922,1582.7919945369922,,
1582.7933833999123,1582.7933833999123,,
1582.7947722628319,1582.7947722628319,,
1582.7961611258684,1582.7961611258684,,
1582.797549988788,1582.797549988788,,
1582.7989388518245,1582.7989388518245,,
1582.8003277148605,1582.8003277148605,,
1582.801716577781,1582.801716577781,,
1582.803105440818,1582.803105440818,,
1582.8044943039706,1582.8044943039706,,
1582.8058831670069,1582.8058831670069,,
1582.807272030043,1582.807272030043,,
1582.8086608930798,1582.8086608930798,,
1582.8100497562332,1582.8100497562332,,
1582.811438619386,1582.811438619386,,
1582.812827482422,1582.812827482422,,
1582.814216345575,1582.814216345575,,
1582.8156052087274,1582.8156052087274,,
1582.8169940718808,1582.8169940718808,,
1582.8183829351506,1582.8183829351506,,
1582.8197717983035,1582.8197717983035,,
1582.821160661456,1582.821160661456,,
1582.8225495247252,1582.8225495247252,,
1582.8239383878777,1582.8239383878777,,
1582.8253272511474,1582.8253272511474,,
1582.8267161144172,1582.8267161144172,,
1582.828104977686,1582.828104977686,,
1582.8294938409554,1582.8294938409554,,
1582.8308827042242,1582.8308827042242,,
1582.8322715676104,1582.8322715676104,,
1582.8336604308802,1582.8336604308802,,
1582.835049294266,1582.835049294266,,
1582.8364381575348,1582.8364381575348,,
1582.8378270209205,1582.8378270209205,,
1582.8392158843058,1582.8392158843058,,
1582.840604747692,1582.840604747692,,
1582.8419936110777,1582.8419936110777,,
1582.8433824744625,1582.8433824744625,,
1582.8447713379642,1582.8447713379642,,
1582.8461602013494,1582.8461602013494,,
1582.8475490647356,1582.8475490647356,,
1582.8489379282382,1582.8489379282382,,
1582.8503267917404,1582.8503267917404,,
1582.851715655242,1582.851715655242,,
1582.8531045187442,1582.8531045187442,,
1582.854493382246,1582.854493382246,,
1582.8558822457485,1582.8558822457485,,
1582.857271109251,1582.857271109251,,
1582.8586599728696,1582.8586599728696,,
1582.8600488363713,1582.8600488363713,,
1582.86143769999,1582.86143769999,,
1582.862826563609,1582.862826563609,,
1582.864215427228,1582.864215427228,,
1582.865604290846,1582.865604290846,,
1582.8669931544641,1582.8669931544641,,
1582.8683820180827,1582.8683820180827,,
1582.8697708817008,1582.8697708817008,,
1582.8711597454362,1582.8711597454362,,
1582.8725486090552,1582.8725486090552,,
1582.8739374727902,1582.8739374727902,,
1582.8753263365247,1582.8753263365247,,
1582.8767152002597,1582.8767152002597,,
1582.8781040639951,1582.8781040639951,,
1582.8794929277306,1582.8794929277306,,
1582.880881791465,1582.880881791465,,
1582.8822706552,1582.8822706552,,
1582.883659519051,1582.883659519051,,
1582.885048382786,1582.885048382786,,
1582.8864372466376,1582.8864372466376,,
1582.8878261104892,1582.8878261104892,,
1582.8892149743406,1582.8892149743406,,
1582.890603838191,1582.890603838191,,
1582.8919927020415,1582.8919927020415,,
1582.8933815658934,1582.8933815658934,,
1582.8947704297452,1582.8947704297452,,
1582.8961592937126,1582.8961592937126,,
1582.8975481576804,1582.8975481576804,,
1582.8989370215313,1582.8989370215313,,
1582.9003258854991,1582.9003258854991,,
1582.9017147494674,1582.9017147494674,,
1582.9031036134356,1582.9031036134356,,
1582.904492477403,1582.904492477403,,
1582.9058813413706,1582.9058813413706,,
1582.9072702054546,1582.9072702054546,,
1582.9086590694228,1582.9086590694228,,
1582.9100479335075,1582.9100479335075,,
1582.9114367974748,1582.9114367974748,,
1582.912825661559,1582.912825661559,,
1582.9142145256428,1582.9142145256428,,
1582.915603389727,1582.915603389727,,
1582.9169922538117,1582.9169922538117,,
1582.9183811180128,1582.9183811180128,,
1582.9197699820966,1582.9197699820966,,
1582.9211588461808,1582.9211588461808,,
1582.922547710381,1582.922547710381,,
1582.923936574582,1582.923936574582,,
1582.9253254387831,1582.9253254387831,,
1582.9267143028671,1582.9267143028671,,
1582.928103167184,1582.928103167184,,
1582.9294920313841,1582.9294920313841,,
1582.9308808955848,1582.9308808955848,,
1582.9322697597859,1582.9322697597859,,
1582.9336586241034,1582.9336586241034,,
1582.9350474883036,1582.9350474883036,,
1582.9364363526206,1582.9364363526206,,
1582.9378252169367,1582.9378252169367,,
1582.9392140812533,1582.9392140812533,,
1582.9406029455708,1582.9406029455708,,
1582.941991809888,1582.941991809888,,
1582.9433806742045,1582.9433806742045,,
1582.944769538638,1582.944769538638,,
1582.9461584029546,1582.9461584029546,,
1582.9475472673885,1582.9475472673885,,
1582.948936131706,1582.948936131706,,
1582.950324996139,1582.950324996139,,
1582.9517138605725,1582.9517138605725,,
1582.9531027250055,1582.9531027250055,,
1582.9544915894394,1582.9544915894394,,
1582.9558804538733,1582.9558804538733,,
1582.9572693184232,1582.9572693184232,,
1582.9586581828562,1582.9586581828562,,
1582.960047047406,1582.960047047406,,
1582.9614359119555,1582.9614359119555,,
1582.9628247763894,1582.9628247763894,,
1582.9642136409398,1582.9642136409398,,
1582.9656025054896,1582.9656025054896,,
1582.966991370039,1582.966991370039,,
1582.968380234705,1582.968380234705,,
1582.9697690992552,1582.9697690992552,,
1582.9711579638056,1582.9711579638056,,
1582.9725468284719,1582.9725468284719,,
1582.9739356931377,1582.9739356931377,,
1582.9753245576876,1582.9753245576876,,
1582.9767134223534,1582.9767134223534,,
1582.9781022870202,1582.9781022870202,,
1582.979491151687,1582.979491151687,,
1582.9808800164697,1582.9808800164697,,
1582.9822688811355,1582.9822688811355,,
1582.9836577458018,1582.9836577458018,,
1582.9850466105836,1582.9850466105836,,
1582.9864354752494,1582.9864354752494,,
1582.9878243400326,1582.9878243400326,,
1582.9892132048149,1582.9892132048149,,
1582.9906020695976,1582.9906020695976,,
1582.9919909343798,1582.9919909343798,,
1582.993379799163,1582.993379799163,,
1582.9947686640626,1582.9947686640626,,
1582.9961575288453,1582.9961575288453,,
1582.9975463936275,1582.9975463936275,,
1582.9989352585267,1582.9989352585267,,
1583.0003241234253,1583.0003241234253,,
1583.001712988325,1583.001712988325,,
1583.0031018532245,1583.0031018532245,,
1583.0044907181236,1583.0044907181236,,
1583.0058795830223,1583.0058795830223,,
1583.0072684479212,1583.0072684479212,,
1583.0086573128206,1583.0086573128206,,
1583.0100461778366,1583.0100461778366,,
1583.0114350427357,1583.0114350427357,,
1583.0128239077508,1583.0128239077508,,
1583.0142127727663,1583.0142127727663,,
1583.0156016377814,1583.0156016377814,,
1583.0169905027974,1583.0169905027974,,
1583.0183793678134,1583.0183793678134,,
1583.019768232829,1583.019768232829,,
1583.021157097844,1583.021157097844,,
1583.0225459628596,1583.0225459628596,,
1583.023934827992,1583.023934827992,,
1583.0253236931244,1583.0253236931244,,
1583.0267125581395,1583.0267125581395,,
1583.0281014232714,1583.0281014232714,,
1583.029490288403,1583.029490288403,,
1583.0308791535344,1583.0308791535344,,
1583.0322680186664,1583.0322680186664,,
1583.033656883798,1583.033656883798,,
1583.0350457490463,1583.0350457490463,,
1583.0364346141778,1583.0364346141778,,
1583.0378234794262,1583.0378234794262,,
1583.0392123445586,1583.0392123445586,,
1583.0406012098074,1583.0406012098074,,
1583.0419900750553,1583.0419900750553,,
1583.0433789403037,1583.0433789403037,,
1583.0447678055516,1583.0447678055516,,
1583.0461566708,1583.0461566708,,
1583.0475455360488,1583.0475455360488,,
1583.0489344014138,1583.0489344014138,,
1583.050323266662,1583.050323266662,,
1583.0517121320263,1583.0517121320263,,
1583.0531009972747,1583.0531009972747,,
1583.05448986264,1583.05448986264,,
1583.0558787280052,1583.0558787280052,,
1583.0572675933695,1583.0572675933695,,
1583.0586564587343,1583.0586564587343,,
1583.0600453240986,1583.0600453240986,,
1583.0614341894634,1583.0614341894634,,
1583.062823054945,1583.062823054945,,
1583.0642119203103,1583.0642119203103,,
1583.065600785791,1583.065600785791,,
1583.0669896511558,1583.0669896511558,,
1583.0683785166366,1583.0683785166366,,
1583.0697673821182,1583.0697673821182,,
1583.0711562476,1583.0711562476,,
1583.0725451130807,1583.0725451130807,,
1583.0739339785619,1583.0739339785619,,
1583.075322844159,1583.075322844159,,
1583.0767117096402,1583.0767117096402,,
1583.078100575121,1583.078100575121,,
1583.0794894407186,1583.0794894407186,,
1583.0808783063158,1583.0808783063158,,
1583.082267171797,1583.082267171797,,
1583.0836560373941,1583.0836560373941,,
1583.0850449029922,1583.0850449029922,,
1583.0864337685903,1583.0864337685903,,
1583.087822634188,1583.087822634188,,
1583.0892114999015,1583.0892114999015,,
1583.0906003654986,1583.0906003654986,,
1583.0919892310962,1583.0919892310962,,
1583.0933780968107,1583.0933780968107,,
1583.0947669624088,1583.0947669624088,,
1583.0961558281224,1583.0961558281224,,
1583.0975446938364,1583.0975446938364,,
1583.09893355955,1583.09893355955,,
1583.1003224252645,1583.1003224252645,,
1583.101711290979,1583.101711290979,,
1583.103100156693,1583.103100156693,,
1583.104489022523,1583.104489022523,,
1583.105877888237,1583.105877888237,,
1583.1072667539506,1583.1072667539506,,
1583.1086556197815,1583.1086556197815,,
1583.1100444856124,1583.1100444856124,,
1583.111433351326,1583.111433351326,,
1583.1128222171565,1583.1128222171565,,
1583.1142110829865,1583.1142110829865,,
1583.1155999488174,1583.1155999488174,,
1583.1169888146483,1583.1169888146483,,
1583.1183776805951,1583.1183776805951,,
1583.1197665464251,1583.1197665464251,,
1583.122544278202,1583.122544278202,,
1583.1239331441489,1583.1239331441489,,
1583.1253220099788,1583.1253220099788,,
1583.1267108759257,1583.1267108759257,,
1583.1280997418721,1583.1280997418721,,
1583.1294886078188,1583.1294886078188,,
1583.1308774737654,1583.1308774737654,,
1583.1322663397127,1583.1322663397127,,
1583.13365520566,1583.13365520566,,
1583.1350440717229,1583.1350440717229,,
1583.1364329376697,1583.1364329376697,,
1583.1378218037325,1583.1378218037325,,
1583.1392106696799,1583.1392106696799,,
1583.1405995357436,1583.1405995357436,,
1583.1419884018069,1583.1419884018069,,
1583.1433772678697,1583.1433772678697,,
1583.144766133933,1583.144766133933,,
1583.1461549999958,1583.1461549999958,,
1583.1475438660596,1583.1475438660596,,
1583.1489327321233,1583.1489327321233,,
1583.1503215983028,1583.1503215983028,,
1583.1517104643658,1583.1517104643658,,
1583.153099330545,1583.153099330545,,
1583.1544881966088,1583.1544881966088,,
1583.155877062789,1583.155877062789,,
1583.1572659289686,1583.1572659289686,,
1583.1586547951479,1583.1586547951479,,
1583.1600436613276,1583.1600436613276,,
1583.1614325275068,1583.1614325275068,,
1583.162821393687,1583.162821393687,,
1583.164210259867,1583.164210259867,,
1583.1655991260468,1583.1655991260468,,
1583.1669879923425,1583.1669879923425,,
1583.1683768585222,1583.1683768585222,,
1583.1697657248178,1583.1697657248178,,
1583.1711545911137,1583.1711545911137,,
1583.1725434572932,1583.1725434572932,,
1583.1739323235888,1583.1739323235888,,
1583.175321189885,1583.175321189885,,
1583.1767100561806,1583.1767100561806,,
1583.1780989224771,1583.1780989224771,,
1583.1794877887737,1583.1794877887737,,
1583.1808766551862,1583.1808766551862,,
1583.182265521482,1583.182265521482,,
1583.183654387778,1583.183654387778,,
1583.185043254191,1583.185043254191,,
1583.186432120604,1583.186432120604,,
1583.1878209868996,1583.1878209868996,,
1583.1892098533121,1583.1892098533121,,
1583.1905987197242,1583.1905987197242,,
1583.1919875861363,1583.1919875861363,,
1583.1933764525493,1583.1933764525493,,
1583.1947653189623,1583.1947653189623,,
1583.1961541853748,1583.1961541853748,,
1583.1975430519033,1583.1975430519033,,
1583.1989319183158,1583.1989319183158,,
1583.2003207847288,1583.2003207847288,,
1583.2017096512582,1583.2017096512582,,
1583.2030985177867,1583.2030985177867,,
1583.2044873841992,1583.2044873841992,,
1583.2058762507277,1583.2058762507277,,
1583.2072651172566,1583.2072651172566,,
1583.208653983786,1583.208653983786,,
1583.2100428503154,1583.2100428503154,,
1583.211431716844,1583.211431716844,,
1583.2128205833726,1583.2128205833726,,
1583.2142094499004,1583.2142094499004,,
1583.2155983165458,1583.2155983165458,,
1583.2169871830752,1583.2169871830752,,
1583.21837604972,1583.21837604972,,
1583.219764916249,1583.219764916249,,
1583.221153782894,1583.221153782894,,
1583.2225426495393,1583.2225426495393,,
1583.223931516185,1583.223931516185,,
1583.225320382831,1583.225320382831,,
1583.2267092494758,1583.2267092494758,,
1583.2280981161211,1583.2280981161211,,
1583.229486982766,1583.229486982766,,
1583.2308758494119,1583.2308758494119,,
1583.2322647160577,1583.2322647160577,,
1583.233653582819,1583.233653582819,,
1583.2350424494643,1583.2350424494643,,
1583.2364313162257,1583.2364313162257,,
1583.237820182871,1583.237820182871,,
1583.2392090496332,1583.2392090496332,,
1583.2405979163955,1583.2405979163955,,
1583.2419867831568,1583.2419867831568,,
1583.2433756499186,1583.2433756499186,,
1583.2447645166799,1583.2447645166799,,
1583.246153383442,1583.246153383442,,
1583.2475422502043,1583.2475422502043,,
1583.248931116966,1583.248931116966,,
1583.2503199838438,1583.2503199838438,,
1583.2517088506056,1583.2517088506056,,
1583.2530977174833,1583.2530977174833,,
1583.2544865842456,1583.2544865842456,,
1583.2558754511242,1583.2558754511242,,
1583.2572643178855,1583.2572643178855,,
1583.2586531847637,1583.2586531847637,,
1583.260042051641,1583.260042051641,,
1583.2614309185187,1583.2614309185187,,
1583.2628197853974,1583.2628197853974,,
1583.2642086522756,1583.2642086522756,,
1583.2655975191533,1583.2655975191533,,
1583.266986386148,1583.266986386148,,
1583.2683752530256,1583.2683752530256,,
1583.2697641199043,1583.2697641199043,,
1583.2711529868993,1583.2711529868993,,
1583.2725418537773,1583.2725418537773,,
1583.2739307207717,1583.2739307207717,,
1583.2753195877658,1583.2753195877658,,
1583.2767084546444,1583.2767084546444,,
1583.2780973216395,1583.2780973216395,,
1583.279486188634,1583.279486188634,,
1583.2808750556283,1583.2808750556283,,
1583.2822639226229,1583.2822639226229,,
1583.283652789617,1583.283652789617,,
1583.285041656612,1583.285041656612,,
1583.2864305237235,1583.2864305237235,,
1583.2878193907181,1583.2878193907181,,
1583.2892082577123,1583.2892082577123,,
1583.2905971248233,1583.2905971248233,,
1583.2919859918175,1583.2919859918175,,
1583.293374858929,1583.293374858929,,
1583.2947637260404,1583.2947637260404,,
1583.2961525930345,1583.2961525930345,,
1583.2975414601456,1583.2975414601456,,
1583.2989303272561,1583.2989303272561,,
1583.3003191943676,1583.3003191943676,,
1583.301708061479,1583.301708061479,,
1583.30309692859,1583.30309692859,,
1583.3044857957002,1583.3044857957002,,
1583.3058746629267,1583.3058746629267,,
1583.3072635300373,1583.3072635300373,,
1583.3086523971488,1583.3086523971488,,
1583.3100412643767,1583.3100412643767,,
1583.3114301314877,1583.3114301314877,,
1583.3128189987146,1583.3128189987146,,
1583.3142078659416,1583.3142078659416,,
1583.315596733053,1583.315596733053,,
1583.316985600281,1583.316985600281,,
1583.3183744675084,1583.3183744675084,,
1583.3197633347354,1583.3197633347354,,
1583.3211522019628,1583.3211522019628,,
1583.3225410691898,1583.3225410691898,,
1583.3239299364177,1583.3239299364177,,
1583.325318803762,1583.325318803762,,
1583.3267076709894,1583.3267076709894,,
1583.3280965382164,1583.3280965382164,,
1583.3294854055603,1583.3294854055603,,
1583.3308742727882,1583.3308742727882,,
1583.3322631401325,1583.3322631401325,,
1583.3336520073594,1583.3336520073594,,
1583.3350408747028,1583.3350408747028,,
1583.3364297420467,1583.3364297420467,,
1583.3378186092737,1583.3378186092737,,
1583.339207476618,1583.339207476618,,
1583.3405963439623,1583.3405963439623,,
1583.341985211306,1583.341985211306,,
1583.3433740786495,1583.3433740786495,,
1583.3447629459934,1583.3447629459934,,
1583.346151813454,1583.346151813454,,
1583.3475406807975,1583.3475406807975,,
1583.3489295481404,1583.3489295481404,,
1583.3503184156007,1583.3503184156007,,
1583.351707282944,1583.351707282944,,
1583.353096150404,1583.353096150404,,
1583.3544850177482,1583.3544850177482,,
1583.355873885209,1583.355873885209,,
1583.3572627526692,1583.3572627526692,,
1583.3586516200126,1583.3586516200126,,
1583.3600404874728,1583.3600404874728,,
1583.3614293549335,1583.3614293549335,,
1583.3628182223943,1583.3628182223943,,
1583.364207089854,1583.364207089854,,
1583.3655959573143,1583.3655959573143,,
1583.3669848247741,1583.3669848247741,,
1583.3683736923508,1583.3683736923508,,
1583.3697625598115,1583.3697625598115,,
1583.3711514272723,1583.3711514272723,,
1583.3725402948485,1583.3725402948485,,
1583.3739291623085,1583.3739291623085,,
1583.375318029885,1583.375318029885,,
1583.3767068973457,1583.3767068973457,,
1583.3780957649228,1583.3780957649228,,
1583.379484632499,1583.379484632499,,
1583.3808734999593,1583.3808734999593,,
1583.3822623675355,1583.3822623675355,,
1583.3836512351122,1583.3836512351122,,
1583.3850401026893,1583.3850401026893,,
1583.3864289702665,1583.3864289702665,,
1583.3878178378427,1583.3878178378427,,
1583.3892067054194,1583.3892067054194,,
1583.3905955729956,1583.3905955729956,,
1583.3919844406887,1583.3919844406887,,
1583.393373308265,1583.393373308265,,
1583.3947621758414,1583.3947621758414,,
1583.3961510435342,1583.3961510435342,,
1583.3975399111105,1583.3975399111105,,
1583.3989287788036,1583.3989287788036,,
1583.4003176463807,1583.4003176463807,,
1583.4017065140742,1583.4017065140742,,
1583.403095381767,1583.403095381767,,
1583.40448424946,1583.40448424946,,
1583.4058731170362,1583.4058731170362,,
1583.4072619847298,1583.4072619847298,,
1583.4086508524233,1583.4086508524233,,
1583.4100397201164,1583.4100397201164,,
1583.411428587809,1583.411428587809,,
1583.4128174555021,1583.4128174555021,,
1583.4142063233112,1583.4142063233112,,
1583.4155951910047,1583.4155951910047,,
1583.4169840586983,1583.4169840586983,,
1583.4183729265073,1583.4183729265073,,
1583.4197617942004,1583.4197617942004,,
1583.421150661893,1583.421150661893,,
1583.422539529703,1583.422539529703,,
1583.423928397513,1583.423928397513,,
1583.425317265206,1583.425317265206,,
1583.4267061330152,1583.4267061330152,,
1583.4280950008247,1583.4280950008247,,
1583.4294838685173,1583.4294838685173,,
1583.4308727363273,1583.4308727363273,,
1583.4322616041372,1583.4322616041372,,
1583.4336504719467,1583.4336504719467,,
1583.4350393397551,1583.4350393397551,,
1583.4364282075635,1583.4364282075635,,
1583.437817075373,1583.437817075373,,
1583.4392059432994,1583.4392059432994,,
1583.4405948111093,1583.4405948111093,,
1583.4419836789184,1583.4419836789184,,
1583.443372546728,1583.443372546728,,
1583.4447614146534,1583.4447614146534,,
1583.4461502824633,1583.4461502824633,,
1583.4475391503897,1583.4475391503897,,
1583.4489280181992,1583.4489280181992,,
1583.4503168861247,1583.4503168861247,,
1583.4517057540506,1583.4517057540506,,
1583.4530946218597,1583.4530946218597,,
1583.454483489786,1583.454483489786,,
1583.4558723577125,1583.4558723577125,,
1583.457261225638,1583.457261225638,,
1583.4586500935638,1583.4586500935638,,
1583.4600389614893,1583.4600389614893,,
1583.4614278294157,1583.4614278294157,,
1583.462816697342,1583.462816697342,,
1583.464205565268,1583.464205565268,,
1583.4655944331935,1583.4655944331935,,
1583.4669833011194,1583.4669833011194,,
1583.4683721691613,1583.4683721691613,,
1583.4697610370877,1583.4697610370877,,
1583.471149905014,1583.471149905014,,
1583.4725387730564,1583.4725387730564,,
1583.4739276409819,1583.4739276409819,,
1583.4753165090242,1583.4753165090242,,
1583.4767053770668,1583.4767053770668,,
1583.4780942449925,1583.4780942449925,,
1583.479483113034,1583.479483113034,,
1583.4808719810758,1583.4808719810758,,
1583.4822608490017,1583.4822608490017,,
1583.4836497170436,1583.4836497170436,,
1583.4850385850864,1583.4850385850864,,
1583.4864274531292,1583.4864274531292,,
1583.4878163211715,1583.4878163211715,,
1583.4892051892134,1583.4892051892134,,
1583.4905940572557,1583.4905940572557,,
1583.4919829252985,1583.4919829252985,,
1583.4933717934578,1583.4933717934578,,
1583.4947606614996,1583.4947606614996,,
1583.4961495295418,1583.4961495295418,,
1583.4975383975839,1583.4975383975839,,
1583.4989272657422,1583.4989272657422,,
1583.500316133785,1583.500316133785,,
1583.5017050019442,1583.5017050019442,,
1583.5030938699865,1583.5030938699865,,
1583.5044827381448,1583.5044827381448,,
1583.5058716063036,1583.5058716063036,,
1583.5072604743464,1583.5072604743464,,
1583.5086493425056,1583.5086493425056,,
1583.5100382106639,1583.5100382106639,,
1583.5114270788226,1583.5114270788226,,
1583.5128159468645,1583.5128159468645,,
1583.5142048150233,1583.5142048150233,,
1583.5155936831825,1583.5155936831825,,
1583.5169825513415,1583.5169825513415,,
1583.5183714195,1583.5183714195,,
1583.5197602876583,1583.5197602876583,,
1583.5211491559326,1583.5211491559326,,
1583.5225380240913,1583.5225380240913,,
1583.5239268922505,1583.5239268922505,,
1583.5253157604088,1583.5253157604088,,
1583.526704628684,1583.526704628684,,
1583.5280934968423,1583.5280934968423,,
1583.529482365001,1583.529482365001,,
1583.5308712332767,1583.5308712332767,,
1583.532260101436,1583.532260101436,,
1583.5336489697106,1583.5336489697106,,
1583.5350378378694,1583.5350378378694,,
1583.536426706144,1583.536426706144,,
1583.5378155744197,1583.5378155744197,,
1583.5392044426953,1583.5392044426953,,
1583.5405933108536,1583.5405933108536,,
1583.5419821791288,1583.5419821791288,,
1583.5433710474035,1583.5433710474035,,
1583.5447599156787,1583.5447599156787,,
1583.5461487839543,1583.5461487839543,,
1583.54753765223,1583.54753765223,,
1583.5489265205047,1583.5489265205047,,
1583.5503153887798,1583.5503153887798,,
1583.5517042570546,1583.5517042570546,,
1583.5530931253302,1583.5530931253302,,
1583.5544819936058,1583.5544819936058,,
1583.5558708619974,1583.5558708619974,,
1583.557259730272,1583.557259730272,,
1583.5586485985468,1583.5586485985468,,
1583.5600374669384,1583.5600374669384,,
1583.561426335214,1583.561426335214,,
1583.5628152036052,1583.5628152036052,,
1583.5642040718794,1583.5642040718794,,
1583.565592940271,1583.565592940271,,
1583.5669818085457,1583.5669818085457,,
1583.5683706769378,1583.5683706769378,,
1583.5697595453298,1583.5697595453298,,
1583.571148413605,1583.571148413605,,
1583.5725372819961,1583.5725372819961,,
1583.5739261503877,1583.5739261503877,,
1583.5753150187788,1583.5753150187788,,
1583.5767038871709,1583.5767038871709,,
1583.578092755563,1583.578092755563,,
1583.579481623954,1583.579481623954,,
1583.5808704923456,1583.5808704923456,,
1583.5822593607368,1583.5822593607368,,
1583.5836482291288,1583.5836482291288,,
1583.5850370975209,1583.5850370975209,,
1583.5864259659124,1583.5864259659124,,
1583.5878148343036,1583.5878148343036,,
1583.5892037026952,1583.5892037026952,,
1583.5905925712027,1583.5905925712027,,
1583.5919814395947,1583.5919814395947,,
1583.5933703079868,1583.5933703079868,,
1583.5947591764948,1583.5947591764948,,
1583.596148044886,1583.596148044886,,
1583.5975369133937,1583.5975369133937,,
1583.598925781785,1583.598925781785,,
1583.6003146502935,1583.6003146502935,,
1583.601703518802,1583.601703518802,,
1583.603092387193,1583.603092387193,,
1583.604481255701,1583.604481255701,,
1583.6058701242082,1583.6058701242082,,
1583.6072589925993,1583.6072589925993,,
1583.6086478611078,1583.6086478611078,,
1583.6100367296158,1583.6100367296158,,
1583.6114255981233,1583.6114255981233,,
1583.6128144666313,1583.6128144666313,,
1583.6142033351389,1583.6142033351389,,
1583.6155922036473,1583.6155922036473,,
1583.6169810721558,1583.6169810721558,,
1583.6183699406636,1583.6183699406636,,
1583.6197588091713,1583.6197588091713,,
1583.621147677679,1583.621147677679,,
1583.6225365461873,1583.6225365461873,,
1583.6239254148122,1583.6239254148122,,
1583.6253142833202,1583.6253142833202,,
1583.6267031518278,1583.6267031518278,,
1583.6280920203358,1583.6280920203358,,
1583.6294808889597,1583.6294808889597,,
1583.6308697574682,1583.6308697574682,,
1583.632258626093,1583.632258626093,,
1583.633647494601,1583.633647494601,,
1583.635036363225,1583.635036363225,,
1583.636425231733,1583.636425231733,,
1583.637814100358,1583.637814100358,,
1583.6392029688661,1583.6392029688661,,
1583.6405918374903,1583.6405918374903,,
1583.6419807061143,1583.6419807061143,,
1583.6433695746223,1583.6433695746223,,
1583.6447584432462,1583.6447584432462,,
1583.6461473118711,1583.6461473118711,,
1583.6475361804955,1583.6475361804955,,
1583.648925049119,1583.648925049119,,
1583.650313917743,1583.650313917743,,
1583.6517027863674,1583.6517027863674,,
1583.6530916549923,1583.6530916549923,,
1583.6544805236172,1583.6544805236172,,
1583.6558693922411,1583.6558693922411,,
1583.6572582608655,1583.6572582608655,,
1583.6586471294895,1583.6586471294895,,
1583.6600359981135,1583.6600359981135,,
1583.6614248667383,1583.6614248667383,,
1583.6628137353632,1583.6628137353632,,
1583.664202604104,1583.664202604104,,
1583.665591472728,1583.665591472728,,
1583.6669803413524,1583.6669803413524,,
1583.6683692100937,1583.6683692100937,,
1583.6697580787186,1583.6697580787186,,
1583.6711469473425,1583.6711469473425,,
1583.6725358160834,1583.6725358160834,,
1583.6739246847073,1583.6739246847073,,
1583.6753135534482,1583.6753135534482,,
1583.6767024221895,1583.6767024221895,,
1583.6780912908143,1583.6780912908143,,
1583.6794801595547,1583.6794801595547,,
1583.6808690281787,1583.6808690281787,,
1583.6822578969195,1583.6822578969195,,
1583.6836467656608,1583.6836467656608,,
1583.685035634402,1583.685035634402,,
1583.686424503026,1583.686424503026,,
1583.6878133717669,1583.6878133717669,,
1583.6892022405068,1583.6892022405068,,
1583.6905911092467,1583.6905911092467,,
1583.691979977988,1583.691979977988,,
1583.6933688467293,1583.6933688467293,,
1583.6947577154697,1583.6947577154697,,
1583.6961465842105,1583.6961465842105,,
1583.697535452951,1583.697535452951,,
1583.6989243216922,1583.6989243216922,,
1583.7003131904335,1583.7003131904335,,
1583.7017020591738,1583.7017020591738,,
1583.7030909279147,1583.7030909279147,,
1583.7044797967715,1583.7044797967715,,
1583.7058686655123,1583.7058686655123,,
1583.7072575342536,1583.7072575342536,,
1583.7086464029949,1583.7086464029949,,
1583.7100352718517,1583.7100352718517,,
1583.7114241405925,1583.7114241405925,,
1583.7128130093329,1583.7128130093329,,
1583.7142018781906,1583.7142018781906,,
1583.7155907469319,1583.7155907469319,,
1583.7169796157891,1583.7169796157891,,
1583.7183684845295,1583.7183684845295,,
1583.7197573533865,1583.7197573533865,,
1583.7211462221271,1583.7211462221271,,
1583.7225350909848,1583.7225350909848,,
1583.7239239598425,1583.7239239598425,,
1583.725312828583,1583.725312828583,,
1583.7267016974401,1583.7267016974401,,
1583.728090566297,1583.728090566297,,
1583.7294794351542,1583.7294794351542,,
1583.7308683038946,1583.7308683038946,,
1583.7322571727518,1583.7322571727518,,
1583.7336460416086,1583.7336460416086,,
1583.7350349104659,1583.7350349104659,,
1583.7364237793226,1583.7364237793226,,
1583.7378126481804,1583.7378126481804,,
1583.739201517038,1583.739201517038,,
1583.7405903858948,1583.7405903858948,,
1583.741979254752,1583.741979254752,,
1583.743368123609,1583.743368123609,,
1583.7447569924661,1583.7447569924661,,
1583.7461458613238,1583.7461458613238,,
1583.7475347301815,1583.7475347301815,,
1583.7489235990383,1583.7489235990383,,
1583.7503124678956,1583.7503124678956,,
1583.7517013368688,1583.7517013368688,,
1583.7530902057265,1583.7530902057265,,
1583.7544790745842,1583.7544790745842,,
1583.7558679435579,1583.7558679435579,,
1583.7572568124147,1583.7572568124147,,
1583.758645681272,1583.758645681272,,
1583.760034550245,1583.760034550245,,
1583.7614234191028,1583.7614234191028,,
1583.7628122879605,1583.7628122879605,,
1583.7642011569337,1583.7642011569337,,
1583.765590025791,1583.765590025791,,
1583.7669788947642,1583.7669788947642,,
1583.7683677637383,1583.7683677637383,,
1583.769756632596,1583.769756632596,,
1583.7711455015688,1583.7711455015688,,
1583.772534370425,1583.772534370425,,
1583.7739232393988,1583.7739232393988,,
1583.775312108372,1583.775312108372,,
1583.7767009772297,1583.7767009772297,,
1583.7780898462038,1583.7780898462038,,
1583.7794787151772,1583.7794787151772,,
1583.7808675841507,1583.7808675841507,,
1583.7822564531239,1583.7822564531239,,
1583.7836453219816,1583.7836453219816,,
1583.7850341909557,1583.7850341909557,,
1583.7864230599293,1583.7864230599293,,
1583.7878119289026,1583.7878119289026,,
1583.7892007978762,1583.7892007978762,,
1583.7905896668494,1583.7905896668494,,
1583.7919785358235,1583.7919785358235,,
1583.7933674047977,1583.7933674047977,,
1583.7947562737713,1583.7947562737713,,
1583.7961451427445,1583.7961451427445,,
1583.7975340117182,1583.7975340117182,,
1583.7989228806923,1583.7989228806923,,
1583.8003117497828,1583.8003117497828,,
1583.801700618756,1583.801700618756,,
1583.8030894877293,1583.8030894877293,,
1583.804478356703,1583.804478356703,,
1583.8058672256761,1583.8058672256761,,
1583.8072560947667,1583.8072560947667,,
1583.8086449637408,1583.8086449637408,,
1583.8100338327145,1583.8100338327145,,
1583.8114227018036,1583.8114227018036,,
1583.8128115707764,1583.8128115707764,,
1583.814200439867,1583.814200439867,,
1583.815589308841,1583.815589308841,,
1583.8169781778142,1583.8169781778142,,
1583.8183670469043,1583.8183670469043,,
1583.8197559158775,1583.8197559158775,,
1583.8211447849671,1583.8211447849671,,
1583.8225336539413,1583.8225336539413,,
1583.8239225230318,1583.8239225230318,,
1583.8253113921219,1583.8253113921219,,
1583.826700261095,1583.826700261095,,
1583.8280891301852,1583.8280891301852,,
1583.8294779992757,1583.8294779992757,,
1583.8308668682498,1583.8308668682498,,
1583.8322557373394,1583.8322557373394,,
1583.8336446064295,1583.8336446064295,,
1583.8350334755191,1583.8350334755191,,
1583.8364223444928,1583.8364223444928,,
1583.8378112135833,1583.8378112135833,,
1583.8392000826739,1583.8392000826739,,
1583.8405889517635,1583.8405889517635,,
1583.8419778208533,1583.8419778208533,,
1583.8433666899432,1583.8433666899432,,
1583.8447555590337,1583.8447555590337,,
1583.8461444281243,1583.8461444281243,,
1583.8475332970975,1583.8475332970975,,
1583.8489221661875,1583.8489221661875,,
1583.8503110353936,1583.8503110353936,,
1583.8516999044828,1583.8516999044828,,
1583.8530887735728,1583.8530887735728,,
1583.8544776426634,1583.8544776426634,,
1583.855866511753,1583.855866511753,,
1583.857255380843,1583.857255380843,,
1583.8586442499327,1583.8586442499327,,
1583.8600331190232,1583.8600331190232,,
1583.8614219881138,1583.8614219881138,,
1583.8628108573198,1583.8628108573198,,
1583.8641997264099,1583.8641997264099,,
1583.8655885954995,1583.8655885954995,,
1583.8669774645896,1583.8669774645896,,
1583.8683663337965,1583.8683663337965,,
1583.869755202887,1583.869755202887,,
1583.8711440719767,1583.8711440719767,,
1583.8725329411832,1583.8725329411832,,
1583.8739218102728,1583.8739218102728,,
1583.8753106794798,1583.8753106794798,,
1583.8766995485703,1583.8766995485703,,
1583.8780884177768,1583.8780884177768,,
1583.8794772868664,1583.8794772868664,,
1583.8808661559565,1583.8808661559565,,
1583.8822550251625,1583.8822550251625,,
1583.8836438943695,1583.8836438943695,,
1583.88503276346,1583.88503276346,,
1583.886421632666,1583.886421632666,,
1583.8878105017561,1583.8878105017561,,
1583.8891993709622,1583.8891993709622,,
1583.890588240169,1583.890588240169,,
1583.8919771092592,1583.8919771092592,,
1583.8933659784648,1583.8933659784648,,
1583.8947548476708,1583.8947548476708,,
1583.896143716761,1583.896143716761,,
1583.897532585967,1583.897532585967,,
1583.8989214551739,1583.8989214551739,,
1583.9003103243808,1583.9003103243808,,
1583.9016991934707,1583.9016991934707,,
1583.903088062677,1583.903088062677,,
1583.904476931883,1583.904476931883,,
1583.9058658010895,1583.9058658010895,,
1583.9072546702964,1583.9072546702964,,
1583.9086435395034,1583.9086435395034,,
1583.9100324087094,1583.9100324087094,,
1583.911421277916,1583.911421277916,,
1583.912810147122,1583.912810147122,,
1583.914199016329,1583.914199016329,,
1583.9155878855358,1583.9155878855358,,
1583.9169767547423,1583.9169767547423,,
1583.9183656239484,1583.9183656239484,,
1583.9197544931549,1583.9197544931549,,
1583.921143362361,1583.921143362361,,
1583.9225322315679,1583.9225322315679,,
1583.9239211007748,1583.9239211007748,,
1583.9253099699808,1583.9253099699808,,
1583.9266988391873,1583.9266988391873,,
1583.9280877083934,1583.9280877083934,,
1583.9294765777167,1583.9294765777167,,
1583.9308654469237,1583.9308654469237,,
1583.9322543161293,1583.9322543161293,,
1583.9336431853349,1583.9336431853349,,
1583.9350320546578,1583.9350320546578,,
1583.9364209238638,1583.9364209238638,,
1583.9378097930708,1583.9378097930708,,
1583.9391986622777,1583.9391986622777,,
1583.9405875316006,1583.9405875316006,,
1583.9419764008067,1583.9419764008067,,
1583.943365270129,1583.943365270129,,
1583.944754139336,1583.944754139336,,
1583.946143008543,1583.946143008543,,
1583.947531877866,1583.947531877866,,
1583.948920747072,1583.948920747072,,
1583.9503096163949,1583.9503096163949,,
1583.951698485601,1583.951698485601,,
1583.9530873549243,1583.9530873549243,,
1583.9544762241312,1583.9544762241312,,
1583.9558650934541,1583.9558650934541,,
1583.9572539626602,1583.9572539626602,,
1583.958642831983,1583.958642831983,,
1583.96003170119,1583.96003170119,,
1583.9614205705134,1583.9614205705134,,
1583.9628094398358,1583.9628094398358,,
1583.9641983090419,1583.9641983090419,,
1583.9655871783648,1583.9655871783648,,
1583.9669760476872,1583.9669760476872,,
1583.9683649168942,1583.9683649168942,,
1583.9697537862176,1583.9697537862176,,
1583.9711426555396,1583.9711426555396,,
1583.9725315247451,1583.9725315247451,,
1583.973920394068,1583.973920394068,,
1583.9753092633914,1583.9753092633914,,
1583.9766981327148,1583.9766981327148,,
1583.9780870020372,1583.9780870020372,,
1583.9794758712437,1583.9794758712437,,
1583.9808647405662,1583.9808647405662,,
1583.9822536098889,1583.9822536098889,,
1583.983642479212,1583.983642479212,,
1583.9850313485354,1583.9850313485354,,
1583.9864202178583,1583.9864202178583,,
1583.9878090871807,1583.9878090871807,,
1583.9891979565036,1583.9891979565036,,
1583.990586825827,1583.990586825827,,
1583.991975695034,1583.991975695034,,
1583.9933645643564,1583.9933645643564,,
1583.9947534336793,1583.9947534336793,,
1583.9961423030018,1583.9961423030018,,
1583.997531172441,1583.997531172441,,
1583.9989200417644,1583.9989200417644,,
1584.0003089110878,1584.0003089110878,,
1584.0016977804103,1584.0016977804103,,
1584.003086649733,1584.003086649733,,
1584.0044755190556,1584.0044755190556,,
1584.005864388379,1584.005864388379,,
1584.0072532577024,1584.0072532577024,,
1584.0086421270248,1584.0086421270248,,
1584.0100309963477,1584.0100309963477,,
1584.0114198657861,1584.0114198657861,,
1584.0128087351081,1584.0128087351081,,
1584.0141976044315,1584.0141976044315,,
1584.0155864737549,1584.0155864737549,,
1584.0169753431937,1584.0169753431937,,
1584.0183642125166,1584.0183642125166,,
1584.019753081839,1584.019753081839,,
1584.0211419511625,1584.0211419511625,,
1584.0225308206022,1584.0225308206022,,
1584.023919689925,1584.023919689925,,
1584.0253085592476,1584.0253085592476,,
1584.0266974286865,1584.0266974286865,,
1584.0280862980094,1584.0280862980094,,
1584.0294751673327,1584.0294751673327,,
1584.0308640367725,1584.0308640367725,,
1584.032252906095,1584.032252906095,,
1584.0336417755343,1584.0336417755343,,
1584.0350306448568,1584.0350306448568,,
1584.0364195142965,1584.0364195142965,,
1584.03780838362,1584.03780838362,,
1584.0391972529428,1584.0391972529428,,
1584.0405861223817,1584.0405861223817,,
1584.0419749917046,1584.0419749917046,,
1584.0433638611435,1584.0433638611435,,
1584.0447527304668,1584.0447527304668,,
1584.0461415999066,1584.0461415999066,,
1584.0475304693455,1584.0475304693455,,
1584.0489193386684,1584.0489193386684,,
1584.0503082081068,1584.0503082081068,,
1584.0516970774288,1584.0516970774288,,
1584.0530859468686,1584.0530859468686,,
1584.0544748163084,1584.0544748163084,,
1584.0558636856308,1584.0558636856308,,
1584.0572525550701,1584.0572525550701,,
1584.058641424509,1584.058641424509,,
1584.0600302938324,1584.0600302938324,,
1584.0614191632721,1584.0614191632721,,
1584.0628080327115,1584.0628080327115,,
1584.064196902034,1584.064196902034,,
1584.0655857714728,1584.0655857714728,,
1584.0669746409121,1584.0669746409121,,
1584.068363510352,1584.068363510352,,
1584.0697523796753,1584.0697523796753,,
1584.0711412491141,1584.0711412491141,,
1584.0725301185535,1584.0725301185535,,
1584.0739189879923,1584.0739189879923,,
1584.075307857432,1584.075307857432,,
1584.0766967267555,1584.0766967267555,,
1584.0780855961948,1584.0780855961948,,
1584.0794744656337,1584.0794744656337,,
1584.080863335073,1584.080863335073,,
1584.0822522045119,1584.0822522045119,,
1584.0836410739516,1584.0836410739516,,
1584.0850299433914,1584.0850299433914,,
1584.0864188128303,1584.0864188128303,,
1584.0878076822696,1584.0878076822696,,
1584.0891965515916,1584.0891965515916,,
1584.0905854210305,1584.0905854210305,,
1584.0919742904703,1584.0919742904703,,
1584.0933631599096,1584.0933631599096,,
1584.0947520293485,1584.0947520293485,,
1584.0961408987878,1584.0961408987878,,
1584.0975297682267,1584.0975297682267,,
1584.0989186376664,1584.0989186376664,,
1584.1003075071062,1584.1003075071062,,
1584.101696376662,1584.101696376662,,
1584.1030852461008,1584.1030852461008,,
1584.10447411554,1584.10447411554,,
1584.1058629849795,1584.1058629849795,,
1584.1072518544192,1584.1072518544192,,
1584.1086407238586,1584.1086407238586,,
1584.1100295932974,1584.1100295932974,,
1584.1114184627368,1584.1114184627368,,
1584.1128073321756,1584.1128073321756,,
1584.1141962017318,1584.1141962017318,,
1584.1155850711716,1584.1155850711716,,
1584.116973940611,1584.116973940611,,
1584.1183628100498,1584.1183628100498,,
1584.1197516794891,1584.1197516794891,,
1584.1211405490453,1584.1211405490453,,
1584.122529418485,1584.122529418485,,
1584.123918287924,1584.123918287924,,
1584.125307157363,1584.125307157363,,
1584.1266960269177,1584.1266960269177,,
1584.128084896356,1584.128084896356,,
1584.1294737657959,1584.1294737657959,,
1584.1308626352356,1584.1308626352356,,
1584.1322515047914,1584.1322515047914,,
1584.1336403742303,1584.1336403742303,,
1584.1350292436696,1584.1350292436696,,
1584.1364181132258,1584.1364181132258,,
1584.1378069826656,1584.1378069826656,,
1584.1391958521044,1584.1391958521044,,
1584.1405847216602,1584.1405847216602,,
1584.141973591099,1584.141973591099,,
1584.1433624605384,1584.1433624605384,,
1584.1447513300943,1584.1447513300943,,
1584.1461401995339,1584.1461401995339,,
1584.1475290690896,1584.1475290690896,,
1584.1489179385285,1584.1489179385285,1.0072814,0.0036451882
1584.1503068080842,1584.1503068080842,1.004757,0.003646535
1584.151695677524,1584.151695677524,1.007727,0.0036398391
1584.1530845469638,1584.1530845469638,1.0050155,0.0036397083
1584.154473416519,1584.154473416519,1.0088327,0.0036396084
1584.1558622859584,1584.1558622859584,1.0063885,0.0036397285
1584.1572511555137,1584.1572511555137,1.006703,0.003636173
1584.158640024953,1584.158640024953,0.9973417,0.003641499
1584.1600288945092,1584.1600288945092,1.0065371,0.0036314162
1584.161417763949,1584.161417763949,1.008108,0.003643953
1584.1628066335043,1584.1628066335043,1.0061185,0.003632344
1584.1641955029436,1584.1641955029436,1.0049483,0.003629765
1584.1655843724982,1584.1655843724982,1.0059372,0.0036287827
1584.1669732420537,1584.1669732420537,1.0124295,0.003635933
1584.1683621114935,1584.1683621114935,1.0059196,0.0036239712
1584.1697509810488,1584.1697509810488,1.0081689,0.0036267722
1584.171139850488,1584.171139850488,1.0070312,0.0036236534
1584.1725287200434,1584.1725287200434,1.0102812,0.0036298176
1584.1739175895991,1584.1739175895991,1.0115135,0.003623142
1584.175306459039,1584.175306459039,1.0019147,0.0036168098
1584.176695328595,1584.176695328595,1.009837,0.0036376386
1584.178084198034,1584.178084198034,1.0108489,0.0036153176
1584.1794730675897,1584.1794730675897,1.0175985,0.0036206078
1584.180861937145,1584.180861937145,1.0221198,0.003616737
1584.1822508065848,1584.1822508065848,1.0135894,0.0036146215
1584.183639676141,1584.183639676141,1.0188587,0.0036222036
1584.1850285456965,1584.1850285456965,1.0181824,0.0036117004
1584.1864174151356,1584.1864174151356,1.0171518,0.0036079162
1584.1878062846909,1584.1878062846909,1.0142242,0.0036140538
1584.1891951542466,1584.1891951542466,1.0159289,0.0036064677
1584.1905840238028,1584.1905840238028,1.0145066,0.0036049488
1584.1919728932426,1584.1919728932426,1.0177789,0.0036024866
1584.1933617627978,1584.1933617627978,1.0136831,0.003608135
1584.1947506323536,1584.1947506323536,1.0146303,0.0036015045
1584.1961395017925,1584.1961395017925,1.0125799,0.0036082314
1584.1975283713482,1584.1975283713482,1.0131139,0.0035983184
1584.1989172409044,1584.1989172409044,1.0119734,0.0035978837
1584.2003061104606,1584.2003061104606,1.010113,0.003595144
1584.2016949800159,1584.2016949800159,1.0098346,0.0035908686
1584.2030838494552,1584.2030838494552,1.014947,0.003593961
1584.2044727190098,1584.2044727190098,1.0114427,0.0035905014
1584.2058615885653,1584.2058615885653,1.0161529,0.0035908115
1584.2072504581215,1584.2072504581215,1.0129437,0.003594359
1584.2086393276768,1584.2086393276768,1.0120748,0.0035910336
1584.2100281971161,1584.2100281971161,1.0154239,0.0035904022
1584.2114170666714,1584.2114170666714,1.0075908,0.003582892
1584.2128059362271,1584.2128059362271,1.0100776,0.0035856345
1584.2141948057833,1584.2141948057833,1.0181375,0.0035873414
1584.2155836753395,1584.2155836753395,1.0132072,0.0035837803
1584.2169725448948,1584.2169725448948,1.0088139,0.00357673
1584.2183614144506,1584.2183614144506,1.0137554,0.00359322
1584.2197502840058,1584.2197502840058,1.0123283,0.0035763432
1584.2211391534456,1584.2211391534456,1.0169727,0.0035874266
1584.2225280230018,1584.2225280230018,1.008953,0.003574825
1584.2239168925576,1584.2239168925576,1.0136343,0.0035797455
1584.2253057621128,1584.2253057621128,1.0114692,0.0035709105
1584.2266946316681,1584.2266946316681,1.0139377,0.0035731846
1584.2280835012239,1584.2280835012239,1.0099511,0.0035748254
1584.22947237078,1584.22947237078,1.0073521,0.0035734398
1584.2308612403363,1584.2308612403363,1.0110972,0.0035695957
1584.2322501098915,1584.2322501098915,1.0067356,0.0035635945
1584.2336389794473,1584.2336389794473,1.0152577,0.003566696
1584.2350278490026,1584.2350278490026,1.0077287,0.003561527
1584.2364167185588,1584.2364167185588,1.014126,0.00356801
1584.237805588115,1584.237805588115,1.0108261,0.0035612637
1584.2391944576707,1584.2391944576707,1.0106205,0.0035587577
1584.240583327226,1584.240583327226,1.0086697,0.0035567048
1584.2419721967808,1584.2419721967808,1.008242,0.0035561551
1584.2433610663356,1584.2433610663356,1.0161532,0.003558139
1584.2447499358918,1584.2447499358918,1.0035897,0.0035536762
1584.246138805448,1584.246138805448,1.0131165,0.0035556096
1584.2475276750033,1584.2475276750033,1.0103142,0.003554174
1584.248916544559,1584.248916544559,1.0092738,0.0035533612
1584.2503054141143,1584.2503054141143,1.0118235,0.0035492345
1584.2516942836705,1584.2516942836705,1.009519,0.0035477856
1584.2530831532267,1584.2530831532267,1.0073365,0.0035491171
1584.2544720227825,1584.2544720227825,1.0064837,0.003545535
1584.2558608924542,1584.2558608924542,1.0081246,0.003542475
1584.25724976201,1584.25724976201,1.008883,0.003546473
1584.2586386315652,1584.2586386315652,1.010353,0.003542629
1584.2600275011214,1584.2600275011214,1.0127692,0.0035407585
1584.2614163706776,1584.2614163706776,1.0113919,0.0035401445
1584.2628052402333,1584.2628052402333,1.0069252,0.003542723
1584.2641941097886,1584.2641941097886,1.0066233,0.00353694
1584.2655829793441,1584.2655829793441,1.0104319,0.0035366802
1584.2669718490165,1584.2669718490165,1.0099707,0.0035310718
1584.2683607185727,1584.2683607185727,1.0092367,0.0035346828
1584.2697495881284,1584.2697495881284,1.0111449,0.003534677
1584.2711384576837,1584.2711384576837,1.0098464,0.0035409476
1584.2725273272395,1584.2725273272395,1.0079235,0.0035318818
1584.2739161967947,1584.2739161967947,1.0054319,0.0035278292
1584.2753050664674,1584.2753050664674,1.0147854,0.003531809
1584.2766939360235,1584.2766939360235,1.0097674,0.0035268283
1584.2780828055793,1584.2780828055793,1.0076334,0.0035254129
1584.2794716751341,1584.2794716751341,1.0095664,0.0035286979
1584.280860544689,1584.280860544689,1.0068675,0.0035205707
1584.2822494143616,1584.2822494143616,1.0084158,0.0035228282
1584.2836382839178,1584.2836382839178,1.0073352,0.0035208603
1584.285027153473,1584.285027153473,1.0058733,0.003515597
1584.2864160230286,1584.2864160230286,1.010217,0.0035165856
1584.2878048927005,1584.2878048927005,1.0154637,0.003515452
1584.2891937622558,1584.2891937622558,1.007702,0.0035127006
1584.290582631812,1584.290582631812,1.012932,0.0035127304
1584.2919715013682,1584.2919715013682,1.0107359,0.003509527
1584.2933603710403,1584.2933603710403,1.0052829,0.0035045734
1584.2947492405956,1584.2947492405956,1.0117651,0.0035054507
1584.2961381101513,1584.2961381101513,1.0086298,0.0035027317
1584.297526979824,1584.297526979824,1.0056188,0.0035086307
1584.2989158493801,1584.2989158493801,1.0117885,0.0035054937
1584.3003047189354,1584.3003047189354,1.0050256,0.0034978457
1584.3016935884912,1584.3016935884912,1.0062073,0.003498764
1584.3030824581629,1584.3030824581629,1.009735,0.0034939346
1584.3044713277186,1584.3044713277186,1.0013703,0.0034917772
1584.3058601972748,1584.3058601972748,1.0060873,0.0034904375
1584.3072490669472,1584.3072490669472,1.0128974,0.0034933328
1584.3086379365027,1584.3086379365027,1.0057199,0.0034863339
1584.310026806058,1584.310026806058,1.00899,0.0034845993
1584.3114156757301,1584.3114156757301,1.0084205,0.0034917677
1584.3128045452863,1584.3128045452863,1.0087001,0.003485307
1584.314193414959,1584.314193414959,1.0032389,0.003480347
1584.3155822845142,1584.3155822845142,1.0082005,0.0034788211
1584.316971154069,1584.316971154069,1.0099927,0.0034791257
1584.3183600237403,1584.3183600237403,1.0077033,0.003474075
1584.319748893296,1584.319748893296,1.0116743,0.0034837334
1584.3211377628522,1584.3211377628522,1.0057191,0.0034707298
1584.3225266325248,1584.3225266325248,1.0060754,0.003468476
1584.3239155020801,1584.3239155020801,1.0090182,0.0034664487
1584.3253043717523,1584.3253043717523,1.0088806,0.0034674772
1584.3266932413076,1584.3266932413076,1.0070544,0.0034692234
1584.3280821108638,1584.3280821108638,1.0069573,0.003462435
1584.3294709805364,1584.3294709805364,1.0050812,0.0034668026
1584.3308598500917,1584.3308598500917,1.0054706,0.0034552298
1584.3322487197638,1584.3322487197638,1.0068995,0.0034558135
1584.333637589319,1584.333637589319,1.0105442,0.0034559781
1584.3350264589913,1584.3350264589913,1.0110812,0.0034526591
1584.3364153285474,1584.3364153285474,1.007246,0.0034510966
1584.33780419822,1584.33780419822,1.0076156,0.00345351
1584.3391930677753,1584.3391930677753,1.0050608,0.0034500908
1584.340581937331,1584.340581937331,1.0087018,0.003449903
1584.3419708070028,1584.3419708070028,1.003807,0.0034384052
1584.343359676559,1584.343359676559,1.009577,0.0034463138
1584.3447485462316,1584.3447485462316,1.0052136,0.0034387796
1584.3461374157873,1584.3461374157873,1.0036668,0.0034366099
1584.347526285459,1584.347526285459,1.0044557,0.003433009
1584.3489151550143,1584.3489151550143,1.0108931,0.003437453
1584.3503040246865,1584.3503040246865,1.0082816,0.003433626
1584.3516928942427,1584.3516928942427,1.0079348,0.0034232598
1584.3530817639153,1584.3530817639153,1.0032449,0.0034193592
1584.35447063347,1584.35447063347,1.0055311,0.0034215443
1584.3558595031413,1584.3558595031413,1.0052507,0.0034156488
1584.3572483726966,1584.3572483726966,1.0048839,0.0034172703
1584.3586372423688,1584.3586372423688,1.0052776,0.0034186
1584.360026111925,1584.360026111925,1.005739,0.0034205676
1584.3614149815976,1584.3614149815976,1.0054451,0.0034094236
1584.3628038512693,1584.3628038512693,1.0072336,0.0034104302
1584.364192720825,1584.364192720825,1.006862,0.0034055135
1584.3655815904967,1584.3655815904967,1.0052432,0.0034049973
1584.366970460053,1584.366970460053,1.0060135,0.0034118844
1584.3683593297255,1584.3683593297255,1.0010328,0.0033973702
1584.3697481992808,1584.3697481992808,1.0040673,0.0033986252
1584.371137068953,1584.371137068953,1.0121895,0.0033982429
1584.3725259385083,1584.3725259385083,1.0029789,0.0034033833
1584.3739148081804,1584.3739148081804,1.0035455,0.0033908116
1584.375303677853,1584.375303677853,1.0012616,0.0033910538
1584.3766925474092,1584.3766925474092,1.0087477,0.0033883397
1584.378081417081,1584.378081417081,1.0103635,0.0033898936
1584.3794702866367,1584.3794702866367,1.0025208,0.003383625
1584.3808591563084,1584.3808591563084,1.006518,0.0033855555
1584.382248025981,1584.382248025981,1.00415,0.0033813047
1584.3836368955372,1584.3836368955372,1.0027659,0.003377845
1584.3850257652093,1584.3850257652093,0.9986235,0.003378732
1584.3864146347646,1584.3864146347646,1.0037998,0.003375935
1584.3878035044365,1584.3878035044365,1.0008806,0.00337126
1584.3891923741085,1584.3891923741085,1.0069333,0.0033742308
1584.3905812436647,1584.3905812436647,0.998248,0.003366958
1584.3919701133364,1584.3919701133364,1.0079665,0.0033799072
1584.3933589828912,1584.3933589828912,1.0018821,0.0033672326
1584.3947478525633,1584.3947478525633,1.0037543,0.00336778
1584.396136722235,1584.396136722235,1.0024991,0.0033604593
1584.3975255917912,1584.3975255917912,0.9990863,0.0033711065
1584.3989144614638,1584.3989144614638,1.0009367,0.003357836
1584.400303331136,1584.400303331136,1.0021021,0.0033564381
1584.4016922006913,1584.4016922006913,1.001038,0.003372534
1584.4030810703634,1584.4030810703634,0.9970184,0.003366728
1584.4044699400351,1584.4044699400351,1.004961,0.0033561452
1584.4058588095913,1584.4058588095913,1.0063068,0.003349374
1584.407247679264,1584.407247679264,1.0011286,0.00335057
1584.4086365489356,1584.4086365489356,1.0002341,0.0033514688
1584.4100254184914,1584.4100254184914,0.9994893,0.0033511326
1584.411414288163,1584.411414288163,0.9998656,0.0033460956
1584.4128031578357,1584.4128031578357,1.0019909,0.0033490334
1584.414192027392,1584.414192027392,1.0015559,0.0033443274
1584.415580897064,1584.415580897064,1.0053511,0.0033466672
1584.4169697667357,1584.4169697667357,1.0007731,0.0033431596
1584.4183586362915,1584.4183586362915,1.0005689,0.0033417006
1584.4197475059632,1584.4197475059632,1.0013992,0.0033381362
1584.4211363756358,1584.4211363756358,0.9988593,0.0033467887
1584.4225252453084,1584.4225252453084,1.001564,0.0033396727
1584.4239141148641,1584.4239141148641,1.0015862,0.0033385751
1584.4253029845358,1584.4253029845358,0.9992409,0.0033354454
1584.426691854208,1584.426691854208,0.99788284,0.0033328768
1584.4280807237633,1584.4280807237633,1.0001718,0.0033468532
1584.429469593435,1584.429469593435,1.0013437,0.0033313902
1584.4308584631071,1584.4308584631071,0.99993724,0.0033331546
1584.4322473327788,1584.4322473327788,1.002503,0.0033398443
1584.4336362023346,1584.4336362023346,0.9988908,0.0033280347
1584.4350250720063,1584.4350250720063,1.0003768,0.0033279175
1584.436413941679,1584.436413941679,0.99967843,0.003325341
1584.4378028113515,1584.4378028113515,1.0037074,0.0033384194
1584.4391916809072,1584.4391916809072,0.99924505,0.003336847
1584.440580550579,1584.440580550579,0.9988903,0.0033373148
1584.441969420251,1584.441969420251,0.9974706,0.0033201464
1584.4433582899237,1584.4433582899237,0.999847,0.0033198812
1584.44474715948,1584.44474715948,1.0032934,0.0033244705
1584.4461360291516,1584.4461360291516,0.99606997,0.0033187512
1584.4475248988235,1584.4475248988235,1.0012485,0.0033183896
1584.4489137684955,1584.4489137684955,0.9969703,0.003317647
1584.4503026380507,1584.4503026380507,1.0023293,0.0033202497
1584.4516915077234,1584.4516915077234,0.9980086,0.003317411
1584.453080377396,1584.453080377396,1.0015054,0.0033270163
1584.4544692470681,1584.4544692470681,1.002406,0.003314342
1584.4558581166234,1584.4558581166234,1.001943,0.0033126127
1584.4572469862956,1584.4572469862956,0.9956115,0.0033131556
1584.4586358559682,1584.4586358559682,1.0020607,0.0033135633
1584.4600247256408,1584.4600247256408,0.9973106,0.0033140397
1584.4614135953125,1584.4614135953125,0.9989239,0.0033086138
1584.4628024648682,1584.4628024648682,1.0065011,0.0033173158
1584.46419133454,1584.46419133454,1.0039794,0.0033125114
1584.4655802042112,1584.4655802042112,0.99817574,0.003316956
1584.4669690738833,1584.4669690738833,0.998684,0.003312296
1584.4683579435557,1584.4683579435557,1.0014678,0.0033054447
1584.4697468131112,1584.4697468131112,1.0026784,0.0033153968
1584.471135682783,1584.471135682783,1.003189,0.0033054498
1584.472524552455,1584.472524552455,1.0020707,0.0033054696
1584.4739134221277,1584.4739134221277,0.99742424,0.0033062217
1584.4753022918003,1584.4753022918003,1.0039448,0.0033079633
1584.4766911613556,1584.4766911613556,0.9977406,0.003303211
1584.4780800310277,1584.4780800310277,1.0022284,0.003306869
1584.4794689006994,1584.4794689006994,0.9988206,0.0033018927
1584.4808577703716,1584.4808577703716,1.0020306,0.0032995995
1584.4822466400442,1584.4822466400442,0.99841034,0.003300301
1584.4836355097168,1584.4836355097168,0.9992596,0.0032978805
1584.485024379272,1584.485024379272,0.99820375,0.0032977278
1584.4864132489442,1584.4864132489442,0.998413,0.0033058026
1584.487802118616,1584.487802118616,0.99365413,0.0033001539
1584.4891909882886,1584.4891909882886,1.0013615,0.003298187
1584.4905798579612,1584.4905798579612,0.99793214,0.0032959445
1584.4919687276329,1584.4919687276329,0.9977359,0.0032949287
1584.4933575971886,1584.4933575971886,0.9969841,0.0032934106
1584.4947464668603,1584.4947464668603,0.99677014,0.0032936179
1584.4961353365325,1584.4961353365325,0.99892956,0.0032947983
1584.497524206205,1584.497524206205,0.99576,0.0032928144
1584.4989130758777,1584.4989130758777,0.9947302,0.0032928751
1584.5003019455494,1584.5003019455494,0.9978739,0.003295948
1584.5016908151042,1584.5016908151042,0.99409145,0.0032918733
1584.5030796847755,1584.5030796847755,0.9973586,0.0032947322
1584.5044685544476,1584.5044685544476,1.0003283,0.0033034529
1584.5058574241202,1584.5058574241202,0.9910761,0.0032894346
1584.5072462937928,1584.5072462937928,1.0018626,0.0032897468
1584.5086351634645,1584.5086351634645,0.99445754,0.0032900637
1584.5100240331362,1584.5100240331362,0.99820614,0.003290371
1584.511412902692,1584.511412902692,0.9966925,0.0032875563
1584.5128017723646,1584.5128017723646,0.9994407,0.0032845382
1584.5141906420372,1584.5141906420372,0.99986494,0.0032845486
1584.515579511709,1584.515579511709,1.0002055,0.0032965671
1584.516968381381,1584.516968381381,1.0016793,0.003287032
1584.5183572510527,1584.5183572510527,0.9966259,0.0032809605
1584.519746120725,1584.519746120725,0.9973414,0.0032849363
1584.5211349903975,1584.5211349903975,0.9936581,0.0032831866
1584.5225238599537,1584.5225238599537,0.998897,0.0032860737
1584.5239127296254,1584.5239127296254,0.9907328,0.0032837768
1584.5253015992976,1584.5253015992976,0.9964414,0.003303026
1584.5266904689693,1584.5266904689693,0.99519026,0.0032788413
1584.5280793386419,1584.5280793386419,0.99504185,0.0032864949
1584.5294682083145,1584.5294682083145,0.9942107,0.0032820674
1584.5308570779862,1584.5308570779862,0.9957417,0.0032826455
1584.5322459476583,1584.5322459476583,0.99756575,0.0032819463
1584.5336348172136,1584.5336348172136,0.99543023,0.0032788257
1584.5350236868858,1584.5350236868858,0.9926579,0.0032761623
1584.5364125565584,1584.5364125565584,0.9964261,0.003276653
1584.53780142623,1584.53780142623,1.0011865,0.003277232
1584.5391902959013,1584.5391902959013,0.9969998,0.003284612
1584.5405791655735,1584.5405791655735,0.99593836,0.0032795607
1584.5419680352452,1584.5419680352452,0.99485797,0.0032769502
1584.5433569049178,1584.5433569049178,0.99321485,0.0032712547
1584.5447457745904,1584.5447457745904,0.9940715,0.00327473
1584.5461346441462,1584.5461346441462,0.99764246,0.0032727176
1584.5475235138179,1584.5475235138179,0.9937818,0.00327399
1584.5489123834898,1584.5489123834898,0.993512,0.0032725204
1584.5503012531617,1584.5503012531617,0.9933054,0.0032712736
1584.5516901228343,1584.5516901228343,0.99180204,0.0032817142
1584.553078992507,1584.553078992507,0.9932197,0.003268317
1584.5544678621786,1584.5544678621786,0.9906984,0.0032789735
1584.5558567318508,1584.5558567318508,0.9944534,0.0032726205
1584.5572456015225,1584.5572456015225,0.99814767,0.0032689192
1584.558634471195,1584.558634471195,0.99318457,0.003267352
1584.5600233407513,1584.5600233407513,0.9972377,0.0032694382
1584.5614122104234,1584.5614122104234,0.9893615,0.0032653192
1584.5628010800951,1584.5628010800951,0.9941333,0.0032687683
1584.5641899497673,1584.5641899497673,0.9923866,0.0032653003
1584.565578819439,1584.565578819439,0.9960533,0.0032684049
1584.5669676891116,1584.5669676891116,0.9934875,0.0032809023
1584.5683565587842,1584.5683565587842,0.994189,0.0032662821
1584.5697454284561,1584.5697454284561,0.99086124,0.0032626924
1584.571134298128,1584.571134298128,0.99282104,0.0032702626
1584.5725231677998,1584.5725231677998,0.99363977,0.0032629354
1584.5739120373555,1584.5739120373555,0.98897576,0.003262188
1584.5753009070272,1584.5753009070272,0.9868908,0.003262126
1584.5766897766994,1584.5766897766994,0.98815507,0.0032606407
1584.578078646371,1584.578078646371,0.9938593,0.0032634605
1584.5794675160432,1584.5794675160432,0.9897435,0.0032627818
1584.580856385715,1584.580856385715,0.99528724,0.0032745767
1584.5822452553875,1584.5822452553875,0.99287724,0.0032613275
1584.5836341250601,1584.5836341250601,0.9866869,0.0032576388
1584.5850229947323,1584.5850229947323,0.9854646,0.0032580718
1584.586411864404,1584.586411864404,0.9911027,0.0032601552
1584.5878007340762,1584.5878007340762,0.9880466,0.003261628
1584.5891896037488,1584.5891896037488,0.9850706,0.0032563906
1584.5905784733047,1584.5905784733047,0.99265677,0.0032580127
1584.5919673429767,1584.5919673429767,0.992491,0.0032720356
1584.5933562126484,1584.5933562126484,0.98643184,0.0032703648
1584.5947450823205,1584.5947450823205,0.99458295,0.0032549207
1584.5961339519922,1584.5961339519922,0.9950945,0.00326152
1584.5975228216648,1584.5975228216648,0.9909336,0.003252218
1584.5989116913374,1584.5989116913374,0.98732454,0.0032538977
1584.6003005610096,1584.6003005610096,0.9897095,0.0032525822
1584.6016894306813,1584.6016894306813,0.9862733,0.0032532988
1584.6030783003534,1584.6030783003534,0.98923814,0.0032519023
1584.604467170026,1584.604467170026,0.9881949,0.0032528995
1584.6058560395822,1584.6058560395822,0.9899274,0.003255483
1584.607244909254,1584.607244909254,0.99170274,0.0032686675
1584.608633778926,1584.608633778926,0.98679906,0.003256262
1584.6100226485971,1584.6100226485971,0.9875154,0.0032539305
1584.6114115182681,1584.6114115182681,0.9921609,0.0032486566
1584.6128003879408,1584.6128003879408,0.98879915,0.0032516469
1584.6141892576134,1584.6141892576134,0.98607063,0.0032485544
1584.6155781272855,1584.6155781272855,0.9890579,0.003250168
1584.6169669969572,1584.6169669969572,0.98644716,0.003250663
1584.6183558666294,1584.6183558666294,0.98638964,0.0032591913
1584.619744736302,1584.619744736302,0.9903425,0.0032493074
1584.6211336059746,1584.6211336059746,0.9890644,0.0032461062
1584.6225224755299,1584.6225224755299,0.99097407,0.003253405
1584.623911345202,1584.623911345202,0.9884115,0.0032509367
1584.6253002148737,1584.6253002148737,0.99045306,0.0032460531
1584.626689084546,1584.626689084546,0.98645407,0.0032486275
1584.6280779542185,1584.6280779542185,0.9851722,0.0032501162
1584.6294668238909,1584.6294668238909,0.99092144,0.003251309
1584.6308556935628,1584.6308556935628,0.98810476,0.0032456242
1584.6322445632345,1584.6322445632345,0.98356533,0.0032471363
1584.6336334329067,1584.6336334329067,0.9855075,0.0032432708
1584.6350223025793,1584.6350223025793,0.98211867,0.0032447516
1584.6364111722519,1584.6364111722519,0.98596424,0.003244297
1584.6378000418072,1584.6378000418072,0.98744994,0.0032390743
1584.6391889114793,1584.6391889114793,0.9836707,0.003245232
1584.640577781151,1584.640577781151,0.9839502,0.0032433302
1584.6419666508232,1584.6419666508232,0.98443365,0.0032444499
1584.6433555204958,1584.6433555204958,0.98439616,0.0032386528
1584.6447443901684,1584.6447443901684,0.9845424,0.0032378917
1584.6461332598396,1584.6461332598396,0.98301065,0.003251368
1584.647522129511,1584.647522129511,0.9827329,0.0032444564
1584.6489109991826,1584.6489109991826,0.9836501,0.00324047
1584.6502998688552,1584.6502998688552,0.98314255,0.0032422424
1584.6516887385278,1584.6516887385278,0.985826,0.0032404289
1584.653077608083,1584.653077608083,0.9815397,0.0032365185
1584.6544664777552,1584.6544664777552,0.98583394,0.003242643
1584.655855347427,1584.655855347427,0.98506343,0.0032386514
1584.657244217099,1584.657244217099,0.9874961,0.0032400957
1584.6586330867717,1584.6586330867717,0.9835328,0.0032361143
1584.6600219564443,1584.6600219564443,0.98782444,0.0032364053
1584.661410826116,1584.661410826116,0.9828237,0.0032380028
1584.6627996957882,1584.6627996957882,0.98028183,0.0032411898
1584.6641885654599,1584.6641885654599,0.9844387,0.0032369227
1584.665577435132,1584.665577435132,0.9877708,0.003232434
1584.6669663046882,1584.6669663046882,0.98371124,0.0032346167
1584.6683551743608,1584.6683551743608,0.98841596,0.0032361425
1584.6697440440325,1584.6697440440325,0.98079145,0.003234724
1584.6711329137042,1584.6711329137042,0.9855198,0.0032353152
1584.6725217833764,1584.6725217833764,0.9831311,0.0032309082
1584.673910653049,1584.673910653049,0.9858203,0.0032352784
1584.6752995227216,1584.6752995227216,0.9848123,0.0032293194
1584.6766883923933,1584.6766883923933,0.9879833,0.0032390736
1584.6780772620655,1584.6780772620655,0.9826929,0.0032353958
1584.6794661316208,1584.6794661316208,0.9857818,0.003239161
1584.680855001292,1584.680855001292,0.98134923,0.0032296674
1584.6822438709642,1584.6822438709642,0.98775214,0.0032320828
1584.6836327406368,1584.6836327406368,0.9839843,0.0032262604
1584.6850216103085,1584.6850216103085,0.98656183,0.0032244988
1584.6864104799806,1584.6864104799806,0.98348624,0.0032223067
1584.6877993496523,1584.6877993496523,0.98442,0.0032320681
1584.689188219325,1584.689188219325,0.98627967,0.0032260502
1584.6905770889975,1584.6905770889975,0.98588985,0.003221642
1584.6919659585528,1584.6919659585528,0.98585635,0.0032236967
1584.693354828225,1584.693354828225,0.9850773,0.0032291631
1584.6947436978967,1584.6947436978967,0.9824889,0.0032299107
1584.6961325675688,1584.6961325675688,0.98214203,0.0032174103
1584.6975214372414,1584.6975214372414,0.98477846,0.0032154345
1584.698910306914,1584.698910306914,0.9861831,0.0032200825
1584.7002991765858,1584.7002991765858,0.9823784,0.0032144045
1584.701688046258,1584.701688046258,0.9819921,0.003209688
1584.7030769158132,1584.7030769158132,0.97966087,0.0032134505
1584.7044657854858,1584.7044657854858,0.9865366,0.0032145395
1584.7058546551584,1584.7058546551584,0.9852356,0.0032150235
1584.7072435248306,1584.7072435248306,0.98689246,0.0032236327
1584.7086323945023,1584.7086323945023,0.9855064,0.0032156685
1584.7100212641742,1584.7100212641742,0.9852604,0.0032108757
1584.7114101338461,1584.7114101338461,0.9853905,0.0032090794
1584.7127990034023,1584.7127990034023,0.986866,0.0032077418
1584.714187873075,1584.714187873075,0.9906336,0.0032085571
1584.7155767427466,1584.7155767427466,0.991969,0.0032048882
1584.7169656124179,1584.7169656124179,0.9898203,0.003211079
1584.7183544820891,1584.7183544820891,0.9926565,0.0032063709
1584.7197433517617,1584.7197433517617,0.9852212,0.003200786
1584.721132221318,1584.721132221318,0.98407894,0.0031971845
1584.72252109099,1584.72252109099,0.99010086,0.003199617
1584.7239099606618,1584.7239099606618,0.9895585,0.0031960402
1584.7266877000056,1584.7266877000056,0.99241716,0.0032013517
1584.7280765696783,1584.7280765696783,0.9926698,0.00319484
1584.7294654393509,1584.7294654393509,0.98901,0.003194738
1584.7308543089064,1584.7308543089064,0.98765534,0.0031908476
1584.7322431785783,1584.7322431785783,0.99077827,0.0031944748
1584.73363204825,1584.73363204825,0.98774844,0.0031881095
1584.7350209179226,1584.7350209179226,0.988204,0.0032135623
1584.7364097875952,1584.7364097875952,0.9945834,0.0031949636
1584.7377986572674,1584.7377986572674,0.9901928,0.0031957482
1584.7391875268227,1584.7391875268227,0.98734516,0.0031914667
1584.7405763964948,1584.7405763964948,0.9863498,0.0031903966
1584.7419652661665,1584.7419652661665,0.98801774,0.0031858254
1584.7433541358391,1584.7433541358391,0.9921387,0.0031832864
1584.7447430055117,1584.7447430055117,0.9868437,0.0031822834
1584.7461318750675,1584.7461318750675,0.9894566,0.0031850107
1584.7475207447392,1584.7475207447392,0.987993,0.003177996
1584.7489096144113,1584.7489096144113,0.98806757,0.0031910136
1584.750298484084,1584.750298484084,0.9877526,0.003184738
1584.7516873537556,1584.7516873537556,0.9906291,0.0031764184
1584.7530762233105,1584.7530762233105,0.9860781,0.0031767455
1584.7544650929822,1584.7544650929822,0.9940272,0.0031790566
1584.7558539626543,1584.7558539626543,0.98945117,0.0031864007
1584.757242832326,1584.757242832326,0.98684365,0.0031738677
1584.7586317019986,1584.7586317019986,0.9874038,0.0031711187
1584.7600205715548,1584.7600205715548,0.9879143,0.0031730714
1584.761409441227,1584.761409441227,0.98766595,0.0031758756
1584.7627983108987,1584.7627983108987,0.98826814,0.0031808366
1584.7641871805708,1584.7641871805708,0.99089694,0.0031700288
1584.7655760502435,1584.7655760502435,0.98691064,0.0031675491
1584.7669649197996,1584.7669649197996,0.9908939,0.0031676004
1584.7683537894713,1584.7683537894713,0.9924985,0.0031671098
1584.7697426591435,1584.7697426591435,0.9874296,0.0031644402
1584.7711315288152,1584.7711315288152,0.9867452,0.0031659144
1584.772520398487,1584.772520398487,0.9884473,0.0031692015
1584.773909268043,1584.773909268043,0.98893356,0.003164737
1584.7752981377157,1584.7752981377157,0.9890864,0.0031645964
1584.7766870073879,1584.7766870073879,0.98896456,0.0031654374
1584.7780758770596,1584.7780758770596,0.9893196,0.0031692183
1584.7794647466153,1584.7794647466153,0.98603827,0.0031606792
1584.780853616288,1584.780853616288,0.99239576,0.0031622625
1584.7822424859605,1584.7822424859605,0.9869603,0.003157324
1584.7836313556322,1584.7836313556322,0.9854068,0.0031609442
1584.785020225188,1584.785020225188,0.98971766,0.0031644378
1584.7864090948592,1584.7864090948592,0.99335325,0.003159999
1584.7877979645305,1584.7877979645305,0.9854158,0.0031691126
1584.789186834203,1584.789186834203,0.9875058,0.0031600979
1584.790575703759,1584.790575703759,0.99096775,0.003169574
1584.791964573431,1584.791964573431,0.9878001,0.003167516
1584.7933534431027,1584.7933534431027,0.98782986,0.003161853
1584.7947423127748,1584.7947423127748,0.9890477,0.0031687426
1584.796131182331,1584.796131182331,0.98962015,0.0031588532
1584.7975200520036,1584.7975200520036,0.98964316,0.003157294
1584.7989089216753,1584.7989089216753,0.9822573,0.0031610485
1584.8002977913475,1584.8002977913475,0.9872814,0.0031572753
1584.8016866609028,1584.8016866609028,0.9901499,0.0031620553
1584.803075530575,1584.803075530575,0.98689634,0.0031503334
1584.8044644002475,1584.8044644002475,0.98692816,0.003150905
1584.8058532698037,1584.8058532698037,0.9887953,0.0031651794
1584.8072421394754,1584.8072421394754,0.98962146,0.0031597302
1584.8086310091476,1584.8086310091476,0.98836654,0.0031537702
1584.8100198788193,1584.8100198788193,0.9836602,0.0031482931
1584.8114087483748,1584.8114087483748,0.98715603,0.0031481844
1584.8127976180472,1584.8127976180472,0.98678124,0.0031585922
1584.8141864877198,1584.8141864877198,0.9921363,0.003152858
1584.8155753572755,1584.8155753572755,0.98622066,0.0031445087
1584.8169642269472,1584.8169642269472,0.9907214,0.0031473297
1584.8183530966194,1584.8183530966194,0.98570037,0.0031445152
1584.8197419661756,1584.8197419661756,0.99314505,0.0031487027
1584.8211308358473,1584.8211308358473,0.98395675,0.0031505965
1584.8225197055185,1584.8225197055185,0.9903125,0.0031458952
1584.8239085751907,1584.8239085751907,0.9896849,0.0031445916
1584.825297444746,1584.825297444746,0.98629206,0.003149185
1584.826686314418,1584.826686314418,0.98468465,0.0031433904
1584.8280751840907,1584.8280751840907,0.9888579,0.0031474729
1584.829464053647,1584.829464053647,0.98476875,0.0031421138
1584.8308529233186,1584.8308529233186,0.9879894,0.0031463855
1584.8322417929903,1584.8322417929903,0.98921555,0.0031480335
1584.833630662546,1584.833630662546,0.9880444,0.0031428095
1584.8350195322187,1584.8350195322187,0.9875185,0.0031411275
1584.8364084018913,1584.8364084018913,0.9861223,0.003145446
1584.8377972714466,1584.8377972714466,0.98521596,0.003141583
1584.8391861411187,1584.8391861411187,0.98494464,0.0031496978
1584.840575010674,1584.840575010674,0.98634225,0.0031420917
1584.8419638803462,1584.8419638803462,0.9830409,0.0031449848
1584.8433527500188,1584.8433527500188,0.9880179,0.003143949
1584.844741619575,1584.844741619575,0.987181,0.0031415357
1584.8461304892467,1584.8461304892467,0.9888816,0.0031456745
1584.8475193589188,1584.8475193589188,0.9858282,0.003147063
1584.848908228474,1584.848908228474,0.9839749,0.0031456242
1584.8502970981467,1584.8502970981467,0.9872849,0.003143486
1584.851685967703,1584.851685967703,0.98640007,0.003146311
1584.8530748373748,1584.8530748373748,0.9865128,0.0031427268
1584.8544637070468,1584.8544637070468,0.9849248,0.0031418975
1584.8558525766016,1584.8558525766016,0.9822218,0.0031513008
1584.8572414462728,1584.8572414462728,0.99022067,0.0031462184
1584.8586303159454,1584.8586303159454,0.9839454,0.003146979
1584.8600191855016,1584.8600191855016,0.9851383,0.0031478968
1584.8614080551733,1584.8614080551733,0.98626775,0.0031422786
1584.862796924729,1584.862796924729,0.98365235,0.0031554499
1584.8641857944008,1584.8641857944008,0.98565924,0.0031438335
1584.8655746640734,1584.8655746640734,0.9847942,0.0031507306
1584.8669635336296,1584.8669635336296,0.98532796,0.0031431443
1584.8683524033017,1584.8683524033017,0.9801897,0.0031407252
1584.869741272857,1584.869741272857,0.98883843,0.0031468505
1584.871130142529,1584.871130142529,0.9899424,0.0031490414
1584.8725190120845,1584.8725190120845,0.9866063,0.0031459914
1584.873907881757,1584.873907881757,0.988851,0.00314722
1584.8752967514297,1584.8752967514297,0.98824924,0.0031444693
1584.876685620985,1584.876685620985,0.98579973,0.0031451373
1584.8780744906571,1584.8780744906571,0.9865001,0.0031531367
1584.8794633602124,1584.8794633602124,0.9875639,0.003152977
1584.880852229885,1584.880852229885,0.9867349,0.003149478
1584.8822410994412,1584.8822410994412,0.9842764,0.0031443972
1584.8836299691134,1584.8836299691134,0.9828342,0.0031424384
1584.8850188386687,1584.8850188386687,0.98716944,0.0031469648
1584.8864077083408,1584.8864077083408,0.98604625,0.0031456894
1584.887796577896,1584.887796577896,0.9883911,0.0031446666
1584.8891854475687,1584.8891854475687,0.98950315,0.0031442263
1584.8905743172409,1584.8905743172409,0.9877185,0.0031476473
1584.8919631867955,1584.8919631867955,0.9867613,0.0031421154
1584.8933520564674,1584.8933520564674,0.9867317,0.0031606003
1584.8947409260227,1584.8947409260227,0.9875591,0.00315391
1584.8961297956953,1584.8961297956953,0.9860228,0.0031450982
1584.8975186652515,1584.8975186652515,0.98168343,0.003150181
1584.8989075349236,1584.8989075349236,0.9870898,0.0031473574
1584.900296404479,1584.900296404479,0.98423266,0.003150068
1584.901685274151,1584.901685274151,0.9855622,0.0031431823
1584.9030741437064,1584.9030741437064,0.98546827,0.003142454
1584.904463013379,1584.904463013379,0.9836837,0.0031406689
1584.9058518829352,1584.9058518829352,0.9829084,0.0031433774
1584.9072407526073,1584.9072407526073,0.9851579,0.0031453008
1584.9086296221626,1584.9086296221626,0.98339987,0.0031424786
1584.9100184917183,1584.9100184917183,0.98797005,0.0031401434
1584.911407361391,1584.911407361391,0.9873396,0.003141161
1584.912796230947,1584.912796230947,0.98853725,0.003142048
1584.9141851006189,1584.9141851006189,1.0021598,0.0031492654
1584.9155739701741,1584.9155739701741,0.9963292,0.0031469392
1584.9169628398463,1584.9169628398463,0.9910122,0.0031450584
1584.9183517094016,1584.9183517094016,0.99165565,0.0031437904
1584.9197405790742,1584.9197405790742,0.9923387,0.0031425483
1584.9211294486304,1584.9211294486304,0.98847985,0.0031477222
1584.9225183183025,1584.9225183183025,0.98895323,0.003142665
1584.9239071878578,1584.9239071878578,0.989387,0.003145663
1584.9252960574127,1584.9252960574127,0.99048704,0.0031428253
1584.9266849270848,1584.9266849270848,0.98954976,0.003142799
1584.928073796641,1584.928073796641,0.9920683,0.0031408225
1584.9294626663127,1584.9294626663127,0.9901901,0.0031446614
1584.9308515358684,1584.9308515358684,0.99019855,0.0031646013
1584.9322404055401,1584.9322404055401,0.9847796,0.003140758
1584.9336292750954,1584.9336292750954,0.9893996,0.0031393107
1584.9350181446516,1584.9350181446516,0.98818266,0.003141692
1584.9364070143242,1584.9364070143242,0.98587924,0.0031396092
1584.93779588388,1584.93779588388,0.9927065,0.0031424123
1584.9391847535517,1584.9391847535517,0.99337834,0.0031404865
1584.9405736231074,1584.9405736231074,0.99029934,0.0031375352
1584.9419624926636,1584.9419624926636,0.9875623,0.0031365294
1584.9433513623362,1584.9433513623362,0.99339974,0.0031378858
1584.9447402318915,1584.9447402318915,0.99487615,0.0031407722
1584.9461291014472,1584.9461291014472,0.9914628,0.003146587
1584.947517971119,1584.947517971119,0.982837,0.0031365994
1584.9489068406747,1584.9489068406747,0.98662037,0.0031380442
1584.9502957103473,1584.9502957103473,0.98806566,0.0031476985
1584.9516845799035,1584.9516845799035,0.9909576,0.0031497844
1584.9530734494588,1584.9530734494588,0.98587215,0.003134568
1584.9544623191305,1584.9544623191305,0.98965925,0.0031347421
1584.9558511886862,1584.9558511886862,0.9860907,0.0031359226
1584.9572400582424,1584.9572400582424,0.9871837,0.0031340106
1584.958628927914,1584.958628927914,0.9908024,0.0031474114
1584.960017797469,1584.960017797469,0.98853797,0.003133938
1584.9614066670247,1584.9614066670247,0.98815054,0.0031465276
1584.9627955366964,1584.9627955366964,0.98959005,0.0031351275
1584.9641844062521,1584.9641844062521,0.9858058,0.0031357885
1584.9655732758083,1584.9655732758083,0.9850237,0.0031328897
1584.966962145481,1584.966962145481,0.9869067,0.003141459
1584.9683510150362,1584.9683510150362,0.9873086,0.0031323778
1584.969739884592,1584.969739884592,0.9879628,0.00313968
1584.9711287541472,1584.9711287541472,0.9869411,0.0031297212
1584.972517623819,1584.972517623819,0.99310523,0.0031324963
1584.9739064933751,1584.9739064933751,0.98899835,0.0031434512
1584.9752953629313,1584.9752953629313,0.9859904,0.0031272154
1584.9766842326035,1584.9766842326035,0.99081576,0.0031289088
1584.9780731021588,1584.9780731021588,0.9885568,0.0031344756
1584.9794619717145,1584.9794619717145,0.98990124,0.0031305538
1584.9808508412707,1584.9808508412707,0.9906968,0.0031271225
1584.9822397109433,1584.9822397109433,0.9892451,0.0031273698
1584.9836285804986,1584.9836285804986,0.9924617,0.0031300264
1584.9850174500543,1584.9850174500543,0.99110734,0.0031249253
1584.9864063196096,1584.9864063196096,0.99053735,0.0031372912
1584.9877951892818,1584.9877951892818,0.9858478,0.0031238205
1584.989184058838,1584.989184058838,0.9874744,0.0031214086
1584.9905729283942,1584.9905729283942,0.9852143,0.0031239733
1584.9919617979494,1584.9919617979494,0.98251295,0.0031231148
1584.9933506676207,1584.9933506676207,0.99109674,0.003125109
1584.9947395371755,1584.9947395371755,0.9858247,0.0031289752
1584.9961284067317,1584.9961284067317,0.9957033,0.0031274715
1584.997517276288,1584.997517276288,0.9890721,0.0031220387
1584.9989061458432,1584.9989061458432,0.9887254,0.003125023
1585.0002950155153,1585.0002950155153,0.9909334,0.0031217497
1585.0016838850706,1585.0016838850706,0.98893374,0.0031214086
1585.0030727546264,1585.0030727546264,0.9856491,0.003120154
1585.0044616241826,1585.0044616241826,0.98952633,0.0031239346
1585.0058504937388,1585.0058504937388,0.987655,0.0031201437
1585.0072393634105,1585.0072393634105,0.98944694,0.0031283067
1585.0086282329662,1585.0086282329662,0.98909163,0.0031242177
1585.0100171025215,1585.0100171025215,0.9897981,0.0031239418
1585.0114059720777,1585.0114059720777,0.99257904,0.0031180624
1585.0127948416339,1585.0127948416339,0.9891758,0.0031209174
1585.0141837111892,1585.0141837111892,0.9917838,0.0031196359
1585.015572580745,1585.015572580745,0.9908314,0.0031231083
1585.0169614504166,1585.0169614504166,0.9896378,0.0031141613
1585.0183503199723,1585.0183503199723,0.9912442,0.003115103
1585.0197391895285,1585.0197391895285,0.9885572,0.0031188123
1585.0211280590847,1585.0211280590847,0.99461764,0.0031232177
1585.02251692864,1585.02251692864,0.99071527,0.0031189742
1585.0239057981958,1585.0239057981958,0.98917764,0.0031127082
1585.025294667751,1585.025294667751,0.99021554,0.0031133487
1585.0266835374232,1585.0266835374232,0.9853769,0.0031186186
1585.0280724069785,1585.0280724069785,0.99223053,0.00312048
1585.0294612765342,1585.0294612765342,0.9914034,0.0031130577
1585.0308501460895,1585.0308501460895,0.9900309,0.003115506
1585.032239015645,1585.032239015645,0.9877897,0.0031061023
1585.0336278852005,1585.0336278852005,0.9915792,0.0031069587
1585.0350167547567,1585.0350167547567,0.99759024,0.0031103757
1585.036405624313,1585.036405624313,0.99289984,0.0031187928
1585.0377944938682,1585.0377944938682,0.9909782,0.0031030728
1585.039183363424,1585.039183363424,0.9891595,0.0031054546
1585.0405722329792,1585.0405722329792,0.9901499,0.0031083974
1585.0419611025354,1585.0419611025354,0.9906457,0.003109299
1585.0433499720916,1585.0433499720916,0.98884493,0.0031018208
1585.0447388416474,1585.0447388416474,0.9908405,0.003104302
1585.046127711319,1585.046127711319,0.9937136,0.0031021268
1585.0475165808748,1585.0475165808748,0.9917739,0.0031051647
1585.04890545043,1585.04890545043,0.9914523,0.003107792
1585.0502943199863,1585.0502943199863,0.9916616,0.003104448
1585.0516831895425,1585.0516831895425,0.9934631,0.0031044642
1585.053072059098,1585.053072059098,0.9921423,0.0031045808
1585.0544609286535,1585.0544609286535,0.99227965,0.0031091808
1585.0558497982088,1585.0558497982088,0.99583226,0.00310427
1585.057238667765,1585.057238667765,0.98672116,0.0030980562
1585.0586275373212,1585.0586275373212,0.99206346,0.0031009398
1585.060016406876,1585.060016406876,0.9899395,0.0030993281
1585.0614052764308,1585.0614052764308,0.99343157,0.003099441
1585.0627941459866,1585.0627941459866,0.9930569,0.0031000616
1585.0641830155419,1585.0641830155419,0.98999125,0.0031034234
1585.065571885098,1585.065571885098,0.99271303,0.0030937695
1585.0669607546542,1585.0669607546542,0.9896454,0.0030971896
1585.0683496240936,1585.0683496240936,0.9888007,0.0031026686
1585.0697384936489,1585.0697384936489,0.990374,0.0030948378
1585.0711273632046,1585.0711273632046,0.99041665,0.0030921935
1585.0725162327608,1585.0725162327608,0.9898339,0.0030922967
1585.0739051023168,1585.0739051023168,0.99123627,0.0030945411
1585.0752939718723,1585.0752939718723,0.9929716,0.0030876969
1585.0766828414276,1585.0766828414276,0.99654776,0.0030919483
1585.0780717109833,1585.0780717109833,0.9927964,0.0030885183
1585.0794605805386,1585.0794605805386,0.9955506,0.003100015
1585.0808494500948,1585.0808494500948,0.9911896,0.003088437
1585.082238319651,1585.082238319651,0.99339825,0.0030888927
1585.0836271892067,1585.0836271892067,0.99091506,0.003089333
1585.085016058762,1585.085016058762,0.9919618,0.0030859287
1585.0864049282013,1585.0864049282013,0.99177766,0.0030897686
1585.0877937977575,1585.0877937977575,0.99211544,0.0030847492
1585.0891826673137,1585.0891826673137,0.99151176,0.0030854596
1585.090571536869,1585.090571536869,0.99242073,0.0030944054
1585.0919604064247,1585.0919604064247,0.9944003,0.0030846063
1585.09334927598,1585.09334927598,0.9935828,0.0030830884
1585.0947381455348,1585.0947381455348,0.9978985,0.0030819986
1585.0961270150901,1585.0961270150901,0.99376106,0.003082908
1585.09751588453,1585.09751588453,0.99331665,0.0030852377
1585.0989047540857,1585.0989047540857,1.0000259,0.0030929754
1585.100293623641,1585.100293623641,0.99322504,0.0030815862
1585.1016824931967,1585.1016824931967,0.99309635,0.0030811008
1585.1030713627529,1585.1030713627529,0.9925564,0.0030779338
1585.104460232309,1585.104460232309,0.9895185,0.0030780833
1585.105849101748,1585.105849101748,0.9944593,0.0030791692
1585.1072379713037,1585.1072379713037,0.99545777,0.0030785005
1585.108626840859,1585.108626840859,0.99924093,0.0030765317
1585.1100157104147,1585.1100157104147,0.99669504,0.0030854158
1585.111404579971,1585.111404579971,0.9926756,0.0030774993
1585.1127934494107,1585.1127934494107,0.9965739,0.003085436
1585.114182318966,1585.114182318966,0.9953263,0.0030759098
1585.1155711885212,1585.1155711885212,0.9996802,0.0030767657
1585.116960058077,1585.116960058077,0.996507,0.0030756316
1585.1183489275159,1585.1183489275159,0.9923101,0.003067514
1585.119737797072,1585.119737797072,0.9992261,0.0030768318
1585.1211266666282,1585.1211266666282,0.99593574,0.0030698646
1585.122515536184,1585.122515536184,0.9971126,0.0030730073
1585.1239044056229,1585.1239044056229,0.9927245,0.0030680927
1585.1252932751786,1585.1252932751786,0.9983358,0.0030720697
1585.1266821447348,1585.1266821447348,1.0010655,0.0030689398
1585.12807101429,1585.12807101429,1.0008398,0.0030682248
1585.1294598837285,1585.1294598837285,0.9988529,0.003066368
1585.1308487532842,1585.1308487532842,0.9990826,0.0030749042
1585.1322376228395,1585.1322376228395,0.9955299,0.0030635626
1585.1336264922784,1585.1336264922784,0.99685264,0.0030657037
1585.1350153618346,1585.1350153618346,0.99795765,0.003065861
1585.1364042313908,1585.1364042313908,0.9992885,0.0030753196
1585.1377931009465,1585.1377931009465,0.99679226,0.0030637085
1585.1391819703854,1585.1391819703854,0.99732935,0.0030733268
1585.1405708399411,1585.1405708399411,0.99551827,0.0030635893
1585.1419597094973,1585.1419597094973,0.99858195,0.0030734434
1585.143348578937,1585.143348578937,0.99261504,0.0030585048
1585.1447374484924,1585.1447374484924,0.9966162,0.0030627195
1585.1461263180481,1585.1461263180481,0.99563783,0.0030629083
1585.147515187487,1585.147515187487,0.9968991,0.0030624482
1585.1489040570427,1585.1489040570427,0.9972585,0.0030577139
1585.1502929264825,1585.1502929264825,0.9996961,0.003060669
1585.1516817960387,1585.1516817960387,0.996544,0.003056313
1585.153070665594,1585.153070665594,1.0006573,0.0030616643
1585.154459535033,1585.154459535033,1.0020058,0.0030566934
1585.1558484045886,1585.1558484045886,1.0001961,0.0030618352
1585.1572372740284,1585.1572372740284,0.9984406,0.0030526416
1585.1586261435846,1585.1586261435846,0.9989582,0.003055593
1585.1600150131399,1585.1600150131399,1.0026691,0.0030560025
1585.1614038825783,1585.1614038825783,0.99450725,0.0030528912
1585.162792752133,1585.162792752133,0.99848235,0.003050315
1585.1641816215724,1585.1641816215724,0.9995631,0.003052163
1585.1655704911286,1585.1655704911286,1.0012144,0.0030601532
1585.1669593606848,1585.1669593606848,0.998036,0.003049672
1585.1683482301237,1585.1683482301237,1.0009702,0.0030557208
1585.1697370996794,1585.1697370996794,0.99826187,0.003049701
1585.1711259691183,1585.1711259691183,1.0006137,0.003059801
1585.1725148386745,1585.1725148386745,1.0037947,0.0030526242
1585.1739037081143,1585.1739037081143,1.0015432,0.0030478425
1585.1752925776696,1585.1752925776696,0.9991692,0.003053486
1585.1766814471089,1585.1766814471089,1.000399,0.0030451948
1585.1780703166642,1585.1780703166642,0.9991555,0.0030461499
1585.1794591861035,1585.1794591861035,0.9994775,0.0030434101
1585.1808480556597,1585.1808480556597,0.9980633,0.0030467974
1585.1822369250995,1585.1822369250995,0.99916035,0.0030582328
1585.1836257946547,1585.1836257946547,1.0030279,0.0030497771
1585.185014664094,1585.185014664094,1.0014998,0.003051918
1585.1864035336494,1585.1864035336494,1.0002396,0.0030486055
1585.1877924030891,1585.1877924030891,1.0048115,0.0030451468
1585.1891812726453,1585.1891812726453,1.0029101,0.0030452665
1585.1905701420847,1585.1905701420847,1.0000945,0.003042374
1585.19195901164,1585.19195901164,1.0031906,0.0030436001
1585.1933478810784,1585.1933478810784,1.0045786,0.0030422304
1585.1947367505168,1585.1947367505168,0.9995522,0.0030380264
1585.196125620073,1585.196125620073,1.0048738,0.0030446392
1585.1975144895127,1585.1975144895127,0.9988193,0.0030397135
1585.198903359068,1585.198903359068,1.0043705,0.003040196
1585.2002922285074,1585.2002922285074,1.0060835,0.003040655
1585.2016810980626,1585.2016810980626,0.99662924,0.003034505
1585.2030699675024,1585.2030699675024,1.0053958,0.0030524787
1585.2044588369422,1585.2044588369422,1.0051599,0.0030517597
1585.205847706498,1585.205847706498,1.0019677,0.0030437277
1585.2072365759368,1585.2072365759368,1.002499,0.0030394034
1585.2086254454925,1585.2086254454925,0.99956906,0.0030345405
1585.2100143149314,1585.2100143149314,0.9993878,0.0030385645
1585.2114031843712,1585.2114031843712,1.0066466,0.0030344545
1585.2127920539274,1585.2127920539274,0.9989708,0.0030434928
1585.2141809233665,1585.2141809233665,1.00456,0.00303653
1585.2155697928056,1585.2155697928056,1.0020776,0.0030404283
1585.2169586623609,1585.2169586623609,1.0032772,0.00303173
1585.2183475318006,1585.2183475318006,1.006006,0.0030349998
1585.2197364012404,1585.2197364012404,1.0023651,0.0030328077
1585.2211252707962,1585.2211252707962,1.0052007,0.0030384783
1585.222514140235,1585.222514140235,1.0059049,0.0030318373
1585.2239030096744,1585.2239030096744,1.0034723,0.0030356722
1585.2252918792296,1585.2252918792296,1.0029418,0.0030294044
1585.226680748669,1585.226680748669,1.0015392,0.003029076
1585.2280696181078,1585.2280696181078,0.9996483,0.0030310561
1585.2294584875472,1585.2294584875472,1.0049883,0.0030331695
1585.2308473571024,1585.2308473571024,1.005475,0.0030330757
1585.2322362265418,1585.2322362265418,1.0033805,0.0030271728
1585.2336250959813,1585.2336250959813,1.0029039,0.003025618
1585.2350139654209,1585.2350139654209,1.004969,0.0030396485
1585.2364028349766,1585.2364028349766,1.005959,0.0030261355
1585.2377917044155,1585.2377917044155,1.0044703,0.003024803
1585.2391805738548,1585.2391805738548,1.0007747,0.0030265239
1585.2405694432937,1585.2405694432937,1.002806,0.0030305746
1585.2419583128499,1585.2419583128499,1.0040461,0.0030285786
1585.2433471822897,1585.2433471822897,1.0095991,0.0030240023
1585.244736051729,1585.244736051729,1.0038402,0.0030227879
1585.2461249211678,1585.2461249211678,1.00342,0.003038132
1585.2475137906072,1585.2475137906072,1.0055338,0.0030190793
1585.2489026601634,1585.2489026601634,1.0072461,0.0030250202
1585.2502915296031,1585.2502915296031,1.0071588,0.0030233741
1585.251680399042,1585.251680399042,1.0047371,0.0030204728
1585.2530692684813,1585.2530692684813,1.0052063,0.0030231485
1585.2544581379202,1585.2544581379202,1.0037913,0.0030211888
1585.2558470074755,1585.2558470074755,1.003104,0.0030255418
1585.2572358769153,1585.2572358769153,1.0065074,0.0030326522
1585.258624746355,1585.258624746355,1.0050943,0.0030206114
1585.2600136157935,1585.2600136157935,1.0040836,0.0030470549
1585.2614024852319,1585.2614024852319,1.0066497,0.0030191795
1585.2627913546712,1585.2627913546712,1.0058482,0.0030204742
1585.264180224111,1585.264180224111,1.0055645,0.003018737
1585.2655690935508,1585.2655690935508,1.0067368,0.0030182225
1585.266957963106,1585.266957963106,1.0027182,0.0030197003
1585.2683468325454,1585.2683468325454,1.004032,0.0030346129
1585.2697357019842,1585.2697357019842,1.0058305,0.0030150816
1585.2711245714236,1585.2711245714236,1.0078785,0.0030303416
1585.2725134408633,1585.2725134408633,1.0072292,0.0030312727
1585.273902310303,1585.273902310303,1.004402,0.0030167054
1585.275291179742,1585.275291179742,1.0082237,0.0030131957
1585.2766800491809,1585.2766800491809,1.0069538,0.0030188055
1585.2780689186202,1585.2780689186202,1.0073295,0.003022123
1585.279457788059,1585.279457788059,1.006898,0.0030155717
1585.2808466574988,1585.2808466574988,1.0105375,0.0030299162
1585.2822355269386,1585.2822355269386,1.0033648,0.003016769
1585.283624396378,1585.283624396378,1.0073972,0.0030159256
1585.2850132658168,1585.2850132658168,1.0058966,0.0030208544
1585.2864021352561,1585.2864021352561,1.0082542,0.0030145634
1585.287791004696,1585.287791004696,1.0052191,0.0030100478
1585.2891798741357,1585.2891798741357,1.0068874,0.003009541
1585.2905687435746,1585.2905687435746,1.0087929,0.0030100492
1585.291957613013,1585.291957613013,1.007364,0.0030130812
1585.2933464824514,1585.2933464824514,1.0087197,0.00301439
1585.2947353518903,1585.2947353518903,1.0053555,0.0030141377
1585.29612422133,1585.29612422133,1.0115397,0.0030244733
1585.2975130907698,1585.2975130907698,1.0079966,0.0030105305
1585.2989019602092,1585.2989019602092,1.0082785,0.003007863
1585.300290829648,1585.300290829648,1.0062317,0.0030098143
1585.3016796990873,1585.3016796990873,1.0104429,0.0030072972
1585.3030685685271,1585.3030685685271,1.0072856,0.0030110076
1585.304457437967,1585.304457437967,1.0079086,0.0030211606
1585.3058463074058,1585.3058463074058,1.0074649,0.003004633
1585.307235176845,1585.307235176845,1.0078534,0.0030098404
1585.308624046284,1585.308624046284,1.0093802,0.0030165017
1585.3100129156069,1585.3100129156069,1.010749,0.003007335
1585.3114017850467,1585.3114017850467,1.0056003,0.0030099344
1585.3127906544864,1585.3127906544864,1.0121366,0.0030125903
1585.3141795239253,1585.3141795239253,1.012023,0.0030019665
1585.3155683933642,1585.3155683933642,1.0083562,0.0030032515
1585.3169572628035,1585.3169572628035,1.0086627,0.0030059137
1585.3183461322433,1585.3183461322433,1.0115993,0.0030001777
1585.3197350015666,1585.3197350015666,1.0080833,0.0030001006
1585.3211238710055,1585.3211238710055,1.0072895,0.0030007178
1585.3225127404448,1585.3225127404448,1.0112085,0.003002564
1585.3239016098837,1585.3239016098837,1.0093853,0.0030016885
1585.3252904793221,1585.3252904793221,1.0094546,0.0030084793
1585.3266793487614,1585.3266793487614,1.0104284,0.002998473
1585.3280682180848,1585.3280682180848,1.0080575,0.0029987695
1585.3294570875237,1585.3294570875237,1.0091963,0.0030009563
1585.330845956963,1585.330845956963,1.0090117,0.0030074278
1585.3322348264019,1585.3322348264019,1.0092089,0.0029967423
1585.3336236958417,1585.3336236958417,1.007295,0.0030021523
1585.335012565165,1585.335012565165,1.0088305,0.002990887
1585.3364014346039,1585.3364014346039,1.0102546,0.0029972051
1585.3377903040432,1585.3377903040432,1.0061681,0.0029924752
1585.339179173482,1585.339179173482,1.0114934,0.002992463
1585.340568042805,1585.340568042805,1.0111462,0.0029980512
1585.3419569122448,1585.3419569122448,1.0112822,0.0029922687
1585.3433457816845,1585.3433457816845,1.0105144,0.0029974289
1585.344734651007,1585.344734651007,1.0058773,0.0029888188
1585.3461235204463,1585.3461235204463,1.0074388,0.0029856989
1585.3475123898852,1585.3475123898852,1.0083272,0.0029966428
1585.348901259325,1585.348901259325,1.0114326,0.0029971208
1585.3502901286483,1585.3502901286483,1.0124776,0.0029922007
1585.3516789980877,1585.3516789980877,1.0082611,0.0029867964
1585.3530678675265,1585.3530678675265,1.012965,0.0029981735
1585.3544567368492,1585.3544567368492,1.012422,0.0029859971
1585.3558456062883,1585.3558456062883,1.0130814,0.0029835815
1585.3572344757272,1585.3572344757272,1.0116642,0.0029830628
1585.35862334505,1585.35862334505,1.0106874,0.0029832774
1585.360012214489,1585.360012214489,1.008388,0.0029876747
1585.3614010839283,1585.3614010839283,1.0107784,0.0029827976
1585.3627899532507,1585.3627899532507,1.010293,0.0029827948
1585.3641788226905,1585.3641788226905,1.0108128,0.0029819405
1585.3655676920139,1585.3655676920139,1.0155057,0.002980191
1585.3669565614532,1585.3669565614532,1.0109602,0.0029793242
1585.368345430892,1585.368345430892,1.0109738,0.002982588
1585.369734300215,1585.369734300215,1.010412,0.0029776718
1585.3711231696539,1585.3711231696539,1.0155011,0.00298258
1585.3725120389772,1585.3725120389772,1.0127869,0.0029762585
1585.373900908417,1585.373900908417,1.0141816,0.002978452
1585.3752897777397,1585.3752897777397,1.0097674,0.002981017
1585.3766786471788,1585.3766786471788,1.0157375,0.0029772653
1585.3780675166176,1585.3780675166176,1.0148259,0.0029770725
1585.379456385941,1585.379456385941,1.0121156,0.0029766052
1585.3808452553808,1585.3808452553808,1.0137527,0.0029703258
1585.3822341247037,1585.3822341247037,1.010492,0.002982123
1585.3836229941426,1585.3836229941426,1.017811,0.0029727041
1585.3850118634655,1585.3850118634655,1.0109527,0.0029712007
1585.3864007329043,1585.3864007329043,1.0127603,0.0029719614
1585.3877896022277,1585.3877896022277,1.0147622,0.0029794595
1585.389178471667,1585.389178471667,1.0112152,0.002965813
1585.390567340989,1585.390567340989,1.0108649,0.002969721
1585.391956210428,1585.391956210428,1.0137299,0.0029668033
1585.3933450797506,1585.3933450797506,1.0103325,0.0029701577
1585.3947339490737,1585.3947339490737,1.0109413,0.0029724827
1585.3961228185135,1585.3961228185135,1.0124569,0.0029720443
1585.3975116878364,1585.3975116878364,1.009228,0.0029738422
1585.3989005572753,1585.3989005572753,1.0182796,0.0029805973
1585.4002894265982,1585.4002894265982,1.0157698,0.0029640447
1585.401678296037,1585.401678296037,1.0119256,0.0029608686
1585.4030671653604,1585.4030671653604,1.0139445,0.002965385
1585.4044560346838,1585.4044560346838,1.0147233,0.0029581888
1585.4058449041231,1585.4058449041231,1.0124402,0.002958713
1585.4072337734456,1585.4072337734456,1.0167099,0.0029595583
1585.408622642885,1585.408622642885,1.0146983,0.0029720673
1585.4100115122083,1585.4100115122083,1.0125068,0.0029574824
1585.4114003815316,1585.4114003815316,1.0123032,0.0029555047
1585.4127892509705,1585.4127892509705,1.0118239,0.0029586905
1585.4141781202934,1585.4141781202934,1.0146579,0.0029535803
1585.4155669896159,1585.4155669896159,1.0126591,0.0029543042
1585.4169558590547,1585.4169558590547,1.0116787,0.0029730077
1585.418344728378,1585.418344728378,1.0162547,0.0029537585
1585.4197335977015,1585.4197335977015,1.0152446,0.0029565936
1585.4211224671399,1585.4211224671399,1.0136629,0.002965435
1585.4225113364619,1585.4225113364619,1.0141385,0.0029663413
1585.4239002057848,1585.4239002057848,1.0143828,0.0029523708
1585.4252890752236,1585.4252890752236,1.0137197,0.0029518858
1585.426677944547,1585.426677944547,1.0181904,0.0029503435
1585.4280668138704,1585.4280668138704,1.0097975,0.0029594314
1585.4294556831933,1585.4294556831933,1.0145783,0.0029527633
1585.4308445526322,1585.4308445526322,1.0142988,0.0029457058
1585.432233421955,1585.432233421955,1.0147088,0.002959001
1585.4336222912784,1585.4336222912784,1.0159786,0.0029506101
1585.4350111606016,1585.4350111606016,1.0140145,0.002960469
1585.4364000300407,1585.4364000300407,1.0105948,0.0029505189
1585.437788899363,1585.437788899363,1.017511,0.0029496222
1585.439177768686,1585.439177768686,1.0096911,0.002947343
1585.4405666380085,1585.4405666380085,1.0144848,0.0029593597
1585.4419555073318,1585.4419555073318,1.0166011,0.0029453905
1585.4433443767716,1585.4433443767716,1.0157167,0.002948766
1585.4447332460945,1585.4447332460945,1.0157744,0.0029467791
1585.446122115417,1585.446122115417,1.0151995,0.0029466455
1585.44751098474,1585.44751098474,1.0190436,0.0029515545
1585.4488998540633,1585.4488998540633,1.0156765,0.0029432247
1585.4502887233866,1585.4502887233866,1.0139413,0.0029450736
1585.4516775928255,1585.4516775928255,1.0158334,0.0029432029
1585.4530664621475,1585.4530664621475,1.0155098,0.0029444129
1585.4544553314695,1585.4544553314695,1.0133767,0.0029386599
1585.455844200792,1585.455844200792,1.0143023,0.0029491377
1585.4572330701153,1585.4572330701153,1.0146027,0.0029463696
1585.4586219394387,1585.4586219394387,1.0122093,0.0029417682
1585.4600108087616,1585.4600108087616,1.0135251,0.002943939
1585.461399678084,1585.461399678084,1.0170474,0.0029529415
1585.462788547407,1585.462788547407,1.0119438,0.0029427097
1585.4641774168467,1585.4641774168467,1.0137405,0.0029521661
1585.46556628617,1585.46556628617,1.013574,0.0029447402
1585.4669551554925,1585.4669551554925,1.0157902,0.0029401474
1585.4683440248155,1585.4683440248155,1.014719,0.0029487456
1585.469732894138,1585.469732894138,1.0169398,0.002944596
1585.4711217634608,1585.4711217634608,1.01235,0.002939865
1585.4725106327842,1585.4725106327842,1.0145264,0.0029393001
1585.4738995021075,1585.4738995021075,1.0154971,0.0029394783
1585.47528837143,1585.47528837143,1.0112573,0.0029456213
1585.4766772407525,1585.4766772407525,1.0154752,0.002936539
1585.4780661100754,1585.4780661100754,1.0147262,0.0029405681
1585.4794549793987,1585.4794549793987,1.0130664,0.002936195
1585.480843848722,1585.480843848722,1.0161846,0.002935407
1585.4822327180445,1585.4822327180445,1.0128628,0.0029360997
1585.4836215873675,1585.4836215873675,1.0146285,0.0029588647
1585.4850104566895,1585.4850104566895,1.0178378,0.0029441507
1585.4863993260115,1585.4863993260115,1.0114782,0.0029337476
1585.4877881953348,1585.4877881953348,1.021978,0.0029401497
1585.4891770646582,1585.4891770646582,1.0197792,0.002941809
1585.4905659338642,1585.4905659338642,1.0197245,0.0029416813
1585.4919548031871,1585.4919548031871,1.0183812,0.0029337448
1585.4933436725096,1585.4933436725096,1.0180199,0.0029331972
1585.494732541833,1585.494732541833,1.0180583,0.0029328105
1585.4961214111563,1585.4961214111563,1.0170641,0.002933395
1585.4975102804788,1585.4975102804788,1.0147219,0.002933285
1585.4988991498017,1585.4988991498017,1.016422,0.0029322437
1585.5002880191241,1585.5002880191241,1.0160792,0.0029307783
1585.501676888447,1585.501676888447,1.0172067,0.002930878
1585.503065757654,1585.503065757654,1.0169344,0.0029308714
1585.5044546269773,1585.5044546269773,1.014654,0.0029391067
1585.5058434962998,1585.5058434962998,1.0199633,0.0029373663
1585.5072323656227,1585.5072323656227,1.0169941,0.002941148
1585.5086212349452,1585.5086212349452,1.0152836,0.0029326016
1585.5100101042685,1585.5100101042685,1.0188781,0.002930846
1585.5113989734755,1585.5113989734755,1.0168226,0.002931659
1585.5127878427984,1585.5127878427984,1.0138036,0.0029284714
1585.5141767121208,1585.5141767121208,1.0173901,0.0029312335
1585.5155655814435,1585.5155655814435,1.0142947,0.0029283985
1585.5169544506489,1585.5169544506489,1.0115929,0.0029239315
1585.5183433199718,1585.5183433199718,1.0145807,0.0029533575
1585.5197321892952,1585.5197321892952,1.018458,0.0029279043
1585.5211210586176,1585.5211210586176,1.0161586,0.0029260921
1585.522509927824,1585.522509927824,1.0175165,0.0029294766
1585.5238987971466,1585.5238987971466,1.015593,0.0029285254
1585.52528766647,1585.52528766647,1.0131499,0.0029266877
1585.5266765357933,1585.5266765357933,1.012701,0.002925646
1585.5280654049998,1585.5280654049998,1.0110841,0.0029255212
1585.5294542743222,1585.5294542743222,1.0143673,0.0029244374
1585.5308431436451,1585.5308431436451,1.0171616,0.002924697
1585.5322320128512,1585.5322320128512,1.0187799,0.002925998
1585.5336208821745,1585.5336208821745,1.0119239,0.0029209233
1585.535009751498,1585.535009751498,1.0164716,0.0029274558
1585.5363986207042,1585.5363986207042,1.0166668,0.0029259725
1585.5377874900269,1585.5377874900269,1.015617,0.002921376
1585.5391763593493,1585.5391763593493,1.0175135,0.0029388438
1585.5405652285563,1585.5405652285563,1.0132697,0.0029230027
1585.5419540978796,1585.5419540978796,1.0141135,0.00292151
1585.5433429672025,1585.5433429672025,1.0171623,0.0029213314
1585.5447318364086,1585.5447318364086,1.0116863,0.0029305392
1585.5461207057315,1585.5461207057315,1.0153702,0.0029217997
1585.5475095749375,1585.5475095749375,1.0146112,0.002920842
1585.5488984442604,1585.5488984442604,1.0149516,0.0029265902
1585.5502873135829,1585.5502873135829,1.01721,0.0029227906
1585.5516761827894,1585.5516761827894,1.0147389,0.002917891
1585.5530650521118,1585.5530650521118,1.008277,0.0029154853
1585.554453921318,1585.554453921318,1.0176709,0.0029183053
1585.5558427906412,1585.5558427906412,1.0114521,0.0029316915
1585.5572316598482,1585.5572316598482,1.0133275,0.002918291
1585.558620529171,1585.558620529171,1.0164398,0.002917746
1585.5600093983771,1585.5600093983771,1.0148581,0.0029290472
1585.5613982677,1585.5613982677,1.0142988,0.00291851
1585.562787136906,1585.562787136906,1.0146149,0.0029208479
1585.5641760062294,1585.5641760062294,1.0135933,0.0029164865
1585.5655648754364,1585.5655648754364,1.0136147,0.0029151049
1585.5669537447593,1585.5669537447593,1.0138463,0.0029358445
1585.5683426139653,1585.5683426139653,1.0127925,0.002931192
1585.5697314832883,1585.5697314832883,1.0113175,0.0029279126
1585.5711203524952,1585.5711203524952,1.0128174,0.0029143845
1585.5725092218186,1585.5725092218186,1.0152338,0.002914419
1585.5738980910246,1585.5738980910246,1.0114545,0.0029208795
1585.575286960231,1585.575286960231,1.0165092,0.0029166376
1585.5766758295536,1585.5766758295536,1.0142615,0.0029201566
1585.5780646987596,1585.5780646987596,1.0156133,0.0029242404
1585.5794535680825,1585.5794535680825,1.0140545,0.002915916
1585.5808424372885,1585.5808424372885,1.011354,0.0029142378
1585.582231306495,1585.582231306495,1.0141016,0.0029146452
1585.5836201758175,1585.5836201758175,1.013293,0.002913903
1585.585009045024,1585.585009045024,1.0177064,0.0029176394
1585.5863979143464,1585.5863979143464,1.012291,0.0029233138
1585.5877867835534,1585.5877867835534,1.0176762,0.0029234882
1585.5891756527603,1585.5891756527603,1.0136108,0.002919468
1585.5905645220832,1585.5905645220832,1.0144193,0.0029149663
1585.5919533912893,1585.5919533912893,1.0148712,0.0029117507
1585.5933422604958,1585.5933422604958,1.0147051,0.002911113
1585.5947311298191,1585.5947311298191,1.0140612,0.0029102296
1585.5961199990259,1585.5961199990259,1.0134001,0.002911815
1585.5975088682321,1585.5975088682321,1.017574,0.0029192318
1585.5988977374382,1585.5988977374382,1.0098082,0.0029086191
1585.600286606761,1585.600286606761,1.012757,0.0029211205
1585.601675475967,1585.601675475967,1.016258,0.0029113991
1585.603064345174,1585.603064345174,1.0139971,0.002927574
1585.604453214381,1585.604453214381,1.0161574,0.0029126864
1585.605842083704,1585.605842083704,1.0130067,0.0029153414
1585.60723095291,1585.60723095291,1.0110844,0.0029092683
1585.6086198221165,1585.6086198221165,1.0117859,0.002918141
1585.6100086913234,1585.6100086913234,1.016017,0.0029109085
1585.6113975606459,1585.6113975606459,1.0153339,0.0029140392
1585.6127864298514,1585.6127864298514,1.0171144,0.0029218525
1585.614175299058,1585.614175299058,1.017045,0.0029116294
1585.615564168264,1585.615564168264,1.0134468,0.0029112345
1585.61695303747,1585.61695303747,1.0125452,0.0029109735
1585.6183419067934,1585.6183419067934,1.01384,0.0029102622
1585.6197307760003,1585.6197307760003,1.0153694,0.0029136545
1585.6211196452068,1585.6211196452068,1.0125299,0.0029207917
1585.6225085144129,1585.6225085144129,1.0134163,0.0029102666
1585.6238973836194,1585.6238973836194,1.016897,0.0029108922
1585.6252862528263,1585.6252862528263,1.0175322,0.0029122764
1585.6266751220332,1585.6266751220332,1.013372,0.0029109214
1585.6280639912393,1585.6280639912393,1.0150783,0.0029130918
1585.6294528605622,1585.6294528605622,1.0090944,0.0029058063
1585.6308417297682,1585.6308417297682,1.0105714,0.002918817
1585.6322305989747,1585.6322305989747,1.0100144,0.002911591
1585.6336194681817,1585.6336194681817,1.0115817,0.0029236542
1585.6350083373886,1585.6350083373886,1.0172795,0.002909625
1585.6363972065947,1585.6363972065947,1.0187564,0.0029091262
1585.6377860758007,1585.6377860758007,1.0123005,0.0029106615
1585.6391749450072,1585.6391749450072,1.0137936,0.0029138292
1585.6405638142141,1585.6405638142141,1.0118,0.002907622
1585.6419526834202,1585.6419526834202,1.0125264,0.0029049674
1585.6433415526258,1585.6433415526258,1.0132581,0.0029067919
1585.6447304218323,1585.6447304218323,1.012506,0.0029168394
1585.6461192910383,1585.6461192910383,1.0089159,0.0029061467
1585.6475081602448,1585.6475081602448,1.0141076,0.0029067048
1585.6488970294517,1585.6488970294517,1.0149851,0.0029075306
1585.6502858986587,1585.6502858986587,1.0117073,0.0029109528
1585.6516747678647,1585.6516747678647,1.012684,0.0029059341
1585.6530636370712,1585.6530636370712,1.0126208,0.0029049404
1585.6544525062773,1585.6544525062773,1.0112163,0.002912823
1585.6558413754842,1585.6558413754842,1.0137398,0.0029047623
1585.6572302446912,1585.6572302446912,1.0106337,0.002903855
1585.6586191138972,1585.6586191138972,1.008369,0.00290932
1585.6600079829873,1585.6600079829873,1.0101297,0.0029060282
1585.6613968521933,1585.6613968521933,1.0111948,0.0029153985
1585.6627857213998,1585.6627857213998,1.0155299,0.002906464
1585.6641745906068,1585.6641745906068,1.0150586,0.0029059406
1585.6655634598137,1585.6655634598137,1.0104966,0.0029077074
1585.6669523290198,1585.6669523290198,1.0114743,0.0029093183
1585.6683411982262,1585.6683411982262,1.0118854,0.002911949
1585.6697300674323,1585.6697300674323,1.0149727,0.0029052398
1585.6711189365228,1585.6711189365228,1.0119816,0.002902466
1585.6725078057298,1585.6725078057298,1.0152612,0.0029094361
1585.6738966749353,1585.6738966749353,1.011901,0.0029073672
1585.675285544141,1585.675285544141,1.0116374,0.0029052333
1585.676674413347,1585.676674413347,1.0088599,0.0029073425
1585.678063282437,1585.678063282437,1.0112761,0.0029044412
1585.679452151644,1585.679452151644,1.0126623,0.0029107688
1585.680841020851,1585.680841020851,1.0145372,0.0029059087
1585.682229890057,1585.682229890057,1.0175354,0.0029093528
1585.683618759147,1585.683618759147,1.0140266,0.0029078545
1585.685007628353,1585.685007628353,1.0153198,0.0029281136
1585.68639649756,1585.68639649756,1.0130597,0.0029097293
1585.687785366767,1585.687785366767,1.0094332,0.0029015308
1585.689174235857,1585.689174235857,1.0125539,0.0029061218
1585.6905631050631,1585.6905631050631,1.0122695,0.0029036293
1585.6919519742696,1585.6919519742696,1.0061044,0.002909068
1585.6933408434757,1585.6933408434757,1.0118408,0.0029037765
1585.6947297125662,1585.6947297125662,1.0117563,0.002900878
1585.6961185817731,1585.6961185817731,1.0133524,0.002904317
1585.6975074509792,1585.6975074509792,1.0130767,0.002901166
1585.6988963200693,1585.6988963200693,1.0120472,0.0028994498
1585.7002851892753,1585.7002851892753,1.0078613,0.0029061509
1585.7016740583658,1585.7016740583658,1.0123117,0.0029015427
1585.7030629275728,1585.7030629275728,1.0110831,0.0029030791
1585.7044517967784,1585.7044517967784,1.0101917,0.0028997227
1585.7058406658675,1585.7058406658675,1.011008,0.0029073393
1585.707229535074,1585.707229535074,1.0066155,0.0029017373
1585.70861840428,1585.70861840428,1.0150344,0.0029094194
1585.7100072733706,1585.7100072733706,1.0125972,0.0029075665
1585.7113961425775,1585.7113961425775,1.0131874,0.0028980777
1585.7127850116676,1585.7127850116676,1.0072955,0.002897531
1585.7141738808737,1585.7141738808737,1.0089462,0.0028968144
1585.7155627499635,1585.7155627499635,1.0110874,0.002900176
1585.7169516191702,1585.7169516191702,1.0100073,0.0028961764
1585.7183404882608,1585.7183404882608,1.0110818,0.002904218
1585.7197293574673,1585.7197293574673,1.0100049,0.0029081115
1585.7211182266733,1585.7211182266733,1.0107617,0.0029005436
1585.7225070957634,1585.7225070957634,1.0101829,0.0029017003
1585.7238959649694,1585.7238959649694,1.01119,0.0028954733
1585.72528483406,1585.72528483406,1.0058367,0.0028958719
1585.7266737031505,1585.7266737031505,1.0120873,0.002894857
1585.728062572357,1585.728062572357,1.0087059,0.0028936148
1585.7294514414466,1585.7294514414466,1.0093011,0.0028992787
1585.730840310653,1585.730840310653,1.0086825,0.0029084233
1585.7322291797427,1585.7322291797427,1.0098585,0.0029148797
1585.7336180489497,1585.7336180489497,1.0119632,0.0028939343
1585.7350069180395,1585.7350069180395,1.0096573,0.0028912614
1585.7363957872449,1585.7363957872449,1.0091588,0.0028906898
1585.737784656335,1585.737784656335,1.0102162,0.0028896572
1585.7391735254246,1585.7391735254246,1.0101997,0.0028895377
1585.7405623946315,1585.7405623946315,1.0090005,0.0028930083
1585.741951263722,1585.741951263722,1.0063251,0.0028922984
1585.7433401329286,1585.7433401329286,1.0062139,0.0028953354
1585.7447290020182,1585.7447290020182,1.0068681,0.0028948807
1585.7461178711083,1585.7461178711083,1.0062407,0.0028896164
1585.7475067403143,1585.7475067403143,1.0071356,0.0028899407
1585.7488956094048,1585.7488956094048,1.0087582,0.0028964537
1585.7502844784954,1585.7502844784954,1.0076709,0.0028870343
1585.7516733477019,1585.7516733477019,1.0095094,0.0028961967
1585.7530622167915,1585.7530622167915,1.0085006,0.002895268
1585.7544510858816,1585.7544510858816,1.008989,0.0028996202
1585.755839954972,1585.755839954972,1.0064192,0.0028884863
1585.7572288241788,1585.7572288241788,1.0109069,0.0028851188
1585.7586176932687,1585.7586176932687,1.0112834,0.0028920132
1585.7600065623583,1585.7600065623583,1.0075146,0.0028820648
1585.7613954315648,1585.7613954315648,1.0099488,0.002887419
1585.7627843006544,1585.7627843006544,1.006137,0.0028839633
1585.764173169745,1585.764173169745,1.0080912,0.0028972034
1585.765562038835,1585.765562038835,1.0063217,0.0028854269
1585.7669509079242,1585.7669509079242,1.0053511,0.0028843519
1585.7683397771302,1585.7683397771302,1.0038918,0.0028792212
1585.7697286462203,1585.7697286462203,1.0063925,0.0028898006
1585.7711175153108,1585.7711175153108,1.0052956,0.0028914525
1585.7725063844014,1585.7725063844014,1.011733,0.0028835158
1585.773895253491,1585.773895253491,1.0117339,0.002882878
1585.7752841226973,1585.7752841226973,1.0047163,0.0028948872
1585.776672991787,1585.776672991787,1.0100113,0.0028816946
1585.7780618608767,1585.7780618608767,1.0052847,0.002877938
1585.7794507299673,1585.7794507299673,1.0086623,0.0028916313
1585.7808395990578,1585.7808395990578,1.0060353,0.0028774957
1585.7822284681479,1585.7822284681479,1.0091983,0.0028835712
1585.7836173372375,1585.7836173372375,1.0035123,0.0028829174
1585.7850062063276,1585.7850062063276,1.0052136,0.0028833926
1585.786395075418,1585.786395075418,1.0061487,0.0028763984
1585.787783944625,1585.787783944625,1.0037566,0.0028809928
1585.7891728137147,1585.7891728137147,1.0050536,0.002879433
1585.7905616828048,1585.7905616828048,1.004658,0.002875129
1585.7919505518944,1585.7919505518944,1.0046297,0.0028856737
1585.7933394209845,1585.7933394209845,1.0025918,0.0028863167
1585.794728290075,1585.794728290075,1.003568,0.0028793982
1585.7961171591646,1585.7961171591646,1.0019228,0.0028751167
1585.7975060282538,1585.7975060282538,0.99984765,0.0028763884
1585.7988948973434,1585.7988948973434,1.0013652,0.0028770391
1585.8002837664335,1585.8002837664335,1.0037358,0.0028821733
1585.801672635524,1585.801672635524,1.0046924,0.0028761975
1585.8030615046146,1585.8030615046146,1.0054235,0.002874271
1585.8044503737042,1585.8044503737042,1.0053637,0.00288483
1585.8058392427943,1585.8058392427943,1.0022751,0.0028750794
1585.807228111884,1585.807228111884,1.006171,0.0028704053
1585.808616980974,1585.808616980974,1.003393,0.0028861072
1585.8100058500645,1585.8100058500645,1.0062901,0.0028741457
1585.8113947190386,1585.8113947190386,1.0052924,0.0028779737
1585.8127835881282,1585.8127835881282,1.0021973,0.0028730107
1585.8141724572183,1585.8141724572183,1.0008645,0.0028754657
1585.815561326308,1585.815561326308,1.0048287,0.0028769502
1585.8169501953985,1585.8169501953985,1.0050471,0.0028781232
1585.818339064489,1585.818339064489,1.005246,0.0028741006
1585.8197279335786,1585.8197279335786,1.0009117,0.0028751267
1585.8211168026687,1585.8211168026687,1.0018488,0.0028749844
1585.8225056717583,1585.8225056717583,1.0027003,0.0028707373
1585.823894540732,1585.823894540732,1.0063723,0.0028692866
1585.8252834098225,1585.8252834098225,1.0054467,0.0028932511
1585.8266722789122,1585.8266722789122,1.0024695,0.0028702305
1585.8280611480013,1585.8280611480013,1.0000044,0.0028713387
1585.8294500170914,1585.8294500170914,1.0070983,0.0028840688
1585.8308388860646,1585.8308388860646,1.0011948,0.0028722696
1585.8322277551551,1585.8322277551551,1.0013055,0.0028750983
1585.8336166242457,1585.8336166242457,1.0007178,0.0028730535
1585.8350054933358,1585.8350054933358,1.0014563,0.00287379
1585.836394362309,1585.836394362309,1.0026593,0.0028689231
1585.8377832313986,1585.8377832313986,0.9972843,0.0028700868
1585.8391721004887,1585.8391721004887,1.002861,0.002867128
1585.8405609695792,1585.8405609695792,1.0011342,0.002885605
1585.8419498385533,1585.8419498385533,1.0006553,0.0028699911
1585.843338707643,1585.843338707643,1.0041764,0.0028721148
1585.844727576733,1585.844727576733,1.0002984,0.0028682102
1585.8461164457062,1585.8461164457062,1.0002453,0.0028783218
1585.8475053147968,1585.8475053147968,1.0030235,0.0028777765
1585.8488941838873,1585.8488941838873,1.0035115,0.0028723725
1585.850283052861,1585.850283052861,1.0015428,0.0028669273
1585.8516719219506,1585.8516719219506,1.0003867,0.0028675932
1585.8530607910407,1585.8530607910407,0.9984698,0.0028690556
1585.8544496600139,1585.8544496600139,1.0010692,0.0028787525
1585.8558385291044,1585.8558385291044,0.9986928,0.002866865
1585.8572273981943,1585.8572273981943,1.0001009,0.00286824
1585.8586162671668,1585.8586162671668,1.0015012,0.0028691979
1585.8600051362569,1585.8600051362569,1.0004315,0.0028668863
1585.86139400523,1585.86139400523,0.99766743,0.002868169
1585.8627828743206,1585.8627828743206,1.0021693,0.0028662388
1585.8641717432947,1585.8641717432947,0.99693686,0.00286612
1585.8655606123848,1585.8655606123848,1.0014013,0.0028677618
1585.8669494814744,1585.8669494814744,0.99924743,0.0028685767
1585.868338350448,1585.868338350448,1.0005002,0.0028871915
1585.8697272195377,1585.8697272195377,1.0012375,0.0028754335
1585.8711160885118,1585.8711160885118,1.0053252,0.002880254
1585.8725049576024,1585.8725049576024,0.99900603,0.0028677452
1585.873893826576,1585.873893826576,1.0006748,0.00286908
1585.8752826956656,1585.8752826956656,1.0012231,0.0028702402
1585.876671564639,1585.876671564639,1.0044574,0.0028708417
1585.8780604337294,1585.8780604337294,1.0021697,0.00286993
1585.8794493027035,1585.8794493027035,0.9986592,0.0028662994
1585.8808381716772,1585.8808381716772,1.0007123,0.002869905
1585.8822270407668,1585.8822270407668,0.9980841,0.0028665937
1585.8836159097405,1585.8836159097405,1.0029126,0.0028678188
1585.88500477883,1585.88500477883,1.0020565,0.0028695494
1585.8863936478042,1585.8863936478042,1.0030384,0.0028686807
1585.8877825168943,1585.8877825168943,0.9995111,0.0028654174
1585.889171385867,1585.889171385867,0.99942833,0.00287978
1585.8905602548402,1585.8905602548402,0.99761444,0.0028704342
1585.8919491239303,1585.8919491239303,0.99714434,0.0028701
1585.8933379929035,1585.8933379929035,0.9954738,0.002877427
1585.8947268618776,1585.8947268618776,1.0005668,0.002867486
1585.8961157309682,1585.8961157309682,0.99697876,0.0028696703
1585.8975045999414,1585.8975045999414,0.99603933,0.0028661848
1585.898893468915,1585.898893468915,0.9958105,0.0028679394
1585.9002823380047,1585.9002823380047,0.996467,0.0028722507
1585.9016712069788,1585.9016712069788,0.99807584,0.0028686502
1585.903060075953,1585.903060075953,0.9984767,0.002871673
1585.904448945043,1585.904448945043,1.0005475,0.0028719986
1585.9058378140162,1585.9058378140162,0.9959617,0.0028777733
1585.9072266829899,1585.9072266829899,0.99895084,0.0028716926
1585.908615551963,1585.908615551963,0.9964401,0.0028701772
1585.9100044210536,1585.9100044210536,0.9956056,0.00287043
1585.9113932900277,1585.9113932900277,0.9946507,0.002869506
1585.9127821590014,1585.9127821590014,0.9980436,0.0028666412
1585.9141710279746,1585.9141710279746,1.0001184,0.0028685897
1585.9155598970647,1585.9155598970647,1.0010529,0.0028759819
1585.9169487660388,1585.9169487660388,0.9975368,0.0028906143
1585.918337635012,1585.918337635012,0.9993443,0.002865864
1585.9197265039847,1585.9197265039847,0.99652296,0.002876454
1585.93083745589,1585.93083745589,0.9984146,0.002865179
1585.9322263248641,1585.9322263248641,1.0000597,0.002868148
1585.9336151938382,1585.9336151938382,0.9943352,0.0028708838
1585.9350040628115,1585.9350040628115,1.0020853,0.0028819444
1585.9363929319013,1585.9363929319013,0.99444693,0.0028652544
1585.9377818008747,1585.9377818008747,0.9983257,0.0028677871
1585.939170669848,1585.939170669848,1.0008057,0.0028785192
1585.940559538822,1585.940559538822,0.9965335,0.0028685168
1585.9419484077962,1585.9419484077962,0.9985734,0.002874475
1585.9433372767699,1585.9433372767699,0.99894226,0.0028684179
1585.944726145743,1585.944726145743,0.99965703,0.002866541
1585.9461150147167,1585.9461150147167,0.99850816,0.002878679
1585.94750388369,1585.94750388369,0.99434936,0.0028613694
1585.9488927526636,1585.9488927526636,1.0003178,0.00287017
1585.9502816216368,1585.9502816216368,1.0012587,0.0028636367
1585.9516704906105,1585.9516704906105,0.9984496,0.0028648847
1585.9530593595837,1585.9530593595837,0.9995595,0.0028658079
1585.954448228441,1585.954448228441,0.9943497,0.0028616725
1585.955837097415,1585.955837097415,0.9989449,0.0028666104
1585.957225966389,1585.957225966389,0.9963462,0.0028724354
1585.9586148353624,1585.9586148353624,0.99875593,0.0028714286
1585.9600037043356,1585.9600037043356,0.99599504,0.002868106
1585.9613925733092,1585.9613925733092,0.9951989,0.0028705336
1585.9627814422834,1585.9627814422834,0.9964594,0.0028649457
1585.9641703112575,1585.9641703112575,0.9999761,0.0028762333
1585.9655591802307,1585.9655591802307,0.9936985,0.0028637568
1585.966948049088,1585.966948049088,0.9986104,0.0028679569
1585.9683369180611,1585.9683369180611,0.9954591,0.002864612
1585.9697257870348,1585.9697257870348,0.99590236,0.0028604204
1585.971114656009,1585.971114656009,0.9998282,0.0028671566
1585.972503524983,1585.972503524983,0.995121,0.0028644423
1585.9738923938398,1585.9738923938398,0.99467915,0.0028762815
1585.9752812628135,1585.9752812628135,0.995849,0.002866645
1585.9766701317867,1585.9766701317867,0.9927049,0.0028629147
1585.97805900076,1585.97805900076,0.9947637,0.0028635543
1585.9794478697336,1585.9794478697336,0.9962902,0.0028631254
1585.9808367385904,1585.9808367385904,0.9974582,0.0028608702
1585.982225607564,1585.982225607564,0.9947274,0.0028630462
1585.9836144765372,1585.9836144765372,1.001027,0.002866155
1585.985003345511,1585.985003345511,0.9995117,0.0028673315
1585.9863922143686,1585.9863922143686,0.9937648,0.002863273
1585.9877810833427,1585.9877810833427,0.99906427,0.0028633534
1585.989169952316,1585.989169952316,0.99810314,0.0028614465
1585.9905588211732,1585.9905588211732,0.99554336,0.0028651855
1585.9919476901464,1585.9919476901464,0.9960832,0.0028611363
1585.9933365591205,1585.9933365591205,0.9954521,0.0028631692
1585.9947254279782,1585.9947254279782,0.99813366,0.0028634514
1585.9961142969519,1585.9961142969519,0.9949681,0.0028587796
1585.997503165925,1585.997503165925,0.9949617,0.0028591938
1585.9988920347819,1585.9988920347819,0.99557596,0.0028691941
1586.0002809037555,1586.0002809037555,0.9966763,0.0028589768
1586.0016697726132,1586.0016697726132,0.99385405,0.0028586676
1586.0030586415874,1586.0030586415874,0.998829,0.0028590523
1586.0044475105606,1586.0044475105606,0.9963173,0.0028635273
1586.0058363794178,1586.0058363794178,0.9947409,0.0028622458
1586.0072252483906,1586.0072252483906,0.9961981,0.0028583123
1586.0086141172474,1586.0086141172474,0.9934715,0.0028570548
1586.0100029862215,1586.0100029862215,0.9966008,0.0028578523
1586.0113918550787,1586.0113918550787,0.99399644,0.002858587
1586.012780724052,1586.012780724052,0.9950629,0.002859336
1586.0141695929092,1586.0141695929092,0.99662703,0.002856981
1586.0155584618824,1586.0155584618824,0.9919098,0.0028594702
1586.01694733074,1586.01694733074,0.9956814,0.0028560641
1586.0183361997142,1586.0183361997142,0.993963,0.0028576474
1586.019725068571,1586.019725068571,0.99499345,0.002856641
1586.0211139375447,1586.0211139375447,0.99585253,0.0028583163
1586.0225028064015,1586.0225028064015,0.9961121,0.0028717015
1586.0238916753756,1586.0238916753756,0.9971259,0.002860658
1586.0252805442333,1586.0252805442333,0.99823976,0.0028548527
1586.0266694130905,1586.0266694130905,0.9913012,0.0028576932
1586.0280582820637,1586.0280582820637,0.996245,0.0028571573
1586.029447150921,1586.029447150921,0.9952667,0.0028517805
1586.0308360198942,1586.0308360198942,0.9938436,0.0028546823
1586.032224888752,1586.032224888752,0.99046594,0.0028643336
1586.0336137576096,1586.0336137576096,0.99808395,0.0028515817
1586.0350026265833,1586.0350026265833,0.99446297,0.002858421
1586.03639149544,1586.03639149544,0.99503726,0.0028544546
1586.0377803642964,1586.0377803642964,0.9940382,0.0028618518
1586.0391692332691,1586.0391692332691,0.99546224,0.002880553
1586.0405581021269,1586.0405581021269,0.99397945,0.0028701948
1586.0419469709846,1586.0419469709846,0.994101,0.0028548925
1586.0433358399578,1586.0433358399578,0.9948014,0.0028521966
1586.044724708815,1586.044724708815,0.9931678,0.0028590998
1586.0461135776718,1586.0461135776718,0.9937605,0.002856111
1586.0475024465295,1586.0475024465295,0.9931604,0.0028530348
1586.0488913155036,1586.0488913155036,0.988676,0.0028502282
1586.0502801843609,1586.0502801843609,0.9900592,0.002855142
1586.0516690532177,1586.0516690532177,0.99075764,0.002855316
1586.053057922075,1586.053057922075,0.99101657,0.002851219
1586.0544467910481,1586.0544467910481,0.9965552,0.0028541044
1586.0558356599058,1586.0558356599058,0.9946605,0.0028496447
1586.0572245287635,1586.0572245287635,0.9945951,0.002849542
1586.0586133976203,1586.0586133976203,0.9914777,0.002858081
1586.0600022664776,1586.0600022664776,0.9908382,0.0028616246
1586.0613911354508,1586.0613911354508,0.99245846,0.002850397
1586.0627800043085,1586.0627800043085,0.98934644,0.0028508815
1586.0641688731662,1586.0641688731662,0.9896951,0.0028597773
1586.0655577420234,1586.0655577420234,0.9900821,0.0028578923
1586.0669466108798,1586.0669466108798,0.99175954,0.0028479733
1586.068335479736,1586.068335479736,0.9894441,0.0028554145
1586.069724348593,1586.069724348593,0.9893185,0.0028511167
1586.071113217567,1586.071113217567,0.9872884,0.0028509474
1586.0725020864247,1586.0725020864247,0.9923021,0.0028479302
1586.073890955282,1586.073890955282,0.99032825,0.0028478676
1586.0752798241388,1586.0752798241388,0.9894355,0.0028463479
1586.0766686929958,1586.0766686929958,0.9894985,0.002846381
1586.0780575618533,1586.0780575618533,0.98997295,0.002854897
1586.079446430711,1586.079446430711,0.9927674,0.0028496599
1586.0808352995682,1586.0808352995682,0.99242276,0.0028438054
1586.082224168425,1586.082224168425,0.9933127,0.0028443115
1586.0836130372822,1586.0836130372822,0.98787606,0.0028399618
1586.085001906139,1586.085001906139,0.98933893,0.0028424822
1586.0863907749967,1586.0863907749967,0.9899079,0.0028422596
1586.0877796438544,1586.0877796438544,0.9876935,0.0028561882
1586.0891685127117,1586.0891685127117,0.9897131,0.0028388835
1586.0905573815685,1586.0905573815685,0.9884692,0.0028393993
1586.0919462504257,1586.0919462504257,0.9905964,0.002842281
1586.0933351192834,1586.0933351192834,0.9895221,0.0028367387
1586.0947239881411,1586.0947239881411,0.98721164,0.0028375424
1586.0961128568808,1586.0961128568808,0.9918373,0.0028410868
1586.097501725737,1586.097501725737,0.9863185,0.0028341857
1586.0988905945942,1586.0988905945942,0.98857266,0.0028371976
1586.100279463451,1586.100279463451,0.9926573,0.0028396714
1586.1016683323087,1586.1016683323087,0.99129474,0.0028432498
1586.1030572011664,1586.1030572011664,0.9875096,0.0028361182
1586.1044460700236,1586.1044460700236,0.98745567,0.002836191
1586.1058349388804,1586.1058349388804,0.98753196,0.0028347368
1586.1072238076213,1586.1072238076213,0.9864393,0.0028321717
1586.108612676479,1586.108612676479,0.98794615,0.002837523
1586.1100015453367,1586.1100015453367,0.9879299,0.0028396887
1586.1113904141935,1586.1113904141935,0.9904028,0.0028344493
1586.1127792830507,1586.1127792830507,0.9900306,0.002836526
1586.114168151791,1586.114168151791,0.9910248,0.0028372612
1586.1155570206483,1586.1155570206483,0.99099785,0.0028430782
1586.1169458895058,1586.1169458895058,0.98728,0.0028387688
1586.1183347583633,1586.1183347583633,0.9870257,0.002845131
1586.1197236271041,1586.1197236271041,0.99052,0.002836564
1586.121112495961,1586.121112495961,0.9917078,0.0028341482
1586.1225013648182,1586.1225013648182,0.99340665,0.002834376
1586.1238902336759,1586.1238902336759,0.98939174,0.0028392323
1586.1252791024172,1586.1252791024172,0.98736507,0.0028325578
1586.1266679712735,1586.1266679712735,0.98897994,0.002831879
1586.1280568401298,1586.1280568401298,0.98978084,0.002831677
1586.1294457088702,1586.1294457088702,0.98919386,0.0028332877
1586.1308345777275,1586.1308345777275,0.98980457,0.0028321047
1586.1322234465852,1586.1322234465852,0.9902783,0.002831521
1586.1336123153264,1586.1336123153264,0.9895636,0.0028296905
1586.1350011841832,1586.1350011841832,0.9898493,0.002832077
1586.1363900529238,1586.1363900529238,0.98905,0.0028309661
1586.1377789217809,1586.1377789217809,0.9894561,0.0028280918
1586.1391677906386,1586.1391677906386,0.98937494,0.0028417574
1586.1405566593799,1586.1405566593799,0.9894303,0.0028329424
1586.1419455282366,1586.1419455282366,0.98843664,0.002825797
1586.1433343969775,1586.1433343969775,0.9857744,0.0028298588
1586.1447232658343,1586.1447232658343,0.9862462,0.0028254557
1586.146112134575,1586.146112134575,0.989902,0.002826925
1586.1475010034328,1586.1475010034328,0.99132353,0.002826273
1586.1488898722905,1586.1488898722905,0.9890808,0.0028393762
1586.150278741031,1586.150278741031,0.99019593,0.0028291375
1586.1516676098881,1586.1516676098881,0.99167454,0.0028271892
1586.1530564786285,1586.1530564786285,0.9872961,0.0028259351
1586.1544453474862,1586.1544453474862,0.99036753,0.0028357378
1586.1558342162268,1586.1558342162268,0.98956394,0.0028253826
1586.1572230849665,1586.1572230849665,0.9946425,0.0028345825
1586.1586119538238,1586.1586119538238,0.99292797,0.0028268583
1586.1600008225641,1586.1600008225641,0.993886,0.0028269978
1586.1613896914214,1586.1613896914214,0.9942023,0.0028267407
1586.1627785601627,1586.1627785601627,0.9937938,0.0028281254
1586.1641674290204,1586.1641674290204,0.9957259,0.0028283044
1586.1655562977608,1586.1655562977608,0.9902502,0.0028244646
1586.1669451665016,1586.1669451665016,0.9930249,0.0028232113
1586.1683340353584,1586.1683340353584,0.99156386,0.0028283196
1586.1697229040997,1586.1697229040997,0.9897655,0.002836493
1586.171111772841,1586.171111772841,0.9905244,0.0028272667
1586.1725006416982,1586.1725006416982,0.9902073,0.0028281028
1586.1738895104386,1586.1738895104386,0.9955019,0.002827363
1586.1752783791794,1586.1752783791794,0.9881641,0.0028239083
1586.1766672480362,1586.1766672480362,0.9905109,0.0028252865
1586.1780561167775,1586.1780561167775,0.9889807,0.0028238415
1586.1794449855188,1586.1794449855188,0.9908681,0.0028245277
1586.1808338543756,1586.1808338543756,0.9914878,0.0028480205
1586.1822227231164,1586.1822227231164,0.99059135,0.0028508718
1586.1836115918568,1586.1836115918568,0.9934689,0.0028409993
1586.1850004605967,1586.1850004605967,0.98918945,0.002823625
1586.186389329454,1586.186389329454,0.988359,0.002828746
1586.1877781981952,1586.1877781981952,0.988526,0.0028223493
1586.1891670669356,1586.1891670669356,0.99111104,0.0028264055
1586.1905559356765,1586.1905559356765,0.9921623,0.002821648
1586.1919448045333,1586.1919448045333,0.98884654,0.0028224753
1586.1933336732745,1586.1933336732745,0.9910485,0.002821458
1586.1947225420158,1586.1947225420158,0.9856101,0.0028203034
1586.1961114107564,1586.1961114107564,0.99047214,0.002823514
1586.197500279497,1586.197500279497,0.98853743,0.002821192
1586.1988891482374,1586.1988891482374,0.98940355,0.0028298832
1586.2002780169782,1586.2002780169782,0.9880431,0.0028197356
1586.201666885836,1586.201666885836,0.9875296,0.0028229984
1586.2030557545772,1586.2030557545772,0.9898616,0.0028202494
1586.2044446233176,1586.2044446233176,0.98833793,0.0028330418
1586.2058334920584,1586.2058334920584,0.98481077,0.0028142272
1586.2072223607988,1586.2072223607988,0.9892327,0.0028203162
1586.20861122954,1586.20861122954,0.9894355,0.002822456
1586.2100000982814,1586.2100000982814,0.9900238,0.0028206205
1586.2113889670222,1586.2113889670222,0.9872978,0.0028178087
1586.2127778357626,1586.2127778357626,0.9894772,0.002829394
1586.2141667045025,1586.2141667045025,0.9858369,0.0028207202
1586.2155555732425,1586.2155555732425,0.99064094,0.0028192787
1586.2169444419837,1586.2169444419837,0.99017054,0.002820335
1586.218333310725,1586.218333310725,0.99116176,0.0028211882
1586.2197221794654,1586.2197221794654,0.98952633,0.0028153
1586.2211110482062,1586.2211110482062,0.99144727,0.0028169972
1586.2224999169466,1586.2224999169466,0.9911722,0.0028197106
1586.223888785688,1586.223888785688,0.9909659,0.0028181768
1586.2252776544292,1586.2252776544292,0.9906498,0.00281976
1586.22666652317,1586.22666652317,0.99187005,0.002818928
1586.2280553919104,1586.2280553919104,0.9912118,0.0028369087
1586.2294442606512,1586.2294442606512,0.9889018,0.0028289105
1586.2308331293916,1586.2308331293916,0.9906126,0.0028206608
1586.232221998133,1586.232221998133,0.99293655,0.0028164247
1586.2336108668742,1586.2336108668742,0.99357826,0.002820261
1586.2349997354986,1586.2349997354986,0.99139327,0.0028160017
1586.236388604239,1586.236388604239,0.99384236,0.0028170724
1586.2377774729794,1586.2377774729794,0.9913221,0.002816144
1586.2391663417206,1586.2391663417206,0.9916447,0.0028147472
1586.240555210462,1586.240555210462,0.99360514,0.0028168987
1586.2419440792028,1586.2419440792028,0.9883182,0.0028223274
1586.2433329478263,1586.2433329478263,0.9909412,0.0028140966
1586.2447218165662,1586.2447218165662,0.9888568,0.0028216466
1586.2461106853066,1586.2461106853066,0.9905142,0.0028188627
1586.2474995540479,1586.2474995540479,0.9888964,0.0028161418
1586.2488884227892,1586.2488884227892,0.9889339,0.0028321177
1586.2502772914136,1586.2502772914136,0.9882115,0.0028158438
1586.251666160154,1586.251666160154,0.9917828,0.0028218136
1586.2530550288948,1586.2530550288948,0.9903407,0.0028255163
1586.254443897636,1586.254443897636,0.9925892,0.002817496
1586.255832766261,1586.255832766261,0.9931899,0.0028178007
1586.2572216350013,1586.2572216350013,0.9898151,0.0028299985
1586.2586105037417,1586.2586105037417,0.991315,0.0028144387
1586.259999372366,1586.259999372366,0.99285746,0.0028149695
1586.2613882411065,1586.2613882411065,0.9894097,0.0028095203
1586.2627771098478,1586.2627771098478,0.9925304,0.0028145686
1586.2641659784726,1586.2641659784726,0.9878523,0.0028129553
1586.2655548472135,1586.2655548472135,0.99357957,0.0028311133
1586.2669437159539,1586.2669437159539,0.9936795,0.0028139576
1586.2683325845783,1586.2683325845783,0.9895834,0.002812558
1586.2697214533196,1586.2697214533196,0.9887748,0.0028153276
1586.2711103219435,1586.2711103219435,0.9886512,0.0028168967
1586.2724991906834,1586.2724991906834,0.98960114,0.0028234266
1586.2738880594243,1586.2738880594243,0.98899144,0.0028106598
1586.2752769280482,1586.2752769280482,0.9921831,0.0028252387
1586.2766657967886,1586.2766657967886,0.9891797,0.0028259098
1586.2780546654135,1586.2780546654135,0.9895068,0.0028187684
1586.2794435341548,1586.2794435341548,0.987666,0.002811131
1586.2808324027792,1586.2808324027792,0.99190193,0.0028240138
1586.2822212715196,1586.2822212715196,0.9960124,0.002812985
1586.283610140144,1586.283610140144,0.99131155,0.002812912
1586.2849990088853,1586.2849990088853,0.9914323,0.0028127583
1586.2863878775102,1586.2863878775102,0.9911468,0.0028117914
1586.2877767462505,1586.2877767462505,0.9900306,0.0028094165
1586.289165614875,1586.289165614875,0.993744,0.0028085003
1586.2905544836153,1586.2905544836153,0.99168515,0.00281027
1586.2919433522397,1586.2919433522397,0.99464065,0.0028236015
1586.2933322208646,1586.2933322208646,0.9904806,0.0028093415
1586.294721089606,1586.294721089606,0.9929335,0.002823931
1586.2961099582299,1586.2961099582299,0.9937971,0.0028175951
1586.2974988269705,1586.2974988269705,0.98867023,0.0028056367
1586.2988876955947,1586.2988876955947,0.99102724,0.0028110899
1586.3002765642186,1586.3002765642186,0.99304676,0.0028081757
1586.3016654329595,1586.3016654329595,0.9928668,0.0028126033
1586.3044431702078,1586.3044431702078,0.994628,0.0028085965
1586.3058320389482,1586.3058320389482,0.99195087,0.0028073287
1586.3072209075726,1586.3072209075726,0.9938848,0.0028106938
1586.3086097761975,1586.3086097761975,0.99397016,0.002812861
1586.3099986449388,1586.3099986449388,0.9869964,0.0028321159
1586.3113875135627,1586.3113875135627,0.9911486,0.0028112428
1586.3127763821872,1586.3127763821872,0.99083996,0.0028105266
1586.3141652508111,1586.3141652508111,0.9877292,0.002812259
1586.3155541195524,1586.3155541195524,0.9887558,0.0028175218
1586.3169429881773,1586.3169429881773,0.9932112,0.0028087154
1586.3183318568013,1586.3183318568013,0.9911978,0.0028195635
1586.3197207254257,1586.3197207254257,0.9930548,0.0028061937
1586.321109594166,1586.321109594166,0.99093735,0.0028090505
1586.3224984627905,1586.3224984627905,0.9925454,0.0028084223
1586.3238873314153,1586.3238873314153,0.9897977,0.002811034
1586.3252762000402,1586.3252762000402,0.99060464,0.0028108952
1586.3266650686642,1586.3266650686642,0.9920797,0.0028043885
1586.3280539372886,1586.3280539372886,0.9923385,0.0028079394
1586.3294428060285,1586.3294428060285,0.98790187,0.0028067732
1586.3308316746525,1586.3308316746525,0.98820525,0.0028048665
1586.3322205432773,1586.3322205432773,0.9958028,0.0028110025
1586.3336094119018,1586.3336094119018,0.990463,0.0028040607
1586.3349982805257,1586.3349982805257,0.994204,0.002811376
1586.33638714915,1586.33638714915,0.9914404,0.0028076605
1586.337776017774,1586.337776017774,0.99275565,0.0028056884
1586.339164886399,1586.339164886399,0.99629456,0.002805397
1586.3405537550238,1586.3405537550238,0.9939427,0.0028052921
1586.3419426236478,1586.3419426236478,0.9939767,0.0028052423
1586.3433314922722,1586.3433314922722,0.9937519,0.0028102084
1586.3447203608962,1586.3447203608962,0.99555564,0.0028179546
1586.346109229637,1586.346109229637,0.99601614,0.002806974
1586.347498098262,1586.347498098262,0.99691486,0.0028221514
1586.3488869667704,1586.3488869667704,0.9957205,0.0028075033
1586.3502758353943,1586.3502758353943,0.9927102,0.0028132116
1586.3516647040187,1586.3516647040187,0.99504584,0.0028190892
1586.3530535726427,1586.3530535726427,0.99731433,0.002804333
1586.3544424412676,1586.3544424412676,0.9935614,0.0028134505
1586.3558313098924,1586.3558313098924,0.9931486,0.002805875
1586.357220178516,1586.357220178516,0.99144,0.0028040286
1586.3586090471395,1586.3586090471395,0.9961467,0.002806059
1586.3599979157634,1586.3599979157634,0.99401635,0.0028155101
1586.3613867843878,1586.3613867843878,0.99061954,0.0028022493
1586.3627756530127,1586.3627756530127,0.9971727,0.0028106046
1586.3641645216376,1586.3641645216376,0.9943413,0.0028046728
1586.3655533902615,1586.3655533902615,0.992977,0.002801395
1586.3669422587695,1586.3669422587695,0.99547046,0.0028065147
1586.3683311273935,1586.3683311273935,0.99430764,0.002806426
1586.3697199960184,1586.3697199960184,0.99220526,0.0028019112
1586.3711088646432,1586.3711088646432,0.9953238,0.0028036544
1586.3724977332677,1586.3724977332677,0.9944562,0.0028051662
1586.3738866017752,1586.3738866017752,0.99401426,0.0028149122
1586.3752754703996,1586.3752754703996,0.99457943,0.0028082954
1586.3766643390236,1586.3766643390236,0.9948218,0.0028022386
1586.3780532076485,1586.3780532076485,0.99125665,0.002800107
1586.3794420762733,1586.3794420762733,0.99517184,0.002800813
1586.3808309447809,1586.3808309447809,0.99495,0.0027998546
1586.3822198134053,1586.3822198134053,1.0006161,0.002800817
1586.3836086820293,1586.3836086820293,0.9938035,0.002800325
1586.3849975505377,1586.3849975505377,0.994069,0.0028016458
1586.3863864191621,1586.3863864191621,0.9944334,0.0027987987
1586.3877752877856,1586.3877752877856,0.9988348,0.002799558
1586.3891641564096,1586.3891641564096,0.99315476,0.0027967745
1586.3905530249176,1586.3905530249176,0.99569434,0.002807556
1586.3919418935416,1586.3919418935416,0.99978715,0.0027988846
1586.39333076205,1586.39333076205,0.99309295,0.0027942513
1586.396108499299,1586.396108499299,0.9929754,0.002794352
1586.3974973678069,1586.3974973678069,0.99342936,0.0027940425
1586.3988862364308,1586.3988862364308,0.9946094,0.0028068745
1586.4002751050557,1586.4002751050557,0.9935127,0.0027974213
1586.4016639735642,1586.4016639735642,0.9936346,0.002798214
1586.4030528421886,1586.4030528421886,0.99715304,0.0027974013
1586.4044417106961,1586.4044417106961,0.99995303,0.0028119574
1586.4058305793205,1586.4058305793205,0.99504185,0.0027975286
1586.407219447828,1586.407219447828,0.99680644,0.0027961135
1586.408608316453,1586.408608316453,0.99425423,0.002804058
1586.4099971849614,1586.4099971849614,0.9959808,0.0027954262
1586.4113860535858,1586.4113860535858,0.993992,0.0027983976
1586.4127749220934,1586.4127749220934,0.9964607,0.0028022765
1586.4141637907169,1586.4141637907169,0.9930661,0.00279519
1586.4155526592249,1586.4155526592249,0.99561054,0.0028052265
1586.4169415278495,1586.4169415278495,0.9943776,0.002797457
1586.4183303963573,1586.4183303963573,0.99488306,0.0028062367
1586.4197192649813,1586.4197192649813,0.99868435,0.0027976774
1586.4211081334893,1586.4211081334893,0.99475616,0.0027942953
1586.4224970019968,1586.4224970019968,0.99939334,0.0028030423
1586.4238858706217,1586.4238858706217,0.99918896,0.002794333
1586.4252747391301,1586.4252747391301,1.001699,0.0027931023
1586.4266636077546,1586.4266636077546,0.99803454,0.0027935042
1586.428052476262,1586.428052476262,0.99906147,0.0027968078
1586.42944134477,1586.42944134477,0.9966494,0.002809671
1586.430830213395,1586.430830213395,0.9941866,0.0028014467
1586.4322190819034,1586.4322190819034,0.992939,0.0027941123
1586.433607950411,1586.433607950411,0.9946591,0.0027931067
1586.4349968190354,1586.4349968190354,0.9932738,0.002792721
1586.436385687543,1586.436385687543,0.99913794,0.0027920706
1586.4377745560505,1586.4377745560505,0.999257,0.0027940443
1586.439163424559,1586.439163424559,0.9996483,0.00279351
1586.4405522931838,1586.4405522931838,0.9983234,0.0027932476
1586.4419411616918,1586.4419411616918,0.99703854,0.0027939698
1586.443330030199,1586.443330030199,0.9986459,0.002796527
1586.444718898706,1586.444718898706,0.9963269,0.0027916348
1586.446107767331,1586.446107767331,1.0027012,0.0028127593
1586.4474966358393,1586.4474966358393,0.99892116,0.0027909153
1586.448885504347,1586.448885504347,0.99886245,0.0028049063
1586.450274372855,1586.450274372855,0.99747765,0.002803232
1586.4516632413624,1586.4516632413624,0.9979774,0.002791836
1586.4530521099869,1586.4530521099869,0.99566704,0.0027915847
1586.4544409784953,1586.4544409784953,0.9976276,0.0027939647
1586.4558298470038,1586.4558298470038,1.0003474,0.0027937014
1586.4572187155113,1586.4572187155113,1.0001067,0.0027902501
1586.4586075840189,1586.4586075840189,0.9993071,0.0027911
1586.4599964525269,1586.4599964525269,1.0009526,0.0027945444
1586.4613853210353,1586.4613853210353,1.0005751,0.0027912636
1586.4627741896602,1586.4627741896602,0.99980223,0.0028066996
1586.4641630581677,1586.4641630581677,0.9963842,0.002794951
1586.4655519266757,1586.4655519266757,0.9988647,0.0027895398
1586.4669407951833,1586.4669407951833,0.9999069,0.0027909104
1586.4683296636913,1586.4683296636913,1.0012652,0.0027890054
1586.4697185321997,1586.4697185321997,1.0006542,0.0027953386
1586.4711074007073,1586.4711074007073,0.9969715,0.0027983575
1586.4724962692144,1586.4724962692144,0.9976265,0.0027870047
1586.4738851377224,1586.4738851377224,0.9991002,0.0027949128
1586.47527400623,1586.47527400623,0.99781317,0.0027993952
1586.4766628747384,1586.4766628747384,1.0012734,0.002791818
1586.4780517432469,1586.4780517432469,1.0014774,0.0027880517
1586.4794406117544,1586.4794406117544,1.0013325,0.002811181
1586.4808294802624,1586.4808294802624,1.0007983,0.0027902394
1586.48221834877,1586.48221834877,1.0038835,0.0027922043
1586.483607217278,1586.483607217278,1.0007187,0.0027914513
1586.48499608567,1586.48499608567,1.0024859,0.002796937
1586.4863849541784,1586.4863849541784,0.99902505,0.0027917016
1586.487773822686,1586.487773822686,1.0057129,0.0027926
1586.489162691194,1586.489162691194,1.0041516,0.0027935603
1586.4905515597015,1586.4905515597015,0.99815494,0.0028012057
1586.4919404282095,1586.4919404282095,1.0056742,0.0027952043
1586.493329296718,1586.493329296718,1.0041022,0.0027903852
1586.4947181652265,1586.4947181652265,1.0030476,0.0027867893
1586.4961070336176,1586.4961070336176,1.0067687,0.0027923759
1586.4974959021254,1586.4974959021254,1.0024195,0.0027949666
1586.4988847706322,1586.4988847706322,1.0043595,0.0027885006
1586.5002736391402,1586.5002736391402,0.9997434,0.002790953
1586.5016625076487,1586.5016625076487,1.0048991,0.0027893372
1586.5030513760398,1586.5030513760398,1.0107802,0.002795705
1586.5044402445478,1586.5044402445478,1.0062357,0.002793033
1586.5058291130554,1586.5058291130554,1.0074999,0.0027911386
1586.5072179815634,1586.5072179815634,1.0080853,0.0027929186
1586.5086068499554,1586.5086068499554,1.0047125,0.00279327
1586.5099957184639,1586.5099957184639,1.0034658,0.0027941028
1586.5113845869714,1586.5113845869714,1.0045482,0.0027909828
1586.512773455363,1586.512773455363,1.006547,0.0027895381
1586.5141623238706,1586.5141623238706,1.0099995,0.002792558
1586.515551192379,1586.515551192379,1.0024831,0.0027866461
1586.516940060771,1586.516940060771,1.0034466,0.0027872887
1586.5183289292786,1586.5183289292786,1.0058584,0.002794422
1586.5197177977866,1586.5197177977866,1.0028536,0.002788592
1586.5211066661777,1586.5211066661777,1.009702,0.0027896347
1586.5224955346857,1586.5224955346857,1.0072701,0.0027881525
1586.5238844030778,1586.5238844030778,1.0093685,0.0028073476
1586.5252732715862,1586.5252732715862,1.0074643,0.0027863323
1586.5266621400938,1586.5266621400938,1.0007547,0.0027849248
1586.5280510084845,1586.5280510084845,1.0043097,0.0027990846
1586.5294398769915,1586.5294398769915,1.0060426,0.0027894836
1586.5308287453836,1586.5308287453836,1.0033811,0.0027872997
1586.532217613892,1586.532217613892,1.0029626,0.002790449
1586.5336064822836,1586.5336064822836,1.0042614,0.0027883619
1586.5349953507912,1586.5349953507912,1.0061619,0.0027917216
1586.5363842191825,1586.5363842191825,1.0027199,0.0027999317
1586.5377730876903,1586.5377730876903,1.0048306,0.0027885942
1586.5391619560824,1586.5391619560824,1.0047691,0.002788262
1586.5405508245908,1586.5405508245908,1.005203,0.0027879695
1586.541939692982,1586.541939692982,1.0030144,0.0027878429
1586.54332856149,1586.54332856149,1.0048456,0.0027954748
1586.544717429881,1586.544717429881,1.0074105,0.002791101
1586.5461062982731,1586.5461062982731,1.0053319,0.0027866536
1586.5474951667816,1586.5474951667816,1.0021234,0.0027877076
1586.5488840351732,1586.5488840351732,1.0040481,0.0027868028
1586.5502729036807,1586.5502729036807,0.9994302,0.002784335
1586.5516617720723,1586.5516617720723,1.0035793,0.0027865462
1586.5530506404634,1586.5530506404634,1.005213,0.0027853695
1586.5544395089719,1586.5544395089719,1.0085791,0.0027912848
1586.5558283773632,1586.5558283773632,1.0061458,0.0027868426
1586.5572172457537,1586.5572172457537,1.0096667,0.002789109
1586.5586061142617,1586.5586061142617,1.0037035,0.0027878557
1586.5599949826528,1586.5599949826528,1.0045822,0.0028021296
1586.5613838510449,1586.5613838510449,1.0066713,0.002784424
1586.5627727195533,1586.5627727195533,1.0012745,0.0027878324
1586.564161587945,1586.564161587945,1.0053194,0.0027845502
1586.565550456336,1586.565550456336,1.0069399,0.0027890045
1586.5669393247276,1586.5669393247276,1.0061326,0.002796959
1586.5683281932352,1586.5683281932352,1.01363,0.0027900906
1586.5697170616272,1586.5697170616272,1.0118595,0.0027907845
1586.5711059300193,1586.5711059300193,1.0077406,0.0027868813
1586.5724947984108,1586.5724947984108,1.011868,0.0027870133
1586.573883666802,1586.573883666802,1.0074432,0.00278696
1586.57527253531,1586.57527253531,1.0052664,0.0027831316
1586.5766614037018,1586.5766614037018,1.0051872,0.0027820521
1586.5780502720936,1586.5780502720936,1.0077037,0.002786484
1586.5794391404852,1586.5794391404852,1.0071441,0.0027879875
1586.5808280088763,1586.5808280088763,1.0070606,0.0027855223
1586.582216877268,1586.582216877268,1.0047919,0.002787844
1586.583605745775,1586.583605745775,1.0073576,0.0027991778
1586.5849946141661,1586.5849946141661,1.0117525,0.0027867642
1586.5863834825582,1586.5863834825582,1.0030885,0.0027832177
1586.5877723509498,1586.5877723509498,1.0092028,0.0027878978
1586.589161219341,1586.589161219341,1.0059402,0.0027820854
1586.5905500877325,1586.5905500877325,1.0071846,0.0027966232
1586.5919389561245,1586.5919389561245,1.0104312,0.002796011
1586.5933278245166,1586.5933278245166,1.0090538,0.0027858142
1586.5947166929077,1586.5947166929077,1.0058683,0.0027926683
1586.596105561299,1586.596105561299,1.006967,0.002783273
1586.5974944296904,1586.5974944296904,1.0056124,0.002786468
1586.5988832980815,1586.5988832980815,1.0077882,0.0027847944
1586.6002721664736,1586.6002721664736,1.0067409,0.0027841295
1586.6016610348656,1586.6016610348656,1.0090896,0.0027827614
1586.6030499032572,1586.6030499032572,1.006189,0.0027833316
1586.6044387716483,1586.6044387716483,1.0098867,0.0027846398
1586.60582764004,1586.60582764004,1.0111233,0.0028002067
1586.607216508432,1586.607216508432,1.0078653,0.0027975333
1586.608605376824,1586.608605376824,1.0075006,0.0027927859
1586.6099942452151,1586.6099942452151,1.00904,0.0027904569
1586.6113831134894,1586.6113831134894,1.007948,0.0027919551
1586.61277198188,1586.61277198188,1.0063188,0.0027827001
1586.6141608502717,1586.6141608502717,1.0073893,0.002782973
1586.6155497186637,1586.6155497186637,1.0060402,0.0027955167
1586.6169385870555,1586.6169385870555,1.0039072,0.0027819802
1586.618327455447,1586.618327455447,1.0067806,0.0027814351
1586.6197163237216,1586.6197163237216,1.0112213,0.0027859162
1586.6211051921132,1586.6211051921132,1.0094693,0.0027871958
1586.6224940605052,1586.6224940605052,1.0140345,0.0027855607
1586.6238829288973,1586.6238829288973,1.008969,0.0027831327
1586.6252717972884,1586.6252717972884,1.010584,0.002786721
1586.6266606655636,1586.6266606655636,1.0083524,0.0027843597
1586.6280495339547,1586.6280495339547,1.0104302,0.0027849087
1586.6294384023463,1586.6294384023463,1.0080178,0.0027851088
1586.6308272707383,1586.6308272707383,1.0092133,0.002783818
1586.632216139014,1586.632216139014,1.0118232,0.0027863209
1586.633605007405,1586.633605007405,1.0124476,0.0027847968
1586.6349938757967,1586.6349938757967,1.0191772,0.0027950169
1586.6363827440714,1586.6363827440714,1.0132575,0.0027981978
1586.6377716124634,1586.6377716124634,1.0155743,0.0027885856
1586.6391604808546,1586.6391604808546,1.0084738,0.0027808906
1586.6405493491288,1586.6405493491288,1.0087471,0.0028078312
1586.6419382175204,1586.6419382175204,1.0121919,0.0027850613
1586.6433270859116,1586.6433270859116,1.0095991,0.0027883132
1586.6447159541867,1586.6447159541867,1.0110248,0.0027870787
1586.6461048225788,1586.6461048225788,1.0116502,0.002782662
1586.6474936908544,1586.6474936908544,1.0100102,0.0027870575
1586.6488825592455,1586.6488825592455,1.0072156,0.0027986434
1586.650271427637,1586.650271427637,1.0095446,0.0027810475
1586.6516602959118,1586.6516602959118,1.0089406,0.002786667
1586.6530491643034,1586.6530491643034,1.011171,0.0027841912
1586.654438032579,1586.654438032579,1.011791,0.0027807194
1586.655826900971,1586.655826900971,1.010773,0.002793092
1586.6572157692458,1586.6572157692458,1.0142063,0.0027859923
1586.658604637637,1586.658604637637,1.0120665,0.002791495
1586.659993505912,1586.659993505912,1.0097086,0.0027854075
1586.6613823743041,1586.6613823743041,1.0142002,0.002783347
1586.6627712425798,1586.6627712425798,1.0092176,0.0027814552
1586.664160110971,1586.664160110971,1.0095412,0.002781591
1586.665548979246,1586.665548979246,1.0107738,0.0027834026
1586.6669378475203,1586.6669378475203,1.0096323,0.002782725
1586.668326715911,1586.668326715911,1.0098411,0.0027815273
1586.6697155841866,1586.6697155841866,1.0130383,0.002792716
1586.6711044525787,1586.6711044525787,1.009095,0.002794394
1586.6724933208534,1586.6724933208534,1.0116647,0.0027861362
1586.6738821891286,1586.6738821891286,1.0109707,0.002794838
1586.6752710575197,1586.6752710575197,1.0090919,0.0027824147
1586.6766599257953,1586.6766599257953,1.0117553,0.0027851446
1586.678048794071,1586.678048794071,1.0127469,0.0028039445
1586.679437662462,1586.679437662462,1.0090325,0.0027846708
1586.6808265307372,1586.6808265307372,1.008469,0.002791347
1586.682215399012,1586.682215399012,1.0107617,0.0027793853
1586.6836042674036,1586.6836042674036,1.0122775,0.0027829055
1586.6849931356792,1586.6849931356792,1.011327,0.002791128
1586.6863820039548,1586.6863820039548,1.00967,0.0027813683
1586.6877708722295,1586.6877708722295,1.01428,0.0027826407
1586.689159740621,1586.689159740621,1.0131152,0.0027832692
1586.6905486088958,1586.6905486088958,1.010539,0.0027845264
1586.6919374771715,1586.6919374771715,1.011557,0.00278305
1586.693326345447,1586.693326345447,1.0141351,0.0027834608
1586.6947152138378,1586.6947152138378,1.0148929,0.0027849693
1586.696104082112,1586.696104082112,1.0155745,0.0027890266
1586.6974929503867,1586.6974929503867,1.010716,0.002790025
1586.698881818662,1586.698881818662,1.0076319,0.0028056002
1586.7002706869375,1586.7002706869375,1.0120863,0.0027886138
1586.7016595552132,1586.7016595552132,1.0125653,0.0027840592
1586.7030484236043,1586.7030484236043,1.0152098,0.00278684
1586.7044372918795,1586.7044372918795,1.0159912,0.0027839378
1586.7058261601542,1586.7058261601542,1.0131766,0.0027801737
1586.7072150284298,1586.7072150284298,1.0162408,0.0027849157
1586.7086038967054,1586.7086038967054,1.0113852,0.002782286
1586.7099927649806,1586.7099927649806,1.0146277,0.0027857549
1586.7113816332553,1586.7113816332553,1.0173186,0.0027820456
1586.7127705015305,1586.7127705015305,1.0160317,0.0027808358
1586.7141593698052,1586.7141593698052,1.0132142,0.002798461
1586.7155482380808,1586.7155482380808,1.0134524,0.0027920355
1586.7169371063565,1586.7169371063565,1.0121824,0.0027916166
1586.7183259746312,1586.7183259746312,1.0145427,0.0027780435
1586.7197148429063,1586.7197148429063,1.0151751,0.0027884657
1586.7211037111806,1586.7211037111806,1.0131835,0.0027795937
1586.7224925794553,1586.7224925794553,1.0145276,0.0027815246
1586.723881447731,1586.723881447731,1.0091869,0.0027792794
1586.7252703160061,1586.7252703160061,1.0154642,0.0027939472
1586.7266591842808,1586.7266591842808,1.0126939,0.0027781304
1586.728048052556,1586.728048052556,1.0127382,0.002779862
1586.7294369208307,1586.7294369208307,1.0129323,0.0027826582
1586.7308257891063,1586.7308257891063,1.0148784,0.0027860287
1586.732214657382,1586.732214657382,1.0126818,0.0027788726
1586.7336035255407,1586.7336035255407,1.0133245,0.0027797949
1586.7349923938154,1586.7349923938154,1.0180475,0.0027825348
1586.7363812620904,1586.7363812620904,1.0136374,0.0027766963
1586.7377701303658,1586.7377701303658,1.0168962,0.0027774847
1586.7391589986414,1586.7391589986414,1.0082597,0.0027754626
1586.7405478669166,1586.7405478669166,1.010114,0.002776635
1586.741936735075,1586.741936735075,1.0166702,0.0027770312
1586.74332560335,1586.74332560335,1.0134732,0.0027805676
1586.7447144716248,1586.7447144716248,1.0159413,0.0027774794
1586.7461033399004,1586.7461033399004,1.0139363,0.0027850599
1586.747492208176,1586.747492208176,1.0142152,0.0027778982
1586.7488810763339,1586.7488810763339,1.0136514,0.0027820454
1586.7502699446081,1586.7502699446081,1.0105896,0.002783183
1586.7516588128833,1586.7516588128833,1.0165379,0.0027780295
1586.7530476810425,1586.7530476810425,1.0142381,0.0027843693
1586.7544365493181,1586.7544365493181,1.0160087,0.0027839502
1586.7558254175929,1586.7558254175929,1.0152361,0.002775707
1586.7572142857512,1586.7572142857512,1.0135814,0.0027863162
1586.7586031540263,1586.7586031540263,1.0138415,0.0027856224
1586.759992022301,1586.759992022301,1.0150734,0.002780432
1586.7613808904603,1586.7613808904603,1.0156378,0.0027790398
1586.7627697587359,1586.7627697587359,1.0129148,0.0027756556
1586.764158627011,1586.764158627011,1.0129509,0.0027793653
1586.7655474951694,1586.7655474951694,1.0148689,0.002775899
1586.7669363634445,1586.7669363634445,1.0155324,0.0027775387
1586.7683252316037,1586.7683252316037,1.01308,0.0027754419
1586.7697140998794,1586.7697140998794,1.0172545,0.0027777175
1586.771102968154,1586.771102968154,1.0130335,0.0027760689
1586.7724918363128,1586.7724918363128,1.0109459,0.002778019
1586.7738807045876,1586.7738807045876,1.0200378,0.002788499
1586.775269572746,1586.775269572746,1.0171053,0.0027744505
1586.776658441021,1586.776658441021,1.0150158,0.0027805204
1586.7780473091793,1586.7780473091793,1.0173569,0.002777604
1586.7794361774545,1586.7794361774545,1.0150758,0.0027766794
1586.7808250456128,1586.7808250456128,1.0169687,0.0027749357
1586.782213913888,1586.782213913888,1.0183814,0.002780401
1586.7836027820472,1586.7836027820472,1.0140947,0.002777966
1586.7849916503228,1586.7849916503228,1.0161625,0.0027784428
1586.786380518481,1586.786380518481,1.0155236,0.0027750232
1586.7877693866399,1586.7877693866399,1.0148258,0.0027829744
1586.7891582549146,1586.7891582549146,1.0143298,0.0027763518
1586.7905471230733,1586.7905471230733,1.0155053,0.002781707
1586.791935991349,1586.791935991349,1.0123185,0.002776708
1586.7933248595082,1586.7933248595082,1.0165529,0.0027735047
1586.7947137276665,1586.7947137276665,1.0159149,0.0027898625
1586.7961025959414,1586.7961025959414,1.0163985,0.0027750155
1586.7974914641,1586.7974914641,1.0147791,0.002771805
1586.7988803322582,1586.7988803322582,1.0121307,0.0027699387
1586.8002692005339,1586.8002692005339,1.0140046,0.0027755157
1586.801658068693,1586.801658068693,1.0107414,0.0027729587
1586.803046936851,1586.803046936851,1.0108712,0.002774571
1586.8044358050088,1586.8044358050088,1.0130731,0.0027781266
1586.805824673284,1586.805824673284,1.0128527,0.0027735713
1586.8072135414432,1586.8072135414432,1.0148793,0.0027735084
1586.8086024096024,1586.8086024096024,1.0147781,0.0027853735
1586.8099912777607,1586.8099912777607,1.0164194,0.0027752793
1586.8113801460358,1586.8113801460358,1.0151635,0.0027748176
1586.8127690141941,1586.8127690141941,1.0124635,0.0027806424
1586.814157882353,1586.814157882353,1.0189528,0.0028017014
1586.8155467505119,1586.8155467505119,1.0149549,0.0027798961
1586.8169356186709,1586.8169356186709,1.0145768,0.002777288
1586.818324486946,1586.818324486946,1.0148518,0.002770498
1586.8197133551043,1586.8197133551043,1.0114113,0.0027712907
1586.821102223263,1586.821102223263,1.0180472,0.0027838899
1586.8224910914223,1586.8224910914223,1.0161148,0.0027802289
1586.8238799595815,1586.8238799595815,1.015276,0.0027750737
1586.8252688277398,1586.8252688277398,1.0163187,0.0027869719
1586.8266576958986,1586.8266576958986,1.0173856,0.0027763261
1586.8280465640569,1586.8280465640569,1.0175128,0.0027851046
1586.8294354322156,1586.8294354322156,1.0152136,0.0027716316
1586.8308243004903,1586.8308243004903,1.0160722,0.002771767
1586.832213168649,1586.832213168649,1.0197605,0.0027761366
1586.8336020368074,1586.8336020368074,1.0123445,0.0027727562
1586.834990904966,1586.834990904966,1.0147258,0.0027724546
1586.8363797731245,1586.8363797731245,1.0155057,0.0027750968
1586.8377686412837,1586.8377686412837,1.0095415,0.002772743
1586.8391575094429,1586.8391575094429,1.0142745,0.0027752116
1586.8405463776012,1586.8405463776012,1.0160295,0.0027720134
1586.84193524576,1586.84193524576,1.0159669,0.0027864429
1586.8433241138018,1586.8433241138018,1.0106388,0.0027746137
1586.8447129819606,1586.8447129819606,1.0114857,0.0027702157
1586.8461018501198,1586.8461018501198,1.0133978,0.0027763508
1586.847490718279,1586.847490718279,1.0155255,0.0027772973
1586.8488795864373,1586.8488795864373,1.0178047,0.0027716444
1586.850268454596,1586.850268454596,1.0162162,0.0027703082
1586.8516573227544,1586.8516573227544,1.0164597,0.0027698884
1586.8530461909136,1586.8530461909136,1.0186431,0.0027732996
1586.8544350590728,1586.8544350590728,1.0150231,0.0027724728
1586.855823927115,1586.855823927115,1.0183594,0.0027686192
1586.8572127952725,1586.8572127952725,1.0177506,0.0027726411
1586.8586016634304,1586.8586016634304,1.0118498,0.0027695328
1586.8599905315891,1586.8599905315891,1.0146858,0.0027791988
1586.8613793997483,1586.8613793997483,1.0171719,0.0027847595
1586.8627682679075,1586.8627682679075,1.0174326,0.0027699438
1586.8641571359494,1586.8641571359494,1.0099404,0.0027761713
1586.8655460041082,1586.8655460041082,1.0118518,0.0027679582
1586.8669348722665,1586.8669348722665,1.0145353,0.0027714027
1586.8683237404257,1586.8683237404257,1.0115455,0.0027759827
1586.8697126084685,1586.8697126084685,1.0137955,0.002770565
1586.8711014766272,1586.8711014766272,1.013149,0.002767988
1586.8724903447855,1586.8724903447855,1.0122162,0.0027847455
1586.873879212828,1586.873879212828,1.0150064,0.0027745224
1586.8752680809862,1586.8752680809862,1.0140039,0.0027855935
1586.8766569491454,1586.8766569491454,1.0153872,0.0027835732
1586.8780458171882,1586.8780458171882,1.016135,0.002785016
1586.8794346853465,1586.8794346853465,1.0145856,0.0027687934
1586.8808235535053,1586.8808235535053,1.0148468,0.002768503
1586.8822124215471,1586.8822124215471,1.013373,0.0027670315
1586.8836012897063,1586.8836012897063,1.0151101,0.0027736097
1586.8849901577487,1586.8849901577487,1.0145714,0.00277747
1586.8863790259065,1586.8863790259065,1.0149121,0.0027827367
1586.8877678940648,1586.8877678940648,1.0133337,0.0027711045
1586.8891567621072,1586.8891567621072,1.0123591,0.0027685377
1586.8905456302655,1586.8905456302655,1.0113924,0.0027798547
1586.8919344983083,1586.8919344983083,1.0163126,0.0027835395
1586.8933233664675,1586.8933233664675,1.0124089,0.002766752
1586.8947122345096,1586.8947122345096,1.0119613,0.0027686479
1586.8961011026681,1586.8961011026681,1.0127019,0.0027679077
1586.89748997071,1586.89748997071,1.0140464,0.0027687657
1586.8988788388692,1586.8988788388692,1.011751,0.0027649787
1586.900267706912,1586.900267706912,1.0111278,0.0027740009
1586.9016565750708,1586.9016565750708,1.0143801,0.0027676406
1586.9030454431127,1586.9030454431127,1.0142493,0.0027712246
1586.904434311155,1586.904434311155,1.0143257,0.0027720414
1586.9058231793133,1586.9058231793133,1.0135838,0.0027689352
1586.907212047356,1586.907212047356,1.0106895,0.002769722
1586.9086009155153,1586.9086009155153,1.0168,0.002778937
1586.9099897835576,1586.9099897835576,1.014872,0.0027680148
1586.911378651599,1586.911378651599,1.0120265,0.0027662097
1586.912767519757,1586.912767519757,1.0150785,0.0027694907
1586.9141563877997,1586.9141563877997,1.0121335,0.0027827646
1586.9155452558423,1586.9155452558423,1.01173,0.0027661473
1586.9169341240008,1586.9169341240008,1.0132313,0.0027697966
1586.9183229920427,1586.9183229920427,1.0143875,0.002775468
1586.919711860085,1586.919711860085,1.0119729,0.0027772922
1586.9211007282433,1586.9211007282433,1.0095989,0.0027787597
1586.9224895962861,1586.9224895962861,1.0137165,0.0027694071
1586.923878464329,1586.923878464329,1.0148286,0.0027671575
1586.9252673323713,1586.9252673323713,1.012326,0.0027644788
1586.9266562005296,1586.9266562005296,1.012719,0.0027662925
1586.928045068572,1586.928045068572,1.0136877,0.0027691391
1586.9294339366147,1586.9294339366147,1.0145239,0.0027738581
1586.9308228046575,1586.9308228046575,1.0138129,0.0027657098
1586.9322116728158,1586.9322116728158,1.0148512,0.0027741834
1586.9336005408582,1586.9336005408582,1.0136019,0.002768766
1586.9349894089,1586.9349894089,1.0125761,0.0027660541
1586.936378276942,1586.936378276942,1.011541,0.0027674006
1586.9377671449843,1586.9377671449843,1.0137303,0.0027667067
1586.9391560130261,1586.9391560130261,1.0158834,0.002783903
1586.9405448810685,1586.9405448810685,1.0131528,0.0027674395
1586.9419337492268,1586.9419337492268,1.0094551,0.002772012
1586.9433226172691,1586.9433226172691,1.0115252,0.0027647624
1586.944711485312,1586.944711485312,1.014224,0.0027676495
1586.9461003533547,1586.9461003533547,1.0114712,0.0027650963
1586.9474892213966,1586.9474892213966,1.014039,0.0027690555
1586.948878089439,1586.948878089439,1.0104913,0.002769955
1586.9502669574808,1586.9502669574808,1.0105616,0.002762643
1586.9516558255232,1586.9516558255232,1.0127256,0.0027659733
1586.953044693566,1586.953044693566,1.0098622,0.0027957833
1586.9544335616088,1586.9544335616088,1.0105778,0.0027651263
1586.9558224296507,1586.9558224296507,1.0127637,0.0027656201
1586.9572112976925,1586.9572112976925,1.0135331,0.0027723392
1586.9586001657349,1586.9586001657349,1.01032,0.0027626147
1586.9599890337768,1586.9599890337768,1.0122102,0.002772636
1586.9613779018196,1586.9613779018196,1.0109736,0.0027674688
1586.9627667698624,1586.9627667698624,1.0122575,0.0027677987
1586.9641556379047,1586.9641556379047,1.0097818,0.002775218
1586.9655445058297,1586.9655445058297,1.0126367,0.0027724137
1586.9669333738711,1586.9669333738711,1.0063,0.0027646192
1586.968322241914,1586.968322241914,1.0114672,0.0027809418
1586.9697111099567,1586.9697111099567,1.0086359,0.0027671347
1586.9710999779986,1586.9710999779986,1.0101562,0.0027671051
1586.972488846041,1586.972488846041,1.0109595,0.0027643908
1586.9738777140828,1586.9738777140828,1.0080125,0.0027640082
1586.9752665820083,1586.9752665820083,1.01486,0.002767551
1586.976655450051,1586.976655450051,1.0120279,0.002767722
1586.978044318094,1586.978044318094,1.0113007,0.0027742703
1586.9794331861362,1586.9794331861362,1.0085676,0.0027653126
1586.9808220541781,1586.9808220541781,1.0095079,0.0027634872
1586.982210922104,1586.982210922104,1.0115259,0.0027638397
1586.9835997901469,1586.9835997901469,1.0102904,0.0027801716
1586.9849886581896,1586.9849886581896,1.0078328,0.0027681545
1586.9863775262315,1586.9863775262315,1.006774,0.0027661782
1586.9877663941575,1586.9877663941575,1.0107642,0.0027646364
1586.9891552621993,1586.9891552621993,1.0099529,0.0027648036
1586.9905441302417,1586.9905441302417,1.012088,0.0027660138
1586.9919329981672,1586.9919329981672,1.0097374,0.002779642
1586.9933218662095,1586.9933218662095,1.0109382,0.002764333
1586.9947107342514,1586.9947107342514,1.010157,0.002762901
1586.9960996021769,1586.9960996021769,1.0119137,0.002767442
1586.9974884702192,1586.9974884702192,1.0077041,0.0027780945
1586.998877338262,1586.998877338262,1.0086403,0.0027755387
1587.0002662061884,1587.0002662061884,1.0092037,0.002766022
1587.0016550742303,1587.0016550742303,1.0112646,0.0027609451
1587.0030439421562,1587.0030439421562,1.0071845,0.0027725422
1587.004432810198,1587.004432810198,1.0080264,0.0027620045
1587.005821678124,1587.005821678124,1.0094334,0.0027757485
1587.0072105461668,1587.0072105461668,1.008239,0.002766473
1587.0085994140932,1587.0085994140932,1.009625,0.00275991
1587.009988282135,1587.009988282135,1.0086926,0.0027749764
1587.011377150061,1587.011377150061,1.0113474,0.0027620832
1587.0127660181029,1587.0127660181029,1.0129079,0.0027677794
1587.0141548860292,1587.0141548860292,1.0081009,0.0027648963
1587.015543754072,1587.015543754072,1.0106285,0.0027644075
1587.0169326219975,1587.0169326219975,1.007213,0.0027622075
1587.018321490039,1587.018321490039,1.0075932,0.002760157
1587.019710357964,1587.019710357964,1.0053583,0.0027595062
1587.0210992260063,1587.0210992260063,1.006483,0.0027617281
1587.0224880939327,1587.0224880939327,1.0075833,0.0027697526
1587.0238769619755,1587.0238769619755,1.0059484,0.0027621582
1587.025265829901,1587.025265829901,1.009735,0.0027630713
1587.0266546978269,1587.0266546978269,1.0048137,0.002757248
1587.0280435658688,1587.0280435658688,1.0062665,0.0027636765
1587.0294324337951,1587.0294324337951,1.0093086,0.0027702588
1587.0308213017215,1587.0308213017215,1.0057896,0.0027595167
1587.0322101697639,1587.0322101697639,1.0046861,0.0027600816
1587.0335990376893,1587.0335990376893,1.0073317,0.002775298
1587.034987905615,1587.034987905615,1.0011939,0.0027576652
1587.0363767736571,1587.0363767736571,1.0055643,0.0027628618
1587.0377656415835,1587.0377656415835,1.0067513,0.0027672658
1587.03915450951,1587.03915450951,1.0093554,0.002773984
1587.0405433774354,1587.0405433774354,1.0060031,0.0027634068
1587.0419322454777,1587.0419322454777,1.0066375,0.0027731883
1587.0433211134032,1587.0433211134032,1.0069613,0.0027599644
1587.044709981329,1587.044709981329,1.0095519,0.0027604946
1587.0460988492546,1587.0460988492546,1.0057944,0.0027582995
1587.0474877171805,1587.0474877171805,1.0028077,0.0027570175
1587.0488765852224,1587.0488765852224,1.0055722,0.0027758547
1587.0502654531483,1587.0502654531483,1.0055962,0.0027573982
1587.0516543210738,1587.0516543210738,1.0045469,0.0027595814
1587.0530431890002,1587.0530431890002,1.0087171,0.0027596476
1587.0544320569265,1587.0544320569265,1.0039858,0.0027647445
1587.055820924852,1587.055820924852,1.0027145,0.0027595672
1587.057209792778,1587.057209792778,1.0060017,0.0027724227
1587.0585986607034,1587.0585986607034,1.0068655,0.002762813
1587.0599875287462,1587.0599875287462,1.0042402,0.0027725683
1587.0613763966726,1587.0613763966726,1.0035685,0.002767229
1587.0627652645985,1587.0627652645985,1.0033019,0.0027541653
1587.064154132524,1587.064154132524,1.0030924,0.0027625738
1587.06554300045,1587.06554300045,1.0026176,0.0027605612
1587.0669318683754,1587.0669318683754,1.0061936,0.0027590448
1587.0683207363018,1587.0683207363018,1.0054951,0.0027566678
1587.0697096042281,1587.0697096042281,1.0013347,0.00275613
1587.0710984721532,1587.0710984721532,1.005708,0.0027602327
1587.0724873400782,1587.0724873400782,1.0022066,0.0027527227
1587.0738762080039,1587.0738762080039,1.0033245,0.0027629954
1587.07526507593,1587.07526507593,1.0008044,0.0027569102
1587.0766539438564,1587.0766539438564,1.0046906,0.0027716013
1587.0780428117823,1587.0780428117823,1.0026888,0.0027575255
1587.0794316795914,1587.0794316795914,1.0034499,0.002755877
1587.0808205475173,1587.0808205475173,1.0029539,0.0027582387
1587.0822094154428,1587.0822094154428,1.0037963,0.0027595945
1587.0835982833692,1587.0835982833692,0.99973553,0.0027552245
1587.0849871512955,1587.0849871512955,1.0031838,0.0027551556
1587.0863760192215,1587.0863760192215,0.99894863,0.0027665081
1587.087764887147,1587.087764887147,1.0017139,0.0027625128
1587.0891537550729,1587.0891537550729,1.0015892,0.002753299
1587.0905426228828,1587.0905426228828,1.0013652,0.002760713
1587.0919314908092,1587.0919314908092,1.0033022,0.0027665396
1587.0933203587347,1587.0933203587347,1.0011677,0.0027556736
1587.0947092266604,1587.0947092266604,1.0030205,0.002751682
1587.0960980944697,1587.0960980944697,1.0011653,0.0027538955
1587.0974869623947,1587.0974869623947,1.0014437,0.0027618762
1587.0988758303201,1587.0988758303201,1.0011721,0.0027529306
1587.1002646982465,1587.1002646982465,1.0001998,0.0027552661
1587.101653566056,1587.101653566056,1.0028994,0.0027543376
1587.1030424339815,1587.1030424339815,0.99879086,0.0027550473
1587.1044313019074,1587.1044313019074,0.99868935,0.002750452
1587.1058201697165,1587.1058201697165,1.0026405,0.0027533402
1587.1072090376429,1587.1072090376429,0.998528,0.0027499672
1587.1085979055692,1587.1085979055692,0.9992946,0.0027515802
1587.1099867733788,1587.1099867733788,1.0052488,0.0027645105
1587.1113756413042,1587.1113756413042,1.0020384,0.002758142
1587.1127645092301,1587.1127645092301,1.0028908,0.0027593877
1587.11415337704,1587.11415337704,1.0014306,0.002749408
1587.1155422449663,1587.1155422449663,1.0009785,0.002750973
1587.116931112892,1587.116931112892,1.0010622,0.002763606
1587.118319980701,1587.118319980701,1.0009282,0.0027655365
1587.119708848627,1587.119708848627,1.0028976,0.0027592825
1587.121097716436,1587.121097716436,0.9997826,0.002751973
1587.1224865843624,1587.1224865843624,1.0014043,0.0027527418
1587.123875452172,1587.123875452172,1.0001655,0.0027493895
1587.125264320097,1587.125264320097,1.0003567,0.0027578098
1587.126653187906,1587.126653187906,1.0012218,0.0027558825
1587.1280420558319,1587.1280420558319,1.0034447,0.0027529479
1587.1294309236418,1587.1294309236418,1.0002936,0.002755478
1587.1308197915682,1587.1308197915682,1.0003195,0.0027498729
1587.1322086593773,1587.1322086593773,0.99984634,0.0027625107
1587.133597527303,1587.133597527303,0.997128,0.0027528792
1587.1349863951123,1587.1349863951123,1.0008923,0.0027492302
1587.1363752629213,1587.1363752629213,1.001123,0.0027571584
1587.1377641308477,1587.1377641308477,0.9997683,0.0027528468
1587.1391529986577,1587.1391529986577,1.0007855,0.0027504226
1587.1405418665836,1587.1405418665836,0.9992091,0.0027499306
1587.1419307343926,1587.1419307343926,1.0005637,0.002767159
1587.1433196022022,1587.1433196022022,1.0009197,0.002748281
1587.1447084701285,1587.1447084701285,0.99803174,0.0027493762
1587.1460973379385,1587.1460973379385,0.99753076,0.0027492037
1587.1474862057476,1587.1474862057476,0.99887156,0.0027497953
1587.1488750736735,1587.1488750736735,0.9971232,0.0027496822
1587.150263941482,1587.150263941482,0.9960204,0.0027590564
1587.1516528092907,1587.1516528092907,1.0017978,0.0027511502
1587.1530416771006,1587.1530416771006,0.99954623,0.0027596508
1587.1544305450268,1587.1544305450268,0.9996933,0.0027477553
1587.155819412836,1587.155819412836,1.0030202,0.002749095
1587.1572082806451,1587.1572082806451,0.99978036,0.002746812
1587.1585971484546,1587.1585971484546,0.99938065,0.0027457813
1587.159986016381,1587.159986016381,0.99745524,0.0027519956
1587.161374884191,1587.161374884191,0.9992168,0.0027503248
1587.162763752,1587.162763752,1.0001049,0.002749829
1587.1641526198096,1587.1641526198096,0.9968724,0.002748314
1587.1655414876186,1587.1655414876186,0.99645734,0.0027492489
1587.1669303554281,1587.1669303554281,0.99943614,0.0027467916
1587.1683192233545,1587.1683192233545,0.9966168,0.0027444093
1587.1697080911645,1587.1697080911645,0.99503833,0.002772513
1587.1710969589735,1587.1710969589735,0.9969058,0.0027499385
1587.172485826783,1587.172485826783,0.9947408,0.0027473178
1587.173874694592,1587.173874694592,0.995001,0.0027554808
1587.175263562402,1587.175263562402,1.0025582,0.0027484344
1587.176652430211,1587.176652430211,0.9959881,0.0027584245
1587.1780412980197,1587.1780412980197,0.99673265,0.002762317
1587.1794301658292,1587.1794301658292,0.9952079,0.002750455
1587.1808190336383,1587.1808190336383,0.9978464,0.0027500181
1587.1822079014478,1587.1822079014478,0.9984368,0.0027434647
1587.1835967692577,1587.1835967692577,0.99663764,0.002750503
1587.1849856370677,1587.1849856370677,0.9928485,0.0027475534
1587.1863745048768,1587.1863745048768,0.9942206,0.0027451676
1587.1877633726863,1587.1877633726863,0.9957257,0.0027441964
1587.1891522404953,1587.1891522404953,0.99840754,0.0027600175
1587.1905411083053,1587.1905411083053,0.99248564,0.0027537083
1587.1919299761153,1587.1919299761153,0.9934674,0.0027442873
1587.1933188439248,1587.1933188439248,0.9960573,0.0027441483
1587.1947077117338,1587.1947077117338,0.99531007,0.0027521155
1587.1960965795429,1587.1960965795429,0.9952395,0.002746429
1587.197485447236,1587.197485447236,0.9971121,0.0027438572
1587.198874315046,1587.198874315046,0.99376106,0.0027504114
1587.200263182856,1587.200263182856,0.99686766,0.0027448197
1587.2016520506645,1587.2016520506645,0.9896113,0.0027461466
1587.203040918473,1587.203040918473,0.9962277,0.002741595
1587.2044297862822,1587.2044297862822,0.9957771,0.0027577013
1587.2058186539757,1587.2058186539757,0.997145,0.0027480833
1587.2072075217857,1587.2072075217857,0.9944955,0.0027435778
1587.2085963895952,1587.2085963895952,0.99458706,0.0027424248
1587.2099852574042,1587.2099852574042,0.9960281,0.0027485504
1587.2113741252138,1587.2113741252138,0.9957382,0.0027415785
1587.2127629929064,1587.2127629929064,0.9893004,0.0027402216
1587.2141518607164,1587.2141518607164,0.99330765,0.0027422255
1587.2155407285263,1587.2155407285263,0.9949544,0.0027444789
1587.216929596219,1587.216929596219,0.99517006,0.0027402746
1587.2183184640285,1587.2183184640285,0.9909554,0.0027568385
1587.2197073318375,1587.2197073318375,0.9928081,0.0027428789
1587.221096199531,1587.221096199531,0.9933271,0.0027414705
1587.222485067341,1587.222485067341,0.9903155,0.0027390618
1587.2238739351506,1587.2238739351506,0.99425286,0.002750319
1587.2252628028432,1587.2252628028432,0.99546164,0.0027425773
1587.2266516706527,1587.2266516706527,0.99175864,0.0027456128
1587.2280405384613,1587.2280405384613,0.9921288,0.002746899
1587.229429406154,1587.229429406154,0.9902964,0.0027424698
1587.230818273964,1587.230818273964,0.9921739,0.002756867
1587.232207141657,1587.232207141657,0.9944388,0.0027434186
1587.233596009466,1587.233596009466,0.99224246,0.0027426595
1587.2349848771587,1587.2349848771587,0.9898174,0.0027395578
1587.2363737449687,1587.2363737449687,0.99411935,0.0027445378
1587.2377626126622,1587.2377626126622,0.9897168,0.0027413082
1587.2391514804717,1587.2391514804717,0.9894094,0.0027513586
1587.2405403481644,1587.2405403481644,0.993238,0.002741012
1587.2419292159739,1587.2419292159739,0.98885393,0.0027409573
1587.2433180836665,1587.2433180836665,0.99220306,0.0027500384
1587.2447069514765,1587.2447069514765,0.99264914,0.0027465818
1587.24609581917,1587.24609581917,0.992041,0.0027479925
1587.2474846869795,1587.2474846869795,0.9922494,0.002743651
1587.2488735546722,1587.2488735546722,0.9915332,0.0027410642
1587.2502624224817,1587.2502624224817,0.98995185,0.0027392486
1587.2516512901752,1587.2516512901752,0.98802686,0.00273633
1587.2530401578688,1587.2530401578688,0.9913861,0.00274104
1587.2544290256772,1587.2544290256772,0.9905785,0.002753719
1587.255817893369,1587.255817893369,0.99141026,0.0027399934
1587.2572067610622,1587.2572067610622,0.9927622,0.0027405666
1587.2585956288713,1587.2585956288713,0.9915161,0.0027448067
1587.2599844965648,1587.2599844965648,0.99173135,0.002738558
1587.2613733642584,1587.2613733642584,0.99118155,0.002738588
1587.2627622320679,1587.2627622320679,0.9874116,0.0027398015
1587.2641510997605,1587.2641510997605,0.9863289,0.0027369468
1587.2655399674536,1587.2655399674536,0.9905602,0.0027372157
1587.2669288351462,1587.2669288351462,0.98978084,0.002751828
1587.2683177029562,1587.2683177029562,0.9881614,0.0027388248
1587.2697065706498,1587.2697065706498,0.99184996,0.0027530799
1587.2710954383429,1587.2710954383429,0.9890907,0.0027388814
1587.2724843060355,1587.2724843060355,0.98743016,0.0027363847
1587.2738731738448,1587.2738731738448,0.98511267,0.002736356
1587.275262041538,1587.275262041538,0.9880739,0.0027411028
1587.2766509092316,1587.2766509092316,0.98853314,0.0027404085
1587.2780397769247,1587.2780397769247,0.98893005,0.0027526834
1587.279428644617,1587.279428644617,0.9895165,0.0027381934
1587.280817512309,1587.280817512309,0.99003816,0.0027406057
1587.2822063800018,1587.2822063800018,0.98852885,0.0027385307
1587.2835952478117,1587.2835952478117,0.9879091,0.002751309
1587.2849841155053,1587.2849841155053,0.9906359,0.002753182
1587.2863729831984,1587.2863729831984,0.9905807,0.0027510854
1587.287761850891,1587.287761850891,0.98433864,0.0027628061
1587.289150718584,1587.289150718584,0.9881524,0.0027373752
1587.2905395862776,1587.2905395862776,0.98883915,0.0027360623
1587.2919284539712,1587.2919284539712,0.9875912,0.0027400558
1587.2933173216638,1587.2933173216638,0.98694426,0.002758537
1587.2947061893565,1587.2947061893565,0.9865913,0.0027389622
1587.2960950570496,1587.2960950570496,0.98387665,0.0027387983
1587.2974839247422,1587.2974839247422,0.988158,0.0027358683
1587.2988727924358,1587.2988727924358,0.9880201,0.0027379896
1587.3002616601293,1587.3002616601293,0.989995,0.0027405038
1587.3016505278224,1587.3016505278224,0.9859411,0.002740805
1587.303039395515,1587.303039395515,0.9860532,0.0027387976
1587.3044282632081,1587.3044282632081,0.9863802,0.0027429697
1587.3058171309008,1587.3058171309008,0.9883821,0.0027400272
1587.3072059984775,1587.3072059984775,0.9854399,0.0027374243
1587.30859486617,1587.30859486617,0.9883926,0.0027523832
1587.3099837338632,1587.3099837338632,0.98652905,0.002739877
1587.3113726015558,1587.3113726015558,0.98656416,0.002737472
1587.3127614692487,1587.3127614692487,0.9841849,0.002734563
1587.314150336942,1587.314150336942,0.9844771,0.0027390646
1587.3155392046356,1587.3155392046356,0.98561054,0.0027365042
1587.3169280722122,1587.3169280722122,0.98744446,0.0027346911
1587.318316939905,1587.318316939905,0.9886033,0.0027349629
1587.319705807598,1587.319705807598,0.9861771,0.0027367258
1587.3210946752915,1587.3210946752915,0.98637646,0.002752841
1587.322483542985,1587.322483542985,0.98699343,0.0027351489
1587.3238724105613,1587.3238724105613,0.9863173,0.0027377114
1587.3252612782544,1587.3252612782544,0.984392,0.0027352343
1587.326650145947,1587.326650145947,0.9854649,0.002739003
1587.3280390135237,1587.3280390135237,0.98613954,0.0027345554
1587.3294278812173,1587.3294278812173,0.9878597,0.0027360914
1587.33081674891,1587.33081674891,0.9861574,0.0027360509
1587.3322056164857,1587.3322056164857,0.9873256,0.0027402143
1587.3335944841783,1587.3335944841783,0.9860499,0.0027417205
1587.3349833518714,1587.3349833518714,0.9860366,0.0027336217
1587.3363722194485,1587.3363722194485,0.9858037,0.0027520282
1587.337761087142,1587.337761087142,0.98607284,0.002739166
1587.3391499548347,1587.3391499548347,0.98573023,0.0027407461
1587.3405388224114,1587.3405388224114,0.9890797,0.002735286
1587.341927690104,1587.341927690104,0.9864932,0.0027477548
1587.3433165576807,1587.3433165576807,0.98115945,0.0027483914
1587.3447054253743,1587.3447054253743,0.9882047,0.0027364064
1587.3460942930678,1587.3460942930678,0.9875419,0.002737901
1587.347483160644,1587.347483160644,0.9858276,0.0027348127
1587.3488720283372,1587.3488720283372,0.98358494,0.0027430342
1587.3502608959134,1587.3502608959134,0.98548764,0.0027336103
1587.351649763607,1587.351649763607,0.9813332,0.0027370378
1587.353038631184,1587.353038631184,0.98412126,0.0027368183
1587.354427498877,1587.354427498877,0.9852083,0.00273653
1587.3558163664534,1587.3558163664534,0.98362243,0.0027372236
1587.3572052340292,1587.3572052340292,0.9834466,0.002736332
1587.3585941017213,1587.3585941017213,0.98266286,0.0027405005
1587.3599829692985,1587.3599829692985,0.97880006,0.0027326704
1587.361371836992,1587.361371836992,0.984931,0.002742545
1587.3627607045682,1587.3627607045682,0.986333,0.0027329081
1587.364149572145,1587.364149572145,0.98518157,0.0027449082
1587.3655384398376,1587.3655384398376,0.983945,0.002747419
1587.3669273074147,1587.3669273074147,0.9853763,0.0027392332
1587.3683161751082,1587.3683161751082,0.9860431,0.0027380395
1587.369705042685,1587.369705042685,0.9827983,0.0027337288
1587.3710939102612,1587.3710939102612,0.98166734,0.0027359086
1587.372482777954,1587.372482777954,0.9802855,0.002734387
1587.3738716455305,1587.3738716455305,0.9794563,0.0027354152
1587.3752605131076,1587.3752605131076,0.98607045,0.002737426
1587.3766493806847,1587.3766493806847,0.9851627,0.0027335212
1587.3780382483774,1587.3780382483774,0.9814524,0.0027484356
1587.379427115954,1587.379427115954,0.98251015,0.0027381582
1587.3808159835303,1587.3808159835303,0.98067683,0.002732849
1587.382204851107,1587.382204851107,0.98511994,0.0027326734
1587.3835937187996,1587.3835937187996,0.9860216,0.002746178
1587.3849825863763,1587.3849825863763,0.98307544,0.002738747
1587.3863714539525,1587.3863714539525,0.9816178,0.002734086
1587.3877603215292,1587.3877603215292,0.9824892,0.0027421336
1587.3891491891054,1587.3891491891054,0.9815447,0.0027326187
1587.3905380566825,1587.3905380566825,0.9799476,0.0027353684
1587.391926924376,1587.391926924376,0.98185885,0.0027443883
1587.3933157919525,1587.3933157919525,0.9828873,0.0027331472
1587.394704659529,1587.394704659529,0.9836591,0.002732326
1587.3960935271052,1587.3960935271052,0.9831978,0.0027412358
1587.3974823946824,1587.3974823946824,0.98356044,0.0027360104
1587.3988712622595,1587.3988712622595,0.9803598,0.0027404288
1587.4002601298362,1587.4002601298362,0.98442245,0.0027397198
1587.4016489974124,1587.4016489974124,0.98038906,0.0027384812
1587.403037864989,1587.403037864989,0.97865546,0.0027338276
1587.4044267325653,1587.4044267325653,0.98027325,0.002740473
1587.4058156001424,1587.4058156001424,0.98013884,0.0027375882
1587.4072044677196,1587.4072044677196,0.9810149,0.0027360136
1587.4085933352953,1587.4085933352953,0.98253953,0.0027485166
1587.409982202871,1587.409982202871,0.97917867,0.002737592
1587.4113710704476,1587.4113710704476,0.98219943,0.002736811
1587.412759938024,1587.412759938024,0.98079205,0.0027348658
1587.4141488056011,1587.4141488056011,0.9805565,0.0027486922
1587.4155376731783,1587.4155376731783,0.9850586,0.0027362485
1587.4169265407545,1587.4169265407545,0.9818852,0.0027314108
1587.4183154083312,1587.4183154083312,0.9772369,0.0027444134
1587.4197042759074,1587.4197042759074,0.97812694,0.0027347736
1587.4210931433681,1587.4210931433681,0.98057294,0.002735018
1587.4224820109453,1587.4224820109453,0.9815688,0.0027323673
1587.423870878522,1587.423870878522,0.98262477,0.0027375773
1587.4252597460982,1587.4252597460982,0.9810671,0.0027309407
1587.4266486136748,1587.4266486136748,0.9820604,0.0027340678
1587.428037481251,1587.428037481251,0.9804978,0.0027336625
1587.4294263487118,1587.4294263487118,0.98210615,0.0027444337
1587.430815216289,1587.430815216289,0.9846619,0.0027508107
1587.4322040838656,1587.4322040838656,0.98010534,0.002731918
1587.4335929514411,1587.4335929514411,0.9815022,0.002732295
1587.4349818190167,1587.4349818190167,0.98056966,0.0027371994
1587.4363706864774,1587.4363706864774,0.98157644,0.0027514158
1587.4377595540545,1587.4377595540545,0.97906,0.0027326636
1587.4391484216312,1587.4391484216312,0.983422,0.00273561
1587.440537289091,1587.440537289091,0.97968584,0.002736396
1587.4419261566677,1587.4419261566677,0.98040104,0.0027328217
1587.443315024244,1587.443315024244,0.9797952,0.0027326501
1587.4447038917046,1587.4447038917046,0.9814889,0.0027344674
1587.4460927592818,1587.4460927592818,0.97870564,0.0027316795
1587.4474816268585,1587.4474816268585,0.9799666,0.002740615
1587.4488704943183,1587.4488704943183,0.98234886,0.0027329884
1587.450259361895,1587.450259361895,0.984461,0.0027436893
1587.4516482293557,1587.4516482293557,0.97921777,0.002749432
1587.4530370969326,1587.4530370969326,0.9834827,0.002733487
1587.454425964509,1587.454425964509,0.9797443,0.0027433555
1587.4558148319688,1587.4558148319688,0.97788185,0.0027346793
1587.4572036995455,1587.4572036995455,0.97979176,0.0027544238
1587.4585925670049,1587.4585925670049,0.98330903,0.002737703
1587.459981434581,1587.459981434581,0.97860235,0.002734119
1587.4613703020418,1587.4613703020418,0.9813154,0.0027321707
1587.4627591696185,1587.4627591696185,0.98032194,0.002736272
1587.4641480370783,1587.4641480370783,0.9826661,0.0027337214
1587.465536904655,1587.465536904655,0.9806103,0.0027349787
1587.4669257721157,1587.4669257721157,0.9816161,0.0027332841
1587.4683146396928,1587.4683146396928,0.9839805,0.0027337605
1587.4697035071526,1587.4697035071526,0.97852033,0.002735768
1587.471092374613,1587.471092374613,0.9817707,0.0027323156
1587.4724812421891,1587.4724812421891,0.9820775,0.002736432
1587.473870109649,1587.473870109649,0.9783713,0.0027441732
1587.475258977226,1587.475258977226,0.9825881,0.0027455955
1587.4766478446868,1587.4766478446868,0.983452,0.0027349715
1587.478036712147,1587.478036712147,0.97809905,0.0027343899
1587.4794255797233,1587.4794255797233,0.97819954,0.0027433734
1587.4808144471835,1587.4808144471835,0.9804063,0.0027415727
1587.4822033146443,1587.4822033146443,0.98064196,0.002732515
1587.4835921822214,1587.4835921822214,0.98068863,0.0027325307
1587.4849810496808,1587.4849810496808,0.98329043,0.002744022
1587.48636991714,1587.48636991714,0.9827619,0.0027354169
1587.4877587846,1587.4877587846,0.9778122,0.0027316285
1587.4891476521766,1587.4891476521766,0.9812527,0.0027343833
1587.4905365196373,1587.4905365196373,0.98538655,0.0027417839
1587.4919253870978,1587.4919253870978,0.9803754,0.0027461424
1587.4933142545578,1587.4933142545578,0.98085,0.0027350704
1587.494703122134,1587.494703122134,0.9791617,0.0027360097
1587.4960919895943,1587.4960919895943,0.9819544,0.002738174
1587.497480857055,1587.497480857055,0.9844688,0.002750058
1587.4988697245158,1587.4988697245158,0.98453647,0.0027389983
1587.5002585919756,1587.5002585919756,0.9848692,0.002735833
1587.5016474594358,1587.5016474594358,0.9860583,0.0027355726
1587.503036327012,1587.503036327012,0.98215884,0.0027361936
1587.5044251944723,1587.5044251944723,0.9883427,0.0027436735
1587.505814061933,1587.505814061933,0.9862771,0.002735432
1587.5072029293938,1587.5072029293938,0.98463464,0.0027365708
1587.5085917968536,1587.5085917968536,0.98337895,0.0027342332
1587.509980664313,1587.509980664313,0.9825461,0.0027397869
1587.5113695317723,1587.5113695317723,0.984355,0.0027371403
1587.512758399233,1587.512758399233,0.9844063,0.0027378544
1587.5141472666937,1587.5141472666937,0.98498833,0.002734216
1587.5155361341535,1587.5155361341535,0.9904273,0.0027398851
1587.5169250016138,1587.5169250016138,0.9814044,0.0027470926
1587.5183138690736,1587.5183138690736,0.98384565,0.002744817
1587.5197027365339,1587.5197027365339,0.9850704,0.0027363356
1587.5210916039946,1587.5210916039946,0.9855152,0.0027498226
1587.5224804714553,1587.5224804714553,0.9813773,0.002734346
1587.5238693389151,1587.5238693389151,0.98370034,0.0027386718
1587.5252582063754,1587.5252582063754,0.9821922,0.0027372006
1587.5266470738352,1587.5266470738352,0.9851489,0.0027367605
1587.528035941296,1587.528035941296,1.007871,0.0027525586
1587.5294248087566,1587.5294248087566,1.0231643,0.0027558147
1587.5308136761005,1587.5308136761005,1.0133276,0.0027488116
1587.5322025435603,1587.5322025435603,1.00976,0.0027581765
1587.53359141102,1587.53359141102,1.0044427,0.002747464
1587.5349802784795,1587.5349802784795,1.0020707,0.0027508012
1587.5363691459397,1587.5363691459397,0.99634653,0.0027476428
1587.5377580134004,1587.5377580134004,0.9947903,0.0027416344
1587.5391468807438,1587.5391468807438,0.99483657,0.0027443457
1587.540535748204,1587.540535748204,0.99228466,0.0027359114
1587.541924615664,1587.541924615664,0.9935456,0.0027399003
1587.5433134831246,1587.5433134831246,0.9921804,0.0027391727
1587.544702350469,1587.544702350469,0.9923013,0.0027503257
1587.5460912179292,1587.5460912179292,0.99149644,0.002739595
1587.547480085389,1587.547480085389,0.9882525,0.0027461473
1587.5488689528493,1587.5488689528493,0.9890586,0.0027371792
1587.5502578201927,1587.5502578201927,0.99031633,0.002739111
1587.5516466876534,1587.5516466876534,0.988002,0.0027376234
1587.553035555114,1587.553035555114,0.982054,0.0027347477
1587.5544244224575,1587.5544244224575,0.9875837,0.0027352434
1587.5558132899178,1587.5558132899178,0.98747027,0.0027368758
1587.5572021573776,1587.5572021573776,0.98831767,0.0027393885
1587.5585910247219,1587.5585910247219,0.9826928,0.0027363782
1587.5599798921821,1587.5599798921821,0.98561406,0.0027357435
1587.561368759525,1587.561368759525,0.9921019,0.0027379047
1587.5627576269849,1587.5627576269849,0.9840491,0.0027456153
1587.5641464944451,1587.5641464944451,0.9870066,0.002750436
1587.5655353617885,1587.5655353617885,0.9893944,0.0027404889
1587.5669242292493,1587.5669242292493,0.9850501,0.002736607
1587.5683130965936,1587.5683130965936,0.9891367,0.0027642776
1587.5697019640538,1587.5697019640538,0.9849953,0.002737755
1587.5710908313972,1587.5710908313972,0.98639035,0.0027399606
1587.572479698857,1587.572479698857,0.9927526,0.0027517695
1587.5738685662009,1587.5738685662009,0.9841902,0.0027347442
1587.5752574336616,1587.5752574336616,0.98513883,0.0027413878
1587.576646301006,1587.576646301006,0.9840641,0.0027461736
1587.5780351684657,1587.5780351684657,0.9858299,0.0027414456
1587.5794240358096,1587.5794240358096,0.9880562,0.0027363636
1587.580812903153,1587.580812903153,0.9847441,0.0027395303
1587.5822017706137,1587.5822017706137,0.9842437,0.002741034
1587.583590637958,1587.583590637958,0.9870995,0.0027543774
1587.5849795054173,1587.5849795054173,0.9848904,0.0027344266
1587.5863683727603,1587.5863683727603,0.98465854,0.0027349999
1587.587757240104,1587.587757240104,0.9855748,0.0027430363
1587.589146107564,1587.589146107564,0.9856453,0.0027429003
1587.5905349749082,1587.5905349749082,0.9860061,0.0027377857
1587.5919238422525,1587.5919238422525,0.98535675,0.0027513516
1587.5933127097123,1587.5933127097123,0.9843222,0.0027348965
1587.5947015770562,1587.5947015770562,0.98266727,0.0027322152
1587.5960904443996,1587.5960904443996,0.98440814,0.0027336911
1587.5974793117439,1587.5974793117439,0.98384595,0.002742009
1587.5988681792046,1587.5988681792046,0.986558,0.002737709
1587.6002570465484,1587.6002570465484,0.9852008,0.0027392127
1587.6016459138918,1587.6016459138918,0.9823422,0.0027435904
1587.6030347812357,1587.6030347812357,0.98366344,0.0027385934
1587.6044236486955,1587.6044236486955,0.9855832,0.0027348252
1587.6058125160398,1587.6058125160398,0.98596257,0.0027451192
1587.607201383384,1587.607201383384,0.9871171,0.0027367962
1587.608590250728,1587.608590250728,0.98172307,0.0027366264
1587.6099791180707,1587.6099791180707,0.98436904,0.0027329784
1587.6113679854134,1587.6113679854134,0.9838364,0.0027394192
1587.6127568527577,1587.6127568527577,0.9831211,0.002731572
1587.6141457202184,1587.6141457202184,0.98765194,0.002736307
1587.6155345875623,1587.6155345875623,0.9851618,0.0027429112
1587.6169234549056,1587.6169234549056,0.9872206,0.0027387633
1587.6183123222495,1587.6183123222495,0.9860175,0.0027393652
1587.619701189593,1587.619701189593,0.98690486,0.0027371275
1587.6210900569372,1587.6210900569372,0.9842827,0.0027338655
1587.6224789242815,1587.6224789242815,0.9840011,0.0027400337
1587.6238677916253,1587.6238677916253,0.98798084,0.0027363268
1587.6252566589687,1587.6252566589687,0.994373,0.002737807
1587.6266455263126,1587.6266455263126,0.99766326,0.0027409298
1587.628034393657,1587.628034393657,0.9951689,0.002741355
1587.6294232610012,1587.6294232610012,0.99416465,0.0027428425
1587.6308121283446,1587.6308121283446,0.9940997,0.0027421678
1587.6322009956882,1587.6322009956882,0.99645776,0.0027685647
1587.6335898630318,1587.6335898630318,0.99356294,0.0027355826
1587.6349787303748,1587.6349787303748,0.9935786,0.0027450477
1587.6363675977182,1587.6363675977182,0.9921098,0.0027460458
1587.637756464946,1587.637756464946,0.99313307,0.0027418823
1587.63914533229,1587.63914533229,0.9882161,0.0027420598
1587.6405341996333,1587.6405341996333,0.99280435,0.002760458
1587.6419230669771,1587.6419230669771,0.98844004,0.002751435
1587.6433119343214,1587.6433119343214,0.9873948,0.0027405578
1587.6447008016657,1587.6447008016657,0.98784244,0.0027370593
1587.6460896688927,1587.6460896688927,0.9883948,0.002742083
1587.6474785362366,1587.6474785362366,0.9915632,0.0027362113
1587.64886740358,1587.64886740358,0.98920304,0.0027341968
1587.6502562709236,1587.6502562709236,0.98983186,0.0027413268
1587.6516451382677,1587.6516451382677,0.99243265,0.0027424335
1587.6530340054956,1587.6530340054956,0.9903225,0.0027380686
1587.6544228728394,1587.6544228728394,0.99153286,0.0027388383
1587.6558117401828,1587.6558117401828,0.98777103,0.0027389347
1587.6572006075266,1587.6572006075266,0.9904078,0.0027371433
1587.6585894747545,1587.6585894747545,0.9862713,0.0027363277
1587.659978342098,1587.659978342098,0.98694986,0.0027390458
1587.6613672094409,1587.6613672094409,0.989515,0.0027412681
1587.6627560766683,1587.6627560766683,0.98588276,0.002737121
1587.6641449440117,1587.6641449440117,0.9859527,0.0027348946
1587.6655338113555,1587.6655338113555,0.98587805,0.0027520743
1587.6669226785834,1587.6669226785834,0.98851687,0.0027418737
1587.6683115459277,1587.6683115459277,0.9897618,0.0027382488
1587.6697004131547,1587.6697004131547,0.98507416,0.0027395121
1587.6710892804983,1587.6710892804983,0.98740244,0.002735453
1587.672478147842,1587.672478147842,0.98462766,0.0027345014
1587.6738670150698,1587.6738670150698,0.98725665,0.0027447608
1587.6752558824141,1587.6752558824141,0.9883045,0.002737129
1587.6766447496411,1587.6766447496411,0.9867707,0.0027455941
1587.678033616985,1587.678033616985,0.98819095,0.0027435913
1587.679422484212,1587.679422484212,0.9868835,0.0027413662
1587.6808113515558,1587.6808113515558,0.98927814,0.0027422989
1587.6822002187837,1587.6822002187837,0.9873326,0.0027348334
1587.683589086128,1587.683589086128,0.98930216,0.0027393675
1587.6849779533545,1587.6849779533545,0.99023426,0.0027459743
1587.6863668206975,1587.6863668206975,0.9911204,0.0027424635
1587.6877556879244,1587.6877556879244,0.98709095,0.0027375992
1587.6891445551523,1587.6891445551523,0.9905787,0.0027379035
1587.6905334224966,1587.6905334224966,0.9890756,0.0027377438
1587.6919222897236,1587.6919222897236,0.9926338,0.002739448
1587.6933111570675,1587.6933111570675,0.9879511,0.0027382798
1587.6947000242944,1587.6947000242944,0.99095726,0.0027390618
1587.6960888915219,1587.6960888915219,0.98725843,0.0027378118
1587.6974777588662,1587.6974777588662,0.9897304,0.0027414314
1587.698866626094,1587.698866626094,0.9919694,0.0027392223
1587.700255493321,1587.700255493321,0.99080753,0.0027415536
1587.701644360665,1587.701644360665,0.98854035,0.0027373487
1587.7030332278919,1587.7030332278919,0.99218196,0.0027506587
1587.7044220951198,1587.7044220951198,0.98612446,0.0027352292
1587.7058109623476,1587.7058109623476,0.9894011,0.0027398486
1587.7071998296915,1587.7071998296915,0.9854463,0.0027344448
1587.7085886969185,1587.7085886969185,0.99033594,0.0027446374
1587.709977564145,1587.709977564145,0.98990345,0.0027386276
1587.7113664313715,1587.7113664313715,0.99461055,0.0027388148
1587.7127552985994,1587.7127552985994,0.9889052,0.0027453715
1587.7141441659437,1587.7141441659437,0.99280685,0.0027567216
1587.7155330331707,1587.7155330331707,0.9900922,0.0027448344
1587.7169219003981,1587.7169219003981,0.99116504,0.00275998
1587.718310767625,1587.718310767625,0.99344784,0.0027410674
1587.7196996348525,1587.7196996348525,0.9905148,0.0027375072
1587.7210885020804,1587.7210885020804,0.99198014,0.0027351826
1587.7224773693083,1587.7224773693083,0.9910322,0.002739212
1587.7238662366517,1587.7238662366517,0.99407107,0.0027399552
1587.7252551038791,1587.7252551038791,0.9891395,0.0027530096
1587.7266439711061,1587.7266439711061,0.9899179,0.0027415564
1587.728032838334,1587.728032838334,0.99165976,0.0027398407
1587.729421705562,1587.729421705562,0.9900874,0.0027371633
1587.730810572789,1587.730810572789,0.9910262,0.0027378728
1587.7321994400163,1587.7321994400163,0.9886867,0.0027359042
1587.7335883072428,1587.7335883072428,0.99491596,0.0027508584
1587.7349771744693,1587.7349771744693,0.99374014,0.0027523781
1587.7363660416972,1587.7363660416972,0.99292606,0.0027415021
1587.7377549089251,1587.7377549089251,0.991716,0.002740012
1587.739143776152,1587.739143776152,0.9921939,0.002737545
1587.7405326433795,1587.7405326433795,0.9928156,0.002754996
1587.7419215106065,1587.7419215106065,0.9910154,0.0027367473
1587.7433103778344,1587.7433103778344,0.99136806,0.0027378127
1587.7446992449459,1587.7446992449459,0.9935148,0.0027388555
1587.7460881121733,1587.7460881121733,0.9954928,0.0027414816
1587.7474769794003,1587.7474769794003,0.9889442,0.0027393494
1587.7488658466277,1587.7488658466277,0.98867565,0.0027393436
1587.7502547138547,1587.7502547138547,0.9917936,0.0027397536
1587.7516435810826,1587.7516435810826,0.9927322,0.0027396893
1587.7530324483105,1587.7530324483105,0.9879104,0.0027383901
1587.754421315421,1587.754421315421,0.9919659,0.0027530133
1587.7558101826485,1587.7558101826485,0.99195635,0.002740868
1587.7571990498755,1587.7571990498755,0.99135065,0.0027389484
1587.758587917103,1587.758587917103,0.9964631,0.0027470614
1587.7599767842134,1587.7599767842134,0.9934261,0.0027374642
1587.7613656514409,1587.7613656514409,0.9911988,0.0027434437
1587.7627545186679,1587.7627545186679,0.99276793,0.0027420954
1587.7641433858953,1587.7641433858953,0.9956226,0.002742981
1587.7655322530059,1587.7655322530059,0.9904732,0.0027392304
1587.7669211202337,1587.7669211202337,0.9955237,0.0027399673
1587.7683099874616,1587.7683099874616,0.9917016,0.0027376069
1587.7696988545724,1587.7696988545724,0.9894753,0.002740938
1587.7710877217996,1587.7710877217996,0.9923349,0.0027355512
1587.7724765890266,1587.7724765890266,0.99642104,0.0027416712
1587.773865456138,1587.773865456138,0.9947104,0.0027428442
1587.775254323366,1587.775254323366,0.99146,0.002737765
1587.7766431905934,1587.7766431905934,0.9946641,0.002740308
1587.778032057704,1587.778032057704,0.99635947,0.0027435846
1587.7794209249314,1587.7794209249314,0.9924771,0.0027387922
1587.780809792042,1587.780809792042,0.99033254,0.0027347696
1587.7821986592699,1587.7821986592699,0.98976475,0.00274783
1587.7835875263809,1587.7835875263809,0.99468756,0.0027384483
1587.7849763936074,1587.7849763936074,0.995984,0.0027538745
1587.786365260718,1587.786365260718,0.99289024,0.0027409815
1587.7877541279454,1587.7877541279454,0.99399483,0.0027550836
1587.7891429950569,1587.7891429950569,0.99667144,0.0027406802
1587.7905318622845,1587.7905318622845,0.99343926,0.0027530852
1587.7919207293953,1587.7919207293953,0.99016345,0.0027590964
1587.7933095966223,1587.7933095966223,0.9956261,0.0027515416
1587.7946984637333,1587.7946984637333,0.99438334,0.002743692
1587.7960873309603,1587.7960873309603,0.99688923,0.0027440202
1587.7974761980718,1587.7974761980718,0.9951396,0.002737646
1587.7988650651832,1587.7988650651832,0.994963,0.0027399352
1587.8002539324107,1587.8002539324107,0.99802953,0.0027417163
1587.8016427995212,1587.8016427995212,0.9952219,0.0027421215
1587.8030316667487,1587.8030316667487,0.99945986,0.002755783
1587.8044205338601,1587.8044205338601,0.9984708,0.0027453105
1587.8058094009716,1587.8058094009716,0.99695945,0.0027423252
1587.8071982680817,1587.8071982680817,0.99710727,0.0027411166
1587.808587135308,1587.808587135308,0.9916665,0.0027394514
1587.8099760024188,1587.8099760024188,0.9968502,0.002738422
1587.8113648695294,1587.8113648695294,0.99579257,0.0027439918
1587.8127537367573,1587.8127537367573,0.99680096,0.0027560852
1587.8141426038687,1587.8141426038687,0.99526954,0.002738422
1587.8155314709797,1587.8155314709797,0.994312,0.002741575
1587.8169203380903,1587.8169203380903,0.9968866,0.002742294
1587.8183092053177,1587.8183092053177,0.9983919,0.0027444046
1587.8196980724292,1587.8196980724292,0.99685705,0.0027443739
1587.8210869395407,1587.8210869395407,0.99216616,0.0027395096
1587.8224758066513,1587.8224758066513,0.9966175,0.0027400216
1587.8238646737623,1587.8238646737623,0.996959,0.0027381713
1587.8252535408728,1587.8252535408728,0.99934196,0.0027407042
1587.8266424081003,1587.8266424081003,0.9968836,0.002744956
1587.8280312752117,1587.8280312752117,0.99695385,0.0027545535
1587.8294201423232,1587.8294201423232,0.9982103,0.0027475494
1587.8308090094338,1587.8308090094338,0.9981123,0.0027428442
1587.832197876544,1587.832197876544,0.99942166,0.0027429268
1587.833586743654,1587.833586743654,0.99671596,0.0027388693
1587.8349756107655,1587.8349756107655,0.9978404,0.0027392653
1587.836364477877,1587.836364477877,0.99933755,0.002745319
1587.8377533449875,1587.8377533449875,0.9978152,0.0027391342
1587.8391422120985,1587.8391422120985,0.9945364,0.0027441818
1587.840531079209,1587.840531079209,0.99640185,0.0027405557
1587.84191994632,1587.84191994632,0.99859804,0.002743481
1587.8433088134316,1587.8433088134316,0.99845546,0.0027419212
1587.844697680543,1587.844697680543,1.001169,0.0027422043
1587.8460865476536,1587.8460865476536,1.0002474,0.0027480891
1587.8474754147646,1587.8474754147646,1.0004911,0.0027425042
1587.8488642818752,1587.8488642818752,0.9958034,0.0027442381
1587.8502531489867,1587.8502531489867,0.9997716,0.0027430577
1587.8516420160981,1587.8516420160981,0.99963313,0.0027453494
1587.8530308832087,1587.8530308832087,0.9987547,0.0027420383
1587.8544197503197,1587.8544197503197,0.9988893,0.0027547565
1587.8558086173139,1587.8558086173139,0.9984497,0.0027443238
1587.857197484424,1587.857197484424,0.99759156,0.002742168
1587.858586351535,1587.858586351535,1.0018542,0.0027447722
1587.8599752186465,1587.8599752186465,1.0026062,0.0027584117
1587.861364085757,1587.861364085757,1.0026767,0.0027448523
1587.8627529527516,1587.8627529527516,0.9959427,0.0027394132
1587.8641418198622,1587.8641418198622,1.0000254,0.002743234
1587.8655306869732,1587.8655306869732,1.0008186,0.0027424295
1587.8669195540847,1587.8669195540847,1.0012541,0.0027429352
1587.8683084211962,1587.8683084211962,0.9984362,0.0027417913
1587.8696972881903,1587.8696972881903,0.9999833,0.0027421236
1587.8710861553009,1587.8710861553009,0.99744403,0.0027413443
1587.872475022412,1587.872475022412,0.99954826,0.002745006
1587.873863889407,1587.873863889407,0.9990021,0.0027444556
1587.8752527565184,1587.8752527565184,1.002507,0.0027438495
1587.876641623629,1587.876641623629,1.0004944,0.0027440903
1587.8780304906236,1587.8780304906236,0.9987421,0.0027456044
1587.8794193577342,1587.8794193577342,1.0015833,0.0027412153
1587.8808082248443,1587.8808082248443,1.000013,0.0027411429
1587.8821970918389,1587.8821970918389,1.0015311,0.0027402218
1587.8835859589503,1587.8835859589503,1.0018574,0.0027488323
1587.8849748259445,1587.8849748259445,0.99873704,0.0027448176
1587.8863636930555,1587.8863636930555,1.0000268,0.0027476677
1587.887752560166,1587.887752560166,1.0009586,0.0027460414
1587.8891414271611,1587.8891414271611,1.0027733,0.0027442137
1587.8905302942726,1587.8905302942726,1.0060589,0.00274481
1587.8919191612667,1587.8919191612667,1.00324,0.0027557432
1587.8933080283778,1587.8933080283778,1.0032367,0.0027418213
1587.894696895372,1587.894696895372,1.0033702,0.0027434826
1587.896085762483,1587.896085762483,1.0047921,0.0027453953
1587.897474629478,1587.897474629478,1.002757,0.0027418123
1587.8988634965895,1587.8988634965895,1.0038822,0.0027438812
1587.9002523635836,1587.9002523635836,1.0022699,0.0027589505
1587.9016412305782,1587.9016412305782,1.0017487,0.0027500528
1587.9030300976888,1587.9030300976888,1.0022843,0.002751531
1587.9044189646838,1587.9044189646838,0.99997574,0.0027464933
1587.9058078317948,1587.9058078317948,1.0029092,0.0027477513
1587.9071966987885,1587.9071966987885,1.0008173,0.0027488412
1587.9085855657827,1587.9085855657827,0.9996958,0.0027445816
1587.9099744328933,1587.9099744328933,1.0040325,0.002757736
1587.9113632998879,1587.9113632998879,1.004932,0.0027472107
1587.912752166883,1587.912752166883,1.0014117,0.0027435438
1587.9141410339944,1587.9141410339944,1.0009476,0.002749172
1587.9155299009885,1587.9155299009885,1.0016495,0.0027501057
1587.9169187679831,1587.9169187679831,1.0030967,0.0027432125
1587.9183076350937,1587.9183076350937,1.0017947,0.0027478063
1587.9196965020888,1587.9196965020888,1.0011959,0.0027407156
1587.9210853690838,1587.9210853690838,1.0017718,0.002753528
1587.9224742360784,1587.9224742360784,1.0060334,0.0027438067
1587.923863103189,1587.923863103189,1.0008591,0.0027462286
1587.9252519701836,1587.9252519701836,1.0006698,0.0027434626
1587.9266408371777,1587.9266408371777,1.0037171,0.0027414444
1587.9280297041728,1587.9280297041728,1.0025078,0.0027516454
1587.9294185711672,1587.9294185711672,1.0031844,0.0027467941
1587.9308074381606,1587.9308074381606,1.000058,0.002757397
1587.9321963052716,1587.9321963052716,1.0023135,0.0027416528
1587.9335851722658,1587.9335851722658,1.0066489,0.002741017
1587.9349740392609,1587.9349740392609,1.0036815,0.0027422172
1587.936362906256,1587.936362906256,1.001268,0.0027512603
1587.9377517732505,1587.9377517732505,1.0027553,0.0027405382
1587.9391406402447,1587.9391406402447,1.0023783,0.0027468705
1587.9405295072393,1587.9405295072393,1.0058255,0.0027446577
1587.9419183742334,1587.9419183742334,1.0018792,0.0027409045
1587.9433072412285,1587.9433072412285,1.0065001,0.0027468724
1587.9446961082235,1587.9446961082235,1.0031503,0.0027481152
1587.9460849752181,1587.9460849752181,1.001773,0.0027427343
1587.9474738422123,1587.9474738422123,1.0044833,0.0027443706
1587.9488627092067,1587.9488627092067,1.0041555,0.0027571302
1587.9502515762015,1587.9502515762015,1.0009934,0.0027497236
1587.9516404431965,1587.9516404431965,1.0061256,0.002742173
1587.9530293101902,1587.9530293101902,1.0027069,0.0027445138
1587.954418177184,1587.954418177184,1.0027237,0.0027398895
1587.9558070441785,1587.9558070441785,1.0052854,0.0027491674
1587.9571959111727,1587.9571959111727,1.0029999,0.0027577314
1587.9585847781677,1587.9585847781677,1.002996,0.0027438106
1587.9599736451628,1587.9599736451628,1.0043261,0.0027426076
1587.9613625121574,1587.9613625121574,1.0079802,0.0027473199
1587.9627513790351,1587.9627513790351,1.005153,0.0027469594
1587.9641402460297,1587.9641402460297,1.0082704,0.0027520005
1587.9655291130248,1587.9655291130248,1.0080935,0.002742484
1587.9669179800198,1587.9669179800198,1.0061028,0.0027434882
1587.968306847014,1587.968306847014,1.0040838,0.002744904
1587.9696957138917,1587.9696957138917,1.0054564,0.0027460277
1587.9710845808863,1587.9710845808863,1.0063084,0.0027557677
1587.9724734478805,1587.9724734478805,1.0055953,0.002752668
1587.9738623148755,1587.9738623148755,1.0063637,0.002744156
1587.9752511818706,1587.9752511818706,1.0077237,0.0027483585
1587.9766400487488,1587.9766400487488,1.0003523,0.00274272
1587.9780289157425,1587.9780289157425,1.0084428,0.0027480698
1587.9794177827362,1587.9794177827362,1.005098,0.0027448477
1587.9808066496148,1587.9808066496148,1.0067105,0.0027429597
1587.9821955166099,1587.9821955166099,1.0038279,0.0027438106
1587.983584383604,1587.983584383604,1.0043863,0.0027444388
1587.9849732504822,1587.9849732504822,1.0057096,0.0027570752
1587.9863621174763,1587.9863621174763,1.0072994,0.0027427415
1587.9877509844707,1587.9877509844707,1.0036217,0.0027450072
1587.9891398513491,1587.9891398513491,1.0052452,0.0027448924
1587.9905287183442,1587.9905287183442,1.0101452,0.002752779
1587.9919175852224,1587.9919175852224,1.0052547,0.0027431373
1587.9933064522165,1587.9933064522165,1.0047019,0.002741332
1587.9946953190947,1587.9946953190947,1.0050913,0.0027464058
1587.9960841860898,1587.9960841860898,1.0053719,0.0027441003
1587.9974730529684,1587.9974730529684,1.0069554,0.0027447164
1587.9988619199626,1587.9988619199626,1.0090561,0.0027433347
1588.0002507868408,1588.0002507868408,1.0069702,0.0027559875
1588.0016396538344,1588.0016396538344,1.0067474,0.0027447527
1588.0030285207117,1588.0030285207117,1.0082994,0.0027523593
1588.0044173877068,1588.0044173877068,1.0076404,0.002750668
1588.0058062545854,1588.0058062545854,1.0091331,0.0027526836
1588.0071951215796,1588.0071951215796,1.0081115,0.002748155
1588.0085839884573,1588.0085839884573,1.0092517,0.0027429506
1588.009972855452,1588.009972855452,1.0082374,0.0027458922
1588.0113617223305,1588.0113617223305,1.0066718,0.0027461452
1588.0127505892092,1588.0127505892092,1.0075208,0.0027436018
1588.0141394562033,1588.0141394562033,1.0098654,0.0027561581
1588.0155283230815,1588.0155283230815,1.0065932,0.002745103
1588.0169171899593,1588.0169171899593,1.0051568,0.002758383
1588.0183060569539,1588.0183060569539,1.0070899,0.0027430875
1588.0196949238325,1588.0196949238325,1.0080794,0.0027626227
1588.0210837907111,1588.0210837907111,1.0081115,0.0027423718
1588.0224726577053,1588.0224726577053,1.011655,0.0027461003
1588.0238615245835,1588.0238615245835,1.0049298,0.0027443853
1588.0252503914608,1588.0252503914608,1.0079819,0.002747652
1588.0266392583378,1588.0266392583378,1.0082548,0.0027440619
1588.0280281253326,1588.0280281253326,1.0056978,0.0027446724
1588.0294169922113,1588.0294169922113,1.0094252,0.002744326
1588.0308058590895,1588.0308058590895,1.012124,0.0027471047
1588.0321947259672,1588.0321947259672,1.0067118,0.002743349
1588.0335835928454,1588.0335835928454,1.0085151,0.0027452565
1588.0349724598404,1588.0349724598404,1.0101045,0.0027467832
1588.036361326719,1588.036361326719,1.0095851,0.0027456533
1588.0377501935968,1588.0377501935968,1.009359,0.0027486542
1588.039139060475,1588.039139060475,1.0069524,0.002750081
1588.0405279273527,1588.0405279273527,1.0073498,0.0027456894
1588.041916794231,1588.041916794231,1.0102655,0.0027493192
1588.0433056611096,1588.0433056611096,1.0148474,0.0027560187
1588.0446945279882,1588.0446945279882,1.010264,0.0027466423
1588.0460833949824,1588.0460833949824,1.0087448,0.0027494952
1588.0474722618603,1588.0474722618603,1.0143278,0.0027471012
1588.0488611287383,1588.0488611287383,1.0063491,0.0027493234
1588.050249995616,1588.050249995616,1.009186,0.0027472365
1588.0516388624942,1588.0516388624942,1.0092336,0.0027489115
1588.053027729372,1588.053027729372,1.00842,0.002751572
1588.0544165962501,1588.0544165962501,1.0088538,0.002749721
1588.0558054631279,1588.0558054631279,1.0085644,0.0027494163
1588.057194330006,1588.057194330006,1.0083358,0.00274386
1588.0585831967683,1588.0585831967683,1.0089781,0.0027460027
1588.059972063647,1588.059972063647,1.0106468,0.002748042
1588.0613609305246,1588.0613609305246,1.006619,0.0027428449
1588.0627497974028,1588.0627497974028,1.0082225,0.002755553
1588.0641386642806,1588.0641386642806,1.0102214,0.0027466158
1588.0655275311592,1588.0655275311592,1.0085167,0.0027507762
1588.0669163980378,1588.0669163980378,1.0123017,0.0027445483
1588.0683052649158,1588.0683052649158,1.0123109,0.0027525276
1588.0696941317938,1588.0696941317938,1.0177026,0.0027512782
1588.071082998555,1588.071082998555,1.0154015,0.002744308
1588.0724718654333,1588.0724718654333,1.0108875,0.0027477292
1588.073860732311,1588.073860732311,1.0122741,0.0027531204
1588.0752495991892,1588.0752495991892,1.0077753,0.0027477585
1588.076638466067,1588.076638466067,1.0139239,0.0027580238
1588.0780273328287,1588.0780273328287,1.0105754,0.0027547884
1588.0794161997064,1588.0794161997064,1.0091246,0.0027483965
1588.080805066585,1588.080805066585,1.0088162,0.0027440002
1588.0821939333473,1588.0821939333473,1.010903,0.0027444793
1588.0835828002255,1588.0835828002255,1.0103371,0.0027452603
1588.0849716671032,1588.0849716671032,1.0108622,0.0027455187
1588.0863605339812,1588.0863605339812,1.0104076,0.0027487732
1588.0877494007427,1588.0877494007427,1.011006,0.0027584853
1588.0891382676214,1588.0891382676214,1.0104681,0.0027476286
1588.0905271345,1588.0905271345,1.0102667,0.0027498552
1588.0919160012613,1588.0919160012613,1.0115849,0.0027473823
1588.0933048681395,1588.0933048681395,1.0068549,0.0027435687
1588.0946937349008,1588.0946937349008,1.010144,0.0027516913
1588.0960826017795,1588.0960826017795,1.0063865,0.0027418328
1588.0974714686577,1588.0974714686577,1.0099825,0.002742645
1588.0988603354185,1588.0988603354185,1.0106691,0.002749271
1588.1002492022963,1588.1002492022963,1.0125672,0.0027493187
1588.101638069058,1588.101638069058,1.0126703,0.0027513735
1588.1030269359358,1588.1030269359358,1.0112525,0.002745911
1588.104415802698,1588.104415802698,1.0096072,0.0027515888
1588.1058046695766,1588.1058046695766,1.0100473,0.0027575872
1588.1071935363382,1588.1071935363382,1.0088432,0.0027439957
1588.1085824032161,1588.1085824032161,1.009218,0.002748939
1588.1099712699774,1588.1099712699774,1.010382,0.0027554242
1588.111360136856,1588.111360136856,1.0096691,0.0027496803
1588.1127490036183,1588.1127490036183,1.010188,0.0027499306
1588.11413787038,1588.11413787038,1.0096066,0.0027450304
1588.1155267372578,1588.1155267372578,1.0107853,0.0027456556
1588.1169156040196,1588.1169156040196,1.0058583,0.0027502168
1588.1183044708973,1588.1183044708973,1.0116819,0.0027464484
1588.1196933376596,1588.1196933376596,1.0072216,0.002743283
1588.1210822044213,1588.1210822044213,1.010231,0.0027473927
1588.1224710712986,1588.1224710712986,1.0084354,0.0027485148
1588.12385993806,1588.12385993806,1.0081453,0.00274389
1588.1252488048215,1588.1252488048215,1.0105748,0.002750222
1588.1266376715835,1588.1266376715835,1.0105515,0.002744878
1588.128026538462,1588.128026538462,1.0137563,0.0027483462
1588.1294154052239,1588.1294154052239,1.009308,0.0027451469
1588.1308042719852,1588.1308042719852,1.010025,0.0027447254
1588.1321931388634,1588.1321931388634,1.0099753,0.0027473813
1588.1335820056247,1588.1335820056247,1.0052102,0.0027425715
1588.134970872387,1588.134970872387,1.0085369,0.0027536247
1588.1363597391492,1588.1363597391492,1.0076196,0.0027431888
1588.137748605911,1588.137748605911,1.0098326,0.0027476223
1588.1391374727887,1588.1391374727887,1.008394,0.0027569616
1588.1405263395504,1588.1405263395504,1.0077536,0.0027499916
1588.1419152063127,1588.1419152063127,1.0105191,0.00274486
1588.143304073075,1588.143304073075,1.0121503,0.0027466961
1588.1446929398357,1588.1446929398357,1.0143784,0.002750787
1588.1460818065964,1588.1460818065964,1.0114058,0.0027448824
1588.147470673358,1588.147470673358,1.0134389,0.002747418
1588.1488595401192,1588.1488595401192,1.0112108,0.002750915
1588.1502484068815,1588.1502484068815,1.0130379,0.002747333
1588.1516372736437,1588.1516372736437,1.0122154,0.0027744684
1588.153026140522,1588.153026140522,1.0128856,0.0027452798
1588.1544150072832,1588.1544150072832,1.0119854,0.002748791
1588.155803874045,1588.155803874045,1.0087444,0.0027528182
1588.1571927408072,1588.1571927408072,1.0122805,0.002745854
1588.1585816075694,1588.1585816075694,1.0092623,0.0027454058
1588.1599704743307,1588.1599704743307,1.0128602,0.0027456216
1588.161359340976,1588.161359340976,1.0105612,0.002746753
1588.1627482077374,1588.1627482077374,1.0116878,0.002745527
1588.1641370744992,1588.1641370744992,1.0090351,0.0027462423
1588.1655259412614,1588.1655259412614,1.0076385,0.0027434852
1588.1669148080234,1588.1669148080234,1.008561,0.0027605311
1588.168303674784,1588.168303674784,1.008057,0.0027460088
1588.169692541545,1588.169692541545,1.010182,0.002758161
1588.1710814083067,1588.1710814083067,1.0100433,0.0027505385
1588.172470275068,1588.172470275068,1.0046474,0.002742938
1588.1738591418302,1588.1738591418302,1.0073912,0.0027415685
1588.175248008476,1588.175248008476,1.0054245,0.0027426186
1588.1766368752378,1588.1766368752378,1.0126808,0.0027519797
1588.1780257419991,1588.1780257419991,1.0104203,0.0027449266
1588.179414608761,1588.179414608761,1.0098988,0.002746022
1588.1808034755231,1588.1808034755231,1.0122539,0.002749642
1588.182192342169,1588.182192342169,1.0098172,0.0027532047
1588.1835812089303,1588.1835812089303,1.0092468,0.0027443361
1588.184970075692,1588.184970075692,1.0106578,0.002746553
1588.186358942337,1588.186358942337,1.0111467,0.0027448155
1588.1877478090983,1588.1877478090983,1.0048808,0.0027413704
1588.1891366758605,1588.1891366758605,1.011275,0.0027478943
1588.1905255426227,1588.1905255426227,1.0068488,0.002756705
1588.1919144092672,1588.1919144092672,1.0088931,0.0027429094
1588.193303276028,1588.193303276028,1.0085254,0.002752161
1588.1946921427898,1588.1946921427898,1.009684,0.0027489867
1588.1960810094356,1588.1960810094356,1.0056647,0.0027413787
1588.1974698761978,1588.1974698761978,1.0091345,0.0027479704
1588.1988587428427,1588.1988587428427,1.0099977,0.002745294
1588.2002476096045,1588.2002476096045,1.0109112,0.002754054
1588.2016364763658,1588.2016364763658,1.0099914,0.0027439322
1588.2030253430112,1588.2030253430112,1.008637,0.0027472703
1588.2044142097734,1588.2044142097734,1.0070767,0.0027424572
1588.205803076419,1588.205803076419,1.0089968,0.0027449115
1588.2071919431805,1588.2071919431805,1.009621,0.0027474791
1588.2085808098254,1588.2085808098254,1.0091542,0.0027467562
1588.2099696765872,1588.2099696765872,1.0088013,0.0027453133
1588.211358543233,1588.211358543233,1.0085332,0.0027495371
1588.2127474099952,1588.2127474099952,1.007631,0.0027493245
1588.2141362766401,1588.2141362766401,1.0103749,0.002745971
1588.2155251432846,1588.2155251432846,1.005594,0.0027451436
1588.2169140100455,1588.2169140100455,1.007264,0.0027455147
1588.2183028766908,1588.2183028766908,1.0091249,0.002764275
1588.219691743453,1588.219691743453,1.0073434,0.0027427142
1588.2210806100989,1588.2210806100989,1.0102514,0.0027429918
1588.2224694767438,1588.2224694767438,1.0094446,0.002756877
1588.2238583435055,1588.2238583435055,1.0090933,0.0027603281
1588.2252472101504,1588.2252472101504,1.0105201,0.0027456621
1588.2266360769127,1588.2266360769127,1.0119761,0.0027434034
1588.2280249435585,1588.2280249435585,1.0074718,0.0027475625
1588.2294138102034,1588.2294138102034,1.008536,0.0027459562
1588.2308026768487,1588.2308026768487,1.0098472,0.0027525371
1588.23219154361,1588.23219154361,1.0130904,0.0027459299
1588.2335804102554,1588.2335804102554,1.0073327,0.002747147
1588.2349692769012,1588.2349692769012,1.008539,0.00274355
1588.236358143547,1588.236358143547,1.011482,0.0027511336
1588.2377470103083,1588.2377470103083,1.0097221,0.002746739
1588.2391358769528,1588.2391358769528,1.0069327,0.0027496126
1588.2405247435972,1588.2405247435972,1.0066137,0.0027442093
1588.241913610243,1588.241913610243,1.0099577,0.0027449515
1588.2433024768889,1588.2433024768889,1.0072641,0.0027415312
1588.2446913436504,1588.2446913436504,1.0044616,0.0027447755
1588.2460802102955,1588.2460802102955,1.0111717,0.0027411683
1588.2474690769404,1588.2474690769404,1.007436,0.0027522028
1588.2488579435858,1588.2488579435858,1.0030984,0.0027397773
1588.2502468102316,1588.2502468102316,1.0081365,0.002742881
1588.2516356768774,1588.2516356768774,1.0096279,0.0027581744
1588.2530245435223,1588.2530245435223,1.0058625,0.002745983
1588.2544134101677,1588.2544134101677,1.0088277,0.0027426523
1588.2558022768126,1588.2558022768126,1.0087094,0.0027501022
1588.2571911434584,1588.2571911434584,1.0067838,0.0027563858
1588.2585800101042,1588.2585800101042,1.0069317,0.0027572473
1588.2599688767496,1588.2599688767496,1.0066738,0.0027446975
1588.2613577433945,1588.2613577433945,1.0087293,0.0027460267
1588.262746610039,1588.262746610039,1.0082294,0.0027429368
1588.2641354766834,1588.2641354766834,1.0070761,0.0027451825
1588.2655243433292,1588.2655243433292,1.0101738,0.0027450966
1588.266913209975,1588.266913209975,1.0122138,0.0027568948
1588.2683020766199,1588.2683020766199,1.0070338,0.0027440356
1588.2696909432652,1588.2696909432652,1.0091102,0.0027414332
1588.2710798099101,1588.2710798099101,1.0108318,0.0027436786
1588.272468676556,1588.272468676556,1.0077399,0.002743968
1588.2738575432018,1588.2738575432018,1.0111542,0.0027476647
1588.275246409847,1588.275246409847,1.009386,0.002750346
1588.276635276492,1588.276635276492,1.0041276,0.0027436907
1588.278024143021,1588.278024143021,1.0089428,0.0027472184
1588.2794130096659,1588.2794130096659,1.0095322,0.0027454025
1588.2808018763117,1588.2808018763117,1.0077841,0.0027559234
1588.2821907429575,1588.2821907429575,1.0082443,0.0027437578
1588.2835796096028,1588.2835796096028,1.008558,0.0027442928
1588.2849684761313,1588.2849684761313,1.0057921,0.0027424654
1588.2863573427758,1588.2863573427758,1.0068936,0.0027422602
1588.2877462094207,1588.2877462094207,1.0061578,0.0027445203
1588.2891350760665,1588.2891350760665,1.0059745,0.0027430523
1588.2905239425954,1588.2905239425954,1.0073549,0.0027506445
1588.2919128092403,1588.2919128092403,1.0075235,0.002748082
1588.2933016758857,1588.2933016758857,1.0072327,0.0027424255
1588.2946905424142,1588.2946905424142,1.0057629,0.0027483287
1588.29607940906,1588.29607940906,1.0069181,0.002742135
1588.2974682757058,1588.2974682757058,1.0042238,0.0027506535
1588.2988571422347,1588.2988571422347,1.005391,0.002743965
1588.3002460088796,1588.3002460088796,1.007212,0.0027589689
1588.301634875525,1588.301634875525,1.0012554,0.0027511157
1588.3030237420544,1588.3030237420544,1.0066285,0.0027618199
1588.3044126087002,1588.3044126087002,1.0082601,0.0027425434
1588.3058014752287,1588.3058014752287,1.0014664,0.002754856
1588.3071903418736,1588.3071903418736,1.0023581,0.0027448484
1588.3085792084025,1588.3085792084025,1.0057973,0.0027421524
1588.309968075047,1588.309968075047,1.0078983,0.0027459702
1588.3113569415755,1588.3113569415755,1.0028311,0.0027447043
1588.3127458082213,1588.3127458082213,1.0057877,0.0027584694
1588.3141346747502,1588.3141346747502,1.0057752,0.0027450363
1588.3155235413951,1588.3155235413951,1.0054653,0.0027449685
1588.316912407924,1588.316912407924,1.0023601,0.0027430693
1588.3183012745699,1588.3183012745699,1.0057173,0.0027477182
1588.3196901410993,1588.3196901410993,1.0050812,0.002741427
1588.3210790077442,1588.3210790077442,1.0063862,0.00275111
1588.3224678742731,1588.3224678742731,1.0065808,0.0027424581
1588.3238567408016,1588.3238567408016,1.0070565,0.002746218
1588.3252456074465,1588.3252456074465,1.0014067,0.0027410078
1588.326634473976,1588.326634473976,1.00298,0.0027459257
1588.3280233406217,1588.3280233406217,1.0064361,0.0027453462
1588.3294122071507,1588.3294122071507,1.0064751,0.0027574496
1588.3308010736791,1588.3308010736791,1.0012062,0.0027412327
1588.3321899402072,1588.3321899402072,1.0038664,0.0027448572
1588.3335788068516,1588.3335788068516,1.0026848,0.0027497506
1588.334967673381,1588.334967673381,1.0056989,0.0027557975
1588.3363565399104,1588.3363565399104,1.000079,0.0027569854
1588.3377454065558,1588.3377454065558,1.0065106,0.0027457073
1588.3391342730843,1588.3391342730843,1.0034876,0.0027469194
1588.3405231396132,1588.3405231396132,1.0051495,0.0027584354
1588.3419120061426,1588.3419120061426,1.0018519,0.0027426332
1588.343300872672,1588.343300872672,1.0063707,0.002747185
1588.344689739317,1588.344689739317,1.0056449,0.0027394262
1588.3460786058454,1588.3460786058454,1.006746,0.002743716
1588.3474674723743,1588.3474674723743,1.003847,0.0027482242
1588.3488563389028,1588.3488563389028,1.0021971,0.0027432973
1588.3502452054322,1588.3502452054322,0.9998494,0.0027421117
1588.3516340719616,1588.3516340719616,0.9988939,0.0027460787
1588.353022938607,1588.353022938607,1.0008292,0.002740817
1588.3544118051354,1588.3544118051354,1.0032014,0.0027421478
1588.3558006716635,1588.3558006716635,1.0037721,0.0027442807
1588.3571895381924,1588.3571895381924,1.0039059,0.00274059
1588.3585784047218,1588.3585784047218,1.0026358,0.0027512524
1588.3599672712503,1588.3599672712503,1.0018977,0.0027415068
1588.3613561377792,1588.3613561377792,1.0037172,0.002741906
1588.3627450043077,1588.3627450043077,1.0067794,0.002743078
1588.3641338708362,1588.3641338708362,1.0007633,0.0027444249
1588.3655227373656,1588.3655227373656,0.9997665,0.0027428076
1588.366911603895,1588.366911603895,0.9998595,0.002741515
1588.368300470424,1588.368300470424,1.003626,0.0027461515
1588.3696893369524,1588.3696893369524,0.99967843,0.0027545006
1588.3710782034814,1588.3710782034814,0.9972561,0.002743019
1588.3724670700108,1588.3724670700108,1.0015283,0.0027404334
1588.3738559365402,1588.3738559365402,0.9981728,0.0027424414
1588.3752448029522,1588.3752448029522,1.0006603,0.0027420588
1588.3766336694812,1588.3766336694812,0.99990314,0.0027412002
1588.3780225360097,1588.3780225360097,0.9986109,0.0027402563
1588.3794114025377,1588.3794114025377,0.99915624,0.0027405042
1588.3808002690666,1588.3808002690666,1.0030816,0.0027530137
1588.382189135596,1588.382189135596,1.0005512,0.0027537236
1588.383578002008,1588.383578002008,1.0004457,0.0027465445
1588.3849668685366,1588.3849668685366,0.99649006,0.0027598983
1588.3863557350655,1588.3863557350655,0.9993029,0.002750525
1588.387744601595,1588.387744601595,1.0171716,0.002758448
1588.3891334681243,1588.3891334681243,1.0098768,0.0027467317
1588.3905223345364,1588.3905223345364,1.0073802,0.002748698
1588.3919112010653,1588.3919112010653,1.008786,0.0027515138
1588.3933000675938,1588.3933000675938,1.0083932,0.0027518093
1588.3946889340064,1588.3946889340064,1.0056338,0.0027566557
1588.3960778005357,1588.3960778005357,1.0057609,0.0027448863
1588.3974666670651,1588.3974666670651,1.0055854,0.0027448856
1588.3988555334772,1588.3988555334772,1.0043428,0.0027457047
1588.4002444000062,1588.4002444000062,1.0067817,0.0027591716
1588.4016332665346,1588.4016332665346,1.0062469,0.0027413324
1588.403022132947,1588.403022132947,1.0013835,0.0027447154
1588.4044109994757,1588.4044109994757,1.0038285,0.0027428244
1588.4057998660041,1588.4057998660041,1.003665,0.0027441867
1588.4071887324167,1588.4071887324167,1.0017338,0.0027441795
1588.4085775989452,1588.4085775989452,1.0020524,0.002747127
1588.4099664653577,1588.4099664653577,1.0043592,0.002749411
1588.411355331887,1588.411355331887,1.0058551,0.002747388
1588.4127441983,1588.4127441983,1.0004288,0.002740645
1588.4141330648285,1588.4141330648285,1.0020478,0.0027433482
1588.415521931241,1588.415521931241,0.9994517,0.0027443229
1588.4169107977696,1588.4169107977696,1.0025756,0.0027486058
1588.4182996641825,1588.4182996641825,0.99827254,0.0027415408
1588.419688530712,1588.419688530712,0.99938923,0.0027436116
1588.4210773971245,1588.4210773971245,0.99666274,0.0027396977
1588.422466263653,1588.422466263653,0.99884117,0.0027462412
1588.4238551300652,1588.4238551300652,0.9965738,0.0027536277
1588.4252439964766,1588.4252439964766,0.99851674,0.0027436567
1588.4266328630056,1588.4266328630056,0.99832916,0.0027403324
1588.4280217294186,1588.4280217294186,0.99566585,0.0027542568
1588.429410595947,1588.429410595947,1.0006461,0.002742515
1588.4307994623596,1588.4307994623596,0.9958767,0.0027394951
1588.4321883287716,1588.4321883287716,1.0010246,0.002742753
1588.433577195301,1588.433577195301,1.000676,0.0027444363
1588.434966061714,1588.434966061714,0.99562424,0.002742495
1588.4363549281265,1588.4363549281265,0.99580216,0.0027378697
1588.437743794655,1588.437743794655,0.9936512,0.0027479134
1588.4391326610676,1588.4391326610676,0.9942183,0.0027405105
1588.4405215274796,1588.4405215274796,0.9970484,0.0027520647
1588.4419103938926,1588.4419103938926,1.0014718,0.002743295
1588.443299260422,1588.443299260422,0.9947734,0.0027427615
1588.444688126834,1588.444688126834,0.99407744,0.0027426062
1588.4460769932466,1588.4460769932466,0.99131185,0.0027430356
1588.4474658596587,1588.4474658596587,0.99468184,0.0027379123
1588.4488547260712,1588.4488547260712,0.99664867,0.002739713
1588.4502435924833,1588.4502435924833,0.9924427,0.002737827
1588.4516324590122,1588.4516324590122,0.9936837,0.0027441462
1588.4530213254243,1588.4530213254243,0.9954856,0.0027405538
1588.4544101918368,1588.4544101918368,0.9938254,0.002741236
1588.4557990582489,1588.4557990582489,0.99518883,0.0027403568
1588.4571879246619,1588.4571879246619,0.9940029,0.002739066
1588.4585767910748,1588.4585767910748,0.99317896,0.0027427168
1588.4599656574874,1588.4599656574874,0.9920698,0.0027448568
1588.4613545238994,1588.4613545238994,0.9953854,0.0027409794
1588.4627433903117,1588.4627433903117,0.99335164,0.0027377196
1588.4641322567245,1588.4641322567245,0.9968414,0.002738401
1588.4655211231375,1588.4655211231375,0.99673074,0.0027428023
1588.46690998955,1588.46690998955,0.9971877,0.0027385117
1588.468298855962,1588.468298855962,0.9930484,0.0027386763
1588.4696877223746,1588.4696877223746,0.9954428,0.0027502838
1588.4710765887862,1588.4710765887862,0.99397224,0.0027441795
1588.4724654551983,1588.4724654551983,0.9944593,0.0027387675
1588.4738543216113,1588.4738543216113,0.99440557,0.0027406465
1588.4752431880238,1588.4752431880238,0.995932,0.0027391913
1588.4766320544359,1588.4766320544359,0.99502116,0.0027404965
1588.4780209208484,1588.4780209208484,0.99487,0.0027475806
1588.4794097872605,1588.4794097872605,0.99809605,0.0027405429
1588.480798653557,1588.480798653557,0.9885053,0.0027478342
1588.48218751997,1588.48218751997,0.9931449,0.0027412
1588.483576386382,1588.483576386382,0.9955238,0.0027413082
1588.4849652527946,1588.4849652527946,0.992922,0.0027491574
1588.4863541192067,1588.4863541192067,0.9925822,0.0027405517
1588.4877429856197,1588.4877429856197,0.9957746,0.0027425622
1588.4891318519162,1588.4891318519162,0.9920409,0.0027373696
1588.4905207183288,1588.4905207183288,0.9941009,0.0027419063
1588.4919095847408,1588.4919095847408,0.9936483,0.0027423692
1588.4932984511534,1588.4932984511534,0.9941441,0.0027366914
1588.4946873174486,1588.4946873174486,0.99179024,0.0027351892
1588.4960761838606,1588.4960761838606,0.99438506,0.0027384711
1588.4974650502736,1588.4974650502736,0.99206245,0.0027354881
1588.4988539165697,1588.4988539165697,0.99392396,0.0027406665
1588.5002427829818,1588.5002427829818,0.9931154,0.0027419666
1588.501631649394,1588.501631649394,0.9915095,0.0027411112
1588.5030205156904,1588.5030205156904,0.9929569,0.002736752
1588.5044093821034,1588.5044093821034,0.99298716,0.0027358807
1588.505798248516,1588.505798248516,0.98890597,0.0027351393
1588.5071871148116,1588.5071871148116,0.99067813,0.0027385745
1588.508575981224,1588.508575981224,0.99171805,0.0027386895
1588.5099648475198,1588.5099648475198,0.99434227,0.0027430917
1588.5113537139327,1588.5113537139327,0.99307907,0.0027387547
1588.5127425803457,1588.5127425803457,0.9894283,0.0027399263
1588.5141314466418,1588.5141314466418,0.9925801,0.0027387557
1588.515520313054,1588.515520313054,0.9911423,0.0027395498
1588.516909179349,1588.516909179349,0.9913591,0.0027361184
1588.5182980457616,1588.5182980457616,0.9892207,0.0027389508
1588.5196869120582,1588.5196869120582,0.99100715,0.0027545183
1588.5210757784703,1588.5210757784703,0.9884353,0.0027362364
1588.522464644766,1588.522464644766,0.9914434,0.002740084
1588.523853511062,1588.523853511062,0.9926317,0.0027440116
1588.5252423774741,1588.5252423774741,0.98882985,0.0027381743
1588.5266312437707,1588.5266312437707,0.99168444,0.0027489304
1588.5280201101837,1588.5280201101837,0.9922817,0.0027503327
1588.5294089764798,1588.5294089764798,0.98877096,0.0027361005
1588.5307978427754,1588.5307978427754,0.9905061,0.0027526454
1588.532186709188,1588.532186709188,0.9911581,0.0027519849
1588.5335755754845,1588.5335755754845,0.9895551,0.0027470118
1588.534964441781,1588.534964441781,0.9898812,0.0027365552
1588.5363533081932,1588.5363533081932,0.9926012,0.0027405082
1588.5377421744893,1588.5377421744893,0.9878734,0.0027384222
1588.539131040785,1588.539131040785,0.9892128,0.0027381869
1588.5405199071965,1588.5405199071965,0.99278027,0.0027545549
1588.5419087734922,1588.5419087734922,0.9885043,0.0027373272
1588.5432976397888,1588.5432976397888,0.99061245,0.0027359072
1588.5446865060849,1588.5446865060849,0.9870769,0.0027522144
1588.546075372497,1588.546075372497,0.98813486,0.0027346686
1588.547464238793,1588.547464238793,0.98596126,0.0027398404
1588.5488531050896,1588.5488531050896,0.9884202,0.0027484025
1588.5502419713862,1588.5502419713862,0.9854841,0.0027385592
1588.5516308376818,1588.5516308376818,0.98817223,0.0027439913
1588.553019703978,1588.553019703978,0.9902236,0.0027394556
1588.55440857039,1588.55440857039,0.9876714,0.0027393375
1588.5557974366861,1588.5557974366861,0.98808086,0.0027405235
1588.5571863029827,1588.5571863029827,0.98894143,0.0027374097
1588.5585751692793,1588.5585751692793,0.9886017,0.0027395359
1588.559964035575,1588.559964035575,0.98923254,0.002740849
1588.5613529018708,1588.5613529018708,0.99027747,0.0027452025
1588.5627417681658,1588.5627417681658,0.9876213,0.0027498156
1588.564130634462,1588.564130634462,0.9870423,0.0027346755
1588.5655195007585,1588.5655195007585,0.9884212,0.0027389857
1588.566908367054,1588.566908367054,0.9882322,0.0027367976
1588.5682972333502,1588.5682972333502,0.98868936,0.0027374509
1588.5696860996459,1588.5696860996459,0.9876403,0.0027387734
1588.571074965942,1588.571074965942,0.98749435,0.0027359577
1588.5724638322386,1588.5724638322386,0.986877,0.0027360588
1588.5738526985351,1588.5738526985351,0.9879529,0.0027394358
1588.5752415648308,1588.5752415648308,0.98859435,0.0027346197
1588.576630431127,1588.576630431127,0.98804396,0.0027339396
1588.5780192974225,1588.5780192974225,0.9867463,0.0027370679
1588.579408163719,1588.579408163719,0.9888218,0.0027507679
1588.5807970300157,1588.5807970300157,0.98980504,0.0027336797
1588.5821858961951,1588.5821858961951,0.98647106,0.0027335377
1588.583574762491,1588.583574762491,0.9847888,0.0027459145
1588.5849636287867,1588.5849636287867,0.98543745,0.0027379235
1588.5863524950819,1588.5863524950819,0.98892885,0.0027358537
1588.587741361378,1588.587741361378,0.9899782,0.002744617
1588.5891302275581,1588.5891302275581,0.98996174,0.0027377289
1588.5905190938538,1588.5905190938538,0.9869778,0.0027412353
1588.59190796015,1588.59190796015,0.98597175,0.0027345924
1588.5932968264456,1588.5932968264456,0.9856917,0.0027401806
1588.5946856927421,1588.5946856927421,0.9848613,0.002734881
1588.5960745589223,1588.5960745589223,0.98293173,0.002748268
1588.5974634252184,1588.5974634252184,0.98737407,0.0027354313
1588.598852291514,1588.598852291514,0.9826763,0.0027330292
1588.6002411576937,1588.6002411576937,0.9892023,0.002737951
1588.6016300239894,1588.6016300239894,0.9884362,0.0027366972
1588.603018890286,1588.603018890286,0.9843629,0.0027346562
1588.6044077564661,1588.6044077564661,0.98529613,0.0027353736
1588.6057966227618,1588.6057966227618,0.9878071,0.0027358816
1588.6071854890579,1588.6071854890579,0.98396075,0.0027305656
1588.6085743552367,1588.6085743552367,0.9824033,0.0027348758
1588.6099632215323,1588.6099632215323,0.99011403,0.0027390097
1588.6113520877125,1588.6113520877125,0.986252,0.002732499
1588.6127409540086,1588.6127409540086,0.98798466,0.0027380926
1588.6141298201878,1588.6141298201878,0.98512137,0.0027494493
1588.615518686484,1588.615518686484,0.9902924,0.0027353454
1588.6169075526632,1588.6169075526632,0.98768246,0.0027397552
1588.6182964189597,1588.6182964189597,0.9837772,0.0027338576
1588.61968528514,1588.61968528514,0.9857417,0.0027364604
1588.6210741514358,1588.6210741514358,0.9835675,0.0027384674
1588.6224630176152,1588.6224630176152,0.98858637,0.0027355342
1588.623851883911,1588.623851883911,0.9866239,0.0027482314
1588.625240750091,1588.625240750091,0.9849943,0.0027347368
1588.6266296163876,1588.6266296163876,0.9857953,0.0027376625
1588.6280184825673,1588.6280184825673,0.9827055,0.0027348765
1588.629407348863,1588.629407348863,0.98609185,0.002736029
1588.6307962150418,1588.6307962150418,0.98187536,0.002734275
1588.6321850812205,1588.6321850812205,0.9827361,0.0027512994
1588.633573947517,1588.633573947517,0.98440963,0.0027348055
1588.6349628136973,1588.6349628136973,0.9830741,0.0027387599
1588.636351679877,1588.636351679877,0.98485845,0.0027548333
1588.6377405461726,1588.6377405461726,0.98151463,0.0027337235
1588.6391294123523,1588.6391294123523,0.9818241,0.0027462055
1588.6405182785315,1588.6405182785315,0.98478633,0.0027376355
1588.6419071447117,1588.6419071447117,0.9852186,0.0027332383
1588.6432960110083,1588.6432960110083,0.9829798,0.0027379002
1588.6446848771875,1588.6446848771875,0.98165315,0.0027370893
1588.6460737433672,1588.6460737433672,0.98506904,0.0027335389
1588.6474626095464,1588.6474626095464,0.9872876,0.0027345882
1588.648851475843,1588.648851475843,0.984663,0.0027326401
1588.6502403420232,1588.6502403420232,0.9804132,0.0027324161
1588.6516292082028,1588.6516292082028,0.9792885,0.0027345805
1588.653018074382,1588.653018074382,0.9844346,0.0027321994
1588.6544069405609,1588.6544069405609,0.9842963,0.0027394418
1588.6557958067397,1588.6557958067397,0.98111284,0.0027326632
1588.6571846730362,1588.6571846730362,0.98433405,0.0027337228
1588.6585735392164,1588.6585735392164,0.98403466,0.0027433822
1588.6599624053958,1588.6599624053958,0.9822681,0.0027512223
1588.6613512715753,1588.6613512715753,0.9814683,0.0027346157
1588.6627401377546,1588.6627401377546,0.98552644,0.0027423915
1588.6641290039347,1588.6641290039347,0.9847981,0.0027365002
1588.6655178701149,1588.6655178701149,0.98285556,0.0027308553
1588.6669067362945,1588.6669067362945,0.9837877,0.0027362837
1588.6682956024738,1588.6682956024738,0.986651,0.0027510887
1588.6696844686535,1588.6696844686535,0.9836071,0.002735107
1588.6710733348327,1588.6710733348327,0.9830201,0.002739218
1588.6724622010129,1588.6724622010129,0.9807835,0.0027302008
1588.673851067193,1588.673851067193,0.9791443,0.0027303235
1588.6752399333727,1588.6752399333727,0.9822012,0.0027350592
1588.6766287995515,1588.6766287995515,0.9820078,0.0027334408
1588.6780176657303,1588.6780176657303,0.98161536,0.0027328585
1588.6794065319104,1588.6794065319104,0.9825658,0.002732976
1588.680795397974,1588.680795397974,0.9835315,0.0027346325
1588.6821842641534,1588.6821842641534,0.9833655,0.0027482985
1588.6835731303327,1588.6835731303327,0.98015136,0.0027339465
1588.6849619965124,1588.6849619965124,0.98222685,0.0027568568
1588.6863508626916,1588.6863508626916,0.9832579,0.0027339053
1588.6877397288717,1588.6877397288717,0.97771186,0.00274651
1588.6891285949355,1588.6891285949355,0.9828107,0.0027382413
1588.6905174611152,1588.6905174611152,0.98681253,0.0027404027
1588.6919063272944,1588.6919063272944,0.98261255,0.0027309526
1588.6932951934741,1588.6932951934741,0.9832068,0.0027353843
1588.6946840596543,1588.6946840596543,0.98171276,0.0027326439
1588.696072925718,1588.696072925718,0.9869181,0.002732931
1588.6974617918972,1588.6974617918972,0.9866096,0.0027325347
1588.698850658076,1588.698850658076,0.9807425,0.0027320818
1588.7002395241384,1588.7002395241384,0.98224705,0.0027329514
1588.7016283903176,1588.7016283903176,0.98693603,0.0027453864
1588.7030172564978,1588.7030172564978,0.9852861,0.0027464372
1588.7044061225615,1588.7044061225615,0.98362976,0.0027325617
1588.7057949887412,1588.7057949887412,0.98162097,0.0027354783
1588.7071838549205,1588.7071838549205,0.98543674,0.0027317563
1588.7085727209837,1588.7085727209837,0.9807651,0.0027316392
1588.709961587164,1588.709961587164,0.9844905,0.0027495304
1588.7113504532276,1588.7113504532276,0.97997004,0.0027318161
1588.7127393194069,1588.7127393194069,0.98092246,0.0027488912
1588.7141281855866,1588.7141281855866,0.98577976,0.002752428
1588.7155170516494,1588.7155170516494,0.98049223,0.0027318809
1588.716905917829,1588.716905917829,0.9840769,0.0027325996
1588.7182947838928,1588.7182947838928,0.98226416,0.0027338385
1588.7196836500727,1588.7196836500727,0.9794611,0.002737728
1588.7210725161349,1588.7210725161349,0.9791575,0.0027473688
1588.7224613823137,1588.7224613823137,0.9790671,0.002731526
1588.723850248377,1588.723850248377,0.9851059,0.0027409012
1588.7252391144407,1588.7252391144407,0.97969425,0.002734241
1588.7266279806208,1588.7266279806208,0.9783996,0.0027366993
1588.7280168466837,1588.7280168466837,0.9765069,0.0027318322
1588.7294057128634,1588.7294057128634,0.981809,0.0027339729
1588.7307945789262,1588.7307945789262,0.97947973,0.0027351414
1588.7321834449895,1588.7321834449895,0.9835759,0.0027347284
1588.7335723111696,1588.7335723111696,0.9820959,0.0027303246
1588.7349611772333,1588.7349611772333,0.97844034,0.002733424
1588.7363500432962,1588.7363500432962,0.98008823,0.002734158
1588.7377389094759,1588.7377389094759,0.98368955,0.002734894
1588.7391277755387,1588.7391277755387,0.97941566,0.0027335729
1588.7405166416024,1588.7405166416024,0.9828275,0.0027329049
1588.7419055077826,1588.7419055077826,0.97970825,0.002734514
1588.743294373845,1588.743294373845,0.9801743,0.0027324301
1588.7446832399073,1588.7446832399073,0.9834216,0.0027348567
1588.7460721059701,1588.7460721059701,0.98060066,0.0027350828
1588.7474609721498,1588.7474609721498,0.976086,0.0027317964
1588.7488498382136,1588.7488498382136,0.9792138,0.002746476
1588.7502387042773,1588.7502387042773,0.9785748,0.0027319316
1588.7516275703401,1588.7516275703401,0.9806733,0.0027323049
1588.7530164364034,1588.7530164364034,0.98284256,0.002745686
1588.7544053025827,1588.7544053025827,0.97876626,0.0027460868
1588.7557941686464,1588.7557941686464,0.983661,0.0027340252
1588.7571830347101,1588.7571830347101,0.981398,0.0027318217
1588.7585719007734,1588.7585719007734,0.9752247,0.002730785
1588.7599607668362,1588.7599607668362,0.97919244,0.0027335049
1588.761349632899,1588.761349632899,0.98063874,0.0027355265
1588.7627384989623,1588.7627384989623,0.981371,0.0027446167
1588.764127365026,1588.764127365026,0.98021436,0.0027367894
1588.7655162310898,1588.7655162310898,0.97975,0.0027355568
1588.7669050971522,1588.7669050971522,0.9803362,0.002730585
1588.7682939632145,1588.7682939632145,0.98078865,0.0027358371
1588.7696828292774,1588.7696828292774,0.9840458,0.002734947
1588.771071695341,1588.771071695341,0.98578537,0.0027367007
1588.7724605614048,1588.7724605614048,0.98485947,0.0027346415
1588.7738494274681,1588.7738494274681,0.982663,0.0027328948
1588.775238293531,1588.775238293531,0.98400384,0.0027341933
1588.7766271595942,1588.7766271595942,0.99043024,0.0027477306
1588.778016025657,1588.778016025657,0.98725003,0.0027371878
1588.7794048917208,1588.7794048917208,0.98183894,0.002731647
1588.7807937577845,1588.7807937577845,0.9809183,0.0027337666
1588.7821826238473,1588.7821826238473,0.98324627,0.0027336057
1588.7835714899106,1588.7835714899106,0.97998035,0.002734735
1588.784960355857,1588.784960355857,0.98110074,0.0027290906
1588.7863492219203,1588.7863492219203,0.9810548,0.0027375442
1588.787738087984,1588.787738087984,0.98288935,0.002747584
1588.7891269540469,1588.7891269540469,0.9832865,0.0027330932
1588.7905158201092,1588.7905158201092,0.98379236,0.0027359577
1588.7919046860561,1588.7919046860561,0.9816257,0.0027345258
1588.793293552119,1588.793293552119,0.9792479,0.0027346956
1588.7946824181827,1588.7946824181827,0.9831397,0.0027367696
1588.7960712842464,1588.7960712842464,0.98204505,0.0027333428
1588.7974601501933,1588.7974601501933,0.9814431,0.0027342911
1588.798849016256,1588.798849016256,0.97877353,0.0027267525
1588.800237882319,1588.800237882319,0.980878,0.002734366
1588.8016267482658,1588.8016267482658,0.9801644,0.0027361328
1588.8030156143295,1588.8030156143295,0.9819573,0.0027347894
1588.8044044803933,1588.8044044803933,0.9794638,0.0027312445
1588.8057933463397,1588.8057933463397,0.97932345,0.0027479997
1588.807182212403,1588.807182212403,0.97939545,0.002729679
1588.8085710784658,1588.8085710784658,0.9793762,0.002731201
1588.809959944413,1588.809959944413,0.9774569,0.0027394844
1588.8113488104764,1588.8113488104764,0.98133695,0.002735355
1588.8127376764223,1588.8127376764223,0.9809921,0.0027317964
1588.8141265424852,1588.8141265424852,0.98190427,0.0027321859
1588.815515408432,1588.815515408432,0.982365,0.0027311011
1588.8169042744948,1588.8169042744948,0.98009455,0.0027346222
1588.8182931404422,1588.8182931404422,0.9821724,0.0027404067
1588.819682006506,1588.819682006506,0.97940123,0.0027472891
1588.8210708724523,1588.8210708724523,0.97831774,0.002730597
1588.8224597385156,1588.8224597385156,0.97982526,0.002734202
1588.823848604462,1588.823848604462,0.97987753,0.0027396244
1588.8252374705257,1588.8252374705257,0.9810422,0.0027351489
1588.826626336473,1588.826626336473,0.98104787,0.0027416276
1588.8280152025363,1588.8280152025363,0.9815692,0.0027343596
1588.8294040684827,1588.8294040684827,0.9822608,0.0027355927
1588.8307929344296,1588.8307929344296,0.9851332,0.0027335451
1588.8321818004924,1588.8321818004924,0.9798167,0.0027322802
1588.8335706664393,1588.8335706664393,0.97886074,0.0027319037
1588.8349595325021,1588.8349595325021,0.97916186,0.0027332
1588.836348398449,1588.836348398449,0.98370874,0.0027316522
1588.8377372643954,1588.8377372643954,0.9795298,0.0027327118
1588.8391261303418,1588.8391261303418,0.98181,0.0027371207
1588.8405149964055,1588.8405149964055,0.98331237,0.002731947
1588.8419038623529,1588.8419038623529,0.98498875,0.0027399296
1588.8432927282997,1588.8432927282997,0.9837418,0.0027351654
1588.8446815943626,1588.8446815943626,0.9800433,0.0027342543
1588.8460704603094,1588.8460704603094,0.9837376,0.0027329565
1588.8474593262558,1588.8474593262558,0.97965103,0.002732461
1588.8488481922031,1588.8488481922031,0.9787866,0.0027338765
1588.8502370581505,1588.8502370581505,0.9793371,0.002741937
1588.8516259242137,1588.8516259242137,0.98182935,0.0027368588
1588.8530147901602,1588.8530147901602,0.97972244,0.0027351193
1588.854403656107,1588.854403656107,1.0089855,0.0027455997
1588.8557925220534,1588.8557925220534,1.0076379,0.0027478961
1588.857181388,1588.857181388,1.0037799,0.0027454754
1588.8585702539467,1588.8585702539467,1.001075,0.0027444027
1588.8599591198931,1588.8599591198931,0.9980146,0.0027464835
1588.86134798584,1588.86134798584,0.99318635,0.002737794
1588.8627368517864,1588.8627368517864,0.99851054,0.0027400143
1588.8641257178501,1588.8641257178501,1.0048575,0.0027415839
1588.8655145837974,1588.8655145837974,0.9993442,0.0027392665
1588.8669034497443,1588.8669034497443,1.0047596,0.0027471478
1588.8682923156907,1588.8682923156907,0.99473804,0.002750339
1588.8696811816376,1588.8696811816376,0.9965915,0.0027471685
1588.871070047585,1588.871070047585,0.99581593,0.0027440498
1588.8724589135322,1588.8724589135322,1.0007803,0.0027405177
1588.8738477794786,1588.8738477794786,1.0058743,0.002745074
1588.875236645309,1588.875236645309,1.0014265,0.002741707
1588.8766255112555,1588.8766255112555,1.0014555,0.0027436453
1588.8780143772015,1588.8780143772015,0.99750596,0.0027418686
1588.8794032431479,1588.8794032431479,0.9999649,0.0027400935
1588.8807921090952,1588.8807921090952,0.99904054,0.002743709
1588.882180975042,1588.882180975042,0.99561375,0.0027440183
1588.8835698409885,1588.8835698409885,1.0011234,0.0027404095
1588.8849587069353,1588.8849587069353,0.9957235,0.0027541677
1588.8863475727662,1588.8863475727662,0.99760014,0.0027411534
1588.8877364387135,1588.8877364387135,0.9954605,0.002747673
1588.88912530466,1588.88912530466,0.99176306,0.002736369
1588.8905141706068,1588.8905141706068,0.99593014,0.0027396858
1588.8919030365532,1588.8919030365532,0.9959543,0.0027524706
1588.8932919023837,1588.8932919023837,0.996145,0.0027486423
1588.894680768331,1588.894680768331,0.99393094,0.0027419177
1588.8960696342783,1588.8960696342783,0.99262017,0.0027435352
1588.8974585002247,1588.8974585002247,0.9939685,0.0027444176
1588.8988473660547,1588.8988473660547,1.0084937,0.002744028
1588.9002362320007,1588.9002362320007,1.2294353,0.002847601
1588.9016250979475,1588.9016250979475,1.2438008,0.0028497756
1588.9030139637784,1588.9030139637784,1.3130794,0.002879161
1588.9044028297249,1588.9044028297249,1.3777301,0.002903972
1588.9057916956717,1588.9057916956717,1.4219888,0.0029361371
1588.9071805615017,1588.9071805615017,1.4573452,0.0029410988
1588.9085694274486,1588.9085694274486,1.4673277,0.0029424294
1588.9099582932795,1588.9099582932795,1.4555174,0.0029395747
1588.9113471592268,1588.9113471592268,1.4292078,0.002925788
1588.9127360251732,1588.9127360251732,1.3834628,0.002908255
1588.9141248910037,1588.9141248910037,1.3442477,0.0028919782
1588.91551375695,1588.91551375695,1.3130974,0.0028771542
1588.916902622781,1588.916902622781,1.2916143,0.0028713124
1588.9182914887283,1588.9182914887283,1.265919,0.0028604474
1588.9196803545583,1588.9196803545583,1.2469805,0.0028619766
1588.9210692205052,1588.9210692205052,1.2249854,0.0028470564
1588.9224580863347,1588.9224580863347,1.2064672,0.002831906
1588.9238469522807,1588.9238469522807,1.1934438,0.0028279072
1588.9252358181116,1588.9252358181116,1.1820375,0.0028213959
1588.9266246839425,1588.9266246839425,1.1610551,0.002818501
1588.9280135498889,1588.9280135498889,1.1447159,0.0028041482
1588.9294024157193,1588.9294024157193,1.1356395,0.0028016232
1588.9307912816657,1588.9307912816657,1.120271,0.002793378
1588.9321801474966,1588.9321801474966,1.1089946,0.0027901828
1588.9335690133275,1588.9335690133275,1.0990556,0.0027875907
1588.9349578792744,1588.9349578792744,1.0876,0.0027808037
1588.9363467451044,1588.9363467451044,1.0787479,0.0027777534
1588.9377356109344,1588.9377356109344,1.07606,0.0027868042
1588.9391244768813,1588.9391244768813,1.0678744,0.002772533
1588.9405133427122,1588.9405133427122,1.0567034,0.002771568
1588.941902208543,1588.941902208543,1.0536422,0.0027685605
1588.9432910743726,1588.9432910743726,1.0459747,0.0027698607
1588.9446799403186,1588.9446799403186,1.0419704,0.0027587907
1588.9460688061486,1588.9460688061486,1.0384797,0.0027581288
1588.947457671979,1588.947457671979,1.0305971,0.002757668
1588.94884653781,1588.94884653781,1.0274663,0.00275378
1588.9502354036408,1588.9502354036408,1.019092,0.0027479567
1588.9516242695872,1588.9516242695872,1.0165274,0.0027563756
1588.9530131354177,1588.9530131354177,1.0124781,0.0027496354
1588.9544020012477,1588.9544020012477,1.0107849,0.0027524645
1588.9557908670786,1588.9557908670786,1.0113585,0.002747094
1588.9571797329095,1588.9571797329095,1.0066285,0.0027457539
1588.9585685987395,1588.9585685987395,1.003477,0.002742632
1588.95995746457,1588.95995746457,1.0034953,0.0027435664
1588.9613463304,1588.9613463304,1.003576,0.0027440041
1588.9627351962304,1588.9627351962304,0.99931806,0.0027566254
1588.9641240620613,1588.9641240620613,0.9993179,0.0027389165
1588.9655129278913,1588.9655129278913,1.0016079,0.0027432234
1588.9669017937208,1588.9669017937208,0.9982125,0.0027532636
1588.9682906595513,1588.9682906595513,1.0010724,0.0027397887
1588.9696795253813,1588.9696795253813,0.9974011,0.0027422355
1588.9710683912122,1588.9710683912122,0.9932259,0.0027371217
1588.972457257043,1588.972457257043,0.99714524,0.002742061
1588.9738461228735,1588.9738461228735,0.99634564,0.0027398686
1588.9752349887035,1588.9752349887035,0.9918751,0.0027399713
1588.9766238545335,1588.9766238545335,0.99586225,0.0027376246
1588.978012720364,1588.978012720364,0.9912483,0.002750169
1588.9794015861949,1588.9794015861949,0.9905921,0.0027499811
1588.9807904520258,1588.9807904520258,0.99190295,0.002743819
1588.9821793178558,1588.9821793178558,0.9908203,0.0027538158
1588.9835681836862,1588.9835681836862,0.991637,0.0027378548
1588.9849570493998,1588.9849570493998,0.9925489,0.002752554
1588.9863459152307,1588.9863459152307,0.9946904,0.0027391224
1588.9877347810611,1588.9877347810611,0.9921419,0.0027419196
1588.9891236468907,1588.9891236468907,0.9890717,0.0027377773
1588.9905125127207,1588.9905125127207,0.9880138,0.0027364
1588.9919013784347,1588.9919013784347,0.9881268,0.0027340965
1588.9932902442647,1588.9932902442647,0.9884236,0.0027374155
1588.9946791100956,1588.9946791100956,0.98936117,0.0027361808
1588.9960679759265,1588.9960679759265,0.9888962,0.0027499578
1588.99745684164,1588.99745684164,0.990303,0.0027407592
1588.9988457074705,1588.9988457074705,0.9870937,0.0027378884
1589.0002345733005,1589.0002345733005,0.98656005,0.0027384171
1589.001623439015,1589.001623439015,0.98668295,0.0027345477
1589.003012304846,1589.003012304846,0.99173886,0.0027426493
1589.0044011706764,1589.0044011706764,0.9934708,0.002753893
1589.00579003639,1589.00579003639,0.99141943,0.002745643
1589.0071789022204,1589.0071789022204,0.98869693,0.0027331144
1589.008567767934,1589.008567767934,0.98889875,0.002737843
1589.0099566337644,1589.0099566337644,0.9910845,0.0027370884
1589.011345499478,1589.011345499478,0.9879517,0.0027352904
1589.0127343653085,1589.0127343653085,0.9898358,0.002736314
1589.0141232311385,1589.0141232311385,0.9879544,0.002741097
1589.015512096852,1589.015512096852,0.9918523,0.0027378509
1589.016900962683,1589.016900962683,0.98921263,0.0027392283
1589.0182898283974,1589.0182898283974,0.9901189,0.002733677
1589.0196786942279,1589.0196786942279,0.9911034,0.0027403769
1589.0210675599415,1589.0210675599415,0.99056584,0.0027390767
1589.0224564256555,1589.0224564256555,0.99345005,0.0027394635
1589.0238452914855,1589.0238452914855,0.99314505,0.0027463613
1589.0252341572,1589.0252341572,0.98869526,0.0027354965
1589.0266230230309,1589.0266230230309,0.9916868,0.0027559632
1589.028011888745,1589.028011888745,0.98881495,0.0027364655
1589.029400754575,1589.029400754575,0.9904888,0.0027358285
1589.030789620289,1589.030789620289,0.9928004,0.0027381603
1589.0321784860025,1589.0321784860025,0.9902039,0.0027380513
1589.033567351833,1589.033567351833,0.99154556,0.0027372956
1589.0349562175466,1589.0349562175466,0.9933654,0.0027356227
1589.0363450832601,1589.0363450832601,0.99505913,0.002742594
1589.0377339490906,1589.0377339490906,0.99196076,0.0027441375
1589.0391228148042,1589.0391228148042,0.9932621,0.0027360423
1589.0405116805186,1589.0405116805186,0.99134564,0.0027357643
1589.0419005462331,1589.0419005462331,0.98882204,0.0027372465
1589.0432894120636,1589.0432894120636,0.99148434,0.0027438407
1589.0446782777772,1589.0446782777772,0.9947603,0.002742076
1589.0557892036045,1589.0557892036045,0.9924751,0.002735144
1589.057178069319,1589.057178069319,0.99557716,0.0027374416
1589.058566935033,1589.058566935033,0.9918059,0.0027511918
1589.0599558007466,1589.0599558007466,0.99410176,0.0027391666
1589.0613446664606,1589.0613446664606,0.9943842,0.002749446
1589.0627335321751,1589.0627335321751,0.99336547,0.0027423769
1589.0641223978896,1589.0641223978896,0.9921362,0.0027528638
1589.0655112636032,1589.0655112636032,0.9954303,0.0027389762
1589.0669001293172,1589.0669001293172,0.99527496,0.0027529732
1589.0682889950308,1589.0682889950308,0.9931669,0.00273916
1589.0696778607448,1589.0696778607448,0.9934753,0.0027353829
1589.0710667264593,1589.0710667264593,0.9949524,0.0027382814
1589.0724555921738,1589.0724555921738,0.99732554,0.002747893
1589.0738444578874,1589.0738444578874,0.99598765,0.0027452593
1589.0752333236005,1589.0752333236005,0.9956345,0.0027413575
1589.0766221893136,1589.0766221893136,0.9966341,0.0027450186
1589.0780110550281,1589.0780110550281,0.9924745,0.002749527
1589.0793999207426,1589.0793999207426,0.9965384,0.0027548687
1589.0807887864562,1589.0807887864562,1.0015005,0.0027394295
1589.0821776520538,1589.0821776520538,0.997075,0.0027414572
1589.0835665177674,1589.0835665177674,0.9945924,0.0027485553
1589.0849553834814,1589.0849553834814,0.994122,0.002737478
1589.086344249196,1589.086344249196,0.9972398,0.0027406572
1589.0877331149104,1589.0877331149104,0.9951114,0.0027449764
1589.0891219805076,1589.0891219805076,0.99710864,0.0027391836
1589.0905108462216,1589.0905108462216,0.9942195,0.002736779
1589.0918997119352,1589.0918997119352,0.9996971,0.0027446481
1589.093288577649,1589.093288577649,0.99782366,0.0027385189
1589.0946774432468,1589.0946774432468,0.99755436,0.0027420693
1589.0960663089613,1589.0960663089613,0.99867743,0.0027399254
1589.0974551746745,1589.0974551746745,0.9973781,0.0027457858
1589.0988440402712,1589.0988440402712,0.997781,0.0027540363
1589.1002329059852,1589.1002329059852,0.9993794,0.0027392379
1589.1016217716997,1589.1016217716997,0.9975412,0.0027428335
1589.1030106372978,1589.1030106372978,0.99721026,0.0027424353
1589.1043995030113,1589.1043995030113,0.99890184,0.0027439096
1589.1057883687254,1589.1057883687254,0.99707365,0.0027391675
1589.1071772343225,1589.1071772343225,1.0000545,0.0027373252
1589.1085661000366,1589.1085661000366,0.9967489,0.0027396367
1589.1099549656346,1589.1099549656346,0.9996124,0.0027401021
1589.1113438313491,1589.1113438313491,0.99977225,0.002752228
1589.1127326969463,1589.1127326969463,0.99753016,0.0027400067
1589.11412156266,1589.11412156266,0.9975124,0.0027401326
1589.1155104282575,1589.1155104282575,1.0011852,0.0027375396
1589.116899293972,1589.116899293972,0.9976762,0.0027387259
1589.1182881595691,1589.1182881595691,0.99728316,0.0027447517
1589.1196770252823,1589.1196770252823,0.99741113,0.0027409068
1589.12106589088,1589.12106589088,0.9991615,0.002740914
1589.1224547565935,1589.1224547565935,0.9998011,0.0027429888
1589.123843622191,1589.123843622191,0.99397963,0.002748082
1589.1252324879056,1589.1252324879056,0.99537104,0.0027516691
1589.1266213535037,1589.1266213535037,0.9989221,0.0027413059
1589.1280102191008,1589.1280102191008,0.9978862,0.002741638
1589.1293990848148,1589.1293990848148,0.9977401,0.0027498272
1589.130787950412,1589.130787950412,0.9955459,0.0027373976
1589.13217681601,1589.13217681601,0.9973489,0.0027393627
1589.1335656817246,1589.1335656817246,1.0008858,0.0027471888
1589.1349545473217,1589.1349545473217,0.9983831,0.0027395377
1589.1363434129194,1589.1363434129194,1.0006773,0.002745156
1589.1377322785165,1589.1377322785165,1.00214,0.002740087
1589.1391211442306,1589.1391211442306,0.9996025,0.0027421492
1589.1405100098277,1589.1405100098277,0.9984523,0.0027399147
1589.1418988754253,1589.1418988754253,1.0029155,0.0027421426
1589.1432877410225,1589.1432877410225,1.0008855,0.0027419499
1589.1446766067365,1589.1446766067365,1.0022312,0.0027428006
1589.1460654723337,1589.1460654723337,0.9979234,0.0027380032
1589.1474543379318,1589.1474543379318,1.0000825,0.0027417485
1589.1488432035299,1589.1488432035299,1.0019093,0.0027445883
1589.1502320691275,1589.1502320691275,0.9971209,0.0027446633
1589.1516209347246,1589.1516209347246,1.0019379,0.002751474
1589.1530098004384,1589.1530098004384,1.0086279,0.0027476894
1589.1543986660358,1589.1543986660358,1.0129738,0.0027681482
1589.155787531634,1589.155787531634,1.0074381,0.0027412598
1589.157176397232,1589.157176397232,1.0062414,0.0027453853
1589.1585652628291,1589.1585652628291,1.0058502,0.0027465827
1589.1599541284268,1589.1599541284268,1.0057207,0.002748597
1589.1613429940235,1589.1613429940235,1.007584,0.0027425403
1589.1627318596206,1589.1627318596206,1.0061423,0.0027413103
1589.1641207252187,1589.1641207252187,1.0044054,0.00274976
1589.1655095908163,1589.1655095908163,1.0010296,0.0027412393
1589.1668984564135,1589.1668984564135,1.005481,0.0027504656
1589.168287322011,1589.168287322011,1.0062981,0.0027432148
1589.1696761876083,1589.1696761876083,1.0053054,0.002745543
1589.1710650532063,1589.1710650532063,1.003637,0.002744295
1589.1724539188044,1589.1724539188044,1.0027885,0.0027402414
1589.1738427844016,1589.1738427844016,1.0030088,0.0027436942
1589.1752316499992,1589.1752316499992,1.0070244,0.002747079
1589.17662051548,1589.17662051548,1.0034745,0.0027614182
1589.178009381078,1589.178009381078,1.003709,0.0027433436
1589.179398246676,1589.179398246676,1.0028449,0.0027413075
1589.1807871122737,1589.1807871122737,1.0040953,0.0027468286
1589.1821759778709,1589.1821759778709,1.003746,0.0027490375
1589.1835648434676,1589.1835648434676,1.0041223,0.0027422667
1589.184953708948,1589.184953708948,1.003811,0.0027446905
1589.186342574546,1589.186342574546,1.0019587,0.0027483392
1589.187731440144,1589.187731440144,1.0031974,0.0027515085
1589.1891203057417,1589.1891203057417,1.0068886,0.0027597952
1589.1905091712224,1589.1905091712224,1.0036172,0.0027432332
1589.1918980368198,1589.1918980368198,1.0027317,0.002740851
1589.1932869024176,1589.1932869024176,1.0037494,0.0027446295
1589.1946757678993,1589.1946757678993,1.0038303,0.0027453497
1589.196064633497,1589.196064633497,1.0035781,0.0027414504
1589.197453499094,1589.197453499094,1.0042225,0.0027417245
1589.1988423645753,1589.1988423645753,1.0056568,0.0027454228
1589.2002312301724,1589.2002312301724,1.0022795,0.002747342
1589.2016200957705,1589.2016200957705,1.0058942,0.0027429026
1589.2030089612522,1589.2030089612522,1.006633,0.0027569826
1589.2043978268498,1589.2043978268498,1.0029022,0.0027443264
1589.20578669233,1589.20578669233,1.0037097,0.0027470554
1589.2071755579268,1589.2071755579268,1.0082939,0.0027446107
1589.2085644235249,1589.2085644235249,1.0052241,0.0027440824
1589.2099532890065,1589.2099532890065,1.0023535,0.002739707
1589.2113421546037,1589.2113421546037,1.0077115,0.0027423238
1589.2127310200844,1589.2127310200844,1.0066789,0.0027409303
1589.214119885682,1589.214119885682,1.007158,0.0027491879
1589.2155087511628,1589.2155087511628,1.0028535,0.0027457273
1589.216897616761,1589.216897616761,1.0053651,0.0027445508
1589.2182864822425,1589.2182864822425,1.0046278,0.0027461492
1589.2196753477238,1589.2196753477238,1.0040998,0.0027415634
1589.221064213321,1589.221064213321,1.0030628,0.002740448
1589.2224530788021,1589.2224530788021,1.0050793,0.0027425946
1589.2238419444002,1589.2238419444002,1.0065333,0.002743817
1589.2252308098819,1589.2252308098819,1.0046777,0.0027447832
1589.2266196753621,1589.2266196753621,1.0068122,0.0027421163
1589.2280085409589,1589.2280085409589,1.007175,0.0027431212
1589.2293974064396,1589.2293974064396,1.0036818,0.0027418607
1589.2307862719206,1589.2307862719206,1.0068345,0.0027485362
1589.2321751375184,1589.2321751375184,1.0040138,0.0027459736
1589.233564003,1589.233564003,1.0071218,0.00273903
1589.2349528684813,1589.2349528684813,1.006248,0.0027450875
1589.236341733962,1589.236341733962,1.0049113,0.0027424109
1589.2377305995597,1589.2377305995597,1.0075611,0.0027408919
1589.2391194650413,1589.2391194650413,1.0063171,0.0027422707
1589.240508330523,1589.240508330523,1.0051494,0.0027425457
1589.2418971960037,1589.2418971960037,1.0059558,0.0027448155
1589.2432860616013,1589.2432860616013,1.0102403,0.002744535
1589.244674927082,1589.244674927082,1.0096068,0.002759792
1589.2460637925633,1589.2460637925633,1.0073347,0.0027461357
1589.247452658044,1589.247452658044,1.0045482,0.0027401214
1589.2488415235252,1589.2488415235252,1.0077516,0.0027447024
1589.250230389006,1589.250230389006,1.0150504,0.0027509895
1589.251619254487,1589.251619254487,1.0075089,0.0027406889
1589.253008119968,1589.253008119968,1.0056119,0.0027505653
1589.254396985565,1589.254396985565,1.0086896,0.0027421832
1589.2557858510468,1589.2557858510468,1.0082253,0.002758703
1589.2571747165284,1589.2571747165284,1.010217,0.00274713
1589.2585635820096,1589.2585635820096,1.004836,0.00274042
1589.2599524474904,1589.2599524474904,1.008869,0.0027561765
1589.2613413129716,1589.2613413129716,1.0077131,0.0027532459
1589.2627301784532,1589.2627301784532,1.0063401,0.0027444426
1589.264119043935,1589.264119043935,1.0107945,0.0027452162
1589.2655079094156,1589.2655079094156,1.0105647,0.0027460533
1589.2668967748968,1589.2668967748968,1.0070199,0.0027481655
1589.2682856403776,1589.2682856403776,1.0101312,0.0027416556
1589.2696745057415,1589.2696745057415,1.0084738,0.002738743
1589.2710633712222,1589.2710633712222,1.0112984,0.0027470689
1589.2724522367039,1589.2724522367039,1.0103401,0.0027440253
1589.273841102185,1589.273841102185,1.0063148,0.0027491217
1589.2752299676658,1589.2752299676658,1.0084,0.002748297
1589.276618833147,1589.276618833147,1.0085807,0.0027416062
1589.2780076986287,1589.2780076986287,1.0129054,0.0027418258
1589.279396563994,1589.279396563994,1.0121397,0.0027547916
1589.2807854294747,1589.2807854294747,1.0104362,0.0027515464
1589.282174294956,1589.282174294956,1.009717,0.0027423457
1589.2835631604366,1589.2835631604366,1.0106052,0.0027597768
1589.2849520259178,1589.2849520259178,1.0136069,0.0027485588
1589.286340891283,1589.286340891283,1.0128078,0.0027472614
1589.2877297567647,1589.2877297567647,1.0130265,0.0027479636
1589.2891186222455,1589.2891186222455,1.0124351,0.0027540883
1589.2905074876094,1589.2905074876094,1.0087249,0.002744909
1589.2918963530897,1589.2918963530897,1.0112395,0.0027596431
1589.2932852185713,1589.2932852185713,1.0154872,0.002747147
1589.2946740839366,1589.2946740839366,1.0096542,0.0027443075
1589.2960629494173,1589.2960629494173,1.010463,0.0027431285
1589.2974518148985,1589.2974518148985,1.0126128,0.002747671
1589.2988406802629,1589.2988406802629,1.0156295,0.002748981
1589.300229545744,1589.300229545744,1.0142837,0.0027475946
1589.3016184112257,1589.3016184112257,1.0113175,0.002743576
1589.303007276591,1589.303007276591,1.0102212,0.0027469262
1589.3043961420717,1589.3043961420717,1.017628,0.0027450502
1589.3057850074365,1589.3057850074365,1.0144783,0.0027612683
1589.3071738729172,1589.3071738729172,1.0129491,0.0027556461
1589.3085627382825,1589.3085627382825,1.0134373,0.0027429345
1589.3099516037641,1589.3099516037641,1.0145831,0.0027486682
1589.3113404691287,1589.3113404691287,1.0134645,0.0027480547
1589.3127293346088,1589.3127293346088,1.0142248,0.0027489765
1589.3141181999727,1589.3141181999727,1.013108,0.002747049
1589.3155070654539,1589.3155070654539,1.0119678,0.0027556762
1589.316895930819,1589.316895930819,1.0146625,0.0027482095
1589.3182847961843,1589.3182847961843,1.0148383,0.0027546503
1589.319673661665,1589.319673661665,1.0142807,0.0027417648
1589.3210625270299,1589.3210625270299,1.0162541,0.002744372
1589.3224513925106,1589.3224513925106,1.0144676,0.0027495814
1589.3238402578759,1589.3238402578759,1.0150608,0.002749766
1589.3252291232411,1589.3252291232411,1.0226135,0.0027575996
1589.3266179887223,1589.3266179887223,1.021264,0.0027537788
1589.3280068540867,1589.3280068540867,1.018276,0.0027454463
1589.3293957194514,1589.3293957194514,1.0199382,0.002750725
1589.3307845849322,1589.3307845849322,1.0176297,0.0027494724
1589.3321734502974,1589.3321734502974,1.0167451,0.002746388
1589.3335623156618,1589.3335623156618,1.0175922,0.0027452765
1589.3349511810256,1589.3349511810256,1.0170984,0.0027645973
1589.3363400465068,1589.3363400465068,1.0192851,0.0027634185
1589.3377289118712,1589.3377289118712,1.0133305,0.0027499248
1589.3391177772364,1589.3391177772364,1.0171365,0.0027446877
1589.3405066426017,1589.3405066426017,1.0165384,0.002747979
1589.3418955079665,1589.3418955079665,1.0154521,0.0027431198
1589.3432843733308,1589.3432843733308,1.0138459,0.0027438737
1589.344673238812,1589.344673238812,1.0160482,0.002745044
1589.3460621041763,1589.3460621041763,1.0167356,0.002750344
1589.3474509695416,1589.3474509695416,1.0129046,0.0027430889
1589.3488398349068,1589.3488398349068,1.0164968,0.0027495401
1589.3502287002714,1589.3502287002714,1.0133846,0.0027444388
1589.351617565636,1589.351617565636,1.0156986,0.0027442072
1589.3530064310003,1589.3530064310003,1.0143111,0.0027478274
1589.354395296365,1589.354395296365,1.0159872,0.0027458188
1589.3557841617294,1589.3557841617294,1.0150259,0.0027458367
1589.3571730270942,1589.3571730270942,1.0159531,0.0027428789
1589.3585618924585,1589.3585618924585,1.0165902,0.0027496947
1589.3599507578233,1589.3599507578233,1.0161768,0.002750407
1589.3613396231876,1589.3613396231876,1.0171311,0.0027477115
1589.3627284885529,1589.3627284885529,1.0158997,0.0027463478
1589.3641173539181,1589.3641173539181,1.0177283,0.0027558329
1589.365506219283,1589.365506219283,1.0158566,0.002744869
1589.3668950846472,1589.3668950846472,1.0177723,0.0027444672
1589.368283950012,1589.368283950012,1.0147623,0.0027447813
1589.369672815377,1589.369672815377,1.017925,0.002746924
1589.3710616806256,1589.3710616806256,1.013143,0.002747192
1589.3738394113548,1589.3738394113548,1.0165365,0.0027439827
1589.3752282767196,1589.3752282767196,1.0134239,0.0027615072
1589.3766171420834,1589.3766171420834,1.0179919,0.0027535192
1589.3780060074478,1589.3780060074478,1.0159158,0.0027457345
1589.3793948726966,1589.3793948726966,1.0171057,0.0027500507
1589.3807837380614,1589.3807837380614,1.0185622,0.0027513145
1589.3821726034257,1589.3821726034257,1.0132362,0.0027512047
1589.3835614687905,1589.3835614687905,1.015091,0.0027520887
1589.3849503340393,1589.3849503340393,1.0155747,0.0027448982
1589.3863391994046,1589.3863391994046,1.0162872,0.0027451462
1589.387728064769,1589.387728064769,1.016188,0.0027437988
1589.389116930017,1589.389116930017,1.0155958,0.0027459266
1589.3905057953816,1589.3905057953816,1.0141582,0.0027486002
1589.391894660746,1589.391894660746,1.0166181,0.002743945
1589.3932835259948,1589.3932835259948,1.0154597,0.0027441052
1589.39467239136,1589.39467239136,1.01713,0.0027428744
1589.3960612567248,1589.3960612567248,1.0146022,0.0027505318
1589.3974501219723,1589.3974501219723,1.0168331,0.0027489474
1589.3988389873361,1589.3988389873361,1.0191073,0.002751802
1589.400227852584,1589.400227852584,1.0191758,0.0027461941
1589.4016167179493,1589.4016167179493,1.0150183,0.0027446048
1589.4030055831981,1589.4030055831981,1.0179571,0.0027485136
1589.404394448563,1589.404394448563,1.0157012,0.0027495536
1589.4057833138108,1589.4057833138108,1.0151786,0.0027511239
1589.4071721791756,1589.4071721791756,1.0198013,0.0027431233
1589.4085610444245,1589.4085610444245,1.0122613,0.0027574438
1589.4099499097895,1589.4099499097895,1.0113145,0.0027427108
1589.4113387750376,1589.4113387750376,1.0189995,0.0027520072
1589.412727640402,1589.412727640402,1.0161328,0.0027600958
1589.4141165056503,1589.4141165056503,1.012211,0.0027415878
1589.4155053710147,1589.4155053710147,1.0131396,0.0027465844
1589.4168942362635,1589.4168942362635,1.018118,0.0027456162
1589.4182831015119,1589.4182831015119,1.0154061,0.0027473825
1589.4196719668757,1589.4196719668757,1.0185645,0.0027561286
1589.4210608321237,1589.4210608321237,1.0127507,0.0027532005
1589.422449697372,1589.422449697372,1.017087,0.0027465364
1589.4238385627373,1589.4238385627373,1.0140228,0.0027427168
1589.425227427986,1589.425227427986,1.0202104,0.0027447573
1589.426616293234,1589.426616293234,1.0157778,0.0027457876
1589.4280051584822,1589.4280051584822,1.0189463,0.0027475879
1589.4293940238467,1589.4293940238467,1.0157291,0.0027442432
1589.4307828890946,1589.4307828890946,1.0152992,0.002747014
1589.4321717543435,1589.4321717543435,1.0162396,0.002745416
1589.4335606195923,1589.4335606195923,1.0167017,0.0027435594
1589.434949484957,1589.434949484957,1.0190085,0.002749965
1589.436338350205,1589.436338350205,1.0170155,0.0027548834
1589.4377272154534,1589.4377272154534,1.0180782,0.002743165
1589.4391160807013,1589.4391160807013,1.0172354,0.002752941
1589.4405049459497,1589.4405049459497,1.0178385,0.0027426188
1589.4418938111976,1589.4418938111976,1.0147883,0.002755269
1589.443282676446,1589.443282676446,1.0161582,0.0027442297
1589.4446715418103,1589.4446715418103,1.0195673,0.002759144
1589.4460604070587,1589.4460604070587,1.0148216,0.002741546
1589.4474492723075,1589.4474492723075,1.021049,0.002747443
1589.448838137556,1589.448838137556,1.0175886,0.0027452838
1589.4502270028042,1589.4502270028042,1.0170349,0.0027476691
1589.4516158680522,1589.4516158680522,1.0146438,0.0027450651
1589.4530047333005,1589.4530047333005,1.0150218,0.0027440307
1589.4543935985494,1589.4543935985494,1.0174791,0.00275219
1589.4557824637982,1589.4557824637982,1.0163524,0.0027516505
1589.457171329046,1589.457171329046,1.0158563,0.0027521367
1589.4585601942945,1589.4585601942945,1.0196775,0.0027446332
1589.4599490595424,1589.4599490595424,1.0177164,0.0027428602
1589.4613379247899,1589.4613379247899,1.0192215,0.0027531039
1589.4627267900382,1589.4627267900382,1.016286,0.0027485646
1589.4641156551706,1589.4641156551706,1.0122198,0.0027427669
1589.4655045204186,1589.4655045204186,1.0155834,0.0027473168
1589.4668933856667,1589.4668933856667,1.0165098,0.0027545916
1589.4682822509149,1589.4682822509149,1.0174879,0.0027632029
1589.4696711161637,1589.4696711161637,1.016759,0.0027494475
1589.4710599814125,1589.4710599814125,1.0136154,0.0027450668
1589.472448846544,1589.472448846544,1.0130546,0.002742756
1589.4738377117924,1589.4738377117924,1.0169282,0.0027486281
1589.4752265770403,1589.4752265770403,1.0108838,0.0027453513
1589.4766154422887,1589.4766154422887,1.0125234,0.0027603724
1589.4780043075375,1589.4780043075375,1.0167992,0.0027523807
1589.47939317267,1589.47939317267,1.0177649,0.0027447855
1589.4807820379178,1589.4807820379178,1.0149996,0.0027433166
1589.4821709031653,1589.4821709031653,1.0171076,0.0027628103
1589.4835597682963,1589.4835597682963,1.01735,0.0027490642
1589.4849486335452,1589.4849486335452,1.0132729,0.0027535132
1589.486337498794,1589.486337498794,1.016522,0.00274663
1589.4877263639257,1589.4877263639257,1.0195656,0.002751887
1589.4891152291739,1589.4891152291739,1.0169376,0.002744776
1589.4905040944218,1589.4905040944218,1.0137161,0.0027447734
1589.4918929595538,1589.4918929595538,1.0145687,0.0027425387
1589.4932818248026,1589.4932818248026,1.0129768,0.0027428349
1589.494670689935,1589.494670689935,1.0127168,0.0027527378
1589.496059555183,1589.496059555183,1.0148648,0.0027456635
1589.4974484203149,1589.4974484203149,1.0125948,0.0027434062
1589.4988372855628,1589.4988372855628,1.0168296,0.0027473557
1589.5002261508116,1589.5002261508116,1.0187517,0.0027474193
1589.501615015944,1589.501615015944,1.0210234,0.0027534766
1589.5030038811915,1589.5030038811915,1.0189736,0.0027471518
1589.5043927463225,1589.5043927463225,1.0152471,0.002744723
1589.5057816114543,1589.5057816114543,1.0149325,0.0027432048
1589.5071704767024,1589.5071704767024,1.0152924,0.0027494184
1589.5085593418348,1589.5085593418348,1.0124948,0.0027439198
1589.5099482070837,1589.5099482070837,1.0131575,0.0027432418
1589.5113370722152,1589.5113370722152,1.0166769,0.0027534366
1589.5127259374635,1589.5127259374635,1.0141177,0.0027470964
1589.514114802595,1589.514114802595,1.014011,0.0027458556
1589.5155036677274,1589.5155036677274,1.0152954,0.0027450689
1589.5168925329763,1589.5168925329763,1.0124717,0.0027489164
1589.5182813981082,1589.5182813981082,1.0169951,0.002742831
1589.5196702632397,1589.5196702632397,1.0146248,0.002745453
1589.521059128488,1589.521059128488,1.015377,0.0027469506
1589.5224479936196,1589.5224479936196,1.0159972,0.0027689268
1589.5238368587516,1589.5238368587516,1.0135676,0.0027435739
1589.525225723883,1589.525225723883,1.0107949,0.0027429245
1589.5266145891312,1589.5266145891312,1.01338,0.0027556191
1589.528003454263,1589.528003454263,1.016664,0.0027425035
1589.5293923193944,1589.5293923193944,1.014354,0.0027439464
1589.5307811845269,1589.5307811845269,1.0133128,0.002745052
1589.5321700496593,1589.5321700496593,1.0091162,0.002756527
1589.5335589149076,1589.5335589149076,1.0145365,0.0027575376
1589.5349477800391,1589.5349477800391,1.0147972,0.0027474985
1589.536336645171,1589.536336645171,1.0175393,0.0027480442
1589.5377255103026,1589.5377255103026,1.015649,0.002748759
1589.539114375435,1589.539114375435,1.0128548,0.0027622525
1589.5405032405674,1589.5405032405674,1.0146669,0.0027439701
1589.5418921056994,1589.5418921056994,1.0100969,0.0027571453
1589.543280970831,1589.543280970831,1.0110699,0.0027455236
1589.544669835962,1589.544669835962,1.0087315,0.0027533653
1589.5460587010934,1589.5460587010934,1.0097473,0.0027467832
1589.5474475662259,1589.5474475662259,1.0088854,0.002746222
1589.5488364313578,1589.5488364313578,1.0135978,0.0027557204
1589.5502252964893,1589.5502252964893,1.0106341,0.002741364
1589.5516141616213,1589.5516141616213,1.0114446,0.0027467292
1589.5530030267528,1589.5530030267528,1.0115929,0.0027420002
1589.5543918918852,1589.5543918918852,1.0149807,0.0027573062
1589.5557807570176,1589.5557807570176,1.013222,0.0027497795
1589.5571696221496,1589.5571696221496,1.0119466,0.002750146
1589.558558487281,1589.558558487281,1.0117626,0.0027473203
1589.559947352413,1589.559947352413,1.0101217,0.0027450386
1589.5613362175445,1589.5613362175445,1.0111735,0.002742087
1589.562725082677,1589.562725082677,1.0142306,0.0027597432
1589.564113947693,1589.564113947693,1.0127692,0.0027420407
1589.565502812824,1589.565502812824,1.0114818,0.0027459988
1589.566891677955,1589.566891677955,1.0114999,0.0027502833
1589.5682805430865,1589.5682805430865,1.0123218,0.0027421908
1589.569669408219,1589.569669408219,1.0135509,0.0027496805
1589.571058273235,1589.571058273235,1.0081538,0.00273936
1589.572447138367,1589.572447138367,1.0172857,0.0027445827
1589.5738360034984,1589.5738360034984,1.0114561,0.002744008
1589.5752248686304,1589.5752248686304,1.0117995,0.0027501485
1589.5766137336454,1589.5766137336454,1.0108277,0.0027462372
1589.5780025987779,1589.5780025987779,1.0095747,0.0027436912
1589.5793914639103,1589.5793914639103,1.0146476,0.002745327
1589.5807803289258,1589.5807803289258,1.0132678,0.0027424616
1589.5821691940573,1589.5821691940573,1.0103418,0.0027461878
1589.5835580591893,1589.5835580591893,1.0096338,0.002742827
1589.5849469242053,1589.5849469242053,1.0111423,0.0027499434
1589.5863357893368,1589.5863357893368,1.0076431,0.0027586797
1589.5877246544678,1589.5877246544678,1.0096121,0.0027418232
1589.589113519483,1589.589113519483,1.0106392,0.0027767543
1589.5905023846149,1589.5905023846149,1.0156806,0.0027452246
1589.59189124963,1589.59189124963,1.0116076,0.002747367
1589.5932801147624,1589.5932801147624,1.0121033,0.0027471322
1589.5946689797784,1589.5946689797784,1.0098752,0.0027419499
1589.5960578449103,1589.5960578449103,1.01037,0.0027505702
1589.5974467099254,1589.5974467099254,1.0080607,0.0027418134
1589.5988355750574,1589.5988355750574,1.0089539,0.0027418314
1589.6002244400734,1589.6002244400734,1.009632,0.0027447771
1589.6016133052058,1589.6016133052058,1.0081414,0.0027464617
1589.6030021702209,1589.6030021702209,1.0139439,0.0027526813
1589.6043910352364,1589.6043910352364,1.0100797,0.0027493923
1589.605779900368,1589.605779900368,1.008944,0.0027408116
1589.6071687653825,1589.6071687653825,1.0115727,0.0027578992
1589.608557630514,1589.608557630514,1.0068519,0.0027403554
1589.60994649553,1589.60994649553,1.0138208,0.002747565
1589.6113353605456,1589.6113353605456,1.0087042,0.002744464
1589.612724225677,1589.612724225677,1.0081569,0.0027443352
1589.6141130906926,1589.6141130906926,1.0063908,0.002738659
1589.6155019557086,1589.6155019557086,1.0064985,0.0027420495
1589.616890820841,1589.616890820841,1.0103297,0.0027429096
1589.6182796858561,1589.6182796858561,1.0107601,0.0027396833
1589.6196685508717,1589.6196685508717,1.0085304,0.0027422444
1589.6210574158868,1589.6210574158868,1.0132691,0.0027454272
1589.6224462810187,1589.6224462810187,1.0089554,0.0027444426
1589.6238351460347,1589.6238351460347,1.0097935,0.0027412637
1589.6252240110505,1589.6252240110505,1.0102313,0.002747751
1589.6266128760658,1589.6266128760658,1.008666,0.002740586
1589.6280017410804,1589.6280017410804,1.0058644,0.0027428993
1589.629390606095,1589.629390606095,1.0093669,0.0027414802
1589.6307794712275,1589.6307794712275,1.0048813,0.0027457722
1589.6321683362435,1589.6321683362435,1.0059668,0.0027409366
1589.6335572012586,1589.6335572012586,1.0097071,0.0027512629
1589.634946066274,1589.634946066274,1.0073766,0.0027433208
1589.6363349312892,1589.6363349312892,1.0078471,0.002741787
1589.6377237963047,1589.6377237963047,1.0079397,0.0027505169
1589.6391126613207,1589.6391126613207,1.0052619,0.0027424186
1589.6405015263367,1589.6405015263367,1.0123266,0.0027601633
1589.6418903913518,1589.6418903913518,1.0061927,0.0027562017
1589.6432792563674,1589.6432792563674,1.0100895,0.0027449667
1589.6446681213824,1589.6446681213824,1.0080425,0.0027450398
1589.6460569863984,1589.6460569863984,1.0029403,0.0027418446
1589.6474458514144,1589.6474458514144,1.0092115,0.002750438
1589.648834716429,1589.648834716429,1.0043437,0.002740937
1589.6502235814437,1589.6502235814437,1.0046335,0.0027403603
1589.6516124464588,1589.6516124464588,1.0069664,0.002741555
1589.6530013114743,1589.6530013114743,1.008271,0.0027457043
1589.6543901764903,1589.6543901764903,1.0091349,0.002748901
1589.6557790415063,1589.6557790415063,1.0089359,0.0027443918
1589.657167906405,1589.657167906405,1.0012664,0.0027384842
1589.6585567714205,1589.6585567714205,1.0099664,0.0027416062
1589.6599456364356,1589.6599456364356,1.0038971,0.0027414302
1589.6613345014516,1589.6613345014516,1.0068389,0.002742563
1589.6627233664676,1589.6627233664676,1.0042758,0.0027452114
1589.664112231483,1589.664112231483,1.0061959,0.0027435627
1589.6655010963818,1589.6655010963818,1.003652,0.0027415233
1589.666889961397,1589.666889961397,1.0055245,0.0027412956
1589.6682788264125,1589.6682788264125,1.0038571,0.002740368
1589.6696676914275,1589.6696676914275,1.00376,0.0027441015
1589.6710565563267,1589.6710565563267,1.0049137,0.0027464058
1589.6738342863573,1589.6738342863573,1.0057126,0.00274178
1589.675223151256,1589.675223151256,1.0058111,0.0027398046
1589.676612016272,1589.676612016272,1.0028769,0.002742469
1589.678000881288,1589.678000881288,1.0056214,0.0027423098
1589.679389746187,1589.679389746187,1.0045989,0.002750991
1589.6807786112022,1589.6807786112022,1.0022863,0.0027436283
1589.6821674761013,1589.6821674761013,1.0025625,0.0027603286
1589.6835563411164,1589.6835563411164,1.0021225,0.002748309
1589.6849452061324,1589.6849452061324,1.0009723,0.0027389973
1589.686334071032,1589.686334071032,1.001627,0.0027480524
1589.687722936047,1589.687722936047,1.0026677,0.002738338
1589.6891118009462,1589.6891118009462,1.0048677,0.0027452062
1589.6905006659608,1589.6905006659608,1.0026207,0.0027417126
1589.6918895308595,1589.6918895308595,0.9979423,0.002741111
1589.6932783958755,1589.6932783958755,1.0010474,0.0027423855
1589.6946672607746,1589.6946672607746,1.0011722,0.0027608238
1589.6960561256733,1589.6960561256733,1.0013081,0.002741097
1589.6974449906888,1589.6974449906888,0.9994444,0.0027504978
1589.6988338555875,1589.6988338555875,1.0016806,0.0027377037
1589.7002227206035,1589.7002227206035,1.0006535,0.0027408241
1589.701611585503,1589.701611585503,1.0022569,0.0027411229
1589.7030004505184,1589.7030004505184,1.0021392,0.0027429825
1589.7043893154173,1589.7043893154173,0.99823356,0.002739481
1589.705778180316,1589.705778180316,1.0018349,0.0027391715
1589.7071670453315,1589.7071670453315,1.0036459,0.0027419303
1589.708555910231,1589.708555910231,1.0011967,0.0027398919
1589.7099447751307,1589.7099447751307,0.99991643,0.0027391368
1589.711333640029,1589.711333640029,1.0024323,0.0027464577
1589.7127225050435,1589.7127225050435,1.0014899,0.0027428025
1589.7141113699422,1589.7141113699422,0.9981945,0.002746382
1589.7155002348418,1589.7155002348418,1.0007001,0.0027509555
1589.7168890997414,1589.7168890997414,0.9998511,0.0027387345
1589.718277964757,1589.718277964757,1.001582,0.0027554762
1589.7196668296556,1589.7196668296556,0.998131,0.0027408905
1589.7210556945547,1589.7210556945547,0.9982437,0.00273825
1589.7224445594534,1589.7224445594534,1.0013958,0.0027413897
1589.723833424353,1589.723833424353,1.0004808,0.0027391242
1589.7252222892525,1589.7252222892525,0.9955039,0.002736245
1589.7266111542676,1589.7266111542676,0.99950534,0.0027549567
1589.7280000191668,1589.7280000191668,0.9957113,0.0027363242
1589.7293888840654,1589.7293888840654,1.000287,0.0027427368
1589.7307777489646,1589.7307777489646,0.9984919,0.0027553707
1589.7321666138632,1589.7321666138632,0.9998152,0.002748377
1589.7335554787624,1589.7335554787624,0.9965325,0.002737146
1589.734944343661,1589.734944343661,1.0008883,0.0027405838
1589.7363332085602,1589.7363332085602,0.99959636,0.0027490773
1589.7377220734588,1589.7377220734588,1.0020049,0.0027395121
1589.7391109383584,1589.7391109383584,0.9997072,0.0027372765
1589.740499803258,1589.740499803258,0.9957179,0.0027377836
1589.7418886681571,1589.7418886681571,1.0031965,0.0027421273
1589.7432775330558,1589.7432775330558,0.9989839,0.002741255
1589.7446663979545,1589.7446663979545,1.0009048,0.002739336
1589.746055262854,1589.746055262854,0.99720204,0.0027398185
1589.7474441277536,1589.7474441277536,0.9996291,0.0027524508
1589.7488329925363,1589.7488329925363,1.0014164,0.002753212
1589.750221857435,1589.750221857435,0.99854195,0.002739601
1589.7516107223332,1589.7516107223332,0.9987519,0.0027388826
1589.7529995872314,1589.7529995872314,0.9948323,0.002743742
1589.754388452131,1589.754388452131,0.99649227,0.002740085
1589.7557773170306,1589.7557773170306,0.9979432,0.002739035
1589.7571661818133,1589.7571661818133,0.9943202,0.0027382334
1589.758555046712,1589.758555046712,1.0012734,0.002746139
1589.7599439116111,1589.7599439116111,1.0003475,0.0027483976
1589.7613327765107,1589.7613327765107,0.9958406,0.0027468821
1589.7627216412936,1589.7627216412936,0.9982267,0.0027408747
1589.7641105061925,1589.7641105061925,0.9976382,0.002739159
1589.7654993710912,1589.7654993710912,0.9954528,0.0027455057
1589.7668882359903,1589.7668882359903,0.99883926,0.0027414854
1589.7682771007726,1589.7682771007726,0.9939663,0.0027432
1589.7696659656722,1589.7696659656722,0.9942988,0.0027388718
1589.7710548305718,1589.7710548305718,0.99595326,0.0027384916
1589.7724436953536,1589.7724436953536,0.99698037,0.002742605
1589.7738325602518,1589.7738325602518,0.9940072,0.002740021
1589.7752214250345,1589.7752214250345,0.9927439,0.0027343808
1589.776610289934,1589.776610289934,0.9939416,0.0027389803
1589.7779991548337,1589.7779991548337,0.9959752,0.002735588
1589.779388019616,1589.779388019616,0.9956446,0.0027437923
1589.780776884515,1589.780776884515,0.99790907,0.0027377876
1589.7821657492973,1589.7821657492973,1.0044298,0.002742484
1589.783554614196,1589.783554614196,1.0106385,0.0027548694
1589.7849434789791,1589.7849434789791,0.99632204,0.0027433462
1589.7863323438787,1589.7863323438787,1.0004097,0.00273997
1589.7877212086614,1589.7877212086614,0.99881,0.002739346
1589.78911007356,1589.78911007356,0.996266,0.0027508906
1589.7904989383428,1589.7904989383428,0.9960268,0.0027359852
1589.791887803126,1589.791887803126,0.99384403,0.0027402164
1589.7932766680246,1589.7932766680246,0.9987098,0.0027389503
1589.7946655328064,1589.7946655328064,0.99687576,0.0027510372
1589.7960543977056,1589.7960543977056,0.9938707,0.0027359352
1589.7974432624878,1589.7974432624878,0.99571955,0.0027492554
1589.7988321272705,1589.7988321272705,0.9948603,0.002742564
1589.8002209921701,1589.8002209921701,0.9967163,0.00273769
1589.801609856953,1589.801609856953,1.0020293,0.0027420558
1589.8029987217355,1589.8029987217355,0.9982913,0.0027412218
1589.8043875866342,1589.8043875866342,0.9943351,0.0027497222
1589.805776451417,1589.805776451417,0.9926291,0.002735543
1589.8071653162,1589.8071653162,0.99437624,0.002749341
1589.8085541809833,1589.8085541809833,0.99656624,0.0027406034
1589.809943045882,1589.809943045882,0.9933581,0.002739121
1589.8113319106646,1589.8113319106646,0.9981805,0.0027393003
1589.812720775447,1589.812720775447,0.9938486,0.0027400337
1589.8141096402287,1589.8141096402287,0.99075586,0.0027443843
1589.8154985050114,1589.8154985050114,0.9940786,0.00274013
1589.8168873697946,1589.8168873697946,0.99438524,0.0027392998
1589.8182762346933,1589.8182762346933,0.99372315,0.0027414495
1589.819665099476,1589.819665099476,0.994554,0.0027357952
1589.8210539642582,1589.8210539642582,0.9934052,0.0027351906
1589.8224428290414,1589.8224428290414,0.99142575,0.002735891
1589.8238316938246,1589.8238316938246,0.9914746,0.0027481716
1589.8252205586068,1589.8252205586068,0.98977786,0.0027440537
1589.8266094233895,1589.8266094233895,0.9917364,0.002742889
1589.8279982881718,1589.8279982881718,0.9927181,0.002756579
1589.8293871529545,1589.8293871529545,0.98947966,0.0027348872
1589.8307760177377,1589.8307760177377,0.9931946,0.0027395624
1589.8321648825208,1589.8321648825208,0.9914079,0.0027356911
1589.8335537473026,1589.8335537473026,0.99300885,0.0027380749
1589.8349426120844,1589.8349426120844,0.9926607,0.0027375857
1589.8363314768667,1589.8363314768667,0.9932864,0.0027449229
1589.8377203416499,1589.8377203416499,0.98959213,0.0027344523
1589.839109206433,1589.839109206433,0.99182814,0.0027374707
1589.8404980712155,1589.8404980712155,0.99080175,0.0027376178
1589.841886935998,1589.841886935998,0.9905953,0.002735536
1589.8432758007802,1589.8432758007802,0.98947215,0.0027356122
1589.8446646654465,1589.8446646654465,0.9901155,0.0027357102
1589.8460535302297,1589.8460535302297,0.99315166,0.0027368728
1589.8474423950129,1589.8474423950129,0.9901629,0.0027360162
1589.8488312597951,1589.8488312597951,0.99143267,0.002745335
1589.8502201245778,1589.8502201245778,0.9966433,0.002742033
1589.8516089892437,1589.8516089892437,0.99019617,0.0027544699
1589.8529978540264,1589.8529978540264,0.99389154,0.0027373433
1589.8543867188087,1589.8543867188087,0.9930702,0.0027396511
1589.8557755835914,1589.8557755835914,0.9892595,0.0027466377
1589.8571644482572,1589.8571644482572,0.99086064,0.0027414893
1589.85855331304,1589.85855331304,0.9924706,0.002739759
1589.8599421778222,1589.8599421778222,0.99059814,0.0027344262
1589.861331042489,1589.861331042489,0.9889702,0.0027353184
1589.862719907272,1589.862719907272,0.99413335,0.0027367421
1589.8641087720544,1589.8641087720544,0.9919702,0.0027388104
1589.8654976367206,1589.8654976367206,0.9869643,0.0027334183
1589.866886501503,1589.866886501503,0.9875192,0.0027355624
1589.8682753662856,1589.8682753662856,0.9952094,0.002735689
1589.8696642309524,1589.8696642309524,0.992218,0.0027372846
1589.8710530957355,1589.8710530957355,0.9884724,0.002735475
1589.8724419604014,1589.8724419604014,0.98828197,0.0027455145
1589.873830825184,1589.873830825184,0.9889348,0.0027395173
1589.8752196898495,1589.8752196898495,0.9903053,0.0027371286
1589.8766085546317,1589.8766085546317,0.9901541,0.002735809
1589.8779974192985,1589.8779974192985,0.98886275,0.0027391394
1589.879386284081,1589.879386284081,0.9872975,0.002747799
1589.880775148747,1589.880775148747,0.98728156,0.0027339847
1589.8821640135293,1589.8821640135293,0.9900439,0.0027348367
1589.8835528781956,1589.8835528781956,0.98984027,0.0027367903
1589.8849417429788,1589.8849417429788,0.9918875,0.0027371482
1589.8863306076455,1589.8863306076455,0.98880446,0.0027352634
1589.8877194723113,1589.8877194723113,0.9915346,0.002738923
1589.889108337094,1589.889108337094,0.9854919,0.002734281
1589.89049720176,1589.89049720176,0.9879741,0.0027397675
1589.891886066543,1589.891886066543,0.9886204,0.0027573714
1589.8932749312098,1589.8932749312098,0.9913658,0.002734988
1589.8946637958752,1589.8946637958752,0.9854303,0.002742829
1589.8960526605406,1589.8960526605406,0.9884158,0.0027359608
1589.8974415253233,1589.8974415253233,0.9887125,0.0027345659
1589.8988303899891,1589.8988303899891,0.98551667,0.0027316073
1589.900219254656,1589.900219254656,0.9865337,0.0027387624
1589.901608119439,1589.901608119439,0.9855263,0.0027330366
1589.902996984105,1589.902996984105,0.9868901,0.0027327216
1589.9043858487712,1589.9043858487712,0.98820645,0.002732259
1589.905774713437,1589.905774713437,0.98891884,0.0027328636
1589.9071635781038,1589.9071635781038,0.9895637,0.002736431
1589.9085524427705,1589.9085524427705,0.98999596,0.0027387089
1589.9099413075533,1589.9099413075533,0.98666036,0.0027332334
1589.911330172219,1589.911330172219,0.9866451,0.0027462738
1589.9127190368854,1589.9127190368854,0.98704547,0.0027351666
1589.9141079015512,1589.9141079015512,0.98849875,0.0027329633
1589.9154967662175,1589.9154967662175,0.98320925,0.0027315763
1589.9168856308834,1589.9168856308834,0.98725957,0.0027328425
1589.9182744955494,1589.9182744955494,0.9845769,0.0027328876
1589.9196633602155,1589.9196633602155,0.9878499,0.0027357263
1589.9210522248814,1589.9210522248814,0.98473555,0.002737051
1589.922441089548,1589.922441089548,0.98786217,0.0027347244
1589.9238299542149,1589.9238299542149,0.9849934,0.0027319996
1589.9252188188811,1589.9252188188811,0.9860463,0.002740445
1589.926607683547,1589.926607683547,0.9883713,0.0027357726
1589.9279965482133,1589.9279965482133,0.9856766,0.0027391065
1589.9293854128791,1589.9293854128791,0.9854937,0.0027326655
1589.9307742775459,1589.9307742775459,0.9852281,0.002742342
1589.9321631422126,1589.9321631422126,0.98278975,0.0027327086
1589.933552006879,1589.933552006879,0.98660034,0.002733622
1589.9349408715448,1589.9349408715448,0.98800254,0.0027345559
1589.9363297362102,1589.9363297362102,0.98479545,0.002733061
1589.93771860076,1589.93771860076,0.9855294,0.0027337193
1589.9391074654266,1589.9391074654266,0.9858005,0.0027398292
1589.9404963300926,1589.9404963300926,0.9855655,0.0027359235
1589.9418851947585,1589.9418851947585,0.985685,0.0027341042
1589.9432740594248,1589.9432740594248,0.98797137,0.0027348592
1589.9446629240906,1589.9446629240906,0.98405397,0.0027325908
1589.946051788641,1589.946051788641,0.9854167,0.002734493
1589.9474406533077,1589.9474406533077,0.9852126,0.002732614
1589.948829517974,1589.948829517974,0.98620135,0.0027335691
1589.9502183825234,1589.9502183825234,0.98412484,0.0027347573
1589.9516072471897,1589.9516072471897,0.9843665,0.0027370795
1589.9529961118565,1589.9529961118565,0.98538506,0.0027325002
1589.9543849765232,1589.9543849765232,0.9848705,0.0027310164
1589.9557738410722,1589.9557738410722,0.9856947,0.0027336103
1589.9571627057373,1589.9571627057373,0.98925924,0.0027377137
1589.958551570287,1589.958551570287,0.98272586,0.0027334066
1589.9599404349528,1589.9599404349528,0.985363,0.002732563
1589.9613292996196,1589.9613292996196,0.9845095,0.0027353151
1589.96271816417,1589.96271816417,0.9827376,0.0027297966
1589.9641070288362,1589.9641070288362,0.9860842,0.0027406702
1589.9654958933857,1589.9654958933857,0.9816266,0.0027371559
1589.966884758052,1589.966884758052,0.9824081,0.0027426525
1589.9682736226023,1589.9682736226023,0.9816408,0.002731445
1589.969662487269,1589.969662487269,0.98216033,0.0027321654
1589.9710513518185,1589.9710513518185,0.9856875,0.0027405056
1589.9724402164848,1589.9724402164848,0.98440206,0.002730088
1589.9738290810342,1589.9738290810342,0.98450196,0.002734335
1589.9752179457005,1589.9752179457005,0.98107284,0.0027357955
1589.97660681025,1589.97660681025,0.98520994,0.0027344185
1589.977995674916,1589.977995674916,0.9898416,0.0027346727
1589.9793845394656,1589.9793845394656,0.98174673,0.002735685
1589.980773404015,1589.980773404015,0.98270994,0.002730333
1589.9821622686813,1589.9821622686813,0.98396426,0.0027334557
1589.9835511332317,1589.9835511332317,0.9830757,0.0027365016
1589.984939997782,1589.984939997782,0.9854954,0.0027348048
1589.9863288624479,1589.9863288624479,0.98279774,0.0027384725
1589.9877177269977,1589.9877177269977,0.9845558,0.0027321724
1589.9891065915472,1589.9891065915472,0.987293,0.0027335682
1589.9904954562135,1589.9904954562135,0.9842648,0.0027359838
1589.9918843207638,1589.9918843207638,0.9818651,0.002731013
1589.9932731853141,1589.9932731853141,0.9808269,0.0027313405
1589.9946620498636,1589.9946620498636,0.98362434,0.0027363095
1589.996050914529,1589.996050914529,0.98396945,0.0027321805
1589.997439779078,1589.997439779078,0.9853688,0.0027358762
1589.9988286436283,1589.9988286436283,0.98239714,0.0027315528
1590.0002175081786,1590.0002175081786,0.9804341,0.0027435261
1590.001606372728,1590.001606372728,0.982507,0.002734346
1590.002995237278,1590.002995237278,0.9828037,0.002747254
1590.0043841019437,1590.0043841019437,0.9832558,0.0027329389
1590.0057729664936,1590.0057729664936,0.9812456,0.0027382437
1590.007161831044,1590.007161831044,0.9830447,0.002735035
1590.0085506955943,1590.0085506955943,0.9834309,0.0027296953
1590.0099395601437,1590.0099395601437,0.98127466,0.0027437238
1590.0113284246936,1590.0113284246936,0.981019,0.0027288424
1590.012717289243,1590.012717289243,0.9788563,0.0027321773
1590.014106153793,1590.014106153793,0.9803773,0.0027297111
1590.0154950183432,1590.0154950183432,0.9856766,0.002735476
1590.0168838828927,1590.0168838828927,0.9821844,0.0027317842
1590.0182727474416,1590.0182727474416,0.98377556,0.0027473052
1590.019661611991,1590.019661611991,0.97937095,0.0027304003
1590.021050476541,1590.021050476541,0.9818482,0.0027352266
1590.0224393410913,1590.0224393410913,0.97988075,0.0027343105
1590.0238282056416,1590.0238282056416,0.9839102,0.0027330697
1590.025217070191,1590.025217070191,0.97968584,0.0027449033
1590.026605934741,1590.026605934741,0.98191893,0.0027477932
1590.027994799174,1590.027994799174,0.98050797,0.0027339915
1590.0293836637238,1590.0293836637238,0.9815242,0.0027329633
1590.0307725282742,1590.0307725282742,0.9796816,0.002737848
1590.0321613928245,1590.0321613928245,0.9799351,0.0027488985
1590.033550257374,1590.033550257374,0.98320925,0.002741283
1590.0349391218074,1590.0349391218074,0.98045486,0.0027301444
1590.0363279863561,1590.0363279863561,0.9781679,0.002728163
1590.0377168509058,1590.0377168509058,0.9820358,0.002739581
1590.0391057154561,1590.0391057154561,0.98138714,0.002732618
1590.0404945800055,1590.0404945800055,0.9803855,0.0027319803
1590.041883444439,1590.041883444439,0.9795776,0.0027313197
1590.0432723089884,1590.0432723089884,0.9832931,0.002730415
1590.0446611735383,1590.0446611735383,0.9826458,0.0027368022
1590.0460500379722,1590.0460500379722,0.9808273,0.0027410141
1590.0474389025226,1590.0474389025226,0.98078996,0.0027325985
1590.048827767072,1590.048827767072,0.97933286,0.0027336185
1590.0502166315055,1590.0502166315055,0.9800336,0.0027298336
1590.051605496055,1590.051605496055,0.980611,0.0027444721
1590.0529943604888,1590.0529943604888,0.9818245,0.002737078
1590.0543832250391,1590.0543832250391,0.9825681,0.0027411438
1590.055772089589,1590.055772089589,0.9779161,0.0027283365
1590.0571609540214,1590.0571609540214,0.980059,0.002731914
1590.05854981857,1590.05854981857,0.9825313,0.0027393976
1590.0599386830036,1590.0599386830036,0.9822549,0.0027319856
1590.061327547554,1590.061327547554,0.98052114,0.0027314965
1590.0627164119878,1590.0627164119878,0.98080325,0.0027376025
1590.0641052765372,1590.0641052765372,0.98221344,0.0027318236
1590.0654941409707,1590.0654941409707,0.97992826,0.0027319277
1590.0668830055201,1590.0668830055201,0.9802283,0.0027298878
1590.068271869954,1590.068271869954,0.97827363,0.0027319463
1590.069660734388,1590.069660734388,0.97756153,0.0027341477
1590.0710495989379,1590.0710495989379,0.97939396,0.0027303342
1590.0724384633709,1590.0724384633709,0.98089737,0.0027293414
1590.0738273279208,1590.0738273279208,0.9794925,0.002732463
1590.0752161923538,1590.0752161923538,0.97998637,0.0027289584
1590.0766050567868,1590.0766050567868,0.9789093,0.0027342704
1590.0779939213367,1590.0779939213367,0.97816133,0.0027354504
1590.0793827857697,1590.0793827857697,0.9794596,0.0027520563
1590.0807716502031,1590.0807716502031,0.98359895,0.002752585
1590.0821605146361,1590.0821605146361,0.9833909,0.00274333
1590.0835493791865,1590.0835493791865,0.9844091,0.0027355596
1590.0849382436204,1590.0849382436204,0.98089826,0.0027395298
1590.0863271080539,1590.0863271080539,0.97861594,0.002746821
1590.0877159724869,1590.0877159724869,0.9800757,0.0027325372
1590.0891048370368,1590.0891048370368,0.98137677,0.002741125
1590.0904937014698,1590.0904937014698,0.9827374,0.0027391913
1590.0918825659037,1590.0918825659037,0.9795606,0.0027336027
1590.0932714303376,1590.0932714303376,0.9811762,0.0027387373
1590.094660294771,1590.094660294771,0.97964174,0.0027294748
1590.0960491592034,1590.0960491592034,0.97744983,0.002730134
1590.0974380236357,1590.0974380236357,0.9797554,0.0027455003
1590.098826888186,1590.098826888186,0.980647,0.002731465
1590.10021575262,1590.10021575262,0.9784674,0.0027304448
1590.1016046170535,1590.1016046170535,0.97858834,0.0027327726
1590.1029934814865,1590.1029934814865,0.9830987,0.0027326604
1590.10438234592,1590.10438234592,0.9802044,0.0027327917
1590.105771210353,1590.105771210353,0.9796958,0.0027292613
1590.1071600747869,1590.1071600747869,0.9774494,0.0027328718
1590.1085489392208,1590.1085489392208,0.979373,0.0027339705
1590.1099378036542,1590.1099378036542,0.9799805,0.0027347999
1590.1113266680873,1590.1113266680873,0.9790759,0.0027366881
1590.1127155325207,1590.1127155325207,0.98321044,0.002735823
1590.1141043969546,1590.1141043969546,0.97663724,0.0027324
1590.115493261272,1590.115493261272,0.9790936,0.0027472656
1590.1168821257043,1590.1168821257043,0.9824678,0.002733729
1590.1182709901368,1590.1182709901368,0.9788273,0.0027311437
1590.1196598545703,1590.1196598545703,0.9777776,0.002735633
1590.1210487190033,1590.1210487190033,0.98038054,0.0027347147
1590.1224375834372,1590.1224375834372,0.9799955,0.0027331966
1590.1238264478711,1590.1238264478711,0.9799293,0.0027425836
1590.1252153121882,1590.1252153121882,0.9796946,0.0027304157
1590.1266041766212,1590.1266041766212,0.9800551,0.0027304678
1590.1279930410547,1590.1279930410547,0.9803165,0.002732517
1590.1293819054886,1590.1293819054886,0.9828248,0.002733733
1590.130770769806,1590.130770769806,0.98081046,0.0027372
1590.132159634239,1590.132159634239,0.98115534,0.0027383224
1590.1335484986726,1590.1335484986726,0.9798608,0.0027291337
1590.1349373631056,1590.1349373631056,0.98223156,0.0027390348
1590.1363262274217,1590.1363262274217,0.9787641,0.0027337812
1590.1377150918547,1590.1377150918547,0.9805264,0.0027341316
1590.1391039562886,1590.1391039562886,0.9806692,0.002729505
1590.1404928206057,1590.1404928206057,0.9813568,0.0027364765
1590.1418816850387,1590.1418816850387,0.9815601,0.002734275
1590.1432705493557,1590.1432705493557,0.98359066,0.0027390753
1590.1446594137897,1590.1446594137897,0.9796395,0.0027310431
1590.1460482782236,1590.1460482782236,0.9801362,0.0027312182
1590.1474371425402,1590.1474371425402,0.9823532,0.0027509383
1590.1488260069736,1590.1488260069736,0.977743,0.002730816
1590.1502148712902,1590.1502148712902,0.9762594,0.0027289041
1590.1516037357237,1590.1516037357237,0.98061854,0.0027327205
1590.1529926000412,1590.1529926000412,0.9781499,0.0027302324
1590.154381464475,1590.154381464475,0.9801282,0.0027315328
1590.1557703287917,1590.1557703287917,0.98213243,0.0027325775
1590.1571591932243,1590.1571591932243,0.97592324,0.002733298
1590.1585480575404,1590.1585480575404,0.9794451,0.0027320879
1590.1599369219734,1590.1599369219734,0.9803394,0.002731219
1590.161325786291,1590.161325786291,0.98469853,0.00273452
1590.1627146506085,1590.1627146506085,0.9793353,0.0027368448
1590.164103515042,1590.164103515042,0.98048013,0.0027311624
1590.1654923793585,1590.1654923793585,0.9820317,0.0027319351
1590.1668812436756,1590.1668812436756,0.98104876,0.002730775
1590.1682701081095,1590.1682701081095,0.98230696,0.0027355873
1590.169658972427,1590.169658972427,0.9825759,0.0027440144
1590.1710478367436,1590.1710478367436,0.98070616,0.0027307249
1590.172436701177,1590.172436701177,0.9820441,0.00273035
1590.1738255654936,1590.1738255654936,0.98196554,0.002733708
1590.1752144298102,1590.1752144298102,0.98269606,0.0027369622
1590.1766032941273,1590.1766032941273,0.9811549,0.0027326602
1590.1779921585603,1590.1779921585603,0.98291284,0.002736797
1590.1793810228774,1590.1793810228774,0.97733796,0.002728022
1590.180769887194,1590.180769887194,0.9838564,0.0027321668
1590.182158751511,1590.182158751511,0.9850291,0.0027340879
1590.1835476158285,1590.1835476158285,0.9810585,0.002731841
1590.184936480146,1590.184936480146,0.9810829,0.0027328231
1590.186325344579,1590.186325344579,0.980518,0.002732273
1590.187714208896,1590.187714208896,0.98226047,0.0027323004
1590.1891030732127,1590.1891030732127,0.9829929,0.0027337936
1590.1904919375297,1590.1904919375297,0.9801516,0.002745882
1590.1918808018472,1590.1918808018472,0.98076785,0.0027354395
1590.1932696661647,1590.1932696661647,0.982593,0.0027373459
1590.1946585304813,1590.1946585304813,0.98202085,0.0027350807
1590.1960473947975,1590.1960473947975,0.9827671,0.0027465504
1590.1974362591136,1590.1974362591136,0.9821522,0.0027311407
1590.198825123431,1590.198825123431,0.9811054,0.0027291987
1590.2002139877486,1590.2002139877486,0.9822442,0.0027396113
1590.2016028520652,1590.2016028520652,0.9814001,0.0027314979
1590.2029917163823,1590.2029917163823,0.9826304,0.002733778
1590.2043805806989,1590.2043805806989,0.98267573,0.002732153
1590.205769445016,1590.205769445016,0.9831983,0.0027482253
1590.2071583093334,1590.2071583093334,0.9808765,0.0027344262
1590.208547173651,1590.208547173651,0.9845031,0.0027608369
1590.209936037851,1590.209936037851,0.981398,0.0027314806
1590.2113249021681,1590.2113249021681,0.9825973,0.0027301696
1590.2127137664847,1590.2127137664847,0.98206127,0.0027393552
1590.2141026308022,1590.2141026308022,0.982746,0.0027298261
1590.2154914951188,1590.2154914951188,0.9800073,0.0027449126
1590.216880359435,1590.216880359435,0.98433554,0.0027357715
1590.2182692236356,1590.2182692236356,0.98242164,0.0027363757
1590.2196580879522,1590.2196580879522,0.9846898,0.0027378383
1590.2210469522693,1590.2210469522693,0.98206127,0.002730202
1590.2224358165868,1590.2224358165868,0.9843376,0.0027346145
1590.2238246807879,1590.2238246807879,0.98203665,0.0027325975
1590.2252135451045,1590.2252135451045,0.98187435,0.0027319102
1590.2266024094215,1590.2266024094215,0.97869,0.0027338155
1590.2279912736217,1590.2279912736217,0.98306084,0.0027377002
1590.2293801379392,1590.2293801379392,0.98531187,0.0027376353
1590.2307690022567,1590.2307690022567,0.98320603,0.0027383137
1590.2321578664573,1590.2321578664573,0.982782,0.0027323877
1590.233546730774,1590.233546730774,0.98227096,0.0027337885
1590.234935594974,1590.234935594974,0.98351896,0.0027322073
1590.2363244592902,1590.2363244592902,0.98503315,0.0027324024
1590.2377133236073,1590.2377133236073,0.98296577,0.0027343363
1590.2391021878084,1590.2391021878084,0.98646355,0.00273869
1590.240491052125,1590.240491052125,0.9895524,0.0027370432
1590.2418799163256,1590.2418799163256,0.98445046,0.0027358092
1590.2432687806422,1590.2432687806422,0.98588085,0.0027328872
1590.2446576448433,1590.2446576448433,0.9852352,0.0027328013
1590.2460465091608,1590.2460465091608,0.98605156,0.0027335568
1590.2474353733614,1590.2474353733614,0.98689896,0.0027355012
1590.248824237678,1590.248824237678,0.98480123,0.0027362674
1590.2502131018787,1590.2502131018787,0.9890891,0.0027339805
1590.2516019660789,1590.2516019660789,0.98583955,0.0027355438
1590.2529908303964,1590.2529908303964,0.9843966,0.0027344362
1590.2543796945974,1590.2543796945974,0.984514,0.0027479138
1590.2557685587972,1590.2557685587972,0.9875951,0.0027350266
1590.2571574231133,1590.2571574231133,0.98652035,0.0027317398
1590.2585462873135,1590.2585462873135,0.989361,0.0027355237
1590.2599351515146,1590.2599351515146,0.98476225,0.0027432016
1590.261324015832,1590.261324015832,0.9818661,0.0027375151
1590.2627128800327,1590.2627128800327,0.9866237,0.0027365163
1590.264101744233,1590.264101744233,0.98373854,0.0027364525
1590.26549060855,1590.26549060855,0.9856073,0.002732996
1590.2668794727501,1590.2668794727501,0.9845238,0.002733378
1590.2682683369512,1590.2682683369512,0.9838738,0.0027359086
1590.2696572011523,1590.2696572011523,0.989253,0.0027356818
1590.271046065353,1590.271046065353,0.98514444,0.002747934
1590.2724349296695,1590.2724349296695,0.9863758,0.002737265
1590.2738237938697,1590.2738237938697,0.9827824,0.0027487047
1590.2752126580704,1590.2752126580704,0.98297215,0.0027365454
1590.2766015222705,1590.2766015222705,0.9886927,0.0027352292
1590.2779903864712,1590.2779903864712,0.98342085,0.0027358888
1590.2793792506714,1590.2793792506714,0.986293,0.0027324874
1590.280768114872,1590.280768114872,0.9885443,0.0027655482
1590.2821569790722,1590.2821569790722,0.9881676,0.0027351698
1590.2835458432733,1590.2835458432733,0.9843153,0.0027322187
1590.2849347074743,1590.2849347074743,0.9852341,0.0027504822
1590.2863235717914,1590.2863235717914,0.9883373,0.0027468374
1590.2877124359916,1590.2877124359916,0.98942053,0.0027390048
1590.2891013001922,1590.2891013001922,0.9896878,0.0027410614
1590.290490164277,1590.290490164277,0.9940561,0.002748459
1590.2918790284778,1590.2918790284778,0.9941716,0.0027423073
1590.2932678926782,1590.2932678926782,0.9923704,0.0027348548
1590.2946567568779,1590.2946567568779,0.99078447,0.0027513006
1590.2960456210776,1590.2960456210776,0.9887286,0.0027469767
1590.2974344852778,1590.2974344852778,0.98994297,0.0027350138
1590.2988233494789,1590.2988233494789,0.98749256,0.0027349226
1590.30021221368,1590.30021221368,0.98786217,0.0027351307
1590.3016010778806,1590.3016010778806,0.9881597,0.0027450833
1590.3029899420808,1590.3029899420808,0.9909049,0.0027351477
1590.304378806165,1590.304378806165,0.98772824,0.002736425
1590.305767670366,1590.305767670366,0.98738045,0.0027326548
1590.3071565345672,1590.3071565345672,0.98958296,0.0027349829
1590.3085453987674,1590.3085453987674,0.9900908,0.0027375184
1590.3099342628516,1590.3099342628516,0.9908172,0.0027488999
1590.3113231270518,1590.3113231270518,0.989283,0.0027397892
1590.312711991252,1590.312711991252,0.99274045,0.0027377945
1590.3141008554526,1590.3141008554526,0.98636675,0.002733987
1590.3154897195363,1590.3154897195363,0.9902187,0.0027360243
1590.316878583737,1590.316878583737,0.9885122,0.0027363931
1590.3182674479372,1590.3182674479372,0.99336696,0.0027411135
1590.3196563120214,1590.3196563120214,0.9907283,0.00273423
1590.3210451762216,1590.3210451762216,0.993633,0.0027369203
1590.3224340404226,1590.3224340404226,0.9916592,0.00273988
1590.3238229045073,1590.3238229045073,0.99250937,0.002736913
1590.325211768708,1590.325211768708,0.98893315,0.0027618916
1590.3266006327917,1590.3266006327917,0.9933515,0.0027374604
1590.3279894969924,1590.3279894969924,0.989079,0.0027431743
1590.329378361077,1590.329378361077,0.9894361,0.0027354334
1590.330767225278,1590.330767225278,0.9909422,0.00274587
1590.3321560894783,1590.3321560894783,0.9886107,0.002732104
1590.333544953562,1590.333544953562,0.9884903,0.0027388288
1590.3349338176454,1590.3349338176454,0.9938121,0.0027369673
1590.336322681845,1590.336322681845,0.99210924,0.0027386842
1590.3377115459298,1590.3377115459298,0.9909593,0.0027530228
1590.3391004101309,1590.3391004101309,0.9869642,0.0027486393
1590.340489274215,1590.340489274215,0.99387425,0.0027439722
1590.3418781384153,1590.3418781384153,0.9901914,0.0027375743
1590.3432670024995,1590.3432670024995,0.991237,0.0027422232
1590.3446558665842,1590.3446558665842,0.9927291,0.0027357128
1590.3460447307853,1590.3460447307853,0.99221224,0.0027389342
1590.347433594869,1590.347433594869,0.99207056,0.0027415566
1590.3488224589532,1590.3488224589532,0.9903861,0.0027385242
1590.3502113231534,1590.3502113231534,0.99215907,0.002736325
1590.3516001872372,1590.3516001872372,0.992324,0.002734023
1590.3529890513219,1590.3529890513219,0.99339265,0.0027381259
1590.3543779155225,1590.3543779155225,0.99017143,0.002737038
1590.3557667796058,1590.3557667796058,0.9931181,0.0027478326
1590.3571556436896,1590.3571556436896,0.9915571,0.0027324227
1590.3585445077738,1590.3585445077738,0.99036247,0.0027393843
1590.3599333718585,1590.3599333718585,0.9931847,0.0027372404
1590.3613222360596,1590.3613222360596,0.9928268,0.0027431722
1590.3627111001433,1590.3627111001433,0.99516314,0.0027383056
1590.3640999642275,1590.3640999642275,0.9953751,0.0027406774
1590.3654888283113,1590.3654888283113,0.9951026,0.0027368658
1590.3668776923955,1590.3668776923955,0.99509275,0.0027380155
1590.3682665564802,1590.3682665564802,0.99203014,0.0027631975
1590.3696554205646,1590.3696554205646,0.99351513,0.0027536086
1590.3710442846486,1590.3710442846486,0.993739,0.0027457103
1590.3724331488488,1590.3724331488488,0.99299634,0.0027424945
1590.3738220129321,1590.3738220129321,0.9924996,0.0027507027
1590.3752108770163,1590.3752108770163,0.9933576,0.0027377435
1590.376599741101,1590.376599741101,0.99381053,0.0027566918
1590.3779886051848,1590.3779886051848,0.9940206,0.0027430828
1590.379377469269,1590.379377469269,1.0024648,0.002740231
1590.3807663333528,1590.3807663333528,0.99921453,0.0027378325
1590.3821551973206,1590.3821551973206,1.0006845,0.002738856
1590.3835440614052,1590.3835440614052,0.9973305,0.0027362553
1590.38493292549,1590.38493292549,1.0013417,0.002744251
1590.3863217895737,1590.3863217895737,0.9960131,0.0027433368
1590.387710653658,1590.387710653658,0.99812686,0.0027425275
1590.3890995177417,1590.3890995177417,0.9940168,0.0027453536
1590.3904883818263,1590.3904883818263,0.9941058,0.0027526934
1590.391877245911,1590.391877245911,0.9942994,0.0027381864
1590.3932661099943,1590.3932661099943,0.9945315,0.0027487772
1590.3946549739612,1590.3946549739612,0.99453187,0.002743386
1590.396043838045,1590.396043838045,0.9933243,0.0027373142
1590.3974327021292,1590.3974327021292,0.9956036,0.002737612
1590.3988215662139,1590.3988215662139,0.9936465,0.0027400465
1590.4002104301821,1590.4002104301821,0.99756306,0.0027366604
1590.401599294266,1590.401599294266,0.99586844,0.002737604
1590.4029881583501,1590.4029881583501,0.9972921,0.0027384853
1590.404377022434,1590.404377022434,0.99864644,0.0027518666
1590.4057658864022,1590.4057658864022,0.99598056,0.0027414705
1590.4071547504868,1590.4071547504868,0.994585,0.0027444712
1590.4085436145708,1590.4085436145708,0.9922851,0.0027365808
1590.4099324785384,1590.4099324785384,0.99695873,0.0027424488
1590.4113213426222,1590.4113213426222,0.9939803,0.0027529101
1590.412710206589,1590.412710206589,0.99500823,0.002738554
1590.4140990706733,1590.4140990706733,0.99761057,0.0027442728
1590.415487934758,1590.415487934758,0.9958705,0.0027434595
1590.4168767987253,1590.4168767987253,0.99417794,0.0027379263
1590.4182656628095,1590.4182656628095,0.9988548,0.002745722
1590.4196545267769,1590.4196545267769,0.99575037,0.0027419212
1590.4210433908615,1590.4210433908615,1.0000576,0.002739397
1590.4224322548298,1590.4224322548298,0.9970915,0.0027376467
1590.423821118914,1590.423821118914,0.9953413,0.0027376926
1590.4252099828814,1590.4252099828814,0.9971916,0.0027354516
1590.4265988469656,1590.4265988469656,0.9953983,0.0027393063
1590.427987710933,1590.427987710933,0.99415576,0.0027463501
1590.4293765749012,1590.4293765749012,0.9986177,0.002738185
1590.4307654389859,1590.4307654389859,0.99609405,0.002737975
1590.4321543029528,1590.4321543029528,0.99685466,0.0027440896
1590.433543167036,1590.433543167036,0.99644786,0.0027394802
1590.4349320310034,1590.4349320310034,0.9971412,0.0027391468
1590.4363208949717,1590.4363208949717,0.9971166,0.0027388833
1590.4377097590564,1590.4377097590564,0.99747115,0.0027407235
1590.4390986230242,1590.4390986230242,1.0030187,0.0027544452
1590.4404874869915,1590.4404874869915,0.99676454,0.0027418798
1590.4418763510757,1590.4418763510757,0.9977771,0.0027441308
1590.443265215043,1590.443265215043,0.99697423,0.0027405946
1590.4446540790113,1590.4446540790113,0.99672306,0.00273935
1590.4460429429796,1590.4460429429796,0.99917436,0.0027401873
1590.4474318069472,1590.4474318069472,0.99758196,0.0027411988
1590.4488206710312,1590.4488206710312,0.9973779,0.0027430311
1590.4502095349985,1590.4502095349985,0.99682367,0.002741915
1590.4515983989663,1590.4515983989663,0.9963004,0.0027499776
1590.4529872629337,1590.4529872629337,0.9949171,0.0027378285
1590.4543761269015,1590.4543761269015,0.9977557,0.0027368842
1590.4557649908688,1590.4557649908688,0.99667037,0.0027494815
1590.457153854953,1590.457153854953,0.99716425,0.002741847
1590.4585427189204,1590.4585427189204,0.9980222,0.0027417825
1590.4599315828887,1590.4599315828887,0.9955248,0.0027379466
1590.461320446857,1590.461320446857,0.99904835,0.00273926
1590.4627093108247,1590.4627093108247,0.9935459,0.0027387717
1590.464098174792,1590.464098174792,0.99911046,0.0027434104
1590.4654870387599,1590.4654870387599,0.9942841,0.0027519804
1590.4668759027272,1590.4668759027272,1.0020629,0.0027575793
1590.4682647666955,1590.4682647666955,1.0006242,0.002742412
1590.4696536306637,1590.4696536306637,0.9995902,0.002744873
1590.4710424946306,1590.4710424946306,0.9983338,0.0027430835
1590.4724313585975,1590.4724313585975,1.0000703,0.0027421578
1590.4738202225649,1590.4738202225649,0.9976397,0.0027378146
1590.4752090864167,1590.4752090864167,0.99898696,0.0027399964
1590.476597950385,1590.476597950385,0.9994615,0.0027559283
1590.4779868143528,1590.4779868143528,1.0019084,0.002745429
1590.4793756783201,1590.4793756783201,1.0003922,0.0027561057
1590.480764542288,1590.480764542288,0.99960977,0.002743232
1590.4821534062553,1590.4821534062553,0.99693036,0.0027433687
1590.4835422702236,1590.4835422702236,1.0010953,0.0027445152
1590.4849311340754,1590.4849311340754,0.99987644,0.00274091
1590.4863199980432,1590.4863199980432,0.99769634,0.0027456642
1590.4877088620105,1590.4877088620105,1.0001498,0.0027582482
1590.489097725978,1590.489097725978,0.9983566,0.0027529993
1590.4904865898293,1590.4904865898293,0.9979032,0.0027434018
1590.4918754537966,1590.4918754537966,0.99704564,0.0027384206
1590.4932643177644,1590.4932643177644,0.9975739,0.0027556072
1590.4946531816154,1590.4946531816154,1.0006773,0.0027477704
1590.4960420455832,1590.4960420455832,1.0017303,0.0027430172
1590.4974309095505,1590.4974309095505,0.9977907,0.0027490843
1590.4988197734024,1590.4988197734024,1.0002048,0.0027399121
1590.5002086373706,1590.5002086373706,0.9998658,0.0027402912
1590.5015975013384,1590.5015975013384,1.0008098,0.0027418798
1590.5029863651894,1590.5029863651894,1.0001345,0.0027430377
1590.5043752291572,1590.5043752291572,1.000487,0.0027431399
1590.505764093009,1590.505764093009,0.9993381,0.0027397063
1590.507152956977,1590.507152956977,1.0006086,0.0027431014
1590.5085418208282,1590.5085418208282,1.0002433,0.0027434858
1590.509930684795,1590.509930684795,1.0013268,0.0027485779
1590.5113195486456,1590.5113195486456,1.0002415,0.0027401263
1590.512708412613,1590.512708412613,1.0009614,0.0027400982
1590.5140972764648,1590.5140972764648,0.99882907,0.00276523
1590.515486140433,1590.515486140433,1.0022526,0.0027406057
1590.5168750042844,1590.5168750042844,0.99998635,0.0027456584
1590.5182638682518,1590.5182638682518,1.0022503,0.0027429168
1590.5196527321032,1590.5196527321032,0.9995156,0.0027420346
1590.521041595955,1590.521041595955,1.0002662,0.0027419908
1590.5224304599233,1590.5224304599233,1.0037029,0.0027454619
1590.5238193237742,1590.5238193237742,1.0029727,0.002743058
1590.5252081876256,1590.5252081876256,1.0016555,0.0027424938
1590.526597051593,1590.526597051593,1.0000815,0.0027386837
1590.5279859154439,1590.5279859154439,1.0031955,0.002744905
1590.5293747792953,1590.5293747792953,1.0019935,0.0027404395
1590.5307636432626,1590.5307636432626,1.0019504,0.0027474388
1590.532152507114,1590.532152507114,1.0049129,0.002741372
1590.533541370965,1590.533541370965,0.99907196,0.0027408162
1590.5349302348163,1590.5349302348163,1.0026205,0.0027415608
1590.5363190986682,1590.5363190986682,1.0025743,0.002742846
1590.5377079626364,1590.5377079626364,1.0074637,0.0027438176
1590.5390968264874,1590.5390968264874,1.003395,0.002747241
1590.5404856903388,1590.5404856903388,1.00328,0.0027575793
1590.5418745541897,1590.5418745541897,1.0015008,0.0027407103
1590.543263418041,1590.543263418041,1.0021462,0.002740456
1590.544652281893,1590.544652281893,1.0038474,0.0027568948
1590.5460411457445,1590.5460411457445,1.0048857,0.0027440195
1590.5474300097121,1590.5474300097121,1.003903,0.0027444991
1590.5488188735626,1590.5488188735626,1.0029848,0.0027404653
1590.550207737413,1590.550207737413,1.0046284,0.0027444155
1590.551596601265,1590.551596601265,1.0035846,0.0027423431
1590.5529854651168,1590.5529854651168,1.0017126,0.0027440193
1590.5543743289677,1590.5543743289677,1.0016208,0.0027401766
1590.555763192819,1590.555763192819,1.0045491,0.002755658
1590.55715205667,1590.55715205667,1.0071018,0.0027528978
1590.5585409205214,1590.5585409205214,1.0043273,0.0027391256
1590.5599297843733,1590.5599297843733,1.001879,0.0027417152
1590.5613186481087,1590.5613186481087,1.0042473,0.0027452188
1590.5627075119596,1590.5627075119596,1.000821,0.0027403382
1590.564096375811,1590.564096375811,1.0064592,0.0027427156
1590.565485239662,1590.565485239662,1.0060072,0.0027413785
1590.5668741035138,1590.5668741035138,1.0066179,0.0027516028
1590.5682629673647,1590.5682629673647,1.007938,0.0027471492
1590.5696518312152,1590.5696518312152,1.0061537,0.0027459676
1590.5710406949502,1590.5710406949502,1.004389,0.0027542785
1590.572429558801,1590.572429558801,1.0046215,0.002743374
1590.5738184226525,1590.5738184226525,1.0036011,0.0027459061
1590.5752072865043,1590.5752072865043,1.0034177,0.0027433045
1590.5765961503562,1590.5765961503562,1.005285,0.0027604834
1590.5779850140907,1590.5779850140907,1.0035877,0.002752845
1590.579373877942,1590.579373877942,1.0050855,0.0027541446
1590.580762741793,1590.580762741793,1.0021504,0.0027541255
1590.5821516055285,1590.5821516055285,1.006962,0.002747123
1590.5835404693803,1590.5835404693803,1.0068961,0.0027460188
1590.5849293332315,1590.5849293332315,1.0037762,0.0027421035
1590.5863181969662,1590.5863181969662,1.0027483,0.0027392306
1590.5877070608167,1590.5877070608167,1.0042545,0.0027479269
1590.5890959246672,1590.5890959246672,1.0052966,0.0027420192
1590.5904847884026,1590.5904847884026,1.0063614,0.0027438754
1590.5918736522544,1590.5918736522544,1.0049887,0.002746677
1590.593262515989,1590.593262515989,1.0051942,0.0027477352
1590.5946513798403,1590.5946513798403,1.0040466,0.0027430814
1590.5960402435749,1590.5960402435749,1.0065317,0.0027428782
1590.5974291074267,1590.5974291074267,1.0028193,0.002742708
1590.5988179711621,1590.5988179711621,1.0082976,0.002748631
1590.6002068350135,1590.6002068350135,1.0062445,0.002741505
1590.601595698748,1590.601595698748,1.0054518,0.0027447145
1590.6029845625994,1590.6029845625994,1.0043696,0.002768787
1590.604373426334,1590.604373426334,1.0067818,0.0027511627
1590.6057622901849,1590.6057622901849,1.0078609,0.002744465
1590.6071511539199,1590.6071511539199,1.007346,0.0027421594
1590.6085400176544,1590.6085400176544,1.0107882,0.0027455422
1590.6099288815058,1590.6099288815058,1.0090294,0.0027442186
1590.6113177452403,1590.6113177452403,1.0097218,0.002740471
1590.6127066089757,1590.6127066089757,1.0039744,0.0027463844
1590.6140954728276,1590.6140954728276,1.0061854,0.0027696975
1590.6154843365625,1590.6154843365625,1.006506,0.0027415727
1590.616873200297,1590.616873200297,1.006325,0.002750608
1590.6182620641484,1590.6182620641484,1.0080537,0.0027486733
1590.619650927883,1590.619650927883,1.0069233,0.0027430484
1590.6210397916184,1590.6210397916184,1.0055773,0.0027688341
1590.6224286553538,1590.6224286553538,1.0068527,0.0027467993
1590.623817519205,1590.623817519205,1.0084126,0.0027474777
1590.6252063829388,1590.6252063829388,1.0055283,0.0027452381
1590.6265952466729,1590.6265952466729,1.0075085,0.0027475015
1590.6279841104079,1590.6279841104079,1.0074099,0.0027499355
1590.6293729741433,1590.6293729741433,1.0060575,0.0027467012
1590.6307618378787,1590.6307618378787,1.0055344,0.0027434384
1590.6321507016132,1590.6321507016132,1.003128,0.002746139
1590.6335395654646,1590.6335395654646,1.0053064,0.0027459576
1590.6349284291991,1590.6349284291991,1.0051813,0.002746139
1590.6363172929346,1590.6363172929346,1.0059478,0.0027454135
1590.63770615667,1590.63770615667,1.0037535,0.0027439264
1590.639095020405,1590.639095020405,1.0072284,0.002758802
1590.6404838841395,1590.6404838841395,1.0106283,0.002748874
1590.6418727478745,1590.6418727478745,1.0087701,0.002750884
1590.643261611609,1590.643261611609,1.0055263,0.002748075
1590.6446504753435,1590.6446504753435,1.0060099,0.0027445375
1590.6460393390785,1590.6460393390785,1.0094577,0.002749465
1590.647428202813,1590.647428202813,1.0055052,0.002745078
1590.648817066548,1590.648817066548,1.0074579,0.0027454444
1590.650205930166,1590.650205930166,1.0083928,0.0027526543
1590.6515947939015,1590.6515947939015,1.0065044,0.0027419939
1590.652983657637,1590.652983657637,1.0075251,0.002742199
1590.654372521372,1590.654372521372,1.011065,0.0027534277
1590.6557613851064,1590.6557613851064,1.0088049,0.0027459518
1590.6571502488414,1590.6571502488414,1.0050522,0.002742835
1590.658539112576,1590.658539112576,1.0059581,0.0027437839
1590.659927976195,1590.659927976195,1.0078038,0.0027434134
1590.6613168399304,1590.6613168399304,1.0094556,0.002745377
1590.662705703665,1590.662705703665,1.0052149,0.0027407415
1590.664094567399,1590.664094567399,1.0082768,0.0027447834
1590.6654834310166,1590.6654834310166,1.0104227,0.002747493
1590.666872294752,1590.666872294752,1.0083294,0.002757017
1590.6682611584874,1590.6682611584874,1.0041167,0.002741182
1590.669650022106,1590.669650022106,1.0074959,0.0027558478
1590.6710388858405,1590.6710388858405,1.0095304,0.0027451518
1590.6724277495755,1590.6724277495755,1.0050249,0.0027422814
1590.6738166131936,1590.6738166131936,1.0116142,0.0027581071
1590.675205476929,1590.675205476929,1.0105425,0.0027461357
1590.6765943406645,1590.6765943406645,1.0094692,0.0027453634
1590.677983204283,1590.677983204283,1.0105985,0.0027472095
1590.6793720680175,1590.6793720680175,1.0116259,0.0027477334
1590.680760931636,1590.680760931636,1.0089308,0.0027465643
1590.6821497953715,1590.6821497953715,1.0094421,0.0027448856
1590.6835386589896,1590.6835386589896,1.0081054,0.0027460612
1590.6849275227237,1590.6849275227237,1.0084983,0.0027498677
1590.6863163863418,1590.6863163863418,1.0116261,0.0027425252
1590.6877052500768,1590.6877052500768,1.0112519,0.0027456211
1590.6890941136949,1590.6890941136949,1.0087703,0.0027446903
1590.6904829774303,1590.6904829774303,1.0087695,0.0027494964
1590.6918718410493,1590.6918718410493,1.0107125,0.0027512661
1590.6932607047843,1590.6932607047843,1.0090749,0.0027421468
1590.6946495684024,1590.6946495684024,1.0114255,0.0027445178
1590.696038432021,1590.696038432021,1.0090185,0.0027470419
1590.6974272957564,1590.6974272957564,1.0079783,0.002742401
1590.6988161593754,1590.6988161593754,1.006139,0.0027466048
1590.7002050229935,1590.7002050229935,1.0096197,0.0027452952
1590.7015938867276,1590.7015938867276,1.0102751,0.002757345
1590.7029827503452,1590.7029827503452,1.0119296,0.0027708635
1590.7043716139633,1590.7043716139633,1.0128677,0.0027463047
1590.7057604775823,1590.7057604775823,1.0120703,0.0027429368
1590.7071493413177,1590.7071493413177,1.0119344,0.0027449634
1590.7085382049363,1590.7085382049363,1.0087806,0.0027482759
1590.7099270685544,1590.7099270685544,1.0067859,0.0027445885
1590.711315932173,1590.711315932173,1.0095835,0.0027444758
1590.7127047959084,1590.7127047959084,1.0074503,0.002742625
1590.7140936595274,1590.7140936595274,1.0066762,0.0027456847
1590.7154825231455,1590.7154825231455,1.0110018,0.0027468856
1590.716871386764,1590.716871386764,1.0097443,0.002743099
1590.7182602503822,1590.7182602503822,1.0097055,0.002747488
1590.7196491140007,1590.7196491140007,1.0094844,0.0027431394
1590.7210379776188,1590.7210379776188,1.012957,0.00275783
1590.722426841237,1590.722426841237,1.0078031,0.0027419098
1590.7238157048555,1590.7238157048555,1.0138371,0.0027457112
1590.7252045684736,1590.7252045684736,1.0088775,0.0027481364
1590.7265934320922,1590.7265934320922,1.0064594,0.002742024
1590.7279822957112,1590.7279822957112,1.0123218,0.0027434886
1590.7293711593302,1590.7293711593302,1.0124869,0.002748981
1590.7307600229483,1590.7307600229483,1.01447,0.0027427606
1590.7321488865668,1590.7321488865668,1.0112247,0.0027472868
1590.733537750185,1590.733537750185,1.0087991,0.0027440046
1590.7349266138035,1590.7349266138035,1.0118536,0.0027462444
1590.7363154774225,1590.7363154774225,1.009044,0.0027410502
1590.7377043410415,1590.7377043410415,1.0107542,0.0027442384
1590.7390932046596,1590.7390932046596,1.0098412,0.002743275
1590.7404820682773,1590.7404820682773,1.0078311,0.002749119
1590.741870931895,1590.741870931895,1.0086337,0.0027454868
1590.743259795514,1590.743259795514,1.0102775,0.0027417608
1590.7446486590165,1590.7446486590165,1.012501,0.0027434928
1590.7460375226347,1590.7460375226347,1.0125533,0.0027467099
1590.7474263862532,1590.7474263862532,1.0086541,0.0027436067
1590.7488152498713,1590.7488152498713,1.0089129,0.0027445816
1590.7502041133735,1590.7502041133735,1.0094639,0.0027426432
1590.7515929769925,1590.7515929769925,1.0063944,0.0027426172
1590.7529818406115,1590.7529818406115,1.0085962,0.002743955
1590.7543707042296,1590.7543707042296,1.0107033,0.0027439436
1590.7557595677317,1590.7557595677317,1.0119935,0.002761012
1590.7571484313498,1590.7571484313498,1.008612,0.0027436179
1590.7585372949684,1590.7585372949684,1.0129039,0.0027443175
1590.75992615847,1590.75992615847,1.0118557,0.0027440125
1590.7613150220882,1590.7613150220882,1.0081497,0.0027416481
1590.7627038855903,1590.7627038855903,1.0096647,0.002745376
1590.7640927492084,1590.7640927492084,1.0119663,0.002746233
1590.765481612827,1590.765481612827,1.009116,0.0027619456
1590.7668704763296,1590.7668704763296,1.0114088,0.0027471357
1590.7682593399486,1590.7682593399486,1.0123354,0.0027451543
1590.7696482034503,1590.7696482034503,1.0038912,0.0027452526
1590.7710370670688,1590.7710370670688,1.0086414,0.002743423
1590.7724259305705,1590.7724259305705,1.0099077,0.0027470358
1590.773814794189,1590.773814794189,1.0090475,0.0027568617
1590.7752036576917,1590.7752036576917,1.0102124,0.0027452903
1590.7765925213107,1590.7765925213107,1.011634,0.0027492375
1590.777981384812,1590.777981384812,1.0094161,0.002745562
1590.779370248313,1590.779370248313,1.0099568,0.0027449327
1590.7807591119313,1590.7807591119313,1.010951,0.0027548356
1590.7821479754339,1590.7821479754339,1.0112007,0.0027470274
1590.7835368390529,1590.7835368390529,1.0082097,0.0027403324
1590.7849257025546,1590.7849257025546,1.0122778,0.0027451434
1590.7863145660567,1590.7863145660567,1.0099539,0.0027424193
1590.7877034296748,1590.7877034296748,1.0074248,0.0027491844
1590.789092293177,1590.789092293177,1.0086186,0.0027522293
1590.7904811566796,1590.7904811566796,1.0092698,0.0027535493
1590.7918700201822,1590.7918700201822,1.0099598,0.0027639265
1590.7932588838003,1590.7932588838003,1.0109375,0.002746742
1590.7946477473024,1590.7946477473024,1.0096221,0.0027456102
1590.796036610804,1590.796036610804,1.0086834,0.0027466116
1590.7974254743062,1590.7974254743062,1.0129312,0.002758661
1590.798814337808,1590.798814337808,1.0137302,0.0027523823
1590.800203201426,1590.800203201426,1.0098848,0.0027522533
1590.8015920649282,1590.8015920649282,1.0077732,0.0027424349
1590.8029809284299,1590.8029809284299,1.011864,0.00274497
1590.804369791932,1590.804369791932,1.0083017,0.0027463445
1590.8057586554346,1590.8057586554346,1.011439,0.0027439278
1590.8071475189372,1590.8071475189372,1.0103536,0.002740728
1590.808536382439,1590.808536382439,1.005889,0.002742116
1590.809925245941,1590.809925245941,1.0107604,0.0027417564
1590.8113141094427,1590.8113141094427,1.0125816,0.002748597
1590.8127029729453,1590.8127029729453,1.0090532,0.0027440067
1590.814091836448,1590.814091836448,1.0093919,0.0027493385
1590.8154806999491,1590.8154806999491,1.0138896,0.0027436693
1590.8168695634504,1590.8168695634504,1.0144814,0.00274461
1590.8182584269523,1590.8182584269523,1.0105698,0.00277275
1590.8196472904542,1590.8196472904542,1.0099359,0.0027442046
1590.8210361539568,1590.8210361539568,1.009807,0.002744812
1590.8224250174594,1590.8224250174594,1.0079026,0.0027450842
1590.823813880961,1590.823813880961,1.0121317,0.0027432707
1590.8252027444632,1590.8252027444632,1.0051297,0.0027413652
1590.826591607965,1590.826591607965,1.0105147,0.0027452814
1590.8279804714675,1590.8279804714675,1.0091034,0.002756732
1590.8293693348537,1590.8293693348537,1.0094568,0.0027448465
1590.8307581983559,1590.8307581983559,1.0103321,0.0027439953
1590.8321470618575,1590.8321470618575,1.0109807,0.002746295
1590.8335359253597,1590.8335359253597,1.0069814,0.00274963
1590.834924788861,1590.834924788861,1.0097079,0.0027477348
1590.8363136522462,1590.8363136522462,1.0082502,0.0027667896
1590.8377025157488,1590.8377025157488,1.0093507,0.002762971
1590.8390913792505,1590.8390913792505,1.0099117,0.0027435422
1590.8404802426362,1590.8404802426362,1.0092348,0.0027424458
1590.841869106138,1590.841869106138,1.0126758,0.002744691
1590.8432579696405,1590.8432579696405,1.0130519,0.0027434325
1590.8446468330267,1590.8446468330267,1.0096507,0.0027437527
1590.8460356965288,1590.8460356965288,1.006456,0.0027414395
1590.8474245600305,1590.8474245600305,1.010407,0.0027422952
1590.8488134234162,1590.8488134234162,1.0098404,0.0027433762
1590.850202286918,1590.850202286918,1.0098512,0.0027460423
1590.851591150304,1590.851591150304,1.0049434,0.0027425657
1590.8529800138067,1590.8529800138067,1.0091643,0.0027500598
1590.8543688771915,1590.8543688771915,1.0092506,0.002740883
1590.8557577406928,1590.8557577406928,1.0078341,0.0027406516
1590.8571466041947,1590.8571466041947,1.0062348,0.0027510347
1590.8585354675806,1590.8585354675806,1.0072488,0.002741571
1590.8599243309668,1590.8599243309668,1.0089456,0.002746608
1590.861313194469,1590.861313194469,1.004528,0.0027408933
1590.8627020578542,1590.8627020578542,1.0065609,0.0027420796
1590.8640909213564,1590.8640909213564,1.0121454,0.002742574
1590.8654797847416,1590.8654797847416,1.0060868,0.0027506535
1590.8668686482442,1590.8668686482442,1.0071656,0.0027401634
1590.8682575116304,1590.8682575116304,1.0059923,0.0027483855
1590.8696463750161,1590.8696463750161,1.0062516,0.0027466184
1590.8710352385178,1590.8710352385178,1.0066024,0.002742886
1590.8724241019027,1590.8724241019027,1.0088139,0.0027403352
1590.8738129652884,1590.8738129652884,1.0065776,0.0027421284
1590.875201828791,1590.875201828791,1.006491,0.0027429494
1590.8765906921763,1590.8765906921763,1.0039546,0.00274168
1590.8779795555615,1590.8779795555615,1.0070888,0.0027447382
1590.8793684189473,1590.8793684189473,1.0080626,0.0027432109
1590.880757282449,1590.880757282449,1.0075023,0.0027444493
1590.8821461458351,1590.8821461458351,1.0066061,0.002758948
1590.8835350092213,1590.8835350092213,1.0108693,0.0027455827
1590.884923872607,1590.884923872607,1.0045363,0.0027448982
1590.8863127359923,1590.8863127359923,1.0092989,0.0027438987
1590.887701599378,1590.887701599378,1.009146,0.0027440086
1590.8890904628806,1590.8890904628806,1.0070343,0.0027514556
1590.8904793262668,1590.8904793262668,1.0047423,0.0027538703
1590.8918681896516,1590.8918681896516,1.0096501,0.002743753
1590.8932570530365,1590.8932570530365,1.0074357,0.0027436677
1590.8946459164217,1590.8946459164217,1.003632,0.0027395864
1590.8960347798072,1590.8960347798072,1.0060363,0.0027462563
1590.8974236431932,1590.8974236431932,1.0041935,0.0027417538
1590.8988125065794,1590.8988125065794,1.0058092,0.0027467504
1590.900201369965,1590.900201369965,1.0041937,0.0027454374
1590.9015902333504,1590.9015902333504,1.0055617,0.0027421382
1590.902979096736,1590.902979096736,1.0060389,0.0027418423
1590.9043679601223,1590.9043679601223,1.0067058,0.0027512307
1590.9057568235085,1590.9057568235085,1.0054771,0.0027555022
1590.9071456868937,1590.9071456868937,1.0070453,0.0027427117
1590.9085345502795,1590.9085345502795,1.0101362,0.0027477606
1590.9099234135479,1590.9099234135479,1.0048792,0.002739573
1590.9113122769327,1590.9113122769327,1.0085359,0.0027562012
1590.9127011403189,1590.9127011403189,1.0054584,0.0027451988
1590.914090003705,1590.914090003705,1.0075302,0.0027446325
1590.9154788670903,1590.9154788670903,1.0051969,0.002747411
1590.9168677304756,1590.9168677304756,1.0019685,0.002746641
1590.918256593745,1590.918256593745,1.0053592,0.002741759
1590.919645457131,1590.919645457131,1.0035549,0.0027416141
1590.9210343205173,1590.9210343205173,1.0069729,0.002746165
1590.9224231839025,1590.9224231839025,1.0088533,0.0027423187
1590.9238120471719,1590.9238120471719,1.0041223,0.0027424127
1590.9252009105571,1590.9252009105571,1.0067835,0.0027433753
1590.9265897739429,1590.9265897739429,1.0047507,0.002742558
1590.9279786372126,1590.9279786372126,1.0068026,0.0027523183
1590.929367500598,1590.929367500598,1.0029718,0.0027438216
1590.9307563639827,1590.9307563639827,1.0059797,0.0027463788
1590.932145227252,1590.932145227252,1.0058081,0.0027413082
1590.9335340906373,1590.9335340906373,1.0011889,0.0027571067
1590.9349229540228,1590.9349229540228,1.0013894,0.0027445112
1590.9363118172923,1590.9363118172923,1.0023435,0.0027407685
1590.9377006806785,1590.9377006806785,1.0033894,0.0027512044
1590.9390895439478,1590.9390895439478,1.0004163,0.002744466
1590.940478407333,1590.940478407333,1.0010005,0.0027480605
1590.9418672706024,1590.9418672706024,1.0028397,0.0027428484
1590.9432561339886,1590.9432561339886,1.000161,0.002757013
1590.9446449972584,1590.9446449972584,1.0041832,0.0027558228
1590.9460338606436,1590.9460338606436,1.0041133,0.0027404653
1590.947422723912,1590.947422723912,1.0024363,0.0027378737
1590.9488115871804,1590.9488115871804,1.0011384,0.0027458696
1590.9502004505662,1590.9502004505662,1.0035516,0.0027626255
1590.951589313836,1590.951589313836,1.0025486,0.0027578236
1590.9529781772221,1590.9529781772221,1.0060079,0.0027494098
1590.954367040491,1590.954367040491,0.9980673,0.0027437138
1590.9557559037598,1590.9557559037598,1.0043411,0.0027384073
1590.9571447671456,1590.9571447671456,1.0033748,0.0027397033
1590.9585336304153,1590.9585336304153,0.9986432,0.002747521
1590.959922493685,1590.959922493685,1.0016663,0.0027425638
1590.9613113570704,1590.9613113570704,1.0004193,0.0027382465
1590.9627002203397,1590.9627002203397,0.99913967,0.002737351
1590.9640890836085,1590.9640890836085,1.0031594,0.002750719
1590.9654779468779,1590.9654779468779,0.9980064,0.002738176
1590.9668668101467,1590.9668668101467,1.003414,0.0027503904
1590.9682556735324,1590.9682556735324,1.0006957,0.0027386474
1590.9696445368013,1590.9696445368013,1.0005782,0.0027444658
1590.9710334000706,1590.9710334000706,0.9994755,0.0027401128
1590.9724222633395,1590.9724222633395,1.002289,0.0027419394
1590.9738111266092,1590.9738111266092,1.0023692,0.002749472
1590.975199989879,1590.975199989879,1.0026315,0.002746485
1590.9765888531479,1590.9765888531479,1.0015912,0.0027456514
1590.9779777165336,1590.9779777165336,1.0016494,0.0027416216
1590.9793665798024,1590.9793665798024,0.99964195,0.0027413727
1590.9807554430718,1590.9807554430718,1.0006981,0.002742871
1590.9821443063415,1590.9821443063415,0.99597776,0.0027389412
1590.9835331696113,1590.9835331696113,0.9995532,0.0027405364
1590.9849220328797,1590.9849220328797,1.0299196,0.0027522692
1590.986310896148,1590.986310896148,1.0273285,0.002751618
1590.987699759417,1590.987699759417,1.0155247,0.002748981
1590.9890886226867,1590.9890886226867,1.0098873,0.0027570787
1590.99047748584,1590.99047748584,1.0051256,0.0027408581
1590.9918663491094,1590.9918663491094,1.0049618,0.0027445669
1590.9932552123782,1590.9932552123782,1.0013522,0.002738465
1590.9946440756473,1590.9946440756473,1.0040928,0.002748923
1590.9960329389164,1590.9960329389164,1.0016232,0.0027385217
1590.9974218021862,1590.9974218021862,1.0022664,0.0027402388
1590.998810665456,1590.998810665456,1.0011318,0.0027585106
1591.0001995286084,1591.0001995286084,0.99839765,0.002745292
1591.0015883918777,1591.0015883918777,1.0014224,0.0027378737
1591.0029772551466,1591.0029772551466,1.0056466,0.0027425124
1591.0043661184159,1591.0043661184159,1.001401,0.0027461813
1591.0057549816847,1591.0057549816847,1.003762,0.0027410493
1591.0071438448376,1591.0071438448376,1.001113,0.0027423506
1591.0085327081065,1591.0085327081065,0.998622,0.0027381892
1591.0099215713758,1591.0099215713758,1.0003886,0.0027390274
1591.0113104345282,1591.0113104345282,1.0004113,0.0027511904
1591.012699297798,1591.012699297798,0.999863,0.002746224
1591.0140881610678,1591.0140881610678,1.0017949,0.002739026
1591.0154770242202,1591.0154770242202,0.996278,0.002741539
1591.0168658874895,1591.0168658874895,0.99672306,0.0027384723
1591.0182547507584,1591.0182547507584,0.99722916,0.0027432074
1591.0196436139117,1591.0196436139117,0.999738,0.0027378532
1591.0210324771815,1591.0210324771815,0.99964345,0.002749903
1591.0224213403335,1591.0224213403335,1.0002694,0.0027381252
1591.023810203602,1591.023810203602,0.9975141,0.0027408928
1591.0251990667548,1591.0251990667548,1.0001115,0.0027386472
1591.0265879300237,1591.0265879300237,0.9951094,0.0027369892
1591.027976793177,1591.027976793177,0.9942934,0.0027386441
1591.0293656564468,1591.0293656564468,0.99822724,0.0027397736
1591.0307545195997,1591.0307545195997,0.9960896,0.00273995
1591.0321433828685,1591.0321433828685,0.9981744,0.0027438244
1591.0335322460212,1591.0335322460212,0.9979591,0.0027379047
1591.0349211091743,1591.0349211091743,0.9968186,0.0027416733
1591.036309972444,1591.036309972444,0.9981346,0.0027407273
1591.037698835597,1591.037698835597,1.0004152,0.0027460123
1591.0390876988658,1591.0390876988658,0.99925923,0.0027417736
1591.0404765620178,1591.0404765620178,0.9992463,0.0027476035
1591.0418654251698,1591.0418654251698,0.99539495,0.0027476484
1591.0432542883232,1591.0432542883232,0.9951275,0.0027410276
1591.044643151593,1591.044643151593,0.9962421,0.0027471003
1591.0460320147458,1591.0460320147458,0.9967934,0.002739638
1591.0474208778983,1591.0474208778983,0.9977087,0.0027385643
1591.0488097410512,1591.0488097410512,0.99590564,0.00274316
1591.050198604321,1591.050198604321,0.9956861,0.0027398672
1591.0515874674743,1591.0515874674743,0.9996526,0.0027394847
1591.0529763306267,1591.0529763306267,0.99802595,0.0027398444
1591.0543651937792,1591.0543651937792,0.99663407,0.0027401813
1591.055754056932,1591.055754056932,0.99559957,0.0027372153
1591.057142920201,1591.057142920201,0.9974953,0.0027362066
1591.0585317833543,1591.0585317833543,0.9972479,0.0027394667
1591.0599206465072,1591.0599206465072,0.99488026,0.0027433045
1591.0613095096592,1591.0613095096592,0.99466324,0.0027353673
1591.0626983728116,1591.0626983728116,0.99737823,0.002741297
1591.0640872359645,1591.0640872359645,0.9937577,0.0027395624
1591.0654760991179,1591.0654760991179,1.0026125,0.0027401918
1591.0668649622712,1591.0668649622712,0.99891055,0.0027380723
1591.0682538254237,1591.0682538254237,0.99972326,0.0027382479
1591.0696426885766,1591.0696426885766,0.9983388,0.002750005
1591.071031551729,1591.071031551729,0.9981985,0.002738712
1591.0724204148817,1591.0724204148817,0.9950079,0.0027393592
1591.0738092780348,1591.0738092780348,0.9948126,0.0027378656
1591.0751981411881,1591.0751981411881,0.9934344,0.002733759
1591.076587004341,1591.076587004341,0.99307233,0.0027359405
1591.077975867493,1591.077975867493,0.9912535,0.0027481096
1591.0793647305286,1591.0793647305286,0.995678,0.002735327
1591.080753593681,1591.080753593681,0.99442315,0.0027375922
1591.0821424568344,1591.0821424568344,0.99742836,0.0027430165
1591.0835313199877,1591.0835313199877,0.9928717,0.0027379876
1591.0849201831406,1591.0849201831406,0.99599165,0.0027398877
1591.0863090461767,1591.0863090461767,0.9931113,0.0027390504
1591.0876979093296,1591.0876979093296,0.99504,0.0027394402
1591.089086772483,1591.089086772483,0.99716526,0.002752064
1591.0904756356363,1591.0904756356363,0.9913894,0.0027382735
1591.0918644986723,1591.0918644986723,0.9937694,0.0027473755
1591.0932533618247,1591.0932533618247,0.9916638,0.0027368465
1591.0946422249776,1591.0946422249776,0.99074,0.0027337554
1591.0960310880137,1591.0960310880137,0.9903198,0.0027334446
1591.0974199511666,1591.0974199511666,0.991121,0.0027348904
1591.098808814319,1591.098808814319,0.9920548,0.0027431934
1591.1001976773555,1591.1001976773555,0.9959114,0.002737839
1591.101586540508,1591.101586540508,0.9953015,0.0027385685
1591.1029754036608,1591.1029754036608,0.99300665,0.002747376
1591.1043642666978,1591.1043642666978,0.9916695,0.0027385368
1591.105753129851,1591.105753129851,0.99314284,0.00274259
1591.1071419928871,1591.1071419928871,0.991708,0.002737448
1591.10853085604,1591.10853085604,0.99258816,0.0027364537
1591.109919719076,1591.109919719076,0.99237925,0.0027502764
1591.1113085822287,1591.1113085822287,0.99457747,0.0027395654
1591.1126974452654,1591.1126974452654,0.98825186,0.0027362427
1591.1140863084188,1591.1140863084188,0.9901091,0.0027342131
1591.1154751714544,1591.1154751714544,0.9896925,0.0027356094
1591.11686403449,1591.11686403449,0.98851573,0.002749227
1591.1182528976428,1591.1182528976428,0.9946155,0.00273794
1591.1196417606798,1591.1196417606798,0.9902458,0.0027362972
1591.1210306238331,1591.1210306238331,0.98738223,0.002736634
1591.1224194868691,1591.1224194868691,0.9907101,0.0027341358
1591.1238083499056,1591.1238083499056,0.9882503,0.002741515
1591.125197213058,1591.125197213058,0.99582475,0.0027371736
1591.1265860760946,1591.1265860760946,0.9922238,0.0027507942
1591.1279749391315,1591.1279749391315,0.9923849,0.002738779
1591.1293638021684,1591.1293638021684,0.99356186,0.0027399804
1591.1307526653209,1591.1307526653209,0.9880584,0.0027326322
1591.132141528357,1591.132141528357,0.9923079,0.0027410614
1591.1335303913925,1591.1335303913925,0.99790025,0.002736743
1591.134919254429,1591.134919254429,0.9901058,0.00273376
1591.1363081175823,1591.1363081175823,0.9926636,0.0027338958
1591.1376969806183,1591.1376969806183,0.98751533,0.0027424474
1591.1390858436548,1591.1390858436548,0.99099785,0.0027373473
1591.1404747066908,1591.1404747066908,0.9915774,0.002750384
1591.1418635697273,1591.1418635697273,0.994331,0.0027359417
1591.1432524327643,1591.1432524327643,0.9908862,0.002742776
1591.1446412958012,1591.1446412958012,0.99076474,0.0027394975
1591.1460301588372,1591.1460301588372,0.9886074,0.0027361028
1591.1474190218737,1591.1474190218737,0.9921505,0.0027373948
1591.1488078849097,1591.1488078849097,0.9896708,0.0027523409
1591.1501967479467,1591.1501967479467,0.9881784,0.0027369636
1591.151585610983,1591.151585610983,0.9886367,0.0027503816
1591.1529744740183,1591.1529744740183,0.9884834,0.0027444155
1591.1543633370547,1591.1543633370547,0.98834807,0.0027325815
1591.1557522000908,1591.1557522000908,0.98817927,0.0027354395
1591.1571410631273,1591.1571410631273,0.98640174,0.0027346753
1591.1585299261642,1591.1585299261642,0.9879766,0.0027384313
1591.1599187892011,1591.1599187892011,0.98921597,0.0027412984
1591.1613076522372,1591.1613076522372,0.98929346,0.002738066
1591.1626965152736,1591.1626965152736,0.9876454,0.002740395
1591.1640853783097,1591.1640853783097,0.9866734,0.0027347722
1591.1654742412302,1591.1654742412302,0.99003667,0.0027377857
1591.1668631042671,1591.1668631042671,0.99867153,0.0027381047
1591.1682519673036,1591.1682519673036,0.9979858,0.0027391308
1591.1696408303396,1591.1696408303396,0.9904363,0.002741795
1591.1710296933752,1591.1710296933752,0.9872146,0.0027345617
1591.1724185562944,1591.1724185562944,0.9937407,0.0027357044
1591.1738074193313,1591.1738074193313,0.99135196,0.0027417366
1591.1751962823682,1591.1751962823682,0.9893318,0.0027367857
1591.1765851452878,1591.1765851452878,0.98690313,0.0027401603
1591.1779740083243,1591.1779740083243,0.98853254,0.0027721513
1591.1793628713604,1591.1793628713604,0.9865292,0.0027343738
1591.1807517342809,1591.1807517342809,0.98884165,0.0027369084
1591.1821405973178,1591.1821405973178,0.99006945,0.00273459
1591.1835294603543,1591.1835294603543,0.9888394,0.0027359119
1591.184918323274,1591.184918323274,0.98582107,0.0027346914
1591.1863071863104,1591.1863071863104,0.9884621,0.0027360397
1591.18769604923,1591.18769604923,0.99106723,0.0027363736
1591.1890849122663,1591.1890849122663,0.9891268,0.0027416772
1591.190473775186,1591.190473775186,0.9846511,0.0027317372
1591.1918626382221,1591.1918626382221,0.9912898,0.0027364658
1591.1932515011422,1591.1932515011422,0.9830969,0.0027410695
1591.1946403641782,1591.1946403641782,0.98957443,0.0027344339
1591.1960292270987,1591.1960292270987,0.98402816,0.002730956
1591.1974180901357,1591.1974180901357,0.9859794,0.0027344932
1591.1988069530557,1591.1988069530557,0.9879426,0.002734046
1591.2001958160918,1591.2001958160918,0.9841597,0.0027362322
1591.2015846790118,1591.2015846790118,0.98948425,0.002732256
1591.2029735419314,1591.2029735419314,0.98526156,0.0027338082
1591.2043624049684,1591.2043624049684,0.9836841,0.0027373398
1591.205751267889,1591.205751267889,0.98474956,0.0027358083
1591.207140130808,1591.207140130808,0.983717,0.0027337272
1591.2085289938436,1591.2085289938436,0.98404187,0.0027329035
1591.2099178567632,1591.2099178567632,0.98568416,0.00273432
1591.2113067196838,1591.2113067196838,0.9875071,0.0027371044
1591.2126955827207,1591.2126955827207,0.98428553,0.0027313894
1591.2140844456408,1591.2140844456408,0.9876577,0.0027351498
1591.2154733085604,1591.2154733085604,0.9859674,0.0027357643
1591.2168621714804,1591.2168621714804,0.9867302,0.0027472689
1591.2182510344,1591.2182510344,0.98552716,0.0027353996
1591.219639897437,1591.219639897437,0.98341525,0.0027299589
1591.2210287603575,1591.2210287603575,0.984877,0.002742524
1591.2224176232776,1591.2224176232776,0.9819986,0.0027318764
1591.2238064861972,1591.2238064861972,0.9858336,0.0027453941
1591.2251953491163,1591.2251953491163,0.9852541,0.0027353077
1591.2265842120364,1591.2265842120364,0.98303795,0.0027314336
1591.2279730749567,1591.2279730749567,0.9865655,0.0027447648
1591.2293619378765,1591.2293619378765,0.9858713,0.0027488226
1591.2307508007962,1591.2307508007962,0.9827146,0.0027324404
1591.2321396637162,1591.2321396637162,0.9835559,0.0027423105
1591.2335285266358,1591.2335285266358,0.9822274,0.002736493
1591.2349173895564,1591.2349173895564,0.9861612,0.0027349012
1591.2363062524769,1591.2363062524769,0.98743904,0.0027358586
1591.237695115397,1591.237695115397,0.9812429,0.002733533
1591.2390839783166,1591.2390839783166,0.98410887,0.002734585
1591.2404728412366,1591.2404728412366,0.9855103,0.0027362488
1591.2418617041562,1591.2418617041562,0.9831175,0.002738596
1591.2432505670768,1591.2432505670768,0.9804603,0.002733261
1591.2446394299968,1591.2446394299968,0.98279774,0.0027300331
1591.246028292916,1591.246028292916,0.98185706,0.0027349915
1591.2474171557192,1591.2474171557192,0.98818964,0.0027327659
1591.2488060186388,1591.2488060186388,0.9815463,0.002737166
1591.2501948815593,1591.2501948815593,0.986491,0.0027338802
1591.2515837444798,1591.2515837444798,0.9840144,0.0027338427
1591.2529726074,1591.2529726074,0.98283714,0.0027310357
1591.254361470203,1591.254361470203,0.98311675,0.0027327926
1591.2557503331232,1591.2557503331232,0.9821112,0.0027332604
1591.2571391960428,1591.2571391960428,0.9893069,0.0027353573
1591.2585280589633,1591.2585280589633,0.98248816,0.0027321808
1591.2599169217674,1591.2599169217674,0.98347276,0.002738461
1591.2613057846875,1591.2613057846875,0.9863158,0.0027438668
1591.2626946476066,1591.2626946476066,0.9838701,0.0027322187
1591.2640835104094,1591.2640835104094,0.98198634,0.002730844
1591.2654723733299,1591.2654723733299,0.9820903,0.002733277
1591.2668612361338,1591.2668612361338,0.9820185,0.002731858
1591.2682500990536,1591.2682500990536,0.9797597,0.002744426
1591.2696389618568,1591.2696389618568,0.98089534,0.0027343514
1591.2710278247769,1591.2710278247769,0.98177254,0.0027317929
1591.2724166876965,1591.2724166876965,0.9792017,0.0027324702
1591.2738055505006,1591.2738055505006,0.98035055,0.0027338977
1591.275194413421,1591.275194413421,0.9823068,0.0027371382
1591.2765832762248,1591.2765832762248,0.97944623,0.0027288024
1591.277972139028,1591.277972139028,0.9834178,0.0027371973
1591.279361001948,1591.279361001948,0.98490757,0.0027351591
1591.2807498647512,1591.2807498647512,0.98362,0.00274523
1591.2821387276713,1591.2821387276713,0.9809506,0.002746954
1591.2835275904745,1591.2835275904745,0.9827237,0.0027342532
1591.2849164533945,1591.2849164533945,0.9827086,0.0027330206
1591.2863053161977,1591.2863053161977,0.9786115,0.0027350744
1591.287694179001,1591.287694179001,0.9796584,0.0027395603
1591.2890830419215,1591.2890830419215,0.9801738,0.0027320485
1591.2904719047256,1591.2904719047256,0.9799578,0.0027351268
1591.2918607675292,1591.2918607675292,0.98216206,0.0027348872
1591.2932496303324,1591.2932496303324,0.97857565,0.002744908
1591.2946384932525,1591.2946384932525,0.97844607,0.0027315917
1591.2960273560566,1591.2960273560566,0.98092073,0.0027346183
1591.2974162188607,1591.2974162188607,0.9843575,0.0027321733
1591.2988050816634,1591.2988050816634,0.9954401,0.002740213
1591.3001939444662,1591.3001939444662,0.98561305,0.0027410728
1591.3015828073858,1591.3015828073858,0.9874755,0.0027328425
1591.3029716701894,1591.3029716701894,0.9830656,0.0027322173
1591.3043605329935,1591.3043605329935,0.98455703,0.002732047
1591.3057493957974,1591.3057493957974,0.9798449,0.0027446195
1591.3071382586008,1591.3071382586008,0.9808185,0.0027325756
1591.308527121404,1591.308527121404,0.9816825,0.0027345824
1591.3099159842077,1591.3099159842077,0.9773005,0.0027304841
1591.3113048470118,1591.3113048470118,0.98094743,0.0027319808
1591.312693709816,1591.312693709816,0.97984475,0.0027294771
1591.314082572619,1591.314082572619,0.9783246,0.0027310417
1591.3154714354228,1591.3154714354228,0.9822889,0.0027327337
1591.3168602982255,1591.3168602982255,0.977855,0.0027443797
1591.3182491610282,1591.3182491610282,0.9778032,0.0027291735
1591.3196380238323,1591.3196380238323,0.9793426,0.00273064
1591.3210268866364,1591.3210268866364,0.9800864,0.0027294636
1591.3224157494396,1591.3224157494396,0.9782703,0.0027370418
1591.3238046122433,1591.3238046122433,0.9793742,0.0027294494
1591.3251934750465,1591.3251934750465,0.9822897,0.002733082
1591.3265823378506,1591.3265823378506,0.97747636,0.0027308401
1591.3279712006547,1591.3279712006547,0.9821901,0.00273189
1591.3293600633415,1591.3293600633415,0.9771316,0.0027327104
1591.3307489261451,1591.3307489261451,0.980147,0.0027287689
1591.3321377889483,1591.3321377889483,0.97920144,0.0027365228
1591.333526651752,1591.333526651752,0.9779353,0.0027344045
1591.3349155145552,1591.3349155145552,0.9807488,0.0027336706
1591.3363043772424,1591.3363043772424,0.97975093,0.002732964
1591.3376932400456,1591.3376932400456,0.9791842,0.0027323775
1591.3390821028493,1591.3390821028493,0.97672343,0.002731175
1591.340470965536,1591.340470965536,0.9844447,0.0027347172
1591.3418598283401,1591.3418598283401,0.9794632,0.0027311791
1591.3432486911443,1591.3432486911443,0.97761315,0.0027378835
1591.3446375538313,1591.3446375538313,0.9822153,0.00273519
1591.3460264166347,1591.3460264166347,0.9796386,0.0027321281
1591.3474152794379,1591.3474152794379,0.98020095,0.0027410209
1591.3488041421251,1591.3488041421251,0.9795666,0.0027397391
1591.3501930049292,1591.3501930049292,0.98424345,0.0027319721
1591.351581867617,1591.351581867617,0.98410213,0.0027329375
1591.3529707304197,1591.3529707304197,0.986452,0.002737426
1591.354359593106,1591.354359593106,0.98800474,0.002737014
1591.3557484559092,1591.3557484559092,0.9827254,0.0027309726
1591.3571373185969,1591.3571373185969,0.98284584,0.0027405038
1591.358526181401,1591.358526181401,0.9859085,0.0027340448
1591.3599150440882,1591.3599150440882,0.98349273,0.0027322015
1591.3613039068914,1591.3613039068914,0.9829611,0.0027320315
1591.3626927695786,1591.3626927695786,0.98089236,0.0027449103
1591.3640816323818,1591.3640816323818,0.97797495,0.0027473457
1591.3654704950695,1591.3654704950695,0.9780207,0.0027279055
1591.3668593577572,1591.3668593577572,0.9801891,0.002730334
1591.3682482205604,1591.3682482205604,0.97911847,0.0027384744
1591.3696370832477,1591.3696370832477,0.977376,0.0027290734
1591.3710259459344,1591.3710259459344,0.98074156,0.0027313933
1591.372414808738,1591.372414808738,0.97616285,0.0027304818
1591.3738036714249,1591.3738036714249,0.97606164,0.002730746
1591.375192534112,1591.375192534112,0.9787911,0.0027367885
1591.3765813967989,1591.3765813967989,0.97827214,0.0027276974
1591.3779702596025,1591.3779702596025,0.9814705,0.0027386646
1591.3793591222893,1591.3793591222893,0.9805514,0.0027326334
1591.380747984977,1591.380747984977,0.9809863,0.0027352283
1591.3821368476647,1591.3821368476647,0.98020756,0.0027293016
1591.3835257103517,1591.3835257103517,0.9773158,0.00273045
1591.3849145730387,1591.3849145730387,0.9759593,0.0027323107
1591.386303435842,1591.386303435842,0.9827979,0.0027311903
1591.3876922985291,1591.3876922985291,0.98277587,0.0027363852
1591.3890811612168,1591.3890811612168,0.98166615,0.002730899
1591.3904700239036,1591.3904700239036,0.9814059,0.0027285896
1591.39185888659,1591.39185888659,0.9789391,0.0027349836
1591.3932477492772,1591.3932477492772,0.9793448,0.0027330727
1591.394636611964,1591.394636611964,0.9774718,0.0027322643
1591.3960254746517,1591.3960254746517,0.9790738,0.0027332539
1591.3974143373393,1591.3974143373393,0.979154,0.0027381233
1591.3988032000266,1591.3988032000266,0.98076475,0.002737588
1591.4001920627134,1591.4001920627134,0.98006725,0.0027302578
1591.4015809254006,1591.4015809254006,0.98204374,0.0027307798
1591.4029697880874,1591.4029697880874,0.9853757,0.002732991
1591.404358650775,1591.404358650775,0.9830228,0.0027323046
1591.4057475133463,1591.4057475133463,0.9793531,0.002730001
1591.4071363760331,1591.4071363760331,0.98282486,0.00273522
1591.4085252387194,1591.4085252387194,0.98066664,0.0027316425
1591.4099141014058,1591.4099141014058,0.9829657,0.0027323398
1591.4113029640935,1591.4113029640935,0.9767586,0.00274242
1591.4126918267812,1591.4126918267812,0.97938627,0.0027347014
1591.414080689352,1591.414080689352,0.98095995,0.0027578291
1591.4154695520388,1591.4154695520388,0.97752976,0.0027294252
1591.416858414726,1591.416858414726,0.9793446,0.002732467
1591.4182472774128,1591.4182472774128,0.98101103,0.0027297144
1591.419636139984,1591.419636139984,0.9782488,0.0027309386
1591.4210250026717,1591.4210250026717,0.97956866,0.0027324362
1591.4224138653587,1591.4224138653587,0.9797716,0.0027472102
1591.4238027279293,1591.4238027279293,0.9816834,0.0027323172
1591.4251915906161,1591.4251915906161,0.98472136,0.0027314576
1591.4265804533034,1591.4265804533034,0.98215944,0.0027467646
1591.4279693158737,1591.4279693158737,0.98295367,0.0027286853
1591.429358178561,1591.429358178561,0.98110104,0.0027303859
1591.4307470411313,1591.4307470411313,0.9806537,0.002731531
1591.4321359038186,1591.4321359038186,0.9795616,0.0027311617
1591.433524766389,1591.433524766389,0.98246586,0.0027305877
1591.4349136290766,1591.4349136290766,0.9778927,0.0027315887
1591.436302491648,1591.436302491648,0.98208815,0.002736649
1591.4376913543351,1591.4376913543351,0.97937113,0.002733915
1591.4390802169055,1591.4390802169055,0.9799562,0.0027294725
1591.4404690795927,1591.4404690795927,0.9850762,0.0027304315
1591.441857942164,1591.441857942164,0.98068374,0.0027473948
1591.4432468048515,1591.4432468048515,0.9823709,0.002754539
1591.4446356674212,1591.4446356674212,0.98348284,0.0027358592
1591.446024529991,1591.446024529991,0.98272914,0.0027300213
1591.4474133926783,1591.4474133926783,0.9787356,0.00272907
1591.4488022552487,1591.4488022552487,0.9789985,0.0027280622
1591.45019111782,1591.45019111782,0.98415375,0.0027336623
1591.4515799805076,1591.4515799805076,0.9803012,0.0027314005
1591.4529688430785,1591.4529688430785,0.9822125,0.0027311211
1591.4543577056488,1591.4543577056488,0.9811593,0.002733928
1591.455746568336,1591.455746568336,0.98004854,0.0027329552
1591.4571354309073,1591.4571354309073,0.98295885,0.0027383948
1591.4585242934786,1591.4585242934786,0.98191816,0.0027305903
1591.459913156049,1591.459913156049,0.98233,0.0027389731
1591.4613020186196,1591.4613020186196,0.98138046,0.00273045
1591.4626908813057,1591.4626908813057,0.9807456,0.0027352723
1591.4640797438756,1591.4640797438756,0.9820816,0.0027305027
1591.4654686064468,1591.4654686064468,0.98144025,0.0027433422
1591.4668574690181,1591.4668574690181,0.9817208,0.0027431217
1591.468246331589,1591.468246331589,0.98167354,0.0027302944
1591.4696351941593,1591.4696351941593,0.98285663,0.0027328886
1591.4710240567301,1591.4710240567301,0.979119,0.002732796
1591.4724129193014,1591.4724129193014,0.98363346,0.002738396
1591.4738017818727,1591.4738017818727,0.9814604,0.0027321866
1591.475190644443,1591.475190644443,0.9818084,0.0027299006
1591.4765795070139,1591.4765795070139,0.978159,0.0027301733
1591.4779683695842,1591.4779683695842,0.98071164,0.0027313693
1591.479357232155,1591.479357232155,0.97848195,0.0027344257
1591.4807460947254,1591.4807460947254,0.98219186,0.0027342108
1591.4821349572958,1591.4821349572958,0.9800163,0.0027322916
1591.4835238198666,1591.4835238198666,0.9831756,0.002737031
1591.484912682437,1591.484912682437,0.98443896,0.002731869
1591.4863015450078,1591.4863015450078,0.9827819,0.002744188
1591.487690407579,1591.487690407579,0.98405075,0.0027483515
1591.489079270034,1591.489079270034,0.98736024,0.0027347861
1591.4904681326043,1591.4904681326043,0.99111664,0.0027514827
1591.491856995175,1591.491856995175,0.98280203,0.0027322983
1591.4932458577455,1591.4932458577455,0.984433,0.0027404248
1591.4946347203163,1591.4946347203163,0.98467743,0.0027314015
1591.4960235827712,1591.4960235827712,0.9822433,0.0027296473
1591.4974124453424,1591.4974124453424,0.9823756,0.0027313256
1591.4988013079123,1591.4988013079123,0.9823568,0.0027325463
1591.500190170482,1591.500190170482,0.98288095,0.0027398285
1591.5015790329362,1591.5015790329362,0.97793967,0.0027317717
1591.5029678955075,1591.5029678955075,0.98433536,0.002734502
1591.5043567580788,1591.5043567580788,0.98071223,0.0027331836
1591.5057456205327,1591.5057456205327,0.9830798,0.0027446838
1591.5071344831035,1591.5071344831035,0.9841413,0.0027554044
1591.5085233455575,1591.5085233455575,0.9832432,0.0027334723
1591.5099122081283,1591.5099122081283,0.98395157,0.0027487879
1591.5113010705832,1591.5113010705832,0.9872991,0.0027436446
1591.5126899331544,1591.5126899331544,0.9828131,0.0027306238
1591.5140787957248,1591.5140787957248,0.983883,0.002740047
1591.5154676581792,1591.5154676581792,0.9806375,0.002744747
1591.5168565207491,1591.5168565207491,0.98799175,0.002736
1591.518245383203,1591.518245383203,0.9852244,0.0027318078
1591.519634245658,1591.519634245658,0.9835833,0.0027297921
1591.5210231082283,1591.5210231082283,0.98484695,0.00273146
1591.5224119706827,1591.5224119706827,0.98562247,0.0027333528
1591.523800833253,1591.523800833253,0.98414946,0.0027342737
1591.5251896957075,1591.5251896957075,0.9824836,0.0027313062
1591.5265785581623,1591.5265785581623,0.9855236,0.002736624
1591.5279674207336,1591.5279674207336,0.9833945,0.0027366388
1591.5293562831876,1591.5293562831876,0.9875069,0.0027338802
1591.530745145642,1591.530745145642,0.9803336,0.0027302788
1591.5321340082123,1591.5321340082123,0.98593944,0.0027328606
1591.5335228706667,1591.5335228706667,0.98214406,0.0027297118
1591.5349117331207,1591.5349117331207,0.9813564,0.0027308848
1591.5363005956915,1591.5363005956915,0.98769397,0.0027355826
1591.5376894581455,1591.5376894581455,0.9856906,0.0027477155
1591.5390783205996,1591.5390783205996,0.98291266,0.0027327435
1591.5404671830538,1591.5404671830538,0.98289114,0.0027329314
1591.5418560455087,1591.5418560455087,0.98657906,0.0027349154
1591.5432449079635,1591.5432449079635,0.9901907,0.0027397762
1591.544633770534,1591.544633770534,0.9826232,0.002733004
1591.5460226329883,1591.5460226329883,0.9835808,0.0027305766
1591.5474114954422,1591.5474114954422,0.984288,0.0027328904
1591.5488003578967,1591.5488003578967,0.98634976,0.0027344609
1591.5501892203515,1591.5501892203515,0.9840412,0.0027333463
1591.5515780828055,1591.5515780828055,0.98451346,0.0027334243
1591.552966945259,1591.552966945259,0.98751444,0.0027319968
1591.5543558077134,1591.5543558077134,0.98550093,0.0027395007
1591.5557446701673,1591.5557446701673,0.98312104,0.0027352935
1591.5571335326222,1591.5571335326222,0.9827395,0.0027327132
1591.558522395077,1591.558522395077,0.9841097,0.0027408085
1591.559911257531,1591.559911257531,0.98785806,0.0027345282
1591.5613001199854,1591.5613001199854,0.9879952,0.002732445
1591.5626889824393,1591.5626889824393,0.9865536,0.0027342446
1591.5640778448937,1591.5640778448937,0.9844748,0.0027377063
1591.5654667073486,1591.5654667073486,0.9843877,0.0027325607
1591.566855569687,1591.566855569687,0.9825889,0.0027296764
1591.568244432141,1591.568244432141,0.98529303,0.002740655
1591.5696332945945,1591.5696332945945,0.9879857,0.002734648
1591.571022157048,1591.571022157048,0.9864045,0.0027319125
1591.5724110195029,1591.5724110195029,0.98456377,0.002739837
1591.5737998818413,1591.5737998818413,0.98977137,0.0027373272
1591.5751887442957,1591.5751887442957,0.9870076,0.0027344876
1591.5765776067497,1591.5765776067497,0.98453313,0.0027321344
1591.5779664692038,1591.5779664692038,0.9840525,0.0027318443
1591.5793553315416,1591.5793553315416,0.9883711,0.0027461853
1591.5807441939965,1591.5807441939965,0.9839474,0.0027353894
1591.5821330564513,1591.5821330564513,0.98179185,0.0027354613
1591.5835219187888,1591.5835219187888,0.98185515,0.0027340187
1591.5849107812433,1591.5849107812433,0.98886013,0.0027434702
1591.5862996436972,1591.5862996436972,0.9875279,0.002751368
1591.5876885060352,1591.5876885060352,0.984809,0.0027314825
1591.5890773684891,1591.5890773684891,0.98808146,0.0027328033
1591.5904662308271,1591.5904662308271,0.98571646,0.0027470556
1591.591855093281,1591.591855093281,0.99021655,0.0027352576
1591.593243955619,1591.593243955619,0.9856468,0.0027324753
1591.594632818073,1591.594632818073,0.9869995,0.0027344762
1591.5960216804115,1591.5960216804115,0.9874252,0.0027394434
1591.5974105428663,1591.5974105428663,0.98987657,0.002731487
1591.5987994052039,1591.5987994052039,0.9858647,0.0027465161
1591.6001882676583,1591.6001882676583,0.98637575,0.002730907
1591.6015771299958,1591.6015771299958,0.9855759,0.0027368309
1591.6029659923342,1591.6029659923342,0.98648375,0.0027306653
1591.604354854789,1591.604354854789,0.9905697,0.002738254
1591.6057437171262,1591.6057437171262,0.9867684,0.002735661
1591.6071325795797,1591.6071325795797,0.9855563,0.0027334243
1591.6085214419177,1591.6085214419177,0.98410213,0.0027354357
1591.6099103042552,1591.6099103042552,0.9841455,0.0027314983
1591.6112991665937,1591.6112991665937,0.99360704,0.002745861
1591.6126880290485,1591.6126880290485,0.9848433,0.0027411939
1591.6140768913865,1591.6140768913865,0.98699176,0.0027314974
1591.615465753724,1591.615465753724,0.99125785,0.002734218
1591.6168546160618,1591.6168546160618,0.987594,0.0027489532
1591.6182434785164,1591.6182434785164,0.98866534,0.0027314657
1591.6196323408549,1591.6196323408549,0.98816323,0.002740795
1591.6210212031929,1591.6210212031929,0.98910105,0.0027351626
1591.6224100655304,1591.6224100655304,0.9904331,0.0027451431
1591.6237989278675,1591.6237989278675,0.98672354,0.0027416328
1591.6251877902046,1591.6251877902046,0.99197,0.0027440228
1591.626576652543,1591.626576652543,0.9874264,0.0027414476
1591.6279655149979,1591.6279655149979,0.9890504,0.002743603
1591.6293543773359,1591.6293543773359,0.99012995,0.0027364565
1591.6307432396734,1591.6307432396734,0.9901785,0.0027412153
1591.6321321020114,1591.6321321020114,0.9918586,0.0027408728
1591.6335209643498,1591.6335209643498,0.9898366,0.0027385866
1591.6349098266883,1591.6349098266883,0.99018925,0.0027382765
1591.6362986890258,1591.6362986890258,0.98754936,0.0027369352
1591.6376875513633,1591.6376875513633,0.9892789,0.002735517
1591.6390764137013,1591.6390764137013,0.9866699,0.0027458495
1591.6404652759225,1591.6404652759225,0.9876178,0.0027379505
1591.6418541382604,1591.6418541382604,0.98728,0.0027345282
1591.643243000598,1591.643243000598,0.9930227,0.0027363696
1591.644631862936,1591.644631862936,0.9909883,0.0027380653
1591.6460207252735,1591.6460207252735,0.99118227,0.002737393
1591.6474095876115,1591.6474095876115,0.99093324,0.0027358
1591.64879844995,1591.64879844995,0.9936194,0.0027346627
1591.650187312172,1591.650187312172,0.99229556,0.0027385938
1591.6515761745095,1591.6515761745095,0.99020267,0.0027361955
1591.6529650368475,1591.6529650368475,0.9897598,0.002737478
1591.654353899185,1591.654353899185,0.9929496,0.002734531
1591.6557427614064,1591.6557427614064,0.98903316,0.0027369163
1591.6571316237446,1591.6571316237446,0.9893854,0.0027389345
1591.658520486083,1591.658520486083,0.99219745,0.002733314
1591.6599093483037,1591.6599093483037,0.9943169,0.0027460756
1591.6612982106408,1591.6612982106408,0.99261814,0.0027361966
1591.6626870729788,1591.6626870729788,0.9963502,0.0027501346
1591.6640759352008,1591.6640759352008,0.99261177,0.0027336662
1591.6654647975392,1591.6654647975392,0.989007,0.0027345535
1591.6668536597604,1591.6668536597604,0.9948014,0.00275373
1591.6682425220984,1591.6682425220984,0.99691176,0.0027399233
1591.669631384436,1591.669631384436,0.9943755,0.0027398723
1591.6710202466575,1591.6710202466575,0.9905445,0.0027340672
1591.672409108996,1591.672409108996,0.99621683,0.0027342138
1591.673797971218,1591.673797971218,0.99474347,0.0027376285
1591.6751868335555,1591.6751868335555,0.9933366,0.0027441226
1591.6765756957761,1591.6765756957761,0.99084914,0.0027335407
1591.6779645579968,1591.6779645579968,0.99522007,0.002737171
1591.6793534203352,1591.6793534203352,0.9915448,0.0027369442
1591.6807422825573,1591.6807422825573,0.9927915,0.0027410064
1591.6821311448948,1591.6821311448948,0.9920961,0.002738139
1591.6835200071164,1591.6835200071164,0.99360514,0.0027471369
1591.6849088693375,1591.6849088693375,0.99184966,0.002737677
1591.6862977316755,1591.6862977316755,0.9938234,0.0027531928
1591.6876865938975,1591.6876865938975,0.9936711,0.0027386912
1591.6890754561196,1591.6890754561196,0.9957949,0.0027376146
1591.690464318457,1591.690464318457,0.9942099,0.002736577
1591.6918531806787,1591.6918531806787,0.9895646,0.0027418958
1591.6932420428998,1591.6932420428998,0.99716985,0.0027454074
1591.6946309051204,1591.6946309051204,0.9963442,0.0027566524
1591.6960197673416,1591.6960197673416,0.9926111,0.0027363196
1591.69740862968,1591.69740862968,0.99104714,0.0027472058
1591.6987974919016,1591.6987974919016,0.99024713,0.0027373054
1591.7001863541227,1591.7001863541227,0.9990105,0.0027414483
1591.7015752163443,1591.7015752163443,1.0005342,0.0027528272
1591.7029640785663,1591.7029640785663,0.9930165,0.002739496
1591.7043529407883,1591.7043529407883,0.99394834,0.002734742
1591.7057418030095,1591.7057418030095,0.99259645,0.0027388663
1591.707130665231,1591.707130665231,0.99241006,0.002739041
1591.7085195274522,1591.7085195274522,0.9931262,0.0027374213
1591.7099083896737,1591.7099083896737,0.9964136,0.002748558
1591.7112972518958,1591.7112972518958,0.9930182,0.0027391044
1591.7126861141169,1591.7126861141169,0.99590755,0.0027413361
1591.7140749763375,1591.7140749763375,0.9946056,0.0027427
1591.7154638385587,1591.7154638385587,0.9947726,0.0027370558
1591.7168527007802,1591.7168527007802,0.99435294,0.0027366425
1591.7182415630023,1591.7182415630023,0.99921113,0.0027460258
1591.7196304252243,1591.7196304252243,0.9954775,0.0027353084
1591.7210192874454,1591.7210192874454,0.99645865,0.0027388467
1591.722408149667,1591.722408149667,0.99353915,0.0027349358
1591.723797011888,1591.723797011888,0.99515927,0.0027377524
1591.7251858741097,1591.7251858741097,0.99718565,0.0027365913
1591.7265747362153,1591.7265747362153,0.9957079,0.00273794
1591.7279635984373,1591.7279635984373,0.9985863,0.0027402602
1591.7293524606584,1591.7293524606584,0.99385554,0.0027360194
1591.730741322879,1591.730741322879,0.9963259,0.0027516286
1591.7321301849834,1591.7321301849834,0.9961443,0.0027376607
1591.7335190472054,1591.7335190472054,0.9954873,0.0027375761
1591.7349079094274,1591.7349079094274,0.99668956,0.0027384139
1591.7362967715321,1591.7362967715321,0.9977448,0.0027377761
1591.7376856337537,1591.7376856337537,0.99571633,0.0027374604
1591.7390744959748,1591.7390744959748,0.9943207,0.0027413203
1591.74046335808,1591.74046335808,0.9986988,0.0027381692
1591.741852220302,1591.741852220302,0.99494046,0.0027500521
1591.743241082524,1591.743241082524,0.9960953,0.0027428581
1591.7446299446287,1591.7446299446287,0.9964923,0.0027372583
1591.7460188068503,1591.7460188068503,0.9996128,0.002738549
1591.7474076689546,1591.7474076689546,0.99858457,0.002741133
1591.7487965311757,1591.7487965311757,0.995758,0.0027350239
1591.7501853932813,1591.7501853932813,0.99747336,0.0027413147
1591.7515742555029,1591.7515742555029,0.99905497,0.002743134
1591.7529631176076,1591.7529631176076,0.9984947,0.0027412293
1591.7543519798287,1591.7543519798287,0.99645793,0.0027400844
1591.7557408419339,1591.7557408419339,0.9976579,0.002739711
1591.757129704156,1591.757129704156,0.9971076,0.0027382597
1591.7585185662615,1591.7585185662615,0.99803126,0.0027397475
1591.7599074283662,1591.7599074283662,0.999379,0.0027395894
1591.7612962905878,1591.7612962905878,0.999245,0.00273952
1591.7626851526925,1591.7626851526925,1.0015587,0.0027518854
1591.764074014798,1591.764074014798,0.9996819,0.0027418765
1591.7654628770197,1591.7654628770197,1.0004293,0.0027430074
1591.766851739124,1591.766851739124,1.0010744,0.0027520314
1591.7682406012286,1591.7682406012286,0.9987954,0.002748637
1591.7696294633338,1591.7696294633338,0.9997576,0.0027382255
1591.771018325555,1591.771018325555,0.99755955,0.0027365591
1591.7724071876605,1591.7724071876605,0.9978783,0.0027376404
1591.7737960497661,1591.7737960497661,1.0007567,0.0027392602
1591.7751849118708,1591.7751849118708,1.0045346,0.0027484836
1591.776573773976,1591.776573773976,0.9985244,0.002737422
1591.7779626361971,1591.7779626361971,0.9939416,0.0027404209
1591.7793514983027,1591.7793514983027,0.9978784,0.002741263
1591.7807403604083,1591.7807403604083,1.0024838,0.0027409776
1591.7821292225135,1591.7821292225135,0.9971712,0.0027419382
1591.7835180846178,1591.7835180846178,0.99929863,0.002748654
1591.784906946722,1591.784906946722,1.0007007,0.0027390625
1591.7862958088267,1591.7862958088267,0.99831814,0.0027405443
1591.7876846709323,1591.7876846709323,1.0014285,0.0027391848
1591.789073533038,1591.789073533038,0.99903536,0.0027391985
1591.790462395143,1591.790462395143,1.0013144,0.0027421473
1591.7918512572478,1591.7918512572478,0.9997303,0.0027462244
1591.7932401193525,1591.7932401193525,0.99911255,0.002746783
1591.7946289814581,1591.7946289814581,1.0014732,0.0027383682
1591.7960178435637,1591.7960178435637,0.99943954,0.0027540403
1591.797406705669,1591.797406705669,1.0005459,0.0027367114
1591.7987955676572,1591.7987955676572,1.0022361,0.0027423266
1591.8001844297623,1591.8001844297623,1.0030339,0.0027422023
1591.8015732918666,1591.8015732918666,0.9992495,0.0027385496
1591.8029621539713,1591.8029621539713,1.0010868,0.0027546696
1591.804351016077,1591.804351016077,1.0001566,0.0027372658
1591.8057398780657,1591.8057398780657,1.0020783,0.0027394975
1591.8071287401704,1591.8071287401704,1.0011919,0.0027386425
1591.8085176022755,1591.8085176022755,1.0011467,0.002739541
1591.8099064643811,1591.8099064643811,1.0005947,0.0027401065
1591.81129532637,1591.81129532637,1.0002501,0.0027495674
1591.812684188475,1591.812684188475,1.0037864,0.002744349
1591.8140730505797,1591.8140730505797,0.99898845,0.0027491418
1591.8154619125685,1591.8154619125685,0.99892825,0.0027482405
1591.8168507746732,1591.8168507746732,1.0005518,0.0027434386
1591.8182396367783,1591.8182396367783,1.0018532,0.0027387857
1591.8196284987666,1591.8196284987666,1.0025098,0.002742708
1591.8210173608718,1591.8210173608718,1.0037324,0.0027453685
1591.82240622286,1591.82240622286,0.9976793,0.0027416123
1591.8237950849652,1591.8237950849652,1.0012811,0.0027463394
1591.8251839469544,1591.8251839469544,1.0013318,0.002738684
1591.82657280906,1591.82657280906,1.0019749,0.0027422518
1591.8279616710483,1591.8279616710483,1.0011348,0.0027421452
1591.8293505331535,1591.8293505331535,1.0067378,0.0027491068
1591.8307393951418,1591.8307393951418,1.0010414,0.00273843
1591.8321282572465,1591.8321282572465,1.0022544,0.00274049
1591.8335171192357,1591.8335171192357,1.0047936,0.0027419794
1591.8349059813413,1591.8349059813413,1.0030988,0.0027437778
1591.8362948433291,1591.8362948433291,1.0020946,0.002757394
1591.837683705317,1591.837683705317,1.0039847,0.00274283
1591.8390725674221,1591.8390725674221,1.0066375,0.0027560461
1591.8404614294104,1591.8404614294104,1.0039659,0.0027427552
1591.8418502913996,1591.8418502913996,1.0010628,0.0027383338
1591.8432391535052,1591.8432391535052,1.003539,0.0027428598
1591.844628015494,1591.844628015494,1.004722,0.0027411517
1591.8460168774823,1591.8460168774823,1.0048018,0.0027555975
1591.847405739471,1591.847405739471,1.0043781,0.0027443506
1591.8487946014602,1591.8487946014602,1.0026433,0.0027386458
1591.8501834635656,1591.8501834635656,1.0056438,0.0027464223
1591.8515723255541,1591.8515723255541,1.003975,0.00274185
1591.8529611875424,1591.8529611875424,1.0041515,0.0027513062
1591.8543500495302,1591.8543500495302,1.0038711,0.0027425592
1591.855738911518,1591.855738911518,1.004283,0.0027424719
1591.8571277735073,1591.8571277735073,1.0044551,0.0027572534
1591.8585166354965,1591.8585166354965,1.0046176,0.0027390022
1591.8599054974852,1591.8599054974852,1.004975,0.0027555726
1591.86129435959,1591.86129435959,1.0063862,0.0027407566
1591.8626832215787,1591.8626832215787,1.0068752,0.0027411007
1591.8640720835679,1591.8640720835679,1.0070683,0.0027434253
1591.865460945557,1591.865460945557,1.0079826,0.00274207
1591.8668498075453,1591.8668498075453,1.0054227,0.0027552499
1591.8682386694177,1591.8682386694177,1.0050994,0.0027568343
1591.869627531406,1591.869627531406,1.0033305,0.0027423834
1591.8710163933938,1591.8710163933938,1.0056264,0.00274504
1591.872405255382,1591.872405255382,1.0107163,0.0027477113
1591.8737941173713,1591.8737941173713,1.006269,0.0027540657
1591.87518297936,1591.87518297936,1.0045258,0.0027547402
1591.8765718413483,1591.8765718413483,1.0076165,0.0027405275
1591.877960703337,1591.877960703337,1.006565,0.0027422018
1591.8793495652098,1591.8793495652098,1.0073934,0.0027458414
1591.880738427199,1591.880738427199,1.0072165,0.0027415
1591.8821272891873,1591.8821272891873,1.0096289,0.0027484032
1591.883516151176,1591.883516151176,1.0073375,0.0027443347
1591.884905013048,1591.884905013048,1.0086678,0.0027494088
1591.8862938750367,1591.8862938750367,1.0049777,0.0027400604
1591.887682737026,1591.887682737026,1.0067214,0.0027557523
1591.8890715990142,1591.8890715990142,1.0053021,0.002742561
1591.8904604608856,1591.8904604608856,1.0088637,0.0027473357
1591.891849322874,1591.891849322874,1.0064971,0.0027452486
1591.8932381847462,1591.8932381847462,1.0075506,0.0027422346
1591.8946270467354,1591.8946270467354,1.0085261,0.002741645
1591.8960159087246,1591.8960159087246,1.005976,0.00274394
1591.8974047705965,1591.8974047705965,1.0051372,0.0027443566
1591.8987936325852,1591.8987936325852,1.0068691,0.0027382486
1591.900182494457,1591.900182494457,1.0149575,0.0027433957
1591.9015713564459,1591.9015713564459,1.0138445,0.0027535
1591.9029602183186,1591.9029602183186,1.0100685,0.002751138
1591.9043490803078,1591.9043490803078,1.0107836,0.0027431557
1591.9057379421793,1591.9057379421793,1.0072883,0.0027422535
1591.9071268041669,1591.9071268041669,1.0085298,0.0027430514
1591.908515666039,1591.908515666039,1.0089576,0.0027489904
1591.9099045280282,1591.9099045280282,1.0085573,0.0027448637
1591.911293389901,1591.911293389901,1.0098338,0.0027623512
1591.9126822517728,1591.9126822517728,1.0094788,0.0027537756
1591.9140711137616,1591.9140711137616,1.0091983,0.0027392146
1591.9154599756334,1591.9154599756334,1.0120547,0.0027481918
1591.9168488375058,1591.9168488375058,1.009966,0.0027450875
1591.918237699495,1591.918237699495,1.0077065,0.0027504617
1591.9196265613677,1591.9196265613677,1.0055122,0.002750103
1591.9210154232396,1591.9210154232396,1.0126448,0.0027463934
1591.922404285112,1591.922404285112,1.0085961,0.0027467215
1591.9237931469834,1591.9237931469834,1.0062594,0.0027449804
1591.9251820089717,1591.9251820089717,1.0080631,0.0027488465
1591.9265708708444,1591.9265708708444,1.0126508,0.002744552
1591.9279597327165,1591.9279597327165,1.0097194,0.0027411708
1591.9293485945886,1591.9293485945886,1.0086374,0.0027459427
1591.9307374564605,1591.9307374564605,1.0076834,0.0027407242
1591.9321263183328,1591.9321263183328,1.0061609,0.0027422344
1591.9335151802056,1591.9335151802056,1.0090224,0.0027524137
1591.9349040421948,1591.9349040421948,1.0097752,0.0027441424
1591.9362929040667,1591.9362929040667,1.0128957,0.0027432074
1591.937681765939,1591.937681765939,1.0120853,0.0027495357
1591.939070627811,1591.939070627811,1.0071565,0.0027428828
1591.9404594896837,1591.9404594896837,1.0098373,0.0027430416
1591.941848351556,1591.941848351556,1.0076468,0.00274245
1591.9432372134274,1591.9432372134274,1.0107836,0.002741817
1591.944626075183,1591.944626075183,1.0083647,0.0027463902
1591.946014937055,1591.946014937055,1.0117646,0.0027441015
1591.947403798927,1591.947403798927,1.0073831,0.0027447513
1591.9487926607999,1591.9487926607999,1.0093001,0.0027411694
1591.9501815226727,1591.9501815226727,1.013389,0.0027555074
1591.9515703845445,1591.9515703845445,1.0120541,0.0027440041
1591.9529592464169,1591.9529592464169,1.0122944,0.0027478887
1591.9543481082887,1591.9543481082887,1.0103029,0.0027447396
1591.955736970045,1591.955736970045,1.0083827,0.0027469888
1591.957125831918,1591.957125831918,1.0118605,0.0027506312
1591.9585146937893,1591.9585146937893,1.0107993,0.0027449313
1591.9599035556607,1591.9599035556607,1.0100803,0.0027452097
1591.9612924174166,1591.9612924174166,1.011667,0.0027488407
1591.9626812792885,1591.9626812792885,1.010163,0.002748058
1591.9640701411613,1591.9640701411613,1.0150472,0.0027601514
1591.9654590029177,1591.9654590029177,1.012024,0.0027476158
1591.9668478647898,1591.9668478647898,1.0111792,0.0027478049
1591.9682367266619,1591.9682367266619,1.0136801,0.0027453618
1591.9696255884173,1591.9696255884173,1.011033,0.0027430132
1591.97101445029,1591.97101445029,1.0087148,0.0027462977
1591.9724033120465,1591.9724033120465,1.0097507,0.00274326
1591.9737921739188,1591.9737921739188,1.0085459,0.0027431708
1591.9751810356743,1591.9751810356743,1.0139583,0.002746704
1591.9765698975457,1591.9765698975457,1.0131457,0.0027437748
1591.9779587593007,1591.9779587593007,1.0080156,0.002740337
1591.9793476211735,1591.9793476211735,1.0141191,0.002743254
1591.9807364829298,1591.9807364829298,1.011765,0.0027541209
1591.9821253448022,1591.9821253448022,1.0097269,0.0027448968
1591.9835142065576,1591.9835142065576,1.0079697,0.0027453098
1591.9849030684297,1591.9849030684297,1.0103772,0.0027410355
1591.9862919301859,1591.9862919301859,1.0130985,0.00274459
1591.9876807919422,1591.9876807919422,1.0109721,0.0027567707
1591.9890696538146,1591.9890696538146,1.0109872,0.0027443243
1591.99045851557,1591.99045851557,1.0159025,0.0027464642
1591.991847377326,1591.991847377326,1.0089536,0.0027440125
1591.9932362391974,1591.9932362391974,1.0083399,0.0027446258
1591.9946251009528,1591.9946251009528,1.0097636,0.0027447385
1591.9960139627092,1591.9960139627092,1.0114696,0.0027454784
1591.997402824465,1591.997402824465,1.0120131,0.0027434619
1591.998791686337,1591.998791686337,1.0078068,0.0027466873
1592.0001805480929,1592.0001805480929,1.0077726,0.002740184
1592.0015694098483,1592.0015694098483,1.0076668,0.0027500694
1592.0029582716047,1592.0029582716047,1.0126895,0.0027443406
1592.004347133361,1592.004347133361,1.0082468,0.0027418046
1592.0057359951168,1592.0057359951168,1.0081837,0.0027499816
1592.0071248568725,1592.0071248568725,1.0072093,0.0027431557
1592.008513718628,1592.008513718628,1.013248,0.0027455008
1592.0099025805007,1592.0099025805007,1.0128025,0.0027487369
1592.0112914422566,1592.0112914422566,1.0086533,0.002745447
1592.0126803040116,1592.0126803040116,1.012363,0.0027451415
1592.014069165767,1592.014069165767,1.0121353,0.0027435692
1592.015458027523,1592.015458027523,1.011911,0.0027527174
1592.0168468892784,1592.0168468892784,1.009388,0.0027556564
1592.0182357510348,1592.0182357510348,1.0124141,0.0027575067
1592.0196246126748,1592.0196246126748,1.0109212,0.0027476768
1592.0210134744307,1592.0210134744307,1.0129471,0.002764145
1592.0224023361861,1592.0224023361861,1.0108641,0.0027443473
1592.0237911979418,1592.0237911979418,1.0098298,0.0027432116
1592.025180059698,1592.025180059698,1.0106761,0.0027461846
1592.0265689214543,1592.0265689214543,1.0130749,0.0027553202
1592.0279577832093,1592.0279577832093,1.0072207,0.0027435871
1592.029346644848,1592.029346644848,1.0090189,0.002741838
1592.0307355066038,1592.0307355066038,1.0113685,0.002752349
1592.0321243683593,1592.0321243683593,1.0137655,0.0027469946
1592.0335132301157,1592.0335132301157,1.0251831,0.002751599
1592.0349020917556,1592.0349020917556,1.0145814,0.0027507343
1592.0362909535115,1592.0362909535115,1.0124023,0.0027441448
1592.037679815267,1592.037679815267,1.0134549,0.0027650609
1592.0390686769065,1592.0390686769065,1.0139729,0.0027433399
1592.0404575386628,1592.0404575386628,1.0147098,0.0027449732
1592.0418464004192,1592.0418464004192,1.0118248,0.0027441964
1592.0432352620583,1592.0432352620583,1.0102848,0.0027417038
1592.044624123814,1592.044624123814,1.010197,0.002746236
1592.0460129855687,1592.0460129855687,1.0131782,0.0027454225
1592.0474018472073,1592.0474018472073,1.0120038,0.0027538775
1592.0487907089637,1592.0487907089637,1.0154463,0.0027476996
1592.0501795706036,1592.0501795706036,1.0131483,0.0027462563
1592.0515684323595,1592.0515684323595,1.0130073,0.0027525101
1592.0529572939986,1592.0529572939986,1.0100585,0.0027455525
1592.0543461557545,1592.0543461557545,1.0118709,0.00274479
1592.0557350173945,1592.0557350173945,1.0148096,0.0027464954
1592.0571238790344,1592.0571238790344,1.015121,0.0027451068
1592.0585127407899,1592.0585127407899,1.0135487,0.0027593027
1592.0599016024294,1592.0599016024294,1.0128528,0.0027470118
1592.0612904641848,1592.0612904641848,1.0111091,0.0027430365
1592.0626793258234,1592.0626793258234,1.0143659,0.0027478328
1592.0640681874625,1592.0640681874625,1.0171093,0.0027480235
1592.0654570492188,1592.0654570492188,1.0116972,0.002753565
1592.0668459108583,1592.0668459108583,1.0102471,0.002746715
1592.0682347724974,1592.0682347724974,1.0163205,0.0027503087
1592.0696236341369,1592.0696236341369,1.0130676,0.0027419575
1592.0710124958932,1592.0710124958932,1.0101817,0.002742502
1592.0724013575332,1592.0724013575332,1.0130342,0.0027576173
1592.0737902191722,1592.0737902191722,1.0107167,0.0027493178
1592.0751790808117,1592.0751790808117,1.0111619,0.002746731
1592.0765679424508,1592.0765679424508,1.0120213,0.0027425229
1592.0779568042067,1592.0779568042067,1.0108901,0.0027523832
1592.0793456658466,1592.0793456658466,1.0099809,0.0027587714
1592.0807345274857,1592.0807345274857,1.0132793,0.0027465352
1592.0821233891243,1592.0821233891243,1.0119575,0.0027509085
1592.0835122507633,1592.0835122507633,1.0099516,0.0027586254
1592.0849011124028,1592.0849011124028,1.0150859,0.0027510445
1592.0862899740428,1592.0862899740428,1.0140687,0.0027494156
1592.0876788356827,1592.0876788356827,1.0121317,0.0027597086
1592.0890676973218,1592.0890676973218,1.0100425,0.0027602857
1592.0904565589613,1592.0904565589613,1.0125862,0.0027464568
1592.0918454206003,1592.0918454206003,1.0141697,0.002742951
1592.0932342822398,1592.0932342822398,1.0147313,0.0027471234
1592.0946231438797,1592.0946231438797,1.0170834,0.0027462756
1592.0960120055197,1592.0960120055197,1.0138034,0.0027426602
1592.0974008670419,1592.0974008670419,1.0103378,0.0027419322
1592.0987897286805,1592.0987897286805,1.0111156,0.002741813
1592.1001785903195,1592.1001785903195,1.0111344,0.0027435373
1592.1015674519595,1592.1015674519595,1.010444,0.0027462405
1592.1029563135994,1592.1029563135994,1.0106902,0.00274577
1592.1043451752384,1592.1043451752384,1.0113657,0.0027568063
1592.1057340367615,1592.1057340367615,1.01437,0.0027432248
1592.1071228984006,1592.1071228984006,1.0103917,0.0027575674
1592.10851176004,1592.10851176004,1.0111774,0.002742465
1592.1099006215636,1592.1099006215636,1.0128556,0.0027482596
1592.1112894832036,1592.1112894832036,1.0098968,0.002741544
1592.1126783448426,1592.1126783448426,1.0121564,0.0027508507
1592.1140672063648,1592.1140672063648,1.0098656,0.0027443503
1592.1154560680034,1592.1154560680034,1.0143216,0.0027646476
1592.1168449296433,1592.1168449296433,1.0108994,0.0027422342
1592.1182337911669,1592.1182337911669,1.0125537,0.002748666
1592.1196226528064,1592.1196226528064,1.0091002,0.0027430682
1592.121011514329,1592.121011514329,1.0085598,0.002744389
1592.122400375968,1592.122400375968,1.0114678,0.0027444423
1592.123789237491,1592.123789237491,1.0065353,0.0027458207
1592.125178099131,1592.125178099131,1.0120401,0.0027429713
1592.1265669606546,1592.1265669606546,1.008421,0.0027417627
1592.1279558222936,1592.1279558222936,1.0132799,0.002747884
1592.1293446838167,1592.1293446838167,1.0104102,0.0027425704
1592.1307335454558,1592.1307335454558,1.0088587,0.002758924
1592.1321224069789,1592.1321224069789,1.012499,0.0027522705
1592.1335112685015,1592.1335112685015,1.0110706,0.0027465168
1592.134900130141,1592.134900130141,1.0118554,0.0027418793
1592.1362889916636,1592.1362889916636,1.0090172,0.0027415557
1592.1376778531867,1592.1376778531867,1.0132674,0.0027446928
1592.1390667148257,1592.1390667148257,1.0115676,0.0027559253
1592.1404555763493,1592.1404555763493,1.0098495,0.0027411794
1592.1418444378728,1592.1418444378728,1.0104274,0.00274167
1592.1432332995118,1592.1432332995118,1.0089315,0.0027551774
1592.144622161035,1592.144622161035,1.0118393,0.002743333
1592.1460110225576,1592.1460110225576,1.0092503,0.0027436828
1592.1473998840806,1592.1473998840806,1.0100875,0.002743581
1592.1487887456033,1592.1487887456033,1.0120541,0.0027582478
1592.1501776071264,1592.1501776071264,1.0102224,0.0027414362
1592.1515664687654,1592.1515664687654,1.0090841,0.0027465008
1592.1529553302885,1592.1529553302885,1.010634,0.0027569982
1592.154344191811,1592.154344191811,1.0088477,0.0027506312
1592.1557330533346,1592.1557330533346,1.0103077,0.0027445506
1592.1571219148582,1592.1571219148582,1.0102631,0.0027455864
1592.1585107763813,1592.1585107763813,1.0140321,0.0027494791
1592.159899637904,1592.159899637904,1.0122811,0.0027431636
1592.1612884994265,1592.1612884994265,1.0053152,0.0027411513
1592.1626773609496,1592.1626773609496,1.0087413,0.0027409943
1592.1640662224731,1592.1640662224731,1.0103693,0.002748111
1592.1654550839967,1592.1654550839967,1.0097482,0.0027429543
1592.1668439455188,1592.1668439455188,1.0096714,0.0027448377
1592.168232807041,1592.168232807041,1.0078683,0.0027567688
1592.1696216685637,1592.1696216685637,1.004759,0.0027568454
1592.1807325605164,1592.1807325605164,1.0101105,0.0027430116
1592.182121422039,1592.182121422039,1.007763,0.0027415126
1592.1835102834448,1592.1835102834448,1.0089142,0.0027446926
1592.184899144967,1592.184899144967,1.0070568,0.0027414768
1592.1862880064905,1592.1862880064905,1.0087383,0.0027430973
1592.1876768678976,1592.1876768678976,1.0050445,0.0027509567
1592.1890657294207,1592.1890657294207,1.0077138,0.0027400057
1592.190454590827,1592.190454590827,1.009267,0.002749746
1592.19184345235,1592.19184345235,1.006154,0.0027410297
1592.1932323138726,1592.1932323138726,1.0087775,0.0027428449
1592.1946211752797,1592.1946211752797,1.0099981,0.0027424968
1592.1960100368033,1592.1960100368033,1.0091974,0.0027456118
1592.19739889821,1592.19739889821,1.0080465,0.0027420097
1592.1987877597326,1592.1987877597326,1.0079261,0.0027463955
1592.2001766211383,1592.2001766211383,1.0088197,0.0027491255
1592.2015654825445,1592.2015654825445,1.0064062,0.0027649326
1592.202954344068,1592.202954344068,1.0143743,0.0027490864
1592.2043432054747,1592.2043432054747,1.0084088,0.0027431669
1592.2057320669974,1592.2057320669974,1.0086545,0.0027464635
1592.207120928404,1592.207120928404,1.0105102,0.0027429778
1592.2085097898103,1592.2085097898103,1.0036829,0.0027529995
1592.2098986513338,1592.2098986513338,1.0050226,0.0027437527
1592.211287512741,1592.211287512741,1.0091596,0.0027427368
1592.2126763741476,1592.2126763741476,1.005355,0.002747084
1592.2140652355538,1592.2140652355538,1.0104046,0.0027447892
1592.2154540970769,1592.2154540970769,1.0079573,0.0027394658
1592.216842958484,1592.216842958484,1.0078709,0.0027413534
1592.2182318198902,1592.2182318198902,1.0067148,0.002740899
1592.219620681296,1592.219620681296,1.0077974,0.0027417736
1592.2210095427022,1592.2210095427022,1.0049036,0.0027426265
1592.2223984042253,1592.2223984042253,1.0056725,0.0027452363
1592.2237872656315,1592.2237872656315,1.00525,0.002761777
1592.2251761270386,1592.2251761270386,1.0057936,0.00273948
1592.2265649884457,1592.2265649884457,1.0076905,0.0027455885
1592.2279538498524,1592.2279538498524,1.0065455,0.002747871
1592.2293427112586,1592.2293427112586,1.0071744,0.0027392153
1592.2307315726653,1592.2307315726653,1.0076556,0.002747619
1592.2321204340724,1592.2321204340724,1.0041535,0.002746922
1592.2335092954795,1592.2335092954795,1.0044271,0.0027390334
1592.2348981568853,1592.2348981568853,1.008147,0.0027432004
1592.2362870182908,1592.2362870182908,1.0050952,0.002740703
1592.2376758796972,1592.2376758796972,1.006511,0.0027477685
1592.2390647411034,1592.2390647411034,1.0033481,0.0027391461
1592.2404536025106,1592.2404536025106,1.0091856,0.0027418945
1592.2418424639177,1592.2418424639177,1.0075893,0.0027535153
1592.243231325208,1592.243231325208,1.0055522,0.0027399214
1592.2446201866142,1592.2446201866142,1.0109783,0.002743455
1592.2460090480208,1592.2460090480208,1.0065056,0.0027454782
1592.247397909428,1592.247397909428,1.0040985,0.0027408442
1592.248786770835,1592.248786770835,1.0038608,0.002742146
1592.2501756321249,1592.2501756321249,1.0049734,0.0027395363
1592.2515644935306,1592.2515644935306,1.008183,0.0027458991
1592.2529533549364,1592.2529533549364,1.0056844,0.002746569
1592.254342216343,1592.254342216343,1.0095949,0.0027565823
1592.2557310776338,1592.2557310776338,1.003267,0.0027378937
1592.2571199390406,1592.2571199390406,1.0036658,0.0027411396
1592.258508800447,1592.258508800447,1.0036458,0.0027413748
1592.2598976617369,1592.2598976617369,1.0064291,0.002753896
1592.2612865231436,1592.2612865231436,1.0090977,0.002749742
1592.2626753844343,1592.2626753844343,1.0062779,0.0027400542
1592.2640642458414,1592.2640642458414,1.0054355,0.002742387
1592.2654531072476,1592.2654531072476,1.1091315,0.0027880652
1592.2668419685378,1592.2668419685378,1.119166,0.002789815
1592.268230829944,1592.268230829944,1.2293811,0.0028405476
1592.2696196912334,1592.2696196912334,1.2212248,0.0028364658
1592.2710085525237,1592.2710085525237,1.2001944,0.0028295645
1592.2723974139308,1592.2723974139308,1.1650181,0.0028118342
1592.2737862752206,1592.2737862752206,1.1329204,0.0027987068
1592.2751751366272,1592.2751751366272,1.1044054,0.0027837073
1592.276563997917,1592.276563997917,1.0871094,0.0027792943
1592.2779528593242,1592.2779528593242,1.0727191,0.0027780987
1592.2793417206149,1592.2793417206149,1.0650644,0.0027716572
1592.2807305819047,1592.2807305819047,1.0619379,0.0027639067
1592.2821194433113,1592.2821194433113,1.0580093,0.0027707005
1592.2835083046011,1592.2835083046011,1.0528455,0.0027613598
1592.2848971658914,1592.2848971658914,1.0476636,0.002761934
1592.2862860271812,1592.2862860271812,1.0455699,0.002768059
1592.2876748885878,1592.2876748885878,1.0464934,0.0027569826
1592.2890637498776,1592.2890637498776,1.0414898,0.002760409
1592.290452611168,1592.290452611168,1.0365185,0.002757619
1592.2918414724577,1592.2918414724577,1.0367061,0.0027553218
1592.2932303337484,1592.2932303337484,1.0380075,0.0027569397
1592.294619195039,1592.294619195039,1.0339774,0.002766444
1592.2960080564455,1592.2960080564455,1.0342313,0.002754432
1592.2973969177356,1592.2973969177356,1.0340397,0.0027541046
1592.2987857790254,1592.2987857790254,1.0350491,0.002752682
1592.3001746403156,1592.3001746403156,1.0353273,0.0027531127
1592.3015635016063,1592.3015635016063,1.0287025,0.0027505641
1592.3029523628961,1592.3029523628961,1.0280911,0.0027493897
1592.3043412241855,1592.3043412241855,1.0278397,0.0027550173
1592.3057300854757,1592.3057300854757,1.0253469,0.002752022
1592.3071189467655,1592.3071189467655,1.0275975,0.0027541746
1592.3085078080558,1592.3085078080558,1.0293337,0.0027529597
1592.3098966693465,1592.3098966693465,1.0262212,0.0027632688
1592.3112855305208,1592.3112855305208,1.027672,0.0027484093
1592.3126743918106,1592.3126743918106,1.020623,0.0027524922
1592.3140632531008,1592.3140632531008,1.0212283,0.002755072
1592.3154521143906,1592.3154521143906,1.0266861,0.002767095
1592.3168409756813,1592.3168409756813,1.0223781,0.0027485958
1592.318229836972,1592.318229836972,1.019666,0.0027517367
1592.319618698145,1592.319618698145,1.0214049,0.002753275
1592.3210075594343,1592.3210075594343,1.0219065,0.00275329
1592.322396420724,1592.322396420724,1.0219767,0.0027478351
1592.3237852820143,1592.3237852820143,1.0183237,0.0027456356
1592.3251741431886,1592.3251741431886,1.0175858,0.0027583174
1592.3265630044793,1592.3265630044793,1.0161668,0.0027493245
1592.3279518657691,1592.3279518657691,1.0118153,0.0027494885
1592.329340726943,1592.329340726943,1.0198579,0.002747474
1592.3307295882328,1592.3307295882328,1.0144253,0.0027570294
1592.3321184495235,1592.3321184495235,1.0141517,0.0027490186
1592.3335073106978,1592.3335073106978,1.0168412,0.0027449867
1592.3348961719878,1592.3348961719878,1.0116473,0.0027432714
1592.3362850331614,1592.3362850331614,1.0106009,0.0027455261
1592.3376738944507,1592.3376738944507,1.0118037,0.0027524137
1592.3390627556237,1592.3390627556237,1.0117457,0.002750133
1592.3404516169144,1592.3404516169144,1.012483,0.0027427254
1592.3418404780887,1592.3418404780887,1.0114595,0.0027488633
1592.3432293393785,1592.3432293393785,1.0117142,0.0027452284
1592.3446182005523,1592.3446182005523,1.0116891,0.002741662
1592.3460070617257,1592.3460070617257,1.008057,0.0027404905
1592.3473959230164,1592.3473959230164,1.0062621,0.002742318
1592.3487847841907,1592.3487847841907,1.0071512,0.00274941
1592.350173645481,1592.350173645481,1.0106056,0.0027440102
1592.3515625066543,1592.3515625066543,1.0061733,0.0027454041
1592.3529513678282,1592.3529513678282,1.006879,0.0027416912
1592.3543402290009,1592.3543402290009,1.0038133,0.0027521192
1592.3557290902909,1592.3557290902909,1.0065153,0.0027411878
1592.3571179514652,1592.3571179514652,1.004277,0.0027408414
1592.3585068126386,1592.3585068126386,1.0064129,0.0027452246
1592.3598956738124,1592.3598956738124,1.0087909,0.0027498438
1592.3612845351022,1592.3612845351022,1.0006025,0.0027412013
1592.3626733962765,1592.3626733962765,1.0057019,0.0027523579
1592.3640622574508,1592.3640622574508,1.0069804,0.00274169
1592.3654511186246,1592.3654511186246,1.0072141,0.0027531304
1592.366839979798,1592.366839979798,1.003787,0.0027444973
1592.3682288409718,1592.3682288409718,0.99906015,0.0027356595
1592.3696177021452,1592.3696177021452,1.0039816,0.0027377617
1592.371006563319,1592.371006563319,1.0017706,0.0027395245
1592.3723954244924,1592.3723954244924,1.0023227,0.0027495492
1592.3737842856658,1592.3737842856658,0.99960405,0.0027387624
1592.3751731468396,1592.3751731468396,1.0019124,0.0027394756
1592.376562008013,1592.376562008013,1.0033422,0.0027536226
1592.3779508691873,1592.3779508691873,1.0022625,0.002740129
1592.3793397303616,1592.3793397303616,1.0049278,0.0027442724
1592.3807285915354,1592.3807285915354,1.003415,0.0027358052
1592.3821174527088,1592.3821174527088,1.0003946,0.0027381578
1592.3835063138827,1592.3835063138827,1.0008813,0.00273977
1592.384895175056,1592.384895175056,1.0034953,0.0027429485
1592.386284036114,1592.386284036114,0.99943304,0.0027385529
1592.3876728972878,1592.3876728972878,0.99978304,0.0027401985
1592.3890617584607,1592.3890617584607,1.0010401,0.0027375761
1592.390450619634,1592.390450619634,0.9970135,0.0027430248
1592.3918394808077,1592.3918394808077,1.0020341,0.002742596
1592.3932283418653,1592.3932283418653,0.99842083,0.002744319
1592.3946172030396,1592.3946172030396,0.99667126,0.0027330418
1592.3960060642135,1592.3960060642135,0.9991848,0.0027363098
1592.3973949252704,1592.3973949252704,1.0001694,0.0027553786
1592.3987837864443,1592.3987837864443,1.0016214,0.0027386597
1592.4001726476176,1592.4001726476176,0.99684393,0.0027380814
1592.4015615086755,1592.4015615086755,0.9981998,0.0027561432
1592.4029503698498,1592.4029503698498,1.000408,0.0027386378
1592.4043392309063,1592.4043392309063,0.9951585,0.0027372567
1592.4057280920792,1592.4057280920792,1.0001642,0.0027379906
1592.407116953253,1592.407116953253,0.9979533,0.0027377128
1592.408505814311,1592.408505814311,0.9942868,0.002734586
1592.4098946754852,1592.4098946754852,0.9958705,0.0027380483
1592.4112835365422,1592.4112835365422,0.99814445,0.0027439906
1592.4126723975992,1592.4126723975992,0.9955132,0.0027406402
1592.414061258773,1592.414061258773,0.99537903,0.0027367882
1592.41545011983,1592.41545011983,0.9981409,0.0027393526
1592.4168389810043,1592.4168389810043,0.99977255,0.002735511
1592.4182278420622,1592.4182278420622,0.99616617,0.0027338495
1592.4196167031196,1592.4196167031196,0.99721926,0.002741321
1592.421005564293,1592.421005564293,0.99522585,0.0027475634
1592.4223944253495,1592.4223944253495,0.99701923,0.0027346762
1592.423783286407,1592.423783286407,1.000751,0.0027381452
1592.4251721475812,1592.4251721475812,0.99697125,0.0027362888
1592.4265610086381,1592.4265610086381,0.9939389,0.0027336702
1592.4279498696956,1592.4279498696956,0.995212,0.0027352255
1592.4293387307525,1592.4293387307525,0.9964003,0.0027477155
1592.4307275918097,1592.4307275918097,0.995933,0.0027335396
1592.4321164529838,1592.4321164529838,0.99322754,0.0027400104
1592.4335053140417,1592.4335053140417,0.9983532,0.002735592
1592.434894175099,1592.434894175099,0.9956995,0.0027479606
1592.436283036156,1592.436283036156,0.9955506,0.002735069
1592.4376718972135,1592.4376718972135,0.99360895,0.002734998
1592.4390607582704,1592.4390607582704,0.9973799,0.0027424102
1592.4418384803848,1592.4418384803848,0.9950744,0.0027398353
1592.4432273414423,1592.4432273414423,1.0010611,0.0027361815
1592.4446162024992,1592.4446162024992,0.9927125,0.0027310245
1592.4460050635566,1592.4460050635566,0.99778265,0.0027452314
1592.4473939246145,1592.4473939246145,0.9941329,0.0027399191
1592.4487827856724,1592.4487827856724,0.9946829,0.0027481723
1592.4501716467294,1592.4501716467294,1.0002396,0.0027415215
1592.4515605077863,1592.4515605077863,0.99002725,0.002733219
1592.4529493688437,1592.4529493688437,0.995673,0.0027347694
1592.4543382299007,1592.4543382299007,0.99621063,0.0027361212
1592.4557270908417,1592.4557270908417,0.9980527,0.0027383715
1592.4571159518987,1592.4571159518987,0.99506193,0.002732947
1592.458504812956,1592.458504812956,0.99494845,0.0027354183
1592.459893674013,1592.459893674013,0.99465466,0.0027343167
1592.461282534954,1592.461282534954,0.9970586,0.0027371924
1592.462671396012,1592.462671396012,0.99731934,0.002738414
1592.4640602570698,1592.4640602570698,0.99508804,0.0027348958
1592.4654491181268,1592.4654491181268,0.99269974,0.0027318427
1592.4668379790678,1592.4668379790678,0.99539435,0.0027383338
1592.4682268401248,1592.4682268401248,0.9974878,0.0027395145
1592.4696157010655,1592.4696157010655,0.99804586,0.002752771
1592.4710045621232,1592.4710045621232,0.9938111,0.0027332103
1592.4723934231806,1592.4723934231806,0.99822396,0.0027331193
1592.4737822841207,1592.4737822841207,0.9939545,0.0027337882
1592.4751711451777,1592.4751711451777,0.99356425,0.002747446
1592.4765600061187,1592.4765600061187,0.9947377,0.0027309044
1592.4779488671766,1592.4779488671766,0.99102956,0.0027374807
1592.479337728118,1592.479337728118,0.9944194,0.0027341545
1592.480726589175,1592.480726589175,0.99256384,0.00274479
1592.482115450116,1592.482115450116,0.99415106,0.0027483932
1592.483504311173,1592.483504311173,0.99527323,0.0027307128
1592.484893172114,1592.484893172114,0.9930851,0.0027437005
1592.4862820330554,1592.4862820330554,0.9952985,0.002740799
1592.4876708941133,1592.4876708941133,0.9984209,0.0027367505
1592.4890597550532,1592.4890597550532,0.9895677,0.0027332406
1592.490448615993,1592.490448615993,0.9948993,0.0027346518
1592.4918374770505,1592.4918374770505,0.9939679,0.0027467376
1592.493226337992,1592.493226337992,0.997116,0.0027333677
1592.4946151989334,1592.4946151989334,0.9972893,0.0027358974
1592.496004059874,1592.496004059874,0.99710864,0.0027341382
1592.4973929209314,1592.4973929209314,0.9946452,0.0027330003
1592.498781781872,1592.498781781872,0.99547845,0.002733647
1592.500170642813,1592.500170642813,0.9933365,0.0027445608
1592.5015595037544,1592.5015595037544,0.9935599,0.002755242
1592.5029483646958,1592.5029483646958,0.9914981,0.0027303763
1592.5043372256364,1592.5043372256364,0.9938451,0.0027356977
1592.505726086693,1592.505726086693,0.9948444,0.0027365899
1592.507114947633,1592.507114947633,0.99247235,0.002733059
1592.5085038085745,1592.5085038085745,0.9974579,0.0027371813
1592.509892669516,1592.509892669516,0.9943376,0.0027338802
1592.5112815304565,1592.5112815304565,0.9911091,0.002744028
1592.5126703913975,1592.5126703913975,0.99371463,0.002732813
1592.514059252338,1592.514059252338,0.9953742,0.0027466526
1592.515448113279,1592.515448113279,0.9913454,0.0027387333
1592.5168369742205,1592.5168369742205,0.99751073,0.0027341072
1592.5182258350455,1592.5182258350455,0.9923974,0.0027400889
1592.519614695986,1592.519614695986,0.9964622,0.0027332616
1592.521003556927,1592.521003556927,0.9955916,0.002739683
1592.5223924178672,1592.5223924178672,0.99055535,0.0027346807
1592.5237812788077,1592.5237812788077,0.99176294,0.002732798
1592.5251701397492,1592.5251701397492,0.99072,0.0027500433
1592.5265590005738,1592.5265590005738,0.9937061,0.002731005
1592.5279478615143,1592.5279478615143,0.99195105,0.0027345412
1592.529336722455,1592.529336722455,0.9901309,0.0027333077
1592.530725583396,1592.530725583396,0.9958201,0.002731568
1592.532114444221,1592.532114444221,0.9943718,0.0027338495
1592.5335033051624,1592.5335033051624,0.9907451,0.0027323863
1592.534892166103,1592.534892166103,0.99285686,0.0027389158
1592.5362810269276,1592.5362810269276,0.99433476,0.0027492854
1592.537669887868,1592.537669887868,0.9927908,0.0027364744
1592.539058748809,1592.539058748809,0.9922134,0.0027297628
1592.5404476096332,1592.5404476096332,0.993818,0.002730393
1592.5418364705743,1592.5418364705743,0.99221164,0.0027311912
1592.5432253313984,1592.5432253313984,0.993375,0.0027335826
1592.5446141923394,1592.5446141923394,0.99208623,0.0027270373
1592.5460030531635,1592.5460030531635,0.9905942,0.002743526
1592.547391914105,1592.547391914105,0.9889033,0.0027393836
1592.54878077493,1592.54878077493,0.9910778,0.0027355687
1592.5501696358706,1592.5501696358706,0.98777974,0.0027402055
1592.5515584966952,1592.5515584966952,0.9902264,0.0027400474
1592.5529473576357,1592.5529473576357,0.99022335,0.0027314234
1592.5543362184608,1592.5543362184608,0.9913122,0.0027354974
1592.5557250792854,1592.5557250792854,0.9882862,0.002739099
1592.5571139402255,1592.5571139402255,0.99073064,0.0027330266
1592.5585028010496,1592.5585028010496,0.9899457,0.0027301433
1592.5598916618742,1592.5598916618742,0.989531,0.0027343978
1592.5612805228147,1592.5612805228147,0.9927891,0.0027355119
1592.5626693836398,1592.5626693836398,0.99252504,0.0027488435
1592.5640582444648,1592.5640582444648,0.991023,0.0027336127
1592.5654471052894,1592.5654471052894,0.9859696,0.0027441182
1592.5668359661136,1592.5668359661136,0.9880689,0.0027476542
1592.568224827054,1592.568224827054,0.99062407,0.0027326285
1592.5696136878792,1592.5696136878792,0.98960984,0.002736931
1592.5710025487042,1592.5710025487042,0.9883015,0.0027338418
1592.5723914095279,1592.5723914095279,0.988565,0.0027331882
1592.5737802703516,1592.5737802703516,0.9876906,0.002736276
1592.5751691311762,1592.5751691311762,0.9878768,0.002730765
1592.5765579920003,1592.5765579920003,0.9834561,0.002729992
1592.5779468528253,1592.5779468528253,0.99163246,0.002730247
1592.5793357136504,1592.5793357136504,0.9898003,0.002736989
1592.580724574475,1592.580724574475,0.9870953,0.0027473462
1592.582113435299,1592.582113435299,0.9884894,0.0027333826
1592.5835022961237,1592.5835022961237,0.98818284,0.0027362106
1592.5848911569487,1592.5848911569487,0.9891629,0.0027343456
1592.5862800177736,1592.5862800177736,0.99048746,0.0027366588
1592.587668878598,1592.587668878598,0.9892966,0.0027437273
1592.5890577394216,1592.5890577394216,0.9918162,0.0027464142
1592.5904466002453,1592.5904466002453,0.9905695,0.0027359235
1592.591835460953,1592.591835460953,0.99074274,0.0027440642
1592.593224321778,1592.593224321778,0.98760396,0.0027263546
1592.594613182603,1592.594613182603,0.9871877,0.0027399147
1592.5960020434277,1592.5960020434277,0.9891037,0.0027360062
1592.5973909041354,1592.5973909041354,0.98585117,0.0027288366
1592.59877976496,1592.59877976496,0.9913058,0.0027462721
1592.600168625785,1592.600168625785,0.98586786,0.002730361
1592.60155748661,1592.60155748661,0.990933,0.0027341049
1592.6029463473178,1592.6029463473178,0.9879726,0.0027330555
1592.6043352081424,1592.6043352081424,0.98850954,0.0027318627
1592.6057240688501,1592.6057240688501,0.98623,0.002732501
1592.6071129296738,1592.6071129296738,0.99015015,0.0027339018
1592.608501790498,1592.608501790498,0.9865556,0.0027397946
1592.6098906512066,1592.6098906512066,0.9883367,0.002733092
1592.6112795120312,1592.6112795120312,0.98840725,0.0027333389
1592.6126683727389,1592.6126683727389,0.99017984,0.0027321125
1592.6140572335635,1592.6140572335635,0.98439527,0.0027291093
1592.6154460942712,1592.6154460942712,0.9882664,0.0027296487
1592.6168349550962,1592.6168349550962,0.98670805,0.002729609
1592.6182238158049,1592.6182238158049,0.9903038,0.0027318648
1592.619612676513,1592.619612676513,0.98241967,0.002726848
1592.6223903980454,1592.6223903980454,0.9883832,0.0027281763
1592.6237792588695,1592.6237792588695,0.9882442,0.0027290655
1592.6251681195772,1592.6251681195772,0.9871845,0.0027292606
1592.6265569802854,1592.6265569802854,0.9867056,0.002727589
1592.627945840993,1592.627945840993,0.9850371,0.002726059
1592.6293347018177,1592.6293347018177,0.9851442,0.0027330986
1592.6307235625254,1592.6307235625254,0.9863038,0.002730174
1592.632112423234,1592.632112423234,0.98698276,0.0027422889
1592.6335012839427,1592.6335012839427,0.9884836,0.002745931
1592.6348901447673,1592.6348901447673,0.9879109,0.002732608
1592.636279005475,1592.636279005475,0.989156,0.0027350155
1592.6376678661832,1592.6376678661832,0.98502636,0.0027283307
1592.6390567268918,1592.6390567268918,0.98852897,0.0027386989
1592.6404455875995,1592.6404455875995,0.9865966,0.0027385566
1592.6418344483068,1592.6418344483068,0.9920628,0.0027312473
1592.6432233090147,1592.6432233090147,0.9882623,0.0027322117
1592.6446121697227,1592.6446121697227,0.98639685,0.0027330823
1592.6460010304304,1592.6460010304304,0.9868616,0.0027324322
1592.647389891139,1592.647389891139,0.98715526,0.0027304853
1592.6487787518477,1592.6487787518477,0.9885314,0.0027341573
1592.6501676125558,1592.6501676125558,0.98469967,0.0027303426
1592.6515564732636,1592.6515564732636,0.98525524,0.0027326932
1592.6529453339717,1592.6529453339717,0.9857275,0.0027298124
1592.6543341946804,1592.6543341946804,0.98911595,0.002736022
1592.655723055388,1592.655723055388,0.98595065,0.0027411443
1592.6571119160953,1592.6571119160953,0.9868226,0.002733801
1592.658500776687,1592.658500776687,0.9846608,0.0027277146
1592.6598896373948,1592.6598896373948,0.98506045,0.0027339444
1592.661278498103,1592.661278498103,0.9861416,0.0027302539
1592.6626673588116,1592.6626673588116,0.9854871,0.0027458123
1592.6640562194036,1592.6640562194036,0.984222,0.0027328136
1592.6654450801116,1592.6654450801116,0.9878968,0.0027315365
1592.6668339408193,1592.6668339408193,0.98503906,0.0027294545
1592.6682228015275,1592.6682228015275,0.9906044,0.002741912
1592.6696116621197,1592.6696116621197,0.98542416,0.0027269872
1592.6710005228283,1592.6710005228283,0.9859426,0.0027300576
1592.6723893834192,1592.6723893834192,0.9847125,0.0027340797
1592.6737782441264,1592.6737782441264,0.986306,0.002730766
1592.6751671048341,1592.6751671048341,0.98454195,0.0027294771
1592.676555965426,1592.676555965426,0.9823483,0.0027308974
1592.6779448261345,1592.6779448261345,0.9838188,0.0027367417
1592.6793336867267,1592.6793336867267,0.98913544,0.0027330094
1592.6807225474345,1592.6807225474345,0.985057,0.002730849
1592.682111408026,1592.682111408026,0.98302037,0.0027336967
1592.683500268734,1592.683500268734,0.98384684,0.0027281144
1592.6848891293262,1592.6848891293262,0.9856624,0.0027329847
1592.6862779899184,1592.6862779899184,0.98725957,0.002730875
1592.687666850626,1592.687666850626,0.9847796,0.002727849
1592.689055711217,1592.689055711217,0.9833372,0.0027304261
1592.6904445719242,1592.6904445719242,0.98230493,0.0027300566
1592.691833432516,1592.691833432516,0.98655,0.0027268457
1592.6932222931082,1592.6932222931082,0.9846088,0.0027418912
1592.6946111537004,1592.6946111537004,0.98506594,0.0027318208
1592.6960000144081,1592.6960000144081,0.98616546,0.0027479671
1592.697388875,1592.697388875,0.9866611,0.002733671
1592.6987777355912,1592.6987777355912,0.9843296,0.00273122
1592.7001665961834,1592.7001665961834,0.9842875,0.002733189
1592.7015554567756,1592.7015554567756,0.98158884,0.002732121
1592.7029443174836,1592.7029443174836,0.98821765,0.0027317249
1592.704333178075,1592.704333178075,0.9847267,0.0027289877
1592.705722038666,1592.705722038666,0.9870444,0.0027416695
1592.7071108992568,1592.7071108992568,0.9874271,0.002731986
1592.708499759849,1592.708499759849,0.98745924,0.0027300445
1592.7098886204412,1592.7098886204412,0.98958313,0.0027362746
1592.7112774810325,1592.7112774810325,0.9912352,0.0027323333
1592.7126663416243,1592.7126663416243,0.9859117,0.0027354478
1592.7140552022156,1592.7140552022156,0.9848777,0.002727514
1592.7154440628078,1592.7154440628078,0.98945034,0.0027325284
1592.7168329234,1592.7168329234,0.98720086,0.002734022
1592.7182217839918,1592.7182217839918,0.98802024,0.002743708
1592.719610644583,1592.719610644583,0.9813817,0.0027260145
1592.7209995051746,1592.7209995051746,0.98648345,0.002735798
1592.7223883656488,1592.7223883656488,0.9865535,0.0027309558
1592.7237772262406,1592.7237772262406,0.9871963,0.002732747
1592.7251660868328,1592.7251660868328,0.99311703,0.0027396486
1592.7265549474241,1592.7265549474241,0.98698235,0.0027320385
1592.7279438080159,1592.7279438080159,0.9893353,0.0027309938
1592.7293326684908,1592.7293326684908,0.9871644,0.0027293172
1592.730721529083,1592.730721529083,0.98766106,0.0027354353
1592.7321103896752,1592.7321103896752,0.9889171,0.0027334366
1592.7334992501505,1592.7334992501505,0.9911554,0.002736802
1592.7348881107418,1592.7348881107418,0.9880657,0.0027302834
1592.7362769713336,1592.7362769713336,0.98761827,0.0027336683
1592.7376658318085,1592.7376658318085,0.98875886,0.0027288136
1592.7390546924003,1592.7390546924003,0.9855449,0.0027307419
1592.7404435529916,1592.7404435529916,0.9858116,0.0027439338
1592.7418324134665,1592.7418324134665,0.98542684,0.0027403326
1592.7432212740582,1592.7432212740582,0.9866165,0.0027432938
1592.744610134533,1592.744610134533,0.9874402,0.0027461746
1592.7459989951253,1592.7459989951253,0.991325,0.0027339112
1592.7473878556011,1592.7473878556011,0.9851154,0.0027309912
1592.7487767161929,1592.7487767161929,0.98764634,0.0027289626
1592.7501655766678,1592.7501655766678,0.9893325,0.0027316322
1592.751554437143,1592.751554437143,0.9892227,0.002733899
1592.7529432977344,1592.7529432977344,0.9894906,0.0027507741
1592.7543321582102,1592.7543321582102,0.9887929,0.0027305349
1592.7557210186856,1592.7557210186856,0.9915907,0.0027322252
1592.7571098792764,1592.7571098792764,0.98751944,0.0027295728
1592.7584987397513,1592.7584987397513,0.9900516,0.0027461222
1592.7598876002262,1592.7598876002262,0.9882408,0.0027366502
1592.761276460818,1592.761276460818,0.98587906,0.002728572
1592.7626653212938,1592.7626653212938,0.9885237,0.0027305337
1592.7640541817696,1592.7640541817696,0.9866706,0.002732177
1592.7654430422444,1592.7654430422444,0.9878459,0.0027363985
1592.7668319027198,1592.7668319027198,0.99201965,0.0027399845
1592.768220763311,1592.768220763311,0.9880412,0.0027299596
1592.769609623787,1592.769609623787,0.9883057,0.0027474964
1592.7709984842627,1592.7709984842627,0.9884008,0.0027407326
1592.7723873447371,1592.7723873447371,0.9915033,0.0027303903
1592.7737762052116,1592.7737762052116,0.9921356,0.0027400006
1592.775165065687,1592.775165065687,1.0375675,0.00275214
1592.7765539261618,1592.7765539261618,1.02909,0.0027529493
1592.7779427866376,1592.7779427866376,1.0181457,0.002751349
1592.7793316471134,1592.7793316471134,1.0092704,0.0027539574
1592.7807205075883,1592.7807205075883,1.000609,0.0027369852
1592.7821093680636,1592.7821093680636,0.9963785,0.0027465671
1592.7834982285385,1592.7834982285385,0.9972561,0.002732701
1592.7848870890143,1592.7848870890143,0.9977064,0.0027427066
1592.7862759494901,1592.7862759494901,0.9952116,0.0027331074
1592.787664809849,1592.787664809849,0.99330693,0.002734177
1592.7890536703235,1592.7890536703235,0.9940793,0.0027395086
1592.790442530798,1592.790442530798,0.99199015,0.0027393298
1592.7918313912728,1592.7918313912728,0.99007374,0.0027342758
1592.7932202517486,1592.7932202517486,0.9912677,0.0027361205
1592.794609112108,1592.794609112108,0.99141586,0.0027313083
1592.7959979725833,1592.7959979725833,0.9886781,0.002737691
1592.7973868330582,1592.7973868330582,0.98764616,0.0027296885
1592.798775693417,1592.798775693417,0.99172896,0.002731496
1592.8001645538925,1592.8001645538925,0.9894168,0.0027292194
1592.8015534143683,1592.8015534143683,0.99302906,0.0027321815
1592.8029422747272,1592.8029422747272,0.9910462,0.002739316
1592.8043311352021,1592.8043311352021,0.9885993,0.0027297977
1592.8057199955601,1592.8057199955601,0.9900616,0.0027327144
1592.8071088560346,1592.8071088560346,0.9899236,0.0027337626
1592.808497716394,1592.808497716394,0.9897562,0.0027330378
1592.8098865768698,1592.8098865768698,0.99041754,0.0027345547
1592.8112754372287,1592.8112754372287,0.99212337,0.0027324979
1592.8126642977036,1592.8126642977036,0.99085474,0.0027412353
1592.8140531580625,1592.8140531580625,0.9890728,0.0027369761
1592.8154420185383,1592.8154420185383,0.98787487,0.0027346474
1592.8168308788977,1592.8168308788977,0.98935467,0.002733489
1592.8182197393726,1592.8182197393726,0.98820996,0.0027461376
1592.819608599731,1592.819608599731,0.9872203,0.0027462204
1592.82099746009,1592.82099746009,0.99010974,0.0027308292
1592.8223863205644,1592.8223863205644,0.9904404,0.0027442186
1592.823775180923,1592.823775180923,0.9884138,0.0027359778
1592.8251640412823,1592.8251640412823,0.9888415,0.002746147
1592.8265529016412,1592.8265529016412,0.9899548,0.0027347484
1592.827941762116,1592.827941762116,0.9860465,0.0027301256
1592.8307194828344,1592.8307194828344,0.9884688,0.0027441678
1592.8321083431938,1592.8321083431938,0.992856,0.002731274
1592.8334972035523,1592.8334972035523,0.99029803,0.0027322182
1592.8348860639112,1592.8348860639112,0.9889541,0.0027321456
1592.8362749242697,1592.8362749242697,0.9885526,0.0027416109
1592.8376637846277,1592.8376637846277,0.98896444,0.0027337796
1592.8390526449862,1592.8390526449862,0.9865113,0.0027342385
1592.840441505462,1592.840441505462,0.9902852,0.0027317917
1592.841830365821,1592.841830365821,0.99122083,0.0027334557
1592.8432192261794,1592.8432192261794,0.9919498,0.00273439
1592.8446080864219,1592.8446080864219,0.98927575,0.0027311095
1592.8459969467813,1592.8459969467813,0.9935076,0.0027325936
1592.8473858071407,1592.8473858071407,0.9881984,0.0027304145
1592.8487746674991,1592.8487746674991,0.9886395,0.0027377715
1592.850163527858,1592.850163527858,0.9921008,0.002732387
1592.8515523882165,1592.8515523882165,0.98687094,0.00274328
1592.8529412485755,1592.8529412485755,0.9910361,0.002736957
1592.854330108934,1592.854330108934,0.991055,0.002731074
1592.8557189691762,1592.8557189691762,0.9876475,0.0027328583
1592.857107829535,1592.857107829535,0.98863226,0.002731939
1592.8584966898934,1592.8584966898934,0.98470056,0.0027297344
1592.8598855502523,1592.8598855502523,0.9889655,0.0027311086
1592.8612744104953,1592.8612744104953,0.98778075,0.0027338576
1592.8626632708547,1592.8626632708547,0.98844725,0.002734451
1592.8640521312132,1592.8640521312132,0.9908345,0.0027364856
1592.8654409914557,1592.8654409914557,0.98872685,0.0027317165
1592.8668298518141,1592.8668298518141,0.9903389,0.002734263
1592.8682187120567,1592.8682187120567,0.98744017,0.002733832
1592.869607572416,1592.869607572416,0.98814285,0.002734365
1592.8709964327745,1592.8709964327745,0.99133855,0.0027375163
1592.8723852930161,1592.8723852930161,0.9894592,0.002730347
1592.873774153375,1592.873774153375,0.98744434,0.0027392202
1592.875163013617,1592.875163013617,0.99245507,0.0027348308
1592.87655187386,1592.87655187386,0.9911468,0.0027383661
1592.8779407342195,1592.8779407342195,0.99336994,0.0027343722
1592.8793295944615,1592.8793295944615,0.99323386,0.00273606
1592.8807184548205,1592.8807184548205,0.9935497,0.0027340634
1592.8821073150625,1592.8821073150625,0.9915984,0.0027543579
1592.883496175305,1592.883496175305,0.99112797,0.0027300576
1592.8848850356644,1592.8848850356644,0.9896439,0.0027338124
1592.8862738959074,1592.8862738959074,0.9930576,0.002737938
1592.887662756149,1592.887662756149,0.98962593,0.0027353712
1592.889051616507,1592.889051616507,0.99139667,0.002736033
1592.890440476749,1592.890440476749,0.9885159,0.0027313423
1592.891829336992,1592.891829336992,0.9923648,0.0027496705
1592.893218197235,1592.893218197235,0.9938175,0.00273539
1592.8946070574773,1592.8946070574773,0.99071026,0.0027326639
1592.895995917836,1592.895995917836,0.99244374,0.0027344807
1592.897384778078,1592.897384778078,0.99196154,0.0027433187
1592.8987736383206,1592.8987736383206,0.9938696,0.0027331982
1592.9001624985635,1592.9001624985635,0.99538785,0.0027335165
1592.9015513588065,1592.9015513588065,0.99597853,0.002739707
1592.9043290792902,1592.9043290792902,0.9938694,0.0027436682
1592.9057179395318,1592.9057179395318,0.9955732,0.002735991
1592.9071067997747,1592.9071067997747,0.99231255,0.002741453
1592.9084956600177,1592.9084956600177,0.9895425,0.002736826
1592.9098845202602,1592.9098845202602,0.98993486,0.0027526645
1592.9112733805023,1592.9112733805023,0.9931976,0.0027422102
1592.9126622407448,1592.9126622407448,0.99384063,0.0027474752
1592.9140511008704,1592.9140511008704,0.9930111,0.0027360015
1592.9154399611134,1592.9154399611134,0.99061227,0.002732053
1592.9168288213564,1592.9168288213564,0.99344367,0.0027347133
1592.9182176815984,1592.9182176815984,0.99424136,0.0027374392
1592.91960654184,1592.91960654184,0.98919207,0.00273273
1592.9209954019652,1592.9209954019652,0.992727,0.0027399885
1592.9223842622077,1592.9223842622077,0.9940733,0.0027519423
1592.9237731224507,1592.9237731224507,0.9940744,0.0027503308
1592.9251619826937,1592.9251619826937,0.9919982,0.002729889
1592.9265508428193,1592.9265508428193,0.9969114,0.002747148
1592.9279397030618,1592.9279397030618,0.9944919,0.0027357216
1592.9293285631875,1592.9293285631875,0.9920363,0.0027343682
1592.9307174234305,1592.9307174234305,0.99592245,0.0027454954
1592.9321062836734,1592.9321062836734,0.9941064,0.0027348406
1592.9334951437993,1592.9334951437993,0.99666405,0.0027382693
1592.9348840040416,1592.9348840040416,0.9963149,0.0027395636
1592.9362728641668,1592.9362728641668,0.9945054,0.0027453382
1592.9376617244084,1592.9376617244084,0.9926855,0.0027380143
1592.939050584535,1592.939050584535,0.9959286,0.0027378977
1592.940439444778,1592.940439444778,0.9929526,0.0027424041
1592.9418283049035,1592.9418283049035,0.99545807,0.0027418372
1592.9432171650296,1592.9432171650296,0.99333125,0.0027417564
1592.9446060252717,1592.9446060252717,0.99618316,0.0027482684
1592.9459948853982,1592.9459948853982,0.9963776,0.0027370586
1592.9473837455248,1592.9473837455248,0.9952247,0.0027336425
1592.9487726057673,1592.9487726057673,0.99536467,0.0027357975
1592.950161465893,1592.950161465893,0.99089295,0.0027356038
1592.951550326019,1592.951550326019,0.99336725,0.0027427142
1592.9529391862604,1592.9529391862604,0.99441123,0.0027336995
1592.9543280463863,1592.9543280463863,0.9955818,0.0027378045
1592.9557169065129,1592.9557169065129,0.99595064,0.002738379
1592.9571057666385,1592.9571057666385,0.99577075,0.0027427522
1592.9584946267646,1592.9584946267646,0.99816144,0.0027341065
1592.9598834868902,1592.9598834868902,0.99589634,0.0027386083
1592.9612723470168,1592.9612723470168,0.9959595,0.002746969
1592.9626612072598,1592.9626612072598,0.9956113,0.0027400006
1592.9640500673859,1592.9640500673859,0.9995152,0.0027383429
1592.9654389275115,1592.9654389275115,0.9957038,0.0027573854
1592.9668277876376,1592.9668277876376,0.9952807,0.002736698
1592.9682166477633,1592.9682166477633,0.99459475,0.0027476226
1592.9696055078894,1592.9696055078894,0.9996818,0.0027351386
1592.970994368015,1592.970994368015,0.99287415,0.0027375452
1592.9723832281409,1592.9723832281409,0.99625546,0.0027391585
1592.9737720881503,1592.9737720881503,0.9985883,0.0027357964
1592.975160948276,1592.975160948276,0.99849343,0.0027344755
1592.9765498084025,1592.9765498084025,0.9952861,0.0027367969
1592.977938668529,1592.977938668529,0.99663013,0.0027353743
1592.9793275286552,1592.9793275286552,0.99879164,0.002738972
1592.9807163887808,1592.9807163887808,1.0031288,0.002749113
1592.9821052487905,1592.9821052487905,0.9992123,0.002739417
1592.9834941089161,1592.9834941089161,0.99962366,0.0027363396
1592.9848829690422,1592.9848829690422,0.9978985,0.0027359212
1592.986271829168,1592.986271829168,0.99845475,0.0027395105
1592.9876606891776,1592.9876606891776,0.998926,0.0027566226
1592.9890495493032,1592.9890495493032,0.99987346,0.0027539635
1592.990438409429,1592.990438409429,0.9968517,0.002741765
1592.991827269439,1592.991827269439,0.9957502,0.002732722
1592.9932161295656,1592.9932161295656,0.9998412,0.002740732
1592.9946049895752,1592.9946049895752,0.999106,0.002736213
1592.9959938497009,1592.9959938497009,1.0012949,0.002742071
1592.9973827097106,1592.9973827097106,0.9959077,0.0027494824
1592.9987715698362,1592.9987715698362,1.0024577,0.0027375915
1593.0001604298463,1593.0001604298463,0.99883074,0.002733934
1593.0015492899724,1593.0015492899724,1.0002977,0.0027476947
1593.0029381499812,1593.0029381499812,1.0029306,0.0027396274
1593.0043270101069,1593.0043270101069,0.9983872,0.0027352918
1593.0057158701165,1593.0057158701165,1.0000004,0.0027379973
1593.0071047301267,1593.0071047301267,1.0006394,0.0027459564
1593.0084935902532,1593.0084935902532,1.0013944,0.0027370544
1593.0098824502625,1593.0098824502625,1.0000795,0.002743611
1593.011271310272,1593.011271310272,1.0013512,0.002741234
1593.0126601703978,1593.0126601703978,0.9994384,0.0027446318
1593.014049030407,1593.014049030407,0.99868625,0.0027383054
1593.0154378904172,1593.0154378904172,0.995123,0.0027373752
1593.0168267504273,1593.0168267504273,0.99956626,0.0027373268
1593.018215610436,1593.018215610436,1.000487,0.002738942
1593.0196044705613,1593.0196044705613,0.99990755,0.0027405368
1593.020993330571,1593.020993330571,0.9975606,0.0027499122
1593.022382190581,1593.022382190581,0.99601626,0.0027357885
1593.0237710505912,1593.0237710505912,0.99844223,0.0027385347
1593.0251599106005,1593.0251599106005,1.0008701,0.0027424674
1593.0265487706101,1593.0265487706101,0.9977789,0.0027478016
1593.0279376306194,1593.0279376306194,0.99852717,0.0027399114
1593.0293264906288,1593.0293264906288,0.9991665,0.0027357377
1593.0307153506387,1593.0307153506387,0.9989471,0.0027375636
1593.0321042106489,1593.0321042106489,0.99877423,0.0027353975
1593.0334930706576,1593.0334930706576,1.0003425,0.002739637
1593.0348819306664,1593.0348819306664,0.99835104,0.0027393603
1593.036270790676,1593.036270790676,1.0044498,0.002737904
1593.0376596506862,1593.0376596506862,1.000784,0.002751926
1593.03904851058,1593.03904851058,1.0023744,0.0027388032
1593.0404373705892,1593.0404373705892,1.0012364,0.0027430763
1593.0418262305989,1593.0418262305989,1.0015512,0.0027410905
1593.043215090608,1593.043215090608,1.0011117,0.0027531893
1593.0446039506178,1593.0446039506178,0.99895847,0.0027391657
1593.0459928105115,1593.0459928105115,1.0003175,0.0027428537
1593.0473816705216,1593.0473816705216,0.99562985,0.0027486829
1593.0487705305309,1593.0487705305309,1.0028868,0.0027377424
1593.0501593904232,1593.0501593904232,1.0019624,0.002738036
1593.051548250432,1593.051548250432,0.9997576,0.0027360464
1593.0529371104421,1593.0529371104421,1.0014919,0.0027462193
1593.0543259703359,1593.0543259703359,1.0014349,0.0027393193
1593.055714830345,1593.055714830345,0.99909246,0.002743268
1593.0571036902384,1593.0571036902384,1.0014826,0.0027439713
1593.0584925502476,1593.0584925502476,0.999884,0.002738313
1593.0598814101409,1593.0598814101409,1.0004044,0.002738976
1593.061270270151,1593.061270270151,1.0008788,0.0027457206
1593.0626591300447,1593.0626591300447,1.001372,0.002734644
1593.064047990054,1593.064047990054,1.0028011,0.002742859
1593.0654368499472,1593.0654368499472,1.0011085,0.0027411163
1593.0668257098393,1593.0668257098393,1.0007868,0.0027381293
1593.068214569848,1593.068214569848,1.0028881,0.0027528494
1593.0696034297416,1593.0696034297416,1.002299,0.002739311
1593.0709922896353,1593.0709922896353,1.0019438,0.0027453783
1593.072381149645,1593.072381149645,1.0027834,0.0027396276
1593.0737700095378,1593.0737700095378,1.0031612,0.0027442232
1593.075158869431,1593.075158869431,1.002078,0.002745715
1593.0765477293248,1593.0765477293248,0.99942386,0.002736596
1593.077936589335,1593.077936589335,1.0056418,0.0027549108
1593.0793254492278,1593.0793254492278,1.0012115,0.0027534342
1593.080714309121,1593.080714309121,1.0022169,0.0027510088
1593.0821031690134,1593.0821031690134,1.0020748,0.0027458349
1593.0834920289058,1593.0834920289058,1.0026941,0.0027397787
1593.0848808887995,1593.0848808887995,1.0030857,0.00274167
1593.0862697486932,1593.0862697486932,1.0038664,0.0027542622
1593.087658608586,1593.087658608586,0.99909306,0.0027354613
1593.0890474684788,1593.0890474684788,0.9996147,0.002737413
1593.090436328372,1593.090436328372,0.99663687,0.002746404
1593.0918251882658,1593.0918251882658,1.00196,0.002743791
1593.0932140481596,1593.0932140481596,1.0021384,0.0027415182
1593.0946029080524,1593.0946029080524,1.006634,0.0027417152
1593.0959917679456,1593.0959917679456,1.0030326,0.0027370923
1593.0973806278384,1593.0973806278384,1.0007806,0.0027360287
1593.0987694877308,1593.0987694877308,1.005178,0.0027465776
1593.100158347624,1593.100158347624,1.0005947,0.002736371
1593.1015472075178,1593.1015472075178,1.0049664,0.00275275
1593.1029360672942,1593.1029360672942,1.0065421,0.0027406432
1593.1043249271875,1593.1043249271875,1.0038364,0.0027431669
1593.1057137870803,1593.1057137870803,1.0064698,0.002744
1593.107102646974,1593.107102646974,1.0074956,0.002741519
1593.1084915067513,1593.1084915067513,1.0033418,0.0027422875
1593.1098803666441,1593.1098803666441,1.0024596,0.0027442293
1593.1112692265374,1593.1112692265374,1.0062305,0.0027440644
1593.1126580863138,1593.1126580863138,1.0063075,0.002742276
1593.114046946207,1593.114046946207,1.006329,0.0027411534
1593.1154358059835,1593.1154358059835,1.005872,0.0027456994
1593.1168246658767,1593.1168246658767,1.0072811,0.0027419846
1593.1182135256531,1593.1182135256531,1.0051342,0.0027394446
1593.1196023855464,1593.1196023855464,1.0055283,0.0027383156
1593.1209912453228,1593.1209912453228,1.0047016,0.0027496947
1593.1223801052165,1593.1223801052165,1.0032055,0.002741526
1593.1237689649938,1593.1237689649938,1.0051881,0.00274417
1593.125157824887,1593.125157824887,1.0061011,0.002748345
1593.1265466846635,1593.1265466846635,1.0043143,0.0027437755
1593.1279355445563,1593.1279355445563,1.004952,0.0027410656
1593.1293244043331,1593.1293244043331,1.003374,0.0027371496
1593.1307132641095,1593.1307132641095,1.007291,0.0027403731
1593.1321021240028,1593.1321021240028,1.0080078,0.0027604292
1593.1334909837792,1593.1334909837792,1.0056157,0.002750673
1593.134879843556,1593.134879843556,1.0058208,0.0027490652
1593.1362687033325,1593.1362687033325,1.0056218,0.0027427035
1593.1376575631098,1593.1376575631098,1.0031403,0.0027397738
1593.1390464230035,1593.1390464230035,1.0060211,0.0027479727
1593.1404352827803,1593.1404352827803,1.0063437,0.0027426665
1593.1418241425567,1593.1418241425567,1.005264,0.0027419908
1593.1432130023336,1593.1432130023336,1.0078709,0.0027422707
1593.14460186211,1593.14460186211,1.011033,0.0027470244
1593.1459907218873,1593.1459907218873,1.006529,0.0027509795
1593.1473795816637,1593.1473795816637,1.0111849,0.002743798
1593.1487684414396,1593.1487684414396,1.00821,0.0027411105
1593.1501573012165,1593.1501573012165,1.0110472,0.0027449506
1593.151546160993,1593.151546160993,1.0103838,0.0027526785
1593.1529350207702,1593.1529350207702,1.0080558,0.0027424821
1593.1543238805475,1593.1543238805475,1.0070378,0.0027437424
1593.1557127403244,1593.1557127403244,1.0115299,0.0027441415
1593.1571016001008,1593.1571016001008,1.0081755,0.0027408896
1593.1584904598776,1593.1584904598776,1.010335,0.0027406486
1593.159879319654,1593.159879319654,1.0071701,0.0027499094
1593.161268179315,1593.161268179315,1.0067635,0.0027541246
1593.1626570390922,1593.1626570390922,1.0091786,0.0027439424
1593.1640458988682,1593.1640458988682,1.0064706,0.002750548
1593.165434758644,1593.165434758644,1.0092912,0.0027430314
1593.166823618304,1593.166823618304,1.0113037,0.0027497043
1593.1682124780814,1593.1682124780814,1.009158,0.0027486195
1593.1696013378587,1593.1696013378587,1.0084689,0.0027508324
1593.1709901975191,1593.1709901975191,1.0097247,0.002741438
1593.1723790572955,1593.1723790572955,1.0110365,0.0027524857
1593.1737679170724,1593.1737679170724,1.0048771,0.0027425343
1593.1751567767324,1593.1751567767324,1.0079173,0.002741246
1593.1765456365097,1593.1765456365097,1.0055081,0.0027577372
1593.1779344961706,1593.1779344961706,1.008454,0.0027606308
1593.1793233559465,1593.1793233559465,1.0095294,0.0027438668
1593.180712215606,1593.180712215606,1.0118682,0.002747345
1593.182101075383,1593.182101075383,1.0067651,0.0027419918
1593.1834899350438,1593.1834899350438,1.0101082,0.0027556058
1593.1848787948209,1593.1848787948209,1.0057617,0.0027581442
1593.186267654481,1593.186267654481,1.0096589,0.002746432
1593.187656514141,1593.187656514141,1.0110078,0.0027434286
1593.189045373918,1593.189045373918,1.0104613,0.0027510028
1593.190434233578,1593.190434233578,1.0052224,0.0027464244
1593.1918230932388,1593.1918230932388,1.0065802,0.0027433676
1593.193211953016,1593.193211953016,1.0079646,0.0027400078
1593.1946008126765,1593.1946008126765,1.0072713,0.0027568226
1593.195989672336,1593.195989672336,1.0075302,0.0027426311
1593.1973785319956,1593.1973785319956,1.0077744,0.00276034
1593.1987673916565,1593.1987673916565,1.0088112,0.0027439024
1593.2001562513174,1593.2001562513174,1.0050038,0.0027488684
1593.2015451110938,1593.2015451110938,1.0088731,0.002745449
1593.202933970754,1593.202933970754,1.0087134,0.0027545232
1593.2043228304142,1593.2043228304142,1.0103635,0.0027433431
1593.2057116900742,1593.2057116900742,1.0087769,0.0027431946
1593.207100549735,1593.207100549735,1.0105432,0.0027451864
1593.208489409396,1593.208489409396,1.0143689,0.002753002
1593.2098782690564,1593.2098782690564,1.0195333,0.002747241
1593.211267128716,1593.211267128716,1.0194967,0.002748801
1593.2126559883754,1593.2126559883754,1.0151093,0.0027508673
1593.2140448480363,1593.2140448480363,1.0209634,0.002752308
1593.2154337076972,1593.2154337076972,1.0171754,0.0027461164
1593.2168225672408,1593.2168225672408,1.0184479,0.0027559544
1593.2182114269012,1593.2182114269012,1.0156682,0.0027618157
1593.2196002865612,1593.2196002865612,1.0143336,0.0027523364
1593.2209891462217,1593.2209891462217,1.0173223,0.0027470018
1593.2223780058825,1593.2223780058825,1.0115772,0.002741792
1593.2237668654268,1593.2237668654268,1.0155324,0.0027586692
1593.225155725087,1593.225155725087,1.0138798,0.0027423
1593.226544584747,1593.226544584747,1.0161246,0.0027626727
1593.22793344429,1593.22793344429,1.0182693,0.0027479941
1593.2293223039496,1593.2293223039496,1.0167052,0.0027471946
1593.2307111636105,1593.2307111636105,1.0177915,0.002747452
1593.232100023155,1593.232100023155,1.0170535,0.0027449736
1593.2334888828154,1593.2334888828154,1.0152794,0.0027594173
1593.234877742359,1593.234877742359,1.0124911,0.0027590834
1593.2362666020194,1593.2362666020194,1.0121047,0.0027538412
1593.2376554616803,1593.2376554616803,1.0156081,0.0027494526
1593.2390443212248,1593.2390443212248,1.0138385,0.0027568126
1593.2404331807684,1593.2404331807684,1.0128944,0.002752378
1593.2418220404286,1593.2418220404286,1.015612,0.0027516268
1593.2432108999715,1593.2432108999715,1.014342,0.002749283
1593.244599759631,1593.244599759631,1.0148144,0.002761082
1593.2459886191755,1593.2459886191755,1.013988,0.0027442167
1593.24737747872,1593.24737747872,1.0131075,0.0027429664
1593.2487663383804,1593.2487663383804,1.0101348,0.002742216
1593.250155197924,1593.250155197924,1.0151715,0.002750843
1593.251544057468,1593.251544057468,1.0129441,0.0027531963
1593.2529329171289,1593.2529329171289,1.0132325,0.0027475648
1593.2543217766734,1593.2543217766734,1.0124261,0.0027524836
1593.255710636217,1593.255710636217,1.0123317,0.002764659
1593.257099495761,1593.257099495761,1.0127892,0.0027480742
1593.2584883553045,1593.2584883553045,1.0126995,0.0027427068
1593.2598772148476,1593.2598772148476,1.0118634,0.0027435764
1593.2612660743912,1593.2612660743912,1.012817,0.0027440116
1593.262654934052,1593.262654934052,1.0107845,0.0027457182
1593.264043793596,1593.264043793596,1.0130577,0.0027461383
1593.2654326531397,1593.2654326531397,1.0133313,0.0027448297
1593.2668215126837,1593.2668215126837,1.0104964,0.0027447166
1593.2682103722282,1593.2682103722282,1.0103521,0.002741587
1593.2695992317726,1593.2695992317726,1.0142106,0.0027453052
1593.2709880911998,1593.2709880911998,1.0130632,0.0027443771
1593.2723769507438,1593.2723769507438,1.0127017,0.0027439892
1593.2737658102874,1593.2737658102874,1.0134543,0.0027436053
1593.2751546698305,1593.2751546698305,1.0134668,0.0027476137
1593.2765435293745,1593.2765435293745,1.010581,0.002751399
1593.277932388919,1593.277932388919,1.0097629,0.0027558978
1593.2793212484626,1593.2793212484626,1.0149927,0.0027470163
1593.28071010789,1593.28071010789,1.0157722,0.0027465085
1593.2820989674337,1593.2820989674337,1.0129976,0.0027435469
1593.2834878269782,1593.2834878269782,1.0130379,0.0027455522
1593.2848766864063,1593.2848766864063,1.0162108,0.002743832
1593.2862655459498,1593.2862655459498,1.0130273,0.0027540901
1593.2876544054939,1593.2876544054939,1.0125352,0.0027469445
1593.289043264921,1593.289043264921,1.0125191,0.0027424337
1593.290432124465,1593.290432124465,1.0147064,0.0027571581
1593.2918209840086,1593.2918209840086,1.0115024,0.002746252
1593.2932098434362,1593.2932098434362,1.0156535,0.00274383
1593.2945987029798,1593.2945987029798,1.0113856,0.0027492375
1593.2959875624074,1593.2959875624074,1.0095048,0.0027588524
1593.297376421951,1593.297376421951,1.013958,0.0027444048
1593.298765281379,1593.298765281379,1.0130485,0.0027447813
1593.300154140807,1593.300154140807,1.0192598,0.0027591116
1593.3015430003506,1593.3015430003506,1.0122871,0.0027485185
1593.3029318597783,1593.3029318597783,1.0108056,0.0027468419
1593.3043207193218,1593.3043207193218,1.0150578,0.0027423277
1593.3057095787494,1593.3057095787494,1.0149441,0.0027465073
1593.3070984381766,1593.3070984381766,1.0096487,0.0027415464
1593.3084872976042,1593.3084872976042,1.0107421,0.0027453501
1593.3098761571478,1593.3098761571478,1.0153416,0.002748332
1593.3112650165754,1593.3112650165754,1.0114095,0.0027463315
1593.3126538760025,1593.3126538760025,1.0078415,0.0027412327
1593.3140427354306,1593.3140427354306,1.0137544,0.0027443697
1593.3154315948586,1593.3154315948586,1.0134171,0.0027562245
1593.3168204544027,1593.3168204544027,1.0134735,0.0027478843
1593.3182093138298,1593.3182093138298,1.0120232,0.0027411454
1593.3195981732572,1593.3195981732572,1.0120873,0.0027447508
1593.3209870326846,1593.3209870326846,1.0111539,0.0027450447
1593.3223758921126,1593.3223758921126,1.0138698,0.0027455864
1593.3237647515398,1593.3237647515398,1.010035,0.0027451366
1593.3251536109665,1593.3251536109665,1.0129671,0.0027442996
1593.326542470394,1593.326542470394,1.01117,0.0027518764
1593.3279313298212,1593.3279313298212,1.0135617,0.0027420619
1593.3293201892493,1593.3293201892493,1.0119294,0.0027441476
1593.3307090486774,1593.3307090486774,1.0134887,0.0027546906
1593.3320979079886,1593.3320979079886,1.0136685,0.0027420644
1593.3334867674157,1593.3334867674157,1.0133924,0.0027466333
1593.3348756268433,1593.3348756268433,1.0141126,0.0027524384
1593.3362644862705,1593.3362644862705,1.0116553,0.0027397282
1593.3376533456985,1593.3376533456985,1.0122515,0.0027512803
1593.3390422050095,1593.3390422050095,1.0152947,0.0027486188
1593.340431064436,1593.340431064436,1.011156,0.0027563337
1593.3418199238636,1593.3418199238636,1.0115145,0.002741299
1593.3432087831743,1593.3432087831743,1.0134673,0.0027419562
1593.3445976426024,1593.3445976426024,1.0134481,0.0027465266
1593.3459865020304,1593.3459865020304,1.0127008,0.0027476556
1593.3473753613416,1593.3473753613416,1.01005,0.0027444998
1593.3487642207688,1593.3487642207688,1.015033,0.0027512284
1593.35015308008,1593.35015308008,1.0125891,0.002759451
1593.3515419395071,1593.3515419395071,1.0115312,0.0027437299
1593.3529307988188,1593.3529307988188,1.0131341,0.0027578266
1593.3543196582468,1593.3543196582468,1.0103979,0.0027517348
1593.355708517557,1593.355708517557,1.0123568,0.002743871
1593.3570973769838,1593.3570973769838,1.0166472,0.0027636918
1593.3584862362945,1593.3584862362945,1.017126,0.0027433475
1593.3598750956062,1593.3598750956062,1.0099953,0.0027434418
1593.3612639550342,1593.3612639550342,1.0145053,0.0027549765
1593.3626528143454,1593.3626528143454,1.0127834,0.0027537928
1593.3640416736562,1593.3640416736562,1.012902,0.0027483439
1593.3654305330838,1593.3654305330838,1.0151433,0.00274263
1593.3668193923945,1593.3668193923945,1.0143924,0.0027447052
1593.3682082517062,1593.3682082517062,1.0115657,0.0027432474
1593.3695971110178,1593.3695971110178,1.0125092,0.0027438381
1593.3709859704445,1593.3709859704445,1.0109211,0.0027425708
1593.3723748297548,1593.3723748297548,1.0144186,0.0027437126
1593.373763689066,1593.373763689066,1.0106133,0.0027551602
1593.3751525483767,1593.3751525483767,1.0120372,0.0027498496
1593.3765414076884,1593.3765414076884,1.0110596,0.002742669
1593.377930267,1593.377930267,1.014224,0.0027433198
1593.3793191263107,1593.3793191263107,1.0092078,0.0027432519
1593.380707985622,1593.380707985622,1.0116869,0.0027411839
1593.3820968449327,1593.3820968449327,1.0120499,0.0027435494
1593.3834857042443,1593.3834857042443,1.009731,0.002751047
1593.384874563556,1593.384874563556,1.0148919,0.002742746
1593.3862634228672,1593.3862634228672,1.0173522,0.002748117
1593.3876522821774,1593.3876522821774,1.0132654,0.002759527
1593.3890411413713,1593.3890411413713,1.011726,0.0027447136
1593.390430000682,1593.390430000682,1.0147965,0.002751495
1593.3918188599937,1593.3918188599937,1.0135344,0.0027463015
1593.3932077193053,1593.3932077193053,1.0112839,0.0027452838
1593.3945965786165,1593.3945965786165,1.0108113,0.0027448516
1593.3959854378109,1593.3959854378109,1.01193,0.00274357
1593.3973742971216,1593.3973742971216,1.0119312,0.0027424316
1593.3987631564332,1593.3987631564332,1.0179219,0.0027468263
1593.4001520156285,1593.4001520156285,1.0127015,0.0027437622
1593.4015408749397,1593.4015408749397,1.0135562,0.002747361
1593.40292973425,1593.40292973425,1.0142369,0.002760107
1593.4043185934438,1593.4043185934438,1.011231,0.0027532678
1593.4057074527545,1593.4057074527545,1.0119972,0.0027546133
1593.4070963119498,1593.4070963119498,1.0108175,0.002744681
1593.4084851712614,1593.4084851712614,1.0080013,0.0027455061
1593.4098740304562,1593.4098740304562,1.0139762,0.0027433853
1593.411262889767,1593.411262889767,1.0132939,0.0027440432
1593.4126517489617,1593.4126517489617,1.0141293,0.002757339
1593.4140406082734,1593.4140406082734,1.0150528,0.002747553
1593.4154294674684,1593.4154294674684,1.0151485,0.0027451268
1593.416818326663,1593.416818326663,1.0120298,0.002741953
1593.4182071859736,1593.4182071859736,1.0114086,0.0027429473
1593.4195960451675,1593.4195960451675,1.0112994,0.0027457636
1593.4209849043614,1593.4209849043614,1.0107911,0.002744817
1593.4223737635566,1593.4223737635566,1.0102388,0.0027485841
1593.4237626228683,1593.4237626228683,1.01532,0.0027602578
1593.425151482063,1593.425151482063,1.0085225,0.0027425576
1593.4265403412574,1593.4265403412574,1.0102118,0.0027419047
1593.4279292004521,1593.4279292004521,1.0173184,0.0027449492
1593.4293180596474,1593.4293180596474,1.0126691,0.0027466586
1593.4307069188426,1593.4307069188426,1.011707,0.0027465394
1593.432095778037,1593.432095778037,1.0087427,0.0027402889
1593.4334846372317,1593.4334846372317,1.0107334,0.0027548515
1593.4348734964253,1593.4348734964253,1.0115181,0.0027463234
1593.436262355619,1593.436262355619,1.0125003,0.0027436218
1593.4376512148142,1593.4376512148142,1.0116091,0.0027447068
1593.4390400740094,1593.4390400740094,1.0139495,0.002747127
1593.4404289332042,1593.4404289332042,1.0098298,0.0027520254
1593.4418177923985,1593.4418177923985,1.0141952,0.0027502656
1593.4432066515933,1593.4432066515933,1.010851,0.0027548266
1593.4445955107885,1593.4445955107885,1.0128632,0.0027556298
1593.4459843699838,1593.4459843699838,1.008205,0.0027496368
1593.447373229178,1593.447373229178,1.0108733,0.0027434072
1593.4487620882564,1593.4487620882564,1.009922,0.0027441673
1593.4501509474503,1593.4501509474503,1.0077478,0.0027518538
1593.4515398066442,1593.4515398066442,1.0100737,0.0027419059
1593.452928665723,1593.452928665723,1.0104303,0.0027423294
1593.454317524918,1593.454317524918,1.0098937,0.0027441129
1593.4557063841125,1593.4557063841125,1.0194309,0.0027645812
1593.4570952431905,1593.4570952431905,1.0176871,0.0027466747
1593.4584841023852,1593.4584841023852,1.023144,0.0027571265
1593.4598729615805,1593.4598729615805,1.0178373,0.0027440882
1593.4612618206593,1593.4612618206593,1.014783,0.0027466991
1593.4626506798536,1593.4626506798536,1.0160507,0.0027451862
1593.464039538932,1593.464039538932,1.0150938,0.0027493357
1593.4654283981263,1593.4654283981263,1.0162786,0.002743005
1593.4668172572037,1593.4668172572037,1.0114877,0.0027421955
1593.468206116282,1593.468206116282,1.0143375,0.0027429194
1593.4695949754773,1593.4695949754773,1.0127295,0.0027456426
1593.4709838345552,1593.4709838345552,1.0139979,0.0027427815
1593.4723726937498,1593.4723726937498,1.0118325,0.0027449152
1593.473761552828,1593.473761552828,1.0139213,0.0027443166
1593.4751504119067,1593.4751504119067,1.0115548,0.0027470372
1593.4765392709855,1593.4765392709855,1.0068083,0.0027419927
1593.4779281301799,1593.4779281301799,1.0148144,0.0027523106
1593.4793169892582,1593.4793169892582,1.0110935,0.0027452619
1593.4807058483361,1593.4807058483361,1.0127221,0.002750249
1593.4820947074136,1593.4820947074136,1.0078677,0.0027695305
1593.483483566492,1593.483483566492,1.0112171,0.002741346
1593.4848724255708,1593.4848724255708,1.0117202,0.0027474
1593.4862612846487,1593.4862612846487,1.0104545,0.002748575
1593.4876501438434,1593.4876501438434,1.0112547,0.002744144
1593.4890390029213,1593.4890390029213,1.0106329,0.002742601
1593.4904278620002,1593.4904278620002,1.0108613,0.0027438274
1593.491816721079,1593.491816721079,1.0059589,0.0027470158
1593.493205580157,1593.493205580157,1.0080788,0.0027696267
1593.4945944391188,1593.4945944391188,1.010339,0.0027442803
1593.4959832981967,1593.4959832981967,1.0108689,0.0027400788
1593.4973721572742,1593.4973721572742,1.0097337,0.002745959
1593.4987610163525,1593.4987610163525,1.008843,0.0027529835
1593.5001498754314,1593.5001498754314,1.0101497,0.0027508247
1593.5015387345093,1593.5015387345093,1.0119385,0.0027458975
1593.5029275934712,1593.5029275934712,1.0085248,0.0027422563
1593.5043164525491,1593.5043164525491,1.0123959,0.0027442218
1593.505705311628,1593.505705311628,1.0124408,0.0027620334
1593.5070941707068,1593.5070941707068,1.0117615,0.0027445224
1593.5084830296687,1593.5084830296687,1.009545,0.0027509644
1593.5098718887466,1593.5098718887466,1.0068032,0.0027409922
1593.5112607478247,1593.5112607478247,1.008433,0.0027375373
1593.5126496067865,1593.5126496067865,1.0111368,0.0027423277
1593.5140384658644,1593.5140384658644,1.0082101,0.0027447268
1593.5154273248263,1593.5154273248263,1.0080036,0.0027412781
1593.5168161839042,1593.5168161839042,1.0096025,0.0027458894
1593.5182050428662,1593.5182050428662,1.0090971,0.0027430807
1593.519593901944,1593.519593901944,1.0125141,0.0027521264
1593.520982760906,1593.520982760906,1.0085281,0.002744766
1593.5223716199848,1593.5223716199848,1.0047097,0.0027440356
1593.5237604789472,1593.5237604789472,1.0060393,0.0027429515
1593.5251493379087,1593.5251493379087,1.0077118,0.0027565856
1593.526538196987,1593.526538196987,1.0068587,0.0027580492
1593.5279270559486,1593.5279270559486,1.0121499,0.0027447308
1593.5293159149105,1593.5293159149105,1.0103601,0.002746786
1593.5307047739884,1593.5307047739884,1.0057024,0.0027409943
1593.53209363295,1593.53209363295,1.007889,0.0027523397
1593.5334824919119,1593.5334824919119,1.0070899,0.0027446498
1593.5348713508733,1593.5348713508733,1.0120095,0.0027499113
1593.5362602098353,1593.5362602098353,1.0052314,0.0027386365
1593.5376490687977,1593.5376490687977,1.0079837,0.0027408875
1593.5390379278765,1593.5390379278765,1.0079415,0.0027424362
1593.540426786838,1593.540426786838,1.0048381,0.0027459823
1593.5418156458,1593.5418156458,1.0085571,0.0027446547
1593.5432045047614,1593.5432045047614,1.0030909,0.0027416882
1593.5445933637234,1593.5445933637234,1.006342,0.0027401613
1593.5459822226849,1593.5459822226849,1.0077851,0.002738216
1593.5473710816468,1593.5473710816468,1.0075653,0.0027409517
1593.5487599406083,1593.5487599406083,1.0047848,0.0027383722
1593.5501487994534,1593.5501487994534,1.0096098,0.0027438302
1593.5515376584153,1593.5515376584153,1.0055865,0.0027404348
1593.5529265173777,1593.5529265173777,1.0030894,0.0027490691
1593.5543153763401,1593.5543153763401,1.0060303,0.0027418733
1593.5557042353016,1593.5557042353016,1.0064328,0.0027426532
1593.5570930942636,1593.5570930942636,1.0053903,0.0027385107
1593.5584819531086,1593.5584819531086,1.0036101,0.0027591651
1593.559870812071,1593.559870812071,1.0050137,0.0027450372
1593.561259671033,1593.561259671033,1.0041821,0.0027599616
1593.5626485298776,1593.5626485298776,1.0074456,0.0027400118
1593.564037388839,1593.564037388839,1.0100352,0.0027417634
1593.565426247801,1593.565426247801,1.005285,0.0027420796
1593.5668151066461,1593.5668151066461,1.0042945,0.0027379356
1593.5682039656085,1593.5682039656085,1.0069191,0.0027641875
1593.5695928244545,1593.5695928244545,1.0066404,0.0027397468
1593.570981683416,1593.570981683416,1.0088646,0.00274899
1593.5723705422615,1593.5723705422615,1.0042171,0.0027445306
1593.573759401223,1593.573759401223,1.0040965,0.0027377396
1593.575148260069,1593.575148260069,1.0064925,0.0027408455
1593.5765371189145,1593.5765371189145,1.0050907,0.0027442845
1593.5779259778756,1593.5779259778756,1.004365,0.0027408034
1593.5793148367206,1593.5793148367206,1.0058594,0.0027447422
1593.5807036956826,1593.5807036956826,1.004693,0.0027390185
1593.5820925545277,1593.5820925545277,1.007547,0.0027484358
1593.5834814133736,1593.5834814133736,1.0054977,0.0027431576
1593.5848702722196,1593.5848702722196,1.003765,0.0027391508
1593.5862591311816,1593.5862591311816,1.003687,0.0027396176
1593.5876479900267,1593.5876479900267,1.002537,0.002739417
1593.589036848872,1593.589036848872,1.001347,0.0027406702
1593.5904257077177,1593.5904257077177,0.99912226,0.0027362986
1593.5918145665632,1593.5918145665632,1.0013618,0.0027392576
1593.5932034254079,1593.5932034254079,1.0066751,0.002751692
1593.594592284253,1593.594592284253,1.0051576,0.0027608809
1593.5959811430985,1593.5959811430985,1.0055845,0.0027401627
1593.5973700019435,1593.5973700019435,1.0002629,0.0027394905
1593.5987588607895,1593.5987588607895,1.0017731,0.0027399857
1593.6001477196355,1593.6001477196355,1.0030646,0.0027382704
1593.601536578481,1593.601536578481,1.0033939,0.0027383422
1593.6029254373261,1593.6029254373261,1.0050633,0.0027461653
1593.6043142961717,1593.6043142961717,1.0040058,0.0027394446
1593.6057031550176,1593.6057031550176,1.0008278,0.0027556128
1593.6070920138636,1593.6070920138636,1.0039089,0.0027439848
1593.6084808725916,1593.6084808725916,1.0040935,0.002739583
1593.609869731436,1593.609869731436,1.0036783,0.0027446935
1593.6112585902815,1593.6112585902815,1.0052904,0.002749467
1593.6126474491266,1593.6126474491266,1.0051711,0.0027486514
1593.6140363078562,1593.6140363078562,1.0021676,0.0027393475
1593.6154251667022,1593.6154251667022,1.0034395,0.002742398
1593.6168140255477,1593.6168140255477,1.0031085,0.0027532137
1593.6182028842763,1593.6182028842763,1.0031116,0.0027386446
1593.6195917431219,1593.6195917431219,1.0017706,0.0027389196
1593.6209806018514,1593.6209806018514,1.0023727,0.002742315
1593.6223694606974,1593.6223694606974,1.0052317,0.0027437033
1593.6237583194256,1593.6237583194256,0.99999964,0.002749605
1593.6251471782703,1593.6251471782703,0.99859655,0.0027422581
1593.626536036999,1593.626536036999,1.0016327,0.0027499127
1593.627924895844,1593.627924895844,1.0034394,0.0027374455
1593.6293137545736,1593.6293137545736,1.0016304,0.0027479741
1593.6307026133031,1593.6307026133031,1.0005345,0.0027431657
1593.6320914721487,1593.6320914721487,1.0021337,0.0027402078
1593.6334803308773,1593.6334803308773,1.0041059,0.0027396227
1593.6348691896064,1593.6348691896064,1.0000116,0.0027402097
1593.6362580484524,1593.6362580484524,1.0043681,0.0027553532
1593.637646907182,1593.637646907182,1.001476,0.0027490314
1593.6390357659102,1593.6390357659102,1.0028452,0.0027414293
1593.6404246246384,1593.6404246246384,1.0022879,0.0027410176
1593.641813483367,1593.641813483367,1.0004739,0.0027448207
1593.6432023422126,1593.6432023422126,1.0011073,0.0027377978
1593.6445912009422,1593.6445912009422,1.0033948,0.0027354318
1593.6459800596715,1593.6459800596715,1.001385,0.0027443278
1593.6473689184004,1593.6473689184004,0.99971414,0.0027378795
1593.648757777129,1593.648757777129,0.99819607,0.0027525867
1593.6501466358582,1593.6501466358582,0.9998329,0.0027447974
1593.6515354945877,1593.6515354945877,0.9989782,0.002743311
1593.6529243533173,1593.6529243533173,0.999088,0.0027390618
1593.6543132120455,1593.6543132120455,0.99706715,0.0027402507
1593.6557020706573,1593.6557020706573,1.0014662,0.0027373298
1593.657090929386,1593.657090929386,0.99853194,0.0027374881
1593.658479788115,1593.658479788115,1.0004543,0.0027364888
1593.6598686468446,1593.6598686468446,0.9988813,0.0027464796
1593.6612575055742,1593.6612575055742,0.99843454,0.0027363866
1593.6626463641865,1593.6626463641865,1.0007958,0.00273913
1593.6640352229156,1593.6640352229156,0.9993351,0.0027393398
1593.6654240816442,1593.6654240816442,0.9997393,0.0027418581
1593.6668129403738,1593.6668129403738,0.9998983,0.0027383335
1593.668201798987,1593.668201798987,1.0003635,0.002739738
1593.6695906577156,1593.6695906577156,0.9965188,0.0027454218
1593.6709795163274,1593.6709795163274,0.999211,0.002743801
1593.6723683750556,1593.6723683750556,0.99744016,0.0027501613
1593.6737572336683,1593.6737572336683,0.99890286,0.0027372397
1593.6751460923979,1593.6751460923979,1.0022131,0.0027499287
1593.676534951011,1593.676534951011,0.9986948,0.002739531
1593.6779238097397,1593.6779238097397,0.99930483,0.0027351817
1593.6793126683524,1593.6793126683524,0.99886745,0.0027505022
1593.680701527081,1593.680701527081,0.99682826,0.0027375729
1593.6820903856938,1593.6820903856938,0.9957184,0.0027354402
1593.683479244307,1593.683479244307,0.9965766,0.0027345333
1593.6848681030363,1593.6848681030363,0.9974375,0.0027378264
1593.6862569616478,1593.6862569616478,1.0001096,0.0027404446
1593.6876458202596,1593.6876458202596,0.99980915,0.0027353559
1593.6890346788723,1593.6890346788723,0.99699503,0.0027351002
1593.6904235376019,1593.6904235376019,0.9997595,0.0027371456
1593.691812396215,1593.691812396215,0.9986434,0.0027395347
1593.6932012548273,1593.6932012548273,0.99486685,0.002755785
1593.69459011344,1593.69459011344,1.0002296,0.0027363165
1593.6959789720522,1593.6959789720522,0.9959402,0.0027341815
1593.697367830665,1593.697367830665,1.0006893,0.0027426397
1593.698756689278,1593.698756689278,0.99613005,0.0027502207
1593.7001455478912,1593.7001455478912,1.0007857,0.0027414982
1593.701534406503,1593.701534406503,0.9967409,0.0027473643
1593.7029232651146,1593.7029232651146,0.998928,0.002741048
1593.704312123727,1593.704312123727,0.9973411,0.0027348115
1593.7057009823402,1593.7057009823402,0.997397,0.002742243
1593.7070898409534,1593.7070898409534,0.99617946,0.0027464952
1593.7084786995656,1593.7084786995656,0.9917793,0.0027383051
1593.7098675581783,1593.7098675581783,0.99683255,0.0027352828
1593.7112564167905,1593.7112564167905,0.9964408,0.0027445043
1593.7126452752868,1593.7126452752868,0.9963358,0.0027403343
1593.7140341339,1593.7140341339,0.99437386,0.0027435084
1593.7154229925131,1593.7154229925131,0.9966136,0.0027390916
1593.7168118510085,1593.7168118510085,0.9965554,0.0027378837
1593.7182007096203,1593.7182007096203,0.99899274,0.002746062
1593.7195895682325,1593.7195895682325,0.9943266,0.0027353307
1593.7209784267293,1593.7209784267293,0.99652874,0.0027398404
1593.7223672853424,1593.7223672853424,0.9960479,0.0027342974
1593.7237561438385,1593.7237561438385,0.9950163,0.002749757
1593.725145002451,1593.725145002451,0.9930546,0.00273412
1593.7265338609468,1593.7265338609468,0.99837625,0.0027354446
1593.7279227195595,1593.7279227195595,0.9936863,0.0027341894
1593.7293115780562,1593.7293115780562,0.9965855,0.0027386285
1593.7307004366694,1593.7307004366694,0.9953078,0.0027355757
1593.7320892951648,1593.7320892951648,1.00533,0.0027400583
1593.7334781537766,1593.7334781537766,0.9995646,0.0027444311
1593.7348670122724,1593.7348670122724,0.9985061,0.0027366052
1593.7362558707691,1593.7362558707691,0.99486846,0.00274974
1593.7376447292659,1593.7376447292659,0.9951751,0.0027350697
1593.7390335878786,1593.7390335878786,0.99609774,0.0027402972
1593.7404224463744,1593.7404224463744,0.9976414,0.0027540675
1593.7418113048705,1593.7418113048705,0.9925941,0.0027484656
1593.7432001633665,1593.7432001633665,0.9951447,0.0027498037
1593.7445890218632,1593.7445890218632,0.99514157,0.0027333137
1593.7459778804764,1593.7459778804764,0.99210924,0.0027414816
1593.7473667389722,1593.7473667389722,0.9936278,0.0027348453
1593.7487555974676,1593.7487555974676,0.9947212,0.0027347323
1593.750144455963,1593.750144455963,0.9953148,0.0027375459
1593.7515333144597,1593.7515333144597,0.9930542,0.0027388423
1593.7529221729565,1593.7529221729565,0.9962641,0.0027407617
1593.7543110314527,1593.7543110314527,0.99550205,0.002736064
1593.7556998898322,1593.7556998898322,0.99773216,0.002736581
1593.7570887483284,1593.7570887483284,0.9944286,0.0027354485
1593.7584776068243,1593.7584776068243,0.9943288,0.0027359326
1593.759866465321,1593.759866465321,0.9947106,0.002736856
1593.7612553238177,1593.7612553238177,0.99545485,0.002735029
1593.7626441823138,1593.7626441823138,0.9965865,0.0027315828
1593.7640330406925,1593.7640330406925,0.994289,0.002748339
1593.765421899188,1593.765421899188,0.9934659,0.0027350113
1593.7668107576847,1593.7668107576847,0.9926351,0.0027345116
1593.768199616065,1593.768199616065,0.99196965,0.0027395082
1593.7695884745613,1593.7695884745613,0.9935861,0.0027478202
1593.770977333057,1593.770977333057,0.9916308,0.0027479464
1593.772366191437,1593.772366191437,0.9922028,0.0027325358
1593.7737550499328,1593.7737550499328,0.990796,0.0027380723
1593.775143908313,1593.775143908313,0.9921776,0.0027338972
1593.7765327668099,1593.7765327668099,0.9913066,0.0027403515
1593.7779216251897,1593.7779216251897,0.98920655,0.0027400749
1593.7793104836849,1593.7793104836849,0.99413335,0.0027331838
1593.7806993420636,1593.7806993420636,0.99250394,0.0027393042
1593.7820882005603,1593.7820882005603,0.9957687,0.002736813
1593.7834770589407,1593.7834770589407,0.9911769,0.002732727
1593.7848659173205,1593.7848659173205,0.9959825,0.0027378495
1593.7862547758164,1593.7862547758164,0.9926487,0.0027367168
1593.7876436341962,1593.7876436341962,0.99191356,0.0027338131
1593.7890324925756,1593.7890324925756,0.9921025,0.002733504
1593.790421350956,1593.790421350956,0.99248767,0.0027339961
1593.7918102093363,1593.7918102093363,0.9919012,0.0027334595
1593.7931990678326,1593.7931990678326,0.99019015,0.0027369708
1593.7945879262115,1593.7945879262115,0.9897829,0.0027333663
1593.7959767845905,1593.7959767845905,0.99090165,0.002733752
1593.7973656429708,1593.7973656429708,0.9899784,0.0027357815
1593.7987545013511,1593.7987545013511,0.98995006,0.0027431496
1593.8001433597306,1593.8001433597306,0.99389863,0.0027496493
1593.80153221811,1593.80153221811,0.9902873,0.0027388984
1593.8029210764898,1593.8029210764898,0.98825806,0.0027387748
1593.8043099348693,1593.8043099348693,0.99214,0.0027318406
1593.8056987932496,1593.8056987932496,0.98935086,0.0027338043
1593.80708765163,1593.80708765163,0.99045146,0.0027331912
1593.8084765100098,1593.8084765100098,0.9911686,0.002733159
1593.8098653682723,1593.8098653682723,0.98989224,0.0027378213
1593.8112542266513,1593.8112542266513,0.9913421,0.0027327293
1593.8126430850316,1593.8126430850316,0.991207,0.0027491907
1593.814031943412,1593.814031943412,0.9920725,0.0027321782
1593.815420801675,1593.815420801675,0.9915916,0.0027345684
1593.8168096600548,1593.8168096600548,0.99121404,0.002735262
1593.8181985184342,1593.8181985184342,0.99099416,0.0027408006
1593.8195873766972,1593.8195873766972,0.9906656,0.0027489592
1593.8209762350775,1593.8209762350775,0.9892184,0.0027427466
1593.8223650933414,1593.8223650933414,0.9902447,0.0027364134
1593.8237539517213,1593.8237539517213,0.98896855,0.0027389925
1593.8251428099838,1593.8251428099838,0.98957574,0.0027354958
1593.8265316683628,1593.8265316683628,0.99100107,0.002734065
1593.8279205266258,1593.8279205266258,0.9871982,0.0027330932
1593.8293093850061,1593.8293093850061,0.9884501,0.0027453415
1593.83069824327,1593.83069824327,0.9904508,0.0027397654
1593.83208710165,1593.83208710165,0.99166125,0.0027352942
1593.833475959913,1593.833475959913,0.9878598,0.0027434658
1593.8348648181764,1593.8348648181764,0.9865653,0.0027358602
1593.8362536765567,1593.8362536765567,0.9926942,0.0027381538
1593.8376425348206,1593.8376425348206,0.9871438,0.0027339128
1593.8390313930836,1593.8390313930836,0.9872593,0.0027336227
1593.8404202513461,1593.8404202513461,0.990916,0.0027356734
1593.8418091096087,1593.8418091096087,0.9924661,0.0027416379
1593.8431979678717,1593.8431979678717,0.98850864,0.002732996
1593.844586826252,1593.844586826252,0.9919196,0.0027351237
1593.845975684516,1593.845975684516,0.9896344,0.0027375955
1593.8473645427794,1593.8473645427794,0.991089,0.0027322636
1593.8487534010424,1593.8487534010424,0.9924891,0.0027588424
1593.8501422593058,1593.8501422593058,0.989551,0.0027333084
1593.8515311175697,1593.8515311175697,0.9916889,0.002743639
1593.8529199758336,1593.8529199758336,0.9907095,0.002733933
1593.8543088340966,1593.8543088340966,0.98986757,0.0027353626
1593.8556976922437,1593.8556976922437,0.9901941,0.002737093
1593.857086550506,1593.857086550506,0.9869988,0.002740128
1593.8584754087683,1593.8584754087683,0.9896878,0.0027354923
1593.8598642670322,1593.8598642670322,0.9873572,0.0027310306
1593.8612531252961,1593.8612531252961,0.9871498,0.002732746
1593.8626419834432,1593.8626419834432,0.98575574,0.002731953
1593.8640308417062,1593.8640308417062,0.9844672,0.0027289903
1593.8654196999696,1593.8654196999696,0.9868107,0.002747712
1593.866808558117,1593.866808558117,0.9865602,0.0027355326
1593.868197416381,1593.868197416381,0.98782986,0.0027468533
1593.869586274644,1593.869586274644,0.9884056,0.0027320331
1593.870975132791,1593.870975132791,0.98502326,0.0027398523
1593.8723639910536,1593.8723639910536,0.9870234,0.002729905
1593.8737528491997,1593.8737528491997,0.98892593,0.0027327258
1593.8751417074636,1593.8751417074636,0.9855189,0.002733561
1593.876530565611,1593.876530565611,0.9864339,0.0027330124
1593.8779194238741,1593.8779194238741,0.9879345,0.002733062
1593.8793082820207,1593.8793082820207,0.98589265,0.0027354828
1593.8806971401677,1593.8806971401677,0.98851025,0.002751604
1593.8820859984316,1593.8820859984316,0.9826899,0.0027392667
1593.8834748565791,1593.8834748565791,0.98624265,0.002740791
1593.8848637147257,1593.8848637147257,0.9853859,0.002728775
1593.8862525729892,1593.8862525729892,0.98652416,0.0027310317
1593.8876414311353,1593.8876414311353,0.9855844,0.0027302173
1593.8890302892814,1593.8890302892814,0.9881995,0.0027417943
1593.890419147429,1593.890419147429,0.9860824,0.0027398788
1593.8918080055764,1593.8918080055764,0.9868011,0.0027352322
1593.893196863723,1593.893196863723,0.98571837,0.002732557
1593.89458572187,1593.89458572187,0.9895038,0.0027437499
1593.8959745800166,1593.8959745800166,0.98488444,0.0027346015
1593.8973634381641,1593.8973634381641,0.9860353,0.0027344034
1593.8987522963116,1593.8987522963116,0.98376167,0.0027303624
1593.9001411544582,1593.9001411544582,0.9868501,0.0027322597
1593.9015300126052,1593.9015300126052,0.9867077,0.0027381086
1593.9029188707514,1593.9029188707514,0.9876678,0.0027342841
1593.9043077288975,1593.9043077288975,0.98381644,0.0027283921
1593.905696587045,1593.905696587045,0.9836974,0.002733406
1593.9070854451925,1593.9070854451925,0.98702985,0.0027332655
1593.9084743032226,1593.9084743032226,0.98783934,0.002731934
1593.9098631613697,1593.9098631613697,0.9827361,0.0027284436
1593.9112520195163,1593.9112520195163,0.98605245,0.0027326907
1593.9126408776638,1593.9126408776638,0.98723876,0.0027368872
1593.9140297356948,1593.9140297356948,0.98992515,0.0027398497
1593.9154185938417,1593.9154185938417,0.98518735,0.0027296043
1593.9168074519885,1593.9168074519885,0.98289555,0.0027396681
1593.9181963100182,1593.9181963100182,0.98955774,0.002744063
1593.9195851681643,1593.9195851681643,0.98585826,0.002744352
1593.9209740261954,1593.9209740261954,0.98860675,0.0027324932
1593.9223628843429,1593.9223628843429,0.9863298,0.00273574
1593.923751742373,1593.923751742373,0.98694783,0.0027373158
1593.92514060052,1593.92514060052,0.98789215,0.0027348308
1593.9265294585502,1593.9265294585502,0.98513484,0.0027325319
1593.9279183165813,1593.9279183165813,0.9863664,0.00273913
1593.9293071747288,1593.9293071747288,0.9867684,0.0027345642
1593.9306960327594,1593.9306960327594,0.9847015,0.0027343426
1593.9320848907896,1593.9320848907896,0.9832773,0.0027367466
1593.9334737488193,1593.9334737488193,0.9861876,0.002730336
1593.9348626069655,1593.9348626069655,0.9863342,0.002733487
1593.9362514649965,1593.9362514649965,0.9855754,0.0027294469
1593.9376403230276,1593.9376403230276,0.9878018,0.0027322397
1593.9390291810578,1593.9390291810578,0.9868244,0.0027311393
1593.9404180390884,1593.9404180390884,0.98568434,0.0027285493
1593.9418068971186,1593.9418068971186,0.9841477,0.0027317423
1593.9431957551496,1593.9431957551496,0.98602605,0.0027307663
1593.9445846131807,1593.9445846131807,0.98735094,0.0027394441
1593.9459734712113,1593.9459734712113,0.9854829,0.0027308504
1593.9473623292415,1593.9473623292415,0.98394394,0.00273338
1593.9487511872712,1593.9487511872712,0.9846139,0.0027425664
1593.950140045301,1593.950140045301,0.9849975,0.002741775
1593.951528903332,1593.951528903332,0.9844728,0.0027290795
1593.952917761363,1593.952917761363,0.9839149,0.002743926
1593.9543066193933,1593.9543066193933,0.9829977,0.0027302688
1593.9556954773075,1593.9556954773075,0.9838722,0.0027350697
1593.9570843353376,1593.9570843353376,0.98068887,0.0027316923
1593.9584731933687,1593.9584731933687,0.9849183,0.002734083
1593.9598620513998,1593.9598620513998,0.9845529,0.0027293388
1593.961250909314,1593.961250909314,0.986694,0.0027462193
1593.9626397673442,1593.9626397673442,0.9819277,0.0027286238
1593.9640286252575,1593.9640286252575,0.98669535,0.002746184
1593.9654174832872,1593.9654174832872,0.9866902,0.0027324187
1593.9668063413183,1593.9668063413183,0.98453,0.0027291975
1593.968195199233,1593.968195199233,0.984415,0.00273025
1593.9695840572635,1593.9695840572635,0.98577255,0.00273696
1593.9709729151773,1593.9709729151773,0.98555404,0.002732204
1593.9723617730913,1593.9723617730913,0.9829536,0.002728563
1593.9737506311221,1593.9737506311221,0.9859106,0.0027427825
1593.9751394890368,1593.9751394890368,0.9817916,0.0027293249
1593.976528346951,1593.976528346951,0.987785,0.00273682
1593.9779172049812,1593.9779172049812,0.9850537,0.0027354078
1593.9793060628945,1593.9793060628945,0.9866797,0.0027330425
1593.9806949208078,1593.9806949208078,0.984316,0.002731152
1593.9820837787224,1593.9820837787224,0.98524404,0.002731296
1593.9834726367535,1593.9834726367535,0.98365724,0.0027280715
1593.9848614946677,1593.9848614946677,0.985656,0.002734933
1593.9862503525815,1593.9862503525815,0.9863305,0.0027293356
1593.9876392104957,1593.9876392104957,0.98576397,0.0027466153
1593.9890280684094,1593.9890280684094,0.98653036,0.0027401848
1593.990416926324,1593.990416926324,0.9863548,0.0027359088
1593.9918057842387,1593.9918057842387,0.98461074,0.0027342737
1593.9931946421525,1593.9931946421525,0.98771363,0.0027325405
1593.9945835000658,1593.9945835000658,0.9857824,0.0027371505
1593.995972357979,1593.995972357979,0.9861072,0.0027437755
1593.9973612158938,1593.9973612158938,0.9874411,0.0027308364
1593.9987500738084,1593.9987500738084,0.9842129,0.0027299246
1594.0001389316062,1594.0001389316062,0.98436385,0.0027339717
1594.00152778952,1594.00152778952,0.9842878,0.0027451536
1594.0029166474342,1594.0029166474342,0.98106265,0.0027425464
1594.004305505348,1594.004305505348,0.985883,0.0027364965
1594.0056943631462,1594.0056943631462,0.98593646,0.0027328013
1594.0070832210608,1594.0070832210608,0.98773926,0.0027314045
1594.008472078975,1594.008472078975,0.9836045,0.002730339
1594.0098609367717,1594.0098609367717,0.9841465,0.0027276473
1594.0112497946848,1594.0112497946848,0.9836206,0.0027360904
1594.012638652483,1594.012638652483,0.9871118,0.0027318574
1594.0140275103977,1594.0140275103977,0.9848364,0.0027311577
1594.0154163681955,1594.0154163681955,0.98611003,0.002733043
1594.0168052261092,1594.0168052261092,0.98692167,0.0027409408
1594.018194083907,1594.018194083907,0.98411906,0.002728917
1594.0195829418208,1594.0195829418208,0.9878919,0.0027387927
1594.020971799619,1594.020971799619,0.9806896,0.0027290818
1594.0223606574173,1594.0223606574173,0.9816675,0.002734108
1594.0237495153315,1594.0237495153315,0.98164546,0.0027298513
1594.0251383731284,1594.0251383731284,0.98742115,0.002736011
1594.0265272309252,1594.0265272309252,0.9854752,0.0027318448
1594.0279160887235,1594.0279160887235,0.9867263,0.0027316853
1594.0293049465217,1594.0293049465217,0.9857331,0.002731177
1594.0306938044355,1594.0306938044355,0.98578554,0.0027303444
1594.0320826622328,1594.0320826622328,0.9871496,0.0027323107
1594.0334715200306,1594.0334715200306,0.98818046,0.0027306073
1594.034860377828,1594.034860377828,0.9862513,0.0027311756
1594.0362492356262,1594.0362492356262,0.98521763,0.0027297903
1594.0376380934244,1594.0376380934244,0.97889686,0.0027422183
1594.0390269512222,1594.0390269512222,0.9881475,0.0027348653
1594.0404158090191,1594.0404158090191,0.9857226,0.0027318741
1594.041804666816,1594.041804666816,0.98495394,0.0027332327
1594.0431935246143,1594.0431935246143,0.98547924,0.0027334166
1594.044582382296,1594.044582382296,0.98644006,0.0027473343
1594.0459712400934,1594.0459712400934,0.98169655,0.0027338497
1594.0473600978912,1594.0473600978912,0.98246974,0.00273061
1594.0487489556886,1594.0487489556886,0.98732805,0.0027310685
1594.0501378133695,1594.0501378133695,0.98205656,0.002739863
1594.0515266711677,1594.0515266711677,0.9846975,0.0027391624
1594.052915528966,1594.052915528966,0.9873383,0.002732586
1594.0543043866473,1594.0543043866473,0.98321974,0.0027380066
1594.0556932444442,1594.0556932444442,0.9861755,0.002754031
1594.057082102241,1594.057082102241,0.9838249,0.002735083
1594.058470959923,1594.058470959923,0.98634005,0.0027365757
1594.0598598177212,1594.0598598177212,0.983699,0.0027300199
1594.061248675402,1594.061248675402,0.9846006,0.0027327873
1594.0626375332,1594.0626375332,0.981527,0.0027279004
1594.0640263908808,1594.0640263908808,0.9834911,0.0027305724
1594.0654152485622,1594.0654152485622,0.98643404,0.0027383568
1594.0668041063605,1594.0668041063605,0.9835841,0.002740829
1594.0681929640423,1594.0681929640423,0.9865963,0.002732527
1594.0695818217232,1594.0695818217232,0.98685884,0.0027423606
1594.0709706794037,1594.0709706794037,0.9851707,0.0027431953
1594.0723595372006,1594.0723595372006,0.9828759,0.0027287786
1594.0737483948824,1594.0737483948824,0.9865404,0.0027313752
1594.0751372525642,1594.0751372525642,0.9913754,0.0027345503
1594.0765261102451,1594.0765261102451,0.99395484,0.002740636
1594.0779149679265,1594.0779149679265,0.9901802,0.0027327703
1594.0793038256074,1594.0793038256074,0.9889674,0.0027339896
1594.0806926832888,1594.0806926832888,0.9880751,0.0027336336
1594.0820815409706,1594.0820815409706,0.98686254,0.0027302331
1594.0834703986525,1594.0834703986525,0.9914609,0.0027359608
1594.0848592563334,1594.0848592563334,0.9912828,0.0027331247
1594.0862481140139,1594.0862481140139,0.98213416,0.0027415552
1594.0876369716943,1594.0876369716943,0.98497504,0.0027331545
1594.0890258293762,1594.0890258293762,0.98911035,0.002740118
1594.090414687058,1594.090414687058,0.9881554,0.0027354932
1594.091803544739,1594.091803544739,0.9865016,0.002734451
1594.0931924023039,1594.0931924023039,0.988238,0.0027318287
1594.0945812599848,1594.0945812599848,0.9866517,0.0027309963
1594.0959701176662,1594.0959701176662,0.9899311,0.0027437105
1594.0973589752316,1594.0973589752316,1.0008223,0.0027464156
1594.0987478329134,1594.0987478329134,0.9884077,0.0027317884
1594.1001366905944,1594.1001366905944,0.9996649,0.0027480838
1594.1015255481584,1594.1015255481584,0.99674326,0.0027390532
1594.1029144058389,1594.1029144058389,0.9959633,0.002734181
1594.1043032634043,1594.1043032634043,0.988907,0.002730277
1594.1056921210861,1594.1056921210861,0.99270177,0.0027413948
1594.1070809786509,1594.1070809786509,0.9931604,0.0027471792
1594.1084698362156,1594.1084698362156,0.99101055,0.0027348595
1594.1098586938965,1594.1098586938965,0.98939943,0.0027299456
1594.1112475514615,1594.1112475514615,0.9900034,0.0027345705
1594.1126364091433,1594.1126364091433,0.9887475,0.002732765
1594.1140252667087,1594.1140252667087,0.9879999,0.0027359577
1594.1154141242732,1594.1154141242732,0.98927575,0.002748051
1594.1168029818373,1594.1168029818373,0.9908715,0.0027372702
1594.1181918394013,1594.1181918394013,0.9910305,0.0027324562
1594.1195806970832,1594.1195806970832,0.9948588,0.0027339817
1594.1209695546486,1594.1209695546486,0.9899874,0.0027401478
1594.1223584122135,1594.1223584122135,0.9909782,0.0027466116
1594.123747269778,1594.123747269778,0.9902739,0.0027346124
1594.125136127343,1594.125136127343,0.9902651,0.0027369822
1594.1265249849075,1594.1265249849075,0.9922894,0.0027328534
1594.127913842473,1594.127913842473,0.9888043,0.0027373384
1594.1293027000384,1594.1293027000384,0.9908216,0.0027320997
1594.1306915576029,1594.1306915576029,0.98823047,0.0027334327
1594.132080415167,1594.132080415167,0.9915441,0.0027466575
1594.1334692726145,1594.1334692726145,0.98842937,0.0027420267
1594.1348581301795,1594.1348581301795,0.99129,0.0027319198
1594.136246987745,1594.136246987745,0.9884353,0.0027328571
1594.1376358453103,1594.1376358453103,0.9889692,0.002746066
1594.1390247027584,1594.1390247027584,0.99092007,0.0027358106
1594.1404135603234,1594.1404135603234,0.9894579,0.0027339098
1594.141802417888,1594.141802417888,0.994601,0.0027375629
1594.143191275337,1594.143191275337,0.9946218,0.0027333598
1594.1445801329023,1594.1445801329023,0.9891514,0.002733874
1594.145968990467,1594.145968990467,0.99066013,0.0027330269
1594.1473578479145,1594.1473578479145,0.9906972,0.0027404567
1594.1487467054785,1594.1487467054785,0.9906652,0.0027318858
1594.150135562927,1594.150135562927,0.98998123,0.0027358609
1594.151524420376,1594.151524420376,0.9895333,0.0027322618
1594.1529132779415,1594.1529132779415,0.9924884,0.0027369133
1594.1543021353896,1594.1543021353896,0.9892141,0.0027386728
1594.1556909928381,1594.1556909928381,0.99049866,0.0027337507
1594.1570798504026,1594.1570798504026,0.99335724,0.0027342988
1594.1584687078516,1594.1584687078516,0.990582,0.002734833
1594.1598575653006,1594.1598575653006,0.9905841,0.0027300823
1594.1612464227492,1594.1612464227492,0.9918478,0.0027338408
1594.1626352803132,1594.1626352803132,0.986834,0.002733136
1594.1640241377606,1594.1640241377606,0.9858489,0.0027385755
1594.165412995209,1594.165412995209,0.9894823,0.0027457473
1594.166801852658,1594.166801852658,0.9870384,0.00273717
1594.168190710107,1594.168190710107,0.9885827,0.0027382672
1594.169579567555,1594.169579567555,0.9937046,0.0027376076
1594.1709684250036,1594.1709684250036,0.9910901,0.0027335677
1594.1723572824517,1594.1723572824517,0.98915374,0.0027364902
1594.1737461399007,1594.1737461399007,0.99081546,0.0027343738
1594.1751349973497,1594.1751349973497,0.9889364,0.002733175
1594.1765238547982,1594.1765238547982,0.9907627,0.0027398078
1594.1779127121295,1594.1779127121295,0.98819965,0.0027340527
1594.179301569577,1594.179301569577,0.9916638,0.0027329687
1594.1806904270252,1594.1806904270252,0.9897162,0.0027372635
1594.1820792844742,1594.1820792844742,0.9916332,0.002732849
1594.1834681418068,1594.1834681418068,0.99025804,0.0027330257
1594.1848569992549,1594.1848569992549,0.99436396,0.0027572985
1594.1862458567034,1594.1862458567034,0.990935,0.0027321898
1594.187634714035,1594.187634714035,0.99355507,0.0027351675
1594.189023571484,1594.189023571484,0.99198586,0.0027382886
1594.1904124288167,1594.1904124288167,0.9893305,0.0027342185
1594.1918012862643,1594.1918012862643,0.9907099,0.0027331267
1594.1931901435955,1594.1931901435955,0.99399114,0.0027372856
1594.194579001044,1594.194579001044,0.9910985,0.002749575
1594.1959678583758,1594.1959678583758,0.9936096,0.002734217
1594.1973567157083,1594.1973567157083,0.99279225,0.0027380106
1594.1987455731573,1594.1987455731573,0.99313164,0.0027386877
1594.2001344304895,1594.2001344304895,0.9932567,0.0027343302
1594.2015232878211,1594.2015232878211,0.98740417,0.0027434705
1594.202912145153,1594.202912145153,0.992448,0.002733665
1594.2043010026018,1594.2043010026018,0.99078274,0.002750888
1594.2056898599344,1594.2056898599344,0.9919363,0.0027324469
1594.2070787172656,1594.2070787172656,0.99210006,0.0027350148
1594.2084675745969,1594.2084675745969,0.99476844,0.0027396486
1594.209856431929,1594.209856431929,0.9932368,0.0027366502
1594.2112452892607,1594.2112452892607,0.99208486,0.0027444279
1594.2126341465932,1594.2126341465932,0.99396753,0.0027349135
1594.2140230039258,1594.2140230039258,0.9939786,0.0027331773
1594.215411861258,1594.215411861258,0.9933851,0.0027384025
1594.2168007185896,1594.2168007185896,0.9959045,0.002735003
1594.2181895759218,1594.2181895759218,0.99121,0.0027322683
1594.2195784332544,1594.2195784332544,0.99237293,0.0027378197
1594.2209672904705,1594.2209672904705,0.99063534,0.0027360094
1594.2223561478015,1594.2223561478015,0.9919561,0.0027435222
1594.2237450051325,1594.2237450051325,0.9944644,0.0027403822
1594.2251338624646,1594.2251338624646,0.99120307,0.0027330953
1594.22652271968,1594.22652271968,0.99202394,0.0027343195
1594.2279115770125,1594.2279115770125,0.9926557,0.0027351072
1594.2293004342287,1594.2293004342287,0.9956851,0.0027419145
1594.2306892915608,1594.2306892915608,0.9939273,0.0027324457
1594.2320781488925,1594.2320781488925,0.9975018,0.002739366
1594.2334670061082,1594.2334670061082,0.9976904,0.002738129
1594.2348558634408,1594.2348558634408,0.9935031,0.0027340872
1594.236244720657,1594.236244720657,0.9921535,0.0027350425
1594.2376335778717,1594.2376335778717,0.9932699,0.002733916
1594.239022435203,1594.239022435203,0.996865,0.0027464519
1594.2404112924182,1594.2404112924182,0.9963809,0.0027456218
1594.2418001496335,1594.2418001496335,0.99313366,0.0027458796
1594.243189006966,1594.243189006966,0.9962901,0.0027380588
1594.2445778641822,1594.2445778641822,0.9946743,0.0027360183
1594.245966721398,1594.245966721398,0.9970209,0.0027393103
1594.2473555786132,1594.2473555786132,0.99235743,0.002733543
1594.248744435829,1594.248744435829,0.9972019,0.0027379626
1594.2501332931615,1594.2501332931615,0.9955118,0.002735014
1594.2515221503777,1594.2515221503777,0.99149793,0.0027494167
1594.2529110075925,1594.2529110075925,0.9986793,0.0027470877
1594.2542998648073,1594.2542998648073,0.9932105,0.002750187
1594.2556887220226,1594.2556887220226,0.9948695,0.0027408688
1594.2570775792383,1594.2570775792383,0.99804056,0.0027530135
1594.258466436338,1594.258466436338,0.99589926,0.0027441767
1594.2598552935542,1594.2598552935542,0.99936783,0.0027358131
1594.2612441507695,1594.2612441507695,0.99689215,0.0027350618
1594.2626330079847,1594.2626330079847,0.99589723,0.002735412
1594.2640218652004,1594.2640218652004,0.9963646,0.0027397815
1594.2654107223002,1594.2654107223002,0.99478966,0.0027385836
1594.2667995795164,1594.2667995795164,0.9948902,0.0027329454
1594.2681884367312,1594.2681884367312,0.9939137,0.002735543
1594.2695772938296,1594.2695772938296,0.9954439,0.0027483846
1594.2709661510448,1594.2709661510448,0.9940208,0.002747207
1594.2723550082605,1594.2723550082605,0.99372125,0.002737529
1594.2737438653603,1594.2737438653603,0.9936031,0.0027451
1594.2751327225765,1594.2751327225765,0.99722445,0.0027357873
1594.2765215796753,1594.2765215796753,0.9970141,0.0027359454
1594.277910436891,1594.277910436891,0.9983859,0.0027495995
1594.2792992939899,1594.2792992939899,0.996485,0.0027366264
1594.2806881510896,1594.2806881510896,0.9958674,0.0027396402
1594.2820770083058,1594.2820770083058,0.9984314,0.002737616
1594.2834658654042,1594.2834658654042,0.996919,0.002746012
1594.2848547225026,1594.2848547225026,0.9979963,0.0027425091
1594.2862435796014,1594.2862435796014,0.9986116,0.0027382965
1594.2876324368171,1594.2876324368171,0.9990099,0.002737121
1594.289021293917,1594.289021293917,0.99964076,0.0027329042
1594.2904101510167,1594.2904101510167,1.003417,0.0027407818
1594.2917990081155,1594.2917990081155,1.016607,0.0027465452
1594.2931878652148,1594.2931878652148,1.0052137,0.002739307
1594.2945767223136,1594.2945767223136,1.0042441,0.002755025
1594.295965579413,1594.295965579413,1.0047009,0.0027387368
1594.2973544365118,1594.2973544365118,0.9974842,0.0027404728
1594.2987432936109,1594.2987432936109,1.0042497,0.0027389862
1594.30013215071,1594.30013215071,0.99866974,0.0027525174
1594.3015210078088,1594.3015210078088,1.0002959,0.0027362434
1594.302909864908,1594.302909864908,1.001996,0.0027484025
1594.3042987218914,1594.3042987218914,1.0029721,0.0027411897
1594.3056875789912,1594.3056875789912,0.99362624,0.002738558
1594.30707643609,1594.30707643609,0.99932605,0.002739326
1594.3084652931893,1594.3084652931893,0.99841005,0.002746207
1594.3098541501718,1594.3098541501718,0.9966902,0.0027408213
1594.311243007271,1594.311243007271,1.0011505,0.0027357454
1594.3126318642535,1594.3126318642535,0.99709404,0.0027513586
1594.3140207213528,1594.3140207213528,0.99994755,0.0027369661
1594.3154095783352,1594.3154095783352,0.9997886,0.0027382562
1594.3167984354343,1594.3167984354343,0.9993501,0.0027471345
1594.318187292417,1594.318187292417,1.0017956,0.00273625
1594.3195761495167,1594.3195761495167,1.0015715,0.0027388453
1594.3209650065,1594.3209650065,1.0013081,0.002736611
1594.322353863599,1594.322353863599,0.99757314,0.0027364842
1594.3237427205818,1594.3237427205818,1.0023674,0.0027406146
1594.3251315775642,1594.3251315775642,1.0025578,0.002739258
1594.326520434547,1594.326520434547,1.0024927,0.0027393738
1594.327909291646,1594.327909291646,1.0019327,0.0027434216
1594.3292981486288,1594.3292981486288,1.0004028,0.0027389745
1594.3306870056113,1594.3306870056113,0.9993256,0.0027418656
1594.3320758625941,1594.3320758625941,1.0016534,0.0027374527
1594.3334647195766,1594.3334647195766,1.0033022,0.0027465639
1594.33485357656,1594.33485357656,1.0034922,0.0027518903
1594.3362424335432,1594.3362424335432,1.0021504,0.0027402977
1594.337631290526,1594.337631290526,1.001895,0.002735489
1594.3390201475086,1594.3390201475086,1.0022981,0.0027374995
1594.340409004491,1594.340409004491,1.0024085,0.002739701
1594.3417978614739,1594.3417978614739,0.9970765,0.0027380437
1594.3431867184563,1594.3431867184563,1.0036052,0.0027496894
1594.3445755753228,1594.3445755753228,1.0039984,0.0027420013
1594.3459644323052,1594.3459644323052,1.0045525,0.002739094
1594.347353289288,1594.347353289288,1.0011119,0.0027366064
1594.3487421462705,1594.3487421462705,1.0035775,0.0027389668
1594.3501310031374,1594.3501310031374,1.0043635,0.0027418265
1594.3515198601208,1594.3515198601208,1.0039377,0.0027400344
1594.3529087169873,1594.3529087169873,1.0015082,0.0027387952
1594.3542975739697,1594.3542975739697,0.9995612,0.002734478
1594.355686430836,1594.355686430836,1.0055285,0.002743132
1594.3570752878186,1594.3570752878186,1.0011977,0.0027396649
1594.3584641446846,1594.3584641446846,0.9997371,0.0027401997
1594.3598530016675,1594.3598530016675,1.002666,0.0027413745
1594.3612418585335,1594.3612418585335,1.0060844,0.0027450994
1594.3626307155164,1594.3626307155164,1.0028397,0.0027411077
1594.3640195723824,1594.3640195723824,1.0066434,0.002740217
1594.3654084292493,1594.3654084292493,1.0041337,0.0027378115
1594.3667972861163,1594.3667972861163,1.0073888,0.00274605
1594.3681861430991,1594.3681861430991,1.0026686,0.002737874
1594.3695749999652,1594.3695749999652,1.0039783,0.0027392642
1594.3709638568316,1594.3709638568316,1.003103,0.0027521583
1594.3723527136972,1594.3723527136972,1.0056429,0.0027527558
1594.3737415705632,1594.3737415705632,1.0092471,0.0027550987
1594.3751304274301,1594.3751304274301,1.0075082,0.002742239
1594.3765192842961,1594.3765192842961,1.0037705,0.0027524028
1594.3779081411626,1594.3779081411626,1.0068998,0.0027517362
1594.3792969980286,1594.3792969980286,1.0049475,0.0027470808
1594.3806858548955,1594.3806858548955,1.0044367,0.0027507956
1594.3820747117625,1594.3820747117625,1.0039895,0.002741629
1594.3834635685125,1594.3834635685125,1.0042756,0.0027386653
1594.3848524253785,1594.3848524253785,1.0035678,0.0027384572
1594.386241282245,1594.386241282245,1.0046521,0.002745285
1594.3876301391106,1594.3876301391106,1.0053312,0.002743376
1594.3890189958602,1594.3890189958602,1.0066009,0.002749867
1594.390407852727,1594.390407852727,1.0081623,0.0027446677
1594.3917967095936,1594.3917967095936,1.0074586,0.002748102
1594.3931855663432,1594.3931855663432,1.0037135,0.0027375263
1594.3945744232094,1594.3945744232094,1.0065681,0.0027409769
1594.3959632799597,1594.3959632799597,1.0043938,0.002743372
1594.3973521368266,1594.3973521368266,1.0066236,0.0027390341
1594.3987409935767,1594.3987409935767,1.0051502,0.0027421627
1594.4001298503263,1594.4001298503263,1.0039961,0.0027459248
1594.4015187071927,1594.4015187071927,1.0074868,0.0027401438
1594.4029075639419,1594.4029075639419,1.0040287,0.0027378344
1594.4042964206915,1594.4042964206915,1.0052218,0.0027482775
1594.4056852775584,1594.4056852775584,1.004474,0.002738343
1594.4070741343085,1594.4070741343085,1.0049474,0.0027418
1594.408462991058,1594.408462991058,1.0054634,0.0027415012
1594.409851847808,1594.409851847808,1.005198,0.002752974
1594.4112407045586,1594.4112407045586,1.0046092,0.0027394767
1594.4126295613091,1594.4126295613091,1.0089877,0.0027434402
1594.4140184180587,1594.4140184180587,1.0047252,0.0027391128
1594.4154072748083,1594.4154072748083,1.0024354,0.002740072
1594.4167961315584,1594.4167961315584,1.0053968,0.0027429503
1594.4181849883075,1594.4181849883075,1.0052903,0.0027383226
1594.4195738450571,1594.4195738450571,1.0075642,0.0027486773
1594.4209627018076,1594.4209627018076,1.0065017,0.0027479685
1594.4223515585577,1594.4223515585577,1.0045724,0.0027394793
1594.4237404153073,1594.4237404153073,1.0055995,0.0027395803
1594.425129271941,1594.425129271941,1.0079563,0.0027443252
1594.4265181286914,1594.4265181286914,1.0065603,0.0027421932
1594.427906985442,1594.427906985442,1.0068954,0.0027391443
1594.4292958420751,1594.4292958420751,1.0101998,0.002743536
1594.4306846988252,1594.4306846988252,1.0023412,0.0027690227
1594.432073555574,1594.432073555574,1.0090996,0.0027438388
1594.4334624122066,1594.4334624122066,1.0058644,0.0027393773
1594.4348512689571,1594.4348512689571,1.0101382,0.0027520224
1594.4362401255912,1594.4362401255912,1.0059179,0.002746166
1594.4376289822249,1594.4376289822249,1.0097485,0.0027425794
1594.4390178389745,1594.4390178389745,1.0090176,0.002744107
1594.440406695608,1594.440406695608,1.011684,0.002742331
1594.4417955523577,1594.4417955523577,1.0074724,0.0027385056
1594.4431844089918,1594.4431844089918,1.0096704,0.00274602
1594.4445732656259,1594.4445732656259,1.0093265,0.0027432768
1594.4459621222595,1594.4459621222595,1.0105633,0.0027458693
1594.4473509788922,1594.4473509788922,1.0066823,0.0027431927
1594.4487398356414,1594.4487398356414,1.0062886,0.0027555034
1594.4501286922755,1594.4501286922755,1.0090828,0.0027489376
1594.4515175489094,1594.4515175489094,1.0096902,0.0027409005
1594.4529064055428,1594.4529064055428,1.0084826,0.0027411415
1594.454295262176,1594.454295262176,1.0066817,0.0027531744
1594.4556841188096,1594.4556841188096,1.0091348,0.0027440134
1594.4570729754428,1594.4570729754428,1.0106815,0.0027444917
1594.4584618319604,1594.4584618319604,1.0118521,0.0027440963
1594.4598506885945,1594.4598506885945,1.0090665,0.0027413361
1594.4612395452282,1594.4612395452282,1.0136056,0.0027453222
1594.462628401861,1594.462628401861,1.0123188,0.0027412276
1594.4640172584936,1594.4640172584936,1.0068237,0.0027409708
1594.4654061150113,1594.4654061150113,1.0084428,0.0027406213
1594.4667949716454,1594.4667949716454,1.0122637,0.0027454125
1594.4681838282786,1594.4681838282786,1.0115881,0.0027447236
1594.4695726847958,1594.4695726847958,1.0106384,0.0027486123
1594.470961541429,1594.470961541429,1.0059885,0.0027390404
1594.4723503979458,1594.4723503979458,1.0117244,0.0027485779
1594.4737392545799,1594.4737392545799,1.0097388,0.002743158
1594.4751281110975,1594.4751281110975,1.0060602,0.002744705
1594.4765169677312,1594.4765169677312,1.0106446,0.0027522023
1594.4779058242475,1594.4779058242475,1.009734,0.0027404334
1594.4792946807638,1594.4792946807638,1.011123,0.0027511867
1594.480683537398,1594.480683537398,1.0079074,0.002746101
1594.4820723939156,1594.4820723939156,1.0108445,0.0027412167
1594.4834612504324,1594.4834612504324,1.0113628,0.0027426372
1594.4848501069496,1594.4848501069496,1.0138547,0.002746375
1594.4862389634663,1594.4862389634663,1.0105163,0.0027419652
1594.4876278201,1594.4876278201,1.0086956,0.002743512
1594.4890166766177,1594.4890166766177,1.0113814,0.0027418474
1594.4904055331351,1594.4904055331351,1.0091501,0.002746881
1594.4917943896512,1594.4917943896512,1.011968,0.002742276
1594.4931832461675,1594.4931832461675,1.0107299,0.0027420977
1594.4945721026847,1594.4945721026847,1.0135432,0.0027425804
1594.495960959086,1594.495960959086,1.01327,0.0027437943
1594.4973498156037,1594.4973498156037,1.0126998,0.0027450144
1594.4987386721205,1594.4987386721205,1.0096537,0.002743998
1594.5001275286377,1594.5001275286377,1.0111307,0.0027414563
1594.5015163851544,1594.5015163851544,1.0103943,0.0027426677
1594.5029052415553,1594.5029052415553,1.0104988,0.0027682786
1594.504294098073,1594.504294098073,1.0109613,0.00274311
1594.5056829545906,1594.5056829545906,1.0155509,0.0027475683
1594.5070718109905,1594.5070718109905,1.0116403,0.0027518556
1594.5084606675066,1594.5084606675066,1.0126443,0.0027438356
1594.5098495239072,1594.5098495239072,1.0111222,0.0027462083
1594.5112383804249,1594.5112383804249,1.0112811,0.002740481
1594.5126272368261,1594.5126272368261,1.0087614,0.002742408
1594.514016093343,1594.514016093343,1.0143791,0.002759571
1594.5154049497437,1594.5154049497437,1.01273,0.0027390579
1594.516793806144,1594.516793806144,1.0115272,0.00274325
1594.5181826626613,1594.5181826626613,1.0128795,0.002743143
1594.5195715190625,1594.5195715190625,1.0115266,0.0027507127
1594.5209603754638,1594.5209603754638,1.0114,0.0027440132
1594.5223492318637,1594.5223492318637,1.0154344,0.0027411382
1594.5237380882636,1594.5237380882636,1.0113114,0.002741271
1594.525126944664,1594.525126944664,1.0152959,0.0027485995
1594.5265158011816,1594.5265158011816,1.0172946,0.0027527278
1594.527904657583,1594.527904657583,1.0152274,0.0027421531
1594.5292935139835,1594.5292935139835,1.0112079,0.0027421503
1594.5306823702676,1594.5306823702676,1.013962,0.0027500128
1594.532071226668,1594.532071226668,1.0121411,0.0027444023
1594.5334600830688,1594.5334600830688,1.012766,0.0027495835
1594.53484893947,1594.53484893947,1.0132651,0.0027405708
1594.5362377958704,1594.5362377958704,1.0170709,0.0027476745
1594.5376266522703,1594.5376266522703,1.0138617,0.0027458237
1594.5390155085547,1594.5390155085547,1.0131004,0.002741628
1594.540404364955,1594.540404364955,1.0119518,0.0027470433
1594.5417932213563,1594.5417932213563,1.0144122,0.0027469576
1594.5431820776412,1594.5431820776412,1.0153668,0.002752102
1594.544570934042,1594.544570934042,1.0118423,0.0027416958
1594.5459597904423,1594.5459597904423,1.0105559,0.0027423697
1594.5473486467265,1594.5473486467265,1.0115324,0.0027463108
1594.5487375030107,1594.5487375030107,1.0133743,0.0027572857
1594.550126359412,1594.550126359412,1.0117382,0.0027508347
1594.5515152156959,1594.5515152156959,1.0147887,0.002761788
1594.5529040720958,1594.5529040720958,1.013781,0.0027439585
1594.5542929283802,1594.5542929283802,1.0137955,0.0027446388
1594.555681784664,1594.555681784664,1.0148647,0.002742812
1594.557070640949,1594.557070640949,1.0151495,0.0027439082
1594.5584594973502,1594.5584594973502,1.0105287,0.0027393978
1594.5598483536346,1594.5598483536346,1.0113776,0.002740251
1594.5612372099185,1594.5612372099185,1.0134894,0.0027440889
1594.562626066203,1594.562626066203,1.0135583,0.0027412944
1594.5640149224869,1594.5640149224869,1.0107492,0.0027448146
1594.5654037787717,1594.5654037787717,1.0118352,0.0027478673
1594.566792635056,1594.566792635056,1.0155895,0.002746549
1594.5681814913391,1594.5681814913391,1.0128204,0.002742839
1594.5695703476235,1594.5695703476235,1.0176136,0.002743561
1594.5709592039075,1594.5709592039075,1.0129944,0.002747615
1594.5723480601923,1594.5723480601923,1.0168953,0.0027436148
1594.5737369163608,1594.5737369163608,1.0135899,0.0027459296
1594.5751257726452,1594.5751257726452,1.0147858,0.0027434856
1594.576514628929,1594.576514628929,1.0146569,0.0027457667
1594.577903485097,1594.577903485097,1.0160866,0.002744895
1594.579292341381,1594.579292341381,1.014506,0.0027427508
1594.5806811976654,1594.5806811976654,1.014574,0.0027547278
1594.582070053833,1594.582070053833,1.014156,0.0027501278
1594.5834589101173,1594.5834589101173,1.0142903,0.0027477457
1594.5848477662848,1594.5848477662848,1.0137669,0.0027429857
1594.5862366225688,1594.5862366225688,1.0147426,0.0027488766
1594.5876254787372,1594.5876254787372,1.0134336,0.0027557963
1594.5890143349056,1594.5890143349056,1.0106627,0.0027447985
1594.59040319119,1594.59040319119,1.0167652,0.002746899
1594.5917920473576,1594.5917920473576,1.0152708,0.0027428146
1594.5931809035255,1594.5931809035255,1.0139861,0.0027443473
1594.594569759693,1594.594569759693,1.0140944,0.0027438162
1594.595958615861,1594.595958615861,1.0138432,0.0027514661
1594.597347472145,1594.597347472145,1.0128855,0.0027414404
1594.598736328313,1594.598736328313,1.0183465,0.0027478198
1594.6001251844805,1594.6001251844805,1.0141152,0.0027430898
1594.6015140406485,1594.6015140406485,1.0146024,0.002742866
1594.602902896816,1594.602902896816,1.0166528,0.0027457704
1594.6042917529844,1594.6042917529844,1.0122246,0.0027426952
1594.6056806091528,1594.6056806091528,1.0142645,0.0027471369
1594.607069465204,1594.607069465204,1.0178577,0.0027557658
1594.608458321372,1594.608458321372,1.0156628,0.0027508761
1594.6098471775395,1594.6098471775395,1.0167265,0.0027467017
1594.6112360337074,1594.6112360337074,1.012497,0.0027454116
1594.6126248897585,1594.6126248897585,1.0159857,0.0027457247
1594.6140137459265,1594.6140137459265,1.0189573,0.0027562538
1594.615402602094,1594.615402602094,1.0264645,0.00276209
1594.6167914581456,1594.6167914581456,1.0226809,0.0027512426
1594.6181803143131,1594.6181803143131,1.0211253,0.0027536454
1594.6195691703651,1594.6195691703651,1.019844,0.0027424134
1594.6209580265336,1594.6209580265336,1.0216844,0.0027453268
1594.6223468825851,1594.6223468825851,1.0205001,0.002742912
1594.6237357387527,1594.6237357387527,1.0167776,0.0027524692
1594.6251245948033,1594.6251245948033,1.017372,0.0027444349
1594.6265134508544,1594.6265134508544,1.0203562,0.0027445757
1594.6279023069064,1594.6279023069064,1.0186641,0.0027464996
1594.6292911630744,1594.6292911630744,1.0164763,0.0027530498
1594.6306800191255,1594.6306800191255,1.0164812,0.0027470153
1594.632068875177,1594.632068875177,1.0138171,0.0027493055
1594.6334577312282,1594.6334577312282,1.0151064,0.002747974
1594.6348465872802,1594.6348465872802,1.016724,0.0027433438
1594.6362354433322,1594.6362354433322,1.0187715,0.0027631917
1594.6376242993838,1594.6376242993838,1.0138122,0.002756807
1594.639013155435,1594.639013155435,1.0146086,0.0027417298
1594.6404020114855,1594.6404020114855,1.013592,0.00274408
1594.641790867537,1594.641790867537,1.0166718,0.0027572901
1594.643179723589,1594.643179723589,1.0138978,0.0027444104
1594.6445685795238,1594.6445685795238,1.0130678,0.002745189
1594.645957435575,1594.645957435575,1.0108392,0.0027419876
1594.6473462916265,1594.6473462916265,1.0142796,0.0027467161
1594.6487351476776,1594.6487351476776,1.0157359,0.0027558499
1594.6501240036132,1594.6501240036132,1.0122886,0.0027484316
1594.6515128596652,1594.6515128596652,1.0172765,0.0027409685
1594.6529017156004,1594.6529017156004,1.0149957,0.0027466784
1594.654290571651,1594.654290571651,1.0159007,0.0027433657
1594.6556794275853,1594.6556794275853,1.0172881,0.002745141
1594.6570682836373,1594.6570682836373,1.0158813,0.0027567751
1594.6584571395729,1594.6584571395729,1.0158058,0.0027460037
1594.6598459955076,1594.6598459955076,1.0164684,0.0027457457
1594.6612348515591,1594.6612348515591,1.0143927,0.0027417366
1594.6626237074938,1594.6626237074938,1.0163425,0.00274851
1594.6640125634285,1594.6640125634285,1.017048,0.0027430733
1594.6654014193641,1594.6654014193641,1.0177585,0.0027444859
1594.6667902754161,1594.6667902754161,1.0182068,0.0027588452
1594.6681791313513,1594.6681791313513,1.0139482,0.00274637
1594.6695679872855,1594.6695679872855,1.0188316,0.0027487534
1594.6709568432198,1594.6709568432198,1.017082,0.0027536724
1594.6723456991554,1594.6723456991554,1.0166548,0.0027438432
1594.673734555091,1594.673734555091,1.0148886,0.0027426847
1594.6751234110257,1594.6751234110257,1.0145727,0.0027438975
1594.6765122669608,1594.6765122669608,1.0114532,0.002756437
1594.677901122779,1594.677901122779,1.0167274,0.0027475026
1594.6792899787142,1594.6792899787142,1.0178292,0.0027471506
1594.6806788346498,1594.6806788346498,1.0163993,0.002744318
1594.6820676905852,1594.6820676905852,1.0191301,0.0027431836
1594.6834565464037,1594.6834565464037,1.0145062,0.0027641798
1594.684845402338,1594.684845402338,1.0184206,0.0027433978
1594.6862342581558,1594.6862342581558,1.0190517,0.0027459485
1594.6876231140914,1594.6876231140914,1.0187418,0.002742048
1594.689011970027,1594.689011970027,1.0156469,0.0027441594
1594.6904008258452,1594.6904008258452,1.0196093,0.0027480721
1594.691789681664,1594.691789681664,1.0185341,0.002746195
1594.6931785375987,1594.6931785375987,1.0151662,0.0027458672
1594.6945673934174,1594.6945673934174,1.0129199,0.0027412856
1594.6959562492366,1594.6959562492366,1.0132364,0.0027517118
1594.6973451051722,1594.6973451051722,1.0126503,0.0027418213
1594.69873396099,1594.69873396099,1.0162632,0.0027518868
1594.7001228168076,1594.7001228168076,1.0167918,0.0027506307
1594.701511672626,1594.701511672626,1.0151995,0.0027447697
1594.7029005284453,1594.7029005284453,1.016384,0.0027430442
1594.7042893842645,1594.7042893842645,1.0152782,0.002746661
1594.7056782400828,1594.7056782400828,1.0169951,0.0027431077
1594.7070670959015,1594.7070670959015,1.0113919,0.0027371726
1594.7084559517198,1594.7084559517198,1.0150607,0.002742961
1594.7098448075385,1594.7098448075385,1.0152247,0.0027458968
1594.7112336633577,1594.7112336633577,1.0159022,0.002745594
1594.7126225191769,1594.7126225191769,1.0141282,0.0027454328
1594.7140113749947,1594.7140113749947,1.0207834,0.0027466067
1594.715400230696,1594.715400230696,1.0153342,0.002740262
1594.7167890865144,1594.7167890865144,1.0166734,0.002743334
1594.7181779423336,1594.7181779423336,1.0138336,0.0027421825
1594.7195667980363,1594.7195667980363,1.0152968,0.0027475965
1594.7209556538546,1594.7209556538546,1.0156949,0.0027450952
1594.722344509557,1594.722344509557,1.0170906,0.0027603747
1594.7237333653752,1594.7237333653752,1.0161971,0.0027422546
1594.7251222210775,1594.7251222210775,1.0163122,0.002745467
1594.7265110768967,1594.7265110768967,1.0142099,0.0027432493
1594.7278999325986,1594.7278999325986,1.0185759,0.0027418141
1594.7292887883,1594.7292887883,1.0166991,0.0027556831
1594.7306776441187,1594.7306776441187,1.0143709,0.0027559495
1594.7320664998206,1594.7320664998206,1.0198814,0.0027419904
1594.7334553555233,1594.7334553555233,1.0153763,0.0027430158
1594.7348442112261,1594.7348442112261,1.0158341,0.002744397
1594.7362330669284,1594.7362330669284,1.0132885,0.002741799
1594.7376219226303,1594.7376219226303,1.0160527,0.0027478263
1594.7390107783324,1594.7390107783324,1.0141841,0.0027416176
1594.7403996340345,1594.7403996340345,1.0167218,0.0027408802
1594.7417884897372,1594.7417884897372,1.0145236,0.002743098
1594.743177345439,1594.743177345439,1.0195606,0.002761489
1594.7445662011405,1594.7445662011405,1.0132747,0.0027486507
1594.7459550568428,1594.7459550568428,1.0142297,0.0027453292
1594.7473439125447,1594.7473439125447,1.012928,0.0027439098
1594.7487327681306,1594.7487327681306,1.0139242,0.002752934
1594.7501216238334,1594.7501216238334,1.0110435,0.0027423743
1594.7515104795361,1594.7515104795361,1.011735,0.0027624767
1594.7528993351216,1594.7528993351216,1.0148543,0.0027455282
1594.754288190824,1594.754288190824,1.0134727,0.0027467622
1594.7556770465258,1594.7556770465258,1.0148559,0.0027448689
1594.7570659021117,1594.7570659021117,1.0149108,0.002746885
1594.758454757697,1594.758454757697,1.0159565,0.0027454486
1594.759843613399,1594.759843613399,1.0169989,0.0027418707
1594.7612324689849,1594.7612324689849,1.016195,0.0027499406
1594.7626213246867,1594.7626213246867,1.0134752,0.002741009
1594.7640101802726,1594.7640101802726,1.0155768,0.0027437364
1594.765399035859,1594.765399035859,1.0105388,0.0027382108
1594.7667878914453,1594.7667878914453,1.0157696,0.0027410765
1594.7681767470308,1594.7681767470308,1.0136722,0.0027456821
1594.769565602733,1594.769565602733,1.0146705,0.0027448973
1594.7709544583186,1594.7709544583186,1.0142989,0.0027412185
1594.7723433139045,1594.7723433139045,1.0135713,0.002749782
1594.77373216949,1594.77373216949,1.011737,0.0027401936
1594.7751210250758,1594.7751210250758,1.0128822,0.0027447236
1594.7765098805448,1594.7765098805448,1.0167241,0.0027500112
1594.7778987361303,1594.7778987361303,1.0133003,0.0027424898
1594.7792875917162,1594.7792875917162,1.0139828,0.0027427229
1594.7806764473025,1594.7806764473025,1.0121142,0.00275488
1594.782065302889,1594.782065302889,1.0124991,0.0027510552
1594.783454158358,1594.783454158358,1.0110449,0.0027429953
1594.7848430139438,1594.7848430139438,1.0135429,0.0027535292
1594.7862318695288,1594.7862318695288,1.013122,0.0027425264
1594.7876207249979,1594.7876207249979,1.0115693,0.0027547854
1594.7890095805842,1594.7890095805842,1.0132143,0.002742043
1594.7903984360537,1594.7903984360537,1.0110137,0.0027441015
1594.7917872915227,1594.7917872915227,1.0127269,0.0027523588
1594.7931761471086,1594.7931761471086,1.01181,0.0027641759
1594.7945650025777,1594.7945650025777,1.0129218,0.002741948
1594.795953858164,1594.795953858164,1.0119466,0.002741802
1594.797342713634,1594.797342713634,1.0086545,0.0027470172
1594.798731569103,1594.798731569103,1.0121672,0.0027401452
1594.8001204245725,1594.8001204245725,1.0130155,0.002748934
1594.801509280041,1594.801509280041,1.0125651,0.0027466195
1594.80289813551,1594.80289813551,1.0112188,0.0027396937
1594.80428699098,1594.80428699098,1.0145481,0.0027479348
1594.8056758464495,1594.8056758464495,1.010271,0.0027497632
1594.8070647019185,1594.8070647019185,1.0123166,0.0027406828
1594.808453557388,1594.808453557388,1.0106343,0.0027417718
1594.809842412857,1594.809842412857,1.0096158,0.0027424584
1594.811231268327,1594.811231268327,1.0131174,0.0027478535
1594.812620123797,1594.812620123797,1.0161076,0.0027420658
1594.8140089792664,1594.8140089792664,1.009706,0.0027421047
1594.8153978346184,1594.8153978346184,1.0107747,0.0027506785
1594.8167866900867,1594.8167866900867,1.0135171,0.002741722
1594.8181755455566,1594.8181755455566,1.009356,0.0027388115
1594.8195644009102,1594.8195644009102,1.0093356,0.002744373
1594.8209532563797,1594.8209532563797,1.0115062,0.0027397398
1594.8223421117323,1594.8223421117323,1.0119891,0.0027456128
1594.8237309672018,1594.8237309672018,1.010099,0.0027486205
1594.8251198225544,1594.8251198225544,1.0129207,0.0027415485
1594.826508677908,1594.826508677908,1.0142049,0.002767164
1594.8278975333778,1594.8278975333778,1.0104115,0.0027427874
1594.829286388731,1594.829286388731,1.0110749,0.0027432926
1594.830675244083,1594.830675244083,1.0130168,0.002754312
1594.8320640994352,1594.8320640994352,1.0097806,0.0027404812
1594.8334529547888,1594.8334529547888,1.0124072,0.0027425268
1594.8348418102585,1594.8348418102585,1.0091393,0.0027431303
1594.8362306656113,1594.8362306656113,1.009,0.002740092
1594.837619520964,1594.837619520964,1.0117188,0.002751663
1594.839008376317,1594.839008376317,1.0062621,0.002741609
1594.8403972315532,1594.8403972315532,1.0100844,0.0027465527
1594.8417860869067,1594.8417860869067,1.008387,0.0027472551
1594.8431749422602,1594.8431749422602,1.0111411,0.0027419573
1594.8445637976124,1594.8445637976124,1.008579,0.0027393533
1594.8459526529646,1594.8459526529646,1.0062774,0.0027510081
1594.8473415082012,1594.8473415082012,1.0087773,0.0027447024
1594.8487303635548,1594.8487303635548,1.0102183,0.0027388283
1594.8501192189083,1594.8501192189083,1.0076188,0.0027427687
1594.8515080741445,1594.8515080741445,1.0080131,0.0027393827
1594.8528969294973,1594.8528969294973,1.0111289,0.002753105
1594.8542857847337,1594.8542857847337,1.0087848,0.0027501788
1594.8556746400864,1594.8556746400864,1.0100474,0.0027400954
1594.8570634953235,1594.8570634953235,1.0077273,0.0027503634
1594.8584523505606,1594.8584523505606,1.0105765,0.002742393
1594.8598412059127,1594.8598412059127,1.0100559,0.0027398423
1594.8612300611485,1594.8612300611485,1.0086647,0.0027431569
1594.8626189163851,1594.8626189163851,1.0107374,0.0027403578
1594.8640077716223,1594.8640077716223,1.0082101,0.0027426586
1594.8653966269758,1594.8653966269758,1.0077094,0.0027416076
1594.866785482212,1594.866785482212,1.0095814,0.0027382018
1594.8681743374486,1594.8681743374486,1.007653,0.0027532824
1594.8695631926848,1594.8695631926848,1.0072645,0.00274298
1594.8709520479215,1594.8709520479215,1.0082521,0.002738801
1594.8723409031586,1594.8723409031586,1.0035353,0.002737997
1594.8737297582784,1594.8737297582784,1.0059898,0.0027468752
1594.8751186135141,1594.8751186135141,1.0105047,0.0027515767
1594.8765074687503,1594.8765074687503,1.007469,0.0027451215
1594.877896323987,1594.877896323987,1.0082213,0.0027407745
1594.8792851791077,1594.8792851791077,1.0077649,0.0027398875
1594.8806740343448,1594.8806740343448,1.0088303,0.002748437
1594.882062889581,1594.882062889581,1.0126919,0.0027467757
1594.8834517447012,1594.8834517447012,1.005741,0.002737769
1594.8848405999374,1594.8848405999374,1.0086259,0.0027574787
1594.8862294550577,1594.8862294550577,1.0085233,0.0027390139
1594.8876183102948,1594.8876183102948,1.0052633,0.002737921
1594.8890071654146,1594.8890071654146,1.007327,0.0027409936
1594.890396020534,1594.890396020534,1.0067642,0.0027512223
1594.8917848757703,1594.8917848757703,1.0100236,0.002743457
1594.8931737308903,1594.8931737308903,1.0067575,0.0027445867
1594.8945625860101,1594.8945625860101,1.009729,0.0027427522
1594.8959514411308,1594.8959514411308,1.0085645,0.0027399976
1594.8973402962515,1594.8973402962515,1.009857,0.0027422986
1594.8987291513718,1594.8987291513718,1.0088744,0.002740637
1594.9001180064915,1594.9001180064915,1.0095735,0.002738014
1594.9015068616118,1594.9015068616118,1.0038353,0.0027391796
1594.9028957167316,1594.9028957167316,1.0060582,0.002746769
1594.9042845718518,1594.9042845718518,1.0047896,0.0027410614
1594.9056734269716,1594.9056734269716,1.0016701,0.0027361899
1594.9070622820918,1594.9070622820918,1.0071224,0.0027379943
1594.9084511372116,1594.9084511372116,1.0092255,0.002739676
1594.9098399922152,1594.9098399922152,1.0051473,0.0027336995
1594.9112288473357,1594.9112288473357,1.0068953,0.0027411575
1594.9126177024564,1594.9126177024564,1.0070771,0.0027409345
1594.9140065574602,1594.9140065574602,1.0057828,0.0027368488
1594.91539541258,1594.91539541258,1.0091449,0.0027410618
1594.9167842675838,1594.9167842675838,1.0068043,0.002740359
1594.9181731227036,1594.9181731227036,1.0026956,0.0027349726
1594.9195619777074,1594.9195619777074,1.0040401,0.0027393445
1594.9209508327108,1594.9209508327108,1.0034336,0.0027378032
1594.922339687831,1594.922339687831,1.0062684,0.002739419
1594.9237285428344,1594.9237285428344,1.0092623,0.0027407142
1594.9251173978382,1594.9251173978382,1.0032755,0.0027399187
1594.9265062528425,1594.9265062528425,1.0005779,0.002735345
1594.9278951078468,1594.9278951078468,1.0081037,0.0027367997
1594.9292839628501,1594.9292839628501,1.0032393,0.0027371421
1594.9306728178537,1594.9306728178537,1.0009378,0.002738541
1594.9320616728564,1594.9320616728564,1.0058682,0.002740509
1594.9334505278603,1594.9334505278603,1.0071683,0.0027378656
1594.9348393828645,1594.9348393828645,1.0040941,0.0027411582
1594.936228237868,1594.936228237868,1.0012752,0.002735369
1594.9376170928717,1594.9376170928717,1.0036391,0.0027378094
1594.939005947875,1594.939005947875,1.0032523,0.0027399713
1594.9403948027625,1594.9403948027625,1.0058091,0.0027516684
1594.9417836577668,1594.9417836577668,1.0030754,0.0027425329
1594.943172512771,1594.943172512771,1.0043468,0.0027398171
1594.944561367658,1594.944561367658,1.0051837,0.0027429361
1594.9459502226618,1594.9459502226618,1.0021778,0.0027372232
1594.9473390775481,1594.9473390775481,1.0053203,0.002751848
1594.9487279325517,1594.9487279325517,1.0008262,0.002738329
1594.9501167874396,1594.9501167874396,1.0031648,0.0027356122
1594.9515056423265,1594.9515056423265,1.0050216,0.0027368541
1594.9528944973304,1594.9528944973304,1.0059733,0.002737073
1594.9542833522173,1594.9542833522173,1.0073485,0.0027408341
1594.9556722071047,1594.9556722071047,1.0036633,0.0027399668
1594.9570610619926,1594.9570610619926,1.0034897,0.0027364353
1594.9584499168805,1594.9584499168805,1.0010732,0.0027366942
1594.9598387717674,1594.9598387717674,1.008959,0.0027426963
1594.961227626654,1594.961227626654,1.0033131,0.0027354972
1594.9626164815404,1594.9626164815404,1.0030886,0.0027374143
1594.9640053364283,1594.9640053364283,1.0011277,0.0027522703
1594.9653941913161,1594.9653941913161,1.004923,0.0027374402
1594.9667830462035,1594.9667830462035,1.0005454,0.0027447885
1594.9681719010905,1594.9681719010905,1.0045383,0.0027413338
1594.9695607559775,1594.9695607559775,1.0031836,0.0027353803
1594.9709496107484,1594.9709496107484,0.99876064,0.0027326224
1594.9723384656363,1594.9723384656363,1.0040561,0.00274936
1594.9737273204078,1594.9737273204078,0.99979645,0.0027357913
1594.9751161752943,1594.9751161752943,1.0022829,0.0027358017
1594.9765050301808,1594.9765050301808,1.0036992,0.0027410628
1594.9778938849513,1594.9778938849513,1.001238,0.0027408781
1594.9792827397227,1594.9792827397227,1.0016441,0.0027396043
1594.9806715946106,1594.9806715946106,1.0043304,0.0027389564
1594.9820604493816,1594.9820604493816,0.9981847,0.0027373703
1594.9834493041521,1594.9834493041521,1.0030276,0.002738434
1594.9848381590396,1594.9848381590396,0.9977632,0.0027378066
1594.98622701381,1594.98622701381,1.0047283,0.0027397706
1594.9876158685815,1594.9876158685815,1.0038744,0.002738197
1594.989004723353,1594.989004723353,0.9966199,0.0027335058
1594.990393578123,1594.990393578123,0.9992302,0.0027364863
1594.9917824328932,1594.9917824328932,0.9994115,0.002750445
1594.9931712876637,1594.9931712876637,1.0001084,0.0027396064
1594.9945601424351,1594.9945601424351,0.998188,0.0027454013
1594.9959489972066,1594.9959489972066,0.9988954,0.002735962
1594.9973378518612,1594.9973378518612,1.0009125,0.0027372488
1594.9987267066317,1594.9987267066317,0.99960625,0.0027540694
1595.0001155614027,1595.0001155614027,1.0012792,0.0027362893
1595.0015044161732,1595.0015044161732,0.9971447,0.0027588194
1595.0028932708283,1595.0028932708283,0.999965,0.0027354036
1595.0042821255993,1595.0042821255993,0.9996768,0.0027341156
1595.0056709802527,1595.0056709802527,0.9976507,0.0027353144
1595.0070598350235,1595.0070598350235,1.000493,0.002736598
1595.0084486896776,1595.0084486896776,0.99960834,0.0027381154
1595.009837544449,1595.009837544449,1.002494,0.0027397664
1595.011226399104,1595.011226399104,0.99817294,0.0027358297
1595.0126152537587,1595.0126152537587,1.0033361,0.0027421974
1595.0140041084128,1595.0140041084128,1.0006168,0.0027375629
1595.0153929631838,1595.0153929631838,0.9963781,0.002733307
1595.016781817838,1595.016781817838,0.99846196,0.0027331437
1595.018170672493,1595.018170672493,0.99817234,0.0027437252
1595.0195595271475,1595.0195595271475,0.9979672,0.0027366804
1595.0209483818012,1595.0209483818012,0.9948774,0.0027364898
1595.0223372364553,1595.0223372364553,0.9974793,0.0027466873
1595.02372609111,1595.02372609111,0.99667823,0.002733938
1595.025114945765,1595.025114945765,0.9969688,0.0027353445
1595.0265038003033,1595.0265038003033,1.0051885,0.0027371955
1595.0278926549577,1595.0278926549577,0.9960376,0.0027338408
1595.0292815096118,1595.0292815096118,0.9974498,0.0027574894
1595.03067036415,1595.03067036415,0.9972019,0.0027365885
1595.032059218804,1595.032059218804,0.9947893,0.0027365945
1595.0334480734587,1595.0334480734587,0.99969035,0.0027397894
1595.0348369279964,1595.0348369279964,0.9997111,0.0027384637
1595.036225782651,1595.036225782651,0.99974906,0.0027368648
1595.0376146371887,1595.0376146371887,0.99554795,0.002737822
1595.0390034917268,1595.0390034917268,0.99668384,0.00274015
1595.0403923463819,1595.0403923463819,0.9961351,0.0027317281
1595.0417812009205,1595.0417812009205,0.99957913,0.0027371105
1595.0431700554582,1595.0431700554582,0.99453133,0.0027326867
1595.044558909996,1595.044558909996,0.99808145,0.002752165
1595.0459477646505,1595.0459477646505,0.99559504,0.0027363454
1595.0473366191877,1595.0473366191877,0.99818265,0.0027339768
1595.0487254737254,1595.0487254737254,0.99890614,0.0027340748
1595.050114328264,1595.050114328264,0.99913967,0.00275094
1595.0515031828022,1595.0515031828022,0.999319,0.0027406586
1595.05289203734,1595.05289203734,0.997647,0.0027320108
1595.0542808917617,1595.0542808917617,0.9975762,0.002732243
1595.0556697462994,1595.0556697462994,0.9992349,0.0027389345
1595.057058600838,1595.057058600838,0.9954659,0.0027351792
1595.0584474553766,1595.0584474553766,0.9957711,0.0027322148
1595.0598363097984,1595.0598363097984,0.99601215,0.002732492
1595.061225164336,1595.061225164336,0.9985627,0.002739093
1595.062614018757,1595.062614018757,0.9956078,0.0027491893
1595.0640028732946,1595.0640028732946,0.99703795,0.0027372846
1595.0653917277168,1595.0653917277168,0.9937465,0.002733218
1595.066780582255,1595.066780582255,0.99811757,0.002743149
1595.0681694366763,1595.0681694366763,0.99553335,0.002736793
1595.069558291098,1595.069558291098,0.9967223,0.002732737
1595.0709471456357,1595.0709471456357,0.996092,0.0027356208
1595.072336000058,1595.072336000058,0.99381304,0.0027344674
1595.0737248544801,1595.0737248544801,0.99271864,0.0027341442
1595.0751137089019,1595.0751137089019,0.99670005,0.0027330488
1595.0765025633227,1595.0765025633227,0.9951101,0.0027334394
1595.0778914177436,1595.0778914177436,0.99479294,0.002731937
1595.0792802721658,1595.0792802721658,0.9920304,0.0027493776
1595.080669126588,1595.080669126588,0.9931215,0.0027381065
1595.0820579810093,1595.0820579810093,0.99788046,0.0027393952
1595.0834468354305,1595.0834468354305,0.9936263,0.002738218
1595.0848356898523,1595.0848356898523,0.99950135,0.0027337568
1595.0862245441572,1595.0862245441572,0.9955689,0.0027324867
1595.0876133985794,1595.0876133985794,0.99839395,0.0027464095
1595.0890022530016,1595.0890022530016,0.9950558,0.0027368474
1595.090391107306,1595.090391107306,0.99699605,0.0027326194
1595.0917799617268,1595.0917799617268,0.9942761,0.002732829
1595.0931688160322,1595.0931688160322,0.9982944,0.0027353624
1595.0945576704544,1595.0945576704544,0.9952525,0.002746056
1595.0959465247602,1595.0959465247602,0.9922363,0.00274024
1595.097335379065,1595.097335379065,0.9929018,0.002732633
1595.0987242334868,1595.0987242334868,0.99895537,0.0027397587
1595.1001130877917,1595.1001130877917,0.9971437,0.0027379373
1595.1015019420968,1595.1015019420968,0.9933289,0.0027505762
1595.1028907964023,1595.1028907964023,0.9937179,0.0027346849
1595.1042796507081,1595.1042796507081,0.99484384,0.0027334057
1595.1056685050125,1595.1056685050125,0.9972684,0.002740761
1595.107057359317,1595.107057359317,0.9954579,0.0027378509
1595.1084462136223,1595.1084462136223,0.9955791,0.0027375768
1595.109835067928,1595.109835067928,0.9922548,0.002731376
1595.1112239222339,1595.1112239222339,0.9913262,0.0027314152
1595.1126127765388,1595.1126127765388,0.99464875,0.0027343773
1595.1140016307277,1595.1140016307277,0.99306154,0.002741267
1595.1153904850325,1595.1153904850325,0.9953583,0.0027311817
1595.1167793393379,1595.1167793393379,0.9923094,0.002731519
1595.1181681935273,1595.1181681935273,0.9976292,0.00273385
1595.1195570478321,1595.1195570478321,0.9928214,0.0027321985
1595.1209459020201,1595.1209459020201,0.99464387,0.0027413622
1595.122334756325,1595.122334756325,0.9966586,0.0027503904
1595.123723610514,1595.123723610514,0.9928033,0.0027375785
1595.1251124648197,1595.1251124648197,0.99327576,0.002733357
1595.126501319009,1595.126501319009,0.9928485,0.0027437194
1595.1278901731976,1595.1278901731976,0.9939733,0.002733013
1595.1292790273865,1595.1292790273865,0.991192,0.0027322073
1595.130667881575,1595.130667881575,0.9898977,0.0027321454
1595.1320567358803,1595.1320567358803,0.997584,0.0027354164
1595.1334455900687,1595.1334455900687,0.9929591,0.0027291086
1595.1348344442576,1595.1348344442576,0.99339473,0.0027505022
1595.1362232983297,1595.1362232983297,0.99621594,0.0027346998
1595.1376121525186,1595.1376121525186,0.9914585,0.002737901
1595.139001006707,1595.139001006707,0.99063367,0.0027331566
1595.1403898608964,1595.1403898608964,0.98976886,0.0027299996
1595.1417787150858,1595.1417787150858,0.990808,0.0027362858
1595.1431675691579,1595.1431675691579,0.991246,0.0027270569
1595.1445564233468,1595.1445564233468,0.9961101,0.002738742
1595.1459452775352,1595.1459452775352,0.99437696,0.0027323416
1595.1473341316077,1595.1473341316077,0.9944405,0.0027343733
1595.1487229857962,1595.1487229857962,0.9916964,0.002736013
1595.1501118398687,1595.1501118398687,0.99344975,0.0027498016
1595.1515006939408,1595.1515006939408,0.99187505,0.0027320513
1595.1528895481297,1595.1528895481297,0.9921042,0.0027383165
1595.1542784022017,1595.1542784022017,0.9978756,0.0027372215
1595.1556672562747,1595.1556672562747,0.9925613,0.0027297265
1595.1570561103476,1595.1570561103476,0.9924323,0.0027385547
1595.1584449645366,1595.1584449645366,0.99231446,0.0027318448
1595.1598338186086,1595.1598338186086,0.9898883,0.0027404989
1595.1612226726807,1595.1612226726807,0.9906044,0.0027355563
1595.1626115267522,1595.1626115267522,0.99206173,0.0027320234
1595.1640003808247,1595.1640003808247,0.9934009,0.0027338283
1595.1653892347813,1595.1653892347813,0.9894383,0.002731126
1595.1667780888533,1595.1667780888533,0.99198383,0.002734808
1595.1681669429258,1595.1681669429258,0.9915921,0.002734972
1595.1695557969979,1595.1695557969979,0.98757595,0.0027337803
1595.1709446509544,1595.1709446509544,0.98768425,0.002734319
1595.1723335050274,1595.1723335050274,0.99243677,0.00273268
1595.1737223590999,1595.1737223590999,0.9898012,0.0027380146
1595.1751112130555,1595.1751112130555,0.99045867,0.0027323666
1595.176500067127,1595.176500067127,0.9911583,0.0027580152
1595.1778889210823,1595.1778889210823,0.9914142,0.0027310606
1595.1792777750388,1595.1792777750388,0.98797697,0.0027324124
1595.1806666291118,1595.1806666291118,0.9890182,0.0027355477
1595.1820554830674,1595.1820554830674,0.99331754,0.0027310888
1595.1834443370235,1595.1834443370235,0.9879829,0.0027369626
1595.1848331909791,1595.1848331909791,0.99055994,0.0027355617
1595.1862220449357,1595.1862220449357,0.99200827,0.002740133
1595.1876108990086,1595.1876108990086,0.9932983,0.0027379175
1595.1889997529647,1595.1889997529647,0.98634374,0.0027373119
1595.1903886068035,1595.1903886068035,0.9916293,0.0027356583
1595.1917774607587,1595.1917774607587,0.99108976,0.0027435126
1595.1931663147143,1595.1931663147143,0.99451935,0.0027351314
1595.1945551686708,1595.1945551686708,0.99235684,0.0027305323
1595.1959440226274,1595.1959440226274,0.9884447,0.0027350318
1595.1973328764668,1595.1973328764668,0.98635244,0.0027374981
1595.1987217304227,1595.1987217304227,0.99040204,0.0027457485
1595.2001105843783,1595.2001105843783,0.9892838,0.002734468
1595.201499438218,1595.201499438218,0.99427426,0.0027382087
1595.2028882921745,1595.2028882921745,0.99320716,0.0027378534
1595.2042771460146,1595.2042771460146,0.98756576,0.0027311547
1595.2056659999698,1595.2056659999698,0.99056965,0.0027306878
1595.2070548538086,1595.2070548538086,0.9872806,0.002730765
1595.2084437076478,1595.2084437076478,0.9883905,0.0027341528
1595.209832561488,1595.209832561488,0.9890495,0.0027302178
1595.2112214154445,1595.2112214154445,0.99026775,0.0027433974
1595.2126102692841,1595.2126102692841,0.9890468,0.002732103
1595.2139991231234,1595.2139991231234,0.98940295,0.002754009
1595.215387976963,1595.215387976963,0.9894662,0.002730984
1595.2167768308022,1595.2167768308022,0.98981994,0.002735624
1595.2181656846424,1595.2181656846424,0.9881834,0.0027322338
1595.2195545384816,1595.2195545384816,0.98607117,0.002728176
1595.220943392204,1595.220943392204,0.9895117,0.002731531
1595.2223322460436,1595.2223322460436,0.99073297,0.0027316317
1595.2237210998828,1595.2237210998828,0.98993886,0.0027354837
1595.225109953723,1595.225109953723,0.9904712,0.0027294233
1595.2264988074467,1595.2264988074467,0.9878802,0.0027440086
1595.2278876612863,1595.2278876612863,0.98741126,0.0027313624
1595.2292765150091,1595.2292765150091,0.98666894,0.0027318588
1595.2306653688488,1595.2306653688488,0.9903624,0.0027298785
1595.2320542225716,1595.2320542225716,0.98738885,0.002731273
1595.2334430762949,1595.2334430762949,0.9885203,0.0027302857
1595.234831930134,1595.234831930134,0.9880231,0.0027298867
1595.2362207838569,1595.2362207838569,0.9862969,0.002734441
1595.2376096375801,1595.2376096375801,0.9883773,0.0027351482
1595.238998491303,1595.238998491303,0.98644334,0.0027356215
1595.2403873450266,1595.2403873450266,0.9917536,0.002731268
1595.2417761987504,1595.2417761987504,0.9898852,0.0027318886
1595.2431650524736,1595.2431650524736,0.9859674,0.0027366846
1595.2445539061964,1595.2445539061964,0.98921216,0.0027340346
1595.2459427599197,1595.2459427599197,0.99193114,0.0027339994
1595.2473316136425,1595.2473316136425,0.98530215,0.0027289197
1595.2487204673657,1595.2487204673657,0.9892193,0.0027347018
1595.2501093210885,1595.2501093210885,0.9870604,0.0027419801
1595.2514981746954,1595.2514981746954,0.98974514,0.002735346
1595.2528870284182,1595.2528870284182,0.9881031,0.0027330494
1595.2542758820248,1595.2542758820248,0.98950934,0.0027441906
1595.2556647357483,1595.2556647357483,0.98417896,0.0027349342
1595.2570535893556,1595.2570535893556,0.9888173,0.002741301
1595.2584424430788,1595.2584424430788,0.9847846,0.0027308755
1595.2598312966852,1595.2598312966852,0.9913307,0.0027334285
1595.261220150292,1595.261220150292,0.9851285,0.0027266378
1595.2626090040144,1595.2626090040144,0.98844486,0.0027306734
1595.2639978576208,1595.2639978576208,0.9919672,0.0027532254
1595.265386711228,1595.265386711228,0.9904069,0.0027344557
1595.266775564835,1595.266775564835,0.9907349,0.0027329556
1595.2681644184413,1595.2681644184413,0.990186,0.0027300166
1595.2695532720481,1595.2695532720481,0.98469645,0.0027317842
1595.2709421256554,1595.2709421256554,0.9902936,0.002743629
1595.2723309792627,1595.2723309792627,0.99061424,0.0027311768
1595.2737198328691,1595.2737198328691,0.9876,0.002727433
1595.275108686359,1595.275108686359,0.9878843,0.002730227
1595.276497539965,1595.276497539965,0.9905028,0.002731088
1595.277886393571,1595.277886393571,0.991016,0.0027318934
1595.2792752470618,1595.2792752470618,0.9857435,0.002741189
1595.2806641006691,1595.2806641006691,0.991365,0.0027400423
1595.2820529541596,1595.2820529541596,0.9838701,0.002730235
1595.283441807766,1595.283441807766,0.98861593,0.002748423
1595.2848306612564,1595.2848306612564,0.9905435,0.0027321812
1595.2862195148637,1595.2862195148637,0.98602235,0.002737305
1595.2876083683545,1595.2876083683545,0.9879597,0.0027307547
1595.2889972218445,1595.2889972218445,0.9880322,0.0027314308
1595.290386075334,1595.290386075334,0.9884187,0.0027308352
1595.2917749288235,1595.2917749288235,0.9917797,0.0027325242
1595.2931637823135,1595.2931637823135,0.98761314,0.0027422511
1595.2945526359208,1595.2945526359208,0.9859243,0.0027449538
1595.2959414892953,1595.2959414892953,0.98986125,0.0027305738
1595.2973303427857,1595.2973303427857,0.9872201,0.0027319377
1595.2987191962757,1595.2987191962757,0.9879947,0.0027434458
1595.300108049766,1595.300108049766,0.991192,0.0027462475
1595.301496903257,1595.301496903257,0.99094695,0.0027347195
1595.3028857566314,1595.3028857566314,0.988148,0.002740163
1595.304274610121,1595.304274610121,0.98785204,0.0027294517
1595.3056634636105,1595.3056634636105,0.9872472,0.0027322108
1595.307052316984,1595.307052316984,0.9889732,0.002732818
1595.3084411704745,1595.3084411704745,0.9876596,0.00273369
1595.309830023849,1595.309830023849,0.99040246,0.0027288469
1595.3112188773396,1595.3112188773396,0.9869854,0.0027335442
1595.3126077307134,1595.3126077307134,0.98858,0.0027291523
1595.313996584087,1595.313996584087,0.9885521,0.002734381
1595.315385437461,1595.315385437461,0.98994476,0.00273334
1595.3167742909518,1595.3167742909518,0.9894585,0.002727734
1595.3181631443263,1595.3181631443263,0.986883,0.0027283584
1595.3195519976994,1595.3195519976994,0.98764855,0.0027299258
1595.3209408510725,1595.3209408510725,0.9886695,0.0027310716
1595.322329704446,1595.322329704446,0.9878723,0.0027453217
1595.32371855782,1595.32371855782,0.98963696,0.002740251
1595.325107411078,1595.325107411078,0.9890607,0.0027302767
1595.3264962644525,1595.3264962644525,0.98837906,0.002749941
1595.327885117826,1595.327885117826,0.9879855,0.0027318913
1595.3292739712,1595.3292739712,0.9894482,0.0027331864
1595.3306628244572,1595.3306628244572,0.9875471,0.00273376
1595.3320516778317,1595.3320516778317,0.98970985,0.0027313528
1595.3334405310889,1595.3334405310889,0.98765177,0.0027287414
1595.334829384462,1595.334829384462,0.9910312,0.0027344637
1595.3362182377195,1595.3362182377195,0.9881373,0.0027406968
1595.3376070909767,1595.3376070909767,0.98844737,0.0027348266
1595.3389959443507,1595.3389959443507,0.98934674,0.0027311316
1595.3403847976087,1595.3403847976087,0.98994976,0.0027396015
1595.3417736508668,1595.3417736508668,0.9906434,0.0027301356
1595.343162504124,1595.343162504124,0.9889764,0.0027341438
1595.3445513573815,1595.3445513573815,0.993135,0.002733996
1595.3459402106387,1595.3459402106387,0.9896247,0.0027295009
1595.3473290638963,1595.3473290638963,0.99096626,0.002733451
1595.3487179171534,1595.3487179171534,0.9910289,0.0027446388
1595.3501067704108,1595.3501067704108,0.99373525,0.002731397
1595.3514956236681,1595.3514956236681,0.98980856,0.0027368085
1595.3528844769253,1595.3528844769253,0.99034715,0.0027318979
1595.3542733300665,1595.3542733300665,0.9881648,0.0027344942
1595.3556621833245,1595.3556621833245,0.99133277,0.0027330755
1595.3570510365826,1595.3570510365826,0.9898827,0.002731876
1595.3584398897233,1595.3584398897233,0.99423796,0.0027315556
1595.3598287429809,1595.3598287429809,0.9921735,0.0027305824
1595.3612175961212,1595.3612175961212,0.98905957,0.0027378795
1595.3626064492614,1595.3626064492614,0.99347156,0.0027462014
1595.3639953025195,1595.3639953025195,0.991717,0.002730494
1595.365384155661,1595.365384155661,0.98934996,0.002730138
1595.3667730088018,1595.3667730088018,0.98985004,0.002728741
1595.3681618619428,1595.3681618619428,0.990022,0.0027461401
1595.3695507150837,1595.3695507150837,0.98902756,0.0027437476
1595.3709395683418,1595.3709395683418,0.99439096,0.0027327866
1595.372328421367,1595.372328421367,0.9909863,0.0027333954
1595.3737172745077,1595.3737172745077,0.99129164,0.0027362898
1595.375106127648,1595.375106127648,0.99200267,0.0027324855
1595.3764949807883,1595.3764949807883,0.98956853,0.002734985
1595.3778838339294,1595.3778838339294,0.988825,0.0027304364
1595.379272687071,1595.379272687071,0.99176234,0.002729728
1595.3806615400963,1595.3806615400963,0.983937,0.0027313065
1595.382050393237,1595.382050393237,0.9886899,0.0027299915
1595.3834392462618,1595.3834392462618,0.9882431,0.002728787
1595.3848280994025,1595.3848280994025,0.99073017,0.0027333396
1595.3862169524277,1595.3862169524277,0.9894722,0.00273049
1595.3876058055694,1595.3876058055694,0.9893486,0.002735381
1595.388994658594,1595.388994658594,0.99156594,0.0027473702
1595.3903835116175,1595.3903835116175,0.98962104,0.0027421373
1595.3917723647578,1595.3917723647578,0.98945796,0.0027445266
1595.3931612177826,1595.3931612177826,0.9896574,0.0027374213
1595.3945500708078,1595.3945500708078,0.9903797,0.0027389142
1595.395938923833,1595.395938923833,0.9928846,0.0027333358
1595.3973277768573,1595.3973277768573,0.9880782,0.002733565
1595.398716629882,1595.398716629882,0.99304,0.002737238
1595.4001054829064,1595.4001054829064,0.9876405,0.002746231
1595.4014943359316,1595.4014943359316,0.99062407,0.002735898
1595.4028831888404,1595.4028831888404,0.9864117,0.0027408297
1595.4042720418643,1595.4042720418643,0.9901998,0.002735756
1595.4056608948881,1595.4056608948881,0.9909691,0.0027337996
1595.407049747796,1595.407049747796,0.9938791,0.0027370888
1595.4084386008208,1595.4084386008208,0.99249023,0.0027373107
1595.4098274537296,1595.4098274537296,0.9939855,0.002747472
1595.4112163067548,1595.4112163067548,0.99181736,0.0027364772
1595.4126051596627,1595.4126051596627,0.9911944,0.0027412968
1595.4139940126875,1595.4139940126875,0.990144,0.0027415236
1595.4153828655953,1595.4153828655953,0.9921287,0.0027313347
1595.4167717185042,1595.4167717185042,0.98978144,0.0027320546
1595.4181605714125,1595.4181605714125,0.9892847,0.002732157
1595.41954942432,1595.41954942432,0.9918829,0.0027310334
1595.4209382772278,1595.4209382772278,0.9903861,0.0027361908
1595.4223271302526,1595.4223271302526,0.991588,0.0027418013
1595.423715983044,1595.423715983044,0.99053216,0.002732319
1595.4251048359529,1595.4251048359529,0.99270654,0.0027335742
1595.4264936888617,1595.4264936888617,0.99184006,0.0027314115
1595.4278825417696,1595.4278825417696,0.9893804,0.0027371442
1595.429271394678,1595.429271394678,0.990623,0.002730898
1595.4306602474694,1595.4306602474694,0.99616396,0.0027480351
1595.4320491003778,1595.4320491003778,0.99336237,0.002731115
1595.4334379532856,1595.4334379532856,0.9903757,0.0027357647
1595.4348268060776,1595.4348268060776,0.99283874,0.0027336946
1595.4362156589855,1595.4362156589855,0.99485207,0.002745676
1595.4376045117774,1595.4376045117774,0.9927356,0.0027550634
1595.438993364569,1595.438993364569,0.9918025,0.0027389007
1595.4403822174777,1595.4403822174777,0.9900358,0.002731426
1595.44177107027,1595.44177107027,0.99364287,0.002740154
1595.443159923062,1595.443159923062,0.99039185,0.0027455448
1595.4445487758535,1595.4445487758535,0.99367183,0.0027430505
1595.4459376286445,1595.4459376286445,0.9933678,0.0027339505
1595.447326481436,1595.447326481436,0.995209,0.0027327624
1595.4487153342284,1595.4487153342284,0.9920522,0.0027388223
1595.4501041870203,1595.4501041870203,0.9944353,0.002741506
1595.4514930398118,1595.4514930398118,0.9951526,0.002738233
1595.4528818926037,1595.4528818926037,0.9934701,0.0027316893
1595.4542707452788,1595.4542707452788,0.9964244,0.0027354115
1595.4556595980712,1595.4556595980712,0.9968813,0.00273361
1595.4570484508636,1595.4570484508636,0.99543,0.0027339286
1595.458437303539,1595.458437303539,0.9985276,0.0027406139
1595.45982615633,1595.45982615633,0.9959221,0.002734776
1595.4612150090047,1595.4612150090047,0.99559397,0.0027355603
1595.462603861797,1595.462603861797,0.99618673,0.002734273
1595.4639927144729,1595.4639927144729,0.9976932,0.002733906
1595.4653815671481,1595.4653815671481,0.9945118,0.0027343063
1595.4667704199396,1595.4667704199396,0.99422175,0.002733539
1595.4681592726151,1595.4681592726151,0.9990581,0.0027369512
1595.4695481252902,1595.4695481252902,0.9972479,0.0027377184
1595.4709369779662,1595.4709369779662,0.9973695,0.0027348513
1595.4723258306421,1595.4723258306421,0.9977998,0.0027331877
1595.4737146833168,1595.4737146833168,1.0003885,0.0027420598
1595.4751035359914,1595.4751035359914,0.9967898,0.0027352646
1595.4764923886669,1595.4764923886669,0.99717885,0.002738698
1595.4778812412264,1595.4778812412264,0.99283427,0.0027442118
1595.4792700939024,1595.4792700939024,0.99792635,0.0027343077
1595.4806589465775,1595.4806589465775,0.99437517,0.0027473432
1595.4820477991366,1595.4820477991366,0.99986917,0.0027622143
1595.4834366518116,1595.4834366518116,0.99842834,0.0027364257
1595.4848255044867,1595.4848255044867,1.0009344,0.002739018
1595.4862143570463,1595.4862143570463,0.9988165,0.0027361868
1595.4876032096058,1595.4876032096058,1.0013033,0.0027394644
1595.4889920622804,1595.4889920622804,0.99891776,0.0027360555
1595.4903809148386,1595.4903809148386,0.9993136,0.0027444158
1595.4917697673977,1595.4917697673977,0.9974288,0.002733286
1595.4931586199573,1595.4931586199573,1.0040269,0.0027388686
1595.4945474726333,1595.4945474726333,1.00328,0.0027389945
1595.495936325192,1595.495936325192,0.99864507,0.0027345873
1595.497325177751,1595.497325177751,0.99942493,0.0027385633
1595.4987140303097,1595.4987140303097,1.0021585,0.0027351992
1595.5001028828688,1595.5001028828688,1.0023679,0.0027375177
1595.501491735312,1595.501491735312,1.0023094,0.0027378572
1595.5028805878705,1595.5028805878705,0.9997314,0.0027437764
1595.5042694404287,1595.5042694404287,1.0005603,0.0027326806
1595.5056582929874,1595.5056582929874,1.000782,0.0027389736
1595.50704714543,1595.50704714543,1.001219,0.0027421154
1595.5084359979887,1595.5084359979887,1.0085872,0.0027395135
1595.5098248504319,1595.5098248504319,1.0045811,0.0027365445
1595.5112137029914,1595.5112137029914,1.0091331,0.002739814
1595.5126025554341,1595.5126025554341,1.0037637,0.002751152
1595.5139914079928,1595.5139914079928,0.99857765,0.002737184
1595.5153802604354,1595.5153802604354,1.0040858,0.0027426132
1595.5167691128777,1595.5167691128777,1.004785,0.002738899
1595.5181579653204,1595.5181579653204,1.0013136,0.0027380271
1595.5195468177626,1595.5195468177626,1.006429,0.0027400784
1595.520935670205,1595.520935670205,1.0023811,0.0027437338
1595.5223245226475,1595.5223245226475,1.0080298,0.0027449522
1595.5237133750898,1595.5237133750898,1.002932,0.0027424218
1595.525102227533,1595.525102227533,1.0021806,0.0027534666
1595.526491079976,1595.526491079976,1.0029005,0.0027381459
1595.5278799324187,1595.5278799324187,1.003934,0.0027354348
1595.529268784861,1595.529268784861,1.0031672,0.0027367154
1595.5306576371863,1595.5306576371863,1.001236,0.0027367473
1595.532046489629,1595.532046489629,1.0041379,0.0027442714
1595.5334353420722,1595.5334353420722,1.0042644,0.0027385387
1595.534824194398,1595.534824194398,1.0046307,0.0027432211
1595.5362130468407,1595.5362130468407,1.002915,0.0027474142
1595.5376018991665,1595.5376018991665,0.9990949,0.002731396
1595.5389907514927,1595.5389907514927,1.0012537,0.00273794
1595.5403796039357,1595.5403796039357,1.0053291,0.0027393186
1595.5417684562622,1595.5417684562622,1.002934,0.0027341477
1595.5431573085884,1595.5431573085884,1.0074861,0.0027381713
1595.5445461609138,1595.5445461609138,1.0003374,0.0027453129
1595.5459350132392,1595.5459350132392,1.0039854,0.0027398935
1595.5473238655659,1595.5473238655659,1.0066612,0.0027356516
1595.5487127178926,1595.5487127178926,1.0054688,0.0027362008
1595.5501015702184,1595.5501015702184,0.999538,0.0027434046
1595.5514904225447,1595.5514904225447,1.0060141,0.0027465941
1595.5528792748705,1595.5528792748705,1.0035517,0.0027355803
1595.5542681271968,1595.5542681271968,1.0068188,0.0027505977
1595.555656979407,1595.555656979407,1.0053614,0.0027382222
1595.5570458317338,1595.5570458317338,1.0056306,0.002737992
1595.5584346839426,1595.5584346839426,1.0049863,0.0027467078
1595.5598235362677,1595.5598235362677,1.0091922,0.0027441056
1595.5612123884775,1595.5612123884775,1.0055112,0.0027370104
1595.5626012408043,1595.5626012408043,1.0047942,0.0027342564
1595.5639900930146,1595.5639900930146,1.0041063,0.0027387193
1595.565378945224,1595.565378945224,1.0054157,0.0027402716
1595.5667677975503,1595.5667677975503,1.0053229,0.0027449294
1595.5681566497597,1595.5681566497597,1.0071342,0.0027485604
1595.5695455019695,1595.5695455019695,1.0086645,0.0027461415
1595.5709343541798,1595.5709343541798,1.00745,0.0027391773
1595.5723232063892,1595.5723232063892,1.0042946,0.0027453797
1595.5737120585982,1595.5737120585982,1.0073984,0.0027393848
1595.575100910808,1595.575100910808,1.0023878,0.0027393943
1595.5764897630174,1595.5764897630174,1.0075811,0.0027372306
1595.5778786152277,1595.5778786152277,1.0082786,0.0027389908
1595.579267467438,1595.579267467438,1.0055429,0.0027363703
1595.580656319531,1595.580656319531,1.0099782,0.002737245
1595.582045171741,1595.582045171741,1.0073351,0.0027361906
1595.583434023834,1595.583434023834,1.0095005,0.002748315
1595.5848228760437,1595.5848228760437,1.0079378,0.0027525488
1595.5862117281367,1595.5862117281367,1.0112681,0.0027473052
1595.5876005803466,1595.5876005803466,1.0092192,0.002740753
1595.5889894324396,1595.5889894324396,1.0062112,0.0027491977
1595.5903782846494,1595.5903782846494,1.0084908,0.0027394425
1595.5917671367424,1595.5917671367424,1.0100774,0.0027383834
1595.5931559888363,1595.5931559888363,1.0056926,0.0027367098
1595.5945448409302,1595.5945448409302,1.0048516,0.0027376106
1595.5959336930237,1595.5959336930237,1.0059545,0.0027396346
1595.5973225451166,1595.5973225451166,1.0076011,0.0027515837
1595.5987113972096,1595.5987113972096,1.007256,0.0027351533
1595.6001002493022,1595.6001002493022,1.0070966,0.0027372362
1595.6014891013956,1595.6014891013956,1.0059505,0.0027579172
1595.6028779534895,1595.6028779534895,1.0065752,0.0027388162
1595.6042668055825,1595.6042668055825,1.004874,0.0027471418
1595.6056556575595,1595.6056556575595,1.007781,0.0027434947
1595.6070445096525,1595.6070445096525,1.0042454,0.00274122
1595.6084333617464,1595.6084333617464,1.0081978,0.0027464258
1595.6098222137239,1595.6098222137239,1.0075259,0.0027381405
1595.6112110658173,1595.6112110658173,1.0080631,0.0027390146
1595.612599917794,1595.612599917794,1.0067495,0.002736998
1595.6139887698864,1595.6139887698864,1.0066081,0.0027457532
1595.6153776218625,1595.6153776218625,1.0075091,0.0027397273
1595.61676647384,1595.61676647384,1.0087358,0.0027446856
1595.6181553258175,1595.6181553258175,1.0097579,0.0027455685
1595.6195441779105,1595.6195441779105,1.0083873,0.002740353
1595.6209330298875,1595.6209330298875,1.0055888,0.00273644
1595.622321881864,1595.622321881864,1.0096889,0.0027385438
1595.6237107338416,1595.6237107338416,1.0047528,0.0027405599
1595.625099585819,1595.625099585819,1.0092463,0.002740323
1595.626488437796,1595.626488437796,1.0114946,0.0027485134
1595.6278772897722,1595.6278772897722,1.0056218,0.0027514098
1595.629266141632,1595.629266141632,1.0035565,0.0027480598
1595.6306549936085,1595.6306549936085,1.0104209,0.0027537518
1595.632043845586,1595.632043845586,1.0056338,0.00274266
1595.633432697447,1595.633432697447,1.0084724,0.0027406747
1595.6348215494238,1595.6348215494238,1.0080347,0.0027372986
1595.6362104014006,1595.6362104014006,1.0097734,0.0027449667
1595.6375992532608,1595.6375992532608,1.0075798,0.0027423683
1595.6389881051218,1595.6389881051218,1.0072888,0.0027429631
1595.6403769570993,1595.6403769570993,1.0047462,0.0027402947
1595.641765808959,1595.641765808959,1.0061774,0.0027405866
1595.6431546608187,1595.6431546608187,1.0071415,0.0027383543
1595.6445435127957,1595.6445435127957,1.0082676,0.00274168
1595.645932364656,1595.645932364656,1.0029068,0.00274152
1595.647321216517,1595.647321216517,1.0086324,0.002743107
1595.648710068378,1595.648710068378,1.0091012,0.0027469182
1595.6500989202386,1595.6500989202386,1.0091469,0.0027440612
1595.6514877720988,1595.6514877720988,1.0059613,0.0027390795
1595.6528766239594,1595.6528766239594,1.0088452,0.0027414153
1595.6542654758205,1595.6542654758205,1.0073515,0.0027389857
1595.6556543275642,1595.6556543275642,1.007325,0.0027401135
1595.657043179424,1595.657043179424,1.0089701,0.002743365
1595.658432031284,1595.658432031284,1.0077158,0.0027442798
1595.6598208830283,1595.6598208830283,1.0047055,0.0027523655
1595.6612097348884,1595.6612097348884,1.0084158,0.0027458102
1595.6625985867495,1595.6625985867495,1.0087055,0.0027405396
1595.6639874384941,1595.6639874384941,1.0062947,0.0027462416
1595.6653762902383,1595.6653762902383,1.0059053,0.002762319
1595.6667651420985,1595.6667651420985,1.0028307,0.002740523
1595.6681539938427,1595.6681539938427,1.007504,0.0027415643
1595.669542845586,1595.669542845586,1.0034955,0.0027406875
1595.6709316974461,1595.6709316974461,1.0071892,0.002741768
1595.6723205491908,1595.6723205491908,1.0093099,0.0027430071
1595.6737094009347,1595.6737094009347,1.0078826,0.002755868
1595.6750982526787,1595.6750982526787,1.0076636,0.0027447003
1595.6764871044224,1595.6764871044224,1.0040839,0.0027456635
1595.677875956167,1595.677875956167,1.0072428,0.0027585283
1595.6792648079117,1595.6792648079117,1.003516,0.0027444176
1595.680653659656,1595.680653659656,1.0047877,0.0027450935
1595.6820425112833,1595.6820425112833,1.0064346,0.0027504747
