time,time,flux,flux_err
-0.4994369414256653,-0.4994369414256653,1.000003893382115,9.87696463025162e-06
-0.4986540924699511,-0.4986540924699511,1.0000054154259779,9.874262754663785e-06
-0.49754304558591683,-0.49754304558591683,0.9999849040017095,9.87543734969053e-06
-0.4961048870783998,-0.4961048870783998,1.000000765369991,9.874323526645407e-06
-0.49491510671068684,-0.49491510671068684,0.9999928443037016,9.875749121337626e-06
-0.49270615860732503,-0.49270615860732503,0.9999672236473144,9.87471215214966e-06
-0.490872939262772,-0.490872939262772,0.9999905462833547,9.875223043972527e-06
-0.4888012439201702,-0.4888012439201702,0.9999713051257391,9.876151115427195e-06
-0.486705133508076,-0.486705133508076,0.9999740197757856,9.873980856486752e-06
-0.48526111052633497,-0.48526111052633497,0.9999869033667321,9.874548903869823e-06
-0.484015277272556,-0.484015277272556,0.9999417463096132,9.873671454506377e-06
-0.48259198391897373,-0.48259198391897373,1.0000269431751918,9.876617701200794e-06
-0.4815813113047625,-0.4815813113047625,0.9999662549903698,9.875268576856936e-06
-0.48069928637705744,-0.48069928637705744,1.0000162309490612,9.878472004420533e-06
-0.478699751914246,-0.478699751914246,1.0000301576667727,9.875291016753343e-06
-0.47684040075255324,-0.47684040075255324,1.0000684697090034,9.873653787165599e-06
-0.47538280840817604,-0.47538280840817604,1.0000405814214792,9.876433340773526e-06
-0.4738108360033948,-0.4738108360033948,1.000015200518856,9.872098480107566e-06
-0.47202573137619763,-0.47202573137619763,1.000014411522163,9.873789418360647e-06
-0.4709709368500626,-0.4709709368500626,0.9999699111166429,9.874967958888916e-06
-0.4697449370738468,-0.4697449370738468,0.9999684468366056,9.874104428196988e-06
-0.46829716445790837,-0.46829716445790837,0.9999973186185176,9.874771036555653e-06
-0.46728583222575254,-0.46728583222575254,0.9999808226005757,9.877306821568761e-06
-0.46626467473834055,-0.46626467473834055,1.0000271228890227,9.876074958796103e-06
-0.46535813639929985,-0.46535813639929985,0.999990958501186,9.87507351782245e-06
-0.4639634837891208,-0.4639634837891208,1.0000056962304897,9.872828325754505e-06
-0.46226830231753413,-0.46226830231753413,1.0000340829756904,9.876334931950984e-06
-0.46079012292029803,-0.46079012292029803,1.0000472683716357,9.875999740157683e-06
-0.45951177272509086,-0.45951177272509086,0.9998954132197913,9.872894118877183e-06
-0.45767866503301774,-0.45767866503301774,1.0000354128004205,9.875700124914435e-06
-0.4568039742880501,-0.4568039742880501,0.9999804200237948,9.875582294025166e-06
-0.4556032099033473,-0.4556032099033473,1.0000482512816702,9.875576879291138e-06
-0.45405280707636847,-0.45405280707636847,0.9999980618826967,9.874741221036588e-06
-0.45333422824187436,-0.45333422824187436,0.9999845302459865,9.873377275205992e-06
-0.45208950729720526,-0.45208950729720526,1.000043201799139,9.877526606334579e-06
-0.4508404241874814,-0.4508404241874814,1.0000518525723012,9.874166002003468e-06
-0.4487277484324295,-0.4487277484324295,1.0000503351649435,9.876200373938433e-06
-0.4466635433927877,-0.4466635433927877,1.000030960610862,9.875488143924567e-06
-0.4453453653797624,-0.4453453653797624,0.9999686292984519,9.874625881534438e-06
-0.44377111662033714,-0.44377111662033714,0.9999861460775591,9.876527914851462e-06
-0.44278511558804895,-0.44278511558804895,1.000012464889618,9.875186745133203e-06
-0.4420724917508778,-0.4420724917508778,0.9999688197085881,9.875503468457596e-06
-0.44150879632361467,-0.44150879632361467,0.9999959491740803,9.874827661968216e-06
-0.4401905095553957,-0.4401905095553957,1.0000075908381159,9.876566596068876e-06
-0.4389868344602291,-0.4389868344602291,0.9999691463580431,9.876118668821909e-06
-0.43785852515284207,-0.43785852515284207,0.9999804486311371,9.877498741442865e-06
-0.4368369045187137,-0.4368369045187137,1.000042727613969,9.877365835936704e-06
-0.43607026839454194,-0.43607026839454194,0.9998677389848579,9.873809031910523e-06
-0.4345426923042396,-0.4345426923042396,0.9999917750136078,9.878441249075116e-06
-0.43279117929923816,-0.43279117929923816,1.0000283728224542,9.87513232749284e-06
-0.43172589352179785,-0.43172589352179785,1.0000240144946386,9.875776295814814e-06
-0.42953674762684385,-0.42953674762684385,1.0000142476808338,9.876405278075771e-06
-0.4280795564307482,-0.4280795564307482,0.9999223258338586,9.875648898503503e-06
-0.42637277386820643,-0.42637277386820643,0.9999600922777703,9.874447774433762e-06
-0.4253059484617552,-0.4253059484617552,1.0000113310137317,9.878914150357855e-06
-0.4243030707220896,-0.4243030707220896,1.0000232284501454,9.877986767108251e-06
-0.42323425764916467,-0.42323425764916467,0.999984421147941,9.87455246798209e-06
-0.42174174892279553,-0.42174174892279553,0.99998399367167,9.876135207887653e-06
-0.41982408487820067,-0.41982408487820067,0.9999813127322635,9.87719606821698e-06
-0.41835130888939603,-0.41835130888939603,1.000021042846981,9.875174493209493e-06
-0.41695197077060586,-0.41695197077060586,1.0000101349880808,9.87435266358976e-06
-0.41554445263027445,-0.41554445263027445,0.9999857485043886,9.872392469806804e-06
-0.41444333247927717,-0.41444333247927717,1.0000199458220953,9.878167911765537e-06
-0.41287896011490377,-0.41287896011490377,0.9999848700273324,9.874896673995275e-06
-0.41173631467390803,-0.41173631467390803,0.9999650153373686,9.8726279999951e-06
-0.4109350409140461,-0.4109350409140461,0.9999642213420694,9.877776060109225e-06
-0.4082972704563872,-0.4082972704563872,0.9999088454776764,9.874147924185702e-06
-0.4059864745315281,-0.4059864745315281,1.0000262586391602,9.877380234526154e-06
-0.40422480613779044,-0.40422480613779044,0.999978534266457,9.874775255632615e-06
-0.4021113998547662,-0.4021113998547662,1.00000813549956,9.875556281076378e-06
-0.40097035687067545,-0.40097035687067545,1.000004381178943,9.873674169172267e-06
-0.3999397475781734,-0.3999397475781734,1.000037217197025,9.876516406886452e-06
-0.39856540523906003,-0.39856540523906003,0.9999850532390837,9.87619306704016e-06
-0.3974594694096595,-0.3974594694096595,1.0000195046713785,9.873103637298911e-06
-0.39689130666083655,-0.39689130666083655,1.0000084485453313,9.878613875894756e-06
-0.3951180383344763,-0.3951180383344763,0.9999903246325091,9.876266961521498e-06
-0.39269500135997076,-0.39269500135997076,0.9999636904191462,9.872136522355712e-06
-0.39109905587683896,-0.39109905587683896,0.9999845677582065,9.875336671415111e-06
-0.38968653598130915,-0.38968653598130915,0.9999787246111037,9.874885004735112e-06
-0.3876053034968209,-0.3876053034968209,1.0000255826975102,9.873866048974778e-06
-0.3867705820288393,-0.3867705820288393,0.9999924109382073,9.87412796720787e-06
-0.3856289073897642,-0.3856289073897642,1.0000030102616155,9.875650948770116e-06
-0.3844343194679823,-0.3844343194679823,0.9999961524412859,9.87476241314622e-06
-0.38340889236860676,-0.38340889236860676,1.0000397689997484,9.876837602534506e-06
-0.3823198052836233,-0.3823198052836233,1.0000388417171928,9.8790146692723e-06
-0.3808711083125672,-0.3808711083125672,0.9999686879258934,9.876695843902637e-06
-0.3790209332422819,-0.3790209332422819,0.9999710450322175,9.875660737916738e-06
-0.37704892986366756,-0.37704892986366756,0.9999494735621776,9.874727256353318e-06
-0.3761657155206194,-0.3761657155206194,0.9999793726179202,9.876450147891081e-06
-0.3748758000219823,-0.3748758000219823,1.000026943952512,9.874381676204325e-06
-0.3733861053129658,-0.3733861053129658,1.000002850689125,9.874184134722407e-06
-0.37247700164443814,-0.37247700164443814,1.0000084209874764,9.873901879752446e-06
-0.3713484734427766,-0.3713484734427766,0.9999948697187193,1.0071819301889389e-05
-0.3698567130340962,-0.3698567130340962,0.9998653212837236,9.873611986312221e-06
-0.3688650897616753,-0.3688650897616753,1.0000122805648366,9.876024627955737e-06
-0.367707291910483,-0.367707291910483,1.000012655892276,9.875329680438557e-06
-0.36675154688418843,-0.36675154688418843,0.9999741799694464,9.875848141615202e-06
-0.36516653412109007,-0.36516653412109007,1.0000056576131269,9.875727762834204e-06
-0.3627961308069644,-0.3627961308069644,0.999944101920795,9.873885274129389e-06
-0.361902209224354,-0.361902209224354,0.9999948051277266,9.87488962624227e-06
-0.35973189461365107,-0.35973189461365107,0.999988478147914,9.87447268292136e-06
-0.35858045380882686,-0.35858045380882686,1.0000238076329262,9.875257572102044e-06
-0.3578186779326643,-0.3578186779326643,1.0000304824183492,9.874173193949461e-06
-0.35668819980492117,-0.35668819980492117,0.9999547430963179,9.876811924742e-06
-0.355428747436963,-0.355428747436963,0.99998911306132,9.876905683134124e-06
-0.35461135073855987,-0.35461135073855987,0.999970208824249,9.874916483053943e-06
-0.35299214724218475,-0.35299214724218475,1.0000007467494259,9.877179711496883e-06
-0.35109730432595826,-0.35109730432595826,1.0000318820736176,9.875834278585366e-06
-0.3491531357372878,-0.3491531357372878,0.9999778666461726,9.876736588968715e-06
-0.34814376154827187,-0.34814376154827187,1.000011297430075,9.875562754346432e-06
-0.3468641857878538,-0.3468641857878538,0.9999221561545092,9.873828989752625e-06
-0.3451121924110339,-0.3451121924110339,0.9999973603781953,9.876040392525074e-06
-0.34386510481854204,-0.34386510481854204,0.9999467195482517,9.87482247007023e-06
-0.3425033844963764,-0.3425033844963764,0.9999871713042241,9.875317827036998e-06
-0.34123729576967887,-0.34123729576967887,1.0000008606174091,9.876058448688125e-06
-0.340099401572661,-0.340099401572661,1.0000573082479582,9.875352002350377e-06
-0.339182004822942,-0.339182004822942,0.9999542256712737,9.877529144000918e-06
-0.33808458781277295,-0.33808458781277295,1.000011511738259,9.874798478489908e-06
-0.3369709237289499,-0.3369709237289499,1.000021547674061,9.874429453977097e-06
-0.33542281430854926,-0.33542281430854926,1.0000977310331411,9.877209206668057e-06
-0.33427986008755395,-0.33427986008755395,1.0000403774785105,9.8741306899153e-06
-0.3332946821858059,-0.3332946821858059,0.9999480277216953,9.876467254023886e-06
-0.33170883158018116,-0.33170883158018116,0.9998829618493794,9.87358683484051e-06
-0.33057326223060957,-0.33057326223060957,1.0000136741510288,9.877964204507673e-06
-0.3293615765098366,-0.3293615765098366,0.9999647794905865,9.876235183451818e-06
-0.32812151426187486,-0.32812151426187486,0.9999987747595995,9.87464672335187e-06
-0.32722142378333957,-0.32722142378333957,1.0000341253548204,9.873864414037672e-06
-0.32649357135524043,-0.32649357135524043,0.9999865166458559,9.87634255326674e-06
-0.3252837030086084,-0.3252837030086084,1.0000612321571143,9.876878248129081e-06
-0.32344004409969784,-0.32344004409969784,0.99991847011984,9.875789606751807e-06
-0.32228256708040137,-0.32228256708040137,1.0000346079445699,9.875769438107292e-06
-0.320890790100384,-0.320890790100384,1.0000076967232656,9.878508621490592e-06
-0.3184074816730572,-0.3184074816730572,0.9999027460109204,9.874440758806428e-06
-0.3166855410541757,-0.3166855410541757,1.0000053053834885,9.873924315053291e-06
-0.3157662391444319,-0.3157662391444319,0.9999797570903262,9.877892119971118e-06
-0.3147634398948867,-0.3147634398948867,1.0000064458971865,9.874056617695452e-06
-0.3132212761163828,-0.3132212761163828,0.9999426971514133,9.875507408286514e-06
-0.3123527713338262,-0.3123527713338262,0.999958778841469,9.873976813965642e-06
-0.3101216119641322,-0.3101216119641322,1.0000072188845341,9.876505746944002e-06
-0.30791356090048794,-0.30791356090048794,1.000004181739347,9.876748048775336e-06
-0.30554418398678534,-0.30554418398678534,1.0000264453243544,9.87502266041086e-06
-0.3027587900636718,-0.3027587900636718,1.0000050235731606,9.872932352578336e-06
-0.3017315986493486,-0.3017315986493486,1.0000091447451407,9.876087959247682e-06
-0.3002114458824508,-0.3002114458824508,0.9999804581009432,9.875933246779287e-06
-0.29864699364989067,-0.29864699364989067,0.9999789867755562,9.8757630094624e-06
-0.2978578676091274,-0.2978578676091274,0.9999976086654172,9.878771881847013e-06
-0.2961124294030014,-0.2961124294030014,1.0000168289817895,9.876295539881582e-06
-0.2934710360277677,-0.2934710360277677,0.9999936638338207,9.872873120335107e-06
-0.291826018030406,-0.291826018030406,0.9999776917152856,9.876737905413293e-06
-0.29002142426907085,-0.29002142426907085,0.9999808559393839,9.872480347116574e-06
-0.2881874221668113,-0.2881874221668113,0.9999556525757372,9.873564945291891e-06
-0.2872258996227174,-0.2872258996227174,1.0000378136919337,9.87604415186126e-06
-0.28598805754445494,-0.28598805754445494,1.0000150210942338,9.87461468067745e-06
-0.28472452142741533,-0.28472452142741533,0.9999888119343472,9.876346050365212e-06
-0.28377611290779897,-0.28377611290779897,1.0000326936872532,9.87738533968356e-06
-0.28274472543853335,-0.28274472543853335,0.9999916351124695,9.8762995215316e-06
-0.28143138929153794,-0.28143138929153794,0.999987455898807,9.87432738466328e-06
-0.2801655233488418,-0.2801655233488418,0.9999728652686976,9.874697229362428e-06
-0.2785168721296941,-0.2785168721296941,1.0000132481331896,9.873898916143556e-06
-0.2774677004039404,-0.2774677004039404,0.9999469521781407,9.874802268468613e-06
-0.27598720948444677,-0.27598720948444677,0.9997827704106588,9.874128221202862e-06
-0.2741699277117732,-0.2741699277117732,1.000001628649654,9.874008462413778e-06
-0.27322586536756716,-0.27322586536756716,1.0000206890462284,9.87494613099505e-06
-0.2717810146437841,-0.2717810146437841,1.0000329290356889,9.872727124131454e-06
-0.2708104633551557,-0.2708104633551557,0.9999976518119598,9.876101771473385e-06
-0.2701812168408651,-0.2701812168408651,1.0000320164633467,9.875800099805499e-06
-0.2688151527501759,-0.2688151527501759,1.0000188456815529,9.87610482409902e-06
-0.26770712600264235,-0.26770712600264235,0.9999864892716241,9.873059934475987e-06
-0.26561417511547913,-0.26561417511547913,0.9999941484418378,9.875818762777334e-06
-0.2637264199423953,-0.2637264199423953,0.9999853597338142,9.8752703235728e-06
-0.26265138280868994,-0.26265138280868994,0.9999196278895119,9.874368381932342e-06
-0.2606594699289417,-0.2606594699289417,0.9999954081861462,9.87522424598485e-06
-0.25967157358827536,-0.25967157358827536,0.9999887657367612,9.875199574126027e-06
-0.2588549605046865,-0.2588549605046865,0.9999729251578225,9.873444084090087e-06
-0.25795829683775084,-0.25795829683775084,0.9998777503889201,9.875252356960544e-06
-0.2568257547958638,-0.2568257547958638,1.0000539587609039,9.87538074176841e-06
-0.25587417908827775,-0.25587417908827775,0.9999850336835306,9.876021587973678e-06
-0.25474577028508066,-0.25474577028508066,1.0000255233962367,9.8782084247981e-06
-0.2537010277417721,-0.2537010277417721,1.0000123845615267,9.875573813104792e-06
-0.2524357561240322,-0.2524357561240322,0.9999186201163435,9.87581153118061e-06
-0.25098285810090604,-0.25098285810090604,1.000004299487657,9.877093606427258e-06
-0.2494824458975927,-0.2494824458975927,0.9999941896721161,9.875595377017493e-06
-0.24775461444660324,-0.24775461444660324,1.0000029517721618,9.872215952442096e-06
-0.24579811338335275,-0.24579811338335275,0.9999563927804939,9.87797288997973e-06
-0.24400538840563968,-0.24400538840563968,1.000050337128053,9.87659392494617e-06
-0.24260558581736405,-0.24260558581736405,0.9999779297835015,9.87521064069289e-06
-0.2416234616903239,-0.2416234616903239,1.00000287746369,9.878051883155115e-06
-0.24000879242666998,-0.24000879242666998,0.9999142621718811,9.875043475790931e-06
-0.2385248669612338,-0.2385248669612338,1.000033303661301,9.876405533364048e-06
-0.23643050698010484,-0.23643050698010484,0.9999945296368903,9.877347501318528e-06
-0.23462774062500102,-0.23462774062500102,0.9999727122597765,9.872828730887139e-06
-0.2324604172958061,-0.2324604172958061,0.9999864330266421,9.874347113067106e-06
-0.23161278227053117,-0.23161278227053117,0.9999412947057698,9.878364842270039e-06
-0.23076008991338312,-0.23076008991338312,0.9999979254556651,9.874771162646077e-06
-0.22935352858767147,-0.22935352858767147,1.0000170335749887,9.877170918795368e-06
-0.22815614052378805,-0.22815614052378805,1.0000173734471198,9.875262036104786e-06
-0.22661943978309865,-0.22661943978309865,0.999998416117337,9.875845392803575e-06
-0.22402198538038648,-0.22402198538038648,0.9999741391301444,9.873429632955855e-06
-0.22219523122475948,-0.22219523122475948,0.9999958845701016,9.877688025242746e-06
-0.22047341842408058,-0.22047341842408058,1.000007206872874,9.874639683739026e-06
-0.2186783094482962,-0.2186783094482962,0.9999807386943182,9.875521373134977e-06
-0.2177328608202515,-0.2177328608202515,0.9999797010864772,9.872581140432402e-06
-0.21656118464597968,-0.21656118464597968,1.000012523386964,9.876644675701748e-06
-0.21520194664917652,-0.21520194664917652,1.000017607145298,9.878350798494966e-06
-0.2142338953795843,-0.2142338953795843,0.9999672921715206,9.87260781935825e-06
-0.21367923883663026,-0.21367923883663026,1.0000131131443204,9.877329195207347e-06
-0.21223586520063692,-0.21223586520063692,0.9999138645772463,9.876662400252438e-06
-0.21101351818797412,-0.21101351818797412,0.9999648126096975,9.873502839243822e-06
-0.20963579498347826,-0.20963579498347826,1.0000104161846908,9.874047834146773e-06
-0.20797174198669383,-0.20797174198669383,0.9999582534792919,9.874310134691395e-06
-0.2069660148699768,-0.2069660148699768,0.9999458458287467,9.875588638540607e-06
-0.20516213889350182,-0.20516213889350182,1.0000207194123054,9.874276100811777e-06
-0.20385766416584375,-0.20385766416584375,1.0000121803580548,9.872801927588089e-06
-0.20279690946190385,-0.20279690946190385,0.9999670762525694,9.875530059088972e-06
-0.2015125934194657,-0.2015125934194657,1.0000270490690766,9.874988941924322e-06
-0.20050267429614904,-0.20050267429614904,1.0000050538156595,9.876540342152998e-06
-0.19956594957911875,-0.19956594957911875,0.9999838320164123,9.877716948196376e-06
-0.19829709953774,-0.19829709953774,0.9999683359087055,9.877665629761125e-06
-0.19676325723849003,-0.19676325723849003,1.0000153558184521,9.87439872199852e-06
-0.19504049054667122,-0.19504049054667122,0.9998960745590677,9.874786241735465e-06
-0.1935064153833082,-0.1935064153833082,1.0000115071736277,9.87622345075096e-06
-0.19260261855088173,-0.19260261855088173,0.999992767795266,9.87439796334192e-06
-0.19127626731351483,-0.19127626731351483,1.00001331629513,9.87669954142375e-06
-0.18985359407379293,-0.18985359407379293,0.9999540956107774,9.872115052226196e-06
-0.1892732392414473,-0.1892732392414473,1.000007415099837,9.875659583804918e-06
-0.1880578166586929,-0.1880578166586929,0.9999628347588274,9.874787979823509e-06
-0.1863399854322779,-0.1863399854322779,0.9999711367043511,9.874196329750555e-06
-0.18527872188715264,-0.18527872188715264,0.9999501671382667,9.874582072436792e-06
-0.18424319257464958,-0.18424319257464958,0.9999333121533975,9.876113577664345e-06
-0.1831931140666711,-0.1831931140666711,1.0000216864185731,9.873339378071725e-06
-0.18156379797437694,-0.18156379797437694,0.9999885969845355,9.875451007607638e-06
-0.17940800082142233,-0.17940800082142233,0.9999794937043569,9.874963392349713e-06
-0.17868837694986722,-0.17868837694986722,0.9999702566464024,9.874399026781315e-06
-0.1766174978314666,-0.1766174978314666,0.9999849149017465,9.874871725346929e-06
-0.17529037989588686,-0.17529037989588686,1.0000048252837535,9.874364856605285e-06
-0.17437050757580436,-0.17437050757580436,1.0000083420606787,9.876518982534185e-06
-0.17267886885092593,-0.17267886885092593,0.9999657023241948,9.8762910962877e-06
-0.17172992275300203,-0.17172992275300203,1.0000180881493967,9.87544689875412e-06
-0.17021679145109375,-0.17021679145109375,1.0000022185483641,9.87739125393806e-06
-0.1687306481122505,-0.1687306481122505,1.0000405813525663,9.874185838337202e-06
-0.1669313163147308,-0.1669313163147308,0.9999899743914454,9.87676164103614e-06
-0.1654573034567875,-0.1654573034567875,1.000009197959249,9.875614897850065e-06
-0.16423807328392287,-0.16423807328392287,0.9999766233678187,9.874799288523208e-06
-0.16265056197735248,-0.16265056197735248,0.9998478895224366,9.873331717602514e-06
-0.16155745059804758,-0.16155745059804758,0.9999857307759102,9.87546191899254e-06
-0.160530750338512,-0.160530750338512,0.9999471016078434,9.875542172935773e-06
-0.15911004537483678,-0.15911004537483678,0.9999169948706165,9.875836279804821e-06
-0.15801343443454244,-0.15801343443454244,1.000044277042421,9.877101650342414e-06
-0.15735228810372065,-0.15735228810372065,1.0000566035804725,9.876750761769689e-06
-0.1564346441620728,-0.1564346441620728,1.000023915087563,9.87756385544951e-06
-0.1553953469992848,-0.1553953469992848,0.9999770325764402,9.876285021069244e-06
-0.1535704282563529,-0.1535704282563529,0.9999897313277979,9.875701037449722e-06
-0.15199298283696408,-0.15199298283696408,1.0000230240676287,1.0071362320587013e-05
-0.1508038278479944,-0.1508038278479944,0.9999963560753194,9.875341836698758e-06
-0.1492542998836143,-0.1492542998836143,0.9999892786390637,9.876277902861793e-06
-0.14741710722883,-0.14741710722883,1.0000171058296536,9.878050298324065e-06
-0.146248533250764,-0.146248533250764,0.9999835543251454,9.8762469088865e-06
-0.14520347531943117,-0.14520347531943117,0.9999477483130181,9.874399731456901e-06
-0.14413329652888934,-0.14413329652888934,1.0000081877321694,9.874566319752716e-06
-0.14321422186476412,-0.14321422186476412,0.9999915877627433,9.878591682477752e-06
-0.14168148644530448,-0.14168148644530448,0.9999637264569461,9.875075199870473e-06
-0.13950027072278318,-0.13950027072278318,0.9999997445994755,9.875094912197985e-06
-0.1375003744426067,-0.1375003744426067,1.0000140512943732,9.878059565787394e-06
-0.13558624489232898,-0.13558624489232898,0.9999926035767128,9.873813452706497e-06
-0.13377396945870715,-0.13377396945870715,1.0000322482771185,9.875846685554797e-06
-0.13297236118960426,-0.13297236118960426,1.0000088808548333,9.875620449001627e-06
-0.13207806764403357,-0.13207806764403357,0.9999958675255696,9.874009498417724e-06
-0.13082893124665135,-0.13082893124665135,0.9999637060143224,9.877894104792681e-06
-0.12968987453787123,-0.12968987453787123,0.9999836865271557,9.873683598048023e-06
-0.12792711021465947,-0.12792711021465947,1.0000038593752945,9.875625564809803e-06
-0.1260081969128805,-0.1260081969128805,1.0000447190378474,9.875314850378719e-06
-0.12431356578308624,-0.12431356578308624,0.9998340687183399,9.876393772215098e-06
-0.12243075342848897,-0.12243075342848897,0.9999753381449328,9.874548936964959e-06
-0.11964424226607662,-0.11964424226607662,1.0000189178238008,9.873049700537597e-06
-0.11866195202019299,-0.11866195202019299,0.999975455669149,9.876724017167334e-06
-0.11762836124980822,-0.11762836124980822,1.0000680368509471,9.877371061790822e-06
-0.11623780991503736,-0.11623780991503736,1.0000046352785796,9.876408022953586e-06
-0.11529778702388285,-0.11529778702388285,1.000017152507149,9.875678917066601e-06
-0.11447462858923245,-0.11447462858923245,1.0000072046910662,9.878544950686572e-06
-0.11293581422651186,-0.11293581422651186,0.9999653311176238,9.876286732189355e-06
-0.11090781246166444,-0.11090781246166444,0.9999700432490654,9.87249408359396e-06
-0.10928187836107099,-0.10928187836107099,0.9999947094823238,9.875923965075224e-06
-0.10776455843297299,-0.10776455843297299,1.0000234647463435,9.87413154951483e-06
-0.10593075345823308,-0.10593075345823308,0.9999791253047039,9.871737112550559e-06
-0.10476806715887506,-0.10476806715887506,0.9999606625072948,9.875560555402092e-06
-0.10363239332073135,-0.10363239332073135,1.0000550854157537,9.875251087699541e-06
-0.10236141332279658,-0.10236141332279658,1.000044972299382,9.874761065391967e-06
-0.10115671806124737,-0.10115671806124737,1.0000362691476803,9.877552160043298e-06
-0.1001603313619853,-0.1001603313619853,0.9999954131965048,9.875324436768459e-06
-0.09935428144817707,-0.09935428144817707,0.9999702077067913,9.874795477197638e-06
-0.09797010293259518,-0.09797010293259518,0.9998976521254646,9.873475401530454e-06
-0.09665221299801488,-0.09665221299801488,1.0000113539938407,9.876066860078865e-06
-0.09498196109634591,-0.09498196109634591,0.999986892240622,9.876147254315051e-06
-0.09416933068278013,-0.09416933068278013,1.000001202117769,9.873881590304759e-06
-0.0924463960560388,-0.0924463960560388,0.9999765888070404,9.874879093338174e-06
-0.09114158912998391,-0.09114158912998391,1.0000356421558945,9.87489786205207e-06
-0.09033573618216906,-0.09033573618216906,0.9999932093409208,9.875260766829206e-06
-0.08897254977200646,-0.08897254977200646,1.000009163293722,9.874382633073032e-06
-0.08775464886421105,-0.08775464886421105,1.0000145542258962,9.876115688874435e-06
-0.08723736487008864,-0.08723736487008864,0.9999746706738568,9.873736547017582e-06
-0.08618951275857398,-0.08618951275857398,1.0000033917593103,9.876548868168942e-06
-0.0850185162955313,-0.0850185162955313,0.9999731747690564,9.874943045441224e-06
-0.08365937520575244,-0.08365937520575244,0.9999933316565233,9.875464360439694e-06
-0.08184745007456513,-0.08184745007456513,0.9999728847477825,9.876601072087346e-06
-0.08048858820693568,-0.08048858820693568,0.9999420263726245,9.875360147186443e-06
-0.07906738043529912,-0.07906738043529912,1.0000234702785007,9.87332935177217e-06
-0.0771756527145044,-0.0771756527145044,0.9999912346572426,9.876057033336626e-06
-0.07621771283302223,-0.07621771283302223,0.9999848166435509,9.876025978050606e-06
-0.07543943569908151,-0.07543943569908151,1.0000433082079518,9.873800598666155e-06
-0.07439629601431079,-0.07439629601431079,0.999938322195731,9.873828847984713e-06
-0.07339235800754977,-0.07339235800754977,1.0000270178078583,9.875894294213416e-06
-0.07227011071518064,-0.07227011071518064,1.0000582408626983,9.87777685270848e-06
-0.0712045190826757,-0.0712045190826757,1.000011855170164,9.877047034971577e-06
-0.06995602088718442,-0.06995602088718442,0.9999903737515716,9.874760335725611e-06
-0.06875703927507856,-0.06875703927507856,1.000048053638166,9.878097660208877e-06
-0.06725750046607573,-0.06725750046607573,0.999960194501465,9.87611955016688e-06
-0.06615509682742413,-0.06615509682742413,1.0000041593645315,9.875829670084972e-06
-0.0637396746504237,-0.0637396746504237,0.9999614334512467,9.876150512540143e-06
-0.062085500355169645,-0.062085500355169645,0.999983793140494,9.875900539139119e-06
-0.06027409861853812,-0.06027409861853812,1.000015161929466,9.875114703932595e-06
-0.05925696048943792,-0.05925696048943792,1.0000079732642913,9.87648232440942e-06
-0.05812135354790371,-0.05812135354790371,0.9999886519754361,9.878101423604649e-06
-0.056554647079610734,-0.056554647079610734,0.9999739120491336,9.873617631197952e-06
-0.05447981210309081,-0.05447981210309081,1.0000200080134214,9.8775622941407e-06
-0.0521237316148472,-0.0521237316148472,0.9999988693645173,9.874508302410464e-06
-0.04988100545742782,-0.04988100545742782,0.9999463702912277,9.874064376119812e-06
-0.04878093830775469,-0.04878093830775469,0.9999861670390002,9.877048754508701e-06
-0.04788328683498548,-0.04788328683498548,0.9999841308913832,9.874799705746073e-06
-0.04623962709592888,-0.04623962709592888,1.0000213514295346,9.877219927734253e-06
-0.045033203317143486,-0.045033203317143486,1.0000014941460722,9.874115854065086e-06
-0.042577324513695204,-0.042577324513695204,0.9999893253078669,9.876569227765474e-06
-0.040496398195682556,-0.040496398195682556,1.0000052813534717,9.874278164360499e-06
-0.038444133603479716,-0.038444133603479716,0.9999881057195698,9.876488458741941e-06
-0.03582672115880996,-0.03582672115880996,0.9999879651654362,9.87417358584668e-06
-0.03483779866364785,-0.03483779866364785,1.0000443214778882,9.873909100799782e-06
-0.03387436775228707,-0.03387436775228707,0.999994235942658,9.875745908387132e-06
-0.03259557092824252,-0.03259557092824252,1.0000321040696851,9.876091826449183e-06
-0.031409455400716976,-0.031409455400716976,0.9999765157163196,9.876904328524064e-06
-0.03060178110608831,-0.03060178110608831,1.0000241173709046,9.876644457328187e-06
-0.029012042726390064,-0.029012042726390064,0.9998763879534913,9.876297144124193e-06
-0.02730000474402914,-0.02730000474402914,0.9999924445128701,9.873588381703707e-06
-0.025924789474811406,-0.025924789474811406,1.0000404094360604,9.87414310757553e-06
-0.024605505657382308,-0.024605505657382308,1.0000005124870643,9.875221245076419e-06
-0.023459539528994357,-0.023459539528994357,0.999998100479111,9.8750986850585e-06
-0.021323720971122385,-0.021323720971122385,1.000010394717189,9.874129515501731e-06
-0.020590424424153753,-0.020590424424153753,1.0000642722921085,9.874643739007857e-06
-0.01940034795406973,-0.01940034795406973,0.9999693123609144,9.875630010015971e-06
-0.018317329431010877,-0.018317329431010877,1.0000439622497972,9.87477025083189e-06
-0.017281266434292775,-0.017281266434292775,0.9999940091617464,9.87538696229037e-06
-0.01645318065857282,-0.01645318065857282,1.0000076051392117,9.877760007049694e-06
-0.015400067799782846,-0.015400067799782846,0.9999771616295003,9.87773585993393e-06
-0.014592582460318226,-0.014592582460318226,0.9999510333636019,9.875260202235375e-06
-0.01293547319364734,-0.01293547319364734,1.0001153140149737,9.874956154000262e-06
-0.010799346634303219,-0.010799346634303219,0.9999716471554976,9.876002758645288e-06
-0.009863463281362783,-0.009863463281362783,0.9999647998708306,9.875238548645768e-06
-0.008616644960420672,-0.008616644960420672,1.0000354828029092,9.875015358539067e-06
-0.007311082797241397,-0.007311082797241397,0.9999908058931319,9.87607412456546e-06
-0.006435763496847357,-0.006435763496847357,1.0000044796788596,9.874296898309874e-06
-0.005666415726591367,-0.005666415726591367,0.9999540095450381,9.874813300295785e-06
-0.003778982418589294,-0.003778982418589294,0.9999790053124056,9.876319739512261e-06
-0.002810427812801208,-0.002810427812801208,0.9999727551776221,9.874034360797814e-06
-0.0018382491107331589,-0.0018382491107331589,1.000113314578868,9.875536500736282e-06
-0.0009511215408565477,-0.0009511215408565477,0.9999458223547357,9.876282112909625e-06
0.0003187689115293324,0.0003187689115293324,0.99997559013453,9.872805633636573e-06
0.0029319524401216768,0.0029319524401216768,1.000001537637059,9.875688244101073e-06
0.004242572202929296,0.004242572202929296,1.0000253885083783,9.875247367701875e-06
0.006491480093973223,0.006491480093973223,1.0000181075140708,9.875345384143761e-06
0.007874249597080052,0.007874249597080052,1.0000053731283265,9.874973416515891e-06
0.009091310176881962,0.009091310176881962,1.0000047718811262,9.87678556404047e-06
0.010686948876536918,0.010686948876536918,1.0000027242046725,9.874788152031797e-06
0.011675202871265356,0.011675202871265356,1.0000238949941593,9.876515984378659e-06
0.013232898560818284,0.013232898560818284,0.9999593137498384,9.876955266876455e-06
0.01492369509069249,0.01492369509069249,1.0000166023959234,9.875319559265677e-06
0.017020855110604315,0.017020855110604315,0.9999890258018838,9.876387001074282e-06
0.01819282267097151,0.01819282267097151,1.0000252381132122,9.876187749456012e-06
0.019729091688350308,0.019729091688350308,0.9999865692366532,9.874202483439404e-06
0.021401687619800214,0.021401687619800214,1.0000020567363037,9.87551010384525e-06
0.02241831225110218,0.02241831225110218,0.9997965860660425,9.875444029863962e-06
0.023724165139719845,0.023724165139719845,1.000046128695536,9.87638474007736e-06
0.02494266339635942,0.02494266339635942,1.0000299082547284,9.876020475977381e-06
0.02566418077767594,0.02566418077767594,1.0000204042634868,9.8750623814243e-06
0.026691805123118684,0.026691805123118684,1.000004602281885,9.877749337237943e-06
0.02759814253950026,0.02759814253950026,0.9999958502323325,9.875397994521741e-06
0.029112741924473086,0.029112741924473086,1.0000161383962585,9.875676671387474e-06
0.031023079603619406,0.031023079603619406,1.0000016577365964,9.877088848680594e-06
0.03216042513231514,0.03216042513231514,1.0000226983457061,9.873906903641589e-06
0.03373972631379729,0.03373972631379729,0.9999305690337442,9.873538616086944e-06
0.03596700297493953,0.03596700297493953,1.0000286920408095,9.879550309079054e-06
0.03714163324912079,0.03714163324912079,0.9999645710981714,9.87663456311756e-06
0.038288453326094894,0.038288453326094894,0.9999831023875251,9.875335621387178e-06
0.0393488581670681,0.0393488581670681,0.99996721075047,9.874935673111584e-06
0.040391640130837916,0.040391640130837916,0.9999626719324131,9.876863321149819e-06
0.04217874518071767,0.04217874518071767,1.0000219145308313,9.875295364248036e-06
0.043831517732178325,0.043831517732178325,0.9999968799431036,9.874784830394722e-06
0.04505474172910908,0.04505474172910908,1.000041220493399,9.877605140435136e-06
0.046621179032081274,0.046621179032081274,0.9999895221135437,9.872976804760226e-06
0.04809053272183519,0.04809053272183519,0.9999521464243131,9.876105534745163e-06
0.04941379561787471,0.04941379561787471,0.9999456825111567,9.872013715394722e-06
0.05043818655249197,0.05043818655249197,1.0000154523839837,9.87646880349961e-06
0.051463128364412115,0.051463128364412115,0.9999904860131149,9.87458627772548e-06
0.05260928795032669,0.05260928795032669,1.0000120778616561,9.876812644025417e-06
0.05357481362152612,0.05357481362152612,0.9999364491796283,9.874027176490071e-06
0.054868606915988494,0.054868606915988494,0.9998227569865807,9.874897905566926e-06
0.05696081870410126,0.05696081870410126,1.000023974590461,9.874530999562006e-06
0.05922021008300362,0.05922021008300362,0.999991313280249,9.876693214658868e-06
0.061068456544307995,0.061068456544307995,0.9999946191185266,9.874596046961629e-06
0.06347030012839242,0.06347030012839242,0.9999898739607662,9.873015410759649e-06
0.06449756778747542,0.06449756778747542,0.9999813285021657,9.876071953631597e-06
0.0657576718571363,0.0657576718571363,1.000034682372499,9.876452447014368e-06
0.06713111256685807,0.06713111256685807,0.9999948091839963,9.878177023663914e-06
0.06812837831530487,0.06812837831530487,0.9999691162358365,9.87849038605959e-06
0.06944377083564177,0.06944377083564177,0.999985572192872,9.877929433765184e-06
0.07157927038206253,0.07157927038206253,1.0000066737609172,9.87504032015144e-06
0.07259666794416261,0.07259666794416261,1.000041007952321,9.875001876834543e-06
0.07418627810111503,0.07418627810111503,1.000035411213173,9.876560091643146e-06
0.0754438792791916,0.0754438792791916,1.000009156609781,9.873186073573659e-06
0.07718436284339987,0.07718436284339987,0.9999673925300577,9.87177705317342e-06
0.0782201712107053,0.0782201712107053,1.0000123970649155,9.875902837961945e-06
0.07919901529385243,0.07919901529385243,0.9999448790486547,9.876801862973546e-06
0.08075252899434418,0.08075252899434418,1.000017542898214,9.874555899562994e-06
0.08195685508981114,0.08195685508981114,1.0000215902275955,9.877654086713014e-06
0.08295292985276319,0.08295292985276319,1.0000366284392235,9.87561214427545e-06
0.08384255719429348,0.08384255719429348,1.000016840404163,9.874706939220525e-06
0.08551487969380105,0.08551487969380105,1.000026860572489,9.874470057209006e-06
0.0872115022764774,0.0872115022764774,0.9999891368126848,9.87423105242575e-06
0.08841064558073412,0.08841064558073412,0.99996112282462,9.876425880640876e-06
0.08964660803467268,0.08964660803467268,1.000028223568656,9.874527155896535e-06
0.09145021574950078,0.09145021574950078,0.9999913857392079,9.875879204637167e-06
0.09225194410246332,0.09225194410246332,0.9999774813821624,9.874342774370158e-06
0.09337395106558688,0.09337395106558688,0.9999818622593384,9.876603792015255e-06
0.09483397617441369,0.09483397617441369,0.9999128988570476,9.874436934752889e-06
0.09569628307363018,0.09569628307363018,1.0000567682658967,9.875814956497967e-06
0.09658756441058358,0.09658756441058358,0.999949366818498,9.873850023232908e-06
0.09765198299719487,0.09765198299719487,0.9999879881576004,9.87583705800685e-06
0.09876499462116044,0.09876499462116044,0.999992421633934,9.873191753178386e-06
0.10120888374076457,0.10120888374076457,1.0000140513752147,9.876756530317413e-06
0.10267291545751504,0.10267291545751504,1.0000435287030789,9.875316289206427e-06
0.10398748923180393,0.10398748923180393,1.0000058280981494,9.873213642725237e-06
0.10571354244602844,0.10571354244602844,0.9999857419761188,9.876191170137927e-06
0.10679738369217376,0.10679738369217376,0.9999744904109058,9.874802431404879e-06
0.10770994356571464,0.10770994356571464,1.0000260830176424,9.874458056300737e-06
0.1087174334199517,0.1087174334199517,0.9999357370112361,9.874453318156136e-06
0.109721226428519,0.109721226428519,0.9999878747660578,9.875637121695153e-06
0.11064435232401593,0.11064435232401593,1.0000342988567974,9.876526693226183e-06
0.11167697135533672,0.11167697135533672,0.9999984041783607,9.876706689657717e-06
0.11312710756319574,0.11312710756319574,1.0000481351197466,9.875001677556971e-06
0.11456210121832555,0.11456210121832555,1.0000260273039772,9.877828242781905e-06
0.1161560255321092,0.1161560255321092,1.000032758585195,9.875619626136788e-06
0.11717496919736732,0.11717496919736732,1.000015543869805,9.876545865714378e-06
0.11947921794780995,0.11947921794780995,1.0000079303775384,9.87697452430111e-06
0.12047460125904763,0.12047460125904763,0.9999630607731309,9.877104695513213e-06
0.121690204879269,0.121690204879269,1.0000163696271718,9.875494117636643e-06
0.12321192130912095,0.12321192130912095,1.000026874148764,9.872759762078635e-06
0.12424394194822526,0.12424394194822526,0.9999897645188532,9.878451539021737e-06
0.12603266328806056,0.12603266328806056,0.9999683193074309,9.876133101934642e-06
0.12807975531322882,0.12807975531322882,0.9999952683593808,9.876184923013785e-06
0.13032775990577647,0.13032775990577647,1.0000122334903865,9.875409104551492e-06
0.13226915995619493,0.13226915995619493,1.0000478620241595,9.87645915618401e-06
0.133968805319455,0.133968805319455,0.9999946552856909,9.873989518836241e-06
0.13479612779046873,0.13479612779046873,0.9999986964019989,9.876773687948562e-06
0.13620311679260338,0.13620311679260338,0.9999919220251396,9.87628307647926e-06
0.1376665869844146,0.1376665869844146,1.0000076239535602,9.874558812045408e-06
0.13885837386042113,0.13885837386042113,0.999998789294007,9.875836129191938e-06
0.14152938115294092,0.14152938115294092,0.9999952413053457,9.875011882307935e-06
0.14356566501810447,0.14356566501810447,0.9999564207069286,9.87623092110504e-06
0.14572300421714318,0.14572300421714318,1.0000175134718652,9.874778584361556e-06
0.1481052561022807,0.1481052561022807,1.0000461728872587,9.872831759107412e-06
0.14905614243471063,0.14905614243471063,0.9999672225972638,9.876180880755933e-06
0.15035207546170568,0.15035207546170568,1.0000138826245795,9.875197853952298e-06
0.15181795906537446,0.15181795906537446,1.0000419563878735,9.876103324420968e-06
0.1525359152117744,0.1525359152117744,0.999983750880072,9.878025767105449e-06
0.15398075002303813,0.15398075002303813,1.0000500272531143,9.876671693125855e-06
0.1559747106715804,0.1559747106715804,1.0000545277403883,9.874674674717038e-06
0.1572906146146124,0.1572906146146124,0.9999823875661071,9.874766800339927e-06
0.15874791643582284,0.15874791643582284,0.9999855483166374,9.87553328916928e-06
0.16084718241909285,0.16084718241909285,0.9998769011769847,9.871223223199296e-06
0.16229237754887435,0.16229237754887435,0.9999788384563072,9.873281805570236e-06
0.16318504351220325,0.16318504351220325,0.9999908047119705,9.876247907352255e-06
0.16447862717323006,0.16447862717323006,1.00000227763792,9.875287891069373e-06
0.16547320310928626,0.16547320310928626,0.9999869781543025,9.874626651009606e-06
0.16622777775628492,0.16622777775628492,1.000010847882334,9.875553639256582e-06
0.16702428328280802,0.16702428328280802,0.999759235397686,9.875910928335016e-06
0.16771201201190705,0.16771201201190705,0.9999933631980618,9.877511486488625e-06
0.16852142179996007,0.16852142179996007,1.0000437339206405,9.875569593999926e-06
0.17017895753524498,0.17017895753524498,1.0000206877457647,9.87442488422365e-06
0.17231478848843834,0.17231478848843834,0.9999978243388673,9.876269360861898e-06
0.17325238169287333,0.17325238169287333,0.9999595029576369,9.875610281860201e-06
0.1744746668759035,0.1744746668759035,1.0000249354950577,9.87492890362787e-06
0.17609172958764246,0.17609172958764246,1.0000170118777845,9.875266578572337e-06
0.17684586262475932,0.17684586262475932,0.9999624779652623,9.874923912633695e-06
0.1774898577699787,0.1774898577699787,0.9999307939144598,9.874637546078636e-06
0.1789345185883576,0.1789345185883576,0.9999693573775531,9.875490913412019e-06
0.18014613632112741,0.18014613632112741,1.0000466544533801,9.874664925688312e-06
0.18107769830385223,0.18107769830385223,0.999991034060894,9.875091025252026e-06
0.1821374623235897,0.1821374623235897,1.0000382057009225,9.87687149454084e-06
0.18318720786628545,0.18318720786628545,0.9999676776170249,9.872976738303529e-06
0.1855484864601749,0.1855484864601749,1.0000126254439803,9.87615792280878e-06
0.18745165833242936,0.18745165833242936,0.9999496577710019,9.874932384239251e-06
0.18975200597778893,0.18975200597778893,1.0000168782097956,9.87521015543008e-06
0.190888518623251,0.190888518623251,0.9999986540659839,9.874999134491073e-06
0.19185505426576127,0.19185505426576127,0.9999953301207262,9.876501740755207e-06
0.19345415185234743,0.19345415185234743,0.999876469068635,9.87594520357919e-06
0.19458847748755942,0.19458847748755942,1.0000047008024802,9.87674830438811e-06
0.19582533718494233,0.19582533718494233,1.0000642669715774,9.877544770434794e-06
0.19705714893643744,0.19705714893643744,0.999998742910883,9.874400945837025e-06
0.19871231358411023,0.19871231358411023,1.0000503100790685,9.876098361644393e-06
0.20033578422444406,0.20033578422444406,1.0000047481942165,9.87656733358832e-06
0.2013314493233338,0.2013314493233338,0.9999951710707368,9.875474010540208e-06
0.20267511619022116,0.20267511619022116,1.0000417640276564,9.874316340260272e-06
0.20453484504978406,0.20453484504978406,1.0000399735758958,9.87745048210603e-06
0.20558232659095665,0.20558232659095665,1.0000099553978408,9.875648587094081e-06
0.2068379372562049,0.2068379372562049,0.9999398521997509,9.875945793660311e-06
0.20805560269072884,0.20805560269072884,0.999986197459742,9.875479906358396e-06
0.20912774110765894,0.20912774110765894,0.999987895233984,9.876622711013106e-06
0.21026309194421627,0.21026309194421627,1.0000246338861902,9.876569656588092e-06
0.21164628216210984,0.21164628216210984,1.0000051303315005,9.874722998663455e-06
0.21390104777674424,0.21390104777674424,1.0000485100271983,9.878020038523535e-06
0.21527383581997128,0.21527383581997128,0.9999827894596335,9.873403832978676e-06
0.21671863226220012,0.21671863226220012,0.9999934195649697,9.875698171053303e-06
0.21843834800092737,0.21843834800092737,1.000022688970079,9.874846673833464e-06
0.21929500476835528,0.21929500476835528,1.00001671677191,9.877909791743077e-06
0.2200491494993912,0.2200491494993912,1.0000318318439434,9.875995093584848e-06
0.22122284874640172,0.22122284874640172,1.0000373254099475,9.87671175972534e-06
0.22228809451917186,0.22228809451917186,1.0000064635948522,9.873824498540319e-06
0.2231405053520575,0.2231405053520575,1.0000375478585404,9.876061950069432e-06
0.22487823904812104,0.22487823904812104,1.0000629680161501,9.87643315613857e-06
0.22672775165119674,0.22672775165119674,1.000021868186101,9.875116819134633e-06
0.2287266560451826,0.2287266560451826,0.9999636732865806,9.877974085978997e-06
0.23032218110456598,0.23032218110456598,1.0002194273147105,9.874849500589153e-06
0.23203479055082427,0.23203479055082427,0.9999624585344064,9.874697681396844e-06
0.2331280806422001,0.2331280806422001,1.0000294742203792,9.875143090809464e-06
0.23396756506845123,0.23396756506845123,0.9999901242748379,9.874633927169934e-06
0.23512185273430078,0.23512185273430078,1.0000029095242442,9.874811581069632e-06
0.23609334958164255,0.23609334958164255,0.9999266289516221,9.875645124305538e-06
0.236916299573204,0.236916299573204,1.0000360656005949,9.87654016872624e-06
0.23923242960008792,0.23923242960008792,0.9999695089688073,9.874043851915907e-06
0.24136602197249885,0.24136602197249885,1.0000083774050652,9.87604672368595e-06
0.24320626542321405,0.24320626542321405,1.0000266100456838,9.876992955845729e-06
0.2448931055580033,0.2448931055580033,0.9999722779735567,9.874277100885432e-06
0.2465957877182518,0.2465957877182518,0.9999959223405621,9.872142730477319e-06
0.24758829639904434,0.24758829639904434,1.0000531036794527,9.876835238671827e-06
0.24886054222733947,0.24886054222733947,1.0000697587468639,9.87599058181847e-06
0.24999463430285687,0.24999463430285687,0.9999415971482059,9.87720378409828e-06
0.25101503801124636,0.25101503801124636,1.0000244114810468,9.879231476465841e-06
0.25236506465880665,0.25236506465880665,1.0000602593634382,9.878262026370685e-06
0.25427068315038925,0.25427068315038925,0.9999857786224998,9.875844313530136e-06
0.25627278231986567,0.25627278231986567,0.9999833005574995,9.874579719737029e-06
0.257733618390921,0.257733618390921,1.0000152395010002,9.874568774753476e-06
0.2593036894337274,0.2593036894337274,1.0000332666382128,9.874662591630355e-06
0.2605328222125536,0.2605328222125536,0.9999941826668548,9.873605830783435e-06
0.26151560518919725,0.26151560518919725,1.0000234759698707,9.875120299312161e-06
0.2633668789305375,0.2633668789305375,0.9999910343746639,9.875550393292904e-06
0.2648695408308413,0.2648695408308413,1.0000230822514449,9.874555460278107e-06
0.2656827964630793,0.2656827964630793,0.9999915506541012,9.87622862417159e-06
0.2665779471179121,0.2665779471179121,1.000058993372216,9.875515902518008e-06
0.26790572271565904,0.26790572271565904,1.0000289508892575,9.874689543750729e-06
0.2698616637339001,0.2698616637339001,0.9999728960369852,9.878136514137852e-06
0.2714067143198918,0.2714067143198918,1.0000401224380098,9.876113718847749e-06
0.27238347767997767,0.27238347767997767,1.000006643928873,9.874353912989542e-06
0.2741649806761416,0.2741649806761416,1.000013966832828,9.87516079988558e-06
0.2749286912425305,0.2749286912425305,1.000073415327027,9.877205538955031e-06
0.2754933511168929,0.2754933511168929,1.000047389123265,9.874866211801217e-06
0.2767312270167167,0.2767312270167167,1.0000146792300548,9.87584743013082e-06
0.2778073866473278,0.2778073866473278,1.0000364397931811,9.872745961867768e-06
0.27867315705370854,0.27867315705370854,1.0000300037282508,9.877493702012584e-06
0.27981407770421357,0.27981407770421357,1.0000244620988057,9.876398215573855e-06
0.281222960910236,0.281222960910236,1.0000012169746715,9.874816984331878e-06
0.2837265296198893,0.2837265296198893,1.0000044842600446,9.875827219640944e-06
0.28557403016020544,0.28557403016020544,0.9999831297486595,9.87521716402252e-06
0.2864150900291861,0.2864150900291861,1.000024987615896,9.875769023071786e-06
0.288014834371279,0.288014834371279,1.000001862198313,9.873019729893655e-06
0.2892217877160874,0.2892217877160874,0.99999387687674,9.873982581076374e-06
0.29009786654496567,0.29009786654496567,1.0001688659290529,9.878033002013942e-06
0.29104958114476176,0.29104958114476176,0.9999903571057412,9.877577940162155e-06
0.2921107413509162,0.2921107413509162,0.999992608599201,9.873224791031372e-06
0.2930713622365147,0.2930713622365147,0.9999725386242095,9.876562789373823e-06
0.29403318254917393,0.29403318254917393,1.0000445108386757,9.87732650327007e-06
0.2950205002038274,0.2950205002038274,0.9999778937060549,9.876827102261789e-06
0.29656812868197446,0.29656812868197446,1.0000225654728572,9.875361579705604e-06
0.29820847224036695,0.29820847224036695,1.0000216349036912,9.87874664777889e-06
0.2994932892936049,0.2994932892936049,0.9999656310089898,9.874025481646142e-06
0.30026029282889793,0.30026029282889793,0.9999972948926918,9.875196653341912e-06
0.302780837919272,0.302780837919272,1.0000090858168889,9.878202592257238e-06
0.3038489375336212,0.3038489375336212,1.0000226095342633,9.874996588656382e-06
0.3049702388132573,0.3049702388132573,1.0000018846589491,9.874834540936789e-06
0.306326146236097,0.306326146236097,1.000005158535902,9.872754484867899e-06
0.3073561228753533,0.3073561228753533,1.0000138693880394,9.878553426702638e-06
0.3091461660951609,0.3091461660951609,1.0000019642829892,9.876407252953849e-06
0.31084278953494504,0.31084278953494504,0.9999827959467702,9.875439273546851e-06
0.31307246533833677,0.31307246533833677,0.9999748105951142,9.876466395633612e-06
0.31494432591862276,0.31494432591862276,1.0000213393294786,9.874761576104115e-06
0.3168805940076709,0.3168805940076709,1.0000144926592678,9.875919991397558e-06
0.3177045200325665,0.3177045200325665,0.9999821874109125,9.875100380372613e-06
0.31848133530147604,0.31848133530147604,1.0000067011092182,9.873408949806432e-06
0.31998817097774007,0.31998817097774007,0.9999993903979657,9.876926107437857e-06
0.321194594737608,0.321194594737608,0.9999625717705062,9.873824877438033e-06
0.3227298740879633,0.3227298740879633,1.0000235252866507,9.876423907359198e-06
0.3247676559127285,0.3247676559127285,1.000020959446146,9.874869481587592e-06
0.32705201056669464,0.32705201056669464,0.9999826854771403,9.877614805010543e-06
0.3283813656089478,0.3283813656089478,0.9999958933016583,9.87300072997663e-06
0.3307934956814279,0.3307934956814279,1.0000297504517242,9.874171512821692e-06
0.3319105076181586,0.3319105076181586,1.000030402208265,9.875895422846334e-06
0.333562076126691,0.333562076126691,1.0000109471752356,9.876156043886698e-06
0.33512547993159386,0.33512547993159386,0.9999856004648603,9.87598486973832e-06
0.33591713140922363,0.33591713140922363,1.0000194637706872,9.878704636968178e-06
0.3381308369280305,0.3381308369280305,1.000022403820628,9.873778272770108e-06
0.33996428973332515,0.33996428973332515,0.9999667939191728,9.873200860578594e-06
0.34173367230250734,0.34173367230250734,1.0000075165459434,9.876181703450695e-06
0.34401522359403314,0.34401522359403314,1.00001718259566,9.871205381834016e-06
0.34557020784413905,0.34557020784413905,1.0000163340683375,9.873279831515888e-06
0.3462536944731255,0.3462536944731255,1.0000163594000397,9.876603241900229e-06
0.34743949771072946,0.34743949771072946,1.000036551193171,9.874460247066035e-06
0.3485880198146333,0.3485880198146333,0.9999554039867867,9.874550208637383e-06
0.34941999666480117,0.34941999666480117,0.9999687608006014,9.876741875122208e-06
0.3503485491455649,0.3503485491455649,1.000017020299331,9.876521765226717e-06
0.3510857294080779,0.3510857294080779,0.9999566522764018,9.876237101613831e-06
0.35222250255174004,0.35222250255174004,0.9999699647198756,9.875443631278134e-06
0.3538164981480804,0.3538164981480804,0.999983265219357,9.875225019128208e-06
0.35583601801336046,0.35583601801336046,1.0000149550338588,9.876162285735675e-06
0.3565783456651843,0.3565783456651843,1.0000369418854045,9.873415478415935e-06
0.3582049632954295,0.3582049632954295,1.0000389735432678,9.877440100494043e-06
0.3596024860977195,0.3596024860977195,0.9999680972755132,9.874105457196948e-06
0.36034870783914813,0.36034870783914813,0.9998892445623483,9.872656339909483e-06
0.3616239749244414,0.3616239749244414,1.000042242009411,9.875105111266973e-06
0.3631259497706196,0.3631259497706196,1.000013870083459,9.876308168257472e-06
0.3639401058855583,0.3639401058855583,0.9999975773278068,9.87355522187431e-06
0.36509453829203264,0.36509453829203264,1.0000101760185647,9.876880029797336e-06
0.3663027676724596,0.3663027676724596,1.0000180309034503,9.873352939545105e-06
0.36922254904930013,0.36922254904930013,0.9999762137694249,9.87600199769786e-06
0.370524787940667,0.370524787940667,1.0000583500754208,9.876907776711873e-06
0.37164841779449487,0.37164841779449487,1.0000433523152856,9.875269891374269e-06
0.3732482246705331,0.3732482246705331,0.9999600272858681,9.876224579617943e-06
0.37408639033528746,0.37408639033528746,1.000001009600247,9.875228046556397e-06
0.37496783444221365,0.37496783444221365,0.9999944092337533,9.876336985379554e-06
0.3763541927430197,0.3763541927430197,1.0000335506070914,9.874877700941053e-06
0.3777011470927391,0.3777011470927391,0.999987023286069,9.876540039121327e-06
0.378937398326525,0.378937398326525,1.0001048053674177,9.87778095222284e-06
0.3801513625570806,0.3801513625570806,1.000049442289329,9.875807082006166e-06
0.3811850625730585,0.3811850625730585,0.9998404418994244,9.873879408651533e-06
0.382362353336066,0.382362353336066,1.0000035759861166,9.877456565755247e-06
0.3839049259200692,0.3839049259200692,0.9999647905817982,9.875596009359317e-06
0.3847335907703382,0.3847335907703382,1.000027725565695,9.877093586902207e-06
0.38698655460757436,0.38698655460757436,1.000026691476914,9.874331113474183e-06
0.3885554710883298,0.3885554710883298,1.0000419304969888,9.87713506564266e-06
0.38971397630957655,0.38971397630957655,1.0000440690518135,9.874198886161045e-06
0.3907711650346755,0.3907711650346755,0.9999618585227559,9.874066871565642e-06
0.39176010321825744,0.39176010321825744,1.000061943954425,9.87913746328306e-06
0.3928313827214879,0.3928313827214879,1.0000374485046908,9.878064658182992e-06
0.3939888013104792,0.3939888013104792,1.0000495084186387,9.875493092062335e-06
0.3956740350171458,0.3956740350171458,0.9999827112708284,9.8773025072559e-06
0.397279894562962,0.397279894562962,1.0000141204824318,9.876374191660137e-06
0.3985355630808044,0.3985355630808044,1.0000379365405314,9.875171104589166e-06
0.4000808479890111,0.4000808479890111,1.0000106732143208,9.874288758139326e-06
0.40179548240848817,0.40179548240848817,0.9999843011662126,9.875407370755375e-06
0.40298448633693623,0.40298448633693623,1.0000196614958843,9.87517672559609e-06
0.40425633259292226,0.40425633259292226,1.0000125939248192,9.876765382287324e-06
0.40540165935381084,0.40540165935381084,1.0000345659137317,9.873992085407315e-06
0.4069060839741724,0.4069060839741724,1.0000367087681687,1.0072099279625824e-05
0.4083750119694741,0.4083750119694741,1.000010647828048,9.876051548151888e-06
0.4097237403519102,0.4097237403519102,1.0000382377652433,9.875179197690277e-06
0.4113354943387094,0.4113354943387094,0.9999943307428755,9.878700278051597e-06
0.4129528534351266,0.4129528534351266,1.0000026360341612,9.875428296034133e-06
0.4149985354350065,0.4149985354350065,1.0000055657373184,9.875430290078531e-06
0.41603877130692124,0.41603877130692124,0.9999934158226853,9.872624919101726e-06
0.4171594436731539,0.4171594436731539,1.0000209769687873,9.876602519358626e-06
0.4185712115853676,0.4185712115853676,0.9999904941696919,9.878258733296663e-06
0.41960425535507967,0.41960425535507967,0.9999945569597394,9.873129121974663e-06
0.4211395167731098,0.4211395167731098,0.9999478367413035,9.876335526204371e-06
0.42334941614535637,0.42334941614535637,1.0000168369934013,9.873590230433252e-06
0.4255397310393164,0.4255397310393164,1.0000800851279876,9.874216349907328e-06
0.4271999633405358,0.4271999633405358,0.9999862018824537,9.874990638923187e-06
0.4292798552254681,0.4292798552254681,1.0000225386825579,9.873878132664513e-06
0.43009991526487285,0.43009991526487285,1.000000721914613,9.874162566777608e-06
0.43080319917207816,0.43080319917207816,1.0000197156778223,9.877158704158353e-06
0.4316992353182286,0.4316992353182286,1.0000214423736353,9.877261702479576e-06
0.433105909403821,0.433105909403821,1.0000032723137111,9.876223412535579e-06
0.43429551865265237,0.43429551865265237,0.9999871160876689,9.87910663997161e-06
0.4355569615087006,0.4355569615087006,1.0000471423054904,9.877960641051024e-06
0.43738466422219063,0.43738466422219063,1.000017078522898,9.875852919685845e-06
0.43885005204647315,0.43885005204647315,1.0001048819363028,9.875096558502279e-06
0.4404125699584256,0.4404125699584256,1.0000012720870777,9.87634952566704e-06
0.4417225185199641,0.4417225185199641,0.9999979798826022,9.87283484265307e-06
0.4434259251327603,0.4434259251327603,0.9998976153865324,9.874270162005735e-06
0.4442691565913265,0.4442691565913265,1.0000758083712926,9.87422130999941e-06
0.44559652898606145,0.44559652898606145,0.9999738395372788,9.875592288996717e-06
0.44743090170668437,0.44743090170668437,1.0000608281066592,9.87496595666431e-06
0.44841913981508696,0.44841913981508696,1.000016517053861,9.877089263451586e-06
0.44917944982589686,0.44917944982589686,1.000008774712288,9.875645431720102e-06
0.45022987345728327,0.45022987345728327,1.0000259187234213,9.87513391393416e-06
0.4518839678101358,0.4518839678101358,1.0000223510325814,9.876563640682635e-06
0.4538394200237235,0.4538394200237235,1.00002594568784,9.875445044803567e-06
0.4549846948983031,0.4549846948983031,1.0000103869732242,9.875227491043533e-06
0.4570427892482257,0.4570427892482257,0.9999672326762259,9.875501034601679e-06
0.458219494514924,0.458219494514924,0.9999560477717504,9.8748815534896e-06
0.4591171751060756,0.4591171751060756,1.0000170146368386,9.874726821715509e-06
0.4604316184311756,0.4604316184311756,0.99999256781251,9.874742303489264e-06
0.4616523818607675,0.4616523818607675,0.9999649998970128,9.877508936272691e-06
0.46258568708290115,0.46258568708290115,1.0000158002077997,9.875521131231312e-06
0.46406267333513823,0.46406267333513823,1.0000268776532804,9.87560728469139e-06
0.46611255683674246,0.46611255683674246,0.9999901789492747,9.875923335072242e-06
0.46797432220046176,0.46797432220046176,0.9999923417702377,9.875136616429594e-06
0.46889939814427634,0.46889939814427634,1.0000509869649696,9.87535503505931e-06
0.4703299805274582,0.4703299805274582,1.0000268137048098,9.873206833132492e-06
0.4719432274039718,0.4719432274039718,1.0000126643307419,9.876329208316791e-06
0.4730013479536865,0.4730013479536865,1.00007669560563,9.875930274608715e-06
0.4739291030316963,0.4739291030316963,1.0000592343154737,9.876964556940679e-06
0.4752049177637673,0.4752049177637673,0.9999943001453826,9.875012688562594e-06
0.47619263217347907,0.47619263217347907,0.9999948233716889,9.876588205582022e-06
0.4771466123405844,0.4771466123405844,0.9999635099433956,9.877176389492324e-06
0.47813300615380283,0.47813300615380283,1.0000479270745608,9.877225734957525e-06
0.47938604806986407,0.47938604806986407,0.9999945473887841,9.87404932955258e-06
0.48059798069734827,0.48059798069734827,0.9999291443225011,9.87764041622395e-06
0.4822579984582262,0.4822579984582262,0.9999722352476293,9.876233216565271e-06
0.4829699033361976,0.4829699033361976,1.000006927300943,9.875542527575627e-06
0.4850791293938528,0.4850791293938528,1.0000253147496367,9.875759844375467e-06
0.4867089801002294,0.4867089801002294,0.9999948273873633,9.877137539064553e-06
0.4878132220823318,0.4878132220823318,1.0000306277555733,9.875372266626497e-06
0.4891629858670058,0.4891629858670058,1.0000045132792033,9.873352016031838e-06
0.4902590786557994,0.4902590786557994,0.9999682388146194,9.876096784734796e-06
0.49201757900300436,0.49201757900300436,1.0000311570456948,9.876599142453134e-06
0.4938890571211232,0.4938890571211232,1.0000243794436328,9.875288146913718e-06
0.4956402027513832,0.4956402027513832,0.9999584400915804,9.877429110121463e-06
0.49768524428945965,0.49768524428945965,0.9999760633349307,9.872948943929526e-06
0.49953190879605247,0.49953190879605247,1.000021269755103,9.875868849768539e-06
